0,0.00322541605530031,0.0125817369995816,0.0132665935583816,0.000752808238093941,0.00906936523699928,1.5737723284595,0.738439654355389,0.0528450608724127,0.024215536500941,0.00478486142761202,0.00186587336916402,0.0005795195842625,3.23732284264809,0.00264655679907346,0.0049878815298984,0.0371746320237718,0.000585652479037357,0.00575481731988936,0.00792319470395662,0.0296124491797243,0.0209905015906989,0.0211590552925096,0.070750186730176,0.000744569840798993,0.00524960134357341,0.00791095612936294,0.048062383682184,1.9791795273201,1.14010681898948,0,0.00675625312898146,0.275972656149583,0.194552670598432,0.000837278246652857,0.0430698358720222,0.0168662741964309,0.0735519624149413,0.0350040810490164,0.0131122032453008,0.0139797262047213,0.00253814609479561,0.0117045168498474,0.00168246886920426,0.00691526933085714,0.00346536804505701,0.00272485026437253,0.00107063057457487,0,0.00166437646912881,0.00106654327193664,0.000359896267724765,0.00107894034030537,0,0.000581160247234511,0.00827960343021671,0.000777266262182513,0.0122640143485617,0.000667633752847886,6.35736845122879e-05,0.0025120388339858,0.000432238882739095,0.00217166778309294,0.000554829047938679,0.00268299269135086,0.000424159780035214,0,0.000314419949837221,0.00159800884216363,0.00177652544090817,0.00426499780002398,0.000508453889525249,0.0106257334658565,0.000346897042792296,0.000191442369188685,0.000824073299502587,0.0155058456942139,0.00460363318726991,0.00864966993819147,0,0,0.00252379097534541,0.00165109993594604,0.000511278194726745
0.00322541605530031,0,0.0496078208830318,0.000736276846406972,0.000165630794001968,0.000267652023102621,0.00222616503335306,0.0012654794484684,0.137933278165618,0.000310779791996226,0.0350373542673056,0.00148059124729621,0.0916747113772203,0.00119093792839426,0.00676373438552036,0.139567638145006,0.0613308823852988,0.0169007693537723,0.098229740010458,0.00025766055026322,0.00924777139449425,2.76305247904495,0.0140990695681194,0.0876913873536531,2.16893830755935,0.102223614505643,1.28375022472223,0.0100979272137641,0.00144182038227894,0.00788306378993402,0.00830830213277416,0.000464014008384455,0.00171960512714601,0.0400957207603583,0.000665445964154776,0.0437859021004252,0.0742270182134731,0.085943376776471,0.0504282971734561,0.00975733288970024,0.00110441457582606,0.0157828724494476,0.00729668222167775,0.191050711275056,0.0177061833138298,0.0127461749912607,0.00125146461599312,0,0,0.000156128614760623,0.598089032870299,0.0341236575848191,0,0,7.56421549983543e-05,0.00118815806877129,0.000251155318039469,0.00162007804841997,0.000120875396395993,0.00071820502447278,0.000106130813546912,0.00125820908760973,0.000397523401045036,0,0.00382341662724384,0.0229545041793301,0.000856166085558396,0.0236853663757384,0,0.00184414216561102,0.0262025777400657,0.00478511476833856,0.00130904979763988,0.11951875092046,0.052062444806521,0.0729065569181801,0.00207993605155558,0.000860832726095851,0.00154106856311981,0.000773123080806112,0,0,0.00301212419013062,0.000617216911323319
0.0125817369995816,0.0496078208830318,0,0.00125343286336393,0,0.00106955648856008,0.0609488481160367,0.0146337655769199,0.0114759180648412,0.00324354204171768,0.00402721890567477,0.000358340554891103,0.00111664700473051,0.00735615928943649,0.000298639788791594,0.0203780407561648,1.29291975980892,0.00530069961985455,0.0523169494044433,0.000271679638833497,0.233821995673334,0.0354348350814673,3.0436480529154,0.0334750245477874,0.00513751205061933,2.00565453072444,1.33075907915423,0.0906248692279185,0.00337466497730922,0.0504127179293015,0,0.000894888618456421,0.00158287717206565,0.112943470997873,0.00411008611090712,0.147242901164468,0.58407042877397,0.277911792024853,0.14445798188451,0.00640763229677556,0.00256759213425737,0.00162535869593775,0.0103933284952373,0.0944505728362768,0.00991319493509278,0.00749461975855447,0.000921419943877184,4.13632070997184e-05,0,0.000805567716771663,0.117707853677284,0.0267533582741051,0,0,0.000279074662333609,0.00207297180182141,0.000258304967680633,0.00176715705439032,0.000132509725212788,5.51995816413047e-05,0.000551879781843618,0.000439992622474939,0.000567890761527081,0.000336451675614486,0.0045922713197499,0.018112979169053,0.000187985053305625,0.00696432886805612,0,0.00171893015656177,0.0103202400272255,0.00689209483674331,0.00230508105748323,0.00709251242406879,0.0240529600459622,0.058214807111874,0.00324151383574032,0.00112888232552909,0.00267739532293917,0,0,0.000203345191568563,0.00237304381334808,0.00299511452398939
0.0132665935583816,0.000736276846406972,0.00125343286336393,0,0.000944123478054621,0.0122575418159377,0.0419138898120281,0.0166282679585964,0.416663340650989,1.34568810437284,0.00071355144026558,0.604557033569037,0.000437645871949972,0.00915027850820006,0.0163698616700483,0.000781706304716322,0.00021930580527285,0,0,13.1723318468751,0.000837858954983142,0.00361266107416171,0.000516556491977199,2.16706726413364,0.000148807213690798,0.000653335112283841,0.00120670683278277,1.88885541758356,0.0111066505943744,0.00810995443845257,0,0.00195964917681395,0.00414074189172985,0.00935542926704902,0.000132736539776385,0.0164276429692616,0.00239871678584115,0.00818552128910546,0.00702057922530541,0.0209033921592708,0.00216693576100929,0.000156105962677735,0.00411672246236805,7.99733563147803e-05,0.00232396951148586,0.00120110342223079,0.00472384598210033,0.0005924014867132,0,0.000988853080483824,0,0,0.0178898251151244,8.90990777507594e-05,0.00418035874864831,0.00534806565241824,0.00435679102771412,0.0313709824763843,0.009180248476889,6.20747457712131e-05,0.0300147678432108,0,0.00325488797967318,0.00134459897248133,0.000239145175470795,0.000316091433577822,0.000199146365455422,0,0.013214920528535,0.000160382892860759,0.00106913814372479,0.000363333745492054,0.0156527929564318,0,7.43087601191264e-05,2.65016587721087e-05,0.00774616443847558,0.00192565579331061,0.00118937920928217,0,0.000983978159569249,0.000160389409008758,0.00140210160130101,0.000131298481476624
0.000752808238093941,0.000165630794001968,0,0.000944123478054621,0,2.3596932074727,0.000516700925556769,0.171585769090617,0.0109063293460876,0.00198029226051883,0.012374476991459,0.0102477675602988,0.0011145576307402,0.0101903260633264,2.19385003689251,0.000653952160085666,0,0,0,0.0033629370844516,0,0.000661619752591672,0.00034097423087618,0.00154106415964194,0,0.000372783787727075,0.000162492202532753,0.000565704376154277,0.0356247578547227,0.00059051423643523,0,3.03242849527959,0.000729656219312536,0.133267376231022,0.000465867803728181,0.00149708982372081,0.00104267724994609,0.0375495334450286,0.0199163158612644,5.73264041524162,7.16462779068368,0.00227120531151037,0.000179845484189055,0,0,0.000184707675821849,0,0,0,0,0,0,0,0,0.000321790656802601,0,0.000135988208411504,0.00156806633679574,8.08927334919728e-05,0,0.000288300670442463,0.000262154793370986,0.000178540660478967,0.000949752173257289,0,0,0,0,0,7.37949536056925e-05,0,0,3.71789524398927e-05,0,0,0,6.34493913581266e-05,0,0.000146206266717162,0,0,0,0,0
0.00906936523699928,0.000267652023102621,0.00106955648856008,0.0122575418159377,2.3596932074727,0,0.0564787286368722,3.23818334959568,0.0150037538038258,1.97752618062425,0.00976225502289697,1.79202692341596,0.00146740426977461,0.0855551094005592,1.48458995030324,6.13297065339569e-05,0.00120078272796128,0.000606403451709724,0.000369948702593101,0.0571227730368408,0.000766028897319492,0.000615801057229731,0.00172479209557846,0.028091035548192,0.000923563530176548,0.00106005097349602,0.00122651823104973,0.0356756981112106,0.0689208896789927,0.00551610579995978,8.52518384677828e-05,1.11943830973231,0.00133222858144706,0.0705165776159998,0.051642171562812,0.0118274310607569,0.0025566677474822,0.0476037656404891,0.0188598633372546,0.77303320756307,0.244799102252993,0.00118169280128949,0.000972843839196676,0.000185699878357443,0.00132816423996274,0.000603606947222773,0.0014225702608003,0,0,0.000353366646652493,0.000106987614980642,5.64798805996296e-05,0.00151931970154023,0,0.000482001497005656,0.00198738629869163,0.000803471090526591,0.00217145635448469,0.000839955586401159,0.000118957200168426,0.00273511926609676,0,0.000842248654163842,0,0.000128192851314393,0.000185293379187667,0,0,0.000287472002794175,7.7681750826379e-05,7.6872605779944e-05,6.55829031062185e-05,0.00174593431999588,0,1.62467297801694e-05,8.86622252449728e-05,0.00225790413274128,0.00043558062261452,0.00125411737452254,0,0.000233083895764932,0.000516034121755069,0.000102096742294128,0.000612982683829465
1.5737723284595,0.00222616503335306,0.0609488481160367,0.0419138898120281,0.000516700925556769,0.0564787286368722,0,0.742155775207779,0.0859971370552617,1.39188392512278,0.00453798083859079,0.00467904308726957,0.00294010898825565,1.34426311870107,0.00366533065086766,0.00752346128287632,0.040585108675295,0.000703115532256537,0.00713461009422528,0.0155711492438711,0.0560445768853806,0.0198042364044369,0.0822750391696103,0.363267930361816,0.00106135820953254,0.0184354180487627,0.0263380808149866,2.81820100425921,0.0683424580686093,2.34198843087494,0,0.0065417470671494,0.0151706166356134,0.0752785088411793,0.00277650306030072,0.0867442909034098,0.0319060931955389,0.0909252501908612,0.0452463673265583,0.0323838632435462,0.00809432096566091,0.000394017616626528,0.0141337003239435,0.00466072077626958,0.0105370274418143,0.00464446514166179,0.00364232679562216,0.00263711417525972,9.67748912231951e-05,0.00281147649441721,0.00254834792445174,0.00157201371127949,0.00279507773172161,0,0.00183071440815687,0.015854373214942,0.00617088458575348,0.0159729240266992,0.00541214590996015,0,0.0123180015317344,8.61895289225299e-05,0.00590944945105715,0.000768834738591838,0.00291854617345896,0.000721451704199589,0,8.03799195945275e-05,0.00170815777748694,0.00194452009781093,0.00445979268070967,0.00130849985784994,0.0209845246204887,0.000290386843867704,0.000252857634002666,0.00170392565506975,0.0243472885449843,0.0082077981917445,0.0105912063596054,0,0.000986164902805957,0.00130012046815319,0.00341935529902238,0.00154475092316488
0.738439654355389,0.0012654794484684,0.0146337655769199,0.0166282679585964,0.171585769090617,3.23818334959568,0.742155775207779,0,0.0322855932353253,0.362699600273087,0.0298595604245274,0.104542635970226,0.00624010762261612,4.667509631182,0.0196045542809965,0.00302954953010427,0.0198630290774371,0.00119201531837663,0.00428110440606889,0.0474564919176415,0.0153935327739067,0.00732906630499915,0.0230405278528265,0.061799121106622,0.00238346601562155,0.00692245464626744,0.00939063095442169,0.0682025901628686,0.292979309310223,0.0975597976085683,0,0.829058215465469,0.00943908614219814,0.222466539315501,0.00130126189043877,0.0517825146955588,0.0109971659899797,0.13195063182771,0.0444649650792474,0.15919580201291,0.16247372290113,0.00489675100936988,0.0048259577470157,0.00132664416758813,0.00316191942262276,0.00210460397052822,0.00134452595663817,0.000677017674932225,0,0.00214486227270634,0.00046754391390328,0.000533695869907699,0.00305648238746867,0.00011739994937178,0.000623338979499162,0.00819338757108125,0.00197453541704341,0.00746568792430312,0.00263019991017001,0.000166792924731075,0.00600918437613576,0.000117351861515849,0.00293896788524593,0.000756010766546963,0.00107067822004877,0.000426658498814354,0,0.000139560879429821,0.00190751551820114,0.00114345193959042,0.0014989483934321,0.000556728916402395,0.00812121103230685,0.000275088178208384,0.000360126819611412,0.000658521731758878,0.0124650408684979,0.00340419282910953,0.00582986044526109,0,0.000278992786889186,0.000563929222275957,0.00131698233016197,0.000706895567253333
0.0528450608724127,0.137933278165618,0.0114759180648412,0.416663340650989,0.0109063293460876,0.0150037538038258,0.0859971370552617,0.0322855932353253,0,0.0352994735425628,0.00397419952139361,2.12919908561448,0.00338981131391026,0.0223579281133872,1.93417992184423,0.0584159380415585,0.00906532517199183,0.00189254109739533,0.00405933107028343,0.336185596505392,0.00603232216153849,2.52078985940198,0.00609018787966001,5.48307632626123,0.0372939254691052,0.00917967258253654,0.0476839045641593,0.0941198722254507,0.0388520181594564,0.087336921879667,0,0.00577494123591954,0.0331967211832519,0.0353479030300191,0.00128243953853611,0.092214455063524,0.028889810873641,0.0436386838988419,0.0338233875312573,1.28587894983476,0.0156660280739251,0.00246165218612342,0.0365277784741348,0.015073415374231,0.0220493514153008,0.00889585661692192,0.0369550987489758,0.0049627781157443,0,0.0173415417683574,0.0103061535996828,0.00122764511443225,0.0673177627640385,0.000782161397211417,0.0118095594304338,0.0327408634509862,0.00989318052684076,0.620539449291848,0.0288219999555172,0.000688326153975051,0.0972328666420367,6.24456915758291e-05,0.0133960755842551,0.00547708071404862,0.0230688326773501,0.00225875495248745,0,0.000470103816347011,0.0422728850623423,0.00795383058500823,0.0522368894192688,0.00419048363772384,0.113782212002617,0.00216056104438994,0.000830168034446122,0.00388793586025514,0.0590410968267935,0.0154169485346924,0.0302946701390942,0,0.00057969456363038,0.00522362830392692,0.00774395474976487,0.000676525824555825
0.024215536500941,0.000310779791996226,0.00324354204171768,1.34568810437284,0.00198029226051883,1.97752618062425,1.39188392512278,0.362699600273087,0.0352994735425628,0,0.0103559933232623,1.98578272160681,0.00165396440155531,0.264482908769191,0.00309197044012241,0.000659594687912908,0.00166691659875707,0.000770351001227958,0.000486312303568451,3.15142149319625,0.00216815518028484,0.00214887772268298,0.00452443137803487,0.162562812868412,0.000782649397095082,0.00211648221783741,0.00226735487708568,1.33043832073751,0.0457325520268051,0.00823631340024701,8.30442354460802e-05,0.015836482798908,0.00348690268888669,0.0515025833050405,0.000552919797161196,0.0396600916707917,0.007437620383716,0.0519411041658144,0.0242298241810718,0.107104677961894,0.0179287452366387,0.00211949761920531,0.00339163417629433,0.000514050925402529,0.00206830457310752,0.000573997839618276,0.00149581057385696,0.000540815776810636,0,0.000585323108748623,0,3.25357005322097e-05,0.00279913460331518,0.000199818200274312,0.00106161550874328,0.00347500526031015,0.00152661847620245,0.00490595312696128,0.00258126403075397,0,0.0067365818866635,0,0.00164001111891972,0.000434296894947275,0.00043716340570724,3.50301598209795e-05,0,0.000144355293001631,0.00201174978776114,0.000280767799167095,0.00062409895267828,9.14108573771104e-05,0.00431412043832414,0.000218410200427991,0.000225241148869259,0.000276337594910956,0.00441862781236855,0.00090830778616684,0.000869459423564815,0,0,0.000216708202585851,0.000476479707641816,0.000623919745304357
0.00478486142761202,0.0350373542673056,0.00402721890567477,0.00071355144026558,0.012374476991459,0.00976225502289697,0.00453798083859079,0.0298595604245274,0.00397419952139361,0.0103559933232623,0,0.0142160675034098,4.05247205440499,0.0304414548198177,0.00111647504848766,0.00299011215941519,0.0149251358360207,1.59337569871414,1.09286999228346,0.00389755164026858,0.0045212917716923,0.00914020020435861,0.0073810119659339,0.00448809656540351,1.19513357758831,0.414723968814209,0.0516896617951417,0.00364737205374796,0.0705674769488939,0.00458452899859239,0.204160270830124,0.0606927507299605,0.00589461114888951,1.8020264242659,0.00210378015600324,0.181571391332122,0.616369774566337,1.42329256927662,0.203465266085305,0.0115316436734224,0.0656061039191977,0.469137661644284,0.00573718001224584,0.00248238797874162,0.00139369590423272,0.00114773005591086,0.000326348114178067,0,0,0,0.00533718374608566,0.000485260265052544,0.000437373687319875,0,0,0.000388683437167268,5.31037441076371e-05,0.000345616596344103,0.000187647773132031,0.00195254890152947,3.49664027063205e-05,0.0125305958246079,0.000200456575253035,0.000170451522153049,6.89717586601886e-05,0.000522675905623878,0.00395509499779672,0.00444882509143474,0,0.000171118295828323,0.00115469770961535,0.000573767428146922,0.000958560082950393,0.313602422437908,0.0137632171056953,0.00922216252497282,0.000543164330580642,8.81842932730203e-05,0.000299174852456807,0.00105974373540771,0,0.000256773570193677,0.000302835576066249,0.00161219054766676
0.00186587336916402,0.00148059124729621,0.000358340554891103,0.604557033569037,0.0102477675602988,1.79202692341596,0.00467904308726957,0.104542635970226,2.12919908561448,1.98578272160681,0.0142160675034098,0,0.00283584379578304,0.0401650692216801,1.16327146845374,0.000861645621572661,0.00043847245327591,0.000213393990716786,0.000516352720802029,6.90866820955719,0.000119624425157768,0.00539017024618191,9.22753180095937e-05,1.24887126638926,0.000939974935559549,0.001160826172431,0.00173347347999777,0.0688166281535422,0.0277487112831508,0.00222016509555098,0,0.0357107138992361,0.00141029452120134,0.0507053489403331,0.172511213122374,0.0203004016328493,0.00333028421679878,0.0433407429455914,0.0124310078845104,0.579970470812443,0.0262540731526034,0.000927321585851407,0.0083868992181763,0.000407960407897583,0.00309102538360596,0.000953372658348009,0.0193095295592556,0.000876001860076045,0.000193672124277268,0.000738168532014275,0,5.89847429118841e-05,0.0329354782567679,0.000301702435531969,0.00784015624751157,0.00611849495924017,0.00349403891076065,0.0304194572214069,0.0161346313699873,0,0.208228437839257,0.000180461779912336,0.0024981189057052,0.00556062437378643,0.000684975247206288,0.000183920625187442,0,6.55919194047865e-05,0.187607180466639,0.000451543486912051,0.000819130899058762,0.000121420012189153,0.0208845578270016,0.000204689493632351,7.8489612276708e-05,0.000210916491455379,0.00854911074024343,0.00231218582518045,0.00170499625032588,8.3962470241433e-05,0.000118075026266089,0.000377617119113938,0.00097590711442952,0.00159288912845569
0.0005795195842625,0.0916747113772203,0.00111664700473051,0.000437645871949972,0.0011145576307402,0.00146740426977461,0.00294010898825565,0.00624010762261612,0.00338981131391026,0.00165396440155531,4.05247205440499,0.00283584379578304,0,0.00442090962401715,0.0011378877974182,0.00601275241092469,0.00213627988774648,0.0056499989876082,0.00623397631931148,0.00114266668065614,0.00205603580257522,0.0202715445026794,0.004180060773759,0.00620818603137829,3.52614892261002,0.322976992149361,0.94497795625461,0.0029953387872771,0.00811261793191419,0.00251460352470069,3.70748904918502,0.00803343895993621,0.00212333365923828,0.2265186463518,0.00707542162843803,0.634134456465498,0.4640236163148,0.61376257389937,0.231189989751756,0.00849093204833336,0.104632634364489,1.02586194489141,0.0304401661428838,0.00457118578780349,0.000958713180069981,0.00716314574582675,0.000233445274586208,0.00393874543448428,9.99115297942339e-05,0.000120346795109659,0.00538490771967451,0.000356779722476878,0,0,0,0.000509922543021052,0.00015189741961724,0.000426808389658717,0,0.0339646471433617,0.000371192214722548,0.465865276257352,5.18458676650034e-05,0.000188601250953706,0.00035939162028982,0.00046090333419955,0.000612183457903689,0.00417080765021859,0,0.000501706338111158,0.00164166064675294,0.000281903522659972,0.000511532842356298,0.229394467483671,0.00516279698628489,0.00630922175248536,0.00115136672767581,0.000146835365104569,0.000723095464559866,0.00113273819124295,0,0,0.0352863069230252,0.0037036490952038
3.23732284264809,0.00119093792839426,0.00735615928943649,0.00915027850820006,0.0101903260633264,0.0855551094005592,1.34426311870107,4.667509631182,0.0223579281133872,0.264482908769191,0.0304414548198177,0.0401650692216801,0.00442090962401715,0,0.00660744651645452,0.00250296875650771,0.0142285046832092,0.0012803464670428,0.00371546477346421,0.0194967358917314,0.0113947100373969,0.00495900259624117,0.0112962777906711,0.0309975846467776,0.00201622358047763,0.00493688110466421,0.00537989156172572,0.0285486379300934,2.51737113555206,0.132192993625077,8.23804491611171e-05,0.410868720579824,0.0140434112855655,0.283606823916272,0.000809730039114769,0.03646524340088,0.0106315286012202,0.110518787899687,0.0301489241967935,0.0626611962349447,0.0512045122122422,0.00434299261670721,0.00351768034200746,0.000882573390414447,0.00265401457198012,0.000918474579674694,0.00118569000948035,0.00032995731124276,0,0.00122120700032525,0.000340713606781085,0.000248375497085639,0.000449180191381383,6.6926753652656e-05,0.000228894585622584,0.00624991732216084,0.00100424103528394,0.00356702112391346,0.000903095649397703,0,0.00233006595837459,0,0.00138353496827039,0.000137659268740938,0.00133667192702577,0.000248074752243928,0,6.76250603466044e-05,6.47350876594537e-05,0.00142582823033911,0.00121609770729559,0.000256496585731718,0.00580315347084134,0.000339054830259101,0.000237814177430577,0.000311834546175131,0.010174677306309,0.00228130188131323,0.00440789617917863,0,4.12369024773622e-05,0.000418767439274743,0.000735024768528964,0.000389925374416308
0.00264655679907346,0.00676373438552036,0.000298639788791594,0.0163698616700483,2.19385003689251,1.48458995030324,0.00366533065086766,0.0196045542809965,1.93417992184423,0.00309197044012241,0.00111647504848766,1.16327146845374,0.0011378877974182,0.00660744651645452,0,0.00128150625802412,0.000318591261708127,0,0.000257734048043017,0.0191300115224755,0.000309511875481894,0.0333370952757424,0.000501961237183966,0.0578199938601995,0.00144320609479871,0.000355837748793163,0.00312106942865899,0.00396464142593152,0.00786247144454315,0.00212253244721561,0,0.0573439427761338,0.00113664335628116,0.00937744751775742,0.14554644303844,0.0168364536193815,0.00314280178191161,0.00847435183423795,0.00867078558162653,10.8759745430423,0.255553712747606,0,0.00575895886076239,0.0112500527750209,0.00314018821169518,0.0067166481541419,0.0100705759139209,0.00233416516792409,0,0.00130221084862382,0.00277418515580572,8.42802738533089e-05,0.00366752816452214,0.000384434393508049,0.000532597635350711,0.000680121498424428,0.00158971049567214,0.00796978155838937,0.00197504962199156,0,0.0129039894385519,8.82752620220417e-05,0.000475682766953851,0.00613829717490975,0.00180897670061253,0.00052352457420164,0,0.000268398515434254,0.00313233139708067,0.00128384084862493,0.00102818239566634,0.00127791968189994,0.00583829391441341,0.00037007683936538,0,0.000640840308151245,0.0031699284994265,0.00114119520970072,0.000738819591140517,0,0.000252283284909099,0.000176424164650951,0.000899029068592514,0.0180806912190812
0.0049878815298984,0.139567638145006,0.0203780407561648,0.000781706304716322,0.000653952160085666,6.13297065339569e-05,0.00752346128287632,0.00302954953010427,0.0584159380415585,0.000659594687912908,0.00299011215941519,0.000861645621572661,0.00601275241092469,0.00250296875650771,0.00128150625802412,0,0.022712340378094,0.000368136950186468,0.00470265567995328,0,1.36075603618548,2.96712775162727,2.00618266012597,0.778217838292969,0.0149409963928368,0.00908208632010379,0.836193607139896,0.26307916744935,0.00226954959832368,0.0572999928195649,0,0.00124625652653597,0.00263454886274372,0.0740827132087222,0.0101966589721084,0.340866761701236,0.148587093442818,0.12757699256291,0.109075395287044,0.0302797092637585,0.00408568231727137,0.00494177194047735,0.0445526012674596,0.041374645159431,0.0227736967934099,0.0315509282994544,0.00339555687274296,0.000250180333172614,0,0.00368097052165239,0.0188575480208026,0.00630139611845469,0.000628146906382873,0,0.00033582778991857,0.00516436620631301,0.00122011274053562,0.0120434682993349,0.000374273777992578,0,0.000476021520382341,0.000227635947437822,0.00252016492857227,0.00203158900210603,0.230999777352649,0.00357884030681926,0,0.00114568406675098,0,0.0332100552611408,0.24091498449679,0.034143270343185,0.0221084686163212,0.0037310441257449,0.00167747493397564,0.0202100436581931,0.0204910295908886,0.00555453594810374,0.0201851642657582,0,0,0.00145266651650635,0.00395395308302596,0.00400418139663184
0.0371746320237718,0.0613308823852988,1.29291975980892,0.00021930580527285,0,0.00120078272796128,0.040585108675295,0.0198630290774371,0.00906532517199183,0.00166691659875707,0.0149251358360207,0.00043847245327591,0.00213627988774648,0.0142285046832092,0.000318591261708127,0.022712340378094,0,0.0291649280086297,2.64312301668703,0.000343854325360063,0.303753418924713,0.0440063002239008,1.5366122776578,0.0193707847277118,0.00794818001725808,1.04257702292754,0.374543951291017,0.0422020240469798,0.00807403400162375,0.140163767639989,0.000251489551011418,0.000277439245498281,0.00106584042046793,0.7098843194738,0.00086574279200728,0.0373540378575708,0.366829748080944,0.126501427776261,0.0614786303356554,0.00246850154780746,0.00123185942238573,0.00104664503522665,0.00402183484311239,0.0543372699020663,0.00595611079389464,0.00502226945669282,0.000188096832011486,0.000324348714712337,0,0.000436301049432353,0.0640153700019493,0.012563881403825,7.68217871957447e-05,0,0.000146232203267694,0.000879426926673982,0.000146878843538958,0.000600264678432038,0.000107125084209563,0.000113196877205586,0.000134322963642252,0.00033565386311735,6.10821217927201e-05,0.00131523738140561,0.00132329088199404,0.0105044945981286,0.00019969479786756,0.00605933548301619,0,0.00169354089371512,0.00718131955859615,0.0030459586668271,0.00131278831837054,0.00863925195748107,0.0181333244274893,0.0282187296669983,0.00134090302614309,0.000714754549225865,0.00194279005698194,0.000137136506069613,0,0.000153281228316067,0.00168081645977029,0.000493055789895302
0.000585652479037357,0.0169007693537723,0.00530069961985455,0,0,0.000606403451709724,0.000703115532256537,0.00119201531837663,0.00189254109739533,0.000770351001227958,1.59337569871414,0.000213393990716786,0.0056499989876082,0.0012803464670428,0,0.000368136950186468,0.0291649280086297,0,1.27370779928454,0.000438190823186858,0.0014672884835384,0.00279060456072088,0.00391527339771533,0.000467711150310645,0.17712035108204,0.343858676980952,0.0357054277474353,0.000603916864125537,0.00119220738077364,0.00127402795101358,0.00475341754742845,0.00100399696468319,0.00115037828677439,0.0252473736990486,0.000316557315684831,0.0243637419335948,0.185190406967255,0.129887245508656,0.0763236111733057,0.000735857798837281,0.00136222860423483,0.0200583850790889,0.000258143771781478,0.00190952169134602,0.000626575000353015,0.000809168826840345,0,0,0,0,0.00345039224218971,0.000374384030333057,0,0,0,0,0,0,0,0.00175465348262858,0,0.00511428222857309,0,0,0.000176898620452004,0.000145395649434993,0.00464343712302836,0.00625489768618322,0,4.16728433195329e-05,0,0,0,0.196212169937579,0.0106278628662984,0.00895436261183083,6.29346460540581e-05,0,0,0.00295970043900416,0,0,0.000266120019411122,0.000303445800017597
0.00575481731988936,0.098229740010458,0.0523169494044433,0,0,0.000369948702593101,0.00713461009422528,0.00428110440606889,0.00405933107028343,0.000486312303568451,1.09286999228346,0.000516352720802029,0.00623397631931148,0.00371546477346421,0.000257734048043017,0.00470265567995328,2.64312301668703,1.27370779928454,0,0.000205600086662955,0.0255362817124506,0.0301481001746061,0.0446092901104622,0.004894325680709,0.113714694771202,1.60091882047809,0.244767524404008,0.00713270195717155,0.00371858424769355,0.0210460450292118,0.00356959129304849,0.00147612374982253,0.000806467575631998,0.271337307338535,0.000370075400667544,0.0356383449087532,0.258245018319793,0.275079263527364,0.0744802000494257,0.00177131584681035,0.00191424299740215,0.00569948187807113,0.00209373833765857,0.0349411620055865,0.00501989589867673,0.00358755843523938,0.000230102828049599,0,0,8.56731895740783e-05,0.0476780520949271,0.00278435845659493,7.97915879069411e-05,0,0,0.000225621173255037,5.92431965885723e-05,0.000291228752426631,0,0.00145046886992584,0.000189630181934205,0.00554474582842863,0.000129063425763183,0,0.000777484593781862,0.00375376633482824,0.00370883125144503,0.0241684856000796,0,0.000206795383542596,0.00108956856032724,0.000720052312093881,0.000495405413408079,0.159780853887845,0.0450558747830402,0.0398767292451315,0.000406005832643644,0.000204989570790402,0.000480000939918006,0.00298605320147691,0,0,0.00296925479803448,0.000330013258625431
0.00792319470395662,0.00025766055026322,0.000271679638833497,13.1723318468751,0.0033629370844516,0.0571227730368408,0.0155711492438711,0.0474564919176415,0.336185596505392,3.15142149319625,0.00389755164026858,6.90866820955719,0.00114266668065614,0.0194967358917314,0.0191300115224755,0,0.000343854325360063,0.000438190823186858,0.000205600086662955,0,0.000271593806712961,0.000891093328198797,0.000279927164404303,1.26772176340589,0,0.000428868732316665,0.000406955148224738,0.256563121093586,0.0163227992917604,0.000740921448963906,0,0.00898012485494996,0.000950002957936983,0.0188729452174846,0.000270960333541325,0.0119473394683999,0.00267379972634736,0.0198243696195358,0.0107347616793308,0.0645358560010113,0.0129267431258888,0.00125186447980835,0.00303933381949391,0,0.00193888045631525,0.0003256842701004,0.00784361667489822,0.00109418305603779,0,0.00099026052813608,0,0,0.0329141151569243,0,0.00326045491288611,0.00416192584419923,0.00270630711623335,0.0323287422440866,0.00927193692046493,0.000316284272657169,0.0326078791377661,0,0.00202204188371197,0.00193847084857188,0.000155417257425221,0,0,0,0.0207113944812346,0,0,0,0.0173969609012413,0,0,0.000114291020294669,0.00634585768035255,0.00185550679006581,0.000235304513839252,0,0.00133914920881833,0,0.000972673185928841,5.0738940970789e-05
0.0296124491797243,0.00924777139449425,0.233821995673334,0.000837858954983142,0,0.000766028897319492,0.0560445768853806,0.0153935327739067,0.00603232216153849,0.00216815518028484,0.0045212917716923,0.000119624425157768,0.00205603580257522,0.0113947100373969,0.000309511875481894,1.36075603618548,0.303753418924713,0.0014672884835384,0.0255362817124506,0.000271593806712961,0,0.0851198417686022,4.30096637390332,0.140760227015763,0.00298431339450733,0.0410520822637289,0.111587594269698,1.69428715655347,0.0225275039288554,2.4202854063558,0,0.00255984569732501,0.0207940764848851,0.775492141587576,0.0126610149442669,0.262688998592521,0.106893700156966,0.297176233504466,0.125800986378831,0.0384797321787256,0.00583218188819414,0.00158669295608804,0.0111906225671918,0.011090296235531,0.00416574251377215,0.00545902880301791,0.00113293087343653,0.000418972331502224,0.000136532324549093,0.00107571652786676,0.00603486842604063,0.00217457977593325,0.000110441283844843,0,0.000285143832160045,0.00206666402538618,0.000600775290579979,0.00310937042667607,0.000294542856073175,8.08141499230792e-05,0.000453548669396249,0,0.00143878087498524,0.000206949803665269,0.019655537601829,0.00084533333877095,5.2140495297739e-05,0.000434866545825871,0,0.012118983902648,0.021588357341714,0.00381797991787514,0.00697705966640682,0.000555933484518378,0.00170602724189343,0.00666275244772364,0.00901615486296741,0.00185150352458215,0.00769829272886401,0,0,0.000670059266606488,0.000845761447506931,0.00463319157873769
0.0209905015906989,2.76305247904495,0.0354348350814673,0.00361266107416171,0.000661619752591672,0.000615801057229731,0.0198042364044369,0.00732906630499915,2.52078985940198,0.00214887772268298,0.00914020020435861,0.00539017024618191,0.0202715445026794,0.00495900259624117,0.0333370952757424,2.96712775162727,0.0440063002239008,0.00279060456072088,0.0301481001746061,0.000891093328198797,0.0851198417686022,0,0.0742887050764295,1.95028218788179,0.253317560182548,0.0392271849481927,0.852284267590806,0.111457896729027,0.0122729477051009,0.06878982310385,0.00394691048650323,0.00149949589872088,0.0111249310131801,0.0745845901076118,0.00531316617353377,0.174789791528242,0.147419135828881,0.126559401506089,0.0884568867499883,0.0607852907804432,0.00322543153972762,0.00429912201751755,0.0363360850737827,0.0740627938949476,0.0205761088756031,0.0302309098959597,0.00427534628456875,0.00081850674228871,0,0.00213735784432415,0.149677323336289,0.0094629250200788,0.00034224895998626,0,0,0.0037890952684486,0.00212642162663305,0.0269722032263698,0.000382125229304114,4.78056468275272e-05,0.000450795373654046,0.00011630446275117,0.00138052745397229,0.00261287100011152,0.220179388245664,0.010146163129416,0.000416091704230362,0.00173749278227077,0,0.0342558050444158,0.322064920377868,0.0389685174158856,0.0188992309644494,0.0173513595678238,0.00454366681303906,0.0311174776208569,0.0181953423196906,0.00342910944936825,0.0168162816409849,0,0,0.001837579710913,0.00340727299507,0.00226708932048422
0.0211590552925096,0.0140990695681194,3.0436480529154,0.000516556491977199,0.00034097423087618,0.00172479209557846,0.0822750391696103,0.0230405278528265,0.00609018787966001,0.00452443137803487,0.0073810119659339,9.22753180095937e-05,0.004180060773759,0.0112962777906711,0.000501961237183966,2.00618266012597,1.5366122776578,0.00391527339771533,0.0446092901104622,0.000279927164404303,4.30096637390332,0.0742887050764295,0,0.0526924192602309,0.00149982857778405,0.107674285372302,0.862840015627793,0.199586901886949,0.0431849336954287,0.212073484210559,0.000209445315860424,0.00115643369450382,0.0218747215871205,0.482129785705177,0.0289801049467002,0.423126027195282,0.730117290727448,0.455049305746889,0.250208544204784,0.0557072979790254,0.00864280475831397,0.00308986186639405,0.0169712926017567,0.0400145662347473,0.0123587215724194,0.0128303117877885,0.000872693880409467,0.000184455284505292,4.29569371232703e-05,0.000788179172993933,0.0161805184822372,0.00968693974731038,0.000259740902955589,0,3.7584915164984e-05,0.000988144261601551,0.000178721001072766,0.0016465545234953,6.09976704886656e-05,0,0.000687525734649249,7.33321870932608e-05,0.000679719441384467,0.00130134654373075,0.0234497762539961,0.0031198789347722,4.42977957177846e-05,0.00120920940057548,0.000108505394976797,0.0039700978629603,0.0328202183952313,0.0159313780949336,0.00410433672511547,0.000642251906735253,0.00335202550967835,0.0285937831752213,0.00464093263486607,0.00108593262898906,0.00360943444800251,0.000141182910902204,0,0.000149634769202483,0.000795062241513113,0.0122221095909643
0.070750186730176,0.0876913873536531,0.0334750245477874,2.16706726413364,0.00154106415964194,0.028091035548192,0.363267930361816,0.061799121106622,5.48307632626123,0.162562812868412,0.00448809656540351,1.24887126638926,0.00620818603137829,0.0309975846467776,0.0578199938601995,0.778217838292969,0.0193707847277118,0.000467711150310645,0.004894325680709,1.26772176340589,0.140760227015763,1.95028218788179,0.0526924192602309,0,0.0175749755469104,0.0134015244135112,0.130647128552954,3.43945752213616,0.0752927833485816,0.186637439603762,0.000177933806281467,0.00514561134404213,0.0378619594635239,0.0931429869615368,0.00612308795806345,0.223259330139634,0.0663808840720676,0.100557407714148,0.0756023500108081,0.086760399492747,0.015486946771038,0.00274492078051844,0.0529409263423496,0.015305688180995,0.0366394110177514,0.0192355421910017,0.0201271683460737,0.00809049893596043,0.000650119059780614,0.0135473875818132,0.00569389804715809,0.00282564892111626,0.0523498700138118,0.000791699135447882,0.0138372141363907,0.06106715331953,0.0211070046679059,0.137239185293962,0.0370924632181119,0.000619917553032145,0.0951801487700277,0.000534473041828384,0.0267152932181117,0.00391733895687604,0.0401390990511204,0.00319473384297124,0,0.000962294353531559,0.0234943070574219,0.0144511822841109,0.0465235578785974,0.00856498979220929,0.0987179291958916,0.00110412429394895,0.00161656690686974,0.00881655689459897,0.0905969333334464,0.025715989303185,0.0440550241814683,0,0.0016543716828847,0.00524829227556626,0.0106931743732095,0.00276482132301093
0.000744569840798993,2.16893830755935,0.00513751205061933,0.000148807213690798,0,0.000923563530176548,0.00106135820953254,0.00238346601562155,0.0372939254691052,0.000782649397095082,1.19513357758831,0.000939974935559549,3.52614892261002,0.00201622358047763,0.00144320609479871,0.0149409963928368,0.00794818001725808,0.17712035108204,0.113714694771202,0,0.00298431339450733,0.253317560182548,0.00149982857778405,0.0175749755469104,0,0.505710282867235,0.857372325274629,0.00205304536447377,0.00384846917864833,0.00336651840390781,0.317473297329264,0.00602601020873167,0.000497769359579679,0.0719261608303164,0.00140517384213308,0.217111942664246,0.498866406423368,0.433446283479357,0.118596187940663,0.00525370894007631,0.0110391665385757,1.13204908354152,0.0278363380891774,0.0248874811432571,0.00792982631003613,0.00236291793180063,0,0.000168552080934876,0,0,0.145474789401151,0.000468256237870189,0,0,0,0.000121473372856782,0,0.00118733110581279,0.000116512383347839,0.00136798317062488,0,0.0241766316255538,0,0,0.00123051231712497,0.00271694435634541,0.00414079810046605,0.0176165931469388,0,0.000346260172759817,0.0103111849724368,0.000877410853762482,0.000111555576877648,1.13151988445982,0.0357484592435778,0.0371694410151137,0.000179607005013745,0,0.000177514217417057,0.00468667069472062,0,0,0.00102620092056918,0.00116797420417491
0.00524960134357341,0.102223614505643,2.00565453072444,0.000653335112283841,0.000372783787727075,0.00106005097349602,0.0184354180487627,0.00692245464626744,0.00917967258253654,0.00211648221783741,0.414723968814209,0.001160826172431,0.322976992149361,0.00493688110466421,0.000355837748793163,0.00908208632010379,1.04257702292754,0.343858676980952,1.60091882047809,0.000428868732316665,0.0410520822637289,0.0392271849481927,0.107674285372302,0.0134015244135112,0.505710282867235,0,2.30511879348792,0.0180755978807616,0.00587463774249811,0.0226862235473342,0.240076685161567,0.0015529672747223,0.000449237233820785,0.133929452976287,0.0027633859242978,0.124357854391088,0.451537383022185,0.313995018465987,0.106379951745095,0.00200635188660824,0.00160308325851744,0.0181221761994374,0.00736161292073541,0.0608935895390041,0.00795116212875705,0.00490159359401206,2.8907969572947e-05,3.72846396268899e-05,3.53311926552015e-05,0.000366462294271312,0.0610996296213455,0.00738624892049321,0.000100960281622885,0,0,0.000757033038742663,0.000131905311361131,0.000204953120272012,0,0.00340389374250679,0.000117509312497203,0.0169884921612797,0.00010787043050639,0.000215537051546646,0.000727984929435762,0.00947493945534097,0.00942143004014313,0.0354752722099794,0,0.00111602447616595,0.00401682716222937,0.00195937210006968,0.000853466847939862,0.315273692753354,0.108799141307078,0.101877585339491,0.000986656403526744,0.000244215784806579,0.000957554782098016,0.00257033797555954,0,9.23738144397888e-05,0.0040094879646436,0.00222686035945967
0.00791095612936294,1.28375022472223,1.33075907915423,0.00120670683278277,0.000162492202532753,0.00122651823104973,0.0263380808149866,0.00939063095442169,0.0476839045641593,0.00226735487708568,0.0516896617951417,0.00173347347999777,0.94497795625461,0.00537989156172572,0.00312106942865899,0.836193607139896,0.374543951291017,0.0357054277474353,0.244767524404008,0.000406955148224738,0.111587594269698,0.852284267590806,0.862840015627793,0.130647128552954,0.857372325274629,2.30511879348792,0,0.0691479696546226,0.00587147700838682,0.0370489948859917,0.468497845864246,0.00119019169568413,0.00138134451865497,0.228373877507251,0.0178507111374088,0.319447353205022,0.358649916367986,0.47991521550308,0.207930092425942,0.0125982472771506,0.00399280267187546,0.00535540259433321,0.0295071998101514,0.172256521497939,0.0278827805499209,0.0200998651901011,0.00190071365177972,0.000325966391203035,0.000202097196418334,0.000335135853875121,0.153577459568291,0.0468592626364985,0.000268926831363968,0,8.38899255378271e-05,0.00288587221350518,0.000381790274270081,0.00242657764077678,0.000498032422451303,0.00239560833594349,0.000635312291656134,0.00613698109471105,0.000954573052653069,0.00052496268317879,0.0221414910970656,0.0233421549883205,0.00386269909784882,0.0248608219885082,5.96414371491398e-05,0.00657679353793541,0.054218718572102,0.0418913845258234,0.00610996018487802,0.113068370523931,0.0894640316529142,0.186906355708029,0.00482552866454438,0.00114965426389809,0.00373239581489611,0.00145602660278884,6.08138206176505e-05,0.000174491422261502,0.00541150726264855,0.0124825606134102
