0,0,0.0104206496807549,0,0.000166910855961946,0.00193834104044762,1.48458448333394,0.215742953458094,0,0.010068721195586,0.000102793172695459,0,0,2.80876305291279,0,0,0.00568899037069946,0,0.000336118547533192,0.00162014458177524,0.00169742811810318,0,0.005909896029663,0,0.000154254705800249,0.00212645308174557,0.000271978193443875,0.00281020404458219,0.625687492318249,0.437841293404195,0,0.000974166682553559,0.0381217082519815,0.0375134609391701,2.29046080098339e-05,0.00309345614546749,0.000288054771416513,0.00840146702782534,0.00158728129504002,0,0.000193852786601646,0,0,0,0,0,0,0,0,0,0,0,0,0,0,0,0,0,0,0,0,0,0,0,0,0,0,0,0,0,0,0,0,0,0,0,0,0,0,0,0,0,0,0
0,0,0.000118324355998185,0,0,0,0,0,0.0768222098967554,0,0.00592660521629776,0,0.0246949679557195,0,0,0.0804584904517239,0.000239888044611083,0.00246964786265658,0.00713075688677747,0,0.000165516863310481,1.27164759756747,0.000125197190608028,0.0368023318012018,1.34967806214371,0.0190394357174152,1.13604225474713,0.00332838085569252,0,0,0,0,0,0,0,0.000510294552773888,0.00480053549152567,0.00048455142475344,0.000279441120791427,0,0,0,0,0.000546311915859923,0,0,0,0,0,0,0.546461341158211,0,0,0,0,0,0,0.0391021742877782,0,0,0,0,0,0,0.00151301161107204,0,0,0.000192929217005901,0,0,0.264746462007077,0,0.00307676238796897,0.130554289369949,0.00150994442400695,0.0743428046122905,3.38883477253513e-05,0,0,0,0,0,0,0
0.0104206496807549,0.000118324355998185,0,0,0,0,0.00686845418891623,0.000556820414936599,9.18740371335346e-05,8.92681598522252e-05,0.000806614494862694,0,0.000120587758354228,0.00318959766583896,0,0.0202936695117546,0.700259779128302,0.000315618747892067,0.00472753988832704,0,0.340702464401067,7.49775869817977e-05,2.96534692714267,0.00280025330431897,0.000297308418458091,1.5355440700593,1.3615165705417,0.108454922888382,0.00359819270461234,0.270320187875864,0,0,0.000292256407733849,0.0437574929693953,0.000335109474085858,0.0207298571269933,0.080808534015298,0.0745826209454085,0.0310432453384568,0.00237213866172721,0.000521047481831165,0.000307725602939887,4.14597469052566e-05,0,0,0.00138371038677654,0,0,0,0,0,0,0,0,0,0,0,0,0,0,0,0,0,0.000151275454743581,0,0,0,0,0,0,0,0,0,0,0,0,0,0,0,0,0,0,0,0.000194441607679612
0,0,0,0,0,0.00070679917594269,0.00426266160419652,0.000162840815814198,0.0110823017769526,0.660635303098615,0,0.831632806468255,0,0,0,0,0,0,0,4.69113636830808,0,0,0,1.7437713388905,0,0,0,1.38075871034224,0,0,0,0,0,0,0,0,0,0,0,0,0,0,0,0,0.000239914396407415,0,0,0,0,0,0,0,0.354962681773503,0,0,0,0,0,0.00280854301395048,0,0.0823706509867443,0,0,0,0,0,0,0,0.0824354747376451,0,0,0,0.0006077722147178,0,0,0,0.00371036930934413,0,0,0,0,0,0,0
0.000166910855961946,0,0,0,0,2.37914775667828,0.000215814459006439,0.362034032709349,0,0.000292269725038947,0,0.000357139497149585,0,0.0627629583490652,0.164856702736529,0,0,0,0,0.000861907923391247,0,0,0,0,0,0,0,0,0.249245103933994,9.18533662223238e-05,0,2.87224172615462,0.00131619542447208,0.0950644525845847,0,6.12257435065513e-05,0,0.0115561991346991,0.00375392250596969,0.147011988483199,1.00834534178745,0,0,0,0,0,0,0,0,0,0,0,0,0,0,0,0,0,0,0,0,0,0,0,0,0,0,0,0,0,0,0,0,0,0,0,0,0,0,0,0,0,0,0
0.00193834104044762,0,0,0.00070679917594269,2.37914775667828,0,0.0655647500730268,0.952784887721972,0.0002248580969953,1.13928290841643,0,2.68050173400113,0,0.0361701994470976,2.56862244235662,0,0,0,0,0.0642233097015937,0,0,0,3.484445216717e-05,0,0,0,0.00734538946249721,0.0494459743316966,3.36645045310338e-05,0,0.303101913583743,0.000433692562786553,0.0289992629712101,0.584895636413832,0.000145184677790304,0.000367667356093976,0.00208487820304377,0.000324321497623771,0.26775373169601,0.087116193445915,0,0,0,0,0,0,0,0,0,0,0,0,0,0,0,0,0,0,0,0,0,0,0,0,0,0,0,0,0,0,0,0,0,0,0,0,0,0,0,0,0,0,0.000374438625316698
1.48458448333394,0,0.00686845418891623,0.00426266160419652,0.000215814459006439,0.0655647500730268,0,0.249793557243412,0.00568893283929861,1.81951845930743,0,0.00134138797976063,5.15437482271619e-05,0.912646381018821,0.000831220055957751,0.000674362961791386,0.00131373606345029,0,8.62780737105012e-05,0.0246104551554804,0.0112100886817953,0.00123548890093021,0.00701574826352144,0.0159596568617981,0.000107342639176475,0.000582834658911281,0.000365032292553911,3.18247169410559,0.0429833826359094,1.24763627676526,0,0.000373470176030718,0.00246118661992232,0.00852335971438281,0,0.000617655724132792,8.33212775923353e-05,0.00111168638908921,0.000981423928658094,0.000110172725220596,0,0,0.000201549482244146,0,0,0,0,0,0,0,0,0,0,0,0,0,0,0.000950265631803247,0,0,0,0,0,0,0,0,0,0,0,0,0.00113752409481622,0,0.00121997439153226,0,0,3.66303060262722e-05,0,0,0,0,0,0,0,0
0.215742953458094,0,0.000556820414936599,0.000162840815814198,0.362034032709349,0.952784887721972,0.249793557243412,0,7.24182150197731e-05,0.8447266032992,0,0.0157080882835985,0,2.85121824199545,0.0406818961037602,0,0.00027539144577777,5.73361620241791e-05,0,0.0103842999915131,0.000226744611591851,0,0.000446596251880121,0.00010061551613637,0,0.000327181847711679,3.7854239338421e-05,0.00970499243238671,0.256553251413672,0.018813760032175,0,0.316458965940156,0.00117864180865552,0.0691364684365139,0.166102610477718,0.000181815739594139,0.000251328538638775,0.00977852822293266,0.00156928793400478,0.00700176088342121,0.0133799311243363,0,0,0,0,0,0,0,0,0,0,0,0,0,0,0,0,0,0,0,0,0,0,0,0,0,0,0,0,0,0,0,0,0,0,0,0,0,0,0,0,0,0,0.000193576230460479
0,0.0768222098967554,9.18740371335346e-05,0.0110823017769526,0,0.0002248580969953,0.00568893283929861,7.24182150197731e-05,0,7.43940030532618e-05,0.00138729633333354,1.12490161069011,0.0038764627378359,0,0.0532060776386533,0.0339299460416593,0.000327432934117272,0.000928406435835794,0.0011053886361506,0.0375288406468497,0.00077317810555844,1.8326110350891,0.000501654617982697,3.55637625142202,0.0427532037416224,0.00361407745705941,0.0149528202851027,0.192780082628788,0,6.45498065382152e-05,0,0,0,0,0.0436992333097164,0.00491708556986239,0.00143721468248156,0.000713745848620308,0,0.995279186712838,0,0,0,0,0,0,0.000194964565412081,0,0,0,0.0456798780968895,0,0.000212769089413298,0,0,0,0,1.18902526867613,0,0,0.000135903902934498,0,0,0,0.0131106092712544,0,0,0,0,0,0.240031102557314,0,0.25009414891298,0.012669527870666,0,0.00917182398660124,0.0145658444303491,0,0,0,0,0,7.06914637065119e-05,0.00409544004402708
0.010068721195586,0,8.92681598522252e-05,0.660635303098615,0.000292269725038947,1.13928290841643,1.81951845930743,0.8447266032992,7.43940030532618e-05,0,0,1.00311376155276,0,0.161875576126967,0.00414301374520058,8.54636859571531e-05,0.000153612398167439,0,0,2.75021553231604,4.06310161181955e-05,0.000274175297828779,0,0.00327686000497452,0,6.40577445193226e-05,0,1.08594144967693,0.0300752838333305,0.000961016924513704,0,0.000622712886828996,0.00229487197446599,0.0134502385090541,0.000166613441251684,0,0,0.000335190786179785,0,0.000214911971234403,0.000117547986203804,0,0,0,0,0,0,0,0,0,0,0,0,0,0,0,0,0.000421556868218835,0,0,0,0,0,0,0,0,0,0,0,0,0,0,0.000310685835002371,0,0,0,0,0,0,0,0,0,0,0
0.000102793172695459,0.00592660521629776,0.000806614494862694,0,0,0,0,0,0.00138729633333354,0,0,0,1.78890378022462,0.000321189450217496,0,0.000303452269780223,0.000731830814039679,0.706514002150128,1.3748086490355,0,0,0.00470060870722457,0.000208244253392301,0.000605097581273812,0.735357391054462,0.193637883484481,0.0485062405110048,0.000274251306034233,0.00981878096363546,0,0.0428522775069012,0.0480335199370695,0,0.276244058352741,0,0.0042050027134494,0.992297854282657,0.886333568614483,0.0131840709213763,0,0,0.047909248819451,0,0.000189986567153442,0.000414275576859733,0.000350725043602139,0,0,0,0,0.000466126294403236,0,0,0,0,0,0,0,0,6.23566739775499e-05,0,0.00176002116008415,0,0,0,0.000243789896861336,0,0.000170715627043766,0,0,0.00014656444617683,0,0,0.0111838689562009,0.0011159781123744,0.00297179497239798,0,0,0,0,0,0,4.01513731209851e-05,0
0,0,0,0.831632806468255,0.000357139497149585,2.68050173400113,0.00134138797976063,0.0157080882835985,1.12490161069011,1.00311376155276,0,0,0,0.00150429788006523,0.298465530440441,0,0,0,0,5.26509481248472,0,0,0,1.25201256191556,0,0,0,0.00226440181384303,0.00518602298565469,0,0,0.000682293647589211,0.000542920627759133,0.00302340181481352,0.306481297076889,0,0,0.000704255399330295,8.94157677987749e-05,0.4111729097398,0.000259061759089396,0,0,0,0,0,0,0,0,0,0,0,0.000170897670452525,0,0,0,0,0.000206829476795317,0,0,0.146681376830784,0,0,0,0,0,0,0,0.0133068169161785,0,0,0,3.72158820204672e-05,0,0,0,0,0,0,0,0,0,0,0.00157492484367917
0,0.0246949679557195,0.000120587758354228,0,0,0,5.15437482271619e-05,0,0.0038764627378359,0,1.78890378022462,0,0,0,0,0.00116189727987013,0.000162282961523255,0.0045942354665495,0.00686167005718719,0,0.000339307453592052,0.0118134104098377,0.000196711247920187,0.00160469710818431,7.41079311049974,0.60319811656242,0.627661147749415,0.000170062252560109,5.4810145728109e-05,8.19597963896284e-05,5.27622296706034,0,0,0.00272609464742463,0.000102679435569449,0.243976552955845,0.419012356891157,0.0114550804875341,0.0136001028888061,0,0,0.727401541072141,0.000159417476644909,6.86726066050705e-05,0,0.000212218025254229,0,0,0,0,0.00188776527039034,0,0,0,0,0,0,0.00046514378752238,0,0.00120121665185614,0,0.322508614202106,0,0,0,0,0,0,0,0,0.000944123519403425,0,3.99554869717107e-05,0.00789526300916411,0.000281727110461941,0.0023416799969018,0,0,0,0,0,0,0,6.92220306750948e-05
2.80876305291279,0,0.00318959766583896,0,0.0627629583490652,0.0361701994470976,0.912646381018821,2.85121824199545,0,0.161875576126967,0.000321189450217496,0.00150429788006523,0,0,0.000176884903938647,0,0.00220297109241003,0,0,0.00360079151029055,0.000655492793071548,0,0.00269288285683053,0.00012521118900693,0,0.00106571057122133,0.000160591488786668,0.00230553840518048,3.72082119673626,0.0764536097760338,0,0.125806764837879,0.0027418476520307,0.0833773220557434,8.84845530459551e-06,0.00164588577784483,0.000398794808751094,0.0114686903753741,0.00201719747188401,0.000656366233249705,0.00321361373987281,0,0,0,0,0,0,0,0,0,0,0,0,0,0,0,0,0,0,0,0,0,0,0,0,0,0,0,0,0,0,0,0,0,0,0,0,0,0,0,0,0,0,6.11887751270231e-05
0,0,0,0,0.164856702736529,2.56862244235662,0.000831220055957751,0.0406818961037602,0.0532060776386533,0.00414301374520058,0,0.298465530440441,0,0.000176884903938647,0,0,0,0,0,0.00202870171801095,0.000196135281951156,0,0.000403788828595289,0,0,0,4.41024600081109e-05,2.25745248643198e-05,0.00167767137457708,0,0,0.00832062916296912,0,0.00297579246342816,0.157511253757151,0.00150933321266752,0.00678953162464078,0.0106428457003263,0.028117647099779,0.242660069838741,0.0115632076586156,0,0.00152828358351293,0.00206722298299031,0.00377317182269583,0.0097844062397499,0.00982353689489608,0,0,0,0,0,0,0,0.000544582116425128,0,0,0,0,0,0.000150489064934867,0,0,0.0301245868566625,6.62417597798066e-05,0,0,0,0,0,0,0,0,0,2.50811472062955e-05,0,0,0,0,0,0,0,0,0.0122232878661052
0,0.0804584904517239,0.0202936695117546,0,0,0,0.000674362961791386,0,0.0339299460416593,8.54636859571531e-05,0.000303452269780223,0,0.00116189727987013,0,0,0,0.00113017466471685,0.000230820830384108,0.000456548035759815,0,0.272611923942495,4.35913801496237,0.909007137093701,0.856199513740685,0.0138960662076741,0.00149662126287071,0.35519815491203,0.130221074036229,4.93532542281171e-05,0.0055901297816293,0,0,0,0.0049005502074691,0.00051529830714747,0.0383552412888536,0.00530509544763221,0.0271293733215772,0.0214476478392655,0.00331084538269345,0,0,0,0,0,0,0,0,0,0,0.00766033507696384,0,0,0,0,0,0,0.00615518191802416,0,0,0,0,0,0,0,0,0,0,0,0,0.033550792688116,0,0.00134712257168175,0.00178626286755216,0,0.00196028474011114,0.000154468703154222,0,0,0,0,0,0,0.000234763259840965
0.00568899037069946,0.000239888044611083,0.700259779128302,0,0,0,0.00131373606345029,0.00027539144577777,0.000327432934117272,0.000153612398167439,0.000731830814039679,0,0.000162282961523255,0.00220297109241003,0,0.00113017466471685,0,0.00243738824896449,0.594617907442177,0,0.0226355945890912,0.000201824811633236,1.24862133362031,5.31528521013837e-05,0.00185171860174975,1.54299499305342,0.0122165976294427,0.00414479269680537,0.00410521068007432,0.0272968108199865,0,0,0.000411129328958652,0.0470787637793147,4.58059970670201e-05,0.00542153674460129,0.242415883074155,0.0155623935465398,0.00468716716682363,0.000253882006784405,0,0,0,0,0,0,0,0,0,0,0,0,0,0,0,0,0,0,0,0,0,0,0,0,0,0,0,0,0,0,0,0,0,0.000153349036144581,0,0.000108561708284563,0,0,0,0,0,0,0,8.60358999639547e-06
0,0.00246964786265658,0.000315618747892067,0,0,0,0,5.73361620241791e-05,0.000928406435835794,0,0.706514002150128,0,0.0045942354665495,0,0,0.000230820830384108,0.00243738824896449,0,2.08386762375238,0,4.98635005102047e-05,0.00305135239173245,0.000433929600380224,0.000161039049049131,0.121649424087724,0.559571111693416,0.017298913052965,0.000169324223653344,4.55444042035151e-05,0.000115690276219656,0,0,0,0,0,4.38837550649942e-05,0.00772399352564228,0.00184394141183851,0.000365531852321459,0,0,0,0,0,0.000269585017449031,0,0,0,0,0,0.000655377941686252,0,0,0,0,0,0,0,0,0,0,0,0,0,0,0,0,0.000546512601185978,0,0,0,0,0,0.00886944891625071,0.000387836816594357,0.00180004601823413,0,0,0,0,0,0,0.000258184943698028,0
0.000336118547533192,0.00713075688677747,0.00472753988832704,0,0,0,8.62780737105012e-05,0,0.0011053886361506,0,1.3748086490355,0,0.00686167005718719,0,0,0.000456548035759815,0.594617907442177,2.08386762375238,0,0,0.000568598184056442,0.00468819323027433,0.00268694497828628,0.00083048331031973,0.218301246425739,1.22296666470437,0.0568148220369561,0.000500191823447277,4.79698016550983e-05,0.00085624487757124,0,0,0.00012497891466682,0.1010127302289,1.0661946531845e-05,0.00564010199167723,0.158536289800588,0.317786125235263,0.0683900311519708,0,0,0,0,0.000383900675624373,0.00339284043726585,0.000528556508254929,0,0,0.000808960711088838,0,0.00549170283617399,0,0,0,0,0,0,0,0,0.000156489638654445,0,0.000651862885751001,0,0,0,0,0.000252499464563377,0.00109529502361746,0,0,0.0011728455422411,0,0.00010770243288338,0.0449988121612681,0.00499330059446116,0.010212898083162,0,0,0,0,0,0,0.000240218036180167,0
0.00162014458177524,0,0,4.69113636830808,0.000861907923391247,0.0642233097015937,0.0246104551554804,0.0103842999915131,0.0375288406468497,2.75021553231604,0,5.26509481248472,0,0.00360079151029055,0.00202870171801095,0,0,0,0,0,0,0,0,0.54774571252862,0,0,0,0.183645852778652,0.00865876810838321,0,0,0.000107133752743771,0.00141579234662509,0.00585299809824633,0,0,0,0.000505472511431695,0,0.00448816370149227,0.000317844595985114,0,0,0,0,0,0,0,0,0,0,0,0.00535839678579953,0,0,0,0,0.000588910522454966,0.000116205143499217,0,0.0122660350044476,0,0,0,0,0,0,0,0.0206463451459892,0,0,0,0.000231485711308793,0,0,0,0,0,0,0,0,0,0,0
0.00169742811810318,0.000165516863310481,0.340702464401067,0,0,0,0.0112100886817953,0.000226744611591851,0.00077317810555844,4.06310161181955e-05,0,0,0.000339307453592052,0.000655492793071548,0.000196135281951156,0.272611923942495,0.0226355945890912,4.98635005102047e-05,0.000568598184056442,0,0,0.00525134074017696,3.79705279259437,0.00612263389147344,0.000234554051998971,0.0157127084598512,0.010416002601348,1.42414994853775,0.0337226965014151,1.65342982619512,0,0,0.0164908639538818,0.188232332871322,0.00289321529322214,0.112542576675555,0.0367396986014486,0.275535228783475,0.103841463860546,0.0151379882800601,0.000145420689964465,0,0.000720000653703638,4.84029451739993e-05,4.69657667749241e-05,0.000464049836045683,3.40439381146373e-05,0,0,0,0,0,0,0,3.33849496956737e-05,0,0,0,0,0,0,0,0,0,0,0,0,0,0,0,6.6771083337577e-05,0,0.000317368585552448,0,0.000112145462398342,0,0,0,0,0,0,0,0,0.00078903895611142
0,1.27164759756747,7.49775869817977e-05,0,0,0,0.00123548890093021,0,1.8326110350891,0.000274175297828779,0.00470060870722457,0,0.0118134104098377,0,0,4.35913801496237,0.000201824811633236,0.00305135239173245,0.00468819323027433,0,0.00525134074017696,0,0.00130595298981748,0.891367735152869,0.250568505591245,0.0111001491839048,0.834188269296284,0.0889667396969,0.000141743333851765,0.00143816300063049,0,0,0,0.000708357455300922,8.82800055270398e-05,0.00412353177588995,0.00386372108588312,0.00306757718918553,0.00261992613515702,0,0,0,0,0,0,0,0,0,0,0,0.365675384775319,0,0,0,0,0,0,0.379791205952775,0,0,0,0,0,0,0.0124656938278326,0,0,0,0,0,1.18871940050358,0,0.0231226335696627,0.0729783911373165,0.000870956316206335,0.0489562639236462,0.00031628914832014,0,0,0,0,0,0.000259633930835224,0
0.005909896029663,0.000125197190608028,2.96534692714267,0,0,0,0.00701574826352144,0.000446596251880121,0.000501654617982697,0,0.000208244253392301,0,0.000196711247920187,0.00269288285683053,0.000403788828595289,0.909007137093701,1.24862133362031,0.000433929600380224,0.00268694497828628,0,3.79705279259437,0.00130595298981748,0,0.00499408921173211,0.000533187320206315,0.0676393341746569,0.733359841690397,0.209942355553246,0.0039375177436732,0.253475298923749,0,0,0.000260769807231426,0.0924452797402954,0.0035056609583832,0.109782092448413,0.120263395413841,0.257749331675378,0.125421568376076,0.0183217010181577,0.000435594263271758,0,0.000624365319810524,0,3.07232581585077e-05,0.0013983967317631,0,0,0,0,6.60907960359615e-05,0,0,0,0,0,0,0.000102443567156571,0,0,0,0,0,0.00039852904750514,0,0,0,0,0,0,0.000127005125201207,0,8.10224136271634e-05,0,0,0.000107016863666523,0,0,0,0,0,0,0,0.00167241646058264
0,0.0368023318012018,0.00280025330431897,1.7437713388905,0,3.484445216717e-05,0.0159596568617981,0.00010061551613637,3.55637625142202,0.00327686000497452,0.000605097581273812,1.25201256191556,0.00160469710818431,0.00012521118900693,0,0.856199513740685,5.31528521013837e-05,0.000161039049049131,0.00083048331031973,0.54774571252862,0.00612263389147344,0.891367735152869,0.00499408921173211,0,0.0201126696467929,0.00244147269664409,0.0482215225821531,1.6535687390522,2.708997240225e-05,0.0015143332135978,0,0,0,0.000761405280583424,2.43489568553705e-05,0.00568131414993069,0.00133218338530219,0.00398452303530537,0.00277970694663494,0.00347234335975351,0,0,0,0,0,0,0,0,0,0,0.0111260067022728,0,0.0503667999661391,0,0,0,0,0.0969115165825093,0,0,0.0230632307493093,0,0,0.000345374650392537,0.00501680281970983,0,0,0,0.00310519331413987,0,0.0570189107981264,0,0.140709247721297,0.00473752730908763,0.000120520200639806,0.00360639246954007,0.0157560805035347,0,0,0,0,0,0,0
0.000154254705800249,1.34967806214371,0.000297308418458091,0,0,0,0.000107342639176475,0,0.0427532037416224,0,0.735357391054462,0,7.41079311049974,0,0,0.0138960662076741,0.00185171860174975,0.121649424087724,0.218301246425739,0,0.000234554051998971,0.250568505591245,0.000533187320206315,0.0201126696467929,0,0.454687345151718,0.665247117355803,0.00237357999724569,0,0.000118843167948871,0.0829516121489703,0,0,0.00512346994142708,0,0.0893992359542396,0.646895408294668,0.0575713982841182,0.0503766054755627,0,0,0.182800545520672,5.08569115281231e-05,0.000387983799445803,0,0.000415297744450163,0,0,0,0,0.204460230971048,0,0,0,0,0,0,0.0123456237401993,0,0,0,0.091008495916674,0,0,0.000628106775663113,0,0.000287468950888818,0.00145960361180601,0,0,0.0423522965728416,0,0.000581362933210519,0.174926549364633,0.00544262408676427,0.0510312847532163,0,0,0,0,0,0,0.000562611196206264,5.04979073281009e-06
0.00212645308174557,0.0190394357174152,1.5355440700593,0,0,0,0.000582834658911281,0.000327181847711679,0.00361407745705941,6.40577445193226e-05,0.193637883484481,0,0.60319811656242,0.00106571057122133,0,0.00149662126287071,1.54299499305342,0.559571111693416,1.22296666470437,0,0.0157127084598512,0.0111001491839048,0.0676393341746569,0.00244147269664409,0.454687345151718,0,1.65161758424669,0.00404667250587436,0.00156043095232824,0.0251089473622454,0.59948804483486,0,0.000135910594747234,0.00558806066078781,4.68194904860397e-05,0.00206980029231401,0.133670531333559,0.0186020450081899,0.00447073759070255,0.000161055735161425,0,0,0,0.00048651164840808,0.000456401449045415,0.000127071532974518,0,0,0,0,0.00215955693727867,0,0,0,0,0,0,0.000162623551075695,0,4.76108890157863e-05,0,0.000593332084995648,0,0,0,0,0,0.00127547687125638,0,0,0.000728729267650255,0,3.3924501414414e-05,0.0282920016341572,0.00519038259851416,0.0234988886757677,0,0,0,0,0,0,0.000448248283978006,3.84309852801961e-05
0.000271978193443875,1.13604225474713,1.3615165705417,0,0,0,0.000365032292553911,3.7854239338421e-05,0.0149528202851027,0,0.0485062405110048,0,0.627661147749415,0.000160591488786668,4.41024600081109e-05,0.35519815491203,0.0122165976294427,0.017298913052965,0.0568148220369561,0,0.010416002601348,0.834188269296284,0.733359841690397,0.0482215225821531,0.665247117355803,1.65161758424669,0,0.0196911392775888,0.000145867526487749,0.00255040197351983,0.326058835409012,0,3.0425891586007e-05,0.0141020563575332,0.000319608866472078,0.00648888416131791,0.0271391127974182,0.0288515427226306,0.00962639347728875,0.000766763963435754,0.00013723520380675,1.77185385729791e-05,0.000150424826485232,0.000582803486123024,0.00133528589057127,0.000400044533395473,0.000116995041227813,0,0,0,0.0219839695372809,0,0,0,0,0,0,0.00212713072543493,0,0.000603440576271566,0,0.00147044214644495,0,2.38846491189362e-05,6.91268935379501e-05,0,0,0.00336542746900331,0,0,0.0152795130655392,0,0.00106226720445305,0.051195658321852,0.0158546676954958,0.0878383515820635,9.29892254932993e-06,0,0,0,0,0,0.000740803436599692,4.99658574797616e-05
0.00281020404458219,0.00332838085569252,0.108454922888382,1.38075871034224,0,0.00734538946249721,3.18247169410559,0.00970499243238671,0.192780082628788,1.08594144967693,0.000274251306034233,0.00226440181384303,0.000170062252560109,0.00230553840518048,2.25745248643198e-05,0.130221074036229,0.00414479269680537,0.000169324223653344,0.000500191823447277,0.183645852778652,1.42414994853775,0.0889667396969,0.209942355553246,1.6535687390522,0.00237357999724569,0.00404667250587436,0.0196911392775888,0,0.00189916887342606,1.03284870124359,0,0,0.000130902324444926,0.0399679529640962,0.00141423023562968,0.0569691614868399,0.0059254530303168,0.0785205170288441,0.042120497191478,0.00500135088974816,6.30397883315402e-05,0,0.000367154432568333,0,0.000536559485641771,0.000473164364147723,0,0,0,0,0.00202002304828935,0,0.0283809204308121,0,0,0,0,0.0371306173555877,0.00177013009154596,0,0.00123671422821063,0,9.61580798153599e-05,5.94432641663897e-05,0.00141077475862015,0,0,0,0.0135086570157681,0,0.0155682487945717,0,0.0483636427335265,0.000756493339743112,0,0.00119899238799974,0.0228728047217357,0,0,0,0,0,0,0.000850809440105331
0.625687492318249,0,0.00359819270461234,0,0.249245103933994,0.0494459743316966,0.0429833826359094,0.256553251413672,0,0.0300752838333305,0.00981878096363546,0.00518602298565469,5.4810145728109e-05,3.72082119673626,0.00167767137457708,4.93532542281171e-05,0.00410521068007432,4.55444042035151e-05,4.79698016550983e-05,0.00865876810838321,0.0337226965014151,0.000141743333851765,0.0039375177436732,2.708997240225e-05,0,0.00156043095232824,0.000145867526487749,0.00189916887342606,0,1.30723392029128,0,0.854096175377882,2.43843278699081,1.67959228360811,6.8192011788068e-05,0.0192025031079502,0.00104756380147874,0.117835286187266,0.0217961907866486,0.00261733720260016,0.056991731409172,0,2.49832578138223e-05,0,0,1.98393581661124e-05,0,0,0,0,0,0,0,0,0,0,0,0,0,0,0,0,0,0,0,0,0,0,0,0,0,0,0,0,0,0,0,0,0,0,0,0,0,7.32166622937119e-05
0.437841293404195,0,0.270320187875864,0,9.18533662223238e-05,3.36645045310338e-05,1.24763627676526,0.018813760032175,6.45498065382152e-05,0.000961016924513704,0,0,8.19597963896284e-05,0.0764536097760338,0,0.0055901297816293,0.0272968108199865,0.000115690276219656,0.00085624487757124,0,1.65342982619512,0.00143816300063049,0.253475298923749,0.0015143332135978,0.000118843167948871,0.0251089473622454,0.00255040197351983,1.03284870124359,1.30723392029128,0,0,0.000151758530847884,0.308741315593829,0.463603151463011,0.000601139323701734,0.0317449411453526,0.00822255965731811,0.0842963404869396,0.0304863221917175,0.00213132977091244,0.000354178722020784,0,0.000378311388228065,1.86446487790617e-05,0,0.000141049175512262,0,0,0,0,0.000116819835136416,0,0,0,0,0,0,0,0,0,8.2363383280569e-05,0,0,0,0,0,0,0,0,0,0.000172443665685292,0,1.82818939984705e-05,0,0,0,0,0,0,0,0,0,0,0.000358889678581333
0,0,0,0,0,0,0,0,0,0,0.0428522775069012,0,5.27622296706034,0,0,0,0,0,0,0,0,0,0,0,0.0829516121489703,0.59948804483486,0.326058835409012,0,0,0,0,0,0,0,0,0,0.000121054824564672,0.000160339447040033,0,0,0,0,0,0,0,0,0,0,0,0,0,0,0,0,0,0,0,0,0,0,0,0.039094404842189,0,0,0,0,0,0,0,0,0,0,0,0,4.50200911989284e-05,0.000210972923166007,0,0,0,0,0,0,0,0
0.000974166682553559,0,0,0,2.87224172615462,0.303101913583743,0.000373470176030718,0.316458965940156,0,0.000622712886828996,0.0480335199370695,0.000682293647589211,0,0.125806764837879,0.00832062916296912,0,0,0,0,0.000107133752743771,0,0,0,0,0,0,0,0,0.854096175377882,0.000151758530847884,0,0,0.00373565426783005,0.518461710504076,0,0.000177494564101099,0,0.0111694245163961,0.00555304692835814,0.00697254282447077,0.235065942236771,0,0,0,0,0,0,0,0,0,0,0,0,0,0,0,0,0,0,0,0,0,0,0,0,0,0,0,0,0,0,0,0,0,0,0,0,0,0,0,0,0,0,0
0.0381217082519815,0,0.000292256407733849,0,0.00131619542447208,0.000433692562786553,0.00246118661992232,0.00117864180865552,0,0.00229487197446599,0,0.000542920627759133,0,0.0027418476520307,0,0,0.000411129328958652,0,0.00012497891466682,0.00141579234662509,0.0164908639538818,0,0.000260769807231426,0,0,0.000135910594747234,3.0425891586007e-05,0.000130902324444926,2.43843278699081,0.308741315593829,0,0.00373565426783005,0,1.38343494415725,0.000118472419869596,0.0248570827094239,0.00166283965937418,0.176420384191214,0.0389928732755893,0.00109550344535245,0.00274324748858551,0,0,0,0,0,0,0,0,0,0,0,0,0,0,0,0,0,0,0,0,0,0,0,0,0,0,0,0,0,0,0,0,0,0,0,0,0,0,0,0,0,0,7.97403415916291e-05
0.0375134609391701,0,0.0437574929693953,0,0.0950644525845847,0.0289992629712101,0.00852335971438281,0.0691364684365139,0,0.0134502385090541,0.276244058352741,0.00302340181481352,0.00272609464742463,0.0833773220557434,0.00297579246342816,0.0049005502074691,0.0470787637793147,0,0.1010127302289,0.00585299809824633,0.188232332871322,0.000708357455300922,0.0924452797402954,0.000761405280583424,0.00512346994142708,0.00558806066078781,0.0141020563575332,0.0399679529640962,1.67959228360811,0.463603151463011,0,0.518461710504076,1.38343494415725,0,0.00176347374179859,0.120087341036448,0.299071000672663,2.87594420985474,0.216173330836967,0.00827395583274815,0.276629333991268,0.0128376082650321,0.00178117217589421,0.000208060878291796,0.000475411563136133,0.000379840534048723,0,0,0,0,0,0,0,0,0,0,0,0,0,0,0,0,0,0.000167034841719061,0,0,0,0,0,0,0,0,0,0.000440580448412293,0,0,0,0,0,0,0,0,0,0.000800428834836284
2.29046080098339e-05,0,0.000335109474085858,0,0,0.584895636413832,0,0.166102610477718,0.0436992333097164,0.000166613441251684,0,0.306481297076889,0.000102679435569449,8.84845530459551e-06,0.157511253757151,0.00051529830714747,4.58059970670201e-05,0,1.0661946531845e-05,0,0.00289321529322214,8.82800055270398e-05,0.0035056609583832,2.43489568553705e-05,0,4.68194904860397e-05,0.000319608866472078,0.00141423023562968,6.8192011788068e-05,0.000601139323701734,0,0,0.000118472419869596,0.00176347374179859,0,0.0604320046794377,0.0245043932920895,0.0198700033506204,0.0284099364392333,0.0157912721365049,0.000565198828504591,4.03534073851225e-05,0.017594454847694,0.0113398009087966,0.0119005723225041,0.0207406952903832,0.00353960353803022,0,3.10109652734876e-05,0,0,1.53671276814592e-05,0,0,0.000719826247514564,0,0,0,0,0.000118985857631026,0.00179613875623266,1.17102722263507e-05,0,0.0102893488891683,0.000279785966957552,0,0,6.78995225939882e-06,0,4.39140463101314e-05,0,0.000262257562654312,0.0004382316038881,0,0,0,9.84360721366034e-05,5.00989401583099e-05,2.44850828813471e-05,0,0,1.69225243620732e-05,4.17804908799559e-05,0.98181565302014
0.00309345614546749,0.000510294552773888,0.0207298571269933,0,6.12257435065513e-05,0.000145184677790304,0.000617655724132792,0.000181815739594139,0.00491708556986239,0,0.0042050027134494,0,0.243976552955845,0.00164588577784483,0.00150933321266752,0.0383552412888536,0.00542153674460129,4.38837550649942e-05,0.00564010199167723,0,0.112542576675555,0.00412353177588995,0.109782092448413,0.00568131414993069,0.0893992359542396,0.00206980029231401,0.00648888416131791,0.0569691614868399,0.0192025031079502,0.0317449411453526,0,0.000177494564101099,0.0248570827094239,0.120087341036448,0.0604320046794377,0,3.48820121677399,0.834004548460826,1.12795263993975,0.397424896490322,0.00110059485882664,0.157565184483928,0.0905953449677206,0.0245201655351385,0.00992323471686293,0.0161487096382121,0.00165530593020441,0,0,0,0,0,0,0,0.000381931591901918,0,4.36822102192792e-05,0,0,0.000350752201463772,0,7.83385689970184e-05,0,0.00149009251987249,0.000572795392205511,0,0,0,0,0.000120502097035648,0.000135140520534684,9.91076706253792e-05,0,0.000339447389285469,0,7.36155085446282e-05,0,0,3.29704629980013e-05,0,0,0,0,0.029057590446568
0.000288054771416513,0.00480053549152567,0.080808534015298,0,0,0.000367667356093976,8.33212775923353e-05,0.000251328538638775,0.00143721468248156,0,0.992297854282657,0,0.419012356891157,0.000398794808751094,0.00678953162464078,0.00530509544763221,0.242415883074155,0.00772399352564228,0.158536289800588,0,0.0367396986014486,0.00386372108588312,0.120263395413841,0.00133218338530219,0.646895408294668,0.133670531333559,0.0271391127974182,0.0059254530303168,0.00104756380147874,0.00822255965731811,0.000121054824564672,0,0.00166283965937418,0.299071000672663,0.0245043932920895,3.48820121677399,0,2.60289782848647,2.25754451694901,0.183093020780218,0.00503723211671117,1.91558421958451,0.0225311766692081,0.00269260346800627,0.00226959718747004,0.0159394810985129,0.0020675888046276,0,0,0,0.00134785769327309,0,0,0,0.000509984898336651,0,0,0,0,4.09667998490341e-05,0.000103187637035979,7.60164849728118e-05,0,0.00545081055179719,0.000294723890820027,0,0,0.000538807404745149,0,0,0,9.18869881739552e-05,0,0.0123570869321401,0.000816190826239842,0.00147728540859629,0,0,0,0,0,0,0,0.0153873958424707
0.00840146702782534,0.00048455142475344,0.0745826209454085,0,0.0115561991346991,0.00208487820304377,0.00111168638908921,0.00977852822293266,0.000713745848620308,0.000335190786179785,0.886333568614483,0.000704255399330295,0.0114550804875341,0.0114686903753741,0.0106428457003263,0.0271293733215772,0.0155623935465398,0.00184394141183851,0.317786125235263,0.000505472511431695,0.275535228783475,0.00306757718918553,0.257749331675378,0.00398452303530537,0.0575713982841182,0.0186020450081899,0.0288515427226306,0.0785205170288441,0.117835286187266,0.0842963404869396,0.000160339447040033,0.0111694245163961,0.176420384191214,2.87594420985474,0.0198700033506204,0.834004548460826,2.60289782848647,0,4.56468039929864,0.136446611417777,0.120431164094153,0.366839354632041,0.0103979193260612,0.00241984565184191,0.00158825117872448,0.0258159518131616,0.0010976536442069,0,0,0,0.000214414770888139,0,0,0,0,0,0,0.00037449088358309,0,0,0.000164448125942123,0,0,0.006892231335202,0,0,0,0,0,0,0.000607545869624899,0,6.12459316773842e-05,0.000898112540513758,0.000198256702781769,0.000468446079557316,0,0,0,0,0,0,0,0.0163986053331702
0.00158728129504002,0.000279441120791427,0.0310432453384568,0,0.00375392250596969,0.000324321497623771,0.000981423928658094,0.00156928793400478,0,0,0.0131840709213763,8.94157677987749e-05,0.0136001028888061,0.00201719747188401,0.028117647099779,0.0214476478392655,0.00468716716682363,0.000365531852321459,0.0683900311519708,0,0.103841463860546,0.00261992613515702,0.125421568376076,0.00277970694663494,0.0503766054755627,0.00447073759070255,0.00962639347728875,0.042120497191478,0.0217961907866486,0.0304863221917175,0,0.00555304692835814,0.0389928732755893,0.216173330836967,0.0284099364392333,1.12795263993975,2.25754451694901,4.56468039929864,0,0.343105855849097,0.329497922607555,0.101531995162457,0.0217285395264297,0.0216508448698853,0.0166175607029027,0.0375516702345679,0.0120878150052936,0,0,0,0,0,0,0,0.000165680430563354,0,0,0,0,5.43168461507402e-05,0,0,0,0.0273829437023359,0.000344150670140386,0,0,0,0,3.12312115972463e-05,0.000130626280304385,0.000126936859905323,0,0,0,2.72328829403886e-05,0,0,0,0,0,0,0.000354284609943266,0.0235562313648199
0,0,0.00237213866172721,0,0.147011988483199,0.26775373169601,0.000110172725220596,0.00700176088342121,0.995279186712838,0.000214911971234403,0,0.4111729097398,0,0.000656366233249705,0.242660069838741,0.00331084538269345,0.000253882006784405,0,0,0.00448816370149227,0.0151379882800601,0,0.0183217010181577,0.00347234335975351,0,0.000161055735161425,0.000766763963435754,0.00500135088974816,0.00261733720260016,0.00213132977091244,0,0.00697254282447077,0.00109550344535245,0.00827395583274815,0.0157912721365049,0.397424896490322,0.183093020780218,0.136446611417777,0.343105855849097,0,1.16091609978849,0,0.0042562508213321,0.000843201102879833,0.0048782534661059,0.0232554372275199,0.00821451606499825,0,0,0,0,0,0,0,0.00151374422445151,0,0,0,0,0,0.000648384818400786,4.46468020297032e-05,0,0.0125334322502132,0,0,0,0,0,0,0,0,0.000379019015929605,0,0,0,0,0,0,0,0,0,0.000635169912023111,0.0152127343621093
0.000193852786601646,0,0.000521047481831165,0,1.00834534178745,0.087116193445915,0,0.0133799311243363,0,0.000117547986203804,0,0.000259061759089396,0,0.00321361373987281,0.0115632076586156,0,0,0,0,0.000317844595985114,0.000145420689964465,0,0.000435594263271758,0,0,0,0.00013723520380675,6.30397883315402e-05,0.056991731409172,0.000354178722020784,0,0.235065942236771,0.00274324748858551,0.276629333991268,0.000565198828504591,0.00110059485882664,0.00503723211671117,0.120431164094153,0.329497922607555,1.16091609978849,0,0,6.82303437169315e-05,0.000450416413386431,0.000349272545664752,0.0014757572178188,0,0,0,0,0,0,0,0,0,0,0,0,0,0,0,4.71082720912442e-05,0,0.0010713650979461,0,0,0,0,0,0,0,0,0,0,0,0,0,0,0,0,0,0,0,0.000376900811384999
0,0,0.000307725602939887,0,0,0,0,0,0,0,0.047909248819451,0,0.727401541072141,0,0,0,0,0,0,0,0,0,0,0,0.182800545520672,0,1.77185385729791e-05,0,0,0,0,0,0,0.0128376082650321,4.03534073851225e-05,0.157565184483928,1.91558421958451,0.366839354632041,0.101531995162457,0,0,0,9.05632230409573e-05,0.000161890105231446,0,0,0,0,0,0,0.000717683343029463,0,0,0,0,0,0,0,0,0,0,0,0,0,0,0,0,0,0,0,0,0,0,0,0,0,0,0,0,0,0,0,0,0
0,0,4.14597469052566e-05,0,0,0,0.000201549482244146,0,0,0,0,0,0.000159417476644909,0,0.00152828358351293,0,0,0,0,0,0.000720000653703638,0,0.000624365319810524,0,5.08569115281231e-05,0,0.000150424826485232,0.000367154432568333,2.49832578138223e-05,0.000378311388228065,0,0,0,0.00178117217589421,0.017594454847694,0.0905953449677206,0.0225311766692081,0.0103979193260612,0.0217285395264297,0.0042562508213321,6.82303437169315e-05,9.05632230409573e-05,0,3.4504343113446,0.642873427681697,1.11579852690533,0.183056337890498,0,0.153692912083869,0.00133672982915129,0,0.00964703805106679,0.00121942880882248,0,5.13385298682549e-05,0.00348653514685932,0.000146307079940115,0.000763734047803033,0.00178239104398102,0.164975269963905,0.000989032853564643,0.0161768865811313,0.000885492096964622,0.00173105706636617,0.0193605074371659,0.00202526710005611,0.000189186759256157,0.00296966456816051,0.00168954409656728,0.00797596421798522,0,0.0209850643783807,0.00236618219065665,0.00899802671059882,0.00700503939461389,0.00221355755107357,0.00977676521010508,0.00239730085566702,0.0096913220982475,0.00202593606039464,0,0.000646828303370595,0.0534744458003389,0.0684395040489382
0,0.000546311915859923,0,0,0,0,0,0,0,0,0.000189986567153442,0,6.86726066050705e-05,0,0.00206722298299031,0,0,0,0.000383900675624373,0,4.84029451739993e-05,0,0,0,0.000387983799445803,0.00048651164840808,0.000582803486123024,0,0,1.86446487790617e-05,0,0,0,0.000208060878291796,0.0113398009087966,0.0245201655351385,0.00269260346800627,0.00241984565184191,0.0216508448698853,0.000843201102879833,0.000450416413386431,0.000161890105231446,3.4504343113446,0,3.71654337974333,2.57745923450216,0.0203698431848041,0,2.81097372425163,0.000839262713899659,0.000198527572820851,0.0121841165325006,0.000437413463916375,0,0,0.00040966303707603,0.000107849580933204,0,0.000347726625973396,0.552169705914603,7.79712930427065e-05,0.335738205652654,0.000450251820989212,0.00110623719354461,0.00573398379743982,0.278020979836285,0.0120738117153228,0.0547373088380958,0,0.0026478395421368,0,0.0277347512268835,0.000677725204272603,0.227169355507826,0.100216294595488,0.0152826893075914,0.00147717711105481,0.000359077131701913,0.000378700646734979,0.0271634275655889,0,0,0.597004187333415,0.0300790785803822
0,0,0,0.000239914396407415,0,0,0,0,0,0,0.000414275576859733,0,0,0,0.00377317182269583,0,0,0.000269585017449031,0.00339284043726585,0,4.69657667749241e-05,0,3.07232581585077e-05,0,0,0.000456401449045415,0.00133528589057127,0.000536559485641771,0,0,0,0,0,0.000475411563136133,0.0119005723225041,0.00992323471686293,0.00226959718747004,0.00158825117872448,0.0166175607029027,0.0048782534661059,0.000349272545664752,0,0.642873427681697,3.71654337974333,0,6.21521302896449,0.0475042390569057,0.30292014551525,0.53157582770126,0.0176392364306521,0.00169214096314416,0.0274331552099292,0.00282940949922295,0,0.00347985679099927,0.0127220568126447,0.0085211237576409,0,0.00732548864255618,0.929474253566724,0.0115655659765829,0.103186988630672,0.0227289210062366,0.00174894825384464,0.0464838251349758,0.0469341293884077,0.014264397154308,0.239937525049766,0.0226422898130372,0.0679603913062176,0,0.101047069781135,0.00722884218783343,0.117949228840182,0.0971718008981331,0.0402241000869199,0.0294873393622485,0.156888854169289,0.0631612333204191,0.0103872800430878,0.022100207505055,0.136603731306208,2.7603568562728,0.0180919324928786
0,0,0.00138371038677654,0,0,0,0,0,0,0,0.000350725043602139,0,0.000212218025254229,0,0.0097844062397499,0,0,0,0.000528556508254929,0,0.000464049836045683,0,0.0013983967317631,0,0.000415297744450163,0.000127071532974518,0.000400044533395473,0.000473164364147723,1.98393581661124e-05,0.000141049175512262,0,0,0,0.000379840534048723,0.0207406952903832,0.0161487096382121,0.0159394810985129,0.0258159518131616,0.0375516702345679,0.0232554372275199,0.0014757572178188,0,1.11579852690533,2.57745923450216,6.21521302896449,0,0.261469766167585,0.341342837447973,0.0526976883303369,0.0048912060617381,0,0.0103436483787474,0.000183138485600753,0,5.43333549283573e-05,0.000662526645796983,0.000379515851433595,0.000420065101323804,0.000111466206799443,0.0908844541747777,0,0.0217173701553767,0.000651515236923046,0.0157162367286771,0.0373104673661478,0.00424208887623811,0.00266665778464151,0.0337608615745109,0,0.0208786809345131,0.000159927771903553,0.0351631616507254,0.00288277907493128,0.0177351907107346,0.0137513690289257,0.00677948748802933,0.0128680645461874,0.00618305075171666,0.0188876131367892,0.00353567646035665,0.000549396774772698,0.0110251948084637,0.147088696416257,0.0275741521468985
0,0,0,0,0,0,0,0,0.000194964565412081,0,0,0,0,0,0.00982353689489608,0,0,0,0,0,3.40439381146373e-05,0,0,0,0,0,0.000116995041227813,0,0,0,0,0,0,0,0.00353960353803022,0.00165530593020441,0.0020675888046276,0.0010976536442069,0.0120878150052936,0.00821451606499825,0,0,0.183056337890498,0.0203698431848041,0.0475042390569057,0.261469766167585,0,2.86717374514311,0,0.000759115543830382,0,0,0.000846827759530865,0.0900953842506712,0.732839628935216,0.000772922777869101,0.116104207168102,1.52073486453092,8.92579183865972e-05,0.000109379859856193,0.171486262300569,0,0.0163931450390281,1.56070158125711,0.00132396290260033,0,0,0,0.00618872477384746,0.000966394131623382,0,0.00141939973517268,0.0177085609105395,0,0,0,0.000594139973639019,0.070573496840687,0.000382972380572166,0,0.122567506404291,0,0.0230668084067187,0.00484583516890199
