0,0.0018203822617976,0.148221852925642,0.0129006833612601,0.00173900503884223,0.00820112934422354,1.96128038269292,0.650337566635029,0.0379028474653596,0.031359877331024,0.000927618317886911,0.0037159923046697,0.000670987143490915,3.73862875839262,0,0.00295065752243099,0.0242066627108749,0.000162595797964377,0.0011526083013462,0.0250900531746258,0.0325612374973805,0.00451689133027002,0.0637574007785492,0.067083213274953,0,0.00373609004426325,0.0094156845775788,0.0918543139034923,0.72256830077778,0.934106668796689,0,0.0090230837897069,0.0106956371795162,0.105840217061809,0.000539228421039336,0.0124003157724179,0.00141886604878273,0.0388468044874981,0.0417458900831072,0.00350732350907293,0.0111806973562125,0.00105167364025206,0.0011834643614046,0.000844520392228876,0.00176359676394877,0.00203784242585945,0.00131473950444871,0,0,0.00237078566361248,0.000540354523608563,0.000164029979360456,0.000189146660805498,0,0,0.00160327259983062,0.00095439969683927,0.00946723400047568,0.000236534787800979,0,0.000392498260013094,0.00012225650650451,0.00153436230394491,0,0.000330251882621722,0,0,0,0.000501562520280704,0.000227371107125512,0.00059363425886039,0.000173024611649003,0.00586292755175558,0,0.000335471479761065,0.000442868846488121,0.00342530541400464,0.00248420834619344,0.000952273615769306,0,0,0.000875728217633879,0.00109390576647635,0.000296095072626727
0.0018203822617976,0,0.0819650630493576,0,0,9.60280105417322e-05,0.00111970372231144,0.000612638070920663,0.199304146344066,0.000443238090479562,0.0283980070137746,0,0.108545916393907,0.000458373305330083,0.000125245933345619,0.0392561278503274,0.149273306078141,0.0299381489550891,0.19433668459277,0.00113159486953873,0.000861199974395844,2.78294224624939,0.00983586307199438,0.0556237365580777,4.34044035468414,0.0704992768919103,0.77898955798151,0.00197410440732532,0.00189174759014569,0.00574384162543613,0.0151638650389928,0.000150448963670537,0.00128801098141905,0.161513059594473,0.00224528521826959,0.109847935556875,0.151271859505494,0.22699883981305,0.17302787885454,0.00261913015794187,0.00118483084815416,0.030217613883815,0.0328718718004668,0.0406856638528722,0.0370088296108855,0.0316805163239156,0.0019386185513167,0.000355923261166803,0.000890374716442419,0,0.593153215258529,0.0289993888174132,0,0,0,0.000615568205912055,0.000158910590927612,0.0154595008208664,0,0.00155988117532038,0,0.00338896990271288,0.000359116240172685,0.00111385734895839,0.0237096501669564,0.0555317686172355,0.00742580355342786,0.0390172810909378,0,0.00230727857444897,0.13691946543694,0.00711106691809806,0.00397200823865185,0.0483204351758608,0.0508013960172814,0.122726956049062,0.00166255121262318,0.000753541026046614,0.00190840411454683,0.00328993963988266,0,0,0.0301305726100903,0.00191571434218771
0.148221852925642,0.0819650630493576,0,0.00549889657553453,0.0015351086419958,0.00178465914352801,0.157682595407494,0.0863845075383086,0.0238597438282244,0.00961837475898782,0.00161914948158728,0.000990933410328515,0.00272769061472398,0.0660445607821271,0.000218137110219589,0.0540585094809967,1.72699396117408,0.00127896725050172,0.0333826730366691,0.00299783428365779,0.335713707324336,0.0544574519440917,3.54954102539597,0.0828187994133651,0.011774434461359,1.56239497441899,2.00346630306821,0.179911654695934,0.102780236750121,0.369413016172717,0,0.00413909395255572,0.028600991102238,0.385385420762433,0.00313452829890099,0.10889209263022,0.0126674694427978,0.258713391667107,0.226577820545822,0.00916502480269237,0.00591415226933428,0.00209349245973983,0.0247180268298427,0.0155505687482027,0.0224361428543398,0.0183544715815775,0.000414449778800318,0.000587187645502263,0.000236740117386513,0.00124786337807221,0.0837753508663857,0.026740602651051,0,0,0,0.000437403213092185,0.000236957659575633,0.0064716117737393,0.000277852331974747,0.000469711996312809,0,0.00022524485896644,0.000852132473445906,7.83899021182949e-05,0.0107450160492879,0.0268151006170384,0.00240340452584559,0.00943188631722208,0,0.00179883253359935,0.01557850333007,0.00625431449251549,0.00359103769173474,0.00516022580878075,0.0256927305115892,0.0833586084310555,0.00175893366688032,0.000544079914109244,0.00110915279631483,0,0,5.5167055017145e-05,0.0189399082328485,0.00185248686633814
0.0129006833612601,0,0.00549889657553453,0,0.000429899040043034,0.0103209509463581,0.0745943891949833,0.0196346530279959,0.489006446634378,1.80464907938842,0.000758756953914882,1.38445397976435,0.00122978349401607,0.00792233113614048,0.0106655144007016,0.00011479452350645,0.000271533351632927,0,0.000769667314293749,5.86061600593453,0.000974806894051264,0.00109921302856488,0.0010542751354465,6.45439405043588,0.000387114627386515,0.000210354622339266,0.00061723562622118,3.05045736760521,0.0139027315359264,0.00331100159636582,0,0.00199257343723071,0.00493987695888618,0.0175820319798979,0.000360697730881553,0.0323638594640844,0.0019126535532017,0.015544644733981,0.0181440567049553,0.0157249534952056,0.00806061410470003,0.000692957263753043,0.00172030460124478,0,0.00263934458321299,0.000348925790676961,0.000852791246539787,0,0,0.000651918698891607,0,0.000247389673425091,0.00157959722994835,0,0.000611905534992588,0.0018707456612147,0.001681442364482,0.0378959651625815,0.0029831595054227,0,0.000907520810315388,0.000146345579833788,0.000695259651904701,0,0,0.000292488751283293,0,0,0.00445531578619377,0.000326615090942822,8.86268809697499e-05,0.000166447335911233,0.00771732006845579,0,0,8.98238979950381e-05,0.00460964760847413,0.00109904015443616,0,0,0,0.00019526781238155,0,1.35897153505547e-05
0.00173900503884223,0,0.0015351086419958,0.000429899040043034,0,1.90893079059333,0.002148378349508,0.279626377652063,0.013336633907452,0.00561879537196934,0.00179445889840497,0.00930509252284969,0.00593999285532486,0.0140301661929768,0.271637788119347,0.000148390082033854,0,0,0.000231335481275158,0.0175430710542439,9.85300373098985e-05,0.00112513358431923,0.000752703962889097,0.0044331665682969,0.000297853618574651,4.0752734696347e-05,0.000242180070160469,0.00238071148626585,0.078653225435885,0.00101673003282421,0,2.98142739825769,0.00350575141635245,0.127269990192897,0.00204491218340183,0.0204566180639063,0.000264378624941611,0.043266938233816,0.052207800668417,3.1684614034234,2.64620754104382,0.011851954538348,0.00250808458984653,0,0.00257918576629041,0.000635449680411737,0.000597251943230761,0,0,0.00031163057563801,0,0,0,0,0,0,0,0.00162740237359388,3.90100900682236e-05,0,0.0003301218518715,0.000581303098563076,0.000215192150295264,0,0,0,0,0,0.000934275471329196,0,0.000461810605891063,0,0.000411114227068525,0,0,0,0.000323911973529253,0.000150763191850115,0,0,0,0.000183780370611043,0.000239024647093883,0.00017544691115213
0.00820112934422354,9.60280105417322e-05,0.00178465914352801,0.0103209509463581,1.90893079059333,0,0.15733020344446,3.14413920574832,0.0235028703888228,2.32808702824171,0.00410661766884077,2.68618049919472,0.00702856347887148,0.0528544497544879,3.70496519539988,0.000528613795252612,0.000521080267920477,0,0.000229028325058145,0.229531206434982,0.000897256986609994,0.000391648019454925,0.00120803908340303,0.0788590100999055,0.00105901253652479,0.00032351785694622,0.00119468295909902,0.0882156089765451,0.13363764918893,0.00248176326162184,0.000177185524998849,0.809985631394332,0.00113836235764938,0.103258278133626,0.1511816095593,0.0317262828703205,0.00193262026925067,0.0521862123101735,0.0355896249671599,1.43245099423232,0.228510184908289,0.00401746316498504,0.00193282624431024,9.27465236395981e-05,0.000341407314811636,0.000199474597344353,0.00107560756672509,0,0,0.000831423648497162,0,2.7964708877799e-05,0.000701160486512283,0,0.000136357036235955,0.00100860352037643,0.000893833950941571,0.0111367985195538,0.00119635457711523,3.98488672049991e-05,0.000314464074645466,0.000693366689759651,0.00169148777520062,0,0.000359064194106352,0,0,0,0.00144211099728936,2.50788696572815e-05,6.11516150151245e-05,0,0.0048048968186445,6.52391686139413e-05,0.000125380462523236,0,0.00418352938243166,0.00154777055257746,2.26598303568822e-05,0,0,0,0.000450124790711114,0.000420283037109702
1.96128038269292,0.00111970372231144,0.157682595407494,0.0745943891949833,0.002148378349508,0.15733020344446,0,0.301432140233816,0.0941292910731012,2.48469654744858,0.00106805311404355,0.0312249409785453,0.00295029722602673,0.655597079031044,0.00234674967268497,0.0140451442825973,0.0067153214453792,5.87474045276662e-05,0.000767583929867843,0.0701749323119687,0.103161515604454,0.00754303360870792,0.119718209643918,0.782764474132873,0.000434636782591374,0.00807982654389696,0.0239204365563793,4.38023325597471,0.166528040627661,2.1536780162941,8.51930505100726e-05,0.00581067969484659,0.0252641356524993,0.106564439250658,0.00189806869898345,0.0489763205101206,0.00622414821369957,0.0573044799844922,0.0507786375860626,0.0105292531738945,0.0120405474114099,0.00159902780488684,0.00507449246348844,0.000380620688542806,0.00337844056595811,0.0028636241356508,0.00194831264011304,0.000298691561796717,0,0.00220677056566217,0.000159381942108116,0.000402502592770644,0.00156871112321669,0,0.000889945987800607,0.00505883040872445,0.00291415390207937,0.0251268515915619,0.0014170498850124,5.28272392916829e-05,0.000499976720357535,7.41003652860611e-05,0.00412824625969559,0.000718452828003431,0.0017119070105423,0.000118800077644907,0,0.000276977634341596,0.000367634579800526,5.46700248234365e-05,0.00159847700258633,0.000540384207763541,0.0144269320391759,0.000242073210232126,0.000577754024995332,0.00214802886689143,0.00767596156939697,0.00438230826913799,0.000309627297851623,0,0,0.000222427416071731,0.00175107786616534,0.000729347085580138
0.650337566635029,0.000612638070920663,0.0863845075383086,0.0196346530279959,0.279626377652063,3.14413920574832,0.301432140233816,0,0.0458107003573648,0.435829993460094,0.00281652687885645,0.0645823013113247,0.00426276073071514,3.03720409573208,0.0173201609263325,0.00299610918794433,0.0114541370565041,0.000258093407393564,0.000617025416209475,0.156094973613785,0.0184959535867921,0.00228327401886598,0.0414501795821804,0.0984438644361659,0.00147592858702078,0.00422102688903809,0.00898879271777076,0.10413881195552,0.29447439063908,0.0674006909944772,5.85275650436239e-05,0.328023337843759,0.00445021396014191,0.156073406940532,0.000765247516845018,0.03027974997491,0.00327073947602919,0.0662321777121751,0.0463675609937192,0.145449295138681,0.0397970985835909,0.00372835816857605,0.00401992855546133,0.000676054980628085,0.00292337629688791,0.00300142374700654,0.00135684382813648,8.04728410829618e-05,0,0.00309614284883426,0.000365219163986743,3.74611778492268e-05,0.00138023931284315,0,0.000504612452168483,0.00509268376334351,0.00267487723691834,0.0142334087487613,0.00151029587512765,8.06948314855359e-05,0.00189550332690989,0.00034763583002464,0.00413346838328058,5.64080436359833e-05,0.000582087444840698,0.000101455666066553,0,0,0.0014842543380267,9.72286123807195e-05,0.00088440385309763,0.000208109354704896,0.0148604219937413,0.000171966552260719,7.65475992045599e-05,0.000360828202195948,0.0099317799095981,0.00401645266234101,0.0013101406116129,0,0,0.00141768614119807,0.00154300136282114,0.000271366807734208
0.0379028474653596,0.199304146344066,0.0238597438282244,0.489006446634378,0.013336633907452,0.0235028703888228,0.0941292910731012,0.0458107003573648,0,0.154524274567951,0.00521231235672303,3.97637527325852,0.0214668381431663,0.0226456972090436,1.07429629183227,0.0922836161892976,0.0157842173394811,0.00426040669333343,0.0261790135648523,1.08781513043817,0.00509396522713723,2.76939242199245,0.00702463205573357,7.20228612483628,0.0924420181532296,0.0183928740808797,0.070983899711375,0.113804091826955,0.110935904132145,0.13631252023804,0.00190844329652569,0.0190952410683336,0.136608120440974,0.149152845375829,0.00950729477409575,0.289375091279643,0.0963826900264396,0.149131455388864,0.191477387446107,3.501356765879,0.0339621585549787,0.0116887866270671,0.0718121087841683,0.0180349016257679,0.0426930849283537,0.0404388742945662,0.0178993302837733,0.00211901115748862,0.000692407622112534,0.0418884931907285,0.0435417132761588,0.00490151950898794,0.0108144467187856,0,0.0045105956708818,0.0264226073670334,0.0144574192481677,1.26708166558196,0.0131086123625014,0,0.0082636021919617,0.00117709061840812,0.0218446407065445,0.00359389331914436,0.0457249675682657,0.00329546773190423,0.00138517376535334,0.00199895402090565,0.02213197529989,0.00731727999435842,0.370734028390733,0.00456614145186011,0.203478818883028,0.0147207016667808,0.00572076672603943,0.0118828745816034,0.0870424412240564,0.0278745815831328,0.0161146223958055,0,0,0.0139417697110566,0.0164549502649703,0.00477456749881217
0.031359877331024,0.000443238090479562,0.00961837475898782,1.80464907938842,0.00561879537196934,2.32808702824171,2.48469654744858,0.435829993460094,0.154524274567951,0,0.00304420619003728,1.17150468184015,0.00266631005620671,0.256517385422262,0.0141741975764672,0.00176102314628955,0.000195450930986071,0.000101372666791326,0.000274172061652977,2.54094766267256,0.00264770681161543,0.00264559287484226,0.00414811626211886,0.311650773133622,0.000882888339943422,0.000927381166657296,0.00406630383103334,1.37935168553648,0.090543498902718,0.00894013290555969,4.26137292635752e-05,0.0152866759431133,0.00703106120941437,0.0932736855466055,0.000980170880100658,0.0674567779589031,0.00561712717450702,0.0447868955513588,0.0366859274834595,0.0307644302084029,0.0246157327018091,0.0022475760248309,0.00289588749882133,0.000143976184952361,0.00190793879835533,0.00226755486524726,0.00199518627119506,0.000140802377357072,0,0.000335167424860056,0.000250275314539944,0.000167399287881077,0.00313672599408539,0,0.00162053849159342,0.00359093075372292,0.00259731333986034,0.0385301747209991,0.00921540795133118,0,0.00247864332225096,0.000159803910148534,0.00300961658466569,0,0.000286419848795298,0,0,0,0.00859981409677049,4.00418974866143e-05,0.000487848429988225,0.000148940607872522,0.0149912673514526,0.000221226203540661,0.000160914701711804,0.000353548027050673,0.0109529919373275,0.00247684510672613,0.000133234163162343,0,0,0.000185698670443921,0.00065421921693622,0.000176846188540706
0.000927618317886911,0.0283980070137746,0.00161914948158728,0.000758756953914882,0.00179445889840497,0.00410661766884077,0.00106805311404355,0.00281652687885645,0.00521231235672303,0.00304420619003728,0,0.0032480155576959,3.20341726194249,0.00152387136157306,0,0.000866764707737457,0.020590707320241,2.78634066781505,1.59621635333705,0.00509288309926741,9.40000094060297e-05,0.0119130100456637,0.000524870676533818,0.00343820786692416,0.849541880424137,0.927603126671719,0.214290603362954,0.0016804590349176,0.0129735598187833,0.000677070114394664,0.0734949210786566,0.0103689419045267,0.00209960628587745,0.419024316892524,0.000402395917417711,0.0327938892838104,0.775614337240081,1.66644058360964,0.0499177205324414,0.00236530604886876,0.000945796465259113,0.384670028380683,0.00135111131475553,0.0198014292897535,0.0116663614531847,0.00243243557062297,0.000385040693543659,0,0.000720746951831358,0.000161389913178576,0.00335818998708289,0.000426603090148293,0.000192229931535491,0,0,7.01814394342198e-05,0,0.00110707753011816,0,0.0141452981379935,0,0.0205722997648918,0.000120512975963826,0,0.000531454756813171,0.000343023206909527,0.0285041037956926,0.0121560819551245,0,8.82794683520543e-05,0.00170076459413986,0.000140452539107646,0.000485731892139909,0.131147429584345,0.0583937018369075,0.0218298244435655,0.000379179980320497,0.000199648564104459,0,0.0132908841266148,0,0,0.00455134295880179,0.000171510280565884
0.0037159923046697,0,0.000990933410328515,1.38445397976435,0.00930509252284969,2.68618049919472,0.0312249409785453,0.0645823013113247,3.97637527325852,1.17150468184015,0.0032480155576959,0,0.00360483157206363,0.0217398149299676,1.27566221641919,0.000298945310126826,0,0.000130686208411368,0.00063358903914821,11.9635150864301,0.000130311800746962,0.00107945834791034,0.000722103201619098,1.85379156501548,0.00146939982415541,0.000297621303578023,0.0012087317446622,0.0466782846552626,0.0695864911670812,0.00112064599781086,0.00013081770174751,0.0316660347125385,0.00103301296030714,0.0955193377108927,0.624368864875584,0.0346304401003181,0.00252562051069888,0.0462807390959332,0.0320462480662364,1.09132144506289,0.0298784748523301,0.00402762914680214,0.0026282894241441,0.00030558287239138,0.00283603526486421,0.0029080845690812,0.00293323792583403,0,0,0.000658008717310739,0,0.000150047472190435,0.00514666417847373,0,0.00104735601126806,0.00262876820182123,0.00241753337943526,0.0334988582906808,0.00593485942085004,0,0.00390739922419099,0.000101733519423429,0.00192434713435806,0,0.000116980612021474,0,0,0,0.00651286380516015,2.92638423920869e-05,0.00024594174092883,0,0.01327441190915,0.000509000778857887,6.81196798230956e-05,0.000368425207182605,0.00860591470388133,0.00140070493656872,5.92950499326509e-05,0,0,0,0.000958551846873469,0.011110140468416
0.000670987143490915,0.108545916393907,0.00272769061472398,0.00122978349401607,0.00593999285532486,0.00702856347887148,0.00295029722602673,0.00426276073071514,0.0214668381431663,0.00266631005620671,3.20341726194249,0.00360483157206363,0,0.000980909032336561,0.000558019337691423,0.0161686266906293,0.0022721980537873,0.0286355163790616,0.0159101695751469,0.00439352861867992,0.00160236738384324,0.0467722370201184,0.00319002958398954,0.0143282096189995,5.56908140348584,0.101737211774119,0.790327521527371,0.00217620120909071,0.0119390844725514,0.000679804316671283,2.518540325487,0.0246805714033236,0.00202689978612243,0.122277607639587,0.0103789896973418,0.582603072354206,0.986715649770837,0.656036889473264,0.684280423991202,0.015553030621131,0.0567953847118055,1.96584885631019,0.0831349437448848,0.0679374639808586,0.0276329967443684,0.0573023797956386,0.000898141099416527,0,0.00502553766148451,0.000165006492499073,0.00726783364272745,0.00112362224502989,0.000229604450920535,0,0,0.000544923729778318,0.000164430854201198,0.00395161771814145,0.0001385689411101,0.0638236347847117,0.000178260187734514,1.21131631974029,0.000680071339568545,0,0.00172311371426024,0.00165128609464223,0.0358209738787666,0.00895007537172345,0.000320257400513577,0.0005156423575774,0.00758639852019224,0.00270910852947612,0.00344171929098214,0.184178823852712,0.0740879117430532,0.0193573257583939,0.00141303516180946,0.000807487215659122,0.00055279713535307,0.0377845507717848,0,8.55135358159144e-05,0.00368744105313126,0.0038359785529803
3.73862875839262,0.000458373305330083,0.0660445607821271,0.00792233113614048,0.0140301661929768,0.0528544497544879,0.655597079031044,3.03720409573208,0.0226456972090436,0.256517385422262,0.00152387136157306,0.0217398149299676,0.000980909032336561,0,0.000499836763954369,0.0020352841466489,0.0138728734464894,0,0.000680582720320266,0.0568008773471648,0.0147937243200018,0.00272400160624102,0.0351226833860187,0.0520227799195887,0.000635053085133713,0.00261975256033732,0.00831003386657599,0.0613111757258327,3.81113387693917,0.0894754249294091,0,0.114133467780096,0.0115637398791576,0.132101986013232,0.000457723889506875,0.0122549370732783,0.00173701510308414,0.0335824453556507,0.0161053419893679,0.0157122887732416,0.00936537805024018,0.00125725435541443,0.00320005913150489,0.000278035894253417,0.00241727787292588,0.00243017318768625,0.00129329971130832,6.91393290652761e-05,0,0.00176676658453298,0.000496897897656165,0.000348511537683768,0.000307646492451456,0,0.000305389968845398,0.00325141566993629,0.00117358904747924,0.00641741958681459,0.00228316868086604,0,0.000414923931477915,7.33854974633999e-05,0.00336148462402761,3.62128505048851e-05,0.000434767325831275,0,0,3.75090019986827e-05,0.00112550615265598,0.000131868396960114,0.0008075233574359,0.000163991239868759,0.00722767618376639,4.87065379011446e-05,0.00010035422935779,0.000321365891680514,0.00605992252407975,0.00341237294425592,0.000897897534403876,0,0,0.000711494912335653,0.00117581670369897,0.000263230657803531
0,0.000125245933345619,0.000218137110219589,0.0106655144007016,0.271637788119347,3.70496519539988,0.00234674967268497,0.0173201609263325,1.07429629183227,0.0141741975764672,0,1.27566221641919,0.000558019337691423,0.000499836763954369,0,0,0,0,0,0.0839739340499598,0,0.000605007190295007,0.000166527772956581,0.0599379417778141,0.000297507348562157,0,0.000256362182047221,0.00116595248884136,0.00521390752956916,0.000473632197623669,0,0.0389843051842174,0,0.00528947978013776,0.0823915559470898,0.00238033047480071,0.000383932199555116,0.00297500547050064,0.00422609563190417,4.49832727710562,0.0419631347059334,0,0,0,0.000124008997366152,0.000351664291418641,0,0,0,0,0,0,0,0,0,0.000530484630458031,0.000291442163327816,0.0027705387076356,0,0,0.000116179361914727,0.000355783339552416,0,0,0,0,0,0,0,0,0.00175887458143187,0,0.000404639167922022,0,0,0,5.64685980987416e-05,0.000144136359240028,0,0,0,0,0,0.000300949134762654
0.00295065752243099,0.0392561278503274,0.0540585094809967,0.00011479452350645,0.000148390082033854,0.000528613795252612,0.0140451442825973,0.00299610918794433,0.0922836161892976,0.00176102314628955,0.000866764707737457,0.000298945310126826,0.0161686266906293,0.0020352841466489,0,0,0.0331914805090302,0.000584067860665147,0.0127076811864586,0.00579093887010006,1.16391118475164,2.32065263244219,3.49725384586888,2.34026123726833,0.00923487995811702,0.0127483950949799,1.66378971224881,0.401907185592473,0.00852117191909025,0.108076937909971,0.000160081863828911,0.00303836910002073,0.00834654586790366,0.367628988190024,0.0472730388261895,0.709969141091376,0.303210860878135,0.469563491249761,1.02930653337859,0.0876054077281632,0.00504097495207272,0.0145645255392964,0.0290815019248461,0.0109496934611918,0.00565543962536198,0.0207438581502302,0.0044315424048368,0.000739391454869648,0,0.000477753011338643,0.0185355488694035,0.00577476941598948,0,0,0,0.000454229336298494,0.000456343375235029,0.0126488898045561,0,5.44065562245667e-05,0,0.00261612345213161,0.000809290324336078,0.000582857947833398,0.0439451646108849,0.00381785633263471,0.00238503986498828,0.00169689290124021,0.000358593088950476,0.00274436672737663,0.0862329581051876,0.00864420472758999,0.00518114604093855,0.00558697568420491,0.00610896776892013,0.0144411478532374,0.00338917323762697,0.000585001843656968,0.00088832245904794,0.000213456011758287,0,0.000170629086935992,0.00246221328899712,0.0154394032011084
0.0242066627108749,0.149273306078141,1.72699396117408,0.000271533351632927,0,0.000521080267920477,0.0067153214453792,0.0114541370565041,0.0157842173394811,0.000195450930986071,0.020590707320241,0,0.0022721980537873,0.0138728734464894,0,0.0331914805090302,0,0.0169991212406297,4.11276160928767,0.000548144895146071,0.0765089771401143,0.0605912312090354,1.20908362221079,0.0189146583720437,0.0305899839860237,0.756208362502988,0.725202980878775,0.0134298963945002,0.0341518299770861,0.209709286209464,0,0.000747856463334268,0.00691040293220789,0.705733938742564,0.000724510555635925,0.0194705324987272,0.0119058729665433,0.0537383722635561,0.0439676940665155,0.00266137839940966,0.00150473299518527,0.00107987296285858,0.0195284287853517,0.0252275510959951,0.0200404074556703,0.0172839557490121,0.00119105182309037,0.000107661823489282,0.000131392936048899,0.000596800988734297,0.120622588263602,0.0220965072345881,0,0,0,0.000901627191661962,0,0.00178616317481653,5.15264113591686e-05,0.00108266548117486,0,0.000562690668079789,0.000572658555083907,0.000331681314694288,0.0104798431505383,0.031505995553381,0.00439267151121903,0.0303971873106887,0,0.00159010217751231,0.0141333052925719,0.00381862384889867,0.00324443369654757,0.0168197139820455,0.057659054574096,0.0974483426266325,0.00119781470243213,0.000200231583984441,0.000354404513499824,0.00117372910788995,0,0,0.0188329677187511,0.00106631953677701
0.000162595797964377,0.0299381489550891,0.00127896725050172,0,0,0,5.87474045276662e-05,0.000258093407393564,0.00426040669333343,0.000101372666791326,2.78634066781505,0.000130686208411368,0.0286355163790616,0,0,0.000584067860665147,0.0169991212406297,0,3.01672554857462,0.00127597094491004,5.65239752224199e-05,0.00648394171768991,4.92794877534203e-05,0.00104262346423402,0.380445258521773,0.380940864770492,0.101842797763275,0.000246352753994275,0.000686676149452801,3.41280832079002e-05,0.0173183816181236,0.000211969530982341,0.000311114601753927,0.0174830756511228,6.48977265848747e-05,0.00915607993471578,0.113247492838912,0.126555151509877,0.0198146160600365,0.000276466098154239,0.00026976768047058,0.0153822724536702,0.00166978261073873,0.0158659189434356,0.00549716390331637,0.00173988211959535,0,0,0.000809927200530764,8.48471455157374e-05,0.00188060062859031,0.000277229242271748,0,0,0,0,0,0.000693666687173026,0,0.00762322291930989,0,0.00516785395818831,0,0,0.000112449550568716,0.00123698994693046,0.0242705416077024,0.0105972115789952,0,0.000176225997278588,0.00108725213943512,9.93736656493063e-05,0,0.14750856506346,0.0309162702189134,0.0121877281244389,0.000154077587771737,3.37872161693402e-05,0,0.00779175169066041,0,0,0.00193107603321305,0
0.0011526083013462,0.19433668459277,0.0333826730366691,0.000769667314293749,0.000231335481275158,0.000229028325058145,0.000767583929867843,0.000617025416209475,0.0261790135648523,0.000274172061652977,1.59621635333705,0.00063358903914821,0.0159101695751469,0.000680582720320266,0,0.0127076811864586,4.11276160928767,3.01672554857462,0,0.000439818847641138,0.00105055356880773,0.0659892164222114,0.00833473368554471,0.00956206598720645,0.449161634857128,1.42381248957011,0.70282867139209,0.000844253827469506,0.00171858827778484,0.00415560243703447,0.0058341870300738,0.00104929869221881,0.00112837112969414,0.217488717458072,0.000994163647485724,0.0900209005924311,0.157079487060133,0.322307158459984,0.0825717841157928,0.00125961405834777,0.000153797897997909,0.0126827709729308,0.0270807810640185,0.0708761163302843,0.0550846235342122,0.0371165598285273,0.00102594645476812,0.000301408776161145,0.00375738383380759,0.00012305916067188,0.123637488082124,0.0079306873266383,0,0,0,0.000248400923577553,4.14631217102385e-05,0.00441289729122522,0,0.0190920916139137,0,0.00897765509820165,0.000171288189816337,0,0.00618993603274889,0.0247318478370916,0.114161587070378,0.139945517667344,0,0.000627120602453808,0.0121540333537355,0.00192240188715449,0.00268635587494405,0.409233969819244,0.246625050349743,0.158300146034346,0.000677669400123924,0.000401250448032203,0.000264527307411768,0.0181848026873569,0,0.000208425033481507,0.0296181179022076,0.000973329312434539
0.0250900531746258,0.00113159486953873,0.00299783428365779,5.86061600593453,0.0175430710542439,0.229531206434982,0.0701749323119687,0.156094973613785,1.08781513043817,2.54094766267256,0.00509288309926741,11.9635150864301,0.00439352861867992,0.0568008773471648,0.0839739340499598,0.00579093887010006,0.000548144895146071,0.00127597094491004,0.000439818847641138,0,0.00148315518978025,0.00688095636464073,0.00163116370748189,1.81392892435236,0.00463384246418304,0.000704144366706272,0.00526848823758222,0.556285648566195,0.127573647525542,0.00313604420469525,0.000132778115722164,0.0523532476673079,0.0134919579430991,0.183617928538746,0.00104829184179974,0.10339076427075,0.00883216908361968,0.102819868481236,0.0991776727882803,0.177271965254322,0.103426847159561,0.0138355329691754,0.00730516189638226,0.000574068283185841,0.00463600520155113,0.00198087895528882,0.0070533255438582,0,0,0.00140907129825849,0.00150511379014136,0.000654643932338689,0.0119741216903325,0,0.0029275717746021,0.00573538686573454,0.0036675097806042,0.12268472428078,0.0144721891864198,0.000208353228283301,0.00953865046919852,0.000864332426139707,0.00469612817315296,0.00112714706932546,0.000133373191334,0,9.14580750675607e-05,0,0.0191860553677922,0.000419933820316899,0.000220475235314811,0.000367129720449435,0.03316177566198,0,0.000254107334167404,0.000500396227953795,0.0185840844008903,0.0059986427026908,0.000260263385725613,0,0,0.00303990372777405,0.000835477755502404,0.000364695794358467
0.0325612374973805,0.000861199974395844,0.335713707324336,0.000974806894051264,9.85300373098985e-05,0.000897256986609994,0.103161515604454,0.0184959535867921,0.00509396522713723,0.00264770681161543,9.40000094060297e-05,0.000130311800746962,0.00160236738384324,0.0147937243200018,0,1.16391118475164,0.0765089771401143,5.65239752224199e-05,0.00105055356880773,0.00148315518978025,0,0.00787212837550825,8.47442577289506,0.326810532608735,0.000726986008906303,0.00692636525900573,0.0747436435014171,1.55603664393878,0.160443033530844,2.06021938062392,0,0.000786199312513236,0.158072253545771,1.08194002656757,0.00838586256409327,0.06160809403652,0.00844701767293516,0.136041607945705,0.157970779675831,0.00819219851418321,0.00140539207888292,0.00015136481529905,0.00320784192138366,0.00166863449145637,0.000995859406998205,0.00139468861734482,0.000219616487003416,0,0,8.71048414725463e-05,0.000463273190024674,0.00105924104860194,0,0,0,0.000465578791479028,0,0.00213378213793268,0.00011125640798483,0,0,0.000150488091998129,0.000165274208156655,7.68106445670591e-05,0.00208065790989207,0.000237714648262499,0.000182497733571815,0.000204099777600518,0,0,0.00246277062759973,0.000738137623080832,0.000898077029655748,9.14157449365847e-05,0.000178217893259747,0.0018449350016959,0.00112310155759374,0.000381419116897296,0.000412731297210589,0,0,0.000320395822541068,0.000329573419739225,0.00220766070820803
0.00451689133027002,2.78294224624939,0.0544574519440917,0.00109921302856488,0.00112513358431923,0.000391648019454925,0.00754303360870792,0.00228327401886598,2.76939242199245,0.00264559287484226,0.0119130100456637,0.00107945834791034,0.0467722370201184,0.00272400160624102,0.000605007190295007,2.32065263244219,0.0605912312090354,0.00648394171768991,0.0659892164222114,0.00688095636464073,0.00787212837550825,0,0.0264510645991601,1.75567647888764,0.422243462731803,0.0395703070539549,0.800772003340119,0.0217712204165713,0.0161695033935174,0.0802508594377082,0.00410313030796043,0.00201611550089897,0.0296034477653553,0.188238208162048,0.0150903078373041,0.377781536505346,0.313618219473834,0.213049075331557,0.328268243427406,0.0200155030077288,0.0085996247608032,0.027178143401114,0.0554959921022815,0.0178762215006206,0.0238801419978807,0.0402869316398077,0.0075603700943586,0.00108634825856993,0.000134794373777142,0.00267239435692357,0.123355209265685,0.0137695616441678,0,0,5.79361399219141e-05,0.00277381478506094,0.00110748837532777,0.195479746394649,0.000126430217514177,0.000414779433303973,0.000486168895241675,0.00344904265114351,0.00129844685956691,0.000995311389150957,0.16705191143653,0.0115381480659288,0.00572754246398312,0.0072668484107689,0,0.0105660259394089,1.27654659798765,0.0228559901206219,0.0317793480440757,0.0240840276620844,0.0164192337345436,0.0492315094958909,0.0119647931277847,0.00271488461532796,0.00620240674496023,0.00198685133767506,0,0.000987995759056452,0.013646636041831,0.00625991671305757
0.0637574007785492,0.00983586307199438,3.54954102539597,0.0010542751354465,0.000752703962889097,0.00120803908340303,0.119718209643918,0.0414501795821804,0.00702463205573357,0.00414811626211886,0.000524870676533818,0.000722103201619098,0.00319002958398954,0.0351226833860187,0.000166527772956581,3.49725384586888,1.20908362221079,4.92794877534203e-05,0.00833473368554471,0.00163116370748189,8.47442577289506,0.0264510645991601,0,0.144952807929413,0.00117612062642163,0.0427698767795027,1.49167786047597,0.499770234483214,0.215203819791153,0.685004540758259,3.66078962684277e-05,0.000827194574718283,0.053732045366294,1.30856993646324,0.0333614112374437,0.198449277974506,0.0316461105508587,0.472811275159422,0.672706719449898,0.0476116923653187,0.00420558454335549,0.00108695502311989,0.0212744641624782,0.00765548463024663,0.014381381614058,0.0159991665698937,0.00213281085080553,0.000246062551236997,5.09933773815714e-05,0.000413428225538883,0.00866783315237248,0.00829032900038884,0,0,0,0.000572637457266645,0.000225878103038909,0.00316811001172034,7.90172829599916e-05,0.000343255173410382,0.000348933049973773,0.00028879290783218,0.000871350298267497,0,0.0118671225562711,0.00290773807869809,3.57616622492177e-05,0.00107991784579267,0,0.00186825634031425,0.0230616644949922,0.0145674774844766,0.0032855088805582,0.00141887822740637,0.00278013581788968,0.044290033359327,0.00197297053154845,0.000642353275040654,0.000487887518401935,8.71183482409107e-05,0,4.591651525025e-05,0.00655016449854401,0.0106842142001733
0.067083213274953,0.0556237365580777,0.0828187994133651,6.45439405043588,0.0044331665682969,0.0788590100999055,0.782764474132873,0.0984438644361659,7.20228612483628,0.311650773133622,0.00343820786692416,1.85379156501548,0.0143282096189995,0.0520227799195887,0.0599379417778141,2.34026123726833,0.0189146583720437,0.00104262346423402,0.00956206598720645,1.81392892435236,0.326810532608735,1.75567647888764,0.144952807929413,0,0.00970860036614204,0.0153842054838706,0.267705261996364,2.75337273120732,0.196766720909381,0.307698006360565,0.000243615578238139,0.0172510270031387,0.112000719231292,0.268340595159954,0.0187281991645555,0.431602823493332,0.0800358345024325,0.19519434948435,0.245550976859757,0.162782416251149,0.0373407326084407,0.00663209088534843,0.0674985690228811,0.0161228607195711,0.0376937162725504,0.0340083481607153,0.0201890868977824,0.00154827536074719,5.29317581032807e-05,0.0226886959969939,0.0120715102066057,0.00357388722004589,0.00632588460615262,0,0.00396246961930601,0.0312880906238132,0.0142863279522351,0.250252375198673,0.0142220436876896,0.000220434148493076,0.00654954603861639,0.000990255639562749,0.0244289313016969,0.00289722706081278,0.0303654853101933,0.00279873268850622,0.00108237753979773,0.00130035345720497,0.0114830397502197,0.0146262710897051,0.0878797923870676,0.00994957550030291,0.137907217693779,0.00245670858438257,0.00473921651289611,0.0131696041242311,0.0905084875166078,0.039295654239757,0.0205208864649783,0,5.0565533403605e-05,0.0118428630955383,0.0140679065830793,0.00856734003574894
0,4.34044035468414,0.011774434461359,0.000387114627386515,0.000297853618574651,0.00105901253652479,0.000434636782591374,0.00147592858702078,0.0924420181532296,0.000882888339943422,0.849541880424137,0.00146939982415541,5.56908140348584,0.000635053085133713,0.000297507348562157,0.00923487995811702,0.0305899839860237,0.380445258521773,0.449161634857128,0.00463384246418304,0.000726986008906303,0.422243462731803,0.00117612062642163,0.00970860036614204,0,0.375917019067811,0.803285868048754,0.00139510061072623,0.00336266731608513,0.00313417157880384,0.407711962451747,0.00477613265879786,0.00220948291387314,0.125268756796968,0.000634933016626914,0.136246655791436,1.29104446806247,0.8627718453638,0.162549205990363,0.00377406626065674,0.00218862640852186,4.25901113000378,0.00553000846860439,0.126380462289374,0.0273090254859891,0.00759601101678429,0,0.000790458299303187,0.00618828294501964,0.000562759152466083,0.0572507965292451,0.000138134915694588,0,0,9.45483834372263e-05,0.000222996770181349,0,0.00521579622460639,0,0.046657991662269,0,0.0646281115164812,0,0,0.00751196606394164,0.00427692954725052,0.0479453564159014,0.0224156077192175,0,0.0002740450581286,0.0515840096132966,0.00181059306244418,0.00178386477183131,0.349568083889796,0.0643317021654062,0.0245223484136863,0.000886041227167469,8.35113908104756e-05,0.000498752504819025,0.0489270218690432,0,0.00097937155314867,0.006614754521841,0.000636188617893621
0.00373609004426325,0.0704992768919103,1.56239497441899,0.000210354622339266,4.0752734696347e-05,0.00032351785694622,0.00807982654389696,0.00422102688903809,0.0183928740808797,0.000927381166657296,0.927603126671719,0.000297621303578023,0.101737211774119,0.00261975256033732,0,0.0127483950949799,0.756208362502988,0.380940864770492,1.42381248957011,0.000704144366706272,0.00692636525900573,0.0395703070539549,0.0427698767795027,0.0153842054838706,0.375917019067811,0,3.2787998457147,0.00725714520914519,0.00618621004640078,0.0123126272527114,0.133737451653725,0.000721809819255944,0.00192474669657501,0.118369603878744,0.00123361725827316,0.0486577459686835,0.151862243737383,0.16948856819886,0.0499330491687206,0.00191571739589531,0.000448580732898394,0.0158089207041667,0.0151806034615596,0.0313014394058028,0.024385302672168,0.0126449279310401,0.000311518015855135,0,0.00056077292762415,0.000202125515386547,0.0482604525383792,0.00648452479512105,0,0,0,7.07088016816252e-05,0,0.00138243836693459,0,0.0123624251317077,0,0.0104456261925089,0.000268744832933277,7.94394483330492e-05,0.00365209688295471,0.0119058950001595,0.0348911500263119,0.0415522467628059,0.000113978256106011,0.000652282208171111,0.00727374551217045,0.00120170291599573,0.00168232042385309,0.156656256379028,0.143550752519065,0.110476416931426,0.000571528679712569,0.000485223306335761,0.000201649398125473,0.00641202518702377,0,0,0.0146616126805268,0.0010180752617409
0.0094156845775788,0.77898955798151,2.00346630306821,0.00061723562622118,0.000242180070160469,0.00119468295909902,0.0239204365563793,0.00898879271777076,0.070983899711375,0.00406630383103334,0.214290603362954,0.0012087317446622,0.790327521527371,0.00831003386657599,0.000256362182047221,1.66378971224881,0.725202980878775,0.101842797763275,0.70282867139209,0.00526848823758222,0.0747436435014171,0.800772003340119,1.49167786047597,0.267705261996364,0.803285868048754,3.2787998457147,0,0.085161397263859,0.0183463573737536,0.06632517976153,0.431376264153727,0.00203149166041765,0.00302340891775978,1.0318179073876,0.044839447646913,0.768993159024571,0.424129994611446,1.13438969213089,0.979377105154491,0.0346299040204409,0.00400558796840293,0.0197364659859781,0.0437480948919962,0.0389572399237656,0.0288714313907117,0.0316752213766503,0.00300344318592045,0.000206649477348726,0.000804143320196069,0.00110157855981228,0.0949341390213245,0.0280109186131438,0,0,0,0.001608642958653,0.000405542769864749,0.00645475751297011,0.000199775920649773,0.0100552892086626,5.75671888684163e-05,0.011350096446363,0.00133487431983284,0.000325436605623525,0.0173923345501501,0.0215214132908846,0.0306473008644324,0.0285644487645673,3.40765970432502e-05,0.00281021310743916,0.0279490960020746,0.0138114619161637,0.00647656608754804,0.161345000137851,0.129163257497421,0.171962869627487,0.00300079966829123,0.00114182598462673,0.00155013937094377,0.00852273118891328,0,0.000125841971686528,0.027072247678389,0.0210876918296769
0.0918543139034923,0.00197410440732532,0.179911654695934,3.05045736760521,0.00238071148626585,0.0882156089765451,4.38023325597471,0.10413881195552,0.113804091826955,1.37935168553648,0.0016804590349176,0.0466782846552626,0.00217620120909071,0.0613111757258327,0.00116595248884136,0.401907185592473,0.0134298963945002,0.000246352753994275,0.000844253827469506,0.556285648566195,1.55603664393878,0.0217712204165713,0.499770234483214,2.75337273120732,0.00139510061072623,0.00725714520914519,0.085161397263859,0,0.133486128913315,2.32222432631019,0,0.00754351033957039,0.0469834946528191,0.189782669203119,0.00869719429564711,0.14290948003826,0.0144128197562219,0.108693576346392,0.11589768767735,0.0172582330193508,0.0167074526979841,0.00200006816642465,0.0144672079415403,0.00154476281978056,0.00540562037416001,0.00780612093518305,0.00453031864446526,0.000722800744521627,6.23600903760283e-05,0.00511449639111945,0.000993500087127611,0.000579017997317596,0.000985578837205789,0,0.000320867342939834,0.00704563063388422,0.00335190395780279,0.0318850615311693,0.00302892228813373,5.72519687209823e-05,0.00150735355998206,0.000242198664596652,0.00662344496745763,0.000257268967187717,0.00203908620177854,3.90672537694094e-05,0.000182138158234042,0.000334947201114334,0.00117386913014616,0.000925903641593099,0.00401499510870472,0.00164482831891284,0.0249522539999165,0.000515597449988015,0.000694963688767763,0.00322575218126338,0.0201261757576281,0.0103585607448973,0.00341667242827912,0,0,0.00148587120038157,0.00371673046422287,0.00193472634104504
