0,0.00371964733263624,0.160265092909627,0.0103566995279682,0.00016551815105964,0.00166817873816147,1.6215867490106,0.287574561257783,0.0776532875394481,0.00967218667908737,0,0.000334083546548163,0,3.452279168992,0,0.0141300427136113,0.40589313946341,0.00298428426353595,0.0476493587824338,0.00542719251978893,0.0113650547664971,0.00663516712539273,0.111893090555898,0.0597544921511422,0.000602005456320302,0.0595066148771017,0.0216936358529041,0.113195149605404,1.05185944458964,0.599715430281832,0,0.000845731072560141,0.125650833000108,0.231778821512766,0.000506505144033609,0.0143054111495177,0.0134189479232958,0.0271222177552978,0.0110103706026346,0.00348475584673244,0.00199596940735051,0,0.0107312844920091,0.00190658897066288,0.0105013316522621,0.00676138476153433,0.00204190658014317,0,0,0.00743935027825176,0.000588222641591564,0.000426137859104194,0,0,0.000169451562980774,0.00222695301266004,0.00143034114149099,0.0240114776266973,0.000621014687443253,0,0,0,0.00225620106645427,0,0.00270309686049231,0.000302764641418526,0,0.000884597143678256,0.000544419114063433,0.00129754880558002,0.00140754560733182,0.000408381047495897,0.028365428972423,0,0.000225073177298019,0.00202560398061104,0.00983226659502545,0.005764856180185,0.00159811488547509,0,0,0.00416574937864386,0.00240590167812174,0.000453862607267118
0.00371964733263624,0,0.0717354606259075,0,0,0,0.00112668865330455,0.00172027501478174,0.222873970511413,0.000474668541999995,0.0160620881893016,0,0.0120058105273701,0.000999247850337699,0.000916298457856915,0.0808040696164603,0.156045959747643,0.00791863755318632,0.084830452723419,0.00106814057321961,0.00077540130426572,3.29303164702299,0.0188982634071683,0.158426218299726,2.27422905952979,0.0731578929359004,0.797954007784948,0.00241639516627213,0.00120755486314888,0.00279387989017493,0.0096732751459523,0,0.00308160870087575,0.0932804059489526,0.00130451350852486,0.0536653450844452,0.0566248008985454,0.249178884078943,0.0656765119213593,0.00441291468132545,0.00084573838746882,0.00178871844836569,0.0307828858463855,0.0615572117380666,0.0646857306280803,0.0378164574039013,0.00226004151917344,0.000157926496050259,0,0.00169809552327002,0.850404150320218,0.0615284660541391,0,0,0,0.00173926633282396,3.97642764750445e-05,0.0320256480717835,0,0.000729173191068079,0,0.00189847364566132,5.43227881194073e-05,0,0.0396116836607855,0.0630365609134809,0.00287228647565099,0.0396490553384899,0,0.004657512270076,0.146603709068383,0.0218189017420562,0.00859731531538304,0.0619395676083286,0.0172330431758414,0.0966933504734641,0.0010264633321158,0.000481747449167674,0.00208282281915238,0.00165520260097387,0,0,0.0224343815023392,0.00151334550277487
0.160265092909627,0.0717354606259075,0,0.000562000096218053,0,0.00525205051763378,0.345023010853824,0.203974793272319,0.0160202573955504,0.00934387565221336,0.00167992015309129,0,0.000541054750322991,0.083726815544676,0.000963874402666889,0.0397150160580666,1.60981210762735,0.000551097007645589,0.0419737662444975,0.000147449179952877,0.334968591469607,0.0350537061352902,3.18699075320948,0.0407052827447531,0.00350453675582269,1.96495433093007,2.14065339059873,0.185409076733303,0.0226194650286853,0.260072908584075,0,0.000123441881071409,0.00700496007236911,0.10803029527007,0.00339955135401508,0.0890597825200667,0.762116877441713,0.216269154851635,0.066327085896681,0.00805954666531101,0.0008779663745108,0.00175856468338933,0.0411760499526843,0.0619561185014089,0.0634177228878598,0.0198432443467271,0.00130578960946582,0.000339910926490411,0,0.00120584314602387,0.0550095980047094,0.0581663235330069,0,0,0,0.00144949368985778,0.000949988719538424,0.00213552642246867,0,0.000402560036228348,0,0.000136081921137017,0.00051903247301859,0.000258572330031459,0.0138306719551238,0.0679197715269682,0.00010065904400216,0.0234693937493111,0,0.00374556507299231,0.0311009983155897,0.0181770664653086,0.00740700857090686,0.00307517842425815,0.0240486706330755,0.12311406367042,0.00298825270590174,0.000909549763939204,0.00108830228927025,0,0,0.000177599160853539,0.0288319491714333,0.00324073563318659
0.0103566995279682,0,0.000562000096218053,0,0.000119520767932649,0.0249606225978012,0.0823390679016563,0.0580578263617637,0.739062957689016,2.00379289826184,0.000341193621164617,1.79716651292833,9.91646596326711e-05,0.0271008767249315,0.0025596788194253,0.00062571068310683,0.000323598615688446,0,0.000463304410644153,11.3987317325904,0.000447579140141166,0.000126912301121992,0.000559717158275211,6.47490675926961,0,0.000197128553358839,0.000624456488406405,4.97580690037363,0.0297161762552957,0.000868384832210653,0.000390591506562663,0.000391890905421011,0.0106071121390449,0.0259401298985305,0.000268823129070695,0.0290681150400324,0.00208413047458382,0.0422749020887693,0.0164479793488906,0.0308607037182276,0.00439602956289479,0,0.00212102708330655,0.000457947159593342,0.00270579613177638,0.000810454066006563,0.00157962659672638,0.000326038515166351,0,0,0,0,0.104467946137917,0,0.000594567943445217,0.00192639053615079,0.00412952365113554,0.0466593428500597,0.00264395860165755,0,0.00480686077131216,0,0.000365534099302362,0.000240980607506665,0,0,0,0,0.00792489624042911,0.000505064079835998,0.000233216153035344,0.000123582743055897,0.0179916212095405,0,0,2.76199045340299e-05,0.00279231187919837,0.000804088137809982,3.30222153023256e-05,0,0,0,0.000356241052774143,0.000121405144656288
0.00016551815105964,0,0,0.000119520767932649,0,0.237876955767626,0.00028479091399481,0.154558307868636,0,0.000469230129791744,0.000397963895603657,0.000215562243974217,0,0.00873114869337237,0.343151734949457,0.000275556681342139,0.000118110686201775,0,0,0.000619329453278544,0.000105180236205896,0,0.00018650403627781,0.00103219477775649,0.000232121120429417,0,0,0.000609444762878362,0.124779368067311,5.22478184218234e-05,0,2.52879640344132,0.000564527183713456,0.0366344890095682,0,0.000516074772431738,0,0.0101865080349268,0.00748503751172247,1.93425319708533,1.5010367060471,0,0,0,0,0,0,0,0,0,0,0,0,0,0,0,0,0,0,0,0,0,0,0,0,0,0,0,0,0,0,0,0.000542522504317522,0,0,0,0.000141143613618652,0,5.67462915384634e-05,0,0,0,0,0
0.00166817873816147,0,0.00525205051763378,0.0249606225978012,0.237876955767626,0,0.0865331604274243,3.74520010989172,0.227976057954365,1.00157166932571,0.0142502957389209,1.36137740155365,0.00135219765787445,0.131291139306341,1.05855996533666,0.00372694880054388,0.00166824162833468,0.0003444735793972,0.00108504488908621,0.129294517830591,0.00294325072858508,0.00198545807771937,0.00562359461655339,0.152918886057172,0.00157263540082888,0.00492449952103845,0.00415520748691568,0.0980899125277964,0.411308669180382,0.00323410879862474,0.00142976742437562,0.332427882895517,0.00386420872745992,0.333135240847154,0.00332926719500299,0.0280211863380806,0.00623323263836234,0.290393085771295,0.0529989268119809,1.10718242255902,0.229836563478193,0.00337952266660733,0.00752377411359648,0.000836896617947321,0.0139790932099793,0.00534694835570839,0.0232230545774089,0.00119506721702915,0,0.00274908038900951,0,0,0.00132386389580969,0,0.000661368417287982,0.0388912884326172,0.0153551661438397,0.151575475000557,0.00604501075321634,0,0.0273563250930371,0,0.00643535344037174,0.00099013044289082,0.000835999592012107,0,0.000151111867631398,0.000550396939384595,0.00854983526269165,0.00125410684593555,0.00030418296505439,0.000278504041621311,0.134341319984214,0.00100731815526342,0.000253311649202981,0.000878414617304146,0.0460701464123218,0.00964391151868778,0.00153474001039549,0,9.23075482262442e-05,0.000702558869601983,0.00639605441659124,0.000495049472508593
1.6215867490106,0.00112668865330455,0.345023010853824,0.0823390679016563,0.00028479091399481,0.0865331604274243,0,0.535502653472406,0.160629209385834,2.42835736768737,0.00151655670776411,0.00175407304111075,0.000290901183328448,1.32813508884713,0.000311108191341589,0.020080274435157,0.10828176724363,0.00017848756849247,0.00482303444297117,0.0219646614053298,0.0660465122862589,0.0118123175493779,0.287866982740637,0.371961753795856,0.000787625421261333,0.0362521917287057,0.0540411846056452,4.81879410602537,0.174379518559796,1.78521861094552,0.000133758617733197,0.00127438942779542,0.0315587136149397,0.109797516401028,0.00366824591698332,0.0878809188353741,0.0232399282104289,0.150684295724877,0.0612396817598842,0.0407680833417477,0.00836563994802622,0.00035527476840987,0.0153361899620312,0.00335465661013499,0.0145754275998654,0.00762066788559213,0.00452663719241136,0.00168748265923111,0,0.00442010999632294,0.000875240000123513,0.00112540388270274,0.000383436133978,0,0.000189592549602227,0.00525929240496757,0.00473789073738962,0.0521795478768925,0.00126238744366963,0,0.0023801531719908,0,0.00429407654195531,6.78334685442318e-05,0.0142274699625037,0.00265945082985965,0,0.000692434473510897,0.00164152514301037,0.00142116584748247,0.009529574301134,0.00381293428154131,0.0522522043518369,0.000206923965375382,0.000581474401216481,0.00467499820881979,0.0174942332680511,0.00818354505615346,0.00247942990230385,0,0,0.00105047780514036,0.00423062928310713,0.00211469154652012
0.287574561257783,0.00172027501478174,0.203974793272319,0.0580578263617637,0.154558307868636,3.74520010989172,0.535502653472406,0,0.142900297165508,0.875747903372746,0.00575678022672284,0.0278840016489023,0.000477675625309574,2.81110704641973,0.00405608626475731,0.00829440868324014,0.188688161604655,0.000762308505675126,0.019046005638811,0.127706822860991,0.0245960369500889,0.00616350187142247,0.109773341144972,0.165044300399676,0.0010738397747578,0.0690736602310008,0.0202164346897599,0.27636845662394,1.1812941987574,0.0568315545069861,0.00056628677478967,0.249796135805714,0.00953104497131592,0.250042469734173,0.00124734361407724,0.0380117416729792,0.0120723122407882,0.135399735454139,0.0362584970261439,0.112247708721462,0.240779158083691,0.00196421435652463,0.0108696021448213,0.00258744166680484,0.0168858234666826,0.0079540725837225,0.00654939981831023,0.00117078072546396,0,0.00528257483132998,0.000522288094501895,0.000679826111636348,0.000389535002355106,0,0.00105687710035467,0.0194799499116556,0.00882594848329634,0.0727420418077392,0.00159932229562223,0,0.00653451762225396,4.33984573104387e-05,0.0068019863620116,0.000180073967700006,0.00426758263773654,0.000728830903332683,0,0.000380155535937794,0.00170518117642348,0.00104378566396967,0.00228514311691239,0.00152956286530579,0.0898085816653352,0.000611775880266429,0.000497819721157275,0.00248423118617067,0.0388996524730304,0.0130714264013638,0.00359071804798296,0,0.00022199373326239,0.00179969965054135,0.00489361426201407,0.00122943861529303
0.0776532875394481,0.222873970511413,0.0160202573955504,0.739062957689016,0,0.227976057954365,0.160629209385834,0.142900297165508,0,0.425504444142224,0.00859802368294638,3.88350380332009,0.00395281872602952,0.0600259572460829,1.12864882839568,0.0312496528089147,0.0236317536455687,0.00183336887321267,0.0104151317976041,0.774823477556753,0.00224887333559201,2.10408030096103,0.00719878074544329,5.71776449606151,0.155862746943805,0.0144994470052735,0.0704186777214615,0.383222076651059,0.10152451708673,0.0627840542055446,0.00474962458972437,0.00384457877862794,0.120740809353041,0.0930743826839093,0.00235612892336386,0.260950263686023,0.047273091399113,0.18595525973316,0.108814213904001,1.7309413349079,0.0200333353767604,0.00602282432117171,0.033400097811831,0.00981420648073159,0.0291743095656432,0.0217425348968464,0.0349432048611236,0.00217531371166924,0,0.0100167055270067,0.0208547238207286,0.00427157782939546,0.00597587980720015,0,0.00332505753855252,0.0201025754286725,0.0179007223737758,1.32663702254122,0.0131848296624992,0.000175719428228993,0.0719830173844117,0.000182716124512077,0.00688162319911783,0.00283517337093274,0.0612737057337024,0.00379192313700073,0.000384945484233186,0.00276269913873897,0.0368282954993606,0.00450293871302212,0.157001587891204,0.0060908043231623,0.139792910581951,0.00450849412192797,0.00123144376668434,0.00629385191699369,0.0334348630044086,0.0126991866895818,0.00656085865431003,0.000711825722880463,0.000994445871013952,0.00321639744447569,0.00868681054533872,0.00183722152016504
0.00967218667908737,0.000474668541999995,0.00934387565221336,2.00379289826184,0.000469230129791744,1.00157166932571,2.42835736768737,0.875747903372746,0.425504444142224,0,0.0060370134580714,1.88379937570818,0.00059740980951396,0.256926834595596,0.000885011244400704,0.00379980553998001,0.00323257603311252,0.000393989750178435,0.000587688782200928,7.0203426675078,0.00304051694642968,0.00239664969873846,0.00711729681940832,0.209377494535986,0.00117120528190409,0.00222301298539949,0.00556395335398662,2.64771053485834,0.14181301161095,0.00367834297725673,0.000329478583052248,0.00847509708135883,0.00614821421245498,0.148609460269706,0.000300751792519972,0.0840818338118925,0.00711234850787052,0.200486142845127,0.0547358907452155,0.194624367385854,0.0195744779569466,0,0.00455094427505077,0.000717122085030567,0.00528717146154592,0.00224503981202042,0.0156504151889354,0.000990553035456046,0,0.00118444055753469,0.000102908155955427,4.2374060453832e-05,0.00268076451804594,0,0.00143758100625446,0.0215445175361612,0.0164550404222093,0.12675635769557,0.00758585132017429,0,0.0199574655711522,5.95812582159711e-05,0.00332676080647156,0.000819259689954284,0.00167474153138282,0.000196012011125409,0,0.00021417188555903,0.0104310630985085,0.000634639820126735,0.00133726417620419,0.000675740014463681,0.101674324553685,0.000372271116495405,0.000159011522289711,0.000608828300228193,0.023917343721974,0.00618007031733284,0.00167307020687657,8.28888857186951e-05,0,0.000316129620446285,0.00189156030015882,0.000485777714923252
0,0.0160620881893016,0.00167992015309129,0.000341193621164617,0.000397963895603657,0.0142502957389209,0.00151655670776411,0.00575678022672284,0.00859802368294638,0.0060370134580714,0,0.00150970578916618,4.83795672002824,0.00233657031350477,0,0.00114048658282296,0.0050971385049922,2.93964958839642,1.2113281365774,0.00294175943992218,0.000363063148377747,0.0101700325977442,0.00234444638795671,0.00656743449576973,0.765414006570168,1.31061847041825,0.193521543181684,0.00200082207598843,0.0110463845675789,0.000183058921172492,0.378684559910462,0.0042853333254079,0.00134987301812931,0.773800603345936,0.000353975519075307,0.0259219718682803,0.446210204585192,1.46488119305189,0.0191211027241684,0.00510917142902571,0.00703983550684036,0.489182689583392,0.0026964775796682,0.0141374709200541,0.0103154710533382,0.00227439350238387,0,0.000112788387378831,0.000272391284686043,0,0.00117475061601588,0.00022701261061003,0,0,0,0.00015919485155371,0,0.000776235497051537,0,0.00854578274303359,0,0.0157658674811918,7.55570724859796e-05,0,6.67354628421622e-05,0.000625560489355135,0.00353319005951317,0.0195054282995821,0,0.000258430805819367,0.000913433186142064,0.000346582490202006,0.000956904283167742,0.1694109001705,0.019807245933484,0.0185470178125325,0.00041765055407104,0.000659812996340032,0.000217162595897943,0.0192121267949042,0,0,0.00211322207285903,0.000155248942558894
0.000334083546548163,0,0,1.79716651292833,0.000215562243974217,1.36137740155365,0.00175407304111075,0.0278840016489023,3.88350380332009,1.88379937570818,0.00150970578916618,0,0.000252620919462943,0.005640043244294,0.443344526507262,0.000346493469430872,0.000304431724824289,6.91305193716049e-05,7.93401911548994e-05,15.2488499498628,0.000252137756001023,0.000164411997653643,0.00062646433524607,2.72817868527495,0.000374564424266088,0.000500881702250668,0.000612195085030006,0.00749926910753713,0.0154604296217291,0.000300641517441877,7.61377970113601e-05,0.00151997550091529,0.000892875089012575,0.0246304150308184,0.121321587705638,0.0323646116321429,0.000875349102006985,0.0427542234687453,0.00968776805310535,1.25016156002793,0.00739742689192468,0,0.00242094224633371,0,0.00384346017539462,0.00213792880332307,0.04381010644153,0.000609470794177158,0,0.00102003670367471,0,0,0.00996829090907665,0,0.00168772645046363,0.0074529885987933,0.0113451463794198,0.0453107597828596,0.00714069157126152,0,0.0606273114067052,0,0.00125360123676035,0.00248436832006667,0.000220265204262007,0,0,0,0.0176036028173355,0.000478289891104114,6.86640173904428e-05,0.000226003365767613,0.0134880578138229,0,2.61042667826109e-05,9.22652091163824e-05,0.00677288172956255,0.00404236214022652,0.000157527644181669,0,0,0,0.00211707811614322,0.00218210896157656
0,0.0120058105273701,0.000541054750322991,9.91646596326711e-05,0,0.00135219765787445,0.000290901183328448,0.000477675625309574,0.00395281872602952,0.00059740980951396,4.83795672002824,0.000252620919462943,0,0.000122572185985534,0,0.00402885259079296,0.00124178372807053,0.0303148432753706,0.00295866604067207,0.000105093685397264,0.000496481710312046,0.0109245120061154,0.00239806669427981,0.0032994060355842,0.877076949530311,0.12623305112019,0.750110428113408,0.00121601127678694,0.000750470066939317,0.00021684157991147,4.90796272988888,9.13478763820141e-05,0,0.021237821004607,0.00230898437348236,0.382388496833984,0.813410695523305,0.315757840578218,0.140902494319598,0.00221776009515677,0.0179493324216596,1.7659225730532,0.119611877889671,0.00473889719180998,0.00426040204256697,0.00115186659576637,0.000304421611150841,0,0,0,0.0017122465690599,0.000392067461437856,0,0,0,0.00015263939236974,0,0.000142547031941558,0,0.00578911260794076,0,0.00554497850299105,0.000188344819098046,0,0.000795818070920669,0.000143833263020332,0.000917485008893194,0.00284545693201444,0,0,0.000966210978168469,0.000716044385961024,0.00108179748539401,0.0845921962778228,0.00261913177812598,0.00305140608708947,0.000226485244372035,4.57734060967776e-05,0,0.00942931681661013,0,0,0.000208032403898576,0.00102844575356632
3.452279168992,0.000999247850337699,0.083726815544676,0.0271008767249315,0.00873114869337237,0.131291139306341,1.32813508884713,2.81110704641973,0.0600259572460829,0.256926834595596,0.00233657031350477,0.005640043244294,0.000122572185985534,0,0.000206177409054722,0.00584022738338492,0.0845456969645483,0.000780767059095782,0.013731197706374,0.0388734995996273,0.0148011654114609,0.00405329823785733,0.0550767595640246,0.0943779157817681,0.000213048152686484,0.0279402037621771,0.0141050363088443,0.194940909224789,2.15998721596962,0.0966652265311934,5.30275830115954e-05,0.0822341796646472,0.0209636786826339,0.312997870259758,0.000474924036482215,0.0251273676389422,0.00757703449079107,0.0830942636819599,0.0156459798658243,0.0362512251047726,0.0265604107396844,0.000487983513788364,0.00792416936385476,0.00129420850329483,0.00947067792057939,0.00464096380986917,0.00297918376598844,0.000476096467097464,0,0.00400603713461871,0.000273978107427887,0.000111841013517924,0,0,0,0.00542931633248633,0.00419774653343882,0.0300339568150486,0.000394480065037834,0.000224896507785306,0.000820415488215752,0,0.00456501924558227,0,0.00300748075817962,0.00047319717245242,0,0.000212327814989744,0,0.00161780300561537,0.00136790853003551,0.00124576449448417,0.0369709814465265,0.000283443796340328,0.000185668364167441,0.00155118671366997,0.0162233378297111,0.00964309958847631,0.00257129276732736,0,0,0.000987587715485386,0.00310200354937339,0.000715001409844938
0,0.000916298457856915,0.000963874402666889,0.0025596788194253,0.343151734949457,1.05855996533666,0.000311108191341589,0.00405608626475731,1.12864882839568,0.000885011244400704,0,0.443344526507262,0,0.000206177409054722,0,0.0051061619556848,0.000105985361099237,0,0,0.00736272454103942,0.000649047826398927,0.00294400224435964,0.00217773729892773,0.021073989053299,0.000254615624458922,0.000526243493520838,0.00309068489572411,0.0016278401092042,0.000740599953940775,0.000595387789277653,0,0.0126675878821068,0,0.00133312909633414,0.0834032715069645,0.033864596448467,0.0136375162971,0.0163770772000876,0.0285494264390289,9.4956436604556,0.0054337437747816,0,0.0020414833162831,0.0127783332631895,0.0100781742764904,0.021128894975149,0.0149257343234395,0.000243548765127763,0,0.000229761430687142,0.000697536915105754,0.000195466650570825,0,0,0.00128624056868697,0.000899102365597639,0.00143969806567573,0.00706580116754001,0.000444494969645277,0,0.00615253468973658,0,0.000204767618249397,0.00661669227348978,0.00230000229548624,0.00148252906703775,0,8.61029544956676e-05,0.00163958586741783,0.000350391130383688,0.00745512876913892,0.00226667283185809,0.00365640059580453,0,0.000454372626555705,0.00117521385920172,0.000789460007678917,9.29366897881295e-05,8.05170268463132e-05,0,0,0.00033963395805916,0.000662607807477889,0.0475813957652992
0.0141300427136113,0.0808040696164603,0.0397150160580666,0.00062571068310683,0.000275556681342139,0.00372694880054388,0.020080274435157,0.00829440868324014,0.0312496528089147,0.00379980553998001,0.00114048658282296,0.000346493469430872,0.00402885259079296,0.00584022738338492,0.0051061619556848,0,0.0363898858675299,0.000299537543432416,0.00850560482545024,0.00160397786965884,0.771381725724226,3.25242891685354,3.81367609304268,1.08389249893421,0.0109012931931539,0.012744486361894,1.23273504173161,0.626825612341197,0.0281263490559968,0.167626680474105,0.000327499172359691,0.00100961382572609,0.0665680378959257,0.260109914966151,0.033474228751703,0.658908566230376,0.403354868520567,0.552755872168674,0.551934861453008,0.218506227389907,0.0197088089736636,0.0127223610001945,0.0937232062169348,0.0486954177456725,0.0559035322548723,0.0584916670097798,0.0231325530422031,0.000439822064892898,0,0.0100132019618998,0.0122989915378571,0.00285749229624196,0,0,0,0.00662073059955974,0.00239722596792836,0.029798283529932,0.000230046022038573,6.35592922228908e-05,5.79822913174483e-05,7.57279230906333e-05,0.00389199057122115,0.00143021421389512,0.43525398684511,0.00495294779731093,0.000225745208198201,0.00193701652437966,0.000119917887606755,0.0496290456327251,0.235659458637407,0.0616469248880917,0.0386739622765159,0.00588022190541787,0.0022773172028987,0.0205463141178808,0.0224800799642123,0.00844319035223566,0.0243309599168722,0,0,0.00820474229388758,0.0131070759679415,0.021402180153562
0.40589313946341,0.156045959747643,1.60981210762735,0.000323598615688446,0.000118110686201775,0.00166824162833468,0.10828176724363,0.188688161604655,0.0236317536455687,0.00323257603311252,0.0050971385049922,0.000304431724824289,0.00124178372807053,0.0845456969645483,0.000105985361099237,0.0363898858675299,0,0.0372767059077017,2.13860833437098,0.000315982976918885,0.0761704783732677,0.0388902275718511,1.42409103283396,0.037474516232068,0.00545079348548021,0.666528338062203,0.739692715357337,0.0227007989842153,0.0744398785390178,0.225133028803343,0.000148050391822994,0.000645669665137088,0.0197282230474613,0.685626537483831,0.00218920224456614,0.069461044381459,0.210188953446735,0.365508104676868,0.0617706874416847,0.00407742987945619,0.00159989629130932,0.00172818357830027,0.0238360668921487,0.0446507000151908,0.0449350787564816,0.0196798846143444,0.00103583106267104,0.000653912957030594,0,0.00106348450721874,0.0972534086282984,0.051794424276181,0,0,0,0.00110618588752609,0.000165835289659277,0.00218470187589918,4.2512625209659e-05,0.000303881474196994,6.36294971589728e-05,0.00026497952194615,0.000294988166799052,0.000126072731687101,0.00803478156378758,0.0399498963951303,9.51156024498242e-05,0.0260965106352015,0,0.00145420420701852,0.0147941896451123,0.00816947299207832,0.00685797804535856,0.00561705790910834,0.0236709579385905,0.109676098001594,0.000910222326238276,0.000222014205828594,0.00158904026198727,0.000157195087200383,0,0,0.0161745187391032,0.00234679244022938
0.00298428426353595,0.00791863755318632,0.000551097007645589,0,0,0.0003444735793972,0.00017848756849247,0.000762308505675126,0.00183336887321267,0.000393989750178435,2.93964958839642,6.91305193716049e-05,0.0303148432753706,0.000780767059095782,0,0.000299537543432416,0.0372767059077017,0,2.52864928981257,0.000444647796254848,0.000188564403953633,0.00520888415870781,0.00174031367068449,0.00179150377753045,0.377642360537175,0.760389946865772,0.0685995846933849,0.000235678737920269,0.000889986077730679,0.000156723663705819,0.0355456702203111,0.000283323091239547,0,0.0339187054038024,3.08672440628566e-05,0.00754821512866005,0.0718190794877294,0.141521114744629,0.00885061198170213,0,0.000165739828507698,0.00304643813940226,0.00147742721105942,0.0196324137823634,0.0129235520694372,0.00345159726316666,0,0.000516419624854485,0,0.000560233494345752,0.00117263027752633,0.000174596110877594,0,0,0,0.00018912216372734,0,0,0,0.00864474444334015,0,0.0234022268365825,0,0,0,0.00025253572976379,0.00921318618906911,0.0220320170675111,0,5.21070012641928e-05,0.000448785153131653,0.000115574548269845,0.000259825136366132,0.196338383141585,0.0164948496287552,0.0129378453545253,0.000160331455699372,0,0,0.0230287081513697,0,0,0.00193020049994867,0.000127406763507862
0.0476493587824338,0.084830452723419,0.0419737662444975,0.000463304410644153,0,0.00108504488908621,0.00482303444297117,0.019046005638811,0.0104151317976041,0.000587688782200928,1.2113281365774,7.93401911548994e-05,0.00295866604067207,0.013731197706374,0,0.00850560482545024,2.13860833437098,2.52864928981257,0,0.000779394581121286,0.00429129358305914,0.0218694254406411,0.0299051379629827,0.0133843135194384,0.105589641531753,1.20492828363345,0.289670042091316,0.00183792456441977,0.012575241034424,0.0144583971316428,0.00554086553744261,0.00020599217826588,0.0081601458790781,0.422113353085292,0.000735582903446584,0.0333160348981934,0.0458516908198027,0.47900637801179,0.0399613798894552,0.0013593823118847,0.000183487959410837,0.000662247276198317,0.0108146743854658,0.0284569947328354,0.0348575378375232,0.0135692814260261,0,0.000188145209522261,0.000641725753800809,0.000507916733746942,0.0298283335630624,0.00350212495098129,0,0,0,0.00071214401833937,5.2266811428843e-05,0.000838462131763917,4.48729024325484e-05,0.00384491618661667,0,0.0125379781645213,6.77954725375866e-05,0,0.00025763347878195,0.0172222751454737,0.00407059462417893,0.046734028142566,0,0,0.00358040699177386,0.00102832368882888,0.00149811204674526,0.0606167471510435,0.033228977962428,0.0608781639887707,0.000337688958253913,0.000196779892582669,0.000321907618062783,0.0078063361334341,0,0,0.0116629049764327,0.000433468458214577
0.00542719251978893,0.00106814057321961,0.000147449179952877,11.3987317325904,0.000619329453278544,0.129294517830591,0.0219646614053298,0.127706822860991,0.774823477556753,7.0203426675078,0.00294175943992218,15.2488499498628,0.000105093685397264,0.0388734995996273,0.00736272454103942,0.00160397786965884,0.000315982976918885,0.000444647796254848,0.000779394581121286,0,0.00125880196347427,0.000114724965825366,0.000314191432476849,1.26029703399674,0.00175918507519034,0.00134840178815539,0.0019134617990597,0.794303565315782,0.0501550271888728,0.000966194911325264,0.00114605866517745,0.00447114848059762,0.00482492898994781,0.0832230702605655,6.84783267507032e-05,0.0601146752434917,0.00473343941759554,0.174121425044145,0.0578408320444139,0.239659675284101,0.0271202516424344,0.00158012976344135,0.00115067002081792,0,0.00299015897216824,0.00165878152949314,0.0263482816500587,0,0,0.00105556471559701,0,0.000266520527784399,0.00681260010052696,0,0.000938615086426363,0.00649301459458105,0.0106056327435693,0.109264544849285,0.00685426816692072,0,0.0639452321508979,0,0.00162608063451779,0.00161646770972793,0.000358095874595679,0,0.00022448950434014,0,0.0156154306775501,0.00018514434943262,0.000230995791051503,4.2705661701203e-05,0.0350734727055937,0,0.000130564780705488,0.000137431413933324,0.00837257425684798,0.0026710254705951,0.000218269481115062,0,0,0.000768596232272732,0.0011139910654908,2.21015160880799e-05
0.0113650547664971,0.00077540130426572,0.334968591469607,0.000447579140141166,0.000105180236205896,0.00294325072858508,0.0660465122862589,0.0245960369500889,0.00224887333559201,0.00304051694642968,0.000363063148377747,0.000252137756001023,0.000496481710312046,0.0148011654114609,0.000649047826398927,0.771381725724226,0.0761704783732677,0.000188564403953633,0.00429129358305914,0.00125880196347427,0,0.0287144912642028,5.38836752059114,0.0511290304210258,0.000610343082161265,0.0170837316982699,0.0751845590946713,1.50039968403753,0.027291258212332,1.98656055458804,0,0.000207539867381089,0.328195562314509,0.517395087460937,0.0110197868735042,0.131477548627519,0.0429215661036425,0.318904965192858,0.139394182706282,0.0409394206480232,0.00680337172666512,0.000611987352993743,0.0155050273468299,0.00425533012177626,0.00682174579645753,0.00732509373854726,0.00249841807253999,0,0,0.00308033453142658,0.00126795426532218,0.000332979908470167,0,0,0,0.00148752163693229,0.00111232735803537,0.00272643343456852,0.000193671488699618,0,0,0,0.00151695665035931,0.000788497324266772,0.0270238140396801,0.000592377288371201,6.66033657534129e-05,7.00384742390154e-05,0,0.00627363278287478,0.0138083980787169,0.00628009398299176,0.00995890861519081,0.000230579954822848,0.000560440371796399,0.00432538974837595,0.00690216374326288,0.00243118000739494,0.00562367362932822,0,0,0.00080790174755274,0.00199063254708828,0.00622852582868392
0.00663516712539273,3.29303164702299,0.0350537061352902,0.000126912301121992,0,0.00198545807771937,0.0118123175493779,0.00616350187142247,2.10408030096103,0.00239664969873846,0.0101700325977442,0.000164411997653643,0.0109245120061154,0.00405329823785733,0.00294400224435964,3.25242891685354,0.0388902275718511,0.00520888415870781,0.0218694254406411,0.000114724965825366,0.0287144912642028,0,0.122032782893622,2.27985399625525,0.50155489037237,0.0256225783549091,0.52506798871961,0.0445933029581314,0.00812366291972487,0.0331024851515017,0.00735895428206829,0.000353312345158133,0.0152562654146576,0.0605709294410818,0.0107803958525004,0.241575286319543,0.116964093582256,0.27081520114291,0.24363847272053,0.0855788941582153,0.00754370865259218,0.00286914995019574,0.0587165819437375,0.0634381381874962,0.0602291316699799,0.055857974997718,0.0105837918321068,0,0,0.00218492830318818,0.267030195231528,0.0135074891580259,0.000261549357512585,0,0.00014390462355,0.00361031244200086,0.000540344039158456,0.207705285555337,6.23606817202402e-05,0.000788839936435967,0,0.00128552316348318,0.0013023091346744,0.000482317052902464,0.254900047928912,0.0185429706856704,0.000846636807090724,0.00704620607695143,0,0.0297723489489837,0.374648296792368,0.0537165272525952,0.0211269168368957,0.0282947754390003,0.00633863243473675,0.0780306538616396,0.00982250036845908,0.0021604595394069,0.00836705352916374,0.00139318076013988,0,0.00153862075060904,0.0150197449216966,0.00872676322937146
0.111893090555898,0.0188982634071683,3.18699075320948,0.000559717158275211,0.00018650403627781,0.00562359461655339,0.287866982740637,0.109773341144972,0.00719878074544329,0.00711729681940832,0.00234444638795671,0.00062646433524607,0.00239806669427981,0.0550767595640246,0.00217773729892773,3.81367609304268,1.42409103283396,0.00174031367068449,0.0299051379629827,0.000314191432476849,5.38836752059114,0.122032782893622,0,0.0762810723950038,0.000745977901164098,0.0710067691567015,1.47011745505805,0.699806212702565,0.0338939098549179,1.01447373231027,0,0.00117545905498125,0.0121966839177883,0.619667727635261,0.0633190730741583,0.587559232667489,0.529981638471411,0.967487347721259,0.453667951292979,0.23695683390491,0.0246684922644464,0.00199037838577937,0.0420156120121765,0.0360762203336329,0.0434674210621404,0.03372399069646,0.00615984580889373,0.000208373839176998,0,0.0022213762675748,0.0153840724816882,0.0151260939872142,0,0,3.99972885408717e-05,0.00362643902609299,0.00148419047962154,0.00556366852177574,6.6131352132309e-05,0,0,0.000107318590012112,0.00141392402574082,0.00150300890972914,0.140468757604285,0.00735215779695857,2.5489728310818e-05,0.00321922641050696,0,0.0181993277278476,0.121141770167037,0.0653190567856655,0.0140464152573113,0.00163645014908561,0.00488939225614212,0.0849726659800925,0.00717734164596669,0.0023230134400154,0.005538703226377,4.27938347379239e-05,0,0.000340749626348027,0.0089955420714571,0.0376844512609576
0.0597544921511422,0.158426218299726,0.0407052827447531,6.47490675926961,0.00103219477775649,0.152918886057172,0.371961753795856,0.165044300399676,5.71776449606151,0.209377494535986,0.00656743449576973,2.72817868527495,0.0032994060355842,0.0943779157817681,0.021073989053299,1.08389249893421,0.037474516232068,0.00179150377753045,0.0133843135194384,1.26029703399674,0.0511290304210258,2.27985399625525,0.0762810723950038,0,0.0591573373598024,0.0245339952496113,0.409321747820889,4.39300506085657,0.151416329362516,0.0815556387645958,0.00127262865449935,0.00138600468397535,0.091664043524361,0.131566819633412,0.00610544799846764,0.258971336792033,0.0663394334741281,0.238852521887841,0.115458249001498,0.10941338664901,0.0186256416942909,0.00261641807167764,0.10736767388383,0.0190087513368873,0.0913031248552804,0.0499303569974153,0.0468331451361751,0.00827246280021233,0,0.0305294767967957,0.00873686864180514,0.00333726757351826,0.00485301103448647,0,0.00463136109289273,0.0579092575691485,0.0514138906855273,0.697714858730893,0.0136595817278173,0.000604005938571918,0.0412715499465715,0.000117191637055269,0.0329585036156987,0.00163057295632376,0.0770844426227589,0.003487924055074,0,0.00218770889956876,0.0176303604936209,0.0229707405254775,0.0449210390914432,0.0165825149154705,0.492519986491644,0.00223242107904414,0.00229568062962971,0.0124437801911077,0.159189740208859,0.0681444445034027,0.0329625782189676,0.000209364341219875,0.00138666145696028,0.014031085240298,0.0345342206274853,0.00586715998707335
0.000602005456320302,2.27422905952979,0.00350453675582269,0,0.000232121120429417,0.00157263540082888,0.000787625421261333,0.0010738397747578,0.155862746943805,0.00117120528190409,0.765414006570168,0.000374564424266088,0.877076949530311,0.000213048152686484,0.000254615624458922,0.0109012931931539,0.00545079348548021,0.377642360537175,0.105589641531753,0.00175918507519034,0.000610343082161265,0.50155489037237,0.000745977901164098,0.0591573373598024,0,0.438297056680599,0.768226755454905,0.00043987299325479,0.00153677472166991,0.00075097255709549,1.2865981672549,0,0.000712567537447433,0.0305551591060222,0.00062730812939958,0.0490208979551008,0.470036066757372,0.404202566234513,0.0430939997842303,0.00195828202206703,0.000721454519088015,0.634339152139197,0.0124376846155478,0.072398781812343,0.0475619441093794,0.0130382855725333,0.000503488826515408,0.000168319232964238,0.00327542477474591,0.000386185347656935,0.0760655236482142,0.00455605635584346,0,0,0,0.000257765495723728,0,0.00223276961783175,0,0.0594820060113998,0,0.0483685546505854,0,0,0.00853014738269698,0.00696557945607182,0.0226768714406568,0.0687453462730083,0.000206165242713943,0.000372612917344182,0.0237131965382494,0.00205377153541015,0.00163718458411769,2.93069114514154,0.0497493717355984,0.0704786100660921,0.000409711868585173,0,0,0.152004091150778,0,0,0.00859706226152307,0.000717100996391599
0.0595066148771017,0.0731578929359004,1.96495433093007,0.000197128553358839,0,0.00492449952103845,0.0362521917287057,0.0690736602310008,0.0144994470052735,0.00222301298539949,1.31061847041825,0.000500881702250668,0.12623305112019,0.0279402037621771,0.000526243493520838,0.012744486361894,0.666528338062203,0.760389946865772,1.20492828363345,0.00134840178815539,0.0170837316982699,0.0256225783549091,0.0710067691567015,0.0245339952496113,0.438297056680599,0,2.39690133708174,0.00918015367507225,0.0143755148507816,0.027229357118511,0.274093012767174,0.000274920836370244,0.0025267272482917,0.139367382752742,0.00516826803153163,0.178138417947406,0.464198409182559,0.652405336570147,0.0850615852501922,0.00243168805721048,0.00166820336165815,0.0337212402409495,0.0292487846774889,0.0752213860772464,0.0796016739664703,0.022328407490587,0.000975308659546078,0.000164850439592461,0.000535327901370571,0.000498660950494348,0.0404626435450331,0.0181512103138672,0,0,0,0.000762743384522183,0.000359648877486455,0.00179098671769629,0,0.0164136462399709,0,0.053730398403291,0.000370905369254369,5.93876835445245e-05,0.00302339618850636,0.0353735163757593,0.0157150446997744,0.11127456900882,9.56437253275093e-05,0.000805804840114673,0.00502024222710402,0.00323947982924044,0.00430077269571993,0.156683297551339,0.146813760098136,0.249891746826934,0.00112114362067232,0.000450076336826784,0.00144539505352312,0.0258234516270548,0,6.67383882726122e-05,0.0253937549438381,0.00280282159331488
0.0216936358529041,0.797954007784948,2.14065339059873,0.000624456488406405,0,0.00415520748691568,0.0540411846056452,0.0202164346897599,0.0704186777214615,0.00556395335398662,0.193521543181684,0.000612195085030006,0.750110428113408,0.0141050363088443,0.00309068489572411,1.23273504173161,0.739692715357337,0.0685995846933849,0.289670042091316,0.0019134617990597,0.0751845590946713,0.52506798871961,1.47011745505805,0.409321747820889,0.768226755454905,2.39690133708174,0,0.197422122512885,0.0153944154462418,0.0448638792784298,0.182379861773174,0.000379993826232648,0.00533970834767878,0.541137245811226,0.054538119065283,0.640933946371905,0.523335675297995,1.60583111691524,0.375354750932907,0.0562018807813325,0.0136182575985518,0.0101662932527227,0.0669853155188212,0.102212517511013,0.109244628274148,0.0413113274287238,0.00426551527366031,0.000792950828771479,0.000331639085961271,0.00151963385651417,0.0753369681720474,0.0510832419797,8.75111341105813e-05,0,5.3421532663371e-05,0.00570313123924717,0.000907087020122124,0.00590069047157974,7.46999695933651e-05,0.0096697999222312,2.4307935284839e-05,0.0313900463349473,0.000967258244447249,0.000969569320072343,0.0600295359967578,0.0472893909387272,0.0134192971002092,0.0810263100557972,9.77604480755789e-05,0.0122194060839585,0.0895933587345945,0.0660235704968239,0.0146732134540185,0.129429206185329,0.10156758772113,0.338456060379155,0.00641882006506507,0.00236260291906836,0.00433747684851619,0.0135393388617499,0,0.00034850491613237,0.0336122271800523,0.0408210776757379
0.113195149605404,0.00241639516627213,0.185409076733303,4.97580690037363,0.000609444762878362,0.0980899125277964,4.81879410602537,0.27636845662394,0.383222076651059,2.64771053485834,0.00200082207598843,0.00749926910753713,0.00121601127678694,0.194940909224789,0.0016278401092042,0.626825612341197,0.0227007989842153,0.000235678737920269,0.00183792456441977,0.794303565315782,1.50039968403753,0.0445933029581314,0.699806212702565,4.39300506085657,0.00043987299325479,0.00918015367507225,0.197422122512885,0,0.260058732018059,1.44605296309283,0.00034554499319859,0.0029810103302539,0.182834415961417,0.371792485407382,0.00888302321708664,0.265893096406352,0.0846097748539891,0.319265220910422,0.148980596454608,0.0684917373380807,0.0185851801738676,0.00402172541334416,0.058101586928216,0.0112472072177003,0.0397660577334841,0.0186281492323831,0.0125989033984567,0.0027240943510671,0,0.0236604989226722,0.00169499808164011,0.00129486020310272,0.00123604928110123,0,0.000747348636729998,0.0253563531430946,0.0189652738482822,0.122470188293677,0.00320720808231202,0,0.00654308415213202,7.74820224713636e-05,0.0203852661206308,0.000874418054336188,0.032888662280843,0.00238502710241843,0.000127805372888035,0.000708560511866261,0.00254599043179808,0.0194930395340196,0.0148626588958538,0.00803542989876221,0.183285485091569,0.00071605635034426,0.000966588868473669,0.00862618394733916,0.0749856151914609,0.0431444258176838,0.0203655869900954,0,6.79104510937769e-05,0.00873594097573774,0.0142249810273898,0.00556377963935006
