0,0,0.00324641484880771,0.00186027186914916,0,0.00319951770112973,1.37212296591469,0.302215637034291,0.0176527474726906,0.526168570215996,0.00150723675771522,0,0.00136130009761011,3.78635042810621,0.00253245226766003,0.00553234377903367,0.00756367881876428,0,0.000309401229833081,0.000403855973682227,0.0116631005382176,0.0011512894993565,0.0275186090901467,0.043165853744235,0,0.000124795192514174,0.000791731400119027,0.0297370215582129,1.01650460243071,0.39527422639329,0.00066567833124866,0.00433640149879985,0.00501574766803747,0.034380897388322,0.000103324319552186,0.00894114854465056,0.000892016883361592,0.0181958266128086,0.0125169040033716,0.00440082723142427,0.00155641169629416,0.000464683215527853,0,0,0,0,0.000442913481727383,0,0,0,0,0,0,0,0,0,0,0.0029348745813099,0,0,0,0,0,0,0.000658267283435182,0,0,0,0,0,0.00255842496008101,0,0.000367721371893632,0,0,0,0,0,0,0,0,0,0,9.67061103180466e-05
0,0,0.0370907782778296,0,0,0.000810340902319483,0.00121595020875095,0.000473623568709893,0.154882939347836,0.00017838247492939,0.0398666430613546,0.000253447414221964,0.12994622317156,0.00036565703916748,0.00532079051692563,0.176406842112498,0.0284159395533501,0.0481953876684749,0.0512482581949058,0,0.00400983200111966,1.84809688804195,0.0102562317860004,0.0830872934230032,1.30545252908188,0.150688390354245,1.99334625053316,0.00465367745994716,0.00113431442171173,0.00216980392139419,0.00424525473500968,0.000669150856438577,0.000265445223035708,0.0342695193014,0.000649647789695583,0.0308152137404384,0.0655058435278051,0.0557706937959142,0.0288255353988813,0.0133725235343576,0,0.000190207630735881,0.0074082056997297,0.0217548007998787,0.00494710572463794,0.0043661338126039,0,0,0.000225248833278793,0,0.672102727054136,0.0374630441655956,0,0,0,0,0,0.0475205067401179,0,0.00215532934028786,0,0.00558391261549413,0.000131691186309013,0,0.0127467877462581,0.00873628605136937,0,0.00273698160917024,0,0.000185123211009631,0.67014862259641,0.00556009858336449,0.00721419832712519,0.0313061643303698,0.00584411452540644,0.112242765490834,0,0,5.9008344507885e-05,0,0,0.00178853204996776,0.00347184173860821,0.000311001021981474
0.00324641484880771,0.0370907782778296,0,0,0,0.000366436364782575,0.000902278139929451,0.00273294550047724,0.00320101574871653,0.000187413486701411,0.00671500976425773,0,0.0108398751935319,0.00138484819433398,0.00044905760996139,0.0183088497167862,2.90805164091928,0.0174832661417123,0.281507430909312,0,0.0204443522346476,0.0142909280711984,2.24529159895065,0.00447798449993226,0.00240150020867554,2.1065403395236,2.27673439864619,0.00422525729277513,0.00329941699197146,0.0111892054075206,0.000686187145673906,0.00183952983138093,6.74172876298723e-05,0.216728426717325,0.00347802248073777,0.105891623500579,0.41260578072176,0.411278229870819,0.138742825409452,0.00641915625915015,0.0033987373136696,0.000152623620147415,0.00407952911254685,0.00440830515728733,0.000651475340563763,0.00483455840927116,0,0,9.92318412300474e-05,0,0.011831761856309,0.00632238555230382,0,0,0.000531020573695973,3.6654653398074e-05,7.26723664389419e-05,0.000244647220336125,0,0.000554405291153736,0,0.000599685564774788,0.000174145106818513,0.00207593519701603,0.00299497137836775,0.00145709043183478,0,0.000285615458842703,0,0,0.0435343942155597,0.000956417854851939,0.00017752040952039,0.000501011169205487,0.000131980077137386,0.0121184604457454,0,0,0,0,0,5.66466485433983e-05,0.000597458994289242,0.00418927788696184
0.00186027186914916,0,0,0,0,0.00262712238452139,0.218206124221066,0.00242313012636128,0.0733859421235773,2.4318585156902,0,1.08079764026648,0,0.000465680297705233,0.0071097107630351,0,0,0,0,2.85506692253091,0.000120473922407617,0.000680024430037118,0,1.97577334340123,0,0,0,1.04010321522961,0.000503308523185372,6.57004684562973e-05,0,0.000230127853625122,0,0.000162242426607956,0.00869044742778131,0.000532767089000408,0,0.000908069322478972,0.0004703458449552,0.00217494302378013,0,0,0,0,0,0,0,0,0,0,0,0,3.71011414562395,0,0.000109716922518564,0,0,0.0978306201971317,0.000362956281439172,0,0.989597355129944,0,0,0,0,0,0,0,1.569924587512,0,0.000661931276841964,0,0.543853090691006,0,0,0,0.0167494088036261,0,0,0,0,0,0,0.00121026080140648
0,0,0,0,0,3.5955363786854,0.000734476925016604,0.25150677894016,0.00470625233157523,0.00391058522406266,0.00819880274157762,0.0043717014199812,0.00046380859040579,0.00194706242744956,0.442387298913149,0.00197518923444511,9.85705884778533e-05,0,0,0.00031264824283353,7.19331946076665e-05,0.00120800643143712,0.000913897700587111,0.00302492912427501,0.000261138239318618,0.000283983987287708,0.000137022818990924,0.00089936093095871,0.102867767373642,0.00021064326915247,0,7.75923307030974,0.000520031146311623,0.262780239897571,0.0155976851134702,0.00770457930195575,0.00147113065276678,0.0919387144336275,0.0546048266598949,7.66395427154114,14.039763252807,0,0,0.000929837156363175,0,0,0,0,0,0,0,0.00102370088492553,0,0,0,0,0,0.00304414741080745,0,0,0,0,0,0,0,0,0,0,0,0,0.000657452907904419,4.66502366844529e-05,0.000110391983072199,0,0,0,0,0,0,0,0,0,0,0.000427607079679224
0.00319951770112973,0.000810340902319483,0.000366436364782575,0.00262712238452139,3.5955363786854,0,0.012691469955087,4.16989106480612,0.0618084592271299,4.48552456481166,0.0378164656904482,4.2504748323802,0.00107473923038043,0.0435036055690504,5.64850245279015,0.00262554762091734,0.000400635068026847,9.28927097137242e-05,0.0011901140579188,0.0596416636927517,0.000139791649045031,0.00092467076289281,0.00152371509633704,0.0396910937473403,0.000903894696343325,0.000549107427836453,0.00055842895819038,0.00955330476282201,0.093692338306933,0.00365255999209353,0,4.71341248718928,0.000926368414190415,0.294768345695585,0.955282347798376,0.00936403187152776,0.00749544815895847,0.121538421801201,0.0173728755298809,1.28480647329636,0.689179086744137,0,0.000130046942622536,0,8.05716824349597e-05,0.000567309842534142,0.00136419714986133,0,0,0,0,3.49880514027177e-05,0.0011782162604776,0,0,0,0,0.00687343682231836,0,0,0.00103131848975258,0.000305026274239721,0,0.000968921828352048,0.00010090383824729,0,0,0,0,0,0.0017708003734693,8.84819680033282e-05,0.00217011214912774,0,0,4.68850050999091e-05,0,0,0,0,0,0,0,0.00555976485826273
1.37212296591469,0.00121595020875095,0.000902278139929451,0.218206124221066,0.000734476925016604,0.012691469955087,0,0.0578707376848201,0.0918781382636172,3.47854329727074,0.00158138031805207,0.0118861898354442,0.000880095864227447,0.214635572473133,0.0122208089186674,0.00497764967514561,0.00103893334213097,0,0.000215566699021607,0.000402613207169753,0.00358218842716818,0.010681904509996,0.0117626707520443,0.476998531814019,0.00025531894463411,0.000219527216831936,0.00278884708047802,4.25889847425935,0.0980765243156578,2.2217496188103,0,0.00728474672530958,0.00418432267928776,0.0213837692480786,0.000392150541483154,0.0214595911208075,0.00323371575808666,0.0214605219791753,0.011755687546209,0.0147278547569276,0.00155694634192352,0,0.000404927441092471,5.87224874702323e-05,0,7.24904350833493e-05,0.00473606722683083,0.000127372602047554,0,0,0.000315732193198921,6.44905718481434e-05,0.000312294930820103,0,0.000140471575472039,3.68350341476125e-05,0.000273218300988809,0.0120451226760844,0,3.92616664209428e-05,0.000309373597501057,0,4.83482017713332e-05,0,0.000292839872342047,0,0,0,0,3.06543413444282e-05,0.00753817021288988,0,0.00353584030827443,0,0,0.000107623891263403,0,9.47179539554158e-05,0,0,0,0,0,2.00400397649897e-05
0.302215637034291,0.000473623568709893,0.00273294550047724,0.00242313012636128,0.25150677894016,4.16989106480612,0.0578707376848201,0,0.0307805928808919,1.12106397651797,0.0292213542209541,0.132988451374324,0.000980882176085385,2.67236924841841,0.105060462512315,0.00564119039887058,0.00763193961321275,0.000916049132652702,0.00134942018863278,0.00377407654970867,0.00927077184877267,0.00367173913844425,0.0214532359336308,0.0930179497755319,0.000809675502302367,0.000826408615253408,0.00125604601317093,0.0389938929443066,0.656228150975822,0.157278873396473,0.000166091164443785,3.16181999008503,0.0148240839411764,0.219285680441646,0.00172599000221476,0.0100203338158345,0.00424526240627457,0.104396611075487,0.0140023322374445,0.0123346051099702,0.0734314605000095,0,0.000192971742612207,3.14724052422912e-05,0.000125367126801216,3.78018349891547e-05,0.00222340113694022,0,0,0,0.0001211111696036,0,0.000205231266935946,0,3.60595227059208e-05,0,0,0.0111804613320572,0,0.000237090854330493,5.21897330676372e-05,0,0,0,0.000312314740017525,0,0,0,0,0,0.00279899894763333,0,0.00146627892813645,0,0,1.9630704446245e-05,3.84266946299794e-05,0,7.65178778687698e-05,0,0,0,0,0.000135966997169754
0.0176527474726906,0.154882939347836,0.00320101574871653,0.0733859421235773,0.00470625233157523,0.0618084592271299,0.0918781382636172,0.0307805928808919,0,0.0800498732034087,0.00540392310442968,3.5981249176717,0.00659028550323237,0.0202058726812672,3.25491290600372,0.301382460567353,0.00185093190386781,0.0067702945528729,0.00212889972728593,0.133093491024973,0.0057530827056294,1.52762918734236,0.00864260738384616,3.92812277788007,0.0341801881637914,0.01156508883767,0.0404554100002104,0.111071490549204,0.0437553306455219,0.0452745655135617,0.000594133667481823,0.0127243696749245,0.018331698291469,0.0355803380248792,0.031298824380745,0.278599616167502,0.0102538927557383,0.0258577714098376,0.0383291326717585,1.09366240576043,0.00408611604263789,0.000201803347323446,0.00287859301259312,0.00154377808784077,8.418881089391e-05,0.00109326583240158,0.00806815615286264,0,0,0,0.00943547042687463,0.00114735493351989,0.00986562129658046,0,0,0,0,3.07576174962991,0,0,0.00880811022543909,0.00163539804284844,4.06996256283999e-05,0.00030678005945033,0.0411442990817188,0.00027620299610856,0,0,0.00329012523650011,0,0.864747779268086,0.000460658264498537,0.329231152850954,0,0,0.00174092726909006,0.00157340175979642,0.000215795180765361,0.000116300389007896,0,0,0.000674596595511667,0.000195100275941763,0.00102825023350002
0.526168570215996,0.00017838247492939,0.000187413486701411,2.4318585156902,0.00391058522406266,4.48552456481166,3.47854329727074,1.12106397651797,0.0800498732034087,0,0.0147773866490027,6.08582582649925,0.00219508884393271,0.49802541746834,0.36289472833203,0.00160674326679167,0,0.00020197534748018,0.000363703499536541,2.10634092151253,0.000786399412900894,0.00141641092352578,0.00145363301112676,0.605494278333085,0.000889569081585328,2.54371070569637e-05,0.000761401986453128,0.633962446427758,0.0623637877225673,0.0257540766311703,0,0.0461176269034731,0.00557321909033567,0.0773620232975358,0.341103313807654,0.033721775513744,0.00368176515833384,0.0599381046172177,0.0406450874791472,0.0265691014607161,0.00788503065547504,0,0.000172797928127131,0.000234944966702733,0.000355801277339002,0,0.00113879734424379,0,0,0,0,3.34181433958658e-05,0.0105489990282774,0.000262362506434563,5.2047233965488e-05,0,0,0.0071412325623896,0,0,0.0698961251399672,2.98667839612474e-05,0,0.00035868195979976,0.000398902238176733,0,0,0,0.00657626704730629,0,0.000898499803225282,1.80746519010458e-05,0.00643309203354978,0,0,2.01435801521956e-05,0,0,6.23962493435286e-05,0,0,0,0,0.00459895582876643
0.00150723675771522,0.0398666430613546,0.00671500976425773,0,0.00819880274157762,0.0378164656904482,0.00158138031805207,0.0292213542209541,0.00540392310442968,0.0147773866490027,0,0.00218280447848049,6.99224442125193,0.00802463402872321,0.00104417473291789,0.00640919357532967,0.0796641883344091,3.41199374466817,1.5390332046549,0,0.00111273237249761,0.00970048543214496,0.0063697331002551,0.0129976103320044,1.30584054627046,1.73229941820395,0.127507419800783,0.0041760629072255,0.0413106379234052,0.00405870665640666,1.82133013655555,0.102977974053389,0.01050688954097,4.54443472201558,0.00170634734913821,0.282420725631126,1.27832544564829,1.16646631491297,0.191654661738708,0.000705701538553092,0.100886526055606,0.468865840076466,0.00402416571571155,0.00095712334371434,0.00208718963786556,0.00325347731492478,4.80475196606876e-05,0,0.000538033965548051,0,0.0423747202120075,0.000259063059742002,6.62898173325243e-05,0,0,0,0,0.00447398461878861,0,0.0116035951697532,0,0.242123189002087,0,0.000544180429469254,0.000191301454407506,0,0,0.00131088137649953,0,0,0.0113384528420968,0.000230610928308877,0.000199071322958054,0.147158300812378,0.00346401773299851,0.041708071472412,0,3.76581811206873e-05,0,0.00983274569663821,0,0,0.000521423196575956,0.00183498229164948
0,0.000253447414221964,0,1.08079764026648,0.0043717014199812,4.2504748323802,0.0118861898354442,0.132988451374324,3.5981249176717,6.08582582649925,0.00218280447848049,0,0,0.00464053263441053,3.88589750041125,0.000618598183614205,9.32164139422569e-05,0,0,6.04715358409701,3.6161947814244e-05,0.00230607423022812,0.000326035946178305,0.639054418730085,0.000103444418652087,0,0.000520498309491835,0.00392916790465548,0.00338312083985197,0.000626804023546755,0,0.00998363196375225,0.000353291847032338,0.010955618450658,1.40462354059491,0.0235393001163913,0.000310511717624539,0.00560712246666964,0.0022372312806709,0.134855381159934,0.00303416769041626,0,0.0011124642409253,0.00100598655040576,0.000431426579555672,0.00157073474703651,0.00442947358321393,0,0,0,0,4.62745463147719e-05,0.212124451564244,0,0.000173374228951625,5.39201214507868e-05,0,0.149517256881125,0,0,0.640768671611484,0.000182965541299582,0,0.00159657322374827,0,0,0,0,0.123848062873701,6.80805854166647e-05,0.00194327604613222,0.000108083500976347,0.0921731376653997,0,0,0.000374042774566476,0,0.000124466593199322,0.00025868044848364,0,0,0,0.000242470764646397,0.0657877560268491
0.00136130009761011,0.12994622317156,0.0108398751935319,0,0.00046380859040579,0.00107473923038043,0.000880095864227447,0.000980882176085385,0.00659028550323237,0.00219508884393271,6.99224442125193,0,0,0.000540414927502492,0.000365975760009023,0.0283286894736442,0.00370335536327645,0.143554918843562,0.0108693871899103,0,0.00217904262654189,0.0190675203863307,0.0218764603532442,0.00976920789879338,6.55656145998872,0.128096067636231,0.435407769021821,0.00207956185182728,0.0026495594538187,0.000832674881687677,1.73757068661547,0.00251621923124497,0.00350130563579967,0.240472275309276,0.0089490487757948,0.69218762745041,0.630703508100975,0.414174168995887,0.228953868557314,0.000798892656997249,0.0124902572673773,0.956620657930957,0.0539440929559197,0.0120876817828303,0.00877820097508284,0.00589648126480808,0.000807855993757878,0.000263095865321108,0.00678603107084643,0,0.0409232595223291,0.00516453180276482,0,0,0.00187423803575967,0,0,0.00590618406336795,0,0.137902945202211,0.000309967778394286,4.17468149788773,0.00013078704643011,0,0.00214086967252248,0.000454119522702232,0.0010021489034065,0.00266014435575712,0,0.000120290809517329,0.0432704083197698,0.00139774613106366,0.000618185632177409,0.0828879689770276,0.00723530657150505,0.0611068582108105,0,0.00025880993364067,9.66412049537776e-05,0.997365061364903,0,0,0.00441925170621313,0.00939519662467851
3.78635042810621,0.00036565703916748,0.00138484819433398,0.000465680297705233,0.00194706242744956,0.0435036055690504,0.214635572473133,2.67236924841841,0.0202058726812672,0.49802541746834,0.00802463402872321,0.00464053263441053,0.000540414927502492,0,0.00595944935912575,0.00541453060158087,0.00506078282868092,0,0.000235364774494983,0.000178882538376164,0.00580247079832182,0.00115125004335348,0.0170897403412343,0.0706074578496902,0.000161475568433,0.000274600503577433,0.00118002862335664,0.0284304520846005,4.69316775824909,0.181233414403552,0,0.351070644104016,0.0371952680815642,0.138998170690163,9.30932182916908e-05,0.00631504713681357,0.00217963487886475,0.0701955490626446,0.00908018526818708,0.00522599252094289,0.00729795743774675,0,0,0,0,6.60048804506513e-05,0.00144297601747137,0,0,0,0,0,0.00025039767121237,0,0,0,0,0.00600827354710819,0,0,0,3.61938857640345e-05,0,0,8.84781260372391e-05,0,0,0,0,0,0.00179554418610001,0,0.00115087225844808,0,0,3.51041809074523e-05,3.78849626999772e-05,0,0,0,0,0,0.000152584779858217,0.000178485913649608
0.00253245226766003,0.00532079051692563,0.00044905760996139,0.0071097107630351,0.442387298913149,5.64850245279015,0.0122208089186674,0.105060462512315,3.25491290600372,0.36289472833203,0.00104417473291789,3.88589750041125,0.000365975760009023,0.00595944935912575,0,0.0020960271859928,0,0.000160312784238053,0,0.114045537285884,0.000174012604672938,0.0207260050943374,0.000393305123209198,0.229775571802349,0.00216530719445155,0.000428684462747403,0.00296555035886024,0.0140336673386197,0.00743016877591865,0.0041115212236281,0,0.0207484310364495,0.0020148404887269,0.00835737192637458,0.15172036654193,0.235326932735823,0.000148660926053616,0.00405734879691431,0.00292717585726051,4.54968521227514,0.0472241028172169,0,0.00725013709452871,7.31997116127452e-05,0.000336523650707354,0.000231927942776791,0.0293688561624529,0,0,0,0.000797384514086459,0,0.000764019547472921,0,0.000599802168032426,0.0001054084528882,0.000354345521944369,0.0264071626939094,0.000212683353004884,0,0.000995522012933403,0,6.6471445707132e-05,0.00036612241506264,0.00114955366589326,0,0,0,0.00161508673349073,0,0.0154616637700073,0,0.00232804464788495,0,0,0,0.000176316743564218,0.00031615718440489,0.000404497047936846,0,0,0,5.30915928160349e-05,0.00305022517884982
0.00553234377903367,0.176406842112498,0.0183088497167862,0,0.00197518923444511,0.00262554762091734,0.00497764967514561,0.00564119039887058,0.301382460567353,0.00160674326679167,0.00640919357532967,0.000618598183614205,0.0283286894736442,0.00541453060158087,0.0020960271859928,0,0.0186615658509314,0.00224981713945434,0.00483276624598458,0,1.41918285196454,3.3791691686574,2.11141159029976,3.07474605193277,0.0141506086419033,0.0101553158769822,1.39285451586477,0.573995929786662,0.0257982397247363,0.0646578986642657,0.000121874006344527,0.00910875450315731,0.0256009019294341,0.199979696087852,0.00835136784438101,0.610227461080833,0.229516718730478,0.171640304327168,0.195236805034957,0.0733977938177662,0.0096095943778618,0.00455051392274747,0.0219721948179281,0.00518409151301028,0.00527824097662084,0.01368829953211,0.0118613347852758,0.000169069027553118,0.000316920203872409,0,0.00838372232172415,0.00525731932676559,0.000140432958181709,0.000110020357442188,0.000299931572264292,5.88314092931294e-05,0,0.203212714771765,0,0.00168903206865131,0,0.000713891740490503,0,0.00181571523278849,4.07192816226917,0.000432968829159851,9.06657371747936e-05,0,0,0.157626970632993,1.43396067817586,0.179640522647749,1.40908724790628,0,0.00014053206343293,0.216661836195584,0.0207331235978542,0.000139105663871601,0.000201497481263643,0,0,0.000206356481005037,0.000220622769707894,0.00680915773104173
0.00756367881876428,0.0284159395533501,2.90805164091928,0,9.85705884778533e-05,0.000400635068026847,0.00103893334213097,0.00763193961321275,0.00185093190386781,0,0.0796641883344091,9.32164139422569e-05,0.00370335536327645,0.00506078282868092,0,0.0186615658509314,0,0.0382300928278766,2.98735700398611,0,0.0644820454269729,0.0164576857400063,1.99110688826864,0.00466698112602026,0.00104389410919811,1.02372798825616,0.486438649512557,0.00570813148285467,0.0096068682740806,0.0227134772094291,0,0.00585498608358639,0.00206725674209297,1.22285497833103,0.0011496890892885,0.0260593040826246,0.215731604966746,0.651850011403496,0.0547130175320755,0.00595312238711519,0.00116340543639972,0,0.00257016578288904,0.00228880645377116,0.0008629362050806,0.00239969774900482,6.08894243056615e-05,0,0.000414081413901798,0,0.0111257564226097,0.00649459313605012,0,0,0,0,0,0.00109961543720839,0,0.000331063357987772,0,0.000300519211399695,0,0.000198017166289477,0.00136129918769753,0.00119029103546876,0,0,0,0,0.0201984540961297,0.000832438206785007,0.000164907319479407,0,5.0850944553763e-05,0.00963807203341504,0,0,0,0,0,0,0.000282616712813375,0.00124715329616832
0,0.0481953876684749,0.0174832661417123,0,0,9.28927097137242e-05,0,0.000916049132652702,0.0067702945528729,0.00020197534748018,3.41199374466817,0,0.143554918843562,0,0.000160312784238053,0.00224981713945434,0.0382300928278766,0,4.47341387019282,0,0.000214824198463658,0.00977334201182484,0.000986346604789458,0.00237547544580069,0.517993316239534,2.7421099193229,0.110359637486942,9.27724070186615e-05,0.000642363853456453,8.21935818140712e-05,0.248795000635844,0.0028818331370966,0,0.130014529250736,9.93176162765729e-05,0.00552293246569717,0.0234689065725923,0.0294061094760028,0.0102887835508639,0.000135303684387694,0.00192734297003587,0.00227706374560345,0.000334240654392207,0.000640476278336462,0.000918561353915427,0.000699822159257475,0,0,0,0,0.0474869030993047,0.000903844764243937,0,0,0,0,0,0.0015798346551456,0,0.00377515156277607,0,0.11481810465951,0,0,7.90702301337824e-05,0.000106364309529695,0.000118273169761596,0.00115596967202566,0,0.000146983606909137,0.0108533727913838,0.00026896234575023,3.52866008897484e-05,0.120924354157667,0.00213271281985991,0.0258713403230709,0,0,0,0.00441960072139621,0,0,0.000885594963155626,0.000113173680531045
0.000309401229833081,0.0512482581949058,0.281507430909312,0,0,0.0011901140579188,0.000215566699021607,0.00134942018863278,0.00212889972728593,0.000363703499536541,1.5390332046549,0,0.0108693871899103,0.000235364774494983,0,0.00483276624598458,2.98735700398611,4.47341387019282,0,0,0.00247082127228654,0.0115858154873215,0.027057438128323,0.00284942002116974,0.0850034308293108,2.61105944292854,0.263622772618237,0.000478923879891581,0.00193646807920071,0.000952594607330918,0.00753727743987783,0.00266349293414748,0.000509447185131269,0.786502316640602,0.00061843820114972,0.0401466784205472,0.703636660161076,0.299125942615396,0.0838379669670123,0.000693240018092997,0.00246535523284984,0.00255292259924618,0.00133871311019071,0.00115559394862804,0.00100129621107386,0.000869235067388755,0,0,0.000311412995272882,0,0.0218339053636179,0.000679207156345896,0,0,0,0,0,0.000969284988069259,0,0.000422157937493145,0.000163271584611024,0.00895907116510023,0,0,8.55446025116056e-05,0.000420379162000863,0,0,0,0,0.0084426395997426,0,4.20605819920275e-05,0.017005548327352,0.000652824130680877,0.00489405438687847,0,0,0,0.000505014345222899,0,0,0.000398658613952786,0.000590724502944681
0.000403855973682227,0,0,2.85506692253091,0.00031264824283353,0.0596416636927517,0.000402613207169753,0.00377407654970867,0.133093491024973,2.10634092151253,0,6.04715358409701,0,0.000178882538376164,0.114045537285884,0,0,0,0,0,0,0,0,0.414397672401323,0,0,0,0.000233692006588763,0.000537214217905156,0,0,0.00088912873899836,0,0.000216973922809865,0.0442862774978349,0,0.000444485028408548,0.000313790849312153,0.000799426367333503,0.00531899348852781,0,0,0,0.000390148221587408,0,0.0028422782078263,0,0,0,0,0,0,0.168967928131026,0,0,0,0,0.275952413355694,0,0,0.301454528717834,0,0,0.0009260697481564,0,0,0,0,0.162426514858902,0,0.000669564214578396,0,0.106014437984811,0,0,0,0,0,0,0,0,0,0,0.00968072646401439
0.0116631005382176,0.00400983200111966,0.0204443522346476,0.000120473922407617,7.19331946076665e-05,0.000139791649045031,0.00358218842716818,0.00927077184877267,0.0057530827056294,0.000786399412900894,0.00111273237249761,3.6161947814244e-05,0.00217904262654189,0.00580247079832182,0.000174012604672938,1.41918285196454,0.0644820454269729,0.000214824198463658,0.00247082127228654,0,0,0.0592879862742439,6.9252442982397,0.364783941457665,0.0010326408219283,0.00194469933277485,0.067497387949919,1.61249229489414,0.155395278974974,3.74507248011598,0,0.00132680297409766,0.0434573840903229,0.529325837737102,0.00120377614800597,0.0457633886102338,0.010956329262926,0.0249213685606792,0.021711345687917,0.00667878767505083,0.000838295280318122,8.1000011816431e-05,0.0017162863924399,3.58121331248337e-05,0.000475011752954367,0.000527530009280493,0.00139225617028768,0,0.000126914900714248,0,0.00041176446853175,6.83230720394147e-05,5.35778997043401e-05,0,0,0,0,0.00663374504713406,0,0.000157467326567553,0,0.000259588977752048,0,0.000612993415575109,0.0441099043875765,0,0,0,0,0.00141784326513313,0.046806953410823,0.00171989500373043,0.0273232915036317,0,0,0.00287893803153623,0.000359678082559082,1.95524606828883e-05,0,0,0,0,3.47316641715902e-05,0.000615588400797005
0.0011512894993565,1.84809688804195,0.0142909280711984,0.000680024430037118,0.00120800643143712,0.00092467076289281,0.010681904509996,0.00367173913844425,1.52762918734236,0.00141641092352578,0.00970048543214496,0.00230607423022812,0.0190675203863307,0.00115125004335348,0.0207260050943374,3.3791691686574,0.0164576857400063,0.00977334201182484,0.0115858154873215,0,0.0592879862742439,0,0.105040085798437,1.42698061831669,0.105504302121335,0.0215849381654065,0.911734659849157,0.0512848136544073,0.00467443488327891,0.0108792489696641,0.00135521604030215,0.00104889697966711,0.00152311976797527,0.0537588388466674,0.0020334348330048,0.214877272054921,0.0932320201054532,0.0847532606172778,0.0987870758020706,0.0516675563359876,0.00186536557468767,0.00175253881208689,0.00746836738627859,0.00714896789454886,0.00161684120476595,0.00433420904068415,0,0.000152082400513166,0,0,0.192145917100679,0.00190182213478693,0,0,0,0,0,0.739913955170247,0,0.000882176465131191,0,0.000305212209841386,0,0.00246283709241747,0.417601843253727,0.000871827212294767,0,0,0,0.00218340780426864,5.73529257472576,0.00351736649537855,0.156295855341609,0.00153568648099118,0.000223626156907627,0.0536635951373381,0.000636108694485085,0.000424420368309517,0,0,0,0,0.000147101475479411,0.00183037713277741
0.0275186090901467,0.0102562317860004,2.24529159895065,0,0.000913897700587111,0.00152371509633704,0.0117626707520443,0.0214532359336308,0.00864260738384616,0.00145363301112676,0.0063697331002551,0.000326035946178305,0.0218764603532442,0.0170897403412343,0.000393305123209198,2.11141159029976,1.99110688826864,0.000986346604789458,0.027057438128323,0,6.9252442982397,0.105040085798437,0,0.150733430845608,0.00163006192086294,0.0536394141859963,1.14489927545979,0.226440248232179,0.400344334381998,0.424248853081252,0,0.00385498079128711,0.126747101125132,1.03754090850195,0.0179683480091907,0.302912001628655,0.234570336661862,0.744049597190519,0.264719716598165,0.103497929646818,0.00617008417438249,0.000967023625643129,0.0211267892222148,0.00663770880009405,0.00619345845009604,0.00831420878894232,0.00251803167223223,0.000313668188639031,0.000757000993719772,0.000109008187813451,0.00100950090558646,0.00448971203597931,0,0,0.000951365135563762,0.000158539796365764,0,0.00458047958046209,0.000101261224349308,0.00238050638590132,0.000382527309577467,0.00171365028018825,0,0.00391223525931254,0.250813613399975,0.000269591102809834,0,0,0,0.158550852296521,0.163842839292823,0.0826000322362013,0.0110600038254936,0.000143999514227665,4.21564381713796e-05,0.0152250861652525,2.9634575077612e-05,0,0.000125398865668337,0,4.27698082467141e-05,0,0.00075054609735814,0.0139790960802149
0.043165853744235,0.0830872934230032,0.00447798449993226,1.97577334340123,0.00302492912427501,0.0396910937473403,0.476998531814019,0.0930179497755319,3.92812277788007,0.605494278333085,0.0129976103320044,0.639054418730085,0.00976920789879338,0.0706074578496902,0.229775571802349,3.07474605193277,0.00466698112602026,0.00237547544580069,0.00284942002116974,0.414397672401323,0.364783941457665,1.42698061831669,0.150733430845608,0,0.0126510319309382,0.0083439103476318,0.100035766298251,5.71337171914195,0.174443271493171,0.198000078181697,0,0.0349065913684393,0.05928260524016,0.143252932751278,0.0124026045115369,0.288035226871462,0.0557681879969106,0.0917026970000294,0.107617438818829,0.133345724603823,0.00777176482856798,0.00118510676702517,0.00324934131764761,0.000885078501094501,0.000431856569418509,0.000614242393874096,0.00679891521706927,0.000256417370075238,0.000326793405552096,0.000131042427100364,0.0047118986932723,0.000360800353238792,0.380153665990672,4.25731110100095e-05,0.000100972579412993,0.000241894201255873,0,1.08800032965963,0,0.000472354225020078,0.0540823964157817,0.000557242253702087,1.98167487837667e-05,6.36606684897055e-05,0.129934177919218,0,0,0,0.0603891991354152,0.00198820941282188,0.411421462535296,0.00213882561613312,3.94793461107151,0.000830062705136805,0,0.00376997408944997,0.0438583047386322,3.55072059708746e-05,0.000124124842051262,0,3.28633014463405e-05,0,0.000222368727886899,0.00331755211155863
0,1.30545252908188,0.00240150020867554,0,0.000261138239318618,0.000903894696343325,0.00025531894463411,0.000809675502302367,0.0341801881637914,0.000889569081585328,1.30584054627046,0.000103444418652087,6.55656145998872,0.000161475568433,0.00216530719445155,0.0141506086419033,0.00104389410919811,0.517993316239534,0.0850034308293108,0,0.0010326408219283,0.105504302121335,0.00163006192086294,0.0126510319309382,0,0.318876441572654,1.47697884985844,0.000707310900329166,0.00121778958727004,0.000286491914956549,0.194274618171414,0.00299434741227693,0.000624770430972123,0.0618465302243126,0.000190923202857621,0.0762543486495717,0.224911094969148,0.080057562867585,0.0144834115117511,0.00263623195004371,0.00251334966937272,0.3082858763989,0.00477367410578028,0.015160159357097,0.00972608894225791,0.00133103619073838,0,0,0.0116829504791628,0,0.320935475620739,0.000848168780845843,0,0,7.03229890907562e-05,4.67126400895608e-05,0,0.0103979020761485,0,0.190880394849349,0,1.01784238490249,6.59899789505632e-05,0,0.00262956781773538,0.00266564566863969,0.000988837692037024,0.00788149591061119,0,0,0.0722927213436105,0.000371332642512396,0.000807984006549572,1.04474009864593,0.00865846276474019,0.165232758514969,0.000146071621970461,3.59320315495406e-05,9.65343069012962e-05,0.0335888447024575,0,0,0.00866099577437406,0.000118158717660748
0.000124795192514174,0.150688390354245,2.1065403395236,0,0.000283983987287708,0.000549107427836453,0.000219527216831936,0.000826408615253408,0.01156508883767,2.54371070569637e-05,1.73229941820395,0,0.128096067636231,0.000274600503577433,0.000428684462747403,0.0101553158769822,1.02372798825616,2.7421099193229,2.61105944292854,0,0.00194469933277485,0.0215849381654065,0.0536394141859963,0.0083439103476318,0.318876441572654,0,3.53194064470076,0.00088071486541092,0.000965531487270211,0.00142311750436873,2.13594436339175,0.00190828155552039,0.000150086698341148,0.23671368518114,0.00122730866670593,0.0416507439790783,0.166404982524262,0.16016160493747,0.0345887426263297,0.00132016471695759,0.000601224693805091,0.00666624199491238,0.00269484771051196,0.0019085466106979,0.000813348443936049,0.000700218994676911,0,0,0.000331659424055331,0,0.0700880830810942,0.00180949761882364,0,0,0,0,0,0.00247577664444915,0,0.00302866710374593,0,0.0440714812638538,0,0.000274920803996719,0.000704073770331821,0.000798987499344092,7.18372109983975e-05,0.001074916861218,0,3.54859875861294e-05,0.0123887427620936,0.00019970051536293,0.000649549237240922,0.0467912909155954,0.00347133614170545,0.0299059258799251,0,0,9.20239214113479e-05,0.0017380848732755,0,0,0.00176041636272686,0.0013790595519219
0.000791731400119027,1.99334625053316,2.27673439864619,0,0.000137022818990924,0.00055842895819038,0.00278884708047802,0.00125604601317093,0.0404554100002104,0.000761401986453128,0.127507419800783,0.000520498309491835,0.435407769021821,0.00118002862335664,0.00296555035886024,1.39285451586477,0.486438649512557,0.110359637486942,0.263622772618237,0,0.067497387949919,0.911734659849157,1.14489927545979,0.100035766298251,1.47697884985844,3.53194064470076,0,0.056679169825454,0.00197621381518698,0.00765831717072953,0.566961881676208,0.00346858608987808,0.000272349209959066,0.407694952351074,0.0312873500400247,0.438578113994928,0.339947771646623,0.83160140669789,0.308524432426145,0.056531003678821,0.0100166204188882,0.00334040462733721,0.033994658682853,0.0199984720319429,0.00899902244479838,0.0126178157479113,0.000755347871696164,0.000338310525272278,0.00190538672038393,0,0.203250809524224,0.0320521154098361,3.76653128699236e-05,0,0.000631179184935301,0.000199510618017974,1.64118686637683e-05,0.0114527442500964,3.07078313282819e-05,0.00731228028926506,0.000503478603243737,0.0224636046408223,1.92990492950853e-05,0.00490215035734312,0.510346945757226,0.0039783914045985,5.97043148163671e-05,0.00304422174846337,0,0.00291856507777006,0.427147325654247,0.0278951976916087,0.00646169196592291,0.0471074993562346,0.00816922108451355,0.521695435862595,0.000105235208558223,0.000151600020237616,0.000684361077137976,0.00196317085976053,0,0,0.0046719138148225,0.031789099856322
0.0297370215582129,0.00465367745994716,0.00422525729277513,1.04010321522961,0.00089936093095871,0.00955330476282201,4.25889847425935,0.0389938929443066,0.111071490549204,0.633962446427758,0.0041760629072255,0.00392916790465548,0.00207956185182728,0.0284304520846005,0.0140336673386197,0.573995929786662,0.00570813148285467,9.27724070186615e-05,0.000478923879891581,0.000233692006588763,1.61249229489414,0.0512848136544073,0.226440248232179,5.71337171914195,0.000707310900329166,0.00088071486541092,0.056679169825454,0,0.101574580376633,3.699083662495,0,0.0080626121713673,0.0197101592148342,0.0583734789650779,0.00115756368960994,0.0465656966380566,0.0122158215946261,0.0323595467237159,0.0242336471655754,0.0140938333654168,0.00361684384657725,0.000133175130540591,0.0014774867224272,0.000252230833855924,0.000211328487308569,0.00023360465604613,0.00275832257315835,0,0,0,0.000668455420235942,5.52018690321157e-05,0.619711644253278,0,0.000181287012167368,0,0,0.0140711275188763,0,0.00025886728720569,0.000968208744047004,9.03208975809259e-05,0,4.24212661753291e-05,0.0155480993577614,0,0,0,0.020654620972037,6.8788202148127e-05,0.0264825282119033,0.000577390100504563,0.149317765963952,0,0,0.0018722900555411,0.00166923766440639,0,5.10627634257538e-05,0,0,0,4.73763704236941e-05,0.000761458043080867
1.01650460243071,0.00113431442171173,0.00329941699197146,0.000503308523185372,0.102867767373642,0.093692338306933,0.0980765243156578,0.656228150975822,0.0437553306455219,0.0623637877225673,0.0413106379234052,0.00338312083985197,0.0026495594538187,4.69316775824909,0.00743016877591865,0.0257982397247363,0.0096068682740806,0.000642363853456453,0.00193646807920071,0.000537214217905156,0.155395278974974,0.00467443488327891,0.400344334381998,0.174443271493171,0.00121778958727004,0.000965531487270211,0.00197621381518698,0.101574580376633,0,5.13414153648777,0.000346484154553399,2.3013088420935,2.18994894651483,1.22913561764229,0.000465750971983655,0.020097801539716,0.00501679161500396,0.614177737959786,0.0372299293821179,0.0201617843859713,0.214635307570019,0.000383895659637293,0.000105633687584296,5.50936600317775e-05,0.000126256472607177,0,0.00181504653893109,0,0,0,0.000232546483677487,3.30303668383619e-05,0.000287587710102771,0.000195489827128933,0,0,0,0.020567174234829,0,4.220500579666e-05,0,0.000359579184310378,4.4652504816358e-05,5.86526988917706e-05,0.00030114157489913,0,0,0,0,0,0.0136377568272247,9.44890938224803e-05,0.00505206345431441,0.000391194143875572,0,7.5166022919966e-05,3.08029556429323e-05,8.25360284933089e-05,0.000169765361805158,0,0,0,6.27522955447973e-05,0.00031634306087559
0.39527422639329,0.00216980392139419,0.0111892054075206,6.57004684562973e-05,0.00021064326915247,0.00365255999209353,2.2217496188103,0.157278873396473,0.0452745655135617,0.0257540766311703,0.00405870665640666,0.000626804023546755,0.000832674881687677,0.181233414403552,0.0041115212236281,0.0646578986642657,0.0227134772094291,8.21935818140712e-05,0.000952594607330918,0,3.74507248011598,0.0108792489696641,0.424248853081252,0.198000078181697,0.000286491914956549,0.00142311750436873,0.00765831717072953,3.699083662495,5.13414153648777,0,0,0.0143364517774887,0.308379555158671,0.776370393788633,0.000533318418851876,0.0169979203252463,0.00258223456539414,0.0483345859162019,0.0178773422730877,0.00901433875179006,0.00204991996751133,0.000265479807866766,0.00147690454033238,3.47575848793236e-05,3.05326607963313e-05,0.000157376564039642,0.00310375479583038,0,0,0,5.5975573053247e-05,0.000136870222170807,0.000145623200435699,0,0,0,3.5898235413276e-05,0.0163933005297796,0,0,0,0,3.78880703542309e-05,0,0.00123669488307851,0,0,0,0,0.000144548862535294,0.0202215233267075,0.000101284281789462,0.00231174046254553,6.06848025171136e-05,0,0.000175546599679283,0.000191466504143789,1.78117972042405e-05,0.000222201576162908,0,0,0,5.11641588316508e-05,0.000555289798979046
0.00066567833124866,0.00424525473500968,0.000686187145673906,0,0,0,0,0.000166091164443785,0.000594133667481823,0,1.82133013655555,0,1.73757068661547,0,0,0.000121874006344527,0,0.248795000635844,0.00753727743987783,0,0,0.00135521604030215,0,0,0.194274618171414,2.13594436339175,0.566961881676208,0,0.000346484154553399,0,0,0.000142782726565149,0,0.00607266195585027,1.03660129865024e-05,0.00188144354560615,0.00993560489930604,0.00253692347578527,0.00234212877245128,0,0.00101279966397165,0.00266395706006198,7.26034107329781e-05,0,0,0,0,0,0.00033496349546481,0,0.00636975852300967,0,0,0,0,0,0,0,0,0.00146700338626448,0,0.0153661254826865,0,0,0,0,0,0,0,0,0.000203424789955055,0,0,0.0166873006787864,0,0.0030493207114487,0,0,0,0.0353655879021916,0,0,0.000566537926729567,3.65767187377921e-05
0.00433640149879985,0.000669150856438577,0.00183952983138093,0.000230127853625122,7.75923307030974,4.71341248718928,0.00728474672530958,3.16181999008503,0.0127243696749245,0.0461176269034731,0.102977974053389,0.00998363196375225,0.00251621923124497,0.351070644104016,0.0207484310364495,0.00910875450315731,0.00585498608358639,0.0028818331370966,0.00266349293414748,0.00088912873899836,0.00132680297409766,0.00104889697966711,0.00385498079128711,0.0349065913684393,0.00299434741227693,0.00190828155552039,0.00346858608987808,0.0080626121713673,2.3013088420935,0.0143364517774887,0.000142782726565149,0,0.0495545728676251,1.80180910209776,0.000437913682991838,0.00781009952419784,0.00932609811579302,1.09174993669103,0.130693328083515,0.299004414014623,5.58535887248275,0,7.99596040826148e-05,0,0.000116316042714911,0.000235303927455415,0.000801061971809056,0,0,0,0,0,0,0,0.00023133996487505,0,0,0.00657226781694163,0,5.55151472626586e-05,0,0.000520401937509018,0,0,0.000260016499860089,0,0,0,0,0,0.00449360109766716,0.000316233939929335,0.00156665559610366,0.000408194042387756,0,0.000139401470695876,0.000124435222643719,0,0,0,0,0,5.21605730743485e-05,0.000202803936205037
0.00501574766803747,0.000265445223035708,6.74172876298723e-05,0,0.000520031146311623,0.000926368414190415,0.00418432267928776,0.0148240839411764,0.018331698291469,0.00557321909033567,0.01050688954097,0.000353291847032338,0.00350130563579967,0.0371952680815642,0.0020148404887269,0.0256009019294341,0.00206725674209297,0,0.000509447185131269,0,0.0434573840903229,0.00152311976797527,0.126747101125132,0.05928260524016,0.000624770430972123,0.000150086698341148,0.000272349209959066,0.0197101592148342,2.18994894651483,0.308379555158671,0,0.0495545728676251,0,1.03405859078109,0,0.00683524602666149,0.000518502499026668,0.253074152126655,0.0537609130505431,0.0139526574041223,0.0123804246008854,0.00231783600099601,8.00231254545133e-05,0,0,0.000121147519043101,0.000569619871656102,0,0,0,0,0,0,0,0,0,0,0.0103404797062126,0,0,0,0,0,0,0,0,0,0,0,0,0.00883901416435622,0,0.00157063306447237,0,0,0,0,0,0.00022453043633619,0,0,0,0,0.000216949326618986
