0,0.000483487925703168,0.00436995082518939,0.000118016874472548,0.00319831620440783,0.0957361378484515,0.610342077868364,1.51854420572289,0.00980684626795747,0.006878309875293,0.00257094246715909,0.00172309403374981,0.000867889772849708,3.29472260453139,0,0.000809965383359117,0.0226129964886058,0.00077113019379069,0.0122422789670443,0.0233965091643411,0.0014031378564483,0.000668542616221734,0.00723388162500519,0.0115412021348413,0.000360205921270895,0.00222241786621255,0.0038812506665491,0.0239310623801502,0.729174923245494,1.02943200775627,0.000803303576263779,0.00862467861677453,0.0473454344264655,0.143804413635857,4.70004662023475e-05,0.00286692450026413,0.0017450348188022,0.0360419790897448,0.00524149770721924,0.00601326695622445,0.00566803216613435,0.00104268164199953,0.000148992463697467,0.000118659048256101,0,7.69848433675412e-05,0.000124384730948037,0,0,0,0.000817058105277421,0,0,0,0,0,0,0.0102373637548576,0,0,0,0,0,0,0,0,0,0,0,0,0,0,0.000899846834678412,0,0,0,0,0,0,0,0,0,0,0
0.000483487925703168,0,0.0154863788914221,0,0,9.76723927648068e-05,0.00051842790530013,0,0.768176290322928,0,0.0187758153520268,0,0.0398031030649958,0,0.00263548270111755,0.198575005275396,0.0431839377235801,0.0216122204908037,0.0357136763175588,0,0.000312170443303424,2.7987703477189,0.00295554825083559,0.109795936272269,2.48842355012867,0.0427036361232806,1.36878650599198,0.00405010495863612,0.00136851833709446,0.00196483852537552,0.0553676957602387,0.000499941414314219,0.000990432991880105,0.0557373624288053,0.000801910721687003,0.15703597054834,0.143922181081271,0.190211369852274,0.0868468576741783,0.0104083813289926,0.000701228085169611,0.0114443320255294,0.0104640093235528,0,0.00245823889993965,0.00244473500215847,0,0.000117094106785266,0,0,4.25988043121273,0.00257899591198724,0,0,0,0,0,0.0518675129407848,0,0.000193829170868537,0,0.000501047635068383,0,0.000175752394157213,0.0506038000011316,0.00325276362337291,0.000439022512961851,0.00262857882588331,0,0.00017288047164034,0.761486607822329,3.3845572306063e-05,0.00214752210433192,0.0479654452967314,0.00634633178282949,0.00664636672389013,0,0,0.000253337717229206,0.000575074979704576,0,0,0.000216258994949203,0.000488831786471535
0.00436995082518939,0.0154863788914221,0,0,0,0.000211528647145625,0.00922131738822115,0.00187525027928091,0.00163941149843835,0,0.0110132514354663,0,0.00190057524022817,0.0014104909290758,0,0.032285694831679,1.29072252929627,0.0127535498036173,0.123004346527412,0.000163239270058934,0.0484997487270875,0.00495660813750526,3.03165428711555,0.00467227067540771,0.00268468815204573,1.07304301626914,2.79983810938923,0.0120383924657071,0.00138005030459347,0.0411007090409593,0.000908297957063564,0.000281511469941281,0,0.180411867821002,0.000397756780143722,0.0835005003198974,0.026754275763529,0.288479997947263,0.130561592380561,0.000599453146094503,0.000162706294024151,0.000807799000408998,0.00429964236121108,0.000119647288960882,0.00066762872879756,0.000541081659452037,0,0,0,0,0.0231694473654357,0,0,0,0,0,0,0.000172989668935572,0,5.0741989722658e-05,0,8.61679993536041e-05,0,0.000203978249280515,0.00078670979891649,0,0,0,0,0,0.00181301093669863,1.80029968231236e-05,7.34706276035221e-05,0.00316703246079085,0.000104960711673269,0.000238447093279239,0,0,0,0,0,0,2.67477599835289e-05,0.000314966189247394
0.000118016874472548,0,0,0,0.000504782964319876,0.00752385281657596,0.0116496730525297,0.0051427731352571,0.101523794493054,1.62341847213589,8.36479730764558e-05,0.772429041792965,0,0.00139567995302886,0.00353390874553088,0,0,0,0,12.9134481813998,0,0,0,2.00411442366836,0,0,0,2.39198562982331,0.00149559941007756,0.000318992581972653,0,6.20908609949532e-05,0,0.000186035239147596,2.90392223624043e-05,0.00117809461489464,0,0.00111680213200184,0.000317748282184314,0.0054821843080174,0.000254247494475024,0,0,0,0,0,0.00354389158558666,0.000135530499832924,0,0,0,0,0.0194255569249553,0,0.00020760335742258,0,0.000153212711895083,0.0285748076255155,0.000657691955078698,6.87769465673241e-05,0.00524431441484437,0,4.89912745833356e-05,0.0035201185604634,0,0,0,0,0.0102120445756275,0,0,0,0.0108359407084883,0,0,0,0.000534615879134664,0.000150640526294109,0,0,0,0,0,0
0.00319831620440783,0,0,0.000504782964319876,0,1.06859144302912,0.000460242550468148,0.0269499354873828,0.00783833044069594,0.00070950420171599,0.04491359889028,0.00188573986246319,0.00556122256617591,0.0128866895261015,1.13208483038761,0.000556191553660171,0,0.000805101869927501,0.00168217997670748,0.00124922849639887,0,0,0.000179064391290591,0.00109625434206299,0.00476270282922031,0.00151735676472931,0.000442798058549545,0.000616596868840674,0.127224399461471,0.000499708502794787,0.00018558300677296,4.62822483586044,0.00396266486308444,0.390072732776607,0,0.00285057290247729,0.00435315470137856,0.0964324371375377,0.0101081162806545,8.07566160859815,8.60049656418247,0.0048490734566106,0.000228590614354443,0,0,0,0.000117839511796721,0,0,0,0,0,0,0,0,0,0,0.00267541577204719,0,7.20236702400068e-05,0.000168599009032341,0,0,0.000350142070558012,0,0,0.000286732126137711,0,0.000391949481972236,0,0,0,6.34705492968679e-05,0.00235530731325129,0.000151582997999825,0,0,0,0,0,0,0,0,0
0.0957361378484515,9.76723927648068e-05,0.000211528647145625,0.00752385281657596,1.06859144302912,0,0.258668162577467,2.57872412386365,0.0730195604986747,3.08495795503113,0.00463006999818413,2.02698408440187,0.000503854643464897,0.632266116514017,0.615355390320813,0.000113600058830805,0.000637912991228937,0,0.000977791578158985,0.176070529809823,3.29300569260303e-05,0.000193267931675775,0.000564961620486794,0.0519512437650457,0.00039695368404477,0.000318464246406471,0.000243815840595394,0.0276612254929351,0.465909372843675,0.00801983138315623,5.00820862920598e-05,0.830442776584369,0.00121837784782531,0.0738183173169753,0.00633939902855864,0.00413837324926889,0.000558176781156813,0.0204664472842111,0.00055971187824605,0.354221252710864,0.0691976104826811,7.31036031509031e-05,0.000657317230867351,0,0.000272287677987818,6.97807109408884e-05,0.00836545480141065,0.000533252593313303,6.13089868300633e-05,0.000119207046877894,0,0,0.000618262682465014,0.000552578289966674,0.00280571418355262,0.000497342792519031,0.000399614576778789,0.0746201307164722,0.00371628170398372,0,0.0118860737153671,0,0.000283888808070554,0.0106172728739596,0,0,0,0,0.00339817249183516,0,0,0,0.0303695459642026,0.000204343977075964,0,0,0.0021000227627381,0.000377947230704877,0,0,7.22113323619088e-05,0,0.00061966454369291,0.000224021976470353
0.610342077868364,0.00051842790530013,0.00922131738822115,0.0116496730525297,0.000460242550468148,0.258668162577467,0,0.454654619057605,0.0605093728925093,2.03537491324453,0.00113062446313351,0.0144354784964615,0.000536375736484653,0.366630391943674,0.00160071625476274,0.000910649582976239,0.018606275023481,0.000213137363499358,0.00822260891430786,0.0681977454280333,0.0134789823416727,0.000631209828511655,0.0180731626981436,0.228068423886283,0,0.00163579421179319,0.00289022155111571,3.5146373621184,0.0364436225255462,1.97575736058443,6.47244073913329e-05,0.00231608629906795,0.00459892174891724,0.057857938793614,7.57742906516863e-05,0.00939124802153471,0.000446600988936943,0.018229544192378,0.00507379595420006,0.0123337834485342,0.00599534440690852,0.000124983560080625,0.000314057078432178,0.000152779119191173,0.000224052234742533,0,0.00130636599711239,0.000417025124441879,0,0,8.53217678189466e-05,0,0.000326537656516741,0,0.00117411958168951,0.000206175960435456,0.000323604442339734,0.0447371783807971,0.00142081859378769,0.000125054481819011,0.00296104880307376,0.000140405232015328,0.000368233624689439,0.00078752620261365,0,0,0,0,0.000543834693408833,0,0.000611631796217693,0,0.00907100232385837,0,0,0,0.000808391411234127,8.56488421922819e-05,0,0,0,0,5.81574277963757e-05,0.000163958885256114
1.51854420572289,0,0.00187525027928091,0.0051427731352571,0.0269499354873828,2.57872412386365,0.454654619057605,0,0.0221854426759413,0.431886492775349,0.00138921701905779,0.100218584418555,0.00021301299165381,5.97354892647413,0.0015830472347984,0.000113083657217105,0.00452903884436143,0.000178664398274212,0.00240550538647915,0.0928563761204484,0.00155972847122653,0.000411084843434717,0.00231220605386029,0.0307380897393989,0.000354624712071889,0.000695883762488169,0.00203388477667202,0.0294088560620072,0.356168890016143,0.0454520993471336,8.33795907289672e-05,0.631112675919392,0.00229802998258291,0.0501862399688797,0.000150418956812426,0.00213484274601473,0.00071381700008417,0.0234844038729534,0.00135998179832412,0.0177396432069741,0.00318237940207129,0,6.06494874470866e-05,0,0,0,0.000710210574737863,0.000205202536010075,0,0,0.000140131644024329,0,0.00019535752379829,0.000221803785715436,0.000269130178559285,2.98227570747715e-05,7.51464299458935e-05,0.0374814765284686,0.000460234894260793,0.000160885494665222,0.000933449654357495,6.50848349297677e-05,0.000352925542854918,0.000987149832359182,0,0,0,0,0.000557424988347883,0,0,0,0.00658724182196162,0.000207154983320077,0,0,0.000693215470829619,0.000150652430199107,0,0,6.01063733515696e-05,0,0.000341617016652523,4.65800232030871e-06
0.00980684626795747,0.768176290322928,0.00163941149843835,0.101523794493054,0.00783833044069594,0.0730195604986747,0.0605093728925093,0.0221854426759413,0,0.120655103715735,0.0145130868525175,0.701486689125676,0.0216128358458778,0.00479206046609441,1.01738056273487,0.0127349928411492,0.00315053692611329,0.011712428362556,0.00530831941700301,0.567304375488673,0.000180178240940338,2.13538702858895,0.00178091010910919,4.95504187444176,0.269568107402116,0.0208951537000966,0.0719971485985958,0.184636670712537,0.0184118551495273,0.00333761478560573,0.0274665567154068,0.00217910237334894,0.0132499254302245,0.0330301464032862,0.000327302532576628,0.155140595692111,0.0596041200599894,0.0621275605785307,0.0273740754630098,0.646687442266212,0.0131551503349324,0.00802991573410032,0.00524540920551287,0,0.000363658790461973,0.000264379978518472,0.0693792793716255,0.000581932103742256,0,0.000315189343831263,0.0956963974897444,0,0.00442422037676758,0.00555582082110719,0.00954479059746212,0.000177223207968707,0.00154191692056161,2.15653970277538,0.0107398155672048,3.86722078520073e-05,0.0891997967651077,0.00013207888485423,0.000363559287814778,0.0804249763915885,0.000857251190743246,0.000513352973308696,0,0,0.0301786823607784,0,1.18583587712963,8.53560246882046e-05,0.152397208664636,0.000763719899808863,0.000194813929724653,0.000165806265269992,0.00274099730220676,0.000288447762679052,0.000286061222240849,0,0,0,0.00123733633717674,0.000187754393676077
0.006878309875293,0,0,1.62341847213589,0.00070950420171599,3.08495795503113,2.03537491324453,0.431886492775349,0.120655103715735,0,0.00101225823608789,1.94818759584264,0.000234622520902895,0.803908912584628,0.00571081363322368,0,5.76726721136342e-05,0,3.38361502198628e-05,3.80857778546971,0,0,8.12662191001837e-05,0.141105261648611,0.000241355038242163,4.19258330795779e-05,6.25068777108206e-05,0.82626655743382,0.0229778747286951,0.000747470428715794,0,0.00365959166576448,0.000353739365313684,0.0103926879163039,0.0150315045720555,0.00180863288734933,0.000375053615816199,0.0120308406164639,0.000706133060819346,0.0162311103437702,0.00418496219317891,0,0.000331633402368314,0,0.000455904157527298,8.58567398617175e-05,0.00407799944173504,0.000242787663232803,0,0,0,0,0.00462239710197396,0.000905793125466653,0.00303477277075075,0.000279128981952343,0.00130040485652328,0.0886086828572427,0.00849877933721335,0.000259678751028387,0.0115093549214516,0.000147579441235678,0.00119440138160097,0.0060002178969897,0.000104854151003102,0,0,0,0.0155843964706631,0,0,4.93280226291082e-05,0.046732116672026,0,5.32777923062692e-05,0,0.00346595888559776,0.000187885605478863,0,0,0.000118521481984779,0,0.000678751046413921,1.43722935605172e-05
0.00257094246715909,0.0187758153520268,0.0110132514354663,8.36479730764558e-05,0.04491359889028,0.00463006999818413,0.00113062446313351,0.00138921701905779,0.0145130868525175,0.00101225823608789,0,0.000451989722729866,3.23974197370484,0.00454005805428321,0,0.00536930026304165,0.00264747767517645,2.14871251738499,1.01532176090355,0.000418477346817599,0.000605506934726053,0.0133860219992984,0.00483291936719485,0.00440333535703544,1.89940091596463,1.05107807674314,0.123518568305116,0.00218282846058598,0.0812202180539644,0.00273037978427739,0.607322643450607,0.0820019705191677,0.00347539170114555,1.60583841023127,0.00141494694557589,0.135236464474376,0.505459744245922,1.25488688888748,0.306508604883467,0.0122329902422793,0.122192437938281,0.345410940181602,0.042260401632743,0.000115515560279004,0.00117872695273517,0.00187857051493616,0.000109723713362589,0.00031061651905363,0.000124647903109894,0,0.00718980540051277,0.000556846744322366,0,0,0,9.64654427336428e-05,2.83436459353191e-05,0.00311884529031931,6.86385975474926e-05,0.027533750689112,0,0.0682439995937575,0.000146398146889673,0.00040256938458709,0.000477912387241721,0.000393095211802214,0.00681085589282744,0.000993138725504816,0,0.00023837904448444,0.00388776514656311,0.000548286584168184,0,0.415624710027495,0.0444728913530171,0.00525879615375971,1.81900827841688e-05,0,0,0.0340628379053259,0,0,0.000499670944832994,0.000702273685587834
0.00172309403374981,0,0,0.772429041792965,0.00188573986246319,2.02698408440187,0.0144354784964615,0.100218584418555,0.701486689125676,1.94818759584264,0.000451989722729866,0,0.000120333996843623,0.0113361885083885,1.13935388776737,0,0,0.000173429606899766,7.04447328713394e-05,4.00637586291314,0,0,0,0.404445330315636,0,7.25726926609938e-05,7.53823072132272e-05,0.0428694939486355,0.0211191755712245,0.000484818780363698,0,0.00407577457692447,0.000143334801172214,0.00836812190417214,0.0545323491813372,0.0161644294713191,0.000292063293988584,0.00777648351871998,0.000728047105060387,0.177021248357178,0.00139876615342293,0,0.00108718717767303,0,0.00155965813490275,0.00014926668810181,0.0324164794272502,0.00264179595592655,0,0,0,0,0.0236504901129193,0.00340311152495023,0.0135803296157481,0.000292467888558092,0.00152294571644663,0.0697191846364933,0.0503014722441695,0.000623032632980399,1.12076869122524,4.26479440423979e-05,0.00197909712566057,0.0349061047467407,0,0,0.000100568135160095,0,0.0781241631374722,0,0.000114639801493717,0,0.0330288559908024,0,0,0,0.0030678613733124,0.000877401724029888,0.000119799178964455,0,0.000422754269272134,0,0.00144469832150716,0.00114250858575906
0.000867889772849708,0.0398031030649958,0.00190057524022817,0,0.00556122256617591,0.000503854643464897,0.000536375736484653,0.00021301299165381,0.0216128358458778,0.000234622520902895,3.23974197370484,0.000120333996843623,0,0.000334015892460634,0,0.0177802944343543,9.78643504976711e-05,0.0305287138261365,0.0097865826209361,0.000739690737446624,0.000480522849424599,0.0223906645597548,0.00334388229868369,0.00657947072032002,2.48530678324903,0.299239692896268,0.628536935378459,0.00175816756493495,0.00845393727614486,0.000866349596039587,4.80675088653043,0.0144684432784516,0.00185345272124426,0.336715978711711,0.00203672500940548,0.505397161498123,0.53576163955483,0.864758261108931,0.161993227509767,0.012728478355484,0.317751987480431,1.52419004858252,0.125463602236239,0.0100591782664544,0.00776511202417675,0.00552865728043509,0.00019148468631424,0.00479481749210985,0.0549767413627292,0,0.0180708186853518,0.000869583612952417,0,0,2.44333676199615e-05,3.15640114900446e-05,0.000392719013984882,0.00187890198062512,0,0.0183786921520172,0,0.154585651601956,0.000238540469024133,0.000176607137732701,0.00106503601583847,0,0.000930227323808045,0.000445646139352984,0,3.30060316319318e-05,0.0118288712131104,0.000455489256650845,0.000417846470712727,0.137334188770875,0.00824153606014207,0.00110083033558161,5.94105253872348e-05,5.67991084632286e-05,0.000328822559418299,0.009327439361895,0.00018163887902236,0,0.00453279323054923,0.00106692554091669
3.29472260453139,0,0.0014104909290758,0.00139567995302886,0.0128866895261015,0.632266116514017,0.366630391943674,5.97354892647413,0.00479206046609441,0.803908912584628,0.00454005805428321,0.0113361885083885,0.000334015892460634,0,0.000532701623963146,0.000228720497214767,0.00479321877495529,0.000476005411339146,0.00184477547329678,0.0140581970229767,0.000648352251822498,0.000405136967489962,0.000909783200342797,0.0105966267089288,0.000181927163877754,0.000771038783506481,0.00125513370151416,0.0172598411052307,3.78819227765322,0.052014444570104,0.000183450541218111,0.479320498797441,0.00697009323158336,0.0803345228281748,5.90856032257978e-05,0.00181423164796243,0.00112919991246974,0.0275242952152643,0.00222753836663905,0.00507316679761662,0.00549442575377005,0.000527265317236394,0,0,0,0,0.000191840315581987,0,0,0,0,0,4.35828123591248e-05,0,6.32390523336796e-05,0,0,0.00862093399618826,0.000116695614037546,0,0,0,0,0,0,0,0,0,0.000206875155414968,0,0,0,0.000658197157183703,0.000100962544164154,0,0,0,0,0,0,0,0,0,2.53522813775973e-05
0,0.00263548270111755,0,0.00353390874553088,1.13208483038761,0.615355390320813,0.00160071625476274,0.0015830472347984,1.01738056273487,0.00571081363322368,0,1.13935388776737,0,0.000532701623963146,0,0,0,0,0,0.0210309513851982,0,0.00230878402687282,0,0.0340209121350072,0.00146303128416357,6.99409251697907e-05,0.000302544794141338,0.00393999290255882,0.000910454851653392,0,0.000412291397297301,0.0100202289489387,0,0.000213518307303225,0.0227739083126348,0.0302918963447223,0.000256104154825799,0.000494100559406459,0.000428157677348912,6.17319997619536,0.0491024659274983,0,0.000291628156634614,0,0.000322018301697876,0,0.0474692283865853,0.000352258587124361,0,0,0.000209764592194624,0,0.00110032896999904,0.00225899993543643,0.00445354693520524,0,3.92595891480407e-05,0.0529856514819225,0.00188681388902014,0,0.0337364961428947,0,0.000435320492831355,0.044024966710587,0.000112557235423966,0,0,0,0.0136529704083723,0,0.00138211693862936,0,0.0111646484546989,0,0,0,0.000966347117088981,0,0,0,0,0,0,1.90187403415248e-05
0.000809965383359117,0.198575005275396,0.032285694831679,0,0.000556191553660171,0.000113600058830805,0.000910649582976239,0.000113083657217105,0.0127349928411492,0,0.00536930026304165,0,0.0177802944343543,0.000228720497214767,0,0,0.020163099279731,0.00131130835460632,0.0106134490428862,0,0.437493272477182,2.57303763147797,1.57638921358498,1.63314391085537,0.00726501969696175,0.0107376666399203,1.58431004940613,0.318626157786898,0.00178487078122483,0.0082304568838927,0.000819733553537951,0.000943018292994181,0.000390206905285462,0.363214982044051,0.0189227722950403,1.070554151257,0.230253781684564,0.537557728287285,0.538587455479555,0.104169815369667,0.0284613842712847,0.0122486085560965,0.044959532533223,0.00393300632671827,0.00370924980327325,0.0139382623585656,0.00183124255461327,0.00189291228605599,0.000461680353854726,0,0.050454450078448,0.000756554183744507,0,6.95481662210022e-05,0,0.000100592073245528,0,0.00755278450944966,0,0.00135306122000579,0,0.000804784936066974,0,0.00299437810641907,5.50211565959015,0.000623493342610103,0,0.000309301741859341,0,0.000674284147836159,0.338167931925736,0.00118854844613558,0.00359131317484315,0.000830785302017033,0.000123018417269605,0.0373331795207458,2.34818544925027e-05,0,0.000225063719821089,0.000331513277677226,8.78393209748987e-05,0,0.00168459739607936,0.0130117290195127
0.0226129964886058,0.0431839377235801,1.29072252929627,0,0,0.000637912991228937,0.018606275023481,0.00452903884436143,0.00315053692611329,5.76726721136342e-05,0.00264747767517645,0,9.78643504976711e-05,0.00479321877495529,0,0.020163099279731,0,0.00832917299657595,2.72526094686487,0,0.043671306394422,0.0183331825561936,1.96536313897819,0.00708053589121798,0.00118042580763165,0.809333739928146,0.287713835372593,0.0204135056874785,0.00739918674667977,0.0990968488276402,0.000263506448348518,0.000278819090765406,0.00160560524000427,0.591853681909569,2.64753990572688e-05,0.00458163176467434,0.0239590690949736,0.0136061796282064,0.0071197946890465,0.000579501118952603,0.00124996342927441,0.000149491970093507,0.000714577217065075,0,0.000400636051037241,0.000572812342898507,0.000131783561064481,0,0,0,0.0309864304556613,0.00104498774904013,0,0,0,0,0,0.000587246740577794,0,0,0,0,0,0,0.00150293237167745,0,0,0,0,0,0.00395470772095511,0,0.000118577140978399,0,0,0.00137453478056889,0,0,0,0,0,0,0,0
0.00077113019379069,0.0216122204908037,0.0127535498036173,0,0.000805101869927501,0,0.000213137363499358,0.000178664398274212,0.011712428362556,0,2.14871251738499,0.000173429606899766,0.0305287138261365,0.000476005411339146,0,0.00131130835460632,0.00832917299657595,0,2.91180500095786,0.000363015878737747,0.000114183919064256,0.0125012008845002,0.00222701212572884,0.00121711627683674,0.3182019342237,1.1418458087786,0.0571121347772911,0.0006201293159838,0.00317049753037305,0.00112856631352729,0.140809270823443,0.00262382356437949,0.00107981469319865,0.0238408675785148,9.50349362022746e-05,0.0115419051506211,0.0735616035583206,0.0652212827254741,0.0535411355915769,0.000665000082652013,0.00320565693386454,0.00483718310766591,0.00289331745968175,0,0.000652104797046322,0.000432492627424864,0,0,0,0,0.00440565746505564,5.96924832469126e-05,0,0,0,0,0,0.00203197778243158,0,0.00620788760745384,0,0.0216189607047552,0,0,0.000116542932960314,0,0.00293766825444027,0.00173002046057766,0,0,0.00185218689921343,6.26420998057903e-05,0,0.2034289487586,0.0132229016515382,0.00239408753688218,0,0,0,0.0108910189896461,0,0,0.00104319849625724,2.05104282641357e-05
0.0122422789670443,0.0357136763175588,0.123004346527412,0,0.00168217997670748,0.000977791578158985,0.00822260891430786,0.00240550538647915,0.00530831941700301,3.38361502198628e-05,1.01532176090355,7.04447328713394e-05,0.0097865826209361,0.00184477547329678,0,0.0106134490428862,2.72526094686487,2.91180500095786,0,0,0.0113896299107507,0.016092580399037,0.0598340312538567,0.00473933022714366,0.117454195604432,1.94211860190879,0.394070063712558,0.00752555997976979,0.0117013325925096,0.030531201033527,0.026206760635796,0.00415258782842039,0.000637050353951941,0.308154193161281,0.000135761554395868,0.0288036027171362,0.141588579353781,0.321670043673238,0.154142920550926,0.00238252115144201,0.00605154796347493,0.00334920187076427,0.00363156782858302,0.000368763112928473,0.00109230065474477,0.000760411779815481,0,0,0,0,0.0229791661029739,0,0,0,0,0,0,0.000810381965277801,0,0.000859491179879367,0,0.00184921962664749,0,0,0.000702801767405613,0.000275226330373805,0.00116390736355377,0.00210047099926939,0,4.25881517947297e-05,0.00127551213071703,0.000504300196289818,0.000136942034770646,0.130704607422316,0.00604233085037752,0.00110466567641025,0,0,0,0.00171521497030551,0,0,0.00116771568780657,6.21888046136949e-05
0.0233965091643411,0,0.000163239270058934,12.9134481813998,0.00124922849639887,0.176070529809823,0.0681977454280333,0.0928563761204484,0.567304375488673,3.80857778546971,0.000418477346817599,4.00637586291314,0.000739690737446624,0.0140581970229767,0.0210309513851982,0,0,0.000363015878737747,0,0,0,0,8.04781896469129e-05,0.767081230535367,0,8.06900253207659e-05,0.000145338079078212,0.757948822970872,0.0173566303683655,0.000570065363228803,0,0.00462459126067726,0,0.00923942318140565,0.00144841982051796,0.0065054314804258,0.00065296534057163,0.0149834234110527,0.00206563215663434,0.0453240394394689,0.00903305029781818,0.000321343617542033,0.00119519087890359,0,0.0018008169551102,0,0.0197413059067701,0.00344335511720613,0,0,0,0,0.0048675960369575,0.000841618274882503,0.00579575111623921,0.0010074398737124,0.00170582198011858,0.276577213546639,0.00979069494805836,0.00046909942502214,0.0405923150171789,0.000283278561732242,0.00116543909917066,0.0221684296154044,0,0,0,0,0.021941154944684,9.87543771909017e-05,0,0,0.0876484013627588,0,0,0,0.00567620519491128,0.001063090878476,0.000334048931375452,0,0,0,0.00137684315122547,8.33669378976284e-05
0.0014031378564483,0.000312170443303424,0.0484997487270875,0,0,3.29300569260303e-05,0.0134789823416727,0.00155972847122653,0.000180178240940338,0,0.000605506934726053,0,0.000480522849424599,0.000648352251822498,0,0.437493272477182,0.043671306394422,0.000114183919064256,0.0113896299107507,0,0,0.00075146890424901,5.54767514751131,0.00772763153617298,0.000214214942198197,0.00709327428060566,0.0119671038313886,0.29634250671807,0.00748293294048668,2.02564612954614,0,0.000246816981570586,0,0.354120462236463,0.000973264225977606,0.0246208239874424,0.00348120039379067,0.0422778023045883,0.0310977536288931,0.00585017282516778,0.00114356357485833,0.000358461433922326,0.0013772382031309,0.000280030234856168,2.56868666607618e-05,0.000291328109554319,0,0,0,0,8.59806847906038e-05,0.000104203653964995,0,0,0,0,0,0.000301329598700946,0,2.22446088036544e-05,0,0,0,0.000209638354293537,0.0197258977769246,0,0,0,0,0,0.000111150868890492,0,0,0.000219541880080686,0,6.81349943826552e-05,3.34403239625296e-05,0,0,0,0,0,0,0.000889999526830802
0.000668542616221734,2.7987703477189,0.00495660813750526,0,0,0.000193267931675775,0.000631209828511655,0.000411084843434717,2.13538702858895,0,0.0133860219992984,0,0.0223906645597548,0.000405136967489962,0.00230878402687282,2.57303763147797,0.0183331825561936,0.0125012008845002,0.016092580399037,0,0.00075146890424901,0,0.0199923414357506,1.62450443676055,0.326032918703848,0.0244182527451717,0.599643692517743,0.0342391186782695,0.00172554448510229,0.00335308653907354,0.0196626806045706,0.000287859626497662,0.00186858287770653,0.0821995867464703,0.00343119854767685,0.425142246368762,0.233965154938741,0.210849056158438,0.139615409382158,0.0197232922979528,0.00576821728235714,0.0157608326925422,0.0209616116826319,0.00142399172293815,0.00135939876034332,0.00251807607025585,0.00126733239588085,0.000340452694656932,0,0,0.467106803638105,0.00197627238021052,0,0.000329933660222961,0,3.59395652021902e-05,0,0.187553659623293,0,0.000152284172903043,0.00029531069005459,0.00134618502939076,0,0.00105337487507718,0.237420915617923,6.19530084266014e-05,0.000601456684240935,0.000199188176529882,0,0,4.48182164728651,0.000607445897992813,0.0382268225503983,0.0038388799339774,0.000489565380300629,0.00791737319423121,0.000189747892549778,0,0,0.000115966779478877,0,0,0.00104222416230792,0.00235711059535039
0.00723388162500519,0.00295554825083559,3.03165428711555,0,0.000179064391290591,0.000564961620486794,0.0180731626981436,0.00231220605386029,0.00178091010910919,8.12662191001837e-05,0.00483291936719485,0,0.00334388229868369,0.000909783200342797,0,1.57638921358498,1.96536313897819,0.00222701212572884,0.0598340312538567,8.04781896469129e-05,5.54767514751131,0.0199923414357506,0,0.0270076609047304,0.00163631126739562,0.056646825210012,1.22902089828691,0.178656904637557,0.00672216358872296,0.146466514479856,0.000637943968602672,0.000413566263694503,0.000283929565608511,0.610492009280912,0.0046135031105076,0.115996237529622,0.014117686091049,0.347475519407219,0.251455620661777,0.0176439806247037,0.00762826385528934,0.00209984100263119,0.00550296797420125,0.00119526689342254,0.000784927250615339,0.00262496661267235,0.00025882954743878,0.000279157749722023,0,0,0.00492071263483391,0.000118751653507361,0,0,2.76047328410228e-05,2.41036257870755e-05,0,0.000758234627214152,0,0.000566108921196326,0,0.000139769223171765,0,0.000566167589921067,0.0417686016245256,0.000392644078339839,0,0,0,0.000239097819889105,0.0284192370847165,0.000282971384118745,0.000226785968218182,0.00082145758907618,0,0.000790623567205561,0.00010371562341252,0,0.000176834323643942,0,0,0,0.000275308613610431,0.00414779185601509
0.0115412021348413,0.109795936272269,0.00467227067540771,2.00411442366836,0.00109625434206299,0.0519512437650457,0.228068423886283,0.0307380897393989,4.95504187444176,0.141105261648611,0.00440333535703544,0.404445330315636,0.00657947072032002,0.0105966267089288,0.0340209121350072,1.63314391085537,0.00708053589121798,0.00121711627683674,0.00473933022714366,0.767081230535367,0.00772763153617298,1.62450443676055,0.0270076609047304,0,0.0321678795834995,0.0077930936548855,0.112685269181124,4.41419673761594,0.0307732797248429,0.023724716685473,0.00213603843251586,0.00177813853585875,0.00970469101376562,0.178989724679787,0.00379636257902148,0.308037028074993,0.0547091260015293,0.110233584797918,0.0467332670780343,0.0866888005239755,0.0181507087037552,0.00221492852793,0.0077522891129211,0.000686896707582207,0.00221527210048997,0.00148544310665283,0.0151305489051806,0.00408881893425878,0,0,0.0179878245589981,0.00099998621798579,0.00288271229322676,0.00102200236157402,0.00781635532396808,0.0013052269333161,0.00333733041689988,0.918394053685919,0.014138346218697,0.000373723161413886,0.0283469645815058,9.02941459451541e-05,0.00237004795722129,0.0122933074897058,0.0165943130944024,0,0,0,0.0130575679534085,4.25160582318354e-05,0.253158335187679,0.000197402371492942,1.97736634000057,0.000320121350008614,0.000106883872893288,0.000638836273941653,0.0108744436051126,0.00115915974632664,0.000265080960651729,0,0.000440815561316256,0,0.00133384843862816,0.0017158042695113
0.000360205921270895,2.48842355012867,0.00268468815204573,0,0.00476270282922031,0.00039695368404477,0,0.000354624712071889,0.269568107402116,0.000241355038242163,1.89940091596463,0,2.48530678324903,0.000181927163877754,0.00146303128416357,0.00726501969696175,0.00118042580763165,0.3182019342237,0.117454195604432,0,0.000214214942198197,0.326032918703848,0.00163631126739562,0.0321678795834995,0,0.792476622402707,1.29451439535164,0.00134544105347755,0.00761501548880425,0.00128834120567738,1.14746199103798,0.00566642357094008,0.00219137821147412,0.0942756937355307,0.000589468862945795,0.0874975278497351,0.459239912088847,0.307072414040212,0.155031803730577,0.00699774400205759,0.0219548648390342,0.197642999061225,0.0219787474459885,0.000122907725446427,0.00306530322449385,0.00117405235378727,5.53552520689343e-05,0.0002429010551247,0,0,0.418148119681757,0.000401996706837045,0,0,0,0,0,0.0210465032081384,0,0.0228746519963228,0,0.0861299837492644,0,0.000196131805929608,0.00144203345122405,0.00253065983731164,0.0156179429845703,0.0130032057429268,0,0.000562069054780928,0.0904130753209848,0.000152054387473561,0.000265979328297186,1.24777900560583,0.0811726678644675,0.0143524360692807,0,0,0.000401140919586516,0.0461690719201684,0,0,0.00497933139966928,0.000422255238318044
0.00222241786621255,0.0427036361232806,1.07304301626914,0,0.00151735676472931,0.000318464246406471,0.00163579421179319,0.000695883762488169,0.0208951537000966,4.19258330795779e-05,1.05107807674314,7.25726926609938e-05,0.299239692896268,0.000771038783506481,6.99409251697907e-05,0.0107376666399203,0.809333739928146,1.1418458087786,1.94211860190879,8.06900253207659e-05,0.00709327428060566,0.0244182527451717,0.056646825210012,0.0077930936548855,0.792476622402707,0,2.16030287625551,0.00486165513692641,0.0065975694475862,0.0125415319540037,0.74529575122621,0.00261955563880697,0.000517954258077586,0.0710242470225202,0.000538961326030912,0.0567444025113996,0.16929811293962,0.155938455895074,0.0932865075845555,0.00143719583657281,0.00495904437427559,0.00725931436060529,0.00960362113989,9.01035750516949e-05,0.00031595791685965,0.000732227440137373,0.000117063526786441,3.54847635879443e-05,0,0,0.0211132716482069,0.000397886894643179,0,0,0,0,0,0.00125710144358959,0,0.00751419329664169,6.15350922810592e-05,0.0329775300604925,0,0.000215067261320494,0.000699221115842922,2.21438651312597e-05,0.00378553160267894,0.00310967854651895,0,2.00427750397141e-05,0.00486164177267777,0.000208655016732036,7.49027190450665e-05,0.280224909622786,0.0426908652800981,0.00935161897046082,0,0,0,0.0111932971012327,0,0,0.00121053490091035,0.000300313448245802
0.0038812506665491,1.36878650599198,2.79983810938923,0,0.000442798058549545,0.000243815840595394,0.00289022155111571,0.00203388477667202,0.0719971485985958,6.25068777108206e-05,0.123518568305116,7.53823072132272e-05,0.628536935378459,0.00125513370151416,0.000302544794141338,1.58431004940613,0.287713835372593,0.0571121347772911,0.394070063712558,0.000145338079078212,0.0119671038313886,0.599643692517743,1.22902089828691,0.112685269181124,1.29451439535164,2.16030287625551,0,0.0218249106620195,0.00642047293189757,0.0142927528594324,0.651413540622972,0.000880158807371356,0.000420851110768644,0.353900400610254,0.00758562007730474,0.58304650600955,0.246320906370276,0.772801849596895,0.388041503220357,0.00694059995431368,0.00487038953273909,0.00786490833358335,0.0414682533824759,0.00124566577298136,0.00296439392261772,0.00354888690566629,0.000415233697858217,0.000372807651803882,0,0,0.35428344898961,0.0033894708628285,0,0,0,0,0,0.00528615947126572,0,0.00221637874898732,0,0.00616628174627719,0,0.000707014339784487,0.287712763625616,0.00144625471597668,0.00128175910720871,0.00429234936721605,0,7.71895554945066e-05,0.0555826293573487,0.000641401723194563,0.00112544788291626,0.233206741458909,0.0232988807019325,0.281676114417731,2.65945695290612e-05,0.000122109881703477,0.000260574493660646,0.00227977743556254,0,0,0.00365253773073303,0.00505163426632745
0.0239310623801502,0.00405010495863612,0.0120383924657071,2.39198562982331,0.000616596868840674,0.0276612254929351,3.5146373621184,0.0294088560620072,0.184636670712537,0.82626655743382,0.00218282846058598,0.0428694939486355,0.00175816756493495,0.0172598411052307,0.00393999290255882,0.318626157786898,0.0204135056874785,0.0006201293159838,0.00752555997976979,0.757948822970872,0.29634250671807,0.0342391186782695,0.178656904637557,4.41419673761594,0.00134544105347755,0.00486165513692641,0.0218249106620195,0,0.046643200162653,0.652134468920738,0.000325926102243676,0.00134782140999849,0.0155703639719515,0.202766759532273,0.00200681610780429,0.141595678655217,0.0174194613790662,0.0818272456441431,0.0250506050773146,0.0351754802011534,0.011971469466699,0.000565468248045322,0.00336009824453967,0.00022727501968222,0.000452881534285256,0.000328943224358101,0.00342608619373593,0.000331327329108464,0,0.00015249091203056,0.00274512171456,3.62615298945212e-05,0.00100265591019189,0.000230938886919865,0.00200999471179164,0.00048626240737469,0.000782374445181719,0.130214098568115,0.00398118220686594,8.54293088881803e-05,0.0091302076181967,0.000173914837104765,0.000625888079684279,0.0031173442476121,0.00147311909303646,0,0,0,0.00438113107628481,8.49005190958346e-05,0.00459227614053712,7.55598875651639e-05,0.0865604957122404,0.000233521001413575,0,2.16949513846129e-05,0.00260349929570696,0.000206943235706146,0.000143626111455636,0,0.000107213429466927,0,0.000325444926159798,0.000717944599922571
0.729174923245494,0.00136851833709446,0.00138005030459347,0.00149559941007756,0.127224399461471,0.465909372843675,0.0364436225255462,0.356168890016143,0.0184118551495273,0.0229778747286951,0.0812202180539644,0.0211191755712245,0.00845393727614486,3.78819227765322,0.000910454851653392,0.00178487078122483,0.00739918674667977,0.00317049753037305,0.0117013325925096,0.0173566303683655,0.00748293294048668,0.00172554448510229,0.00672216358872296,0.0307732797248429,0.00761501548880425,0.0065975694475862,0.00642047293189757,0.046643200162653,0,1.41996165633132,0.0014973014071738,1.21498157390694,2.63895900998624,1.42243416524108,0.000139319022525477,0.0140466794654459,0.0189263584377028,0.530785874575583,0.0182151932901101,0.0357115297013307,0.149681661462943,0.0040679678586156,0.000404813216567846,8.42402083539931e-05,0,0,0.000112656980030805,0,0,0,0.000181197983205235,0,0,0,3.08632992667784e-05,3.40211539626373e-05,0,0.0254882800778992,9.79557818974342e-05,0.00026456465643579,0.000135434392312778,0.000901349765779831,6.18927844291822e-05,0.000103645930718059,3.02069303205884e-05,0,4.26213317839359e-05,0,7.65297811108675e-05,0,0.000680705777622387,0,0.00137434552061647,0.000740936288292123,0.000196038673415624,1.78851743943409e-05,0.00011387581195223,0,0,0.000365654933480199,0,0,0,2.43056432710126e-05
1.02943200775627,0.00196483852537552,0.0411007090409593,0.000318992581972653,0.000499708502794787,0.00801983138315623,1.97575736058443,0.0454520993471336,0.00333761478560573,0.000747470428715794,0.00273037978427739,0.000484818780363698,0.000866349596039587,0.052014444570104,0,0.0082304568838927,0.0990968488276402,0.00112856631352729,0.030531201033527,0.000570065363228803,2.02564612954614,0.00335308653907354,0.146466514479856,0.023724716685473,0.00128834120567738,0.0125415319540037,0.0142927528594324,0.652134468920738,1.41996165633132,0,0.000149174439178664,0.00241521163569762,0.151206289372012,0.802354881981021,0.000212975906240935,0.0137996715467622,0.00648292613959509,0.0502987512470907,0.0115540448415012,0.00857110905330364,0.00689742338173613,0.000558836750126932,0.000307867699878611,2.26126789236183e-05,7.34106656356186e-05,6.36106409622845e-05,0,0,0,0,0.00108601414608418,0,0,0,0,0,0,0.00269595250750235,0,0,0,0.00011841700399694,0.000128379196800183,0,0.000107568409492181,0,0,0,0,0,0.00103213405463418,0,0.000626610455884332,0,2.91395817310959e-05,0,0,0,0,0,0,0,2.6005576177194e-05,0.000216891816122956
0.000803303576263779,0.0553676957602387,0.000908297957063564,0,0.00018558300677296,5.00820862920598e-05,6.47244073913329e-05,8.33795907289672e-05,0.0274665567154068,0,0.607322643450607,0,4.80675088653043,0.000183450541218111,0.000412291397297301,0.000819733553537951,0.000263506448348518,0.140809270823443,0.026206760635796,0,0,0.0196626806045706,0.000637943968602672,0.00213603843251586,1.14746199103798,0.74529575122621,0.651413540622972,0.000325926102243676,0.0014973014071738,0.000149174439178664,0,0.00231520401787789,0.00124827465355001,0.0167521215134515,0.000225340988776228,0.0232847391603605,0.10941023269301,0.0670517084862981,0.0765257866704302,0.00117104537496395,0.00444142136355837,0.0353409527490392,0.00572485367638398,8.18722104983073e-05,0.000437195377166263,8.00439124507418e-05,0.000127859633222028,0.000138088521557622,0,0,0.00503057259230683,0,0,0,0,0,0,0.00121887081061443,0,0.00407793915780426,0,0.0146888734027421,0,0.000178701923166796,0,0,0.0022649138568481,0.000376328902151071,0,0,0.00274045891329126,6.60719410686985e-05,9.48913139582341e-05,0.147550312618886,0.00782959306174534,0.000816922132394278,0,0,0,0.0185409621433879,0,0,0,3.70607502234929e-05
0.00862467861677453,0.000499941414314219,0.000281511469941281,6.20908609949532e-05,4.62822483586044,0.830442776584369,0.00231608629906795,0.631112675919392,0.00217910237334894,0.00365959166576448,0.0820019705191677,0.00407577457692447,0.0144684432784516,0.479320498797441,0.0100202289489387,0.000943018292994181,0.000278819090765406,0.00262382356437949,0.00415258782842039,0.00462459126067726,0.000246816981570586,0.000287859626497662,0.000413566263694503,0.00177813853585875,0.00566642357094008,0.00261955563880697,0.000880158807371356,0.00134782140999849,1.21498157390694,0.00241521163569762,0.00231520401787789,0,0.012441181967618,1.15001383720619,4.16552438995826e-05,0.00576919800129804,0.0145035706468502,0.249603740502308,0.014878075910922,0.213960215982458,2.7915894449446,0.00471359860930926,0.00051507125328845,0,0,0,0,0,0,0,0.000139266466414496,0,0,0,0,0,0,0.00545316653060945,7.46862478503557e-05,0.000171452536624867,0,0.00121396260439449,0,0.0001215343489397,0,0,0,0,0,0,0,0,0.000309828448233658,0.00171279052541265,0.000199614660788561,1.99666409007587e-05,0,0,0,0,0,0,0,1.34024035355385e-05
