0,0.00100578580251569,0.0145901774633567,0.00843326876199164,0,0.00370610790385405,2.61622524477236,0.716572086192432,0.103407355089294,0.0352167316204026,7.74033427732796e-05,0.000362028826638848,0.000481645735669204,5.33082599504026,0.000768180906594411,0.011426762290065,0.00583646943600727,0,0.000758634061564479,0.0250606434097286,0.0389392099639751,0.00701067275895757,0.0151750057927674,0.101354721685114,0.000389988055111843,0.00270217000313626,0.00234628369985669,0.0993464550595198,2.02173919837124,1.09633978887309,0,0.000737833976830902,0.110492945285204,0.228602826560729,0.000222928754944385,0.0376835661666314,0.0118063516141668,0.0474568625239959,0.051731263281515,0.00323928817293923,0.00123205825644137,0.000574129331578521,0.00266067689931346,0.000498032396706207,0.00179257663734978,0.000497626874904524,0,0,0,0.00482560312880385,0.000274892584947694,0.000706552803666377,0,0,0,0.00637140038067075,0.000288319440150252,0.0120627433146848,3.81308224638834e-05,0,0,7.13088122426984e-05,0.000217387904228471,0,0.000168684597328777,0,0,0,0,0.000564864785819415,0.00276365130491188,5.17438908401759e-05,0.0136949145346771,0,0,5.97979367658423e-05,0.00815027107764447,0.000511234415957947,0.00386205452330794,0,0,0.00207375546479668,0.000874519019335883,0.000134734969779825
0.00100578580251569,0,0.0970143155785539,0,0,0,0.00104665656711941,8.79537097654714e-05,0.264983986109448,4.5086592778563e-05,0.0116825935470166,0,0.189881118148648,0.000141274586880736,0,0.238894470825712,0.076928485735148,0.000294827762237382,0.0405676230657623,0,0.00201518588646237,2.47594709128722,0.00564225300787865,0.13628027457011,2.79917365273979,0.0498861844829081,2.67989417056554,0.00418587130232482,0.000582938970009386,0.00158609819966066,0.0298854909194652,0,0.000188151844829577,0.115729550481121,0.000145807206281787,0.0128768105306013,0.0634477805144715,0.164767686507175,0.0508965385781993,0,0,0.00296005102079732,0.0031504025894794,0.0239259200576992,0.05886371870827,0.0117839923990421,0,0,0,0,2.24901756115968,0.00344087939922376,0,0,0,0.000493763557447121,4.09911014170265e-05,0.0962921205893247,0,0.00269682610135944,0,0.0292022048827881,0.00015122068553387,0,0.0106820848746334,0.0108698982120755,0.00147763021810838,0.0266513413535555,0,0.000362645476908479,0.864502436741499,0.00106262960841686,0.0133222670717497,0.413337864951327,0.0291955463604496,0.164095109889362,0.00058675848874909,0,0.000200799538318363,0.00696169366899679,0,0.000184207262342728,0.0146140971987768,3.91427299464252e-05
0.0145901774633567,0.0970143155785539,0,0.000381532556183794,0,0,0.158703861894323,0.00269929195230601,0.0040014780927119,0.00167200063976258,0.000814604777595714,0,0.00109547816430748,0.00501150243171845,0.00143148389114552,0.0238457962699498,2.16435119270944,0.00137940271065889,0.0284218574809498,0.000142129855871561,0.141343033267878,0.0267245098819355,4.12128201936201,0.0243157025313147,0.00400038134954017,1.73916624926314,3.37011852443348,0.117141791671333,0.00222130574527115,0.0828077905809396,0.000237641425160854,0,0.000217065208177568,0.245000390418441,0.00107392075151752,0.112988901327406,1.99980661623719,0.413328966760575,0.175492874395672,0.00116811795169418,0,0.00877508134523425,0.00106006649909632,0.000273940087071961,0.000159357119851929,0.000643244669876093,0,0,0,0.000239173161805092,0.00977664191986247,0,0,0,0,0.000281441383308455,0,0.000690088434223668,0,0.000131852977690479,0,0,0,0,0,0,0,0,0,0,0.00717919366262353,0.000118771697267886,0.000958769288490372,0.00183309689562163,0.000617348695762134,0.00198900986873219,0.00039002836566074,0.00015476583565537,4.49914168178332e-05,0,0,0,0.000129930891646867,0.000386995299004033
0.00843326876199164,0,0.000381532556183794,0,0,0,0.190214840367725,0.000300864891404018,0.329104215144126,1.97939664770925,0,2.13174618298861,0,0.00153266280064591,0,0,9.36222986812375e-05,0,0,15.1793221556207,0,0.000487509503037917,0,8.70283147233729,0,0,9.63759726141291e-05,2.76824830427408,0.00294878419272661,0.000935460691713021,0,0,0.00130235579514422,0.00147713307104154,0,0.000439673747736305,0,0.000535116146852576,0,0.000200944349516181,0,0,0,0,0,0,0,0,0,0,0.000203998406635908,0,0.0112256401497085,0,0,0.000310931312686752,0,0.000770833624135693,0,0,0,0,9.88518181871852e-05,0,0,0,0,0,0.00622533809108334,0,0.00036806551529267,0,0.00015585704336275,0,0,0,0.000570390877541921,0,6.70983059714611e-05,0,0,0,0,0
0,0,0,0,0,0.40996631794504,0.000102110031053131,0.0177417146042324,0.000131396994072734,0,0,0.002258222462377,0,0.00129148127650631,0.00829866700415488,0,0,0,0,0,0,0,0,0,0,0,3.7409969301334e-05,0.000162266009166544,0.0281846575212531,5.73178856327176e-05,0,0.230825246426401,0,0.122561750542855,0.00555900259507586,0.00123762214537221,0,0.0151513869904773,0,0.282624164553689,2.16182289284525,0,0.00164762405726372,0,0.00209044044979383,0.00211896559424551,0,0,0,0,0,0,0,0,9.91457337077267e-05,0,0,0,0,0,0,0,0,0.00371514163403086,0,0,0,0,0,0,0,0.000149788664452744,4.08775825117592e-05,0,0,0,0,0,0,0,0,0,0,0.00501743414801284
0.00370610790385405,0,0,0,0.40996631794504,0,0.000976873492014518,0.992462221584606,0.0605266008771116,0.635194433870003,0.000854253174177712,4.08317844173749,8.62085524120553e-05,0.12153849953875,1.00826702466956,9.29199608161319e-05,0.000183045734044604,0.000963770652692907,0.000417410183541351,0.0169398619864089,0.000379756258575268,0.00015081516552317,0.000494775757117177,0.0022872505443288,0.000282234166624134,0.000846048071592149,0.000300711025146416,0.000851823324828435,0.189120583067931,0.000934979009952325,0.000126672722739998,0.147808604460935,0.00263239218599769,0.211163284496247,2.4096440593151,0.00260178781308118,0.00168732945186593,0.10200403804269,0.00536107174963801,0.874338170765508,0.565099951953632,8.4386763354885e-05,0.000457284267272415,0.000848777708082674,0,0.000501009442699339,0.000100390803263661,0,0,0,0,0,0,0,0.00375727505930542,0,7.56023315198143e-05,0.00101788372331228,0.000199878823171559,0,0.0203441712351881,0,0,0.00546965516515165,0,0,0,0,0,0.000210387428811543,0,0.000150981009220669,2.88468184382812e-05,0,0,2.48372684983295e-05,9.86943323550999e-05,0,0,9.5887466794663e-05,0,0,0,0.0523943059292099
2.61622524477236,0.00104665656711941,0.158703861894323,0.190214840367725,0.000102110031053131,0.000976873492014518,0,0.129994800770158,0.0898913341085746,3.71941188025691,0.000180125134791062,0.000324456398995889,6.50554268684391e-05,2.57023970708479,0.000360354106308407,0.00728736168368157,0.0175467281740223,0,0.0015869188926803,0.0108663155962416,0.220878153407679,0.00490980558018814,0.16364775131778,0.516574442737683,0.000392281543743435,0.0180190876862875,0.0199437100301568,5.32990489816945,0.404605858679587,2.43838279583872,0.000172748057532624,0.000100213059501536,0.03192617813562,0.0831907420354499,0.00103640965289234,0.0470323149209204,0.0406430273377828,0.0727047744546094,0.0737690224957031,0.00712340270918275,0.000240448431304237,0.000105463952392275,0.00189868588239669,3.86408430857743e-05,0.00174377102717112,0.000448787537580172,8.46404681732115e-05,0,0,0.00415403947710777,0.000448336161530488,0.000145657382131905,0,0,0,0.00774523356577839,0.000653069646104239,0.0074323846818529,0,0,0,0,0.000638921711277031,0,0.000336917966709228,0,0,0,0,0,0.00164734555106837,7.99569501180319e-05,0.0137811146083346,3.55357710320565e-05,0,0.000200345883933469,0.0110285008849177,0.000225427873627321,0.00220755181391175,0,0,0.00107981773481853,0.00156482492865961,0.000552147713346882
0.716572086192432,8.79537097654714e-05,0.00269929195230601,0.000300864891404018,0.0177417146042324,0.992462221584606,0.129994800770158,0,0.00427955576219695,0.45787173858345,0.00112173442204238,0.00371977274048429,7.57054689127113e-05,2.83882432682152,0,0.000531889006254171,0.000767653396961698,0.000300850326726772,0.000224282670201571,0.015011382641598,0.00286620398207697,0.000210914849017444,0.00206581616663807,0.00997221890412832,9.60534632230515e-05,0.0011754126769996,0.00111923096997966,0.0139314795251722,0.196501505739352,0.00397307333429228,0.000100027083128839,0.131681732182986,0.00700011115836124,0.289879950331999,0.0946620977565299,0.0020164156502899,0.00160160799420527,0.0829852594272213,0.00443960669461153,0.160229068405958,0.141599846466017,0.000626246785420995,0,0,0,0.000158439664056215,0,0,0,0.000154002056884765,0,0.000165899568684763,0,0,0,3.51186683554879e-05,1.95020557468558e-05,0.00032203168615767,0,0,0,0,0,0,0,0,0,0,0,0,5.20334656474129e-05,0,0.000427387351722707,0,7.13423703168977e-05,0,0.000332631470974891,1.9939261735775e-05,0,0,0,0,2.46785605618023e-05,3.87499118126736e-05
0.103407355089294,0.264983986109448,0.0040014780927119,0.329104215144126,0.000131396994072734,0.0605266008771116,0.0898913341085746,0.00427955576219695,0,0.0553048893426835,0.00040518396554053,0.825951680709472,0.0201176300019371,0.0126397435399185,0.837740429056221,0.178127099315417,0.00192124084000171,0.000164135803786275,0.000530643902208998,0.553345721222789,0.00612743455032972,1.76713565578097,0.00170572539001613,6.5417671984166,0.133919405709521,0.00190696477437048,0.0404531339278173,0.156903358288237,0.0350690363648626,0.068404912719341,0.00393180223124051,7.30567697097284e-05,0.0412327355015166,0.0332776487071476,0.0393341767745635,0.0349066673491875,0.00489599754139814,0.0372429518728679,0.0397149356898924,0.423131372605206,0.00017626635892678,0.00182235254941921,0.0187437552353982,0.00210833286952435,0.012756653875914,0.00512567292695165,6.75261708108221e-05,0,0,0.044036615302788,0.103604269313822,0.00208214037127111,0,0,0,0.0322002859578612,0.00378860724687527,1.23831027184691,0,0.000193228341205951,0.00295947114787633,0.00170862421066907,0.00112948726849781,0,0.115585269785845,0.000672576335710294,0,0.00107969221990972,0,0.00220143461943909,1.39291142801399,0.000814452044226608,0.218074381088353,0.026513497431291,0.00124619893016831,0.0075171900307679,0.042363384108297,0.00534997948387974,0.0223239141084472,0.000181536687239095,0,0.0142218949659797,0.010511221214004,0.00345339398217564
0.0352167316204026,4.5086592778563e-05,0.00167200063976258,1.97939664770925,0,0.635194433870003,3.71941188025691,0.45787173858345,0.0553048893426835,0,4.09941122145319e-05,0.582061595173227,0,0.0140080046813358,6.03910920558698e-05,0.000179670813850082,0.000125048451859688,0,0,0.883259754812381,0.00102988972590076,7.46641914790189e-05,0.000921509540007549,0.197158080650556,0,0.000114584378358369,0.000665089307944319,2.70043206961886,0.0181082682646347,0.00368925545801442,3.2230134226376e-05,4.4011531713471e-05,0.00371324844953844,0.00789123244920278,0.129289204115352,0.00124709713505746,0.000296851664655855,0.00229121221242622,0.00148362555505723,0.0178158813375366,0,0,0,0,0,0,0,0,0,0,0,0,0,0,0,0.000176095938373343,0,0,0.000107572142360522,0,0,0,0,0,0,0,0,0,0,0,0,0,0.000560037435456649,0,0,0,0.000319537873686185,0,0.000270526976916881,0,0,0,0,6.57777185225725e-06
7.74033427732796e-05,0.0116825935470166,0.000814604777595714,0,0,0.000854253174177712,0.000180125134791062,0.00112173442204238,0.00040518396554053,4.09941122145319e-05,0,0,1.86818216688564,0.000671565994153137,0.00037673518337563,0.000363279667377679,0.0030403733653399,1.6847876297143,0.864870103999772,0,0.000252354939575795,0.00152701702772648,0.00160796330764639,0.000635125448959079,1.42205370491976,0.979514950047048,0.124775443034956,0.000167354895856224,0.00248631632133814,0.000331612914674182,0.476329754623107,0,0.000743007838883813,0.835345752338581,0.00015085544353817,0.0192642289308873,0.543655184102984,1.85663722830344,0.115337767114509,0.00414342275935075,0,0.538968875021186,0.000280104106707688,0.0182146888134539,0.00525289464617665,0.000950578545878489,7.20982383165033e-05,0,0.000351390342699492,0,0.000731680984577949,0.000154890824066254,0,0,0,0,0.000105886624239148,0.000153241244591247,0,0.00481249901371736,0,0.0132402643464179,0,0,0.000232224919784356,0,0.00330269933054475,0,0,0,0.00114101799657723,0,0.000143629143834041,0.0253011659072341,0.0130348711028135,0.00977779312127026,0,0,0,0.0131082516132236,0.000187535248921478,0,0.000590831264676046,2.24691564834276e-05
0.000362028826638848,0,0,2.13174618298861,0.002258222462377,4.08317844173749,0.000324456398995889,0.00371977274048429,0.825951680709472,0.582061595173227,0,0,0,4.20998775081303e-05,1.71537871794798,0.000186953626676803,0,0,0,7.10983535965914,0.0002053060799658,0,0.000207860501347335,1.36520129880791,0,3.0812850955401e-05,0.000236301901985483,0.00869779489012021,6.59345177084283e-05,0,0,0,0,0.000312549848997257,1.79554300733139,0.0136155595171099,0.000595717263809616,0.000464036743001274,0.000798602637056826,0.424952221530914,0,0,0.000945782667420103,0,0.00149246089862647,0,0.00165566986185028,0,0,0,0,0.000184585147968283,0.00611162314647251,0,0.00869363732400859,0,0,0.00499003504931417,7.66309261676502e-05,0,0.0619558098947854,0,0,0.0121444768237326,0,0,0,0,0.0502481493774926,0,0,0.000298028426820808,0,0,0.000188902952973455,0,0,0,0,0,0,0,0,0.114034830364519
0.000481645735669204,0.189881118148648,0.00109547816430748,0,0,8.62085524120553e-05,6.50554268684391e-05,7.57054689127113e-05,0.0201176300019371,0,1.86818216688564,0,0,2.39934507582839e-05,0.000158493924379588,0.00135458963784468,0.00128127008462619,0.0164973639333258,0.00939565476068438,0,0.000503548042459854,0.0418983300563244,0.000575347801095305,0.0141271753742608,3.61420851094476,0.0836904759056136,0.460308023945783,0.000250510510766749,0.000911794244521331,0.000415659930205672,2.23710102138515,0,0.000696055089581475,0.018530599013402,6.8344877874948e-05,0.166917561712589,0.394642258804436,0.339467149807998,0.520518736424652,0.000428613050979118,0.00257563955539313,1.31443471707377,0.0238664305901678,0.0207601884440404,0.0190632523799246,0.00914099306331866,0,0,0.000442549884240764,0.000309428900123684,0.0274718668701528,0.000357242444245551,0,0,0,0,0,0.00382625597939829,0,0.00444397361694606,0,0.138414916652986,0,0,0.000760891859247961,0,0.00605807899000188,0.00241792576833793,0,5.53133356791559e-05,0.0104333079514644,3.51155475820236e-05,0.00114182041249557,0.163762521489202,0.0243221080384217,0.0281812118133778,0.000121018007194633,0,0,0.0317207441534906,0,0,0.00162835186498096,0.000100025830520272
5.33082599504026,0.000141274586880736,0.00501150243171845,0.00153266280064591,0.00129148127650631,0.12153849953875,2.57023970708479,2.83882432682152,0.0126397435399185,0.0140080046813358,0.000671565994153137,4.20998775081303e-05,2.39934507582839e-05,0,0,0.00164977364599731,0.000737741076184567,0.000120174796328617,0.000349768774508802,0.00681466748581337,0.0075649213886281,0.00109932853307131,0.00491522450383485,0.0185989324581219,7.58712674179349e-05,0.00105213096859024,0.00106710369992284,0.0253303503762948,5.52105057742611,0.0788753582673958,0,0.142720075524147,0.123259329135445,0.435352178034448,6.80077732520389e-05,0.00686425942406117,0.00205033574115147,0.0648627869178135,0.00580742323812194,0.0511737636749383,0.0203732202711327,0,0,0,0.000276971247461818,8.27197919729232e-05,0,0,0,0.00014823073835575,3.28060522099072e-05,0,0,0,0,0.00156317801136488,0,0.00074893222051033,0,0,0,0,5.00635612921938e-05,0,6.63236045358381e-05,0,0,0,0,0,0.00030672453681093,2.17696153136657e-05,0.00195613004295101,0,0,3.28932683469978e-05,0.00124269965261317,7.79414572734103e-05,0.000301701449044217,0,0,0.000198769587789109,3.31813503786917e-05,0
0.000768180906594411,0,0.00143148389114552,0,0.00829866700415488,1.00826702466956,0.000360354106308407,0,0.837740429056221,6.03910920558698e-05,0.00037673518337563,1.71537871794798,0.000158493924379588,0,0,0.009943968357539,0.000535058357995725,0.000103129693500054,0.000130714517556112,0.000864522727638747,0.00318915326848179,0.000862713586498073,0.0148981546166312,0.000448723284936153,0.000305177448575099,0.000939634844964767,0.00234772993892044,0.000742832750526776,3.76238263022112e-05,0.00202855426918044,0.000121752687938799,0.00116728547542612,0,0.00319469363856295,0.47666289476617,0.47306801948828,0.0414707430845863,0.0372341564398039,0.0543288877711552,3.58086678669723,0.00698706043334951,0.000684626484555757,0.033220817085263,0.00544120350257403,0.00604149512286666,0.0174065214242619,0.0146827569580786,0,0,0,0.000400642387920688,0.000580436561396939,0,0,0.00175907309485667,0,6.88094000070305e-05,0.0115090233693608,0,0,0.0191302512188787,0,0,0.0256134321929983,0.00130527065743489,0,0,0.000136140122626605,0,0.000332889329153227,0.000158599977466168,0.00141659393429912,6.47815916690556e-05,0,3.0857875314403e-05,0.000307638201584417,3.88255656477571e-05,0,0,0,0,0,0,0.0597200001851307
0.011426762290065,0.238894470825712,0.0238457962699498,0,0,9.29199608161319e-05,0.00728736168368157,0.000531889006254171,0.178127099315417,0.000179670813850082,0.000363279667377679,0.000186953626676803,0.00135458963784468,0.00164977364599731,0.009943968357539,0,0.00429089816822986,0.000177056461457973,0.00231860403186068,0,0.0812735398235547,10.3691235770268,1.93367679332017,2.39076920313401,0.0225637968969877,0.004443115931612,1.05401612265509,0.184488491436476,0.0107054315779498,0.0513132003707135,0.000698645420594854,0.000216573410169384,0.0191091819911894,0.118550353159668,0.00605029977399139,0.388588500585769,0.132857813970518,0.171640418284678,0.426803459348777,0.0135942206632353,0.000645678399265716,0.00301318280795468,0.00841499326641224,0.000746420628904013,0.000539239778159149,0.00335849865295765,0.000915555879028848,0,0,0.00139419246620009,0.0285480527515826,0.000324386824703676,0,0,0,0.000327014936123388,0.000105891427440819,0.13881168991009,0,0,0,0.00164529439537058,0.000264408876760863,0.000801037986957217,0.0327780901946873,0,0,0,0,0,0.420132934073523,0.000688375807987498,0.0195613157429816,0.00662161504512059,0.000229997040301154,0.00433769846598406,0.00193988962600369,0.000138533946096916,0.00144012980363697,0,0,0.000471888212642995,0.000506072301387682,0.00271217523639681
0.00583646943600727,0.076928485735148,2.16435119270944,9.36222986812375e-05,0,0.000183045734044604,0.0175467281740223,0.000767653396961698,0.00192124084000171,0.000125048451859688,0.0030403733653399,0,0.00128127008462619,0.000737741076184567,0.000535058357995725,0.00429089816822986,0,0.0162693318275396,2.4960040972609,0,0.00963703143286099,0.00520152847331118,3.1267669637496,0.0036091466820382,0.00437466602229957,1.6668631382162,0.322522228755162,0.00437438494790631,0.000491845167337055,0.011155053582847,0.00221989158609215,0,0,0.243874825275055,9.74977270099879e-05,0.0376375253558708,0.445840495371363,0.187013116627186,0.100475801154583,0.0005269253190392,0,0.00395268734637062,0.000623273628638768,0.00010046088984637,0.000366870242707446,0,0.000114958210551153,0,0,0,0.0069589197961867,0,0,0,0,0,0,0.00058063374285954,0,0,0,0.000766994342997677,0,0,0,0,0,0,0,0,0.00285493389658065,0,0.000120253440255486,0.0024493897485146,4.76094659386112e-05,0.00173733631432831,0,0,0,0,0,0,8.60020169056847e-05,7.18033762932549e-05
0,0.000294827762237382,0.00137940271065889,0,0,0.000963770652692907,0,0.000300850326726772,0.000164135803786275,0,1.6847876297143,0,0.0164973639333258,0.000120174796328617,0.000103129693500054,0.000177056461457973,0.0162693318275396,0,3.48139625455334,0,0.000334985311791713,0.00139979771369544,0.00138747353456523,0.000266393904072142,0.0782072909069437,0.772239603520368,0.0193058717427259,5.07253638203781e-05,0.000957538776653613,0.00014123678942615,0.0521989335654191,0,0.000451941913278808,0.142619774746615,0.000138000802769404,0.0235350692919524,0.127395024196858,0.409573535129193,0.0880459398832634,0.00213682984411305,0.000363843144170317,0.00874091660356191,0.000377363857333398,0.00547584764286022,0.00680621135707078,0.00210005204053354,0,0,0,0,0,0,0,0,0,0,0,0,0,0.00177319329994648,0,0.0131407701740118,0,0,0,0,0.00226145472102532,0.00025545274137361,0,0,0,0,4.23062272473414e-05,0.0205238882436004,0.00713600076369103,0.00537725546075744,0,0,0,0.0142500122979833,0,0,0.000717080167485919,2.36922245008828e-05
0.000758634061564479,0.0405676230657623,0.0284218574809498,0,0,0.000417410183541351,0.0015869188926803,0.000224282670201571,0.000530643902208998,0,0.864870103999772,0,0.00939565476068438,0.000349768774508802,0.000130714517556112,0.00231860403186068,2.4960040972609,3.48139625455334,0,0,0.00178294693192832,0.00327631073058225,0.0317744985751498,0.00186371369509371,0.0424553633545128,2.09855271139786,0.161271157858492,0.000595603503067197,0.00056752077958494,0.00119730612888233,0.0221408686915637,0,0.000218936220013531,0.428202535227836,7.90686015018091e-05,0.0158336279998311,0.554832469371227,0.423955039617637,0.0972092630006464,0.00138552735386538,0.000160650309138068,0.0100388537133212,0.000346195124491171,0.00299697379371067,0.00260974872081008,0.00176926746216728,0,0,0,0,0.00786875592947328,0,0,0,0,0,0,0,0,0.00115478960247003,0,0.00552614459945923,0,0,0.000182243636878056,0.000358588408614826,0.000384541588543392,0.0016627741311617,0,0,0.000900567389422596,0,0.00025731074361688,0.0140497269161968,0.00378446644320349,0.00699658021717867,0,0,0,0.00363093472427245,0,0,0.000124511550828627,8.99186822400031e-05
0.0250606434097286,0,0.000142129855871561,15.1793221556207,0,0.0169398619864089,0.0108663155962416,0.015011382641598,0.553345721222789,0.883259754812381,0,7.10983535965914,0,0.00681466748581337,0.000864522727638747,0,0,0,0,0,0,0,6.10448487118253e-05,2.28653190919784,0,0,0,0.249165668838327,0.00609423429014279,0,0,0,0.000894981391869998,0.00701650593872059,0,0,0,0.00025933466764007,0,0.0653729416368407,0,0,0,0,0,0,0,0,0,0,0,0,0.0028851522457172,0,0,0,0,0,0,0,0,0,0,0,0,0,0,0,0.171344239793126,0,0,0,0,0,0,0,0,0,0,0,0,0,0,0
0.0389392099639751,0.00201518588646237,0.141343033267878,0,0,0.000379756258575268,0.220878153407679,0.00286620398207697,0.00612743455032972,0.00102988972590076,0.000252354939575795,0.0002053060799658,0.000503548042459854,0.0075649213886281,0.00318915326848179,0.0812735398235547,0.00963703143286099,0.000334985311791713,0.00178294693192832,0,0,0.025348247950811,7.59073621337227,0.095069183389419,0.000542949262726164,0.0126740088882429,0.033573549112571,3.01235955344219,1.12601983979704,5.61784640439227,7.02907760342869e-05,0.000446781624970562,2.34553872222704,0.427402321342785,0.00982351112886389,0.343791156946718,0.179922456177193,0.234696967897975,0.381947075002628,0.00853530678497731,0.0011065814998913,0.00172763038440005,0.00476053657912636,0.000861375418284421,0.000621536629748217,0.00197486186556044,3.90866025418051e-05,0,0.000173483507878592,0.000250150141420874,4.03075519775317e-05,0,0,0,0,0.00066195148358886,0,0.00193332592453832,0.000140844631099999,0,5.47011962101713e-05,0,5.23138473391034e-05,0.00122470306189686,0.00107304680034558,0,0,0,0,0,0.00337351238549721,0.000535318418349361,0.00191777890391992,0,2.42223953030312e-05,6.65868507636612e-05,0.00125741707246797,7.8896605861363e-05,0.000519123402411975,0,0,4.48905093873566e-05,4.4541962971067e-05,0.00280174103703205
0.00701067275895757,2.47594709128722,0.0267245098819355,0.000487509503037917,0,0.00015081516552317,0.00490980558018814,0.000210914849017444,1.76713565578097,7.46641914790189e-05,0.00152701702772648,0,0.0418983300563244,0.00109932853307131,0.000862713586498073,10.3691235770268,0.00520152847331118,0.00139979771369544,0.00327631073058225,0,0.025348247950811,0,0.00759156388773497,2.02986913401978,0.33204978567849,0.00915458861548261,1.448387955894,0.0585424142708036,0.00590744090898535,0.0158388772436882,0.00849592560012506,0,0.00733429650648912,0.0291904584386527,0.000172000087792398,0.0223983164127216,0.0186781113998079,0.0409550510169137,0.0371462815127119,0.00051738888763894,0,0.00281282837735934,0.00811454148962138,0.0029485589552558,0.0155589198581818,0.00441286115745582,0.000299044684452424,0,0.000139325824076694,0.00891971608483583,0.735435285422453,0.000251597131635865,0,0,0,0.00416852364698512,0.000812478546667106,0.950560373976248,0,0.000161497940219101,0,0.00981614573200262,0.000179461731335195,0,0.164993744850052,0.00114905039071952,0.000379606768319416,0.00404249485146121,0,0.00212262287494168,3.02823109870317,0.00224437574135533,0.139760888767779,0.104329856073221,0.00515369800873581,0.0532649259240828,0.00530553236133005,0.00161041360143769,0.00816722140140111,0.0028133265521655,0,0.00282675333786015,0.00522418847446792,7.01334006690231e-05
0.0151750057927674,0.00564225300787865,4.12128201936201,0,0,0.000494775757117177,0.16364775131778,0.00206581616663807,0.00170572539001613,0.000921509540007549,0.00160796330764639,0.000207860501347335,0.000575347801095305,0.00491522450383485,0.0148981546166312,1.93367679332017,3.1267669637496,0.00138747353456523,0.0317744985751498,6.10448487118253e-05,7.59073621337227,0.00759156388773497,0,0.0398930543838879,0.000887291145548757,0.197348694482455,2.29272848129366,0.287838542105933,0.853668857846841,0.137437898247511,0.000411408538960746,0.000171424891472711,0.285922123276919,0.3008163654765,0.0277104477847165,0.651745093336263,1.05200853415505,0.70068807702823,1.07760189772826,0.0327841320602642,0.00106951620517488,0.00599531558532151,0.0177179879214754,0.00145019898676839,0.00215933137042659,0.00564718589024692,0.00182694709022884,0,0,0.000203264425428911,0.000870235542188816,0,0,0,0.00010422654366818,7.21334381127321e-05,2.51863011105861e-05,0.00107256206109415,7.15958597000133e-05,0,0.000194226742074713,0,0,0.000911773112703337,0.000235122504441887,0,0,0,0,0.000204834065740972,0.00148535844746117,0.00155897974549068,0.000602364854842232,0.00084152825738764,0.00017879726570504,0.000565484313306674,0.00020748488680199,6.43028899076654e-05,7.15719168756677e-05,0,0,0,0.000116304594824278,0.013414270022619
0.101354721685114,0.13628027457011,0.0243157025313147,8.70283147233729,0,0.0022872505443288,0.516574442737683,0.00997221890412832,6.5417671984166,0.197158080650556,0.000635125448959079,1.36520129880791,0.0141271753742608,0.0185989324581219,0.000448723284936153,2.39076920313401,0.0036091466820382,0.000266393904072142,0.00186371369509371,2.28653190919784,0.095069183389419,2.02986913401978,0.0398930543838879,0,0.0724534726922116,0.00509050490359093,0.16381566122298,4.65932317446085,0.0757475392330233,0.173775246873321,0.00146723120483853,0.000201175495793029,0.0473816664242592,0.0846542774910795,0.00108199617855567,0.0757569236230135,0.0185133632260923,0.0718144396996251,0.0806761116722388,0.00722396314385974,0.00038425919584125,0.000530341612396483,0.0268998795993943,0.0026450946933526,0.0145216257638693,0.010184555036205,0.000322048049217402,0.000104401999830174,0.000375874947317056,0.0499168781910501,0.0240435010539731,0.00315783083960353,0.00519690290018124,0,4.31595087464764e-05,0.0865037953729538,0.00895270968259252,0.272599349227553,0.000881424434646238,0.000283031741198023,0.000497878162762993,0.00113825668862144,0.00509573775985084,0,0.0313375205019866,0.000171641929184828,0,0.000328049692417656,0.000276188944832386,0.00299318689376082,0.24936515178978,0.00298684272359457,0.231817743441411,0.0103023071408024,0.000604339868639666,0.00494232105049007,0.113608512851272,0.0106948864147075,0.0394365105373913,0.000256028755578641,0,0.0112919973076944,0.0142244732065721,0.000422526861246746
0.000389988055111843,2.79917365273979,0.00400038134954017,0,0,0.000282234166624134,0.000392281543743435,9.60534632230515e-05,0.133919405709521,0,1.42205370491976,0,3.61420851094476,7.58712674179349e-05,0.000305177448575099,0.0225637968969877,0.00437466602229957,0.0782072909069437,0.0424553633545128,0,0.000542949262726164,0.33204978567849,0.000887291145548757,0.0724534726922116,0,0.27695007358292,0.874639943685381,0.00162257815617022,0.000153515660344624,0.000844917686375104,1.27629522524722,0.000235669448102252,0.00111618087610772,0.0439595681006997,0.000200966901077442,0.0203576324228443,0.628698886660326,0.425635404374566,0.0661933526198026,0.000212848425264357,0,0.42272654458236,0.00175105285245533,0.153651289705795,0.0533892464589751,0.0198023057647492,0.000123431798104038,0,0.00457211941341985,0.000120836516594175,0.58806010795416,0.000422470105412576,0,0,0,3.69000894765948e-05,7.27853809664235e-05,0.0297623666140415,0,0.0916150048054175,0,0.144161514191117,4.6527478165029e-05,0,0.00526669129203745,0.000695036379919634,0.0540777103899909,0.011414393992533,0,0.000425395795720995,0.135255627850699,0,0.00538763925896859,0.692522155244222,0.0618772771327756,0.0871350199391512,4.62882854488436e-05,6.4336662156893e-05,0.000538299083773968,0.205138054017881,0,0,0.00908170618655373,0
0.00270217000313626,0.0498861844829081,1.73916624926314,0,0,0.000846048071592149,0.0180190876862875,0.0011754126769996,0.00190696477437048,0.000114584378358369,0.979514950047048,3.0812850955401e-05,0.0836904759056136,0.00105213096859024,0.000939634844964767,0.004443115931612,1.6668631382162,0.772239603520368,2.09855271139786,0,0.0126740088882429,0.00915458861548261,0.197348694482455,0.00509050490359093,0.27695007358292,0,2.25843588015712,0.00887296317811431,0.00122972758415635,0.00892563485068333,0.662823813858706,0,0.000260460239374792,0.34258998050848,0.00148356948279535,0.101234572410199,1.12264037368083,0.851716801399252,0.179730893606781,0.00348216219142042,3.23701561431395e-05,0.0121544942750846,0.00226553903750057,0.0167771057022417,0.020225939139884,0.00723444521440213,0.000117667040115832,0,0.000496177661218956,0,0.010971697100203,0,0,0,5.04204764029332e-05,0.000144278517787162,4.56180812582032e-05,0.000526462100592696,0,0.00660980725065485,0,0.0436052215387316,0.000164319533016389,2.81396228573477e-05,0,0,0.00596841385928877,0.00258719025468428,0,0,0.00285490000318412,0.000236200141680064,0.00020592221900732,0.0874540677963699,0.0398021122173043,0.0504587241840822,2.36293036527447e-05,9.49702207797541e-05,0.000109268257090359,0.0209805919805647,0,0,0.00283230124853887,0.000807655212650811
0.00234628369985669,2.67989417056554,3.37011852443348,9.63759726141291e-05,3.7409969301334e-05,0.000300711025146416,0.0199437100301568,0.00111923096997966,0.0404531339278173,0.000665089307944319,0.124775443034956,0.000236301901985483,0.460308023945783,0.00106710369992284,0.00234772993892044,1.05401612265509,0.322522228755162,0.0193058717427259,0.161271157858492,0,0.033573549112571,1.448387955894,2.29272848129366,0.16381566122298,0.874639943685381,2.25843588015712,0,0.0784954243178015,0.00199440409214974,0.00897178350907175,0.421019201864171,0,0.000375407654455625,0.629387791365639,0.0068930619636112,0.212903168120912,0.611266417047101,0.89647264508407,0.506595605200589,0.00880668534835548,3.134295571969e-05,0.00461905618241422,0.00575495875347021,0.0135538785772126,0.0306376750123657,0.00991355161301618,0.0007317895679561,0,0.000498454858970993,5.91755198434667e-05,0.143993650141016,0.000376403571815213,0,0,0.000115913649983354,0.00027870240037983,7.62698273703301e-05,0.0196083308401002,0,0.0051498149882622,0,0.0551843363918432,2.42964578708064e-05,0,0.00160868858525798,0.00183181899200572,0.0039263403596145,0.00700188041424096,0,6.75558789447264e-05,0.114220927615248,0.000384530364006629,0.00689676605348832,0.171178529388985,0.0469365188438204,0.115375495982994,0.000801236061667295,0.000434471730614449,0.00044926506208061,0.0152386133062867,0,2.10432649912184e-05,0.00751719569780639,0.00318559750475577
0.0993464550595198,0.00418587130232482,0.117141791671333,2.76824830427408,0.000162266009166544,0.000851823324828435,5.32990489816945,0.0139314795251722,0.156903358288237,2.70043206961886,0.000167354895856224,0.00869779489012021,0.000250510510766749,0.0253303503762948,0.000742832750526776,0.184488491436476,0.00437438494790631,5.07253638203781e-05,0.000595603503067197,0.249165668838327,3.01235955344219,0.0585424142708036,0.287838542105933,4.65932317446085,0.00162257815617022,0.00887296317811431,0.0784954243178015,0,0.0795435257201698,3.20306253751122,6.76583538114874e-05,0.000216536431308344,0.0378203384973,0.0844928091247775,0.00163893551350561,0.0765402024409308,0.0354101923727707,0.0777337570299765,0.0980888535356752,0.00395079700946937,0.000195602161312321,0.000399548200036119,0.00779415365242018,0.00103655425703628,0.00404694514475224,0.00315097341463109,0.000144880332845843,3.61325319873868e-05,0.000465652398419246,0.0147613225082183,0.00105740841590068,0.00128886753631862,0.00254115032887856,0,0,0.0386601001432732,0.00392162859807898,0.0247296869894243,0.00018042773268854,2.56843872707593e-05,8.05126488652103e-05,0.000217716556671814,0.00199411855108532,0,0.0041576413899987,0,0,0,0,0.000932912853081225,0.0125800445762178,0.00104144387994939,0.068269839477157,0.00033490015203846,4.95357328740614e-05,0.000675514797390035,0.0531346038968697,0.00300249543781285,0.0148453244467578,0,0,0.00351916094341918,0.00593460483974019,0.000704220188065662
2.02173919837124,0.000582938970009386,0.00222130574527115,0.00294878419272661,0.0281846575212531,0.189120583067931,0.404605858679587,0.196501505739352,0.0350690363648626,0.0181082682646347,0.00248631632133814,6.59345177084283e-05,0.000911794244521331,5.52105057742611,3.76238263022112e-05,0.0107054315779498,0.000491845167337055,0.000957538776653613,0.00056752077958494,0.00609423429014279,1.12601983979704,0.00590744090898535,0.853668857846841,0.0757475392330233,0.000153515660344624,0.00122972758415635,0.00199440409214974,0.0795435257201698,0,5.56510780228918,5.62110991820662e-05,0.696905796250635,2.8451598689382,3.25832452431217,0.00016613512007629,0.0219588468928052,0.0056726566046215,0.338485968801507,0.018384928899817,0.195657230282336,0.259367303731969,0,0.00102341765475594,4.79048398030386e-05,0.000269413153951615,0.000699998485950044,0.000211606960877487,0,0,0.00255834048055689,0.000141233174012578,0,0,0,0,0.00505383968381354,0.000427711218363468,0.00380814105722041,5.77205858972377e-05,0,0,0,0.000311455107765305,0,0.000554587840606453,0,0,0,0,5.51140234503643e-05,0.00137539374374276,0.000146463060441404,0.00976734927118585,5.05129155986134e-05,0,9.62664420027166e-05,0.00686768203782348,0.000528234199559966,0.00167229642222662,0,0,0.00084259547591298,0.00117601714612245,4.93383151564898e-05
1.09633978887309,0.00158609819966066,0.0828077905809396,0.000935460691713021,5.73178856327176e-05,0.000934979009952325,2.43838279583872,0.00397307333429228,0.068404912719341,0.00368925545801442,0.000331612914674182,0,0.000415659930205672,0.0788753582673958,0.00202855426918044,0.0513132003707135,0.011155053582847,0.00014123678942615,0.00119730612888233,0,5.61784640439227,0.0158388772436882,0.137437898247511,0.173775246873321,0.000844917686375104,0.00892563485068333,0.00897178350907175,3.20306253751122,5.56510780228918,0,8.58528583096412e-05,0.000270316150889748,1.11147936724892,1.60189167374851,0.00122012733317192,0.136620638403039,0.0387301095603247,0.135935650744749,0.133452300941102,0.00195964156931658,0.000649294108729837,0.000706081207913771,0.00456262122169676,0.00113778756283511,0.00202021478910104,0.00137997584530226,0,0,0,0.00527038504769111,0.00050123077968646,0.00030862828491758,0.000205281495433904,0,0,0.013192273103289,0.00158253276414923,0.0101277001278237,4.31447625080256e-05,0,0,8.25024027561651e-05,0.00141833717682177,0,0.00159908002257756,0,0,0,0,0.000497630594388195,0.00602605235590615,0.000470414370314435,0.0236909008749559,0.000329312079872142,0,0.000132497673755666,0.0133279962324446,0.00202509333248588,0.00471454323641428,0,0,0.00225288190881839,0.00156928380226967,0.000489224954234411
0,0.0298854909194652,0.000237641425160854,0,0,0.000126672722739998,0.000172748057532624,0.000100027083128839,0.00393180223124051,3.2230134226376e-05,0.476329754623107,0,2.23710102138515,0,0.000121752687938799,0.000698645420594854,0.00221989158609215,0.0521989335654191,0.0221408686915637,0,7.02907760342869e-05,0.00849592560012506,0.000411408538960746,0.00146723120483853,1.27629522524722,0.662823813858706,0.421019201864171,6.76583538114874e-05,5.62110991820662e-05,8.58528583096412e-05,0,0,0.000571556542856552,0.022729455320012,9.46957854343921e-05,0.0220258040030509,0.183539436714219,0.209206244803593,0.05433944504305,0.000430643277260153,0,0.0739837785061917,0.000449258766149558,0.0130216049524495,0.010534329993705,0.00744259177852856,0,0,0,0,0.00611148590277706,0,0,0,0,0,0,0.000186840315871128,0,0.00555844349446651,0,0.0347184682870947,0,0,0,0.000299848387513811,0.00359604571625215,0.00213520060197398,0,0,0.00259807774271986,3.32521484355743e-05,0.000274175380235315,0.117307776407395,0.0150428299354461,0.01418197018941,0,0,0,0.0297004788283108,0,0,0.00192135576392166,2.46366370950992e-05
0.000737833976830902,0,0,0,0.230825246426401,0.147808604460935,0.000100213059501536,0.131681732182986,7.30567697097284e-05,4.4011531713471e-05,0,0,0,0.142720075524147,0.00116728547542612,0.000216573410169384,0,0,0,0,0.000446781624970562,0,0.000171424891472711,0.000201175495793029,0.000235669448102252,0,0,0.000216536431308344,0.696905796250635,0.000270316150889748,0,0,0.00180122811710265,0.891982093479371,0,0.000125934077693781,0.000637264814304163,0.0406652576313255,0.00056902135250623,0.267487416112081,1.89919467915965,0,0,0,0,0,0,0,0,0,0,0,0,0,0,0,0,0,0,0,0,0,0,0,0,0,0,0,0,0,0,0,5.68607961336271e-05,0,0,0,0,0,0,0,0,0,0,0
0.110492945285204,0.000188151844829577,0.000217065208177568,0.00130235579514422,0,0.00263239218599769,0.03192617813562,0.00700011115836124,0.0412327355015166,0.00371324844953844,0.000743007838883813,0,0.000696055089581475,0.123259329135445,0,0.0191091819911894,0,0.000451941913278808,0.000218936220013531,0.000894981391869998,2.34553872222704,0.00733429650648912,0.285922123276919,0.0473816664242592,0.00111618087610772,0.000260460239374792,0.000375407654455625,0.0378203384973,2.8451598689382,1.11147936724892,0.000571556542856552,0.00180122811710265,0,2.98257773914283,3.09133659079234e-05,0.0175441588712377,0.00519925490839407,0.296351190584317,0.0936110600527274,0.00647736102260206,0.00560321668020404,0,0.000585007767124831,0,0.000657459392602273,0.000782040463866568,0,0,0,0.00203058003608236,0.000192393966768161,0,0,0,0,0.00317796945486666,0.000133395628448721,0.00324719015361343,0,0,0,0,0,0,0.000346813444136508,0,0,0,0,5.83892099512151e-05,0.00141721176514489,0,0.0046379279309429,0,0,0,0.00354810217529837,0.000232408062589182,0.00130098010036646,0,0,0.000277871182146727,0.000268370969073971,0
0.228602826560729,0.115729550481121,0.245000390418441,0.00147713307104154,0.122561750542855,0.211163284496247,0.0831907420354499,0.289879950331999,0.0332776487071476,0.00789123244920278,0.835345752338581,0.000312549848997257,0.018530599013402,0.435352178034448,0.00319469363856295,0.118550353159668,0.243874825275055,0.142619774746615,0.428202535227836,0.00701650593872059,0.427402321342785,0.0291904584386527,0.3008163654765,0.0846542774910795,0.0439595681006997,0.34258998050848,0.629387791365639,0.0844928091247775,3.25832452431217,1.60189167374851,0.022729455320012,0.891982093479371,2.98257773914283,0,0.00280807610616332,0.22600126417137,0.838584926748163,5.52282180149309,0.930573822113619,0.571585390253108,2.11719827138125,0.0349428045811213,0.00434563114573925,0.00217426636196466,0.00235032156875806,0.003447531818363,0.000166268157939485,0,0,0.00242645893537145,0.016623152390504,0.000332385896374702,0,0,0,0.00375425818215242,0.000324478457454738,0.00649185749548505,0.000110780789214712,0.000540349404396952,0,0.0062336118094617,0.000861021368731328,0.000772261034887842,0.000929170815748306,0.000591688999438508,0.00101819265453729,0.000793571142848783,0,0.000192707919665209,0.00909567500160682,0.000292139600728652,0.00739498401240099,0.0179662136410303,0.00249341979117381,0.00695522220242891,0.00690847035842033,0.00054650279140003,0.0012768506526376,0.00172865000522384,0,0.000153470778322135,0.000882397917412086,0.00105167156993994
