0,0.000389347919748999,0.000996528262387484,0.0921893360769157,0,0.0523490238184971,1.22994126491436,0.432363651224493,0.0372328290847497,0.163659929117942,0.000224147096187264,0.0377320750972615,0.000363735961499367,4.02998257121519,0,0.0137430430057103,0.00883448381405095,0,0.00173703423565404,0.178045469277288,0.0328325123358818,0.0169929645851005,0.00958027711316947,0.0717750880000752,0.000109647794669539,0.000160684520057045,0.00223508619621847,0.139176304983475,0.967145393796662,0.0898980169781796,0,0.000254569033915629,0.135591703095365,0.0706637949592122,0.000457431224100806,0.0332327538044832,0.00710412780402337,0.0593223847639948,0.0190433946139554,0.00134917816339867,0.000464061255628562,0,0.00198057127918043,0.000591080581109491,0.00048167107611006,0.00135303700582254,0,0,0,0.00124722296344836,0.000673227236347822,0,0,0,0,0.000818123385048136,0.000148922629493193,0.00617681677772986,0.000157025894656593,0,0.000368774281212238,0,0.000705349545942329,0,0.0072921112650074,0,0,0,0,0.0025315671182853,0.00337277590118398,0.000484451842465611,0.0083060680778959,0,0,0.000298830315598022,0.0036801845420772,0.00046800702959258,0.0013529563255162,0,0,0.00199155091639337,0.00059479025129598,0.000147788565376291
0.000389347919748999,0,0.174131707488045,0,0,0,0.000626823204791154,0,0.0385119127277451,0,0.0323319299195579,0,0.0548878354276607,0.00013476136019358,0,0.210314994852805,0.163765718828627,0.00883237215979536,0.0711615373250772,0,0.00716291315178808,1.99112978099714,0.0441090040944627,0.0362413868098107,1.47262855168615,0.148067565055717,1.36453891218596,0.0102014836171385,0.000227778095356541,0.00224947122658691,0.0147010501043937,0,0.000946734821536102,0.0253364068995311,0.000465157028391587,0.0380268070998781,0.107463496328311,0.0810959462034564,0.0215868965505037,0,0,0.00550820688897902,0.0108754809181072,0.0980379409117252,0.0568982370484187,0.0120174027571467,0,0,0.00129173706134384,0,0.958598257137233,0.0345314483730205,0,0,0,0.000205589290398771,0,0.0157905410808308,4.86561805379763e-05,0.0089556233668278,0,0.00478120513518906,0.000118095893660711,0,0.0163797774062819,0.0726241420069299,0.00993442792813645,0.119031613652616,0.000122430946546931,0.00217019010505532,0.144707755763918,0.0125818588896723,0.000683920983400092,0.183793586288839,0.146928803153545,0.247356441188423,0.000873304450863737,0.000877876673804146,0.00130312250025092,0.00235734708768509,0,0,0.0367427946435605,0.000342483125609673
0.000996528262387484,0.174131707488045,0,0.000275639847397984,0,7.03805669784209e-05,0.0103147112817454,4.48755548404108e-05,0.00481546168071928,0.000276601906809235,0.00167888271770046,0,0.00117864500511592,6.11055108479617e-05,0,0.0323600221044431,1.92245023649728,0.00402276010818365,0.0863398121920835,0,0.0999223365703979,0.0279047586898819,2.91656517843189,0.0130642667029549,0.0313007474662921,1.40928408090099,1.77854631678631,0.0577433740457824,0.000551696191030098,0.01557793189025,0.000979181729883066,0,0.000234123688092541,0.0389594907382515,0.00172835279542678,0.0614565844794425,0.113153805058566,0.129918623407103,0.035891018152116,0.000118663731368693,0,0.000820576903498977,0.00477760087174693,0.0189780047168177,0.0130169491001499,0.00520554934405247,0.000263353261354637,0,0,0,0.0426786471625974,0.0236806359016744,0,0,0,0.000121686392466937,0,0.00361416132617488,0,9.75418459512462e-05,0,6.29338520828152e-05,0.000638337716204626,0,0.00576905566804331,0.0272866982920568,0.000596416981790083,0.00764469977059018,0,0.000901534763780371,0.0245480083543415,0.00679773680856114,0.000988110147048038,0.00496435797955595,0.0156327492604859,0.0777659450997869,0.000501801662498635,3.97294517124232e-05,0.00126233958176494,0,0,0.000480546625131577,0.00635435394634648,0.000668021784638483
0.0921893360769157,0,0.000275639847397984,0,0,0.00386204404893344,0.119407108975148,0.00550071601134501,0.216700458126113,1.4674910654649,0,1.20121004752491,0,0.0255291988376743,0,0,0.000243137924329528,0.00010040330784436,0.000135202612878617,7.09613687861663,0.00106003809264188,0.00022553794958486,0.000381703973757707,4.98096244700149,0,0,0,1.81189627100363,0.0222055542214582,0.00207053175144693,0,0,0.0121309685575837,0.0056170629988246,1.21838718510804e-05,0.00157999485755488,0.000211731781658859,0.00497150793980449,0.00311278183638036,0.00235305039868971,0,0,0,0,0,0,0.00128899634952512,0,0,0.000476159214255473,0,0,0.164965719478239,0,4.09756886944825e-05,0.000111277202259518,0,0.0019124599878698,0.000197278001682726,0,0.0089277906787844,0,0.000217514601660682,0,0,0,0,0,0.058744248426912,7.02900378493445e-05,0.000173459074330473,0,0.00357686610908931,0,0,0,0.00200249487258233,3.91009085625024e-05,9.19281321543515e-05,0,0,0,0.000135340610414173,0
0,0,0,0,0,0.601543828189274,0,0.136968743083245,0,0,0,0.000742320870821997,0,0.0277898442689542,0.00169147485474453,0,0,0,0,0,0,0,0,0,0,8.66598630965823e-05,0,0,0.0513341774383759,0,0,1.26787207543429,0,0.0648226291656473,0.0149020083135297,0,0.00100313362765173,0.00153536247284789,0,0.0136974387504734,1.06232888277865,0,0,0.000289449375806077,0.000249780253908415,0.000185735921982847,0,0,0,0,0,0,0,0,0,0,0,0,0,0,0,0,0,0,0,0,0,0,0,0,0,0,0,0,0,0.0001252506957507,0,0,0,0,0,0,0,0.000725433390777049
0.0523490238184971,0,7.03805669784209e-05,0.00386204404893344,0.601543828189274,0,0.0186126992508549,2.19336487546263,0.0095060069938096,0.719677826394431,0.000120512592064971,1.40554501965563,0.000141799728164853,0.0702260870547309,1.93486279564293,0.00015070447219588,0.000126664781451252,5.25488112503841e-05,0.000146999279126968,0.0216814072148634,0.000354085752778321,0.000230988504433105,0.000161026012363069,0.0210417055435341,0.000232523167935652,0.000260736175536855,7.34950780378789e-05,0.0249284379281842,0.116964892040344,0.000613350755669454,0,0.254324172393326,0.00106828540031872,0.091227239321549,0.0157085627968179,0.000397888462995942,0.00186480393351395,0.0329227747115872,0.00152379254498036,0.338204507526629,0.284917480624102,0,0,0,0,0,0.000125490152219718,0,0,0,0,0,0.000197161091396759,0,0,0.000162963577853935,0,0.000483289837240539,0,0,0.000260555023589452,0,3.95850181414497e-05,0,0,0,0,0,0,0,0,0,0.000851104043136886,5.30752993185193e-05,0,0,0.000348272338176162,0.000146460096271527,0,0,0,0,7.54180230125084e-05,0
1.22994126491436,0.000626823204791154,0.0103147112817454,0.119407108975148,0,0.0186126992508549,0,0.033489936988378,0.173718682411716,2.55588588789093,0,0.00658420963606909,6.76788464492872e-05,0.752190801146108,8.39027015272723e-05,0.0139696051392738,0.00951936841828279,5.01259971919204e-05,0.00159562507156449,0.0302463038811797,0.0965685851341891,0.0151396652321255,0.0339555621905497,0.353895715539649,0,0.000603535070276337,0.00786059860693557,2.95834871983608,0.0448476516212327,1.50190767691087,0.000213360037303451,5.74308448788295e-05,0.0171779213605274,0.0182260237751951,0.00137565262032213,0.0269167947752693,0.0127152020068382,0.0286032594453687,0.00868179043003055,0.000426910500877446,0,0.000453697539407662,0.00234136093726883,0.000596855900250708,0.00402547549114858,0.00104290844303343,0.00455343878749214,0,0,0.00314872207736686,0.000901498330996407,0.000479253034716224,0.00308755219484118,0,0.000124227898889704,0.00686747055796172,0.00166751380167397,0.0198516764745162,0.001359890491758,0,0.00406401822116698,0,0.00314731611233158,0,0.0123406112460992,0.000160861293944105,0,0,0.00216088793800791,0.00192773356984762,0.00531949769544014,0.00185017911060297,0.045261541538426,0,5.72424646668179e-05,0.0011740481536637,0.0209631762906365,0.00345289492279063,0.00398786833171279,0,0,0.000610311470032578,0.0013665345934858,0.000289379829544362
0.432363651224493,0,4.48755548404108e-05,0.00550071601134501,0.136968743083245,2.19336487546263,0.033489936988378,0,0.00721200943651273,0.612380133900145,0.000192496707321268,0.0604241646807836,0.000106552842160304,2.30638415884317,0.0317304430269738,0.000144939578307239,0,0,0.000458751544246077,0.0250977841392992,0.000617250845440606,0.000143804351846952,0.000341194656653101,0.0164662452226239,0.000188058854350614,0.000231043803818477,6.02707597287684e-05,0.0159410348718883,0.335319916887248,0.00107358132061421,6.16348430528459e-05,0.321187987381207,0.000932921300622155,0.184164245377637,2.77692175516308e-05,0.000412325811696942,0.00323864980394164,0.0660997912595726,0.00227814123313464,0.150626845945684,0.112438979288152,0.000193400110459966,5.86515774676829e-05,0.000108996160937094,0,0,0,0,0,0.000198261154916057,0,0,0,0,0,0.000534083812050234,0,0.000375968410341173,8.3581796708535e-05,0,0.000418995314030158,0,0,0,0,0,0,0,0,8.5116094665022e-05,0,0,0.00205349455828352,0,5.17389792985667e-05,8.46504035744516e-05,0.000110228148643089,3.37500023450258e-05,0.000132342257668588,0,0,0,0,0
0.0372328290847497,0.0385119127277451,0.00481546168071928,0.216700458126113,0,0.0095060069938096,0.173718682411716,0.00721200943651273,0,0.0676961236396335,0.00112543137709213,2.88775755516646,0.000951861094516185,0.00876495031741009,0.00459021860550788,0.0355796112490851,0.00339329432149369,0,0.00131564882881816,0.448550478048851,0.00846515911455029,1.47683398846198,0.00473605566860203,3.92126080398226,0.0070620898570601,0.00245223634247222,0.0230578451450333,0.470275458453125,0.015089719245949,0.0480402620382111,0.000813060022927635,0,0.0322899217957916,0.00860054376107008,0.0072432277593092,0.0221330899220838,0.00416778192847153,0.0122057457767297,0.00846428071794858,1.46936046603153,0,0,0.00960628716244098,0.00336066405286019,0.00801799203490841,0.00571296092843248,0.00746211481707068,0.000208684878501508,0,0.0109431625798531,0.00890974685996947,0,0.00143203442879806,0,5.32288370847789e-05,0.0126663452755591,0.00219321575669392,0.188016113259788,0.00131733963392909,0.000504587302625661,0.0020998351587472,0,0.00344111931622215,0,0.049317853916659,0.000589644916737169,0.000118768983481351,0.000366215240372826,0.00319310421607829,0.00818371361376828,0.0594402017870018,0.0106635649310806,0.0911317150045799,0.000132188612990546,0.000733365983715242,0.00330529617877463,0.0333819636180635,0.00550988312118063,0.00781910189425953,0,0,0.000902144744123187,0.00439035732135599,0.000158379902893389
0.163659929117942,0,0.000276601906809235,1.4674910654649,0,0.719677826394431,2.55588588789093,0.612380133900145,0.0676961236396335,0,7.3550573829849e-05,0.683119030035198,0,0.276405274422401,0.000364570591478998,0.000898357382004309,0.000215253252185601,6.17802174796116e-05,4.35368465700569e-05,1.91057285907222,0.0034674723541446,0.000581793722563076,0.00155580542098739,0.127710931229628,0,0.000208243496331025,0.000252851603718218,1.76236685956776,0.0700921336410311,0.00567443898322164,0,0.000347850753263787,0.0139346800099277,0.025235709264804,0.000571180419193494,0.00235984917862082,0.00123095541537124,0.0180525563204515,0.00232470106453665,0.00195742045406933,0,0.000114964383920357,0.000282138678308417,0,0.000146721973622011,0.00017648205815847,0.000609732243332466,0,0,0.00045285248642496,0,0,0.000592212468135122,0,0,0.0013108955359532,0.000236104317148314,0.00343989383687908,0.000190424534663298,0,0.00154739630808709,0,0.000490730555872811,0,0.000193894308404295,0,0,0,0.00042620622917895,0.00016216915158277,0.000353977379755449,0.000210472449288839,0.00672989390944253,0,0,7.39953891420475e-05,0.00345810201224029,0.00026928773794291,0.000164810718296849,0,0,0,7.35723860163366e-05,4.91908202399278e-05
0.000224147096187264,0.0323319299195579,0.00167888271770046,0,0,0.000120512592064971,0,0.000192496707321268,0.00112543137709213,7.3550573829849e-05,0,5.59764905973931e-05,1.42183275728494,0.000368400686052303,0,0.00100908664738078,0.00493697229988095,0.951105951999962,1.43433395724337,0.000255040618134132,0.000179731408494767,0.0185034656485284,0.000838448741938011,5.75682730598204e-05,1.22405705611854,0.43605081017979,0.0725831562625722,0.000104243311627673,0.00248581961370844,0,0.152606765882065,0.000219814526550129,0,0.286614617639549,1.54322711804645e-05,0.00745965097677794,0.635228889030196,0.825012625508937,0.0134362764415639,8.01346422590827e-05,0.000106788718250714,0.155829743833621,0.000337842129031422,0.0278009854169852,0.00431889258354392,0.000471090990310785,3.62635861156368e-05,0,0.00338142239254119,0,0.00314597858550093,0.000276938592583919,0,0,0,0,0,0.000231242591483086,0,0.0141156784963886,2.94528258247919e-05,0.0139598922303171,7.35290367164651e-05,0,8.08856434139082e-05,0,0.00787828234070583,0.00588763563733795,0,0,0.00162003372839555,0.000155880784203613,0.000125400251185976,0.0401551129722212,0.0279775740049556,0.015597304442865,0,0.000100087529115414,0,0.00346553372285039,0,0,0.00275929115837019,4.49813948224089e-05
0.0377320750972615,0,0,1.20121004752491,0.000742320870821997,1.40554501965563,0.00658420963606909,0.0604241646807836,2.88775755516646,0.683119030035198,5.59764905973931e-05,0,0.000529643039893189,0.0250885567435851,0.22771903601909,0,0,0,0.000148523677050506,9.56702638010734,0.000152645284067984,0,0.000161862429807646,1.07216104196665,5.72424053947554e-05,0.000220338940620414,0,0.0706283531759901,0.0567920495335917,0.000304688847255981,0,0.000530305433009573,0.00261497293898181,0.0260168188926251,0.177426066941184,0.00138559668788567,0.001353456316493,0.0213203099883062,0.00181270918103662,0.360698564116954,0.00138354930282666,0.000146919200481092,7.20646645418072e-05,0,0,0,0.00131301019466295,7.51983078034757e-05,0,0.000102242044665569,0,0,0,0,0,4.91890312781869e-05,9.78667709246235e-05,0.00128804576400411,5.50281371649082e-05,0,0.00163535772170187,0,0.000114350305430369,0,0,0,0,0,0.000656248782871124,0,0,0,0.00177253497494972,0,0,1.88666142718569e-05,0.000496433972649077,4.75176446523336e-05,0,0,0,0,0,0.000541296363493838
0.000363735961499367,0.0548878354276607,0.00117864500511592,0,0,0.000141799728164853,6.76788464492872e-05,0.000106552842160304,0.000951861094516185,0,1.42183275728494,0.000529643039893189,0,0.000559200836567478,0,0.00195373001730578,0.00221470324716165,0.0149672432313897,0.00984706373474733,0.000194977137050344,0.00135894304905711,0.0194838848540075,0.0017637660315721,0.000453551372815066,4.51223731044183,0.251957139234417,0.533057183050127,0.000375742978871036,0.00262319581447218,0.000439193531568943,3.25889279260871,0.00115617272309505,0.0011888389888115,0.011508836455414,0.00108879305194786,0.2099334852817,0.667709740289324,0.279570906640268,0.572277816541752,0.000385680865691965,0.00416605699846811,1.03844931500048,0.0152141530529986,0.03008835791251,0.00928739957675927,0.0618458236464759,0.000482525973019114,0,0.004396090880749,0,0.00316175652934387,0,0,0,0,0.000138549695235178,0,0.000410843409571038,0,0.0491058055494224,0,0.0784013541680284,0,0,0.000372879503671813,0,0.00201073479820529,0.00100142236483579,0,0.000404368601634092,0.00102012065258292,0.00037751633144685,4.71557022218311e-05,0.00978150163075151,0.00704729025593973,0.00452198998202191,0.000253990305432421,0,4.01733289261655e-05,0.00289169986796984,0,0,0.00112716267098822,0.000781548488534628
4.02998257121519,0.00013476136019358,6.11055108479617e-05,0.0255291988376743,0.0277898442689542,0.0702260870547309,0.752190801146108,2.30638415884317,0.00876495031741009,0.276405274422401,0.000368400686052303,0.0250885567435851,0.000559200836567478,0,0.00220650145566767,0.00357041480562556,0.00104699440763492,6.23231219767902e-05,0.000775662686015388,0.0671830644727664,0.00753494557446975,0.00170825619380589,0.00337876918144821,0.0240725377686941,0.000346627807894471,0.000423953900591013,0.000848661482634165,0.0571582449820016,4.55535417199052,0.0157275146979159,0,0.342324485259966,0.0193311981538256,0.117059428551865,0.000130071773598578,0.00500869831762404,0.00453951576647711,0.0742418588380614,0.00511022827430901,0.0134138600478843,0.0194986577523925,8.79746669272749e-05,0.000189200845385891,0,0.000743510233210923,0,0.000201507495565424,0,0,0,0,0,0,0,0,0.000689507585314747,5.79432814654386e-05,0.00108795972859111,0,0,5.25766791195452e-05,0,0.000200148593514034,0,0.00181484949874694,5.49157038632507e-05,0,0,7.29006328185205e-05,6.12706887877681e-05,0.000511139323214371,6.76002034981013e-05,0.00420938904497768,0,0,0.000145922232728398,0.00157484610135302,0.000100866122845792,0.000472329177451242,0,0,0.000193404783207406,4.81506188195688e-05,3.31725680533765e-05
0,0,0,0,0.00169147485474453,1.93486279564293,8.39027015272723e-05,0.0317304430269738,0.00459021860550788,0.000364570591478998,0,0.22771903601909,0,0.00220650145566767,0,0,0,0,0,0.00151147152731873,0,0,0,0,0,0,0,0,0.00885279996325559,0,0,0.00189498969910934,0,0.00810444414729816,0.0488109377796011,0.00129956310198498,0.000521098781773071,0.00551303737544887,0.00190526477623561,0.103450603492597,0.0104418876014399,0,9.08944281876644e-05,0.000463206606413483,0.000213477217821788,0.00266292120590754,0,0,0,0,0,0,0,0,0,0,0,0.000327878606611633,0,0,0,0,0,0,0,0,0.00026120588953283,0,0,0,0,0,0,0,5.28878884168424e-05,5.69920910317365e-05,0,0,0,0,0,0,0,0.00238328915894071
0.0137430430057103,0.210314994852805,0.0323600221044431,0,0,0.00015070447219588,0.0139696051392738,0.000144939578307239,0.0355796112490851,0.000898357382004309,0.00100908664738078,0,0.00195373001730578,0.00357041480562556,0,0,0.0261045244850609,0,0.00301555714805712,0,0.615891810001977,3.72490052294793,1.40221610611636,2.02803951439634,0.00813037242645084,0.00466747256762136,1.01140187220965,0.546906642948031,0.0106509271270351,0.0683351511105352,0.000577626495856945,0,0.039005577054126,0.0869218746246663,0.00512536470953394,0.208275934598186,0.143959537101032,0.116951876057717,0.0459850941863182,0.00102346290851808,0,0.0034468268284913,0.0394598403218229,0.0295212869985489,0.0314786302077048,0.0186475067305883,0.001073870269053,0,0,0.00590866790630539,0.018305828196447,0.00733720588708181,0,0,5.77290619579139e-05,0.00836400682691276,0.00166257437543154,0.023182237903477,0.000326437503829987,0,0,0.000700357209687794,0.00219170532600129,0,0.390322711401128,0.0031690146540299,0,0.000921214411519836,0,0.0526057156889692,0.296391997797535,0.0995972737283141,0.0301730338215886,0.00373230585660122,0.00137182591533868,0.0349554649807572,0.0195169151135757,0.00473228516971328,0.0255343642000588,0.000123142733974399,0,0.00929904177968248,0.0264851648162766,0.00204134542809042
0.00883448381405095,0.163765718828627,1.92245023649728,0.000243137924329528,0,0.000126664781451252,0.00951936841828279,0,0.00339329432149369,0.000215253252185601,0.00493697229988095,0,0.00221470324716165,0.00104699440763492,0,0.0261045244850609,0,0.0166006860000921,2.1413118132436,0,0.147024265975165,0.0280989851601911,1.93213734827041,0.00579661689819569,0.049742436376997,1.01759749469307,0.409304062360752,0.0193711603405959,0.00135107705460803,0.0323371662394145,0.00157065803078032,0,0.000925766478896339,0.0788677336833275,0.00214897642940893,0.108130226379971,0.500732049606472,0.294529308156565,0.0738320236122017,0.000219745305878398,0,0.00303117463776664,0.00219295807763101,0.0117298000412737,0.00764717249095253,0.00369820350566974,0,0,0,0.000213992745921538,0.0335600330035741,0.00714641149360665,0,0,0,4.58662968443584e-05,6.07411515506267e-05,0.000943754378779672,0,0.000676472086252143,0,0.000661730596895673,0.000241071245122571,0,0.0037571066093352,0.0114403503260608,0.00054217970013587,0.010515186168239,0,0.000471682414839426,0.0104982431734755,0.00196891191252156,0.000864959487280559,0.00734757334006519,0.0154438499881532,0.0359167294127166,0.000453395746861853,0,0.000313919244336082,0.000404664040312308,0,0,0.00390453092691218,0.000780615702213965
0,0.00883237215979536,0.00402276010818365,0.00010040330784436,0,5.25488112503841e-05,5.01259971919204e-05,0,0,6.17802174796116e-05,0.951105951999962,0,0.0149672432313897,6.23231219767902e-05,0,0,0.0166006860000921,0,2.24555296423481,0.000384745105578996,0,0.00395403736667313,0.000795286474961111,9.08440736945458e-05,0.167773281568797,0.517790060781724,0.0373773136463336,8.83364656817558e-05,0.000460671098681744,6.09107406741843e-05,0.0134825233264033,0,0,0.0270996210892911,3.43473105845268e-05,0.00460273945722836,0.190346120801515,0.0960640218251437,0.00534886949349671,0,0,0.0297095242882412,0.000150695588955114,0.00949427046232296,0.00245095283767579,0.000830107669829244,0,0,0.000799154619345099,0,0.00110206919931425,0.0001546074692352,0,0,0,0,0,0,0,0.0045392779417414,0,0.00764555878076982,0,0,0,0.000287893490504943,0.00538352053203149,0.00308592304657414,0,0,0.000674915757852938,0,0,0.0340699916744968,0.0144885971788836,0.0092184323556551,0,4.8854547784632e-05,0,0.00252105590540997,0,0,0.00210559970803084,0
0.00173703423565404,0.0711615373250772,0.0863398121920835,0.000135202612878617,0,0.000146999279126968,0.00159562507156449,0.000458751544246077,0.00131564882881816,4.35368465700569e-05,1.43433395724337,0.000148523677050506,0.00984706373474733,0.000775662686015388,0,0.00301555714805712,2.1413118132436,2.24555296423481,0,0.000295115962480446,0.0113691202146656,0.0113572086957915,0.032673004288377,0.000403328630651428,0.219789503889716,1.70806688483134,0.19482415715732,0.00288226367018252,0.00255085706074317,0.00563804372397739,0.0104433665063978,0.000325224065354297,0.000488814901232209,0.255557420125576,0.000337477918465368,0.0195029469450667,0.544538804650198,0.336076083551969,0.0224288223065506,0.000335224793316172,0,0.0126441321393607,0.00147605703937364,0.020809633660744,0.00477138343750706,0.000648029941004824,0,0,0.000781479230367206,0,0.0139811363530891,0.000857645806553074,0,0,0,0.000196819230157537,0,0.00122042775169388,0,0.00687590992996369,0,0.00616074600142171,0,0,0.000121908016644684,0.00306307247288244,0.00782101144576099,0.0170668109273898,0,0,0.00151391678497771,0.000194238093638584,0,0.044894647988211,0.0427398774706196,0.0311101876212157,0,3.80182470177334e-05,0,0.00155434813267492,0,0,0.00686564208792526,0.00018882995560576
0.178045469277288,0,0,7.09613687861663,0,0.0216814072148634,0.0302463038811797,0.0250977841392992,0.448550478048851,1.91057285907222,0.000255040618134132,9.56702638010734,0.000194977137050344,0.0671830644727664,0.00151147152731873,0,0,0.000384745105578996,0.000295115962480446,0,0.000478896380611619,0.000410018742152862,0.000127130275999918,1.31272956238166,0,3.80615339581327e-05,3.33447916852927e-05,0.333606109274515,0.0996547962438229,0.000867748198497267,0,0,0.0177599762672216,0.0469215461824024,0,0.00229966680262636,0.00183032186381466,0.0361579708380264,0.00477169340314891,0.015523320851601,0.000415937988023224,0.000591723995222199,6.5645438816743e-05,0.00031151673880158,0.000170142140344773,0,0.0025341662592051,0,0,0,0,0,0.000332790466501634,0,0,9.66986709594417e-05,0.000182324398778312,0.00550054629394616,8.90631595829587e-05,0,0.00183603120649525,0.000101216126988622,0.000299319983234614,0,0,0,0,0,0.00227459389519068,0,0,0,0.00278548453020634,0,0,3.40832602416814e-05,0.000940476647509779,0.000374345202975549,0.000142551701017631,0,0,0,0,8.52931665271703e-06
0.0328325123358818,0.00716291315178808,0.0999223365703979,0.00106003809264188,0,0.000354085752778321,0.0965685851341891,0.000617250845440606,0.00846515911455029,0.0034674723541446,0.000179731408494767,0.000152645284067984,0.00135894304905711,0.00753494557446975,0,0.615891810001977,0.147024265975165,0,0.0113691202146656,0.000478896380611619,0,0.0605508719935276,6.17594459534976,0.15557698135046,0.00118180726132348,0.00602721231703287,0.0704247575918316,1.02756026845224,0.283370541677287,2.43528105392377,0,0,1.29918295431654,0.260792265294128,0.0104396437935653,0.28228204191788,0.139546475784942,0.274120885374143,0.0728971569776965,0.00210885714914015,0,0.000670047085295704,0.00851379771569995,0.00496902551748651,0.00620617435405585,0.00467412796011392,0,0,0,0.00134095361862001,0.00342080582127758,0.00142914590215131,0.000108437190113904,0,0,0.00246183010112981,0.000204633979078643,0.00682237061483725,0.000287494775550063,0,0.000270068851372426,7.44095777815328e-05,0.00112594709063199,0,0.0591777565972221,0.00137116580523275,0,0.000674491349349184,0,0.0150594812821383,0.029080669845049,0.0117361460045894,0.0185680212101081,0.000442848909528715,0.000588331929957615,0.00901635093758206,0.00980412268095567,0.00327669677131478,0.00870008729208385,0,0,0.00313837036520282,0.00402295411674872,0.0029749397256132
0.0169929645851005,1.99112978099714,0.0279047586898819,0.00022553794958486,0,0.000230988504433105,0.0151396652321255,0.000143804351846952,1.47683398846198,0.000581793722563076,0.0185034656485284,0,0.0194838848540075,0.00170825619380589,0,3.72490052294793,0.0280989851601911,0.00395403736667313,0.0113572086957915,0.000410018742152862,0.0605508719935276,0,0.0674597898275505,1.36424307440195,0.178061237956037,0.0322308506367845,0.911902219758572,0.191135671915421,0.0101185662491078,0.049671555032944,0.00904262988625419,0,0.0258241380864679,0.031345168867879,0.00136340354551948,0.0723506259800022,0.0630293043008813,0.0559698948460139,0.0190970332156598,0.0022869373230876,0,0.00638078275757632,0.0229754384705554,0.0284464910726958,0.0282745234712816,0.0151004071082306,0.00246831271380559,0,0,0.00261450641889584,0.308691606192512,0.0165075591384968,0,0,0,0.0062111497904502,0.000715310320897716,0.112783640450788,0,0.00187678176152759,0,0.000267279687546973,0.00180893984572768,0,0.192474035031488,0.0150289603873317,0.000779604685022335,0.0104702622547292,0,0.0233093730495816,0.762538865582193,0.0478222923201244,0.0311872677115135,0.0396095810438281,0.0160242434932206,0.0924617032503276,0.0138381971983835,0.00413412022251985,0.0152078577283651,0.00210520606292511,0,0.00709629046303372,0.0203309696735074,0.000859655278115496
0.00958027711316947,0.0441090040944627,2.91656517843189,0.000381703973757707,0,0.000161026012363069,0.0339555621905497,0.000341194656653101,0.00473605566860203,0.00155580542098739,0.000838448741938011,0.000161862429807646,0.0017637660315721,0.00337876918144821,0,1.40221610611636,1.93213734827041,0.000795286474961111,0.032673004288377,0.000127130275999918,6.17594459534976,0.0674597898275505,0,0.0372493038226534,0.00477741788655172,0.0441079070531969,1.56854946832352,0.232315129651046,0.686592483879278,0.119903934873948,0.00022896014215316,0.000122812862189687,0.0630905261626278,0.197817823717414,0.0191322348762871,0.3925500786379,0.361712192465176,0.525086187863472,0.143435717232363,0.00582688496109593,0,0.0029276486158122,0.0127185882268829,0.0131140166556946,0.0176426040450104,0.009574534311608,3.45643199040904e-05,0,0.000104899227140881,0.00136646594939378,0.0167242318689867,0.010376367914038,0,0,0,0.00304802873933935,0.000361038123934522,0.00371676371414714,0,0.000172403818960301,0.000121071536343208,0.000122306248518013,0.00132541405268598,0,0.080214839519664,0.00581230122655864,0.000131794675391103,0.00147353882081934,0,0.0140744059268271,0.0716530207489579,0.0441981282049826,0.00671284240547208,0.00059135916910635,0.00316314500623286,0.0974318122125179,0.00475374941853394,0.00123662239491668,0.00503007904841161,0,0,0.000865175746562898,0.00828747126847254,0.00577848372988649
0.0717750880000752,0.0362413868098107,0.0130642667029549,4.98096244700149,0,0.0210417055435341,0.353895715539649,0.0164662452226239,3.92126080398226,0.127710931229628,5.75682730598204e-05,1.07216104196665,0.000453551372815066,0.0240725377686941,0,2.02803951439634,0.00579661689819569,9.08440736945458e-05,0.000403328630651428,1.31272956238166,0.15557698135046,1.36424307440195,0.0372493038226534,0,0.0038476163957051,0.00187999421699833,0.0719443618212433,3.82695471516468,0.0389054819643337,0.141806044086506,0,7.18126982028307e-05,0.0409287771424729,0.0262950872490154,0.00111749027753921,0.0347464926172651,0.0125979580672092,0.027315538648917,0.0105140953670195,0.0178215273404398,8.85471916613045e-05,0,0.00645002631456345,0.00155118421834418,0.00509014758779363,0.00386584070595184,0.00775017851732843,0,0,0.0083422837078426,0.00193968416734781,0.0010148516628389,0.0081210479778834,0,0.000689923980303517,0.0250437743747548,0.00422802057021679,0.0864443191779926,0.00424020316899592,7.81537833768747e-05,0.00766963932247929,0,0.00523922019576137,0,0.0270334773950252,0.00123518415420959,0,0.000217054299461427,0.00318741269049737,0.00611029451413773,0.0243942574683733,0.00814347797760767,0.13559051818438,0.00069718754825363,0.000163508498045125,0.0074621684089828,0.0634755622880306,0.0093183728481837,0.0128320002876478,0,0,0.00153064684404189,0.00372131003062453,0.000224540017174532
0.000109647794669539,1.47262855168615,0.0313007474662921,0,0,0.000232523167935652,0,0.000188058854350614,0.0070620898570601,0,1.22405705611854,5.72424053947554e-05,4.51223731044183,0.000346627807894471,0,0.00813037242645084,0.049742436376997,0.167773281568797,0.219789503889716,0,0.00118180726132348,0.178061237956037,0.00477741788655172,0.0038476163957051,0,0.634649624383307,1.1716951944718,0.00108268046882306,0.00281665859473246,0.000905360347827448,0.338092606548272,0,0,0.0492403929222756,0.000230823750712808,0.0289059338504234,2.02838378533108,0.474740437398206,0.0289286740673479,0.000148120233898774,0,1.43771195933182,0.00174368026653876,0.0482077014732987,0.0152219009441252,0.00323748525285135,0.000190772868339656,0,0.00191226109413582,8.45164609797459e-05,0.074287367060612,0.00154017483612253,0,0,0,0,0,0.00132384212953722,0,0.0161002992148407,5.90603729974655e-05,0.0224000464329489,0.000116720297240636,0.000173417783908846,0.00262116537912421,0.00169908809304755,0.0142537980090147,0.0185285673030611,0,0.000397027533708891,0.0152830295340806,0.00142091721973365,5.53942105331684e-05,0.477091123395028,0.0541035033347418,0.050553124180974,0.000188867072393491,0.000433137106842374,0,0.00458472429690302,0,0,0.00929724187632846,0.000117471915674443
0.000160684520057045,0.148067565055717,1.40928408090099,0,8.66598630965823e-05,0.000260736175536855,0.000603535070276337,0.000231043803818477,0.00245223634247222,0.000208243496331025,0.43605081017979,0.000220338940620414,0.251957139234417,0.000423953900591013,0,0.00466747256762136,1.01759749469307,0.517790060781724,1.70806688483134,3.80615339581327e-05,0.00602721231703287,0.0322308506367845,0.0441079070531969,0.00187999421699833,0.634649624383307,0,2.36327045298789,0.00307576293464776,0.000884596529841316,0.00205847277713589,0.618472689080946,5.68387718875921e-05,3.98792210756895e-05,0.0517076427226877,0.00047513903016028,0.021934689851853,0.358248000440151,0.147227655093111,0.0120092055550792,0.000114959901434064,9.04233308181464e-05,0.0184254898420636,0.00227665505912669,0.0551779722733427,0.0177334576213966,0.00308160395859415,0,0,0.00178470249869347,0,0.0361978879843968,0.00286874325209963,0,0,0,5.34750927230349e-05,0,0.000243920598319883,0,0.0247864387448074,2.49560626603604e-05,0.0191409766591256,0.000155958182491463,0,0.000324585464909012,0.00459624218593922,0.0190554375485795,0.0374600742584235,7.54895853489999e-05,0.000326466838776128,0.00475655815759362,0.00100274087130509,2.6856828280302e-05,0.0883186778076325,0.129871123777693,0.115919455368785,0.000209834685120997,0.000479301453174377,0.000142399867264066,0.00516914181703083,0,0,0.0114877783056268,0.000248618156379993
0.00223508619621847,1.36453891218596,1.77854631678631,0,0,7.34950780378789e-05,0.00786059860693557,6.02707597287684e-05,0.0230578451450333,0.000252851603718218,0.0725831562625722,0,0.533057183050127,0.000848661482634165,0,1.01140187220965,0.409304062360752,0.0373773136463336,0.19482415715732,3.33447916852927e-05,0.0704247575918316,0.911902219758572,1.56854946832352,0.0719443618212433,1.1716951944718,2.36327045298789,0,0.066298805144839,0.00119422374689143,0.0160151926098815,0.390453797744058,2.72618470848686e-05,0.00186738687443543,0.0814988727532675,0.00594574867952118,0.145385535897831,0.309965692860322,0.27252787927013,0.0643178962483186,0.00152903863926658,0,0.00720636621951011,0.0157480520911654,0.0769399193896229,0.0485672115309464,0.0120466243175305,0.000340956860012653,0,0.000283955742282557,0.000636400796873954,0.13255191594967,0.0535693951951518,0,0,9.00927371380422e-05,0.00263983159082373,0.000250396724265731,0.00765457809605559,8.78090467978103e-05,0.0108102944402016,5.27126069273121e-05,0.00542956917122355,0.00108074499030054,0,0.0399522709808998,0.0489632126349077,0.00859811756107933,0.0484747960372484,2.60309838732928e-05,0.00643093293632719,0.109639315152276,0.0538316959163805,0.00318439935538303,0.0584469848789159,0.135398580667268,0.412570544490692,0.00383201933558238,0.000833252381692236,0.00329901885275452,0.00116129620076123,0,0.000272032104693685,0.0243866542622588,0.00304897226456688
0.139176304983475,0.0102014836171385,0.0577433740457824,1.81189627100363,0,0.0249284379281842,2.95834871983608,0.0159410348718883,0.470275458453125,1.76236685956776,0.000104243311627673,0.0706283531759901,0.000375742978871036,0.0571582449820016,0,0.546906642948031,0.0193711603405959,8.83364656817558e-05,0.00288226367018252,0.333606109274515,1.02756026845224,0.191135671915421,0.232315129651046,3.82695471516468,0.00108268046882306,0.00307576293464776,0.066298805144839,0,0.0659075777284489,1.72875788352411,0,0,0.0598722644164099,0.0744197828392277,0.00452321532660201,0.116347941220735,0.0469571991696276,0.0835670746563586,0.0261294473357191,0.00173842708756663,8.71791707491654e-05,0.000649501865532206,0.0116688937185284,0.00401316965322793,0.00878416244789103,0.00414607993640913,0.0038242770382529,0,0,0.00861775860105594,0.00109419751819332,0.000946018662397297,0.00292455970485626,0,0.00016897102973623,0.0192964980695767,0.00310189634041005,0.0659556709930185,0.00125154653909444,0,0.00185000420792442,0,0.00628896225048493,8.62823867203971e-05,0.0597634020307915,0.000892188696954651,0,0.000253538930097834,0.000744063684519933,0.0153167356860238,0.0342651122179543,0.0125634697884334,0.14666514818354,0.000233919547493171,0.000671721435684584,0.0108174441730847,0.0691787674661354,0.0123021667248582,0.0210743326580158,0,0.000110907335806643,0.00510516063687827,0.00577976168666937,0.00115933175002631
0.967145393796662,0.000227778095356541,0.000551696191030098,0.0222055542214582,0.0513341774383759,0.116964892040344,0.0448476516212327,0.335319916887248,0.015089719245949,0.0700921336410311,0.00248581961370844,0.0567920495335917,0.00262319581447218,4.55535417199052,0.00885279996325559,0.0106509271270351,0.00135107705460803,0.000460671098681744,0.00255085706074317,0.0996547962438229,0.283370541677287,0.0101185662491078,0.686592483879278,0.0389054819643337,0.00281665859473246,0.000884596529841316,0.00119422374689143,0.0659075777284489,0,2.31341243224755,0,1.26883674112394,4.28484255260231,1.72439693370921,0.000953230405862156,0.0573634765100896,0.0283102673211805,0.581852169444553,0.0628340325428935,0.070773013003593,0.285597846305598,0.00173989956116611,0.000996656773551491,0.000211858790479569,0.000171636271144169,0.00021113510276592,0.000249599039215948,0,0.000223725822440098,0.000285767988396413,0,0,0,0,3.15965766413992e-05,0.000994450162746985,9.17272738526704e-05,0.00236135630727382,0,0.000130702870793214,6.34722489587635e-05,0.000445970908364532,8.9228187029148e-05,0,0.00375467090698097,0.000123792456281244,0,4.31155008646482e-05,0,0.00105306460397279,0.00149251531769797,0.000568420309126727,0.00923361503477509,0.000133119848446185,7.54638816023116e-05,0.000327619014301071,0.004497787843353,0.000610586109934873,0.00185155131335254,0,0,0.000594126429102335,0.000296078901773965,0.000336201974326218
0.0898980169781796,0.00224947122658691,0.01557793189025,0.00207053175144693,0,0.000613350755669454,1.50190767691087,0.00107358132061421,0.0480402620382111,0.00567443898322164,0,0.000304688847255981,0.000439193531568943,0.0157275146979159,0,0.0683351511105352,0.0323371662394145,6.09107406741843e-05,0.00563804372397739,0.000867748198497267,2.43528105392377,0.049671555032944,0.119903934873948,0.141806044086506,0.000905360347827448,0.00205847277713589,0.0160151926098815,1.72875788352411,2.31341243224755,0,0,7.95452798418063e-05,1.51899290615379,0.394573536980055,0.00472313866178724,0.137857187969125,0.041299262816532,0.134709017084736,0.0448452834097738,0.000789976915175914,0,0.000329108268896486,0.00453944644335254,0.00138481158521668,0.00315091075595811,0.00212685485374403,0.000495705168707256,0,0.000290765250185412,0.00370601096200738,0.00124422721046479,0.0010151476075876,0,0,9.50160670504783e-05,0.00569225352430206,0.000273667622542858,0.0134086616556774,9.82687417141761e-05,0,0,0,0.000883933461970235,0,0.026591520138547,0.000157416538657641,0,0.000240917288882246,0,0.00660841544239518,0.0125700764848936,0.00316171809099863,0.0494848807767086,0,0.000363413531883364,0.00233812026715454,0.0224775455132086,0.00645576816215968,0.00894754397709202,0,0,0.00166606187047288,0.00231726099525323,0.00100221755122821
0,0.0147010501043937,0.000979181729883066,0,0,0,0.000213360037303451,6.16348430528459e-05,0.000813060022927635,0,0.152606765882065,0,3.25889279260871,0,0,0.000577626495856945,0.00157065803078032,0.0134825233264033,0.0104433665063978,0,0,0.00904262988625419,0.00022896014215316,0,0.338092606548272,0.618472689080946,0.390453797744058,0,0,0,0,0.000454649952275676,0,0.00114052762134592,0,0.00045907067015372,0.0375327913211485,0.0210546374068016,0.000794394550440978,0,0,0.0144739910922972,0,0.00325228839986947,0.000141454493736376,0.000480083956332644,0,0,0.000469783924814064,0,0.00135984594930047,0,0,0,0,0,0,0,0,0.00222029319717257,0,0.00249700092112056,0,0,0,0,0.00215093326791383,0.000685781629642059,0,0,0,0,0,0.0134197042520447,0.00268411726274709,0.00129904746572363,0,0,0,0.000245325197036461,0,0,0,0
0.000254569033915629,0,0,0,1.26787207543429,0.254324172393326,5.74308448788295e-05,0.321187987381207,0,0.000347850753263787,0.000219814526550129,0.000530305433009573,0.00115617272309505,0.342324485259966,0.00189498969910934,0,0,0,0.000325224065354297,0,0,0,0.000122812862189687,7.18126982028307e-05,0,5.68387718875921e-05,2.72618470848686e-05,0,1.26883674112394,7.95452798418063e-05,0.000454649952275676,0,0.000773293381301429,0.798087201281539,0,0.000755064466504323,0.00202413877877696,0.07803508202412,0.0023357654977951,0.0311103888532335,4.45495531369629,0,0,0,0,0,0,0,0,0,0,0,0,0,0,0,0,0,0,0,0,0,0,0,0,0,0,0.000111276594623001,0,0,0,0,0,0,0,0,0,0,0,0,0,0,0,0
0.135591703095365,0.000946734821536102,0.000234123688092541,0.0121309685575837,0,0.00106828540031872,0.0171779213605274,0.000932921300622155,0.0322899217957916,0.0139346800099277,0,0.00261497293898181,0.0011888389888115,0.0193311981538256,0,0.039005577054126,0.000925766478896339,0,0.000488814901232209,0.0177599762672216,1.29918295431654,0.0258241380864679,0.0630905261626278,0.0409287771424729,0,3.98792210756895e-05,0.00186738687443543,0.0598722644164099,4.28484255260231,1.51899290615379,0,0.000773293381301429,0,1.56078196389473,0.00116417624806361,0.144203910149652,0.0208418659148985,0.276785463451112,0.0883122393623406,0.000978839173319239,0.00256532015868346,0.000482890936245539,0.00265515400281524,0.000980498252116449,0.000935027324288629,0.000191974600248982,0.000156575755793933,0,0,0.0018861469196579,0,0,0,0,0,0.00131508308201548,0.000546734315595267,0.00522120843433917,0,0,0,0,0.000171143911882436,0,0.01140231861469,0.00029936357516817,0,0,0,0.00235389082688383,0.00474883150462332,0.000177412660847347,0.010179925694564,0,0,9.74667915098169e-05,0.00524955887734587,0.000920293159948759,0.00167255081264418,0,0,0.000310903887323711,0.00085903279978175,0.000497484757132426
