0,0.000145544007616009,0.0945006891785521,0.0011765473039218,0.000306166611776869,0.000991025139925715,1.26895079278926,0.0660582689806127,0.0359694827722651,0.114553674637338,0.000512738362447682,0,0,2.9234212567992,0,0.000956719399917766,0.0390919215367814,0,0.00346244339596447,0.000196747194632569,0.00773921311558799,0.00103843132651913,0.0239148202092006,0.0740040767921022,0.000720414146319404,0.0203324320341948,0.0083320505720377,0.0700720103487586,0.861574486221132,0.425130097812655,0,0.000112529879142342,0.00459923638601273,0.0215559986916538,0.000294875315274575,0.0117772767759641,0.0165817014196448,0.0213485084170223,0.0132733982622874,0.0034143753025446,0.00055559038925102,0,0.00340972157258174,0.000196409142571626,0.00133845715807516,0.000750574159146106,0.000575932566091498,0,0,0.00168897906880311,0.000196254176428934,0.000395455382079953,0,0,0,0.00397904149074251,0.000100127564267511,0.00469359358356936,0.000404577374304568,0,0,0,0.000622390634993416,0,0.000493587940622223,0.000174216314144941,0,0,0,0,0.000395684020701509,0.000135976930751675,0.0157088428341168,0,0,0.000695001382427904,0.0100022484592058,0.000601752264103943,0.00107644827070202,0,0,0,0.000390396460233874,8.42930565559408e-05
0.000145544007616009,0,0.00499478581161469,0,0,4.69242305775538e-05,0.000115406280852132,0,0.120165232896496,9.96320448673239e-05,0.00828258539674605,0,0.0728227416354739,0.000211669566497579,0.000141574821339507,0.0699962641361448,0.00433437730499578,0.000488866448361547,0.0106050895372864,0,0,1.31234633799848,0.00114210211514549,0.0914482476112554,2.13110094502782,0.0217148165431541,1.33685816956034,0.00135439046130259,0.00019223853294438,0.000249229204541054,0.0106458974596816,0,0,0.00516570470854581,0.00022990354043639,0.00732452251259896,0.0264125586000031,0.0344788765104438,0.0123847129588008,0.000200282436468049,0,0,0.0313419494135044,0.0493518294152065,0.0417068307102812,0.027700327862789,0.00136829534055691,0,0,0.00100486139322925,0.550608981094732,0.0794353166451889,0,0,0,0.00223222022454429,0.000274663769628203,0.0545013762237837,0,0.00056567051366135,0,0.00438023725823738,0.000285313994420833,0.000570710125867393,0.0436051658231794,0.0204183091184116,0.00102726273535318,0.00881107509722985,0,0.00191225541814977,0.215551630851777,0.00954856284264437,0.0167389683715893,0.0967285155160927,0.0307084831766031,0.167947607425712,0.00363224499231286,0,0.001176144117606,0.000197560747053904,0,0,0.0188176244411099,0.000615379383168993
0.0945006891785521,0.00499478581161469,0,0.000324746425493637,0,0.000169143035636807,0.514924834125762,0.00507926207009512,0.00434224504107205,0.0378094414968862,0.004703132946851,0,0.0013577565979622,0.0255439922034508,0.00220716414941901,0.0395548229222678,3.0762983203149,0.0020665132503778,0.0237600970498148,0,0.167465419088845,0.0106380028309595,2.49344201898268,0.0343548614882718,0.000881606799386503,1.76668407160642,1.65709832393483,0.258785707505531,0.0124402251769748,0.175201950054451,7.45992237722423e-05,6.70304719058205e-05,0.000969520867789286,0.0874074076144461,0.00304488952513356,0.126441309129648,1.38998582303086,0.289529881163131,0.102271583882392,0.00155133165496145,0,0.000100482167905095,0.00483757479446203,0.00475990421850214,0.00443387078667791,0.00283506595405125,0,0,0,0,0.01957667767847,0.00790782479198933,8.86282337616492e-05,0,0,0.000695935435418897,0.000148467816574872,0.000865322857774062,0,0,0,0.000148967400099762,9.59574063018089e-05,0.00110802469710281,0.00329635103596952,0.00368537274968786,0,0.000506718157268761,0,9.47153089773229e-05,0.00899885699084527,0.00127321606935951,0.00392665643708537,0.00122570177560957,0.00340103212989764,0.0314178794809003,0.00211050628162501,9.88724423475959e-05,0.000373788182616349,0,0,0,0.00226704048360679,0.00242481984274211
0.0011765473039218,0,0.000324746425493637,0,0,0.00280848497204267,0.00264241448287141,0.00342997327977336,0.139858329316601,1.50079907750244,0,1.13688075752054,0,0.00115832453733714,0,0,0,0,0,6.56852265547725,0,0,0,4.00451580011739,0,0,6.94380688596962e-05,2.61873859454491,0.00182098898592641,0,0,0.00010234732326353,0,0.000735837844204411,0,0,0,0.000668386650616242,0.000121882596586636,0.00106494657377576,0,0,0.00029098642743798,0.000160233133382861,0.00023808896717464,0.000107134795986253,0.000483495994692844,0,0,0,0,0,0.357372772340797,0,0,0.00178351592135465,0.000128321527702909,0.00111113352884322,0.00249303090746598,0,0.16506716887763,0,0.000169917851734274,0,0,0,0,0,0.842630870384472,0,0,0,0.0247364507491306,0,0,0,0.00590434073290688,0.000291798046572006,3.01569398584048e-05,0,0,0,4.77163965724291e-05,7.93929186486408e-06
0.000306166611776869,0,0,0,0,2.34153077343046,0.000273789197371201,0.0729051880248983,0,0,0.00200193832536333,0,0,0.0101457362657012,0.534499505252806,0,0,0,0.000627524092479986,0,0,0,0.00024712593076833,0.000135260249695148,0,0.000133747102355086,8.89875850493033e-05,0,0.0787816347870656,0,0,0.97223495478083,0,0.238227944682591,0,0,0,0.0386890812746379,0.000105277470100196,1.53947467723674,2.15712266112846,0,0,0,0,0,0,0,0,0,0,0,0,0,0,0,0,0,0,0,0,0,0,0,0,0,0,0,0,0,0,0,5.18823627912411e-05,0,0,0,0,0,0,0,0,0,0,0
0.000991025139925715,4.69242305775538e-05,0.000169143035636807,0.00280848497204267,2.34153077343046,0,0.0379660034803279,3.4636977300376,0.00240160246038328,1.04587146169698,0.000283490147063165,2.97938761811316,0,0.0731898092593067,1.07480914796168,0,0,5.87577505578463e-05,0,0.0259846497781594,2.98737433372951e-05,0.000138321076260384,7.75311227154975e-05,0.00744128800440598,0,0.000293768465191146,0.000106711206679951,0.0491398180861654,0.19026243120202,0.000233889967384777,0,0.287015984257233,0.000448527262737273,0.0936541054164502,0.926590296537393,0.000161977406114768,0.000213073831210976,0.0474132838815904,0.000600472755445834,1.1002419378192,0.207107823269901,0,0.000246902846817929,0,0.000120981253670786,0,0,0,0,0,0,0,0,0,0,0.000184087461899103,0,0,0.000144832363647551,0,0.00215405978464905,0,0,0.00079440171074732,0,0,0,0,0,0,0,0,0.000484474547739939,0,0,1.89190748552616e-05,0.000169205640113964,0,0,0,0,0,0,0.00422083364539819
1.26895079278926,0.000115406280852132,0.514924834125762,0.00264241448287141,0.000273789197371201,0.0379660034803279,0,0.0535597095062052,0.0938967023221559,1.81912060475061,0.0024214428252203,0.000626643789616607,8.39275245455467e-05,0.589826174341851,0.00183824423785358,0.00630587237758658,0.0419469106688833,0.000345663304200404,0.00447294954223828,0.00469772059065285,0.059715141799636,0.00335270594023399,0.173818970960864,0.3774114101089,6.50045821120704e-05,0.0912915427779794,0.0350547790296953,3.45060296878576,0.299950309467717,1.90737661209503,4.87215847194099e-05,0.000438618954826633,0.0177098486030048,0.056219946182476,0.00203870932167101,0.0602692106209289,0.0432734708201546,0.0775093586524049,0.0404807763866658,0.0208610190760703,0.000546643949336539,0.00016589299681671,0.00792956091954698,0.000869749948681222,0.00445886641618827,0.00250722944274566,0.00147078670033827,0,0,0.00349490453185878,0.000373285925913409,0.00053697620381331,0.000304958367544993,0,0.000133870219173683,0.0220791437678708,0.00151705980754422,0.0108338369025009,0.00192686671562249,0.000139495174191429,0.000676611120630142,0,0.00144833017691518,0.00018355288881635,0.00127177289657762,2.45885125342478e-05,3.26146572208216e-05,0,0.00125779243623899,0.000615125628671408,0.00224294365316498,0.00108332637555731,0.077422885279391,0.000336546923611139,0.000323334043998572,0.00222546300102502,0.0542138114083811,0.0029037056844533,0.0054297055133046,0,0,0.000563805510664584,0.00140401561654269,0.00119620965747114
0.0660582689806127,0,0.00507926207009512,0.00342997327977336,0.0729051880248983,3.4636977300376,0.0535597095062052,0,0.00189265510946089,0.817899017162985,0.000949129117138039,0.0143844726662241,0,1.20559340527508,0.00420512013624929,0,0.00187673592678483,4.22425411129544e-05,0.000841097212659167,0.100286257252088,0.000250132064355169,0,0.000561613035908821,0.00914079238654751,0,0.00152571575081893,0.000897659176590058,0.0375353289197561,0.408941081078668,0.00229113353795117,0,0.127440757070592,0.000649481010243075,0.0429030117694491,0.0268206558891694,0.000539774081714506,0.00030157788192757,0.0361052812647249,0.000939628798422683,0.0674427964355611,0.015089436728061,7.52585736798058e-05,5.59537733932911e-05,0,7.78109465206689e-05,9.99201942473225e-05,0,0,0,0,0,0,0,0,0,0.000418219091234249,2.11673986498843e-05,0,7.87680146003584e-05,0,0,0,4.38653199033197e-05,0,0,0,0,0,0,0,0,0,0.000765974204067349,0,7.75853203888281e-05,0.000104259396577311,0.000619081340435526,0,0,0,0,0,0,9.78215593031918e-05
0.0359694827722651,0.120165232896496,0.00434224504107205,0.139858329316601,0,0.00240160246038328,0.0938967023221559,0.00189265510946089,0,0.096141199406327,0.00756076334762001,1.48676277438314,0.0414928728316348,0.0119422831596826,0.00467328792844474,0.0323309994854424,0.00531354173827705,0.00102073594558677,0.00249884311787194,0.248501865534591,0.000190258465825191,1.07171175483795,0.00174023459508148,4.56188135200073,0.257552300003762,0.0118838809751149,0.126156702332647,0.258016048038101,0.0204647716679401,0.0324023720589426,0.00533076241699263,0,0.00620892139607139,0.010771493013608,0.00043793177211392,0.0934710721994178,0.0162236455677163,0.0240786653270346,0.013689766888116,1.00709593817113,0,0.00159774874763638,0.0206276497158137,0.00248326568516007,0.0130804620824373,0.00992419739748524,0.0103870229218934,0.000111761312406993,0,0.0112037479573438,0.0261108801660074,0.00241256386491294,0.00205431758242651,0,0.000220635381844085,0.0285094137050915,0.00176212335299953,0.996091023604756,0.00222712377288099,0.000141081018971894,0.000228955101126513,0.000292106869277963,0.0029196442673647,0.000433545947973605,0.0169833744462611,0.000851081455925196,0.000285912524078663,0.000771866103160813,0.00224816566192352,0.000896959771111611,0.0919512100891523,0.00233946910789703,0.25116535335644,0.00506433261053882,0.00227689913619164,0.00887455277221704,0.06441887866009,0.00475475907488545,0.00806964847387185,0.000258633321984017,0,0.00126618902891695,0.00328775099503874,0.000316144667742652
0.114553674637338,9.96320448673239e-05,0.0378094414968862,1.50079907750244,0,1.04587146169698,1.81912060475061,0.817899017162985,0.096141199406327,0,0.000164078107649208,0.819211107328526,0,0.196640114930633,0,9.8754163618207e-05,0.00338482109661214,2.95015383512348e-05,0.000784165082139444,2.6596193689744,0.00224768946374658,0.000132619577913457,0.0083664021986067,0.194321307934763,0,0.00802557514538478,0.00201744164849907,1.37949171925048,0.0440512884856752,0.011317743442522,0,0.000215358811471102,0.00171903209066285,0.0074222401482525,0.165771279961235,0.00188536297567532,0.00236570477407409,0.00651146818874763,0.00183477869741044,0.0528114508395088,7.53933850335189e-05,0,0.000709707037771601,6.91619129206057e-05,0.000441975208989799,0.000134910589107578,0.00167392954778256,4.3396567103799e-05,0,0.000545870343824623,0,0.000143306381959356,0.000997498783031604,0,7.71088385769681e-05,0.00595281930879332,0.000569733490681381,0.0027496075768985,0.00189063818755047,3.25775969083235e-05,0.000755031432969205,0,0.000155974243545818,0,2.93811292567323e-05,0,0,0,0.00088370280174301,0,8.52843235329571e-05,2.88293756728532e-05,0.0172870624794844,0,4.03083784884415e-05,0.000111438791538115,0.0101615646834466,0.000493258333458921,0.000137872723724251,0,0,0,0.000145536140144354,0.000304017110381722
0.000512738362447682,0.00828258539674605,0.004703132946851,0,0.00200193832536333,0.000283490147063165,0.0024214428252203,0.000949129117138039,0.00756076334762001,0.000164078107649208,0,0,3.18761845975489,0.00267839807900557,0.000226225299078659,0.000764508734842532,0.0102122880980825,0.646164091145231,2.21616543528479,0,0.0027964061502677,0.00820492913742416,0.00319278079984703,0.00297236119442218,1.27447712625454,0.970362713704395,0.101934498063063,0.00215461215677925,0.0139850947527162,0.00129190437035405,0.162571013590502,0.000875610504163062,0.00185906601021955,1.24332882523475,0.00117138074493386,0.0840229747409547,0.696367780451528,1.63208282818981,0.211060014993068,0.00146985665715742,0.000392475005735683,0.0899992244206282,0.00142000166101733,0.00146641136206014,0.00196002008082996,0.000919627012895053,0,0,0,0,0.00676555389174664,0.000158808415220129,0,0,0,8.4188404068446e-05,0,0,0,0.00312807082637777,0,0.00803128041736974,0,0.000127585357637031,0.000279301694529069,0.000261240089119701,0.000366659851607721,0.000469834719164217,0,0,0.000658926960505469,9.17415971591878e-05,0.000186556252418954,0.0154517211154276,0.00599041930834274,0.0110888561497633,2.82481204982963e-05,5.22897622181571e-05,0,0.0027542769953491,0,0,0.000246614396578451,0.000699263519792957
0,0,0,1.13688075752054,0,2.97938761811316,0.000626643789616607,0.0143844726662241,1.48676277438314,0.819211107328526,0,0,0,8.30584471909999e-05,0.288717831298368,0.000577069829806237,0,0,0,10.6787031521384,0,0,0,1.28084862097457,0,0,0,0.0312336488259486,0,2.89044868594032e-05,0,0,0,0,0.443489959242499,0.000220669872611332,7.44401451717057e-05,0.000175379296189989,0.000147479724521018,0.248510332926381,0,0,6.99891290959539e-05,0,0.000537029496816947,0.000123680576883478,0.00143766331705585,0,0,0.000102196007582161,0,7.12488221746702e-05,0.0805542531067109,0,0.000431525203208637,0.00296034088329109,0.000761835959959246,0.00139067115676558,0.00794213903670608,0,0.767375171962825,3.46713880068628e-05,9.36303466683485e-05,0.000198344716210516,4.44789657574841e-05,0,0,0,0.92537935908419,0,0,0,0.0109855421536298,0,2.04908602577315e-05,0,0.00522623343796507,0.000248004045286798,5.60886767730553e-05,0,6.79072673149842e-05,0,0,0.0591165787180254
0,0.0728227416354739,0.0013577565979622,0,0,0,8.39275245455467e-05,0,0.0414928728316348,0,3.18761845975489,0,0,0,0,0.00305784308506649,0.000850799457561427,0.00479389009246509,0.00765585300104836,0,0,0.0599471159287907,4.07653540300825e-05,0.014232564007467,3.25016347563243,0.361984180971666,0.63042525643844,0.000201458524411117,0.000102233428700466,0.000142443940047374,1.04880106561204,0,0,0.00488399080662589,7.5805426067062e-05,0.090315577213359,0.226583806558322,0.0737742372771195,0.0635876898818715,0,0.000123770328884491,0.434280424193122,0.00438457231127103,0.00611266848656933,0.00457387404371033,0.00447513046664512,0,0,0.000619102801801536,0,0.0232960503295398,0.000266502411755534,0.000118949347700542,0,0,2.13906651877027e-05,0.000168808363241383,0.00111549997929897,0,0.00308812767095197,0,0.00807214194267628,0,0,0.000374170587883459,9.13696922016623e-05,0.000632027952075304,0.000773563638574425,0,0,0.00280435412483906,7.94507444839421e-05,0.00037843262186738,0.0408033791955985,0.00902321173483874,0.0185298887525599,0,8.19750386542814e-05,0,0.00608235698835567,0,0,0.000974593113592275,5.93542709893741e-05
2.9234212567992,0.000211669566497579,0.0255439922034508,0.00115832453733714,0.0101457362657012,0.0731898092593067,0.589826174341851,1.20559340527508,0.0119422831596826,0.196640114930633,0.00267839807900557,8.30584471909999e-05,0,0,0.000975855075649902,0.000404155096966572,0.00857850737418239,0.000261762993732201,0.00192280935396572,0.00293111105150933,0.00162044902298198,0.000422053836276176,0.00764047476047097,0.0408076708611303,0.000180643787056189,0.00688164233644919,0.00351980711059197,0.0460912262197765,4.41430040402177,0.0563832883172615,8.25147833241179e-05,0.0463259027494968,0.00600027998065572,0.136080129062394,0.000225624059355675,0.00219513989669947,0.00580578237098367,0.0666434831236661,0.00337029851077349,0.0534265785655842,0.00858932766738394,0,0.00102648280223558,0,0.000499244595828185,0.000159650298408698,9.66151011041472e-05,0,0,0.000463301624537041,0,0,2.35580016856125e-05,0,0,0.00263371255967974,6.6363004765542e-05,0.00183687056476445,1.91270338725262e-05,3.10750496423408e-05,9.27321321900838e-05,8.50294687163976e-05,0.000240208261882176,0,8.4019294344026e-05,2.71672133656418e-05,0,0,8.96600490446972e-05,0,0.000195496481130883,0.000193359807894338,0.00745416185516807,4.79389538375857e-05,0,0.000371574973234437,0.00551751505703779,0.000559994197080098,0.000530014649299579,0,0,0.000262056373291519,7.8614747018685e-05,1.95223661077275e-05
0,0.000141574821339507,0.00220716414941901,0,0.534499505252806,1.07480914796168,0.00183824423785358,0.00420512013624929,0.00467328792844474,0,0.000226225299078659,0.288717831298368,0,0.000975855075649902,0,0.023658181287468,0.000526357936136062,0,0.000389063984838071,0,0.014881624102236,0.00058834758851106,0.0173402097422842,0.00366259491538972,0,0.00183612333537063,0.00444072493998745,0.0176442801348204,0.00208942506599384,0.00259065459525958,0,0.00527962022119475,0,0.00269068343805766,0.108570911808166,0.173413660372886,0.0559621239699989,0.0332435030355676,0.0150851428776509,0.827178779547031,0.111729751835042,0,0.00841962445354196,0.0091369743290042,0.00617112580468738,0.00576588065964885,0.00344960665165365,0,0,0,0,7.05991497591818e-05,0,0,0.000489808730833624,0,0,0,0,0.0001305128141633,0.000791292551233828,0,0,0.0269047232161181,0.00135712368351825,0.000136383397876222,0.00012239535867475,0,0,4.81052541659644e-05,0.000449100986642527,0.00167095700967893,0.000690098405854723,0,0.000379613156575545,0.000846466709936141,0.000610075790330127,0,0.000438565406134586,0,0,0.00036385084599291,0.000137400132168292,0.0343049625348288
0.000956719399917766,0.0699962641361448,0.0395548229222678,0,0,0,0.00630587237758658,0,0.0323309994854424,9.8754163618207e-05,0.000764508734842532,0.000577069829806237,0.00305784308506649,0.000404155096966572,0.023658181287468,0,0.0296665572988752,0.000838994999182201,0.00676384836571771,0,0.445354107767726,3.15427729127185,2.58567134116002,1.05055327122861,0.0158169953735587,0.0393427160211931,1.19912576227898,0.538520602324348,0.00158970122799242,0.0361438375832396,0.000704967581467458,0,0.00287928725152824,0.0816794532297239,0.025958190669378,0.461845159057045,0.335901655165995,0.275034936167687,0.322221468835407,0.0184912649154937,0,0,0.0178158155479575,0.00846105793474509,0.00776399827915903,0.0119558581967009,0.000132026115400885,0,0,0.000470487312427319,0.0114394000982477,0.00394660037090959,0,0,4.98336346898588e-05,0.000658328712628726,0.000363729398908481,0.0607747963448059,0,9.58669280936206e-05,5.51844725827874e-05,8.01674280200572e-05,0.000385051078628711,0.00632860015928002,0.699994329926185,0.00215691297363051,0.000246938601699699,0.000395431594327432,0,0.0151781645120034,0.184810646365622,0.0612909644750524,0.098058262127373,0.00214289136050705,0.00197403642864295,0.0272392325056143,0.0607870035666268,7.91910325446767e-05,0.00635034669179366,0,0,0.000149025612197651,0.00140551546025714,0.0119037704575715
0.0390919215367814,0.00433437730499578,3.0762983203149,0,0,0,0.0419469106688833,0.00187673592678483,0.00531354173827705,0.00338482109661214,0.0102122880980825,0,0.000850799457561427,0.00857850737418239,0.000526357936136062,0.0296665572988752,0,0.0183052285878893,1.53000802755904,0,0.0286567480644113,0.0045130170167239,2.11731236243208,0.0216514997513676,0.00104537663351896,1.35695901452209,0.29590303069417,0.0230392012945877,0.0371554284827173,0.0272400318268255,0.000247770020788088,0.000109181366502679,0.00037348272095784,0.141795981916378,0.000997208219674027,0.0384365379070825,0.693417057919247,0.102685657190738,0.0336252903179071,0.000433899768605321,0.000550652420459999,0,0.00278875439265364,0.00174470545927259,0.00125266066413328,0.00119645125249555,0.000156881002562469,0,0,0,0.00806816077769906,0.00328088991502676,0,0,0,0.000266937363023332,0,0.000517575289458952,0,0,0,0.000359392677142935,0,0.00032472812837035,0.00129020002236147,0.000414876553559856,0,0.00015904722158586,0,0,0.00229224747824988,0.000400036385566066,0.000790279852319103,0.000514989813624724,0.0015650259553507,0.0112533260175889,0.00024860915848393,0,0.000178369221499009,0,0,0,0.00112176245821669,0.000624424068233248
0,0.000488866448361547,0.0020665132503778,0,0,5.87577505578463e-05,0.000345663304200404,4.22425411129544e-05,0.00102073594558677,2.95015383512348e-05,0.646164091145231,0,0.00479389009246509,0.000261762993732201,0,0.000838994999182201,0.0183052285878893,0,1.40489319853566,0,0.000247528339682569,0.000592477833773126,0.000710250954074386,0.000236243472852614,0.039056379087726,0.440303319137818,0.0114545709668329,0.000519863761429205,0.00155057753315689,0.000331281484265522,0.00227823311064842,9.85829970954546e-05,0,0.0258258264495937,0.000251162264694834,0.0215032313004925,0.0750811169696042,0.138615148881304,0.0502038194447257,0.000320312553148163,0,0.00064255316046119,0.000196460421184112,0.0013309014734815,0.000450706355854924,7.8116948016016e-05,0,0,0,0,0.00237816638263728,0,0,0,0,0,0,0,0,0.000790551734629734,0,0.00337558858745894,0,0.000273642339883703,0.000143923747099892,0,0.000752560746966386,0.000351540743308092,0,0,0,0,4.59198762236498e-05,0.00766562870325848,0.00236379268540037,0.00316489880093102,5.01968440812825e-05,0,0,0.000613817933767666,0,0,0,0.000245770499645866
0.00346244339596447,0.0106050895372864,0.0237600970498148,0,0.000627524092479986,0,0.00447294954223828,0.000841097212659167,0.00249884311787194,0.000784165082139444,2.21616543528479,0,0.00765585300104836,0.00192280935396572,0.000389063984838071,0.00676384836571771,1.53000802755904,1.40489319853566,0,0,0.00465202104181489,0.00332353167941148,0.00715700655068034,0.00336077705634702,0.0391214377240974,1.66881757740942,0.118816752736163,0.00316159190615522,0.00958976816404276,0.00399068522435374,0.00192023406912204,0.000616152448472292,0.00161813214484581,0.491604199426201,0.00165965793591824,0.0718971706540455,0.358178138614894,0.704348336681541,0.153163220953472,0.00132755588724075,0.000326236640336725,0.000920078081815975,0.00161677360851154,0.00197369118301131,0.00299729781468867,0.00301117013986935,0,0,0.000192335118483928,0,0.0140527642397278,0.000422798165903985,0,0,0,5.21958062995085e-05,0,0.000728794227020328,0,0.00199726032108864,0,0.00369095886213083,8.88245933908082e-05,0.000501967850141948,0.000102224401091533,0,0.00104456049108718,0.00100313202696381,0,2.33280394920771e-05,0.00136923254947523,9.36124228270892e-05,0.000225886442978835,0.0219284819435116,0.00668347711407522,0.0153499606771833,0,0,0,0.00115775139195439,0,0,0.000664067350500466,0.000745754579674579
0.000196747194632569,0,0,6.56852265547725,0,0.0259846497781594,0.00469772059065285,0.100286257252088,0.248501865534591,2.6596193689744,0,10.6787031521384,0,0.00293111105150933,0,0,0,0,0,0,0,0,0,1.06658504755439,0,0.000149300255488649,0,0.547892086553295,0.0019422543719286,0,0,0,0,0.000848522577885934,0,0.000148964916233311,0,0.00037031058009525,0,0.0155960012437358,0,0,9.32566977360498e-05,0,4.37265711634039e-05,0,0.000572618091039133,0,0,0,0,0,0.246994076909292,0,0.000388453693552855,0.000709494618430534,0.000790055589873285,0.00310859875930323,0.00384792274968274,0,0.338662318645602,0,0,0,0,0,0,0,1.19575129470033,0,9.59750881310284e-05,2.76837737458455e-05,0.00513705415015275,0,0,0,0.00283554356284196,8.82258692275198e-05,0,0,0,0,0,0
0.00773921311558799,0,0.167465419088845,0,0,2.98737433372951e-05,0.059715141799636,0.000250132064355169,0.000190258465825191,0.00224768946374658,0.0027964061502677,0,0,0.00162044902298198,0.014881624102236,0.445354107767726,0.0286567480644113,0.000247528339682569,0.00465202104181489,0,0,0.0143377188441722,4.29742840161571,0.00984064735727219,0,0.0105277631257931,0.0321074462552238,0.828277455142953,0.07106901100679,1.95734432961062,0,0,0.0405553193103651,0.126379814432987,0.0240699349493195,0.36604671961519,0.160745785180562,0.300663025290454,0.231202723381325,0.0157505780608341,0,0,0.00292652504090053,0.000533329312264342,0.000324060331922131,0.00134685705595165,0.000183072209600123,0,0,0,0.000241335196590043,0.000333788835572314,0,0,0.000233334739325108,0.000231139268197371,0,0.00277036629666569,0,0,0.000348369182349581,0,0,0.00106440948156921,0.0100219488641151,0,0,0,0,0.000700126082918821,0.0051747125144729,0.0008506994050942,0.00877883582436184,9.10265755563397e-05,0.000127465280890233,0.0012651973084781,0.00863524591488959,0,0.000793893350696187,0,0,0,0,0.0118627942109589
0.00103843132651913,1.31234633799848,0.0106380028309595,0,0,0.000138321076260384,0.00335270594023399,0,1.07171175483795,0.000132619577913457,0.00820492913742416,0,0.0599471159287907,0.000422053836276176,0.00058834758851106,3.15427729127185,0.0045130170167239,0.000592477833773126,0.00332353167941148,0,0.0143377188441722,0,0.0352029983819466,2.00470622819446,0.478033952610912,0.0166528712910372,0.957498321266202,0.0331275102270101,0.000640486188631509,0.0051444320236746,0.00312515706398028,0,0,0.00669036674113539,0.000871574397690235,0.0269950637379266,0.028906249441816,0.0310418792807729,0.0134630705477781,0.000101304262704716,0,0.00321616414866088,0.0332535572800996,0.0227553842409952,0.0213262858172552,0.0155670570972956,0,0,0,0.000420760063551479,0.107085743649424,0.0167299418096704,0,0,0,0.00149904687345865,0.000352657947074461,0.374742723471304,0,0.000105960837138185,0,0.000757223800807501,0.000344609250604992,0.000768507235967145,0.169074560340911,0.00598861085239921,0,0.000803371729382299,0.00030358460679872,0.0114903588575941,0.56205467432078,0.0269181083740079,0.0723807091265895,0.00789096654435149,0.0042266872142856,0.110219589771457,0.0257947694338433,0.000500791620074499,0.00277742084926298,0.000518959540465727,9.64719532088607e-05,0.000201854124575476,0.00654139844235152,0.000886834645812351
0.0239148202092006,0.00114210211514549,2.49344201898268,0,0.00024712593076833,7.75311227154975e-05,0.173818970960864,0.000561613035908821,0.00174023459508148,0.0083664021986067,0.00319278079984703,0,4.07653540300825e-05,0.00764047476047097,0.0173402097422842,2.58567134116002,2.11731236243208,0.000710250954074386,0.00715700655068034,0,4.29742840161571,0.0352029983819466,0,0.0260519464278704,0.000273268410998997,0.0909108580246312,1.25186962280894,0.547728148240978,0.182695179373808,0.194850784542376,9.98104974405528e-05,0.000224144104883322,0.00308643220519517,0.219354354062489,0.0463344581744354,0.525456125354798,1.06501889233065,0.598630945395612,0.519315242079457,0.0269993552173493,0,0.000190381277023872,0.0122247313580494,0.0024039641174822,0.00410041866804486,0.00537609488239532,2.56305896709138e-05,0,0,0.000323844854637589,0.00345953081542021,0.00172652218090878,6.20823759903558e-05,0,9.66974539244568e-05,0.000599344041642878,2.10647769815445e-05,0.00287209869976587,0,0,0,0.000198361092317648,6.4035131637056e-05,0.00266964762391665,0.0485197274560697,6.51106633650048e-05,0,5.95829834038456e-05,0,0.0016078569596268,0.0225321558998458,0.00682236834448928,0.00743318895912139,0,0.000441018476023062,0.0211245439197554,0.00459222927421435,0,0.000243213590578934,0,0,0,0.000783631833505064,0.0233864431594178
0.0740040767921022,0.0914482476112554,0.0343548614882718,4.00451580011739,0.000135260249695148,0.00744128800440598,0.3774114101089,0.00914079238654751,4.56188135200073,0.194321307934763,0.00297236119442218,1.28084862097457,0.014232564007467,0.0408076708611303,0.00366259491538972,1.05055327122861,0.0216514997513676,0.000236243472852614,0.00336077705634702,1.06658504755439,0.00984064735727219,2.00470622819446,0.0260519464278704,0,0.0792406179831015,0.0432219413356674,0.406875981458939,3.45527140721921,0.090255844294576,0.11980748711957,0.000841115602996091,0.000197624465067808,0.0121643960271614,0.0465951984070027,0.00486935719879112,0.100258193266343,0.0518996521080469,0.0937737031857861,0.0438607274108783,0.0118417868621694,0.000111419629370316,0.000208925085664048,0.0507755412126583,0.00473692151833452,0.0317229089804248,0.0176088781388017,0.0155677681026334,0.000383736899591889,0,0.0285309621890806,0.00800228885904584,0.00709339210803569,0.0169369639990907,0,0.000223080242001375,0.142459437850271,0.00991252185549656,0.199076800662491,0.0102212379281738,0.000212842628221549,0.0159466946234435,0.00049424372099677,0.0130330198754398,0.000522251128978658,0.0702743313218062,0.00183227363564198,0.000285433276918295,0.00129321729606725,0.0149315146061221,0.0125243431971059,0.051751832610948,0.0143996706712578,0.591592883311789,0.0029381080187235,0.00409234413704745,0.0196212523111246,0.386070292838333,0.0149139729342024,0.0517413987264953,6.69791218718811e-05,0.000416859822984433,0.00280773793104337,0.00851362516233335,0.00348094485371845
0.000720414146319404,2.13110094502782,0.000881606799386503,0,0,0,6.50045821120704e-05,0,0.257552300003762,0,1.27447712625454,0,3.25016347563243,0.000180643787056189,0,0.0158169953735587,0.00104537663351896,0.039056379087726,0.0391214377240974,0,0,0.478033952610912,0.000273268410998997,0.0792406179831015,0,0.454307764310514,0.932893950269498,0.00118653540334277,0.00048389264391626,0.000877971133029484,0.259667120699351,0,0.000130598766080544,0.00436004120862193,0.000154659805061484,0.0337731692099069,0.37270304154619,0.0695036941852907,0.0474652149652621,0,0,0.481944625150224,0.00854862021491089,0.0194055245263561,0.0252562416801386,0.0129220475882299,0.000315905064578494,0,0.00126727852810051,0,0.207134725866994,0.00242727810889191,0,0,0,0.000146789732372659,5.63719903931572e-05,0.00820182531032065,0,0.00927590640300604,0,0.0288719422126073,0.00017614030676313,0,0.005676204535235,0.00286187188461673,0.00143487226028137,0.00511040279837182,0,0.000750570924836652,0.0387688152102504,0.00111913659446941,0.00144647421387127,0.24399514725083,0.0316843871045283,0.072298874753791,0.000448297432830525,0,0.000103420709939352,0.0176725396987771,0,0,0.00263170471907237,0.000204273476891327
0.0203324320341948,0.0217148165431541,1.76668407160642,0,0.000133747102355086,0.000293768465191146,0.0912915427779794,0.00152571575081893,0.0118838809751149,0.00802557514538478,0.970362713704395,0,0.361984180971666,0.00688164233644919,0.00183612333537063,0.0393427160211931,1.35695901452209,0.440303319137818,1.66881757740942,0.000149300255488649,0.0105277631257931,0.0166528712910372,0.0909108580246312,0.0432219413356674,0.454307764310514,0,1.34285522420518,0.0564323255012416,0.0111900375221223,0.0388922093141241,0.085466859927269,0.000248822460757509,0.000796384366265339,0.174312110888611,0.00767280825583671,0.265433509460598,0.80373119721806,0.799364923583633,0.221424327441636,0.00134719871523539,0,0.00400713343707796,0.0088737366730935,0.010023176780784,0.0132560225021132,0.0081146869664539,0.000114180402552336,0,0.000381577568950067,3.9118344106996e-05,0.0390479939724103,0.00233288369923348,0,0,2.2417324814003e-05,0.000620744019024756,3.52097857913111e-05,0.00148237422828095,0,0.00920459103870335,0,0.0300013487866232,4.8745760213931e-05,0.00182472161831678,0.00104812368327007,0.00154996801737077,0.00341184386190064,0.00510113353495092,0,0.000185840562476668,0.00260589559949247,0.00117267299349738,0.00178898882883349,0.0896047182547231,0.0509364943701239,0.114306707051884,0.000926681374670145,0.000114353516792326,0.000426690235502509,0.00910205550909738,0,0,0.00340797988307341,0.00573861383163876
0.0083320505720377,1.33685816956034,1.65709832393483,6.94380688596962e-05,8.89875850493033e-05,0.000106711206679951,0.0350547790296953,0.000897659176590058,0.126156702332647,0.00201744164849907,0.101934498063063,0,0.63042525643844,0.00351980711059197,0.00444072493998745,1.19912576227898,0.29590303069417,0.0114545709668329,0.118816752736163,0,0.0321074462552238,0.957498321266202,1.25186962280894,0.406875981458939,0.932893950269498,1.34285522420518,0,0.180493610330341,0.00553413764443236,0.0145665652611899,0.0967164413179531,0.000123784580432809,0.000437307716012746,0.233910075447257,0.0202940949040302,0.362512477386594,0.490691439539819,0.791523936629935,0.291320818341064,0.00395211081545165,3.41121827062618e-05,0.00133322015713036,0.0620229978845851,0.047754769116451,0.0641864232087152,0.0291492380348578,0.00115729480267672,0,0.000238938215786596,0.000563595659473367,0.203590148202314,0.0536302843069884,0,0,0.00013799799971671,0.00335995806929733,0.000543482219060155,0.00792035589058608,0.000175735098307735,0.0110964636893483,0.000114744695539689,0.0293545965360426,0.000937373539990787,0.00377698698189541,0.0696574295549484,0.0197875342150278,0.00349903096260092,0.0165566814410832,0,0.00464491747958721,0.0682401928724574,0.0249511198434147,0.0196315496666036,0.133873014602353,0.130814749759744,0.494804874035894,0.00763956653720132,0.000234463446573477,0.00180936339626699,0.0076495782612143,4.73058556404158e-05,4.33862775132897e-05,0.0194064183962182,0.015808973394945
0.0700720103487586,0.00135439046130259,0.258785707505531,2.61873859454491,0,0.0491398180861654,3.45060296878576,0.0375353289197561,0.258016048038101,1.37949171925048,0.00215461215677925,0.0312336488259486,0.000201458524411117,0.0460912262197765,0.0176442801348204,0.538520602324348,0.0230392012945877,0.000519863761429205,0.00316159190615522,0.547892086553295,0.828277455142953,0.0331275102270101,0.547728148240978,3.45527140721921,0.00118653540334277,0.0564323255012416,0.180493610330341,0,0.122737566242277,1.64899334880426,6.44513644281535e-05,0.000396958056039617,0.0444458106056683,0.159129466817664,0.0258628637242762,0.398437733565122,0.107860463781855,0.218587067999084,0.139232603820409,0.0356683866131086,0.000238157760284131,0.000267078309229428,0.0237021461040225,0.00260090622314894,0.0115633013511531,0.00697466425308575,0.00597051426754266,0.000167943360494724,0,0.0113730630580606,0.00277520228559933,0.00416762351292629,0.00289866109511745,0,0.000333312651451662,0.060044309340097,0.00377307475868088,0.0457141714605324,0.00511078747654219,0.000244345542660362,0.0019104483734541,3.59212374091158e-05,0.00443448709370818,0.00113474515937842,0.0216824377402647,0.00118997684825635,4.47813912170642e-05,0.000271227229680894,0.0017713781253567,0.00523090342254534,0.0180701779726621,0.00657055283730123,0.250120644116377,0.00040642328717123,0.00113209431477222,0.0061702023397463,0.221941782506598,0.00534988694907926,0.0280575581666007,8.13996929040104e-05,0.000164979377667988,0.00183460982227858,0.00332819992227652,0.0112574109450034
0.861574486221132,0.00019223853294438,0.0124402251769748,0.00182098898592641,0.0787816347870656,0.19026243120202,0.299950309467717,0.408941081078668,0.0204647716679401,0.0440512884856752,0.0139850947527162,0,0.000102233428700466,4.41430040402177,0.00208942506599384,0.00158970122799242,0.0371554284827173,0.00155057753315689,0.00958976816404276,0.0019422543719286,0.07106901100679,0.000640486188631509,0.182695179373808,0.090255844294576,0.00048389264391626,0.0111900375221223,0.00553413764443236,0.122737566242277,0,2.01297437920175,0.000109413747770252,0.329223194530054,1.63710010782506,1.75440230943033,0.00042370192880535,0.0159251162228871,0.0109610003834346,0.514538931563061,0.0167257969841728,0.227931848504389,0.214742652422734,0.000170615657008624,0.00158025057376309,0.000171113056241131,0.00158976968694437,0.000805368554940825,0.000404752887946333,0,0,0.00111177216420219,0.000219823563477972,0.000369642207410524,0.00019150397818775,0,0,0.00605021127713472,0.000208456783222323,0.00514149252216404,0.000314182516395294,4.00053289798669e-05,0.000133898281114744,0,0.000770522310460286,0.000137401037727587,0.000356565782728415,0,0,0,0.000134196744108437,4.2938957921795e-05,0.000137938572318331,0.000179969690772391,0.0196134069908308,4.85904342780417e-05,0.000117972269665026,0.000514424712718394,0.0110663377276372,0.000901185941140335,0.00137784722665295,4.94087002686459e-05,0,0.000132605277914194,0.000466745069422808,0.000198593320175008
0.425130097812655,0.000249229204541054,0.175201950054451,0,0,0.000233889967384777,1.90737661209503,0.00229113353795117,0.0324023720589426,0.011317743442522,0.00129190437035405,2.89044868594032e-05,0.000142443940047374,0.0563832883172615,0.00259065459525958,0.0361438375832396,0.0272400318268255,0.000331281484265522,0.00399068522435374,0,1.95734432961062,0.0051444320236746,0.194850784542376,0.11980748711957,0.000877971133029484,0.0388922093141241,0.0145665652611899,1.64899334880426,2.01297437920175,0,0,0.000379604836975107,0.701046151465022,0.329421008032126,0.00509382247601668,0.147923330229045,0.0536257933037774,0.0839657542970731,0.0431221947444689,0.0034907833180022,0.000275204545568086,0.00073899040295089,0.00713578703352061,0.000392727914624167,0.0029765037147597,0.00185668384963115,0.000377593908495456,0,0,0.00354366342079016,0.000460422207098567,0.000908886767597765,0.00016201699258458,0,0,0.0101757507915145,0.000509982702245844,0.00679210141495265,0.000600894678174701,6.93282094726792e-05,3.61374569412042e-05,4.19423084469682e-05,0.000868728575462094,0.000478427753972097,0.00145330032077005,7.84127285967692e-05,0,3.79027487688794e-05,9.98169889581562e-05,0.000469031295685187,0.00240376032129789,0.00124977687816189,0.0674136099550012,0.000164951670958017,0.000233517816242761,0.00120467397194098,0.0553294235711971,0.00128465218204151,0.00410312682660997,0,0,0.000349683175157343,0.000861953148662856,0.00219188868888075
0,0.0106458974596816,7.45992237722423e-05,0,0,0,4.87215847194099e-05,0,0.00533076241699263,0,0.162571013590502,0,1.04880106561204,8.25147833241179e-05,0,0.000704967581467458,0.000247770020788088,0.00227823311064842,0.00192023406912204,0,0,0.00312515706398028,9.98104974405528e-05,0.000841115602996091,0.259667120699351,0.085466859927269,0.0967164413179531,6.44513644281535e-05,0.000109413747770252,0,0,0,0,0.00126164090387014,2.35005894571048e-05,0.00341678087104088,0.0333928279343014,0.0178344341540343,0.0130896523445595,0,0,0.00681414503030825,0,0.000276729006362347,0.000959117261078007,0.000828175841568114,0,0,0,0,0.00561250541352221,0,0,0,0,0,0,0,0,0.00152731221317961,0,0.00256663091781705,0,0,0,0,0,0.000589359058214223,0,0,0.000361349606706949,0,0,0.0116358373367301,0.000781940007504251,0.00160332374484546,0,0,0,0.00196761886667434,0,0,0.000202744510020038,4.45187957060425e-05
0.000112529879142342,0,6.70304719058205e-05,0.00010234732326353,0.97223495478083,0.287015984257233,0.000438618954826633,0.127440757070592,0,0.000215358811471102,0.000875610504163062,0,0,0.0463259027494968,0.00527962022119475,0,0.000109181366502679,9.85829970954546e-05,0.000616152448472292,0,0,0,0.000224144104883322,0.000197624465067808,0,0.000248822460757509,0.000123784580432809,0.000396958056039617,0.329223194530054,0.000379604836975107,0,0,0.00101236672140346,0.454250846931663,0,0.000195609647977324,0.000993881723840087,0.0955848758001221,0.000295596260012194,0.232282149137111,1.55405851005499,0,0,0,0,0,0,0,0,0,0,0,0,0,0,3.09177406977029e-05,0,0,0,0,0,0,0,0,0,0,0,0,0,0,0,0,0,0,4.12554296466729e-05,0,0.000144211514146392,0,0,0,0,0,0,0
0.00459923638601273,0,0.000969520867789286,0,0,0.000448527262737273,0.0177098486030048,0.000649481010243075,0.00620892139607139,0.00171903209066285,0.00185906601021955,0,0,0.00600027998065572,0,0.00287928725152824,0.00037348272095784,0,0.00161813214484581,0,0.0405553193103651,0,0.00308643220519517,0.0121643960271614,0.000130598766080544,0.000796384366265339,0.000437307716012746,0.0444458106056683,1.63710010782506,0.701046151465022,0,0.00101236672140346,0,1.11380953359939,1.82892435596421e-05,0.00828388725574566,0.00456394846457298,0.0965976772815528,0.0130797138410829,0.00127394866876553,0.000902538530296537,0,0.000187031695572595,0,0.000510108545782356,0.000237256802332296,0.000101383763002279,0,0,0.000391536026157914,0,0,0.000103772151096637,0,0,0.000558224051928949,0.00014355718254169,0.000746413925581044,3.94550242319935e-05,0,0,0,8.15189894330976e-05,0.000448648691046528,0,0,0,0,0,0,0,0,0.00208187887312562,0,0,0,0.0010811711376638,0.000203650759121104,0,0,0,0,0,0.000137729312745514
