0,0.00165094997823611,0.0234823547626895,0.00494757235654425,0.000347735869364381,0.00757705751419661,1.77757004831756,0.553973064066049,0.0494503867474178,0.0362238383070216,0.000678617049746052,0.00103314538375355,0.00028085517079722,4.24841868992603,0,0.0106640375382321,0.0852602009090794,0,0.00440520608142979,0.0153629630176347,0.0282500286338573,0.00506534246632195,0.0153203301820944,0.0737818252538502,0,0.00696613903226939,0.00758428491150515,0.0795392869497019,1.79792234835265,1.01916661219897,0.000212298051095903,0.00228625531311758,0.115350498615399,0.174099209604778,0.000192897155152634,0.0108084909772691,0.00322981614842703,0.0515054240400561,0.0210293302413985,0.000539168266623244,0.00212475048580912,0,0.0023337027432265,8.45520529831091e-05,0.00318671150516026,0.0035151863599679,0.000406260646853902,0.000133420675778456,0,0.00144476507859808,0,0,0,0,0,0.00185693930190426,0.000226426906848442,0.0183246419079582,0,0,0.000208457111234527,0,0.000476030032429426,0,0.00207608002411085,0,0,0,0.000117841385550136,0,0.00181101601325418,0.00034681162979206,0.0154820756111824,0,3.94615996271723e-05,0.000560103972114874,0.0109818210422334,0.00164630158097492,0.0029358151705155,0,0,0.000324407400430493,0.000637943870656219,0.000138363635347049
0.00165094997823611,0,0.05707432436766,0,0,0.000180811528336234,0.000948193530674166,0.000571213031109301,0.162790317227145,0,0.0465061988069045,0,0.0752298765626806,0.000703393383119086,0,0.0646884145126917,0.0775807616574963,0.00499447154692868,0.102229826503731,0,0.00232748671140928,2.06565454691095,0.0106571545576978,0.0337284921592045,2.07125737318987,0.122722106500644,1.58935284775039,0.00172261322499436,0.000309266820263422,0.00102623266677781,0.0601811751006336,0,0.00114643307952803,0.100778553374485,0.000577847483479772,0.0427156931072156,0.0771778815709214,0.145935675082981,0.0370985617682396,0.00011419378357632,0,0.011743857316685,0.0219953005643798,0.104955636760209,0.0353620096998767,0.0183976539154828,0,0,0.0018679091479567,0,0.633317332653492,0.0298624972838204,0,0,0,0.00151759694002158,0,0.0069838573343656,6.97431754626242e-05,0.00231145265593789,0,0.00474020081939179,0.000320166536360628,0,0.0105078316383589,0.0288568662557488,0.000541489097240555,0.0145151538430191,0,0.00150646515694283,0.198278084507368,0.00316845728967256,0.00304628158227052,0.15512408129012,0.0528105413234117,0.250941630342609,0.000503066357026238,0.000196279797569731,0.00039733159554241,0.00351337078230898,0,0,0.008643834590087,0.00071882501939436
0.0234823547626895,0.05707432436766,0,0.00142905155560042,0,0.00327229585488822,0.134423057760195,0.040743641440813,0.00785154716887584,0.00314213265411056,0.000378494455852771,0,9.51072768988572e-05,0.041921004688272,0,0.0250729828536124,1.78970832234404,0.000800410572003156,0.0233850597545937,0.000428327882070138,0.159443763219338,0.0322301157717581,3.4030002415105,0.0338993434611017,0.000705974455102565,1.65441423337498,1.47319951275934,0.149921501269084,0.00962088688679401,0.089505198179491,0.000179773804571305,6.40539055362559e-05,0.00361927741031335,0.151706401880859,0.00184503772911245,0.0830161936941214,0.149413035050606,0.16185434455578,0.0494011849336774,0.00176185466713449,0.000118067757092843,0,0.00946801668393971,0.00737552413761023,0.00969225789262182,0.00759098268543116,0.000323938989117027,0,0,0.000275060060095408,0.0237631433279323,0.00604797349544798,0,0,0,0.000527920630904974,0,0.000767018494095106,0,8.19630534929774e-05,0,0.000184665030404027,0.00024013243492594,0,0.0125362509377658,0.00130557202654627,0,0,0,0.000658996586852431,0.0148679252482283,0.00998209605677471,0.00242494838137272,0.00230496632420237,0.000783594898769958,0.0460699622768733,0.00189540864607402,0.000299566595011415,0.000523314318468465,0,7.21298862575853e-05,0,0.0019531787476062,0.000865525218123423
0.00494757235654425,0,0.00142905155560042,0,0,0.00941749530267602,0.0268987908532073,0.0246308090569475,0.36948621783355,1.77016245212953,0.000390016011242038,1.67260941395154,0.000137485292660625,0.0134370845356107,0,0.000489110747452165,0,0,0,14.3830662177511,0.000666346385576368,0,0.000674114751315496,6.32574298872269,0,0.000336853265810042,8.98032821489312e-05,2.85803434274236,0.0113947575555506,0.00143464892555113,0,0.000543172867649971,0.00115979526787952,0.00902066142659364,2.16639815742072e-05,0.00438641660505537,0.000107530033198373,0.0144710087117395,0.0105806196878507,0.0011120991083584,0.00258245026590516,0,8.31260379966139e-05,0,0.000270556321240199,0,0.000937749252591547,0,0,0,0,0,0.892450439606033,0,0,0,0.000211829552927752,0.00494699424250586,0,0,0.0253388548833871,0,7.53767128049087e-05,0,0,0,0,0,9.19791238658298e-05,0,0,0,0.000673946507822197,0,7.59751266667412e-05,5.22049940728606e-05,0.000579889536740918,0.000224601228197461,0,0.00028956042542422,0,0,0.000104660688225938,0
0.000347735869364381,0,0,0,0,0.154082350468078,0,0.0475339087415423,0,0.000625054575751875,0.000276090382624324,9.78232051792021e-05,0,0.0355469452162108,0,0,0,0,0,0.000228609251336546,0,0,0,0,0,3.71571817415883e-05,3.05109573546373e-05,0,0.0523143535030114,0,0,0.878671215875525,0.00158197383391467,0.0542483981235702,0,0,0,0.00557984608692163,0,0.0025843251497359,0.137964138025018,0,0,0,0,0,0,0,0,0,0,0,0,0,0,0,0,0,0,0,0,0,0.000175334869066185,0,0,0,0,0,0,0,0,0,0,0,0,0,0,0,0,0,0,0,0,0
0.00757705751419661,0.000180811528336234,0.00327229585488822,0.00941749530267602,0.154082350468078,0,0.168372170170168,3.10276937559123,0.0589112676459057,1.45011508477712,0.00513314515682961,1.42797690498242,0.000689107997575358,0.437818069629214,0.844990340291371,0.000555795810033722,0.00203187115101529,0.000253034808462867,0.000218606838799899,0.13164751226811,0.00170937679221104,0.000240969857955223,0.00217114364379159,0.0741590054341279,0.000258932598454784,0.0017194195460007,0.000715489771862382,0.0174216963321922,0.217194169751342,0.0033255947974362,7.17232937944515e-05,0.355542191963561,0.00172593552379139,0.17743919579241,0.00677320763766537,0.00287363385003257,0.000487975589747185,0.0723858652070522,0.00466711657916283,0.0755298284606521,0.198608453697949,0.000200994829748688,0.000298429095485147,0,0.000887326850412351,0.00105808607301559,0.000873503770988447,0,0,0,0,0,0,0,0,0,0.000233226928832007,0.00462356690412733,0.000120226278418189,0,0.000953072404024814,0,0.000113372328316402,6.83496139218098e-05,0.000311663038269721,0,0,0,0.000413003215463156,0,0,7.44534287800119e-05,0.00484228528293994,0,9.37106275305881e-05,0.00017661414720908,0.000484219330922544,0.0005040241272449,4.91929374246193e-05,9.67547752118133e-05,0,0,0,9.72583508932054e-06
1.77757004831756,0.000948193530674166,0.134423057760195,0.0268987908532073,0,0.168372170170168,0,0.480653269917102,0.045775003958124,3.10980646242073,0.00207533292697995,0.00255218005885567,0.00025163596988384,1.47068470799469,0,0.00610195311733236,0.0949274794870723,0.000153820780587125,0.00661062020634599,0.0170019342803904,0.109952864665842,0.00238878801017852,0.107904844733665,0.356930347020886,0.000159535388816523,0.0246230218783629,0.0179458689494923,3.96313360433545,0.271436556680594,2.02523583220973,5.8571377495098e-05,0.00133838073514378,0.0431464000117917,0.148858560136101,0.0013129130672581,0.0537184928354718,0.00573301621577442,0.175554216296376,0.0773538362885127,0.00986326942921092,0.00535610190912457,9.42915388180672e-05,0.00259433454653236,0.000479713217177269,0.00300749883435535,0.00599807037014285,0.00012924792185407,0.000224632867717039,0,0.00101682665599215,0.000273574777692897,7.95300068436662e-05,0,0,4.51388697080587e-05,0.000881482334150894,0.00092046450871058,0.00577546950417271,4.39050834851065e-05,0.000124434609538388,0.000332985426846506,0,0.000524200794326579,0,0.00339351188505976,0.000532828982239934,0,0,7.22069967359126e-05,0.000158532861841559,0.000945243422393175,0.000732811750010777,0.00936156941088616,0,6.30582324279701e-05,0.00152802802655637,0.00808907502838738,0.00325373932643052,0.00131274733477511,0,0,0.000598055753477125,0.000853694013991253,0.000372313086480137
0.553973064066049,0.000571213031109301,0.040743641440813,0.0246308090569475,0.0475339087415423,3.10276937559123,0.480653269917102,0,0.0823906979923998,1.01806215162703,0.00392073998873869,0.0328039466726722,0.000366266496647547,4.0703690762342,0.0068604336279546,0.00453743657998568,0.0570742753029822,0.000153451833706195,0.00261028151485974,0.159054451835392,0.028578758477052,0.00187404726632402,0.0252636057676189,0.146029420186906,0.000240321155254485,0.0110294275929366,0.00883259621954224,0.132871283599827,0.216987795660395,0.084661718878604,0.000208315855483178,0.0931317776950343,0.00655188281847982,0.231684447995201,0.000387543618752468,0.0159961617167415,0.00408422558315457,0.0854035049318439,0.0195710540459901,0.00331256496382496,0.0412127623619659,0,0.00267780823591043,0.000381309537049516,0.00509164589948944,0.00412086006977596,0.00160360211187267,0.000563062166835807,0,0.00103057729042765,6.76549658391694e-05,0.00021588999245757,0,0,0.000158774138152986,0.00142188625835708,0.000711209070317811,0.0193501927114919,6.01301337499606e-05,0,0.00179505708228048,4.91115049583582e-05,0.00147940165386852,0,0.00198314200305336,0.000311728572485733,0,0,0.000234291094289497,0.000137905681080544,0.00112522431660895,0.0004532976870715,0.0217647293772783,0,9.31091842465035e-05,0.000563600978923051,0.0132185483995144,0.00235864530078008,0.00211632140640031,0,0,0.00178211171964027,0.00144268625273428,0.000188245923144985
0.0494503867474178,0.162790317227145,0.00785154716887584,0.36948621783355,0,0.0589112676459057,0.045775003958124,0.0823906979923998,0,0.131136223774452,0.00257400032037446,5.09764989716949,0.00281335368326113,0.050237286982627,0.435107009736579,0.0518476312750455,0.0110640520224469,0.000414452807385761,0.00831817163190327,0.753760625675294,0.00248132327482413,1.79590073786902,0.00432759873961044,5.29958921974223,0.0285167364687765,0.00847453449140326,0.0787179426309656,0.149880820407529,0.0517273151442104,0.0630628295476849,0.00474150262516147,0.000111641699605322,0.0412830376394637,0.0581411905781243,0.000426982177234978,0.0666734457598718,0.00676204996134752,0.0821583935641892,0.0632269372442,1.65830098715378,0.00457779717173792,0,0.0436282841722012,0.00419086096312364,0.0383443132925703,0.0610987103694504,0.0352980208733496,0.00788725513524405,0,0.0238298742413709,0.00255080427078497,0.00103205097864977,0.00116014759994195,0,0.000341408063228793,0.0130081194919158,0.003585018732107,1.17591572928767,0.00261770835728629,0.000115883748567851,0.0209879109146484,0.000288098916581509,0.00902536515540759,0.000204370626089731,0.0792183453286373,0,0.000164918945814354,0.000280941413573947,0.00856201547310018,0.00382136220056726,0.0902368529610254,0.00458483330866571,0.242960399885778,0.00493124005651899,0.000851644242257907,0.00215875578640084,0.0668977854884553,0.0235894762458872,0.016383163678009,0.00022977784260677,0,0.0146454715094701,0.0124965008078914,8.95924743252492e-05
0.0362238383070216,0,0.00314213265411056,1.77016245212953,0.000625054575751875,1.45011508477712,3.10980646242073,1.01806215162703,0.131136223774452,0,0.00427140229293538,2.5114329345823,0.000286266129556881,0.38620824683922,0.000212226762823762,0.000657240185592987,0.00113504788657394,9.91946631856769e-05,0.000240948041667281,3.86238823752384,0.00348471875913457,5.17904464708064e-05,0.00299521969553065,0.213236988718436,0.000255325283406421,0.00139014649404409,0.000567059140858611,2.39610440868372,0.0988217505451158,0.00294168018666547,0.000138835058317006,0.00338359862402812,0.00246009361924148,0.111237656398287,0.0194659527934612,0.0188239690723138,0.000913254289807995,0.103452440726484,0.0236552942735324,0.00750640623297047,0.00778593737780875,0,0.000429257932305426,0,0.000278621735719696,0.00113189633973442,0.00125033355539335,0,0,0,0,0,0.00361829896036897,0,0,9.40445211230004e-05,0.000169689700248337,0.00640990551105824,5.029667730916e-05,9.83283974715539e-05,0.00136194691890348,0,0.000504663149391421,0,0,0,0,0,0.000324603348027866,0,0.000118348564864871,0,0.00299166200895868,8.12033852836992e-05,3.13355184100976e-05,0.000204481733778774,0.000927772725573927,9.50672772705927e-05,0,0.000117824711318932,0,0,0.000362340151755163,0
0.000678617049746052,0.0465061988069045,0.000378494455852771,0.000390016011242038,0.000276090382624324,0.00513314515682961,0.00207533292697995,0.00392073998873869,0.00257400032037446,0.00427140229293538,0,0.000492997055306224,3.3427075962688,0.00562500685165906,0,0.000427115067345575,0.00227201371745401,1.5033531889621,1.65606142597553,0.00217956577666404,0.000311895569618746,0.028243922896801,0.000405758808161991,0.00125887119486514,0.893338269387076,1.39143903331922,0.20953780946611,0.00148367091904583,0.0164661005309761,0.000400158911982469,0.880149692190414,0.00495230342600166,0.00194252755528178,1.06417503293627,8.72115353890059e-05,0.00943952596804644,0.554814616669038,0.953264019178944,0.0219274599789328,0,0.00318709110994457,0.0649378519978706,0.00130524857081599,0.0427999230748654,0.00864105608737026,0.0012078671162682,5.2214054378773e-05,0.000284903599049122,0.000512445938817793,0,0.00684868290784524,5.47358684823002e-05,0,0,4.70014505188163e-05,0,0,0.000377728214712525,9.37425462073571e-05,0.0360227263356073,0,0.059088604617049,0.000215927540720947,0,0.00021427752374209,0.000216696308073838,0.0213831115624723,0.0113643040018175,0,0.000183201598913905,0.00313471324252533,0.000161100346913173,0.000238254051314704,0.102708787834559,0.0703807576863931,0.0841722094934751,7.93606754762033e-05,0.000478010983824459,0,0.0485436626681717,0,0,0.00230313834265372,1.93212315400199e-05
0.00103314538375355,0,0,1.67260941395154,9.78232051792021e-05,1.42797690498242,0.00255218005885567,0.0328039466726722,5.09764989716949,2.5114329345823,0.000492997055306224,0,0.000156968344479391,0.0131921481387296,0.279213305453022,0,0,0,0,13.0845172990732,0,0,0.000194421452654061,1.89438718325705,0,0.000131776740058052,8.32281742527956e-05,0.0135140245391247,0.0138419192678246,0.000209084986199519,0,0.00139469105429926,0.000290682895852268,0.0205942837278452,0.178026550167331,0.00811783680304592,0,0.0128491104212283,0.00160591875098541,0.28164452202957,0.00209317058627096,0,0.00350773472514966,0.000368786954248954,0.00147287259445016,0.000959559212460992,0.00682370050038951,0.000148577011845636,0,0,0,0,0.000975146480908667,0,7.784892652983e-05,0.000115713311325651,0.000139545769018774,0.0108861140974381,0.000103193487806919,5.14077156820499e-05,0.023924250710385,0,0.00010028563414914,0,0,0,0,0,0.00128953181568115,0,0,0,0.00332260996561189,0,6.27213814474877e-05,0,0.000899456136645617,0.000177426229879936,0,0,0,9.62926801845107e-05,0.000329906859819983,0.0030386592874211
0.00028085517079722,0.0752298765626806,9.51072768988572e-05,0.000137485292660625,0,0.000689107997575358,0.00025163596988384,0.000366266496647547,0.00281335368326113,0.000286266129556881,3.3427075962688,0.000156968344479391,0,0.0013197675977246,0,0.000713156450680858,0.000297214421683081,0.0389409238351673,0.0169000370797893,0.000123244519720741,9.84071164995782e-05,0.0429873907997113,0.000352515063281689,0.000778414285755504,1.94944281422004,0.313401829701176,0.403280421199836,0.000340619132094488,0.00259275167109093,0.000262171498778378,2.36956900443517,0.000883740301491028,0.000127356329903145,0.0317402750155902,0.000182051803702251,0.0377876720843076,0.408637925466495,0.324874129055122,0.133463995533456,0,0,0.800539808956846,0.00919251022594653,0.0380877986862441,0.00613799480842032,0.000518989292705219,0,0,0.0281766986806697,0,0.00749269738657196,0.000537863980358997,0,0,0,0,0,0.000818647739041563,0,0.0152186478274995,0,0.038066743883172,0,0,8.64100601657937e-05,0,0.00989396865618108,0.00673351368371376,0,0,0.00329704227842879,0,0,0.065352073165343,0.0349666311720681,0.0479946905006125,7.50640105011029e-05,0,0.000132614202824587,0.0279819257381331,0.000146531367155525,0,0.000985833161209757,0
4.24841868992603,0.000703393383119086,0.041921004688272,0.0134370845356107,0.0355469452162108,0.437818069629214,1.47068470799469,4.0703690762342,0.050237286982627,0.38620824683922,0.00562500685165906,0.0131921481387296,0.0013197675977246,0,0,0.00716148392755902,0.0924330517621124,0.000837007786159619,0.00473439655089122,0.0554859923081769,0.0428800964787016,0.00267878570162916,0.0304269282836545,0.0938300469618226,0.000334472532990897,0.0129587483641388,0.0107205287945527,0.110050848827339,2.72712458681316,0.242216960202124,0.00042551968382229,0.626103066842774,0.0254527343013572,0.361395194792391,0.000501163004985161,0.0170114751877789,0.00355082214861331,0.111063892814257,0.0261734509854166,0.00149093797327965,0.0581515897082869,0.000459726843760576,0.00262393893999103,0.000582322188577566,0.002770962246834,0.00561740984581062,0.000998509640876672,0,0,0.00175130221690612,0.000206848138051108,0,0.00011096939633308,0,0,0.00222819797558165,7.05069967108811e-05,0.0127887534286016,0,0,0.00045900466095301,0,0.000781410299765722,0,0.00321051761183592,0,0,0,7.88619407403662e-05,0,0.00254851775214533,0.000269652757677114,0.0173823951558955,0.000114664212815443,3.37577258331858e-05,0.000973288238035455,0.01514496786499,0.00231724929620049,0.00225680338891129,9.56159539212556e-05,5.05686870799012e-05,0.00127276633528318,0.00142609457414375,0.000191141068955409
0,0,0,0,0,0.844990340291371,0,0.0068604336279546,0.435107009736579,0.000212226762823762,0,0.279213305453022,0,0,0,0.00231984631262391,0.000802085444893158,0,0,0.000597049569390738,0.000986087728471081,0,0.00338305451596848,0.000788369960385752,0,0,0.00139707730898459,0.00092260431415217,0.000511664575060747,0.000353347496748674,0,0.00236811629500489,0,0.000119326342726302,0.186906048126512,0.016276054406007,0.00919774140456567,0.00729975858582139,0.0111978816743494,0.198571066759256,0.00039564306901986,0,0.00274551488188675,0.00799507230040487,0.00383855697252916,0.01708543344462,0.00203062642269783,0,0,0,0.00083717408938294,0.000818636487218506,0,0,0,0.000323344645710946,0,0.00118127632964323,0,0,0.000231321182049433,0,0,0.00219935705638214,0.00136093796837056,0.00023729516347099,0,0,0,0.00064908123490091,0.000194889679525856,0.00343399108098091,0.000286253685851368,0,5.83408823864925e-05,0.00102213788688698,0.000283944030236262,0,8.30089247409846e-05,0,0,0,0,0.0317578975096211
0.0106640375382321,0.0646884145126917,0.0250729828536124,0.000489110747452165,0,0.000555795810033722,0.00610195311733236,0.00453743657998568,0.0518476312750455,0.000657240185592987,0.000427115067345575,0,0.000713156450680858,0.00716148392755902,0.00231984631262391,0,0.0322883134503514,0.000157868316767645,0.00371324221911421,0.000576474902943459,0.73996984685759,2.86010496102023,2.2196009908983,2.18137055363264,0.0126618330768141,0.0115120940054576,0.614115466681466,0.401337154859672,0.0112207312965386,0.0662076345003367,0.000147026078564378,0,0.0110326232745773,0.0678629159389573,0.00841696264108002,0.624437907030919,0.196918936153228,0.152761876285597,0.244606648299309,0.0177388574817768,0.00129466213241933,0.000225876779049805,0.0740354065143014,0.0418597862189139,0.0109737299910162,0.0272540511087874,0.00543437064666917,0.000211861710132426,0,0.0072708855206216,0.0120842738108156,0.000929841637232175,0,0,0.000301899758016271,0.00525590281822022,0.00138663200763323,0.0424584924806091,0.00021451922085807,0.000110514956754956,0,0.000201111266409387,0.00180863210164472,0,0.722574540940001,0.00144821186581465,0,0.000130741544905884,0,0.0339344433437995,0.659829257944263,0.0790518546169997,0.114969925053669,0.00418477657139316,0.000455620697377561,0.0177981868716145,0.0319434032354463,0.00339660593435681,0.0246875769479426,0,0.000105151900467619,0.00125433454139706,0.00195223145482054,0.00265761310374625
0.0852602009090794,0.0775807616574963,1.78970832234404,0,0,0.00203187115101529,0.0949274794870723,0.0570742753029822,0.0110640520224469,0.00113504788657394,0.00227201371745401,0,0.000297214421683081,0.0924330517621124,0.000802085444893158,0.0322883134503514,0,0.00818623295486545,3.12393811653487,0,0.281800120675478,0.027479917195159,2.23844594520833,0.0149915041286935,0.00324974037329855,0.975108969149334,0.495828068784875,0.0559710433456716,0.0455149240696329,0.11916434942639,0.000301917148131807,0.000314721206121488,0.0183279950956093,0.914424899970015,0.00029101214743152,0.0466612118221149,0.210053950031458,0.151748863132521,0.0353536856283033,0.00338644535639936,0.00131372932856898,0.000949692771558088,0.00316621556633646,0.00460407650843195,0.00243825165827867,0.00209916794243908,0,0,0,0.00013734544539537,0.0227042699760962,0.00201162722065791,0,0,0,0.000692874491178994,0,0.000731688735462934,0,0,0,0.000235619281646137,0,0,0.00693929386284838,0.00241700567383085,0,0.000527178406152177,0,0.000179583098361021,0.00956078917234408,0.00162648267572497,0.00197276194335193,0.00802338640011475,0.00249956921213922,0.0231390702141799,0.000738911738806726,0.000311010262420966,0.000427951548664334,0,0,0,0.000176068051868498,0.000138957232533705
0,0.00499447154692868,0.000800410572003156,0,0,0.000253034808462867,0.000153820780587125,0.000153451833706195,0.000414452807385761,9.91946631856769e-05,1.5033531889621,0,0.0389409238351673,0.000837007786159619,0,0.000157868316767645,0.00818623295486545,0,4.5040723003144,0.000419581089033557,0.000243054461746694,0.0058502929078929,0.000951557602923929,0.000377000828969486,0.0239891411643435,1.24461966027231,0.046742712378683,0.000385960239520615,0.00153964118323832,0.000314161986386131,0.0552177917592203,0.000437903948790853,0,0.0409534737367629,8.08340139252144e-05,0.00183634050358645,0.0335519623734799,0.12270492922373,0.00556394518981887,0,0,0.0026390089021504,0.00029017201087921,0.00258682936377622,0.00142878015659223,0.000106619561798277,0,0,0.000527731831159353,0,0.005293240205362,0,0,0,0,3.54671842853367e-05,0,0,0,0.00207675777237441,0,0.00229449981206261,0,0,0,0,0.00183210180109088,0.0020300932375189,0,0,0,0,0,0.00453331351415107,0.00849604836087306,0.0109351364078593,0,0,0,0.00436775817688483,0,0,0.000143995813839393,1.6335800598186e-05
0.00440520608142979,0.102229826503731,0.0233850597545937,0,0,0.000218606838799899,0.00661062020634599,0.00261028151485974,0.00831817163190327,0.000240948041667281,1.65606142597553,0,0.0169000370797893,0.00473439655089122,0,0.00371324221911421,3.12393811653487,4.5040723003144,0,0.000328770231793245,0.00764380689337642,0.0334998871586918,0.0208147848884058,0.0026737074643279,0.0813311816726987,3.46210139812715,0.362833581705378,0.00401672895186669,0.00371833335597736,0.00422037920223242,0.0294327501589344,0.000489401465479569,0.00222708112039976,1.11651757269059,0.000203661788574955,0.0152301691147549,0.0595104228849272,0.288890954250683,0.0226445432394647,0.000497356679706129,0,0.000122541666363246,0.00188252561813705,0.01505019288023,0.0072174340134709,0.0013606120907402,0,0,0.00103900856053419,0,0.0204841205477289,0.000664738095538908,0,0,0,4.52785611094802e-05,0,0.000616897011141471,0,0.00121745343413934,0,0.00432576947934764,0,0,0.000479038521611708,0.0012434856251163,0.00391060565984254,0.00539902259611811,0,9.88104933126238e-05,0.00493658184972712,0.000347138736247641,0.000311191461617965,0.0209350869726154,0.0204878057716861,0.0413763422930725,0.000268749446348856,5.85812540400692e-05,4.95779215415777e-05,0.00286022520410463,0,0,0.000836910299134228,4.73124065562553e-05
0.0153629630176347,0,0.000428327882070138,14.3830662177511,0.000228609251336546,0.13164751226811,0.0170019342803904,0.159054451835392,0.753760625675294,3.86238823752384,0.00217956577666404,13.0845172990732,0.000123244519720741,0.0554859923081769,0.000597049569390738,0.000576474902943459,0,0.000419581089033557,0.000328770231793245,0,0.00100560314782611,0,0.000635225447173446,1.5075044060106,0,0.000460302681453375,8.58362178008101e-05,0.460037832099278,0.0453453540244639,0.000109294418664488,0.000581857350926539,0.00403571164592038,0.00110885301822575,0.0888185289108611,0,0.00866739736609982,0,0.0798483857909644,0.0173421981009286,0.00556508197689011,0.0133013103703028,0,0.0012048020139877,0,0.0010009720382405,0.00159272645495528,0.00551329714689742,0.000295500767936271,0,0,0,0.00038022988376055,0.389611966441533,0,0,0.000190960760776291,0.000197962940115259,0.0191792598398371,0.000147391921136712,0,0.0230828070071765,0,0.0001116752022019,0.000239687350136866,0,0,0,0,0.00127674756043459,0,0,0,0.00489709849051831,0,0.000154283058791688,3.7116778221023e-05,0.00118513039061419,0.000871445685553638,0,0.000165189156481699,0,0,0,0
0.0282500286338573,0.00232748671140928,0.159443763219338,0.000666346385576368,0,0.00170937679221104,0.109952864665842,0.028578758477052,0.00248132327482413,0.00348471875913457,0.000311895569618746,0,9.84071164995782e-05,0.0428800964787016,0.000986087728471081,0.73996984685759,0.281800120675478,0.000243054461746694,0.00764380689337642,0.00100560314782611,0,0.018952766861469,6.83529933846132,0.152513579350775,0.000210621029359002,0.021008094216792,0.0621837293161855,1.71990046624667,0.0669263596141033,2.30378208379516,0,0.000175704222256106,0.360043474989559,0.484861347727583,0.0084739650135271,0.367399163141306,0.0633004285615805,0.469833964903578,0.329051919465216,0.0125468812779277,0.00248881777531479,0,0.00840698195837388,0.00193425934515354,0.00227774416026803,0.00348293905635628,0.000421422014972953,0,0,0.000427057279063475,0.000301007709413291,0.000161647541263856,0,0,0,0.00119236654299272,0.000303387930158777,0.00500524984303585,0,6.06107980522155e-05,0,0,0.000566862545580832,0,0.0283764977458779,0.000228000420768228,0,0.000290587077094676,0,0.00124222257987004,0.0157085803359524,0.00195630185064551,0.0158187686498233,0.000209713302360825,0,0.00217142066098528,0.00512485854877196,0.000424108920753326,0.00498853456101922,0.000111678092595192,0,8.59275828068908e-05,0.000503301243016679,0.00287588025676782
0.00506534246632195,2.06565454691095,0.0322301157717581,0,0,0.000240969857955223,0.00238878801017852,0.00187404726632402,1.79590073786902,5.17904464708064e-05,0.028243922896801,0,0.0429873907997113,0.00267878570162916,0,2.86010496102023,0.027479917195159,0.0058502929078929,0.0334998871586918,0,0.018952766861469,0,0.0506454819057399,1.31187466833999,0.470920720540753,0.0481512474874046,1.06285577887253,0.0168557704115076,0.0043365118035523,0.0135422581427724,0.0288844506421189,0,0.00553169311823299,0.0436572988687382,0.00109385121871348,0.11276916615548,0.071332323762308,0.102179710713556,0.064307237447541,0.00396373677487886,0.00164370249671515,0.00722605201914847,0.0327712735398616,0.0197486008042248,0.00957390564817993,0.0118210651357981,0.00469350923275648,0,0.00115117945614479,0.00184768814782217,0.212947918376352,0.00394300369888672,0,0,5.11840133943595e-05,0.00152040430148457,0.000440532266043238,0.0886135272034752,0,0.00106569563122034,0,0.00201150878597328,0.00114305594991693,0,0.302806450900945,0.000628664699701392,0.000580962634454729,0.00128285138356951,0,0.00934820491418048,0.620162414000022,0.0226680278303416,0.0541207177431436,0.056401762998665,0.00348486269993788,0.0482039286418972,0.0120304786502372,0.00101843115375048,0.00895903465852527,0.00174444405672265,0,0,0.00086624095763882,0.000654828830337484
0.0153203301820944,0.0106571545576978,3.4030002415105,0.000674114751315496,0,0.00217114364379159,0.107904844733665,0.0252636057676189,0.00432759873961044,0.00299521969553065,0.000405758808161991,0.000194421452654061,0.000352515063281689,0.0304269282836545,0.00338305451596848,2.2196009908983,2.23844594520833,0.000951557602923929,0.0208147848884058,0.000635225447173446,6.83529933846132,0.0506454819057399,0,0.0852410640584897,0.000986696062275414,0.156529429718322,1.49996475988225,0.395958664223253,0.0144168333414878,0.353872352821893,0,0,0.00986615455972803,0.377371390609093,0.0348787362556997,0.83919902756894,0.29656984966662,0.689915146174147,0.481414327549915,0.0554650055353903,0.00324732643388036,0.000730400048006071,0.0270343525930313,0.017181516216877,0.00717594052225574,0.0133048193430615,0.00170830156761474,0,0,0.000288759612260416,0.00291532658466352,0.00292888100942875,0,0,0,0.00116765561820233,0.00020898141661341,0.00457332321444851,0,3.54709853579165e-05,2.35918605213917e-05,0,0.000142101156394837,0,0.10571573499821,0.000978803028444969,0,0,0,0.00677425584974046,0.0774005692156832,0.0297038727717565,0.0131015946618252,0.000806741000592246,0.000549992584999726,0.0370625250604494,0.00505571366187325,0.000677633404388041,0.00252664643576513,0,0,8.96809088917537e-05,0.00043023488239508,0.0110303796743141
0.0737818252538502,0.0337284921592045,0.0338993434611017,6.32574298872269,0,0.0741590054341279,0.356930347020886,0.146029420186906,5.29958921974223,0.213236988718436,0.00125887119486514,1.89438718325705,0.000778414285755504,0.0938300469618226,0.000788369960385752,2.18137055363264,0.0149915041286935,0.000377000828969486,0.0026737074643279,1.5075044060106,0.152513579350775,1.31187466833999,0.0852410640584897,0,0.00350654724631136,0.00946288935613732,0.121400066389544,3.68557880661071,0.122642153061292,0.160248521343586,0,0.00156329937341998,0.0626069929774548,0.120475955851562,0.00191949594035612,0.10173697798656,0.0123906251711091,0.144394040565879,0.0915836299260258,0.00896070260817903,0.00586492965426313,6.52968563935085e-05,0.0432396011663417,0.0062284569668926,0.0373436744292662,0.0595981521175151,0.00661392607998948,0.00662939901225311,0,0.00807334648864007,0.00107118256570184,0.000691444440184892,0.0516920990905497,0,0.000632657595983625,0.012023493305197,0.00301822829333785,0.128487181221829,0.000551693907568281,0.000996950221026754,0.00441242499787642,6.67680225732792e-05,0.0070055782129208,0.000310009779758292,0.111873499761938,0.000210187748188395,0.000324442842411247,0.000102609754872862,0.000814245138903275,0.00584006277045468,0.0789182638601086,0.0117146043794361,0.172564536180741,0.00175536612912182,0.000344063238019714,0.00376832713064727,0.0802684710393278,0.0242916861578401,0.0198345286859253,7.49148312445894e-05,0.00129479823872537,0.00567848112544323,0.00729982019373512,0.000557448582593224
0,2.07125737318987,0.000705974455102565,0,0,0.000258932598454784,0.000159535388816523,0.000240321155254485,0.0285167364687765,0.000255325283406421,0.893338269387076,0,1.94944281422004,0.000334472532990897,0,0.0126618330768141,0.00324974037329855,0.0239891411643435,0.0813311816726987,0,0.000210621029359002,0.470920720540753,0.000986696062275414,0.00350654724631136,0,0.141938298687441,0.827994130511455,0.000242211684335235,0.0014800692700797,0.000655516943165426,0.27689502598,0.000815602336200923,0.000898267178280898,0.0563577776369633,0,0.00826045453827247,0.749993183371019,0.306958802937293,0.0270558639797281,0,0.00044471323548767,1.06709270219956,0.00477137060379225,0.0552353157565099,0.0251166397372233,0.00216276815081778,0,0.000201122719323727,0.000695824722341976,0,0.112806078776167,0.00144729003618243,0,0,7.28754726162396e-05,0.000212130747696708,0,0.00262529355668119,0,0.0202382632697834,0,0.040524419468967,0,0,0.00266184327399882,0.000152504907816138,0.0194442953584037,0.0181104428327907,0,0.000491857466273607,0.0430093297420715,0.00084607887343476,0.000313152885542969,0.297761152405275,0.0655001046442876,0.115023714406617,0.000173167242797704,0.000159958875213133,0.000157288360290917,0.0509679136834325,0,0,0.00366257817696883,0
0.00696613903226939,0.122722106500644,1.65441423337498,0.000336853265810042,3.71571817415883e-05,0.0017194195460007,0.0246230218783629,0.0110294275929366,0.00847453449140326,0.00139014649404409,1.39143903331922,0.000131776740058052,0.313401829701176,0.0129587483641388,0,0.0115120940054576,0.975108969149334,1.24461966027231,3.46210139812715,0.000460302681453375,0.021008094216792,0.0481512474874046,0.156529429718322,0.00946288935613732,0.141938298687441,0,2.6495400451452,0.025672948634126,0.00864954588456533,0.0165690639533059,0.656907967584974,0.000647957263991334,0.00078530406858253,0.404278386575425,0.000995563848024044,0.0508425341892766,0.250720666432836,0.666400497603802,0.045522557439176,4.19149303289576e-05,0.000719348482545945,0.00468318833968332,0.0055114572414191,0.0339162703451786,0.012018420094333,0.00239549232181321,5.17898846817758e-05,3.7170827021202e-05,0.000428312399876297,6.05221709508198e-05,0.021658753349199,0.000451472169934099,0,0,0,0.00027038745144743,4.08885575563221e-05,0.000950092572024708,0.000119684952899549,0.0113171826250817,5.70420205936795e-05,0.0145717404931705,8.07344430067816e-05,0,0.00201516898795369,0.00106182031421266,0.00524354952348781,0.0144968330007328,0,0.000219768320370173,0.0065041044939734,0.001053186486026,0.000611689306584076,0.0344401201943576,0.0703243484312191,0.151699136430822,0.000323343927695715,0.000337275101586305,0.00052324764397394,0.00967491493072418,5.06381066609496e-05,0,0.00165867419920908,0.000443797580405543
0.00758428491150515,1.58935284775039,1.47319951275934,8.98032821489312e-05,3.05109573546373e-05,0.000715489771862382,0.0179458689494923,0.00883259621954224,0.0787179426309656,0.000567059140858611,0.20953780946611,8.32281742527956e-05,0.403280421199836,0.0107205287945527,0.00139707730898459,0.614115466681466,0.495828068784875,0.046742712378683,0.362833581705378,8.58362178008101e-05,0.0621837293161855,1.06285577887253,1.49996475988225,0.121400066389544,0.827994130511455,2.6495400451452,0,0.107663219986487,0.00573110858669516,0.0213406848579098,0.484207675612055,0.000112445964180961,0.00140921748623276,0.62116790698908,0.016470783859275,0.333567824181638,0.244610255320212,0.850523500452069,0.159478844543029,0.00700028489761407,0.000687149286157486,0.00383099310725718,0.0423192734348864,0.0655689162336208,0.0333737988237169,0.0182204863804193,0.00155896321609589,0.000132591929089636,0.00119540549639949,0.000255485284003806,0.107070150930459,0.0196685843402304,0,0,0,0.00142051104809265,2.71838516333273e-05,0.00352298197648566,4.98282773807805e-05,0.00577316247738516,2.15277598960943e-05,0.00835611483430643,0.000316579818541753,0.000151840528545763,0.0732205095431868,0.0090831749727702,0.00365970674479079,0.0148588875029555,2.16837171458069e-05,0.00244362462638581,0.0911705384193372,0.0484678273531089,0.00857409466680216,0.0539897092062063,0.0941517731828692,0.422965160453009,0.00408124957013289,0.00073922220124128,0.00144558295778591,0.00536715279806989,6.59470588542331e-05,0.000109954147034062,0.00554997072426676,0.00727523204997571
0.0795392869497019,0.00172261322499436,0.149921501269084,2.85803434274236,0,0.0174216963321922,3.96313360433545,0.132871283599827,0.149880820407529,2.39610440868372,0.00148367091904583,0.0135140245391247,0.000340619132094488,0.110050848827339,0.00092260431415217,0.401337154859672,0.0559710433456716,0.000385960239520615,0.00401672895186669,0.460037832099278,1.71990046624667,0.0168557704115076,0.395958664223253,3.68557880661071,0.000242211684335235,0.025672948634126,0.107663219986487,0,0.148649953142185,2.57046938329914,0.000196941844750725,0.00117478448559603,0.0890058604984836,0.249065912886855,0.00526547266797463,0.167895286092791,0.0204083060115596,0.255060289905345,0.142367542421963,0.0104796517221574,0.00443533241874447,0.000117064148932568,0.0191301473986937,0.00263642692496726,0.0204406385615178,0.0320240331144262,0.00241381553751318,0.0022001403176788,0,0.00462894201983506,0.000382454378157511,0.000414694749186526,0.00937263258160859,0,0.000165401927767989,0.00546870411552035,0.0010479310069431,0.0236385913093464,0.000241897237283815,0.000163935367450097,0.00132616575400695,0.000143546634495249,0.00415407479855175,5.10138371986706e-05,0.0269171819246053,0.000135787126843941,4.35307760482443e-05,4.91192401369991e-05,0.000169644665865947,0.00169171035871196,0.0130289259707245,0.00521653095210794,0.0531079352487427,3.69986719829822e-05,0.000281922204065269,0.00277937431774271,0.0489945743914252,0.0133465959264797,0.00991417621724587,5.27908836084768e-05,0.000479129936545294,0.00430733553231969,0.00445077081421836,0.00183651898676503
1.79792234835265,0.000309266820263422,0.00962088688679401,0.0113947575555506,0.0523143535030114,0.217194169751342,0.271436556680594,0.216987795660395,0.0517273151442104,0.0988217505451158,0.0164661005309761,0.0138419192678246,0.00259275167109093,2.72712458681316,0.000511664575060747,0.0112207312965386,0.0455149240696329,0.00153964118323832,0.00371833335597736,0.0453453540244639,0.0669263596141033,0.0043365118035523,0.0144168333414878,0.122642153061292,0.0014800692700797,0.00864954588456533,0.00573110858669516,0.148649953142185,0,2.12916332056656,0.000353793151670487,1.29462894683261,3.26255457931541,2.3176178416715,0.000336131673054989,0.0288787236914504,0.00367459291304448,0.253964249146607,0.0384626410542526,0.00438804984278508,0.237300923601983,0.00020445716223191,0.00237705476331278,0.000875805841987481,0.00426181940734297,0.0047066540648589,0.00070839460217061,0.000372473639128998,0,0.00339443484496102,0.000172716015606869,4.10134606710711e-05,0.000131081159882794,0,0.000115902175561983,0.00448857857587723,0.000505041062446912,0.0214052698495372,8.14230475519829e-05,0.000399725888784304,0.00148514434204757,0.000238733340222584,0.00287958777085422,0,0.00312985481825472,0.000205677854887891,0.00014738689577891,0,0.000348765221005797,0.000428551257264622,0.000962195516827698,0.000526237200551432,0.0310414861511171,6.47207429406394e-05,0.000250183427659862,0.000897383881130857,0.0270851195255948,0.00529215872407518,0.00405039907533543,0.000161907278093714,0,0.0010139536035271,0.00173682229767745,0
1.01916661219897,0.00102623266677781,0.089505198179491,0.00143464892555113,0,0.0033255947974362,2.02523583220973,0.084661718878604,0.0630628295476849,0.00294168018666547,0.000400158911982469,0.000209084986199519,0.000262171498778378,0.242216960202124,0.000353347496748674,0.0662076345003367,0.11916434942639,0.000314161986386131,0.00422037920223242,0.000109294418664488,2.30378208379516,0.0135422581427724,0.353872352821893,0.160248521343586,0.000655516943165426,0.0165690639533059,0.0213406848579098,2.57046938329914,2.12916332056656,0,6.35664858252569e-05,0.000881401196617745,0.510615158775258,0.783307263914042,0.00210822739620719,0.064060927044067,0.0131053607670339,0.171831079788443,0.0886781223878595,0.0039253519033967,0.00252223372692644,0,0.00872030605271904,0.000855480999728905,0.00748316761034925,0.012124387084165,0,0.00162943551859054,0,0.00243806719942768,0,0,0,0,3.57207367125169e-05,0.00169156868741801,0.00029746569578732,0.0106530876807429,0.000197252991610875,0.000129015025093154,0.000152415559533021,6.00012027724903e-05,0.00104975971507792,0,0.00952809330440321,0,0,0,0.000273280869658665,0.00104857457876741,0.00410612255420495,0.0005904685487211,0.0231486439471657,0,0.000159601685028424,0.00156463347921653,0.018880652246778,0.00470615134254344,0.00367775098532257,0,0,0.0019344607817104,0.00152320701875503,0.000240981770354855
0.000212298051095903,0.0601811751006336,0.000179773804571305,0,0,7.17232937944515e-05,5.8571377495098e-05,0.000208315855483178,0.00474150262516147,0.000138835058317006,0.880149692190414,0,2.36956900443517,0.00042551968382229,0,0.000147026078564378,0.000301917148131807,0.0552177917592203,0.0294327501589344,0.000581857350926539,0,0.0288844506421189,0,0,0.27689502598,0.656907967584974,0.484207675612055,0.000196941844750725,0.000353793151670487,6.35664858252569e-05,0,0.000489565809796358,0,0.0157125180861285,0,0.000884754286032713,0.0697598109017705,0.0812112774886647,0.00531670129011846,0,0,0.0216442003933312,0.000786632947325977,0.010963362933305,0.00321607293356111,0.000423907405906566,0,0,0.00238171019383471,0,0.00635944882421678,0,0,0,0,0,0,0,0,0.00624053803346077,0,0.0097732653613299,0,0,0,0,0.00743186100521231,0.0070532713861394,0.000415806799191291,0,0.00346407281581649,8.42447596667763e-05,0.000211897934534981,0.047689048038536,0.0175133654309835,0.0228472884022559,0.000129173877140773,0.000113261632693303,0,0.0188779654419837,0,0,0.000358533159763099,0
