0,0.00103273812042479,0.0348158221383401,0.000908418068307321,0.000100955385988324,0.00522042020375614,0.848331732275302,0.144843333058371,0.00790933669697957,0.0143194216289348,0.000225014901066465,0.0006733462816317,0.000603310334565716,2.64717098428032,0.00052470747894505,0.00173715880137863,0.0320075112091159,0.000603969692528707,0.00471514440738805,0.00305182143080215,0.00718392130671748,0.0021471702612647,0.0170194605576681,0.00789154463838034,0,0.0162740931232288,0.00222904507687984,0.0220743284236807,1.03768671352344,0.198016014672002,0,0.00423690539764535,0.0036131622884203,0.0137898954677128,7.63617885928951e-05,0.00338681421222988,0.000853565074404153,0.0143530211535755,0.00158214875935955,0.00162722742655974,0.000436158445912512,0.000407348056479684,0.000749626498229442,0.000243329775789683,0.000332855238113688,0,0.000133465312275521,0,0,0,0.000326084218012515,0,0,0,0,0.000273503933933609,0,0.000858569741374188,9.86953493750751e-05,0,0,0,0.000243726909063392,0,0.000485223848144586,0,0,0,0,0,0.00199112827097603,7.06441974628897e-05,0.000766561138420794,0,0.000203155278897631,0.00034445492696468,0.000699787200680587,0.000149403126219749,4.53471469809767e-05,0,0,0,0.000526722378944953,3.04067939994527e-05
0.00103273812042479,0,0.566526561276305,0.000128441786237768,0,0.000276399230351059,0.00954322943585786,0.00181777852020178,0.355123714944975,0.000428320789730266,0.00390942856528783,0.000392457595708585,0.0275403626039674,0.00314757379537997,0,0.0981086994075437,0.0711206655002927,0.00253435045590369,0.0346765237172679,0,0.00312159844072721,1.91738738521504,0.00933053914811799,0.0368188502145851,1.68854658028951,0.145207529538389,1.26167697397337,0.0134479752707788,0.00347131477510998,0.0144699674885593,0.005439033723867,0.000122143677795846,0.00389851475210569,0.00856945095209047,0.00053538295415269,0.0657076862843177,0.107789848753881,0.066223301061947,0.0316722613322453,0.0077332810838421,0,0,0.0388893176515924,0.0398872086120132,0.0871118030655387,0.0232176433524269,0.00080026401540154,0.000398471196776044,0.000788591868904662,0.000839939080344583,1.08393241803343,0.0789610177957959,0,0,0,0.00153098132548995,0.000527424124830769,0.000415997028766588,0,0.00382051627525003,0,0.000581456811157097,0.00108533727008227,0,0.00305170699518147,0.123578148747226,0.00323022806294143,0.0152275939780842,0,0.00167115840904208,0.0727623507509065,0.00911068709569972,0.00134419480592063,0.483363297724315,0.101165613975562,0.211375819010609,0.000779107747713677,0.000258139078631636,0.00190269873638757,0.000255308500819229,0,0,0.0427773894124569,0.000376826940497382
0.0348158221383401,0.566526561276305,0,0.000247527680982047,0.000366715313452419,0.0066220208255623,0.139517079322817,0.0425396015390188,0.00398602910554951,0.00416215416432067,0.00507034416182528,0.00044198578945192,0.0243940782353406,0.083050402848111,0.000442416744020372,0.026265319129711,0.879538285734691,0.0015341868238851,0.0379624977887134,6.31720325203755e-05,0.182549124552464,0.0101476445592798,2.25404566702367,0.014043779986317,0.00213659263371138,1.65902161128302,1.44519251932879,0.135650957292421,0.0451119708975963,0.255004263495228,0.00171284628832513,0.00195867815165729,0.0165043555603978,0.0268352419417126,0.00318371620641721,0.167399625973094,0.21843285658898,0.271659623898678,0.069645484677934,0.00474759687744686,0.0024947295624806,0.000426947085510609,0.0186685721844824,0.00913772521501313,0.0202199888911243,0.00536594235560818,0.000667929910491737,0.000188323766295313,0,0.000469114106592653,0.0752080082692009,0.0470563703078158,0,0,0.000194258542772297,0.00103001447842843,0.000172034055349432,0.000998585594520084,6.56298661659838e-05,0.000364019518577664,0.000104791589091485,0,0.00013704248828711,0,0.00298824930659292,0.0141613981968843,6.02779828601436e-05,0.00161803315019806,0,0.000398927038409726,0.0145299773146961,0.011290134466969,0.00134406626591084,0.00232087662383634,0.00974043719498131,0.101294742038439,0.00133960594763268,0.000273632926314634,8.62051742415802e-05,0,0,0,0.00858485536652173,0.00198392254593996
0.000908418068307321,0.000128441786237768,0.000247527680982047,0,0.000944588389911377,0.0157918210901172,0.0118553685256215,0.00388795796763315,0.174394780707297,0.998387240891705,0,0.888673505368103,0.000378524939748043,0.00458218973541171,0.002428092145757,9.14035323840712e-05,0.000115202519028819,0,0.000101243573531333,11.7313329388738,7.09854033949658e-05,0.000299736253945877,0.00039583632505619,5.01980402385184,0.000135437263995564,0.000313019559809507,9.50629202129318e-05,1.47139082450774,0.0125344023698234,5.94574696142743e-05,0,0.00221849489379621,0.00377006243322542,0.00682169727994401,0.000132640485067966,0.0111669645240008,0.00173890158667905,0.0113729466803203,0.00710028858127591,0.00798543866758565,0.00151999560223093,0,0.0028817034189587,0,0.00132861982811338,0.00135450405855033,0.0117404865940919,0,0,0,0,4.85624038450247e-05,2.98942038471883,0,0.00772176785506783,0.00096185805708242,0.00155785309722625,0.0328741374599828,0.0481708082832046,8.04805974116379e-05,0.792597188039806,0.000253432942527346,0.000446203237287238,0.00134001050180623,0.000285197229404614,0,0,0,1.57405553942794,0,0,0.000102784334752412,0.0178017838823112,0.000160101326635938,0,5.24754254748972e-05,0.00993757467591231,0.00169303001286001,0,0,0,0,0.00119655660862185,7.29521697605167e-05
0.000100955385988324,0,0.000366715313452419,0.000944588389911377,0,1.91147154581754,0.000931731708985527,0.16987734421047,0.0154745410457601,0.00412263876940905,0.3733131412584,0.0112198573930464,0.0394979562000258,0.0937072474168275,0.556236985852584,0.000683754033726003,0,0,0.00060523416589171,0.00313992702841347,0.000299165912611132,0.000573733352025277,0.000771899198670986,0.00158348018280883,0.0128181877770197,0.000633397403402574,0.000503881730042886,0.00228974896285703,0.0497752262485429,0.000115458572078884,0.000446074523149122,2.73128054279073,0,0.636255738247609,0.000229995538441295,0.0294735055636615,0.0101916519571535,0.259659609754782,0.169034225501041,5.96341366040587,6.76915213416742,0.0162297300231,0.000994703858075624,0.000512034249410356,0.000707568125623281,0.00062227623049638,0.000410620818355346,0,0.00135429802640972,0.000181400763691124,0,0.000127562151396591,0.000105274331831003,0,0,0.000303871968977952,0,0.000941783097297534,0.000129679254764804,0.00123902747184977,0.000149262275438745,0.00191335741980827,0,0.0001788326804639,0.000228064477877411,0,0,0,0,0,0,0,0.000205090246789566,0.00197233954113757,7.64434297442608e-05,0,8.75016825317397e-05,0,0,0,0,0,0,4.0818230992978e-05
0.00522042020375614,0.000276399230351059,0.0066220208255623,0.0157918210901172,1.91147154581754,0,0.136475363124439,1.89013276318078,0.0381707978245936,1.75891838074655,0.00239458176425726,1.34763969634364,0.00518638801218366,0.219493581723273,1.81813655892128,0.000535013495113165,0.00141895689218237,0.000263812931348747,0.000438547020385172,0.112478237784929,0.00117773033116004,0.00119063542490524,0.00150662708724563,0.0653043042594565,0.00101064379919945,0.00120054761843915,0.00125744474565595,0.148559073912184,0.0638648281391882,0.00207022594546374,6.95902390195897e-05,0.584019431128855,0.00285773729866277,0.0337810010923447,0.172581449081794,0.0343972219611365,0.00348187859292828,0.0558958812346545,0.0214291633188197,0.745200717989089,0.114971695271858,0.00153296912258225,0.000937117317607874,0,0.000632894369258542,0.00034298841118324,0.00173483187695679,0,0.00028331700537125,0.000172483754089088,4.93632255910842e-05,0.000101639290826414,0.00102384645888639,0,0.000722926470737668,0.00204163866464644,0.000568451284219847,0.00399837948221056,0.00152166415327794,0.000326736631969891,0.00153754110105103,0.00116899317751178,0.000199751492546713,0.000311091272363438,0,0,0,0,0.000551764172957908,0,0.000457676517824787,0,0.0042391082450897,0.000160572767306367,8.54048216317564e-05,0.000134472920402149,0.00390981988226129,0.000451234681688697,0.000143258082593715,0,0,0,0.000628025518888557,0.000433138756906575
0.848331732275302,0.00954322943585786,0.139517079322817,0.0118553685256215,0.000931731708985527,0.136475363124439,0,0.257163275114284,0.111109940229432,1.69467562151029,0.000600005138467946,0.0066321266642492,0.00348307469253049,0.980497994731035,0.00580699492147108,0.0127114074059124,0.0163820151549456,0.000172970560308355,0.000977223360592631,0.00843969266776002,0.0347907735570794,0.013037393896871,0.0539321723699032,0.354761569428247,0.000480580088036101,0.0199366813817469,0.0169357599742528,3.83763549018183,0.324544411527935,2.07695425869499,0.000116732054726254,0.0130523190029599,0.0150391298438843,0.0420529421345667,0.00124187022110261,0.0520558677083931,0.00955283551961405,0.0826954066691195,0.0273410823798265,0.0180750709861941,0.002802367633949,0.000336825684429302,0.00295415450738014,0.000247562600838156,0.00134192031967301,0.000897405216831239,0.00223944985448827,0.000158791699013529,0,0.00044643816618778,0.000206831159576387,0.000296276725475166,0.000654390272887253,0,0.00080951710810482,0.00480722210226393,0.00142686991962468,0.00447950473198907,0.0017822895810956,0.000194976054699528,0.00101811596113087,0.00012368617671075,0.000728999854012829,0.000157605300588209,0.00256236502627571,0,0,4.74997904349305e-05,0.000763139807635789,0.000192852382580233,0.00582572194075857,0.000537192870782945,0.00836247018362125,3.77651862902267e-05,8.54412156449727e-05,0.00151340752857611,0.010905303544519,0.00123320130772234,0.000621598405136612,0,4.67031325335158e-05,0.000234126477202032,0.00136534283338887,0.000561298475633229
0.144843333058371,0.00181777852020178,0.0425396015390188,0.00388795796763315,0.16987734421047,1.89013276318078,0.257163275114284,0,0.0173529591194676,0.635836225590945,0.00179877085433835,0.0425930737323281,0.00549937066594025,2.56445558894963,0.0627643912005689,0.00136200993493407,0.0284460470261296,8.00967163496046e-05,0.00343160313678174,0.0236326509184928,0.00651324679174115,0.0025971123457449,0.020578684398035,0.0272156954159032,0.000768946961579883,0.0215051296233024,0.00376536811626614,0.056738597643501,0.154770575398678,0.0315943971508323,0.000128882648715357,0.91576725530922,0.00211693774852791,0.0284791697170171,0.000477412477435932,0.0287068397026977,0.00328410968608493,0.0859415894326877,0.0305119724773728,0.195051053101827,0.0422812894663927,0.00235527530955432,0.00108622365543205,9.05783915118846e-05,0.000191677528805856,3.71576612058283e-05,0.000746911436658842,0,0,0,5.76089302770266e-05,0.000205807279471534,0.000175376230051247,0,0.000153457796584329,0.00144208843185379,0.00014659480294268,0.0012119546424608,0.000366473442989981,0.000394910225026096,0.000314744872174232,5.09736540025398e-05,0.000449049860672267,0,0.00048100087399743,0.000103321375233595,0,0,0.00046926013411587,0.000118665584119233,0.00100856300692496,0.000159660924888312,0.00208570630049203,0.00017668136904989,0,0.000534645397273449,0.00236852345444769,0.000235229183304811,7.020436762665e-05,0,0,0.000154479412743205,0.000163773888599797,8.54705986621295e-05
0.00790933669697957,0.355123714944975,0.00398602910554951,0.174394780707297,0.0154745410457601,0.0381707978245936,0.111109940229432,0.0173529591194676,0,0.0369288470346777,0.000226155879525738,2.18674204750263,0.00325786418568294,0.0229154391447948,0.628663449604783,0.0225402912583041,0.00351098893490389,0,0.00195549266399876,0.511541163181607,0.00227020217887557,2.63713923355934,0.00374451803419434,6.02016881244372,0.0494011504181893,0.00174963022927174,0.0574805497971256,0.233447856362004,0.0349484233644465,0.0394583732709215,0.00119665020193709,0.00631224531012278,0.0366575989650745,0.0181887401824777,0.000730010650123942,0.660005895559821,0.00995843365229466,0.0415117542638989,0.0243894001161324,1.65725515964252,0.0057641693330904,0.000807800674421662,0.0640557230695616,0.00201796444250224,0.0162786519259058,0.0117708530303985,0.137121198714398,0.000250200408471499,0,0.0102000708691977,0.004146252241353,0.00182679184348758,0.0377862752175303,0,0.0149986869485704,0.0587969420384134,0.0225932415201888,0.836091717103749,0.0396005700263436,0.000921040146553542,0.0683334843248232,0.00025248676182882,0.0100251481154714,0.0196070109585283,0.00641656781770695,0.00090820277410409,0,0.000350652762829834,0.036135191798404,0.000582402172073299,0.0383999316161028,0.00128380715277089,0.211429076071029,0.00422386933666878,0.000819446450608072,0.00273310411862419,0.117887401550094,0.0145037751133366,0.00504898205532187,8.49860028689919e-05,0.000642028021449192,0.00185081407711938,0.0154151846185946,0.000493778305781847
0.0143194216289348,0.000428320789730266,0.00416215416432067,0.998387240891705,0.00412263876940905,1.75891838074655,1.69467562151029,0.635836225590945,0.0369288470346777,0,0.00155386653069134,1.75972380491987,0.00769430890017628,0.264980830907247,0.0235799350912139,0.000339053955736279,0.00199535813417487,0,0.000170557017733094,2.94843780933063,0.00110730957912045,0.00119478014117055,0.00223844201459933,0.116892420103518,0.000881360573638112,0.00184076097649271,0.00193439704178925,0.905793708532789,0.121804531512779,0.00225119010439117,0.000100093996010468,0.0336128504803748,0.00450188592999904,0.0863403401664874,0.00093722513451467,0.109635279928773,0.00977824359507109,0.112545537681387,0.0427674503509279,0.0590271944720481,0.00811722140322982,0.00161334849211118,0.00110868036246379,5.28079579684228e-05,0.000806068350770343,3.10172064872109e-05,0.00362466872928125,0,0.000214685690790905,0.000147888346759092,6.24393979798271e-05,2.67025598200228e-05,0.00169253757831327,0,0.000840251128672435,0.00164914529907316,0.000946183174502638,0.00696650095622552,0.0022732941468507,0.000466904334446479,0.00340054531743822,0.000306020993206854,0.000176590750902918,0.00062992397544924,0,0,0,7.74784211897755e-05,0.00186752731761129,0,0.000103822534069649,9.61229960395188e-05,0.00563914685108656,0.000179581337606585,0,9.72327022897167e-05,0.00211702705669187,0.000264516684092614,0.00019469766843434,0,0.000129187448843228,0,0.000208651902578921,0.000294056570910611
0.000225014901066465,0.00390942856528783,0.00507034416182528,0,0.3733131412584,0.00239458176425726,0.000600005138467946,0.00179877085433835,0.000226155879525738,0.00155386653069134,0,0.00284440962360877,2.78610770962938,0.00858418235106076,0.000754473905176297,0.000151554079275623,0.0153365646060718,1.87165263599619,0.278189749239167,0.000997283397483794,0.000348853627397928,0.000614577268388398,0.00114695197590156,0.000376449481609459,0.454288154622082,0.479578502791382,0.0789061570876993,0.000839779537403292,0.0576552529071639,0.00200735702388056,0.128360432682976,0.114906672857925,0.000968103515590664,0.601620150452154,0.000453976435241053,0.0322082791148239,0.41130392009427,0.505879763099826,0.0211814514611894,0.00997164238483119,0.0680295441821783,0.229567454853357,0.00111543880955134,0.000864542436990216,0.000280072894807406,5.83844936965132e-05,0,0,0,0,0.000784527319968552,0,0,0,0,0.000112512025352756,0,0.000359736780529592,0,0.000788069057433734,0,0.0379713599002107,0,0,0,0.000180156782066204,0.0010898169367162,0.000419491271442918,0,0,0,0,0,0.123106821729413,0.00244090561028373,0.00355665433191048,0,0,0,0.00169754386488569,0,0,9.61860040124031e-05,0.000177425527239224
0.0006733462816317,0.000392457595708585,0.00044198578945192,0.888673505368103,0.0112198573930464,1.34763969634364,0.0066321266642492,0.0425930737323281,2.18674204750263,1.75972380491987,0.00284440962360877,0,0.00686200700210797,0.0608477090618161,1.11397737520476,5.25461287250112e-05,0.000552405994979792,7.09547979385701e-05,0.000231634656419405,5.84324142615739,5.52992544577309e-05,0.000488812276239951,0.000117036197223701,1.47933983045936,0.00180708088470336,0.00162238100275058,0.000808021358398965,0.0525212726688502,0.0613393966318716,0.000588467544995832,0.00021173932699273,0.0474951774779506,0.000807344657770134,0.0479882467915666,0.211432294842136,0.0749971871454567,0.00558081276888788,0.0867450201294335,0.0314041988418089,0.580340666508731,0.00911515681051606,0.0017631390662841,0.00402856889216606,5.87475845190491e-05,0.000195029978943299,0.000131609000846905,0.008982737812332,0,0.000371938571172639,0,0,0,0.0250250182153225,0,0.00582512682982553,0.000109788442935499,0.000773025483456466,0.0128865611635402,0.0122441782326642,0.000759989802892254,1.14345974474765,0.000877195810998456,0.000421652537363708,0.000609060427680083,0,0,0,0,0.354706451536209,0,0.000498434167799896,0,0.010983754078604,0.000422301161556253,0,0,0.00152239013682878,0.00111045292000223,0,0,0,0,0.000712248093460476,0.00108094023904228
0.000603310334565716,0.0275403626039674,0.0243940782353406,0.000378524939748043,0.0394979562000258,0.00518638801218366,0.00348307469253049,0.00549937066594025,0.00325786418568294,0.00769430890017628,2.78610770962938,0.00686200700210797,0,0.0182174344056826,0.00182696934070916,0.00626855326911203,0.00533163912536907,0.08525215275341,0.0139639777871716,0.00622202704337911,0.00405705718456437,0.00538311379657832,0.0105756310977381,0.00240876488808612,4.56697046456878,0.430703012814576,0.709938512702351,0.00515346235893287,0.0288001211513549,0.00340356561378655,2.44782166223544,0.0961242186357116,0.00231388484495792,0.250342246723463,0.00199970067797236,0.731406273007603,0.775463445957184,1.18478903253635,0.541699767479221,0.041572811146684,0.0605377120582593,1.49931145976454,0.0797379596564216,0.00718584511947414,0.0144553051464966,0.00939292806166623,0.0024996256260273,0.000306223892858424,0.00672984339395366,0,0.00274061137095997,0.000131694962967594,0,0,0,0.000487020138617351,0.000171656308585759,0.000235610960185749,6.69671018675806e-05,0.023937404556401,0,3.55279287113882,0.000159439536838969,0,0,0.000674104191346989,0.0121224820388883,0.00126522906770976,0,3.53163456197174e-05,0.000937123427800252,0.000153037324315855,0.000316077521947404,1.17846453791945,0.012835607258479,0.0428673919527078,0.000442263429492972,0.000701086904349667,0,1.29880504411622,0.00031414190946252,0,0.00355427877231526,0.00120802282895453
2.64717098428032,0.00314757379537997,0.083050402848111,0.00458218973541171,0.0937072474168275,0.219493581723273,0.980497994731035,2.56445558894963,0.0229154391447948,0.264980830907247,0.00858418235106076,0.0608477090618161,0.0182174344056826,0,0.0235738724988322,0.00537183613138888,0.0768814725800762,0.000428208031371206,0.00902075347612417,0.0415901266593807,0.0167211021460385,0.00477417813402021,0.0454307778162975,0.0288721895982299,0.00383949441407835,0.0487522310159224,0.00950252348670599,0.0736361535891835,3.23563724916973,0.156718643700294,0.000174337415066068,0.479788206563329,0.00606269848422319,0.138139349631068,0.000178619334443144,0.0682546230381774,0.0145586377181643,0.193747983203485,0.060197658025143,0.18728799739475,0.0335123480314838,0.00465351870620676,0.00129213766578107,0.000184495531059868,0.00117671382029074,0.00125255192282884,0.000224416465196091,0.000178359576454132,0.000422211304362874,0.00041096370348645,0.000176269024688977,0.000381015809752969,0.000116982732382323,0,0.000117952916478866,0.00140539945581349,0.000702041090831119,0.00141496901042247,0.000285729654172816,0.00147665439631011,0.000481647940808021,0.00122388871553453,0.000391821452050325,0,0.00178556793936629,0.000137246854509937,0,0,0.000436130637028609,0,0.00176909669928768,3.75703791452538e-05,0.00257861831119757,0.000962726986274002,0.000103503936659572,0.000753159133547363,0.00316063901231408,4.53838023601873e-05,0.00018175008289841,0,0,0.000206090686695313,0.00088856748493735,0.000136654952675164
0.00052470747894505,0,0.000442416744020372,0.002428092145757,0.556236985852584,1.81813655892128,0.00580699492147108,0.0627643912005689,0.628663449604783,0.0235799350912139,0.000754473905176297,1.11397737520476,0.00182696934070916,0.0235738724988322,0,0,0,0,0,0.0255384665607132,0,0.000431096907441229,3.05966903059842e-05,0.0176708843221638,0.00091069766884355,0.000197184829641778,0.000375456254962135,0.00493483559886348,0.00819020451361096,0,0,0.0410585085632507,0.000476841358642122,0.0035808780184043,0.0964066737240174,0.0372380309618063,0.000775525026603555,0.00948069995487055,0.00536117738533634,3.77731221051146,0.148245047193896,0.000724673094044077,0.00250752121888096,0.00031510818272986,0.000124487459775457,0.00160527033265991,0.00408309921401571,0,0.000266042520013762,0,0,0,9.90305047394819e-05,0.000716322534784208,0.000384152221123509,0.000160953853532583,0.000216308013548604,0.00882144008241556,0.000838628955674817,0.000240015002352587,0.001505332737863,0.000818114671954482,0,0.000549699759447235,0.000174126373001873,0,0,0,0.000869026550649436,0,0,0,0.00196495906831856,0,0,5.23376978658428e-05,0.000399672703247032,0,0,0,0,0,0.000153273840133479,0.00406644241753963
0.00173715880137863,0.0981086994075437,0.026265319129711,9.14035323840712e-05,0.000683754033726003,0.000535013495113165,0.0127114074059124,0.00136200993493407,0.0225402912583041,0.000339053955736279,0.000151554079275623,5.25461287250112e-05,0.00626855326911203,0.00537183613138888,0,0,0.0218551312941079,0,0.00323145917166726,0.000134394655377817,1.24941860102855,2.00393624645386,1.7818146176041,0.820624236895947,0.00731992204723616,0.00452444861947457,1.40579521987352,0.268735846625958,0.0252174781509117,0.147863819446288,0,0.00228998640692742,0.0392041282672797,0.0447285054285194,0.0105020512172683,0.54510555489311,0.244948521518457,0.276280154505924,0.15510016515509,0.0623872571803494,0.00613282705786834,0.00115274810208027,0.0251493253742421,0.0246374183079205,0.00828289375529012,0.00888760700113772,0.003336908401276,0.000340082027730948,0.000138646023016964,0.0058138379909941,0.0077821892003818,0.0019727342460592,0,0,0.000436543715934372,0.0063478791707316,0.00235213864103507,0.0129296027642713,0.000784626828783485,0.000228638412302272,0.000328154740537028,9.10509566492985e-05,0.00277819771332119,0,0.54920455916927,0.000274779459474305,0,0,0.000409968864190757,0.0053286045423937,1.23828842854016,0.0744794980737064,0.0848813739844162,0.00118484116615183,0.000297028322796636,0.0519940127742327,0.0356516113189727,0.00299631871674485,0.00371670513740616,0,0,0.000486771633354019,0.0059700554930946,0.00419098685949583
0.0320075112091159,0.0711206655002927,0.879538285734691,0.000115202519028819,0,0.00141895689218237,0.0163820151549456,0.0284460470261296,0.00351098893490389,0.00199535813417487,0.0153365646060718,0.000552405994979792,0.00533163912536907,0.0768814725800762,0,0.0218551312941079,0,0.0224537229048854,2.86965651611128,0.000504326948714606,0.1652258068922,0.0137209901071331,2.00377642992681,0.00984978637636985,0.00248863384760464,0.761095231323782,0.461942464604292,0.0237659480562058,0.37384616642403,0.266443808035021,0.000733018826990584,0.00331999369740357,0.146422593884074,0.527815577036076,0.000404915321734717,0.0188078099490145,0.430863140282972,0.340023332950933,0.0145392554751869,0.00214755471821773,0.000636431497392852,0,0.00441103514519332,0.00336461498195338,0.00597833158046964,0.00274358518266888,0,0.000183114836078552,0,0,0.0260846491817525,0.00721069447166401,0,0,6.37605953936185e-05,7.22632979746488e-05,0,0,0,0,0,0,0.000323265352813318,0,0.00181651609062592,0.0066363543865931,0,0.00101426958281081,0,0.000517046304215733,0.00342675220645303,0.0017050390902367,0.000349383542095767,0.00201276932865324,0.00465753436356143,0.0198745437951831,0.000875435838603759,0,0.000166331007328324,0,0,0,0.00332431838829052,0.000277837315622996
0.000603969692528707,0.00253435045590369,0.0015341868238851,0,0,0.000263812931348747,0.000172970560308355,8.00967163496046e-05,0,0,1.87165263599619,7.09547979385701e-05,0.08525215275341,0.000428208031371206,0,0,0.0224537229048854,0,1.70879746233944,0,0.000398644181792076,0.00105940296227479,0.000860018248505688,0,0.154359110589952,0.478129740984898,0.0684293550683772,4.55309610118953e-05,0.00250825750585184,0.00102776459305381,0.0294119164748316,0.000167978799078541,0.00152488022876166,0.0139153544580229,0.000122891242650179,0.0123490757971796,0.112594227188793,0.0461533119228796,0.0120922307369866,0.00033360237628674,0,0.000540818337668196,0.000465551298438181,0,0.000181453833857759,0.000117941034440738,0,0,0,0,0.000721916706739115,0,0,0,0,0,0,0,0,0.000322256009667635,0,0.000724238490416234,0,0,0,0,0.00113137494175565,0,0,0,0.000158144855953184,0,0,0.0405471941068974,0.00267780677855832,0.00295457480486718,0,0,0,0,0,0,0,0.000106842131606807
0.00471514440738805,0.0346765237172679,0.0379624977887134,0.000101243573531333,0.00060523416589171,0.000438547020385172,0.000977223360592631,0.00343160313678174,0.00195549266399876,0.000170557017733094,0.278189749239167,0.000231634656419405,0.0139639777871716,0.00902075347612417,0,0.00323145917166726,2.86965651611128,1.70879746233944,0,0.000199097783602897,0.0118825950480624,0.00316883183510518,0.0360456923214854,0.000871927683204286,0.0406572322341003,0.813461160837517,0.159277188409395,0.00172303448167951,0.0838728602925206,0.0354076660686595,0.0057731513334017,0.0019004351577654,0.0309238535238937,0.16920982222441,0.000566949979732279,0.0321112350554124,0.279930406694375,0.215162811564665,0.0218348445949056,0,0,0.000366692450680963,0.00229412716338242,0.000957044104320903,0.00311326825105814,0.00108025689730343,0,0,0,0,0.0304920927827324,0.00127223502863814,0,0,0,0.000214628698580337,0,0.000131696251109821,0,7.99890513463143e-05,0,0.000452677817880406,6.41937990573122e-05,0,0.000302516025502801,0.00374077367189227,0.00135170304516339,0.000891828951229707,0,0.000167270125249249,8.51259009083706e-05,0.000189722451404447,0.000284206875764052,0.0259781104019392,0.00725039303155013,0.0122450574559281,0,5.62870962486505e-05,0.000118812965616673,0.000429215432136081,0,0,0.0030548707073412,0.000425673324745873
0.00305182143080215,0,6.31720325203755e-05,11.7313329388738,0.00313992702841347,0.112478237784929,0.00843969266776002,0.0236326509184928,0.511541163181607,2.94843780933063,0.000997283397483794,5.84324142615739,0.00622202704337911,0.0415901266593807,0.0255384665607132,0.000134394655377817,0.000504326948714606,0,0.000199097783602897,0,0.000221534574072462,0.000341503611801246,0.00114161305275185,1.41331100516075,0.00138862267163654,0.000363416969486316,0.000832628161941399,0.267971689839352,0.0491246187840082,0.000361298589313363,0.000888614396938384,0.0271067479322542,0.00453501348165536,0.0489113741875822,0.000459811188963889,0.0685950393860082,0.00516318498642329,0.085038945970964,0.0383942226949675,0.100206170964234,0.010819129835098,0.0003927700395275,0.00856324519317674,0.000229748164054175,0.00437008849648418,0.00398252411567515,0.0305019813948674,0,0.000711188187759171,0.00151449331592809,0,0.000165708992598563,0.0234667853461478,0,0.0058020221954502,0.00741142920053941,0.00298870944385675,0.127382528708313,0.0174181663160634,0.000653073608748715,0.282354126854613,0.000908275010255286,0.00177776695367085,0.00526322754232381,0.000263939216144107,0,0.000345212361792012,0,0.110478988897926,0,0,5.21888948777569e-05,0.0506048732612096,0,0.00010992537965271,0.000110142358493608,0.0152688254726794,0.0027302485470201,0.000280976904793746,0,0,0.00160029349071755,0.00474377339365974,7.3963035089704e-05
0.00718392130671748,0.00312159844072721,0.182549124552464,7.09854033949658e-05,0.000299165912611132,0.00117773033116004,0.0347907735570794,0.00651324679174115,0.00227020217887557,0.00110730957912045,0.000348853627397928,5.52992544577309e-05,0.00405705718456437,0.0167211021460385,0,1.24941860102855,0.1652258068922,0.000398644181792076,0.0118825950480624,0.000221534574072462,0,0.0303542012745,5.06027870799183,0.0120368219321562,0.00100172965200578,0.0298432100581558,0.0317781124060962,1.25663311089432,0.390449346802384,1.66287076272865,5.51763900831941e-05,0.00200734914904598,0.443717101839035,0.593180673805099,0.0105335090758412,0.297747678966953,0.0588321677638148,0.629286160370102,0.127755263137295,0.0523682540960649,0.00250281166291143,0.000501057438868184,0.00463701889767472,0.00166580346238741,0.00152958938972018,0.0014148671511801,0.000106614782318865,0.000190138431546694,8.50602188670992e-05,9.08707419735796e-05,0.000335551706333322,0.000489776557217891,6.5150465450887e-05,0,0,0.000670611910884279,0.000101170153696206,0.000771585808644435,2.9178646246551e-05,6.7761531505906e-05,4.2524949376401e-05,0.000144751295990012,0.000228323736008895,0,0.018223246552544,0,0,8.98028311120793e-05,0,0.000444628532724165,0.0292724506507393,0.00156824802302454,0.00620215160794568,4.29709817092029e-05,0.000153175471452507,0.00238406972012437,0.00407786022093399,0.000206149380694022,0.000493813110002961,0,0,0,0.00081150107370361,0.00467249806571294
0.0021471702612647,1.91738738521504,0.0101476445592798,0.000299736253945877,0.000573733352025277,0.00119063542490524,0.013037393896871,0.0025971123457449,2.63713923355934,0.00119478014117055,0.000614577268388398,0.000488812276239951,0.00538311379657832,0.00477417813402021,0.000431096907441229,2.00393624645386,0.0137209901071331,0.00105940296227479,0.00316883183510518,0.000341503611801246,0.0303542012745,0,0.150556720042885,1.92347487927494,0.209209005442988,0.00771868095831195,0.507410302545564,0.0654031639266295,0.0120896235727917,0.039475152813237,0.000717209621305011,0.000354332055187204,0.0136922703594183,0.00812674535422472,0.000583529978479973,0.0714728820071291,0.0446408800644017,0.0611278720947388,0.0274280064415422,0.0351599297372981,0.00176569958028873,0.000335179076665731,0.0255385008582458,0.0178691868088593,0.013213485987599,0.0105672339378581,0.0219751387534076,0.00089527573899191,0,0.00892435525785646,0.0605867248366586,0.0118888618735705,7.851604109263e-05,0,0.000335567031119463,0.00984294867994581,0.00402647519104442,0.0882431568888908,0.000448816587338616,0.000415750203905994,0.000365915981214604,0.000805618168253962,0.00387938130687109,0,0.544582948358196,0.00464340434465636,0.000110868398355638,0.000196859798763539,0,0.00645139872613911,1.21582099033391,0.0641108066184734,0.120497033566486,0.020478671555993,0.00154421023340786,0.0700757083028178,0.0549125463336506,0.00407991915330591,0.00760962219658589,0.00104642936949374,0,0.00111037471001005,0.0102258648166105,0.000638643867397762
0.0170194605576681,0.00933053914811799,2.25404566702367,0.00039583632505619,0.000771899198670986,0.00150662708724563,0.0539321723699032,0.020578684398035,0.00374451803419434,0.00223844201459933,0.00114695197590156,0.000117036197223701,0.0105756310977381,0.0454307778162975,3.05966903059842e-05,1.7818146176041,2.00377642992681,0.000860018248505688,0.0360456923214854,0.00114161305275185,5.06027870799183,0.150556720042885,0,0.0283955187514725,0.00288828500088637,0.111754206584459,0.873639707155235,0.303552972858341,0.528111671557596,0.366331682147271,0.000154072300924697,0.00279218717699509,0.196165283006584,0.441719864239475,0.0276269125561043,0.612823395769636,0.36652266717952,1.06473406398357,0.307227420604364,0.0954023273646967,0.00631471267702882,0.00149651538768351,0.0196539223674262,0.00722190773353037,0.00680315147453233,0.00376657987179716,0.000482005463381194,0,4.46272197743534e-05,0.000157797084467032,0.00147634210256271,0.00560241631688814,0,0,2.84408939880982e-05,0.000866513303696252,0.000173196572420705,0.000758910469892918,2.35237127620704e-05,0.000214361174254951,0,2.94952679468585e-05,0.000100507443344314,0,0.0595606302241177,0.000206568218182742,0,0.000131671023252206,0,0.00116259247083175,0.108639796474632,0.0208354584052791,0.00660084128272513,0.000711579470639198,0.000492789601713212,0.0430664675456949,0.00307516847152281,8.15025143442068e-05,6.65943174499566e-05,0,0,0,0.00230502999706452,0.0111811202737822
0.00789154463838034,0.0368188502145851,0.014043779986317,5.01980402385184,0.00158348018280883,0.0653043042594565,0.354761569428247,0.0272156954159032,6.02016881244372,0.116892420103518,0.000376449481609459,1.47933983045936,0.00240876488808612,0.0288721895982299,0.0176708843221638,0.820624236895947,0.00984978637636985,0,0.000871927683204286,1.41331100516075,0.0120368219321562,1.92347487927494,0.0283955187514725,0,0.00448264211851653,0.00323229272577207,0.0498662618884032,2.01322739961666,0.0506005486432061,0.0708271705580218,5.20908787594327e-05,0.00462396776426002,0.0374287409894852,0.0317629279408736,0.00205275437998323,0.0822820097344076,0.0167373864265685,0.0773921420295137,0.0286267020743279,0.10083758911517,0.0026563357063919,0.000544897009685523,0.0230430928349606,0.00174018657591497,0.00981377095464578,0.0111909241340103,0.045004727655404,0.000376437563387073,0,0.00540963706138242,0.00105534747058039,0.00113092024624228,0.188501816427167,0.000138154138935371,0.0123100021395402,0.0342572859057491,0.0154549612481048,0.197309863528801,0.0365473792861251,0.000287200757795312,0.0840360874875582,5.94851843598075e-05,0.00699823913351389,0.00573255272206416,0.0206808245583451,0.00023814637207899,0.000127641736525667,0.000347729114887255,0.134229491229794,0.000566414522121671,0.0366081630497023,0.00236460570039714,0.148826741303958,0.00064102386724132,0.00049528629932987,0.00309133985720823,0.0816668781036509,0.0117699534698311,0.00410282093074997,0,0.000177953390466204,0.0011036136398662,0.0122160502299431,0.00102612437859674
0,1.68854658028951,0.00213659263371138,0.000135437263995564,0.0128181877770197,0.00101064379919945,0.000480580088036101,0.000768946961579883,0.0494011504181893,0.000881360573638112,0.454288154622082,0.00180708088470336,4.56697046456878,0.00383949441407835,0.00091069766884355,0.00731992204723616,0.00248863384760464,0.154359110589952,0.0406572322341003,0.00138862267163654,0.00100172965200578,0.209209005442988,0.00288828500088637,0.00448264211851653,0,0.518242276858706,1.13480484635466,0.00133864845495536,0.0101591676975412,0.0013258923506875,0.461159731299398,0.0247626412731385,0.000819510894881593,0.0622077543518413,0.000875525112164462,0.285517810054608,1.09354253475195,0.576931380573955,0.244807383932474,0.00525944195978477,0.00130215900664228,0.788527385797007,0.0478774724137606,0.00805903206768399,0.00714882951931684,0.00244450940750113,0,0,0.00953826745903565,0.000216089379437505,0.0679098475999634,0.00170698408440763,0,0,0,0.000115017087597445,0.000134086142181189,0.000473899782297293,0,0.0227549634246329,0,1.07356215367947,0.000151928716346675,0,0.000229075733755671,0.0017599554488198,0.0698342512810996,0.0213361052831561,0,0.000384114346843916,0.00339617789245717,0.000207828581591348,0,3.12777870034255,0.121382119123714,0.110539086928365,3.20055695270849e-05,0.000545110208830427,0.000165603595723028,0.0536600455001152,0,0,0.00348284705740746,0.000488397687273752
0.0162740931232288,0.145207529538389,1.65902161128302,0.000313019559809507,0.000633397403402574,0.00120054761843915,0.0199366813817469,0.0215051296233024,0.00174963022927174,0.00184076097649271,0.479578502791382,0.00162238100275058,0.430703012814576,0.0487522310159224,0.000197184829641778,0.00452444861947457,0.761095231323782,0.478129740984898,0.813461160837517,0.000363416969486316,0.0298432100581558,0.00771868095831195,0.111754206584459,0.00323229272577207,0.518242276858706,0,1.09698048562632,0.0133674048621939,0.054290124444421,0.10113036615392,0.586192136358028,0.00459195866922978,0.0114177544698938,0.0626841704907906,0.00259613771283682,0.113286419655895,0.435771558302908,0.221229096933318,0.0438849655920318,0.00172532797600693,0.000350997621460868,0.00127565715211551,0.00732812042336929,0.00236288888317439,0.00700372228479639,0.00191736739458412,2.20658927619673e-05,0,0,0.000157654396484852,0.0604284710718272,0.00456521477029859,0,0,5.74763028577535e-05,0.000176757266953027,0.000119420717691149,4.89376481897057e-05,3.65137360861948e-05,0.00536825933194617,2.78359511501625e-05,0.0108806491374144,0.000340484096587405,0,0.000696038008794451,0.00655519284718642,0.0167276517352264,0.0142732817500432,0,0.000312712558914174,0.000299865568198361,0.000887234188591571,0.000221162978101298,0.330914858391543,0.0989612941870057,0.0701041930207138,0.000232210810781811,2.18976703025733e-05,0.000196880127200413,0.00123267810869372,0,0,0.00771971426841428,0.00169982181113099
0.00222904507687984,1.26167697397337,1.44519251932879,9.50629202129318e-05,0.000503881730042886,0.00125744474565595,0.0169357599742528,0.00376536811626614,0.0574805497971256,0.00193439704178925,0.0789061570876993,0.000808021358398965,0.709938512702351,0.00950252348670599,0.000375456254962135,1.40579521987352,0.461942464604292,0.0684293550683772,0.159277188409395,0.000832628161941399,0.0317781124060962,0.507410302545564,0.873639707155235,0.0498662618884032,1.13480484635466,1.09698048562632,0,0.0511828449171991,0.0192259371505295,0.0278822905030298,0.337043925493374,0.00248063880493682,0.00581839895519277,0.0677826944080581,0.0200220274129672,0.532601531601997,0.748803681896573,0.640952160660644,0.174963983184725,0.0110832536383553,0.00596737153136537,0.0037214654435033,0.0632416990083569,0.0346415471972763,0.0688708428144355,0.0174042944301948,0.00206240851227122,0.000300031571790655,0.000136787483896448,0.000586881085532703,0.323661266178158,0.0822773737105851,0,0,2.90344782702531e-05,0.00346603835158828,0.000726285955214958,0.000893044962620177,9.96472950273827e-05,0.00531819204921914,6.65882800905729e-05,0.040552223297378,0.000867010875848086,0,0.0465895038367006,0.046433438160343,0.0116889974169969,0.0217275864590189,0,0.00511277747775934,0.0825717514676344,0.0535645366913265,0.00515304507065984,0.461883031249768,0.169509610426979,1.33055247082056,0.00342335792112453,0.000392648450208493,0.00152867791775886,0.0181231822686857,5.2098754354463e-05,2.52816211188459e-05,0.0446560134823508,0.0127063936028681
0.0220743284236807,0.0134479752707788,0.135650957292421,1.47139082450774,0.00228974896285703,0.148559073912184,3.83763549018183,0.056738597643501,0.233447856362004,0.905793708532789,0.000839779537403292,0.0525212726688502,0.00515346235893287,0.0736361535891835,0.00493483559886348,0.268735846625958,0.0237659480562058,4.55309610118953e-05,0.00172303448167951,0.267971689839352,1.25663311089432,0.0654031639266295,0.303552972858341,2.01322739961666,0.00133864845495536,0.0133674048621939,0.0511828449171991,0,0.115389207546722,1.62605537341666,0,0.00893045393214953,0.0844021994129716,0.102033730258092,0.00564379884522229,0.176235040060744,0.0296825914501763,0.2522072155153,0.0760544525723927,0.0456422572032666,0.00656169833173065,0.000642369889743318,0.0146146554540436,0.00128697517526249,0.00675287034826512,0.00522922946434314,0.0132805543262839,4.33015906326703e-05,0.00029804860826917,0.00379614104404303,0.000590689782477786,0.000767386416810039,0.0108610586687793,0,0.00228037017261175,0.0208262869185781,0.0087179136985959,0.026261237832661,0.00495346859894112,0.000195828483672931,0.00612378856080654,0.000207070452569041,0.00439603700294482,0.000858470955108591,0.00989117790842118,0.000322486037017032,0,7.43540941114066e-05,0.00442489328304013,0.000425900859818006,0.018424534263234,0.00191836668751118,0.0438208455034493,0.000146654095120094,0.000404634885836619,0.00367288959985138,0.0479619835257334,0.00585654548555021,0.00354957570625356,0,0.000195828856135848,0.000404325373012449,0.00577226963924642,0.00234412108441341
