0,0,0.000139069642019196,0,0,0.00105473144715696,1.48677054170489,0.251263263954873,0,0.0410813599231515,0,0,0,1.9404790876684,0,0,0.000767030570737945,0,0,0,0.00334387584475397,0,0.00442255980055467,0.00141462596144838,0,0,3.31909279942021e-05,0.0112019878744072,0.856441187650357,0.322838492841455,0,0,0.045506646325537,0.0315766369958962,0,0.0030916151838542,0,0.00625055390654733,0.00488335956561185,0.00163279498448979,0.000373117992381891,0,0,0,0,0,0,0,0,0,0,0,0,0,0,0,0,0,0,0,0,0,0,0,0,0,0,0,0,0,0,0,0,0,0,0,0,0,0,0,0,0,0,0
0,0,0.0215337920680383,0,0,0,0,0,0.0454270964252202,0,0.00139283821260954,0,0.0057210905648409,0,0,0.00789589848453271,0.0156526669703445,0.000482290037224551,0.00273428028101967,0,0,0.234343295609233,0.00204062609548483,0.00668117862672284,0.115033676221697,0.00752984961868608,0.169276254955571,0.000623942731250622,0,0,0.00269770590791815,0,0,0.00830404959941719,8.42785952246457e-06,0.00207777894465016,0.0105523937606831,0.00199984417588661,0.00391076055105227,0,0,0.00254353788365071,0,0,0.000794212963011631,0,0,0,0,0,0.11954327712351,0,0,0,0,0,0,0.0172291657677591,0,0,0,0,0,0,0.000524164392250942,0,0,0,0,0,0.0498598500393622,0,0.000298773665909741,0.033613515839666,0.00114661282030835,0.00361523273908319,0,0,0,0,0,0,0,0
0.000139069642019196,0.0215337920680383,0,0,0,0,0.000271978838833667,0,0.00137051297384708,0,8.17771505017858e-05,0,4.96177572846741e-05,0,0.00015728790729504,0.0222112841992471,0.893297651190882,0.000171565644294239,0.0072973512948923,0,0.0322842121595169,0.0279720018367771,2.50490866142397,0.00171004719174669,0.000452275109642002,1.10635283073609,2.17140889646735,0.00908879655446915,0,0.012394352047732,0,0,0,0.078433898537543,0.00105081600837996,0.0420180282065365,0.0411637556581308,0.125903430538415,0.0538361615473374,0,0,0.000453645214407357,0.000179359096506495,0,5.06561172981491e-05,0,0,0,0,0,0.00489868444226602,0,0,0,0,0,0,0.000680138167940793,0,3.08578588173744e-05,0,0,0,0,0.000166056980484578,0,0,0,0,0,0.00545886597801825,0,0.000103926485504699,0.000754838691324915,0,0.000311536261040239,0,0,0,0,0,0,0,0.000139561617089341
0,0,0,0,0,8.16303227631904e-05,0.0205225046941054,0,0.11602107576819,1.0732704964968,0,0.145386123791537,0,0,0,0,0,0,0,2.96471697308115,0,0,0,2.06938737262204,0,0,0,1.65903737728166,0,0,0,0,0,0,0,0,0,0,0,0,0,0,0,0,0,0,0,0,0,0,0,0,0.177220966684799,0,0,0,0,0,0,0,0.057994075318525,0,0,0,0,0,0,0,0.29178217125023,0,0,0,0.00114783755035007,0,0,0,0,0,0,0,0,0,0,0
0,0,0,0,0,0.481551583678383,3.40116755717873e-05,0.0156347778768326,0,0,0,0,0,0.000262119051540522,0.0155675443559912,0,0,0,0,0,0,0,0,0,0,0,0,0,0.0247063912646799,0,0,2.75380864192701,0,0.0479668968469088,0.00414411857211425,0,0,0.0164933074868678,0.00140546733085301,0.701079049411476,1.7422725344193,0,0.000403510245476142,0,0.000588155919385372,0,0,0,0,0,0,0,0,0,0,0,0,0,0,0,0,0,0,0,5.31217887112146e-05,0,0,0,0,0,0,4.43665357712842e-05,0,0,0,0,0,0,0,0,0,0,0,0.00164105646043444
0.00105473144715696,0,0,8.16303227631904e-05,0.481551583678383,0,0.00555074076861261,1.20881302831777,0.000114182874288494,0.522176294596093,0,1.19310958326301,0,0.135756046800281,0.69992179058586,0,0,0,0,0.0251177496045617,0,0,0,0.00092983396387186,0,0,0,0.00132627903595495,0.0883153900173968,0,0,0.35143597893335,4.69755773843446e-05,0.0151935805473836,0.560645615558214,0.00128075064022701,0,0.00833874195433704,0,0.336168158004375,0.0467011612672744,0,0,0,0,0,0,0,0,0,0,0,0,0,0,0,0,0,0,0,0,0,0,0,0,0,0,0,0,0,0,0,0,0,0,0,0,0,0,0,0,0,0,0.00095637552382397
1.48677054170489,0,0.000271978838833667,0.0205225046941054,3.40116755717873e-05,0.00555074076861261,0,0.27924707986078,0.00966366022372607,1.38660351222782,0,4.17540800457192e-05,0,0.415018717255151,0,0,0.000153951565657016,0,0,0.00249077546796407,0.0045280134292489,0,0.00561907301661723,0.0407432004870642,0,0,0,3.37081197887197,0.0200617407052675,1.49939224205668,0,0,0.000624385113468673,0.00234702448943399,2.73180935108832e-05,6.94117746610629e-05,0.000227339629214174,0.000378802077663123,0.000177153252345158,0.000466960913430944,0.000154758261186555,0,0,0,0,0,0,0,0,0,0,0,0,0,0,0,0,0.00153201771223923,0,0,0,0,0,0,0,0,0,0,0,0,0,0,0.00155786126369939,0,0,0,0.000216576646327578,0,0,0,0,0,0,0
0.251263263954873,0,0,0,0.0156347778768326,1.20881302831777,0.27924707986078,0,0,0.89312266499923,0.00046985628097833,0.00332634729301379,0,2.0598899743776,0.00350375764180267,0,0,0,0,0,0.000948227812347373,0,0.000610569481526084,5.03774870789023e-05,0,0,6.66008385564825e-05,0.019043287077723,0.186783598498015,0.00665794149084077,0,0.277022682862371,0.000465156122491494,0.0901141277063367,0,0.000164095045799244,7.25643426970589e-05,0.017588942857538,0.000440203029771572,0.00389946059924372,0.0103908815498459,0,0,0,0,0,0,0,0,0,0,0,0,0,0,0,0,0,0,0,0,0,0,0,0,0,0,0,0,0,0,0,0,0,0,0,0,0,0,0,0,0,0,0
0,0.0454270964252202,0.00137051297384708,0.11602107576819,0,0.000114182874288494,0.00966366022372607,0,0,0.00121424113340783,0.000217734468157999,1.28340800750399,0.00171745074701267,0.000245846443817041,0.310256993550805,0.0311314292424508,0.0035619439150674,7.34408494556266e-05,0.000374848574049602,0.150857804916091,0.000430866227096439,0.933761819393472,0.000923501660764046,3.4858853812504,0.0186404314156203,0.00147590474785881,0.0343891998529646,0.0699497957189777,8.94776045421927e-05,0.00343327608852377,0.000103139617574905,0,0.000336480534788797,0.00342815545605993,0.000302549314976078,0.210854664043217,0.00279688967617262,0.00140889021860378,0.00205664610465821,0.7264309898177,0,0.000265620234403782,0,0,0,0,0,0,0,0,0.0261053837822184,0,0,0,0,0,0,1.33494588412046,0,0,0,0,0,0,0.00373009109848219,0,0,0,0,0,0.437727639542807,0,0.146089538481107,0.00512435171606709,0.000446773459745797,0.00111571948406384,0.00990668632583044,0,0,0,0,0,0,0
0.0410813599231515,0,0,1.0732704964968,0,0.522176294596093,1.38660351222782,0.89312266499923,0.00121424113340783,0,0,0.176709985998701,0,0.554837654260687,0.000117709538937969,0,0,0,0,0.903432847001769,0,0,0,0.0117976287284501,0,0,0,0.936641525549624,0.00649874586569578,0.000278812388349835,0,0,0,0.000990686094632291,0.0385721915405711,0,0,0,0,0.00127826644311801,0,0,0,0,0,0,0,0,0,0,0,0,0,0,0,0,0,0,0,0,0,0,0,0,0,0,0,0,0,0,0,0,0,0,0,0,0,0,0,0,0,0,0,0
0,0.00139283821260954,8.17771505017858e-05,0,0,0,0,0.00046985628097833,0.000217734468157999,0,0,0,1.92286538278614,0.000805679521669427,0,0.000195293480677137,3.4998784525843e-05,1.20740520439563,0.750198940601189,0,0,0.000922525851457603,4.69084898700441e-05,0.000348920823542903,0.198668424021534,0.576365252369396,0.0163209580835203,0,0.00483337591077847,0,0.660330704102498,0.000270024191476696,0,0.56015333263173,0,0.00390243414715297,0.83243510784346,0.741678111474586,0.0391965285713186,0,0.000451306926462581,0.133498072037528,0,0,0.000101816793638061,0,0,0,0,0,0.00142691560570478,0,0,0,0,0,0,0,0,3.93740412874483e-05,0,0.0682670117592063,0,0,0,0,0.000418066276072857,0,0,0,0.000909443268733726,0,0,0.0180230677346991,0.00189803665842959,0.00266436627076314,0,0,0,0,0,0,0,0
0,0,0,0.145386123791537,0,1.19310958326301,4.17540800457192e-05,0.00332634729301379,1.28340800750399,0.176709985998701,0,0,0,0.00293785228942411,0.816444329422004,0,0,0,0,4.32315056253527,0,0,0,0.472052779376257,0,0,0,0.0111589933342438,0.00111736509026626,0,0,0,0,0.000474412387902996,0.24876460421257,0.000306556974980126,0,0,0,0.0856797310379041,0,0,0,0,0,0,0,0,0,0,0,0,0.0173248101185398,0,0,0,0,0,0.000244752785604745,0,0.257325485216644,0,0,0,0,0,0,0,0.099573521408146,0,0,0,0,0,0,0,0,0,0,0,0,0,0,0.00202856350280426
0,0.0057210905648409,4.96177572846741e-05,0,0,0,0,0,0.00171745074701267,0,1.92286538278614,0,0,0,0,0.000298969021932383,0.000184578000007835,0.00411399238808286,0.000735040289978301,0,0.000282171179099996,0.00620559432673996,0.000261300051092447,0.00064218480249494,4.21313453101393,0.220396050363849,0.554145428825045,2.54532463274957e-05,0,0,2.27258763557934,0,0,0.000354890002124939,0,0.173874786999365,0.325713235513701,0.0354616339838375,0.0197669764032893,0,0,0.514630886753248,0,0,0.000334398408694127,0,0,0,0,0,0.019309778411326,0,0,0,0,0,0,0.000330234023194933,0,0.00132470972692891,0,4.11166665540671,0,0,0.000113515750638641,0,0,0.000337751578923878,0,0,0.0018333031506007,0,0.000150603496815883,0.221325386795737,0.00758869848152243,0.0139164455419546,0,0,0,0.00277148829579153,0,0,0,7.65790742011281e-05
1.9404790876684,0,0,0,0.000262119051540522,0.135756046800281,0.415018717255151,2.0598899743776,0.000245846443817041,0.554837654260687,0.000805679521669427,0.00293785228942411,0,0,0.0191351324722922,0,0,0,0,6.09432590679224e-05,7.15889743098798e-05,0,0.000245387446277658,6.74374006766551e-05,0,0,0,0.00400622884806175,3.35315629429881,0.0202930042938918,0,0.000724046946717036,0.00540465511468922,0.158146032665795,0,0.00153147708369714,4.34139962045602e-05,0.0341844747718697,0.00107176489198089,0.00650664723907574,0.00218637390694507,0,0,0,0,0,0,0,0,0,0,0,0,0,0,0,0,5.02495364990926e-05,0,0,0,0,0,0,0,0,0,0,0,0,0,0,0,0,0,0,0,0,0,0,0,0,0,0
0,0,0.00015728790729504,0,0.0155675443559912,0.69992179058586,0,0.00350375764180267,0.310256993550805,0.000117709538937969,0,0.816444329422004,0,0.0191351324722922,0,0.000753170460056375,0,0,0,0.000886926909521228,7.71110165652606e-05,0,0.000471038937893764,0,0,0,0,9.81679915930574e-05,0.00549061246769273,0.000310445117677772,0,0,0,0.00216286444011348,0.128561305359037,0.0187211691915543,0.00353397577093749,0.00282665196409424,0.000340463576985525,0.503354463499526,0,0,0.00119478072586065,0.000452971526699653,0.000434284544554141,0,0,0,0,0,0,0,0,0,0.000257524678219569,0,0,0,0,0,0.00042375277519071,0,0,0.00209404624468561,0.000395148760521762,0,0,0,0,0,0,8.35060095351076e-05,0,0,0,7.93257084950598e-05,0,0,0,0,0,0,0,0.00638224788697368
0,0.00789589848453271,0.0222112841992471,0,0,0,0,0,0.0311314292424508,0,0.000195293480677137,0,0.000298969021932383,0,0.000753170460056375,0,0.0170173681388694,0,0.00128479482242458,0,0.0413646210354206,2.46489432131821,0.213722237408645,0.811634994551909,0.00271211268051731,0.00364034459219668,0.545127383068107,0.247462845860821,0.000147556291407664,0.00187939787075125,0,0,0,0.0243109994324551,0.00125641848779744,0.128871588802325,0.0730285790609746,0.0587555938596566,0.0743329882001266,0,0,0,0.000325123615795819,0.000371769420385012,0,9.08008099332926e-05,0,0,0,0,0.00529652943501539,0,0,0,0,0,0,0.00865060008529345,0,0,0,0,0,0,0.0121158325024294,0,0,0,0,0,0.0306908082351801,0,0.00146771345228763,0.00233569350168159,0,9.25381332979314e-05,0,0,0,0,0,0,0,0.00016323100363693
0.000767030570737945,0.0156526669703445,0.893297651190882,0,0,0,0.000153951565657016,0,0.0035619439150674,0,3.4998784525843e-05,0,0.000184578000007835,0,0,0.0170173681388694,0,0,1.55635868859309,0,0.00521143756156397,0.0407957350291752,2.68060104999309,0.0033848321261805,0.00121115744295806,1.07076379773114,0.216678788939579,0.000890715418858984,0,0.0050523249335669,0,0,0,0.161841891752031,4.41924226910669e-05,0.0118829534588424,0.0460151048527003,0.0424821510592421,0.0180924501325022,0,0,0,0,0,0,0,0,0,0,0,0.00887205689685005,0,0,0,0,0,0,0.000660227035163812,0,0,0,0,0,0,0,0,0,0,0,0,0.00562737453973779,0,9.83831095753276e-05,0.00164761785764994,1.95331630902792e-05,0.00019944126816357,0,0,0,0,0,0,0,4.82769220154344e-05
0,0.000482290037224551,0.000171565644294239,0,0,0,0,0,7.34408494556266e-05,0,1.20740520439563,0,0.00411399238808286,0,0,0,0,0,2.16673861863327,0,0,0.000224741285583109,0,9.34219674027801e-05,0.0112708275533427,0.607762417105489,0.00304441254152132,0,0,0,0.00292599856577002,0,0,0.000664597271094088,0,0.000249740729043862,0.0513936407594515,0.00483366323608102,0.00164283329377938,0,0,0.00340785194507831,0,0,0,0,0,0,0,0,0.00038325538358585,0,0,0,0,0,0,6.39293182688196e-05,0,0,0,0,0,0,0,0,0,0.000619215031743107,0,0,0,0,0,0.00466786623166618,0.000158871607509314,0.000785146580052304,0,0,0,0,0,0,0,0
0,0.00273428028101967,0.0072973512948923,0,0,0,0,0,0.000374848574049602,0,0.750198940601189,0,0.000735040289978301,0,0,0.00128479482242458,1.55635868859309,2.16673861863327,0,0,0,0.00687253454875568,0.000871667343271607,0.00048936642313832,0.00575041709334365,2.26990941974467,0.036071446653517,3.21894384798065e-05,0,0,0.000972114369775404,0,0,0.196383945522268,0,0.00401257352942034,0.0823076583415663,0.0270737400908838,0.0095534570833454,0,0,0.0017165582886611,0,0,0,0,0,0,0,0,0.00107944858435377,0,0,0,0,0,0,0.000499159091691334,0,0,0,4.68017794429448e-05,0,0,0,0,0,0,0,0,0.000304573463434092,0,0,0.00101695032750812,2.31873954112914e-05,0.000393010662270643,0,0,0,0,0,0,0,0
0,0,0,2.96471697308115,0,0.0251177496045617,0.00249077546796407,0,0.150857804916091,0.903432847001769,0,4.32315056253527,0,6.09432590679224e-05,0.000886926909521228,0,0,0,0,0,0,0,0,0.742315060817455,0,0,0,0.110950289234494,0,0,0,0,0,0,0,0,0,0,0,0,0,0,0,0,0,0,0,0,0,0,0,0,0.0203429985944811,0,0,0,0,0,0,0,0.0174766281107068,0,0,0,0,0,0,0,0.0262502609844348,0,0,0,0,0,0,0,0,0,0,0,0,0,0,0
0.00334387584475397,0,0.0322842121595169,0,0,0,0.0045280134292489,0.000948227812347373,0.000430866227096439,0,0,0,0.000282171179099996,7.15889743098798e-05,7.71110165652606e-05,0.0413646210354206,0.00521143756156397,0,0,0,0,0.00103717924735441,3.54095951615445,0.0047942501668302,0,0.000182342695991303,0.00641805113535804,1.06444001420573,0.0909202374739604,1.74566101994007,0,0,0.0578393431969457,0.193191384604618,0.00162086792929403,0.101937363065061,0.0316482451918631,0.0799916990341267,0.073943390751406,0,0,0.000272172406766255,0.000497371130577859,0.000205835168855911,2.25924873191975e-05,0.000124953076933752,0,0,0,0,0,0,0,0,0,0,0,0.000580213999907408,0,0,0,0,0,0,0,0,0,0,0,0,0.000157870045011055,0,0.000176121905300331,0,0,0,0,0,0.000140345301489484,0,0,0,0,0.000337275901673864
0,0.234343295609233,0.0279720018367771,0,0,0,0,0,0.933761819393472,0,0.000922525851457603,0,0.00620559432673996,0,0,2.46489432131821,0.0407957350291752,0.000224741285583109,0.00687253454875568,0,0.00103717924735441,0,0.0118816101006052,0.654889066833794,0.0638763715328177,0.0151794372531649,0.631890666439826,0.0241446119087724,0,0.000607479291599316,0.000320810244701026,0,0.000759184394442336,0.0203633594904978,0,0.0121058789502556,0.0253866839672831,0.0180293372251561,0.0120606917169307,0,0,0.0011418038431748,0,0,0,0,0,0,0,0,0.160665534791988,0,0,0,0,0,0,0.318038007158355,0,0,0,8.97191204100867e-05,0,0,0.00477929911206987,0,0,0.000497884438180739,0,0,0.667950953216794,0,0.0313846477763293,0.0398110228484327,0,0.00725142760059244,2.8312346145484e-05,0,0,0,0,0,0,1.58352635236758e-05
0.00442255980055467,0.00204062609548483,2.50490866142397,0,0,0,0.00561907301661723,0.000610569481526084,0.000923501660764046,0,4.69084898700441e-05,0,0.000261300051092447,0.000245387446277658,0.000471038937893764,0.213722237408645,2.68060104999309,0,0.000871667343271607,0,3.54095951615445,0.0118816101006052,0,0.00363228134445132,0.000353109344068005,0.00708526858866877,0.750603066615217,0.0747393637430436,0.0500244301589659,0.207598988318688,0,0,0.00334687647231947,0.0876553136479249,0.00334211590496225,0.176870281827482,0.0789983486946094,0.232329923516656,0.114628889057224,0,0.00011456399131217,0.00035507000784511,0.000876600548412012,0.000329252917062378,0,9.05566695064185e-05,0,0,0,0,0.00232424287143257,0,0,0,0,0,0,0.000115719139328381,0,0,0,0,0,3.93983788096802e-05,0,0,0,0,0,0,0.00266492673040923,0,4.22273819441634e-05,7.5106866699268e-05,0,0,0,0,0,0,0,0,0,0.000652183100616186
0.00141462596144838,0.00668117862672284,0.00171004719174669,2.06938737262204,0,0.00092983396387186,0.0407432004870642,5.03774870789023e-05,3.4858853812504,0.0117976287284501,0.000348920823542903,0.472052779376257,0.00064218480249494,6.74374006766551e-05,0,0.811634994551909,0.0033848321261805,9.34219674027801e-05,0.00048936642313832,0.742315060817455,0.0047942501668302,0.654889066833794,0.00363228134445132,0,0.00192994453923755,0.00146234116736892,0.0276959266214707,1.37583916389302,0.000459212835644345,0.0155165838147199,4.08054193272236e-05,0,0.000530162730685033,0.0163244797976967,0.000328934143259449,0.0312920376603894,0.0108406138751712,0.00805663875957726,0.0124004089133753,0.00145628891357743,0,7.80240124746727e-05,0.00012928672637531,3.50662690590088e-05,3.08809705040639e-05,0,0,0,0,0,0.00501483476367979,0,0.0910155648883878,0,0,0,0,0.221546521717911,0,0,0.00796228688310242,0,0,0,0.00885073158726924,0,0,0,0.0843242414748626,0,0.0926889139333169,4.75295431531563e-05,0.482449644104479,0.000887585434667737,0,0.000252152281282604,0.0249114862182818,0,0,0,0,0,0,1.27063732948672e-05
0,0.115033676221697,0.000452275109642002,0,0,0,0,0,0.0186404314156203,0,0.198668424021534,0,4.21313453101393,0,0,0.00271211268051731,0.00121115744295806,0.0112708275533427,0.00575041709334365,0,0,0.0638763715328177,0.000353109344068005,0.00192994453923755,0,0.099548486896334,0.974991431896777,0.000265817220320729,0,0,0.0436858324306715,0,0,0.00142254140349911,4.91690930389671e-05,0.00759664804792851,0.729026176534959,0.0710368769218492,0.00832606545566939,0,0,1.12924997865091,0,0.0149739197295244,0.00401977996849797,0,0,0,0,0,0.159115886284483,0,0,0,0,0,0,0.00149165937519465,0,0.0200009785878848,0,0.163503356691954,0,0,0.000411034237291446,0,0.0146994493398152,0.0170342776256425,0,0,0.0222500705018003,0,0.000482428861601744,1.6607917663789,0.103016455636722,0.118813152339586,0,0,0,0.00243697025553438,0,0,0.00205796877884717,0
0,0.00752984961868608,1.10635283073609,0,0,0,0,0,0.00147590474785881,0,0.576365252369396,0,0.220396050363849,0,0,0.00364034459219668,1.07076379773114,0.607762417105489,2.26990941974467,0,0.000182342695991303,0.0151794372531649,0.00708526858866877,0.00146234116736892,0.099548486896334,0,1.7275765109887,0.000218633084870679,0,0.000112717239669843,0.977685014571001,0,0,0.0178535466885151,0,0.00705119322359711,0.16692766615594,0.0257455608624288,0.0069491331972214,0,0,0.00414424602239385,0,0.000205980213443147,0.00015194787915591,0,0,0,0,0,0.00263803286116389,0,0,0,0,0,0,0.000193376553453822,0,0.000312493609552313,0,0.00866846667189172,0,0,0,0,0.000124044784414027,0.00059442960641906,0,0,0.00179909025961889,0,7.03112601851e-05,0.0189413103905217,0.00449187685940183,0.00621235963868214,0,0,0,2.62415690199021e-05,0,0,0,0
3.31909279942021e-05,0.169276254955571,2.17140889646735,0,0,0,0,6.66008385564825e-05,0.0343891998529646,0,0.0163209580835203,0,0.554145428825045,0,0,0.545127383068107,0.216678788939579,0.00304441254152132,0.036071446653517,0,0.00641805113535804,0.631890666439826,0.750603066615217,0.0276959266214707,0.974991431896777,1.7275765109887,0,0.00547382240057318,2.64161470196365e-05,0.000635354990186439,0.220050398188828,0,0,0.0868795056193128,0.000376750144373854,0.0230239518976822,0.0667626370619215,0.0453201388844876,0.0167499361181893,0,0,0.00197692102481863,0.000165918085371311,0.000182559513456756,0.000335175790590585,0,0,0,0,0,0.0590316210342898,0,0,0,0,0,0,0.00591150475622014,0,0.000215455771230567,0,0.00505904166071689,0,0,0.0299469690973236,0,5.8678820878128e-05,0.000743599631823777,0,0,0.0453873868544495,0.000390710283933914,0.00130005836990925,0.0429900047558608,0.0055037174985991,0.021411086032924,0,0,0,0,0,0,0.000123441087764609,2.96490895442382e-05
0.0112019878744072,0.000623942731250622,0.00908879655446915,1.65903737728166,0,0.00132627903595495,3.37081197887197,0.019043287077723,0.0699497957189777,0.936641525549624,0,0.0111589933342438,2.54532463274957e-05,0.00400622884806175,9.81679915930574e-05,0.247462845860821,0.000890715418858984,0,3.21894384798065e-05,0.110950289234494,1.06444001420573,0.0241446119087724,0.0747393637430436,1.37583916389302,0.000265817220320729,0.000218633084870679,0.00547382240057318,0,0.00341326510527931,1.11862155631031,0,0,0.00113302734043962,0.0275803784740291,0.00155456660894204,0.0691423530298859,0.0231420845964415,0.0270013502541122,0.0335396272931723,0.000332975982287992,0,0.000102159625719431,0.00035469893359176,0,0,0,0,0,0,0,0.000312936150271823,0,0,0,0,0,0,0.0528700569626742,0,0,0,0,0,0,0,0,0,0,0,0,0.0111283417827376,0,0.0361437198339607,0,0,0,0.0340724307350072,0,0,0,0,0,0,0.000208854765088471
0.856441187650357,0,0,0,0.0247063912646799,0.0883153900173968,0.0200617407052675,0.186783598498015,8.94776045421927e-05,0.00649874586569578,0.00483337591077847,0.00111736509026626,0,3.35315629429881,0.00549061246769273,0.000147556291407664,0,0,0,0,0.0909202374739604,0,0.0500244301589659,0.000459212835644345,0,0,2.64161470196365e-05,0.00341326510527931,0,1.57836666117636,0,0.865440279340259,1.43435881934586,1.47754342846929,8.92533902363698e-06,0.00730474935029975,0.0015167847480701,0.254864427153827,0.0116052307459125,0.0138933432709315,0.124037658050363,0.000135117700377382,0,0,0,0,0,0,0,0,0,0,0,0,0,0,0,0.00067628405896069,0,0,0,0,0,0,0,0,0,0,0,0,0,0,0,0,0,0,0,0,0,0,0,0,0,0
0.322838492841455,0,0.012394352047732,0,0,0,1.49939224205668,0.00665794149084077,0.00343327608852377,0.000278812388349835,0,0,0,0.0202930042938918,0.000310445117677772,0.00187939787075125,0.0050523249335669,0,0,0,1.74566101994007,0.000607479291599316,0.207598988318688,0.0155165838147199,0,0.000112717239669843,0.000635354990186439,1.11862155631031,1.57836666117636,0,0,0,0.535051784152026,0.378898245202731,0.000737445482919134,0.0587858677075934,0.0176667518984002,0.0567826449417522,0.0327785816509264,6.00918289289311e-05,0.000150497821991562,0,0.000414443049994229,0,0,0.000243931605498019,0,0,0,0,0,0,0,0,0,0,0,0.00202290067593873,0,0,0,0,0,0,0,0,0,0,0,0,0.00059297575121055,0,0.000550045746872686,0,0,4.41071316008715e-05,0,0,0,0,0,0,0,9.52158645168395e-05
0,0.00269770590791815,0,0,0,0,0,0,0.000103139617574905,0,0.660330704102498,0,2.27258763557934,0,0,0,0,0.00292599856577002,0.000972114369775404,0,0,0.000320810244701026,0,4.08054193272236e-05,0.0436858324306715,0.977685014571001,0.220050398188828,0,0,0,0,0,0,6.66490784683588e-05,0,0,0.00946670997133317,0.000463274752476362,0.000485291154415975,0,0,0.0017046563565293,0,0,0,0,0,0,0,0,0.000588352238124007,0,0,0,0,0,0,0,0,0,0,0.325679916678148,0,0,0,0,0,0,0,0,0.000225837188197043,0,0,0.00307258156638278,0.000139412528639832,0.000275091038755466,0,0,0,0.00101166702938471,0,0,0,0
0,0,0,0,2.75380864192701,0.35143597893335,0,0.277022682862371,0,0,0.000270024191476696,0,0,0.000724046946717036,0,0,0,0,0,0,0,0,0,0,0,0,0,0,0.865440279340259,0,0,0,0,0.451475536544309,0,9.43407007407016e-05,0.000611507838131367,0.0736672908146138,0.00315290271338585,0.214781173960084,1.93111393772507,0,0,0,0,0,0,0,0,0,0,0,0,0,0,0,0,0,0,0,0,0,0,0,0,0,0,0,0,0,0,0,0,0,0,0,0,0,0,0,0,0,0,0
0.045506646325537,0,0,0,0,4.69755773843446e-05,0.000624385113468673,0.000465156122491494,0.000336480534788797,0,0,0,0,0.00540465511468922,0,0,0,0,0,0,0.0578393431969457,0.000759184394442336,0.00334687647231947,0.000530162730685033,0,0,0,0.00113302734043962,1.43435881934586,0.535051784152026,0,0,0,1.31663666049204,0,0.00561783147054794,0.00222183883538457,0.0666090233416234,0.0122262940318011,0,0.00032708678666872,0,0,0,0,0,0,0,0,0,0,0,0,0,0,0,0,0,0,0,0,0,0,0,0,0,0,0,0,0,0,0,0,0,0,0,0,0,0,0,0,0,0,0
0.0315766369958962,0.00830404959941719,0.078433898537543,0,0.0479668968469088,0.0151935805473836,0.00234702448943399,0.0901141277063367,0.00342815545605993,0.000990686094632291,0.56015333263173,0.000474412387902996,0.000354890002124939,0.158146032665795,0.00216286444011348,0.0243109994324551,0.161841891752031,0.000664597271094088,0.196383945522268,0,0.193191384604618,0.0203633594904978,0.0876553136479249,0.0163244797976967,0.00142254140349911,0.0178535466885151,0.0868795056193128,0.0275803784740291,1.47754342846929,0.378898245202731,6.66490784683588e-05,0.451475536544309,1.31663666049204,0,0.00220680605491293,0.346068327303621,0.145493909603865,2.84976167828014,0.53792630075966,0.0266746255998892,0.343255152380881,0.00152964695418101,0.00102206987482806,0.000192238429779489,0.000169034885115604,0,0,0,0,0,0.0010243155201782,0,0,0,0.000154080297826931,0,0,0.00249537637078761,0,0,0,0,0,0,0,0,0,0,0,8.72773989942198e-05,0.00380216606199266,4.93925482776426e-05,0.000509355598853043,0.00102994109940597,3.77788025304586e-05,0,0,0,0,0,0,0,0,0.000378561010822308
0,8.42785952246457e-06,0.00105081600837996,0,0.00414411857211425,0.560645615558214,2.73180935108832e-05,0,0.000302549314976078,0.0385721915405711,0,0.24876460421257,0,0,0.128561305359037,0.00125641848779744,4.41924226910669e-05,0,0,0,0.00162086792929403,0,0.00334211590496225,0.000328934143259449,4.91690930389671e-05,0,0.000376750144373854,0.00155456660894204,8.92533902363698e-06,0.000737445482919134,0,0,0,0.00220680605491293,0,0.0548095327788916,0.0114714830674644,0.0129476163447267,0.0050785631191216,0.00263040231956999,0,5.7167337780635e-05,0.00761633186901554,0.00516205543490411,0.00219462858349839,0.000798335065957401,0,0,0,5.49215422354491e-06,0,8.75064648659408e-05,0,0,0.00286228925641224,0,0,2.85769068540387e-05,0,0,0.00572822986829361,8.62734279434303e-06,0,0.00704005846385865,0.000901838856208661,4.8979808686758e-06,0,1.62441513599735e-05,0,0.000624328536277243,0.000278681230587502,0.00150683289345221,2.45444007997741e-05,0,0,0.000205039472703195,0.000317263850713359,0,0.000144637573359541,0,0,0,0.000337112143480982,0.900346166053115
0.0030916151838542,0.00207777894465016,0.0420180282065365,0,0,0.00128075064022701,6.94117746610629e-05,0.000164095045799244,0.210854664043217,0,0.00390243414715297,0.000306556974980126,0.173874786999365,0.00153147708369714,0.0187211691915543,0.128871588802325,0.0118829534588424,0.000249740729043862,0.00401257352942034,0,0.101937363065061,0.0121058789502556,0.176870281827482,0.0312920376603894,0.00759664804792851,0.00705119322359711,0.0230239518976822,0.0691423530298859,0.00730474935029975,0.0587858677075934,0,9.43407007407016e-05,0.00561783147054794,0.346068327303621,0.0548095327788916,0,2.66405605149594,0.825825917959299,0.690715840850246,0.361442649410536,0.0021509996629349,0.131192150119449,0.0706013249647351,0.0288229753798694,0.00775563549086521,0.00334391355940425,0,0,0,0,0.00247201324216268,6.71169495109619e-05,0,0,0,0,0,0.00350836684052225,0,0,0,0.0106406588906671,0,0,0.00341283181968152,0.000216985550106651,0,0,0,0.00112892177629279,0.00484176867492026,0.00483068619370043,0.000431743604681673,4.46072994068625e-05,0,0.000584778017418908,0.00091179449830302,0,0.000106769234333476,0,0,0.000192011895999853,0.00035202118789832,0.0115789103908276
0,0.0105523937606831,0.0411637556581308,0,0,0,0.000227339629214174,7.25643426970589e-05,0.00279688967617262,0,0.83243510784346,0,0.325713235513701,4.34139962045602e-05,0.00353397577093749,0.0730285790609746,0.0460151048527003,0.0513936407594515,0.0823076583415663,0,0.0316482451918631,0.0253866839672831,0.0789983486946094,0.0108406138751712,0.729026176534959,0.16692766615594,0.0667626370619215,0.0231420845964415,0.0015167847480701,0.0176667518984002,0.00946670997133317,0.000611507838131367,0.00222183883538457,0.145493909603865,0.0114714830674644,2.66405605149594,0,1.9570227692572,1.11208532626885,0,0,2.06637255507595,0.00681008306362354,0.0023632919408033,0.00018701880154665,0.00073703623759865,0,0,0,0,0.00708194658252272,0,0,0,3.06980126112786e-05,0.000134866130392772,0,0.000652277103281869,0,0.000359472850086926,0,0.0138916160181439,0,0,0.000379074249288559,0,0,0,0,0,0.00552117179202887,0.000155168188526022,3.99988278743015e-05,0.0219711135246474,0.000753399020981132,0.00220961056401063,0.000201220574120273,0,0,0.000176921387822774,0,0,6.82328656066147e-05,0.00214789422791867
0.00625055390654733,0.00199984417588661,0.125903430538415,0,0.0164933074868678,0.00833874195433704,0.000378802077663123,0.017588942857538,0.00140889021860378,0,0.741678111474586,0,0.0354616339838375,0.0341844747718697,0.00282665196409424,0.0587555938596566,0.0424821510592421,0.00483366323608102,0.0270737400908838,0,0.0799916990341267,0.0180293372251561,0.232329923516656,0.00805663875957726,0.0710368769218492,0.0257455608624288,0.0453201388844876,0.0270013502541122,0.254864427153827,0.0567826449417522,0.000463274752476362,0.0736672908146138,0.0666090233416234,2.84976167828014,0.0129476163447267,0.825825917959299,1.9570227692572,0,2.89125145375134,0.196493868524513,0.172960336331487,1.0885303139166,0.00480515575202232,0.00138413454744315,0.000623935287722326,0.00091417460547219,0,0,0,0,0.00396350432771368,0,0,0,0,0,0,0.000866242158331231,0,0,5.39672259758516e-05,5.62887559509163e-05,0,0.000379514541376057,0,0,0,0,0,9.37111007549927e-05,0.00386487741784367,2.09489103052299e-05,0.000260882263260844,0.00241038359718677,0.000202132543392764,0.000203587958516428,0,0,0.0003412734007117,0,0,0,7.77525061069725e-05,0.00309181117337771
0.00488335956561185,0.00391076055105227,0.0538361615473374,0,0.00140546733085301,0,0.000177153252345158,0.000440203029771572,0.00205664610465821,0,0.0391965285713186,0,0.0197669764032893,0.00107176489198089,0.000340463576985525,0.0743329882001266,0.0180924501325022,0.00164283329377938,0.0095534570833454,0,0.073943390751406,0.0120606917169307,0.114628889057224,0.0124004089133753,0.00832606545566939,0.0069491331972214,0.0167499361181893,0.0335396272931723,0.0116052307459125,0.0327785816509264,0.000485291154415975,0.00315290271338585,0.0122262940318011,0.53792630075966,0.0050785631191216,0.690715840850246,1.11208532626885,2.89125145375134,0,0.0501733811024798,0.0131442801706763,0.0597097408106523,0.00269585202786152,0.00249471542337815,0.000672664231857538,0.000394355007310582,0,0,0,0,0.0023893988439036,0,0,0,0,0,0,0.00301137186437472,0,0,0.000422386802938065,0.000964690323535553,0,0,0,0,0,0,0,0.000158576290369362,0.00325603725149355,0.000629891227353631,4.66315070036228e-05,8.97495583991065e-05,0,2.58210237270694e-05,0.000150488700065284,0,0,0,0,0,0,0.000946750852206248
0.00163279498448979,0,0,0,0.701079049411476,0.336168158004375,0.000466960913430944,0.00389946059924372,0.7264309898177,0.00127826644311801,0,0.0856797310379041,0,0.00650664723907574,0.503354463499526,0,0,0,0,0,0,0,0,0.00145628891357743,0,0,0,0.000332975982287992,0.0138933432709315,6.00918289289311e-05,0,0.214781173960084,0,0.0266746255998892,0.00263040231956999,0.361442649410536,0,0.196493868524513,0.0501733811024798,0,2.75743985134981,0,0.000273447144823209,0,0.000183615002045327,0,0,0,0,0,0,0,0,0,0,0,0,0,0,0,0,0,0,0,0,0,0,0,0,0,0,0,0,0,0,0,0,0,0,0,0,0,0,0.000728996253689408
0.000373117992381891,0,0,0,1.7422725344193,0.0467011612672744,0.000154758261186555,0.0103908815498459,0,0,0.000451306926462581,0,0,0.00218637390694507,0,0,0,0,0,0,0,0,0.00011456399131217,0,0,0,0,0,0.124037658050363,0.000150497821991562,0,1.93111393772507,0.00032708678666872,0.343255152380881,0,0.0021509996629349,0,0.172960336331487,0.0131442801706763,2.75743985134981,0,0,0,0,0,0,0,0,0,0,0,0,0,0,0,0,0,0,0,0,0,0,0,0,0,0,0,0,0,0,0,0,0,0,0,0,0,0,0,0,0,0,0,0
0,0.00254353788365071,0.000453645214407357,0,0,0,0,0,0.000265620234403782,0,0.133498072037528,0,0.514630886753248,0,0,0,0,0.00340785194507831,0.0017165582886611,0,0.000272172406766255,0.0011418038431748,0.00035507000784511,7.80240124746727e-05,1.12924997865091,0.00414424602239385,0.00197692102481863,0.000102159625719431,0.000135117700377382,0,0.0017046563565293,0,0,0.00152964695418101,5.7167337780635e-05,0.131192150119449,2.06637255507595,1.0885303139166,0.0597097408106523,0,0,0,0,0,0,0,0,0,0,0,0.010757644444793,0,0,0,0,0,0,0,0,0.000482985351636409,0,0.00607666740759567,0,0,0,0,0,0,0,0,0.000119103660727159,0,0,0.024001393728364,0.00053068126043226,0.000791341782742271,0,0,0,0,0,0,0,0
0,0,0.000179359096506495,0,0.000403510245476142,0,0,0,0,0,0,0,0,0,0.00119478072586065,0.000325123615795819,0,0,0,0,0.000497371130577859,0,0.000876600548412012,0.00012928672637531,0,0,0.000165918085371311,0.00035469893359176,0,0.000414443049994229,0,0,0,0.00102206987482806,0.00761633186901554,0.0706013249647351,0.00681008306362354,0.00480515575202232,0.00269585202786152,0.000273447144823209,0,0,0,2.53689022738962,0.434080011460896,0.501219475797167,0.720700057332892,0,0.00387031303347456,0.000889568141293614,0.000572460970309053,0.0221564608328315,0.000154924570226089,0,0.0011468540450782,0.00336433060295658,0.000203424366019237,0.0131513093990196,0,0.00200370870484106,0.00167709956193827,0.00054902646175894,0.000371501383454417,0.00218583774692273,0.249072893498848,0.00294831880876064,6.24676256070168e-05,0.00155972366827037,0,0.0553532390669795,0.115592516042521,0.211208069438197,0.00590582678709194,0.000532068390287183,0.00270143847376926,0.0335196018360122,0.0564593651447129,0.00824328646590388,0.0300932959651263,0.000298296257827866,0,0.0122072710698092,0.22385456378972,0.0542482422847208
0,0,0,0,0,0,0,0,0,0,0,0,0,0,0.000452971526699653,0.000371769420385012,0,0,0,0,0.000205835168855911,0,0.000329252917062378,3.50662690590088e-05,0.0149739197295244,0.000205980213443147,0.000182559513456756,0,0,0,0,0,0,0.000192238429779489,0.00516205543490411,0.0288229753798694,0.0023632919408033,0.00138413454744315,0.00249471542337815,0,0,0,2.53689022738962,0,2.46333238394707,1.75784696007551,0,0,1.76446718040344,0.000574677692862102,0.000314313897174512,0.0769319308305996,0,0,0.000233432557156952,0.00158350012934241,0,0,0,0.411377675162846,0.000645091435218862,0.528679560858136,0,0.00174591661466409,0.137768941052635,0.0552959897383445,0.00666952154656008,0.0184823915223827,0,0.0258220739485457,0.0555019904016157,0.146515140283126,0.00178984098204773,0.575255700990191,0.0786171807932549,0.0542854446897191,0.0227094905141399,0.00126912662223966,0.00461617794500834,0.064306316099842,0,0.000950479941111843,0.28285292943482,0.0249979046970132
0,0.000794212963011631,5.06561172981491e-05,0,0.000588155919385372,0,0,0,0,0,0.000101816793638061,0,0.000334398408694127,0,0.000434284544554141,0,0,0,0,0,2.25924873191975e-05,0,0,3.08809705040639e-05,0.00401977996849797,0.00015194787915591,0.000335175790590585,0,0,0,0,0,0,0.000169034885115604,0.00219462858349839,0.00775563549086521,0.00018701880154665,0.000623935287722326,0.000672664231857538,0.000183615002045327,0,0,0.434080011460896,2.46333238394707,0,2.94351988130786,0.41172938438457,0.0628065930823757,0.221280668023379,0.00410561749848275,0.000778952524053703,0.0280580410581144,0,0,0.00508464662083828,0.00808379772189222,0.00607142596780658,0,2.01730021744777e-05,0.755263200761309,6.56671045425987e-05,0.0346855443667358,0.00625238159953216,0.00116890101197391,0.122152763533489,0.0262782741719647,0.0150915217139706,0.0871062763493489,0.000365120826822815,0.0653162197637385,0.0544196557815479,0.199093025278567,0.00175635706271922,0.0290688420141472,0.0642571434786222,0.0444147092840633,0.051642050982141,0.231802306665171,0.0696293263436114,0.0172758902404833,0.000980978707166361,0.0663540580926252,3.37438639770779,0.00939046423214207
0,0,0,0,0,0,0,0,0,0,0,0,0,0,0,9.08008099332926e-05,0,0,0,0,0.000124953076933752,0,9.05566695064185e-05,0,0,0,0,0,0,0.000243931605498019,0,0,0,0,0.000798335065957401,0.00334391355940425,0.00073703623759865,0.00091417460547219,0.000394355007310582,0,0,0,0.501219475797167,1.75784696007551,2.94351988130786,0,0.238044799163602,0.39157157524664,0.0679249308989159,0.0013645051185656,0,0.0191669525267047,0,0,0.000152369960697221,0.00416479511640119,0.00024703581346734,0,0,0.0102608201068163,0.000393877322109453,0.00463781831569788,0.000380068051608905,0.00188800261138301,0.086984729888366,0.00273361335179577,0.000487589551448927,0.00329080814348215,0,0.0311078456470491,0.041738773885718,0.129766339407862,0.0012993206648115,0.00242130113737395,0.00235377498112004,0.0177370217172557,0.024842189622762,0.00852655811330823,0.0230432027658446,0.00228179101569369,0,0.00590164964887543,0.194849476816815,0.00408189689120678
0,0,0,0,0,0,0,0,0,0,0,0,0,0,0,0,0,0,0,0,0,0,0,0,0,0,0,0,0,0,0,0,0,0,0,0,0,0,0,0,0,0,0.720700057332892,0,0.41172938438457,0.238044799163602,0,1.73102453745463,0,0.00272691209115384,0,0,0.000641797092824222,0.0885062418833993,0.517802783081946,0.000113378272306184,0.176931027290995,1.80734646152812,0.000942682726470243,0,0.0999740315684351,0,0.101838344563462,1.88039738349161,0,0,0,0,0.00745501918007586,0,0,0,0.0115619721392963,0,0,0,0.000345414025573762,0.11875649144517,0,0,0.031118946406504,0,0.0582991058495087,0
0,0,0,0,0,0,0,0,0,0,0,0,0,0,0,0,0,0,0,0,0,0,0,0,0,0,0,0,0,0,0,0,0,0,0,0,0,0,0,0,0,0,0,0,0.0628065930823757,0.39157157524664,1.73102453745463,0,0,0,0,0,0,1.24030767648844,0.218091163254653,0,0.0402827137538094,0,0,0,0,0,0.00824449166145026,0.000577758740099424,0,0,0,0,0,0,0,0,0,0,0,0,0,0.129149223040846,0,0,1.35463323534824,0,1.19288108230006,0
0,0,0,0,0,0,0,0,0,0,0,0,0,0,0,0,0,0,0,0,0,0,0,0,0,0,0,0,0,0,0,0,0,0,0,0,0,0,0,0,0,0,0.00387031303347456,1.76446718040344,0.221280668023379,0.0679249308989159,0,0,0,0,0,0,0,0,0,0,0,0,0,0.117351031430513,0,0.375983059805925,0,0,0,0,0,0,0,0,0,0,0,0.0153777173386797,0.000418010718993985,0,0,0,0,0.000835279613554507,0,0,0.00180584211950933,0
0,0,0,0,0,0,0,0,0,0,0,0,0,0,0,0,0,0,0,0,0,0,0,0,0,0,0,0,0,0,0,0,0,0,5.49215422354491e-06,0,0,0,0,0,0,0,0.000889568141293614,0.000574677692862102,0.00410561749848275,0.0013645051185656,0.00272691209115384,0,0,0,0,0.0006852222331643,0.0136284480557058,0,0.00206327190169982,1.16588805478477,0.196978654580235,0.000653792338563036,0.0341872558668756,0,0.0578116016085728,0,1.91980066124103,0,0.00279463766469487,0,0,0,0.237775027574208,0.000851380920261196,0.00487762566201297,0.00154300359263117,0.00854302967108309,0,0,0,0.0811099519602484,0.715606838173774,0.437523657952675,0,0,0.00945798623300464,0.00627900348220729,7.12284735022884e-05
0,0.11954327712351,0.00489868444226602,0,0,0,0,0,0.0261053837822184,0,0.00142691560570478,0,0.019309778411326,0,0,0.00529652943501539,0.00887205689685005,0.00038325538358585,0.00107944858435377,0,0,0.160665534791988,0.00232424287143257,0.00501483476367979,0.159115886284483,0.00263803286116389,0.0590316210342898,0.000312936150271823,0,0,0.000588352238124007,0,0,0.0010243155201782,0,0.00247201324216268,0.00708194658252272,0.00396350432771368,0.0023893988439036,0,0,0.010757644444793,0.000572460970309053,0.000314313897174512,0.000778952524053703,0,0,0,0,0,0,0.00180350656304743,0,0,0,0,0,0.0221450331648655,0,0.00397997209182899,0,0,0,0,0.0755671191687598,0.000490949482906032,0.000519619273459812,0.011676210226544,0,0,1.16067003009998,0,0.00509764997320255,1.21838821914712,0.0651225939905629,1.9490033916592,0.000303764260225436,0,6.60842256675529e-05,0.00125062974071534,0,0,0.00097254060188977,1.40723634708041e-05
0,0,0,0,0,0,0,0,0,0,0,0,0,0,0,0,0,0,0,0,0,0,0,0,0,0,0,0,0,0,0,0,0,0,8.75064648659408e-05,6.71169495109619e-05,0,0,0,0,0,0,0.0221564608328315,0.0769319308305996,0.0280580410581144,0.0191669525267047,0,0,0,0.0006852222331643,0.00180350656304743,0,0,0,0,0.00609487216331909,9.6836226478375e-05,0,0,0,0,0,0,0,0.00951166083671872,1.04623198922471,0,0.00629832945698378,0,0.0364173707893007,0.00420870054105156,2.35512783035881,0.000124734336594004,0,2.09836493769381,1.88337576536758,0.0250991544052322,2.31186659840606e-05,0.0215619049829189,0,0,0,0.0161915579648419,0.000284239527066931
0,0,0,0.177220966684799,0,0,0,0,0,0,0,0.0173248101185398,0,0,0,0,0,0,0,0.0203429985944811,0,0,0,0.0910155648883878,0,0,0,0,0,0,0,0,0,0,0,0,0,0,0,0,0,0,0.000154924570226089,0,0,0,0.000641797092824222,0,0,0.0136284480557058,0,0,0,0,0.000461876329184161,0.00326013011864882,0.000482700473928279,0.256869559890351,1.23209360887924,0,0.676245320523741,0,0.00218731659811994,0.000197633157445209,0,0,0,0,4.94932431736665,0,0,0,2.23436202922347,0,0,0,1.35364940986851,0.00139170850186996,5.37073432072981e-05,0,0,0.000440958971744386,0,0
0,0,0,0,0,0,0,0,0,0,0,0,0,0,0,0,0,0,0,0,0,0,0,0,0,0,0,0,0,0,0,0,0,0,0,0,0,0,0,0,0,0,0,0,0,0,0.0885062418833993,1.24030767648844,0,0,0,0,0,0,0.198944600048535,0,0.0174659901946465,0,0,0,0,0,0,0.000682003101642806,0,0,0,0,0,0,0,0,0,0,0,0,0,0.00262991566493622,0,0,0.152407426427512,0,0.0403450751384348,0
