0,0.000614412337713694,0.0435185252515196,0.00638099380511455,0,0.00104699560747603,1.26059179288841,0.0368255364831919,0.0440985025570797,0.030044967660259,0.00069952452360013,0.000752591814160103,0,1.80491569505019,0,0.000457301229868671,0.033012701786649,0.000192389780050824,0.0027228534297778,0.00587378281647802,0.0120271893548291,0.00549133004598656,0.0203709908030384,0.0360969198707612,0.000132472896080526,0.0161783095665562,0.00345714842536801,0.0569707837961735,1.22550867071128,0.380604696837505,0,0.000120546271252716,0.0117568538313688,0.012746523495852,6.94307739427529e-05,0.0129775937774204,0.0084928945249946,0.012749923098912,0.00975961596813796,0.000109672271315812,0.000742023195349301,0.000303313557919196,0.00148232393671892,7.63609089124654e-05,0.00129061791634842,0.00148852828684836,0,0.000155077094311019,0,0.00293916807773727,0,0.000138643380350745,0.000170420614095952,0,0.000165828621085093,0.00300991105835676,4.39419811184595e-05,0.0181733261103166,0.000238248739194741,0,0,0.000158473963803168,0.000797228781224952,0,0.00115121362215767,0,0,0,0,0.000506988099260355,0.00209340590765444,0.000280958248891293,0.0158535766177401,9.87739452622538e-05,0,0.000475954006456818,0.00584586310853233,0.0018402723896604,0.00172210330859086,0,0,0.00155568567287619,0.000504899115721322,0
0.000614412337713694,0,0.0833944262536242,0,0,0,0.000776449288250909,3.83438236686616e-05,0.176101515828901,0,0.00398215463388848,0,0.0371374396341562,0.00096684885125294,0.000287451391672537,0.0447988590405631,0.0226603460140921,0.000465610835621397,0.00363882191277038,0,0.000637190198492035,1.11506381546851,0.0108668702212459,0.0261924139490725,1.51791310568725,0.0383821330006883,0.982998532145122,0.00197318126633993,0.00120523242103462,0.00274349496588711,0.010107016609187,0,0.0022381057261226,0.0116748414949278,0.000717605472508822,0.0238331490118727,0.0905294745710257,0.027821396713355,0.0171316174303418,0.00151926868013297,0,0.0286088890659159,0.015570859047785,0.0361731133003677,0.0192872640294274,0.012758150311273,0,0,0.000889310807800177,0.00111752826710219,0.662909714067001,0.0246979319585823,0,0,0,0.000928305293896409,7.78776232336284e-05,0.0196784359740396,0,0.00209293183032642,9.30663664581496e-05,0.0131323869654897,0.000774624134724676,0,0.00587042557370307,0.0118796713482364,0,0.00121632528407737,0,0.000929297513515937,0.103105903572846,0.00199690096796433,0.00210165632962586,0.0331358363126087,0.0242431788550379,0.184569749196497,0.00119820101556197,0.000724057352711787,0.00100799108967753,0.00207182843463902,0,0.00048465637918288,0.00312782704081162,0.000608054008641005
0.0435185252515196,0.0833944262536242,0,0.000379726427210468,0,0.0044606857749911,0.338336718329061,0.0219933013189673,0.00457413197590456,0.0255220750203702,0.00466286339310277,0.000125717962138974,0.00258879929070095,0.0637896304121438,0.000478201031310159,0.00941463486648867,0.780813921797781,0.00138665288707862,0.0189223375825725,0,0.251153215352281,0.0243493598730775,3.11561103199688,0.0414180832492544,0.000247935856016261,1.3656819307294,1.62559101703558,0.290052475653212,0.025813222441419,0.319260061332072,0.00276056629995022,0.000515801238295411,0.00760507914716845,0.11337947841846,0.00463913207988105,0.233455609606792,0.357548253985531,0.296571143128141,0.120961851545411,0.00328117653132957,0,0,0.0112206281152976,0.00895302357472606,0.00735538904917821,0.00583551294750374,0.000461044258778798,0,0,0.000754048168462407,0.0623131697032364,0.0130958097055028,0,0,0,0.000889314027808192,6.33583917725253e-05,0.000642419753453955,0,5.33654570554617e-05,0,0.000502891186131204,0.000141828132828455,0.000685013816248648,0.0068377108590927,0.00440675760037646,8.89524789222723e-05,0.000247829984698757,0,0.00182351201141197,0.00506974966318053,0.00511916729328208,0.00404932896852474,0.000505311008956948,0.00237331014171843,0.104435031727946,0.00230151583653481,0.00031777652885179,0.00123372906398212,5.43051068705401e-05,0,8.66317585298294e-05,0.00179341106087437,0.00232963160665847
0.00638099380511455,0,0.000379726427210468,0,0,0.00286794673556208,0.132749401951626,0.00332841922585174,0.277024070322824,1.50653602139027,0.000107253347460283,0.9792165834026,8.26570798753289e-05,0.00671917901424107,0,0,7.75265583682974e-05,0,0,8.76581886632144,0.000225072106471863,0.000437621890130753,0.000114143601465282,5.47418126436087,0,2.3681908683381e-05,2.90054984373664e-05,1.88967803650166,0.0103120581110951,0.00048284755817991,0,0,0.00835097292488152,0.0037637348397436,0,0.00106458190673964,7.18010351790652e-05,0.00378715687616612,0.00269668528118907,0.00591923248970944,0,0,0.000269025554053264,0,0,0,0.000295458331533769,0,0,0,0,0,1.3189625263887,0,0.000273679630890829,0.00244036272987639,0.000163786581905993,0.00974413603463905,0.0289168316826364,0,0.0278296686609554,0,0.000376061148456259,0,0,0,0,0,0.452696342222638,0,0,7.3925761926468e-05,0.168411851573934,0,4.51577577468003e-05,9.57861999836746e-05,0.0770690615636817,0.000307610728693524,0,0,0,0.000912977180664442,0.000194846469104251,0
0,0,0,0,0,0.583242142013107,0,0.000213818335944607,0,4.46757513741271e-05,0.107983026705022,0,0.000109136252915753,0.00111529060588786,0,0,0.000104580766898617,0,0.000137504026746274,0.000113740248063272,0.000450409323028724,0,0.000412266085434429,5.13129887897935e-05,0,0,8.82941167012832e-05,0.00014811385825126,0.0249285510791332,7.67097919566109e-05,0,1.29585953364474,0.00106896354725373,0.594642371068502,0,0.00149192739783726,0.000560745747714267,0.0637701135177054,0.00394706220728422,0.650549203768877,3.59559176653284,0,0,0,0,0,0,0,0,0,0,0,0,0,0,0,0,0,0,0,0,0.000358409715288374,0,0,0,0,0,0,0,0,0,0,0,0,0,0,3.50897574682226e-05,0,4.98196678599197e-05,0,0,0,0,2.00561524828216e-05
0.00104699560747603,0,0.0044606857749911,0.00286794673556208,0.583242142013107,0,0.0822840242240699,1.34726029964341,0.0144311713602631,1.08942414547629,0.00203242929158647,2.68940638886261,0.000377091089665436,0.147837317447947,1.06745065105906,0,0.000752125816579227,0.000178247898193852,0.000192052600888619,0.00506727249667451,0.000756549746306573,0.000154202368200363,0.000967407402591877,0.0269478928247023,0,0.00128440299836407,0.000690543855185495,0.0277421129214762,0.165480889693456,0.000764013670096716,0,0.59778488168316,0.00190260437770609,0.0680223620433811,0.891505561921517,0.00146689707764201,0.00166549467908813,0.0114157382598838,0.000951747117235273,1.27984182551965,0.189936160492664,0,0.000377130238941816,5.56053287821979e-05,0.000595414480271433,0.00118536428804248,0.000410111726923893,0,0,3.75218444955685e-05,9.53283597981969e-05,0,0.000251812841854264,0,0.000133603026538677,0.00103785497155014,0.000155903594785012,0.00282310180550501,0.000389128140046049,0,2.51816902840812e-05,0,0.000393948732285007,0.000190075859792288,0,0,0,0,0.00032508893576781,7.98318424366793e-05,4.59470497267541e-05,0.000339772412100776,0.0040202110199311,0,2.8185494372351e-05,7.22572055878584e-05,0.00185866931726886,0.000248531547188297,0.000289004810304783,7.61398432119059e-05,0,4.00331461799562e-05,0.000199027043048717,0.00530885521960905
1.26059179288841,0.000776449288250909,0.338336718329061,0.132749401951626,0,0.0822840242240699,0,0.195260515824115,0.149644623385058,3.35513354950171,0.00209729203666289,0.0103484951507291,0.000669277127183755,1.20837772411845,0.000990565156485068,0.000174313637137157,0.0216016197317392,9.38902827421467e-05,0.00121743877022829,0.0300006651902834,0.0580391182997722,0.00463646928562892,0.0784750786888915,0.393437205990294,0.000162509534822476,0.0460025601375879,0.0174102478217456,4.12945846474444,0.206849477108133,1.85192849338303,0.000454742915552946,0.00188135637256982,0.0573046432277138,0.0514809203177172,0.00075038438127143,0.0310328491297052,0.0124058081512408,0.0545725885531123,0.0251373709078733,0.00382420899887109,0.000245431543528417,0,0.00255216652630962,0.000339110251954492,0.00134405433244843,0.000923096417981887,0.000499047260578668,5.30370681516889e-05,0,0.00169364201343561,0.00120394717355995,0.000343840940765373,0.000831773446366739,0,0.000253516138394461,0.010978053110748,0.000795703793843562,0.035632539275847,0.00119769037626922,8.16857473374889e-05,0.000358566550603449,3.21558038558129e-05,0.00301526400617428,0,0.00250819820153081,9.87599236662714e-05,0,0,0.00149026314210165,0.00118969133376482,0.00321261669164037,0.000377218177515725,0.0501803921467414,0,0.000129726954692932,0.00268858449350888,0.0146606985548913,0.00389757438557463,0.00368880928827635,6.22534351348604e-05,0.000128447315576186,0.00110173217779732,0.00196019464823552,0.000184204108909297
0.0368255364831919,3.83438236686616e-05,0.0219933013189673,0.00332841922585174,0.000213818335944607,1.34726029964341,0.195260515824115,0,0.0179708883369228,0.718795426071466,0.00172838928409012,0.0187136770829509,0.000185326428267354,1.74164910119675,0.00212809316758962,0,0.00729394593757042,0.00019615901900763,0.00109079610481171,0.00968036443840278,0.00449127971359046,0.000744942184878273,0.00817225082519059,0.0244565098043714,2.89899005582544e-05,0.00709546589440474,0.00207863872402295,0.035345208893993,0.482808261752552,0.041938846358377,5.10186501859362e-05,0.496877247575765,0.00227228150283609,0.0360475959058159,2.34349278767005e-05,0.00280979658188979,0.00145845574920576,0.0106272683453753,0.00175263124856178,0.0109486919716848,0.00085422110408465,0,0.000276072655472272,3.35426765344692e-05,0.000222631596950217,0.000145062490974272,0.000254486708042055,0,7.06879836490249e-05,0.000176524917379744,0.000144748491326284,0,3.96348420897766e-05,0,0.000129096432172676,0.00275413393938374,0.000106476612360809,0.00591969381608306,0.000145033489248094,0,0.000218095939933435,0,0.000422103357952764,0,0.000156557207133404,0,0,0,9.82325909058019e-05,0.000394251749590998,0.000449684358412963,0.000105454542377035,0.0075594151213826,0,0,0.00023681879993236,0.00213577692890668,0.000582090542649381,0.00071681766064734,0,0,0.000183881437348501,0.000354375616682757,1.96929631599637e-05
0.0440985025570797,0.176101515828901,0.00457413197590456,0.277024070322824,0,0.0144311713602631,0.149644623385058,0.0179708883369228,0,0.104372074806342,0.0025199068015583,2.46006085870049,0.00935572112013548,0.0410965708078769,0.0521069941385447,0.0223534500715357,0.00290870892844235,0,0.001298082614205,0.186902050243226,0.00161583749196824,2.4229321534468,0.00244780038417755,3.65302469996908,0.14348879215279,0.00610815472712887,0.144255845690669,0.102898961293742,0.0463239035317658,0.0364336246740627,0.00350606831866352,0.000731859542897752,0.029629173530122,0.0247775058151801,0.0172176667659572,0.0970123273136134,0.0311448163893637,0.0343712287499822,0.0317113313345867,0.508699370677943,0,0.011551072184281,0.00777490525833458,0.00245249981404639,0.00689983924866542,0.00673968436520458,0.00153722118523371,0.00013914508647643,0,0.0101080200518237,0.00876982220051711,0.0010682779047221,0.00531571353335191,0,0.000426366573653979,0.0339702062544979,0.00331374120326961,0.747086324379739,0.00510867191022395,0.000421717534394157,0.000846842334407913,0.00243842670272365,0.00725983821547507,0.000643946425927116,0.01974057548765,0.000260658206513834,0,0,0.00254113003151637,0.00431190847964978,0.107773463323319,0.00120120239325596,0.178200763882083,0.00611231656611875,0.000471781428882198,0.00428108930297177,0.0378002933661883,0.0100523306524618,0.014274075341138,0.000307342655652401,0.000301556439480204,0.00645973327068878,0.00520837191202527,0.00118392267047598
0.030044967660259,0,0.0255220750203702,1.50653602139027,4.46757513741271e-05,1.08942414547629,3.35513354950171,0.718795426071466,0.104372074806342,0,0.00198977283058888,1.62344138341852,0.000262207366102894,0.174062136677378,0.00275292742371829,0,0.00144468984397988,4.36419875565726e-05,0.000282305468319924,4.24325678153803,0.00219539916373864,0.000251990318905987,0.00389514628597146,0.317436543143564,0,0.00491752155525401,0.00158305322891452,1.15395866704596,0.102591296684356,0.00480716353904828,0,0.00161583815003749,0.0652885325783486,0.0494206109212228,0.000476251553722642,0.00529800763647384,0.00355848437261781,0.0317182298546616,0.00534577496651226,0.0098211913500587,0.000213541804473032,0,0.000971115693606886,0,0.000398267639247639,5.70863753905789e-05,0.000413884144930624,0,0,0.000468416738641161,2.77425812206568e-05,0,0.00375569887350573,0,0.000599347497591989,0.00566531545086224,0.000521915860485461,0.011112998590584,0.00306955272350833,2.71967932397353e-05,0.00526613944437019,3.25244073688864e-05,0.0010337871760251,0.000109876701087891,5.41976289219967e-05,0.000111349629815102,0,0,0.00288335844283668,0.000291270417005081,0.000377511025614551,0.000109862446993082,0.018665816372807,0,5.14360162835481e-05,0.000477048437972409,0.00542203547520178,0.00144638812048816,0.000980119994889519,0,3.8350170536258e-05,0.000260337131949249,0.000749188296250832,0
0.00069952452360013,0.00398215463388848,0.00466286339310277,0.000107253347460283,0.107983026705022,0.00203242929158647,0.00209729203666289,0.00172838928409012,0.0025199068015583,0.00198977283058888,0,0.000627984569516905,1.70196773520285,0.00924457462837334,0,0.000608668508306192,0.0703981955627157,0.670051443007629,1.41785754389697,0.000149728076994651,0.00218822079675199,0.00269003352791097,0.00200089943898839,0.000775011885858209,0.0810812218918238,0.297390832914445,0.0692857485438952,0.00169123876029752,0.101595544726106,0.00460190562227647,0.271505853202042,0.887258176029603,0.0052253324156816,1.37604511745087,0.000252407616972099,0.0294660071412655,0.723764698990076,1.08733079247089,0.0484117654398318,0.0103244627119009,0.338668733010252,0.0134797765599466,0.000889664809813205,0.0421602696831044,0.00278303576846964,0.000312185202740103,0,0,0.000896430788224413,0.000155710322210931,0.0024040487265209,0,0,0,0,6.64648621359482e-05,0,0.000251285593679325,0,0.00359639734445035,0,0.0312985462069602,8.83996916096071e-05,0,0.000253394882426481,0,0.000235718643892331,0.000815901070860074,4.0100151904348e-05,0.000133617696107102,0.000468199360057771,5.2853396601488e-05,0.000357011488339057,0.0176394136316112,0.00463357397660918,0.0148422947713322,8.80720712304276e-05,0.000259784145553542,0.000175724475203884,0.00431139150326514,0,0.000138691998982469,0.000851305170297057,1.45217433310581e-05
0.000752591814160103,0,0.000125717962138974,0.9792165834026,0,2.68940638886261,0.0103484951507291,0.0187136770829509,2.46006085870049,1.62344138341852,0.000627984569516905,0,0.000127028998178257,0.028374497529924,0.729981374879081,3.23868527711644e-05,0,0,5.65692389121702e-05,8.88732012855962,0,0,4.28142404552793e-05,1.47769907087004,8.62332421827585e-05,0.000188793675394587,3.96760420416308e-05,0.0405507530267538,0.0201164930497326,0.000325214969661772,0.000190279462008433,0.000318560124372692,0.00449013469999668,0.0309105062911139,1.00372259873332,0.0118584750401818,0.000631990814437833,0.00976783959741131,0.000450617908469039,0.427329454854682,0.000507613853450492,0,0.000404063591485773,9.20138136038301e-05,0.000100238015865862,0,0.000694956728737399,0,0,0.000369544172996166,0,0,0.0128894045372937,0,0.000122053705081373,0.000692475437081647,6.16490588397587e-05,0.000998931807020448,0.000592671071632283,0,0.104930428230202,0,8.93527021311762e-05,0.00026739466728197,0,0,0,0,0.172052374165514,0,0,0.00013340610476309,0.00284974214928276,0,6.4386749348052e-05,3.71019773557019e-05,0.000346767069023517,4.04645865297007e-05,0,0,0,0,0,0.0118667566864716
0,0.0371374396341562,0.00258879929070095,8.26570798753289e-05,0.000109136252915753,0.000377091089665436,0.000669277127183755,0.000185326428267354,0.00935572112013548,0.000262207366102894,1.70196773520285,0.000127028998178257,0,0.00155874155372713,0,0.00135252834984108,0.00194858964851921,0.00448966554128622,0.00948235053219048,8.61471925261981e-05,0.000187051940992943,0.0237889616207383,0.000549337016931319,0.00228361562660931,3.0962677771264,0.235585959624784,0.350967295607551,0.000272275190935053,0.00659190066185343,0.00162030173907241,1.8972530276543,0.00149519652665403,0.00113211547561028,0.0627795685474196,0.000179817020229222,0.0978949178279304,1.37221509577059,0.299775846020202,0.333761129423898,0.000256844858588554,0.00213473156168568,0.387767640943311,0.0708270152562936,0.199900864019716,0.0253587578414679,0.016160649376073,0,0.0024816413565203,0.00695483418197705,0.000279819772107439,0.013742805508548,0,0,0,6.36065088007525e-05,0.000209953005334143,0.000116395817985096,0.00303306602213217,6.18955779658754e-05,0.0179986553318722,0,0.27607512333873,0.000296463561697448,0.000250178135594329,0,0.000194414048438393,0.000295866739255475,0.00104956786000435,0,0.000166737470285189,0.00122198362337063,0.000418837063187667,0.000654797091504598,0.0906474810293855,0.0172289238564551,0.049770771755919,0.000435352679255865,0.00157605174998563,0.000338407620618374,0.0243645468071084,0.00101052531482759,0.00058349088544851,0.003821824948425,5.59048335482764e-05
1.80491569505019,0.00096684885125294,0.0637896304121438,0.00671917901424107,0.00111529060588786,0.147837317447947,1.20837772411845,1.74164910119675,0.0410965708078769,0.174062136677378,0.00924457462837334,0.028374497529924,0.00155874155372713,0,0.000130812871392924,0.000300754670254143,0.0308818840055938,0.000969261868414952,0.0031684794146236,0.0116358311459084,0.0151621230065155,0.00421154275179985,0.0243959147912049,0.0562747160452009,0.000479853373610011,0.0253751075321654,0.00667286675417266,0.101260439249872,2.71692053887537,0.259722266887456,0.000629540185784018,0.346626330588126,0.0213510244246048,0.197681190867565,0.000219665664315841,0.016614114869238,0.0121869788004475,0.124271813921274,0.0194878473797563,0.0108668895644589,0.00185467232867262,0.000121734166311034,0.00135849486223938,0.000398099165946943,0.00102501359155551,0.000842466051100853,0.000327072453026827,0,0.000257832028548139,0.00209036458675098,0.000485579463750251,0.000168603246244829,0.000125527581690561,0,0,0.00525471838925029,0.000976499392624122,0.0211425803492237,0.000539015640745277,0.000106971565300498,5.78724648286356e-05,0.000269319931400593,0.00171686971368467,0,0.00208039072299464,0,0,3.44906161083448e-05,5.93407927108845e-05,0.00105889642845032,0.00249877905187987,0.000423937638332411,0.0275707872286348,0,0,0.000857391086422087,0.00921426419033625,0.00268999954298887,0.00323177963745495,0,5.00353417644903e-05,0.000722341196786066,0.000741872628178969,2.63849152234725e-05
0,0.000287451391672537,0.000478201031310159,0,0,1.06745065105906,0.000990565156485068,0.00212809316758962,0.0521069941385447,0.00275292742371829,0,0.729981374879081,0,0.000130812871392924,0,0,0.000559865613150523,0,0.000114226292970903,0.000365384893429382,0.000537781773329413,0.00034676620229308,0.00195194331921392,0.000819190265996758,0,0.000151166730226148,0.000880177122366861,0.000530924929869206,0,0.0004459401822084,0,0,0.00145762264625277,0.000637348212152132,0.216040834560083,0.0411799218523337,0.013999051641513,0.00224720023705742,0.00380344532526114,0.732422995582663,0.00256991266387388,0,0.00287417216959763,0.00271355874607284,0.00104829913625044,0.0100124135718557,0.00110067495254713,0,0,0,9.99022091651633e-05,0.000384925026121419,0,0,4.44299991439186e-05,0,0,0,8.86537225298965e-05,0.000161106470532241,0,7.63158103394314e-05,8.63652266478096e-05,0.0319451086675933,0,0.000310149268493983,0,0,0,0,0,0.000575907417520292,0,0,0.000149483183979236,0.000899289580644035,0.000241584306372333,0,0,0,0,0,0,0.0186801553824549
0.000457301229868671,0.0447988590405631,0.00941463486648867,0,0,0,0.000174313637137157,0,0.0223534500715357,0,0.000608668508306192,3.23868527711644e-05,0.00135252834984108,0.000300754670254143,0,0,0.004888976864098,0,0,0,0.358571001636092,4.32719032188385,2.1747696823729,1.39835164268199,0.00748010573347766,0.00723327691692385,0.907265450493303,0.128518039732503,0.000416496801931214,0.00861395915759696,0.00042253488638776,0,0.00042844858872083,0.00932367034207384,0.00217577604096869,0.0829378808026635,0.0846574500297142,0.0386922046718999,0.0403496856737297,0.00606704052758492,0,0.000380349857167108,0.0116147111158668,0.0104075329434432,0.00574126369349965,0.00586014096872046,0.000945411151434135,0,0,0.00263126259957343,0.00222045912544253,0.00288816162492204,0,0,0,0.00265011538086429,0.0005593802859451,0.0175765294411412,0,0.000209262717777427,0,0.000519539338775283,0.00181716272037844,0,0.728079436533602,0.000519354364495,0,0.000149162514599205,7.31568316907939e-05,0.0658956909750324,0.407187149285567,0.203305859732115,0.0419001616942671,0,0.000487626232508421,0.0185823441315334,0.0367982341159231,0.00250741617535391,0.00981448640804992,0,0,0.00137740533473927,0.00181617431191734,0.000811659679376447
0.033012701786649,0.0226603460140921,0.780813921797781,7.75265583682974e-05,0.000104580766898617,0.000752125816579227,0.0216016197317392,0.00729394593757042,0.00290870892844235,0.00144468984397988,0.0703981955627157,0,0.00194858964851921,0.0308818840055938,0.000559865613150523,0.004888976864098,0,0.0739112223256136,2.42697316493492,0,0.0922333530469954,0.00447931004897002,1.3750095574582,0.00484723993605538,0.00088021442485061,0.876879229932023,0.240891456978956,0.00952993184129488,0.413121972062843,0.138451830797192,0.00144757075298749,0.000591650416745465,0.0487442239452195,0.631541060957411,0.000478790708055522,0.0328243437569192,0.205628646370723,0.0954776312762197,0.0318229274747232,0.000423963975277422,0.000633586900241359,0,0.00308221942924468,0.0037422567060265,0.00305543928164256,0.000563937536974823,0,0,0,0,0.0306027046640887,0.0038286404334378,0,0,0,0.000190358260572616,0,0.00065090310609546,0,0.00029901660596127,0,0.000741662489449192,0,0,0.000798441733080349,0.000897890139651735,0,0,0,8.95795523901876e-05,0.00110793140472494,0.000403354927973858,0.000605607474726788,0.000903169487034658,0.00151917020762016,0.0280715395436064,0.000566286533093989,0.000104018210518427,0.00040758943179316,0,0,0,0.000525807646232857,0.000129478734857038
0.000192389780050824,0.000465610835621397,0.00138665288707862,0,0,0.000178247898193852,9.38902827421467e-05,0.00019615901900763,0,4.36419875565726e-05,0.670051443007629,0,0.00448966554128622,0.000969261868414952,0,0,0.0739112223256136,0,2.56644220574376,0,0.00013768232484323,0.00059427652157534,0.000505678450475346,0,0.00300599241701454,0.430057610522663,0.0132609077990331,0,0.0864429759409323,0.00107785788022422,0.00864761591455426,0.00239252293987222,0.000583543812149081,0.0318586769956742,4.57070406621971e-05,0.00972134460071128,0.0927010352292469,0.0627857495064363,0.00810425858268133,0.000400145430311336,0.00085805275537406,0,0.000128308199243779,0.0011043011933311,0.000822674343084029,0,0,0,0,0,0.00207813618107171,0,0,0,0,0,0,0,0,0,0,0.00160727544762455,0,0,0,0,0,0.000345855415789787,0,0,0,0,0,0.00549527159992962,0.0011314204645425,0.00275501195554884,0,0,0,0.000566027650332226,0,0,0,0
0.0027228534297778,0.00363882191277038,0.0189223375825725,0,0.000137504026746274,0.000192052600888619,0.00121743877022829,0.00109079610481171,0.001298082614205,0.000282305468319924,1.41785754389697,5.65692389121702e-05,0.00948235053219048,0.0031684794146236,0.000114226292970903,0,2.42697316493492,2.56644220574376,0,0,0.00230708814156896,0.000854518482291215,0.0092270750576389,0.000463369880339732,0.00540196066846187,2.39387059204493,0.0780554986180759,0.00126529066716582,0.0124712430144147,0.0131907928856885,0.0120602162991366,0.000977909813791567,0.00330234644239514,0.576755825494345,0.000722615423468563,0.0410186992810891,0.296528974995364,0.352991702633121,0.0372021308128352,0,0,0,0.000468435671149001,0.00402093797884529,0.00188383236956129,0.000149506073627271,0,0,0,0,0.011836015923936,0.000362917814485275,0,0,0,0.000346726775519947,0,0.000253994987544508,0,0.000397526043151266,0,0.00350195612610509,0,0,0.000144962499034446,0,0.000354070195684276,0,0,0.000153045221424649,0.00012001045557147,0.000187685555335337,0.00035126081445629,0.0117027729394677,0.00297200271490552,0.0117845328519138,0,4.00793537238815e-05,8.81441032404033e-05,0.00100421606212241,0,0,0.000390368585079359,0.000362316236892061
0.00587378281647802,0,0,8.76581886632144,0.000113740248063272,0.00506727249667451,0.0300006651902834,0.00968036443840278,0.186902050243226,4.24325678153803,0.000149728076994651,8.88732012855962,8.61471925261981e-05,0.0116358311459084,0.000365384893429382,0,0,0,0,0,0,0,5.13992581636293e-05,1.26083521295747,0,0.000101605586179936,0,0.210725160201358,0.0104142052066886,0.000161932211293373,0.000160821830370802,0.000456514358457105,0.0178785286495705,0.00853159617853134,0,0.00412067107918067,0.000286363209956141,0.004987306883626,0.00127807845814352,0.033108718147755,0.000871530117425773,0,0.000274283429408028,0,0,0,0.000156149643716404,0,0,0,0,0,0.00723664312433338,0,0.000582224604348204,0.000737130281618209,0,0.00232291475658252,0.000366326023542589,0,0.0666905456541886,0,0.000190135603971089,0,0,0,0,0,0.431597109305974,0,0,0,0.00401015509464647,0,0,0,0.000456279796142989,7.04423351678175e-05,6.86866231471043e-05,0,0,0,0.000163184667012877,0
0.0120271893548291,0.000637190198492035,0.251153215352281,0.000225072106471863,0.000450409323028724,0.000756549746306573,0.0580391182997722,0.00449127971359046,0.00161583749196824,0.00219539916373864,0.00218822079675199,0,0.000187051940992943,0.0151621230065155,0.000537781773329413,0.358571001636092,0.0922333530469954,0.00013768232484323,0.00230708814156896,0,0,0.034365993048407,4.33531974978582,0.0197556725562246,3.70635725134918e-05,0.0170045589104633,0.0693465345139624,1.63106155403632,0.858168010190329,3.2748343349429,5.76678489939701e-05,0.00074010283792106,0.483505299094452,0.166049342813444,0.0142052408267416,0.512434824194,0.264655092089735,0.337439677526846,0.201149313906923,0.0220143864913227,9.14389072455973e-05,0.000593703106044469,0.00618030329069983,0.00276751078198319,0.00183799226848325,0.00181480557757355,0.000358619022427002,0,0,0.00184490207483483,0.000651962516967965,0.00232659411816652,5.34190428624214e-05,0,0,0.00373948234690375,0.000460168926779578,0.00191912433422252,4.10768925333371e-05,4.43847132857117e-05,0,0.000116364557663061,0.00164576768675462,0.00129428871766966,0.0569648396012637,0.0006117423061362,0,0,0,0.0336033933698692,0.0344931424598462,0.030405054036344,0.0224112110897306,6.84514957059804e-05,0.000235828530776886,0.00711664878462567,0.0289284515880492,0.0027694005809834,0.010674071742623,0,3.30801910902365e-05,0.00065124299724338,0.0013214491195585,0.00275294582483451
0.00549133004598656,1.11506381546851,0.0243493598730775,0.000437621890130753,0,0.000154202368200363,0.00463646928562892,0.000744942184878273,2.4229321534468,0.000251990318905987,0.00269003352791097,0,0.0237889616207383,0.00421154275179985,0.00034676620229308,4.32719032188385,0.00447931004897002,0.00059427652157534,0.000854518482291215,0,0.034365993048407,0,0.200581672929825,1.23671938158096,0.375500362132025,0.00691042119710214,1.24249738556259,0.0798923488988884,0.00791985514879124,0.0172819042691987,0.00318692206767699,0.000353447238101102,0.00633751902746614,0.0161838428991014,0.00156389437501195,0.0817468415489771,0.0978327334911282,0.0477737067290024,0.0504090336686502,0.00577847690934843,0,0.0158136768224193,0.0165992516009901,0.0126840247266867,0.00754153116731638,0.0105919283539871,0.00117338536671202,0,0.000543176477248358,0.00129381557617863,0.0387552370387961,0.00422653332709474,0,0,0,0.00296479527452535,0.000205227228089479,0.304072800755219,0.000146259221185073,0.000264871273162329,0,0.00365030334762903,0.00155314477812659,0.000166115383420144,0.267352901316753,0.000840658937010841,0,0,0,0.0134640060167385,0.703874529321993,0.0558065453367373,0.0388948269044926,0.0100635425542676,0.00056430188569009,0.0582791867930694,0.0174047654833255,0.0030805512326898,0.00570028015244246,0.000209864275159503,0,0.00104652739183644,0.00291040388031417,0.000701141849782094
0.0203709908030384,0.0108668702212459,3.11561103199688,0.000114143601465282,0.000412266085434429,0.000967407402591877,0.0784750786888915,0.00817225082519059,0.00244780038417755,0.00389514628597146,0.00200089943898839,4.28142404552793e-05,0.000549337016931319,0.0243959147912049,0.00195194331921392,2.1747696823729,1.3750095574582,0.000505678450475346,0.0092270750576389,5.13992581636293e-05,4.33531974978582,0.200581672929825,0,0.0176240068869972,0.000223585774286699,0.172913765934649,1.39910445618035,0.387504608512619,0.860014196182396,0.364301991634182,0.000230010941787046,0.000832326460909657,0.42027702683333,0.162099333619441,0.0259590313711097,0.658107148784991,0.50230345262832,0.521042546862367,0.343326001065405,0.0580364851193611,0.000284809973516149,0,0.0136421819046852,0.007817612622221,0.00310935113878977,0.00359883985964845,0.000373085000579209,0,0,0.00040842386538182,0.00248129799329141,0.0030898946216963,0,0,0,0.00120947643074964,3.86171937496595e-05,0.00195133682807094,0.000117875921524116,0,0,0.00043476955894276,0.000237503646051752,0.00082839437936875,0.207944337972564,0.000302137338270235,0,6.404730511618e-05,0,0.0312356014674545,0.114953101476361,0.0923174367630833,0.012800906013366,0.000311220121512858,0.000157473122929762,0.0736179107502441,0.0158203620630901,0.000656046573890685,0.00410434576326507,5.02926243507919e-05,5.11560533070254e-05,0.000284764999466331,0.000800862063691959,0.00604508490007917
0.0360969198707612,0.0261924139490725,0.0414180832492544,5.47418126436087,5.13129887897935e-05,0.0269478928247023,0.393437205990294,0.0244565098043714,3.65302469996908,0.317436543143564,0.000775011885858209,1.47769907087004,0.00228361562660931,0.0562747160452009,0.000819190265996758,1.39835164268199,0.00484723993605538,0,0.000463369880339732,1.26083521295747,0.0197556725562246,1.23671938158096,0.0176240068869972,0,0.0112056117891407,0.0123899462427484,0.207769329440411,2.18034287981949,0.0869405703617587,0.075028042191427,0.000395638764491443,0.000472075355599212,0.0337822088179885,0.0362447112865094,0.00165231848773455,0.0701824575831591,0.0329417486173476,0.0419797777068445,0.0374323334380404,0.0131468140268942,0.00017627892664757,0,0.0214243761317655,0.00510456680758023,0.0166063965393968,0.0101674896815251,0.00483122290025339,0.000112523524868692,0.000401682873508436,0.0188144252304913,0.00220828468585052,0.00278715504131011,0.00664363655890792,0,0.00169326967041764,0.0823925761260762,0.00603419048427496,0.237020468145198,0.0121716383612051,0.000236449816274817,0.00457256243014112,0.000976885063637178,0.0243444067276464,0.000412158807543979,0.0838216710707438,0.00147005425438259,0,0.000440595865709837,0.00714721472317774,0.0269690386923907,0.0755501280316932,0.0270498037484,0.388625282651279,0.000495055627650007,0.000376308129958303,0.0094330866211804,0.145132436571541,0.0359035350500605,0.0418042059745569,0,0.00016961471857012,0.0104503666837387,0.0147659317722345,0.000419287910483078
0.000132472896080526,1.51791310568725,0.000247935856016261,0,0,0,0.000162509534822476,2.89899005582544e-05,0.14348879215279,0,0.0810812218918238,8.62332421827585e-05,3.0962677771264,0.000479853373610011,0,0.00748010573347766,0.00088021442485061,0.00300599241701454,0.00540196066846187,0,3.70635725134918e-05,0.375500362132025,0.000223585774286699,0.0112056117891407,0,0.0194376347255269,0.448155360516593,0.00121768507366421,0.00105242478017935,0.000299206661383358,0.0598225407534881,0,0,0.0110743567886142,3.49344280533194e-05,0.00881800399496162,0.570399123303572,0.077188447014253,0.00644003528230339,0.00109338958373128,0,0.769520404656429,0.00496645267995605,0.100206295905775,0.0172644342966634,0.00273591241776427,0,0,0.00164004125581126,0.000887047415346575,0.05655689768966,0.000370416691682484,0,0,0,0.000160846666961572,0,0.00609466075364056,6.7197083765025e-05,0.00792214827505847,0,0.139140807026844,0.000158986355290443,0.000162129862336874,0.00146251210636311,0,0.00206273864676419,0.00174031817861747,0.000154845439251691,0.000366035538143241,0.0110860042423905,0.000393974725210659,0.00126510061592802,0.22041611255035,0.0244718958436631,0.0974245364395213,0.000183287220912956,0.000977141618297133,0.000248486750942358,0.0181808340932293,0.000241237847891939,0,0.00355141173149023,9.74620771611133e-05
0.0161783095665562,0.0383821330006883,1.3656819307294,2.3681908683381e-05,0,0.00128440299836407,0.0460025601375879,0.00709546589440474,0.00610815472712887,0.00491752155525401,0.297390832914445,0.000188793675394587,0.235585959624784,0.0253751075321654,0.000151166730226148,0.00723327691692385,0.876879229932023,0.430057610522663,2.39387059204493,0.000101605586179936,0.0170045589104633,0.00691042119710214,0.172913765934649,0.0123899462427484,0.0194376347255269,0,2.37064175713945,0.0194296007465738,0.0242155635678897,0.0896795716496199,0.423111807290368,0.000535235335914986,0.00313453811069111,0.125512333821373,0.00236837029170723,0.152859911987423,0.654167992189741,0.312182421911143,0.0518575755387263,0.000313287276512926,4.85717538006077e-05,0,0.0097581537522082,0.0284737586977198,0.0129451922335942,0.00345526425709137,0.000272791679807028,0,0,0.000177182697604597,0.0761313315510468,0.0046165435510084,0.000108571752153009,0,2.92226841538124e-05,0.000465956617626914,0,0.000847221304179706,0,0.00288333934247924,0,0.0281202100912285,0.000182206219801643,0.000597046063776423,0.00111416562198542,0.00290170601232667,0.000702936541610637,0.00218808848376032,0,0.000442650285890434,0.00202113494559537,0.000681852688101551,0.00106364309598245,0.0394640232353356,0.0414960466551718,0.182242866363409,0.000800216735242954,0.00058422003853098,0.00038313025163499,0.00472836267492991,0,0,0.00310395282619804,0.00132175399274283
0.00345714842536801,0.982998532145122,1.62559101703558,2.90054984373664e-05,8.82941167012832e-05,0.000690543855185495,0.0174102478217456,0.00207863872402295,0.144255845690669,0.00158305322891452,0.0692857485438952,3.96760420416308e-05,0.350967295607551,0.00667286675417266,0.000880177122366861,0.907265450493303,0.240891456978956,0.0132609077990331,0.0780554986180759,0,0.0693465345139624,1.24249738556259,1.39910445618035,0.207769329440411,0.448155360516593,2.37064175713945,0,0.166311929126977,0.0105171288883067,0.0270561844508804,0.270535152064009,0.000471868886893637,0.00347853809450217,0.216602990825644,0.01908436011423,0.394705960263328,0.529186105434543,0.521524101366024,0.214248986314956,0.00830565662689726,0,0.000578585075251918,0.0667190596109651,0.0917498675160728,0.0563041356228439,0.0282706078184112,0.000871233415068018,3.66171309160658e-05,0.000435523656832314,0.00155500398658553,0.247349704198849,0.0415920930542831,0.000122786662819592,0,8.19870606327748e-05,0.00573116201555795,0.000420388646983784,0.00722142969591457,5.88758299653343e-05,0.00579701206379624,3.24269753950992e-05,0.0599418675905449,0.00176347913027694,0.00149560513306398,0.089812995181343,0.020002551514277,0.00170006173792845,0.00497185403478313,0,0.00419501729730739,0.0862316708348906,0.0440597602209918,0.00608655218700352,0.0947739847060604,0.0928463979883704,1.09434393799132,0.00776972317727036,0.00160907028925359,0.00434752579479677,0.00919999180455853,0.000143856102463583,0.000174489187570629,0.0138377079238961,0.0104590403462705
0.0569707837961735,0.00197318126633993,0.290052475653212,1.88967803650166,0.00014811385825126,0.0277421129214762,4.12945846474444,0.035345208893993,0.102898961293742,1.15395866704596,0.00169123876029752,0.0405507530267538,0.000272275190935053,0.101260439249872,0.000530924929869206,0.128518039732503,0.00952993184129488,0,0.00126529066716582,0.210725160201358,1.63106155403632,0.0798923488988884,0.387504608512619,2.18034287981949,0.00121768507366421,0.0194296007465738,0.166311929126977,0,0.154925608527358,1.38425483595816,0.000109008534199519,0.00134141169132406,0.0636421634641308,0.0877703609844124,0.00557126982882303,0.242782768137336,0.105864876334854,0.1426624894574,0.104444303007546,0.00896162332446573,0.000416253161925469,0,0.00832886817971192,0.00283078773374027,0.00384385335421587,0.00299006845591372,0.000530315744841411,0,0,0.00775161281531026,0.000773276403716674,0.00301394036200622,0.00185404065533613,0,0.00017594984144209,0.0206045030381008,0.00192961996162855,0.0410769654798471,0.00189146398774059,0.000326077773844484,0.00107587484945894,0.000594000482200987,0.00977864903555977,0.000311071633647686,0.0548198184206674,0.000654662911966648,0,0.00026743941780903,0.00165988439345747,0.0244124649803345,0.0388239374973657,0.0197770291394955,0.0997342452617865,0.000212703704729715,0.000351793304213273,0.00891804795077738,0.064112674456889,0.0128873068206173,0.026380534542016,0,0,0.00294588524145348,0.00397001424972829,0.0012064444310466
1.22550867071128,0.00120523242103462,0.025813222441419,0.0103120581110951,0.0249285510791332,0.165480889693456,0.206849477108133,0.482808261752552,0.0463239035317658,0.102591296684356,0.101595544726106,0.0201164930497326,0.00659190066185343,2.71692053887537,0,0.000416496801931214,0.413121972062843,0.0864429759409323,0.0124712430144147,0.0104142052066886,0.858168010190329,0.00791985514879124,0.860014196182396,0.0869405703617587,0.00105242478017935,0.0242155635678897,0.0105171288883067,0.154925608527358,0,4.4100872798314,0.00135449577144366,0.997226313625396,1.34670799842834,1.75148676003534,0.000776083206433176,0.0617124857404627,0.0350686222217698,0.633814900049525,0.0743525781448328,0.0317804124643687,0.204049233707822,0.00177382588985923,0.00275913787693062,0.00058428251907459,0.00345985829584715,0.00111862082243297,0.000129227077296085,0,5.65135534469925e-05,0.00278637396784664,0.000399417550490803,0.000242605300206724,6.33474314051727e-05,0,8.4628959362538e-05,0.00942395651024634,0.000917627453151819,0.0284583112408007,0.000344279544127334,7.79383699361003e-05,9.28573108784411e-05,0.000693088604444481,0.00363389715708198,0,0.00384415864930302,0.000102163243559147,0,0,0.000220667539821071,0.00228956863840843,0.00459443174166096,0.000910917372358493,0.0479839048316649,0.000366621053802948,0.000292211078258971,0.00220173587788254,0.0199309103131901,0.00440245431141884,0.00595605027695622,0,0,0.000704300848572731,0.00123925296895445,0.000159661693281138
0.380604696837505,0.00274349496588711,0.319260061332072,0.00048284755817991,7.67097919566109e-05,0.000764013670096716,1.85192849338303,0.041938846358377,0.0364336246740627,0.00480716353904828,0.00460190562227647,0.000325214969661772,0.00162030173907241,0.259722266887456,0.0004459401822084,0.00861395915759696,0.138451830797192,0.00107785788022422,0.0131907928856885,0.000161932211293373,3.2748343349429,0.0172819042691987,0.364301991634182,0.075028042191427,0.000299206661383358,0.0896795716496199,0.0270561844508804,1.38425483595816,4.4100872798314,0,0.000405003998756499,0.000798090342426053,1.04543436617867,0.471684838174097,0.00379155064573927,0.156526297960429,0.0817646628633011,0.113112209483972,0.0588595917644097,0.0033006721597405,0.000163906715462334,0.00030283491470077,0.00513772925557047,0.00131096242117158,0.00234172581305347,0.00220828601324553,2.68721004172152e-05,3.65169141896236e-05,4.31655264974185e-05,0.00310288143294945,0.000969756085579972,0.00147083044723402,0.000156887144463545,0,0,0.00694750791415314,0.000756969553897594,0.0178493108218058,3.57939104460745e-05,0.00022266540660697,2.14676689342117e-05,8.24055802245136e-05,0.00324763205264795,0.000228892917292682,0.0175457375680005,0.000152822377799617,0,0,3.07695526186094e-05,0.0130731788172282,0.0130069921207126,0.00691099185425133,0.0414155339367349,0.000239599909065554,0.000426895541071555,0.00475308607562877,0.0295693788278291,0.00446896196677747,0.00806534929323921,7.90287488245467e-05,0,0.00132691157749535,0.00186444682346183,0.000277071498024142
