0,0,0.0428284408086285,0.000893621735671783,0.00016188869102754,0.123918810393204,1.35581233882921,0.956739801287277,0.000360655346774034,0.149801164728314,0.00253897816494381,0.00291882961940567,0.000923851725827727,3.77702985835173,0.0057350335673788,0,0.0164309397671433,0,0.000820797519355752,0.00583145934443192,0.0302683656215955,0,0.0349675570099787,0.000604457219960559,0,0.00582221578003616,0.000609218669869963,0.0148400046653138,1.22457441509057,0.757114208508447,0.000447230506676539,0.00683331249446535,0.00586832321961589,0.0215875490822108,2.40813989507195e-05,0.00284719179514846,0.00344736348486879,0.0194067900227099,0.0111204109460582,0.0280687547919665,0.000497258713583894,0.00177776709987773,0.000103541234744127,0,0,0,0,0,0,0,0,0,0,0,0,0,0,0,0,0,0,0,0,0,0,0,0,0,0,0,0,0,0,0,0,0,0,0,0,0,0,0,0,0
0,0,0.0699902033571737,0,0.000226403740947394,0.00040875405703829,0.00040031249151426,9.13192395612765e-05,0.170819102948168,0,0.0127746633489977,0.000883768243595213,0.215430075532034,0.000328156769524677,0.000745714269357638,0.0585592677461657,0.0568467606661837,0.00698807925897285,0.0571743577887088,0,0.000583913678371004,1.18530233476863,0.00326811571394685,0.0740457485751216,2.93684014275144,0.0844709661760068,1.2305527155764,0.00252148876168566,0.000458335175899192,0.000184858168234041,0.00841834127582707,0.000423489284675574,0,0.0266339779044642,0.000147882076458542,0.0172065860044066,0.229630854203308,0.0856358116347773,0.0186399309933755,0.0135636200834629,0,0.121943039274869,0.00180487052068304,0.0262976242312787,0.0190853168334702,0.00759539090498036,0.0012392496133445,0,0.000500399124458345,0.00035615405392327,1.93920123688899,0.0439330284956384,0,0,0,8.21789465985214e-05,0,0.00353788627093663,0,0.00650054379345363,0,0.0524006286351249,5.21935060626812e-05,0.0011507740664837,0.00679109802650678,0.0171319111971166,0.000959544502405561,0.00779482814907152,0,0.000142464959769936,0.0433986386375876,0.000981674921184969,0.0018939432905298,0.296758012427273,0.0661588223055892,0.220770297708436,0.000238468880756742,0.000241384426578911,0.000498341477726035,0.0023476683566839,0,0,0.0114525037316529,6.56808547874764e-05
0.0428284408086285,0.0699902033571737,0,0,0,0.000818356954235117,0.0293304087231303,0.0031315454970732,0.00338800977471052,0,0.00928694532200931,0,0.00520978976930547,0.01557489132979,0.00117849499588574,0.0211691369092955,1.52842110228903,0.00188675036659813,0.0295091121727202,0,0.16207629815012,0.0110305696149522,2.61828489961382,0.00551828526239991,0.000462622564320093,1.82534460584746,1.58076399447737,0.176714921074684,0.0212260421635679,0.177177346791074,0.00142394421271418,8.97910510916609e-05,0.0100296945116476,0.0572708731100163,0.00134193501878333,0.0539726231203088,0.081018099967394,0.174767377717031,0.107888430439623,0.00179215909846344,0,0.000237356076276904,0.00130040143873059,0.00083001616188947,0.000331828575212331,0.000360277089794884,0.000100105811517221,0,0,0,0.0733769577058864,0.00309909209875818,0,0,0,0,0,0.000265118285236832,0,6.6150137170234e-05,0,0.000615411332787392,0,0,0.000881156033973271,0.00145699040277635,0,0,0,0.000136768547038707,0.00440861100822382,0,0.000251581083520419,0.000707284286541808,0.000898913619983994,0.0100321285838779,6.32618569903183e-05,0,0,0,0,0,0.000610829283827155,0.00037235117653757
0.000893621735671783,0,0,0,0.000364107615525482,0.0172129606065267,0.0579260442704841,0.00579969260750672,0.171083813866485,1.35243535400761,0.000110593919025597,0.550629153878644,0.000258453685686363,0.00297542896262116,0.00559386374664022,0,0.000145464316733269,0,0,14.3643924445945,0,0.000594693210173795,0,3.03778579852653,0,0,0.000180256291328522,1.60767855143805,0.0011289519884433,0,0,0.000543926445831516,0,0.00312888286191943,2.76344710120897e-05,0.00560699784917461,0,0.00209450228077813,0.00100941821731417,0.0702826123723376,0.000834184494267309,0.000351726701545142,0.0151544403725731,0.000691443213383169,0.0013599207591907,0.00127016364499619,0.0114905863684073,0,0.000205703684663217,0.000152426507874154,0,0,6.03946073792986,0.000164607141114105,0.0037118442011077,0.000450681188009084,0.00217536343714963,0.0536573997503885,0.0526156280181119,7.25058575377713e-05,0.602909090346434,0,0.00107517438113496,0.000725369284440608,0.000783811764668418,0,0,0,2.42915997545779,0,0.00149944731821611,0,0.197802279654683,0,0,9.59521857573954e-05,0.163790181407566,0.000728291454817316,8.10685848933457e-05,0,0.000123214371018955,0,0.000845504006072171,0
0.00016188869102754,0.000226403740947394,0,0.000364107615525482,0,0.856543919390406,0.000450425477236578,0.774462554894345,0.00804566750999991,0.000752696337849754,0.00193320179623308,0.00575643036975972,0.00392525747778731,0.00426697169445608,0.0130975748681795,0.000270318554818931,0,0,0,0.00374203163600918,0.000229115801171432,0.00073225475504779,0.000161107794067182,0.00347878405689457,0,0,0.000218895077169876,0.000652821465218825,0.0689475764182905,0.000256217138439171,0,2.99304604684973,0,0.690341521068931,0.0233663835780665,0.00910611310759494,0.00439746605708713,0.0538343044725459,0.0344153611914471,1.74323198092596,3.55525040504271,0,0.000319509926403207,0,0,0,0,0,0,0,0,0,0,0,0,0,0,0,0,0,0,0,0,0,0,0,0,0,0,0,0,0,0.000313602792514387,0,0,0,0.000107692819394406,0,0,0,0,0,0,0.00046240197166622
0.123918810393204,0.00040875405703829,0.000818356954235117,0.0172129606065267,0.856543919390406,0,0.253266095708371,2.72044582478758,0.0302255211584559,1.20892581432804,0.00256753654908024,1.96050502843664,0.00114036968325409,0.15934342413041,1.30774952712094,0,0,0,0.000165934075915502,0.146186645891956,0.00105534386346949,0.00103168968724593,0.000984635742731521,0.0276070136012177,0.000328164140936737,0,0.000682158916683413,0.0693471141914243,0.0141562956179276,0.0018952529351,0,0.480127605081822,0.000158268881934997,0.0523369859593197,0.487889002731028,0.0310591934442021,0.00167816146285237,0.0194764312208551,0.0133945400912445,1.21757331158423,0.210828769476172,0.000485595658597206,0.00285076513218371,0,0.000615820003429807,0.000464788585114303,0.00065165536775946,0.00015425555087786,0,0,0,0,0.00122285164909325,0,9.21702454205501e-05,0,0,0.00077522787907253,8.05838125794867e-05,0,0.00136923235209152,4.94106441032288e-05,0,0,0.000184427858762326,0,0,0,0.000333803125261183,0,0,0,0.00320887951903416,0,0,0.000124442395732071,0.000316173632551625,0,0,0,0,0,0,0.00146193803406323
1.35581233882921,0.00040031249151426,0.0293304087231303,0.0579260442704841,0.000450425477236578,0.253266095708371,0,0.365265387291328,0.00468946672674369,2.12973616396968,0.00220926317005783,0.0519812028665748,0.00130358633415532,0.766112777939942,0.00957571778168207,0.00200077550293373,0.000319149625562275,0,0.000756114318088032,0.0148725375867485,0.060663622763669,0.00252846049372383,0.057621868041849,0.103295800063465,0,0.00236081067126555,0.00355565433915735,4.5000423202545,0.130142818510745,2.47745587438768,0.000144339056081266,0.00286861074205673,0.00399241782500159,0.0194419514406702,0.00043891310507189,0.0168093141708434,0.00335129300421411,0.0229280818288117,0.0114438169454885,0.0279548142560139,0.001166022280387,0.000335482518882185,0.000747085418081493,0,0.000139325297628293,0.000142154235305301,0,0,0,0,0,0,9.30050458520905e-05,0,0.000158659892716234,7.08372434285193e-05,0,0.000228764095738555,0,0,0,9.43536582507717e-05,0,0,0.000551442944636174,0,0,0,0.000161339773320798,0,0.000911889944591065,4.39051509393885e-05,0.00261626182435624,0,0,9.88881264681022e-05,0.000433505915110949,9.085598428199e-05,0,0,0,0,0,1.32275819754793e-05
0.956739801287277,9.13192395612765e-05,0.0031315454970732,0.00579969260750672,0.774462554894345,2.72044582478758,0.365265387291328,0,0.00355093973282496,0.74712841249843,0.00564827417427774,0.0622813104203284,0.00493851703295066,1.67652375983405,0.0396328143953239,0,0.000611913943849427,0,0.000842971644265713,0.0331301618440976,0.00164640481887014,4.86329498400988e-05,0.00301036245427128,0.00472899599058033,4.7895856500578e-05,0.000578717009814194,0.00042176148456308,0.0263348580674924,0.0994640883652484,0.0219835976174314,0,0.419150002037492,0.000449317082796088,0.153719198569474,0.000540943941011988,0.0252040476000039,0.00610090590514022,0.139762366098337,0.087601620162129,0.472611571586762,0.21013667307774,0.0030107047299382,0.00057903659916565,0.000110389194260201,0.000106213224541019,0.000396719583151336,0,0,0.000170420525768351,0,0,0,0.000233453435503904,0,0,0,0,0.000200665078273606,5.13928907052152e-05,0,0.000131436934893508,5.98680751722281e-05,0,0,0,0,0,0,0,0,0,0,0.000400035179241621,0,5.86783283860505e-05,0,8.14410906532261e-05,0,0,0,0,0,0,1.48689882593483e-05
0.000360655346774034,0.170819102948168,0.00338800977471052,0.171083813866485,0.00804566750999991,0.0302255211584559,0.00468946672674369,0.00355093973282496,0,0.0082092928527737,0.00165157072642838,2.29815815763726,0.0152148491596814,0.000914509723771328,0.100528816571844,0.0432237110353719,0.00512159144010583,0.00045214269869305,0.00492972474614702,0.508564176159924,0.000156427955782485,2.08509120753966,0.000636715567283712,3.45296801248474,0.0615261390355358,0.00664692404625427,0.15657495887898,0.117188731162116,0.000159008282235841,0,0.000600466483953344,0.00479319882934722,0,0.00188653929254037,0.0370981669478075,0.0861826190564585,0.0146102889152372,0.0115224516513485,0.00416805850644548,1.05278910928478,0.0209026652915398,0.00149132999122078,0.00493885793509069,0.00154727947158799,0.00386283767751866,0.00217967264067165,0.0117650934176731,0,0,0.00103139361824164,0.0197977275626455,0.000858783070123758,0.0218112191216307,0,0.000393118465387259,0.00636438624966232,0.00176575202772282,0.649275846695241,0.00107272950615963,0.000201146657811997,0.001695843540224,0.00124638156657269,0.00119961697041247,0.00414402123425999,0.0249295842479785,0.000943081670087094,0,0.000430394025495551,0.00304174645651799,0.00124835107140518,0.102431465936851,0.00058919002539131,0.298995626297341,0.00114571236097786,0.000408403259412001,0.00460431342797864,0.0495895418761277,0.000741910978394258,0.00114576069030134,0,9.6934453978844e-05,0.000592057855571093,0.00198931591657789,0.00174449080183583
0.149801164728314,0,0,1.35243535400761,0.000752696337849754,1.20892581432804,2.12973616396968,0.74712841249843,0.0082092928527737,0,0.00331101698652794,1.70031905671237,0.00135253066739408,0.527955512232376,0.0201699065369083,0,3.74417881907024e-05,0.00016734466941881,0.000210357369404123,2.52513434725412,0.000205539697839966,0,0.000132476205180385,0.0306010338589756,6.51426257055965e-05,9.87924506067519e-05,0.000250166333679383,1.43128777192163,0.0213824787241388,0.000632496396619531,6.29247302508249e-05,0.00547607992515162,0.000133540993066231,0.0266674655464409,0.000226149732238116,0.0136304692018229,0.00157893542877121,0.0204558740867876,0.00917870134796539,0.0522580473192338,0.00193116782953504,0.0011127303674926,0.00127165126515878,0.000263155762134128,0,0.000306138172831443,0.000266699843309982,0,0,0,0,0,0.000521135981063021,0,0,0.000122424655656322,0.00013145417997561,0.000990988526411243,0,0,0.000251434485662446,0,0,0,0,0,0,0,0.000177512352106404,0,0,0,0.00294740709276204,0,0,0,0.000216770534554247,0,0,0,0,0,0,7.42614745568942e-06
0.00253897816494381,0.0127746633489977,0.00928694532200931,0.000110593919025597,0.00193320179623308,0.00256753654908024,0.00220926317005783,0.00564827417427774,0.00165157072642838,0.00331101698652794,0,0.0024891286457361,2.62828309775309,0.0224088937324626,0.000252257092212615,0.000212875432636661,0.00903215996669992,1.54569050357044,1.19766886494365,0.00138997412390797,0.00177256469032495,0.00350475647710198,0.00318801399965348,0.00106094321473737,0.102985319387514,0.306965961923886,0.120049907707511,0.000501934547366967,0.103896186425809,0.00172015674558664,0.0706656708248325,0.00816198044298614,0.00462657864103547,1.05060622273652,0.000302882806645444,0.0304964832841725,1.0920794092179,1.3787681017935,0.137975120592608,0.00310914503801673,0.00225012133379784,0.34122748035097,0.00091256994367,0.00215678808728992,0.00115306445671065,0.00141154621685469,0,0,0,0,0.00290929062775588,0.000113532995997473,0,0,0,0,0,0,0,0.00282173155076378,0,0.00774038714335652,0,0,5.09680159917864e-05,0,0.000303296764186216,0.000523509607638487,0,0,0.000161370755428455,0,7.47056945531056e-05,0.00719626881468597,0.00576957117870772,0.00415886829749841,0,0,0,0.000687013195453711,0,0,0.000101665812479483,0.000308959331639707
0.00291882961940567,0.000883768243595213,0,0.550629153878644,0.00575643036975972,1.96050502843664,0.0519812028665748,0.0622813104203284,2.29815815763726,1.70031905671237,0.0024891286457361,0,0.00232539417250992,0.0330121327388426,0.732298418671008,0,0,0.00014642882706099,0.000274156038005116,8.95404494956868,0.000267753239215118,0.00370566235359474,0.000180231376498609,1.19360768361743,0.000479247891964209,0.000101935509524051,0.00240778133781615,0.0723124288021743,0.0120149918415808,0.000119368694736846,9.03061080013007e-05,0.0116827941283132,0,0.0354288720737528,0.606623734376184,0.0411349817337145,0.0032886694481082,0.0210867799112524,0.0147041381175672,0.949679441956707,0.0082212804291341,0.0015166735901794,0.0144432549769887,0.000344492793519478,0.0013248533690403,0,0.00635949755636008,0,0,0.000459894591095066,0,0,0.133123922669266,6.27560362970979e-05,0.00326876292717679,0,0.00142848141365878,0.0208677789121596,0.00738105401569169,0,1.03575305077099,8.58057993969761e-05,0.00109817838608908,0.000317541642074291,6.21533949052054e-05,0,0,0,0.764530335649462,0,0.000296316334308608,0,0.0285172824427615,0,5.41766254071874e-05,7.70575806973541e-05,0.00366412642441547,0.000812191590795569,0,0,0,0,0.000584087263887428,0.0140917902007472
0.000923851725827727,0.215430075532034,0.00520978976930547,0.000258453685686363,0.00392525747778731,0.00114036968325409,0.00130358633415532,0.00493851703295066,0.0152148491596814,0.00135253066739408,2.62828309775309,0.00232539417250992,0,0.00917200590365563,0,0.00329841590436931,0.000477731842655413,0.049458539107497,0.0343492068150784,0.000324339710877052,0.00120536260937186,0.0654889765450992,0.00257104974514293,0.00744148678093559,3.97165388549584,0.204912268956724,0.778558463947593,0.00069972330900851,0.0151664219670859,0.000498010791041969,1.72267759242155,0.00829166203068072,0.00148556300283598,0.0417708404317711,0.00129187774016364,0.425702743960381,2.28804472059614,1.08959261980613,0.886626519498119,0.00289161804976632,0.00235044872272543,2.6784160803711,0.0477090448192971,0.089319558192101,0.0291953422699201,0.0644456796905301,0.000533194436016777,0.00150172940868651,0.113604740710138,0,0.0311200669179511,0.00033585770921636,0,0,0.00015126628605625,0,0.000193361551676857,0,0.00016658807151196,0.027547866649821,0,0.714482241889243,0.000258679680202436,0,0.000589973272540623,0.000145387618467347,0.000616759177503902,0.0018627223936967,0,0.000575603644112394,0.00244033245251042,0.000462104835303273,3.71035726110989e-05,0.0308560617058325,0.0258882711962573,0.0241955773918766,0,0.000610188472362988,0.000141798895524145,0.00735151478870037,0.000530756544883798,0.00021697508383201,0.00110788685222529,0.000456244550561124
3.77702985835173,0.000328156769524677,0.01557489132979,0.00297542896262116,0.00426697169445608,0.15934342413041,0.766112777939942,1.67652375983405,0.000914509723771328,0.527955512232376,0.0224088937324626,0.0330121327388426,0.00917200590365563,0,0.00439540478007761,0,0.00700752665862726,0.000697595880764087,0.00340770614140911,0.0180867017222581,0.016228990433242,5.63725363567262e-05,0.0151801818190543,0.0024099204009911,0.00066489522416709,0.00309759830519272,0.00155920278036157,0.0182591221228955,2.72874978860005,0.274233997618514,0.000669228984426833,0.506957152747764,0.00345369463739185,0.247412604699395,0.00131687510888033,0.042968037471087,0.0217394181698865,0.180250098160844,0.0911507893525456,0.129627879462826,0.0277604569583835,0.00664570199585835,0.00053051861757001,0.000433732917436049,0.000166779875315642,0.000157865710876552,0,0,0.000122962620838102,0,0,0,3.69279872383774e-05,0,0,0,0,0.000153967421436712,0,0,8.8224376504516e-05,6.46282297340223e-05,0,0,0,0,0,0,0,0,7.17598031109001e-05,8.77494339513981e-05,0.0001249480141054,0,5.77985610662642e-05,9.41556288323367e-05,0,0,0,0,0,0,0,8.83391880825912e-05
0.0057350335673788,0.000745714269357638,0.00117849499588574,0.00559386374664022,0.0130975748681795,1.30774952712094,0.00957571778168207,0.0396328143953239,0.100528816571844,0.0201699065369083,0.000252257092212615,0.732298418671008,0,0.00439540478007761,0,0.000206721524955273,0.000583377116291597,0,0,0.0273209870313437,0.0025454316267811,0.000147261576996788,0.00362955626905857,0.010185608722573,0,0,0.0010243255149398,0.00390609288695101,0.00249454660273429,0.000885110152502672,0,0.00768638548265517,0.00120492969347522,0.00306463433747396,0.174054085925631,0.0352767564550042,0.0256079935808778,0.0171136656313665,0.0266352640243916,1.08845117636379,0.022938019625188,0.00326257572641504,0.00850575657742165,0.0100835829640236,0.00601416116644888,0.00539075635792723,0.000196786045227909,0,0.00245384779306912,0,0,0,0.000613294074731371,0,0.000333543788892625,0,0,0,0,0,0,0,0,0.000746750630860452,0.0002295606230219,0,0,0,0,0.000611818220237178,0,0.000597294547153359,0.00110670505386065,0,0,8.50163598879201e-05,0.000145156313066967,0.000167862513049586,5.70014556703887e-05,0,0,0,0.00019508772703232,0.00244308281328201
0,0.0585592677461657,0.0211691369092955,0,0.000270318554818931,0,0.00200077550293373,0,0.0432237110353719,0,0.000212875432636661,0,0.00329841590436931,0,0.000206721524955273,0,0.0204849302090028,0,0.00338684565933911,0,1.6445176170566,3.37833895441508,2.54998819426958,0.749646130008749,0.0111791243909143,0.00748326059588981,1.3027037112742,0.103619060562263,0.000428562985182075,0.00272613703902546,0,0,0.000444111303421778,0.0103326865822443,0.00119070121273699,0.0443635968928832,0.015894187347248,0.0605687848971217,0.0570459299280415,0.00503223080416029,0,0.00177599915189525,0.00323175060863494,0.00171510227478233,0.00223564254756114,0.00116064176942819,0.00199659055807327,0,0,0,0.0235791357670823,0.000682871279050258,0,0,0,0,0,0.0176764399609414,0,0.000182584825724973,8.47668454987609e-05,0.000916995435281075,0,0.00136275923090803,0.200523115274331,0.000516717772185652,0,0.000131116402492451,0,0.0072665896694999,1.13898484315951,0.0127222744066699,0.0262201215510133,0.0018437007566121,0.000822039952010779,0.0166871870713671,0.00419037528991505,0,0.00118346160900795,0,0,0,0.00130150186963455,0.000236992694728571
0.0164309397671433,0.0568467606661837,1.52842110228903,0.000145464316733269,0,0,0.000319149625562275,0.000611913943849427,0.00512159144010583,3.74417881907024e-05,0.00903215996669992,0,0.000477731842655413,0.00700752665862726,0.000583377116291597,0.0204849302090028,0,0.0206373389330613,2.19929739513517,0,0.116327419633336,0.0192914752153622,1.73539207855909,0.00630685045765068,0.00659712450555181,1.53086332120021,0.300242324755723,0.00763268949490319,0.0842849494041252,0.129112844834664,0.000119021643511465,0.00108138775218157,0.0289770540007017,0.12913911589898,0.000120857203337448,0.00584658967432889,0.283786298172838,0.0505504430513621,0.0200593791895688,0.00190571221060387,0,0.00058538832537508,5.58802523583568e-05,0.000137486484814136,0.00083053337170488,0.000835927124129521,0.000287321748486273,0,0.000513593861503198,0,0.0408733596453925,0.000835333208180664,0,0,0,0.000128205191882039,0,0,0,0,0,0.00101128884426769,0,0,0,0.001407808123194,0,0.000650404524049852,0,0,0.0020479505098975,0,0.000130964676211659,0.00242011140172689,0.00279469266015589,0.00863399799682029,9.10325900897648e-05,0,0,0,0,0,0.000248327983006169,0
0,0.00698807925897285,0.00188675036659813,0,0,0,0,0,0.00045214269869305,0.00016734466941881,1.54569050357044,0.00014642882706099,0.049458539107497,0.000697595880764087,0,0,0.0206373389330613,0,1.95228340465243,0,0.000752466194101254,0.00290327138038983,9.61459423173272e-05,0.000515443096856026,0.0239950539530784,0.576571097332953,0.0415962155110531,0.000200805145155171,0.00206124387101438,0.000173904080402669,0.0206293740437255,0.00151111958005157,0,0.0105044085551283,0,0.00420607847759719,0.105041556957997,0.0708194106843099,0.0205068172551934,0.000120256898345059,0,0,0,0.00310382864069285,0.000494703175597182,0.000203956815135811,0,0,0,0,0.00335210035375636,0,0,0,0,0,0,0,0,0.00271097949587373,0,0.00405586152148951,0,0,0,0,0.000206074938375746,0.00144875214907765,0,0,0,0,0,0.00604604687447659,0.00197247552779181,0.00286958710447732,0,0,0,0.00103719937456937,0,0,0.000142160981951779,1.48662486543676e-05
0.000820797519355752,0.0571743577887088,0.0295091121727202,0,0,0.000165934075915502,0.000756114318088032,0.000842971644265713,0.00492972474614702,0.000210357369404123,1.19766886494365,0.000274156038005116,0.0343492068150784,0.00340770614140911,0,0.00338684565933911,2.19929739513517,1.95228340465243,0,0.000529515706191422,0.00198837282516385,0.0126105330410601,0.00813894421018748,0.00163201029452634,0.0820228982267271,1.95476060087674,0.179511043970091,0.000361872890904032,0.0340788556972781,0.00512016821854636,0.0117872828145226,0.00116405557977362,0.0017833086941827,0.365445540519659,0.000137746735990031,0.0149176612851204,0.422359946384569,0.243259250126968,0.0252028858889048,0.00218182114271915,0,0.000762808308618468,0.000256409541857473,0.00270385343300394,0.000967854918129222,0.000494876691921761,0,0,0,0,0.0181728607373595,0.000578398606824383,0,0,0,0,0,0.000107831237778381,0,0.00273834315423374,0,0.00566500734916591,0,0,0,0.000560068209913767,0.000386478983724107,0.0033222868491381,0,0,0.000613170177426904,0,5.9698670927331e-05,0.0181737056081481,0.0104824333190045,0.0162493046558527,0,0,0,0.000780620999788154,0,0,0.000507596299551937,1.85632201219208e-05
0.00583145934443192,0,0,14.3643924445945,0.00374203163600918,0.146186645891956,0.0148725375867485,0.0331301618440976,0.508564176159924,2.52513434725412,0.00138997412390797,8.95404494956868,0.000324339710877052,0.0180867017222581,0.0273209870313437,0,0,0,0.000529515706191422,0,8.2589299488945e-05,0.000149588854277839,0,1.71821884989323,0.000142106705643961,0.000168037454693947,0.000340228102311491,0.239721006276491,0.00976373933775829,5.91038326442153e-05,0,0.0063904554717526,0.000973364813718895,0.0231954813603537,3.7931418516685e-05,0.0277708210576543,0.00184239790402908,0.0199980664478991,0.011932858114783,0.206720177296085,0.00449800382962784,0.00281840824994961,0.0167592577552685,0,0,0.000416232755377444,0.00513734178905564,0,0,0,0.000305718448862628,0,0.694784380159111,0,0.00112128210361536,0.000240954161964124,8.28551664011634e-05,0.0224592703172548,0.00154972608960435,0,0.0478213691041357,0,0.000114820809782187,0,0,0,0,0,0.270441863175245,0,0.000611799396734621,0,0.0535682790992965,0,0,4.09134324054813e-05,0.00942042567579812,0,0,0,0,0,0,0
0.0302683656215955,0.000583913678371004,0.16207629815012,0,0.000229115801171432,0.00105534386346949,0.060663622763669,0.00164640481887014,0.000156427955782485,0.000205539697839966,0.00177256469032495,0.000267753239215118,0.00120536260937186,0.016228990433242,0.0025454316267811,1.6445176170566,0.116327419633336,0.000752466194101254,0.00198837282516385,8.2589299488945e-05,0,0.0332648081957899,6.13384848157448,0.0358999525282203,0.000106194213887398,0.0106604182127002,0.0423708304897351,1.72246655335467,0.370009420446512,2.91084487994999,0,0.000593924443572137,1.18281541458066,0.927233799643723,0.013948568430956,0.111394063103184,0.0389102110964455,0.353364618129758,0.155882638849574,0.0190942251574909,0,0.000799236827884529,0.00486499587833343,0.000932704166162792,0.000521684952252107,0.00106686050799089,0.000255812847698127,0,0.000558547346835248,0,0.000165107748757337,7.70856507531052e-05,9.86429846194029e-05,0,0,0,0,0.000400585745962117,0,0,0,0,0,0.000271280668109244,0.00751489655827838,0,0,0,0,0.000875317889588263,0.0137272869032544,0.000514733154675625,0.00301498363945039,0,0.000181492207063462,0.000317454951869567,0.00070658601348505,0,9.71939764024743e-05,0,0,0,0,0.00110170762463442
0,1.18530233476863,0.0110305696149522,0.000594693210173795,0.00073225475504779,0.00103168968724593,0.00252846049372383,4.86329498400988e-05,2.08509120753966,0,0.00350475647710198,0.00370566235359474,0.0654889765450992,5.63725363567262e-05,0.000147261576996788,3.37833895441508,0.0192914752153622,0.00290327138038983,0.0126105330410601,0.000149588854277839,0.0332648081957899,0,0.0474628832309548,1.83341057115698,0.270395115182902,0.0171109948907981,0.887826973345118,0.0714650156826607,0.000266233900441692,0,0.00127712663484652,0.000857424751191015,0,0.00892766306833384,0.000222518388982135,0.0114920678472825,0.0639248061358565,0.0221596283133549,0.0096717893343307,0.0434001760419847,0,0.0205036980929423,0.00514825065400441,0.00551128103946633,0.00391513033167388,0.00362282413868638,0.00860516923411623,0,0,0,0.172679938652865,0.00467197121817432,0,0,0,0.000618309653929814,0,0.0483169245642423,0,0.000991750555022985,0.00059376574829172,0.00748412652716289,0.000159564206889192,0.00191751746453268,0.208269831230066,0.00350718390569873,0,0.000659955573901166,0,0.00707356127195358,1.07701056049825,0.00528764909141201,0.0595095682203981,0.0135407248182513,0.00406442793582682,0.0516449779353998,0.00972448936827813,0.000362670008244363,0.00140906963790787,0,0,0.000764234782472291,0.00379067840296823,0.000147338122865895
0.0349675570099787,0.00326811571394685,2.61828489961382,0,0.000161107794067182,0.000984635742731521,0.057621868041849,0.00301036245427128,0.000636715567283712,0.000132476205180385,0.00318801399965348,0.000180231376498609,0.00257104974514293,0.0151801818190543,0.00362955626905857,2.54998819426958,1.73539207855909,9.61459423173272e-05,0.00813894421018748,0,6.13384848157448,0.0474628832309548,0,0.08457988813983,0.000229426921598471,0.0475071847081685,1.21965037668819,0.475261478665316,0.646662661363489,0.414685977316675,0,0.000344455590812574,0.233800023732793,0.45751839556195,0.0219239398007545,0.2450150094933,0.167709934031177,0.645140521783853,0.38796948169021,0.0461951166240199,0.000244490088324782,0.00251121093650091,0.00716917545654021,0.00137867027437399,0.000816630620667525,0.00216194156068274,0.000370103872724941,0,5.29897643822379e-05,0,0.0024620817765275,0.000132161239940989,0,0,0,0,0,0.00120506463282411,3.68769797171775e-05,0,0,0.000271618660310301,0,0,0.00873506630700096,6.48363184667252e-05,0,0,0,0.000258693925889819,0.0295421715497239,0.000694841486146552,0.00213639740432787,0.000254675736352418,0.000228204882666985,0.00444540980129629,0.000554045439260442,0,0,0,0,0,9.55062572075168e-05,0.0024573968538709
0.000604457219960559,0.0740457485751216,0.00551828526239991,3.03778579852653,0.00347878405689457,0.0276070136012177,0.103295800063465,0.00472899599058033,3.45296801248474,0.0306010338589756,0.00106094321473737,1.19360768361743,0.00744148678093559,0.0024099204009911,0.010185608722573,0.749646130008749,0.00630685045765068,0.000515443096856026,0.00163201029452634,1.71821884989323,0.0358999525282203,1.83341057115698,0.08457988813983,0,0.0253614903077081,0.00559280407939423,0.241379256865919,3.81275783375336,0.00135566544420173,0.00718907124282898,0.000104295474381766,0.00277085087771156,0.00125295774804387,0.00805584100063589,0.00025006030975906,0.0355201260653,0.00884428712573396,0.0153212887826329,0.00768777162568152,0.332231157588714,0.00732169839340364,0.00106679357163539,0.0221538511336507,0.00233019562402281,0.00619541015548619,0.00193183121289394,0.00968279075822025,0,0.000209543508861171,0.000819455574722623,0.00887797849431209,0.000948027773298851,0.535895318713104,0,0.000540744050294494,0.00829931494790453,0.00213308883488326,0.171575278001875,0.00348350646141774,0.000345619993706087,0.0241760449399481,0.000871566449932332,0.000603419170974143,0.00277500049719129,0.0886575446791223,0.000351288873027034,0,0.000132575732556583,0.132735259716862,0.0110744646034779,0.174133878323672,0.00300950598292894,0.858214235308847,0.00146821310736092,0.000417147485670832,0.00795915791617551,0.0760653980485966,0.00215310302947322,0.00293965401485914,0.000119162548602128,0,0.000819540005690997,0.00167548147690215,0.000258818868868575
0,2.93684014275144,0.000462622564320093,0,0,0.000328164140936737,0,4.7895856500578e-05,0.0615261390355358,6.51426257055965e-05,0.102985319387514,0.000479247891964209,3.97165388549584,0.00066489522416709,0,0.0111791243909143,0.00659712450555181,0.0239950539530784,0.0820228982267271,0.000142106705643961,0.000106194213887398,0.270395115182902,0.000229426921598471,0.0253614903077081,0,0.0910626377841791,1.10289411464216,0.000937733773999565,0.001451490896887,0,0.0390941370672554,0.000545402275375605,0.000185367529371983,0.0149019327158339,0,0.0131749944153332,2.30530980624325,0.159788446772957,0.0293930921038697,0.00306567359283491,0,2.31254852947452,0.0012795769973443,0.37872580344348,0.0202137846256669,0.00448301995937126,0.000146069918442009,0,0.0185475502878224,0,0.161781805961576,0.00143619610662314,0,0,0,0,9.6936026595675e-05,0.00112909839954227,4.45775290243908e-05,0.0528340919418445,0,0.499250004504836,0,0.000572819095493317,0.00126211330512327,0.00230443006051646,0.00282165913199234,0.00702133896329671,0.000358527384220549,0.000150103523166615,0.00491239888366708,0,0.000537510092509629,0.274362330164496,0.0479007674373741,0.0710392828654493,0,0,0,0.018145401402089,0,0,0.00284029479080829,0
0.00582221578003616,0.0844709661760068,1.82534460584746,0,0,0,0.00236081067126555,0.000578717009814194,0.00664692404625427,9.87924506067519e-05,0.306965961923886,0.000101935509524051,0.204912268956724,0.00309759830519272,0,0.00748326059588981,1.53086332120021,0.576571097332953,1.95476060087674,0.000168037454693947,0.0106604182127002,0.0171109948907981,0.0475071847081685,0.00559280407939423,0.0910626377841791,0,2.42958868690746,0.00404327527189899,0.00754580000421676,0.0187596761391583,0.349968940820251,0.000147596738207792,0.000896889155750642,0.0473582776427047,0.000190396750924775,0.0129431313979366,0.131911036076578,0.112576166325913,0.0195206824576273,0.00129337949976105,0,7.94844862483145e-05,0.000909987335926722,0.00549631254541768,0.00378526283338278,0.000627412003040275,8.09028122928102e-05,0,0,0,0.0318415947321424,0.00122713370459656,0,0,0,0,0,0.000108175988012527,3.79212078234492e-05,0.00501765992875151,0,0.00928630617540457,8.52811516867038e-05,0,0.000290302475854248,0.00047814965547711,0.000571951970493274,0.0028415633488526,0,2.38169242577213e-05,0.00144226980168108,0,0.000197789170895746,0.0151746714180599,0.0226168401584997,0.0393971751948427,0,0,0,0.000925445699636051,0,0,0.00143361827111486,9.66343913009679e-06
0.000609218669869963,1.2305527155764,1.58076399447737,0.000180256291328522,0.000218895077169876,0.000682158916683413,0.00355565433915735,0.00042176148456308,0.15657495887898,0.000250166333679383,0.120049907707511,0.00240778133781615,0.778558463947593,0.00155920278036157,0.0010243255149398,1.3027037112742,0.300242324755723,0.0415962155110531,0.179511043970091,0.000340228102311491,0.0423708304897351,0.887826973345118,1.21965037668819,0.241379256865919,1.10289411464216,2.42958868690746,0,0.0480784829337487,0.00574079441890671,0.00447031102855225,0.377795029343038,0.000556386586783659,0.000708026828750068,0.124290323866251,0.00494727016254645,0.114726248346569,0.267281050455585,0.374698131276431,0.128097520862593,0.0184478199594291,0.000425172165051754,0.0059005266661577,0.00434706273228447,0.0199462999188056,0.0135378139536816,0.00365171399702291,0.00101213167787749,0,0.000233629231141423,0,0.379374167278885,0.0191391923095594,0,0,1.7492965377488e-05,0,7.63771752903316e-05,0.00848741055567913,1.71331007646721e-05,0.0157771901423465,3.7566210190939e-05,0.0472619020946754,0,9.44050576578981e-05,0.0217398616509735,0.00530567443078469,0.00122721017792761,0.00645784875918258,0,0.000482314493176622,0.101285573862345,0.0010403441831117,0.00784802017264094,0.0463579894623314,0.066364807657503,0.294415545605559,0.00103051138740299,0.000101150572038083,0.000288369686699259,0.00238479504677681,0,0,0.00823854207616459,0.000890494960790202
0.0148400046653138,0.00252148876168566,0.176714921074684,1.60767855143805,0.000652821465218825,0.0693471141914243,4.5000423202545,0.0263348580674924,0.117188731162116,1.43128777192163,0.000501934547366967,0.0723124288021743,0.00069972330900851,0.0182591221228955,0.00390609288695101,0.103619060562263,0.00763268949490319,0.000200805145155171,0.000361872890904032,0.239721006276491,1.72246655335467,0.0714650156826607,0.475261478665316,3.81275783375336,0.000937733773999565,0.00404327527189899,0.0480784829337487,0,0.0172617029575207,1.3847412161259,8.4702321767301e-05,0.00082493146779593,0.0316065088765821,0.0964524046281929,0.00510260417125894,0.0466626504675016,0.0157541459300239,0.111520175346242,0.0532553004701483,0.036100485055223,0.000316141547971887,0.000562814968030798,0.00597368552437826,0.000485383233023286,0.00100821547871545,0.000828830751878305,0.00193775392512722,0,0,0.000248588564247374,0.000622530293010286,0.000140502986676238,0.00881033967880321,0.000114127057069865,0.000531941201319255,0.00191181042193747,0.0010140130415235,0.0226398363053073,0.00101981282682146,0.000108769974905646,0.00197877099192895,0,0.000611667594651857,0,0.0131749958007295,0,0,0,0.00308098509421847,0.00177567053238883,0.019899544175787,0.000892810980459739,0.101937538055222,0,7.527644509188e-05,0.0010438040564436,0.0181495749147355,0.000811656993356742,0.000663618858583107,0,0,0,0.000469431969205613,0.000479004832737584
1.22457441509057,0.000458335175899192,0.0212260421635679,0.0011289519884433,0.0689475764182905,0.0141562956179276,0.130142818510745,0.0994640883652484,0.000159008282235841,0.0213824787241388,0.103896186425809,0.0120149918415808,0.0151664219670859,2.72874978860005,0.00249454660273429,0.000428562985182075,0.0842849494041252,0.00206124387101438,0.0340788556972781,0.00976373933775829,0.370009420446512,0.000266233900441692,0.646662661363489,0.00135566544420173,0.001451490896887,0.00754580000421676,0.00574079441890671,0.0172617029575207,0,1.9641081507687,0.000892828371744248,0.780868112732066,1.41636809716478,1.82458826026905,0.00269923205228654,0.0979918622894014,0.0408911747210822,0.33614802184263,0.126433872946352,0.0530686825456285,0.0648288938865006,0.0043962403347326,0.00172118520832904,0.000820581701570556,0.000582388210173604,0.000482206204474583,0,0,0.000589326030756549,0,0.000129630948229329,0,0,0,0,0,0,0,0,0,0,9.40994838168289e-05,0,3.93467834999218e-05,0,0,0,0,0,0.00010076508819349,0.00024434392113673,0.000179038349719615,0.000233832846079423,0.000430239371824452,0.000175545415512792,0.000411693112559356,0.000152961030945129,0,0,0,0,0,0.000177086664352004,0.000157086745470822
0.757114208508447,0.000184858168234041,0.177177346791074,0,0.000256217138439171,0.0018952529351,2.47745587438768,0.0219835976174314,0,0.000632496396619531,0.00172015674558664,0.000119368694736846,0.000498010791041969,0.274233997618514,0.000885110152502672,0.00272613703902546,0.129112844834664,0.000173904080402669,0.00512016821854636,5.91038326442153e-05,2.91084487994999,0,0.414685977316675,0.00718907124282898,0,0.0187596761391583,0.00447031102855225,1.3847412161259,1.9641081507687,0,0,0.00153579707711854,0.778440134127113,0.640658379758579,0.00108972521451176,0.0113441753936745,0.00730264600700665,0.0979695280615959,0.025677474521389,0.00368668043902233,0.000122522509628777,0.000410213036169506,0.00041395767767593,0.000222136928885994,0,0.000267286825219578,0,0,0,0,0.000357420393684111,0,0,0,0,0,0,0,0,0,0,0,0,0,0,0,0,0,0,0,0,0,5.58751881674542e-05,9.08245831044222e-05,0,0,0,0,0,0,0,0,0,0.000110872518982187
0.000447230506676539,0.00841834127582707,0.00142394421271418,0,0,0,0.000144339056081266,0,0.000600466483953344,6.29247302508249e-05,0.0706656708248325,9.03061080013007e-05,1.72267759242155,0.000669228984426833,0,0,0.000119021643511465,0.0206293740437255,0.0117872828145226,0,0,0.00127712663484652,0,0.000104295474381766,0.0390941370672554,0.349968940820251,0.377795029343038,8.4702321767301e-05,0.000892828371744248,0,0,0,0,0.00350628139629028,2.69818458172381e-05,0.000997966444542697,0.0746625777378424,0.0455904537773814,0.013202116462594,0.000110471002133745,0,0.00302826972157061,0,0.00261383492089331,0.000771797023905061,0,0,0,0,0,0.000247574518933771,0.000165076317678104,0,0,0,0,0,0,0,0.00114194052915375,0,0.00805673138129988,0,0,0,0,0,0.000878974382853372,0,0,0,0,0,0.00308347817681979,0.00217494396158315,0.00115845758519366,0,0,0,0.000321217444320405,0,0,0,0
0.00683331249446535,0.000423489284675574,8.97910510916609e-05,0.000543926445831516,2.99304604684973,0.480127605081822,0.00286861074205673,0.419150002037492,0.00479319882934722,0.00547607992515162,0.00816198044298614,0.0116827941283132,0.00829166203068072,0.506957152747764,0.00768638548265517,0,0.00108138775218157,0.00151111958005157,0.00116405557977362,0.0063904554717526,0.000593924443572137,0.000857424751191015,0.000344455590812574,0.00277085087771156,0.000545402275375605,0.000147596738207792,0.000556386586783659,0.00082493146779593,0.780868112732066,0.00153579707711854,0,0,0.00249912015903072,1.50013804274746,0.000283627284776973,0.0264338057035986,0.0104847463031188,0.220804737917496,0.174006095391221,0.578166358931718,2.11297016614839,0.00892432091427402,0.000396199580905611,0.000315906679006607,0.000221024008239049,0,0,0,0,0,0,0,0,0,0,0,0,0,0,0,0,0,0,0,0,0,0,0.000306888718552469,0,0,0,4.01461639068677e-05,0.00011719563622095,0,0,5.5463225225906e-05,5.55787620903753e-05,0,0,0,0,0,0,1.03151090900266e-05
0.00586832321961589,0,0.0100296945116476,0,0,0.000158268881934997,0.00399241782500159,0.000449317082796088,0,0.000133540993066231,0.00462657864103547,0,0.00148556300283598,0.00345369463739185,0.00120492969347522,0.000444111303421778,0.0289770540007017,0,0.0017833086941827,0.000973364813718895,1.18281541458066,0,0.233800023732793,0.00125295774804387,0.000185367529371983,0.000896889155750642,0.000708026828750068,0.0316065088765821,1.41636809716478,0.778440134127113,0,0.00249912015903072,0,1.19639577976871,0.000244185952526291,0.00687981592454273,0.00802112501826208,0.144977740646469,0.0368031592156355,0.000649746525662851,0.00123171218665556,0,9.53925722180227e-05,0.000128549206777708,0,0,0,0,0,0,0,0,0,0,0,0,0,0.000306587932579511,0,0,0,0,0,0,0,0,0,0,0,0,0,0,0,0,0.000133070221671571,0,0,0,0,0,0,0,0,7.92017905297006e-06
0.0215875490822108,0.0266339779044642,0.0572708731100163,0.00312888286191943,0.690341521068931,0.0523369859593197,0.0194419514406702,0.153719198569474,0.00188653929254037,0.0266674655464409,1.05060622273652,0.0354288720737528,0.0417708404317711,0.247412604699395,0.00306463433747396,0.0103326865822443,0.12913911589898,0.0105044085551283,0.365445540519659,0.0231954813603537,0.927233799643723,0.00892766306833384,0.45751839556195,0.00805584100063589,0.0149019327158339,0.0473582776427047,0.124290323866251,0.0964524046281929,1.82458826026905,0.640658379758579,0.00350628139629028,1.50013804274746,1.19639577976871,0,0.00205126810240226,0.158581778992528,0.582317890669326,2.15424302113857,0.474868146830036,0.155169180325012,0.690714927967008,0.0124888134779089,0.00156849044303944,0.00156554925855371,0.0011329894502713,0.0020927101920395,0,0,0.000319145139557442,0,0.0103225757057899,0.000290622054197625,0,0,0,0,0,0.000277248642091174,4.30005460794842e-05,7.2164210462597e-05,0,0.00152572225783468,0,0,0.000323726959452613,0.000116606127451846,0,0.000400894237490144,0,6.04419716171848e-05,0.000662623060596172,0.000165083377045481,0,0.00251688886927163,0.00246334084348628,0.00485505551886901,0.000161624967497287,0,0,0.000347827017957773,0,0,0,7.7971960335807e-05
