0,0,0.120188614603143,0.00322380120486604,0,0.0218561603017053,1.25723441414044,0.430011409709742,0.0420522349321973,0.0132478011088241,0.00357771912114123,0.00254940200975453,0.000337964936486359,2.61742524737036,0,0.00255986171075298,0.160562520124325,0.0023011705145337,0.0117252212683175,0.00705256605374387,0.016176730942137,0.00402495110925756,0.0810349163907819,0.0440282727821164,0.000436224642784883,0.0237133361763667,0.013091214143039,0.0473514876417773,0.641100084319608,0.114764693174244,0.000625439037641444,0.0058222672735016,0.0100928630319973,0.0402591212217908,0.000141025697946799,0.0135508639086673,0.00375485288537696,0.0637766090408168,0.0100896665519556,0.00173046133216789,0.00184922174972844,0.000888104742772719,0.00102823498871714,0.000662671607239973,0.00106957497542489,0.000752301864664331,0.000442463215235146,0,0,0.00061563314916979,0.000254246607170092,0.000832379995098071,0,0,0,0.000303642556147757,7.30830777632453e-05,0.0127540477991085,0.000104661011006753,0,0.000148617387674682,0,0.000314694018180124,0,0.00111373513830032,0.000173779816870327,0,0,9.47694614002797e-05,0.000485213002876462,0.00121968877011995,0.000724944642751663,0.00101179826803654,0,9.98507845289859e-05,0.000850619536497677,0.00172156997835582,0.000707846456122344,0.000949359557560088,0,0,0,0.000221026883723336,4.06097292066218e-05
0,0,0.0912396330680284,0.000216171811020627,0.000787682856533859,0.000259431595531808,0.00199996640817665,0.000948773567267005,0.349735973035782,0.000181284729897932,0.0097380201903346,0,0.0196890550023154,0.000692248102586316,0.000932869537492123,0.0353556341585895,0.0662192356318767,0.00668387402037099,0.0332562631558981,0,0.00202546525466144,2.03211237014719,0.00449664063287036,0.0394013245497916,1.19922230003558,0.0410197261504175,1.07109900930436,0.00335823361968882,0.00172904809742334,0.00144744403281947,0.00869942694630079,0.00054486951415493,0.00051536107935988,0.0266187096886225,0.000239056444632603,0.0436753013926995,0.0909184435489897,0.110921435116225,0.0322654389968737,0.00281587029731757,0,0,0.0314185066093432,0.0240217374818988,0.0713346772740566,0.020906056544965,0.00028268867662555,0,0,0.00303779306888501,0.533551805925607,0.0812508408589548,0,0,9.66390134489147e-05,0.00157521841152967,0.000904252866706633,0.000565961635214517,4.35798277362109e-05,0.00136052019081585,7.09793266279284e-05,0.00345074931253675,0.00099369898117018,0.00229274740001891,0.00948462554148392,0.0586925647123929,0.00182255720337322,0.0261981619764333,0,0.00173423587871438,0.120022187177741,0.0211173190276843,0.00191760024627551,0.0197772232383937,0.0236253082658519,0.112213507570946,0.00179747411766712,0.000709315833159643,0.000680624144560379,0.00262746225738294,0,0,0.0293255223010987,0.000321278047476234
0.120188614603143,0.0912396330680284,0,0.000519277296064247,0,0.0388981917472936,0.141531464557311,0.0812736089086351,0.00946457860260496,0.00508894174899209,0.00905440230323223,0.000266781484517312,0.00434030951823422,0.0518606225051059,0.000422984562394448,0.00645351629805979,1.81576477198343,0.0102993897341637,0.0610253129590689,0.000207438284870853,0.355819422437668,0.0128453723868711,2.8448742203975,0.00950701890924545,0.0137584166462705,1.36920609570587,2.00183325082811,0.0668763357495596,0.0298161396421532,0.104985333657374,0.00361728690669073,0.00044040554324084,0.00370479414616615,0.0707665597144426,0.000461823775759226,0.107294179154082,0.0780072489602704,0.252593174917165,0.0477448031968911,0.00274317636312381,0.000699887144719097,0.000216782628424525,0.0213527098638299,0.0108109688720012,0.0245758287461044,0.00671700482197292,0,0,0,0.00141284073350633,0.018898778069567,0.0313937260316291,0,0,0,0.000645242240765937,0.000534423896743345,0.00359746883970426,8.6081412364861e-05,0.00035050231917913,4.51103055887883e-05,0.00018469204968535,0.000622760657178036,7.0212624137902e-05,0.00674680099010685,0.0152852976071947,8.36375517292778e-05,0.00384320766866444,0,0.00273325996488529,0.0126807937380375,0.0178840763791451,0.00225306650069397,0.000981295508983269,0.00518656669331792,0.0607759255451802,0.00185041535065095,0.000368345043074411,0.00142237079477958,0,0,0.000293807685934455,0.00826522113629504,0.000340883302247008
0.00322380120486604,0.000216171811020627,0.000519277296064247,0,0,0.00319579668662721,0.0147235775750704,0.00372348720185382,0.244484401964434,0.916429815348733,0.00029548584181299,0.446564155242967,0,0.00274142948377383,0.000406116784640563,0,0,0,0,13.8239967373352,0.000358234784644981,0.000570310213946372,6.39757391003967e-05,3.3609828052936,0,0,0.000115604593993152,2.77710911177936,0.00585528646360903,0.000129306092268773,0,0.000763843297176658,0.000409695437376525,0.00580256412549796,0,0.0172304231451474,0.000187150179746548,0.0139225628437625,0.00941111836398313,0.00613558554057159,0.00235620267048416,0,0.000936097475338179,0,0.000163349084582334,0,0.0050975738032348,0,0,0,0,0,0.593562437084885,0,0.000153794482720508,0,0.000153011065879894,0.0314683511930967,0.000996277598684482,0,0.00592892474330712,0,0.000155308395578205,0,0,0,0,0,0.0020631913866794,0,0,0,0.00742489998721734,0,0,0,0.000745434683965053,0.000190861275205908,0,0,0,0,9.33590752637175e-05,0
0,0.000787682856533859,0,0,0,0.026638873469245,0.000301403827617681,0.0228580237385316,0.00595667262917892,0.000631061158137254,0.00452606772581121,0.00337671231223308,0.00131312799690712,0.00605574492277217,0.0235799549585431,0,0.000272674335847967,0.000610308550099616,0,0.000925056983529256,5.84769337506133e-05,0,0.000105599855899669,0.000234139215122046,0.00157831740002074,0.000695460200059542,0.000228149126394043,0.000416838412077777,0.0583584601385938,5.48212604503102e-05,0.000297547855879512,3.05764196895653,0.00310207734114729,0.146819860177972,1.24778573030589e-05,0.0043334258649072,0.00218590615326409,0.0534761627902056,0.0132733476429283,2.50962043561282,4.74418008193042,0.000502778286797505,0.000435764046695139,0,0,0.000574171113434412,0,0,0,0,0,0,0,0,0,0,0,0.000648002931317577,0,0,0,0,0,0,0,0,0,0,0,0,0,0,0,0,0.000132717578436544,6.87044983269602e-05,0.000171535339228899,0,0,0,0,0,4.97387821202673e-05,0
0.0218561603017053,0.000259431595531808,0.0388981917472936,0.00319579668662721,0.026638873469245,0,0.302467073435296,2.47073163155371,0.0880703842583297,1.17917660623495,0.00377436032847529,1.90163578616223,0.00426532761634749,0.183227448676658,1.78194784993413,0.00126796717584366,0.00723163179627338,0.000520910586510732,0.00115352246797699,0.0793414068885093,0.00650927447943192,0.00242215781805742,0.0196505286469605,0.0627386387201691,0.00155838603412633,0.00901491073655512,0.00593542642415765,0.0797272495567505,0.221445189064395,0.00942049668285395,0.000257456756817742,0.555573784206252,0.00417993218871026,0.0679581007020798,0.0146119061338131,0.0695933391474093,0.00676766055198459,0.184187353178265,0.064949124606988,0.765781498695043,0.071960727121893,0.00111379909713056,0.000854493934768559,0.000266433602775642,0.000697292973149012,0.000311048329135868,0.00259709472220201,0,0.000348479740100952,0.000266857875743785,0,0.000529082701081006,0.00025340822387022,0,0.000501313256636743,0.00154560736348229,8.38997711607881e-05,0.0208814930476867,0.00160145051080747,5.63893177983887e-05,0.00136146182169094,0.000383823370505083,0.000213882165753147,0.000546732141038277,0.00052304831750411,7.34738653253839e-05,0,0,0.00107595093478414,0.0012456422813206,0.000789336998454502,0.00119576262745669,0.0110725004583267,0,9.9421874823546e-05,0.000741103492966404,0.00384243548279324,0.000667986060062844,0.000926221360105546,0,0,8.06435415194326e-05,0.00043822137021996,9.72908669228964e-05
1.25723441414044,0.00199996640817665,0.141531464557311,0.0147235775750704,0.000301403827617681,0.302467073435296,0,0.329601856682658,0.251985270637188,1.70189436987895,0.00309560254309835,0.016801059619333,0.00134199903904282,0.637614876744505,0.000171422329261731,0.0116799786094545,0.0465327800633669,0.000843915058099578,0.00321742211698558,0.023739927228701,0.0463127901347485,0.0113492231801418,0.152795446905794,0.322645512795807,0.00250978921049249,0.0272400592966971,0.0388183687490936,3.66752791272234,0.0753055190171736,2.1361591022155,0.000504796965452823,0.00622924056352364,0.0104416443967255,0.0503869414298041,0.000255252629838359,0.186307619324692,0.0140175608942712,0.148242175807928,0.0461234283607703,0.00803630492611024,0.00476581776868145,0.000157277213248585,0.00533852890413022,0.000452456116303311,0.00604493563323144,0.00226986401160349,0.00431106544277939,0.000157162565949615,0,0.00355836099212182,0.000457616371444283,0.00252723931808544,0.000518896417425509,0,0.000147528377006053,0.0037523850554341,0.000464841504441224,0.078351365301748,0.00139370292671052,0.000148740277523447,0.00207456950657304,3.87405835907209e-05,0.00123623939204887,0.000448108486048771,0.00339675162066184,0.000635142417315608,0,9.06642719838979e-05,0.00134111269391744,0.00633848762920726,0.00533341598482702,0.00366147931088967,0.0219644834325145,0.000203755469659889,0.000163264589023998,0.00410809636898452,0.015333774233948,0.00508568786471775,0.00491376292959699,0,0,0.00180486033485411,0.00378311291019245,2.97170609544918e-05
0.430011409709742,0.000948773567267005,0.0812736089086351,0.00372348720185382,0.0228580237385316,2.47073163155371,0.329601856682658,0,0.033492463997216,0.139666221421081,0.00267996592337075,0.0380363552858645,0.0021859491113352,2.07924934960657,0.00141401891109476,0.000435966319008006,0.0565327338683599,0.0005556574156834,0.00495555090175305,0.0146018347224488,0.0128879975311802,0.00239983427266809,0.05252297580107,0.0435153605617641,0.00055782181706796,0.0185122733987181,0.0141348888513582,0.0695861330184967,0.262418445081298,0.0398178682185765,4.46001349853203e-05,0.315559100427977,0.00309013366971593,0.0368990398068537,7.5386147930552e-05,0.0318892410621881,0.00590118167229701,0.100466696690976,0.0367525774986756,0.0407393110686892,0.0196606569377315,0.000367444061492311,0.000689181509089845,0.000136194556595465,0.000746049290166066,0.000594538942668865,0.000381118572184607,0,0.000396782399793011,0.000198190272611351,0.000242994553126413,0.000259168016337973,0.000128508660859294,0,0,0.000399800359295721,0.000178308463597678,0.00942116220081541,0.000256705385486781,0.000120680086341907,0.00034125259270625,0,0.000343733645831273,0,0.000913123761871058,4.6747808782761e-05,0,0,0.000195544785919485,0.00100034208789594,0.000947472322006503,0.00132638183740397,0.00304778819341746,0,7.7337221360041e-05,0.00118519554021386,0.00260940430755933,0.000528502657528413,0.000642776809734055,0,0,6.93154207915983e-05,0.000522674990833253,2.37816146281967e-05
0.0420522349321973,0.349735973035782,0.00946457860260496,0.244484401964434,0.00595667262917892,0.0880703842583297,0.251985270637188,0.033492463997216,0,0.21573067028883,0.0043250821845107,1.47030539906089,0.00744249153286436,0.0456272608435722,0.52468794654073,0.0367320639114559,0.0206037187346539,0.00143293258277206,0.00887897333796635,0.489203332837567,0.0103220085280171,1.77025620807043,0.017789106763349,5.49721238562809,0.0874611014903987,0.0107412105457002,0.135242102237772,0.482899674903759,0.132163882005644,0.179048784338671,0.00219735667811525,0.0087216311562317,0.0980741670208364,0.0984180680788559,0.000999016411047074,0.474958055550048,0.0892935663267232,0.273977190435108,0.151845241635204,1.84999635153867,0.0150989693986834,0.00166367379921281,0.0256358508675932,0.000332273063958419,0.00478587526403252,0.0025684343977206,0.0973423770529206,0,0,0.00375526898170789,0.00483036296201438,0.00313206275881173,0.00162553342828358,0,0.00431531486239918,0.00256958290098969,0.00033952958015848,0.518355198481792,0.00364310137797906,0.000776494642534167,0.0323663582951831,0.000537580428226186,0.00262517066655236,0.00352904484671461,0.00150231512922922,0.00362830351490377,0.000120355269556336,0.00178965717909135,0.00824403558991452,0.00307843933439525,0.00744472227826844,0.00148302227898967,0.0278970620923961,0.000377768343795383,0.00201944453349599,0.00669599238947827,0.00785898015912703,0.00359048065131288,0.00415126475347882,0,0,0.00138774655866068,0.0034884011005628,5.56389958233884e-06
0.0132478011088241,0.000181284729897932,0.00508894174899209,0.916429815348733,0.000631061158137254,1.17917660623495,1.70189436987895,0.139666221421081,0.21573067028883,0,0.00275814375290976,1.48547869677935,0.00255652548799767,0.161739398090465,0.00125861458810228,0.00074937687088656,0.00110067658349011,7.62303792896726e-05,0.000683125895870268,4.82018030530265,0.00120542926548481,0.00117134658464392,0.00416665394127318,0.0976114874179786,0.000799116737077647,0.00149483586265157,0.00193726358593897,2.33084877083439,0.0930780831494083,0.00218641800649717,0.000123630567020079,0.0123521163221604,0.00415552659148313,0.0720671225160532,3.63486691120707e-05,0.112322948453259,0.00773453038088312,0.158114069613051,0.0508077960453008,0.0159492608096839,0.0102221734694262,0.000359577649556441,0.00224095071534067,0,0.00120402074875987,0.000262134602754416,0.0143312446942178,0,0,0.000180645637410366,0,0.0001015110182657,0.000990163869272537,0,0.00115590775022244,0.000854654030733157,0.000544253616025608,0.0490862295599589,0.00402099616562308,9.98355235467922e-05,0.00498417198993311,0.00037414415412614,0.000722514343223523,0.000423084311840587,0.000272472002512508,0.000208395157699875,0,0,0.00331520836649175,0.000548668863703614,4.69315196849449e-05,0.000402080537341452,0.0340178756002852,0,0,0.000120741576256703,0.0039675902587749,0.00120798789616061,0.000512041158213048,0,0.000259563711850441,6.02414472800428e-05,0.000946713944867313,0.000194994255215774
0.00357771912114123,0.0097380201903346,0.00905440230323223,0.00029548584181299,0.00452606772581121,0.00377436032847529,0.00309560254309835,0.00267996592337075,0.0043250821845107,0.00275814375290976,0,0.00158835345436529,1.76067759511121,0.00431784386316411,0,0.00183358077424735,0.0401357745140727,1.08011427398516,1.08743921157326,0.000894907919373987,0.00271422161259971,0.00313379326902403,0.00954805057676016,0.00122445282272892,1.27887347505289,0.9915132386522,0.21240980221024,0.00313783876105398,0.0305823783843036,0.0018957769184055,0.53500110260407,0.0389437141817892,0.00180046018593424,0.912262148014053,2.8007686135195e-05,0.024794491858588,0.311024777985242,0.682098237969715,0.02162235739573,0.000929350168503245,0.0132498752818132,0.282403782835755,0.00194299681571654,0.00715924484221493,0.00787934701462129,0.00121855931413905,0,0,0.000213209694054291,0.000153695464872951,0.00529287830685541,0.000937981466484107,0,0,0,6.59728273715639e-05,6.81563105252754e-05,0,0,0.006296568431007,0,0.0120881713378152,3.94262999339296e-05,0,0.00022930486547788,0.0016891889106213,0.00775841170541333,0.00558305933596431,0,0.000102956049440568,0.000186018850434883,0.000470334156413674,9.28748335092967e-05,0.0164936677326419,0.035232269746782,0.0194549477155849,4.30148124838312e-05,0.000162860814545777,0.000261343200338552,0.00316811579726162,6.67762172442314e-05,5.03838464736596e-05,0.00379576049213263,0.000100519497992892
0.00254940200975453,0,0.000266781484517312,0.446564155242967,0.00337671231223308,1.90163578616223,0.016801059619333,0.0380363552858645,1.47030539906089,1.48547869677935,0.00158835345436529,0,0.0014822544341216,0.0378865551788113,0.851562157217065,0.000129284991248167,0.000152565714422412,0.000283896252773478,0.000202032097729737,7.40364574226081,0.000440333378914986,0.000175143874960226,0.000357145759464309,0.462223024524137,0.00112430938651182,0.000274767144114847,0.000650892112076247,0.0855251672889325,0.0496162917030748,0.000223965176819674,8.40500654775648e-05,0.0156245791881106,0.000315395236822284,0.0401140716732191,0.119362978134617,0.045963908030307,0.00291687465830041,0.0705080609197228,0.0271196799999225,0.705178812337644,0.0211269610729564,0.000286314723838278,0.00557093474983407,0.000153721287173387,0.00100712552309148,0.000291250598990259,0.019322708286034,0,0.000192566250447051,0,0,5.14260773447515e-05,0.00812089428665176,0,0.00124723494176232,0.000142685617268087,0.000212236551508746,0.0105927022784998,0.00240711973640484,0,0.355431799658921,0.000228136444438494,0.000578205830297663,0.000227128432495972,8.2690731166412e-05,0,0,0,0.0035532678671664,7.11985177771941e-05,0,2.67422497900131e-05,0.0106528637768868,0,0,0.000165415852248281,0.000825318585719253,0.000609660611006784,2.05353618866466e-05,0,0,0.000132637122839766,0.000418781939644868,0.000247783418733173
0.000337964936486359,0.0196890550023154,0.00434030951823422,0,0.00131312799690712,0.00426532761634749,0.00134199903904282,0.0021859491113352,0.00744249153286436,0.00255652548799767,1.76067759511121,0.0014822544341216,0,0.00137477010196896,0.00013949226251188,0.00272505321733486,0.00291604088888634,0.0370436227695778,0.00909966929996539,0.00120957802507525,0.00109467286524698,0.00833558906587878,0.00488870442388633,0.00150748416560351,1.90646258263603,0.282823365955974,0.667661499896259,0.0034278263724575,0.00993938448153858,0.0003582123387972,3.29105922396245,0.0115189322781476,0.000177503274238731,0.0580161341846054,0.00035278725604093,0.517512695552495,0.621082599349504,0.462364066264354,0.527110073990412,0.00661613558996084,0.0616568408305837,1.42919358392256,0.0406127375933994,0.0134328515570838,0.0221561335869349,0.0200784360603052,0.00361417929759873,0.0141637943710918,0.0433726583778212,0,0.00359954027381291,0.000292319846750655,0,0,0,3.16175216996605e-05,4.76953506992886e-05,0.00183599509192385,0,0.103173777974194,0,0.0372427902963992,3.71089270981111e-05,6.2999653176965e-05,0.000484839158365611,0.00106245902394889,0.000601397024989578,0.00200784042902091,0,0.00014093151485906,6.62779945624237e-05,0.000215259280398714,0.000450902798780695,0.00514623117548103,0.00931371784042496,0.00835191680353072,0.000153535995080647,7.6055012494989e-05,0.000166038344325408,0.00142602338427503,0,0.000115790390584578,0.00283143187744891,0.000318325753720639
2.61742524737036,0.000692248102586316,0.0518606225051059,0.00274142948377383,0.00605574492277217,0.183227448676658,0.637614876744505,2.07924934960657,0.0456272608435722,0.161739398090465,0.00431784386316411,0.0378865551788113,0.00137477010196896,0,0.000253376956773178,0.00083674923485824,0.0574569628138628,0.000964702864862665,0.0051098503291392,0.0253244570455678,0.00760232841030317,0.00213536869196535,0.0357606562342597,0.0573868293652528,0.00113479125777458,0.0135939707465107,0.0107178777070778,0.0592896991214064,3.51287494906552,0.0366381466255641,0.0003211837336366,0.119969535400479,0.00712623894495044,0.0939512296697674,7.2150420148049e-05,0.0259738374157197,0.00524673969585449,0.10837060237975,0.0177634074790046,0.0175405313743621,0.00834330587903507,0.00115200918177674,0.000829184048775649,4.82859255560076e-05,0.00100171520414252,0.000208600166145091,0.000379705773903734,0,0.000234862628115408,0.000548173561191096,0.000261668758380631,0.00036869696250117,5.53351068485028e-05,0,4.64175529351772e-05,0.000575084461237281,6.5314286351236e-05,0.0111311712975221,0.000328479332447944,5.30242391725503e-05,0.00023128290668864,0.000117317309207963,0.000262232389781982,3.93735678932382e-05,0.000595954151014199,7.44572873754169e-05,0,0,4.1132569165935e-05,0.000905480944241194,0.000501160016721843,0.000500361520722296,0.00384053340994841,9.4018323260751e-05,0.000195069398728476,0.000714698462876042,0.00339451591375607,0.000572877722841674,0.000461303246426023,0,0,0.000186063393403032,0.000429362505730459,3.84027798796629e-05
0,0.000932869537492123,0.000422984562394448,0.000406116784640563,0.0235799549585431,1.78194784993413,0.000171422329261731,0.00141401891109476,0.52468794654073,0.00125861458810228,0,0.851562157217065,0.00013949226251188,0.000253376956773178,0,0.00193157085709068,0,0.000187359412299978,0.000320772653175976,0.02235790212249,0.000489508746936039,0.000524759605801742,0.0026847130579564,0.00569892566118043,0.000237515592908973,0.000195197255791681,0.00127099428733467,0.00108132486154924,0.000468070623435122,0.00021627677252338,0,0.000248465388170142,0,0.000103266058947887,0.204361443195478,0.197080855609024,0.0104012264991418,0.00359532419605655,0.00436617198964195,2.02776143584134,0.0165455723311904,0,0.00663673016848283,0.0115131973015124,0.0152833714263196,0.00738756326098952,0.00400304994461798,0.0016740653345167,0,0,0.000123859824209173,0.000145907810427408,0,0,0,0.000169026285163038,8.85529056943515e-05,0.000161593668997692,0.000258524677567,8.49534826492444e-05,0.00016549111150877,0,0,0.228151103340249,0.00142138149429897,0,0,0,0.000355658983508497,0.00066455508406901,0.000956863249216208,0.00336026434838087,0.000438090990793616,0,0.000139836875784224,0.00150541965870731,7.04172738274617e-05,6.03337383823571e-05,0.000235731112808939,0,0,0,0.000635962749463586,0.0174564327652077
0.00255986171075298,0.0353556341585895,0.00645351629805979,0,0,0.00126796717584366,0.0116799786094545,0.000435966319008006,0.0367320639114559,0.00074937687088656,0.00183358077424735,0.000129284991248167,0.00272505321733486,0.00083674923485824,0.00193157085709068,0,0.0298285066858527,0.000539678619603121,0.0033691507342264,0,0.438564792774333,3.16812877198617,2.35954266645998,1.97517025748239,0.00275632568793927,0.00270960808202117,0.915541138802344,0.605890245943888,0.00297496899384536,0.024387091900695,0.00047476598525851,0.000373408637563825,0.00283279484909679,0.0256526304260536,0.00188084152570704,0.324029974770232,0.200076611117707,0.197442808118909,0.0789493409798136,0.0204729658550017,0.00201548460354952,0,0.0768128035848182,0.0493171671976152,0.039149961213802,0.0238512437266831,0.00223549079093549,0.00183218944564306,0,0.00134675689499918,0.00612726722881094,0.0150464245657831,0,0,0.000223948809177848,0.00319674013478244,0.000962770801610119,0.0350900786662326,0.000346934742262984,0.000497335137798673,0,5.71363350531369e-05,0.000780169315700961,0.00541982838243205,0.469092234660312,0.0036262574303119,0,0.00188368893222279,0.00022540039985379,0.0862464778172515,0.603969287505965,0.270267889216933,0.0213093527753725,0,0.00211790952937333,0.028598020162103,0.00946085875738983,0.00292131720494557,0.0179991735199309,0,0,0.00286491830768557,0.0135780978642961,0.00176870001593577
0.160562520124325,0.0662192356318767,1.81576477198343,0,0.000272674335847967,0.00723163179627338,0.0465327800633669,0.0565327338683599,0.0206037187346539,0.00110067658349011,0.0401357745140727,0.000152565714422412,0.00291604088888634,0.0574569628138628,0,0.0298285066858527,0,0.0709672064693227,1.96235886118445,0.000232922237156435,0.0829506159138104,0.0369599166188233,1.30514349022732,0.016811113144552,0.00590177602868266,1.33624197184663,0.586907982564,0.0284957655970345,0.174870760508776,0.167031573574629,0.00329759902796412,0.00211678575933207,0.0546306931585504,0.230613609124559,0.000325079543343136,0.0567990355157548,0.059833834582862,0.208682294444973,0.0274318951189863,0.00117032629419659,0.000626675312164255,0,0.0166479928370293,0.00830388396823305,0.0221631943811643,0.00734063147478866,0.000122814723626463,0,0,0.000925896184836588,0.0370578966573962,0.0212302220254226,0,0,4.70588350759676e-05,0.00040823029773803,0.000483407521356643,0.0037398079792566,0,0.000532665488297336,0,0.000212558194015492,0.000252484538297102,0.00133743342811857,0.0079885808370933,0.0156055094844865,0.000330671899084495,0.00599853511057622,0,0.00172180322787161,0.0151843675080211,0.0102987295478215,0.00111161573115631,0.00143494603324572,0.00889278593296024,0.0489741804537025,0.00120566686626621,0.000518016591318245,0.000766313561715471,0.000108715199808678,0,0,0.00846146378872152,0.00029860481597251
0.0023011705145337,0.00668387402037099,0.0102993897341637,0,0.000610308550099616,0.000520910586510732,0.000843915058099578,0.0005556574156834,0.00143293258277206,7.62303792896726e-05,1.08011427398516,0.000283896252773478,0.0370436227695778,0.000964702864862665,0.000187359412299978,0.000539678619603121,0.0709672064693227,0,2.50496678074328,0,0.000343366232159821,0.00415288343338547,0.00246334322585907,0.000503700530572592,0.193390131410444,0.885359658038963,0.0828515145580087,0.000260148052734592,0.00458759572334648,0.00158466071911513,0.0310055220339615,0.00493431731576444,0.00398020624946543,0.0805380795345622,3.05820877814385e-05,0.0172017382372702,0.143203800837681,0.107282654825492,0.0195791416154776,0.000265518718306015,0.00192751435460812,0.00496581329073501,0.00152668215344069,0.00476116019182824,0.00560679829096156,0.00226623233367813,0,0,0.000296054431945955,0,0.00211120316601116,0.00059554926958232,0,0,0,4.7186459786526e-05,0,0,0,0.00297952607643828,0,0.00364601522860702,0,0.000131416625509813,0.000669967750788982,0.00101053686503552,0.00895249314414044,0.00549937039564451,0,0.000198892555585957,0,0.000477917769181284,0.000128977748267124,0.0138721688641423,0.0215228958277442,0.0158666591257008,0,0,5.98958781455154e-05,0.00315803043650314,0,0,0.00376130240293045,0
0.0117252212683175,0.0332562631558981,0.0610253129590689,0,0,0.00115352246797699,0.00321742211698558,0.00495555090175305,0.00887897333796635,0.000683125895870268,1.08743921157326,0.000202032097729737,0.00909966929996539,0.0051098503291392,0.000320772653175976,0.0033691507342264,1.96235886118445,2.50496678074328,0,0.000310298476903659,0.00559201807103927,0.00697667970280278,0.0206980238959477,0.00278582042197903,0.05542062669084,1.473736273282,0.206525020483753,0.00328383019837377,0.0203028566817352,0.0135493451189069,0.00887916215128768,0.00350634485330797,0.00566500065319784,0.370990218177204,6.89275128094876e-05,0.0141122554591869,0.0758542686044075,0.134517328341438,0.0138763328902038,0.000214313208992366,0.00073883976561313,0,0.00739313591160359,0.00779670301370746,0.0159655383589259,0.00494788608593889,0,0,0.000416206740192493,0.000172855623891777,0.032888052584556,0.00253910959396881,0,0,0,0.000550439651758809,0,0,0,0.000976423371600749,0,0.00179614880182509,0.000321692665883585,0,0.0007161530116545,0.00658673488250411,0.00202799758707155,0.00915445224826635,0,0.000628790951507969,0.000568924929734456,0.000978415105580547,0.000115906413496951,0.00700626409807236,0.0210764680078998,0.0254212008081727,0.000123208599142382,0.000322519606520092,0.000347734685111049,0.00137464056826552,0,0.000281040623614833,0.00946603599177978,2.8573758600452e-05
0.00705256605374387,0,0.000207438284870853,13.8239967373352,0.000925056983529256,0.0793414068885093,0.023739927228701,0.0146018347224488,0.489203332837567,4.82018030530265,0.000894907919373987,7.40364574226081,0.00120957802507525,0.0253244570455678,0.02235790212249,0,0.000232922237156435,0,0.000310298476903659,0,0.000215444236758063,0.000281695632636525,0.00050053310415343,0.60081192581644,0.00140784716382249,0.0007193063657592,0.000488103336548636,1.11877278379266,0.0306515107656465,4.84811136799226e-05,0.000499836590583665,0.00915654075802091,0.00172086489275111,0.0279327363191889,0.000177664454214746,0.0495435351798056,0.00272995478444039,0.0670255468060116,0.029436308823603,0.13704776758442,0.00960803938541473,0.00122237853040518,0.00280357023669752,0,0.00014232543368669,0,0.0181180917029079,0,0.000185579582953458,0,0,0,0.257897743805892,0,0.00104204136587705,0.000196917605385727,0.000353653580450064,0.0316584899080319,0.00186162613569926,8.08860386484079e-05,0.0333289894961915,0,0.000281494416285721,0.000480609266993124,7.05134488039757e-05,0,0,0,0.00363983774223874,8.35687935892525e-05,0,5.64649652218285e-05,0.0124659624072326,0,0,6.78228751333286e-05,0.00112473523139751,0.000158785164642882,0.000136643777928943,0,0,0.000697473532398712,0.000485486545261492,9.54336413074865e-06
0.016176730942137,0.00202546525466144,0.355819422437668,0.000358234784644981,5.84769337506133e-05,0.00650927447943192,0.0463127901347485,0.0128879975311802,0.0103220085280171,0.00120542926548481,0.00271422161259971,0.000440333378914986,0.00109467286524698,0.00760232841030317,0.000489508746936039,0.438564792774333,0.0829506159138104,0.000343366232159821,0.00559201807103927,0.000215444236758063,0,0.106371891557788,6.28608677506518,0.0420805340407678,0.000787947501447971,0.0193440029647474,0.04230764778702,1.21344454018614,0.403392035652666,2.53253508815289,0.000317164589943134,0.00112484706985968,0.181650497454285,0.697186056559062,0.00296680436550208,0.423312318469606,0.0765982238664941,0.485048029007813,0.097459453551681,0.0412469372418313,0.00114355309594463,9.41999947239886e-05,0.0145144629623098,0.00309174348887824,0.00856095586296741,0.00356466636403234,0.00125001952469661,0.000576053122765776,0.000299209619592844,0.00137854721637102,0.0011053191121703,0.002696985870832,0,0,3.60157074001128e-05,0.000726545527237436,2.47781831615706e-05,0.0193727077102064,5.20506063119313e-05,0.000154709295982475,2.5283309210478e-05,6.06856497422084e-05,0.000318303614431944,0.00445891586780535,0.0332932908738305,0.00069519177900053,0.000176728447730574,0.000285671948640023,0,0.0296089832201051,0.0512401206057857,0.0200438116746194,0.00798718964243089,4.63647264775354e-05,0.000290066529036364,0.00502471009838856,0.00508206986339991,0.00193637499249327,0.0105270730453657,6.06765229653602e-05,0,0.00113668989364886,0.00605387633072303,0.00134410674144485
0.00402495110925756,2.03211237014719,0.0128453723868711,0.000570310213946372,0,0.00242215781805742,0.0113492231801418,0.00239983427266809,1.77025620807043,0.00117134658464392,0.00313379326902403,0.000175143874960226,0.00833558906587878,0.00213536869196535,0.000524759605801742,3.16812877198617,0.0369599166188233,0.00415288343338547,0.00697667970280278,0.000281695632636525,0.106371891557788,0,0.151688421806273,1.59548948715762,0.213911504333199,0.00844402593453912,0.799339029730522,0.139765716107679,0.00531616763032842,0.0541631586271985,0.00372942049786005,0,0.00485088386878423,0.0229237866379686,0.000493262152801339,0.168164199756976,0.118275852803813,0.154787320275692,0.0555276281386629,0.0118973837474895,0.00121295241955664,0.000481553959637365,0.0519854695365409,0.023324250814728,0.0344883785629111,0.0191129770262565,0.00256060766345187,0.000327056155998418,0,0.00155633474149728,0.0485217964892137,0.0189983799034805,0,0,0.000134752732919616,0.000896456342565129,0.000127259003710891,0.100290708298381,0,0.000677879774672688,0.000147188319448707,0.00017138182629501,0.000166702410580455,0.00548710706341241,0.223767704948532,0.00878500645197212,0.000360714406996469,0.0045982696706305,0,0.0632970312861612,0.681877769779234,0.116511579818877,0.0148349266894361,0.00100105756978545,0.00234188075227475,0.0369387801925134,0.00502125117202364,0.00106202457567031,0.0125450356842803,0.000381677130514083,0,0.000847565550615786,0.00994594316973859,0.000646792167701819
0.0810349163907819,0.00449664063287036,2.8448742203975,6.39757391003967e-05,0.000105599855899669,0.0196505286469605,0.152795446905794,0.05252297580107,0.017789106763349,0.00416665394127318,0.00954805057676016,0.000357145759464309,0.00488870442388633,0.0357606562342597,0.0026847130579564,2.35954266645998,1.30514349022732,0.00246334322585907,0.0206980238959477,0.00050053310415343,6.28608677506518,0.151688421806273,0,0.0434298220186334,0.00202979005157655,0.0983832196000746,0.972008257353707,0.490112651672298,0.37694237449631,0.327389738332377,0.000441507914768679,0.00156015833694951,0.1199004378818,0.516341185641522,0.00669289598901188,0.712681356439562,0.29824946170625,1.06964852479565,0.211496254163054,0.0631490462277604,0.0041095380258396,0.00015571536062086,0.0481465983887252,0.0284920730153943,0.0276196131537491,0.0100716919533333,0.00156051088271965,0.00028098783944801,0.000133497877733573,0.000771244486619232,0.0030371425016018,0.0349420468401466,5.31280514042159e-05,0,7.20933221013316e-05,0.00279163733801605,0.000455648068031271,0.0140658536901314,0.000283141301849267,0.000665710265743118,0.000115799951489555,9.26551461215347e-05,0.000683520108585219,0.00869794843146293,0.145593573275923,0.00289539045443834,0.000131372884920736,0.000995324458807529,0,0.0266970706399518,0.138426224885312,0.136155036387432,0.0101417286075051,3.52019878832588e-05,0.0021130862786419,0.0804308100268006,0.00566793607347107,0.0010342166524576,0.00533859338159161,0,0,0.000642850443259449,0.00799165398091647,0.00672403544665835
0.0440282727821164,0.0394013245497916,0.00950701890924545,3.3609828052936,0.000234139215122046,0.0627386387201691,0.322645512795807,0.0435153605617641,5.49721238562809,0.0976114874179786,0.00122445282272892,0.462223024524137,0.00150748416560351,0.0573868293652528,0.00569892566118043,1.97517025748239,0.016811113144552,0.000503700530572592,0.00278582042197903,0.60081192581644,0.0420805340407678,1.59548948715762,0.0434298220186334,0,0.00769237932340712,0.00553616895885573,0.136047704409035,2.48116004607993,0.137198095369619,0.0911021877424557,0.000618108689118837,0.004049494565242,0.0471403934894446,0.0718818139149921,0.000486883739712456,0.24898441527619,0.043593349215682,0.166638131096946,0.0529473874094517,0.0531990583084681,0.00463918914036774,0.000372404622490529,0.0158754298347991,0.00230808687726174,0.0198267746376908,0.00718826746799452,0.0134910868761635,0.000799892025015802,0,0.00880205097450896,0.00232510301336756,0.0044506929649573,0.0677585672618171,0,0.00152922701400668,0.00847609751206902,0.00122511733107562,0.315323192566602,0.00307639713538849,0.000367126152795196,0.0144817975806932,0.000244853032302721,0.00384366507058296,0.00127466041938077,0.0126039623405087,0.00165454831678706,0.000105531371414269,0.000454521579534933,0.0085937104745545,0.0245660852030526,0.0353997691172389,0.015149626326457,0.069196165385041,0.000148052228760881,0.00132701156013254,0.0100104900593885,0.0386706967004528,0.0135146401924928,0.0210343164635777,5.05909112833575e-05,0,0.0044682102369395,0.0106839518802839,0.000135421647526722
0.000436224642784883,1.19922230003558,0.0137584166462705,0,0.00157831740002074,0.00155838603412633,0.00250978921049249,0.00055782181706796,0.0874611014903987,0.000799116737077647,1.27887347505289,0.00112430938651182,1.90646258263603,0.00113479125777458,0.000237515592908973,0.00275632568793927,0.00590177602868266,0.193390131410444,0.05542062669084,0.00140784716382249,0.000787947501447971,0.213911504333199,0.00202979005157655,0.00769237932340712,0,0.576662177263772,0.727640806405765,0.0012700859956382,0.0093085615538674,0.000883665662872223,0.627279304434213,0.0137034925799243,0.000836491430828798,0.0970483079755011,0.000124020942157975,0.0634079109056914,1.79186248295184,0.420172585923035,0.0386136256527134,0.0016300972176983,0.00560714053176281,0.696890143131418,0.00954856438366659,0.113048585085764,0.0652387255907867,0.0151707171095494,0,0.00243636628612917,0.00548700803607248,0.00133349709508959,0.300930977947516,0.00186628989156797,0,0,3.34363869861475e-05,0.000556636557260459,0.000237781353828067,0.00112758794984498,0.000128342446269837,0.0701470080736818,0,0.130709649141159,0.000273853432587776,0.000144994675435314,0.000250426699816151,0.00593535440559124,0.0758626213127801,0.0459031124527052,0,0.00137183082989475,0.00887984679975354,0.000800686006507116,0,0.431489709627996,0.178574940001651,0.123738263253431,0.000301866007524553,0.000866982186946228,0.000388634284366858,0.0470116027006823,0.000135917932386688,0.00100713887501516,0.045077595868634,0.000132459836644754
0.0237133361763667,0.0410197261504175,1.36920609570587,0,0.000695460200059542,0.00901491073655512,0.0272400592966971,0.0185122733987181,0.0107412105457002,0.00149483586265157,0.9915132386522,0.000274767144114847,0.282823365955974,0.0135939707465107,0.000195197255791681,0.00270960808202117,1.33624197184663,0.885359658038963,1.473736273282,0.0007193063657592,0.0193440029647474,0.00844402593453912,0.0983832196000746,0.00553616895885573,0.576662177263772,0,1.8592342973031,0.0133600008143345,0.0274918891174846,0.0181435303518184,0.188056329265178,0.0049895520254017,0.00482976645409376,0.138619211117206,0.0004262008398955,0.0572381127088176,0.256049424212978,0.205658538891917,0.0316341659871901,0.000784628994171781,0.00149382916241617,0.010152125242045,0.0136009792853995,0.0197799508651956,0.0382976759288793,0.00723216424048746,3.49312152800609e-05,0.000384374606005246,0.000355190625709178,0.000645910862519229,0.0692784161702646,0.00577431845911213,0,0,0,0.000802153538797436,0.00012253648684073,0.000769172507825136,0,0.0109912980014959,4.82333620858565e-05,0.0146379434701201,0.000498892144383063,0.000219547740448395,0.000650165432950163,0.0116096776329306,0.0150611220901978,0.0206362995894464,0,0.0011649861423898,0.00224248092871593,0.00191561046261599,0.000526857075325799,0.0246162859787167,0.101892790512635,0.105430051142164,0.000412839318564925,0.00079989714697226,0.00079839754986287,0.00450029898283857,0,0.000132109526002293,0.0261117080231067,0.000248615229480677
0.013091214143039,1.07109900930436,2.00183325082811,0.000115604593993152,0.000228149126394043,0.00593542642415765,0.0388183687490936,0.0141348888513582,0.135242102237772,0.00193726358593897,0.21240980221024,0.000650892112076247,0.667661499896259,0.0107178777070778,0.00127099428733467,0.915541138802344,0.586907982564,0.0828515145580087,0.206525020483753,0.000488103336548636,0.04230764778702,0.799339029730522,0.972008257353707,0.136047704409035,0.727640806405765,1.8592342973031,0,0.131907103858097,0.0215775466509224,0.0192800065164685,0.455873855253454,0.00268838212207844,0.00383500884928903,0.219496843441998,0.00356922353447541,0.325931280299906,0.423196209903338,0.709114482429065,0.13705888520063,0.00563457905669377,0.00116112252221511,0.0020125458981467,0.0912921394338645,0.0559935174661568,0.103409955569736,0.0280459522608995,0.000603309921787784,0.00019571677248335,0.000255547837187506,0.00181974076436537,0.160014379985439,0.0914102554645237,0,0,0.000115671698439019,0.00397566176305359,0.00200301675712769,0.00384689713633172,0.000351712827553887,0.00679676948176078,6.05092532373148e-05,0.00965971917972084,0.00266393004628569,0.0028554751965909,0.0602053011204742,0.0457736777822542,0.00714490692388607,0.0334271812630782,0,0.011058651287923,0.103409996301878,0.109711667431675,0.00728579022906706,0.0238670320648804,0.125992038621629,0.395435978886312,0.00399553850903245,0.00186638244786148,0.00304190100515873,0.00281150042563342,0,0.000316819267806577,0.0540988106416696,0.00318130499662787
0.0473514876417773,0.00335823361968882,0.0668763357495596,2.77710911177936,0.000416838412077777,0.0797272495567505,3.66752791272234,0.0695861330184967,0.482899674903759,2.33084877083439,0.00313783876105398,0.0855251672889325,0.0034278263724575,0.0592896991214064,0.00108132486154924,0.605890245943888,0.0284957655970345,0.000260148052734592,0.00328383019837377,1.11877278379266,1.21344454018614,0.139765716107679,0.490112651672298,2.48116004607993,0.0012700859956382,0.0133600008143345,0.131907103858097,0,0.152732063374343,1.16864306986599,0.000159937341971719,0.00546489879812005,0.0823809121699605,0.226213261029674,0.00272156678053103,0.587022469218958,0.0964788897301958,0.335514711213042,0.0993183318820152,0.027437759378973,0.00717015686405857,9.36084068205991e-05,0.0180216926570371,0.00128092941233089,0.017419558991746,0.0061240541277465,0.0102186767306976,0.000547313523784619,0,0.00790730849716173,0.000783586968768102,0.00581801916450206,0.0118749673443702,0,0.000863893071546952,0.0125566812809077,0.00132579508584483,0.200490179991534,0.00232992899539729,0.000743682092953651,0.00431995517861116,0.000104415752268235,0.00332881669413136,0.0025902978549351,0.0147369655918886,0.00176046891326516,4.34409750146927e-05,0.000475643488828669,0.00242689335271668,0.0366903805815154,0.0375003852500761,0.0155189418105194,0.0579555971566197,8.01084916891371e-05,0.000533054186289989,0.00670334037482341,0.0444559585403094,0.0152459345825266,0.0315584529708589,3.10983474685108e-05,2.89293916964049e-05,0.00535017918752104,0.0114586758007103,0.00125586549693323
