0,6.4829825912134e-05,0.00046675792368841,0,0,0.000337812570449184,1.35096107673405,0.000502577471253125,0.0103231687628456,0.0116739543750702,0,0,0,2.74132533491395,0,0.000479207942010877,0,0,0,0,0.00152084936279098,0.00329293731013229,0.00195155400535755,0.0147618763928461,0,4.65651462513191e-05,0.000304054568936006,0.0448633977110183,1.98589035924259,1.43974809632465,0,0,0.215939147711132,0.0645414014313281,8.00663963292612e-05,0.0292113966404965,0.0118824363365825,0.0291160544594947,0.022013601412772,0.000426556235888859,0,0,0.000360697380069885,0.000284150901880035,0.000841355934203805,0.000710546781175526,0,0,0,0.000988279895299218,8.31950284641441e-05,0.000194476644520269,0,0,0,0.000721392566826987,0,0.0141978852193864,0,0,0,0,0.000295732381280463,0,0.000250048085414905,0,0,0,0,0.000112178856197156,0.00236227193915192,0.000193786266489452,0.0142760710953597,0,5.688856350199e-05,0.000115570389218287,0.0039660640513406,0.000208300501605169,0.00054875306630323,0,0,0.000776561860313024,0.00056183391318522,1.35269915374646e-05
6.4829825912134e-05,0,0.0160035580706358,0,0,0,6.19106545596956e-05,0,0.0164097225103056,0,0.00843321313442239,0,0.0284546567733973,3.62108132829386e-05,0,0.248526242866085,0.00755775044704476,0.000241395507854091,0.00334060333219216,0,0.000776119506639373,1.73074367295597,0.0059283123767493,0.0597123999449646,2.50149137516196,0.0343643644808355,1.99184641465588,0.00536356206391362,0.000239444089440358,0.000353702042140896,0.000865410954425522,0,0,0.00258816204334921,6.80992988440687e-06,0.00311535925263297,0.0723892325796344,0.0220283997038046,0.0176301689197682,0,0,0.000651514825434759,0.00193681511833268,0.0123716272697546,0.00808629154149497,0.00749669834730039,0,0,0,0,0.891625357906639,0.0025644832598552,0,0,0,5.73700260457347e-05,0,0.0236478439074681,0,0.000634063990779662,0,0,2.37195667445599e-05,0,0.00143399670656924,0.0051122410071128,0,0.00805031686367593,0,0.000348390849749722,0.278386439933844,0.000943532947192193,0.0031220521323804,0.151758153207388,0.0381475799545454,0.0782574571255606,0.000501260119529325,0,7.8851186218747e-05,0,0,0,0.00534704372875694,5.09665433430577e-06
0.00046675792368841,0.0160035580706358,0,0,0,0,0.0274690710464246,6.78131606700301e-05,0.00019869483503477,0.000279733745958917,0.000142342004634291,0,0,0.000234274178020708,0.00017972492165009,0.0133767211437858,1.16317444287421,0,0.000587163940265846,0,0.0727673808248198,0.00985836345149456,3.12671283492366,0.00100102063981546,0.000342786090597801,2.16009381610651,2.28827742962089,0.0415150414496499,0.000275194686239743,0.0103151261188904,0,0,0,0.0154246693285745,0.000183616392582126,0.0153551784205763,0.101551496724241,0.0637206556856396,0.028586243881068,0,0,0,0.000183837104395932,0.000108424931250077,0,0,0,0,0,0,0.000131160090591903,0,0,0,0,0.000125270722190962,0,6.34357626602315e-05,0,0,0,0,0,0,0,0,0,0,0,0,8.23419147190901e-05,0,0.000456359604937419,0,0.000101445998251811,0.000262564529010553,7.43057626665261e-05,0,0,0,0,0,0,2.3941787626381e-05
0,0,0,0,0,0,0.0117861450488318,0,0.116037446840645,0.135944099054285,0,0.174799500916232,0,0,0,0,0,0,0,4.35546152057631,0,0,0,4.44063123198361,0,0,0,1.39956343287524,0,0,0,0,0,0,0,0,0,0,0,0,0,0,0,0,0,0,0,0,0,0,0,0,1.35049985191424,0,0,0,0,0,0.000190237861752603,0,0.0511056414338089,0,0,0,0,0,0,0,0.393370695093925,0,0,0,0.000419016172981124,0,0,0,0.00512954423573537,0,0,0,0,0,0,0
0,0,0,0,0,0.0636276207919154,0,0.0051872943938054,0,0,0.000921033397804916,0,0,0.0125026205922279,0.0396403188792319,0,0,0,0,0,0,0,0,0,0,0,0,0,0.0762078300833668,7.73232886127247e-05,0,0.484865016634702,0.00315725713908365,0.476510917681836,0,0,0,0.0182345096318348,0,0.269724638686551,2.04086521187745,0,0,0,0,0,0,0,0,0,0,0,0,0,0,0,0,0,0,0,0,0,0,0,0,0,0,0,0,0,0,0,0,0,0,0,0,0,0,0,0,0,0,0
0.000337812570449184,0,0,0,0.0636276207919154,0,0.0137670244156858,0.601918020124523,0.00131488461796333,0.427747385517495,0,0.462801581351966,0,0.106884621277103,0.720927385509562,0.000525390957399327,0,0,0,0.0230274781960838,0,0,0,0.000282774894304459,0,0,0,0.000409589647135005,0.0494924019921266,0.000200062367438723,0,0.0198440110735027,0.000916455002291218,0.00981287805418854,0.674232787847956,0.00426115804343902,0.000760124356085658,0.00314557304651641,0.000256875372152887,0.33485587361612,0.018935510491643,0,0.00171459441219547,0.000485432165443028,0.000453526559330009,0.00057574782083971,0,0,0,0,0,0,0,0,0,0,0,0,0,0,0,0,0,0,0,0,0,0,0,3.5531230288142e-05,0,0,0,0,0,0,0,0,0.000116871195230895,0,0,0,0,0.00198850890150145
1.35096107673405,6.19106545596956e-05,0.0274690710464246,0.0117861450488318,0,0.0137670244156858,0,0.0369043146376795,0.154681507987172,3.14631348635196,0.000115239304912359,3.9713107489073e-05,0,1.02935954355241,4.06739501735637e-05,0.00411075722479579,0.0016613486363371,0,0,0.00389466551122328,0.0404497180757463,0.00912206150073889,0.0827703632334722,0.256853228419466,9.41437553013847e-05,0.00159987101856711,0.00645630494711987,4.44338366060101,0.301815151931134,1.70397701078467,0,0.000149746155877101,0.0796425000712408,0.0794362995300044,0.000603820071886354,0.0933117143048454,0.0456328289921401,0.047307822675997,0.0330710629928326,0.0108680566704796,7.34271503419098e-05,8.327977583194e-05,0.00221989609650893,0.000175042534547503,0.00100086974979774,0.000988031946345211,0,0,0,0.00140757029885965,0.000177063153364236,0.000240894020475252,0,0,0,0.00324470103096604,0.000194571071559332,0.0271347183784819,0,0,0,0,0.000813741068770892,0,0.000781666759662652,3.4729905534478e-05,0,0,0,0.000674959870345824,0.00322436426966481,0.00034050560352931,0.0405474463417824,0.000143746604245281,1.83421011651494e-05,0.000285769976093755,0.0108849521289236,0.00048899905307403,0.00264165287317762,0,0,0.00087379687463853,0.00062504515148285,0.000385073148452034
0.000502577471253125,0,6.78131606700301e-05,0,0.0051872943938054,0.601918020124523,0.0369043146376795,0,0.000867137997486748,0.435106598771647,0,0.00368868670208064,0,0.835595617896683,0,0,0,0,0,0,3.7281537211065e-05,0,9.75276757072662e-05,0.000399305120428844,0,0,0,0.00039702742799429,0.0932625530512531,5.97716259200735e-05,0,0.0216012748558532,5.16602155555268e-05,0.00161977101547703,0.0327179568324948,6.19087137166483e-05,6.85642084585921e-05,0.000622090347789312,0,0.000775513688673103,0,0,0,0,0,0,0,0,0,0,2.74853257673747e-05,0,0,0,0,0,0,0,0,0,0,0,0,0,0,0,0,0,0,0,0,0,0,0,0,0,0,0,0,0,0,0,0,0
0.0103231687628456,0.0164097225103056,0.00019869483503477,0.116037446840645,0,0.00131488461796333,0.154681507987172,0.000867137997486748,0,0.0212491927716503,0,0.409826739752874,0,0.000783790335318125,0.257418757056167,0.00916433289238183,0,0,0,0.0387192372922055,0.00068383569313762,1.05378002743524,0.00123262435584083,4.361547780259,0.00529436688539445,0.000179871026207211,0.000770628253234827,0.0727368668221847,0.00702836357286715,0.00503363078660932,0,0,0.00261997659025903,0.0027400761249332,0.0625430214563433,0.172649488343786,0.019903269693446,0.00169915704393198,0.00313034256368724,0.212323946274666,0,0,0.0144700402877879,0.00196682536076765,0.00386391221691892,0.0017060886353061,0,0,0,0.00420344922471056,0.0242744914667771,0.0016749664978889,0,0,0,0.00743436170599995,0.000276996075998875,0.891341342283557,0,0,0.0638892260788537,0,0.00108183030127914,0,0.00523567867488364,0.000641818292647892,0,0,0,0.00261514493495846,0.408317274797013,0.000561133245120752,0.171480408952238,0.00674584665693605,0.000978728004447521,0.00404362283541347,0.0284598372805048,0.0009718453737089,0.00328083206709575,0,0,0.00331735350524757,0.00135732381369466,0.0118973576479232
0.0116739543750702,0,0.000279733745958917,0.135944099054285,0,0.427747385517495,3.14631348635196,0.435106598771647,0.0212491927716503,0,0,0.0580418258547152,0,0.389066976835556,0,9.37911666596468e-05,0,0,0,0.826612170802089,0.000164169219582459,6.79638138226381e-05,0.00055266918095524,0.18094822669199,0,0,9.50453453832489e-05,1.01537570246308,0.0192207722833468,0.00251024874418653,0,3.2086281151783e-05,0.0103830326959807,0.00863744510125523,0.000621484446796991,0.00164906897450878,0.000614994315567344,0.000935373908755192,0.000597938235480148,0.00406464082126221,0.000125625062874636,0,0,0,0,4.26130540927567e-05,0,0,0,0,0,0,0,0,0,0,0,5.61516837026856e-05,0,0,0,0,0,0,0,0,0,0,0,0,0,0,0.000233537449935686,0,0,0,2.41401571221113e-05,0,0,0,0,0,0,0
0,0.00843321313442239,0.000142342004634291,0,0.000921033397804916,0,0.000115239304912359,0,0,0,0,0,0.394032382967833,0.00154104480304409,0,0.000156529260385965,0,0.00958164334960088,1.12109203748056,0,0,0.00084454395644754,2.63272779035589e-05,5.88998774362771e-05,0.157862565747183,0.195455489879883,0.0331052287730082,1.14617389260403e-05,0.163909904315876,0,0.000256247556790254,0.377657492281595,0,0.181949328376807,0,0.00099059631824136,0.355468274998679,0.594300131462235,0.0472364281635869,0.000206951442148929,0.00134378900481402,0.160223774491649,0.000120711096950698,0.000791025814737101,0.000160516480908861,0.000264970227424027,0,0,0,0,0.00190566413552401,0,0,0,0,0,0,3.9804437776866e-05,0,0,0,0.000338686299293345,0,0,0,0,0,0.000838584274773707,0,0,0.000182752687330835,0,0,0.0142656128441431,0.00465343999581249,0.00397001838087763,0,4.70605891296396e-05,0,0,0,0,0.000183356053928892,0
0,0,0,0.174799500916232,0,0.462801581351966,3.9713107489073e-05,0.00368868670208064,0.409826739752874,0.0580418258547152,0,0,0,0,0.902061955613914,0,0,0,0,2.0475192493222,0,0,0,0.386176534584611,0,0,9.72446286990041e-05,0.0147096686021418,0,0,0,0,0,0,0.716569146223943,0.00145137037887518,0.000771065886131746,0,0.000359908664715566,0.0197932919222104,0,0,0,0.000295010516797811,0,0,0,0,0,0,0,0,0,0,0,0,0,0,0,0,0.0157530463879544,0,0,0.000526164045742003,6.60376374347492e-05,0,0,0,0,0,0,2.92900626365576e-05,0,0,0,0,0,0,0,0,0,0,0,0.0341414013339766
0,0.0284546567733973,0,0,0,0,0,0,0,0,0.394032382967833,0,0,0,0,0.00101768063198793,0,0,0.000863863522053162,0,0,0.00487273068332107,0,0.000451240139215219,5.33242381509609,0.215282654294784,0.543304696727507,2.98532190624378e-05,0,0,1.36661158506999,0,0,0,0,0.0287083000832712,0.277909451406746,0.0272846575351796,0.000482170889425903,0,0,0.234602699459581,0,0,0.000617979216772072,0.000119793867354005,0,0,0,0,0.011422558470871,0,0,0,0,0,0,0.00037342221342865,0,0,0,0.341633598234166,0,0,0,0,0.000127460539316037,0,0,0,0.00113685409741365,0,4.72137575542454e-05,0.0103733726461274,0.00229314392227346,0.00232662853913694,0,0,0,0,0,0,0,0
2.74132533491395,3.62108132829386e-05,0.000234274178020708,0,0.0125026205922279,0.106884621277103,1.02935954355241,0.835595617896683,0.000783790335318125,0.389066976835556,0.00154104480304409,0,0,0,0,9.89063150888848e-05,0,0,0,0,0.000300173922426738,0.000110788208460087,0.000473758089502974,0.00205386386051879,0,0,0.000101533401456688,0.00555666418431018,3.72290102802071,0.26223077185694,0,0.375211661095748,0.034426334208597,0.165875003573675,2.21298003198068e-05,0.00398028570738265,0.00119408521753294,0.0199939462951911,0.000948850359328547,0.0293872923428829,0.0119373771654186,0,0,0,0.000133469775741819,3.93491877034922e-05,0,0,0,6.78082064346146e-05,0,0,0,0,0,0.000276308972585655,0,0.000876636668932031,0,0,0,0,0,0,0,0,0,0,0,0,0.000138214766862975,0,0.00125502277134107,0,0,0,0.000280716522007011,0.000102117422175516,8.473264227474e-05,0,0,0,3.6286096430843e-05,0
0,0,0.00017972492165009,0,0.0396403188792319,0.720927385509562,4.06739501735637e-05,0,0.257418757056167,0,0,0.902061955613914,0,0,0,0,0,0,0,0,0,0.00032294573934161,0.000246808446616575,0.000214218351299408,0,0,3.53596773082845e-05,0.000191173352605975,0,0.0004040180115235,0,0,0,0,0.177449963057533,0.0322253285802179,0.00284197800624863,0.00114461666386947,0.00794675745385939,0.271461247495206,0,0,0.00740779510058404,0.000771380829329391,0.00108422342940045,0.00673782174994837,0.00344068699179804,0,0,0,0,0,0,0,0,0.000170016125088475,0,0,0,0,0.00106599082365326,0,8.27259771530014e-05,0.000530077153827489,0,0,0,0,0,0.000302146686991236,0,3.2568556070792e-05,4.60691804029128e-05,0,0,0,0.000218148346017521,0,0.000355867259279104,0,0,0,0.000505909382420419,0.0082991832964458
0.000479207942010877,0.248526242866085,0.0133767211437858,0,0,0.000525390957399327,0.00411075722479579,0,0.00916433289238183,9.37911666596468e-05,0.000156529260385965,0,0.00101768063198793,9.89063150888848e-05,0,0,0.0023349792856318,0,0,0,0.376026869081311,5.74844176361449,1.36359232067992,3.15373972299358,0.0266739154573149,0.00179044467177912,0.815553123029652,0.528138026511418,0.000615966048858333,0.00666263174601784,0,0,0.000354296797181927,0.0134806445673136,0.000331567819890129,0.071754664556422,0.0952551776961617,0.0628506271862333,0.0544040605560399,0,0,0.000453672539981215,0.00258219437942434,0.00125813950859612,0.00171462325626369,0.00270237824905114,0,0,0,6.9465419645808e-05,0.0769210125778916,0.000917761330617222,0,0,0,0.000330736024162999,0,0.0203557049496774,0,0,0,0,0,0,0.101960440447481,0.00356408237445899,0,0.000414688291598006,0,0.000136015573009723,0.174977683334024,0.00082682357998073,0.00410187649977512,0.012606339581486,0.00258317515783321,0.0135395206808259,0.000988559751760529,0,0.000457869214264791,6.85618419957921e-05,0,0,0.000293605875384854,0.00016516861860486
0,0.00755775044704476,1.16317444287421,0,0,0,0.0016613486363371,0,0,0,0,0,0,0,0,0.0023349792856318,0,0,0.0698319946816436,0,0.00379660441783056,0.000803240056079557,2.02871723202249,0.000124277055711552,0,0.543661263849195,0.0747162451695204,0.00137980770885894,0.0655971147682742,0.000410905817885458,0,0,0.000513582936736691,0.0694534824749793,0,0.00216943207346978,0.0149176992321854,0.00785192565672736,0.0018963091299221,0,0,0,0,0,0,0,0,0,0,0,0.000134452449865319,0,0,0,0,0,0,0,0,0,0,0,0,0,0,0,0,0,0,0,0,0,0,0,9.3433775929218e-05,0,0,0,0,0,0,0,0,0
0,0.000241395507854091,0,0,0,0,0,0,0,0,0.00958164334960088,0,0,0,0,0,0,0,0.304292098186482,0,0,0,0,0,0.000877192779745777,0.632753506528431,0.00283571316719725,0,0,0,0,0,0,0.000123937673952659,0,9.62798000335584e-05,0.00662420142157297,0.00136079359573397,0.000797331965510933,0,0,0,0,0,0,0,0,0,0,0,0.000148697610826239,0,0,0,0,0,0,0,0,0,0,0,0,0,0,0,0,0,0,0,0,0,0,0.00132542961208643,8.26979872945166e-05,0.00014662894034554,0,0,0,0,0,0,0,0
0,0.00334060333219216,0.000587163940265846,0,0,0,0,0,0,0,1.12109203748056,0,0.000863863522053162,0,0,0,0.0698319946816436,0.304292098186482,0,0,0,0,0.000183399602172891,0,0.0233532750651345,2.06084245178323,0.0108529317899529,0,0,4.01389346875707e-05,0,0,0,0.359877291894845,0,5.61559255265755e-05,0.0267783298774822,0.0806741540444331,0.00488987435106075,0,0,0,0,0.000440731144669275,0.000159288071902059,0.000574396892927846,0,0,0,0,0.000242625504966909,0,0,0,0,0,0,0,0,0,0,0.000646824415141388,0,0,0,0,0,0.000724391766244236,0,0,0,0,0,0.00419830176284921,0.0012905806491952,0.00095457231084238,0,0,0,0.000203196497699764,0,0,0,0
0,0,0,4.35546152057631,0,0.0230274781960838,0.00389466551122328,0,0.0387192372922055,0.826612170802089,0,2.0475192493222,0,0,0,0,0,0,0,0,0,0,0,0.838811798987772,0,0,0,0.0818358935625771,0.00027256697026283,0,0,0,0,6.20966910894211e-05,0,0,0,0,0,0,0,0,0,0,0,0,0,0,0,0,0,0,0,0,0,0,0,0,0,0,0,0,0,0,0,0,0,0,0,0,0,0,0,0,0,0,0,0,0,0,0,0,0,0
0.00152084936279098,0.000776119506639373,0.0727673808248198,0,0,0,0.0404497180757463,3.7281537211065e-05,0.00068383569313762,0.000164169219582459,0,0,0,0.000300173922426738,0,0.376026869081311,0.00379660441783056,0,0,0,0,0.00885225584056522,7.43960934513357,0.0320871880997553,0,0.00391553328282001,0.0323276250129756,1.61225718178859,0.0755085112463365,3.28354313202689,0,0,0.668802611956692,0.125398680368688,0.00063699150145015,0.0430594839631231,0.0700103154140628,0.058969749249488,0.0342354304232165,0.000345021466254361,0,7.15508629450415e-05,7.0685451576233e-05,0,2.85946067142074e-05,0,0,0,0,0,0,0,0,0,0,6.93576059883627e-05,0,0,0,0,0,0,0,0,0.00284868817070235,0,0,0,0,0,0,0,0.00051929064682853,0,0,0,5.28230341605984e-05,0.00010276007685107,0,0,0,0,3.51960907740666e-05,3.25410139617335e-05
0.00329293731013229,1.73074367295597,0.00985836345149456,0,0,0,0.00912206150073889,0,1.05378002743524,6.79638138226381e-05,0.00084454395644754,0,0.00487273068332107,0.000110788208460087,0.00032294573934161,5.74844176361449,0.000803240056079557,0,0,0,0.00885225584056522,0,0.0619168485965927,1.88093024880906,0.115091854247961,0.0032486556722541,0.870044250968635,0.105028289351923,0.00148199602753536,0.00514132786933307,0,0,0.00077419652945015,0.00256207292661364,0.00018163140582366,0.0189174725636432,0.0365824917584786,0.0246217500831201,0.0135121124789705,0,0,8.71964330069475e-05,0.00640842208886529,0.00830472960758551,0.00553316432903669,0.0110595102454813,0,0,0,0.00158292356828578,0.481040629731141,0.0089656597907129,0,0,0,0.000857707611464039,0,0.482964814956836,0,0,0,0,4.19654614448694e-05,0,0.0141300834612288,0.00844939241194914,5.23726857302115e-05,0.00367403995888399,0,0.00224395343157488,1.81102858788816,0.00502239757512526,0.0699918292261335,0.0522999095954019,0.0134061810214812,0.0694490124150189,0.0151500115239405,0.000107737832283953,0.000902850949021914,0,0,0,0.00348378591867269,3.42167390453037e-05
0.00195155400535755,0.0059283123767493,3.12671283492366,0,0,0,0.0827703632334722,9.75276757072662e-05,0.00123262435584083,0.00055266918095524,2.63272779035589e-05,0,0,0.000473758089502974,0.000246808446616575,1.36359232067992,2.02871723202249,0,0.000183399602172891,0,7.43960934513357,0.0619168485965927,0,0.0303959062979814,0.000690211194663105,0.0537468709039407,1.58952123882632,0.403046553176668,0.595734211523532,0.0572343045323888,0,0,0.0247503959388444,0.0512207569975452,0.00202114380385492,0.137881301699056,0.200294385469613,0.188599904634926,0.0958586990486845,0.000157769685870019,0,0.000164402866137944,0.000892465896754239,0.000267610775304876,0.000171939398195819,4.3566912265083e-05,0,0,0,0,0.000733448078584909,0,0,0,0,1.50152762399885e-05,0,0.00087080873393851,0,0,0,0,0,0,0.0435081100206979,0,0,0,0,0,0.000279447021935011,4.55737523831991e-05,0.00140140541577451,2.16680346835226e-05,0.000111542177838929,3.56362754629037e-05,0.000449784980000256,7.2638853165787e-05,6.98458697768758e-05,0,0,0,2.37591750314333e-05,0.00087877998556001
0.0147618763928461,0.0597123999449646,0.00100102063981546,4.44063123198361,0,0.000282774894304459,0.256853228419466,0.000399305120428844,4.361547780259,0.18094822669199,5.88998774362771e-05,0.386176534584611,0.000451240139215219,0.00205386386051879,0.000214218351299408,3.15373972299358,0.000124277055711552,0,0,0.838811798987772,0.0320871880997553,1.88093024880906,0.0303959062979814,0,0.0133457622112449,0.000521822381197238,0.0215024791104437,2.80378481928028,0.00770674572058158,0.0171105125783421,6.81695513227295e-05,3.6903426187144e-05,0.00480859714701918,0.00765289363121611,0.00040865381289318,0.0343659669509024,0.0190770392592465,0.00924889085420652,0.0110595410346321,0.000158923689990421,0,0,0.00836109485845396,0.00270065970065993,0.00642031247863742,0.00549468372570835,0,0,0,0.00470341143398488,0.0347298373001684,0.00169585722126992,0.00060547071665655,0,0,0.0106980425801946,0.000959626647046283,0.258507545157215,0.000113884916639715,0,8.92898168886082e-05,1.47845746408576e-05,0.00221026537692101,0,0.00533899909750863,0.00154242432536815,2.80328690638759e-05,0,0,0.00446846126489258,0.218020448516848,0.00399190815292758,0.206751618824316,0.00837236133033346,0.00190161819218231,0.0115655177462493,0.0560340163084073,0.00256908000970394,0.0107702231672699,0,0,0.00313714538955968,0.00387598390964501,7.48584185017865e-05
0,2.50149137516196,0.000342786090597801,0,0,0,9.41437553013847e-05,0,0.00529436688539445,0,0.157862565747183,0,5.33242381509609,0,0,0.0266739154573149,0,0.000877192779745777,0.0233532750651345,0,0,0.115091854247961,0.000690211194663105,0.0133457622112449,0,0.291806769896848,1.31804347685186,0.0010966425393112,0,0,0.0470889487617558,0,6.44560345917115e-05,0.0029946156714515,0,0.0966354262326809,1.4734520562533,0.118648155747841,0.0230692632097732,0,0,0.616503656051434,0.000648793794166976,0.00364928104155465,0.00631867340132899,0.00450912847375092,0,0,0,0,0.304950210905482,0.000520110135631216,0,0,0,0,0,0.0048993636036522,0,0.000845611000627793,0,0.0442868881586827,0,0,0.000204997885737037,0.0035947665089621,0.00109600156341436,0.00667111358215363,0,0,0.0498703044835722,0.00027762595260955,0.000919731329785467,0.247673114611602,0.0301063949997193,0.0425805656002299,0.00026590270517622,0,0,0.000763554266829948,0,0,0.0018390406863787,3.71831354840334e-05
4.65651462513191e-05,0.0343643644808355,2.16009381610651,0,0,0,0.00159987101856711,0,0.000179871026207211,0,0.195455489879883,0,0.215282654294784,0,0,0.00179044467177912,0.543661263849195,0.632753506528431,2.06084245178323,0,0.00391553328282001,0.0032486556722541,0.0537468709039407,0.000521822381197238,0.291806769896848,0,1.4149298755105,0.00323873904890225,0.000136373663943058,0.00076450947017233,0.0649546662874212,0,0,0.0130836186424453,9.76385506945355e-05,0.00864260516767868,0.273326755066124,0.0795715654607702,0.0185273902447617,0,0,0.000396173050512772,0.00038360817697744,0.00180519442928574,0.00163642839411896,0.000225538326747346,0,0,0,0,0.0062250666395099,0,0,0,0,0,0,0.000455267342356298,0,0.000612264569059965,0,0.000661929787522165,0,0,0,0.000375531718217121,0.000632196874509407,0.00209749491936002,0,0,0.000888092762102939,0,2.30487387077869e-05,0.0394667924583886,0.0192469345960225,0.0168511900872125,0,0,0,5.0302151941667e-05,0,0,0.00108907488890744,7.29315902742167e-06
0.000304054568936006,1.99184641465588,2.28827742962089,0,0,0,0.00645630494711987,0,0.000770628253234827,9.50453453832489e-05,0.0331052287730082,9.72446286990041e-05,0.543304696727507,0.000101533401456688,3.53596773082845e-05,0.815553123029652,0.0747162451695204,0.00283571316719725,0.0108529317899529,0,0.0323276250129756,0.870044250968635,1.58952123882632,0.0215024791104437,1.31804347685186,1.4149298755105,0,0.0369278127631441,0.000381595361320332,0.00290309502291379,0.321778704857817,0,0.000166773893703683,0.0403161625957664,0.000347488176541514,0.0467363233194781,0.281604189932349,0.163273666708175,0.0530053833547909,0.000219227377956099,0,0.000142527320018968,0.00164261207360265,0.00353692407001517,0.00429804118888925,0.00150141012275546,0,0,0,0,0.0402320707330058,0.000453203291370604,0,0,0,5.71077538917406e-05,0,0.000602461148605174,0,0.000821601902368349,0,0.00165165731907664,0,0,0.00282770802898536,0.000177129252376928,0.00101817640596149,0.00421460027338777,0,3.53220292380134e-05,0.0102811277135073,0.000183598544837962,0.000622154188326085,0.0543663287868136,0.0378528121034319,0.148024124648476,0.000134582564904733,0,0,0.000484663172286084,0,0,0.00268124103775689,0.000106889497950025
0.0448633977110183,0.00536356206391362,0.0415150414496499,1.39956343287524,0,0.000409589647135005,4.44338366060101,0.00039702742799429,0.0727368668221847,1.01537570246308,1.14617389260403e-05,0.0147096686021418,2.98532190624378e-05,0.00555666418431018,0.000191173352605975,0.528138026511418,0.00137980770885894,0,0,0.0818358935625771,1.61225718178859,0.105028289351923,0.403046553176668,2.80378481928028,0.0010966425393112,0.00323873904890225,0.0369278127631441,0,0.0329327413754669,1.43035782411345,0,3.16657263582495e-05,0.0155492926926899,0.0439158866502141,0.00180523904357562,0.154374292241488,0.111845010993893,0.0817567250098134,0.0584264722715111,0.000735181776518935,8.33261138655436e-05,0.000204229561784493,0.00568931447630353,0.000653507274642487,0.00332112772444702,0.00224039619168545,0,0,0,0.00210020331730329,0.0025518305400514,0.000563671090760261,0.0872940908915376,0,0.000150910695283571,0.00650695380759934,0.000335349734733738,0.0589951880577006,0.000406745604565325,0,4.66436144973402e-05,0,0.00176685209232775,0,0.00170079944140989,0.00016004530540783,0,6.25960848054177e-05,0,0.00124800949414048,0.0132056820448997,0.00144946272810166,0.0954465165702743,0.000793726976420344,0.000312167999834,0.000929620827486146,0.0344472599911314,0.00158370086559616,0.00488792542240374,0,0,0.00138487580900331,0.00116956121607969,0.000480690985869362
1.98589035924259,0.000239444089440358,0.000275194686239743,0,0.0762078300833668,0.0494924019921266,0.301815151931134,0.0932625530512531,0.00702836357286715,0.0192207722833468,0.163909904315876,0,0,3.72290102802071,0,0.000615966048858333,0.0655971147682742,0,0,0.00027256697026283,0.0755085112463365,0.00148199602753536,0.595734211523532,0.00770674572058158,0,0.000136373663943058,0.000381595361320332,0.0329327413754669,0,1.53052145893282,0,1.08370482443367,1.00785701819282,1.86223347559305,6.79310807348218e-06,0.011083809765432,0.00590890435396432,0.387824658301101,0.0075933123862322,0.0967932598425008,0.192565109574324,0,0.000422079585425687,0.000141645401563495,0.00025465245700228,0.000289239912124261,0,0,0,0.000429385101544374,4.77275731674839e-05,0,0,0,0,0.000600209126964076,5.9603315991306e-05,0.00635571841362154,0,0,0,0,0.000127549984367567,0,6.56797627798167e-05,0,0,0,0,0.000287290401088168,0.000936759324975939,1.31475665572835e-05,0.00819695926676475,0.000221650231224341,7.84687695953336e-05,8.84510803969531e-05,0.00389505248293117,0.000185660058917592,0.000473435791528068,0,0,0.000399149074695644,0.000174729747983159,0
1.43974809632465,0.000353702042140896,0.0103151261188904,0,7.73232886127247e-05,0.000200062367438723,1.70397701078467,5.97716259200735e-05,0.00503363078660932,0.00251024874418653,0,0,0,0.26223077185694,0.0004040180115235,0.00666263174601784,0.000410905817885458,0,4.01389346875707e-05,0,3.28354313202689,0.00514132786933307,0.0572343045323888,0.0171105125783421,0,0.00076450947017233,0.00290309502291379,1.43035782411345,1.53052145893282,0,0,0.000889104240391894,0.903665036014339,1.02115895523147,3.25491305177064e-05,0.0734033650811895,0.0430652989080323,0.104078106815574,0.0388566731250961,0,0,0.000395712844953371,0.000641582185212643,0.000146583783871392,0.00032431135589689,0.0003526581524237,0,0,0,0.000190078695565007,7.65793482332281e-05,0.00024202750738681,0,0,0,0.00105823405880751,9.82556396143615e-05,0.00780026894035639,0,0,0,0,0.00023006698712975,0,0.000395172716395949,4.62742290369628e-05,0,0,0,0.00030621849382772,0.00171473448630245,0.000235268241644575,0.0145813007517734,0.000115236580309835,6.34007044564728e-05,0.000125441933342679,0.00444880968198302,0.000181133027874079,0.00056221972784139,0,0,0.000184049954113519,0.000665804172970305,0.000104016149781021
0,0.000865410954425522,0,0,0,0,0,0,0,0,0.000256247556790254,0,1.36661158506999,0,0,0,0,0,0,0,0,0,0,6.81695513227295e-05,0.0470889487617558,0.0649546662874212,0.321778704857817,0,0,0,0,0,0,0,0,0,0.00242143633859939,0.000284074968763695,0,0,0,0,0,0,0,0,0,0,0,0,7.52808527922158e-05,0,0,0,0,0,0,0,0,0,0,0,0,0,0,0,0.000248620345399833,0.000115565206729274,0,0,0.000155470948962101,0.000133667304650809,0,0.00104277118775967,0.000418017018980338,0.000214544959987115,0,0,0,0,0,0,4.84542955529505e-05,0
0,0,0,0,0.484865016634702,0.0198440110735027,0.000149746155877101,0.0216012748558532,0,3.2086281151783e-05,0.377657492281595,0,0,0.375211661095748,0,0,0,0,0,0,0,0,0,3.6903426187144e-05,0,0,0,3.16657263582495e-05,1.08370482443367,0.000889104240391894,0,0,0.0109600134249688,0.262673161576656,0,0.000743873398992602,0,0.0235902591969544,0,0.00957034726278451,0.435932998051901,0,0,0,0,0,0,0,0,0,0,0,0,0,0,0,0,0,0,0,0,0,0,0,0,0,0,0,0,0,0,0,0,0,0,0,0,0,0,0,0,0,0,0
0.215939147711132,0,0,0,0.00315725713908365,0.000916455002291218,0.0796425000712408,5.16602155555268e-05,0.00261997659025903,0.0103830326959807,0,0,0,0.034426334208597,0,0.000354296797181927,0.000513582936736691,0,0,0,0.668802611956692,0.00077419652945015,0.0247503959388444,0.00480859714701918,6.44560345917115e-05,0,0.000166773893703683,0.0155492926926899,1.00785701819282,0.903665036014339,0,0.0109600134249688,0,1.4758316605344,0,0.00848670855176617,0.00631067431156488,0.11462818321417,0.0060010350991038,0.0274153929502728,0.0106995331767887,0,3.70739909186244e-05,0,0.000133333631010557,0,0,0,0,0.000446042165512806,0.000475135623520636,7.16921118082657e-05,0,0,0,0.000123767375047004,0,0.00599537919775033,0,0,0,0,0,0,8.302185711998e-05,0,0,0,0,0,0.00251949810280747,0.000186995873120344,0.00369656628810543,0,0,1.44115998973451e-05,0.00150531017575515,3.39251206117781e-05,0.000196206914777397,0,0,0,0.000299131835526851,0
0.0645414014313281,0.00258816204334921,0.0154246693285745,0,0.476510917681836,0.00981287805418854,0.0794362995300044,0.00161977101547703,0.0027400761249332,0.00863744510125523,0.181949328376807,0,0,0.165875003573675,0,0.0134806445673136,0.0694534824749793,0.000123937673952659,0.359877291894845,6.20966910894211e-05,0.125398680368688,0.00256207292661364,0.0512207569975452,0.00765289363121611,0.0029946156714515,0.0130836186424453,0.0403161625957664,0.0439158866502141,1.86223347559305,1.02115895523147,0,0.262673161576656,1.4758316605344,0,0.000150478886111611,0.0874266838188475,0.0950927038022114,4.17846054955465,0.139458571785531,0.343683874516413,1.64938048059545,0,0.000591693289954199,0.000143704028343302,4.1317127134192e-05,0.000108311200955963,0,0,0,5.17707776815507e-05,0.000134628323745886,4.149947311324e-05,0,0,0,1.72541177328639e-05,0,0.00280887845639775,0,0,0,0,6.94121007421677e-05,0,0.000129932126149328,0,0,0,0,0.000133180008847229,9.32747241031489e-05,7.21999828993776e-05,0.00232109980527325,0.000588628754826146,2.86002508100537e-05,0.000114750193075838,0.00119906949128445,3.79678480825736e-05,0.000419661589315,0,0,0.000139865841799862,2.12372128108988e-05,6.9289669773325e-05
8.00663963292612e-05,6.80992988440687e-06,0.000183616392582126,0,0,0.674232787847956,0.000603820071886354,0.0327179568324948,0.0625430214563433,0.000621484446796991,0,0.716569146223943,0,2.21298003198068e-05,0.177449963057533,0.000331567819890129,0,0,0,0,0.00063699150145015,0.00018163140582366,0.00202114380385492,0.00040865381289318,0,9.76385506945355e-05,0.000347488176541514,0.00180523904357562,6.79310807348218e-06,3.25491305177064e-05,0,0,0,0.000150478886111611,0,0.0898331025111611,0.0126902233208459,0.00384903076377008,0.00543906104274715,0.0125286714897954,0,1.58295968776091e-05,0.0363594163101433,0.00586686087521186,0.00386889169350945,0.00545261911894179,0.00154894447269653,0,0,0.00013174913355002,3.97896346185124e-05,0.000177214982326299,0,0,3.21397202585842e-05,0.00027696970080649,2.84828733075651e-05,5.2022089257185e-05,0,0,0.0256855635625245,0,3.90262954042792e-05,0.00215128787569975,0.000194796300668376,0.0002146999334519,0,4.60525071692805e-05,0,0.000879923511416844,9.54111787294762e-05,0.00134366162397188,0.000419822012495559,0,8.4409136132126e-05,0.000313274555355366,0.000609945051968699,1.92977902767301e-05,0.000615001194744877,0,0,9.03107206166946e-05,0.000421103293932545,0.874996061505967
0.0292113966404965,0.00311535925263297,0.0153551784205763,0,0,0.00426115804343902,0.0933117143048454,6.19087137166483e-05,0.172649488343786,0.00164906897450878,0.00099059631824136,0.00145137037887518,0.0287083000832712,0.00398028570738265,0.0322253285802179,0.071754664556422,0.00216943207346978,9.62798000335584e-05,5.61559255265755e-05,0,0.0430594839631231,0.0189174725636432,0.137881301699056,0.0343659669509024,0.0966354262326809,0.00864260516767868,0.0467363233194781,0.154374292241488,0.011083809765432,0.0734033650811895,0,0.000743873398992602,0.00848670855176617,0.0874266838188475,0.0898331025111611,0,3.5561345167411,0.734080000721861,1.14482760475669,2.18184385198675,0.000457846138508231,0.0329314065181576,0.152145635451491,0.0354316021617713,0.0184111715158489,0.0202636428143905,0,0,0,0.000428029849254743,0.000823487982591329,0.000856040609850798,0,0,0,0.00110574070949997,0.000108671894732959,0.00923524573315393,0,5.89052716631257e-05,0,0.000112896451085052,0.000351208892452578,6.9597268640401e-05,0.00171634876751588,0.000221283417276091,0,0.000407440751267427,5.52234399611249e-05,0.0029359611973138,0.00215923068445292,0.00534475595756559,0.0182252810767888,0.000485410034602292,0.000601574301470625,0.00100161913992117,0.0060440177630312,0.000733724495233546,0.00260243244562676,0,0,0.000727690789190123,0.00189122068538105,0.038731946740413
0.0118824363365825,0.0723892325796344,0.101551496724241,0,0,0.000760124356085658,0.0456328289921401,6.85642084585921e-05,0.019903269693446,0.000614994315567344,0.355468274998679,0.000771065886131746,0.277909451406746,0.00119408521753294,0.00284197800624863,0.0952551776961617,0.0149176992321854,0.00662420142157297,0.0267783298774822,0,0.0700103154140628,0.0365824917584786,0.200294385469613,0.0190770392592465,1.4734520562533,0.273326755066124,0.281604189932349,0.111845010993893,0.00590890435396432,0.0430652989080323,0.00242143633859939,0,0.00631067431156488,0.0950927038022114,0.0126902233208459,3.5561345167411,0,2.80270604575629,1.84358345392902,0.00157570507581682,0,3.05636680277685,0.0256067340111894,0.00375847604090641,0.00208059523336161,0.00555521849437862,0,0,0,0,0.00908433203700855,0.000348649655442347,0,0,0,0.000471840864968996,0,0.00451236960265345,0,0.000225414050159363,0,0.000479432086150135,0,0,9.67363226171379e-05,6.9759562940361e-05,0.00219579769203966,0.00201177687407405,0,0.000184437062071607,0.00340497207482508,0.000430437796606918,0.00551800058960929,0.0295591555149428,0.00982624265442895,0.00906256169543236,0.00183237704874174,0.000176375465837889,0.00066260075842514,0.000630689100400956,0,8.95787883806003e-05,0.000734324332005901,0.00517118201863802
0.0291160544594947,0.0220283997038046,0.0637206556856396,0,0.0182345096318348,0.00314557304651641,0.047307822675997,0.000622090347789312,0.00169915704393198,0.000935373908755192,0.594300131462235,0,0.0272846575351796,0.0199939462951911,0.00114461666386947,0.0628506271862333,0.00785192565672736,0.00136079359573397,0.0806741540444331,0,0.058969749249488,0.0246217500831201,0.188599904634926,0.00924889085420652,0.118648155747841,0.0795715654607702,0.163273666708175,0.0817567250098134,0.387824658301101,0.104078106815574,0.000284074968763695,0.0235902591969544,0.11462818321417,4.17846054955465,0.00384903076377008,0.734080000721861,2.80270604575629,0,2.18443014334032,0.271916597895772,0.131379612967888,0.367621574419188,0.00287836215302907,0.00048063817756692,0.000277159158702149,0.000553050131990923,0,0,0,0,0.00107250125488103,0,0,0,0,0.000334682400717042,0,0.00397906423117161,0,0.000434886287318591,0,0.000702276165275018,0,0,0.000190120751069824,0,0.000626432464552344,0,0,5.13635046778499e-05,0.000730024217202563,9.20465514223593e-05,0.00392848355608132,0.00746708469249055,0.0025810945911638,0.00247959315271461,0.00115105165813984,2.03243518259584e-05,0.000106227495971415,0.000104331698499254,0,0,0.000307361212649217,0.00132647877571134
0.022013601412772,0.0176301689197682,0.028586243881068,0,0,0.000256875372152887,0.0330710629928326,0,0.00313034256368724,0.000597938235480148,0.0472364281635869,0.000359908664715566,0.000482170889425903,0.000948850359328547,0.00794675745385939,0.0544040605560399,0.0018963091299221,0.000797331965510933,0.00488987435106075,0,0.0342354304232165,0.0135121124789705,0.0958586990486845,0.0110595410346321,0.0230692632097732,0.0185273902447617,0.0530053833547909,0.0584264722715111,0.0075933123862322,0.0388566731250961,0,0,0.0060010350991038,0.139458571785531,0.00543906104274715,1.14482760475669,1.84358345392902,2.18443014334032,0,0.216166807413163,0,0.00763887328203857,0.00816023710040283,0.00163105853820402,0.0011062364776643,0.00413044506747976,0,0,0,0.000289162536340182,0.000445205683667141,0.000381140169169129,0,0,0,3.88900805877491e-05,0,0.00415298659209573,0,0,0,0,0,0,0.000258357329085955,0,0,0,0,0.000455223908402093,0.00125144592477811,0.000573232282796212,0.00335132026323788,0.00244770843678757,0.000431556474880822,0.000241621869090782,0.00151672601461439,0,0.000146259309684381,0.000229016026724487,0,0.000448368033266741,0.000405346366864066,0.00317976752052919
0.000426556235888859,0,0,0,0.269724638686551,0.33485587361612,0.0108680566704796,0.000775513688673103,0.212323946274666,0.00406464082126221,0.000206951442148929,0.0197932919222104,0,0.0293872923428829,0.271461247495206,0,0,0,0,0,0.000345021466254361,0,0.000157769685870019,0.000158923689990421,0,0,0.000219227377956099,0.000735181776518935,0.0967932598425008,0,0,0.00957034726278451,0.0274153929502728,0.343683874516413,0.0125286714897954,2.18184385198675,0.00157570507581682,0.271916597895772,0.216166807413163,0,4.38156133826784,0,0.00675536691707819,0.00141546719943138,0.00183409207869417,0.000468333292604883,0,0,0,0,0,0.000197382577576469,0,0,0,6.11159618932938e-05,0,0,0,0,0,0,0,0,0,0,0,0,0,7.94687686072066e-05,0,0.000448774569553376,9.15455935703259e-05,0,0,2.24528283775042e-05,6.4453536634243e-05,0,5.93921673561584e-05,0,0,0,0.000142302412784029,0.00179272490968035
0,0,0,0,2.04086521187745,0.018935510491643,7.34271503419098e-05,0,0,0.000125625062874636,0.00134378900481402,0,0,0.0119373771654186,0,0,0,0,0,0,0,0,0,0,0,0,0,8.33261138655436e-05,0.192565109574324,0,0,0.435932998051901,0.0106995331767887,1.64938048059545,0,0.000457846138508231,0,0.131379612967888,0,4.38156133826784,0,0,0,0,0,0,0,0,0,0,0,0,0,0,0,0,0,0,0,0,0,0,0,0,0,0,0,0,0,0,0,0,0,0,0,0,0,0,0,0,0,0,0,0
0,0.000651514825434759,0,0,0,0,8.327977583194e-05,0,0,0,0.160223774491649,0,0.234602699459581,0,0,0.000453672539981215,0,0,0,0,7.15508629450415e-05,8.71964330069475e-05,0.000164402866137944,0,0.616503656051434,0.000396173050512772,0.000142527320018968,0.000204229561784493,0,0.000395712844953371,0,0,0,0,1.58295968776091e-05,0.0329314065181576,3.05636680277685,0.367621574419188,0.00763887328203857,0,0,0,0,0.000104258775912885,0,0,0,0,0,0,0.00100631718646937,0,0,0,0,0,0,0,0,0,0,0,0,0,0,0,0,0,0,0,0,0,0,0.000818600907669605,0.000295086181230295,0,0,0,0,0,0,0,0,0
0.000360697380069885,0.00193681511833268,0.000183837104395932,0,0,0.00171459441219547,0.00221989609650893,0,0.0144700402877879,0,0.000120711096950698,0,0,0,0.00740779510058404,0.00258219437942434,0,0,0,0,7.0685451576233e-05,0.00640842208886529,0.000892465896754239,0.00836109485845396,0.000648793794166976,0.00038360817697744,0.00164261207360265,0.00568931447630353,0.000422079585425687,0.000641582185212643,0,0,3.70739909186244e-05,0.000591693289954199,0.0363594163101433,0.152145635451491,0.0256067340111894,0.00287836215302907,0.00816023710040283,0.00675536691707819,0,0,0,3.16670300257689,1.45949454243693,1.51628836683968,0.52683367545424,0.000170781332271371,0.000903821676534329,0.0338693434433184,0.0385667461818478,0.0570113589602803,0.00132843215733982,6.10013795549254e-05,0.000462035313114575,0.0709576005044265,0.00366270379515395,0.055234969026104,0.00336321685710374,0.00271420888028651,0.00389381475583212,0.0309147583044607,0.0100464689955006,0.00122006573593114,0.0829016944553537,0.0530000141513018,0.00230055509675479,0.0162359257974847,0.00163672731914932,0.174804547139484,0.040796597475495,0.276333163882218,0.0779871082642145,0.00193586674522168,0.0390947373952703,0.0711867834626774,0.153548185790194,0.0220561041609615,0.135107521068936,0.000865118813333218,0,0.0230230762238817,0.199764110484653,0.075241165082775
