0,0.000463505774696773,0.0116391407875517,0.00646357141587084,0.000825933887406649,0.00262406102046502,1.88551025512049,0.244650311154848,0.0349513116930606,0.042553002471843,6.56750280618387e-05,0.000971743783395405,7.78443453115698e-05,4.62052066464162,0.000297248357888982,0.00206890489446042,0.00280872424572506,0,0.000727549451160824,0.00775423897587206,0.00677754629706871,0.000686023883075908,0.0076700488966068,0.0833405463273155,0.000126131501662748,0.000392130617408447,0.00115560256548712,0.0762131885495958,1.41080718223144,0.703017353629301,0,0.00833653300644628,0.212484213948951,0.233853096608241,0.000461975187170737,0.0356830352196215,0.00557121666104133,0.0549775661947368,0.0264126985630833,0.017646946592662,0.000433259294591759,0,0.000969348138208075,0,0.00170057326240304,0.000241198237972238,0.000511998215200432,7.5298939419273e-05,0,0.000564779039351642,0,0,0,8.56269837426092e-05,0,0.000440264238171467,0,0.0128173036476339,0,0,0,0,6.70643022847393e-05,0,0,0,0,0,0,0,0.00288996527402464,0.00015355472339892,0.00401051380901314,0,0,0.000109846463944279,0.00114029650129739,0.00103248770804659,0.00074036615541068,0,0,0.00246387447603301,0.000637893408587712,0.00017104530918782
0.000463505774696773,0,0.0512359700178841,0,0,0,0.00163271388410293,3.17441405071949e-05,0.208080970712328,2.75880492326677e-05,0.0299882447836295,0,0.13402832360276,0,0,0.0671968750642875,0.00592932713143031,0.0185962988435943,0.0292975337939202,0,0.000435655947186832,1.02383209426711,0.0019633422100663,0.0408438956942601,1.84774610610455,0.0679308818650282,2.40293841991702,0.00518101180080477,0.000236660900408015,0.00102066568680287,0.025312313566873,0,8.42734657488797e-05,0.00680235551749668,5.24559171339138e-05,0.0042350159463094,0.0190527398155594,0.0199485163359503,0.0124015916278278,0.000569980618910181,0,0.00311552626473705,0.00653528016547039,0.00618842180081141,0.0130974885212276,0.0101323293109412,0,0,0.00138170429061112,0,0.602985208127849,0.0177440179608866,0,0,0,0.000169756006065879,0,0.080425239644914,0,0.0020515093401898,0,0.00207569478680176,0,0,0.00547341998529167,0.0165527179865294,0.000299298785573325,0.00690478683413104,0,0.000116334593884494,0.228385945897022,0.00116055828104304,0.00689734382325165,0.24250723318932,0.0114940586463368,0.0878654808044487,0.000266900866199227,2.56186728740272e-05,0.000604865194678859,0,0,0,0.00352681341177477,5.58340947654029e-05
0.0116391407875517,0.0512359700178841,0,5.49065499878625e-05,0,0.000136876082044174,0.0532740570960352,0.00476962289000959,0.00572801888560374,0.00103126603650459,0.00126143825112662,0,0.000524856928075842,0.00189477251595168,0,0.0446452041855527,3.97985562630804,0.00115417791573228,0.0520328043329765,0.000138801579729194,0.155750338511082,0.0182184254511726,2.46071392252025,0.0215540459636248,0.00208026890036123,1.63150032874476,1.50735493533391,0.103756578705553,0.00140511628522631,0.0435624245431621,0.000298933207359964,0,0.00131700718724487,0.275577358490812,0.00170816524018872,0.127703284594439,0.536979865554226,0.318183447751392,0.12864163846848,0.00777033668956934,0,0,0.000463267832543252,0.000216546608890968,0.000132857813021372,0.000394780470864831,0,0.00010669193066342,0,0,0.00169750958982153,0,0,0,0,0,0,0.001120183648182,0,0,0,4.91605117176864e-05,0,0,0,5.94955550253288e-05,0,0.000571608439313032,0,0,0.00228637643885523,0,0.000689172783925463,0.00147225189878194,0.000215438803996527,0.000612881142325744,4.86083911501022e-05,0,0,0,0,0,2.14399239018316e-05,0.000883866957794313
0.00646357141587084,0,5.49065499878625e-05,0,0,0.0155061759903903,0.00922687707040986,0.0087834984975554,0.154436030718728,1.16714085414792,0,1.72877839467182,0,0.00158745477286258,0,0,0,0,0,14.6566199232309,0,0,0,6.39019720147675,0,2.36385131516012e-05,0,2.16410894770037,0.0030370723280914,9.84532434393278e-05,0,0,0.000329707985091464,0,0,0,0,0.00023647458277416,0,0.0161775796858529,0,0,0,0,0,0.000103215258511613,0,0,0,0,0,0,1.59726481721664,0,0.000236286654971218,0,0,0.0051380502583304,0.000582250448563235,0,0.49748316044211,0,7.00640605452009e-05,0,0,0,0,0,0.969307013010714,0,0,0,0.321447553801096,0,0,0,0.00093391078236695,0,0,0,0,0,0,0
0.000825933887406649,0,0,0,0,0.557926207580678,0,0.0170737125620629,0.000170145685690458,0,0.00191883557429359,0,0,0.0158470268678928,0.00731428652488546,0.000190372356344442,0,0,0,0,0,0,0,0,0,3.04991796681101e-05,0,4.97086997988158e-05,0.0506323050140747,6.57944021614162e-05,0,2.62598830944281,0.00353955458651125,0.134887116883072,0.00163789623709629,0,0,0.0311102241909125,0.000120035141371173,0.84248183093174,1.03617101475381,0,0,0,0,0,0,0,0,0,0,0,0,0,0,0,0,0,0,0,0,0,0,0,0,0,0,0,0,0,0,0,0,0,0,0,0,0,0,0,0,0,0,0
0.00262406102046502,0,0.000136876082044174,0.0155061759903903,0.557926207580678,0,0.0390384341395806,2.96090725625294,0.0051639622755372,1.40059062215989,0.0011076081942295,1.66624385980253,0,0.3186790790686,1.77403600638037,4.71894961314862e-05,0,0,5.25799785692973e-05,0.0812683667150459,0.000491756205714723,0,0.000286687794320727,0.0556719642624291,0,0.000113579136426067,3.45362368879055e-05,0.0581314566259135,0.206546801630846,0.000217230846614933,0,1.0527918740196,0.000119428691231177,0.0593320528722961,0.450799618832076,0.00123141303680837,0.00019875712998539,0.0079025574125555,0.000222354601454063,1.76736206292338,0.017022036999756,0,3.27716004680297e-05,0.0005787567766719,0.000230030634074958,4.80360546858266e-05,0,0,0,0,0,0,0,0,0,0,0,0.000777882615481251,0,0,0,0,0,0,0.000162038187607461,0,0,0,0,0,0.000203063716640903,0,0.000584278914028358,0,0,0,0.000429728660443891,0.000275702214159857,0.00015664274183779,0,0,0.000123680524210562,0.000226673395035872,0.00104041244271392
1.88551025512049,0.00163271388410293,0.0532740570960352,0.00922687707040986,0,0.0390384341395806,0,0.300868861009332,0.14909485524208,0.715665909423378,0.00023856909421204,0.000863555006103866,0.000248908762099024,0.624101641733769,0.000289100403691143,0.00771803111988958,0.00646751361544021,2.26815303729921e-05,0.000465683174192784,0.00428458302071467,0.0727921512982844,0.00638493035145866,0.0552760600803302,0.603647215238301,0.00112510381351128,0.00278592776151527,0.0136427999649704,4.2471960977785,0.13734633920911,1.90679550601423,3.06789511868315e-05,0.00124968444837606,0.0489174675547421,0.0897811992086071,0.00194058405992632,0.0680112627110222,0.0184427649491308,0.0649156111838769,0.0299798025388447,0.019891085267767,0.000209998434707972,0.000307243309683873,0.00732751730926526,0.000840039390345774,0.00366902562565601,0.00360109171670428,0.00198061802084023,0.000207639805694485,8.15500628699511e-05,0.00334582027256513,0.00064259525014658,0.000530389950999663,0,0,0.000234893706776911,0.00618539894083262,0.000204280426098224,0.048183273914892,0.00028018139239943,7.87391134827349e-05,0,0,0.000500890058748108,0.000199842492484275,0.000270864225940641,0,0,4.30662699944682e-05,0,0.000266221100465465,0.0113876184345517,0.000263129443787546,0.04158157936821,0.00103172791760925,0,0.000274242348106423,0.015611729881226,0.00490841282633728,0.0142373349793381,0,0,0.0023196306140633,0.00311373844858328,0.000966381376474528
0.244650311154848,3.17441405071949e-05,0.00476962289000959,0.0087834984975554,0.0170737125620629,2.96090725625294,0.300868861009332,0,0.00560776515596059,1.09738630952134,0.000504364526105666,0.0100690419430877,4.66907161609858e-05,3.61942224970193,0.00086879901702637,0.000690000199484993,0.000891089474464862,0,0.000232204063034323,0.0233452630933735,0.00488825978751386,0.00027094231614685,0.00440801381191652,0.0396361534234314,0.000166354365221331,0.000341945737815375,0.000590121923575588,0.0636299834902101,0.281506360822452,0.0371323995692248,2.32986087148594e-05,0.538484877031124,0.00555915817603968,0.025523376320134,0.000420773709066766,0.00865487899032419,0.00124599312228001,0.0100532080484372,0.00370702230234714,0.303482799302589,0.000216216265229092,0,0.000312956529582979,0,0,0.000542463079502936,0,0,0,0.000214896702233003,3.04003481408667e-05,0,0,0,0,0.000185140929459027,0,0.00195641497177606,0,0,0,0,8.00603477377267e-05,0,0,0,0,0,0,0,0.000574523546683183,0,0.00155091412898606,0,0,0,0.000559899438962488,0.000199542418033232,0.000408213411568928,0,0,0.000336248254374186,0,0.000108237589911168
0.0349513116930606,0.208080970712328,0.00572801888560374,0.154436030718728,0.000170145685690458,0.0051639622755372,0.14909485524208,0.00560776515596059,0,0.00999319051866328,0.00831707826416354,2.26585644561043,0.0279774548006977,0.0027324400699533,0.423208052197122,0.0275617378173464,0.00219583966671895,0.00565052766864396,0.0075278742660224,1.26806837606966,0.00123840180059366,1.27973372063376,0.00157180633371975,5.79173673926688,0.134307190694907,0.0188893990060617,0.0874237044752509,0.0354001007384843,0.0126041124850747,0.0151104731095303,0.00488841800944227,0.000300297852432622,0.0164488620179273,0.00623544982712031,2.69061940678939e-05,0.0048696740001159,0.00417800442773001,0.00704569748542301,0.00345692027413121,1.38244120733888,0,0.000176732863360961,0.0196664107248438,0.00184375754712027,0.0112993083029879,0.0185762350884056,0.0101403450349002,0.00159088202569297,0,0.0183491202109458,0.0908157234941423,0.00463721213519543,0,0,0.000326365643916447,0.0187569424859861,0.000474357357403925,1.19234993238844,0.00043309817634786,0.000180760921533109,0.000589231972691026,0.000260842534774902,0.0019528574481627,0,0.00421449309366454,0.00209542233007695,7.85087039980523e-05,0.00138560180261711,0,0.000590924620498329,0.634328016396549,0.00133426632665001,0.137997569843798,0.0818094018750868,0.00161817899545683,0.0163559934103177,0.0388168984236799,0.0114744496883608,0.0230822144691346,0.00030043698482599,6.68085332610115e-05,0.0150950259789657,0.00810286781769244,2.71896524865144e-05
0.042553002471843,2.75880492326677e-05,0.00103126603650459,1.16714085414792,0,1.40059062215989,0.715665909423378,1.09738630952134,0.00999319051866328,0,0,0.843720378697019,0,0.122343631241969,0,0.00025615425811157,6.02645204433564e-05,0,0,1.08992307536633,0.000456315729530293,0.000173986896467412,0.000638442651006677,0.258047363904164,0,1.70786811143596e-05,0.00039819672715332,1.80542684857065,0.0207120480903166,0.00257976498286603,0,0.000297379756674874,0.00204365767120979,0.00151327513726547,0.0807806023643903,0.00144604689030185,0.000237929993545497,0.00149405180174436,0.000720457569364441,0.0796808390923396,0,0,9.30302380552161e-05,0,0.000193670586846452,9.71821509614626e-05,0,0,0,0,0.000184638016434889,0,0,0,0,0.000518615961997891,0,0.00113297758071494,0,0,0,0,0,0,0,0,0,0,0,0,0,0,0.000877987886106197,0,0,0,0.000297218745226484,0,0.000248063663769622,0,0,2.41055847972904e-05,4.92047062639991e-05,4.01487252328237e-05
6.56750280618387e-05,0.0299882447836295,0.00126143825112662,0,0.00191883557429359,0.0011076081942295,0.00023856909421204,0.000504364526105666,0.00831707826416354,0,0,0,3.78885532403568,0.000610864780342438,0.000214786113666202,0.000735637229089148,0.0101400748202049,1.03334838202892,0.678731894011836,0,4.04932930149534e-05,0.00699470735355198,0.000259682852974237,0.00218507289225625,1.48371727762729,0.740008226289088,0.0999898149995792,0.000366386394294297,0.0104274173361248,0.000548525014336227,0.111444105323683,0.105188600633575,0.000732322412143639,1.16485127706106,0.000247768123561053,0.0612133575386165,1.19573561038294,0.973858016588918,0.0839088209733935,0.000910522985565361,0.0114852796813202,0.438553529929875,0.000128782003596476,0.00298413253076263,0.00273319170946816,0.000659890793375173,0,0,0.000163590352952336,0,0.00910509871037908,0,0,0,0,0,0,0.000845635808015425,0,0.00745207379023547,0,0.00404107177316015,0,0,0,0.000601531632725598,0.00212831086977853,0.00332428202735578,0,0,0.00241599929979073,0,2.07121202673076e-05,0.0140206357699042,0.00603630119292225,0.0101289255376342,1.71222547231471e-05,0.000143032823062559,0,0.00124846728588597,0,0,0.000614134993971555,0.00019481480143574
0.000971743783395405,0,0,1.72877839467182,0,1.66624385980253,0.000863555006103866,0.0100690419430877,2.26585644561043,0.843720378697019,0,0,0,0.000342860509520423,0.830966194240311,0,0,0,0,8.38135239348495,0,0,0,1.00349957432968,0,0,0,0.0335035339720691,0.000655085117861322,0,0,0,0,0,0.187073358280975,0.00136079691830559,0.000249751494209471,3.5983423724655e-05,0,0.371069581346032,0,0,0.000188346356578883,0,0,0.000210073326124483,0,0,0,0,0,0,0.00441661799704785,0,0,0,0,0,0,0,0.00606974299046681,0,0,0,0,0,0,0,0.0129485487204241,0,0,0,0,0,0,0,0,0,0,0,0,0,0,0.00750238816147031
7.78443453115698e-05,0.13402832360276,0.000524856928075842,0,0,0,0.000248908762099024,4.66907161609858e-05,0.0279774548006977,0,3.78885532403568,0,0,0,0,0.0046887988527038,0.000353087739662999,0.112706572259045,0.0205219168853664,0,0.000119905363638928,0.0187291152236724,0.000676153154372661,0.00390832498484073,2.44290023863255,1.34789995071591,0.313007277630304,0.000538984361659428,0.000256148086501856,0.000203285921277351,2.44633783892028,0,5.5266386689548e-05,0.00804754760121576,5.18549737168919e-05,0.0419372844414869,0.463663301021925,0.0967460392385128,0.0913677458554055,0,0,1.0549209849886,0.0879135184625584,0.0110216166784517,0.00325584059999715,0.00231740419136165,0,0,0.0445133571329662,0,0.0294917076235011,0.00155748950773511,0,0,0,2.46468788816523e-05,0,0.0074745466823484,0,0.00215852900509234,0,0.420293851336059,0,0,0.000840019552180715,0.00042744782910531,0.0010366145425424,0.00650712260709956,0,0,0.00759000706938324,4.87817284846649e-05,0.000542941836683714,0.021899162166149,0.0069891828442415,0.0169226191438871,0.00010032347952974,0,0.00016647123715637,0.000648055129473955,0,0,0.0185881279031068,2.56392019617139e-05
4.62052066464162,0,0.00189477251595168,0.00158745477286258,0.0158470268678928,0.3186790790686,0.624101641733769,3.61942224970193,0.0027324400699533,0.122343631241969,0.000610864780342438,0.000342860509520423,0,0,0,0.000223018932614908,0.000901382165024743,0,0.000173283656298081,0.00184065037800387,0.0014290453811188,2.86789738524341e-05,0.00163693885019385,0.0149092099606726,5.34617219602879e-05,0.000110507466697652,0.000447203921781619,0.0179294198592124,5.54244282568027,0.070749642140462,0,0.869220463441105,0.0109884074612274,0.116725006197649,2.61862728421621e-05,0.00448360627611836,0.000360760263113359,0.0127890260253725,0.00177689779909464,0.153901904594138,0.00763305364071416,0,3.92996895144694e-05,0,0,5.01915365003804e-05,0.000131937159140562,0,0,7.0584972015981e-05,0,0,0,0,0,0.000233822956845513,0,0.000633732184343679,0,0,0,0,0,0,0,0,0,0,0,0,0.000339090375838448,0,0.000315638952272212,0,0,0,0.000539641892868,0.000105465304910102,1.15749646713396e-05,0,0,0,2.57393100426654e-05,3.59314426531397e-05
0.000297248357888982,0,0,0,0.00731428652488546,1.77403600638037,0.000289100403691143,0.00086879901702637,0.423208052197122,0,0.000214786113666202,0.830966194240311,0,0,0,0,0,0,0.000316384702844445,0.0020405730897483,0.00113797935733463,0,0.00176612282597258,0.000833545326379725,0,0,0.000423763792716136,0.000540537197006731,0,0.000328717958242688,0,0.00222814414501955,0,0.00133100652536639,0.0440533274609929,0.0208878897229479,0.0060846687261123,0.00397261532738906,0.00672529452970139,2.42229796427655,0.00366046003642678,0,0.00109875548931067,0.00360804885049471,0.000829242116524485,0.00630332968810191,0.00170281528851378,0,0,0,0,0,0,0.000131966774344079,0,3.93561018733495e-05,0,0,0,0.000157565867758752,0,0,0,0.000273789417075648,0,0,0,0,0,0,0,0.000109551444404573,0,0,0,0,0,0,0,0,0,0,0,0.00718832205759059
0.00206890489446042,0.0671968750642875,0.0446452041855527,0,0.000190372356344442,4.71894961314862e-05,0.00771803111988958,0.000690000199484993,0.0275617378173464,0.00025615425811157,0.000735637229089148,0,0.0046887988527038,0.000223018932614908,0,0,0.00642188298244582,0.00114275306485488,0.00145853899315773,0,0.0992028998317534,6.6337280782872,1.54045811950629,1.79562900203666,0.014472750311147,0.00490630946532052,0.734542534815987,0.32114623673719,0.00207857945935605,0.0250923647212108,0.000456754504089612,0,0.00413131348212929,0.128581386177468,0.00635460912869701,0.360792376625022,0.172492320955361,0.188935146237533,0.178728005814772,0.0531889579291785,0,0.00459208605638606,0.0023880774606698,0.0010230489007997,0.000167800056489171,0.00127714546198218,0,0,0,0,0.00721471263036438,0,0,0,0,0,0,0.00458458869452714,0,0,0,0,0,0,0.342403689895341,0,0,0.000516927107109729,0,0,0.0420562805659864,0.0119586652508339,0.00127459656999371,0.00654574846937673,0.00010985727633387,0.00256049852608516,0.000121975643094834,0.000232552287356518,0.000394102272830787,0,0,0,0.000102807534107175,0.00279656082365895
0.00280872424572506,0.00592932713143031,3.97985562630804,0,0,0,0.00646751361544021,0.000891089474464862,0.00219583966671895,6.02645204433564e-05,0.0101400748202049,0,0.000353087739662999,0.000901382165024743,0,0.00642188298244582,0,0.0037408127344807,2.10836934130164,0,0.0241617978924985,0.00385602483106663,1.29089544926036,0.00100204625723178,0.000658682372593061,0.719576571691544,0.259808042064833,0.00706386160123988,0.000690884764405938,0.0061101497917664,0.000214959765161425,0,0.000459471523220966,0.77741388029919,0.000395930774857558,0.0469466492782405,0.296588914919101,0.233839531242491,0.0730002433694506,0.00178173192769507,0,0,5.50256275721659e-05,0.000115543552196335,0,9.15208438640597e-05,0.000186414673067643,0,0,0,0.00176487794158212,0,0,0,0,0,0,0.000557755994063405,0,0,0,0.000233344883409856,0,6.93619828586898e-05,0,0,0,0,0,0,0.000125081645470167,0,0.000221636389901338,0.000571283469831485,5.07123438812361e-05,0.000606202121603345,0,0,0,0,0,0,0,0.000604756379499368
0,0.0185962988435943,0.00115417791573228,0,0,0,2.26815303729921e-05,0,0.00565052766864396,0,1.03334838202892,0,0.112706572259045,0,0,0.00114275306485488,0.0037408127344807,0,4.24656315425739,0,5.08629832322691e-05,0.00289908407425057,5.21302238495761e-05,0.000481852261616702,0.117470256276794,0.563685883673595,0.058693927264114,0.000221522408436993,0.00124999794262821,7.8240616303497e-05,0.0372571412003788,0.000160685995356617,0,0.0643553369587457,0.000192357429370273,0.0121466050251454,0.0587275821741082,0.145004537558828,0.0396670703404894,0.000170146637383075,0.000350688527155085,0.00619395954758795,0.000435494143171516,0.00197358804317828,0.00157743110516439,0,0,0,0,8.1638226668347e-05,0.00992041818828009,0,0,0,0,0,0,8.63806432022923e-05,0,0.00420192266494797,0,0.00338049875093296,0,0,0,0,0.00300590653912382,0.00234481375070577,0,0,0.000457215957264376,0,3.88987015698637e-05,0.0205866853592483,0.00221249649720511,0.0050648673218963,0,0,0,0.00101255598324001,0,0,0.000555319153821622,3.44291009355792e-05
0.000727549451160824,0.0292975337939202,0.0520328043329765,0,0,5.25799785692973e-05,0.000465683174192784,0.000232204063034323,0.0075278742660224,0,0.678731894011836,0,0.0205219168853664,0.000173283656298081,0.000316384702844445,0.00145853899315773,2.10836934130164,4.24656315425739,0,0,0.00133103118387915,0.00649502988409986,0.00417695908204161,0.00191330586822386,0.0539966829956661,2.00212783929153,0.264526101009776,0.000482977504475984,0.00211551516222267,0.000611302272865707,0.0136240917687039,0.00142111431618347,0.00157300954432904,0.793193096095265,0.000715282650355146,0.106819511716171,0.615948209399468,0.748204869232808,0.25514999338621,0.0025293115556649,0.000539136025832707,0.00275901509302821,0.000622444285428574,0.0036491143441116,0.00271546578836997,0.000440761731095106,0,0,0,5.58039491391892e-05,0.0201810174624765,0,0,0,0,0,0,0.0020132153459344,0,0.00670466861488829,0,0.00404819272347233,0,0,0,0.000159792320466732,0.00218069231242912,0.00757873474870116,0,0,0.000757085217805347,7.0530955792009e-05,0.000183334842469305,0.0238195427625997,0.00793071148268212,0.0148279264177876,0,0,6.95607349577598e-05,0.0025511308321309,0,0,0.000368066858005646,0.000504300153090781
0.00775423897587206,0,0.000138801579729194,14.6566199232309,0,0.0812683667150459,0.00428458302071467,0.0233452630933735,1.26806837606966,1.08992307536633,0,8.38135239348495,0,0.00184065037800387,0.0020405730897483,0,0,0,0,0,5.73879381699626e-05,0,0,3.18819872743625,0,0,0,0.325954362286779,0.00253225666087988,5.36226895499411e-05,0,0,0.000214637946580077,6.8578878119716e-05,0,0.000121766333755758,0,0,0,0.111121616035657,0,0,0.000619338340929323,0,0,0,0.00077795427805321,0,0,0,0,0,0,0,0,0.000207545178021375,0,0,0,0,0,0,0,0,0,0,0,0,0,0,0,0,0.000410330619737401,0,0,0,6.54247416825736e-05,0.000198015752115473,0.00116122007920137,0,0,0,0,0
0.00677754629706871,0.000435655947186832,0.155750338511082,0,0,0.000491756205714723,0.0727921512982844,0.00488825978751386,0.00123840180059366,0.000456315729530293,4.04932930149534e-05,0,0.000119905363638928,0.0014290453811188,0.00113797935733463,0.0992028998317534,0.0241617978924985,5.08629832322691e-05,0.00133103118387915,5.73879381699626e-05,0,0.0011176342851355,5.2159137021432,0.0151750403021763,0.000387340593536668,0.00318875551763328,0.0395557577107449,1.37355980228074,0.527080530192016,3.16803834989858,0,0.000627666799058978,1.55416646662689,0.387193164916554,0.00920094581491713,0.300508583522764,0.112949918368026,0.262239689242187,0.135812235615992,0.0510180344345836,0,0.000715323693015007,0.00186111468484518,0.000400378223355882,0.000605134850190775,0.00165623508413657,0,0,0,0,0,0,0,0,0,0.000126358591888375,0,0.000200139079163603,0,0,0,0,0,0.000495589224616625,0,0,0,0,0,0.000345217924620418,0.00040856661922618,0,0.000166461164556871,0,0,0.000152370868232035,0.000140138211113781,0,1.52759403639199e-05,0,0,0,0,0.00387926459886271
0.000686023883075908,1.02383209426711,0.0182184254511726,0,0,0,0.00638493035145866,0.00027094231614685,1.27973372063376,0.000173986896467412,0.00699470735355198,0,0.0187291152236724,2.86789738524341e-05,0,6.6337280782872,0.00385602483106663,0.00289908407425057,0.00649502988409986,0,0.0011176342851355,0,0.00867199689440607,2.14045396643267,0.154201531649402,0.0184109088003446,1.28174679587938,0.0735559038385413,0.000297798311860547,0.00327950033264296,0.00520723755880717,8.59044264481714e-05,0.000416828498325849,0.00378011735054019,1.29980950847403e-05,0.0022913456548805,0.00355496777274717,0.00784836393892899,0.00284698836472877,0,0,0.000730715550327667,0.00139728429026495,0.000763059150972794,0.00239281938809505,0.00207964367219275,0,0,0,4.80265297445855e-05,0.137646076261053,0.00435938168765716,0,0,0,0.000689030927950036,0,0.196340830647739,0,0.000523523768636628,0,0.000538072392320529,3.93403860254522e-05,0,0.00404845401694905,0.0024570537547574,0,0.00113506560972273,0,0,0.236264827984982,0.000338083848241505,0.0212215498011948,0.140677155037832,0.00200148329304806,0.0338425390082101,0.00151139726893876,0.000170275060678519,0.00143188472724724,0,0,0.000202191326658717,0.000888748889646161,9.42419327657672e-05
0.0076700488966068,0.0019633422100663,2.46071392252025,0,0,0.000286687794320727,0.0552760600803302,0.00440801381191652,0.00157180633371975,0.000638442651006677,0.000259682852974237,0,0.000676153154372661,0.00163693885019385,0.00176612282597258,1.54045811950629,1.29089544926036,5.21302238495761e-05,0.00417695908204161,0,5.2159137021432,0.00867199689440607,0,0.0224777400195363,0.000245432681058945,0.0301931304702519,1.38896523046313,0.254881917995084,0.0564051952672397,0.0728903335477298,2.96664204489467e-05,0.000209957914552262,0.00149448504172236,0.506223739123493,0.015840521841726,0.468074810331721,0.431376651373201,0.553915820239218,0.332747650436072,0.106661401191641,0.000127752812108257,0.00127374470268782,0.00197374525024876,0.00170559888859776,0.000465626908758893,0.00172280104961585,0.000413657595081523,0,0,0,0.000237918989108001,0.000122135346588878,0,0,0,0,0,0.000315602538293642,0,0,0,0,0,0.000281601545758906,0.000460381968596854,0,0,0,0,4.80450533303189e-05,0.00266952147062861,0.00028441539485715,0.000364422826495502,0.000472488041331691,3.27648526044869e-05,0.000271325985083976,0.000537959695253924,0,7.00252148175132e-05,0,0,0,0,0.00840920658867948
0.0833405463273155,0.0408438956942601,0.0215540459636248,6.39019720147675,0,0.0556719642624291,0.603647215238301,0.0396361534234314,5.79173673926688,0.258047363904164,0.00218507289225625,1.00349957432968,0.00390832498484073,0.0149092099606726,0.000833545326379725,1.79562900203666,0.00100204625723178,0.000481852261616702,0.00191330586822386,3.18819872743625,0.0151750403021763,2.14045396643267,0.0224777400195363,0,0.0202467784890217,0.00546584748380891,0.116567623101813,2.87342772464177,0.0495531953718442,0.0575732878384718,0.00100864273107561,0.000777365605366092,0.0204500791490686,0.0263602869151709,0.00056990803173691,0.0238350480071568,0.00506591569619393,0.0247504560546665,0.0103871006649678,0.0737138634189649,4.65994566589906e-05,0,0.0220007501796079,0.000876448832225346,0.0140567945656601,0.0152290503075184,0.00276419016390708,0.000504204187395881,0,0.00861184738917078,0.0132815253247795,0.000951807849282784,0.0269089687872831,0,1.44225478488325e-05,0.019899926004314,0.000415022119116299,0.177874997176906,0.000399047852719597,0,0,0.000140776159683358,0.00108086648263734,0,0.00232064842643414,0.000209768314031547,0.000142771639689843,0.000569540157264316,0.000100304413291558,0.000602453214473872,0.19662560730096,0.0011695710792297,0.405905539727396,0.00772497026748087,0.00103850888919886,0.00443307820875037,0.0410694832739401,0.0156207682845719,0.0387164723467586,0,0.00022305050143805,0.00600872092729863,0.00991981410797314,0.000434371412174114
0.000126131501662748,1.84774610610455,0.00208026890036123,0,0,0,0.00112510381351128,0.000166354365221331,0.134307190694907,0,1.48371727762729,0,2.44290023863255,5.34617219602879e-05,0,0.014472750311147,0.000658682372593061,0.117470256276794,0.0539966829956661,0,0.000387340593536668,0.154201531649402,0.000245432681058945,0.0202467784890217,0,0.468636475442343,0.6399009551963,0.00183840244412326,2.63290419430214e-05,0.000316223024508918,0.184114495162589,0.000378202982738945,0.000237286457342948,0.0178827397241187,1.43945134278096e-05,0.00680058758287668,0.483304135382844,0.109492526271774,0.00998300768044073,0.000119607882429595,0,0.355301728956163,0.00942722396357857,0.0806186177750642,0.0371573891120909,0.0100023040170923,0,0,0.0258929443641445,0,0.304030177858984,0.00557264650772944,0,0,0,5.71432476057458e-05,0,0.0353904610682654,0,0.197160784360764,0,0.114337633788763,0,0,0.00344273255620787,0.00601870609749295,0.0335860292862523,0.0301555036700477,0,5.89809425638609e-05,0.0958385127606985,0.000275288791332336,0.00372605578094285,0.496618872601856,0.0708351906179696,0.114804719183659,0.000229346951924753,0.000181636923088559,0.000277984616898826,0.0514492784329502,0.000157105999818271,0.000115079588800688,0.0346130028712968,0.000206611234270447
0.000392130617408447,0.0679308818650282,1.63150032874476,2.36385131516012e-05,3.04991796681101e-05,0.000113579136426067,0.00278592776151527,0.000341945737815375,0.0188893990060617,1.70786811143596e-05,0.740008226289088,0,1.34789995071591,0.000110507466697652,0,0.00490630946532052,0.719576571691544,0.563685883673595,2.00212783929153,0,0.00318875551763328,0.0184109088003446,0.0301931304702519,0.00546584748380891,0.468636475442343,0,2.05440756528801,0.00452334986977103,0.00181937185550815,0.00225116372040198,0.358565084856832,0.000324619112486846,0.000238337341162364,0.175782675597749,0.000901030568484944,0.103833183448345,0.380306741151417,0.424509686722625,0.131068496206893,0.00119130845062094,3.59454837513444e-05,0.0189496632670467,0.00182036458429837,0.0152752198625511,0.0138478391545608,0.00211486687037476,3.21177611748357e-05,0,0.000287444970370872,2.31504608785688e-05,0.0358052868409834,0.000588157869263836,0,0,0,4.0961134456279e-05,1.9561811086098e-05,0.00422003551005413,1.2845115672301e-05,0.0351879517705556,0,0.0152725194640046,1.11080334905841e-05,0,0.000123564445891138,0.00067416442881113,0.00810048742866811,0.0227954653880736,0,2.63519739117676e-05,0.0085207176518109,0.000254823598445916,0.000613679443563829,0.0561773738711114,0.0390994803924716,0.07804261123283,4.61927838073858e-05,7.34077041981756e-05,6.5057316492916e-05,0.00693310631316992,0,0,0.00390726805154211,0.000699935290822608
0.00115560256548712,2.40293841991702,1.50735493533391,0,0,3.45362368879055e-05,0.0136427999649704,0.000590121923575588,0.0874237044752509,0.00039819672715332,0.0999898149995792,0,0.313007277630304,0.000447203921781619,0.000423763792716136,0.734542534815987,0.259808042064833,0.058693927264114,0.264526101009776,0,0.0395557577107449,1.28174679587938,1.38896523046313,0.116567623101813,0.6399009551963,2.05440756528801,0,0.0822462234876364,0.000773833867276806,0.00745248628681136,0.274912701969225,0.000259153785465824,0.000200188429910574,0.291227537701005,0.00452156351933318,0.208009145674374,0.148505399901339,0.468881667019235,0.168983255942173,0.0103003243866198,0,0.00250651485734174,0.00270536250052718,0.0159181522137121,0.0151860816757755,0.00402343283290431,0.000208065246836553,0,0.000391900176686141,7.54350538199689e-05,0.089576206914537,0.00211893335989519,0,0,1.45531418589424e-05,0.000109389782018951,3.69412524999974e-05,0.0149103766721363,0,0.0226683568928021,0,0.0104054506134739,3.02163467015503e-05,2.89648764825426e-05,0.00690129709307253,0.0018928870765203,0.00671856388713445,0.0240396449018334,0,0.000128105971718879,0.0591958915403407,0.000471865845632205,0.00389665988757255,0.0779721511100037,0.0509457124371283,0.139757084397244,0.00016342750018048,0.000128778682210729,0.000371910761438481,0.00326573085321583,0,1.49723856266666e-05,0.004922475377216,0.00366243643260679
0.0762131885495958,0.00518101180080477,0.103756578705553,2.16410894770037,4.97086997988158e-05,0.0581314566259135,4.2471960977785,0.0636299834902101,0.0354001007384843,1.80542684857065,0.000366386394294297,0.0335035339720691,0.000538984361659428,0.0179294198592124,0.000540537197006731,0.32114623673719,0.00706386160123988,0.000221522408436993,0.000482977504475984,0.325954362286779,1.37355980228074,0.0735559038385413,0.254881917995084,2.87342772464177,0.00183840244412326,0.00452334986977103,0.0822462234876364,0,0.0475740686351501,1.18230612254125,0.000133731364434104,0.000926458750706897,0.0265813012132588,0.13110832272094,0.00541682240466712,0.156952419811981,0.0340218248822641,0.124859331382619,0.0623038783755959,0.0397837688057842,0.000360944280353584,0.000277243565677581,0.00452594658464769,0.000402776135394162,0.00162724183331181,0.00284966573684018,0.000346443700647131,6.51556020348637e-05,0,0.0034680162168224,0.00180105261723013,0.000187290407274839,0,8.53641682081168e-05,0,0.00326463507552955,3.85875340698377e-05,0.0259989450597646,0.000123815655196185,3.73698105690205e-05,0.00032840052164909,0,0.000352274419530757,6.94611164272496e-05,0.00016597083713032,0.000147942345746659,0,5.48359653574394e-05,0,1.77779467636828e-05,0.0334878299074222,4.42540653872606e-05,0.0258518130068394,0.00110074407273455,5.11694131961268e-05,0.000663461102780918,0.00959796425519153,0.00138891226821201,0.00650466930382656,3.1786003404152e-05,0.000168369948558466,0.000830664243050698,0.00159779956234755,0.00206143368556421
1.41080718223144,0.000236660900408015,0.00140511628522631,0.0030370723280914,0.0506323050140747,0.206546801630846,0.13734633920911,0.281506360822452,0.0126041124850747,0.0207120480903166,0.0104274173361248,0.000655085117861322,0.000256148086501856,5.54244282568027,0,0.00207857945935605,0.000690884764405938,0.00124999794262821,0.00211551516222267,0.00253225666087988,0.527080530192016,0.000297798311860547,0.0564051952672397,0.0495531953718442,2.63290419430214e-05,0.00181937185550815,0.000773833867276806,0.0475740686351501,0,3.65598812173442,0.000113531362812396,1.50149514561501,2.97254535398411,1.72991511527968,9.37500741041405e-05,0.0185169386708929,0.0022608982528594,0.240215636821325,0.0182451039261712,0.421231180915561,0.131116860197402,0,0.000327903160542015,0.000193359190888229,0.000455692261773769,0.000102657294648756,0.000240310227383187,5.68345931187503e-05,0,0.000541832907196598,0.000183603404030827,2.18212196705021e-05,0,0,0,0.000888901396460216,0,0.00253922133801033,0,0,0,4.15767564967066e-05,1.47428442812084e-05,7.00485757668678e-05,0,0,0,0,0,0,0.00023912615255266,1.53232079907011e-05,0.00340147670719486,3.53081515962759e-05,0,6.54654699233713e-05,0.000948705041610897,0.00054890630384775,0.000975746371832555,0,0,0.000185447687116362,0,4.64084244564816e-05
0.703017353629301,0.00102066568680287,0.0435624245431621,9.84532434393278e-05,6.57944021614162e-05,0.000217230846614933,1.90679550601423,0.0371323995692248,0.0151104731095303,0.00257976498286603,0.000548525014336227,0,0.000203285921277351,0.070749642140462,0.000328717958242688,0.0250923647212108,0.0061101497917664,7.8240616303497e-05,0.000611302272865707,5.36226895499411e-05,3.16803834989858,0.00327950033264296,0.0728903335477298,0.0575732878384718,0.000316223024508918,0.00225116372040198,0.00745248628681136,1.18230612254125,3.65598812173442,0,0,0.00322565358558086,1.22702159916141,0.611449370219739,0.00305580385989799,0.168758316900739,0.0229440437648352,0.230138860035234,0.0836954697474482,0.0217406472523013,0.00043733685021875,0.00016200674424654,0.00167262781708915,0,0.000654734455382945,0.000329220400748673,0,0,0,0.000149483370323546,0.000360590121350536,0,0,0,0,0.00154677331018881,0,0.00772613298042197,0.000250730357439229,6.15069437797928e-05,0.000251668500335658,0,0.000162282919586483,0,0,0,0,0,0,6.53757571996013e-05,0.00574266077991107,0.000101353962231485,0.00843953944760756,0.000419718850536027,1.73178182028043e-05,0.000109727520612544,0.0023746815801534,0.000871609017631443,0.00234651411224689,0,0,0.000250755551903643,0.000286696991255683,0.00195841704979178
0,0.025312313566873,0.000298933207359964,0,0,0,3.06789511868315e-05,2.32986087148594e-05,0.00488841800944227,0,0.111444105323683,0,2.44633783892028,0,0,0.000456754504089612,0.000214959765161425,0.0372571412003788,0.0136240917687039,0,0,0.00520723755880717,2.96664204489467e-05,0.00100864273107561,0.184114495162589,0.358565084856832,0.274912701969225,0.000133731364434104,0.000113531362812396,0,0,0,0,0.00338455898765272,2.90681138160908e-05,0.00239589459490467,0.0231179362932564,0.0147860656108801,0.00790009990792532,0,0,0.00959358126194159,0.000139360522040614,0.00201727207112416,0.0016717452639986,0.00027960345748575,0,0,0,0,0.0153457611598286,0,0,0,0,0,0,0.0012609736868216,0,0.00413747874532809,0,0.00103220015008519,0,0,0,0,0.00227104050794725,0.00207524087069794,0,0,0.00256676498660256,0,0.000151233032267782,0.00979920109770277,0.00307634528076664,0.00502824696708507,0,0,0.000107074030505222,0.00101215425670976,0,0,0.000209261330177737,0
0.00833653300644628,0,0,0,2.62598830944281,1.0527918740196,0.00124968444837606,0.538484877031124,0.000300297852432622,0.000297379756674874,0.105188600633575,0,0,0.869220463441105,0.00222814414501955,0,0,0.000160685995356617,0.00142111431618347,0,0.000627666799058978,8.59044264481714e-05,0.000209957914552262,0.000777365605366092,0.000378202982738945,0.000324619112486846,0.000259153785465824,0.000926458750706897,1.50149514561501,0.00322565358558086,0,0,0.0253466104635393,1.6666621125733,0,0,0.00061064473286278,0.191342205391012,0.000519709300986985,0.224963867292402,6.64913008415015,0,0,0,0,0,0,0,0,0,0,0,0,0,0,0,0,0,0,0,0,0,0,0,0,0,0,0,0,0,0,0,0,0,3.43080839520916e-05,0,0,2.71682241526896e-05,0,0,0,0,0,0
0.212484213948951,8.42734657488797e-05,0.00131700718724487,0.000329707985091464,0.00353955458651125,0.000119428691231177,0.0489174675547421,0.00555915817603968,0.0164488620179273,0.00204365767120979,0.000732322412143639,0,5.5266386689548e-05,0.0109884074612274,0,0.00413131348212929,0.000459471523220966,0,0.00157300954432904,0.000214637946580077,1.55416646662689,0.000416828498325849,0.00149448504172236,0.0204500791490686,0.000237286457342948,0.000238337341162364,0.000200188429910574,0.0265813012132588,2.97254535398411,1.22702159916141,0,0.0253466104635393,0,0.632386908456902,3.12910332035806e-05,0.017308171757831,0.00055128497470401,0.155079314997408,0.0505794068209392,0.0113003841346454,0.00322657317833125,0,7.65994395422066e-05,0,0.000261190096992412,0.000334237485262569,0,0,0,0.000104014632433218,0,0,0,0,0,0.000440726603646054,0,0.00111264868068597,0,0,0,0,0,0,0,0,0,0,0,0,0.00128835661996094,0,0.00129772189768803,0.000146911935194541,0,0,0.000691582181270253,0.000610483426654782,0.000755035403073694,0,0,0,0,0.000124397093607368
0.233853096608241,0.00680235551749668,0.275577358490812,0,0.134887116883072,0.0593320528722961,0.0897811992086071,0.025523376320134,0.00623544982712031,0.00151327513726547,1.16485127706106,0,0.00804754760121576,0.116725006197649,0.00133100652536639,0.128581386177468,0.77741388029919,0.0643553369587457,0.793193096095265,6.8578878119716e-05,0.387193164916554,0.00378011735054019,0.506223739123493,0.0263602869151709,0.0178827397241187,0.175782675597749,0.291227537701005,0.13110832272094,1.72991511527968,0.611449370219739,0.00338455898765272,1.6666621125733,0.632386908456902,0,0.00689860239704355,0.253131011560338,0.507221762430939,4.06340538177378,0.347760206641154,0.0965035548818013,0.727363361378018,0.027205429986105,0.00186729542455494,0.0008151056675513,0.00160748614814869,0.00170626949378462,0.000134756925650958,0,6.30685940766935e-05,0,0.00280117620093598,5.72530892911953e-05,0,0,0,6.04975158960494e-05,0,0.00237395721475796,0,0.000554459643058614,0,0.000422773572303108,0,0,0,0.000242725683733104,0.0006359242289247,0.000452634980653627,0,0,0.00160981357223267,0.000147045316932831,0.00169077870910145,0.00111949530650804,0.00117393352555382,0.00197852278861005,0.000695991815680789,9.93263635476874e-05,0.000800127427497931,9.79654963601667e-05,0,7.3906128867875e-05,0.000318281262550339,0.00461407296225114
0.000461975187170737,5.24559171339138e-05,0.00170816524018872,0,0.00163789623709629,0.450799618832076,0.00194058405992632,0.000420773709066766,2.69061940678939e-05,0.0807806023643903,0.000247768123561053,0.187073358280975,5.18549737168919e-05,2.61862728421621e-05,0.0440533274609929,0.00635460912869701,0.000395930774857558,0.000192357429370273,0.000715282650355146,0,0.00920094581491713,1.29980950847403e-05,0.015840521841726,0.00056990803173691,1.43945134278096e-05,0.000901030568484944,0.00452156351933318,0.00541682240466712,9.37500741041405e-05,0.00305580385989799,2.90681138160908e-05,0,3.12910332035806e-05,0.00689860239704355,0,0.111138164006557,0.0278590191632102,0.032302055280609,0.0163215419523426,0.0178177991297421,0,0.000133765453603205,0.0209383572231728,0.0191576045932107,0.0109065382174548,0.0156942454259865,0.00338614440195102,0,0.000522374051265253,0.000127614627388056,8.25533493926944e-05,0.000681922775976574,1.03068494068468e-05,0.00244949194113045,0.00224299480394061,0.000265749967972481,0,6.93276469917598e-05,7.74562556785097e-05,6.01992205654001e-05,0.00571988962901088,0,3.15545662469967e-05,0.00402588360980985,0.00278586343346838,0.00015876284906495,0,0.00010643074739302,0,0.00159023107527484,0.000111337934059893,0.00448795378812136,0.000626538245989549,1.59792214226184e-05,0.000311303677077689,0.00312533545086114,0.000849977273119575,1.87895008451537e-05,0.000322481731204592,0,0,0,0.000836933926643548,1.24029024589727
