0,0.000162560256814465,0.0809814082667465,0.0260552798788446,0,0.0119063118337443,2.01844437934285,0.570558821767718,0.128400332698971,0.0457479071490353,0.000262430172250217,0.00244348521843902,0,3.92270028944059,0.000137036828368579,0.00592986059288994,0.103735745922937,0.000812469189953105,0.01395615513057,0.010995740904378,0.0977816997329919,0.00661142331234813,0.0861059863496132,0.154290988196606,0.000291442650513396,0.00644748627070049,0.00896202327354463,0.161774193899048,1.4352820791492,1.02324208435317,0,0.00260708598943528,0.0675832126682123,0.172857767841075,0.000163672669896555,0.0187360080564024,0.0351872312062784,0.0703508952434241,0.0245247999912794,0.0239163511226218,0.00208057002920889,0,0.00805647029920724,0.00216577377163083,0.012572972647606,0.0128823184734792,0.0164268351799392,0.00271990565681794,0,0.0154384703011725,0.000986030550432879,0.00047543480642864,0,0,0.000613336560860821,0.0102613090138036,0.00399427413465274,0.0232901509473058,0.000415456235561947,0,0.00134911097219234,0.000103880559754997,0.00522300146554028,0,0.0017238319742082,0,0,0,0.000890607281584433,0.00140661394596299,0.00101629373597525,0.000834464074232638,0.032874179359535,0.000262736575809899,6.91451111722776e-05,0.000516487600224992,0.015786632154213,0.00786273549241795,0.0109899119373246,0,0,0.00175826253577315,0.00274048117023772,0.00027984200368275
0.000162560256814465,0,0.138631359769913,0.000639354098030911,0.000559126965953168,0.000210776104943704,0.00125884074596111,0.00151583054504434,0.0624319080540132,0.000235095864461396,0.0503430017946448,0,0.0766018670259511,0.000651144029000905,0,0.0974293990655785,0.111083679089388,0.0314938754257579,0.401122877055218,0,0.00212960460849316,3.06628342880853,0.0233117437033335,0.0303311793947559,3.92855232442568,0.240923840617598,0.852377598699021,0.00209300438082667,0.00131049960727615,0.00305180952730108,0.00883526350847669,0,0.000670811010621594,0.108362733019369,0.000272832852465416,0.0641046588758481,0.163478933171053,0.318581686681705,0.0816492840614194,0.00348109594798413,0.00732954847945822,0.00148698841994847,0.0157111666676737,0.0500804353113493,0.0726654343844481,0.0372349175710319,0.00402104639591355,0.00171458332287582,0.000729008690758551,0.000569842615770167,1.45481179110707,0.0840647532277643,0,0,0,0.0015157845794096,0.000140338890825403,0.0668951514711211,3.33176895978473e-05,0.00469304014597391,0,0.0197721519056886,0.000452902002663298,0,0.0792668608608215,0.0147551524788746,0.00427389032130337,0.0288515186837377,0,0.00462750771648367,0.27163544914683,0.0171937260266787,0.0121030216177468,0.422993775068209,0.0751392192207311,0.158163496856452,0.00386861860321731,0.000472098368128487,0.00199311836310715,0.00113315754656708,0,0,0.0273695548739431,0.000276267772735624
0.0809814082667465,0.138631359769913,0,0.000743176732221424,0,0.000745930069290514,0.123859469157976,0.0471371415056543,0.0351149124196793,0.0208837138129887,0.00467482391483565,7.48376889558866e-05,0.00168179192410221,0.0343151661975174,0.000295168176971134,0.164748757418279,2.26828941714088,0.00355315109546874,0.0677214343716861,0,0.391349892526038,0.149867896732823,2.30772163258444,0.0531907441657335,0.005011463579964,1.50380748282479,2.57482194271096,0.131817126304637,0.0161069904966196,0.173685259232647,0,0,0.00749710225189759,0.343275290406106,0.0044868603252081,0.274598108679092,0.699274078598177,0.858345493394778,0.287117903964306,0.0342706706767074,0.0432832808083417,0.000280775307769014,0.0069598893923469,0.00870345870407541,0.0159911945900056,0.0101130986453618,0.00246773751431675,0.000882890045131732,0,0.00172195400997095,0.0515200002522399,0.0385257368371931,0,0,0,0.00133815308162341,0.00019108474325132,0.0138919960622794,0.000215065476503101,0.000328735024003902,0,0.00178795542269215,0.000483638017298994,0,0.0304069191556237,0.00367848749568112,6.17512056920138e-05,0.0014322400802069,0,0.00223749962443786,0.0390272368890004,0.012457644971226,0.0080012680190085,0.0125432180853819,0.00706210717867265,0.0580282754620063,0.00379207356152214,0.00038481471291929,0.00284513308389175,0.000190431006204826,0,0.000370179583827243,0.00483484725598331,0.00279780298965608
0.0260552798788446,0.000639354098030911,0.000743176732221424,0,0,0.0308157769418963,0.0762170902358537,0.056243369361665,0.176782218363733,1.33854707600958,0.000102512801843886,0.582445154105979,0,0.0240648020079407,0.00057282535328869,0,0,0.00038923183184968,6.30135088009742e-05,9.55266585222098,0.000313758021136459,0,0.000613731078887917,5.50751141663277,0,0.000181063367915901,0.000158486065840846,3.45243906740835,0.023346904926402,0.00185565594069041,0,0.000240648935784798,0.00607252106367063,0.0104980302400211,1.12079161151567e-05,0.00755310196425873,0.000368292735348157,0.0170206152925461,0.0183215030198147,0.0216897511250955,0.00183434575451194,0,0.00320470630913303,0,0.000888126230461595,0.000295626003834881,0.00882773753795324,0,0,0.00135159300456495,0,0,1.24127412601208,0,0.00174371848440832,0.00244670851517733,0.00232981613040439,0.0138962642095341,0.00346802648243501,0,0.00843940297820891,0,0.00124568615439827,0,0,0,0,0,0.203169185220194,7.51668834237493e-05,0,0,0.0510280917659972,0,0,0.000335261163917713,0.0131197975088315,0.00171218781266788,0.000390198118579736,0,0,0,0.00055021701931086,8.40883667046784e-05
0,0.000559126965953168,0,0,0,0.236283977349178,5.75081142696211e-05,0.0477721393829773,0.00807909358984039,7.82708927146085e-05,0.00139498091359341,0.000411648524750244,0,0.0299046893726199,1.0001799711104,0,0,0.000613554834053349,0.00182943999929651,0.000114953983129861,9.42480526992012e-05,0,0,0.000169899181265332,0,0.000204749185133581,0.000454353596131437,7.21690270524735e-05,0.156965166185338,0.000251364757114986,0,2.8209933578616,0.00426151889397178,0.433169283178359,0,0,0,0.0192654221768738,0,4.97044233736659,3.20209537049474,0,0,0,0,0,0.000312878876073397,0,0,0,0,0,0,0,0,0,0,0,0,0,0,0,0,0,0,0,0,0,0,0,0,0,0,0,0,0,0,0,0.000200832167162615,0,0,0,0,0
0.0119063118337443,0.000210776104943704,0.000745930069290514,0.0308157769418963,0.236283977349178,0,0.170328007965755,3.73822723205816,0.051831433318312,1.53723826872524,0.00223510517283922,1.44686462596944,0.000188031812030314,0.41006153862177,0.237280592859411,0.000194377829706093,0.00032354317484175,0.000666836062293734,0.0047794632699607,0.206162023739639,0.000713494944633004,5.02798063358508e-05,0.000391328434926774,0.089508104138846,0.000192180858526304,0.000784594655612486,0.000587641837922754,0.0931277686701109,0.412629806151097,0.00230603311951796,0,0.623493472340014,0.00517690441796711,0.276794886581557,0.0282289619434349,0.00518452198654423,0.000975603856660401,0.0629308944863081,0.00297451192412941,0.951005696051448,0.580805079085698,0,0.00152143651656579,0,0.00172250281031042,0,0.00397956181463527,0.000211326759721343,0,0.00077394676771443,0,0,0.000154200075419022,0,0.00131360103351958,0.00210188420925692,0.00186660397805597,0.00623969573164219,0.00156500175353386,0,0.00379071866056535,7.93411006708936e-05,0.00129272844617099,0,2.72980959765356e-05,0,0,0,0.0024367561414916,0.000128707038601613,4.51271241843111e-05,0,0.00699963330383058,0,2.95374832562953e-05,8.55603229761178e-05,0.00197263023074837,0.00157566294123374,0.000263182266395497,0,0,0.00025877976157546,0,0
2.01844437934285,0.00125884074596111,0.123859469157976,0.0762170902358537,5.75081142696211e-05,0.170328007965755,0,0.348542374775589,0.192339812723348,2.01381438662943,0.000139854667204689,0.00755727992517721,0.000112101334716255,0.576094179751027,0.000135443307458863,0.0107497021876543,0.019976141581442,0.000249866944398339,0.00297389962559459,0.0197636431951803,0.134271433294009,0.00902584329444331,0.0805716666365273,0.813202787435438,0.000350605812726146,0.00348809060431705,0.015009702950459,3.55602153901254,0.102056965522536,1.90320779812653,0,0.00101735728143952,0.0221560094951597,0.0663607900902952,0.000486797092854385,0.0453281008826983,0.0225959888920671,0.08806930786661,0.0497355990246708,0.041472342275143,0.00321351809462318,0,0.00408439026359923,0.00113293505243987,0.00683614901956631,0.00530150281027225,0.0128358699309801,0.00218641282946653,0,0.00459137596385354,0.000525049259998304,0.000271213209111598,0,0,0.00193237088538758,0.00666198242397903,0.00477027470456255,0.0225427485580901,0.00236703894147858,0,0.00116169032875679,2.72419626354884e-05,0.00361502116172728,0.000187418399219916,0.00141078538891996,0,0,0.000122396915563692,0.00211222718656176,0.00113961029125688,0.00213829334405564,0.000125461717141267,0.0248480350205196,0.00041378115264847,0.000234739999437725,0.000395548150291706,0.0112956974733466,0.00438837723497502,0.00721835192901431,0,0,0.000177892569989737,0.00158930257800674,0.000458231523928415
0.570558821767718,0.00151583054504434,0.0471371415056543,0.056243369361665,0.0477721393829773,3.73822723205816,0.348542374775589,0,0.0848985866367475,0.772300089660439,0.00197719918322311,0.206392538717229,0.000315855725517143,4.48616832543229,0.158305616889353,0.00183576322149537,0.040237395954965,0.00122387961203141,0.00534142120113073,0.280459656086046,0.0504441280405885,0.00292951302134704,0.0470719480520463,0.201293605093821,0,0.00326379036767806,0.00702813155674605,0.179100204233763,0.36990302925597,0.156116528850795,0,1.17302480993877,0.0103219593339587,0.151508265259096,0.000122076212744726,0.00941585635537375,0.0114611144413006,0.0732447523931999,0.0111568822842424,0.418690103110328,0.117588365705024,0,0.00287207626882812,0.000893302373016786,0.00478161348796463,0.00392779052621673,0.00858496730353426,0.00211481450397681,0,0.00548075950387635,9.02474873997437e-05,0.000461261591505663,0.000558960949875248,0,0.00124520851056166,0.0102508229198893,0.00446922714664147,0.0174761705267035,0.00233628608029559,6.83547509752226e-05,0.0020247485112285,5.02202307592486e-05,0.0033722797200157,0.000320692147289514,0.00045283769039811,0,0,0,0.00116389882206198,0.000328877776862805,0.00104461103083899,0.000173636468523851,0.028338720884662,0.000121746481094266,1.72680609623259e-05,0.000523736284121828,0.0114981657307925,0.00547111328192358,0.00804960256469649,0,0,0.00145356546617767,0.00213252659057041,0.0001709084206642
0.128400332698971,0.0624319080540132,0.0351149124196793,0.176782218363733,0.00807909358984039,0.051831433318312,0.192339812723348,0.0848985866367475,0,0.177576262201989,0.00353003245680534,2.31002399140353,0.00804909555533258,0.0588558299097367,1.23183714352791,0.061979870891134,0.00482843842983916,0.00162523593040721,0.00581077874103629,0.39887840637539,0.0146605644805064,1.70615090805875,0.0245867135940954,5.44349850384724,0.0609344632806637,0.00700629326745704,0.0643873318727715,0.223704953076957,0.109831371735549,0.106462484970843,0.000879336500289474,0.00223363830178289,0.0859351892232444,0.0465760075031913,0.00074282526901799,0.143062961013342,0.025928765582201,0.107975613926044,0.0855720687565039,2.16646063394646,0.00548385357627523,0.000320997395043945,0.0270290440922973,0.00541149307296779,0.03075297812238,0.0252353573252626,0.0607659361029164,0.00777253635961532,0,0.0372379919836594,0.0307996961795809,0.00153594044014103,0.0150344715228403,0,0.0215696925770875,0.0443763521900556,0.0219142995553467,1.38220872537743,0.0340067014123887,0,0.0384826092611864,0.00220393876259699,0.0183365350780553,0.00433193813125044,0.0237691284229227,0.000378058613873439,0,0,0.0514737062510862,0.00728700387869321,0.192073589784916,0.00247499208278972,0.235642379144686,0.00318794012931947,0.000692569260777587,0.00509904935336112,0.0658403177210132,0.0232455489598118,0.0316714234956312,0,0.000418089627976251,0.00847377621189678,0.0113325966709186,0.000504222512035968
0.0457479071490353,0.000235095864461396,0.0208837138129887,1.33854707600958,7.82708927146085e-05,1.53723826872524,2.01381438662943,0.772300089660439,0.177576262201989,0,0.000329267797926891,1.90828197052002,7.07192294506376e-05,0.509440804056692,0.000257410421539835,0.000800799577337642,0.00409229787433768,0.00016612140775456,0.00133466428495944,2.55960888523591,0.0209672385847573,0.00134411387455352,0.0141955459876693,0.407977138285713,0.000145425922268479,0.000779463204110528,0.00298477466173277,2.19765556767732,0.0611238509542737,0.0194383009607531,0,0.00216253666428177,0.0072772372036612,0.0374434319848655,0.0472703645797818,0.00775445569427351,0.00340081904932505,0.0455894319147757,0.0174737236128341,0.0709172986906534,0.00264099450725331,0,0.00297043698758897,5.54674856402884e-05,0.0031379796277521,0.00154614598941165,0.0138745581040279,0.000753129946014851,0,0.00217320395297214,0,0.000217984684923778,0.00285850920587172,0,0.00670528839142175,0.0087129062256911,0.006179141716746,0.0235535306687089,0.00674940639754414,0,0.0120918541249064,0,0.00389306101021507,0.000383102878434103,9.51972268545243e-05,0,0,0,0.00932786435483521,0.000160498355155495,0.000318483565376008,0.000134603106369593,0.0289211757303992,0,0.000118588188734324,0.000294933304672103,0.00842941824870205,0.00464113328926174,0.00196501604951383,0,0,0,0.000733040929280735,9.38325230289539e-05
0.000262430172250217,0.0503430017946448,0.00467482391483565,0.000102512801843886,0.00139498091359341,0.00223510517283922,0.000139854667204689,0.00197719918322311,0.00353003245680534,0.000329267797926891,0,9.75957254199925e-05,4.3907337436735,0.0035512924105354,0,0.000498896035896479,0.00448125892423509,2.3526372064395,2.30830734621122,0.000164832441252845,0.000197337847752377,0.0234333014032951,0.000615852243436598,0.000558680105891243,2.23847417273033,1.75518502527266,0.182728000322189,0.000375761114852589,0.0126452853785104,8.51114210175682e-05,0.394429292624629,0.00255205752802306,0.000202382438907245,1.44305871219317,0.000193317654423111,0.0506045357283133,1.51580763832866,2.0679575306696,0.0969720168995908,0.00589188508412068,0.00316197239395209,1.03307033387887,0.000513678223759242,0.00566510240481157,0.0065025812656755,0.0011599760349445,0,0.000227158058456411,0,0,0.00821951483385578,0.00070188196187754,0,0,0,8.78770303509207e-05,3.95539597123646e-05,0.0017891804564737,0,0.00983082792186194,0.00013455296011031,0.00594822309936879,0.000116089487701632,0,0.00146527239140974,0.000515096085985762,0.00985877487068568,0.00594641790036595,0,6.10607363966745e-05,0.00300788117230336,0.000346110407937495,0.000285595738756111,0.041900056709861,0.0289273348346907,0.0170736299146378,8.2634745254828e-05,9.45302246303757e-05,0,0.00175118564820016,0,0,0.00123555377504581,0.00030002684205962
0.00244348521843902,0,7.48376889558866e-05,0.582445154105979,0.000411648524750244,1.44686462596944,0.00755727992517721,0.206392538717229,2.31002399140353,1.90828197052002,9.75957254199925e-05,0,0,0.0338561105751153,0.358593216990126,0,0,0.000224820241249719,0.00039235447124867,11.5681394876968,4.05640040036506e-05,0.000139459885925026,2.93254003358207e-05,1.78300636702548,5.03888033161184e-05,0.000166644088450572,0.000173518781805961,0.0729278055389891,0.0209978856161969,0.000428667920461044,0,0.00185606035642785,0.00092606129283225,0.0174972121703511,0.0701513682794036,0.0372119153430986,0.000844960607070697,0.0158084857628304,0.00454316775973423,1.00973439305664,0.00228957875057608,0,0.0112830440740702,0,0.00250615575234173,0.00165078903470122,0.0180398942473104,0.00165420339685669,0,0.00154579344644725,0.000120674156018484,0,0.553045245542369,0,0.00568362280428703,0.00301235183270612,0.00503151473327171,0.0396611794813868,0.00928262282111582,0,0.0285152776460929,0,0.00238315071936952,0,6.60080293732185e-05,0,0,0,0.215408061815445,0.000349060965732,0,0,0.0301549218386349,0,4.23843654536317e-05,0,0.00940202193440755,0.00144023859692198,0.000298572971770619,0,0,0,0.000464212280905534,0.000685331491628556
0,0.0766018670259511,0.00168179192410221,0,0,0.000188031812030314,0.000112101334716255,0.000315855725517143,0.00804909555533258,7.07192294506376e-05,4.3907337436735,0,0,0.000507308015514584,0,0.00308910842992905,0.000837365380376043,0.0576320627372511,0.0181373903789562,0.000264906237233999,0.000695674927758692,0.0467607590326272,0.00141548786531978,0.00202801954998893,3.51681922006249,0.440069800996603,0.330184401571578,0.000198479314194588,0.000639466415613776,3.01640883251621e-05,2.62053315041735,0,6.99596427708319e-05,0.0341322759532735,0.000731721618548512,0.347283511847739,0.95534208762329,0.412302974646096,0.616366311754326,0.000772086365416902,0.0453818843758839,1.47671886429644,0.251863805241567,0.00405676842804614,0.00636209215581353,0.000728361788446218,0.00018721052017899,0,0,0,0.00686283138713264,0.00113289575131965,0,0,0,3.89202387771339e-05,7.23631002085296e-05,0.00213803941232047,0,0.00821961759328073,0,0.00547456195270919,0,0,0.00152278684353058,0.000216731631004215,0.00672526123350913,0.00436369638098246,0,0.000171685232560486,0.00496982353377648,0.00113115862024401,0.000640609896014844,0.0657498519449028,0.0215520757455277,0.0113423453324584,9.91840432328691e-05,0.000127830047406321,0.000101497756709295,0.00140083009691588,0,0,0.00153230636368655,0.000265864928445988
3.92270028944059,0.000651144029000905,0.0343151661975174,0.0240648020079407,0.0299046893726199,0.41006153862177,0.576094179751027,4.48616832543229,0.0588558299097367,0.509440804056692,0.0035512924105354,0.0338561105751153,0.000507308015514584,0,0.0138205310683436,0.00260788725081942,0.0300189302846453,0.00164130413379783,0.0101281492401229,0.0521583804206165,0.0388199833161002,0.00235078680137332,0.0393275962377554,0.117165220409214,0.000600596906303187,0.00415483293866796,0.0051117741731432,0.110664217268969,3.41125521861555,0.154586785576967,0,0.37256255608832,0.0415765316834446,0.391081979277045,0.00011074534576748,0.0117267042549522,0.0113565924799705,0.165652661897277,0.0142102382547782,0.220082997124243,0.0927642789338503,5.90956114060069e-05,0.00358398034034897,0.00014340306879216,0.00490646183153261,0.00329617930707679,0.0100424837985417,0.00139725027084349,0,0.00691769833482661,0.000151938392054854,0,0.000198970364998385,0,0.00123553774299133,0.0102320907952527,0.00329256945268914,0.0119150045709765,0.00159048903223248,0.000239538037593105,0.00147434952041099,0,0.00321745991448999,0,0.000417110523905756,0,0,0.00013420502458783,0.00069244331660146,0.000998007258523909,0.000441223086687569,0.000234808370382926,0.0181570989351557,0.000360013573759586,0.00035717644448804,0.000626685413893827,0.0103478240006279,0.00508262297698371,0.00550831523265978,0,0,0.000811996146612424,0.0012834383289765,2.85561695299215e-05
0.000137036828368579,0,0.000295168176971134,0.00057282535328869,1.0001799711104,0.237280592859411,0.000135443307458863,0.158305616889353,1.23183714352791,0.000257410421539835,0,0.358593216990126,0,0.0138205310683436,0,0,0,0.000180354246143127,0,0.000756392937393026,4.16381482731278e-05,0.000935549240349299,4.37234386403791e-05,0.0061386264453327,0,0,0,0.000425671096410396,0.00676761998532082,4.72906938850165e-05,0,0.00478063768894102,0,0.00323695996692082,0.00098406305916174,0.00841358121751026,0,0.00140122655239076,0.000639729639850484,5.47939942981959,0,0,0,0,0,0,0,0,0,0,0,0,0,0,0,0,0,0.000398779712041941,0,0,0,0,0,0,0,0,0,0,0,0,0,0,0,0,0,0,0,0,5.21154385691889e-05,0,0,0,0,1.11201485168706e-05
0.00592986059288994,0.0974293990655785,0.164748757418279,0,0,0.000194377829706093,0.0107497021876543,0.00183576322149537,0.061979870891134,0.000800799577337642,0.000498896035896479,0,0.00308910842992905,0.00260788725081942,0,0,0.0278584308008697,0.000297950761433475,0.00647052792703331,0.000149319435735228,2.16983422361516,3.83690524988135,2.8003719427047,0.525918287923958,0.0246030238368732,0.013724250720045,1.30041842590476,0.640945025151063,0.00724907747173763,0.120563642219827,0.000879420981487132,0,0.0186706095316285,0.114821011304193,0.00753312071474145,0.528094301095369,0.219270232042641,0.402223553723449,0.315125191456579,0.092107759200909,0.0442527939061669,0.00153547806215626,0.016457533655067,0.00594356028606133,0.0159629788545794,0.016430216891156,0.00584755628248888,0.00319264925172909,0,0.00285377594564033,0.0291323265499809,0.00355527919141009,0,0,0.00026721407134135,0.00150697482568149,0.000823865044767285,0.118076469008464,7.82865015491196e-05,6.70366201829496e-05,5.3081729914486e-05,0.000995840130604197,0.00158401933713154,0,0.0929606228552214,0.000334066011161726,0,0.0010356249793996,0,0.0145395168252548,0.221875409204121,0.00474974396811829,0.0513918027921872,0.00505705651624279,0.000939674385802382,0.00582095864903776,0.0167023423741808,0.00453204342178544,0.0160706099537111,0,0,0.00382159800006398,0.0105039733524204,0.00303365356927818
0.103735745922937,0.111083679089388,2.26828941714088,0,0,0.00032354317484175,0.019976141581442,0.040237395954965,0.00482843842983916,0.00409229787433768,0.00448125892423509,0,0.000837365380376043,0.0300189302846453,0,0.0278584308008697,0,0.0256293013480729,3.29115486225318,0.000265991344067761,0.0431797069893156,0.0495751114522722,2.29614151715635,0.0118339001087377,0.00491013665478441,1.09558833290741,0.257862804944631,0.0103287135745449,0.0268656098778484,0.0707250240469671,0,0.000534327135821124,0.00475167483606617,0.28656255619201,0.00057152390263809,0.0513055542914214,0.399277577236226,0.220509369641734,0.0553313536664762,0.0042414838522037,0.0048828843375843,0,0.00148106355612469,0.00327339607843846,0.00524377634787066,0.0027131212646501,0.000474825950913461,0.000758550410063045,0,0.000276366367617568,0.0301419490765709,0.00887594781909716,0,0,0,0.000293471643975024,7.61649558029729e-05,0.00382214644294991,0,0.00024612558728356,0,0.000702863481000264,0.000185330487908617,0,0.00381859828052513,0.00219215229516114,8.52615424522807e-05,0.00126945147507937,0,0.000263447773845508,0.00958601117792482,0.00150513220411274,0.00146225971394426,0.00488674110308817,0.00448867808584086,0.0157309885389018,0.000611607497214712,4.78931677000143e-05,0.00083795071818274,0,0,0,0.00239616596345503,0.00013940018535636
0.000812469189953105,0.0314938754257579,0.00355315109546874,0.00038923183184968,0.000613554834053349,0.000666836062293734,0.000249866944398339,0.00122387961203141,0.00162523593040721,0.00016612140775456,2.3526372064395,0.000224820241249719,0.0576320627372511,0.00164130413379783,0.000180354246143127,0.000297950761433475,0.0256293013480729,0,4.93556117573949,0.000367089931450303,0,0.00431022370422296,0.00033716348346489,0.000463199726006842,0.2269614070864,1.27397167286036,0.0945559515581832,0.00030591930578233,0.00502433972456713,0.000364295767458911,0.0241227911165218,0.00137286839921922,0.00224993806280123,0.132505178110096,0.000235604618141797,0.0319026588425695,0.349301244405254,0.360575458746736,0.0641596154704358,0.00177743170230907,0.00473099007192893,0.0263947765179523,6.6868994397807e-05,0.00488895727959447,0.00518172694697363,0.000183024588124608,0,0,0,0.000390348660503446,0.0103093908203927,0.000303513372889176,0,0,0,0,0,0.000174185048387291,0,0.00552111630506322,0,0.00391551993168661,0,0,0.000489681827529225,0.000329195718658856,0.00510125955546751,0.00458618233654735,0,9.50547094385364e-05,0.00158810634274796,7.98669468096167e-05,0.000181241019821035,0.044190331825559,0.0205684639194104,0.00905142705613676,0.000201024681345715,0,3.56133941828013e-05,0.00152097055724783,0,0,0.00111699772725437,4.21326001238194e-05
0.01395615513057,0.401122877055218,0.0677214343716861,6.30135088009742e-05,0.00182943999929651,0.0047794632699607,0.00297389962559459,0.00534142120113073,0.00581077874103629,0.00133466428495944,2.30830734621122,0.00039235447124867,0.0181373903789562,0.0101281492401229,0,0.00647052792703331,3.29115486225318,4.93556117573949,0,0.000300462318202134,0.00455996090466775,0.0545879563388102,0.028282500636439,0.00327489355033315,0.173713207996177,1.56525489379022,0.367600925355426,0.00300682700354295,0.0187646070089498,0.00840436250433965,0.00403800093615835,0.00532779897298113,0.000328995206026373,0.721331031290914,0.00081091158215208,0.0950540279588131,0.408257111943411,0.947177219170622,0.114462184818355,0.00680231870800625,0.0110677294332727,0.0082530561508976,0.00278444076054383,0.0148830518522015,0.0224214835884471,0.00666544596523975,0.000532837843574885,0,0.000973780456223067,0.000109814650475128,0.077055488713908,0.00690549681409272,0,0,0,0.000224969060147404,0,0.00316695522071115,0,0.00792243708830048,0,0.00567703944363338,3.42987270295113e-05,0,0.00197919035300199,0.00157745023832358,0.00892220499482016,0.0166177326908482,0,0.000272773912489128,0.0104243440907367,0.00140028279640286,0.000927160240125626,0.0781992092162722,0.0532088982970383,0.0459927644451383,0.000624421979567322,0,6.51438803561388e-05,0.00115279728682026,0.000153638785888033,0,0.00573152412719388,0.000398618632927956
0.010995740904378,0,0,9.55266585222098,0.000114953983129861,0.206162023739639,0.0197636431951803,0.280459656086046,0.39887840637539,2.55960888523591,0.000164832441252845,11.5681394876968,0.000264906237233999,0.0521583804206165,0.000756392937393026,0.000149319435735228,0.000265991344067761,0.000367089931450303,0.000300462318202134,0,0.000107665244622237,0,7.79225989996028e-05,2.06993987386017,0.000127867136281556,0.000322494162674437,9.35857389125403e-05,0.673342457654009,0.0375015159779856,0.00125819107717606,0,0.0023636397046792,0.0062375961025696,0.0332938410658343,8.55947297145956e-05,0.00402337856509653,0.000396121850371918,0.0406891146037116,0.0149881914647816,0.122685473019042,0.00540516313166804,0,0.00617717637369149,0,0.00550349640327905,0.00367955389277768,0.0157305987015803,0.00120094013336478,0,0.00617228379974028,0,0,0.0047883724956977,0,0.010022513307397,0.00407296879078296,0.00717881186073097,0.0284237002344626,0.00717306465218545,0,0.0112511970375094,0,0.00255461110346967,0,0,0,0,0,0.0133121001282419,6.80939877304729e-05,0,0,0.0233453660690518,0,0,0,0.00427529375749143,0.00222723534751986,0.00157144362842341,0,0,0,0.00184345889990446,1.13996417176866e-05
0.0977816997329919,0.00212960460849316,0.391349892526038,0.000313758021136459,9.42480526992012e-05,0.000713494944633004,0.134271433294009,0.0504441280405885,0.0146605644805064,0.0209672385847573,0.000197337847752377,4.05640040036506e-05,0.000695674927758692,0.0388199833161002,4.16381482731278e-05,2.16983422361516,0.0431797069893156,0,0.00455996090466775,0.000107665244622237,0,0.110475928717471,4.75815208667025,0.299251098414284,0.00118062238659782,0.00533752603639308,0.0753714265637458,1.76599855308235,0.0404254183343467,2.84872857221366,0,0.000106283367301719,0.0337491842120718,0.518064550978182,0.0076693253579299,0.355740636097972,0.186083753627636,0.55545673950444,0.192540293609098,0.0616829217697364,0.016109854021367,0.000893607727447069,0.00851638543574005,0.00265032300744985,0.00722507209498648,0.00430262799572791,0.00179018181708898,0.00148542221621549,0.000221837231332421,0.00261685245799654,0.00320037043002226,0.000600164088675341,3.4980858890359e-05,0,3.85397557794822e-05,0.00112166320659266,0.000933762359836551,0.0237426643973398,2.7472037649745e-05,0,0,4.85585472965889e-05,0.00145248242063283,0,0.0147559602674417,3.8520602528953e-05,0,0,0,0.00649297064274048,0.0223623094162845,0.00179013161299785,0.0214039061939722,0.000460015409778016,8.92573192183988e-05,0.00171701530036269,0.0113649514967195,0.00302691806332699,0.00973106085795279,0,0,0.00147080847313033,0.00369928963471882,0.00318788572404101
0.00661142331234813,3.06628342880853,0.149867896732823,0,0,5.02798063358508e-05,0.00902584329444331,0.00292951302134704,1.70615090805875,0.00134411387455352,0.0234333014032951,0.000139459885925026,0.0467607590326272,0.00235078680137332,0.000935549240349299,3.83690524988135,0.0495751114522722,0.00431022370422296,0.0545879563388102,0,0.110475928717471,0,0.277628209460967,1.93503023446559,0.609291986574807,0.0746443771043801,1.33956949112242,0.0651695571612151,0.00836519792215008,0.0273042360896064,0.00499596721545432,0,0.0127009496198135,0.0781852057187576,0.00290307050769909,0.163961830104547,0.147127115396376,0.252941730627108,0.132475721161741,0.0222085664719368,0.0195741110411883,0.000553585863102057,0.0160816924224239,0.00889890518892208,0.0200447026734181,0.0154865916434651,0.00716999769596325,0.00308198526421635,0.000383114140406506,0.00341817902136936,0.141556814074458,0.0242392972799825,0,0,9.12772310641865e-05,0.00311798273422612,0.00105982646757365,0.318909957204848,8.20469338430004e-05,0.000708459450424383,0,0.00338329546510288,0.00142095878611794,0,0.160961733259049,0.00322535266481888,0.00148014921182373,0.00186137112945663,0,0.0107603474734749,0.589249198158929,0.0150604978175184,0.0585105085647393,0.0269118409264745,0.00909974585356424,0.0392154072144601,0.0141627729347656,0.00278571475895301,0.0114417014119827,0,0,0.00163757840629687,0.00933043444158779,0.0012838611280501
0.0861059863496132,0.0233117437033335,2.30772163258444,0.000613731078887917,0,0.000391328434926774,0.0805716666365273,0.0470719480520463,0.0245867135940954,0.0141955459876693,0.000615852243436598,2.93254003358207e-05,0.00141548786531978,0.0393275962377554,4.37234386403791e-05,2.8003719427047,2.29614151715635,0.00033716348346489,0.028282500636439,7.79225989996028e-05,4.75815208667025,0.277628209460967,0,0.0702632347598874,0.00607278495315441,0.0503267305919008,1.36976797286638,0.282251811700866,0.024353764577166,0.294654045872066,0.000186342901194984,0.000187717376829558,0.00491543200763495,0.440709500989442,0.0191855496898168,0.659662781495906,0.68881810388789,0.95840484724015,0.410537443894497,0.142663442942009,0.0578766376540909,0.000928719284659184,0.00712197677900345,0.0035185243401974,0.004221673714538,0.00378131326677836,0.00308144563937957,0.000155958387464301,0.000245848824822815,0.000737709607721246,0.0101920514922109,0.00331231607664889,0,0,0,0.000722500027540207,0.000258121153038457,0.0226401766464812,1.50027172911571e-05,0,0,0.000628535504810384,0.000694570138601167,0,0.0468731853803951,0.000297954386889726,8.78296507271271e-05,0.000193990558218175,0,0.00303735778676137,0.0542373233574361,0.0073860547772588,0.01707775460478,0.00249501624970249,0.000739615812794666,0.00917693810912436,0.00455873665947917,0.00104888739718127,0.00311075214923378,0,0,0.000432948287341205,0.0013564956286084,0.0105150346572789
0.154290988196606,0.0303311793947559,0.0531907441657335,5.50751141663277,0.000169899181265332,0.089508104138846,0.813202787435438,0.201293605093821,5.44349850384724,0.407977138285713,0.000558680105891243,1.78300636702548,0.00202801954998893,0.117165220409214,0.0061386264453327,0.525918287923958,0.0118339001087377,0.000463199726006842,0.00327489355033315,2.06993987386017,0.299251098414284,1.93503023446559,0.0702632347598874,0,0.00861778515694677,0.00681042395904858,0.0961672298183978,4.00782944739457,0.22486281771689,0.25941827642657,0.000222171774207738,0.00226615318084192,0.112969193929148,0.125263275808879,0.00371635837251567,0.251377930827123,0.0460552000829581,0.221006397348657,0.138146235702659,0.151384493302228,0.00983872875358935,0.000261649929537452,0.0278820692787993,0.0046404742387862,0.0354952702171326,0.0208542730774067,0.0565613921927051,0.0126807085052333,6.02357895360395e-05,0.0242448424605425,0.00697439733519473,0.00127473266787371,0.0152367356618864,0,0.0159122573600654,0.0295978483966268,0.0238505941210674,0.171227706668411,0.0138265319960028,9.50986392880479e-05,0.0178486133372465,0.000154694583161632,0.0163168119411444,0.000200103009522041,0.016067489059494,8.30534654616545e-05,0,0.000130559880928416,0.0149884944276556,0.00884675669469282,0.0357214773624965,0.0030304997549099,0.124645397191588,0.000798038571149372,0.000408794812065927,0.00405099271733364,0.0520806353423173,0.0252818815770961,0.0379422270470094,0,0.000108142614751553,0.00683391587052291,0.012672244635233,0.00164191468545436
0.000291442650513396,3.92855232442568,0.005011463579964,0,0,0.000192180858526304,0.000350605812726146,0,0.0609344632806637,0.000145425922268479,2.23847417273033,5.03888033161184e-05,3.51681922006249,0.000600596906303187,0,0.0246030238368732,0.00491013665478441,0.2269614070864,0.173713207996177,0.000127867136281556,0.00118062238659782,0.609291986574807,0.00607278495315441,0.00861778515694677,0,0.670435837549408,0.839818898975646,0.00147712924748281,0.00195420615658807,0.0020493305782323,0.291494285251744,0.000464775350317154,0.00241480181232017,0.0554985402259489,8.40811771427943e-05,0.0228669969436723,1.25987816949502,0.315975687727858,0.0343818086064422,0.00134674248641754,0.000653577535100237,0.720446398378661,0.00482610180102694,0.033044120261168,0.0514982623894475,0.00962034625401165,0.000564268568006799,0.00232921913786811,0.00219575048890013,0.000234147374434321,0.407137838742311,0.0221562667388764,0.000276393935598486,0,0,0.00035171038687715,0.000180280691467825,0.0223681860188457,0,0.026856537214563,0,0.0196599499108379,0.000149546930623721,0,0.0307769045803025,0.00602280900882853,0.0256103038697705,0.0397497953066773,0,0.00160248871098201,0.0973085950931754,0.00656757372547113,0.00610355631250511,0.691857050909167,0.106265821952642,0.0938148495805961,0.000959173165363327,3.91956938444039e-05,0.0010157154216114,0.00599703367440924,0,0.00111206105225768,0.014471979660431,3.59201396114305e-05
0.00644748627070049,0.240923840617598,1.50380748282479,0.000181063367915901,0.000204749185133581,0.000784594655612486,0.00348809060431705,0.00326379036767806,0.00700629326745704,0.000779463204110528,1.75518502527266,0.000166644088450572,0.440069800996603,0.00415483293866796,0,0.013724250720045,1.09558833290741,1.27397167286036,1.56525489379022,0.000322494162674437,0.00533752603639308,0.0746443771043801,0.0503267305919008,0.00681042395904858,0.670435837549408,0,3.52647653516771,0.00383709159913844,0.00992857540008078,0.00583780283703946,0.32627884539805,0.000961110762201824,0.00071695688888473,0.230182191871415,0.00201809651945333,0.148436829320666,0.525558794995374,0.653026295118401,0.0893878676227408,0.00556002245684259,0.00826149478749765,0.0147985721350809,0.00337082403845437,0.0195095938856001,0.0311719051711751,0.00529554522594656,0.000554310945715693,0.000692308841600898,0.000576594533891919,0.000310710959871285,0.0746040895392358,0.0109157107049618,0,0,6.07484749003103e-05,0.000339333248975811,7.89009022426066e-05,0.00573314535085268,1.50139937172842e-05,0.0227631202296025,0,0.0145949639884971,0.000108332559799627,0,0.00497418171586851,0.00289401158652149,0.0201975456663673,0.0244210922036328,0,0.00082996528568711,0.0165910294908311,0.00311581331596194,0.00217292881277491,0.0965672091498245,0.130776678531245,0.110818119350154,0.000631632112879305,0.000165237734464906,0.000414957532393623,0.00319878676332301,0,0,0.00928032497156707,0.00135791818058713
0.00896202327354463,0.852377598699021,2.57482194271096,0.000158486065840846,0.000454353596131437,0.000587641837922754,0.015009702950459,0.00702813155674605,0.0643873318727715,0.00298477466173277,0.182728000322189,0.000173518781805961,0.330184401571578,0.0051117741731432,0,1.30041842590476,0.257862804944631,0.0945559515581832,0.367600925355426,9.35857389125403e-05,0.0753714265637458,1.33956949112242,1.36976797286638,0.0961672298183978,0.839818898975646,3.52647653516771,0,0.0462806311104271,0.00825545621536099,0.0161774266955137,0.288602718086107,0.000487006161786323,0.00125700545876622,0.32989127437151,0.00995067919124223,0.300304825086133,0.384224336143909,0.807632984304416,0.203686329583344,0.0287934324734349,0.0260008648963983,0.00277548532444297,0.0159886860045575,0.0317221588152365,0.063760381009819,0.0151816198411054,0.00279738554551438,0.00174052379465795,0.000725745868136071,0.000372204316502822,0.178775022326819,0.046067404611039,8.59059118392899e-05,0,0.000113443021803042,0.00316002301230836,0.000478633835415702,0.0245750724679614,0.000345123397855581,0.0201305622664219,8.17010786483031e-05,0.0163822471708945,0.00061599597080233,0,0.0550713777661752,0.00646310688182237,0.013979596082373,0.0323896515952569,4.59033615436066e-05,0.00498089258808672,0.0779980175998328,0.0266292757387229,0.0188753122937265,0.112985200140993,0.181443194553057,0.265449783602296,0.0073039842880427,0.000694848882343545,0.00254647431049594,0.0022082016726669,0,0.000132930287350532,0.0213923249162962,0.00612960356162072
0.161774193899048,0.00209300438082667,0.131817126304637,3.45243906740835,7.21690270524735e-05,0.0931277686701109,3.55602153901254,0.179100204233763,0.223704953076957,2.19765556767732,0.000375761114852589,0.0729278055389891,0.000198479314194588,0.110664217268969,0.000425671096410396,0.640945025151063,0.0103287135745449,0.00030591930578233,0.00300682700354295,0.673342457654009,1.76599855308235,0.0651695571612151,0.282251811700866,4.00782944739457,0.00147712924748281,0.00383709159913844,0.0462806311104271,0,0.183679421531203,1.8586427646622,0,0.00119277514359473,0.0833053823939594,0.149638175557512,0.00305685447615504,0.199505071318506,0.0306258729268966,0.219302747994415,0.115441222435645,0.0563459420158656,0.0085272269459027,0.000161943235241131,0.0130402804515853,0.0023617376833367,0.0188970754300688,0.0108245238262634,0.0249035725489964,0.00566494921356287,0,0.0167592715266699,0.00121650634359646,0.00104439327532454,0.000861121277168651,0,0.00360726800397182,0.013138089628083,0.00850613907241333,0.0493411098027308,0.00387290946359961,0,0.00441189294967699,9.98163531044263e-05,0.00869354707023965,0,0.00632276740479213,0,0,7.94803874424026e-05,0.00378798338964104,0.00498149003850583,0.0103676695062363,0.00192206468297456,0.0613465361993851,0.000231583829866879,0.000150092979337338,0.0018172490359607,0.0338407895880721,0.0180623605633692,0.0231112318800666,0,8.88622613354206e-05,0.00432061750065377,0.0060660239246129,0.00147253647373203
1.4352820791492,0.00131049960727615,0.0161069904966196,0.023346904926402,0.156965166185338,0.412629806151097,0.102056965522536,0.36990302925597,0.109831371735549,0.0611238509542737,0.0126452853785104,0.0209978856161969,0.000639466415613776,3.41125521861555,0.00676761998532082,0.00724907747173763,0.0268656098778484,0.00502433972456713,0.0187646070089498,0.0375015159779856,0.0404254183343467,0.00836519792215008,0.024353764577166,0.22486281771689,0.00195420615658807,0.00992857540008078,0.00825545621536099,0.183679421531203,0,1.70788766911971,0.000116939657956094,1.04916205949358,3.2863185132782,1.97356654755557,0.000650529524597707,0.0531066613729376,0.012704796018697,0.676883795614791,0.0579732942964779,0.257372897188901,0.358045694203984,0.000679814681270759,0.00833562882523232,0.00186269530341044,0.0139501862895231,0.0107127946090153,0.0196360931923652,0.00551889430497715,0,0.0195793314290212,0.000512603563272128,0.000533273946813892,9.92993913206935e-05,0,0.0026769865444873,0.0165230099917353,0.00882729988142321,0.0277635125343081,0.00236168694950071,0.000281909690986442,0.00143065498046631,6.14488206533738e-05,0.00793210227656501,0,0.00120791265379162,5.72088923502315e-05,0.000120743387542635,0.000291966044492229,0.00177880136547903,0.0022075281305306,0.00205592390682464,0.00116587834721097,0.0515906425642328,0.000739914674613422,0.000960200379203206,0.0011429378328414,0.028782954436071,0.0140512807819487,0.0211619144855218,0,0,0.00202443458713731,0.00420433622994798,0.000357130352432908
