0,0.0015080180358309,0.0837873042535009,0.0420275683126407,0.00013451128668421,0.00698039699370112,1.54988795549493,0.109345974999933,0.0560104826676826,0.0243682574719239,0.00154489420408459,0.00977200851576337,0.000800889321415595,2.37168302789697,0.000584814876649398,0.00150254635006654,0.108350855300632,0,0.0024307314665473,0.0395604876061018,0.00413347069771376,0.00377113084769351,0.0307811156261798,0.0604992088251873,0.000108183335449204,0.0200889509887545,0.00991702112546999,0.0536001228720431,1.38492946834703,0.134663411040738,0,0.00452609458518503,0.00306415159853481,0.014235459524539,1.82038196038115e-05,0.00366604236020266,0.00216102893153386,0.0137949043409136,0.00441668397533945,0.00426125192593069,0,0,0.000493732345968043,0.000136031979029576,0.00133439468671428,0.00151402205124188,0.000131612621628637,0.000110523039859539,0,0.000736171911781214,0.000348631341050683,0.000465940950686493,0.000191479467130759,0,0,0.00248722212430229,0.000178953259354404,0.00878942538304937,0.000128557337845513,0,7.51312793874099e-05,0,0.000773393104423236,0,0.00191605295050553,0.000110358232625681,0,0,0.000300496196379701,0.000152010840537139,0.000770662388338353,0.000386005454329946,0.0037681244331349,0,5.96758830304477e-05,0.000566028693853941,0.00289877217719353,0.00142851449601332,0.00161748585693314,0,0,0.00145809677989787,0.000515861123686308,7.7091039370745e-06
0.0015080180358309,0,0.0626531462002319,0,0,5.20872046696173e-05,0.000375748274516346,0.000171799013894969,0.126848401535243,0.000121800390808955,0.00288037944444791,7.65884814346368e-05,0.0342598961955491,0.000531386032561948,0,0.0382736587629368,0.0534177665853654,0.000560836287557397,0.0148961398410686,0,0.0015392068180665,0.667111160028512,0.00479284068637287,0.0343949826815897,1.98660832154154,0.0709735004495574,1.42137066964328,0.0030695765477753,0.000873518087658217,0.00224602058200602,0.00295247651411212,0,0.00153250794444186,0.022369993920148,0.000525132018807199,0.0640853275807243,0.213340622056751,0.121034513590767,0.0314987521398473,0.00408121208883344,0.00243620403353904,0.0370424846777484,0.0251774711534731,0.0437534306465807,0.0305298633153174,0.0182169126637979,0,0.000264146838380733,0.0017341148005138,0.000145535930975993,0.164846296151038,0.0679589008081698,0,0,0,0.000302061882982748,0.000191010134698695,0.00239046959650992,0,0.000457458001326612,0,0.00415846991397685,0.000262485184327761,0,0.00331420008885217,0.0277491289766542,0,0.00366269883622607,0,0.00023844872705871,0.0650935309357363,0.00263101870417366,0.0016184140639999,0.102263292898274,0.0163120507978625,0.124845609341394,0.00043581633478637,0.000292340779860234,0.00106738444879812,0,0,0,0.00291513146251686,0.000670061075218461
0.0837873042535009,0.0626531462002319,0,0.00103296383713057,0,0.00637172206855199,0.14980201751453,0.0384850295675387,0.029533711955318,0.0518400017839178,0.0020259796762005,0.000743984685131469,0.00294318983374643,0.0493306894490933,0.000354829173981107,0.0170068806546676,0.481612777148523,0.00289960001914157,0.0120067672179273,0.00135275530855692,0.221196848674585,0.0706607230354831,3.00257971596793,0.041253341556914,0.00255421391534949,1.43280969722937,2.12609438705999,0.0644731974263218,0.0341538533703325,0.130353223316533,0.000161831735190831,0.000319590342196981,0.00199178982620028,0.0502278858256145,0.00150601653790828,0.129299400174209,0.173101582905686,0.152328733427683,0.068630731789656,0.00339614180460181,0.000977143187156106,0.000800077363718212,0.0191129150521022,0.013533083813837,0.0166119460263929,0.010187057301743,4.5781275439916e-05,0.000115833565767505,0.000150946881537665,0.000878501658485619,0.00885196485219897,0.0378657556316418,0,0,4.43919972496175e-05,0.00161346114151177,6.03482950849903e-05,0.00293181639049269,0,0,0,9.46006933548022e-05,0.0001576441873544,0,0.0125728091934276,0.00938657068877113,0,0.000185962423105528,0,0.00133812252305221,0.0167023168841614,0.0138288915505222,0.00445620530883558,0.00167818632740341,0.00340964173543664,0.0863358710626739,0.00275479516167438,0.00134497253003712,0.00249355170784799,0,0,0.000503725631710736,0.0028886479817544,0.000762967147338036
0.0420275683126407,0,0.00103296383713057,0,0.000111137028870731,0.0446625290390679,0.0356823338599213,0.0223093193818668,0.158151758110616,0.842000211377596,0.00252124228965025,1.19650322079946,0,0.05476873749108,0.00858550151808135,0.000541285847021733,0.00104393128662856,0,0.000115482443678731,12.0548903554829,0.000466954270526912,0.000191043399001414,0.00156192114686786,4.47136438503792,0,0.000207805253760511,0.000234105406874311,2.66970633784018,0.067550730489765,0.00152046445460541,0,0.00304326962253004,0.00970833124545107,0.0503848385326611,0.000509659251496641,0.0294870328977719,0.00403763970287714,0.0453961675779009,0.0252279491411152,0.0181817920439953,0,0.000187735182679007,0.00647068416988959,0.00017695278984433,0.000830815363852154,0.000237135395737135,0.0153221753291072,0,0,0.000844747501206945,0,0,0.257831465085964,0,0.000709989432052518,0.00451264284688484,0.000459843398251282,0.00303031407783429,0.00407753854336224,0,0.00431659524137525,0,0.00190575091959906,0.00019990741332282,0.000266637848893062,0,0,0,0.0360955755484551,0.000174024174560723,0,0.000110967188235573,0.0122252398563477,0,0,0.000109977658905208,0.00349069178548495,0.00126322627174967,0.000400148442688597,0,0,0.000631037055169405,0.00201207904805485,5.89886741278456e-05
0.00013451128668421,0,0,0.000111137028870731,0,0.183764853951033,6.47133108978406e-05,0.00886231447861578,0.00156990614382167,0.000113475522918823,0.593054830797848,0.000939636871632787,0,0.00598625341444065,0.00766747963410831,0.000208640890532439,0.000754480983473568,0,0.000365335357593678,0.00149874448218809,0.000709975489851085,0.000217008037291262,0.000677995279273353,0.00130700042888018,0.00012153793080158,6.44576152598452e-05,0.000119674822811928,0.000874245670654368,0.0312740360431738,0.000456021287377147,0,1.99916819598669,0.00093883910488772,0.966128859067427,0.0337010259305812,0.00328015014381738,0.00426202548412217,0.0701290172984639,0.00701257852886415,0.658555753888709,4.1117649737026,0.000403073981502591,0.00159766853614462,0.00406081196360947,0.00187448852576899,0.000664623428173347,0.000294466859513925,0,0,0.000367895974656786,0,0,0,0,0.00201684623177838,5.86300677221847e-05,0.000254637131283917,0.000140265207857447,0,0,0.000396781431799957,0,0,0.00125394217429672,0,0,0,0,0,0.000421690804374836,0,0.000983909934503013,0.000418667498354554,0,0.000132255852413127,0.000149524468392079,0.000324994483029042,3.71568017699785e-05,0.000646986628096652,0,0,0,0.000172096905656479,0.0229916339513299
0.00698039699370112,5.20872046696173e-05,0.00637172206855199,0.0446625290390679,0.183764853951033,0,0.0602732627158472,0.934238286264711,0.0412798182047849,1.40046435776472,0.00383398904723263,2.50698852957614,0.000146295194683988,0.0654289314411373,1.22567150866038,8.24852372378181e-05,0.00113696206015081,0,0.000235383367704787,0.243073875671109,0.000291151142029422,0.000127569220576137,0.00204560043676216,0.0458096808217629,5.26719474146222e-05,0.000652715035739915,0.000616413873255835,0.0899495501246771,0.0443848085092854,0.00103836922212356,0,0.0924964719076607,0.000736389388699298,0.0912487173284328,0.198495186060392,0.0496057421714242,0.00115341349390076,0.0173959738669187,0.00406771891626737,1.34689840446353,0.0685877747657755,0,0.00313941099403439,0.000323524836851082,0.000293336361247269,9.45513893580979e-05,0.00504403168981349,0,0,0.000306320126261582,0,0,0.00174208110327082,0,0.000206221818728839,0.00231076884248406,0.000264079911855154,0.00201282149559804,0.000741202747862182,0,0.000355579996707796,0,0.000689359785201918,0,4.02342372767409e-05,0,0,0,0.00146718844414477,2.02608577279818e-05,7.26126267586247e-05,1.92957803836341e-05,0.00354758378848784,0,0,0.000249308992087235,0.00113027528755076,0.000884858027327191,0.000100698942623934,0,0,4.64476281473395e-05,0.000331546159233559,0.00160606009065853
1.54988795549493,0.000375748274516346,0.14980201751453,0.0356823338599213,6.47133108978406e-05,0.0602732627158472,0,0.130730220467992,0.131270813871279,2.02353334046733,0.00163654392043682,0.00867964833029734,0.000123873440365017,0.520823762931046,0.00650700691825596,0.0044077221600581,0.030388040416787,9.58755414243173e-05,0.000496424887693717,0.0071151864366813,0.0235339969125289,0.00630943217549329,0.0848942787964826,0.481798444745587,0.000389799550324193,0.0138433183118419,0.0146868916015228,3.07463929339616,0.0656952009260314,1.24781343510296,0,0.00175044566301045,0.00423206315762472,0.0261901752048696,0.000810241275167523,0.0258370601623096,0.00404511376595053,0.0324000569325164,0.0237229313133898,0.00975242994436602,0.000109402865662031,0,0.00161887222480141,0.000191438329318498,0.00257692590897251,0.00218698306490417,0.00129895888531587,0,0,0.00154690620477054,0.000185007368619143,0.000327568825337085,0.00111568076264014,0,0.000250061201291553,0.00604399119722083,0.000597390486202794,0.0158095347473006,0.000663302556716922,0,0.000619388412096635,0,0.00227799781382499,0,0.00149916852722448,3.70050124136353e-05,0,0,0.000647035626424987,0.000558008864432329,0.000421882391046906,0.00104309799298265,0.0086710210003186,0,3.89822861773088e-05,0.00139113536649128,0.00545144218179853,0.00336150263999776,0.00280966544921341,0,0,0.0010357637549063,0.000744912797188139,0.000258129447377653
0.109345974999933,0.000171799013894969,0.0384850295675387,0.0223093193818668,0.00886231447861578,0.934238286264711,0.130730220467992,0,0.0282795292836513,0.502573717405286,0.00537756272473688,0.0627555358058715,0.000167417482732586,2.34659732160883,0.00354972771155441,0.000244894026125175,0.0111106297908089,5.91425074393291e-05,0.000760078763279062,0.0655926335619268,0.00161506022057417,0.000780246969810689,0.0110670932616064,0.0374932420997817,6.54111882440918e-05,0.00684902416191892,0.00372139614119887,0.0377250908771335,0.188003494956079,0.0117790618780291,0,0.4161682309777,0.000921345943357567,0.124522019747897,0.000140045228190065,0.00774026128390281,0.00189760515814522,0.0631858210357038,0.0040375629622582,0.0566383797682816,0.00323633000729448,0,0.00064540274624864,8.97110368472953e-05,0.000267083229699944,0.000302802183447662,0.00127783303706138,0,0,0.000501530841471159,0,0.00010980174721431,0.00107413218734181,0,0.00022866717440916,0.0028277772952476,3.69945088022168e-05,0.00301601193159545,0.00019868380455625,0,0.000446704000578961,0,0.000765831998102317,0,0.0004312434439727,0,0,0,0.000713026663183369,0.00010169819954937,0.000298279639773705,9.5611053700291e-05,0.00342336806223015,0,2.06797529450869e-05,0.000479038451131947,0.00179233284882083,0.00116759956838916,0.000900475398622107,0,8.01399915181203e-05,0.000338206263576468,0.00030845879645877,2.26288978792833e-05
0.0560104826676826,0.126848401535243,0.029533711955318,0.158151758110616,0.00156990614382167,0.0412798182047849,0.131270813871279,0.0282795292836513,0,0.129149074410331,0.0038328209994093,1.94045930873182,0.00326365314542838,0.0747646037833577,0.319485932875559,0.0197110411018429,0.0306593866108729,0.000695463793893739,0.00340677569476435,0.337717399220504,0.0107915585893363,2.16710405724627,0.0159967656191089,3.35094657413729,0.201588702918941,0.0175521842620013,0.0920747705087377,0.172908421832584,0.166016123601991,0.116147964092852,0.000322242002099606,0.00582471525546555,0.0970634046400154,0.0714695699114083,0.00200699906267683,0.36560993376378,0.0674935985225452,0.133616442532485,0.104728480712236,1.40153655576891,0.0083462146351078,0.00364676768648737,0.0145655755015881,0.00354603765738392,0.0143941827519239,0.0100637558517916,0.0182176782351517,0,0,0.0106283585669595,0.00518671264460752,0.000584797976908111,0.0052792691007838,0,0.000668404394178535,0.0200827310427716,0.000908499041361926,0.723750003920299,0.00144834864058836,0.000380056040534678,0.00175419314482449,0.00079804427731491,0.00739140604466284,0.000194038342292507,0.00537769121485063,0.00081707794824843,0,0.000186236618150405,0.00397992292064528,0.00263360092662152,0.00703162969874111,0.00158110447631073,0.0605487690049689,0.000594627971746108,0.000232487260466459,0.00276949508335579,0.0273768007869809,0.0182631915434278,0.0188903565116781,0,0,0.00867721842647398,0.00550057280810906,0.000837311762083434
0.0243682574719239,0.000121800390808955,0.0518400017839178,0.842000211377596,0.000113475522918823,1.40046435776472,2.02353334046733,0.502573717405286,0.129149074410331,0,0.00278507421224844,1.34562274584267,0.000132112511457913,1.2588657246941,0.0206545281659261,0.000487124983292095,0.00590097173585096,0.00020009558388479,0.000803602262792211,2.21562110778728,0.00250796740392175,0.000753845951518669,0.0152860261480503,0.196250808468983,0,0.00450109908494521,0.00318161479947869,2.2061210101282,0.0738617650117272,0.0114662547389524,0,0.0026302291595118,0.00265745425576998,0.0569946920277345,0.000665304756589306,0.0299010527739612,0.00214775784835601,0.038738816048718,0.0198500567485947,0.0225145443751817,3.99939403158064e-05,8.89724086712684e-05,0.0046910256312157,0,0.00188541544006435,0.00113382870283924,0.0091201489404602,0,0,0.000683499444652396,0,0.000137788437352946,0.0104947528256807,0,0.000656484824081972,0.00839091154697868,0.000874157707985297,0.00942192417904119,0.00276482871040298,0,0.00170914082419355,0,0.00256634287153915,0.000179077037821965,0.00031787214322729,5.66931635284304e-05,0,0,0.00454475815031118,0,0.000234067819064594,0.000384833982726429,0.0133953519567935,0,0,0.000415812038834059,0.00337587316584404,0.00297266164816471,0.00112750160896857,0,4.98887718057735e-05,0.000318797512142798,0.00162871315117749,6.09763560007286e-05
0.00154489420408459,0.00288037944444791,0.0020259796762005,0.00252124228965025,0.593054830797848,0.00383398904723263,0.00163654392043682,0.00537756272473688,0.0038328209994093,0.00278507421224844,0,0.00824758372791304,1.43310853676859,0.0378884188150029,0.000450933173013428,0.00111209296067485,0.00687238236608969,0.564460387850189,1.51182190988664,0.00795980117917927,0.00217426881415638,0.000727588085557564,0.00266322707920492,0.00363481077733425,0.0079607656348493,0.186889816901088,0.0569660116265735,0.00248272869051223,0.881998179446537,0.00152699354389819,0.0807643541966258,1.14313576311408,0.00417881883028879,2.23885924805292,0.000113124627405421,0.0102686716185421,1.12048858118096,1.6211990709057,0.0210807857578651,0.033609329835142,0.065105618454865,0,0.000294148121063502,4.50611308918135e-05,0.000186424723135244,0.000276019334942727,5.55298296864887e-05,0,0,4.05510997062233e-05,0.00033678041239036,0,0,0,0,0.000191111073712923,0,0.000491871834383839,0,0,0,0.000164403585655795,0.000240851399388564,0,0.000198079341179359,0,0,0,5.34526713732997e-05,3.28215428172657e-05,0,0.000101185584017388,0.000403530044316055,0.000437645764817942,8.46826998858173e-05,0.00097694374141879,0.000321211966538537,0.000527962145123728,0.000119199114529217,0,0,0.000223580314670929,0,0
0.00977200851576337,7.65884814346368e-05,0.000743984685131469,1.19650322079946,0.000939636871632787,2.50698852957614,0.00867964833029734,0.0627555358058715,1.94045930873182,1.34562274584267,0.00824758372791304,0,0.000626572365522304,0.153665511525687,0.812835356164844,0,0.000995214240851021,0,0.00053666580586937,7.9338064792539,0.000290631303629589,0.000702322175593538,0.000499052768399914,1.49742877080101,0.000361120407060883,0.000280898264363289,0.000527795200296501,0.122076580200147,0.0916543991062358,0.000984521701603941,0,0.0118907922717717,0.00112403605072782,0.126173230072633,0.0853305890108762,0.193217146081738,0.00312755822623414,0.061055615134705,0.0146733087654125,1.24640532589682,0.000726021195317436,0,0.00395780607515124,0,0.00143804484213819,0.00127406691105425,0.0123053806063158,0,0,0.000330265745344583,0,0,0.00824310220002874,0,0.000472999020126007,0.00322743832813468,0.000478053000861622,0.00321902523164933,0.00109923597373041,0,0.00160010177418276,0,0.00127840266742914,9.39895688064399e-05,4.29687507665915e-05,0,0,0,0.00477786156226713,9.2169308902823e-05,0,0,0.00806167619704255,0,0,6.07594503602635e-05,0.00103069234133919,0.00100252961495066,0.00045112187188283,0,0,0,0.00103516812078303,0.000905289960583744
0.000800889321415595,0.0342598961955491,0.00294318983374643,0,0,0.000146295194683988,0.000123873440365017,0.000167417482732586,0.00326365314542838,0.000132112511457913,1.43310853676859,0.000626572365522304,0,0.00081972392003778,0,0.000206972342501961,0.000195031444630188,0.00945205477322622,0.040398002121502,0.000278492841710365,0.000347846096496628,0.00927282904391,0.000435248309751298,0.00128249851661008,1.3204449203071,1.05904482119588,0.68515817450746,0.000269702450129538,0.00235894127952018,6.19167676710261e-05,1.17909701964275,0.00108223974377733,0.000441807996984794,0.0356889906152852,8.93730301970621e-05,0.0310412951001852,1.18025849909774,0.210655692888599,0.0550990384795109,0.000160190959878785,0,0.21213664638807,0.000795798725846092,0.00535241139951336,0.000278082945334018,0.000355926803480448,0,0,0.0378317108776295,0,0.0027404150974347,8.6217232812802e-05,0,0,0,0,0,5.61564207108302e-05,0,0.00022363422599625,0,0.0677142608540126,4.23289454854403e-05,0,5.20382972971538e-05,5.3524355373577e-05,0,0.000504098241899856,0,0,0.00046321172054596,7.01797455953839e-05,9.23333901586831e-05,0.0399908214519499,0.00363416670403376,0.0112961927380952,3.13710405662254e-05,5.29408227153191e-05,0,0,0,0,0.012680746507063,3.00550499866543e-05
2.37168302789697,0.000531386032561948,0.0493306894490933,0.05476873749108,0.00598625341444065,0.0654289314411373,0.520823762931046,2.34659732160883,0.0747646037833577,1.2588657246941,0.0378884188150029,0.153665511525687,0.00081972392003778,0,0.00421635984436458,0.000795581464648195,0.0441919955249986,0.000377460069081232,0.00285434600329487,0.150690206181815,0.00354260315605216,0.00295204260552316,0.020072721467828,0.106342642738436,0.000207783864948407,0.0147519688981544,0.00838409543642713,0.0901506213196588,3.8452253958578,0.058719289504647,0,0.668094544117064,0.00506178280297379,0.347268230712913,0.000257723652763624,0.0197221598447123,0.00892703526723066,0.207917354321293,0.017301593064803,0.12739322580236,0.00254995777067927,0,0.00313492830609935,0.000100856481618137,0.0020106121584551,0.00136883599817242,0.00368195316209291,0,0,0.00181454901745044,0.000136729221010963,0.000254518417419908,0.00185929771361657,0,0.000156008433143004,0.00824364814046323,0.000679997013744559,0.0125248780936183,0.000732074120869067,0,0.000690162819761931,0,0.00217074446897079,6.53038175770083e-05,0.0012717296316038,0.000226788375634979,0,0,0.001072679805109,0.000751291076230042,0.00100102330035039,0.000298924881840896,0.0146909193400991,0,3.31084167913241e-05,0.00101165474673117,0.00773200645636754,0.00584089903622562,0.0043855458395783,0,0,0.00135082580728618,0.00164991075074507,0.000113341017060706
0.000584814876649398,0,0.000354829173981107,0.00858550151808135,0.00766747963410831,1.22567150866038,0.00650700691825596,0.00354972771155441,0.319485932875559,0.0206545281659261,0.000450933173013428,0.812835356164844,0,0.00421635984436458,0,0.00138860253919645,0.000278203700531665,0,0,0.0493147545660831,0.000236811547928224,0.000459070750321363,0.000734846069380379,0.0189648892628538,0,0,0.000404641677012359,0.00666767313535568,0.00321934317378629,0.000146658396670306,0,0.000775421717093202,0,0.00676302993534758,0.345757488273522,0.0618245724647464,0.000954811866511515,0.00271957543565606,0.0028075273701418,1.59505553817271,0.000603307152184387,0,0.00190175880867008,0.00571353248928788,0.00132542888527405,0.00601635015644109,0.00258197951811411,0,0,0,0,0,0.000493501767147034,0,0.00043877274350094,0.000286040779804883,8.20187390316398e-05,0.00082110456575582,9.41028926006622e-05,0,6.0750874748966e-05,0,0.000138829229879747,0.0006431918353451,0.000201416423011663,0,0,0,0,0.000406334213080298,0,0.000761958781082953,0.000429833774505139,0,0,0.000108436333709678,0.00045068286293883,4.72576886331407e-05,0.000394357262385115,0,0,0,0.000770924351302153,0.016730676936223
0.00150254635006654,0.0382736587629368,0.0170068806546676,0.000541285847021733,0.000208640890532439,8.24852372378181e-05,0.0044077221600581,0.000244894026125175,0.0197110411018429,0.000487124983292095,0.00111209296067485,0,0.000206972342501961,0.000795581464648195,0.00138860253919645,0,0.0111138587573537,0,0.00113413934055982,0.000674097563660901,0.919536524162341,3.15424943809504,2.23156124717365,1.39061676741888,0.0261241459794066,0.00490334761197118,0.762678988411138,0.234919171563291,0.00461982616923412,0.0437683214845123,0,0.000292070912532352,0.00527265420705901,0.0329006528820913,0.00567801891935611,0.305180868284579,0.152747468887163,0.136040566403681,0.152587307742549,0.0129599126270563,0.00645364695479478,0.00336841556723908,0.0509612073038777,0.0352229894861701,0.0259392139360411,0.0265471731269925,0.0013094554150997,0.000230436267212666,0,0.00234637341138961,0.000792581925673995,0.00312425086441947,0.000164005564773015,0.00028725662821364,0.000281359226461594,0.00269583507615504,0.00034391213171738,0.00967888849929892,3.88989866702744e-05,0,0,0,0.00166447800232753,0,0.612935780514485,0.00132046489987032,0,0,0,0.0457534048250633,0.169208052779307,0.19381363852275,0.0210623617088243,0.000913652738487493,0.000670935264940681,0.0359886470645059,0.0196803514155306,0.00510504489024681,0.0176078628717243,0,0.000166747273457621,0.00286818973985122,0.00439591663645668,0.00262655751855158
0.108350855300632,0.0534177665853654,0.481612777148523,0.00104393128662856,0.000754480983473568,0.00113696206015081,0.030388040416787,0.0111106297908089,0.0306593866108729,0.00590097173585096,0.00687238236608969,0.000995214240851021,0.000195031444630188,0.0441919955249986,0.000278203700531665,0.0111138587573537,0,0.00247388023830178,1.3447681480688,0.0014517285946074,0.0943960099317571,0.0354858821029926,1.87290392132945,0.0220948533524572,0.00203994296687708,0.895332020449904,0.323378427232477,0.0141561983985148,0.582605684810988,0.151175592881561,0,0.000889529214813953,0.298787836764369,0.252708476702293,0.000628699858280078,0.0445961249257399,0.0796830646174994,0.133438433740635,0.0354102817150981,0.00247432683263041,0.00136138428953552,0,0.0086263201679338,0.00700937277545483,0.0063334664307657,0.00661937909846102,0,0,0,0.000360906134020348,0.0108745886710516,0.0193765058769874,0,0,0,0.000606396059685313,0,0.00254286696777049,0,0,0,0,0.000374496248509984,0,0.00450314312165531,0.0069703710048452,0,0.000418339769843899,0,0.000635505807327772,0.00881100350446203,0.00278220730603253,0.00251393461724445,0.00254288620017971,0.00269776350707018,0.0314283863965101,0.000998330789230201,0.000865412612712853,0.000905678645010993,0,0,9.86175168278232e-05,0.00145896185256983,0.00024663015724167
0,0.000560836287557397,0.00289960001914157,0,0,0,9.58755414243173e-05,5.91425074393291e-05,0.000695463793893739,0.00020009558388479,0.564460387850189,0,0.00945205477322622,0.000377460069081232,0,0,0.00247388023830178,0,2.43904904954792,0.000166798464875388,0.000229581215764595,0,0.000225735271669691,0.000267186937435156,0,0.89620075045876,0.0123206837022251,0,0.210423795410005,0.000394249408725286,0.000451162008390793,0.00256280983906655,0.00102473569578324,0.0316890217266669,3.78606636416002e-05,0.00597834556654972,0.0916040909272968,0.0404326135024471,0.0040982446646722,0.000934008336492403,0.00394363959340523,0,9.68870964190849e-05,6.90652815057073e-05,0,0,0,0,0,0,0,0,0,0,0,0,0,0,0,0,0,0.000400445898013999,0,0,0.000202459389095855,0,0,0,0,0,0,0,0,0,0.000106866471472511,0,0,0,0,0,0,0,0,1.88167117253389e-05
0.0024307314665473,0.0148961398410686,0.0120067672179273,0.000115482443678731,0.000365335357593678,0.000235383367704787,0.000496424887693717,0.000760078763279062,0.00340677569476435,0.000803602262792211,1.51182190988664,0.00053666580586937,0.040398002121502,0.00285434600329487,0,0.00113413934055982,1.3447681480688,2.43904904954792,0,0.0016051134133825,0.00345128879514434,0.00267389660170138,0.0257664166217742,0.00182030932221648,0.00471731465783418,2.93897678068192,0.0875649652853452,0.00113887288632521,0.758225096757829,0.00244790706343396,0.0030382677240076,0.0039031427685189,0.0335385058649911,1.18659016053081,4.69824582520444e-05,0.0216060162255293,0.367739687978055,0.346009030328371,0.0200027516097001,0.00034904680110005,0.000282575787875911,0,0.000348381695831804,0.000261192855024839,0.000112559608227646,0.000214516115053039,0,0,0,0,0.00302337912026784,0.000164100810234477,0,0,0,0.000168207455192287,0,0.00056496299733759,3.47230094927429e-05,0,0,0.000358222828376789,0,0,0,0.000268658111897357,0,0.00025422612792398,0,3.56531988417283e-05,0.000312986158526533,2.6501862243569e-05,0.000266665704494219,0,0.000137364764627708,0.00140671385301531,4.48133008583967e-05,0,0.000152493230078697,0,0,0,0,2.68049403429689e-05
0.0395604876061018,0,0.00135275530855692,12.0548903554829,0.00149874448218809,0.243073875671109,0.0071151864366813,0.0655926335619268,0.337717399220504,2.21562110778728,0.00795980117917927,7.9338064792539,0.000278492841710365,0.150690206181815,0.0493147545660831,0.000674097563660901,0.0014517285946074,0.000166798464875388,0.0016051134133825,0,0.000425053584095643,0.000587317311341904,0.000502438730210547,0.849782589230785,0.000149154990102852,0.000212202992285429,0.000262546013385897,0.555170243163506,0.114394074684072,0.00125332128525036,0,0.0185302371243857,0.0072030964034666,0.151293703984436,0.000674327441666256,0.0626053220482046,0.00597758039364378,0.0962112342002151,0.0548535490132073,0.124457877563735,0.00060954977525976,0.000627211179245614,0.00920246325317734,0.00080463690782656,0.00208278307770035,0.00176317286628071,0.0294248221142263,0.000206745683858858,0,0.00217947973977006,0,0,0.102178171951616,0,0.000532903977756624,0.00502845055541581,0.00125100265264032,0.00820335589450335,0.00341437979223592,0,0.00398438379787907,0,0.00304370749500681,0.000883192065876531,0.000120837514579964,0,0,0,0.0182992043968511,0,0,3.31016676654982e-05,0.0187557094276914,0,0,0,0.00297320887777705,0.00189908510470528,0.000912621833668867,0,0,0,0.000632682090099645,6.50868928418537e-05
0.00413347069771376,0.0015392068180665,0.221196848674585,0.000466954270526912,0.000709975489851085,0.000291151142029422,0.0235339969125289,0.00161506022057417,0.0107915585893363,0.00250796740392175,0.00217426881415638,0.000290631303629589,0.000347846096496628,0.00354260315605216,0.000236811547928224,0.919536524162341,0.0943960099317571,0.000229581215764595,0.00345128879514434,0.000425053584095643,0,0.0399891096568691,4.43308085906959,0.094128894833587,0.000753686654475852,0.0095249169889812,0.0651859569326136,1.21419516059461,0.134383968973145,2.2344157332743,0,0.00090722608776457,0.365298977952114,0.352369602952607,0.00939869321495958,0.345211440422298,0.0920279976152817,0.308736134348609,0.174724779292126,0.0118463230391674,0.0029028957282163,0.00100120394701952,0.0172729755384273,0.00611902453369365,0.00944239723456185,0.00687439342672309,0.000306486353601416,0,0.000388642650556575,0.00261047146998848,0.000278220372447846,0.000783686387618157,0.000289756677723709,0,0.000424958647240756,0.00223559495943055,0.00039620772923255,0.00321010316740491,8.97257985018364e-05,0,3.6081275305355e-05,0,0.00165986342663681,0,0.070982673556207,0.000239604114870352,0,0,0.000153644463722873,0.0286014420955276,0.0126584089151519,0.0259490469041945,0.014851271853686,0,6.97789501593979e-05,0.00696532526414401,0.0226948281215914,0.00809976068111475,0.018645596353381,0,0,0.00289193019685929,0.0022925845578953,0.00240357079753781
0.00377113084769351,0.667111160028512,0.0706607230354831,0.000191043399001414,0.000217008037291262,0.000127569220576137,0.00630943217549329,0.000780246969810689,2.16710405724627,0.000753845951518669,0.000727588085557564,0.000702322175593538,0.00927282904391,0.00295204260552316,0.000459070750321363,3.15424943809504,0.0354858821029926,0,0.00267389660170138,0.000587317311341904,0.0399891096568691,0,0.198694259253664,1.3181687727301,0.552739153648929,0.0207083081899439,1.03765163903191,0.0707294538333828,0.0142990716169138,0.0455784462276825,0.000897878846975047,6.22254954561773e-05,0.0184558413087572,0.027793316674071,0.00332383734268899,0.177874586742841,0.21017129307423,0.111782965842525,0.0756721953245748,0.0205610814474185,0.00136794091025958,0.0189808172395338,0.0476716424494859,0.034448323851751,0.0268990946941817,0.0264453990515278,0.000581337664254265,0,0.00182077462819094,0.00147652467061246,0.0338176354486673,0.0198645367439317,0,0,0.000248116324061019,0.00309019619806731,0.000269339355196273,0.0487150991920846,5.50589210220336e-05,6.92453122349166e-05,0,0.00229459484542163,0.000772113419585807,0.000141567081422779,0.261299315698939,0.0075713039220604,0,0.000383726540793322,0.000264748085833481,0.0153056372190479,0.207292160173614,0.107377558064723,0.0149464193734899,0.0362978610869362,0.0041004819642976,0.100609433906613,0.0135204172929131,0.0044408665146975,0.0106212665213533,0,0,0.00214886761605569,0.00415467630359466,0.00211106786546612
0.0307811156261798,0.00479284068637287,3.00257971596793,0.00156192114686786,0.000677995279273353,0.00204560043676216,0.0848942787964826,0.0110670932616064,0.0159967656191089,0.0152860261480503,0.00266322707920492,0.000499052768399914,0.000435248309751298,0.020072721467828,0.000734846069380379,2.23156124717365,1.87290392132945,0.000225735271669691,0.0257664166217742,0.000502438730210547,4.43308085906959,0.198694259253664,0,0.0750522890648717,0.000614652505985455,0.0973296586924458,1.43293400375497,0.282350836718575,0.363635060438935,0.39047136004999,0,0.000890390254188524,0.220312021193149,0.262002121510169,0.0361257270329783,0.748779241491827,0.283292228271587,0.619821861102573,0.41168318485026,0.0546214237852464,0.0139195732487371,0.00311259406874549,0.0523444206133896,0.0240275376669089,0.0227362497977431,0.0213264774421041,0.000844304400128403,0.000200472509158978,0.000168722533750488,0.00104769318512459,0.000870954613677686,0.0101988370841677,3.1752595758439e-05,0.000282101892224135,0.000383408608007559,0.0043633639968727,0.000372848574362333,0.00487781774164851,3.94512973370658e-05,0,0,0.000154352348932399,0.00152760508126309,4.14736021281531e-05,0.247316101973642,0.00208801071538205,0,0.00015881275840313,0.000272392832496597,0.0245845683873322,0.0514249120138307,0.146090319002996,0.010023595192218,0,0.000771801580373689,0.109523826557476,0.0117381658423404,0.00352514484810567,0.00936634283992584,0,0,0.000718347298703341,0.00208910192826922,0.0121878562834427
0.0604992088251873,0.0343949826815897,0.041253341556914,4.47136438503792,0.00130700042888018,0.0458096808217629,0.481798444745587,0.0374932420997817,3.35094657413729,0.196250808468983,0.00363481077733425,1.49742877080101,0.00128249851661008,0.106342642738436,0.0189648892628538,1.39061676741888,0.0220948533524572,0.000267186937435156,0.00182030932221648,0.849782589230785,0.094128894833587,1.3181687727301,0.0750522890648717,0,0.0358053765772675,0.00962833309305891,0.147295158041462,3.55233451204091,0.253537662950713,0.229897809242412,0,0.00476606316236359,0.0767602039991444,0.0973461917000432,0.00454853431766303,0.196516774760809,0.0420355698844838,0.158568071334556,0.11025280756863,0.0967143918113064,0.0013645262322085,0.000432476136867511,0.027390016262071,0.00574300477798896,0.0203147527896579,0.0125148146330416,0.0143127473833738,0.000214715741819388,0.000148786641976303,0.009244873149231,0.000751179487612988,0.00198002411796019,0.00606414005123359,0,0.00131036606221408,0.0244066576155231,0.00244245193568535,0.0735020348740227,0.00237717527874473,6.50076577663911e-05,0.00157780664355252,3.67149791639411e-05,0.0118262409803316,0.000282256955465503,0.0636236037467263,0.00117876090433469,0.000152998854036884,0,0.00772186117204712,0.0176493594784776,0.0200485434678628,0.0198528132327094,0.0652535020557745,0.000537714393866025,0.000436418974634373,0.00849198709476709,0.0556452936926732,0.0266272189387054,0.0314469548707871,0,4.17450413907347e-05,0.00724248588380502,0.00780657776746849,0.00131516878276913
0.000108183335449204,1.98660832154154,0.00255421391534949,0,0.00012153793080158,5.26719474146222e-05,0.000389799550324193,6.54111882440918e-05,0.201588702918941,0,0.0079607656348493,0.000361120407060883,1.3204449203071,0.000207783864948407,0,0.0261241459794066,0.00203994296687708,0,0.00471731465783418,0.000149154990102852,0.000753686654475852,0.552739153648929,0.000614652505985455,0.0358053765772675,0,0.0152732242342542,1.21998531721271,0.00360156565704476,0.000739456897258124,0.00196735603397598,0.0061614038886386,0,0.000103205023898848,0.00355846126203947,4.50291377968775e-05,0.0132448421474165,2.47722571921823,0.0584859672607576,0.0264037758088316,0.00475451025454486,0,0.560400967197419,0.00628364757838595,0.0438008825669801,0.0214015901264861,0.00541906929528679,0.000186424273532326,0,0,0,0.143251819646339,0.00424960948084238,0,0,0,4.25627467834123e-05,0,0.00107971650370856,0,0.00241703730521337,0,0.102072458574232,0,0,0.00116301755015585,0.00374654120387366,0,0.00303195941241064,0,4.4102335722637e-05,0.0275254080053175,0.000514456779834554,0.000729667579841329,0.399252063641365,0.0258875468264324,0.164026348433901,5.57425225096685e-05,0.000181537661677588,0.000318791542549046,0.000626656231567435,0,0,0.00123041484736124,3.67135531787605e-05
0.0200889509887545,0.0709735004495574,1.43280969722937,0.000207805253760511,6.44576152598452e-05,0.000652715035739915,0.0138433183118419,0.00684902416191892,0.0175521842620013,0.00450109908494521,0.186889816901088,0.000280898264363289,1.05904482119588,0.0147519688981544,0,0.00490334761197118,0.895332020449904,0.89620075045876,2.93897678068192,0.000212202992285429,0.0095249169889812,0.0207083081899439,0.0973296586924458,0.00962833309305891,0.0152732242342542,0,2.29942992167521,0.00536576677798027,0.0195880246663333,0.0248171444679348,0.106504447702522,0.000482905936711767,0.000506561960189333,0.023103444972146,0.00038382004112842,0.0852609881810561,0.425979567470484,0.176189339914019,0.0242719771851579,0.000785776883143496,0.000223048637481089,0.000575843730502677,0.00171670973987951,0.00183002860593815,0.00209396297207227,0.000925226730022816,0,0,7.50699007256717e-05,0,0.0193017482466167,0.00343088950359297,0,0,8.14831376991319e-05,0.000199206971088452,0,0.000101544731180001,0,0,0,0.00258512835829778,0,0,0.0007109523737537,0.00166786924247444,0,0.000135672237225822,0,0.000132663344949061,0.00177371316230422,0.000551783546298688,0.000611735832179466,0.00547499503164399,0.00333941373083623,0.0168483554921366,0.000234303743049287,0.000137851742450571,0.000307391616760922,0,0,0,0.00021788153699189,0.0004882966082682
0.00991702112546999,1.42137066964328,2.12609438705999,0.000234105406874311,0.000119674822811928,0.000616413873255835,0.0146868916015228,0.00372139614119887,0.0920747705087377,0.00318161479947869,0.0569660116265735,0.000527795200296501,0.68515817450746,0.00838409543642713,0.000404641677012359,0.762678988411138,0.323378427232477,0.0123206837022251,0.0875649652853452,0.000262546013385897,0.0651859569326136,1.03765163903191,1.43293400375497,0.147295158041462,1.21998531721271,2.29942992167521,0,0.0619870363169907,0.0135971149093771,0.0314370039574979,0.0172930068755963,0.000119549251253793,0.00191113851070933,0.170546168242516,0.0183243271576363,0.495247931832806,0.540877817292524,0.585375512097671,0.231078722854932,0.0155877618581072,0.00595440754729737,0.00427775520181917,0.0730880791327917,0.040241384556252,0.0405845375480596,0.0284327880689928,0.000493953188140407,0.000141780675873772,0.000385593921049619,0.000522426020729514,0.0374507432705359,0.070332774975985,0.000119585675697596,0,0.000445017080430557,0.00468410253655118,0.000116218102764287,0.00336788331144171,8.54125660947024e-05,0.000432211774670853,0.000162842593129799,0.0160191360659877,0.000792407422774257,0.000137904235996537,0.101223446272974,0.020047997751433,2.55418293031912e-05,0.00143724584644167,8.38760278933266e-05,0.00864123867792216,0.0513109764297774,0.1043026729121,0.00890494589468539,0.0409715566217209,0.0155048381169638,0.37168788364171,0.00517191495634052,0.00167440200853092,0.00594117215195034,0.000196133795365744,0,0.00023814225221949,0.00680323091476695,0.00807984681334688
0.0536001228720431,0.0030695765477753,0.0644731974263218,2.66970633784018,0.000874245670654368,0.0899495501246771,3.07463929339616,0.0377250908771335,0.172908421832584,2.2061210101282,0.00248272869051223,0.122076580200147,0.000269702450129538,0.0901506213196588,0.00666767313535568,0.234919171563291,0.0141561983985148,0,0.00113887288632521,0.555170243163506,1.21419516059461,0.0707294538333828,0.282350836718575,3.55233451204091,0.00360156565704476,0.00536576677798027,0.0619870363169907,0,0.164253918387178,1.20070577305589,0,0.00259501395636677,0.0445253899912007,0.087546234002826,0.00437618600946774,0.17417437535216,0.0341232611206635,0.126388963697616,0.0798259210208772,0.00843971787063915,0.0010009349278107,0.000449493621153271,0.0206638892940751,0.00385599287975734,0.0187184705599577,0.00888825757991796,0.00549217403321805,0,0,0.00846619868738543,4.68869102004496e-05,0.00076399296457412,0.00866664925802445,0,0.000788692146232689,0.0177822457163743,0.00192796717901958,0.0378033733239232,0.00117589139606816,2.64071450104947e-05,0.00112630736999184,0.000363464411121103,0.0113372502598195,0,0.0339995801485871,0.000360346900532795,0,0,0.00245793120254996,0.0201602280750553,0.00816846951375138,0.0110681679133086,0.0590786575741507,9.51421057217377e-05,0.000414401884908078,0.00352415276494484,0.0637767130825097,0.0364169922761781,0.0395449547754033,0,4.93291792034029e-05,0.0084451421839217,0.00602418606474198,0.00157412787158268
1.38492946834703,0.000873518087658217,0.0341538533703325,0.067550730489765,0.0312740360431738,0.0443848085092854,0.0656952009260314,0.188003494956079,0.166016123601991,0.0738617650117272,0.881998179446537,0.0916543991062358,0.00235894127952018,3.8452253958578,0.00321934317378629,0.00461982616923412,0.582605684810988,0.210423795410005,0.758225096757829,0.114394074684072,0.134383968973145,0.0142990716169138,0.363635060438935,0.253537662950713,0.000739456897258124,0.0195880246663333,0.0135971149093771,0.164253918387178,0,2.02941138023803,0,0.572503065858487,1.36801839506357,2.0747621610263,0.00094268754365264,0.0328584034712033,0.0218156224410129,0.633444712105196,0.0542673328418652,0.134301393252017,0.0203681893552145,0.000486240214887858,0.00747820280553015,0.00120431068430987,0.00736417465517412,0.00407365662978724,0.00417016917002732,0,0,0.0055453632310272,0.000425949557511598,0.000286010696910125,0.00265447337956569,0,0.000429706841669648,0.017071917097682,0.00131249378779147,0.0261693196445511,0.000952880695414105,0.000121922487039686,0.000563361635169827,0.000129191672720604,0.00620510258595775,7.58010487401845e-05,0.00649141579203891,0.000522961918757661,0.000150578936716595,0,0.000966222843522716,0.00518645673766024,0.00197867312291717,0.00198331429555385,0.0337060560237866,6.60930212483197e-05,0.000197456726324137,0.00128006399046963,0.0289471914465223,0.0173644888615259,0.0179026412634314,0,7.76753404232132e-05,0.00544746004477646,0.00310545058248231,0.000507847569294321
