0,0.000543818874173053,0.065068731075032,0.00182013021810694,0,0.00233887853361646,1.27904033678493,0.19540163673073,0.0455439528403383,0.00303506853231938,0.000932856463686905,8.65021874186279e-05,0.000635175314223396,2.77600454473775,0,0.00143643327969013,0.0415800595099809,0.000344065080694973,0.00286152168364089,0.00214654889766986,0.00819889735724554,0.0156219490800851,0.0568170390929929,0.0196637138288582,0.000247620049313259,0.00900301725551622,0.0046266768303309,0.0344619716479284,1.69812655818373,0.42020827025045,0,0.0179403689238348,0.0180279270537977,0.067007407708057,0.000136091036936623,0.00498357752548454,0.00711394790472919,0.038941958544175,0.00755794866408396,0,0.0015866907832855,0,0.000249550620677139,0,0.000462793860846185,0.000178982626962559,0,0,0,0.000695803853554278,0,0,0,0,0,0.000473195872485038,0,0.0167267614261522,0,0.000161893800700042,0,0,0.000486491295819369,0,0.00133255298039835,0,0,0,0,0.000361691540284489,0.00207593959686847,0.000589131107138441,0.00498558161048019,0,0,4.6824226144688e-05,0.00312812412242885,0.00140499931060754,0.00209613048274262,0,0,0.0015622168156154,0.00133809658782914,6.56513638763803e-05
0.000543818874173053,0,0.00397211207956833,0,0,0,0.000377917306644431,0,0.324046547333636,0,0.035408471244446,0,0.206903704525616,0.000283138964015061,0,0.102820410714583,0.00297664477061986,0.0053645449779707,0.02272079703107,0,0.0018083937525378,2.59279359210736,0.00148137031911076,0.110220520457754,1.37568180207815,0.0715890596919993,2.54716794138613,0.00608276333628959,0.00066696626984256,0.00149604701169352,0.0584222888861083,0.000199160813937149,0.00034609801685358,0.01219476818989,0.000317120881653764,0.00551667914652472,0.0637265348429623,0.0318988052768771,0.0109776744611085,0,0,0.024244239504243,0.00028510839523059,0.0050647772944934,0.00115288429415781,0.000133752381807066,0,0,0.00457845896842254,0.000239352056973039,1.21952440654048,0.000451366772389835,0,0,0,6.26824847421228e-05,0,0.008538122616463,0,0.00142228848528879,0,0.0352471384482976,0,0,0.00159671799303386,0.000809930093687516,0.00235280821042572,0.00146921838699904,0,0.000168979491543587,0.252936699497892,0.000422747606400905,0.00138297173787329,0.273050426727326,0.0140864254959202,0.510950715169465,9.61836692744559e-05,8.98266683745062e-05,0.000251261269206757,0.00438778655878157,0,0,0.00259376127265427,0
0.065068731075032,0.00397211207956833,0,0,0,0.000104169288040395,0.0841937891421486,0.00554748928233568,0.00874366354046462,0.000372680146466819,0.00547651296228776,0,0.00104577493540966,0.0236364676153094,0,0.0239499564393151,1.59282368746462,0.00871247742716628,0.052040933767938,0,0.101978412660191,0.0276287159048489,3.56225600088793,0.0211299666102473,0.00150418787991354,1.60710590002227,2.3192221039218,0.0782140925726877,0.0304302927777,0.161726923825669,0.00178194821554479,0.000189272050097689,0.000985231605381677,0.051964342650808,0.00193192687668744,0.0735225920563924,0.222216380246501,0.40317203708221,0.0438272930047513,0,0.000206082970959618,0.00104450680817386,0.00173593635809138,0.00054665385781537,0.000936351361844538,0.00113963495584083,3.99996723629832e-05,0,0,0.000111034817846592,0.000554647393984547,0.000135838026186809,0,0,0,6.8494222037474e-05,0,0.002816434037641,0,0.000151870142619115,0,0.000405968598186175,0,0,0.00075454183786963,0.000100119696932905,0.000114076599356086,0,0,0,0.00922946528659579,0.000203834003821984,0.000852461354900987,0.000283690657642999,0,0.00276395965117671,0.000763334038617998,9.7610063196826e-05,0.000230343802636462,6.9798208335249e-05,0,0.000229393708819976,0.00031388562077518,0.0011528049198444
0.00182013021810694,0,0,0,0,0.0144925291165492,0.122683368320535,0.00219530559051308,0.126117058018175,0.986625734459342,0,0.848105022499591,0,0.00293141588689144,0.00120345187785556,0,0,0,0,9.25931802466394,0,0,0,4.05957410491564,0,0,0,2.12187474961305,0.00323816570011165,0,0,0,0.000545623466633798,0.00140416887177279,0,0,0,0.000357833048618762,0,0.00188427212362622,0,0,0,0,0,0,0,0,0,0,0,0,0.46563866300715,0,0,0,0,0.00416221170629204,0,0,0.000133861240486845,0,0,0,0,0,0,0,0.00114058335238009,0,0,0,0.000757911786553045,0,0,0,6.20313241549079e-05,0,0,0,0,0,0.000229670104115234,0
0,0,0,0,0,0.888202693022793,0,0.0840278393364799,0,0,0,0,0,0.00762866275560373,0.00879648141562939,0,0,0,0,0,0,0,0.000237855882915508,0,0,0,0,0,0.00846728753712553,0,0,1.70545945031514,0,0.000410102802782739,0.0534283658464457,0.00165757573730438,0.00158560951302466,0.00246407011256145,0.000882746172307713,0.0136574701173231,0.17919374157976,0,0.000560985346073946,0.00262995970123096,0.00163601588762954,0.000631196049600036,0.000635691455559459,0,0,0,0,0.000266985664922489,0,0,0,0,0,0,0,0,0,0,0,0,0.000203226187834014,0,0,0,0,0.000197184037923043,0,0.0001414663805129,0,0,0,4.16958528643757e-05,0,0,0,0,0,0,0,0.00432726320740444
0.00233887853361646,0,0.000104169288040395,0.0144925291165492,0.888202693022793,0,0.209613085531059,1.3571021539564,0.000841987024949611,0.917445862808594,0,1.8304446028752,7.62765275445134e-05,0.0357547068287134,1.47864282338111,5.19847500965679e-05,0,0,0,0.0899216476854338,6.76159762458719e-05,5.38207270049072e-05,4.15120404311711e-05,0.0178803973538584,0,0.000145900395414131,2.81206198395917e-05,0.0636113346002917,0.0614113011132051,0.000137168730023733,0,0.854204697814849,0.000246555648572371,0.0214384341002297,0.589255932280548,0.000132868708933616,0.000279370764798642,0.00191253274612848,0.000292031102078033,0.372714321507769,0.324972999725521,0,0,5.42124045099339e-05,0.000104691664856152,0,3.1842721617856e-05,0,0,0,0,0,0,0,0,0,0,0.00061899176913995,0,0,0,0,0,0,0,0,0,0,0,0,0,0,4.57062789601783e-05,0,0,0,3.04853914241282e-05,0,3.80526902843733e-05,0,0,0,0,0.000711514436715967
1.27904033678493,0.000377917306644431,0.0841937891421486,0.122683368320535,0,0.209613085531059,0,0.18742634373592,0.0299501066440351,1.54035037625181,0.000458797588090957,0.00621940060850366,0.000149415583288506,0.463947894876098,0.000737725204557282,0.00515154584987344,0.00791077602758017,0.000167384161991117,0.000513305783652085,0.00645457775407515,0.0335936286592275,0.00978701953730285,0.130007709183525,0.200501991175425,9.31714043231977e-05,0.00495610288316877,0.00747190671755379,3.71236997979299,0.189737869544936,1.01887837045139,0,0.00404683843404135,0.0181130279286346,0.0763952042941591,0.000705429108429589,0.0144759270989754,0.00512829253975899,0.0772185145011863,0.0193904979302432,0,0.00263176292577186,0,0.000489762289677519,0.000273424597723145,0.000785264816185781,0.000881893644057282,0,0,0,0.000462698821810607,0,2.88260392802412e-05,6.41046491260048e-05,0,0,0.00105137667886961,0,0.0163012682659061,8.90583435227358e-05,0.000122970588652207,5.08472737226148e-05,0,0.000149284471695892,0,0.00131275945844642,0,0,0,0,0.000313802725082761,0.00164083790414473,0.000564710543385876,0.00650565620837648,0,0,0.000241134932583709,0.00307053731060791,0.00118649232890447,0.00252128881171093,0,0,0.000192743243326678,0.00089104987708252,0.000398339115863908
0.19540163673073,0,0.00554748928233568,0.00219530559051308,0.0840278393364799,1.3571021539564,0.18742634373592,0,0.0049386820748047,0.505228540799633,0.000145155710459817,0.0663689880006915,5.635489019755e-05,1.75701651232003,0.00740580737436144,0,0.00308455657504086,0,0.000321637323009591,0.0453810143296053,0.000687154061318349,0.000942635366091815,0.00468633863080806,0.00430361251974466,0,0.00134054888768371,0.000179009130201587,0.012733768124784,0.200439400545123,0.0070453438111741,0,0.307624878974215,0.000888212177844462,0.0457238231043613,2.38464481952568e-05,0.000573953303721167,8.61316904236364e-05,0.0116566001658443,0.000683022248890762,0.000675395280427862,0.182179792829063,0,0,0,6.24700975194624e-05,0,0,0,0,0,0,0,0,0,0,3.59947116168164e-05,0,0.0017756839744875,0,0,0,0,0,0,0.000428324204334403,0,0,6.25314668350647e-05,0,0,0.000291950354246303,0,0.00056228812159807,0,0,3.03385265297551e-05,0.000566813273341966,0.000163881411296991,0.000247964424502172,0,0,0.00037448534775926,0.000175710816162363,0
0.0455439528403383,0.324046547333636,0.00874366354046462,0.126117058018175,0,0.000841987024949611,0.0299501066440351,0.0049386820748047,0,0.00290212954856458,0.00922030011217813,2.87507621307036,0.0338082576735486,0.0216044092411724,0.629118685853767,0.0218433997387426,0.00161407708348567,0.00253325784617787,0.00301567340015161,0.661859990371027,0.00828591039554396,2.36035195671508,0.00729365706691271,5.83716791225011,0.0635772209297064,0.00878380471841689,0.0913630125345716,0.16128842451018,0.0803901714599956,0.0846828663986205,0.0126117868258881,0.000347738974710753,0.0868528793810289,0.0311854564302441,0.00119620073206786,0.290476848071377,0.0215871717202782,0.0537212364435878,0.0395044082016814,2.07518279612142,0.000854794085809199,0.00629797453114559,0.00333340465529648,0.000822961508111109,0.00573238063469342,0.00455533276018861,0.00800570804810945,0.000412954167850844,0,0.00525468945559771,0.00400034263159939,0.00207199220744486,0.00100212420234317,0,0,0.00605230188292614,0.000862714989311925,1.20386759400516,0.00117009831785586,0.000180558343342335,0.00262705096811305,0.00101783973529946,0.00239125491625019,0,0.0104400135280778,0.000776833400851468,0,0,0.00353273667168632,0.00133637826167376,0.0345146245641402,0.00422004633672508,0.0600154244142569,0.00274614086987056,0.000206154281442907,0.00703485948960232,0.029260628129567,0.00861310345228974,0.0216825592434054,0.000334926792710633,0,0.00557917893187037,0.0079684014807849,0.000280198497454375
0.00303506853231938,0,0.000372680146466819,0.986625734459342,0,0.917445862808594,1.54035037625181,0.505228540799633,0.00290212954856458,0,0,0.476168531400488,0,0.124696989295167,0.000243199913765907,0.000190252366595565,0.000118459500057743,0,0,2.56931404903088,0,9.22911715720252e-05,0.000226388121117779,0.0285360536083373,0,0,4.71078379321458e-05,1.21987045312044,0.014424820609322,0.000297902917075894,0,0.000414714315938009,0.000394548790330611,0.00704229208992034,0.00586539741922555,3.61456839629475e-05,0,0.0027487830554666,0.000622640928318904,0,0.000257268566480962,0,0,0,0,0,0,0,0,0,0,0,0,0,0,0,6.39979021347589e-05,0.000302889416562005,0,0,0,0,0,0,0,0,0,0,0,0,5.66169960194859e-05,0,3.5614312210666e-05,0,0,0,0,0,0,0,0,6.17395539332785e-05,0,1.72697022476806e-05
0.000932856463686905,0.035408471244446,0.00547651296228776,0,0,0,0.000458797588090957,0.000145155710459817,0.00922030011217813,0,0,7.44279506989503e-05,1.36062889777711,0.000935548106122236,0,0.000455140327065021,0.0208036205784903,1.17641399355334,0.853734140286163,0,0.000538831950222273,0.0252925431559282,0.00149590977747696,0.00161100661806343,1.04203183285916,0.836401248428569,0.0984970960866879,0.0002656872610095,0.00901588658289248,0.000571646405167123,0.647532969417769,0.00349440295734668,0.000192940780756789,1.58990834336138,0.000407636828600136,0.0234222368945909,0.552490021813756,0.856959670282558,0.0585692661933999,0,0.00224040579778955,0.186147248245696,0.000426896792108218,0.00268625693231359,0.000619260069422842,0.000397577583297204,0,0,0.00013009226355735,0,0.00342126024646446,0.000123574890737919,0,0,0,0,0,0.000189874885705048,0,0.0028227003295606,0,0.0113440094794759,0,0,0,0,0.00200429376498494,0.000460988273446558,0,0,0.000857801220566902,5.16746907182567e-05,2.44151276832908e-05,0.0223554713655517,0.00567367331091347,0.0127149411581458,0,0,0,0.009496154018809,0,0,0.000268233778635441,0.000229442732979147
8.65021874186279e-05,0,0,0.848105022499591,0,1.8304446028752,0.00621940060850366,0.0663689880006915,2.87507621307036,0.476168531400488,7.44279506989503e-05,0,0,0.00135962166682124,0.621832782097242,0,0,0,0,11.636809558574,0,0,0,0.928669683364287,0,0,0,0.0075082489103088,0.00984692279620469,0,0,0.000434234777336923,0,0.00439124509347459,0.225930381121894,0.00443686433108817,9.31855395701637e-05,0.000299497452298618,0.000397243271956984,0.569310324526143,0.000455870374028159,0,0.000102049490212689,7.25491546622534e-05,0,0,0.000474948746747583,0,0,0,0,0,0.000181020587137893,0,0,0,0,0.0134907109312524,7.64183900461065e-05,0.000112424874406015,0.000148826851453093,0,0,0,0,0,0,0,8.30413060540786e-05,0,0,0,0.000255390257683452,0,0,0,0,0,0,0,0,0,0,0.000684871193002719
0.000635175314223396,0.206903704525616,0.00104577493540966,0,0,7.62765275445134e-05,0.000149415583288506,5.635489019755e-05,0.0338082576735486,0,1.36062889777711,0,0,0.000182062249725135,0,0.0034012987462957,0.000631202880554912,0.0101441030748633,0.00442324313825457,0,0.000659236844923259,0.105952449796952,0.00181501040823608,0.00818174394455762,3.17162981747691,0.120030645453655,0.484893692603826,0.00064392257694359,0.000668407986338387,0.000461200764295722,2.80351587579967,0.000125134640177601,0,0.0436435088922906,0.000687419630082871,0.245798929917461,0.701163928547774,0.451429144197934,0.489261373386471,0,0.00155682195225269,1.04397489440243,0.0025991746897313,0.0114930149096211,0.000868123702341135,0.00492568220924321,0,0,0.00612538399779056,0,0.00659397682591722,0,0,0,0,0,0,0.000660157236210671,0,0.00560188655026004,0,0.0276009420051463,0,0,9.55913138665373e-05,0,0.00376242999609565,7.5723808644932e-05,0,0,0.00379385724048221,0.00024959755737993,9.64093391076296e-05,0.0420403062258239,0.0116468709145388,0.0198272544224231,4.8779545241031e-05,0,0.000158172688602904,0.0178897284601103,0,0,0.000144707095649224,0.000191325264943105
2.77600454473775,0.000283138964015061,0.0236364676153094,0.00293141588689144,0.00762866275560373,0.0357547068287134,0.463947894876098,1.75701651232003,0.0216044092411724,0.124696989295167,0.000935548106122236,0.00135962166682124,0.000182062249725135,0,0.00018090739797981,0.000381063540996692,0.0129032163173403,6.35782999141125e-05,0.00108333509902135,0.00597171678204813,0.00289977631903471,0.00356834095164239,0.025331634304187,0.011787968033843,5.02433451813888e-05,0.00398753022358265,0.00215899012351017,0.0228356879574838,4.40167069084868,0.0603168282995854,5.31539595336188e-05,0.171955438179304,0.011106138560714,0.166717491981715,6.80080769276353e-05,0.00206440875999622,0.00302334662342676,0.0439862152189117,0.00613754156706552,0.00123722927729941,0.0332015589368628,0.000114919384756585,0.000142647573295515,9.34930325221517e-05,0.000322170956878195,0.000185457477891449,0,0,0,0.000182649290077097,0,0.000108248184256749,0,0,0,0.000223360976578022,0,0.0082506618840354,0,0,0,0,8.49591255122589e-05,0,0.00138569468287086,0,0,0,0,0.000249536907743986,0.000641880916907043,0.000387856445113842,0.00338794706411455,0,0,2.95459408868452e-05,0.00307416041396945,0.00130782763352894,0.00105174983532246,0,0,0.000184942498964551,0.000377795503874268,1.0270279476838e-05
0,0,0,0.00120345187785556,0.00879648141562939,1.47864282338111,0.000737725204557282,0.00740580737436144,0.629118685853767,0.000243199913765907,0,0.621832782097242,0,0.00018090739797981,0,0,0,0,0,0.0271893126230194,0,0,0,0.0135728485680382,0,0,0,9.10125086772042e-05,0.0013688691771831,0,0,0.000816864674444036,0,0.000546904513640705,0.178616954720787,0.00537635523009292,0.000864854769067231,0.000204572049189496,0.000455426869447519,1.42926462810372,0,0,0,0.00105670307332529,0.000187298770472726,0.0014559578169102,0,0,0,0,0,0,0,0,0,0,0,0,0,0,0,0,0,0,0,0,0,0,0,0,0,0,0,0,0,2.12597081059927e-05,0,0,0,0,0,0,0,0.00245711410195811
0.00143643327969013,0.102820410714583,0.0239499564393151,0,0,5.19847500965679e-05,0.00515154584987344,0,0.0218433997387426,0.000190252366595565,0.000455140327065021,0,0.0034012987462957,0.000381063540996692,0,0,0.00307273200163619,0.000186778173682831,0.000271615697332121,0,0.739444130185906,4.02274011407706,2.14708218157607,1.64344830788101,0.00786305960162415,0.00163995225036733,1.44949246045852,0.276304233786087,0.00329556516505094,0.013094589950553,0.000409676459534563,0.000146493690239584,0.00357539039155423,0.0223552689639335,0.00341047935472732,0.131957212291065,0.0777035363402908,0.155431955457988,0.0456314462859923,0,0,0.00282827323500494,0.0111258169966004,0.00450140458794893,0.00668322267624845,0.00406080531628375,0,0,0,0.00033099059326943,0.00451667819016404,0.00061621397657524,0,0,0,0.000211001309830749,0,0.0130637922336296,0,2.77204248315469e-05,0,0.000465183308851841,0.000111861380616571,0,0.107055813180803,0.00011771193332688,0,0,0,0.00563131007534235,0.227473898024585,0.0152319183631256,0.00891264059800739,0.00338002851658551,0.000522568460517984,0.00812253712555322,0.00371939031625799,0.000246746415946079,0.00185238533399227,0,0,0.000369021250060846,0.00141307459130365,0.00119884581647203
0.0415800595099809,0.00297664477061986,1.59282368746462,0,0,0,0.00791077602758017,0.00308455657504086,0.00161407708348567,0.000118459500057743,0.0208036205784903,0,0.000631202880554912,0.0129032163173403,0,0.00307273200163619,0,0.0107645014738665,1.60555885541848,0,0.00889587746625219,0.000875959995540293,1.38092138037778,0.00123936049170713,0.0018724860857598,1.14519728549434,0.180978429819799,0.00685016981808371,0.0620280936714115,0.0545752967954049,0.000801118001472642,0.000343536200550942,0.0004823454942626,0.100768668463869,8.50355516479335e-05,0.00459840411157224,0.307034017568439,0.259306106451725,0.00458262001296896,0,0.000686193222803055,0.000295767816841492,0,0.000168809289081212,0.000199673186736498,0,0,0,0,0,0.000201874601868907,0,0,0,0,0,0,0.000862858401808859,0,0,0,0,0,0,0.000141222450007706,0,0,0,0,0,0,0,4.84505526017818e-05,0.000570748920776111,2.65548778802336e-05,0.000257473141805255,6.85137207557807e-05,0,9.35321002803729e-05,0,0,0,0,4.75743646124146e-05
0.000344065080694973,0.0053645449779707,0.00871247742716628,0,0,0,0.000167384161991117,0,0.00253325784617787,0,1.17641399355334,0,0.0101441030748633,6.35782999141125e-05,0,0.000186778173682831,0.0107645014738665,0,2.36065939127363,0,0.000118177819422478,0.00382553061903765,0.0015129225508413,0.000290205818336333,0.025739076528239,0.693929481191998,0.0309156374299804,0.000108791654424779,0.000299265360454325,0.000399725949950414,0.0318135694617565,0,0,0.0153330763343657,3.247294822201e-05,0.00075542885408107,0.0223482351726952,0.0206309064449194,0.00334355872021192,0,0,0.000712096884157715,0,0.00018042105012972,0.000141615351879272,0,0,0,0,0,0,7.3736606159806e-05,0,0,0,0,0,0,0,0.00043319324062165,0,0.00239387397351627,0,0,0,0,0.000155732194582741,0,0,0,0,0,0,0.00907278221245489,0.00153426525568863,0.00402328069773298,0,0,0,0.00331340920548768,0,0,0,0
0.00286152168364089,0.02272079703107,0.052040933767938,0,0,0,0.000513305783652085,0.000321637323009591,0.00301567340015161,0,0.853734140286163,0,0.00442324313825457,0.00108333509902135,0,0.000271615697332121,1.60555885541848,2.36065939127363,0,0,0.000592372606624483,0.00382671016689949,0.0140191631360083,0.000430380170692901,0.017992750013087,2.46606245651141,0.103226558361999,0.000880914356887539,0.00280449149092957,0.00263680073061351,0.0116608888757609,0.000502327322175505,0,0.597962212239786,7.71974564547744e-05,0.00308295066408575,0.27138329023097,0.260969227467718,0.0198848809483331,0,0,0.000158078144432366,4.00686548381159e-05,0.000503064833050687,0,6.10610748421844e-05,0,0,0,0,0.00396068081914923,0,0,0,0,0,0,0.000185119037616199,0,0.000124595753161483,0,0.00105637611825017,0,0,0,0,0.000254370975265076,0.000536505256734069,0,0,0.000337533745272683,0,0,0.00674353452954377,0.00086713157929477,0.00249391117023967,0,0,0,0.000407220437679733,0,0,0.000131414792351507,1.97830933633675e-05
0.00214654889766986,0,0,9.25931802466394,0,0.0899216476854338,0.00645457775407515,0.0453810143296053,0.661859990371027,2.56931404903088,0,11.636809558574,0,0.00597171678204813,0.0271893126230194,0,0,0,0,0,0,0,0,0.586432189312633,0,0,0,0.195833469434466,0.00984857710613146,0.000120002430330204,0,0.000469729839423866,0.000416400092548841,0.00464972094530204,0,0.000407217392126309,0,0.00307207376079874,0.000616087790503567,0.0519414604685969,0,0,6.469672607258e-05,0,0,0,0.000112881764654743,0,0,0,0,0,0.0189541285373329,0,0,0,0,0.0033148576083712,0,0,0,0,0,0,0,0,0,0,0,0,0,0,0,0,0,0,0,0,0,0,0,0,0,0
0.00819889735724554,0.0018083937525378,0.101978412660191,0,0,6.76159762458719e-05,0.0335936286592275,0.000687154061318349,0.00828591039554396,0,0.000538831950222273,0,0.000659236844923259,0.00289977631903471,0,0.739444130185906,0.00889587746625219,0.000118177819422478,0.000592372606624483,0,0,0.102315423638739,4.81687021078963,0.0204327465113595,0,0.00610751910547247,0.0269972258724411,1.57340914127178,0.21553420815549,1.641246106524,0.000459674220751188,0.000155329282088899,0.13232182945593,0.32813719746686,0.0037191281643131,0.113042592440286,0.027592820804079,0.217507894576014,0.0413034379237439,0,0,0.0015086668809868,0.00465780910290965,0.0016144123126386,0.00241216708604245,0.0014737833472097,0.00020795542295677,0,0.000155757795765266,0,4.56200401152181e-05,8.13410346395894e-05,0,0,0,9.9258590102516e-05,0,0.00755473816777816,0,0,0,0,0.00011773823500649,0,0.0138433422251501,0,0,6.73337871358532e-05,0,0.00580403178074335,0.0384163212775773,0.00443175605042465,0.00531926265727541,4.23355432184699e-05,8.89703012094468e-05,0.000183471699925592,0.00360782443388031,0.000160094424123341,0.00308978805728962,0,0,0,0.000889004635920789,0.00120162538813493
0.0156219490800851,2.59279359210736,0.0276287159048489,0,0,5.38207270049072e-05,0.00978701953730285,0.000942635366091815,2.36035195671508,9.22911715720252e-05,0.0252925431559282,0,0.105952449796952,0.00356834095164239,0,4.02274011407706,0.000875959995540293,0.00382553061903765,0.00382671016689949,0,0.102315423638739,0,0.0684304823652956,1.6913183222874,0.332902259098171,0.0129952114065059,1.11359141848325,0.127847045463541,0.0210367514556464,0.052221329634463,0.0290290962490349,0.000364891235566009,0.0207976059138681,0.0240357669573382,0.0023333655808164,0.129578525526589,0.0900490587224977,0.100640135095258,0.0574943550783555,0,0.000115721074958559,0.0201272176021567,0.0354625039258313,0.0112696254748341,0.024017338666408,0.0102033745630002,0.000128905233188818,0.000113182125136215,0.000543498892354569,0.00108120621505419,0.162666913868973,0.00298727409963544,0,0,0,0.0018656449883987,0,0.239402753256005,0,0.000629826554401372,0,0.0097583898230755,0.000318879506523397,0,0.170325513726545,0.00148556335482502,0.00171543578973711,0.000617721544631657,0,0.0325696163691348,1.23503594278299,0.0532216393597854,0.039342971746194,0.0385366825622771,0.00284528427233687,0.116633376735995,0.0217104427233829,0.00281516787777387,0.0229333892334144,0.00120263779252705,0,0.00224413990130707,0.00960863475106826,0.00133438099747353
0.0568170390929929,0.00148137031911076,3.56225600088793,0,0.000237855882915508,4.15120404311711e-05,0.130007709183525,0.00468633863080806,0.00729365706691271,0.000226388121117779,0.00149590977747696,0,0.00181501040823608,0.025331634304187,0,2.14708218157607,1.38092138037778,0.0015129225508413,0.0140191631360083,0,4.81687021078963,0.0684304823652956,0,0.0516211815193129,0.000665001943708198,0.0736174151353449,1.00221356340972,0.48900850290676,0.288236729228258,0.421830392394755,0.000197762937610562,0.000328649686775224,0.0495115928513913,0.223244614981001,0.0163025849933325,0.274220650532948,0.337113180925834,0.665519129433974,0.110164537994742,0,0.000586411604896048,0.00152566350502881,0.00997719578441759,0.00500870993391265,0.00495918356417907,0.00611057828721804,0.000422869335275491,0.000193614431571027,0,0,0.00012525462165157,0.000220163864536613,0,0.000236298634891476,0,0.000226927515264259,0,0.00357453952781507,0,0.000317492032063649,0,0.000153006166493401,0,0.000361056339110745,0.0165707471114601,0.000104532359740299,0,5.6831036215196e-05,0,0.00251091671029944,0.0413599966979896,0.00476296040860681,0.00251168145580473,0.00015549756690305,5.58305073049834e-05,0.00112542377758089,0.00164837973417937,0.000532333597392841,0.00163170296293473,0,0,0.000147673988209961,0.00051302513951214,0.00742371129514
0.0196637138288582,0.110220520457754,0.0211299666102473,4.05957410491564,0,0.0178803973538584,0.200501991175425,0.00430361251974466,5.83716791225011,0.0285360536083373,0.00161100661806343,0.928669683364287,0.00818174394455762,0.011787968033843,0.0135728485680382,1.64344830788101,0.00123936049170713,0.000290205818336333,0.000430380170692901,0.586432189312633,0.0204327465113595,1.6913183222874,0.0516211815193129,0,0.012120242578374,0.00244932728044049,0.123936272451705,2.81711028742887,0.0522596313053352,0.0570471257803431,0.00225488494129998,0.0004341559213592,0.0327242792910334,0.0250210990811184,0.000771568819093852,0.0410578495596297,0.00922775709474897,0.0378587121688845,0.0186737898976725,0.0271147020988659,0.000295374566054726,0.000738081438406895,0.00550771114909689,0.000824899207627584,0.00445478886905944,0.00329439910486334,0.0041945174397499,0,7.76826877274539e-05,0.00351763320738292,0.00200325694237463,0.00126259540193846,0.22404937373995,0,0.000577714178680203,0.00799912847112841,0.000361700332200477,0.275341018876965,0.00206735896970109,0.00014849469187073,0.00225712487801483,0.000323256205364364,0.00350875445774164,0,0.0165282483052915,0.000154441726403058,0,0.000116799460888623,0.0050360526813226,0.00462862116518162,0.0466165976279204,0.00570686488003449,0.0664077393049731,0.0003396611724359,6.14159680827205e-05,0.00709042505387212,0.0243257704723303,0.00976402009084407,0.0130338492853453,7.328970360244e-05,4.60685722498862e-05,0.00161231935404479,0.00502187862003593,0.000405309295556406
0.000247620049313259,1.37568180207815,0.00150418787991354,0,0,0,9.31714043231977e-05,0,0.0635772209297064,0,1.04203183285916,0,3.17162981747691,5.02433451813888e-05,0,0.00786305960162415,0.0018724860857598,0.025739076528239,0.017992750013087,0,0,0.332902259098171,0.000665001943708198,0.012120242578374,0,0.136282468089563,0.923969540697605,0.000766560412452037,0.000455872119857667,0.000539298667529932,0.612406392804011,0,0,0.026877072170612,9.18709379894907e-05,0.0434562290594514,0.913919476564409,0.209810161593829,0.0529608478762371,0,0.000281705355962926,0.84441779785194,0.00265453106103688,0.0371119146167574,0.00270995636041736,0.00183281975976451,0.000258573904259957,0.000299874002305398,0.0458793403482252,0,0.0811727004064291,0,0,0,0,0,0,0.00268476597321116,0,0.0176732222821896,0,0.0868784376135727,0,0,7.02589740477931e-05,0,0.00481592475060732,0.000750053194801918,0,0,0.0231175365892867,0.000289788693081997,2.81031817698488e-05,0.331113767470266,0.0262636222903335,0.0667487550191437,0,0,0,0.068322485861802,0,0,0.00131536770532568,6.06695623420704e-05
0.00900301725551622,0.0715890596919993,1.60710590002227,0,0,0.000145900395414131,0.00495610288316877,0.00134054888768371,0.00878380471841689,0,0.836401248428569,0,0.120030645453655,0.00398753022358265,0,0.00163995225036733,1.14519728549434,0.693929481191998,2.46606245651141,0,0.00610751910547247,0.0129952114065059,0.0736174151353449,0.00244932728044049,0.136282468089563,0,1.99260537909339,0.00530600335780533,0.0091969514186494,0.0165807765329277,0.525793960343326,0.000234260775501298,0.000177238129939388,0.118602250725588,0.00057557953351548,0.0171536754771922,0.23279029314549,0.191611341268264,0.0325660152919752,0,0,0.00271876603541539,0.000779441708801763,0.0018467833309372,0.000444963960610338,0.000266902440404,0.000112225030152496,0,4.90496956624272e-05,0,0.009557538527601,3.40486777050599e-05,0,9.4964790223087e-05,0,4.9108470712894e-05,0,0.000366630964715618,0,0.00350006284016636,0,0.0118057255047447,0,0,9.29260603318638e-05,0,0.000972529388758012,0.000216213586353152,0,0,0.00137040448368395,0,3.6287244374007e-05,0.0314240387292494,0.00992282817819238,0.023124446110033,0,0,0,0.00597568751680719,0,0,0.000582285079796753,0.000516132978049411
0.0046266768303309,2.54716794138613,2.3192221039218,0,0,2.81206198395917e-05,0.00747190671755379,0.000179009130201587,0.0913630125345716,4.71078379321458e-05,0.0984970960866879,0,0.484893692603826,0.00215899012351017,0,1.44949246045852,0.180978429819799,0.0309156374299804,0.103226558361999,0,0.0269972258724411,1.11359141848325,1.00221356340972,0.123936272451705,0.923969540697605,1.99260537909339,0,0.0551085144381388,0.00477672336598413,0.0132887837806301,0.418774904759293,0,0.000312098215181557,0.106877502207542,0.00503901018944592,0.0743303793637355,0.118738481108293,0.341508769012002,0.0535129009598396,0,2.93507784433242e-05,0.00287343076240584,0.00284782231040059,0.00404845578059554,0.00268552893816846,0.00140307935420336,0.000153567625083282,0,0.000520927539161901,0,0.0772235375260465,0.000837225692386876,0,0,0,5.87057052594313e-05,2.12929582237426e-05,0.00178069823609363,0,0.00363251172148466,0,0.0162256323564795,6.87656988652228e-05,0,0.00779645485693671,0.000158202930979103,0.00228053042843449,0.000687207868636369,0,4.26412490304087e-05,0.0536343257415612,0.00390257286187805,0.0012651800817433,0.0569999492500271,0.0172068641990069,0.161696304357348,0.000512498549370935,0.000109144610604503,0.000101807311738218,0.00532140265673376,0,6.24459327699511e-05,0.000934968683318578,0.00256846553400546
0.0344619716479284,0.00608276333628959,0.0782140925726877,2.12187474961305,0,0.0636113346002917,3.71236997979299,0.012733768124784,0.16128842451018,1.21987045312044,0.0002656872610095,0.0075082489103088,0.00064392257694359,0.0228356879574838,9.10125086772042e-05,0.276304233786087,0.00685016981808371,0.000108791654424779,0.000880914356887539,0.195833469434466,1.57340914127178,0.127847045463541,0.48900850290676,2.81711028742887,0.000766560412452037,0.00530600335780533,0.0551085144381388,0,0.0668475462445731,1.15447434123524,0.000167764112925222,0.000359954606000984,0.0396889873317672,0.0623880940850915,0.00242677748096468,0.0648779668778418,0.0141250964253868,0.103932357335107,0.0251795979268797,0,0.000207876362531832,0.000376678057032028,0.00415185836409318,0.00119780888014078,0.00285129627516329,0.00211852052839477,0.000226901243768734,6.07697999780773e-05,0,0.00186997880187972,0.000167410644341958,0.000625693005996739,0.00161266668795774,0,0,0.00272870742570078,0.000143605891522271,0.0637904968759216,0,0.000258660162408566,0,0,0.00133917352992685,0,0.00838853912993341,0,0,4.88405272728123e-05,0,0.00318525906685974,0.021901235237944,0.00414350061931034,0.0285816812622311,0,0.000221145584615763,0.0014416825408723,0.0189303375905023,0.00711085849055801,0.0132334842006459,7.83179176017529e-05,0.00014345205627325,0.000482788819994561,0.00337451854198553,0.000744954815725328
1.69812655818373,0.00066696626984256,0.0304302927777,0.00323816570011165,0.00846728753712553,0.0614113011132051,0.189737869544936,0.200439400545123,0.0803901714599956,0.014424820609322,0.00901588658289248,0.00984692279620469,0.000668407986338387,4.40167069084868,0.0013688691771831,0.00329556516505094,0.0620280936714115,0.000299265360454325,0.00280449149092957,0.00984857710613146,0.21553420815549,0.0210367514556464,0.288236729228258,0.0522596313053352,0.000455872119857667,0.0091969514186494,0.00477672336598413,0.0668475462445731,0,1.34396004798502,0.000402363430873212,1.3206440563903,2.11425513997925,1.67764056317618,0.000380564690057194,0.035951389548174,0.00867376156178867,0.346914350745306,0.0587940220172165,0.00894955154107216,0.364665647503487,0.000708422854785895,0.000320426576684107,0.000145412459968542,0.00134520676345491,0.000373866135306078,0,0,0,0.000702840473532656,0,0.000611011453679726,0,0,0,0.00104019589718791,0,0.0298570489440391,0,0,0,0.00017017377322431,0.000830253627589882,0,0.00319744905179237,0.000111470222152833,6.97573347328674e-05,0,0,0.000746684511315421,0.00576539966873164,0.000763100945773414,0.0154931355703152,0,6.78697407001747e-05,0.00014304382901745,0.00834888700110225,0.00311385970529282,0.00657445166771697,0,0,0.000537917979710816,0.00182168292802002,0.000357299002234692
0.42020827025045,0.00149604701169352,0.161726923825669,0,0,0.000137168730023733,1.01887837045139,0.0070453438111741,0.0846828663986205,0.000297902917075894,0.000571646405167123,0,0.000461200764295722,0.0603168282995854,0,0.013094589950553,0.0545752967954049,0.000399725949950414,0.00263680073061351,0.000120002430330204,1.641246106524,0.052221329634463,0.421830392394755,0.0570471257803431,0.000539298667529932,0.0165807765329277,0.0132887837806301,1.15447434123524,1.34396004798502,0,6.6654008462369e-05,0.0012640563710706,0.319570241104689,0.179835737009998,0.000724839994066744,0.0308563602285707,0.0124055917291704,0.101375403749043,0.0186750862762095,0,0.000416091516815179,8.90644397642613e-05,0.00092426420707734,0.000652336243829928,0.00163632785510184,0.000767057003776984,0,0,0,0.00087057055039597,0,0.000291054770500322,0,0,0,0.00109068488210145,0,0.0315825135024929,3.53181279335773e-05,0,5.14712465150076e-05,0,0.000654391268448695,0,0.00589226678713707,5.73664676059571e-05,0,8.38116148492649e-05,5.63721413288712e-05,0.00339854476797932,0.00990873295211486,0.00237205022356824,0.0144953842064405,0.000165199647201189,2.42109023913264e-05,0.000299682114800522,0.0114761528802506,0.00411077948436671,0.00886754823226409,0,0,0.000621697716399407,0.00207539835626226,0.000264449160733644
0,0.0584222888861083,0.00178194821554479,0,0,0,0,0,0.0126117868258881,0,0.647532969417769,0,2.80351587579967,5.31539595336188e-05,0,0.000409676459534563,0.000801118001472642,0.0318135694617565,0.0116608888757609,0,0.000459674220751188,0.0290290962490349,0.000197762937610562,0.00225488494129998,0.612406392804011,0.525793960343326,0.418774904759293,0.000167764112925222,0.000402363430873212,6.6654008462369e-05,0,0,0,0.0221048537362251,0.000100451722801909,0.00719673128233944,0.149873178166657,0.083375949556017,0.0182044533271284,0,0,0.0351830150333897,0,0.00418901904533121,0.000884258284161396,0.000295155001406673,0,0,0,0,0.00232566400817029,0,0,0,0,0,0,0.000321477320949434,0,0.00408244493860051,0,0.0189137519564063,0,0,0.000243960385991889,0,0.00170950702538662,0.000106387099313598,0,0,0.000789317111235463,7.97821700741358e-05,6.46347226609875e-05,0.0428521676167988,0.00494385241428852,0.0103199263220697,0,0,0,0.0202101768788711,0,0,0.000269223364492309,4.41018697546192e-05
0.0179403689238348,0.000199160813937149,0.000189272050097689,0,1.70545945031514,0.854204697814849,0.00404683843404135,0.307624878974215,0.000347738974710753,0.000414714315938009,0.00349440295734668,0.000434234777336923,0.000125134640177601,0.171955438179304,0.000816864674444036,0.000146493690239584,0.000343536200550942,0,0.000502327322175505,0.000469729839423866,0.000155329282088899,0.000364891235566009,0.000328649686775224,0.0004341559213592,0,0.000234260775501298,0,0.000359954606000984,1.3206440563903,0.0012640563710706,0,0,0.00517778622326402,0.786191170383437,0,0.000240298706467295,0.000772163046995826,0.0640260745488807,0.00650804032249474,0,3.24797460497198,0.0013083396565127,0,0,0,0,0,0,0,0,0,0,0,0,0,0,0,0.000179478017511361,0,0,0,0,0,0,0,0,0,0,0,0,0,0,0.000155796070627184,0,0,0,0,0,0.000254670689766902,0,0,0,0,0
0.0180279270537977,0.00034609801685358,0.000985231605381677,0.000545623466633798,0,0.000246555648572371,0.0181130279286346,0.000888212177844462,0.0868528793810289,0.000394548790330611,0.000192940780756789,0,0,0.011106138560714,0,0.00357539039155423,0.0004823454942626,0,0,0.000416400092548841,0.13232182945593,0.0207976059138681,0.0495115928513913,0.0327242792910334,0,0.000177238129939388,0.000312098215181557,0.0396889873317672,2.11425513997925,0.319570241104689,0,0.00517778622326402,0,0.936143744474887,0.000102686104169025,0.01661624517681,0.00458241737512622,0.164067577514918,0.0621469789190725,0,0.00516942159331761,0,0.000109306428566686,0,0.00120404993481266,0.000956834616320772,0,0,0,0.000405226913705054,0,0.000108583274756852,0,0,0,0.000693640732591875,0.000117443628564837,0.0378091780144671,0,0,0,0,0.00019312879135033,0,0.00202304462726929,0,0,0,0,0.000778736703157833,0.00210373358250462,0.000255646344178579,0.00716999406643901,0,0,0.000191478882077779,0.00530771326736596,0.00170374971773653,0.00295835519879974,0,0,0.000796933199907479,0.000795235419931214,0.000136722730009425
0.067007407708057,0.01219476818989,0.051964342650808,0.00140416887177279,0.000410102802782739,0.0214384341002297,0.0763952042941591,0.0457238231043613,0.0311854564302441,0.00704229208992034,1.58990834336138,0.00439124509347459,0.0436435088922906,0.166717491981715,0.000546904513640705,0.0223552689639335,0.100768668463869,0.0153330763343657,0.597962212239786,0.00464972094530204,0.32813719746686,0.0240357669573382,0.223244614981001,0.0250210990811184,0.026877072170612,0.118602250725588,0.106877502207542,0.0623880940850915,1.67764056317618,0.179835737009998,0.0221048537362251,0.786191170383437,0.936143744474887,0,0.00194509859149412,0.150805399272011,0.266982481163197,5.397449561042,0.760093817679828,0.00641115233390706,0.336005639942249,0.0265577933115201,0.000726583362195509,0.00126869218037025,0.000857137157347454,0.000589138453263296,0,0,0,0.000314307921998681,0.0024755233837334,0.000183790614024321,0,0,0,0.000267582423903267,0,0.011150282141882,0,0.000278551327372887,0,0.00274954931773852,0.000345576934531421,0,0.00171066005993907,0,0.000685793472479889,7.25028258500801e-05,0,0.00057380055658733,0.00554867591670938,0.000562515251510787,0.00398876713346976,0.00528787486429294,0.00109147242048041,0.00267817068650532,0.00288063064579101,0.00130896705535054,0.00130919065729374,0.00104660146450864,0,0.000881919204634027,0.00115135069954985,0.00166272176129693
0.000136091036936623,0.000317120881653764,0.00193192687668744,0,0.0534283658464457,0.589255932280548,0.000705429108429589,2.38464481952568e-05,0.00119620073206786,0.00586539741922555,0.000407636828600136,0.225930381121894,0.000687419630082871,6.80080769276353e-05,0.178616954720787,0.00341047935472732,8.50355516479335e-05,3.247294822201e-05,7.71974564547744e-05,0,0.0037191281643131,0.0023333655808164,0.0163025849933325,0.000771568819093852,9.18709379894907e-05,0.00057557953351548,0.00503901018944592,0.00242677748096468,0.000380564690057194,0.000724839994066744,0.000100451722801909,0,0.000102686104169025,0.00194509859149412,0,0.0599676949985568,0.0542538272533715,0.056370927625699,0.0277091712155206,0,1.95778363473063e-05,0.000897720570498409,0.0217858148978291,0.0576299383269094,0.0365789544439653,0.0212145174470508,0.00229295416919612,0.000163278823283475,0.000121663462976387,9.33332066962772e-05,3.5750350506223e-05,0.0015890663080478,0,0.00155384534418541,0.000868575729950053,0.000652515837179675,6.45965596785588e-06,0.000204098035177945,0.000103549699434213,0.00043248225591372,0.00188219586200518,0.000118186196499293,0.000108261437405325,0.0015739838516195,0.00210133897195827,0.000196204613520708,6.69924365167356e-05,0.0001593294499869,1.24257734150993e-05,0.00375701949011357,0.00203610861806586,0.0141760351486401,0.000599438875506205,3.68041126159587e-05,0.000223620048704598,0.00220120628849869,0.0010396965612062,0.000672526303808253,0.000914248844706119,2.499571394849e-05,0,0,0.00215263365093015,1.38268666371009
