0,0.00212201101948894,0.0205670779769736,0.0148218910970328,0.00226736287579079,0.00269844825112384,1.06238193759018,0.0387084599205701,0.0302594888371357,0.0173553252008941,0.000270815103446301,0.00399054393247641,0.00108714209769372,3.15354066654561,0.000170420062259044,0.0161616537753891,0.0376098650264727,0.000164246007842678,0.00534269749556029,0.0187624939315683,0.0351916464728538,0.0114811132080884,0.0624182650847005,0.0511911854322057,0.000334363472270699,0.00304544785904334,0.00575369760451056,0.109373949299369,3.24097603323432,0.592900123583612,0,0.00552057930992631,0.137824131843411,0.230541865947804,0.00118388269641758,0.0490025388561047,0.0140914659029048,0.141484561203011,0.0686522508152954,0.0143907365791431,0.00237246494472472,0,0.00563928244530908,0.00139194986401454,0.00594182445363005,0.00497278902629927,0.00093141542824111,0,0.000742943851178377,0.00540262854639662,0,0.00058559000013079,0,0,0,0.000818298042721931,0.000452185181505838,0.00823524898260257,0,0,0.000122793647482555,0,0.00117505872197481,0,0.00365362170801189,0.000377791362124087,0,0.000438881374426959,0.000476570235003887,0.00065178340973263,0.00269800654531749,0.000798891799587737,0.00719575710568387,0,0,0.000903206103362359,0.00664614637009091,0.00158702164034798,0.0016157091449427,0,0,0.000313144449993259,0.000987379402911055,0.000734200693327217
0.00212201101948894,0,0.170993888881449,0.000191239648688534,0,0,0.000435678949037617,8.97333735668717e-05,0.163110242711041,0.000111584695798462,0.012235836233353,0.000813831532937344,0.0347522648107012,0.000149711688642025,0.00400503706515163,0.0928919904021335,0.19212848587679,0.0197863561541635,0.187859715910688,0.00033245124293862,0.00700461158489604,1.95055480735999,0.0179247321182102,0.0617617386906116,2.0049627470184,0.171511928834496,0.928875472963781,0.0068201299330735,0.00197114258232093,0.00534381617481662,0.0341088549703598,0.000383456803287857,0.00324193899963489,0.107660566343113,0.00154652297970142,0.0736899131728242,0.360413588466299,0.199313608599088,0.124020040654428,0.0113752439551418,0.000473202960310087,0.0082142451218499,0.0620115077606542,0.251876789224159,0.120389081553362,0.0870882292316418,0.00150581519813685,0.000601984914428314,0.00166062657879566,0.000639430398193488,1.32933475901707,0.0217380124961023,0,0,0,0.000679545945796937,0.000113186530317229,0.00293507539371347,0,0.00116520190847977,0,0.00205192405547109,5.00252055224935e-05,0,0.00633395653893692,0.104367284738457,0.00704308898226268,0.115300794672685,0,0.0039589788694654,0.054127889239167,0.00997954385749887,0.00182559350994442,0.042429805072595,0.104791524091423,0.109727887308568,0.000572985379938029,0.000165032501494258,0.00156566224769439,0,0,0,0.0423970074428969,0.00108639248798854
0.0205670779769736,0.170993888881449,0,0,0,0,0.014725338281511,0.00101343569869064,0.00747754598494969,5.27512600335123e-05,0.00143145287851855,0.000231289416686153,0.000654735992063407,0.0044841856798605,0.000685545408742154,0.0321502592240955,1.77398166146806,0.000891545561593018,0.111475735968444,0.000430672556342219,0.0855491826247558,0.0763228830881971,2.77954066109906,0.00938113265298768,0.00771925416830193,1.7393723300718,1.79358616970388,0.02845229691247,0.00433565278332868,0.0536452032883032,0.000292437893423793,0.000349728185739515,0.0022733205852309,0.115340885660192,0.00312729716971232,0.078221698374273,0.309175655595184,0.149568655822472,0.0910061987873409,0.00529489449571774,0.00113752388264723,0.000514987092521874,0.0293427662379419,0.0874078833825136,0.0366305254095468,0.0262282190934544,0.00223580363563776,0.000314270644504925,0,0.000636240552407661,0.0421401591734641,0.0340016824075813,0,0,0,0.000720749339570977,9.11819713162315e-05,0.00044073196860631,0,0,0,0.000151663481474378,0.00021407976735686,0,0.0101461536995201,0.0350741772353232,0.000492108248827634,0.00880641854133404,0,0.00571848601457962,0.0260837296884842,0.0234211156951678,0.000978590351248155,0.00276259935176176,0.0142076074196448,0.0580836359314094,0.00115716426069567,6.9728285240156e-05,0.00100885337132984,0,0,0,0.017477176839812,0.00209950881418808
0.0148218910970328,0.000191239648688534,0,0,0.000103343960111673,0.00957497866627706,0.0319286089611679,0.0156050288406198,0.163425448210129,2.40611488383389,0.000107247372942397,0.843289712908751,0.000153024099250909,0.017332107978971,0,0.000457539394146163,0.000102070615031979,0,0.00010976308567448,14.9472390537872,0.000328106202760619,0.00145466154719211,0.000715318363179142,1.83991178308691,0,6.69382402653938e-05,0.000164298858109473,2.5293848638073,0.0133542986714092,0.000251295069941273,0,0.00151951609045878,0.0058194503808152,0.0196846076166257,0.000247041019864723,0.0330052193826445,0.00152423622088139,0.0189765033821857,0.0110923240706001,0.0250393852489807,0.00272549162113092,0,0.0020248302852138,0.00093830443035844,0.000406726929536767,0.00219003771048796,0.00142073899747704,0,0,0.000638058920408913,0,0.000331968227958949,0.0715537958785244,0,0,0.00305570437045299,0.000762649981959885,0.0608767624377489,0.000670273832570031,0,0.00196853788049565,0,0.00106960376745746,0,0.00033379788857838,0,0,0,0.00216049944631581,0.000164405266640823,0.0006811351558921,0,0.0135214667452451,0,0,0,0.00825570844651987,0.000878170968829644,0.000157889029265831,0,0,0,0,7.60143718903181e-05
0.00226736287579079,0,0,0.000103343960111673,0,2.79720521723003,0.00120172557476748,0.230643931591916,0.004468644262259,0.00184551335491067,0.00144916291043785,0.00440442823916232,0.00121465777103679,0.0313335214558481,0.530662451652292,0.000738095427106414,0,0,0,0.00408938161294547,0.000396266841795353,0.00031128229491921,0.000207441031783266,0.00131792284679864,0.000692940755130524,0.000138976452986418,6.27725085787217e-05,0.000418296601610437,0.0466720643842903,9.71825212507564e-05,0,2.29721892229629,0.000789742470105811,0.329275038226499,0,0.00772413693727837,0.00415754933834391,0.126407116033737,0.0145413078872532,2.94561032995604,4.30654606679995,0.00394353281420523,0,0.000106206024055896,0,0,0,0,0.000317662578079525,0.000175519097194196,0,0,0,0,0,4.30684397572517e-05,0,0.000634031002771543,0,0,0,0,8.12405627132941e-05,0,0,0,0,0,0,0,0,0,5.08772563973456e-05,0,0,0,0.000101431576906182,0.000215414441364636,0,0,0,0,0,0.000133843520345532
0.00269844825112384,0,0,0.00957497866627706,2.79720521723003,0,0.0425472149318572,4.48162265333799,0.0285331714402739,3.25886679799587,0.00162076307648756,1.51607252718062,0.00348494124546378,0.161400256380779,0.575198691170195,0.000457029948753459,0,0.000113839749646564,0.00011604771067515,0.140695236969849,0.000349604317486915,0.00088452030367893,0.000647604058975775,0.0349709481517998,0.00115774961650629,0.000277186773076563,0.000321658417141963,0.035081569779935,0.0757811877025966,0.000996519619756964,0.000213856361700449,0.677849402630665,0.000303208166432303,0.0473366562128956,0.138419876063956,0.0292484267633502,0.00465507263661014,0.101096618100283,0.0156485239122848,1.68021476792911,0.147684835027068,0.0024546628151659,0.00249445988246873,0.000225413864016295,0.00112930327136234,0.000982636653637254,0.00180253426860413,0,0.00010967491032992,0.000195849531163079,0,8.56107533058863e-05,0.0009519047246511,0,4.40123650816485e-05,0.00172051047568802,0.000207780597872311,0.00972121132819871,0.000798436609407354,0,0.000679690381259142,0,0.000959958958276037,0,0.000153120522496495,0,0,0,0.000861018933720609,0,6.35457620842173e-05,0.000121024744471948,0.00516226198907939,0,0,4.04118976258128e-05,0.00202989556528298,0.00101374897891804,0.000164860229442583,0,0,7.37689160277008e-05,0.000177322053039926,4.04137817296281e-05
1.06238193759018,0.000435678949037617,0.014725338281511,0.0319286089611679,0.00120172557476748,0.0425472149318572,0,0.22429251812671,0.0889944763876831,2.79467187292127,0.00056177955708986,0.0184118487663686,0.000896555649310064,1.05053024673148,0.000530880765293669,0.0121480549106723,0.0071159088406822,0,0.00144105873592445,0.0813904348928926,0.0281274565024241,0.00848376267014245,0.0964211460003476,0.313744679922274,0.000942342820558132,0.00181590591063293,0.00367023636526588,2.64876978794183,0.0661839887187828,2.09000631385666,0.000108195104904304,0.00333772684532818,0.0135309373977377,0.074374428375623,0.00225475409084072,0.0925165076637307,0.0132635977383127,0.0704483325849912,0.0328547844813032,0.0363807972130613,0.00270703470793581,0.000486879235246142,0.00564969805174946,0.00164737497760123,0.00479328297933276,0.00421848400543647,0.00219937711783272,0,0,0.00348631228634221,0.000431295469018646,0,0.00132776813442105,0,0.000528074985515428,0.00368344057553356,0.00117105877131007,0.0273392393612054,0.000705829492466586,0,0.000618230572680836,0,0.00264888326169379,0,0.00421877481869362,0.000265954504732899,0,5.88942985373206e-05,0.000887077952215114,0.000397658580701065,0.00371736416688849,0.00136771898518738,0.0180598478494004,0,0.000482341191329184,0.000862908953933362,0.0103314353287704,0.00389252197040648,0.00116501551232467,0,0,0.000496653554052827,0.00169447534629117,0.00123658675030518
0.0387084599205701,8.97333735668717e-05,0.00101343569869064,0.0156050288406198,0.230643931591916,4.48162265333799,0.22429251812671,0,0.0242983391187766,1.11225187467778,0.00215873522467852,0.123618050371897,0.00287520814456552,4.06712585234625,0.0224644570140002,0.00174512883668052,0.000592752380927403,0.000630310946362246,0.000778316372009673,0.114744597245884,0.00320804032625112,0.00181141359365146,0.0071691742072452,0.0469928859271152,0.00082695141824342,0.000811896874880583,0.000980193920646185,0.0731705418179496,0.538228614477739,0.0102809140633819,0,0.614868844117975,0.00242772251005408,0.0950253780597902,0.000592375881536938,0.0504855281504098,0.00717587512735874,0.13777513253585,0.030059403388098,0.397282297976137,0.0387659759772389,0.00191217308588341,0.00354904120993702,0.000471716202141845,0.0023616884453027,0.00271602469473248,0.00139987400735797,0,0,0.00269570190987586,0,0,0.000122951375158428,0,0.000250866336477645,0.00298992466143681,0.000950961500391586,0.0096697322844799,0.000268295583176623,0,0.00101896862519425,0,0.00235850720325916,0,0.000675506371220018,9.81290355465177e-05,0,0,0.000251197905380854,0.000327115103074419,0.00102741382991772,0.000290978083946128,0.00986935246294007,0.000160520117593417,5.94211994993544e-05,0.000160153432268682,0.00864425311337335,0.00286236836926617,0.000425267413991091,0,4.83904750529698e-05,0.000166075783666334,0.000361399959345454,0.000293388873741301
0.0302594888371357,0.163110242711041,0.00747754598494969,0.163425448210129,0.004468644262259,0.0285331714402739,0.0889944763876831,0.0242983391187766,0,0.073909025501752,0.000852518741411474,1.68179257601392,0.00328131216273755,0.0180268050339517,0.761095298649534,0.0484915363512259,0.0067035460289719,0.00289024621876829,0.00556964662015559,0.338219567109261,0.00729709692511806,2.12134144551923,0.0127233118234544,3.94775520905666,0.04733914058738,0.00708369913388206,0.0644242037273014,0.329082551375324,0.0377180509843373,0.0441349396244886,0,0.00149736499929515,0.0548724180534202,0.0625447535289565,0.00184430507759951,0.269457267388267,0.056486064101186,0.0762980079735013,0.0445760523738206,2.37713326278526,0.00315264313983096,0.00061008683476688,0.0462390498617093,0.00606211922243228,0.0225144968896178,0.0118431393889274,0.0283887989348296,0.000349394775104685,0,0.0204234343853761,0.00546129535507687,0.001087019152314,0.00747097469049926,0,0.000487884571476077,0.00891142747825403,0.00370090234321662,1.24606787817773,0.00435435438365835,6.7441703191882e-05,0.0152534019989058,0,0.00699605221814733,0.000755967121984613,0.0335252993809126,0.00122159620150378,8.44657366592862e-05,0.000318250404374304,0.00732581600037592,0.00251826445361234,0.0699153156946647,0.0061015769487918,0.0935414433386046,0.000687164717751916,0.00101704248201851,0.00300657691436364,0.0370658423391408,0.0106775790277323,0.00868833314048757,0,0,0.0048591668996718,0.0030343857631049,0.00176689637988843
0.0173553252008941,0.000111584695798462,5.27512600335123e-05,2.40611488383389,0.00184551335491067,3.25886679799587,2.79467187292127,1.11225187467778,0.073909025501752,0,0.000724848095355795,4.31154612240024,0.00101321141676679,0.169769620431881,0.00409047009725743,0.000558280594024496,0.000371051989959955,4.76555866216026e-05,0.00016074620583987,3.73973066885405,0.000609438779115421,0.00184830209992551,0.00176551218376221,0.141755433644147,0.000744798868502201,0.000310632314145868,0.000245560269340507,1.34527503324606,0.0458777287299808,0.00185579556917249,0,0.00680707653217003,0.00399689557981251,0.0716977392325654,0.000769631737077844,0.0694772939156069,0.00441848999421251,0.0593923189819908,0.0174953766778122,0.100870177670638,0.00506372163570018,0.00101992875994573,0.00323044764152401,0.000510352789124769,0.00261895872845789,0.00276929864360856,0.00290000740946954,0,0,0.00220788470546741,0,0,0.00270454873328595,0,9.7857466404731e-05,0.00506066391091668,0.00115633543420899,0.0375144297066144,0.0012516477780668,0,0.00273692936517199,0,0.00249043947908563,3.43390117066075e-05,0.000549167450212372,5.41209475478908e-05,0,0,0.00218171396614007,8.25830754725629e-05,0.000213692331319004,8.55513039140772e-05,0.0223251299284286,0,3.3056287486302e-05,1.70950813743248e-05,0.0106405612200062,0.00138470880471269,0.000378194398689375,0,0,0,0.000408665808069855,0.000279964126455079
0.000270815103446301,0.012235836233353,0.00143145287851855,0.000107247372942397,0.00144916291043785,0.00162076307648756,0.00056177955708986,0.00215873522467852,0.000852518741411474,0.000724848095355795,0,0.00059508169450407,2.33823895384334,0.00276113410983696,0.000233499768945575,0.000521781187137054,0.0231836269749445,2.74598755977698,1.32263575557089,0.000740849357182003,0.000172761981439451,0.00453314326232406,0.00139945090003533,0.0010972514773387,0.949512997725217,1.21873227005204,0.0534360952959785,0.000456658982309541,0.0154332278558461,0.000499041958625483,0.681283605456527,0.00681512564866354,0,0.772340154569437,0.000169516664526466,0.0323520263073073,0.651877274015612,1.13046463022521,0.080623049174953,0.00214089805679871,0.00321392974475455,0.247617582858961,0.0019957977116874,0.0194302662308734,0.00664404282024804,0.00157019451597257,0,0,0.00197345841260915,0,0.00354131926226766,0,0,0,0,3.01464079214353e-05,0,0.000212145150729434,4.20916407879919e-05,0.00942538883393243,0,0.00899456177804034,0,7.38756738228176e-05,0.000197193990295313,0.000370507964434649,0.0121268118033832,0.0024460414950743,0,0,0,0,3.91369398295371e-05,0.0175141519927824,0.0113022285290767,0.00439044147879635,0,9.33207366403288e-05,0,0.00330688280091197,0,0,0.00284778822564,0.000118999860384642
0.00399054393247641,0.000813831532937344,0.000231289416686153,0.843289712908751,0.00440442823916232,1.51607252718062,0.0184118487663686,0.123618050371897,1.68179257601392,4.31154612240024,0.00059508169450407,0,0.00180428935407278,0.0299146772133453,0.171906566684721,0.000419045096599843,0,0.000147037070813025,0.000185512528472506,8.39239967056672,0.000196124999171134,0.00382914313672943,0.000157992970594308,1.30980311012707,0.00176156913640753,0.000489007618397352,0.000332157755239263,0.0375084827438239,0.022351887708268,0.000253667353762773,0,0.0100077937195361,0.00134825007007928,0.0461246722554508,0.0279659194487642,0.059934584389499,0.00278991642949181,0.067542383302191,0.0164643024122162,1.28272876713274,0.00801824793015549,0.00152195115453859,0.0100763127881529,0,0.00183616647116533,0.000455095033732755,0.0101927106314937,0,0,0.000686804968527783,0.000193228774482629,0,0.19821424775303,0,0,0.00162088260791957,0.000837936807119668,0.0540789066983645,0.00133237103364936,0,0.015489046079636,0,0.000771681832279518,0,0.00021339858080285,0,0,0,0.00191016990537828,5.5934348273425e-05,0.00016881752773739,6.07501837000769e-05,0.0223216774794142,0.00016485974637798,2.93057738195749e-05,0,0.0061777392538925,0.000490500105968556,0.000235068231249113,0,0,0,0.000160937002198628,0.000150849755057535
0.00108714209769372,0.0347522648107012,0.000654735992063407,0.000153024099250909,0.00121465777103679,0.00348494124546378,0.000896555649310064,0.00287520814456552,0.00328131216273755,0.00101321141676679,2.33823895384334,0.00180428935407278,0,0.00320131352299443,0.000262369687999463,0.00516775552739756,0.002447140326535,0.0370386883736497,0.0157605483371894,0.00113449340177012,0.0020813339062788,0.0183404088363722,0.00411880176716762,0.00236512146962987,3.01272844990865,0.789127789983568,0.885726489686613,0.00205870078249794,0.0109092653688917,0.000773748549117118,7.06825725977024,0.00817388768310284,0.000142393990896366,0.0900217285228146,0.00205577937640161,0.322965830602138,0.569136938322639,0.992527043974473,0.592972787198876,0.0159584722330162,0.0886173525681408,1.9520903863809,0.0106843706901966,0.0156160877146837,0.0120282367975196,0.00299656109772991,0.000232567071887848,0.00223978760412971,0.00532823352313693,0.000430888200673095,0.00218113940682554,0,0,0,0,0,0,0,0,0.00531778229971257,0,0.0946545010905913,0,0,0.000454414461851125,0.000699681701652527,0.00664164262841207,0.00141941924750796,0.000181931802803634,0.000906810846661575,0.000323826732685613,0.000387737612079974,0.000227484043699737,0.021076734984189,0.00554084908691437,0.00296864778734343,0.000628763546706451,6.17362419875092e-05,0.000336894411913929,0.00191726762965798,0,0,0.00159668918254148,0.000579971633434758
3.15354066654561,0.000149711688642025,0.0044841856798605,0.017332107978971,0.0313335214558481,0.161400256380779,1.05053024673148,4.06712585234625,0.0180268050339517,0.169769620431881,0.00276113410983696,0.0299146772133453,0.00320131352299443,0,0.00283111643135233,0.0034185473288333,0.00574786815251414,0.000390815598702481,0.000830528517294464,0.0602575354395199,0.0111536445680358,0.00322489006085087,0.0267595217927046,0.0497205557360677,0.00197238725029011,0.00209377049878992,0.00230370771218876,0.118604475480648,3.00690599335566,0.0558165142514165,0.000404925678254348,0.2143897949188,0.0137486037032915,0.17995151769119,0.00108298038304243,0.0565062069411673,0.0129656570385682,0.149565449649473,0.0313669470256802,0.128531056449166,0.0248868577023992,0.00501923099315129,0.00320365447223744,0.000561830816718527,0.00260307829428355,0.00143935381320482,0.00133813857597811,0,0,0.00228929988842252,0,0,5.50294755849723e-05,0,0.000314184045618498,0.00240777317245037,0.00080185185705574,0.00766517025731605,0.000477983686175149,0,0.000191163456050645,3.25228970369539e-05,0.00139889105703662,0,0.00174115900460811,5.3782244819672e-05,0,4.19585859167751e-05,0.000258673588220352,9.64257981541884e-05,0.000798485454605207,0.000569531278759117,0.00734104040738442,0.000122210398465284,0.000142588061719829,0.000325498047847751,0.00713242042368139,0.00195577504366049,0.000967104175077427,0,0,6.86341388839301e-05,0.000364864304939507,0.000509840714812724
0.000170420062259044,0.00400503706515163,0.000685545408742154,0,0.530662451652292,0.575198691170195,0.000530880765293669,0.0224644570140002,0.761095298649534,0.00409047009725743,0.000233499768945575,0.171906566684721,0.000262369687999463,0.00283111643135233,0,0.00196766643150482,0.000130119584094292,0,0,0.00358471816511264,0.000102835487035192,0.00733782160662366,0.000975881135327205,0.0118056680671427,0.00088095250644022,7.44929254683675e-05,0.000817888991979017,0.000416917086534647,0.00312954425736566,0.000186185649771183,0,0.0448180601763522,0,0.00543322585132921,0.042823379378701,0.0139497566233716,0.00274666350060489,0.0110364059865984,0.00594390645796809,8.9383514129088,0.0902439738116999,0.00054036294763761,0.00499273175880091,0.00180047507800056,0.0030592248123848,0.00471734965992475,0.00261917000426616,0,0,0,0,0.000272068206054556,0.000380721656213334,0,0,0.000649206493109414,0.000499122871995921,0.0036430372822393,0.000160219735320488,0,0.000804433543920712,0,0.000260926652583187,0.00225933031916572,0.0011014022129205,0,0,0,0.00029352983299924,0.000120594223034746,0.000821281353637102,0.00111763442957115,0.00145518072790163,0,0,0.000295850592443538,0.000565019687755533,0,6.71334586594755e-05,0,0,0,0.00130219975607327,0.00730899517794394
0.0161616537753891,0.0928919904021335,0.0321502592240955,0.000457539394146163,0.000738095427106414,0.000457029948753459,0.0121480549106723,0.00174512883668052,0.0484915363512259,0.000558280594024496,0.000521781187137054,0.000419045096599843,0.00516775552739756,0.0034185473288333,0.00196766643150482,0,0.014025846665231,0.000806473528715246,0.00404750091428487,0.000814750296669331,2.74418252116577,2.95704339749965,2.48445091843345,0.809706579905881,0.0218106549448979,0.00440495952127528,0.621551594607421,0.43397052429432,0.00850892067800596,0.0668552126359386,0.000419527324736761,0.000442691660837248,0.0153226842128172,0.0946233587235722,0.0184476777611313,0.587922291726916,0.437702420437771,0.287622168057012,0.275431852388944,0.0720915626351751,0.00496805248187927,0.000613610547564244,0.111973276173395,0.0693714510674181,0.0539239599037553,0.0537505713615413,0.0130722846219337,0.00165572707481256,0.000601768861520857,0.0127290676495401,0.0159369299548397,0.00727002868219338,0,0.000227256460011297,0.000218549096514868,0.00107197013236837,0.00121214271013021,0.0413811576310998,0.000143356285573038,0.000430276159601214,0.000122649166794053,0,0.00134070442825918,0,0.342628964742204,0.00555108510157454,0.000338516636903687,0.000871716985329047,0.000418901335337413,0.0193163630624857,0.246805839699533,0.0959012203406391,0.0353488700377539,0.00120347998568385,0.0015821425060372,0.0442561433371974,0.0156274950813545,0.00446347056793445,0.016814168218416,0,0,0.00124685890047507,0.00832289183663278,0.0110294083001873
0.0376098650264727,0.19212848587679,1.77398166146806,0.000102070615031979,0,0,0.0071159088406822,0.000592752380927403,0.0067035460289719,0.000371051989959955,0.0231836269749445,0,0.002447140326535,0.00574786815251414,0.000130119584094292,0.014025846665231,0,0.0145874484612163,3.04820431221026,0.000709141211830522,0.136974306688969,0.025609618108688,1.33167251588609,0.00570466478308042,0.0211614586737808,0.94787687047567,0.332168789778305,0.0184895608022846,0.0203982060975336,0.135507649473372,0.000680490946306312,0.000281049904042416,0.00459205699160533,1.09581643322946,0.00207176583976921,0.0825310423752674,0.489576594018369,0.228390852863672,0.110721957364461,0.00338300643052505,0.00101654118924878,0.000989055867589702,0.0235099091265231,0.0699276974309988,0.0306176235087458,0.017771596482688,0.000596078625706531,0,0.000261063433583807,0.000911438587741977,0.0635186121588285,0.0100129756081432,0,0,0,0.000102308790000966,0.000155480769819898,0.000678036773312842,8.69625116839932e-05,0.00132100279555364,0,0.00103310875803562,0.000208984191395594,0,0.00463826634516112,0.0333692591448148,0.00233204766158759,0.0238673636772762,0,0.00145941472497826,0.00580640010550844,0.0049858157316717,0.000938953152183012,0.0107344442225227,0.0255852310493646,0.034290799498059,0.000261024533547025,0,0.000458577835654517,0.000242204669182507,0,0.000332389504320667,0.0148207013520621,0.00135201103220905
0.000164246007842678,0.0197863561541635,0.000891545561593018,0,0,0.000113839749646564,0,0.000630310946362246,0.00289024621876829,4.76555866216026e-05,2.74598755977698,0.000147037070813025,0.0370386883736497,0.000390815598702481,0,0.000806473528715246,0.0145874484612163,0,3.36431237080993,0,0.000190763059862511,0.00553795085236466,0.00138246231556422,0.000987957362533034,0.44401695532018,1.42680028395821,0.0381876429074062,0.00020770207971639,0.00157726870432734,0.000271581372037396,0.0685741855526186,0.000464232196445933,0,0.0919341541947398,0.000256845043846696,0.0351207497581981,0.125342536163303,0.214326082778231,0.0794954147315279,0.000491982249210821,0.000623903616828736,0.0062677240374325,0.00215583937837484,0.0320955492770381,0.0146638163472611,0.005767149209763,0.000338237820339336,0,0.00262627898985357,0,0.00588038840095376,0.00012450288594778,0,0,0,0,0.000129274351683495,0,0,0.0136558263572791,0,0.00819363994344651,5.11318350325642e-05,0,0.000127136240265419,0.000659969067558032,0.0278318736270028,0.00440651530482471,0,0,0.000556456499738838,7.74384304192861e-05,9.93429356185155e-05,0.0396899248798056,0.0154326853235345,0.00712488671414388,0.000132597403442352,6.74249640462564e-05,0,0.00613032418878024,0,0,0.00314792666383583,4.8123833467224e-05
0.00534269749556029,0.187859715910688,0.111475735968444,0.00010976308567448,0,0.00011604771067515,0.00144105873592445,0.000778316372009673,0.00556964662015559,0.00016074620583987,1.32263575557089,0.000185512528472506,0.0157605483371894,0.000830528517294464,0,0.00404750091428487,3.04820431221026,3.36431237080993,0,0,0.00975513840077171,0.00886471274644552,0.0316975768099259,0.00296381870626363,0.246297212403117,1.38235870316961,0.234857010339535,0.00130538882173575,0.0058875867646968,0.0163528732487646,0.0180909705632517,0.000947778474216792,0.00108092956178153,0.796571462063686,0.00105444481990975,0.0660772180227668,0.262495610023821,0.383324214142864,0.10957293281879,0.00172073934517018,0,0.00406343890255544,0.0105818932052889,0.0746619467723926,0.0323618637029443,0.0140449442895744,0.000370505457434053,0,0.00135161718094109,0,0.0979834059186201,0.00110230151672711,0,0,0,0.000116658852463744,0,0.00026046736396311,0,0.00942287026540151,0,0.00542800900670134,0,0,0.000422962187971793,0.00828863315071136,0.0277576974851759,0.031306873299955,0,0.000196762140981097,0.000732466722407288,0.000704347258009622,0.000427614485009225,0.0911614042461807,0.0350599814104203,0.0318487108585369,0.000273747794290062,0,0.000140724720124049,0.00249992162925265,0,0,0.00980777068363981,0.00040601119034353
0.0187624939315683,0.00033245124293862,0.000430672556342219,14.9472390537872,0.00408938161294547,0.140695236969849,0.0813904348928926,0.114744597245884,0.338219567109261,3.73973066885405,0.000740849357182003,8.39239967056672,0.00113449340177012,0.0602575354395199,0.00358471816511264,0.000814750296669331,0.000709141211830522,0,0,0,0.000696966218008796,0.00112808376685117,0.00188991006292603,1.23725652290542,0.000813564959778815,0.000211164853585576,0.000777744165640643,0.575959316910333,0.045336354889989,0.0022985426413664,0.000177109903555884,0.00878056704725871,0.0118771579642748,0.102102203115625,0.000596869801360371,0.121632800444191,0.00417944209614033,0.098393808093417,0.0496260939415777,0.176422708615283,0.00889675520153017,0.00259238873541512,0.00825640387044857,0,0.00782328896897511,0.0067670918457419,0.00781539570701701,0,0,0.00384571600307178,0.000187988912486101,0,0.116807550758588,0,0.000565694948637922,0.00554317845795637,0.00167470138368503,0.118306918332,0.00190532172353975,5.93026615318456e-05,0.00679423517636674,0,0.0041368672263836,0,0.000376631526347055,0,0,0,0.00752421732702357,0.000249952187200684,0.000785735004739479,5.66222436802766e-05,0.0464424314600851,0,0,0.000146536448670778,0.0163663079204633,0.00374415881949909,0.000591157971278712,0,0,0,0.000992734591342015,0.000297175299197081
0.0351916464728538,0.00700461158489604,0.0855491826247558,0.000328106202760619,0.000396266841795353,0.000349604317486915,0.0281274565024241,0.00320804032625112,0.00729709692511806,0.000609438779115421,0.000172761981439451,0.000196124999171134,0.0020813339062788,0.0111536445680358,0.000102835487035192,2.74418252116577,0.136974306688969,0.000190763059862511,0.00975513840077171,0.000696966218008796,0,0.0740263051724081,4.66892884381539,0.219486179548129,0.00175663399403441,0.00807598947653279,0.0388888095409103,1.10282082618881,0.0620244564958958,2.76161405325198,0,0,0.021163215344696,0.714241285792424,0.0128373188646364,0.257180092226881,0.131290936967872,0.295746599823987,0.16274186548243,0.0321539337853375,0.00197588100869992,0.000446737198378198,0.0240420239259278,0.0107324548405742,0.00890559182035414,0.0062060632133622,0.00245034492605192,5.96935562522608e-05,0,0.00283402786797366,0.00181306949203208,0.00105474279947115,0,0.000304531770252775,0,4.2941205943765e-05,0.000267849533901179,0.00600341570179504,4.93176448129818e-05,0,4.80443425281947e-05,6.60933405973434e-05,0.000402672621897924,0.000117649371403829,0.0498999717460872,0.00120288717920221,0.000134989283115529,0.000474794826389753,0,0.00391368988884954,0.0195547315057818,0.0132132552534961,0.00665387192146348,0.000423440634645895,0.00100416950497721,0.00702947985875487,0.00618332462649353,0.00198288387531012,0.00360558771740066,0,0,0.000763171309126939,0.00157044559497518,0.00565569159327704
0.0114811132080884,1.95055480735999,0.0763228830881971,0.00145466154719211,0.00031128229491921,0.00088452030367893,0.00848376267014245,0.00181141359365146,2.12134144551923,0.00184830209992551,0.00453314326232406,0.00382914313672943,0.0183404088363722,0.00322489006085087,0.00733782160662366,2.95704339749965,0.025609618108688,0.00553795085236466,0.00886471274644552,0.00112808376685117,0.0740263051724081,0,0.323450592252925,1.33471726302845,0.254444795606655,0.0184702681086323,0.725493581767282,0.108739260077616,0.0102288405333789,0.0442473891304489,0.00870094768102983,0,0.0157174806841224,0.0660750563905754,0.0071400815846256,0.247199032842122,0.304309924010947,0.160678544754595,0.137027269564562,0.0767554243782417,0.00294654440741019,0.00415315433099027,0.0636915762849214,0.0576051506339375,0.0366959019839737,0.0417400445702404,0.00817462332265896,0.00171725046543211,0,0.0085876163219455,0.197579742771142,0.0227198947260693,0.000470241046585534,0,9.13692187758364e-05,0.00224234902119458,0.000870092776220861,0.0718577221702518,0,9.51575508069151e-05,0,0.000318142974755437,0.00106038835917867,0.000140431084394418,0.182233943387484,0.0117529058722037,0,0.003327041616949,0,0.0100797068307414,0.919311691389781,0.0582591280539937,0.0267780402927797,0.00353773026549744,0.00337505403536105,0.0598325051938799,0.0116237767899291,0.00435121448415387,0.00808309875067446,0,0,0.00200622816005382,0.0102023926007456,0.00485139972717371
0.0624182650847005,0.0179247321182102,2.77954066109906,0.000715318363179142,0.000207441031783266,0.000647604058975775,0.0964211460003476,0.0071691742072452,0.0127233118234544,0.00176551218376221,0.00139945090003533,0.000157992970594308,0.00411880176716762,0.0267595217927046,0.000975881135327205,2.48445091843345,1.33167251588609,0.00138246231556422,0.0316975768099259,0.00188991006292603,4.66892884381539,0.323450592252925,0,0.0605187489333527,0.00406769789568336,0.0863580677633059,0.913285678629734,0.480461281815475,0.0380432222372067,0.494395789719867,0.000146589572837329,0.000383280782033765,0.0122864728911768,0.696171756153938,0.0385102501796891,0.560523347418818,0.675752457790471,0.620709452100974,0.359527577896431,0.0722885775240592,0.00542331198803318,0.00285884507654645,0.0779102821309354,0.0696500820425692,0.0369226298592692,0.0336769038108081,0.00557582621041847,0.000814379303479319,7.45725873563252e-05,0.00311207408813689,0.0105735712442779,0.0206307991590873,7.88669356396065e-05,0,0.000252861075696019,0.000909081618640756,0.000215307722888915,0.00650617680730299,0.00014840962363543,0.000220970172185652,4.6859180447281e-05,0.000247019075683253,0.00066867585593935,0.000136696269076123,0.137461646823038,0.00835603311749571,0.000282507354476128,0.00227881784914502,0,0.0120913128981742,0.0838827361946186,0.0940089218521435,0.0116713092024506,0.000960479148172117,0.00518985792634106,0.0721784882316082,0.00714081901870962,0.00130635569099464,0.0058996959209084,0,0,0.000499704775999558,0.0098397392260628,0.0191055703046648
0.0511911854322057,0.0617617386906116,0.00938113265298768,1.83991178308691,0.00131792284679864,0.0349709481517998,0.313744679922274,0.0469928859271152,3.94775520905666,0.141755433644147,0.0010972514773387,1.30980311012707,0.00236512146962987,0.0497205557360677,0.0118056680671427,0.809706579905881,0.00570466478308042,0.000987957362533034,0.00296381870626363,1.23725652290542,0.219486179548129,1.33471726302845,0.0605187489333527,0,0.0174902907961689,0.00314143211556762,0.0741293208499275,4.95604476810674,0.0687735281514405,0.106222414747377,0.000450259505124931,0.00336938918459998,0.0563245603330199,0.124149961948533,0.00636710650365263,0.295561577075243,0.0421897873729928,0.128791863808759,0.0705993712299467,0.145456558011536,0.00371326548634885,0.00101777281262407,0.0626295104352056,0.0108443119334393,0.0358700798521143,0.0234246550146831,0.0236386698721108,0.00032348155600545,6.25483724894641e-05,0.0405948750138224,0.00258718892233678,0.00230653098527601,0.00657114369315984,7.51640136586874e-05,0.000861319378306115,0.0212339858506197,0.00806831646417702,0.220257652415473,0.00335540518423007,0.000176329622846385,0.00757921551919872,6.79889824382689e-05,0.0174638779097716,0.001463104152357,0.052383651864403,0.00112202255782848,0,0.000445465891688271,0.00581109061461213,0.00828016628743065,0.0438436783096099,0.0133060499703472,0.121664463450251,0.000459358919176352,0.000732181196620531,0.00607399820718078,0.0932096292565073,0.028057889127746,0.0202957486112323,0,7.16247296896717e-05,0.00532577632343179,0.00970028287162578,0.00401574085411803
0.000334363472270699,2.0049627470184,0.00771925416830193,0,0.000692940755130524,0.00115774961650629,0.000942342820558132,0.00082695141824342,0.04733914058738,0.000744798868502201,0.949512997725217,0.00176156913640753,3.01272844990865,0.00197238725029011,0.00088095250644022,0.0218106549448979,0.0211614586737808,0.44401695532018,0.246297212403117,0.000813564959778815,0.00175663399403441,0.254444795606655,0.00406769789568336,0.0174902907961689,0,0.618748702156683,0.566841515257963,0.00211884715053312,0.0089101464250979,0.00139233200819635,0.633555419064774,0.00953453108429376,0.000896018881194657,0.151951857878198,0.00126998662962168,0.132906584283789,1.12359412282906,0.619263668762898,0.229213727321741,0.0062331515412445,0.00234122733366823,0.978625704770003,0.147560611374871,0.514857889699041,0.217773744543357,0.0945229808652948,0.00170146017142028,0.0349330244853939,0.364818722781074,0,0.0685948683666965,0.000947049169586973,0,0.000441841236409102,0.00036828502506667,0.000126902572306966,0.000235371941186119,0.000970256314888569,0,0.216104614730025,0,0.32854795592881,0.00032962996679092,0,0.000499801442159168,0.00325396670306786,0.0715325990713358,0.0175250002989467,0,0.000685189839519883,0.0058783454353611,0.000778843374929583,0.00031275667298918,1.28264989986595,0.0937925481990534,0.0296052572648525,0.000340992439719143,0.00132625180757237,0.000193708728520227,0.101264566079938,0.000137589972655939,0,0.0330003765093487,0.000637303663377697
0.00304544785904334,0.171511928834496,1.7393723300718,6.69382402653938e-05,0.000138976452986418,0.000277186773076563,0.00181590591063293,0.000811896874880583,0.00708369913388206,0.000310632314145868,1.21873227005204,0.000489007618397352,0.789127789983568,0.00209377049878992,7.44929254683675e-05,0.00440495952127528,0.94787687047567,1.42680028395821,1.38235870316961,0.000211164853585576,0.00807598947653279,0.0184702681086323,0.0863580677633059,0.00314143211556762,0.618748702156683,0,2.2900927551111,0.00417886364758376,0.00453041691842994,0.0089611412860548,1.235270775338,0.000624886749058752,0.000271903846089841,0.168233285380029,0.00182689052492067,0.0746844777456625,0.323046434306456,0.302709623710074,0.0852533374260298,0.00149201696002753,0.000306365607643819,0.0106488975903127,0.0178562187611862,0.0953083822896752,0.0389545261275883,0.0154562542434648,0.000254936617998056,0.00016491708348533,0.00236620631769602,0,0.0598768957336051,0.00284041603954441,0,0,3.48036780032381e-05,6.77890934273218e-05,3.13772216475731e-05,0.000156762553986151,0,0.0184408758391648,4.12952587203154e-05,0.0110457015948266,0,0,0.0012810677387367,0.0164721107627731,0.0307170159633823,0.0307021021785587,0,0.000589236394603747,0.00205997296027458,0.0024171831930288,0.000142035882134382,0.0877359953036423,0.0684560666946223,0.0558525022922794,0.000131299380368023,0.000104249305449922,0.00042466025303658,0.00226615291081106,4.92485083147826e-05,0,0.0163770755196975,0.0011276116873142
0.00575369760451056,0.928875472963781,1.79358616970388,0.000164298858109473,6.27725085787217e-05,0.000321658417141963,0.00367023636526588,0.000980193920646185,0.0644242037273014,0.000245560269340507,0.0534360952959785,0.000332157755239263,0.885726489686613,0.00230370771218876,0.000817888991979017,0.621551594607421,0.332168789778305,0.0381876429074062,0.234857010339535,0.000777744165640643,0.0388888095409103,0.725493581767282,0.913285678629734,0.0741293208499275,0.566841515257963,2.2900927551111,0,0.0272227197470743,0.00587634364917712,0.0277672616524957,0.27270430046143,0.000372052411550987,0.00163214023611692,0.332438932401211,0.015947603081053,0.286215607855351,0.665309338184246,0.484883493834379,0.182935280520759,0.0156023066692033,0.00228102237439527,0.0033966116537856,0.0635280454996707,0.160688678180702,0.0674804891837824,0.0423471559669453,0.00369666123932332,0.000140295856728159,0.00099057979520265,0.000737826332262621,0.13303843946794,0.0406418015184261,0,3.55994009711216e-05,0.000159164092189782,0.00121989758618982,0.000458636925683457,0.00272657269624633,0.000132256557403702,0.00764618689771595,0,0.00387229521803124,0.000347223732263874,0.000122511361167124,0.0290029441674185,0.0501814032144241,0.0160686526057923,0.0372602946344393,6.27311758759326e-05,0.010268785828048,0.0585099008489909,0.0609163053838324,0.00404602434180245,0.0636552638456981,0.0802283391198639,0.186377100267535,0.00274383354139638,0.00059598563956245,0.00318195966239415,0.00129232779100246,0,0,0.0349962807401384,0.00979164601724382
0.109373949299369,0.0068201299330735,0.02845229691247,2.5293848638073,0.000418296601610437,0.035081569779935,2.64876978794183,0.0731705418179496,0.329082551375324,1.34527503324606,0.000456658982309541,0.0375084827438239,0.00205870078249794,0.118604475480648,0.000416917086534647,0.43397052429432,0.0184895608022846,0.00020770207971639,0.00130538882173575,0.575959316910333,1.10282082618881,0.108739260077616,0.480461281815475,4.95604476810674,0.00211884715053312,0.00417886364758376,0.0272227197470743,0,0.110202872216764,1.7223232792103,0.000158147366448435,0.00191508160998441,0.0598413973206247,0.22166614340516,0.0133343726964417,0.300812049990406,0.0614279790369446,0.213944556949595,0.106048573653562,0.0532245955278156,0.00268749301509473,0.000587664522456639,0.0584114995182051,0.00898373844912409,0.0329449384185895,0.0178690660767079,0.0098382852417615,0.000324836127747741,6.13655808397694e-05,0.0301068501060231,0.000526447699405424,0.00144033621079038,0.00154045948452689,0,0.00109021922972644,0.011475632988014,0.00578394972043512,0.0888087061904368,0.0012437397614885,0.000168235241115932,0.00147284528833878,3.68315021138585e-05,0.0134272005182285,0.000189799608928964,0.0491313548943425,0.00126516632999448,7.31217584447053e-05,0.000578701222397245,0.00200142495316867,0.00955124642144395,0.0257295439101265,0.0128671024675178,0.0644115178632829,0.00035291697983896,0.000482319427677534,0.00559457540386954,0.0722327600584405,0.0219016444026569,0.0203439196147941,0,0,0.00359637974832694,0.00631165911581282,0.00642518127677369
