0,0,0.268767882877193,0.057151460914675,0,0.0217173538364946,2.53224153363062,0.623378095440172,0.0324810873807679,0.0582895620430378,0.00855074285252809,0.00424692341089088,0.000314664517290328,2.96534422802196,0,0.00187061887556965,0.165174237765595,0.00408130461888534,0.0302814957754204,0.0754641481391337,0.0340223868274878,0.0050223457932124,0.234437704067735,0.0719156667967777,0.000986278862804332,0.0140026628912342,0.0457878567348795,0.137035838444061,0.33219999534914,0.898320830242997,0.00331203129853596,0.0017145495292051,0.0086955416570841,0.0979490864294391,0.000417698437595534,0.0282033178360111,0.0185421394615678,0.0971601997321071,0.0577138591382972,0.00374800092130782,0.00164026561018443,0.00143271274317097,0.00840507512859252,0.000121146862866571,0.014979860979774,0.0100399234977433,0.000906033735402888,0,0,0.0067672137943535,0.000240166838458539,0.000635353351414018,0,0,0.000382634151763546,0.000477056238976752,0.000294125541536183,0.0126933970915335,0,0,0.000505599890530912,0,0.00261606616646752,0.000579096279069557,0.00366061464804933,0.000154042051014464,0.000465130938651245,0.000260234341219022,0,0.000739148314212314,0.00192911329953863,0.000553120735360939,0.040904140631526,0.0010998640097263,0.000523127876474963,0.00621903749474343,0.0105075499530072,0.0144609088700365,0.00627369219846607,0,0,0.00997514931424856,0.00169138439686803,0.000629240768437713
0,0,0.00962006061176446,0,0,0,6.13249991279182e-05,0,0.0707641424735431,0,0.000600961002141419,0,0.0326971084923547,0.000535649618622601,0,0.0537213992012016,0.00641854779889966,0.00163637495541103,0.00330777892206592,0.000610849929913893,0.00107927318318158,1.75822287802887,0.00212699901330953,0.0595184417203947,2.53554525633647,0.0129323408687086,0.42932907559315,0.0028180941646058,0.000559423106378275,0.000263582704144559,0.00645020321969583,0,0.00118784811236396,0.00642626599066746,0.000329079528123314,0.0117909902196295,0.0176926844524294,0.0306028890549102,0.0081225456682742,0.000690579810281269,0,0.000981212576713257,0.0348899444452429,0.026184234031907,0.0289737088844051,0.0459363017503962,0.000810841480209899,0.000333461726541509,0,0,0.96281893429813,0.123317432022679,0.00033922194898485,0,0,0.000399988889307336,0,0.00434465618947874,0,0.0009705310428227,0,0.00273665324579941,0.000980575372816512,0,0.0165001476302024,0.0503003757978029,0.000373257660601319,0.00499486076618013,0,0.00163033275502527,0.00705140702813454,0.00453219384708102,0.00648959726273225,0.0251091102474999,0.0616113044958056,0.144083238922765,0.00241605041773797,0.00037085154374982,0.00263173520445379,0.00450918010586394,0,0.000357517916484106,0.00208320412035472,0.00101974714959492
0.268767882877193,0.00962006061176446,0,0.00204667215216989,0.000178022401505452,0.00534245785818852,0.672957903542896,0.0519247604169768,0.000898685418400106,0.0376696573322281,0.00241453169169686,0.000178505357169928,0.00156329057758511,0.0452402247656113,0.000480759694002693,0.0114150141620779,3.44707204951578,0.00168123393590864,0.124474707426158,0.00275142387726248,0.160928618568413,0.0176433544963703,2.53814365180834,0.0223797226577161,0.00173296508751406,1.4126958998355,2.35332030538062,0.251600232249598,0.024605677080606,0.137990690483333,0.00149996243939858,0.000740384784222434,0.00280622606642456,0.189966456063448,0.00830841404127621,0.398654827187737,0.98228526628144,0.839732719769587,0.565922331797767,0.00905486434778736,0.00689984256241302,0.000901993370203162,0.0309745303493019,0.00974284345108783,0.0237800300061047,0.0272966115842094,0.000297192465830796,0,0,9.91929421067482e-05,0.00455442906358705,0.0953434758362055,0,0,0,0.000430731504839093,0.000249804786283531,0.00100507473169931,0,0.000657937599028293,0,0.000565513080230188,0.000581601572148425,0.000137508028891807,0.00704987634707803,0.0272360460810074,0.000863025014874346,0.000785742841862751,0,0.00138559693913826,0.00328161979978732,0.00801496173987975,0.00391724637614648,0.000985034925451221,0.0138614357227825,0.18358535189255,0.00170643644484272,0.000786339534036666,0.000582365794356929,0.000675509434160893,0,0,0.00124409182388841,0.0064142355591362
0.057151460914675,0,0.00204667215216989,0,0.000174059068005237,0.00483025859684814,0.126870815868891,0.0359803159818276,0.400356513822565,1.18635653497617,0.00137047581189087,0.0123780899369963,0,0.036086686826479,0,0.000257680993773383,0.000656473874094432,0.000916511901117135,0.00412188247106518,3.42138076032228,0.000102079441867015,0.000496272583248487,0.000707322383092311,1.93612166291496,0.0002068156539793,0.00114276208497355,0.00159146615931407,3.00917689775731,0.0667499600034599,0.0032951218015558,0.000290703998335854,0.00210605832267496,0.0220848870996805,0.0311002160100478,0.000592330798023999,0.088474246626234,0.00254711559360831,0.061235321321964,0.0752818120943336,0.0132030793713644,0.000748831812526371,0.000161874226963957,0.000429164564957668,0.000836083299699607,0.000591909700544369,0.00234198316204239,0.000231490466150648,0,0,0,0,0,0,0,0.000368091337663901,0,0,0.0035177288322148,0.000474582450115748,0,0.000380654805036424,0,0.000165486128484273,0,0,0,0,0,0,5.681132208231e-05,0,0.000196745523874403,0.00249308030579933,0,6.27120298382633e-05,0.000222199575149564,0.0012049816094572,0.00092895450949629,0.000106045725258526,0,0,0.000803884878458547,5.36949200825262e-05,0.000243175240089187
0,0,0.000178022401505452,0.000174059068005237,0,0.646439522263246,0,0.000540527023342618,0,0,0,0.000949649024868333,0,0,0.000258246106793619,0,0,0,0,0.000401640608886394,0,0,0,0,0,0,0,8.57913798903362e-05,0,0,0,1.18381596114217,0,0.00924034495245799,0,0,0,0.00305294436395623,0.00161873522958988,0.408959689380455,1.96667947141873,0,0,0,0,0,0,0,0,0,0,0,0,0,0,0,0,0,0,0,0,0,0,0,0,0,0,0,0,0,0,0,0,0,0.000164253918801371,0,0,0,0,0,0,0,0,0.000311008486202826
0.0217173538364946,0,0.00534245785818852,0.00483025859684814,0.646439522263246,0,0.167688494083452,1.95112103171966,0.00654015887856563,0.642748518017815,0.0122444862763633,1.83376266172332,0.00177777819934917,0.188233755104413,0.383499991009308,0,0.000501471555163911,0.00563020810435026,0.00541787372676465,0.328219780426336,0.000268090823495116,5.11215595430971e-05,0.00222290822084544,0.0203426909151214,0.00110701623995967,0.00339135201405913,0.00244533113397714,0.0562608804700734,0.66937559957466,0.00192179141516191,0.001777511213429,0.398996661817934,0.000429635264268936,0.11198982863052,0.304029215406392,0.00964130636854396,0.00282267334791718,0.236590315127134,0.0249575551695922,1.77342643745412,0.138675097296776,0.00118708709513793,0,0,0.000721232311031576,0.000216715583224079,0,0,0,0.000286352481218482,0.000261205481298498,0,0,0,0,4.43174849206192e-05,0,0.000844560441495927,0,0,0.000130961266321322,0,0.000120544837743102,0,0.000188144127494268,0.000104759218028381,0,0,0,0,0,0,0.00388453936600922,6.24197229542388e-05,0.000215622407439524,0.000514452716547951,0.000394425939708398,0.000471387886841333,0.00021592680785017,0,0,0,0.000201634018707944,0.00242690097099828
2.53224153363062,6.13249991279182e-05,0.672957903542896,0.126870815868891,0,0.167688494083452,0,0.165056552178098,0.108774595247261,2.11831781045529,0.00259837774118957,0.00372036513051081,3.30675488471504e-05,0.442368886268658,0.000372699834780341,0.00227932723300987,0.0468055731562144,0.00205568652964564,0.00859487946284145,0.0819178497634341,0.106802461323981,0.00237594082768543,0.371328975261541,0.404226248059897,0.000284404979853758,0.0126741165405625,0.0762918977393611,3.15714662068548,0.116842243067997,1.0881800526611,0.000169791669826555,0.0025049745325828,0.0186628662787728,0.0609456157420578,0.0022703800770201,0.103735957449369,0.024685718743554,0.140292727720792,0.0947377726732994,0.0129878624697524,0.00085818621173074,0.000969937525482716,0.0129869720321649,0.000125577103915228,0.019860192090843,0.0130635560408719,0.00159928518335086,5.34554416675714e-05,0,0.00887917904494052,4.37624774941451e-05,0.000996777474495727,0.000329622094516101,0,0.000715370207342819,0.00102838619929581,0.00113056146496172,0.0104215496876824,0.000236680502761446,0.000282657151120427,0.00150068430304785,8.12289917925622e-05,0.00786944368192844,0.00100660854203559,0.00490859320813877,0.000528061222731331,0.0004428489617008,0.000532583361723305,0.000266836842796603,0.000579454000282621,0.00185178184355878,0.00124980241315691,0.0571679805428317,0.000118330789889994,0.000465419775854438,0.00566230722728253,0.0119539711250542,0.0247354540569434,0.00821660693364964,0,0,0.0116851899770196,0.0022499220750894,0.00274296070110281
0.623378095440172,0,0.0519247604169768,0.0359803159818276,0.000540527023342618,1.95112103171966,0.165056552178098,0,0.0315717359830867,0.388059565582452,0.0146455127572382,0.00683504465853239,0.000551581927315529,2.80054147145991,0,0.000460871236494379,0.0173757830419518,0.00491231304837933,0.0106804671634833,0.065213127560269,0.00241811525172413,0.00108453463078437,0.0284253618659567,0.0488324960172719,0.00123496742186582,0.00557352850923909,0.0109121652046153,0.0933279395774889,0.524851558762418,0.064866178581769,0.00170002598355978,0.0138345348957379,0.00303349640194915,0.092643941297771,0.000392493795348113,0.00951875187811958,0.00358420052730569,0.110245702321433,0.0154485998321456,0.0845926465296955,0.0626809705186791,0.000685313169997549,0.00284853966833093,0.000172718633875879,0.00495616711330972,0.00284816484191451,0.000611346236851482,0,0,0.00108630743197026,0.00017358319232697,0.000162272466012156,0.000288566199321486,0,8.54204583730102e-05,0.000650893144057101,0.000553428620570937,0.00944208101598318,0.000304492881509134,6.48131709327661e-05,0.000595301268229582,0.000219627546460167,0.00212240163471706,0,0.000727485801298143,0.000443431671213756,0,0,0.00050345924073842,0.000128364354062397,0.000431391357160716,0.000188551859624088,0.0327426347595047,0.000592829183690566,0.000448379214767023,0.00123697198115125,0.00695467661176146,0.00491381739749847,0.00208314042319836,0,0,0.0034293710723637,0.000527604792491129,0.000122245259997
0.0324810873807679,0.0707641424735431,0.000898685418400106,0.400356513822565,0,0.00654015887856563,0.108774595247261,0.0315717359830867,0,0.0585507508144843,0.00153682981398299,2.11871037120313,0.0232798948975767,0.0250336593987034,0.107837135882906,0.0119156718711892,0.0089343867999764,0.00221124147955727,0.00388277678690871,0.131244946150797,0.00421740903476459,2.21558639043883,0.00114670741512673,4.03916269994303,0.484176034104321,0.00387396733808026,0.256572066429961,0.195230749733748,0.0624672246851374,0.0572185626858211,0.00352142173285007,0.00230711449071937,0.0515531225243569,0.0327739375242837,0.00156606960646531,0.107702422939017,0.0319017271721251,0.0737466794976761,0.0950110323682867,3.00338868329301,0.000448718460719984,0.00174233445479355,0.0259068475563391,0.00314949947578985,0.04169496154721,0.0366897557312631,0.00497075021886567,0,0,0.0125299778701381,0.00378192011900721,0.00736069470224408,0.0047442279329621,0,0.000406689440539671,0.00389783704892802,0.00195150196568512,1.13306707912956,0.00148895106888718,0.000963536285923427,0.00307362501716704,7.25496786502106e-05,0.00617092693726061,0.00381251663196677,0.0953648554803921,0.00271427281936108,0,0.000973781038902947,0.00141631081614415,0.0166028850049692,0.0703890708809348,0.00963051931446187,0.221086554673821,0.00509209986379242,0.00323126396941394,0.0115450070782035,0.0457029872128639,0.0214699298330203,0.0258812541107233,0.000320597457010736,0.000465656539108628,0.0316108099027598,0.00520059075158623,0.00130910298968189
0.0582895620430378,0,0.0376696573322281,1.18635653497617,0,0.642748518017815,2.11831781045529,0.388059565582452,0.0585507508144843,0,0.00384389895785632,1.16040371676247,0.000128386138321775,0.316494501138724,0.000184556581503639,0.000114544885087699,0.00372295124219612,0.0027132391138497,0.00614076742369931,4.71097972808786,0.0029818390199245,0.000454199423509533,0.0165722600846867,0.203087815555618,0.00021085469276726,0.00363171302370387,0.00716604720597213,1.25006204857159,0.119340717205702,0.00536533340942627,0.00110251875212203,0.00282139539675894,0.00408626919309781,0.0565223306191148,0.0249107466341871,0.0877077581802069,0.00461356840793111,0.0776360876013493,0.0610059685479653,0.0076521505059437,0.00115914231519145,0.000803249228316114,0.000915014474967987,0.000108313150571287,0.000382285552424325,0.00066361220387906,0.000223801869914143,0,0,0.000643321751654657,0.000189686173848493,0.000134570913820051,0.000183422533368261,0,0.000122650046418656,3.79537980079152e-05,0.000102972210163836,0.00275022176498666,0.000257198617721784,0,0.000518895983714248,0,0.000428078943322255,0,0.000367053425078141,0,0,0,0,2.56660328375809e-05,0.000382017922263932,0.00014046212090244,0.0129928196468348,0.000391235534357058,0.000431916610489239,0.00074172402635272,0.00172099003530949,0.00163784041856529,0.000936992698697384,0,0,0.00014688476502267,0.000101783278480408,0.000257081811295305
0.00855074285252809,0.000600961002141419,0.00241453169169686,0.00137047581189087,0,0.0122444862763633,0.00259837774118957,0.0146455127572382,0.00153682981398299,0.00384389895785632,0,0.00162927121154056,0.999593639439672,0.0199941113951257,0,0.000835893599595946,0.0426675005722106,4.03170823942493,1.35335007274043,0.0131806549395053,0.000823087108645057,0.000553533860181228,0.00183868793025958,0.00403678911351252,1.18297977150642,1.76341678764885,0.0672860441203816,0.00686840294490576,0.0730872943582964,0.00145698953514575,1.09193851137434,0.0228204872050473,0.00131385483087668,1.08809732260609,0.000242984574509857,0.037053252182396,0.376821176249848,0.957424196951123,0.0279755740662041,0.00201167797394893,0,0.316932386447221,0.00150034592013339,0.00628758834997924,0.00627910524366292,0.0014071505568024,0,0,0.00421794175480835,0,0.00093422271901756,0.000154256990746761,0,0,0,0,0,5.8829946876495e-05,0,0.0228494391501125,0,0.0527950685602459,0.000321714647984503,0,5.9572303475636e-05,6.94100279686749e-05,0.00278952891096163,0.000236681174107129,0,9.77821911141517e-05,6.25755833566239e-05,5.23582485897442e-05,0.000472531964674991,0.39061602307982,0.120199203745318,0.0209880228392001,0.000871779462064751,0.00077807605697236,0.000255835573186386,0.10467027573479,0,0,0.00133596493071352,0.000444571878647224
0.00424692341089088,0,0.000178505357169928,0.0123780899369963,0.000949649024868333,1.83376266172332,0.00372036513051081,0.00683504465853239,2.11871037120313,1.16040371676247,0.00162927121154056,0,0,0.0121975089439712,0.14959686975497,0,0,0.000664016395014575,0.00155522809565504,7.59379525458897,0,0,0,0.0826844219709314,0.000406489138951393,0.000546600163367504,0.000955934949317833,0.00222722526597525,0.0221029131817056,0.00023363774857943,0.000142944062922216,0.00176488896226942,0,0.0195125326401241,0.25547131700461,0.0727225949840766,0.000180398897033302,0.0177309302670634,0.00843513583289017,0.704424277175275,0.00102452337719693,0,0.000409553479163053,0,0.000198474217839027,0.000101421959208016,0.00425837662654451,0,0,0.000176024699607004,0,0,0.000432169563210454,0,0,0,0,8.33563175259848e-05,0,0,0.00697946149039059,0,0.000329279764000024,0,0,0,0,0,0.000197971305174001,0,0,0,0.00392651693879244,0.000184760374808571,7.71889318822985e-05,2.54342402873275e-05,4.35652110802789e-05,0.000324756201267757,0,0,0,0,0,0.00317189195039399
0.000314664517290328,0.0326971084923547,0.00156329057758511,0,0,0.00177777819934917,3.30675488471504e-05,0.000551581927315529,0.0232798948975767,0.000128386138321775,0.999593639439672,0,0,0.000603997091056735,0,0.00116377262458137,0.000381226064218528,0.00336536726279817,0.00263572625425293,0.00032124287020667,0.00130552079805143,0.0437548037161661,0.00314351812754987,0.00360744125346795,3.45832999747208,0.0242325320836033,0.218871235578738,0.00205277805496373,0.00298885546562334,0.000266598343573139,1.9578129391096,0.0036236733232213,8.99714158129087e-05,0.0144604799988599,0.000727793185240847,0.541477124969077,0.319304606086869,0.132688235025673,0.32155963432094,0.0020599054815883,0.00263215943188155,0.644209697572241,0.01394758650839,0.00363143295103713,0.00108733567419609,0.000294557798308955,0,0,9.49852964804323e-05,0,0.00194054558217646,0.000749291555677146,0,0,0,0,0,0.000338823452209466,4.21032979188349e-05,0.0043168142187198,0,0.0188939598045367,0,0,0,0.00011508637485716,0.00101939388117159,0.000115360664963336,0,0,7.1310915036424e-05,0,0.000283347567844824,0.248752858060171,0.0406363721180522,0.0088837259873507,9.60307232658738e-05,0.000117974500111535,0.000128291900738205,0.0438014652705481,0.000109924316584473,0.00192315533412195,0.000149455886002292,0.000161913987822779
2.96534422802196,0.000535649618622601,0.0452402247656113,0.036086686826479,0,0.188233755104413,0.442368886268658,2.80054147145991,0.0250336593987034,0.316494501138724,0.0199941113951257,0.0121975089439712,0.000603997091056735,0,0,0.000511464613891599,0.0315254651987359,0.00983586823912808,0.021672536377564,0.137479229446677,0.00441150429862018,0.00389030265644547,0.0337469206816017,0.0636150143759026,0.000790610365438236,0.0116106573725434,0.0176047420995668,0.125226101428756,1.59655287421218,0.305408569177353,0.00217898229038892,0.00685484674502087,0.00625667628747898,0.185823411885902,0.000349344948424953,0.017249753849809,0.00769546513960876,0.14340442370655,0.0285153672641732,0.00938614658938448,0.00694019709409708,0.00114699445053446,0.00306779851999541,0.000152868539249009,0.00689243723152748,0.00512753552444817,0.000278540357352877,0,0,0.00258303853544885,0,0.000429904314193492,0.000420603627298831,0,0,0.000601640490462483,0.00123698843123991,0.0107575905670952,0.000154142584893347,0.000100600143165846,0.000377239789174292,0.000146040253912193,0.00224835396348048,0,0.0027167342557213,9.83099272532182e-05,0,0,0,0.000579556135179052,0.000966455704069261,0.000337744662937811,0.0393483188629702,0.000471403074886748,0.000888261989376506,0.0024748901918343,0.00852144873405831,0.0121841646319735,0.00552536222634039,0,0,0.00389221601000915,0.00136191054261961,0.000620494246329803
0,0,0.000480759694002693,0,0.000258246106793619,0.383499991009308,0.000372699834780341,0,0.107837135882906,0.000184556581503639,0,0.14959686975497,0,0,0,0.0022748126099722,0,9.98657347634768e-05,0.000398739239741125,0.000806959437679333,0.00324360833918679,0.00128081380037434,0.00220030805302181,0.00216842689221894,0,0.000474475361649817,0.00105957957758666,0.0047258331697544,0.000161044385139843,0.00177279735439817,0,0.000162852579152408,0,0.0021962747432563,0.199463994241114,0.0826056509754464,0.00317987264971323,0.00241556627766227,0.00888716728217944,0.573563747104269,0.00560440142456498,0,0.00912615532208434,0.0129917106009293,0.00892242771521006,0.0184411465468361,0.0171347732786015,0.00187722508418336,0,0,0.00113395040216413,0.00112031930860024,0,0,0.00213188600102489,0.000188956158102108,0,0.000525687583586947,0,0.000387364766000412,0.00078353484025297,0,0,0.0613955837089512,0.000825816436814355,0.00206059845002748,0,0.000356771443833677,0,6.59458697096311e-05,0.000200483527306977,0.00343881111954087,0.00158467131366844,0,0.000307245750298052,0.00563550190342533,0.00134551161897539,0,0.000893337408979433,0,0,0,0,0.0886836490007855
0.00187061887556965,0.0537213992012016,0.0114150141620779,0.000257680993773383,0,0,0.00227932723300987,0.000460871236494379,0.0119156718711892,0.000114544885087699,0.000835893599595946,0,0.00116377262458137,0.000511464613891599,0.0022748126099722,0,0.0305568121142639,0.000706615251343442,0.00450216511921304,0,0.414394048704099,3.09812229758674,1.695114421424,1.68701096885621,0.0715530059558172,0.00725301714611934,1.06650831263618,0.382470532921505,0.000893456995789049,0.0152478776132175,0.000111159049203259,0,0.000171247131574195,0.0508997830693967,0.0140135131041328,0.32379675153082,0.244211483057606,0.257660193857945,0.287351786146653,0.043636669913562,0.00124600870269039,0.00647022199265768,0.04625171477259,0.0424596303716751,0.0279974346714943,0.052956854401174,0.00718182821369945,0.00417023850867859,0,0.000943349400774569,0.00418875237117782,0.0248754506299702,0,0,0,0.00273941210171739,0.000180586338336553,0.0194357025889371,9.66506400640237e-05,0.000246014825066577,6.73625526571601e-05,0,0.000429372815404077,0.000659005006152378,1.3534537731154,0.0107728019433511,0.000165543767930726,0.000401485217571957,0,0.0533948471720595,0.218921373808793,0.285018749891757,0.0569017347995826,0.00108089743562645,0.00305126804080105,0.0862111862937581,0.0225771209953294,0.00287910563662163,0.0173585229716122,0.000253569069602312,0,0.000782201604393337,0.00219164455299429,0.00903958161576261
0.165174237765595,0.00641854779889966,3.44707204951578,0.000656473874094432,0,0.000501471555163911,0.0468055731562144,0.0173757830419518,0.0089343867999764,0.00372295124219612,0.0426675005722106,0,0.000381226064218528,0.0315254651987359,0,0.0305568121142639,0,0.036601383562034,2.52286911932114,0.00306644429143946,0.0443483549405135,0.0153610973960914,1.70936685230507,0.023990705126905,0.00157190974786421,0.602635104578742,0.849859457434207,0.0278237692404517,0.0735431334406111,0.110508201571436,0.000300315716538372,0.00115733642550337,0.00905411093602773,0.823706648562374,0.00149718317903823,0.0871074293170489,0.12772991175451,0.396143466935046,0.105787552578708,0.00349317154123038,0.000281697607526086,0,0.0127437493504995,0.00483903874611137,0.0118377270813248,0.0103104667033346,0.000123251337841863,0,0,0,0.00377017027410014,0.0361437400609422,0,0,0,0.000184760731139454,0,0.00073803299155923,0,0.000370704318858185,0,8.27467420956283e-05,0.000435182097456492,0,0.00344515261202365,0.010757344719639,0,0.000678367055956188,0,0,0.00231289966083774,0.00232939925077147,0.00109851038971589,0.00170540733114141,0.00778469193893525,0.0635953345000493,0.000881703144653912,0,0.000349637748700533,0,0,0,0.00078362623061135,0.00106561620713471
0.00408130461888534,0.00163637495541103,0.00168123393590864,0.000916511901117135,0,0.00563020810435026,0.00205568652964564,0.00491231304837933,0.00221124147955727,0.0027132391138497,4.03170823942493,0.000664016395014575,0.00336536726279817,0.00983586823912808,9.98657347634768e-05,0.000706615251343442,0.036601383562034,0,1.42336793772643,0.0109889419235056,0.000470582021596509,0.0010988881047562,0.00319345667002246,0.00238035257952216,0.0305579533655235,0.40220734488612,0.0315037281622901,0.00406920417459903,0.0245051092880591,0.00130057283020954,0.0296097825151175,0.00832947019228925,0.000661977426969693,0.3873234952777,0.00211869088027744,0.193524227322915,0.56321723769155,0.469882631733841,0.181385146459943,0.00138198070843317,0,0.0420879587917619,0.00196815550645697,0.00251203012731552,0.00129421390610909,0.00203963853897992,0,0,0,0,0.000226416478687458,0.000138214710925655,0,0,0,0,0.000110923690264668,0.000125690495983655,0,0,0,0.00265966334705494,0,0,7.23418513217128e-05,0,0.00010098510057475,0.000119696499196673,0,0.000270171393044822,0,5.22643534510729e-05,0.000882866487188042,0.0415803155981211,0.0152961224019465,0.00876976930509191,6.43171720415771e-05,0.00022447309285348,0.000175469659615299,0.00767728241357102,0,0.000825186715028215,0.000327317078301728,0.00141865811055367
0.0302814957754204,0.00330777892206592,0.124474707426158,0.00412188247106518,0,0.00541787372676465,0.00859487946284145,0.0106804671634833,0.00388277678690871,0.00614076742369931,1.35335007274043,0.00155522809565504,0.00263572625425293,0.021672536377564,0.000398739239741125,0.00450216511921304,2.52286911932114,1.42336793772643,0,0.0174609510968932,0.00651654831419669,0.00198042003822609,0.0746642363071763,0.00543447336361765,0.0215374244944986,1.62834215424824,0.201398187653433,0.0101191786970088,0.0386218964918985,0.0167346515586189,0.00932072596046639,0.00635806106109319,0.00428039751971541,1.53197633857537,0.0038559071494209,0.327130008568711,0.339529414079609,1.19686985307928,0.285004477542162,0.00651533771166684,0.000380973642085346,0.0063466156805425,0.00460312022210641,0.00895548600753303,0.00337120875621018,0.00483250699381877,0,0,0,0,0.0078912521957325,0.00256103206367212,0,0,0,0.000256641080720136,0,0.00111932901381314,7.04905175699291e-05,0.000162047059131795,0,0.00275042102052998,0.000218653578239532,0,0.00137786765419082,0.00054357533425485,0.000654786029076685,0.000504837050163147,0,0.000135218627105305,7.45089310555044e-05,0.00111291686727138,0.00228475500414499,0.0201646987648168,0.0294111206415157,0.0331211692996721,0.00105993630505612,0.000778326204505722,0.000519990336488215,0.00453595051039992,0,0.000768192010723504,0.000644751240539807,0.00338494496633245
0.0754641481391337,0.000610849929913893,0.00275142387726248,3.42138076032228,0.000401640608886394,0.328219780426336,0.0819178497634341,0.065213127560269,0.131244946150797,4.71097972808786,0.0131806549395053,7.59379525458897,0.00032124287020667,0.137479229446677,0.000806959437679333,0,0.00306644429143946,0.0109889419235056,0.0174609510968932,0,0.000269756848677262,0,0.000728500004100773,1.69718501620543,0.00189212163945619,0.00521209105164927,0.00445415333277454,0.801642342566319,0.213208987348364,0.000707100218520426,0.00297595112210917,0.0107073361743698,0.00413941434385597,0.160402024604368,0.000331574313345076,0.113157057779972,0.0093209432023478,0.205781822467576,0.178370029862917,0.0327376215270954,0.00294806076818598,0.00535706874657303,0.000699714414357767,0.00087061108756234,0,0,0,0,0,0,0.00136797028961923,0.000560400805960065,0.00136583964705867,0,0,0,0,0.00186325787059841,0,0,0.00017728168048501,0,0,0,0,0,8.81830297598486e-05,0,0,0,0,0,0.00223129163596919,0.000450866167314871,0.000755111304363204,0.000558812923556589,0.000577982094484447,0,0,0,0,0.00154820533226876,0,0
0.0340223868274878,0.00107927318318158,0.160928618568413,0.000102079441867015,0,0.000268090823495116,0.106802461323981,0.00241811525172413,0.00421740903476459,0.0029818390199245,0.000823087108645057,0,0.00130552079805143,0.00441150429862018,0.00324360833918679,0.414394048704099,0.0443483549405135,0.000470582021596509,0.00651654831419669,0.000269756848677262,0,0.0419147457156674,5.14939521121629,0.0396028844703093,0.00139209787052043,0.00730906810826587,0.154650761575481,1.0858585919771,0.0901796789351861,1.83068318694609,0,0.000153280774459459,0.0151405728726141,0.422259558368804,0.0476066276098093,0.799369557862547,0.234065303330339,0.724750009437767,0.567889001862318,0.201188397301921,0.000271176379063506,0.00396689097346863,0.0203138347378456,0.00533415959319532,0.00523326968107366,0.0106195944501707,0.000774300095808509,4.07340510737175e-05,0,0.000271594627438362,0.000207477881907693,0.00131207664107247,0,0,0,0.000400713469919621,2.65676261691663e-05,0.00440113950369638,0,0,0,0,0.000518592502503617,0,0.0534870272455394,0.000222314862397075,0,0.000209849612846175,0,0.00919254588635061,0.00947346888585354,0.0126980324327168,0.0203100203875073,6.49854693993207e-05,0.00152063361239585,0.00808347736460196,0.00995789873273355,0.00191696406372644,0.00823817186353026,5.60138311596833e-05,0,0.000853564903004785,0.0012911635244672,0.0192172657937481
0.0050223457932124,1.75822287802887,0.0176433544963703,0.000496272583248487,0,5.11215595430971e-05,0.00237594082768543,0.00108453463078437,2.21558639043883,0.000454199423509533,0.000553533860181228,0,0.0437548037161661,0.00389030265644547,0.00128081380037434,3.09812229758674,0.0153610973960914,0.0010988881047562,0.00198042003822609,0,0.0419147457156674,0,0.152704464606683,2.15180363544381,1.46590664962952,0.00541987580858862,0.884470712550747,0.156346291451379,0.0156439386150638,0.0291582661788586,0.00434565772090847,0.000321647016294376,0.017641503612097,0.0220264246922491,0.00295563266106714,0.0724037312930112,0.0631962055729448,0.0554091605984641,0.0591274307733682,0.00468979895579795,0.000513843002848793,0.000960846371219532,0.0462042669912702,0.0494203008013876,0.0320878929685023,0.0633664472685917,0.00642929521142144,0.00319809784389704,0,0.000878718860747842,0.0701893656575011,0.0808512619958241,0,0,0,0.0021136018998672,0.00034093296011329,0.0398233793231228,8.21103112987488e-05,0,0,0.000844125423087899,0.00109173829156392,0.00180969816580377,0.451546224356439,0.019291923994005,0.000188415922248787,0.000503424688175585,0.000260225698579281,0.022941139484928,0.127761765699791,0.186857087614356,0.0395625806946434,0.00144648643522153,0.00682225577098686,0.238035102736363,0.0132911265536389,0.00562161001359014,0.0108081544018575,0,0,0.0043775903561704,0.00274646727586324,0.00361939881686391
0.234437704067735,0.00212699901330953,2.53814365180834,0.000707322383092311,0,0.00222290822084544,0.371328975261541,0.0284253618659567,0.00114670741512673,0.0165722600846867,0.00183868793025958,0,0.00314351812754987,0.0337469206816017,0.00220030805302181,1.695114421424,1.70936685230507,0.00319345667002246,0.0746642363071763,0.000728500004100773,5.14939521121629,0.152704464606683,0,0.0526343258523341,0.00268062487680681,0.0767171681769985,2.57468121120573,0.610282145494102,0.055779948574994,0.510129997084523,0.000362422187153588,0.000483685970403197,0.0273129947417489,0.523570035078146,0.115803776373114,1.51987147733358,0.858358417865331,2.10477424235434,1.57293670364495,0.292622652966529,0.0105175862540785,0.00807513296936037,0.0367901523754663,0.0163392653973421,0.00875723089492134,0.0215208797035468,0.00247574817918034,0.000401720206191323,0,0.000121587592547263,0.00141738808472237,0.0105058986376862,0,0,0,0.000723816321182367,0,0.00221091757763317,6.51752165014096e-05,0.000130961076144441,0.000149182223653133,0.000170712102569556,0.000417763312934763,0.000484361993660213,0.223315294191785,0.00363239617235924,0.000128020608378219,0.000227224198939471,0,0.0107081904212262,0.0328448414456621,0.0755431032472905,0.013502367728522,0.000775056607773541,0.00270956400184244,0.0916334043903381,0.00532840839769539,0.00140396795268466,0.00444081385859558,0,0,0.000244080654564461,0.000769875240130826,0.0594897997532383
0.0719156667967777,0.0595184417203947,0.0223797226577161,1.93612166291496,0,0.0203426909151214,0.404226248059897,0.0488324960172719,4.03916269994303,0.203087815555618,0.00403678911351252,0.0826844219709314,0.00360744125346795,0.0636150143759026,0.00216842689221894,1.68701096885621,0.023990705126905,0.00238035257952216,0.00543447336361765,1.69718501620543,0.0396028844703093,2.15180363544381,0.0526343258523341,0,0.108376437449051,0.00972568966379881,0.397936098726827,2.01718001388211,0.165837024662223,0.102418275983051,0.000880668249967295,0.0033104914911363,0.0634397447309068,0.109587769235441,0.0122267355861621,0.323446243245785,0.126957428138989,0.184265953125535,0.175255935761449,0.0388390979738666,0.00130471410108644,0.00433819738407834,0.0635154377360339,0.00961797405301533,0.0772028062263723,0.0611559405547777,0.00685943173060512,0.000768734365529881,0,0.0348366455538176,0.00272105108663724,0.010188699370425,0.00406697024329394,0,0.00410305859284713,0.00615915050229741,0.00534407513182955,0.263503014307836,0.00790637981365066,0.00219945461623238,0.0103868414241788,3.41123433976066e-05,0.027249992231342,0.00514092505423209,0.209298471252598,0.00428073520105104,0.00162520558547414,0.000178435359552844,0.00634117108377661,0.0279774716973996,0.0587362214951888,0.0483997568774417,0.457911625165611,0.00177127659707141,0.00361247319459526,0.0258446814230844,0.0906436363965673,0.106255189287814,0.0583214913215811,0.000120017082984002,0.000472516467107814,0.0419781226939629,0.0132799240526297,0.00736144060733635
0.000986278862804332,2.53554525633647,0.00173296508751406,0.0002068156539793,0,0.00110701623995967,0.000284404979853758,0.00123496742186582,0.484176034104321,0.00021085469276726,1.18297977150642,0.000406489138951393,3.45832999747208,0.000790610365438236,0,0.0715530059558172,0.00157190974786421,0.0305579533655235,0.0215374244944986,0.00189212163945619,0.00139209787052043,1.46590664962952,0.00268062487680681,0.108376437449051,0,0.538648516314401,1.53013214840185,0.00688756965251082,0.00499553455440667,0.00258972205528561,3.40923989293118,0.00207919633209062,0.00431202538846761,0.015816334853316,0.00042735372392437,0.379856976420771,0.256923658513524,0.17737639987087,0.253046132145749,0.00177352159388307,0.00445109750031548,0.749333149271474,0.450745851422195,0.0192942928584757,0.0316480241176506,0.004229764869868,0,0,0.0423690969476684,0.00011038293926107,0.157412466376475,0.00280056622634856,0,0,0,4.34423577877312e-05,0.000532636567270872,0.00127687440798137,0,0.0480665317684974,0,0.13171712742339,0.000890538042588969,0.000819096975354837,0.00505582435938113,0.00214780335051386,0.00602523637355159,0.000484716208578083,0,0.000369392242550544,0.000988257485351684,0.00038346740652881,0.00108792256699466,1.82484814917164,0.15772840514505,0.0942886456242782,0.000127436240389145,0.000313279539949658,0.000155895558569494,0.258052083415671,0,0,0.00335920357400903,0.000281105917030713
0.0140026628912342,0.0129323408687086,1.4126958998355,0.00114276208497355,0,0.00339135201405913,0.0126741165405625,0.00557352850923909,0.00387396733808026,0.00363171302370387,1.76341678764885,0.000546600163367504,0.0242325320836033,0.0116106573725434,0.000474475361649817,0.00725301714611934,0.602635104578742,0.40220734488612,1.62834215424824,0.00521209105164927,0.00730906810826587,0.00541987580858862,0.0767171681769985,0.00972568966379881,0.538648516314401,0,1.9191536753353,0.0156233073897369,0.0248705574359415,0.0104995063517675,0.404729467030404,0.00440061257168604,0.00106689848267587,0.162859265295486,0.0119893493437963,0.525252592442397,0.78811975810159,0.517416230257102,0.198161860687381,0.00705644234113809,0.00262815908407706,0.0962195323317045,0.0490277885851732,0.0540676559233248,0.0468464926470126,0.0335370926234779,0.000203357116950409,0.000200783611451642,0.000833838041708369,0.000255511075690833,0.0399171401678759,0.0245906425570083,0,0,0,0.000339039529820225,0.000136079116480453,0.000721927229018047,0.000139770428865899,0.00318417873739363,0.000106717658197818,0.0384876463527913,0.000755918672278022,0.000323514241571728,0.0015420168771225,0.0115170126853442,0.00805212800572275,0.00683628682349082,0,0.00023401462868458,0.0021532224454223,0.00222373103580091,0.00272617758073071,0.3552053238473,0.492887991524666,0.536573182469045,0.00136260340150166,0.00158145597844443,0.00106876345781877,0.0521448783509891,0.000441674828880779,0.000316528864930479,0.00448528143259165,0.0103858024880161
0.0457878567348795,0.42932907559315,2.35332030538062,0.00159146615931407,0,0.00244533113397714,0.0762918977393611,0.0109121652046153,0.256572066429961,0.00716604720597213,0.0672860441203816,0.000955934949317833,0.218871235578738,0.0176047420995668,0.00105957957758666,1.06650831263618,0.849859457434207,0.0315037281622901,0.201398187653433,0.00445415333277454,0.154650761575481,0.884470712550747,2.57468121120573,0.397936098726827,1.53013214840185,1.9191536753353,0,0.267225007138787,0.0285553448237438,0.0409879479886313,0.259731175608805,0.00207564519546581,0.0044559958566765,0.481579720832932,0.0610218804481561,1.14931094448249,0.741530980527918,1.78627496536301,0.936032244105506,0.0502133271315021,0.0193069798602054,0.0126218029278466,0.201419521615804,0.127526364803138,0.122253617203085,0.133781826923495,0.00542615362124882,0.00340840435309757,0.000524036886179851,0.00160411378776474,0.198569830213288,0.473785641966009,7.84529934963613e-05,0,4.76583340884135e-05,0.00796677745627893,0.000494749595230155,0.00361454311848951,0.000663694591928141,0.0034804964823629,0.000131671537703252,0.0281117385179564,0.00534752025563337,0.000820520603908951,0.152260704260963,0.136103026732803,0.00564417205842377,0.0133379290441668,0,0.00737822446923408,0.0631728091867,0.212357225861648,0.017305159236069,0.287070914325773,0.546710422110888,1.78744368646143,0.011815313190386,0.00306640773029294,0.00890559151755402,0.0298107540641054,1.93491330816568e-05,0.00045483319342215,0.00814961033127927,0.0547957076989528
0.137035838444061,0.0028180941646058,0.251600232249598,3.00917689775731,8.57913798903362e-05,0.0562608804700734,3.15714662068548,0.0933279395774889,0.195230749733748,1.25006204857159,0.00686840294490576,0.00222722526597525,0.00205277805496373,0.125226101428756,0.0047258331697544,0.382470532921505,0.0278237692404517,0.00406920417459903,0.0101191786970088,0.801642342566319,1.0858585919771,0.156346291451379,0.610282145494102,2.01718001388211,0.00688756965251082,0.0156233073897369,0.267225007138787,0,0.368919419677928,2.60184300997802,0.00103490889885891,0.00574012388272568,0.206272944872841,0.278796482935191,0.041995173477388,0.663439248831452,0.184533747214055,0.553768785206859,0.414119336276042,0.0766704478159772,0.00496425313531608,0.00605987195831952,0.0559713832431385,0.00584920057170979,0.0565063694314682,0.0435359369478896,0.004420538519393,0.00104669813543317,0,0.0241525754573169,0.000955597567136283,0.00539618448380939,0.000593451979973569,0,0.000388689025348794,0.00454255932869788,0.00485611510103532,0.0632068447454921,0.00131337572964964,0.00103250164087361,0.0012396567255524,0.000140621553568955,0.0206318291133114,0.00128766424046743,0.0757287426113556,0.00158657105264703,0.00048124662097572,0.000744281472899698,0.000398957980356995,0.014750966052292,0.0270841216790317,0.0197591775898538,0.282787318081901,0.00129026083648687,0.00208913728720112,0.0143111600755309,0.0780582601761051,0.083243824086105,0.0452691595070713,0.000424980615228928,0.000284765780880228,0.0345866329813608,0.01009853707885,0.0130710749010076
0.33219999534914,0.000559423106378275,0.024605677080606,0.0667499600034599,0,0.66937559957466,0.116842243067997,0.524851558762418,0.0624672246851374,0.119340717205702,0.0730872943582964,0.0221029131817056,0.00298885546562334,1.59655287421218,0.000161044385139843,0.000893456995789049,0.0735431334406111,0.0245051092880591,0.0386218964918985,0.213208987348364,0.0901796789351861,0.0156439386150638,0.055779948574994,0.165837024662223,0.00499553455440667,0.0248705574359415,0.0285553448237438,0.368919419677928,0,1.67527289642337,0.00661901528615452,0.284791597943441,1.63108645111766,1.38802743472942,0.00200185604945042,0.0992853457823086,0.0143061157773874,0.568948272571008,0.120708968023361,0.0694090546017069,0.160596484033731,0.00395786813921512,0.0147323918073667,0.000274485845568643,0.0219073225173266,0.0126889270399534,0.00243018286710278,7.46562616692655e-05,0,0.00913929630822778,0.000452411554120369,0.000771191400554251,3.76566260242191e-05,0,7.13949211713586e-05,0.00246605151141688,0.00249007564198825,0.0327510186779901,0.000207702966078438,0.000487075313193974,0.000363129612727117,0.000417803095896528,0.00761213761474896,0.000172504872274418,0.0143950527928132,0.000683350118793854,0.000149165318392375,0.000312835621515465,6.68408116871449e-05,0.00257086705258733,0.00417556706319939,0.0017701221177994,0.128207954646352,0.00142642501726883,0.00163398113662498,0.0038735994109568,0.0299193191543466,0.0314791554991845,0.0208082419041257,0.000117781754380503,0,0.0118490053288784,0.0032973048383806,0.00172824406005953
