0,0.000430927218639781,0.0126837777621841,0.00603433914517104,0,0.00257109024868588,1.28192869007319,0.0549423774998897,0.0469185779220329,0.00890331839351261,0.000318183584685038,0.000627554928495316,0,1.43273907116618,0,0.00437463225464335,0.00629981535253257,0.000135377553080887,0.000402156173091049,0.00642314763984178,0.0206350109298518,0.0018210035826989,0.0232357873733811,0.0471821970560841,0.000148822709702968,0.0016137146271963,0.00184000537026204,0.0114074163257396,1.26605496208968,0.146699799096142,0,0.000487239577132842,0.182648888862485,0.0715050337509096,8.33546274302869e-05,0.0139904622102087,0.0100775595025981,0.0243562511627534,0.0166887792266634,0.00164205982213283,0.00016045399564746,0,0.00030832809967624,0,0.000241918260364257,0.00184006663396727,0,0,0,0.00572920577378117,0,0,0,0,0,0.00248522742961621,0.000688150319216281,0.00797815104488752,6.26297555239175e-05,0,0,0,0.00113236490766184,0,0,0,0,0,0,0.000381795940657845,0.000172346862903831,0.000158196745803476,0.00160920000866162,0,0,0,0.00149867537290153,0.00125297138321619,0.00218560379678535,0,0.000134623490617539,0.0017781893461713,0.000659837953006009,1.25856209723032e-05
0.000430927218639781,0,0.0288201883169672,0,0,0,0.000278975030636439,0.000196023080225069,0.134721127256026,0,0.00838461305221326,0,0.00752755772356672,0.000159764579393375,0,0.0859395243093424,0.0370318562429384,0.0061303802743864,0.0348053188393903,0,0.000451415840156694,2.52109493938356,0.00351637186069798,0.0479510810186431,2.36935744536019,0.141112936894715,2.73115514490066,0.00140107468636426,0.000260657194161725,0.00207363122818305,0.011305633789979,0,0.000364949826240954,0.0482355980539652,0.000224738676951292,0.0210212100259421,0.0364227236557204,0.0466064583638274,0.0212189099019121,0,0.000318456347300222,0.00100308846834429,0.000960698049255193,0.00905101532004009,0.00760164392945682,0.00616230815993457,0.00102769086266008,0,0,0.000238345339823968,2.31159888635618,0.00246707363760234,0,0,0,0.000282195410521108,4.84518741412036e-05,0.0311537239446903,0,0.00738972026380761,0,0.0227519705629974,0.000127886116934182,0,0.0146759676245066,0.00573519832020124,0.00508470811156281,0.0171030988814036,0,0.000143432903430866,0.269501855765535,0.000361994252643955,0.005586418015818,0.406933620396485,0.0234976037479255,0.140089800020002,0.000800124098112089,0.000246373002765712,0.000172719519929025,0.0084033861952479,0,0.00019411842069441,0.00217719893089775,0.00012784527294593
0.0126837777621841,0.0288201883169672,0,6.81746505587638e-05,0,0.00232080135125329,0.0335119608268901,0.00878853709043798,0.00554330529866032,0.0014938112452895,0.0015455506052335,0,0.00261562730003631,0.00861406108123201,0,0.0493876906620559,1.54261717300059,0.00147483732877824,0.0292300534305725,0.000466192037722257,0.117917331102118,0.0166940241448582,3.00200544588212,0.0113254759194402,0.00141159163445481,1.74476801521642,1.4637739453929,0.0198354332045706,0.00851917653956795,0.0282974208835817,0.000153066010582306,0,0.00300021156370756,0.219922525445794,0.00107483392476649,0.0917686781760075,0.588320920465504,0.147227753944621,0.0522251129018723,0.00107275598280627,0,0.0026823151640285,0.000202791445829022,0.000324806389058008,0.000246807183120311,0.00039924582253135,0.000431941373224486,6.56771007826831e-05,0,0.000146716375110113,0.00578411056500741,0,0,0,0,0,0,0.000132133519305071,0,0,0,5.95282282391321e-05,0,0,0,0,0.000190809478195532,0,0,0,0.00181714375028042,0.000120484935313987,0.000454938760880734,0.000721956344283958,0.000373732698928322,0.000208826539289525,0.000172127778334969,0,0,0.000273249084411308,0,0,0,0.000703392410823313
0.00603433914517104,0,6.81746505587638e-05,0,0,0.026165976862201,0.0843876295189696,0.0199184056078205,0.161915548066242,1.03384084432481,4.38543288683081e-05,1.4774829597403,8.42597761161815e-05,0.0170156574968095,0,0,0.000185395365045178,7.96847315181464e-05,8.17282386528302e-05,7.54221993418744,0.000266802948724885,8.05861291531844e-05,0.000124746168534265,7.08471053934375,0.000273964701227425,8.11248907236096e-05,7.62802471764024e-05,2.96334438376932,0.0131089400794543,0.000486599255532875,0,0.000221030625436082,0.00899305958851587,0.0103735366154791,0,0.000270860917553088,0.00057428144535218,0.00318299230651395,0.00112686940064474,0.00272385219563453,0,0,0,0,0.000333434678496818,0.000510607556928576,0.00116752298876169,0,0,0.000856980265550171,0,0,0.826417933087599,0,0,0.000599750723265698,0.000504666166832585,0.00858840727749873,0,0,0.00411510812267683,0,0.000430621812846838,0,0,0,0,0,0.14554287482028,0.000121114111027244,0,0,0.00127606850298959,0,0,0,0.000213117309382099,0.000460679195207525,0,0,0,0,0.000501509723651237,0
0,0,0,0,0,0.23666576566434,0,0.0656696025706863,0.000539884146917191,0,0.00219957367806306,0.000274085853989951,0,0.000900516902651036,0.00655147235805637,0,0.00020475403639296,0,0.000255834507301945,0,8.07605553313114e-05,0,0.0004304690845864,0.000192490182141447,0,0.000386035476148623,0,0.000100380085597081,0.0363019785484778,6.79938998449205e-05,0,1.38455406201108,0.00162439649795992,0.522806398433347,0,0.000250248877305051,0.00217265669533197,0.0456532375011209,0.00150226768053374,0.833898736806741,3.97646663770923,0,0,0,0,0,0,0,0,0,0,0,0,0,0,0,0,0,0,0,0,0,0,0,0,0,0,0,0,0,0,0,0,0,0,0,0,0,0,0,0,0,0,0
0.00257109024868588,0,0.00232080135125329,0.026165976862201,0.23666576566434,0,0.159908482705671,2.74921014172482,0.0273372453144035,1.67832064740582,0.00168419026307428,2.95444047778482,3.53972784558499e-05,0.0513126004450569,4.21991300498076,0.00031784996208584,0.000367605719249681,0,0.000156804323525474,0.215813077486495,0.0036478372879741,7.19614994042885e-05,0.00506857147545749,0.0958191764056835,0,0.000127636211426794,0.000367155051980685,0.0574981636714002,0.0870419945990209,0.00190630969302419,0.000124767657484249,0.224623309136353,0.00257298263929265,0.0635657423693295,0.401201073719443,0.00251261732629465,0.00198188212889788,0.0159343815931181,0.00260011388716081,0.270438079313431,0.275799254871621,0,0.000176818625143174,0,0.000661259812257443,0,0.000300698163238938,0,0,0.000334467049647998,0,0,0.000223436070369227,0,0.000247844581238905,0.00134285560481376,0.0002264892273848,0.00200295371312353,0,0,0,0,0.000297149363750438,0,0,0,0,0,0,0,0,8.20212390505856e-05,0.000882850809939911,0,0,0,0.000992037749552775,1.7639377116948e-05,0.000191082932340036,0,0,0.000218788547423656,0.000381467115640519,0.00470293940352692
1.28192869007319,0.000278975030636439,0.0335119608268901,0.0843876295189696,0,0.159908482705671,0,0.212040691656475,0.179857834835681,2.22249294653417,0.000447522856310412,0.00454140332654995,5.78388922465784e-05,0.607818133233462,0.000831382618870703,0.0142716665113933,0.00221266511716853,0,0.000246359757474674,0.0555620857798324,0.0956471110118707,0.00401711204048853,0.117004772256383,0.782676093629781,0.000412071720754538,0.00185614396973547,0.0174342013402344,3.26161332832842,0.0711120544814921,1.75378407025573,0,0.000628547743938781,0.0205880272678656,0.0480767430204931,0.000813784536032678,0.0307179601852599,0.0259740390471006,0.0394944287904311,0.0270748815548193,0.0049557342357509,0.000267929136934053,0.0002014095049881,0.00272906360801673,0.000298027272613218,0.00162576032790486,0.00277132191959291,0.00218013516975015,0.000253319542887825,0,0.00917366854499297,0.000132575459890283,7.85349492372703e-05,0.000216928999151485,0,0.000266965526815502,0.00885793916258153,0.00232235459488796,0.0205660837979372,0.000428986430226925,0,0,0,0.00411657415274555,0,0.000272238584025728,0,0,0,0.000240187722557102,0.00104071070789493,0.000431697138369214,0.00016774620670625,0.00835272134773685,0,0,0.000143967697042523,0.00640615687456076,0.00447999967403191,0.00543698759423524,0,0,0.00202775729095738,0.00503072667652064,0.00101317381421845
0.0549423774998897,0.000196023080225069,0.00878853709043798,0.0199184056078205,0.0656696025706863,2.74921014172482,0.212040691656475,0,0.0468677524693929,0.813035250397994,0.00246422425203067,0.179002464688569,0.000147435260693446,2.00048701735957,0.0409686096045232,0.001193695060158,0.00185476633081377,3.86615642351045e-05,0.000384535200466662,0.0669215384569155,0.0116423886844171,0.000744829484475512,0.0221321618885214,0.0702483296329962,4.26306668779098e-05,0.00129847771451004,0.0024948632806129,0.0381277085629708,0.291298549459973,0.0145280458925504,0,0.502288570650078,0.00477586341331872,0.13834476099186,0.000323311479672383,0.00538711138132005,0.00748558597309462,0.0412028459400978,0.00701438280335312,0.118231100801968,0.15737729949108,0.000350454837195337,0.000300987384660827,0,0.000105530115335417,0.000255465045927035,0.00043503385505599,0,0,0.000770035830578795,0,0,0.000782259908691326,0,0,0.00182746682666007,0.000992084204694366,0.00674477770225873,0.000172190294125992,4.63770680665769e-05,0,0,0.000909760624990578,0,0.000168812984445953,0,2.81875732456346e-05,0,0,0.000204361503060135,0.000242918965751078,0,0.00142459297574744,0,0,0,0.00142605352854006,0.00129096006378642,0.00193403034335263,0,0,0.000510920895507905,0.00113371655400295,7.50328167843936e-05
0.0469185779220329,0.134721127256026,0.00554330529866032,0.161915548066242,0.000539884146917191,0.0273372453144035,0.179857834835681,0.0468677524693929,0,0.0536550118710867,0.0026964566856055,3.92480152998306,0.000999950434706999,0.0438434701281323,0.902925737526461,0.121705172604398,0.00485903700135304,0.00110029672081301,0.00580096530151645,0.334270159459611,0.00514166286993212,1.83350894777341,0.00336907539802648,5.0625109479288,0.0903391001010949,0.0118914829364728,0.0647959248064667,0.0926842997977832,0.0697675914525911,0.0682575535595379,0.00170992592444851,0.00042182773321817,0.0775379463427223,0.0579032820749029,9.60215726023825e-05,0.171548812635245,0.0092861827866966,0.0361734770611904,0.0265006810839162,1.24277336508228,0.00395340386000074,0.000540033816284809,0.0196835800209608,0.000407614901736613,0.0129800290411384,0.032956581346082,0.0115010515513865,0.000155239197892369,0,0.0447508401548776,0.0977966995159324,0.00122275116316297,0.00153346229522941,0,0.000154636427003945,0.0393669188628427,0.00865139196768526,0.928442470176289,0.00183792687943358,0.000737637464316947,0.000306340416531767,0.000333828540688141,0.0156608015475633,0,0.0311430094631889,0.000188624360713206,0.000154514313008784,0.000739770628850809,0.00197883697012689,0.0213654539122504,0.0936445689739362,0.00586187120273356,0.0654514788554314,0.00786173891617371,0.00112926201407548,0.00425174003382154,0.039797618764358,0.0199320647430702,0.0286755502613256,0.000310595009848265,0,0.015841363041948,0.0279217021545858,0.000203208133476594
0.00890331839351261,0,0.0014938112452895,1.03384084432481,0,1.67832064740582,2.22249294653417,0.813035250397994,0.0536550118710867,0,0.000627676136902969,0.748400864654899,2.24196131334805e-05,0.0771103798322102,0.00358444188823786,0.000621425058646007,0.000113629245153707,3.03473518758759e-05,0.000244925272612283,4.85929361031064,0.00391972310250555,0,0.0052114198761102,0.246605888391193,4.50178901847953e-05,0.000333863349044076,0.00083388602294227,2.18196723546499,0.0663437255650656,0.00146245870681602,4.43850575562702e-05,0.000504690304582028,0.00818570591715519,0.0595633779502103,0.0236843962835194,0.00127510846916604,0.00209412580103287,0.0168659736166846,0.00201699080916118,0.0309485319786872,0.00063448342759552,0,0.000302307969121004,0,0.000125859729704882,0.000400670897328093,0.000296012930540426,0,0,0.00039491288106642,0,0,0.00305253670616836,0,0,0.000490797066555713,0.000315405375760885,0.00436603316933737,0,3.70512720040577e-05,0,0,0.000424143945057487,0,0,0,0,0,4.86600834311082e-05,3.41364728385827e-05,0,0,0.000808847851222848,0,0,0,0.000698416107280468,0.000475787040808455,0.000602838293889609,0,0,9.58519503578958e-05,0.00073457901355031,0
0.000318183584685038,0.00838461305221326,0.0015455506052335,4.38543288683081e-05,0.00219957367806306,0.00168419026307428,0.000447522856310412,0.00246422425203067,0.0026964566856055,0.000627676136902969,0,0.000547965029314625,0.749671221684249,0.00264324377917257,0,0.000939394761032196,0.00445552250566369,0.984797032684305,1.48842858931474,0.000176123290527623,0.000444170747206626,0.00346582981462405,0.00081188402264919,0.00101147801510741,0.720373241352899,0.274558848878947,0.0359556437488731,0.000452349001238826,0.0251700122857353,0.0001463656041844,0.204424585656624,0.0212240740617749,0.00222610426281718,1.32837853441747,6.47529056879467e-05,0.0142138371686614,0.570575373527242,1.38295254913083,0.0657400670496973,0.00124220440192988,0.107303506166759,0.259757683727157,0,0.000224558171782398,3.6181916269118e-05,0.000446712313835038,0,0,0,0,0.00414754283975154,0,0,0,0,0,0,0.000190844339325879,0,0.000788203240072952,0,0.00108008515616716,0.000106824814160682,0,0,0,0.00150107392649459,0.000261531713418761,0,0,0.000224724547068034,0,0.000114869211148338,0.00437860863000006,0.00367114669810641,0.00356128512087355,0,4.13115989120853e-05,2.00514396085836e-05,0.000636900603719638,0,0,0.000257424097184142,3.97316137606923e-05
0.000627554928495316,0,0,1.4774829597403,0.000274085853989951,2.95444047778482,0.00454140332654995,0.179002464688569,3.92480152998306,0.748400864654899,0.000547965029314625,0,0,0.0516290002768549,0.438275965209288,0,0,5.61210774646234e-05,0.000190612303246732,8.70845332771425,5.56064672051584e-05,0,6.15348773167733e-05,2.34486213188267,0,0.000158121131872361,8.3112192351511e-05,0.00433965520755441,0.0687177922144206,7.07243856301323e-05,0,0.00167229293644888,0.00233214294717324,0.0441374254805104,0.101706998576558,0.0440080697775778,0.000832369447477919,0.0176948422965148,0.000727918405086618,0.37055956315011,0.0119563819604883,0.00010345531764567,0.000159871689620936,0,0.000105856751107872,0.000153881244547915,0.000336448579400754,0,0,0,0,0,0.000156989965529097,0,0,0.000217258295399745,0.000267069593367552,0.00143875416780606,0,0,0.01701978603687,0,0.000266621085985738,0,0,0,0,0.000146610054073842,5.87196388396743e-05,0,0,0.000120832136892333,3.05438897636586e-05,0,0,0,0.000178610052034217,0.000115781270026356,0,0,0,0,0,0.00127809733503877
0,0.00752755772356672,0.00261562730003631,8.42597761161815e-05,0,3.53972784558499e-05,5.78388922465784e-05,0.000147435260693446,0.000999950434706999,2.24196131334805e-05,0.749671221684249,0,0,0.000224314975165686,0,0.00458787300315724,0.000864310640288669,0.00369747559256729,0.00739519590453917,0,0.0006790362148021,0.00287121513335651,0.00336698336123214,0.000828423369272622,4.24305611776723,0.102316709183316,0.327650516965152,0.000149951770436918,0.000893496511027429,0.000453338988250373,2.10965746300654,0.000349044141519659,0.00113809418109836,0.0338467796170515,0.00111872109678579,0.420870868364684,1.52208453587991,0.50634184527467,0.435550393933052,0,0.00265486137199368,1.47442904787421,0.00351570999466575,0.00160239502141216,0.000910185854796679,0.000798380531894453,0.000347166142823343,0,0,6.7760325374408e-05,0.00255482292194108,0.00026814404483267,0,0,0,0,0,0,0,0.00025672155093857,0,0.00168760271898391,0,0,0.000252606478321862,0,0.000329239710405774,0.000138378191392109,0,0,0.000149354665305135,0.000322286123109574,0,0.0169720342965044,0.000605521292945496,0.00081275761069837,0,0,0,0,0,0,6.36030863967051e-05,0.000706955017952863
1.43273907116618,0.000159764579393375,0.00861406108123201,0.0170156574968095,0.000900516902651036,0.0513126004450569,0.607818133233462,2.00048701735957,0.0438434701281323,0.0771103798322102,0.00264324377917257,0.0516290002768549,0.000224314975165686,0,0.000635976381338705,0.00148355113164514,0.00214027594102045,0.0001466596704162,0.000476631767560834,0.0571191408323952,0.00926916123717908,0.000993340101976217,0.0184530576313265,0.0773148697735893,0.00013403392963683,0.00158454875499295,0.0016449152534952,0.0286057805472984,4.93194997812064,0.0355192950727508,0,0.121858951374501,0.0382340045136291,0.314472136965133,0.000164429294477382,0.00997210952339717,0.00856764859490208,0.0707572968599566,0.010793701280939,0.0160129166074373,0.00986001045386743,0.000339840390712052,0.000421505508088683,4.53013309307019e-05,0.000495662205580479,0.000888640417402029,0.00124121242590526,0,0,0.0024115054343838,7.6680156524323e-05,0,0,0,0,0.00347493116001333,0.000714555280622055,0.00521723466974685,0.000434964482267382,0,0,0,0.00186039424770407,0,0.000130448508945228,0,0,0,0,0.000700565199560038,2.67042928617472e-05,0.000119846090243014,0.00215146406035172,0,2.97700032933469e-05,6.01790028305167e-05,0.00210168525559624,0.0019406882136923,0.00180921761705796,0,0,0.000595505054223354,0.00182381737120297,0.000156498810725246
0,0,0,0,0.00655147235805637,4.21991300498076,0.000831382618870703,0.0409686096045232,0.902925737526461,0.00358444188823786,0,0.438275965209288,0,0.000635976381338705,0,0.000503511081155596,0,0,0,0.00216185105126588,0,8.42824605044243e-05,7.70490892780832e-05,0.00592793690316228,0,0,1.53834002447732e-05,4.33958819310892e-05,0.00312476849682547,0,0,0.0016959196279107,0,0.00175296651942778,0.0785652142126055,0.0277838748996886,0.0015762182808991,0.00108359657639625,0.000544104655194064,0.803358683049093,0.0322836082750901,0,0,0.00107857550108441,0,0.0007833751732279,0.00213197670249236,0,0,0,0,0.000238755006467473,0,0,0,0,0,0,0,0,0,0,0,0.00146778810699064,0.000441969845133311,0,0,0,0,0,0,0,0,0,0,7.57332555977944e-05,0,0,0,0,0,0,0,0.00561942178073298
0.00437463225464335,0.0859395243093424,0.0493876906620559,0,0,0.00031784996208584,0.0142716665113933,0.001193695060158,0.121705172604398,0.000621425058646007,0.000939394761032196,0,0.00458787300315724,0.00148355113164514,0.000503511081155596,0,0.00962875509435886,7.47358424063645e-05,0.000718421136500897,0,0.373161012511761,3.52769001243225,2.40473756930142,2.02186728737983,0.00225826285351136,0.00314546628561493,0.869882681453023,0.586862878396967,0.00810814707701943,0.0586508765635248,0,7.27205806966289e-05,0.0274964845712238,0.107111670985451,0.0186522592267207,1.01898948410292,0.343290275316211,0.288578406354788,0.49120177122919,0.0951211756405637,0.00309526068958951,0.00735120738545164,0.0257406706805803,0.00568600974420138,0.00818682622698854,0.0191669611632375,0.00875577802135286,0.00077615021916994,0,0.0120593833017356,0.023643417828071,0.00235632376214219,0.000289340183093893,0,0,0.0054307120958582,0.0010973338035763,0.108445875134402,0.000102546775931762,0,0,0,0.00242914724943133,0,0.146595461761429,0.000175081635237362,0,0.000167535258456347,0,0.0253562608457184,0.397057477627659,0.0107007105351246,0.0472333286614314,0.0017391144526003,0.000341284528330981,0.00538304243002004,0.0139888127205446,0.0043135947919785,0.013918244283092,0,0,0.00652305535109599,0.00792933065115024,0.0154489424707937
0.00629981535253257,0.0370318562429384,1.54261717300059,0.000185395365045178,0.00020475403639296,0.000367605719249681,0.00221266511716853,0.00185476633081377,0.00485903700135304,0.000113629245153707,0.00445552250566369,0,0.000864310640288669,0.00214027594102045,0,0.00962875509435886,0,0.00300592636516876,1.28560084782861,0,0.0129476685801351,0.0163488483033643,1.34052078817164,0.00303006760813043,0.00171701661069301,2.28813196560312,0.147405624551922,0.00109330381231395,0.0049152827840233,0.00467802942170548,0.000701895490180735,0.000285083201028232,0.00166242629451196,0.198539902299446,8.63116138948013e-05,0.020725863542016,0.115117254743087,0.100817388397142,0.0163210904289098,0,0.000234787085657349,0.00124856991761535,0,0.000152485002964636,8.77521157934425e-05,0.000194651924941701,5.61075891613409e-05,0,0,0,0.0064643516626816,7.54153467079702e-05,0,0,0,0,0,0.000294892199670903,0,0,0,0,0,0,0,0,0,0,0,0,0.00138133350854217,0,0,0.000665208349259226,0,0.000143265566644427,0,0,0,0,0,0,0,0.000298540209047653
0.000135377553080887,0.0061303802743864,0.00147483732877824,7.96847315181464e-05,0,0,0,3.86615642351045e-05,0.00110029672081301,3.03473518758759e-05,0.984797032684305,5.61210774646234e-05,0.00369747559256729,0.0001466596704162,0,7.47358424063645e-05,0.00300592636516876,0,2.91575533656438,0,0,0.00182514485169993,0.000283735323475375,0.000227123759280544,0.0243717384652011,0.355996786689594,0.0103854760367012,0,0.000611779699212526,3.2277150377734e-05,0.00223504901729215,0.00103346366949074,0.000715735016490547,0.0388397561345315,8.36014343167486e-06,0.00185078789047049,0.0350209206694914,0.0424824865391349,0.0153081932937969,0,0.00086286676481865,0.0011578310048218,5.65332512254006e-05,0.000118292549486806,0.000558988518898781,0,0,0,0,0,0.00371168073382119,0,0,0,0,0,0,0.000316178343453915,0,0.00129379235924246,0,0.000514933249751342,0,0,0,0,0.00102045124268712,0.000738316788810553,0,0,0.0003456760818161,0,0,0.0044565523057408,0.00147289186995855,0.00143689048231991,0,0,0,0.000174714048625305,0,0,0.000344622666717028,2.66468766897416e-05
0.000402156173091049,0.0348053188393903,0.0292300534305725,8.17282386528302e-05,0.000255834507301945,0.000156804323525474,0.000246359757474674,0.000384535200466662,0.00580096530151645,0.000244925272612283,1.48842858931474,0.000190612303246732,0.00739519590453917,0.000476631767560834,0,0.000718421136500897,1.28560084782861,2.91575533656438,0,0.000481742844886428,0.000377757232306527,0.00938526599193746,0.00630209534549475,0.0012688974323008,0.0618158028990163,2.46724322557023,0.0996468315051173,0.000324110957794238,0.00482430906141468,0.000554600152607783,0.00575074654286049,0.00122192491590304,0.00165667589277819,0.544374270158636,8.80036100389797e-05,0.0246134878642786,0.386233304608452,0.395152278182438,0.114513246181507,6.50813862358799e-05,0.000891460060419989,0.00717986866887737,0.000165385751650497,0.000179039943472767,0.000247575833518297,0.000380630013902055,0,0,0,0,0.0352909762647206,0,0,0,0,0,0,0.000469902815194408,0,0.000838826806456596,0,0.0023423783919766,2.40786154617496e-05,0,0.000245452735572782,0,0.00349819421150677,0.00151788277664634,0,0,0.000945251983779166,0,0,0.0209322718489356,0.00496474583198888,0.00570575546155087,0,0,0,0.000709586759483118,0,0,9.11211861481191e-05,1.7491967335368e-05
0.00642314763984178,0,0.000466192037722257,7.54221993418744,0,0.215813077486495,0.0555620857798324,0.0669215384569155,0.334270159459611,4.85929361031064,0.000176123290527623,8.70845332771425,0,0.0571191408323952,0.00216185105126588,0,0,0,0.000481742844886428,0,0.000746079846641166,0,0.000190805940445547,1.45750909279452,0,0.000210404416192748,0.000109035697758019,1.0871076931134,0.0490412909108421,0.000101119951448408,0,0.00105094912614932,0.0143594819285324,0.0456355159946816,2.4250285955382e-05,6.59484523839486e-05,0.00098341385773505,0.0134715101000006,0.00161288481117094,0.0616071400645158,0.00200838181852007,0.000164156755136998,0.000184320773960363,0,0,0,0.0016036895946535,0,0,0.00144059150009722,0,0,0.152961685967356,0,0,0.000370619874915198,0.00043739448544395,0.00883020243724293,0.000163200536981281,0,0.00898828539573029,0,0.000439528419382282,0,0.000357542763456634,0,0,0,0.0106434007754906,0,0,0,0.000467857320251896,0,0,0,0.000858283837104266,0.000234381797713302,0.000236847797428217,0,0,0,0.000290800189891956,0
0.0206350109298518,0.000451415840156694,0.117917331102118,0.000266802948724885,8.07605553313114e-05,0.0036478372879741,0.0956471110118707,0.0116423886844171,0.00514166286993212,0.00391972310250555,0.000444170747206626,5.56064672051584e-05,0.0006790362148021,0.00926916123717908,0,0.373161012511761,0.0129476685801351,0,0.000377757232306527,0.000746079846641166,0,0.00559109808698549,4.70776150006356,0.0576501114236159,8.78919481617996e-05,0.00578965053033872,0.0716415860249662,1.15693939230684,0.464242771418373,2.7740118848292,0,0.000193144784789948,0.645804339024048,0.381989124695352,0.00685594249233703,0.245574004555049,0.0904544134046372,0.222114778506257,0.242804158285757,0.0191732591595918,0.00129705928297016,0.000426483192895803,0.00168379842695316,0.000444660808292777,0.00104523421117138,0.00186962154902139,0.000907361800799384,4.816720220521e-05,0,0.000741647288053197,0.000270337096330484,0.000148965140219742,0,0,0,0.0007802420393014,0.000479660829805436,0.00181117100716275,0,0,0,0,0.000584691427321496,0.00029816915991368,0.00283607372835083,0,0,0,0,0.00240012959309477,0.00242881487107324,0.000529502532320813,0.00226210274058273,3.99224572184089e-05,3.78369087131547e-05,0.000121761840176449,0.00114230611308558,0.000632164212096348,0.00100654168296833,0,0,0.000229352421924761,0.000544185515524466,0.00490216148308715
0.0018210035826989,2.52109493938356,0.0166940241448582,8.05861291531844e-05,0,7.19614994042885e-05,0.00401711204048853,0.000744829484475512,1.83350894777341,0,0.00346582981462405,0,0.00287121513335651,0.000993340101976217,8.42824605044243e-05,3.52769001243225,0.0163488483033643,0.00182514485169993,0.00938526599193746,0,0.00559109808698549,0,0.0209909422925343,1.53471165877761,0.259986873252046,0.0394453742495933,1.39173269173378,0.0174827603000922,0.00449344626702264,0.0157829182179574,0.00348766629493672,0,0.0067364188990327,0.0354193387840143,0.000971832122474618,0.0726537260017522,0.0402058159058933,0.0573734080257631,0.0501300024842742,0.00554631659960603,0,0.00155137406662697,0.00949468792238369,0.00841194089184486,0.016844216846553,0.0158993404943486,0.00261432630003892,9.09182185600673e-05,0,0.0022118460139373,1.18186470275994,0.00658527418348664,0,0,0.000283971780491998,0.00259498892164391,0.000233956339880884,0.174481437152751,5.19535919062709e-05,0.00197959945129066,0,0.00595856941209644,0.000865797710280742,0,0.239652121113392,0.00256068880504183,0.0011611644966949,0.00206738518272515,0,0.01308148354858,1.35190701066958,0.00721805483484811,0.0397701893271681,0.0651221764565737,0.00777685858280557,0.0990478345353347,0.00795656797747336,0.00120187439089597,0.00466748602519766,0.00202933420460137,0,0.00154580971133726,0.00468344163541078,0.000730233067192018
0.0232357873733811,0.00351637186069798,3.00200544588212,0.000124746168534265,0.0004304690845864,0.00506857147545749,0.117004772256383,0.0221321618885214,0.00336907539802648,0.0052114198761102,0.00081188402264919,6.15348773167733e-05,0.00336698336123214,0.0184530576313265,7.70490892780832e-05,2.40473756930142,1.34052078817164,0.000283735323475375,0.00630209534549475,0.000190805940445547,4.70776150006356,0.0209909422925343,0,0.0316646213592856,0.000296465872808819,0.0932709147320434,1.50535479653397,0.270479140971066,0.504400922798095,0.173993708665692,0.000164609406465837,0.000331251769708892,0.243476253261615,0.257164825591832,0.0181403179179528,0.34173957848065,0.616687491918092,0.374065588639125,0.291123326457753,0.0514496466623281,0.0033002348407375,0.00179788685667396,0.00430388534571499,0.000674290825002424,0.00227441944570302,0.00537743538059435,0.00301960350881978,0.000546283844349045,0,0.000309168332356312,0.000956205480101309,0.000128174198662911,0,0,0,0.000255714840356619,3.32411888958985e-05,0.0015604773992972,0,2.25886723646466e-05,0,0,0.000162411638691773,0.000354790131589787,0.0015890207988398,3.23935334658153e-05,0,0,0,0.000699284359637222,0.00487582592987381,0.000578945078915176,0.000680411832892398,3.40056880500251e-05,3.45793018982821e-05,0.000668605811135631,0.000550100929641683,0.000111039369349991,0.000456240673482093,2.46854654476335e-05,0,3.99559411092924e-05,0.000659227786422432,0.0134732464200595
0.0471821970560841,0.0479510810186431,0.0113254759194402,7.08471053934375,0.000192490182141447,0.0958191764056835,0.782676093629781,0.0702483296329962,5.0625109479288,0.246605888391193,0.00101147801510741,2.34486213188267,0.000828423369272622,0.0773148697735893,0.00592793690316228,2.02186728737983,0.00303006760813043,0.000227123759280544,0.0012688974323008,1.45750909279452,0.0576501114236159,1.53471165877761,0.0316646213592856,0,0.00559939604535032,0.00373975006464018,0.137501880729919,5.38634396418861,0.129087447293604,0.19010305727099,0.000135252552319759,0.000954157457174244,0.0928895437608346,0.0997582054084176,0.00113587433088187,0.0996287055793071,0.0215297475401293,0.0659055015952463,0.0611971454986979,0.0405781087676189,0.000920225710396682,0.000508736651452149,0.0147182679819223,0.00106282010646924,0.00784593012440395,0.013704243982344,0.00695074221148534,3.67584354194243e-05,0,0.0243651785746261,0.0104011813381366,0.0013667804346645,0.128831061114337,0,0.000282077061080296,0.0227961507400674,0.00585421744967088,0.0947233638692987,0.00119741310077673,9.36949189971788e-05,0.000271079279807912,0.000157894035793145,0.00855274771034279,0,0.0364627267358375,5.02204862616847e-05,0,0,0.00119538678124454,0.0243881500822548,0.0406574578809465,0.00563193047585695,0.0349173240411841,0.00100787374987188,0.000244270398368375,0.00257393256970815,0.0247208817842034,0.0133623982874301,0.0243206483581067,5.6154105609425e-05,0,0.00871590955155153,0.0164771746938129,0.000860384470622575
0.000148822709702968,2.36935744536019,0.00141159163445481,0.000273964701227425,0,0,0.000412071720754538,4.26306668779098e-05,0.0903391001010949,4.50178901847953e-05,0.720373241352899,0,4.24305611776723,0.00013403392963683,0,0.00225826285351136,0.00171701661069301,0.0243717384652011,0.0618158028990163,0,8.78919481617996e-05,0.259986873252046,0.000296465872808819,0.00559939604535032,0,0.40195741333321,1.31360988673983,0.000155418865666709,0.000413722700110176,0.000370213230229982,0.62041587790985,0.000607042654120409,0.000461078990244071,0.0175722205740691,8.24745592458791e-05,0.0316852330505672,1.42583586156465,0.299502113202411,0.065321596108938,0.000436182047678885,0.000865347205781589,1.45479151977705,0.00116510394443284,0.0147253953793316,0.00824900114331791,0.00360622019034493,8.80636420462939e-05,0,0.00892829755648366,0,0.573642406799006,7.05719039140367e-05,8.46130562060922e-05,0,0,2.70021103218653e-05,0,0.0107037986090476,0,0.0296609658032781,0,0.0397479320484651,0,0,0.00467250053992524,8.79058606902973e-05,0.02421701187519,0.0119413362919438,0,3.48701555749099e-05,0.037053482696908,7.02708973104038e-05,0.00162852779214734,0.561753673117046,0.0412752470777779,0.0576555621688296,5.68210677859126e-05,8.63260360041049e-05,0,0.00741783317004648,0,0,0.00118292747905673,7.99432741934514e-05
0.0016137146271963,0.141112936894715,1.74476801521642,8.11248907236096e-05,0.000386035476148623,0.000127636211426794,0.00185614396973547,0.00129847771451004,0.0118914829364728,0.000333863349044076,0.274558848878947,0.000158121131872361,0.102316709183316,0.00158454875499295,0,0.00314546628561493,2.28813196560312,0.355996786689594,2.46724322557023,0.000210404416192748,0.00578965053033872,0.0394453742495933,0.0932709147320434,0.00373975006464018,0.40195741333321,0,2.51559943091657,0.000892052176747018,0.00740605057500943,0.002071691708639,0.303265322586404,0.00187779515328599,0.0013948811199399,0.189354767280053,0.000580974751515654,0.0609698253864621,0.408681154185283,0.285971480602786,0.09898916488395,5.36394692035898e-05,0.000862254769546077,0.0118819855677281,0.000601052241344678,0.00280320407629769,0.00277163270640106,0.00094484900266283,5.0409679872871e-05,0,0.000112272383407414,0,0.0879599525685913,9.67093198371415e-05,0,0,0,2.25922049829968e-05,3.04940247746761e-05,0.000673054486293281,0,0.00623068956155672,0,0.00941641165486767,5.64760918266433e-05,0,0.000299876444064638,0,0.0122514311051817,0.00509616662358335,0,8.88815303510339e-05,0.004362855609144,2.20540849322865e-05,0.000798393365441136,0.0498677841706258,0.0347609081000021,0.0383167023393066,8.85164515380434e-05,0,1.61257784838661e-05,0.00247487361376241,0,0,0.00118276871911272,0.000511652215346648
0.00184000537026204,2.73115514490066,1.4637739453929,7.62802471764024e-05,0,0.000367155051980685,0.0174342013402344,0.0024948632806129,0.0647959248064667,0.00083388602294227,0.0359556437488731,8.3112192351511e-05,0.327650516965152,0.0016449152534952,1.53834002447732e-05,0.869882681453023,0.147405624551922,0.0103854760367012,0.0996468315051173,0.000109035697758019,0.0716415860249662,1.39173269173378,1.50535479653397,0.137501880729919,1.31360988673983,2.51559943091657,0,0.0332358343588597,0.00511100109075762,0.0135696387044936,0.447750164908266,0.00031770033582579,0.00162124288355357,0.406876282088557,0.00735078214693765,0.229517481586821,0.229906796122339,0.349415715999803,0.162169027379127,0.00628691479723676,0.000679127085482965,0.00539603244353454,0.00271989677326074,0.00307940623408763,0.00520159157659043,0.00434636215516139,0.00207640854733248,0.000324774341025942,0,0.000244805935622523,0.323400723176765,0.000820514969201298,0,0,0,0.000618153050350483,4.53867407716919e-05,0.00805928381914272,0,0.00474465548822494,0,0.0103012708425441,0.000259107772922318,1.35932898088738e-05,0.00521039693152909,0.000796225986890831,0.00768027692897044,0.00607447956298785,0,0.000793389233463484,0.0825537015858142,0.000927458756808414,0.0030881186735276,0.0562869407882835,0.0309052643907913,0.0767106834258269,0.000599371498575237,0.000264513257146577,0.000899694150291507,0.00123950699684679,0,0.000316968823532197,0.00126873128174601,0.00855632882964781
0.0114074163257396,0.00140107468636426,0.0198354332045706,2.96334438376932,0.000100380085597081,0.0574981636714002,3.26161332832842,0.0381277085629708,0.0926842997977832,2.18196723546499,0.000452349001238826,0.00433965520755441,0.000149951770436918,0.0286057805472984,4.33958819310892e-05,0.586862878396967,0.00109330381231395,0,0.000324110957794238,1.0871076931134,1.15693939230684,0.0174827603000922,0.270479140971066,5.38634396418861,0.000155418865666709,0.000892052176747018,0.0332358343588597,0,0.0435289908402376,1.35905663883831,3.4207655744114e-05,0.000168735043163804,0.0421145361861403,0.0786841302505516,0.00227467912396318,0.0945398332981368,0.0149877846368716,0.0631650439377715,0.0715248034035803,0.00687740766146912,0.000137683387589196,0.000289042394489243,0.00341625198966067,9.38758603604567e-05,0.00125359189194869,0.00328115332656375,0.00186828332088933,0.000174171851016092,0,0.00462097227719968,0.000571525102889521,0.000144030301322403,0.0161151936978402,0,0.000133650004142752,0.00491337779912631,0.00148950626633461,0.0119431915936705,0.000142615371335595,0,0,0,0.00208505623755513,0,0.00551244980163261,0,0,3.29582326545419e-05,0.00624976477607435,0.00630466474084718,0.00284989516094146,0.00183723447092609,0.00897508587296385,0,1.23814592766445e-05,0.00031502051945366,0.00632427103508364,0.00330602849094487,0.00540733009081753,0,0,0.000874600476107014,0.00335906907920707,0.00173957403514232
1.26605496208968,0.000260657194161725,0.00851917653956795,0.0131089400794543,0.0363019785484778,0.0870419945990209,0.0711120544814921,0.291298549459973,0.0697675914525911,0.0663437255650656,0.0251700122857353,0.0687177922144206,0.000893496511027429,4.93194997812064,0.00312476849682547,0.00810814707701943,0.0049152827840233,0.000611779699212526,0.00482430906141468,0.0490412909108421,0.464242771418373,0.00449344626702264,0.504400922798095,0.129087447293604,0.000413722700110176,0.00740605057500943,0.00511100109075762,0.0435289908402376,0,1.45497336348439,0.00059580669463165,1.3401074104454,3.24195725715946,2.68532528956118,0.000726160592764294,0.0358009868213683,0.0258210580390344,0.582918455303527,0.0586118124458976,0.0346783715110362,0.240726832694893,0.000728543077409967,0.00141632485355392,0,0.00149072729891746,0.00175881621443906,0.00115141753070383,0,0,0.00835850515459357,0.00015848327795236,0,0.000345276367573338,0,0.000120472935889623,0.00938263182839717,0.00162248072742005,0.0133766753337355,0.000378784375122055,9.0278978270018e-05,0,0,0.00371624757378284,0,0.000748835526758536,0,0,0,3.86932213892487e-05,0.00166270797854559,0.00091151494406244,0.000288490095368157,0.00834955589893021,0,6.80229166427887e-05,4.21353487092564e-05,0.0069179476518319,0.00487992198776738,0.00636968618121517,0,0,0.00202588459657176,0.0043309148096646,0.000151374128895084
0.146699799096142,0.00207363122818305,0.0282974208835817,0.000486599255532875,6.79938998449205e-05,0.00190630969302419,1.75378407025573,0.0145280458925504,0.0682575535595379,0.00146245870681602,0.0001463656041844,7.07243856301323e-05,0.000453338988250373,0.0355192950727508,0,0.0586508765635248,0.00467802942170548,3.2277150377734e-05,0.000554600152607783,0.000101119951448408,2.7740118848292,0.0157829182179574,0.173993708665692,0.19010305727099,0.000370213230229982,0.002071691708639,0.0135696387044936,1.35905663883831,1.45497336348439,0,0,0.000643286226555953,0.598200292861468,0.398292359991748,0.00138790478691855,0.036705038474775,0.0146971151853064,0.0848235845545594,0.0429782196440418,0.00275027704756699,0.000955720248612757,3.61875120550659e-05,0.0056258388251695,0.000171357406556178,0.00410808210015575,0.00461428383921902,0.00145549913416674,0,0,0.0125594214346372,0.000674872629341063,0.000459233033175497,0.000181992665082356,0,0.000136756061527703,0.0129258033153633,0.0029942476673202,0.01991427642475,0.000192882790054487,0,1.96039886364416e-05,2.07192233043962e-05,0.00538026032984,0,0.00509752427623306,0.000115099142172686,0,0,4.26286090405631e-05,0.00455554873751256,0.0032097875018098,0.00162112421350359,0.0159954765392818,9.49023721036767e-05,0,0.000383377283567867,0.0096564300168868,0.00902331748270072,0.0147984863725639,0,0,0.00471334096383799,0.00800506197978491,0.000371809742118203
0,0.011305633789979,0.000153066010582306,0,0,0.000124767657484249,0,0,0.00170992592444851,4.43850575562702e-05,0.204424585656624,0,2.10965746300654,0,0,0,0.000701895490180735,0.00223504901729215,0.00575074654286049,0,0,0.00348766629493672,0.000164609406465837,0.000135252552319759,0.62041587790985,0.303265322586404,0.447750164908266,3.4207655744114e-05,0.00059580669463165,0,0,0.00122394489452755,0.000373233911456439,0.00795894343017903,1.17975504210156e-05,0.00483594942136989,0.203823433879561,0.0890055961965999,0.0213815841727276,0,0.000619024367668582,0.052416485073228,0,0.000754972976771906,0,0.000225577319863175,0,0,0,0,0.00251082322647158,0,0,0,0,0,0,0,0,0,0,0.000199249340712873,0,0,0,0,0.000239586108364498,0,0,0,0.00129677223762616,0,3.64147941180619e-05,0.00226729286084297,0.0003521471987408,0.00118400497367381,0,0,0,0,0,0,5.16468389782313e-05,7.61117930635544e-06
0.000487239577132842,0,0,0.000221030625436082,1.38455406201108,0.224623309136353,0.000628547743938781,0.502288570650078,0.00042182773321817,0.000504690304582028,0.0212240740617749,0.00167229293644888,0.000349044141519659,0.121858951374501,0.0016959196279107,7.27205806966289e-05,0.000285083201028232,0.00103346366949074,0.00122192491590304,0.00105094912614932,0.000193144784789948,0,0.000331251769708892,0.000954157457174244,0.000607042654120409,0.00187779515328599,0.00031770033582579,0.000168735043163804,1.3401074104454,0.000643286226555953,0.00122394489452755,0,0.00699189648331488,1.46664797116597,0,0.000411313461288691,0.0149990201726137,0.161230724294527,0.00775710717365732,0.18469320265294,2.521538462784,0.000371164060956407,0,0,0,0,0,0,0,0,0.00036271146993329,0,0,0,0,0,0,0,0,0,0,0,3.58297016195483e-05,0,0,0,0,0,0,0,0,0,0,0,0,0,0,0,0,0,0,0,0,0
