0,0.0102583325704952,0.0493636224714518,0.00697898888915598,0.000253234906234065,0.0102006062079527,1.6083757051235,0.378432590194746,0.0743859929314402,0.0541004487505248,0.015771230909351,0.00340845241787943,0.000565433632581422,4.08771404142431,0.000368641986863199,0.00238367786039981,0.173465910279297,0.0190189281604381,0.0791715532133103,0.0155181409649136,0.00800161994936439,0.00541319038775326,0.0296262650402758,0.053614184822779,0.00137865527992668,0.0725769440289617,0.0533672421121473,0.0654153494395934,2.63580752364887,0.990854103586316,0.000721577808486733,0.00178496570752166,0.0845245819670507,0.190466563377151,0.000502911457917374,0.0173802379599037,0.0215484292779015,0.0824193446098252,0.0045513439190159,0.0149509946163361,0.0106508049433239,0.00116678721259738,0.00729101296528527,0.000759834203235998,0.0066619454483006,0.0037437725888588,0.00163931371087817,0.00121554140394539,0,0.00150420594575647,0.00331097371122937,0.000587331111257931,0.00022962383321069,0,0,0.00608105262672813,0.00080752982948197,0.00225336385991201,0,0,0.000505377867317583,0,0.00159407908712353,0,0.000557578448695579,0,0,0,0,0.000261585712944443,0.000772444371000092,0.000379887969206327,0.0238433473897806,0.0012054825416896,7.05000193613162e-05,0.00157383842645176,0.0166204427382627,0.00205844720651625,0.0022667009250458,0,0,0.00176898063553671,0.0011178804383492,0.000894873320680802
0.0102583325704952,0,0.0310628403186516,0,0,0.000186697440205212,0.00657228460053679,0.00109013109909198,0.226973352860884,4.35780725061194e-05,0.283671956682104,0,0.383030540051802,0.00221927620409014,0,0.37975169710914,0.225466979324191,0.026859204431989,0.398250537736929,0,0.0152751025220602,2.79406833303306,0.0278555500665841,0.139499658842278,3.66244141870968,0.427904350226636,0.942001315648632,0.028832477295337,0.00388301697629452,0.0117531438793213,0.0430887573953653,0,0.00536683529036983,0.149668393908986,0.00427146052071214,0.121354866633339,0.1509378085256,0.289015013580009,0.163935374540516,0.0170172309173428,0.0124013707163317,0.0691196760655941,0.00434347330448131,0.00751138839786754,0.00663942885892881,0.00176686654866698,0.00414485792693748,0.00108914829731199,0,0.000124988525067492,0.886386595975826,0.138073013864797,0,0.00366349541580895,6.37341238421871e-05,0.000178585737796373,0,0.00340391572832897,0.000111906493828677,0.000843391364482504,0,0.00243955688568318,0,0,0.0109243858597197,0.00150274915345943,0.00270197749539847,0.00195091702157754,0,0.000361884987092499,0.0774592988228253,0.00305440557527788,0.00507301291211794,0.169542506625852,0.00699533866543072,0.266672209827791,0.00060580042602153,0.000125100612637939,0.000261914327173207,0,0,0.000267776893258263,0.0021943290995437,0.00400307802766609
0.0493636224714518,0.0310628403186516,0,0,0,0.00228067711139177,0.311932089619351,0.0213029318895333,0.00293823160303079,0.00368356622260015,0.0175988887552078,6.93867692436959e-05,0.00444755589170258,0.0269521770874663,0,0.0114172009651419,1.56066803707339,0.0263892774555022,0.0784262900136064,0,0.29084916302721,0.0219096311249168,2.56470135956754,0.00519910215465632,0.00524045086490405,1.64629798644122,1.10174388021164,0.133926757719563,0.0115870050280804,0.143766039680255,0.000619212122063404,7.73801359910849e-05,0.00213345422458266,0.378500679572772,0.00672862924235003,0.125732429685848,1.65903697162454,0.523124878938396,0.284847399246317,0.0258380295782336,0.00570154201045713,0.00304249678554824,0.00426609235485288,0.000379663084699723,0.00126055019267962,0.0031366496585785,0.0035779945717057,0,0,0.000278147616161153,0.0194325949259295,0.00641088191327824,0,0.00697143112535468,0.000205774621881807,0.000343419519227226,0.000170597807293938,0.00282735412807969,0,0,0,0.000208034931925713,3.1763473964897e-05,0,0.0114003757276768,0.000236614148558793,0,0,0,0.000414708199267827,0.0521823248221083,0.00291899205603686,0.00422856602673952,0.0014569052407015,0.000103049919839703,0.0397936715212607,0.00174921524909978,0.000391857622910786,0.000882837802061115,0,0,0,0.000479984304262921,0.00779729579957359
0.00697898888915598,0,0,0,0.000170308629779676,0.0353279253605803,0.058354464572766,0.0206850117887551,0.579277773722974,1.08175657073215,0.00181191506477843,1.16607681775008,0.00194731897519582,0.0113166320816376,0.00814404948787658,0.000292741353865811,0,0,0,7.88792609207986,0,0.000286499203502523,7.2466326305606e-05,3.79751745997465,0,0.000325002294235038,0.000524499725585993,2.06540620302621,0.00597408808809513,0.00101876416651852,0,0.00162896488078414,0.000794801892173257,0.00871506145154625,8.27045199102553e-05,0.015000742427391,0.000977526018045837,0.00802025530375542,0.000181839843431643,0.0196333808085346,0.0068598790830831,0,0.000809641851043293,0,0.00100101763707602,0.000231183106864735,0.00928999288065429,0,0,0.00127980663918212,0,0.000372716247432864,8.03772973812824,0,0.0170151402941405,0.0146852797255533,0.00326084925409366,0.163502284175294,0.768650277371232,0,0.476151222115582,0,0.005516457221108,0.000977943175981155,0.000238015357596408,0,0,0,2.48401261788594,0,0,5.34638972348278e-05,0.784646078888483,0,0,0,0.27812952569458,0.00161205700038376,0.00011880311156768,0,0,0,0.000663587845122317,2.82770139011532e-05
0.000253234906234065,0,0,0.000170308629779676,0,1.17100995227702,0.00139911976322585,0.320105837629244,0.00464809924529208,0.00507251173469608,0.00974873955479923,0.0126136478024049,0.00454867419958933,0.00895167744461383,1.11068195896289,0,0,0,0,0.00757900902380873,0,0,0.000154267877055872,0.00146016174684163,0,9.18443970522546e-05,9.15101267148535e-05,0.000602197525266239,0.0504940830228465,4.69501906201833e-05,0,3.76302458283612,0.00180894875167371,0.510757233860443,0,0.00451990170694879,0,0.0201577917735848,0,4.32155354815168,2.82898964193772,0.00526392624883474,9.53828731403137e-05,0,0.00021479439374829,0,8.22047541823717e-05,0,0,0,0,0,0,0,0,0.00014246173017964,0,0.000771974302936625,5.79960900118533e-05,0,0,0.000695853094909526,0,0,0,0,0,0,0.000151618716317588,0,0,0,0.000898296554903288,0,0,0,0,0.000137488118351198,0,0,0,0,0,3.86075283183669e-05
0.0102006062079527,0.000186697440205212,0.00228067711139177,0.0353279253605803,1.17100995227702,0,0.160398471126846,1.86095396377687,0.116467219215665,2.91610256662328,0.0215569637340925,2.07202110568823,0.0138792765594379,0.113328404442261,0.555180884535543,8.34268565256969e-05,0.000701362819536385,0.000601531631185731,0.00055236130365533,0.424456404724767,0.000679258236550978,0.000195857454263213,0.000852872026379835,0.0486853918261702,0.000368272534307157,0.001854661914148,0.00125850201254632,0.0787742006822759,0.0796452890714468,0.00616935274636047,0,1.61767010594235,0.000611780659932,0.117334617659872,0.0111107672370702,0.0691040803988263,0.00435422410572972,0.0495218624058666,0.00093590340576713,0.505973550007421,0.213567446249375,0.00435956191915422,0.000776699480653549,0,0.0008008686447338,0.000195406643594488,0.00250123928120134,0,0.000145600640765052,0.000343662502325421,0,0,0.00148705568284394,0,0.000477418490576182,0.00418364346781986,0.000564753105065081,0.0257671146148094,0.00146577656110867,0,0.00529266119208753,0.000308120028450003,0.000629107205867189,0,0.000156056899447771,0,0,0,0.00195254028141716,3.90955173257452e-05,0.000236442501389227,7.26486181200424e-05,0.0219939893789081,0,0,0.000108668935787875,0.0101302235900095,0.000493751898862461,8.48989935414322e-05,0,0,0,0.00028731263321936,0.000223143740694202
1.6083757051235,0.00657228460053679,0.311932089619351,0.058354464572766,0.00139911976322585,0.160398471126846,0,0.783626725042028,0.234753925115984,1.3876914758469,0.0255665081880599,0.0138396709958204,0.00917055678366271,1.1943604195205,0.0022013759241864,0.0215458734105525,0.0636675322438023,0.0068154264773744,0.0198171664502423,0.0254341699936541,0.109843840648184,0.017063971244326,0.179361887069107,0.49286725933339,0.00201374958444978,0.164522452873014,0.131180140913493,3.71538829238015,0.2657603364336,1.11108410881876,0.000228979475360751,0.00825253667288777,0.0244820867810118,0.194460328335821,0.00391445822690225,0.149420089240973,0.0867021953045554,0.21732295576823,0.0211044877075658,0.111908090516065,0.0760859855965209,0.00285517352684744,0.0138584248256132,0.000535089572185144,0.0105480953611776,0.00559736533053166,0.0084597448242417,0.000152401955649313,0.000316037260603451,0.00542507127891525,0.000915978781459122,0.000862026376184006,0.00506092266953667,0.000659093945038798,0.000723058775805414,0.041942807367491,0.00469816072101854,0.0409727572651068,0.00276689619720248,0,0.00343365845446828,0.000120753705056525,0.00901663093413278,0,0.0112055903337886,6.00185425852257e-05,0,0.000113891200396282,0.00230658899988853,0.00140932911532677,0.00719686598634022,0.00221060181977772,0.116685115878378,0.000192519410156629,0.00020378650485667,0.00445704394952476,0.0850499707662307,0.007941762923788,0.00759641924418809,0,4.67743319004198e-05,0.00156654894385443,0.00439787166119229,0.00331877727477272
0.378432590194746,0.00109013109909198,0.0213029318895333,0.0206850117887551,0.320105837629244,1.86095396377687,0.783626725042028,0,0.0528368212450018,1.225138406093,0.0495477952541359,0.120067414005725,0.0171565986968309,2.82991666958032,0.0219245889885263,0.00034551903800257,0.0133643167259,0.00220543921913367,0.00718059724356778,0.173864942952221,0.00362519800335519,0.00238691701095793,0.0096264687775701,0.0654424439150825,0.000524910735018728,0.0214555552567753,0.0153591160089147,0.124754341799411,0.46214685297197,0.102625553476677,0.000429415916214648,0.344698314737115,0.00322556717787729,0.251716097187031,0.000269922723580664,0.0345867617673149,0.0117694991886227,0.0822093377428029,0.00308616207027414,0.141008490716201,0.254460807864419,0.00288548183795503,0.00317931915942095,8.53505720998689e-05,0.00273405021701655,0.00123519899872815,0.0026626123371403,0,0.000583398315701833,0.00144867292171873,0.000303099167873175,7.19468545761943e-05,0.00203061367684335,0.000203779377936116,5.43498835183735e-05,0.0147805891297779,0.00111424043186954,0.00891356288961243,0.00119771733973922,0,0.00169497588679649,0.00049159516933901,0.00287378371656624,0.000167059918069645,0.000508716627879279,0.00011499419018568,0,0,0.000612355081818599,0.00012800696027259,0.000260620982763978,0.000226811133247851,0.0320260065127249,3.84518209807236e-05,0.000144817050473298,0.000493168096673378,0.0220318025293739,0.00238517471099728,0.00204233353806495,0,0,0.000262446056334823,0.000986706788522583,0.000362407640127307
0.0743859929314402,0.226973352860884,0.00293823160303079,0.579277773722974,0.00464809924529208,0.116467219215665,0.234753925115984,0.0528368212450018,0,0.2050483647562,0.0196470702053056,1.86524263082023,0.0229363017080203,0.0517690091604573,0.502239906342289,0.00720126484054284,0.00494929686959433,0.000731434968451053,0.00236097710645144,0.678978929464006,0.0053888993083423,1.51316028728894,0.00397858140987869,4.35543251183893,0.11054930841665,0.00574765796425098,0.00858582678885934,0.675210343867088,0.0733766923807251,0.0957485365978279,0.002771668415943,0.00965955677902153,0.0371380322494084,0.0628628965918791,0.00231270732393317,0.179549056702792,0.0266021722384835,0.108884933042687,0.0183547676809796,1.46041621140625,0.0650583612146252,0.00504274882022347,0.0393699434794328,0.00501656014476865,0.042745256155211,0.028045486637795,0.031767112105663,0.000681155839718593,0.00118522748416691,0.0298126471557781,0.0410216970635551,0.00378601435085053,0.0251167400303459,0.0028491418997237,0.00179075060009403,0.0852485898465638,0.00731571783812925,0.755419256651118,0.00556525475397507,0.000216916169066671,0.0105468914427482,0.00118135102737421,0.0166035118372133,0.000485397124057627,0.00994183054813811,0.00098270465456317,0.00010563932829135,0.000289588650274713,0.0179880319792136,0.00274825360456068,0.0249853169663428,0.00163965885749314,0.371374462460702,0.0259058129784496,0.000867361606318208,0.00899139031488003,0.150550168468348,0.0290752758164179,0.0326669091583548,0,0.000795124986002008,0.0191109450613371,0.015668239792965,0.00229227688053502
0.0541004487505248,4.35780725061194e-05,0.00368356622260015,1.08175657073215,0.00507251173469608,2.91610256662328,1.3876914758469,1.225138406093,0.2050483647562,0,0.0205283450586595,1.83071179054421,0.00569384966508734,0.17213646312625,0.0174703058918737,0.000154835131396695,0.000917931661210238,0.000757210735942272,0.00073944445695126,4.1927975938446,0.00103794460085225,0.000501035438105622,0.00178158887197479,0.160920855442645,0.00032383604448263,0.00301626518255223,0.00231814322493945,1.89632644466029,0.0894255994132463,0.00650627914305662,8.34830329761007e-05,0.0141819104247472,0.000471794188573773,0.11261303758561,0.000195337008776816,0.0451975246864149,0.00366870673840946,0.0815798165374436,0.00272040744892436,0.0724141110546516,0.0398506929251169,0.00216345884278149,0.000524704442659491,0,0.000836751612992407,4.0463284557592e-05,0.0022325253338351,0,0,0.00141435563192583,7.10656126183215e-05,3.69546155274281e-05,0.021640216006568,0,0.000500033007999872,0.0139857045033562,0.00209507346070512,0.0609457229380178,0.00743634712629672,0,0.00704237307002058,0.000731826056031194,0.00219926732947708,0,0.000462544519039122,7.99390712737571e-05,0,0,0.0070348709555731,4.16818317526418e-05,0.00014704797812116,0,0.0584001378331177,0,5.61330987569886e-05,0.000173595079369091,0.0365811716379099,0.00186543255046413,0.000534445587147786,0,0,0.000269022898443574,0.000690837312798204,5.89362927673096e-05
0.015771230909351,0.283671956682104,0.0175988887552078,0.00181191506477843,0.00974873955479923,0.0215569637340925,0.0255665081880599,0.0495477952541359,0.0196470702053056,0.0205283450586595,0,0.0201334672562269,9.2062361588703,0.0598568648214145,0.00170961051806742,0.0457581235998545,0.0664984293750577,2.87751423237368,1.00780808867791,0.0176630740665816,0.00772465801628747,0.0987386760687107,0.0190975653497858,0.0341879946343479,2.7572364264877,3.39732812056192,0.621737514440633,0.0153001546568108,0.0827709461320082,0.0210684324266163,0.588317950265158,0.0586828284294242,0.00266912233993018,3.00387998027772,0.00773198360151677,0.270292239913426,3.84858427118971,5.95772527072681,1.09612384030452,0.0247414926233615,0.0128380480259262,2.30283802863979,0.00171609786579645,0.000732104620433528,0.000574603774278674,0.00324053188589275,0.00840166755703156,5.81361348870714e-05,0.000518606211552142,0.000185524920276918,0.030690045841086,0.00446074094319739,0.00047009353681033,0.00580940787961464,0,0.00152436973679392,4.39393953968817e-05,0.0010317145771835,0.000341282242215118,0.0012038404061616,0.000231535656851688,0.019153973799392,0.000150351451546432,7.36108278355605e-05,0.00190050259966568,0.000586439429749282,0.00029093111699775,0.000198791109064538,0,0,0.00469423660188659,0.000587372084820714,0.00457207542052481,0.106845456241509,0.00574292334401386,0.0246885217590802,0.00290049543645771,0.000228524197556841,0.000731947631926668,0.000434606777234625,0,6.77380831309339e-05,0.000257330221229323,0.0115184889822633
0.00340845241787943,0,6.93867692436959e-05,1.16607681775008,0.0126136478024049,2.07202110568823,0.0138396709958204,0.120067414005725,1.86524263082023,1.83071179054421,0.0201334672562269,0,0.0057532538951443,0.0452262899065734,0.400531147386699,0,4.42161181897136e-05,0.00014479555479634,0.000487994060005201,10.1985468723122,0,0.000496703438920719,0.000288309291243973,1.33147053863376,0,0.000829429882437716,0.000193185761087925,0.192300768004788,0.0463218576620684,0.00175348128798744,0,0.018756534140106,0.000201999312894821,0.0776169675244846,0.0970122104175864,0.0481976514110202,0.0005090486361365,0.0443205531051917,0.000899406212746508,0.50476162225096,0.0251773831453059,0.00161697011817132,0.000193759922981695,0,0.000647234018813269,0,0.0107767515892533,0,0.000300353262091047,0.000503298336341877,0,0,1.4832318585755,0,0.00888162895297043,0.0025806699429577,0.00136475570374298,0.0792238220350838,0.0990761797996729,4.20221976421098e-05,1.17442668604985,7.4288853004003e-05,0.00117481536374208,0.000478445644610118,0,0,0,0,1.49320753527521,2.66693678352531e-05,0,3.0778890634818e-05,0.0543517320010088,0,0,0,0.0291974029406628,0.00098223742323546,0.000253412835159214,0,0,0,0.000249426245687359,0.00459564828338881
0.000565433632581422,0.383030540051802,0.00444755589170258,0.00194731897519582,0.00454867419958933,0.0138792765594379,0.00917055678366271,0.0171565986968309,0.0229363017080203,0.00569384966508734,9.2062361588703,0.0057532538951443,0,0.0095943215681723,0.00255555713601977,0.0588829478715599,0.00346503316200377,0.095917509167708,0.0319296621492337,0.0058350034536919,0.00738335652337783,0.1139458394337,0.018115092346333,0.0322447038244219,2.9772617460972,0.851412500673887,0.580076488086031,0.0131413195199713,0.0162704134348853,0.00315959382973015,2.8483053144278,0.0284686633714376,0.000181521360722268,0.310307611577534,0.00695556736580429,1.31964102754503,1.49389982802754,0.695268786734472,0.394664817584665,0.0504963747152218,0.435063062540391,3.33736726842172,0.202199522879671,0.0189570077232378,0.000887063591349231,0.00357701926496565,0.00107796238954568,0,0.0714513439892841,5.7195853810723e-05,0.0402125319411741,0.00321573591824282,0,0.000865996192310147,0.000147415160238513,0.000784841769203605,0.000136490992805651,0.00135992617321384,0.00015658869212753,0.000745180289027259,0,0.0738895335709079,0.000280782566952044,0.000612732476609423,0.00573039178147281,0.00014203120958239,0.000211403413173217,0,0,0.00058260296476278,0.00855842674595245,0.00102783509004457,0.00324164790944077,0.0744622091717766,0.00316376552151925,0.0197005421419327,0.00310286377075679,0.000347690055458949,0.000344834178912024,0,0,0.000189705082023256,0.000518043185491861,0.00850236461734355
4.08771404142431,0.00221927620409014,0.0269521770874663,0.0113166320816376,0.00895167744461383,0.113328404442261,1.1943604195205,2.82991666958032,0.0517690091604573,0.17213646312625,0.0598568648214145,0.0452262899065734,0.0095943215681723,0,0.00738690719667501,0.00106735679675267,0.0447333693929036,0.00448371260361673,0.018312328131806,0.0644484680636056,0.00567525139408244,0.00266534440486619,0.0169041753510983,0.0579975591858699,0.00101661439075334,0.0420382338313926,0.0298138899635609,0.101680199855313,1.27747777780558,0.243407311572466,4.57442180167196e-05,0.495300866832569,0.00699813730801297,0.368839529994402,0.00036275746235489,0.0277267667341632,0.0139726196257281,0.0947355006850213,0.00307326151305899,0.0617586635940044,0.100315951677639,0.00297881590455427,0.00395186539719433,0.000177120004781465,0.00328934109970163,0.00116740791532898,0.0020266491934378,0.000117298330958097,0,0.00135260776703281,0.000372838620099277,0.000142812693798536,0.00106426188552041,0.00048247058317411,6.07457786485719e-05,0.0114492587060656,0.000636324897731978,0.00350051802355949,0.000299401286737421,4.64631285379865e-05,0.00076078152813933,0.000848175227445829,0.00228970875921317,0,0.000717883137199718,0,0,7.05522939851684e-05,0.000100022036729022,0.000119362452608813,0.000745383796987661,0.000108235983619497,0.0261235335926025,0.000251054342913436,0,0.000933525171078424,0.0191093629013932,0.00281638595678298,0.0027765142397298,0,0,0.000499156289994709,0.00103711423293362,0.000628338149351894
0.000368641986863199,0,0,0.00814404948787658,1.11068195896289,0.555180884535543,0.0022013759241864,0.0219245889885263,0.502239906342289,0.0174703058918737,0.00170961051806742,0.400531147386699,0.00255555713601977,0.00738690719667501,0,0,0,0,0,0.0457788943996806,0,0.000185778976780314,8.4644708702457e-05,0.0198355663033509,0.000142486592115752,0.000321858828883514,0.000102350850286294,0.00292822299136626,0.00836299926371537,0.000462834466947924,0,0.0488975889822403,0,0.0125400911742134,0.000143273640370716,0.0572430082528854,0.000193689862402421,0.00816715212513689,0,8.38881401790054,0.0145752413147998,0.00123797109843723,0,0,0,0,0.00103158775342899,0,0,0,0,0,0.000749028246025829,0,0.00015923545863783,9.93395898188029e-05,0,0.00461618819994524,9.89142122140405e-05,0,0.000919588161304798,0.000111216759890726,0.00013481555518538,0,0,0,0,0,0.000233068730868276,0,0,0,0.0028754272674683,0,0,0,0.00051552061076042,0,0,0,0,0.000618767804295588,0,3.43578676321617e-05
0.00238367786039981,0.37975169710914,0.0114172009651419,0.000292741353865811,0,8.34268565256969e-05,0.0215458734105525,0.00034551903800257,0.00720126484054284,0.000154835131396695,0.0457581235998545,0,0.0588829478715599,0.00106735679675267,0,0,0.0186345771366621,0.000993865780257709,0.00937682716255707,0.000607672727437544,0.64983842540309,2.88819789930249,2.01060590944126,0.650753496186485,0.115061476213735,0.0159865739197599,0.720719393850925,0.278145696458644,0.00572211400025273,0.0903561850348516,0.00295041791920429,0.000237757202185294,0.00813240025666647,0.0517204364868509,0.0200030661617162,0.360197780419646,0.26802284859899,0.297224763018869,0.188174703506001,0.126607212007614,0.0349223223148619,0.0164484962578371,0.0535660525503006,0.0142740960042566,0.00778616732574753,0.0217477047856536,0.0255285873077548,0.00203461653421159,0.00154185906932104,0.000522723049956643,0.0173326896840902,0.00331403706772313,0,0.0271956830794524,0,0.0011504983345214,6.25741125214905e-05,0.0234686750934037,0,0.000284007669229373,0,0.000440786014553824,0.000507262245017239,0.00150668540475477,2.83283760400559,0.0013761756069963,0.000162916567774652,0.000954103292642151,0,0.14364519351521,0.131187503071331,0.153789226887538,0.0658956322778534,0.00873349573315066,0.00206042806790962,0.020623845033859,0.0181697574293035,0.00255445941893101,0.0191372443863072,0,0.000133262083139049,0.00156069129094918,0.0067342968039896,0.0240449430414069
0.173465910279297,0.225466979324191,1.56066803707339,0,0,0.000701362819536385,0.0636675322438023,0.0133643167259,0.00494929686959433,0.000917931661210238,0.0664984293750577,4.42161181897136e-05,0.00346503316200377,0.0447333693929036,0,0.0186345771366621,0,0.156242386456265,4.07728744061335,0.000266575703152428,0.286513051239337,0.0212471677028502,1.86915271677172,0.00783571865241842,0.0186098565799069,1.52772287784405,0.856088854436767,0.0272826834275686,0.0794399734175324,0.561506888904386,0.000984518065310641,0,0.00998563757699401,0.536193597462525,0.000632197871484904,0.0402481801182009,0.479366010254579,0.191368637923444,0.0365699188473027,0.00618170773380101,0.00158201184092684,0.000267805242707437,0.00216870522040067,0.00207001818948845,0.000820702701546467,0.00274515413203844,0.00245353982957407,0,0,0,0.0892366800604272,0.0146567753663178,0,0.000478596425090049,0,0.000219288243503915,9.32083556147789e-05,0.000867481541215125,0,5.39246285319447e-05,0,0,0,0.00106503382474898,0.00521399227006792,0.000202777080095034,0,0,9.82308964049662e-05,0.000727207141793487,0.0249641196693677,0.0012971560663213,0.00337677584226037,0.0130500352018464,0.00134110025551003,0.0360015026280845,0.00163610516013065,0.000276254708590063,0.000814794914994226,0,0,0,0.0015067583507776,0.00172973143460808
0.0190189281604381,0.026859204431989,0.0263892774555022,0,0,0.000601531631185731,0.0068154264773744,0.00220543921913367,0.000731434968451053,0.000757210735942272,2.87751423237368,0.00014479555479634,0.095917509167708,0.00448371260361673,0,0.000993865780257709,0.156242386456265,0,3.81830382327368,0.00123785116626479,0.00505247013028601,0.00568925076236883,0.0108081127805393,0.00116044164516554,0.171234333954767,1.8709552278228,0.0556244962283494,0.0013277527042172,0.00770407352801037,0.0208825842308745,0.0182666148343148,0.000575141240534875,0.00107639584570932,0.0727406427274068,0.000517207933963839,0.0263892408275799,0.111434261937807,0.232195623606644,0.100591416351311,0.00176414846518028,0.000189357946069744,0.0052205683975254,0.000419670343172927,0,0,0.000381410536867362,0.000125554120851542,0,0,0,0.00544190660157827,0.000940366459024297,0,0.00193881240105727,0,0,0,0.000689974153961964,0,0.00148039574628938,0,0.010096562694353,0,0,0.000168844345527322,0,0.000482556730558352,0,8.57153656210925e-05,0,0.000628381947646861,0,0.000334673658552919,0.0593101034085179,0.0028156548769022,0.00426162122211644,6.44093890252548e-05,9.40426864318579e-05,0,0.000267221953248194,0,0.000145297315915375,0.000105558705601844,0.000705994059974165
0.0791715532133103,0.398250537736929,0.0784262900136064,0,0,0.00055236130365533,0.0198171664502423,0.00718059724356778,0.00236097710645144,0.00073944445695126,1.00780808867791,0.000487994060005201,0.0319296621492337,0.018312328131806,0,0.00937682716255707,4.07728744061335,3.81830382327368,0,0.000360171474574515,0.0337022293026121,0.0181471859187835,0.0772176318297266,0.00431223358131335,0.283543458101381,2.2954310510474,0.508788128650777,0.00696154092391054,0.0373695722225736,0.147464450430537,0.0105757950243541,0.000856670419108568,0.00733861189141981,0.205254387597193,0.000743936253501856,0.0597115903497794,0.139845093325315,0.278144918173263,0.10006529635618,0.00207015514586237,0.00190900676365597,0.00532663295159605,0.000675493662103323,0.000904304395564281,0.00137693318646982,0.00120769903058152,0,0,0,0,0.122310637897764,0.00304402274986775,0,0.000853270021020494,0,0.000284466916033369,0,0.00108892279222924,0,0,0,0.00206864545998315,0,0,0.00207851510424936,0.000412586858560271,0.000302109822028513,9.81341501187227e-05,0,0,0.00588959976616925,0.000166982663769694,0.000819177622787055,0.0526178992850021,0.00856292382089485,0.0453612779937018,0.000451746377899995,0,0.00010075708766244,0,0,0,6.60797332179522e-05,0.000801580573846777
0.0155181409649136,0,0,7.88792609207986,0.00757900902380873,0.424456404724767,0.0254341699936541,0.173864942952221,0.678978929464006,4.1927975938446,0.0176630740665816,10.1985468723122,0.0058350034536919,0.0644484680636056,0.0457788943996806,0.000607672727437544,0.000266575703152428,0.00123785116626479,0.000360171474574515,0,0.000144817383965245,0.000141264961955684,0.000392843369003909,1.890800915101,0,0.000656075658970873,0.000594693829259999,1.11105092392077,0.0502671940679389,0.00186830257635789,0.000505343884669732,0.0203611017527651,0,0.0827071748489269,8.914492306193e-05,0.0374482673182159,0.0014184990900078,0.0587201765365909,0.00183201891923894,0.105315208047159,0.0428813129626178,0.00634924877997347,0.000681218086756658,0,0.000214845149855273,0,0.0037546957945233,0,0.000326052284270215,0.000455236503503265,0,0,0.034155635383427,0,6.78195370567335e-05,0.00474839410234387,0.00097849478439854,0.0883177521881019,0.0128185886952,0,0.0223446964252153,0.000355077412704264,0.000750537118049571,0.000179710529392469,5.09560841619339e-05,0,0,0,0.064189636930435,0,0.000108073731727113,0,0.034530548830858,0.000300010332235548,0,0,0.0129762213251107,0.000449327086624817,9.43495604403669e-05,0,0,0,0,9.20208002171659e-05
0.00800161994936439,0.0152751025220602,0.29084916302721,0,0,0.000679258236550978,0.109843840648184,0.00362519800335519,0.0053888993083423,0.00103794460085225,0.00772465801628747,0,0.00738335652337783,0.00567525139408244,0,0.64983842540309,0.286513051239337,0.00505247013028601,0.0337022293026121,0.000144817383965245,0,0.190223561559215,5.85120258349145,0.0814301598465932,0.00510613042524619,0.052343780053089,0.196712543886075,1.76873838142063,0.0510982520286191,2.71812860860817,0.000229318477217828,8.39529885094548e-05,0.0392471029508425,0.93053014306051,0.0206675377567786,0.288100100289738,0.121119974192122,0.639289460192099,0.0906012643919027,0.14654075282242,0.0451183062269211,0.00130814819880258,0.0163436100279017,0.00117181557316954,0.00233507010735974,0.00597748455395263,0.0147076146362861,0.000600805655198346,0,0.00122850777909904,0.00167428482799937,0.00118690403678753,0,0.0128782415892176,0.000200199435261023,0.0014394159040194,5.49477610248816e-05,0.0184781454742626,0,0.000185240893877132,0,0,0.000264349277133806,0.00163922703413916,0.124232409948186,0.00030112818806348,0,0,0,0.0112539573851805,0.0233394636678541,0.00902440506209299,0.0294153201694764,0.000299308090719141,0.000282567502146011,0.00346008466500479,0.0123492721140404,0.00204374564613179,0.0172905013985405,0,0,0.000331569795825527,0.00149306784642312,0.020174477846353
0.00541319038775326,2.79406833303306,0.0219096311249168,0.000286499203502523,0,0.000195857454263213,0.017063971244326,0.00238691701095793,1.51316028728894,0.000501035438105622,0.0987386760687107,0.000496703438920719,0.1139458394337,0.00266534440486619,0.000185778976780314,2.88819789930249,0.0212471677028502,0.00568925076236883,0.0181471859187835,0.000141264961955684,0.190223561559215,0,0.28256988969248,1.51106950747211,0.484986948470128,0.0272789096212323,0.477627583018189,0.116796692223731,0.00960635855677864,0.0705361379945504,0.00683651948421919,0,0.00445662712242298,0.0569674030063884,0.009727972954812,0.212183733167141,0.24200749660145,0.226220969468803,0.126198157379875,0.0714023755597187,0.0208591107666079,0.0329768359038467,0.0229197793872173,0.0078325730893961,0.0036037480347381,0.00993062697126464,0.0184101059591279,0.00230027577438463,0,0.000559159363434127,0.204983958172604,0.0267714571496951,0,0.0105573441663294,0.000863042288839462,0.00174638280961023,9.62341133304181e-05,0.0365401344470349,0,0.000425231079440661,0,0.000515797764118028,0.000370456961983452,0.000190069053127115,0.385777839103535,0.000250721114479737,0,0.000558056128602304,0,0.00778654546244155,0.636074302979536,0.0370296895568656,0.0540679879645605,0.162680517463582,0.00333074198390872,0.198181160661107,0.0118182888074802,0.00182562561699713,0.0129334340159127,0.000215580391442679,0,0.00122806012457334,0.00312562218280115,0.00981071422456203
0.0296262650402758,0.0278555500665841,2.56470135956754,7.2466326305606e-05,0.000154267877055872,0.000852872026379835,0.179361887069107,0.0096264687775701,0.00397858140987869,0.00178158887197479,0.0190975653497858,0.000288309291243973,0.018115092346333,0.0169041753510983,8.4644708702457e-05,2.01060590944126,1.86915271677172,0.0108081127805393,0.0772176318297266,0.000392843369003909,5.85120258349145,0.28256988969248,0,0.0198847497131795,0.00382252091511857,0.221066924372728,1.93758026496104,0.291220714984723,0.0224669694080196,0.884376842923459,0.000575336714500602,4.34613469892688e-05,0.00415110832259512,0.778345103857657,0.0611464131244359,0.596931384733478,1.92106115249423,1.27520967908835,0.57919623416518,0.297966760320071,0.0813568360883933,0.00395784096375601,0.0167235909274307,0.00223747410007595,0.00398065459417385,0.0139634223742341,0.0325134842897738,0.00161811083780045,0.000371481233077838,5.65866378168408e-05,0.0053742935123152,0.00405480008309428,0,0.0367640197421866,0.000733090126401706,0.000781608015958831,0.000117328825330736,0.00810081079995648,1.99980850003677e-05,0.000229347183566031,0.00048139547919766,0.000290801510229965,0.000179509778814949,0.000646384815988542,0.336248061022885,0.000322027742561972,4.33118267738654e-05,0,0,0.026773330532507,0.121178508830468,0.0288526645523757,0.0278249603177567,0.000575851238810788,0.000362545600845848,0.0539664253831968,0.00700816372704817,0.00069189125434499,0.00600970380724163,0,2.35044341819258e-05,0.000264174578901899,0.000827621098496443,0.0617943122870794
0.053614184822779,0.139499658842278,0.00519910215465632,3.79751745997465,0.00146016174684163,0.0486853918261702,0.49286725933339,0.0654424439150825,4.35543251183893,0.160920855442645,0.0341879946343479,1.33147053863376,0.0322447038244219,0.0579975591858699,0.0198355663033509,0.650753496186485,0.00783571865241842,0.00116044164516554,0.00431223358131335,1.890800915101,0.0814301598465932,1.51106950747211,0.0198847497131795,0,0.0673386763804971,0.0128555071012527,0.0397430027883418,3.70450168664368,0.125847099341524,0.219681988746305,0.00148712559301722,0.00383546394121051,0.0378951604473938,0.101043708674211,0.00908680613511973,0.244144961011901,0.0498775618224484,0.163403603030962,0.0248628214546676,0.160450104113408,0.0404281518071943,0.00723135685687858,0.0559754555009962,0.00429193391716985,0.0319784225928817,0.0181588129610709,0.0266396403971451,0.000242481076730989,0,0.0128130587522676,0.0175285081311062,0.00647918632765099,0.0994528647871075,0.00338912759381921,0.00133113826140669,0.0905094232270753,0.00759131778271484,0.416294949611976,0.00824320421939831,0.000371841167582186,0.0613102767758763,0.000428303327817554,0.0154409378605849,0.000263865097094584,0.0279510873768764,0.00104086806275353,0,0.000526424976725559,0.0526514389662005,0.00692716324276216,0.0679539649287018,0.00819457035661478,1.66674164555731,0.00707376709486572,0.0021139041096448,0.0128322272862816,0.290060033383315,0.0275407337217164,0.0469166203377159,4.98995616149689e-05,0.000112147373745263,0.00701046090457353,0.0133474477687561,0.0104826905482829
0.00137865527992668,3.66244141870968,0.00524045086490405,0,0,0.000368272534307157,0.00201374958444978,0.000524910735018728,0.11054930841665,0.00032383604448263,2.7572364264877,0,2.9772617460972,0.00101661439075334,0.000142486592115752,0.115061476213735,0.0186098565799069,0.171234333954767,0.283543458101381,0,0.00510613042524619,0.484986948470128,0.00382252091511857,0.0673386763804971,0,0.539245078443215,0.965468356767576,0.00822590555295902,0.00179778164944116,0.00543925631440249,0.294799335541017,0.000853514882088756,0.000678894300009551,0.0530185774675501,0.000630296835107801,0.0344097726798541,2.20878942595177,0.216047101544576,0.0839327946711131,0.00421485738013594,0.000843187341073529,1.09751466854208,0.00231642682788182,0.00295763805248433,0.000336951632771715,0.000474517393761476,0,0,0.00152788392733783,0,0.558465600213448,0.0142648479645635,0,0.000108387202335714,4.27273623274851e-05,5.60997388203113e-05,0,0.00215134563975795,0,0.000619138657782386,3.56976929753532e-05,0.0180138085738764,0,0,0.00299268730588496,0,0,0.00128173087944305,0,0,0.0513958339486634,0.000153747027801084,0.000462890103369299,0.380547347782678,0.00749916378082605,0.0495948693000815,0.000175632543734266,6.06960587848111e-05,0.000103426263626805,0,0,0,0.000356541058343041,0.00101132809402409
0.0725769440289617,0.427904350226636,1.64629798644122,0.000325002294235038,9.18443970522546e-05,0.001854661914148,0.164522452873014,0.0214555552567753,0.00574765796425098,0.00301626518255223,3.39732812056192,0.000829429882437716,0.851412500673887,0.0420382338313926,0.000321858828883514,0.0159865739197599,1.52772287784405,1.8709552278228,2.2954310510474,0.000656075658970873,0.052343780053089,0.0272789096212323,0.221066924372728,0.0128555071012527,0.539245078443215,0,2.67156161096106,0.0379821568300619,0.0381873098322734,0.131150636426698,0.501921536256374,0.000605146496427508,0.00505749868132021,0.296039758474878,0.00344892123809521,0.0989097610409267,0.18339785740982,0.453214599271725,0.147029143980372,0.0044792723527746,0.00233302037269414,0.00892034035943663,0.0013099762366887,0.00147217061451819,0.00176648795231178,0.00166277531737769,0.00217360537095202,0,0,4.09580436813665e-05,0.121981155684035,0.00754707646282639,0,0.00150698626270536,1.8700897302622e-05,0.000444296623091577,0.000105460072974075,0.000506702647247848,2.48755004264491e-05,0.00191364006555201,0,0.0162065943124885,2.36721399681106e-05,0,0.00181082770974047,4.1015572645027e-05,0.00078567932678062,0.00056755593625478,0,2.87820037696979e-05,0.00685955502089733,0.000226336298342308,0.0017837459086643,0.110908954131606,0.0179901737962008,0.0844489492964222,0.00143464042709334,0.000179604876242009,0.000320979867409344,0.000153567614877322,0,0.000177883593734348,0.000902484064783849,0.00454247654725354
0.0533672421121473,0.942001315648632,1.10174388021164,0.000524499725585993,9.15101267148535e-05,0.00125850201254632,0.131180140913493,0.0153591160089147,0.00858582678885934,0.00231814322493945,0.621737514440633,0.000193185761087925,0.580076488086031,0.0298138899635609,0.000102350850286294,0.720719393850925,0.856088854436767,0.0556244962283494,0.508788128650777,0.000594693829259999,0.196712543886075,0.477627583018189,1.93758026496104,0.0397430027883418,0.965468356767576,2.67156161096106,0,0.242559475449333,0.0334130448426264,0.0688448724182823,0.338842986301062,0.000732622676563576,0.00583401961274634,0.685078258979571,0.0477512501729851,0.446599151046306,0.655353257631035,1.0624593990893,0.536394061111726,0.0860489320865899,0.015004584226419,0.0146295277442596,0.0124900517767236,0.00389705783899141,0.00401577225126003,0.00816081800853922,0.0190790314404748,0.000601533194553721,0,2.52630628243026e-05,0.167709173036472,0.0461706410797075,0,0.0209172886709632,0.000131206671234352,0.000587906646446971,1.41017095413973e-05,0.0103546733072262,0,0.000891067595385439,4.88875193624255e-05,0.00440866997995562,4.55049407174302e-05,0.00028901094766135,0.231030071183007,0.000869221567950017,0.000553351303140423,0.00072917392157606,2.6624703693634e-05,0.00245993637936533,0.164286561909747,0.0446374753310903,0.0182611948475189,0.0722506516303124,0.0174367016979332,0.27293939390976,0.00357449248574177,0.000304496644174733,0.00108273757337419,0.000263977056525489,0,6.46244855855925e-05,0.00174188771880862,0.0608292907786588
0.0654153494395934,0.028832477295337,0.133926757719563,2.06540620302621,0.000602197525266239,0.0787742006822759,3.71538829238015,0.124754341799411,0.675210343867088,1.89632644466029,0.0153001546568108,0.192300768004788,0.0131413195199713,0.101680199855313,0.00292822299136626,0.278145696458644,0.0272826834275686,0.0013277527042172,0.00696154092391054,1.11105092392077,1.76873838142063,0.116796692223731,0.291220714984723,3.70450168664368,0.00822590555295902,0.0379821568300619,0.242559475449333,0,0.21002814145309,1.25961319094491,0.000281652240800736,0.00393472292026829,0.0901867319207268,0.229297591257802,0.0162008286447474,0.268372109609569,0.0841833351936274,0.310661797292147,0.0447520799968953,0.112072594591733,0.0457034162448132,0.00220648300330949,0.0428965840042102,0.00244063779203608,0.0182696545253895,0.0130556500303023,0.0235790160704207,0.00166930687746193,0.000196655195877761,0.00879986908104908,0.00322194830144665,0.00237111844226829,0.0123086863505487,0.00413606500768725,0.00158188361740026,0.0699971263425095,0.00749132808670996,0.127216319483545,0.00720641135292019,0.000280980842712905,0.0116427349749101,0.000180631213899011,0.0128311491636336,0.000126032734668227,0.0415149880563631,0.000392739208706658,2.2098756740474e-05,2.59822959551297e-05,0.00737987065120632,0.00707026766421104,0.0189813877687167,0.00529514732242018,0.28187968491546,0.000240458030294008,0.000425780051466209,0.0098054036793317,0.189652751443102,0.0222480431065234,0.0467458263045797,0,0,0.00489186999443904,0.00855550015478804,0.0155750166474812
2.63580752364887,0.00388301697629452,0.0115870050280804,0.00597408808809513,0.0504940830228465,0.0796452890714468,0.2657603364336,0.46214685297197,0.0733766923807251,0.0894255994132463,0.0827709461320082,0.0463218576620684,0.0162704134348853,1.27747777780558,0.00836299926371537,0.00572211400025273,0.0794399734175324,0.00770407352801037,0.0373695722225736,0.0502671940679389,0.0510982520286191,0.00960635855677864,0.0224669694080196,0.125847099341524,0.00179778164944116,0.0381873098322734,0.0334130448426264,0.21002814145309,0,1.09600182188625,0.00013024930596977,0.865638376414872,2.3842530164213,1.42309610484395,0.000907374855116329,0.0331333234531937,0.00705454974008848,0.194450260459881,0.00437377143329924,0.0797084228511884,0.0935315026568027,0.00328982231137491,0.0123649283029001,0.000420224018519727,0.00653230696163487,0.0045537570277801,0.00502669046475117,0.000144636007826139,0,0.00264906692090389,0.00129347056431925,0.000406237232655739,0.00058183128608259,0.00036639187281988,4.08886986973337e-05,0.013086814182887,0.00118896992980558,0.00493585495997005,0.000625948045753482,2.42733298505632e-05,0.000523023018882046,0.00052980216092961,0.00208790242930312,0,0.00188629995409199,8.80049394677562e-05,0,5.27231323640205e-05,0.000206016147115388,0.000965773220204391,0.0008230419683954,0.000446214176690075,0.0563776502015374,0.000145655833551999,0.000298876892117546,0.000783289221395634,0.0397882673590823,0.0048200652434451,0.0120935572011237,0,3.00412608134585e-05,0.0011775538088342,0.00253827872155308,0.001319813985678
