0,0.00177586243455536,0.0581634251456395,0.051665577959094,0,0.0633191560215811,2.25439067271012,0.24573021316089,0.131162648553965,0.221568406811233,0.00144283117036392,0.01704435608204,7.45719227933719e-05,4.34210563997247,0.00130186289657118,0.00510345029213388,0.0515019058127408,0.00015081107849947,0.00427504666771199,0.188626757204424,0.0315483852542487,0.00639881521068963,0.0800751396477817,0.124693585533071,0.00160602383601904,0.0126830414120044,0.00441555177589556,0.131539853276785,0.633690651812395,0.392130847405423,0,0.00256139653955658,0.0348991853609332,0.0749695905600785,0.000912148089457788,0.0122721153217289,0.0187664125404271,0.112394673633501,0.062796666573348,0.00289915555631874,0.000642506888491854,0,0.021811132772171,0.0030953972814291,0.0137620410136695,0.0175233950112277,0.00184301304760044,0,0,0.0140622644507286,0.00254673978607777,0.00122453084143973,0.000733852031501046,0,5.58966471480623e-05,0.003671450986594,0.00346752921732713,0.0275946636613024,0.0011945289980632,0,0.000963719256423978,0,0.0103207419900502,0,0.00374640010053433,0.00035866466542845,0.000150243293937074,0,0.000248136953908486,0.000316237561791327,0.00437582235441906,0.000652369154695541,0.0390513785491805,0,3.50885146560762e-05,0.00209517285076331,0.0126271637253083,0.00786443916678894,0.00331678930977659,0,0,0.00352430626973495,0.00385220007725878,0.000857716448539548
0.00177586243455536,0,0.0114942216482496,6.77202626193415e-05,0,0,0.00162623332094976,0.000310542273873249,0.212002114452641,0.000193268077418459,0.0103953008145867,0,0.0492489028720869,0.00194406282205619,0,0.0903910523597986,0.0255845393851228,0.0167161089381731,0.0273722739472072,0.000280536806226054,0.00113147528340897,1.60520007701126,0.00438102872155138,0.051202208993608,1.66762402044992,0.038129675537544,1.74522084672731,0.00668345876817098,0.0028769357204099,0.0018257460267969,0.0128734683466568,0.000273126549754532,0.00164752210021385,0.0281862364603973,0.000308119984947906,0.0220639361832319,0.131706181008503,0.135565159021108,0.0405520872768256,0.000190232572483306,0,0,0.0058816733569997,0.0154224183693311,0.0610423233064354,0.00752814934640473,0,0,0,0.000436882976344871,0.577901414231581,0.00886113813453066,0,0,0,0.000873296062363059,0.000182194169245089,0.0594650415440034,3.02632874800886e-05,0.00182912400961203,0,0.00407176831218353,0.000247514946610744,0,0.00866456870457163,0.0392236599819805,0.00210084896907626,0.0353061880887719,0,0.000587312655063964,0.348558241816759,0.00328531758736262,0.0101987177670268,0.177164678350905,0.0899584823944675,0.0679981843165958,0.00112416276404068,0.000419471893575233,0.000415304233613473,0,0,0,0.018574902248499,0.000174627865944653
0.0581634251456395,0.0114942216482496,0,0.00337752344147257,0,0.00439287163613443,0.11464436207306,0.00783679385472379,0.0025153575722886,0.0076222093358998,0.00287201247051432,0,0.00134502139599501,0.0230011012037808,0,0.0197733347570774,1.77340904262318,0.00703675721956478,0.0720585751850425,0.00104881730614684,0.144870829759738,0.015913572148636,3.0349237242936,0.0142193010532571,0.004465034154544,1.51129776882077,1.54745588709973,0.0861137369512065,0.00762598693542699,0.0883708054946568,0.000931414113250792,0.000550785241571908,0.00270205411260252,0.0642324106321746,0.00221455238377112,0.0548761432689581,0.0995781065164377,0.304162666025227,0.0775916009168177,0.000994236531060021,7.0401850945671e-05,0,0.000978113666975096,0.000530100929865911,0.00197124637523408,0.00222249437593066,0,0,0,5.43733971870271e-05,0.0029034147131855,0,0,0,0,0,0,0.00106818962087725,2.64130512702319e-05,0.000102910077565618,0,6.45032802933372e-05,9.24934910683027e-05,0.000224597267492849,0.000353026972241827,0.000441598348008723,0,7.99138476221565e-05,0,0,0.00253873102171425,0.000358270905689662,0.00114839700993966,0.00110984900322452,0.000224204379869915,0.000889162632881973,0.000322751659238637,0.000156379825242942,3.25495815319127e-05,0,0,6.43727391042249e-05,0.00022401750936937,0.00134175373095655
0.051665577959094,6.77202626193415e-05,0.00337752344147257,0,0,0.00844882487106029,0.0804473407269876,0.00802891072900811,0.137728393671047,1.72478896690204,0.000240343338908885,0.817014892615827,0,0.0312186073817205,0,0.00109952578600147,0.00103188271174866,0,0.000332522960936226,8.39746911351476,0.00123259063285435,0.00143535863685541,0.00263538018147742,4.12356467015675,6.41472272415776e-05,0.000907174159322711,0.000385949593351101,2.93945161594329,0.0184680936073097,0.00243777552004582,0,0.00025133738526411,0.00910035799323345,0.00860234702203216,0.000104526671198529,0.00270151564216616,0.000552705779362141,0.0129600466548609,0.00744015824092,0.000123707363820222,0.000257790757739407,0,0.000651521920917511,0.000276062520448313,0.000879766470450176,0.00386847044784847,0,0,0,0.000978704977549489,0,0,1.05665006379919,0,0.00113590432105727,0.00101768211808735,0.00178961609523393,0.000881930815173876,0.0112681043407092,0,0.414601179481553,0,0.00197349884808509,0,0,0,0,0,0.489380882178,0.000176818334661324,0,0,0.0085193867404287,0,5.89565804012967e-05,0.000167192679934359,0.0164147479226589,0.000873020579186379,0.000208555405328114,0,0,0.000336558146182884,6.49281525405498e-05,0.000125375290315206
0,0,0,0,0,1.17762591674076,0,0.0692480215541192,0.000117861057319351,0.000353530679593707,0.00249834964713678,0,0,0.00517550505461893,0,0,0,0.000429921719093999,0.000402903539105348,0.000194233939056938,0,0.000188998072756888,0,5.26564712323477e-05,0.000406152963094247,0,0.000215098885277704,0.00054489720642253,0.0596585135932542,0,0,5.30537241533822,0.00216421811161531,0.405645973237864,0,0,0.00121783072448032,0.0165487828726661,0.00151414254145443,1.49988485258734,9.66870420324793,0,0,0,0,0,0,0,0,0,0,0,0,0,0,0,0,0,0,0,0,0,0,0,0,0,0,0,0,0,0,0,0,0,0,0,0,0,0,0,0,0,0,0
0.0633191560215811,0,0.00439287163613443,0.00844882487106029,1.17762591674076,0,0.308402140196728,3.46964545103433,0.0145267019606379,2.55667279430774,0.00217438797569216,0.818970126365437,3.55131755287344e-05,0.297775908349741,0.43909694850336,0.000386861393238951,0.00106130283082778,0.000138409847689758,0.000403704807096633,0.290582753759197,0.00197277937033637,0.00048978258462314,0.00477180422998302,0.0362686083187224,0.000433847224242129,0.00178768533935509,0.00079907691283712,0.0712507012966471,0.158347976837567,0.00322218510312991,0,0.556030217745354,0.00183261877639343,0.0282198743867392,0.14044380789548,0.000889519537826021,0.00197780064447078,0.0191462586119763,0.0047851812829991,1.2383291222821,0.154937046882861,0,0.00191592252853869,6.33761090245988e-05,0.000698543582050156,0.000887896152571413,0,0,0,0.000727822478313021,0.000170500082974355,0.000143061166604666,0,0,0,0.000485584895916543,0.00112922634108917,0.000828744833502852,0.000176231661179378,0,0,0,0.00082054072263534,0,0,0,0,0,0,0,8.74388848296215e-05,0.000124427461103724,0.00341427642080768,0,3.37114249309486e-05,0.000131187805449788,0.000877840926404305,0.000591376057429477,0.000409130642627659,0,0,0.000103716093881026,0.000101794026330137,0.00014070465375599
2.25439067271012,0.00162623332094976,0.11464436207306,0.0804473407269876,0,0.308402140196728,0,0.262062443204162,0.217808359255081,2.75278661446964,0.0011627614784188,0.00191361747222762,5.04609386715697e-05,1.40890295731312,0.000633900471198184,0.0113869509331854,0.0331428590679353,0.000186181877800252,0.00425089830972439,0.0692085150829719,0.16807968242996,0.0125387018143903,0.214603724057199,0.422383186140015,0.0015270962786848,0.0237806974787526,0.0133820748558275,4.53171052359317,0.0859630663412024,1.70676610884774,4.21258524213207e-05,0.00110339018040895,0.0229302257496097,0.0633287008710571,0.0021377058987658,0.0205737214751815,0.0120934152952765,0.117641356998191,0.0643949116893704,0.00234404342652433,0.000838959788467214,0,0.0152164390774372,0.00206980742172778,0.00758278275068943,0.0103494466642468,0,0.000269958940800804,0,0.0102698857754951,0.000574351953044837,0.000716856781829883,0.000102746254610467,0,0.00101426984673328,0.00646359183494645,0.0061850980806443,0.0127972647055017,0.00220896766272472,0,4.57269972301783e-05,0,0.0127943882207295,0,0.00201238203933505,0.000139887705274767,0,0,0.000734516327633938,0.000896708257315084,0.00332479662902356,0.00159325883094121,0.0361177887459424,0.000959666232401915,0.000146089622132188,0.00113110138709211,0.0113091163841167,0.00917704239661501,0.00359114669672454,0,0.000139802389355292,0.00349745039546065,0.00355383937553574,0.00138577559094319
0.24573021316089,0.000310542273873249,0.00783679385472379,0.00802891072900811,0.0692480215541192,3.46964545103433,0.262062443204162,0,0.0227419712622813,0.787535387040472,0.00553148582847911,0.00910150611209452,0.000334678735402162,3.5448486019587,0.00353980286820386,0.00032546036017604,0.0030988172498473,0.000444985344642627,0.00172000305242843,0.0428388115294352,0.00398495601835066,0.0010672508821889,0.0112022858725099,0.0327016596797955,0.00154980610442347,0.0032254577315245,0.00152876674396836,0.0402606964740905,0.269229920802155,0.0123626438043208,0.000117632879912011,0.175293214974034,0.00370581966167677,0.0640492593480268,0.000109382042085536,0.00258707513117207,0.0023865717602379,0.0414144817969567,0.00596949625685415,0.0176553164394329,0.0239418600819497,0,0.00295246891245994,0.000741966385457738,0.00164381631952901,0.00146109614247336,0,0,0,0.00198349175428626,0.000398077712033987,0,0.000105810886069438,0,0.000234084657276978,0.00113623488365697,0.00140927028495307,0.00488373520781232,0,0,0,0,0.00285636288902478,0,0.000505151796001725,0,0,0,0,2.25023055697672e-05,0.0015344586596524,0.000161723071137249,0.00424218934361109,0.000138826768984496,9.32231878746971e-05,0.000479695410489903,0.0014511610233889,0.00330474540237779,0.000567932519976107,0,0,0.000464132958911745,0.000315435053046872,5.93275649612042e-05
0.131162648553965,0.212002114452641,0.0025153575722886,0.137728393671047,0.000117861057319351,0.0145267019606379,0.217808359255081,0.0227419712622813,0,0.0351596130428623,0.00240025859694718,2.67736806587259,0.010809939795799,0.0808530849257578,0.666266031559179,0.0274221887444745,0.00393342917805093,0.00306176950588997,0.00321631661868778,0.384399322213055,0.00220634217480327,1.43770429104597,0.00320471862342593,4.71658264042751,0.163995050889915,0.00595424396396808,0.0786329398286856,0.19366427205796,0.0695023742626674,0.0901679327261075,0.00436098903822137,0.0013289943259402,0.0680724263687628,0.035549141439387,0.0685357576621423,0.0219481564072098,0.0213658350068993,0.0621705768670885,0.053703899375631,2.06773653626151,0.00289692089836478,0.000476060237989927,0.0782207510212632,0.00798688603735896,0.0568204994231528,0.0638593069955296,0.00302588492100971,0.00125593681764089,0,0.0558361761170477,0.0265056014347912,0.00265591258145654,0.00507374854409502,0,0.00378208807776439,0.0277481234205345,0.0251848578513801,0.613554860148438,0.00791382580677423,0.000132094634494544,0.00780111921022155,0,0.0515942198941212,0.00120999202256195,0.00988219942033118,0.00369192968785619,0,0.00258492775294153,0.0183541715165423,0.00410044930223778,0.0425452496644398,0.00445581940298764,0.234489627452092,0.0102306207860571,0.0031252288089838,0.00603665708683993,0.0454352592349294,0.0355613797195241,0.0150821240065764,0,0.000553932872036748,0.0163962680310333,0.0175510108411828,0.00234784220369726
0.221568406811233,0.000193268077418459,0.0076222093358998,1.72478896690204,0.000353530679593707,2.55667279430774,2.75278661446964,0.787535387040472,0.0351596130428623,0,0.00100429489229328,0.992463761278495,2.26135911225358e-05,0.324489170039078,0.00138123812659366,0.000350581431739654,0.0023359185091169,6.76606598089429e-05,0.000298175342864331,2.68165751183109,0.00402895602170471,0.000566416084345931,0.00734872570025589,0.129111507786764,0.00027758108678543,0.00251880012294007,0.000798932583752237,2.43894749349139,0.0572547951063367,0.00512830255536493,0,0.0015146527388052,0.00728040153247337,0.027622458953731,0.00576289342116735,0.00399818902001011,0.00186402794521776,0.0266148393398383,0.00772496701249614,0.00217519663132034,0.000159893768569319,0,0.00230661391311134,0.000275961157763406,0.000993484233646367,0.000418889960867718,0,0,0,0.000834505677670532,0,0,0.000239309436501918,0,0.00038323636763231,0.00034738020752554,0.000540339456188367,0.0015312076488213,0.000255098633507762,0,0.00010828747377739,0,0.00202153551146448,0,0.000736880268809303,0,0,0,0,2.37197291908522e-05,0.000221847154316711,0.000139844587030119,0.00324853139031325,0,0,0,0.000741278122994966,0.000864063003622145,0.000262733410998599,0,0,0.000391899875108776,0.000184146291533313,9.88258663953689e-05
0.00144283117036392,0.0103953008145867,0.00287201247051432,0.000240343338908885,0.00249834964713678,0.00217438797569216,0.0011627614784188,0.00553148582847911,0.00240025859694718,0.00100429489229328,0,4.35197738973027e-05,2.94794469669226,0.0243928728911482,0,0.00110144606753123,0.00134259959940526,0.545758806052842,1.67552195491116,0.000600640091812542,0.000645026316398328,0.00591375939240012,0.00265478151361298,0.00128510503149578,0.441274709491062,0.168500278594913,0.0667343572456332,0.00165791889607533,0.0622842917967868,0.000832390348766336,0.0265133814830519,0.0723678263267929,0.0029885186879102,0.740259940303071,0.00013750333588714,0.0345529158394659,1.13362230421435,1.29205050847823,0.157667940269147,0,0.00693508970272262,0.0974619032121907,0.000604562621665422,0.00296459748109781,0.00542652474948582,0.0017272317429272,0,0,0,0,0.000958166056446389,0.000247629425985932,0,0,0,0,0,7.8163090853579e-05,0,0.00016656171809125,0,0.000591060997111037,0,0,8.65195723348255e-05,0,8.97602386950433e-05,0.00231165567158565,0,0,0.000438230955158098,0,0.000302222942619644,0.0124324636151597,0.00212369803029113,0.00284117647256384,4.34989701746766e-05,0,6.1823450224431e-05,9.55729075574254e-05,0,0,0.00131913130177757,0.000135311419332083
0.01704435608204,0,0,0.817014892615827,0,0.818970126365437,0.00191361747222762,0.00910150611209452,2.67736806587259,0.992463761278495,4.35197738973027e-05,0,0,0.0104825164949392,0.59951003723625,7.60033362991182e-05,0,0,0,8.54579447679586,0.000147354708900082,0,0,1.30020989432214,0.000151699973215992,6.12014398938951e-05,4.57263696849899e-05,0.046932348483944,0.0118751003486556,5.66756509331346e-05,6.01902099838887e-05,0.000219194472975821,0.000373258839786736,0.00476311306724082,0.634931675663496,0.00291203067530462,5.2502893338165e-05,0.00325690416947651,0.000516764238841475,0.544041849872069,0,0,0,0,0.000276734234634332,0.000942760227572318,0.000504585212355579,0,0,0.000237807758547771,0,0,0,0,0,0,0,0.000182432336649709,0,0,0,0,0,0,0,0,0,0,0,0,0,0,0.00033667915783641,0,0,7.28898067526005e-05,0,0,0,0,0,0,0,0.00198395041676108
7.45719227933719e-05,0.0492489028720869,0.00134502139599501,0,0,3.55131755287344e-05,5.04609386715697e-05,0.000334678735402162,0.010809939795799,2.26135911225358e-05,2.94794469669226,0,0,0.00092044661065171,0,0.000798461328287536,0.000189619966662463,0.00648349612614079,0.0029603938529554,0,0.000191877764815072,0.0184446248765437,0.000278027266606418,0.00166832105231047,7.14769601246048,0.169750348478309,0.692279850861779,0.000109506888513664,0.00190189417079759,0.000176595410689469,4.39980279510912,0.00111200980281476,0.000124602813437626,0.00590212935308816,0.000722214688449157,0.439539261769275,1.55015266319451,0.197881752341592,0.258957061438014,0,0.000507069508234452,0.544494752866553,0.000654584421014335,0.000789847215049572,0.00402069565062579,0.00144828021966441,0,0,0,0,0.00445292338340463,0,0,0,0,0,0,0.000503733314252342,0,0,0,0.0353459845149737,0,0,0.000401564947751114,0,0.000135602295582762,0.0013562191324607,0,0,0.0023284366739963,2.79059029756334e-05,0,0.0415137077440855,0.00211274431541237,0.00102353048754664,0,0,0,0,0,0,0.00109790878606665,8.62584405538292e-05
4.34210563997247,0.00194406282205619,0.0230011012037808,0.0312186073817205,0.00517550505461893,0.297775908349741,1.40890295731312,3.5448486019587,0.0808530849257578,0.324489170039078,0.0243928728911482,0.0104825164949392,0.00092044661065171,0,0.000198186078770746,0.00272417874028536,0.0202899990378117,0.00218916825438519,0.00870208550716607,0.0519911500274041,0.01371235228315,0.0036808841642752,0.0421014831497773,0.100818789614489,0.00983162798892418,0.0108095437621182,0.0109788110311857,0.110996998388473,5.43312774426427,0.216743605613284,0.000109614741298917,0.273379925536052,0.0282689844182352,0.286851586793619,0.000862431314171335,0.0115414772564543,0.0157798221281175,0.220925914580626,0.028952808598402,0.000963588747573808,0.0270142106816947,0,0.0162568932390743,0.00263302145606609,0.00637678191954076,0.00734749847158313,2.9362595035348e-05,0,0,0.0101698835393933,0.000310760290352757,0.000299817210647562,0.000308459735291573,0,0.000248645444221697,0.00580904635107053,0.00484011727882484,0.0172992912160986,0.00094793663461569,0,0.000416816635724154,0,0.0132263895689984,0,0.00191641533595879,0.000256833341835998,0,0.000466218215226704,0.000234985962831941,0.000623193417719211,0.00460921355199213,0.00103482653438179,0.0416377856618076,0.000660035145602733,0.000479153287599981,0.00117725330578959,0.0160852426288084,0.0104007367772554,0.00376062185917489,0,0.000377806943439515,0.00272564866659361,0.00338867279599549,0.000648628568036581
0.00130186289657118,0,0,0,0,0.43909694850336,0.000633900471198184,0.00353980286820386,0.666266031559179,0.00138123812659366,0,0.59951003723625,0,0.000198186078770746,0,0.000651049512733787,0,0,0,0.00784905871264591,0.000115961409396311,0,0.000491242952590045,0.00718807839835414,0,0,0,0.000155761318684536,0.000287760304935563,0,0,0,0.000782820752401228,0.000315572578150304,0.211300436082238,0.00212022242225361,0.00253524632138222,0.00167895639138974,0,1.95440241887098,0.00119565982152804,0,5.18962455264055e-05,0.000384630680920536,0.000979722289254921,0.000385005835082215,0,0,0,0,0,0,0,0,0,7.33902926121086e-05,0,0,0,0,0,0,0,0.000158630674569235,0,0,0,0,0,0,0,0,0,0,0,0.000140817458029693,0.000173096501073725,0,0,0,0,0,0,0.00406858488582727
0.00510345029213388,0.0903910523597986,0.0197733347570774,0.00109952578600147,0,0.000386861393238951,0.0113869509331854,0.00032546036017604,0.0274221887444745,0.000350581431739654,0.00110144606753123,7.60033362991182e-05,0.000798461328287536,0.00272417874028536,0.000651049512733787,0,0.0185905703973583,0.000206568797153039,0.00188832444278188,0,0.13709996437017,5.49539522453224,1.37239033446825,1.64110439560703,0.0191016007162918,0.0130148646829106,0.923086430582528,0.17515358189083,0.0041592316585414,0.0270210933499819,0.000101414992188784,0.000477499857707138,0.00666070561418759,0.041729441633323,0.0118749778781276,0.209516247095153,0.1045368017994,0.210989687871476,0.215656683624992,0.0119589742209142,0.000106354039642593,0,0.0253868831241024,0.00956563282703285,0.0279328209153563,0.0173779041080853,0.000798210543190701,0,0,0.00127452267748945,0.0395994089445333,0.00135088427743126,0.000307166733409629,0,0,0.00158085533393996,0.000671881638324766,0.103502979486938,0.00030591875760496,0,8.62787970276916e-05,0.00374412340576083,0.0013654943756329,0,0.481489793753445,0.00310314916359761,0,0.000526505242918907,0,0.223664149662342,0.133334595529757,0.0873597357582468,0.163909377204995,0.00935699181806205,0.00106327778454213,0.00908092182261565,0.0197089517837929,0.00160086707477036,0.00174235184151092,0,0,0.00254782552836362,0.00415308896566415,0.00521220428499209
0.0515019058127408,0.0255845393851228,1.77340904262318,0.00103188271174866,0,0.00106130283082778,0.0331428590679353,0.0030988172498473,0.00393342917805093,0.0023359185091169,0.00134259959940526,0,0.000189619966662463,0.0202899990378117,0,0.0185905703973583,0,0.0062568401685173,0.645244402013736,8.44836323761191e-05,0.0490522319389387,0.0186512881703639,1.83182396497673,0.00887339893171738,0.00239850306075605,1.22660419703126,0.248206093509084,0.025440449319234,0.179756826320199,0.0746873274705514,0,0.000722797047155302,0.0078754633529157,0.0563870310169678,0.000246344192611685,0.00597116269571336,0.0471066699518656,0.0365162506189906,0.0124031961746058,7.91887102338171e-05,0.000578129719355946,0,0.000427575810827196,0.000218828444949913,0.000605058967007346,0,0,0,0.000104663893461801,0,0.000892884756384534,0,0,0,0,0,7.57031040448421e-05,0,0,9.8821022273426e-05,0,0,0,0,0,0.00031362516399664,0,0.000332297308614359,8.15656780458768e-05,0,0.00364376381684369,9.52080646458235e-05,0.000574648854778269,0.000813330563025929,0.00033311739238536,0.000372698941117349,0,0,0,0,0,0,5.52494079756128e-05,6.05831265492497e-05
0.00015081107849947,0.0167161089381731,0.00703675721956478,0,0.000429921719093999,0.000138409847689758,0.000186181877800252,0.000444985344642627,0.00306176950588997,6.76606598089429e-05,0.545758806052842,0,0.00648349612614079,0.00218916825438519,0,0.000206568797153039,0.0062568401685173,0,1.89929226926889,0,0.000265071493781976,0.00395635520769029,0.00137247496628861,0.000553558774429936,0.267202995105339,0.656271106989933,0.0504891873840314,0.000134248983025623,0.00364022361328295,0.000498668921864953,0.00439048895359831,0.0011790804231978,0.000201595523363865,0.0163180671838876,0,0.00245918291993488,0.065495760349171,0.0714454329558981,0.0204740861224877,0,0,0,0.000478283992396059,0.00456502333907938,0.00639831810114937,0.00288751186666906,0.000118945924964117,0,0,0,0.00124118019418109,0,0,0,0,0,0,0,0,0.000726056286823407,0,0.00028561479980382,0,0,0,0.000157731475334714,0.000154344229215181,0.00216866089236204,0,0,0.000169733337975219,0,0,0.0234877023820941,0.00264528101545983,0.002148215528695,0,0,0,0.000159160423523458,0,0.000121817947494482,0.00226721459577912,0
0.00427504666771199,0.0273722739472072,0.0720585751850425,0.000332522960936226,0.000402903539105348,0.000403704807096633,0.00425089830972439,0.00172000305242843,0.00321631661868778,0.000298175342864331,1.67552195491116,0,0.0029603938529554,0.00870208550716607,0,0.00188832444278188,0.645244402013736,1.89929226926889,0,0.000412362573536718,0.00256654810324633,0.00965131282519338,0.0204682618178966,0.00159263704143204,0.0963150332439309,1.12754630993464,0.165188107540821,0.00283021445553205,0.0156425517383368,0.00460706560889431,0.00331246170737165,0.00815745287704163,0.00180959254967373,0.321561083408307,3.40193365367934e-05,0.00519999527602068,0.10119915675104,0.212292189219464,0.0291299226830774,0,0.0010868178961069,0,0.00143651413566295,0.0059855779903352,0.00909822446253492,0.0033261755946658,0,0,0.000220625225394941,0,0.00896711711170775,8.12773335337269e-05,0,0,0,0.000112314629182233,0,0,0,0.00198898488143607,0,0.000199194943059731,0.000174867517377273,0,0,0.000804755079584204,0.00133050640026139,0.00709261684061053,0,0,0.000514785634954699,0,0.00016417323874997,0.0284322584289608,0.00673163265055087,0.00466452163449593,2.70619329660188e-05,0,0,0.000312366309487368,0,0,0.00286146029080769,0
0.188626757204424,0.000280536806226054,0.00104881730614684,8.39746911351476,0.000194233939056938,0.290582753759197,0.0692085150829719,0.0428388115294352,0.384399322213055,2.68165751183109,0.000600640091812542,8.54579447679586,0,0.0519911500274041,0.00784905871264591,0,8.44836323761191e-05,0,0.000412362573536718,0,0.000698812533630406,0.000354963289379825,0.000542913726976225,1.05466491934936,0.000465993495623396,0.00036147226769959,0.000355347120556954,0.410667629835249,0.050292652467066,0.000764045962635657,0,0.000407440860318966,0.00874630624385227,0.0207547210421211,0,0.0021560191662054,0.000452420937879858,0.0252927092817899,0.00802246468546855,0.00504257191040585,0.00205926735556135,0,0.00357103920882818,0,0.000588462681631716,0.00159670917936003,0,0,0,0.00367415205111716,0,0,0,0,0.000487186702710897,0.0010145115328276,0.0021266935193957,0.00703097149440044,0.000789931033698773,0,0.023188357861704,0,0.00364416760993403,0,0,0,0,0,0.00440466754497094,0,0,9.96506224338585e-05,0.00432018741338921,0,0,0.000170893266014026,0.00133621296453871,0.000588083096997386,0,0,0.00015570657678441,0,0.000580216830632876,5.89816229193494e-05
0.0315483852542487,0.00113147528340897,0.144870829759738,0.00123259063285435,0,0.00197277937033637,0.16807968242996,0.00398495601835066,0.00220634217480327,0.00402895602170471,0.000645026316398328,0.000147354708900082,0.000191877764815072,0.01371235228315,0.000115961409396311,0.13709996437017,0.0490522319389387,0.000265071493781976,0.00256654810324633,0.000698812533630406,0,0.0471182333154252,5.68117186103532,0.012976084268541,0.000731011038201282,0.0168355206562608,0.0364177103655413,1.82641177294681,0.204659518389385,2.50151716787935,0,0,0.172156585071801,0.276100001390973,0.0105277565528086,0.0749516371229438,0.0451371346098576,0.350633039796526,0.140232070234068,0.00705410362516128,4.70485146882608e-05,0,0.00470458684791789,0.00125222506847642,0.00171112960173883,0.00314064529058216,0.000433029164976999,0,0,0.000160490973201557,0.000615411455218128,3.72362731051574e-05,0,0,7.38484941849998e-05,0,4.17326105804584e-05,0.00285905749680337,0,0,0,0,2.47505068059994e-05,4.15406849116242e-05,0.000962164803499294,0,0,0,0,0.000310808976282198,0.00256780137325401,0.000149574413809436,0.00681449179812944,8.76410913476021e-05,0,0.000369978672231708,0.00113118188660432,0.000657325313708179,0.000371671474413694,0,0,0.000650525677678824,0.000175339864742875,0.0039221952738308
0.00639881521068963,1.60520007701126,0.015913572148636,0.00143535863685541,0.000188998072756888,0.00048978258462314,0.0125387018143903,0.0010672508821889,1.43770429104597,0.000566416084345931,0.00591375939240012,0,0.0184446248765437,0.0036808841642752,0,5.49539522453224,0.0186512881703639,0.00395635520769029,0.00965131282519338,0.000354963289379825,0.0471182333154252,0,0.119560669310964,1.0779844278443,0.46638934508107,0.020082325887464,1.41723127857367,0.0588468918658274,0.0098256129963293,0.0191892740396173,0.00289866978768327,9.97709917613821e-05,0.0206213102306243,0.0328788034458901,0.00300263314705795,0.0677812093048768,0.0757900140060467,0.150798076108894,0.105045096656493,0.00171267774885836,0.000138596039710006,0,0.0145016003659688,0.0058638235892539,0.0398961783770081,0.0154044933261067,0.000943494532397809,0.00141143714265946,0.000473579919810507,0.00123559759398381,0.211516627497828,0.00193908935632965,0.000182074371477546,0,0,0.000682487337787385,0.000307993191784758,0.173377434850202,0,0.000108696224149805,0,0.00223616878918311,0.000735052833391527,0,0.0277014422101253,0.0144685716592854,0.000262875200694114,0.00255151424523021,0,0.00183048295725075,0.464488260953885,0.00595293839507824,0.0549314323003242,0.0611673889845961,0.010965950557811,0.0129191695383288,0.00606647690116861,0.00141816546155075,0.000846429636465705,0.000316217809943088,0,0.000892455680199564,0.00681974297529931,0.00193821531560526
0.0800751396477817,0.00438102872155138,3.0349237242936,0.00263538018147742,0,0.00477180422998302,0.214603724057199,0.0112022858725099,0.00320471862342593,0.00734872570025589,0.00265478151361298,0,0.000278027266606418,0.0421014831497773,0.000491242952590045,1.37239033446825,1.83182396497673,0.00137247496628861,0.0204682618178966,0.000542913726976225,5.68117186103532,0.119560669310964,0,0.0185260561470401,0.00281748455856023,0.166959848627746,1.43494666717414,0.366451569207885,0.188507685775938,0.387023708882318,5.74714199293252e-05,0.000460476224418319,0.0452156509806089,0.143684399058117,0.0360140433298857,0.2648119425531,0.436740572574561,0.634540290683348,0.448364669656781,0.0262068113600135,0.000104473511432047,0.000216662183507074,0.0124452162386542,0.00252228702408886,0.00722950281549046,0.0103451952124843,0.000265471337287183,0,0,0.000348641857086114,0.0037839400614225,0.000159202265771566,0,2.52835065439447e-05,0,7.80495016815547e-05,0.000198644497638608,0.00846219999361874,0,0,0,0,0.000138254527416514,0.000578392279118313,0.00212716635313242,0.00016456444731067,0,7.08429629592017e-05,0,0.000766518626458658,0.014515085983815,0.00158444036893712,0.00608091250957175,0.000900389355874548,0.000745322929597466,0.00143387012790158,0.00043888201861885,0.000320652406408992,0.000405240930443938,0,0,0.000397456547203377,0.000519671199543864,0.0176711463892522
0.124693585533071,0.051202208993608,0.0142193010532571,4.12356467015675,5.26564712323477e-05,0.0362686083187224,0.422383186140015,0.0327016596797955,4.71658264042751,0.129111507786764,0.00128510503149578,1.30020989432214,0.00166832105231047,0.100818789614489,0.00718807839835414,1.64110439560703,0.00887339893171738,0.000553558774429936,0.00159263704143204,1.05466491934936,0.012976084268541,1.0779844278443,0.0185260561470401,0,0.0171432612867648,0.0102397704862664,0.0607611170997004,2.97598275078991,0.0974812824647957,0.11749902009616,0.000694731042205283,0.000609021588369067,0.0748669002603577,0.0657456820090053,0.00363924021170731,0.0395009789795568,0.0162749205982201,0.0958348345760295,0.0599403884163424,0.00681485171309964,0.000352417964803738,0,0.0600043424225106,0.00636159549478114,0.0305633090281163,0.0261681205806405,0.000259393469388167,0,0,0.0311533771180379,0.0061948980887816,0.00133054663477461,0.577679833357368,0,0.00449228252674134,0.0201212651712692,0.0173577544234718,0.079770929835245,0.00718243854022632,0,0.142431216374037,0,0.0335327354461148,0,0.00951902067064709,0.00108623454024858,0,0.000354190393494519,0.0899310653655102,0.00427636429214263,0.0197943836196748,0.00369201715359388,0.314684876367971,0.00200177633382814,0.00117555140339635,0.00473758374402697,0.046811525486542,0.0285583684071326,0.0128929765834209,0,0.000744308822407321,0.00818057128763622,0.0107218178419208,0.00171725179891269
0.00160602383601904,1.66762402044992,0.004465034154544,6.41472272415776e-05,0.000406152963094247,0.000433847224242129,0.0015270962786848,0.00154980610442347,0.163995050889915,0.00027758108678543,0.441274709491062,0.000151699973215992,7.14769601246048,0.00983162798892418,0,0.0191016007162918,0.00239850306075605,0.267202995105339,0.0963150332439309,0.000465993495623396,0.000731011038201282,0.46638934508107,0.00281748455856023,0.0171432612867648,0,0.508562472865924,1.21805747356508,0.00236559964202934,0.0163697373471554,0.00158012953436318,0.422321965398353,0.0097145448791311,0.00426927367394635,0.0656904502339327,0.000382818100766543,0.150355622628171,1.82556243718081,0.451165121008754,0.172948203877321,0.000427858524035939,0.00206036358742241,0.19292508662664,0.00213744220340295,0.0154811382291132,0.0265358496526637,0.00759280561760718,0,0,0,0,0.129733009952686,0.000495697468614524,0,0,0,3.46363978052881e-05,0,0.0048044341429151,0,0.00355301105641766,0,0.0119353673087526,4.25720962299249e-05,0.000102965188342126,0.00110746101359184,0.00258089690185132,0.00329119152581008,0.0275285465827356,0,6.084490809047e-05,0.0536316577004245,0.000295736666604594,0.00155574955986485,0.269669657390789,0.0205307176028643,0.0165119575974877,0.000212339651272063,2.43470255155125e-05,0,0.000283412534590525,0,0,0.00687771416558132,0.000209613127376431
0.0126830414120044,0.038129675537544,1.51129776882077,0.000907174159322711,0,0.00178768533935509,0.0237806974787526,0.0032254577315245,0.00595424396396808,0.00251880012294007,0.168500278594913,6.12014398938951e-05,0.169750348478309,0.0108095437621182,0,0.0130148646829106,1.22660419703126,0.656271106989933,1.12754630993464,0.00036147226769959,0.0168355206562608,0.020082325887464,0.166959848627746,0.0102397704862664,0.508562472865924,0,1.97962031032535,0.0196413009619088,0.0103080508200918,0.0248919086318115,0.199701835050536,0.00250291396894914,0.000881635911703676,0.0648648848129765,0.000340955667655335,0.0186791391220948,0.158290294476956,0.159778368492881,0.037824896324455,1.79941089692801e-05,0.000557708044799301,4.73926258814988e-05,0.00106397752006794,0.00734282147506121,0.0110673868199596,0.00337751409501027,0,0,4.90808045524628e-05,9.65239514069346e-05,0.00810489294610398,0.000128665438738983,0,0,0,0,2.76368058739619e-05,0.000223578777017926,0,0.00124896252968475,0,0.000725166253604434,0,0,0.000139729467557881,0.000222370205510533,0.00124560020740863,0.00658818137037354,0,3.32984916850349e-05,0.00193694707422024,0.000212870615123469,0.000298770874321961,0.0233703530608002,0.0117266994511135,0.00753330569613231,0,3.17521967092759e-05,0,0,0,0,0.00350998693426942,0.000146494162786478
0.00441555177589556,1.74522084672731,1.54745588709973,0.000385949593351101,0.000215098885277704,0.00079907691283712,0.0133820748558275,0.00152876674396836,0.0786329398286856,0.000798932583752237,0.0667343572456332,4.57263696849899e-05,0.692279850861779,0.0109788110311857,0,0.923086430582528,0.248206093509084,0.0504891873840314,0.165188107540821,0.000355347120556954,0.0364177103655413,1.41723127857367,1.43494666717414,0.0607611170997004,1.21805747356508,1.97962031032535,0,0.039337472177943,0.0207836198305624,0.0153481749212206,0.23235124087921,0.00468956012442838,0.0023883543670126,0.216604877815506,0.0174576076336226,0.250548352929506,0.507237558508823,0.815159305502576,0.290991389347208,0.00408345041852896,0.000943080912272867,0.000686070783240452,0.0114796910611548,0.0113282744985987,0.0444540862028866,0.0111779672479829,0,0,0,0.000374354424265461,0.07786366974632,0.00169724865317405,0,0,5.95708991256712e-05,0.000318475703550263,9.03520409438457e-05,0.0142966785562218,5.60382041576036e-05,0.00369945598753613,0,0.0022255780807326,0.000235833348283697,0.000242961859144168,0.009290555318638,0.00599866677758516,0.0015540762845238,0.0201003681950788,0,0.000595327526451975,0.0923619178620375,0.00988425725909571,0.00837244626498088,0.059409732232287,0.0347225079804628,0.0407230066364344,0.000628680088735265,0.000249905942792746,0.00011752840696032,0.00024665371492181,0,0,0.0116939195735807,0.0102019396074709
0.131539853276785,0.00668345876817098,0.0861137369512065,2.93945161594329,0.00054489720642253,0.0712507012966471,4.53171052359317,0.0402606964740905,0.19366427205796,2.43894749349139,0.00165791889607533,0.046932348483944,0.000109506888513664,0.110996998388473,0.000155761318684536,0.17515358189083,0.025440449319234,0.000134248983025623,0.00283021445553205,0.410667629835249,1.82641177294681,0.0588468918658274,0.366451569207885,2.97598275078991,0.00236559964202934,0.0196413009619088,0.039337472177943,0,0.11071935587268,1.57609628717447,0.000181648388078475,0.000632645297319396,0.0958081473019015,0.130777889028468,0.00734985262410308,0.0622343982669881,0.0181197993344664,0.201071989485915,0.104745444067184,0.00344855063030027,0.000233221162737118,4.22928298729139e-05,0.0343118967187647,0.00353513739398374,0.0149042935149222,0.0125888553105862,0.00031445415725638,0,0,0.0146821344548882,0.00093123923237858,0.000192289083069469,0.00394509776003431,0,0.000330977674569341,0.00699451131365112,0.00312391337955892,0.0291848240584012,0.00204033842717136,0,0.000210071506757943,0,0.00911971181831643,0.000126938393335049,0.00237399169999147,0.000224348484701588,0,7.03451329856376e-05,0.00183702467210164,0.00219724672067141,0.00924558459560303,0.00155200502630335,0.0856436036046804,0.00028336066875781,0.000174109225835047,0.00121069233435041,0.0213193992744833,0.0138658539945526,0.0122522435924482,0,0.000188713400337902,0.00543825896440019,0.00609758607155188,0.00344989533681251
0.633690651812395,0.0028769357204099,0.00762598693542699,0.0184680936073097,0.0596585135932542,0.158347976837567,0.0859630663412024,0.269229920802155,0.0695023742626674,0.0572547951063367,0.0622842917967868,0.0118751003486556,0.00190189417079759,5.43312774426427,0.000287760304935563,0.0041592316585414,0.179756826320199,0.00364022361328295,0.0156425517383368,0.050292652467066,0.204659518389385,0.0098256129963293,0.188507685775938,0.0974812824647957,0.0163697373471554,0.0103080508200918,0.0207836198305624,0.11071935587268,0,2.14799538030058,0.000430016506500464,1.5700431640682,2.96083181709548,1.86056299229319,0.00139606602067688,0.0432330231125283,0.0344732885816097,0.741505511600502,0.0870090019252342,0.00249615996832752,0.268602257634702,0.000756812337856103,0.0169834144037232,0.00434517955319542,0.00995403453307322,0.00597328812633476,0.000889931592734624,7.10988640258469e-05,0,0.00998344988637588,0.00106747932187288,1.99674912111304e-05,0.000221781476648059,0,0.000268437807340434,0.00431826205252785,0.00289595530622667,0.0179421413237575,0.000448245314401029,0.000277869850673673,0.000419353539791654,2.65457106913864e-05,0.00742146584460058,0,0.00173532173139637,0.000118042161184511,0.000172529189803454,0.000689279118926685,0.000198379374309679,0.00143625587263435,0.00400606970906256,0.000924807332914179,0.041782424378279,0.0021617268617117,0.000548010880733847,0.00221248897656437,0.012739617552529,0.00891825003537793,0.00485935777728806,0,0.00031186425692452,0.00374406352925234,0.00312173211431201,0.000735624073681871
0.392130847405423,0.0018257460267969,0.0883708054946568,0.00243777552004582,0,0.00322218510312991,1.70676610884774,0.0123626438043208,0.0901679327261075,0.00512830255536493,0.000832390348766336,5.66756509331346e-05,0.000176595410689469,0.216743605613284,0,0.0270210933499819,0.0746873274705514,0.000498668921864953,0.00460706560889431,0.000764045962635657,2.50151716787935,0.0191892740396173,0.387023708882318,0.11749902009616,0.00158012953436318,0.0248919086318115,0.0153481749212206,1.57609628717447,2.14799538030058,0,2.79533318015672e-05,0.00107758400263154,0.741840097007984,0.409377560897444,0.00307660450650716,0.033037417822273,0.0192519375147599,0.187984459146511,0.0847639155026876,0.00195263901114409,0.000405683708742373,0,0.0127294993972634,0.00207929647231621,0.00602025954455762,0.00476054665429429,0,0,0,0.00405844928413241,0.000492806429128223,5.62288566018157e-05,0.000300319370192311,0,5.39643927878995e-05,0.00239620361914607,0.00123631637402419,0.0121013135848056,0.000776830450903161,6.16626038640704e-05,0.000350338307499299,0,0.00435119264876369,0.000236442326096598,0.00142292631907971,0,0,0,0.000154954877111861,0.000377144274034283,0.00151063900945872,0.000688407122593797,0.0303767315310605,0.000390808416442099,6.23621757894124e-05,0.000813694940587746,0.00701201931354345,0.00530803823051889,0.00345982509514275,0,0,0.00204739202489478,0.00232491709032699,0.00192726692385468
0,0.0128734683466568,0.000931414113250792,0,0,0,4.21258524213207e-05,0.000117632879912011,0.00436098903822137,0,0.0265133814830519,6.01902099838887e-05,4.39980279510912,0.000109614741298917,0,0.000101414992188784,0,0.00439048895359831,0.00331246170737165,0,0,0.00289866978768327,5.74714199293252e-05,0.000694731042205283,0.422321965398353,0.199701835050536,0.23235124087921,0.000181648388078475,0.000430016506500464,2.79533318015672e-05,0,0.000637344859923408,0.000663982909557055,0.00392136042696444,0,0.00300283151606645,0.0561286992495952,0.022132798185823,0.00811549505080241,0,0,0.00213294426284666,0.000240221836974302,0.00106239450032796,0.000857777506637664,0.000361300532488562,0,0,0,0,0.000629120655675197,0,0,0,0,0,0,0,0,0,0,0.000206908691381229,0,0,0,0,0,0.000275675515365162,0,0,0.000787656877621226,0,0,0.00330117783720179,0.000326393694721358,0.000275925912895608,0,0,0,0,0,0,0,0
