0,0.000393484803091696,0.0307579662237315,0.00484216181197766,0,0.0133741898883561,1.3632827291387,0.114211913651471,0.0179398469546643,0.0154367864449638,0.000174931366388589,0.000357908732579911,4.6462329775232e-05,2.76422438264232,0,0.000601086094357279,0.00880120205331805,0,0.000475320853047038,0.00171400887572056,0.00353337100579506,0.00139306261110997,0.00703722043459535,0.031663810449511,0,0.00384140633821514,0.00231874245288437,0.0246344695778987,1.18417519547287,0.181629703182917,0,0.000318517652702971,0.0416891777408631,0.0443514744613932,4.7856977809348e-05,0.0108194151585806,0.0041966457615701,0.0310161883000984,0.0160881786007021,0.0111251480439959,0.000288720296263315,0.000236526597768308,0,0,0.000161463616828252,0,0,0,0,0.00139373401829007,0.000525443847405552,0.000251591612428312,0,0,0,0.000526180980314607,0,0.00543646239212124,0,0,0,0,0.000127504039649066,0,0.000306520437895214,0,0,0,0,0.000227427931013043,0.000236471763480676,0,0.00850391066558807,0,0,0,0.00314670775295231,0.00115817569747343,0.000366444955137931,0,0,0,0.000249735840675237,8.47633402736988e-06
0.000393484803091696,0,0.0336794881577221,0,0,3.48809069216046e-05,0.000268181531786746,7.65663703220718e-05,0.198819369189567,3.18467403893441e-05,0.00399029546762511,0,0.0694635154329499,8.02070527726874e-05,0,0.0875394853469629,0.00234987604356596,0.00150900303340471,0.00360136449501753,0,0.000444741446670952,0.916818781246447,0.000352891245661397,0.0317714048103803,2.33701804174085,0.0339667170693383,1.86415926332358,0.000865851186920806,6.52828617387705e-05,0.000383022748279838,0.016426533352517,0,0.000120470587621696,0.0037172248353733,0,0.00456992759856574,0.0426756764742715,0.0119147674381458,0.00893254640926922,0.000365008975727887,0,0,0,0,0.000318617107583422,0,0,0,0,0,0.445702868415853,0.000187463531871416,0,0,0,0.00045525265936891,0,0.0580241578208533,0,0.00103788921977698,0,0.00585897668677816,0,0,0.00102559393843184,0,0.000496862345691768,0.000754991893214117,0,0,0.0661586382891546,0,0.0105349016926173,0.162899036415827,0.00291013552172888,0.0341847926493439,4.22516054678013e-05,2.33371757720098e-05,0,0.00014595890568345,0,0,0,6.73153933529957e-06
0.0307579662237315,0.0336794881577221,0,0.000652947079137641,0,0.00108192078746472,0.186258917027987,0.00253672841925082,0.00296213840903351,0.0123424063672118,0.000302586615263201,0,4.70981462316698e-05,0.0359561618971505,0,0.0105919211489087,1.96415060413331,0.000380423571683805,0.028981773019981,0.000363989015614183,0.139151406526945,0.00190346732032926,3.1605062898459,0.0122633239610756,0,1.46824180604157,1.24260273504382,0.101895360659061,0.004708378954913,0.0501479456770115,0.000546368096461404,0,0.00104856630541232,0.0393596167186974,0.000973989645081143,0.049644099595613,0.337284794082118,0.146801306558643,0.0666810115045513,0.00376119092174562,0,0.000283535908521534,0.00010179429156057,0,0,0.000248064625437974,6.2144913978259e-05,0,0,0,0,0,0,0,0,0,0,0.000329506202000517,0,0,0,0,5.86396772413299e-05,0,4.76212307371404e-05,0,0,0,0,7.94321525427397e-05,0,0,0.000503140890617189,0,0,0,0.000818993147919667,0,0,0,0,0,0.000149009348196143,0.000195714570851635
0.00484216181197766,0,0.000652947079137641,0,0,0.00758669797105394,0.0426429060623985,0.000408263108698187,0.0772872625329183,1.52906491693836,0,0.843496045126397,0,0.00403448246373312,0,0,6.00282572552286e-05,0,0,12.4483926289474,0.000116433787806262,0,0.000420385325875897,3.08493191818138,0,7.62368781753921e-05,0.00041506053306257,1.59576966461583,0.010221235678552,0.000928346180924825,0,0.000165586848806652,0.00356284218619071,0.00198624621920392,7.84681871740051e-06,0.000235991390467673,0.000257017616541746,0.00110842599434032,0.000121355860413928,0.0222358388924455,0,0,0,0,0,0,0,0,0,0,0,0,0.250723970279063,0,0,0,0,0.00100045849098366,0,0,0.0149996172204242,0,3.40167668387713e-05,0,0,0,0,0,0.248097976752497,0,0,0,0.000501922635445293,0,0,0,0.000355341775130746,0.000314285956797905,0,0,0,0,0.000205551154322289,0
0,0,0,0,0,0.551147626913245,0.00014410432127125,0.471674947084419,0.000439767277794587,0,0.0068616875846986,5.61810620880888e-05,0,0.0426957077127671,0.00480034915381111,0,0,0,0,0,0,0,5.04073385207936e-05,0,0,0,0,0,0.073724000694167,0,0,1.25570119282147,0.00140354217853316,0.191656846708023,0.00389727222045908,0.000398445624692816,0.00033110570282921,0.00992623088083677,0.00105304122428213,0.749807752178131,1.65355119258444,0,0,0,0,0.00176647562088022,0.0105136917329102,0,0,0,0,0,0,0,0.000339606486126773,0,0,0,0,0,0,0,0,0.00368498241628995,0,0,0,0,0,0.00021055417544211,0,0.000265426359062996,0,0,0,0,0,0,0,0,0,0,0,0.005091114903264
0.0133741898883561,3.48809069216046e-05,0.00108192078746472,0.00758669797105394,0.551147626913245,0,0.0492415905024866,1.40680245984704,0.00814864498475733,0.639373939807968,0,3.73164913676554,0,0.202005655016441,0.633410052363748,0,0.00010709478342015,0,0,0.041020253331019,0.000175833015521317,0,0.000612278136981892,0.0244071710381853,0,0.000151682252947344,9.33363686585892e-05,0.0133825911270323,0.105347056923649,0.000265923097394924,0,0.0253282254971896,0.000727911318092066,0.00221832492072431,0.658426365578676,0.000337406715974506,0.000269087350521565,0.000713757462133222,0.000129853203204563,0.190320782166589,0.00406712460858506,0,0,0,0,0.000347351739006334,6.21445335439131e-05,3.62277403744803e-05,0,0,0,0,0,0,0.00025677400250073,3.7667389297725e-05,0,0.000119695492855653,0,0,0,0,0,0,0,0,0,0,0,0,0,0,0.000335013781493314,0,0,0,0.000126362562664426,0.000191621967455952,0,0,0,0,0,0.00183340865169659
1.3632827291387,0.000268181531786746,0.186258917027987,0.0426429060623985,0.00014410432127125,0.0492415905024866,0,0.0486929614045145,0.144950814263974,3.21467031504598,3.24073193796988e-05,0.00456916899378858,0.000124986435668223,1.12535763611704,0,0.00491517857711136,0.0234082662424753,0,0.00108407725155172,0.0168087090734224,0.0569542932045197,0.000825991772738927,0.140727178897757,0.322701302311868,0.000211691071120283,0.0442410741326583,0.032397533293514,3.11837188601937,0.167491627875831,0.932954219858841,0,9.13415924342978e-05,0.0466179041544243,0.0339293058095893,0.000450693747888553,0.0221636347009295,0.0234021555062886,0.0416649656708801,0.0223555039472691,0.0578301722568088,0.000282589354680294,4.72942922080727e-05,0.000150973026926051,2.57519090491876e-05,0,4.38486430827389e-05,6.93291329796012e-05,0,0,0.00412221013913846,0.000280483384028571,3.63583870346747e-05,0.000138672222149094,0,0,0.00146736526624036,0,0.0157829258593176,7.80090603967436e-05,0,0,0,0.000507896509373416,0,0.000378673607599857,0,0,0,8.01233390169669e-05,0.000526562092567763,0,0.000142522566925185,0.0134985538786377,0,3.3593618837945e-05,0.000166285355963114,0.0158446567209033,0.00272886565280327,0.000639418861023162,0,0,0.000225852666837705,0.00241573542469175,0.000205749993200801
0.114211913651471,7.65663703220718e-05,0.00253672841925082,0.000408263108698187,0.471674947084419,1.40680245984704,0.0486929614045145,0,0.00373519808854765,0.251843080688276,5.63539457889271e-05,0.0497056532435359,0,2.18283336842764,0.000272983588302696,0,0.000501814306131687,0,0,0.00828053983726564,0.000307902640070107,0,0.00153057423685712,0.00792850886095601,0,0.000537940671233972,0.000238645765861811,0.00159424519729069,0.0809269908273108,0.00145924784946903,0,0.130618576279276,0.00175205743024199,0.00180072078041668,1.42513210633726e-05,0.000497848002995127,0.000317776084236018,0.00107601638106205,0.000547099008161701,0.00441140903066927,0.00484374925170554,0,0,0,0,0,0,0,0,0.000133954767408784,0,3.87230444150954e-05,0,0,0,0,0,0.000533886143803754,0,0,0,0,0,0,0,0,0,0,0,0,0,0,9.92093798901179e-05,0,0,0,0.000181087922314804,0.000159473138224149,0,0,0,0,0,0
0.0179398469546643,0.198819369189567,0.00296213840903351,0.0772872625329183,0.000439767277794587,0.00814864498475733,0.144950814263974,0.00373519808854765,0,0.0453822318868957,0.00105678128929883,2.33617829721079,0.018273410596689,0.0139117602957932,0.154757325877973,0.0185434993151962,0.00045796145613905,8.66688230403978e-05,0.000778616493915431,0.0835311690978305,0.0013703852228377,1.61474847398858,0.00149844725101109,5.686873655419,0.193459306125198,0.00238347052063733,0.0699573540095003,0.11442926768103,0.0424184709165262,0.0111719440093783,0.0045323197528196,0.000105530616954487,0.0351612560865726,0.012192885615213,0,0.0486933457464767,0.00257597542983916,0.00897765856182115,0.00332833331374165,1.79064891404258,0,0,0.000348766125234171,0,0.00183667050722445,0.000498512902076149,0,0,0,0.0220888790848756,0.0747093990866644,0.000736956393617214,5.93866160127007e-05,0,0,0.00457490918186449,0.00230449721667515,1.03251613946515,0.000526321864629756,0,0.00538082148754925,0,0.00179211474780473,0,0.0215237600538182,0,0.000373076547094727,0.000415337830374854,0,0.000869405531507973,0.294319059592479,0,0.144010206377321,0.0051685819711679,0.000385443843362371,0.0112546064490905,0.046857154155517,0.00800795038213068,0.00259645948502629,0,0,0.00460413814162612,0.00732536010133884,0
0.0154367864449638,3.18467403893441e-05,0.0123424063672118,1.52906491693836,0,0.639373939807968,3.21467031504598,0.251843080688276,0.0453822318868957,0,0,1.25887987517236,0,0.210691357040713,5.91244587350298e-05,5.44127341676136e-05,0.0016638608771047,0,5.42332073253902e-05,1.47897419994259,0.00197652300980574,9.36402093848591e-05,0.00749229408999979,0.19110305484893,0,0.00355586157134182,0.00155849331069726,0.432079418367863,0.0459185255776777,0.00293708468451428,2.65311477050151e-05,4.93192989166353e-05,0.00975870947367767,0.0101458086326539,0.0065962253558206,0.00235511198999272,0.00223750476446725,0.00269053759754263,0.00180112301658494,0.0992449925555658,0.000272465632733298,0,0,0,0,4.63018548045799e-05,0,0,0,0.000587947751046551,0,0.000137296328451379,0.0206162455045594,0,0.00012718664535772,0.000236594110563582,8.75725481745719e-05,0.00130145521815253,0,0,0.00162686238818207,0,2.24303816343235e-05,0,0,0,0,0,0.0521852495782223,0,0,0,0.00123316163846977,0,0,6.32031351491969e-05,0.00188860601397336,0.000287980621369343,0.000172135026997287,0,0,0,0.00015858966229804,5.33639101045117e-06
0.000174931366388589,0.00399029546762511,0.000302586615263201,0,0.0068616875846986,0,3.24073193796988e-05,5.63539457889271e-05,0.00105678128929883,0,0,0,2.553335844569,0.00395507949162341,0,2.98049424902024e-05,0.0109762839238831,0.0885796346748952,2.00443167271885,0,0.000133507500201369,0.000586639912939268,0.000439471027670987,8.09549858682673e-05,0.801605429280564,0.130599526050612,0.0454080148568825,7.77287689684888e-05,0.507396651568707,0.000177676807980547,0.0971976923894575,0.858362295767067,0.0016634495972439,0.616015560460969,1.27958800914469e-05,0.00672344296850704,0.688500594249374,1.07705007742937,0.00779643974640623,0.00178716793518034,0.0821137184853487,0.00256902143764746,4.8025970263202e-05,0.000631828929802397,0,0,0,0,0,0,0.000738213155645252,0,0,0,0,0,0,0.000170075863070733,0,0.000188016540176028,0,0.00345377634935595,0,0,0,0,0,0.000270252417284018,0,0,0,0,0,0.0032201951785263,0.000575323246031104,0.000648341007378327,0,0,0,0,0,0,0,0
0.000357908732579911,0,0,0.843496045126397,5.61810620880888e-05,3.73164913676554,0.00456916899378858,0.0497056532435359,2.33617829721079,1.25887987517236,0,0,0,0.00750942182788361,0.630394104002141,0,0,0,0,8.58885167114486,3.62788562965975e-05,0,5.25793204130052e-05,2.64119171540846,0,1.62754716391644e-05,0,0.0450478254292115,0.00623790070716962,0,0,8.58083375200967e-05,0.000415985257460641,0.00572753596206332,0.365630983367659,0.00127436413607384,0,5.40526808738171e-05,0.000279216022068332,0.382487330740682,6.70405190395453e-05,0,0,0,0,0,0,0,0,8.24073247561691e-05,0,0,0.00254080026512488,0,0.000393405886588157,0,0,0,0.000331927597042982,0,0.224618254063485,0,0,0,0,0,0,0,0.116103956343932,0,0,0,0,0,0,0,0.00026598645863353,0,0,0,0,0,0.000140269892415501,0.00111267586142622
4.6462329775232e-05,0.0694635154329499,4.70981462316698e-05,0,0,0,0.000124986435668223,0,0.018273410596689,0,2.553335844569,0,0,0,0,0.00146784610043858,0.00021198132242306,0.00489661375380832,0.00749641655133462,0,0,0.0158515813339865,0.000312760860904645,0.00274366516790079,5.9756716369051,0.0775145934814123,0.408569090862492,0.000199048064577802,0,1.80690054095141e-05,1.42007362708133,0,0,0.0147873034455764,5.90120164292963e-05,0.012430844605914,0.958622376735251,0.140707317985969,0.00250540585437881,0,0,0.123976223001813,0.000346834396512233,0.00330002116804907,6.49872599401058e-05,0,0,0,0,0,0.00405490626328887,0,0,0,0,0,0,0.00096827501022112,0,0.00072326622478569,0,0.273822683562647,0,0,3.85617602986421e-05,0,0.000419067208090403,0.00110324418458065,0,0,0.000890968777208294,0,0.000517840806361175,0.0325154587586043,0.00321348659140078,0.0117966953330443,0,0,0,0.000133960965399162,0,0,0,1.56417552488587e-05
2.76422438264232,8.02070527726874e-05,0.0359561618971505,0.00403448246373312,0.0426957077127671,0.202005655016441,1.12535763611704,2.18283336842764,0.0139117602957932,0.210691357040713,0.00395507949162341,0.00750942182788361,0,0,0,0.000683344748358382,0.00770392006364374,0,0.000150421991727582,0.0116671835181595,0.00444557057030978,3.56517523252492e-05,0.0132836832753624,0.0243338247850786,0,0.00784106000329909,0.00369766731464493,0.0212402343101863,4.52247973195485,0.0420053299516628,0,0.106986006013566,0.0120327147864181,0.0819656813369186,0.000144187000010885,0.00731512828340918,0.00392677985021063,0.0242236054887475,0.00802190156945381,0.0258076931565577,0.00450310872567212,6.54275260357443e-05,0.000114597880217747,0,0.000200575761662501,0,0,0,0,0.000968173625853041,0,0,0,0,0,0.000204608195902345,4.45357766847929e-05,0.00222107894797311,0,0,0,0,2.98074696384416e-05,0,0,0,0,0,0,6.56719192221921e-05,0,0,0.00251957303940979,0,0,0,0.00325629510238335,0.000443155288746663,0.000587604157909526,0,0,4.04495349448121e-05,0,5.66128718469325e-05
0,0,0,0,0.00480034915381111,0.633410052363748,0,0.000272983588302696,0.154757325877973,5.91244587350298e-05,0,0.630394104002141,0,0,0,0.000189141521256866,0,0,0,0,0,0,5.62940060610845e-05,0.00231524206311499,0,0,3.26181411970747e-05,0,0,0,0,0,0,0,0.0402322536116589,0.00165114150615816,0.000893136127383606,0,0.000320419080033496,1.46506086612123,0,0,0,0.000664943305676791,0.000418888827234312,0.00154193039551395,0.0104224886227716,0.000252562317584069,0,0,0,0,0,0,0.00129202321344133,0,0,0,0,0,0,0,0,0.005589167724671,0,0,0,0,0,0,0,0.000297563625663365,0,0,0,0,0,0,0,0,0,0,5.85071754038609e-05,0.00692777484913057
0.000601086094357279,0.0875394853469629,0.0105919211489087,0,0,0,0.00491517857711136,0,0.0185434993151962,5.44127341676136e-05,2.98049424902024e-05,0,0.00146784610043858,0.000683344748358382,0.000189141521256866,0,0.00202047897104536,6.67939490997314e-05,5.30168105286736e-05,0,0.0609334979078297,5.00862669666634,1.25619151203477,1.43333724984572,0.00269280583154449,0.00463985707657654,0.685366641525074,0.465181245845145,0.0016819495506228,0.0485046502415218,0.000319279678645656,5.94503464046181e-05,0.00294060405110754,0.0291381412578875,0.0080975194903768,0.702931949528084,0.406859879047326,0.280898942740447,0.515348817233354,0.00159182884460535,0,0.0145935374381148,0.00096106021959348,0.000216215893388896,7.1386748564892e-05,0.00207743793170147,0.00129498122537432,0,0,0.000234614457484241,0.000341837070290975,0,0,0,0,2.30005981042083e-05,0.000105071462230259,0.0324925259187152,0,0,0,0,0,0.000323921574679788,0.000742519215650782,0,0.000137628321394714,0,0,0,0.0220030943993164,0.000205846634264411,0.00933638571162614,0,2.0935947933965e-05,0.000112774358882563,0.00117431571072711,0.00010048554777101,0.00012090310776286,0,0,0,0.000179905577446418,0.00294256087497065
0.00880120205331805,0.00234987604356596,1.96415060413331,6.00282572552286e-05,0,0.00010709478342015,0.0234082662424753,0.000501814306131687,0.00045796145613905,0.0016638608771047,0.0109762839238831,0,0.00021198132242306,0.00770392006364374,0,0.00202047897104536,0,0,1.24998875923493,0.000100117496336549,0.0114287316488207,0,1.94395243672256,0.00126994208657097,0.000466435646110756,1.0313521307349,0.066428274913762,0.00765387029334031,0.141155088137833,0.00637569499422949,0,0.000232766166309918,0.00492340527246955,0.77947356754801,0.000130980673727059,0.0162255128161331,0.0687662687668754,0.279908192427479,0.0124664676465165,0.000934332862695789,0,0,3.93692138982308e-05,0,0,0.000254244750071407,0,0,0,0,0,0,0,0,0,0,0,8.82361278964523e-05,0,0,0,0,0,0,0,0,0,0,0,0,0,0,2.34604036681266e-05,0,0,0,0,3.79536208495552e-05,0,0,0,0,0,0.000128660604800911
0,0.00150900303340471,0.000380423571683805,0,0,0,0,0,8.66688230403978e-05,0,0.0885796346748952,0,0.00489661375380832,0,0,6.67939490997314e-05,0,0,1.81398087292912,0,0,0.000514629365403222,0.000101575459010567,0,0.128224864438946,0.237867904144581,0.0125012911495165,4.88853761670225e-05,5.00766001281308e-05,0,0.00782078038262837,0,0,0.00698580640146265,0,0.00167234218906024,0.0592194690008667,0.0291003453514213,0.00110872680101817,0,0,0,0.000187134198400564,0.00194005962378396,0,0,0,0,0,0,0,0,0,0,0,0,0,0,0,0.000746343036272766,0,9.06929254459749e-05,0,0,0,0,0.000430582412547217,0.000651040789142307,0,0,0,0,0,0.00611792112768566,0.00177618817431121,0.000791828231668436,0,0,0,0.000137383719664803,0,0,0,0
0.000475320853047038,0.00360136449501753,0.028981773019981,0,0,0,0.00108407725155172,0,0.000778616493915431,5.42332073253902e-05,2.00443167271885,0,0.00749641655133462,0.000150421991727582,0,5.30168105286736e-05,1.24998875923493,1.81398087292912,0,0.000179300235703672,0.000276450500812582,0.000434607291278366,0.0015823702556187,8.08350072865581e-05,0.156208278791867,2.11220947578763,0.0538913878504499,0.000203841414677782,0.000746539922843632,0.000128561180036117,0.00411544696141553,0.000267047604888271,0,0.39301140691685,1.32420013352688e-05,0.00370136651540334,0.278393171295888,0.23021682641668,0.0101894443200228,0,0,0,0,0.00127206085160556,0,0,0,0,0,0,0.000188872916278938,0,0,0,0,0,0,0,0,0.000104819579180205,0,0.000597564886854971,0,0,0,0,0.000150304042556396,0.00203258917870518,0,0,0.000137046431749986,0,0,0.011717996245033,0.00285099230223971,0.002832351381548,0,0,0,0,0,0,0,2.88395844471464e-05
0.00171400887572056,0,0.000363989015614183,12.4483926289474,0,0.041020253331019,0.0168087090734224,0.00828053983726564,0.0835311690978305,1.47897419994259,0,8.58885167114486,0,0.0116671835181595,0,0,0.000100117496336549,0,0.000179300235703672,0,0,0,9.12873441600657e-05,1.1750282934396,0,0,3.08733647569968e-05,0.266576308007404,0.0138645695744824,0,0,0.000157384616588005,0.00244698715713675,0.00814000152707464,0,0.00145175862178577,0,0.00053784055099892,9.09140383369318e-05,0.127442416549105,0,0,0,0,0,0,0,0,0,0,0,0,0.0834403103236493,0,0.000107127889670071,3.58648834193659e-05,0,0,0.000490808836214865,0,0.239467041051321,0,0,0,0,0,0,0,0.539186127532145,0,0,0,0.000122141927592301,0,0,0,0.000315108881826161,8.05755610266395e-05,0,0,0,0,0.000128052498248675,0
0.00353337100579506,0.000444741446670952,0.139151406526945,0.000116433787806262,0,0.000175833015521317,0.0569542932045197,0.000307902640070107,0.0013703852228377,0.00197652300980574,0.000133507500201369,3.62788562965975e-05,0,0.00444557057030978,0,0.0609334979078297,0.0114287316488207,0,0.000276450500812582,0,0,0.00102616018376739,4.39593563138899,0.0390906918565206,0.000121518097681487,0.0145278952381698,0.0250821921460348,1.55451366083891,0.883116836964948,2.71244843274282,0.000174543626262133,0,1.20018484557484,0.386054935255483,0.00632845631677052,0.2786886130812,0.0944657531629446,0.274169682673332,0.200555106019536,0.00101826848099373,3.24134176293229e-05,0.00373143877699506,0.000806227396343816,0.000213943988933245,0.000232405616614082,0.000568405681039099,0.000454364457870535,0,0,0,1.96973769620327e-05,0,0,0,6.34016505608233e-05,0,0,0.000526464258093549,0,0,0,0,0,0.000247165402644772,0,0,0,0,0,0,0,0,0.00101453142790963,0,0,0,0.000432582437517279,0,0,0,0,0,0.000212229729439689,0.00137466080730637
0.00139306261110997,0.916818781246447,0.00190346732032926,0,0,0,0.000825991772738927,0,1.61474847398858,9.36402093848591e-05,0.000586639912939268,0,0.0158515813339865,3.56517523252492e-05,0,5.00862669666634,0,0.000514629365403222,0.000434607291278366,0,0.00102616018376739,0,0.00329387965439192,1.14070395947745,0.235923037114246,0.00706396835288313,0.981946232526034,0.0267346141509723,0.000616150810576944,0.00221336070860219,0.00384129229085994,0,0.00174788064899664,0.00165225824046381,7.97915788136767e-06,0.00438755007092954,0.00612523666639268,0.00469315434338145,0.00287123225467149,0,8.31715895979745e-05,0.00011660894076659,0,0.000562348869897382,0,0,0,0,0,0,0.130385059260035,0,0,0,0,0,0,0.367899089942478,0,6.46266731988802e-05,0,0.000372156690239576,0,0,0.0114288782724371,0,0,7.85893103117134e-05,0,5.25877959262522e-05,0.326369023889781,0,0.0595255062055625,0.0140242517773173,0.000618049090044051,0.0225373628876033,0.00393242036232352,3.38384093768081e-05,0.000183509622944729,0.00024096792614711,0,0,0,0
0.00703722043459535,0.000352891245661397,3.1605062898459,0.000420385325875897,5.04073385207936e-05,0.000612278136981892,0.140727178897757,0.00153057423685712,0.00149844725101109,0.00749229408999979,0.000439471027670987,5.25793204130052e-05,0.000312760860904645,0.0132836832753624,5.62940060610845e-05,1.25619151203477,1.94395243672256,0.000101575459010567,0.0015823702556187,9.12873441600657e-05,4.39593563138899,0.00329387965439192,0,0.0357662050403435,2.0563352688971e-05,0.0706774022118702,1.44489134779771,0.305595330142498,0.887983210216145,0.0927847150360279,0.000166220828801605,0.000106630063427664,0.458125859510986,0.0844284455203428,0.0157960164642432,0.462542340105084,0.411382688550409,0.484755071443753,0.453905356509958,0.00746903129156963,0,0.00379549826951769,0.00166049844965101,0.000288201814602044,0.000424245826982343,0.00187721306102705,0.00281674503724947,0,0,0.000163676528641774,0,0,0,0,4.81562562038508e-05,0,0,7.04206180371257e-05,0,0,0,0,0,0.000372250525964673,4.08560569780943e-05,0,0,0,0,0.000180770914921681,9.98629054908247e-05,0.000112137733319015,0.00101332852646084,0,0,3.44077160433778e-05,0.000462682736969589,8.2172740252316e-05,5.95871045766354e-05,0,0,0,2.52016219373205e-05,0.00614819567864999
0.031663810449511,0.0317714048103803,0.0122633239610756,3.08493191818138,0,0.0244071710381853,0.322701302311868,0.00792850886095601,5.686873655419,0.19110305484893,8.09549858682673e-05,2.64119171540846,0.00274366516790079,0.0243338247850786,0.00231524206311499,1.43333724984572,0.00126994208657097,0,8.08350072865581e-05,1.1750282934396,0.0390906918565206,1.14070395947745,0.0357662050403435,0,0.0179215030601706,0.00555008177794195,0.0925131787227301,1.87586553842165,0.0754212361712175,0.0765775545985051,0.000727434736171237,0.00026614831505581,0.0449717787449162,0.041174293518796,0.000624384631484992,0.0546912222547485,0.0124921476748613,0.0471150053952374,0.0245261665469731,0.0379038050864209,0,0.000157960814672693,0.00316481222145795,0.000227700590643979,0.00525960108540702,0.00112412835890134,0.000604512137545102,0,0,0.0486433301527411,0.00242603813378605,0.0010511097479971,0.186295050770611,0,8.13425498902916e-05,0.0127125313650009,0.00138133673769226,0.268737189326563,0.000827116358233025,2.17712143835756e-05,0.154030704187088,2.01565977449422e-05,0.0052070778525525,0,0.00947556068982855,0,0,0.00011918301632852,0.0169995987321875,0.00289257577071035,0.0364136352828986,0.00135654442821206,0.357849044973713,0.000590266954281771,0.00041776461126985,0.000871135270529193,0.186560845103746,0.0297733253928988,0.0183933721690366,0,0.000183889442304649,0.00781995024725664,0.0234081185109479,0.000167760939444452
0,2.33701804174085,0,0,0,0,0.000211691071120283,0,0.193459306125198,0,0.801605429280564,0,5.9756716369051,0,0,0.00269280583154449,0.000466435646110756,0.128224864438946,0.156208278791867,0,0.000121518097681487,0.235923037114246,2.0563352688971e-05,0.0179215030601706,0,0.10239722600644,1.61607901051088,0.000283095224989625,8.03859835268837e-05,9.20599356846175e-05,0.320896248710372,0,0,0.0058471327332886,1.75221765611889e-05,0.00587285479521633,1.38908082224545,0.0530286193065001,0.00214449016259025,0,0,0.650071493008818,0.00019318045988432,0.0179579610696202,0.00283283679180271,0,0,0,0,0,0.106185788167652,0.000206900101073437,0,0,0,0,0,0.045507265349654,0,0.00778434516571996,0,0.183493029319917,0,0,0.00162880499270394,0,0.000714875389955722,0.012503598980031,0,0,0.0362917358056922,0,0.00417995064044698,0.383658899558697,0.0172739181495998,0.0662264338979136,3.00653878176371e-05,0,0,0.00657192528740908,0,0,0.000220403381000597,0
0.00384140633821514,0.0339667170693383,1.46824180604157,7.62368781753921e-05,0,0.000151682252947344,0.0442410741326583,0.000537940671233972,0.00238347052063733,0.00355586157134182,0.130599526050612,1.62754716391644e-05,0.0775145934814123,0.00784106000329909,0,0.00463985707657654,1.0313521307349,0.237867904144581,2.11220947578763,0,0.0145278952381698,0.00706396835288313,0.0706774022118702,0.00555008177794195,0.10239722600644,0,2.42838756452717,0.0207418162137912,0.00187160513528919,0.0110215341424607,0.55157571672023,7.9334508495549e-05,0.000821197140528896,0.0622216484979178,0.000638906949398244,0.0494615771243037,0.801704666442969,0.251596944256804,0.0351834894290338,0.000732858940085517,0,0.00018721763441944,3.340871719311e-05,0.00163368362301759,8.88465073407368e-05,0,0,0,0,0,0.000504512004808139,0,0,0,0,0,0,0.00018432201395846,0,0.000409844023036946,0,0.000328573837615421,0,0,0,0,0.000746917742556756,0.00186102235515278,0,0,3.07815939535362e-05,0,0.000362012662004846,0.0116256438299379,0.00297233053950069,0.00377561498396748,0.00016323062696657,0.000181731547482753,0,0.000158015359157278,0,2.58935127266792e-05,7.12740458735672e-05,0.000178878887577522
0.00231874245288437,1.86415926332358,1.24260273504382,0.00041506053306257,0,9.33363686585892e-05,0.032397533293514,0.000238645765861811,0.0699573540095003,0.00155849331069726,0.0454080148568825,0,0.408569090862492,0.00369766731464493,3.26181411970747e-05,0.685366641525074,0.066428274913762,0.0125012911495165,0.0538913878504499,3.08733647569968e-05,0.0250821921460348,0.981946232526034,1.44489134779771,0.0925131787227301,1.61607901051088,2.42838756452717,0,0.0766165214766501,0.00158010305728262,0.00667519982513311,0.172065563790909,5.77668397995761e-05,0.000785388784071005,0.0860653432201145,0.00522558013904461,0.172676742457136,0.651688866555178,0.34321144052082,0.159294142346445,0.00480671225688246,1.75252526300462e-05,0.000950620558666738,0.000522108325627664,0.00845401551788633,0.00100759813643437,0.000628069312232776,0.00144242374111337,2.90248285315837e-05,0,0.000191822713149482,0.0153230782437581,0,0,0,0,0.000153808648884177,0,0.0054335980265087,0,0.00357492463962124,0,0.00688261361834924,1.10495652198235e-05,0.000349668481102689,0.000496992703753468,6.85538573829327e-05,0.00151907436638472,0.0111600266514409,0,0,0.00496160401263101,9.35372309406803e-05,0.00157964134466354,0.0963792526767649,0.0174989897136071,0.0546793452640624,0.000690904476809465,0,0,0.00272724190936231,0,1.76113501215128e-05,0.000158459458294253,0.00269956713251506
0.0246344695778987,0.000865851186920806,0.101895360659061,1.59576966461583,0,0.0133825911270323,3.11837188601937,0.00159424519729069,0.11442926768103,0.432079418367863,7.77287689684888e-05,0.0450478254292115,0.000199048064577802,0.0212402343101863,0,0.465181245845145,0.00765387029334031,4.88853761670225e-05,0.000203841414677782,0.266576308007404,1.55451366083891,0.0267346141509723,0.305595330142498,1.87586553842165,0.000283095224989625,0.0207418162137912,0.0766165214766501,0,0.0719435678529153,1.65510067726263,5.1807013061435e-05,0.000208465702396225,0.0446972573655736,0.0790464152259457,0.00170635837235029,0.111032313082619,0.0288104733112005,0.117564153941707,0.0615847785823421,0.0135197027679941,3.01454704453006e-05,0.000505351522338673,0.000448988169291504,3.06218570835584e-05,0.00115130916177565,0.000691117882599216,0.000167523656502403,0,0,0.0110949075898077,0,0.000212824319062332,0.00524184766318223,0,0.000111949806736705,0.00404047019293354,0.000563733577131,0.025063377258341,9.19999348355572e-05,0,0.000134925093105182,0,0.00158956326660911,0,0.0015064201783701,2.27996071937193e-05,0,0,0.000938287394758285,0.000689777992223706,0.00253637093056043,0,0.0778278212487543,0.000124637040220785,0.000155952470939978,3.56540567134954e-05,0.0522251721407309,0.008376983647081,0.00438685510654819,0,0,0.00105548625405378,0.00497236718165136,0.00078276175710599
1.18417519547287,6.52828617387705e-05,0.004708378954913,0.010221235678552,0.073724000694167,0.105347056923649,0.167491627875831,0.0809269908273108,0.0424184709165262,0.0459185255776777,0.507396651568707,0.00623790070716962,0,4.52247973195485,0,0.0016819495506228,0.141155088137833,5.00766001281308e-05,0.000746539922843632,0.0138645695744824,0.883116836964948,0.000616150810576944,0.887983210216145,0.0754212361712175,8.03859835268837e-05,0.00187160513528919,0.00158010305728262,0.0719435678529153,0,3.35797246391145,0,1.20683525399678,2.66451870499944,1.39255112873273,0.000110444881596032,0.00608775671209446,0.00848205258547559,0.272792374192914,0.0063177496661763,0.0836868361776625,0.146589035103428,8.46327075948797e-05,2.8565011344594e-05,1.85820151546198e-05,0.000258641943757665,2.13145863180173e-05,0.000131613098727993,0,0,0.00156482070506518,0.000374569491964124,0,0,0,0,0.000767296383372173,0,0.00957225916590146,7.23134218839705e-05,0,0,0,0.000339171543536107,0,3.4849544943474e-05,0,0,0,0,6.61766682419278e-05,0,5.83785788752867e-05,0.0105273327831039,0,0,0.000128327926815469,0.009741195553679,0.00109509636158853,0.000749754046039108,0,0,0.000225193153510078,0.000707710917045702,6.72262403324877e-05
0.181629703182917,0.000383022748279838,0.0501479456770115,0.000928346180924825,0,0.000265923097394924,0.932954219858841,0.00145924784946903,0.0111719440093783,0.00293708468451428,0.000177676807980547,0,1.80690054095141e-05,0.0420053299516628,0,0.0485046502415218,0.00637569499422949,0,0.000128561180036117,0,2.71244843274282,0.00221336070860219,0.0927847150360279,0.0765775545985051,9.20599356846175e-05,0.0110215341424607,0.00667519982513311,1.65510067726263,3.35797246391145,0,0,0.000689704008591199,0.791030745755428,0.457115629182199,0.000636978981176923,0.0456720969970269,0.0124207277427572,0.0736770921490452,0.0250268706330936,0.000663701678497209,4.4310245140915e-05,0.000281833330327053,0.00022813865817448,0,0.000481655464617341,0.000519543636078303,0,0,0,0.00162550973943379,0.00023648154342264,0.000155749908730499,0,0,0,0.00113375357854094,0.000426801141345853,0.00689778984169977,0,0,0,0,0.00048584018280896,0,0,0,0,0,0,0.00018633523959471,0.000358320160426385,0.000264201516267896,0.0209686021913729,0,0,0.000156662049146058,0.0126074550683119,0.00205991467709424,0.00103996523913319,0,0,0.000155355836070435,0.00172051992741326,0.000294910132663385
0,0.016426533352517,0.000546368096461404,0,0,0,0,0,0.0045323197528196,2.65311477050151e-05,0.0971976923894575,0,1.42007362708133,0,0,0.000319279678645656,0,0.00782078038262837,0.00411544696141553,0,0.000174543626262133,0.00384129229085994,0.000166220828801605,0.000727434736171237,0.320896248710372,0.55157571672023,0.172065563790909,5.1807013061435e-05,0,0,0,0,0,0.00521762916792848,4.58746913162868e-05,0.00677311675341652,0.285430363716466,0.0546208023911888,0.00299458110140626,0,0,0.00222528385449829,0,0.00173428824327278,0.000519373536932441,0.000160680950608508,0,0,0,0,0.000126180057465181,0,0,0,0,0,0,0.000216986176684582,0,0.000160674870865469,0,7.36521167612253e-05,0,0,0,0,0.000277674833824737,0.00215946245965651,0,0,0.00060393077655211,0,0,0.0145616162180179,0.0012874083095913,0.001918715340161,0,0,0,0.000235111985464453,0,0,0,0
0.000318517652702971,0,0,0.000165586848806652,1.25570119282147,0.0253282254971896,9.13415924342978e-05,0.130618576279276,0.000105530616954487,4.93192989166353e-05,0.858362295767067,8.58083375200967e-05,0,0.106986006013566,0,5.94503464046181e-05,0.000232766166309918,0,0.000267047604888271,0.000157384616588005,0,0,0.000106630063427664,0.00026614831505581,0,7.9334508495549e-05,5.77668397995761e-05,0.000208465702396225,1.20683525399678,0.000689704008591199,0,0,0.0106004452675363,0.738010187554355,0,0.000218259000288573,0.00232623290693552,0.085049767624704,0,0.0381340777896885,2.11106176484252,0,0,0,0,0,0,0,0,0,0,0,0,0,0,0,0,0,0,0,0,0,0,0,0,0,0,0,0,0,0,0,2.5060389392817e-05,0,0,0,0,0,0,0,0,0,0,0
0.0416891777408631,0.000120470587621696,0.00104856630541232,0.00356284218619071,0.00140354217853316,0.000727911318092066,0.0466179041544243,0.00175205743024199,0.0351612560865726,0.00975870947367767,0.0016634495972439,0.000415985257460641,0,0.0120327147864181,0,0.00294060405110754,0.00492340527246955,0,0,0.00244698715713675,1.20018484557484,0.00174788064899664,0.458125859510986,0.0449717787449162,0,0.000821197140528896,0.000785388784071005,0.0446972573655736,2.66451870499944,0.791030745755428,0,0.0106004452675363,0,1.63786735872719,4.63597104091457e-05,0.00550630182073652,0.00183712546489782,0.171528583139038,0.00819599509349422,0.00266503391194117,0.00609954963200785,0,0,0,0.000482821078757745,0,0,0,0,0.000993291374656419,0,0.000192688854097976,0,0,0,0.000786631143294067,0,0.00864534682118613,0,0,0,0,4.11870522976851e-05,0,7.88102556722385e-05,0,0,0,0,0.00028011422138962,0.000930103332424258,0.000130083256594807,0.00990099978179527,0,0,0,0.00629510121529286,0.000571126645141679,0.000548312715584105,0,0,0.000200232286757279,0.00021204528321303,0
0.0443514744613932,0.0037172248353733,0.0393596167186974,0.00198624621920392,0.191656846708023,0.00221832492072431,0.0339293058095893,0.00180072078041668,0.012192885615213,0.0101458086326539,0.616015560460969,0.00572753596206332,0.0147873034455764,0.0819656813369186,0,0.0291381412578875,0.77947356754801,0.00698580640146265,0.39301140691685,0.00814000152707464,0.386054935255483,0.00165225824046381,0.0844284455203428,0.041174293518796,0.0058471327332886,0.0622216484979178,0.0860653432201145,0.0790464152259457,1.39255112873273,0.457115629182199,0.00521762916792848,0.738010187554355,1.63786735872719,0,0.000796136824350423,0.171231778099988,0.418172938764631,7.5024001738346,0.113928667427736,0.270940788658559,0.780428317541343,0.111752580387192,0,0.00108403687225613,0.000525649076179506,0.000540848696259909,0,4.09942503671289e-05,0.000744338929663689,0.00113117825223382,0,0,0.000251058105498816,0,0,0.000488969883986524,3.7762942182995e-05,0.00675840533047868,0,0,0,0.000231200727902333,0,0,0.000163667939994659,0,0,0,0,0.000286382058750003,0.000167769610765823,0,0.0113113120475915,0.000189716452204326,0.000116129485348814,5.66489175027238e-05,0.00713128887186942,0.000367909070741319,0.000252297408232953,0,0,0.00048426288180408,0.00081511208775716,0.00058985171229983
4.7856977809348e-05,0,0.000973989645081143,7.84681871740051e-06,0.00389727222045908,0.658426365578676,0.000450693747888553,1.42513210633726e-05,0,0.0065962253558206,1.27958800914469e-05,0.365630983367659,5.90120164292963e-05,0.000144187000010885,0.0402322536116589,0.0080975194903768,0.000130980673727059,0,1.32420013352688e-05,0,0.00632845631677052,7.97915788136767e-06,0.0157960164642432,0.000624384631484992,1.75221765611889e-05,0.000638906949398244,0.00522558013904461,0.00170635837235029,0.000110444881596032,0.000636978981176923,4.58746913162868e-05,0,4.63597104091457e-05,0.000796136824350423,0,0.0680489555333477,0.04788583001316,0.0118455277848489,0.0199412952689881,0.00511009748481289,0.00015433080119909,0,0.00796073475468758,0.00721377497122765,0.00903890850219479,0.0184699670652215,0.0530959038294232,0.00135620927535906,2.29879509905384e-05,2.06390563569237e-05,0,0.00010895304881898,0,6.73693713491939e-05,0.0112521122782013,0.000171417683491372,0,1.36532742195256e-05,0.000156406925964421,2.98074262160765e-05,0.00580114419169095,0,0,0.0106085783685221,0.00040547035058978,0.000106538389763261,0,4.25271435654658e-05,0,0.000243153113340298,0,0.00430406243992315,0.00023287320489042,0,0.000487713007053636,0.00142531066168152,0.000232976326475781,0,1.07704828992832e-05,0,0,0,0.0013771042965962,1.39326099090392
0.0108194151585806,0.00456992759856574,0.049644099595613,0.000235991390467673,0.000398445624692816,0.000337406715974506,0.0221636347009295,0.000497848002995127,0.0486933457464767,0.00235511198999272,0.00672344296850704,0.00127436413607384,0.012430844605914,0.00731512828340918,0.00165114150615816,0.702931949528084,0.0162255128161331,0.00167234218906024,0.00370136651540334,0.00145175862178577,0.2786886130812,0.00438755007092954,0.462542340105084,0.0546912222547485,0.00587285479521633,0.0494615771243037,0.172676742457136,0.111032313082619,0.00608775671209446,0.0456720969970269,0.00677311675341652,0.000218259000288573,0.00550630182073652,0.171231778099988,0.0680489555333477,0,2.92040547191043,0.592024806139271,0.765269391821268,1.32818929343545,0.00288152760984086,0.225680028081277,0.0174517904663262,0.0102569202114942,0.00685881309070229,0.0109591117289849,0.00706115805086571,0,0,0.000590272051322494,0,0.000247143784748566,0,0,0,0.000473737915130203,6.12516507513174e-05,0.00374420007841393,0.00015210570245984,0,0,0,0.000166161268104204,0.00227807107361495,0.000622264711982626,3.74058043060932e-05,0,0.000124407890027364,0,0.000528949253304911,0.000280576912398354,0.00213107405260187,0.00928985568971403,0.000444160280706093,0.000123056968811619,0.000850120068341258,0.00363981993333901,0.000394672606768662,8.56863404717178e-05,0,0,0,0.000685589060243155,0.016092273203597
0.0041966457615701,0.0426756764742715,0.337284794082118,0.000257017616541746,0.00033110570282921,0.000269087350521565,0.0234021555062886,0.000317776084236018,0.00257597542983916,0.00223750476446725,0.688500594249374,0,0.958622376735251,0.00392677985021063,0.000893136127383606,0.406859879047326,0.0687662687668754,0.0592194690008667,0.278393171295888,0,0.0944657531629446,0.00612523666639268,0.411382688550409,0.0124921476748613,1.38908082224545,0.801704666442969,0.651688866555178,0.0288104733112005,0.00848205258547559,0.0124207277427572,0.285430363716466,0.00232623290693552,0.00183712546489782,0.418172938764631,0.04788583001316,2.92040547191043,0,2.83739536327551,2.55453608021559,0.0348614845424148,0.00568653036352209,1.78252750174724,0.00640883465825942,0.00671217287730971,0.00377769010279685,0.014245259766523,0.0167616905749866,0.000449619447631289,0,0,0.000686915112360562,5.93358536583044e-05,0,0,0.000244041772610058,2.30002968868792e-05,0,0.000972635225784267,2.453264100817e-05,0.000764128429592205,0.000102964574862934,0.0016358770121745,0,0.00516506785708669,5.14222157028e-05,0,0,0.00228111943184888,0,0.00068930459487373,0,0.000595427382313248,0.000461253149068551,0.0104732775944133,0.00137176981674558,0.00155013931674994,0.00035695294524523,0,0,0.00092216509336673,0,0,0.000692657676238333,0.0163621993937863
