0,0.000749219067723572,0.0315025707729432,0.0211407235415074,0.000713364228542082,0.0370938094796362,0.808679739133445,0.383026017676807,0.153169769991293,0.0580705600186368,0.000150963698195284,0.00167758156614385,0,2.74678166958963,0.000582630068429605,0.00187608783604125,0.033045550060167,0.000573050342826953,0.0130913192508727,0.0336327660100216,0.00677485117539324,0.00162434580650737,0.0261925393407887,0.0626731152672553,0,0.00359657653139637,0.00349845645957416,0.0400796608732754,0.377114062485298,0.266768669064066,0,0.00459138102540546,0.0333234208914307,0.060403234390527,7.7422131314144e-05,0.00836250702543691,0.00327203712638821,0.0084441508329233,0.00883645265535801,0.000267250025006271,0,0,0.000590213062395853,0,0.000997066435216101,0,0.000194633127044951,0,0,0.00033505272573129,0,9.08285399503295e-05,0,0,0,0.0010418724294087,4.21608772776094e-05,0.00598497381465299,4.6482108916196e-05,0,0.000194869978843123,0,0.000116627735294364,0,0.00290124110241678,0,0,0,0,0.000191818470059524,0.000481890330861472,0,0.00464556298686389,0,0,0,0.00179064314457186,8.23238975232979e-05,0.00137420371374385,0,0,0,0.000477996437722816,1.94715015389203e-05
0.000749219067723572,0,0.00140964084283098,0,0,0,0,0.000157941489276715,0.169614392182312,0,0.0224520010700166,0,0.0688670771074629,0,0,0.031878499315027,0.0213029102512198,0.0100345161344769,0.0228927167885228,0,0.000414148640771379,1.40438283329206,0.00523367476720762,0.0137146926608914,0.995506345041711,0.0217482844983135,0.749473563265586,0.000525082468464725,0.000475554245488324,0.00061399944719427,0.0323897890414654,0.00016328833604741,0,0.0227894346495798,6.39604369909449e-05,0.00921029784675977,0.0162145187306866,0.0318876348495251,0.00772583106940677,0,0,0.0127590320357382,0.000327872326618292,0,0.0040111491703013,0.000119777110314116,0,0,0,0,0.237113195711238,0,0,0,0,0,0,0.00755957020222998,0,0.00178664665007618,0,0.0173668592947932,0,0,0.00185139976787149,0,0.000886806167347268,0.00199856556493272,0,0,0.029049780710554,0.000232789668526704,0.000322252780262473,0.178980389831898,0.00216763279364847,0.0388549158459584,0,0,0,0.000180284845665204,0,0,0.000448866570249989,0.000129940329533126
0.0315025707729432,0.00140964084283098,0,0.000278095632437459,0,0.0012194284981929,0.0508936363396235,0.00834925271077635,0.00756160387495799,0.00184331948398862,0.00126121371782771,0,0.00023731790749919,0.00659466143674971,0,0.00921148715110225,0.635170423824995,0.00684120893947948,0.0773721224330416,9.79200852667776e-05,0.060541485568131,0.00229473637565583,1.86734782375034,0.0115616109303044,0.00106747133470793,1.05743043841624,0.87439811384804,0.0311656215538072,0.0110581237177831,0.100621133065097,0.00119600576661704,0.000198387334737295,0.00091512464905091,0.0551491504416016,0.00011073944986787,0.0060844831986576,0.149476699071814,0.0367203912213978,0.00702620787690828,0,7.54083572268218e-05,0,0.000116853591176946,5.39545776119805e-05,0,0,0,0,0,0,0,0,0,0,0,0,0,0,0,3.53929467831313e-05,0,0.000346734697337188,0,0,0,0,0,0,0,0,0.000162713393185724,0,0,0.000485665008143701,0.000179141624260598,0.000244543121059459,0,0,0,0,0,0,0,5.02331299740634e-05
0.0211407235415074,0,0.000278095632437459,0,0.00023175423357516,0.0370000552150479,0.0257037468635378,0.0274162835059252,0.0578738392585612,1.07233809264631,5.01114505168879e-05,0.509193089391337,0,0.0155100977229962,0.00048972408879421,0,0.000270103549924522,0,0.00073257799939765,7.20348853434257,0,0,0.000919466707464955,2.41189874905042,0,6.45300626873034e-05,3.96508093799021e-05,0.980822637860715,0.0121786906688018,0.00123740095527863,0,0.00224349769943267,0.00280457448631689,0.00735148436691731,0,0,0,0.00100530059069586,0,0.00145551875076401,0,0,0,0,7.82108346761247e-05,0,0,0,0,0,0,0,0.608072686029785,0,0,0,0,0,0.00210157444718079,0.000373208324660257,0.000424066570763911,0,0,0,0,0,0,0,0.0970972565745817,0,0,0,0.00467045126610825,0,0,0,0.00167505954342025,0,0,0,0,0,0,0
0.000713364228542082,0,0,0.00023175423357516,0,2.44378934216131,0.000453667301455755,0.0337445646787699,0.00021465046199487,0.000319686841922505,0.00200880496625322,0.000235882311063948,0.000200184434379691,0.00627394565854762,0.492345613714658,9.30781309465695e-05,7.67140004084982e-05,0.000131732341300436,0.000607865729773814,0.000795775909101679,0.000351251671866315,0,0,0.00133405085021703,0.000724951527543215,0.000139071945356966,0,0.000233036761296482,0.0646820208088316,0.000767576797480317,0.000454819650437272,2.90181862870599,0.00545503110214113,0.141075344442318,0,0.00233208929152074,0.000345436726796785,0.0258675121100272,0.00933932765493754,2.83148023800892,4.37373982366947,0,0,0,0,0,0,0,0,0,0,0,0,0,0,0,0,0,0,0,0,0.000206298090794147,0,0,0,0,0,0,0,0,0,0,0.000167775787919656,0,0,0,0,0,0,0,0,0,0,0
0.0370938094796362,0,0.0012194284981929,0.0370000552150479,2.44378934216131,0,0.072314937163405,2.39326765654494,0.00676452029530042,1.22257060325776,0.000620098149050931,0.760137137745277,0.000129072130142342,0.0914457725449673,1.8722292698628,0.000118565277971665,0.000264338492860519,3.85471624784976e-05,0.000141605278916998,0.102029094449446,0.000463443417584434,0.000115211269416997,0.000416208991442366,0.0882889582936949,0.000147668146079729,0.00040545446234299,0.000502151499763738,0.0327063379856846,0.178151579343689,0.0028010946350384,0,0.95456883608844,0.00188179783138314,0.0671110003277816,0.100595524138984,0.000661143847725099,0.000207890938557515,0.00711368340916061,0.00110137117263725,0.25760957276959,0.00765087672802406,0,0,0,4.90588692797587e-05,0,0,0,0,0,0,0,0,0,0,0,0,4.08903079864714e-05,4.41284571076094e-05,0,0,0,0.000139698592770743,0,0,0,0,0,0,0,0.000186849205566105,8.5448487082803e-05,0.000228098636230474,3.03443889732753e-05,0,0,0,0,0,0,0,0,0,0.000623412939660803
0.808679739133445,0,0.0508936363396235,0.0257037468635378,0.000453667301455755,0.072314937163405,0,0.177304353935219,0.127389286217778,0.605154205032041,0.00017727328015948,0.00183370306468637,0.000355789616295918,0.345616069075443,0.000657447526446274,0.00365847306111142,0.0146324226678101,0.000712468705250598,0.00687871928521667,0.00672491019567623,0.028041057636554,0.00103723197078707,0.057630304382899,0.267887909087492,0.000113766248647574,0.0104319393162698,0.00719960608174322,1.84394973455526,0.0665251621689539,1.29890166218687,5.11116047431778e-05,0.00266659207119104,0.00790049493404219,0.0281129163190439,0.0002010830482935,0.00834752508719393,0.00458235900318233,0.0164621888966031,0.00731225924229151,0.000709219099258506,0.000292929792472605,0,0.00130639899487963,0.000164002908801569,0.000197429943670986,0.00012580374993281,7.10305936515681e-05,0,0,0.000151815566284234,0,0,0,0,0,0.000460497349726875,0,0.0032441224282513,0,3.14631383679688e-05,0.000533029208695641,8.27937312978932e-05,0.00047120315276458,0,0.000937151800874463,0,0,0,0,0.000126256055819254,0,0.000127373078338343,0.00223303533594015,0,3.93212541884985e-05,0.000158722648229567,0.00039981406454009,0.000166015564766954,0.000661808432610402,0,0,0,0.000634217877018541,0.00029460956459032
0.383026017676807,0.000157941489276715,0.00834925271077635,0.0274162835059252,0.0337445646787699,2.39326765654494,0.177304353935219,0,0.038312068412201,0.310311559632314,0.00011782278150587,0.00575899638426818,0,2.59947411654751,0.00510546389365319,0.000783659449718059,0.00424467697477996,0.000108765777568352,0.00153754703572269,0.0594788670506596,0.00148054985005181,0.000310116249390015,0.00726367736932203,0.069071926629264,0,0.00213982115260298,0.00142361192434253,0.0284797531692252,0.224617347128874,0.0126050206947157,0,0.191859418881813,0.00216176128828432,0.0426653476503126,3.13860333255299e-05,0.0014067697153989,0.00129058441547453,0.0048533373871053,0.00206764703591218,0.00082466157152539,0.000835966228411719,0,0.000417945644897409,0,8.64935758341922e-05,0,8.64411883327622e-05,0,0,0,8.48340531876494e-05,0,0,0,0,0.00045867224911985,0,0.000980297224679029,0,0,0.000137082950324931,0,8.91818709646552e-05,9.53679393953973e-05,0.000579752457406425,0,0,0,0,3.09142783144467e-05,0,2.34536370904946e-05,0.000729743282466433,0,0,0,0.000724143519982146,0.000196787822214163,7.2148731139976e-05,0,0,0,0.000176757690905638,8.87764359406261e-06
0.153169769991293,0.169614392182312,0.00756160387495799,0.0578738392585612,0.00021465046199487,0.00676452029530042,0.127389286217778,0.038312068412201,0,0.00644391864813407,0.00644064299741975,1.75131218109464,0.00990836709046632,0.0431067017973173,0.0590536495510874,0.0869939348225245,0.00581071793518623,0.00329094377712153,0.00324265995947638,0.246208322950611,0.0126294923859146,0.995292714687861,0.0103132274624821,3.16367543768584,0.0573070022237262,0.00411446245377039,0.0328204869305456,0.215006176170766,0.144960735995462,0.21837193936186,0.0122111386330325,0.00310297033363794,0.064870975060291,0.0744386892652462,0.00029292565557848,0.122849522385318,0.003825165900645,0.0304715936623289,0.0314310895600811,0.831572602471156,0.000506537669276132,0.00138844471398447,0.0490045624337692,0.00184870252521111,0.0170058444934459,0.0133404596568787,0.0225869150237566,0.000670590592185378,0.000423868470334683,0.0100718160218695,0.00720895894373553,0.000446219462595953,0.000957523851225738,0,0.00041474398309975,0.0186056653685263,0.00366142282987827,0.84400378453633,0.00135584141834806,0.000474412241567271,0.0157779160764824,0.000804038373269653,0.00566412795202711,0.00120812458805968,0.104159314068338,0.000333304023513736,0,0.000489897866205432,0.000198972147174396,0.00622982449765144,0.102070272763966,0.00326162098695081,0.125304126972948,0.00896569604430471,0.000550328316265259,0.0014012151584134,0.0273898547432385,0.00386530596939344,0.0583961446220267,0,0,0.0101039303451962,0.0150948409596475,0.00130980006230164
0.0580705600186368,0,0.00184331948398862,1.07233809264631,0.000319686841922505,1.22257060325776,0.605154205032041,0.310311559632314,0.00644391864813407,0,0,0.823669824723785,0,0.22503980084781,0.00278684146493796,0,0.00069313996181816,2.92935436579478e-05,0.000455090338434025,0.923692193933878,0.000494963178236478,9.61958495442027e-05,0.00238135978082529,0.312029498054656,0,0.0010658073524521,0.00024113663510029,0.506989547680412,0.0378975397456101,0.00685326490866482,0,0.00215790313809922,0.00161238065089358,0.012240541426521,0.0318416492847341,0.000451119949868421,0.000271554146781205,0.000793593059847907,0.000564966277813514,0.000642949418374898,8.36058739861721e-05,0,0,0,0,7.30970917239455e-05,5.69532711279129e-05,0,0,0,0,0,0,0,0,0.000130038925454708,0,0,0,0,0,0,0,0,0,0,0,0,0,0.000167393047681358,0,0,0,0,0,0,0,0,0.00017166225553567,0,0,0,0,9.82120230797259e-05
0.000150963698195284,0.0224520010700166,0.00126121371782771,5.01114505168879e-05,0.00200880496625322,0.000620098149050931,0.00017727328015948,0.00011782278150587,0.00644064299741975,0,0,0,1.71141109098408,2.88934606785325e-05,0,0.000130688052796419,0.0128325638040599,1.86079469016327,0.294141814786286,0,5.54036018625922e-05,0.0249519026298944,0.000600256848164596,0.000288578429873906,0.546868522127283,0.440119585342588,0.0710844978530605,4.88964437575341e-05,0.00180307722259353,0.0003196027451265,0.313924537938245,0.00946475230667865,0.000383394354038377,1.41624212498819,0.000110694779154505,0.0301954837066567,0.32200371298052,0.526269828333267,0.104598828649185,0.000769546237423678,0.0169560724862258,0.261278603754243,0.000246389178590416,0.000753998265141233,0.00168092467183794,4.42900588064647e-05,0.000102689801356106,0.000151830843842505,0.000276758113411423,0,0.000601316561100409,0,0,0,0,0,0,0.000155478600704665,0,0.0161528998865621,0,0.0664944766673374,3.14500819198586e-05,0,0,0,0.00381735754701967,0.000358899538181833,0,0,0,0,7.22038298609342e-05,0.0310456461665533,0.00852572539229594,0.00565318506461065,0,6.82592497660587e-05,0,0.0214065720477005,0.000150084511843949,0,0.00042050960012565,5.09759704744291e-05
0.00167758156614385,0,0,0.509193089391337,0.000235882311063948,0.760137137745277,0.00183370306468637,0.00575899638426818,1.75131218109464,0.823669824723785,0,0,0,0.00212897584654072,0.223266901360282,0.000374228127484064,0,0,0,6.11471551145432,0,0,0,0.80572302013966,0.000105358767702974,0,0,0.00621253537204088,0.00329361207604444,0.00028252039018803,0,0.000554478143099555,0.000401752773856171,0.000830229279806614,0.280696557024178,0,0,4.28174307143345e-05,6.83237913881064e-05,0.382605017542269,0,0,0,0,4.38108942901843e-05,0,0.000742910997660932,0,0,0,0,0,0,0,0,2.90866842124751e-05,0,0.00388664407437556,2.95474192650348e-05,0,0.04174691338569,0,0,0.000134105040133818,0,0,0,0,0.0162174582717055,0,0,0,0.00137525356041909,0,0,0,2.56450619358434e-05,0,0,0,0,0,0,0.0060899459654182
0,0.0688670771074629,0.00023731790749919,0,0.000200184434379691,0.000129072130142342,0.000355789616295918,0,0.00990836709046632,0,1.71141109098408,0,0,0.000193381844419645,0,0.00177280354360362,0.000841850875855874,0.0111093056257646,0.00312979355687033,0,0.000495438511571398,0.0332201395834387,0.00156305038485044,0.000299212088869042,1.36826248761901,0.0727397829459443,0.377959966920511,0.000430618850257746,0.000465776260016323,0.000451699717550585,2.22758780749896,0.00208549410412093,0,0.0840782241769758,0.00155944003253891,0.210274843875069,0.212106644048098,0.17941241378854,0.183125687963291,0.000621709783990289,0.0175090829703158,0.667244499601974,0.00504593307943165,0.00266180488200276,0.00205923497124409,0.00345035176402262,0.000183129843450075,0,0,0,0.000106741924361465,0,0,0,0,0,0,0,0,0.00349792223161721,0,0.018014917242593,0,0,0.000915425210142647,0,0.000529108730661421,0,0,4.1804919995881e-05,0,0.000380877113400564,0,0.0118434072960358,0.0015355000358014,0.00121667212197266,8.11760068183834e-05,0,9.1186632460211e-05,0.00437321136296824,0,0,0,0.00159179084239235
2.74678166958963,0,0.00659466143674971,0.0155100977229962,0.00627394565854762,0.0914457725449673,0.345616069075443,2.59947411654751,0.0431067017973173,0.22503980084781,2.88934606785325e-05,0.00212897584654072,0.000193381844419645,0,0.000419133194776381,0.000494459698531873,0.00564608271366724,8.63217479255734e-05,0.00219633831177094,0.0322160625308891,0.0016482218307306,0.000389312668527137,0.00756282327044116,0.048414216296,4.02943558489596e-05,0.00193938173883891,0.00181224917351211,0.0240222890714231,1.63998895922829,0.0193297953578064,0,0.261002560463422,0.00549527746379094,0.047983422554853,4.57502755843445e-05,0.00135048410283199,0.00137251912070943,0.00764383534909154,0.0012131982348623,0.000403989291390901,0.00163346000950701,0,0.000576863747317696,0,0.000104324018711629,9.13274929701391e-05,0,0,0,0,5.78612228382355e-05,0,0,0,0,0.000303421199696012,6.12989842107767e-05,0.00159327550801453,0,0,0,0,8.52388736471705e-05,0,0.000552914452926684,0,0,0,0,6.5503135728132e-05,0,8.6943212852005e-05,0.00106153668498933,0,0,0,0.000608363760336003,6.39307624761233e-05,0.000583783935973522,0,0,0,6.32583386209467e-05,0
0.000582630068429605,0,0,0.00048972408879421,0.492345613714658,1.8722292698628,0.000657447526446274,0.00510546389365319,0.0590536495510874,0.00278684146493796,0,0.223266901360282,0,0.000419133194776381,0,0,0,0,0,0.00405001993896488,0,0,0,0.00135820436162265,0,0,0,0.000206588494656254,0.000705680487882672,0.000109505589389035,0,0.00578355909892205,0,0.000379720897730657,0.0169613443329906,0,0.000353030066967259,0.000327366275327222,0,4.02443906647557,0.0993077236308859,0,0.00040954153579752,0.00103744268034701,0.00124033361109349,0.000649344477127887,0,0,0,0,0,0,0,0.000427713537305582,0,0,0,0,0,0,0,0,0,0.00421430582289894,0,0,0,0,0,0,0,0,0,0,1.78795440663191e-05,4.73797260994208e-05,0,0,0,0,0,0,0,0.00149613572410347
0.00187608783604125,0.031878499315027,0.00921148715110225,0,9.30781309465695e-05,0.000118565277971665,0.00365847306111142,0.000783659449718059,0.0869939348225245,0,0.000130688052796419,0.000374228127484064,0.00177280354360362,0.000494459698531873,0,0,0.00783952733432174,0.0007564728457459,0.00241181400334198,0,0.331255613604123,1.52754739124936,1.5444300355848,0.946195197911526,0.00205644782869327,0.00228725787172724,0.503403679177349,0.242227079169298,0.00203057315262178,0.0285117130155127,0.000791598582627209,0.00130232297084101,0.00148265359616085,0.0593027419714686,0.00509791250097438,0.212375598531623,0.0812719721457974,0.0958424610088062,0.117596925080282,0.00591882055914496,0.00110795068190934,0,0.0723528597293574,0.016262949014582,0.00870107036856098,0.0102589590506485,0.00369222168166229,0,0.0010655328875157,0,0.000794553086448296,0,0,0.000452931868160946,0.000292600788867389,0.000246059005557025,0,0.00287225831786732,0,0.000292876948048533,0,0,0,0.000729804682604889,0.207116813272431,0.000776388229113252,0,0,0,0.0014043919082145,0.137910729216202,0.00274542271314279,0.0108012901539518,0.00181596022282466,0,0.0061227057336927,0.000678802622108322,0.000132676356041186,0.00415326599460209,0.000275285783441652,0,0,0.00308835354082377,0.00338082406691482
0.033045550060167,0.0213029102512198,0.635170423824995,0.000270103549924522,7.67140004084982e-05,0.000264338492860519,0.0146324226678101,0.00424467697477996,0.00581071793518623,0.00069313996181816,0.0128325638040599,0,0.000841850875855874,0.00564608271366724,0,0.00783952733432174,0,0.00499906720143202,0.932068246101331,0.000207912829509434,0.0254451044419167,0.00832561891769534,0.935861485007022,0.00459643882802615,0.00363567215136681,0.352099739503722,0.10669065611275,0.0115403718449391,0.0127142554036755,0.0529976643068737,0.000422431382533881,0,0.00227888117608319,0.247337647057099,9.55366948914938e-05,0.00710953702577341,0.209130532143065,0.0563866723046495,0.00416186070318353,0.000195602572830918,0,0,0,0,0,6.40022461307873e-05,0,0,0,0,0.00174242065757093,0,0,0,0,0,0,0.000388674942892207,0,0,0,0.000303362421090196,0,0,0,0.000310206554414695,0,0.000165207748481035,0,0,0,0,0.000315795339263647,0.00206052622939623,7.46076142051611e-05,0.000773144739575509,0.000111839235901359,0,0,0,0,0,0,7.32081460038431e-05
0.000573050342826953,0.0100345161344769,0.00684120893947948,0,0.000131732341300436,3.85471624784976e-05,0.000712468705250598,0.000108765777568352,0.00329094377712153,2.92935436579478e-05,1.86079469016327,0,0.0111093056257646,8.63217479255734e-05,0,0.0007564728457459,0.00499906720143202,0,1.93838901168765,0,0.000515851386605447,0.00722354743335588,0.00194024294897485,0.00024471217933857,0.12429402173526,0.577813744815787,0.02812063174609,0.000414281460887796,0.000713173326075535,0.000845180232424379,0.0324083869470301,0.00072201761981285,0.000581486433534242,0.0729604798107274,0,0.000862933797783354,0.034048698086468,0.0448565778994384,0.0038695425197597,0.000218463172554046,0.00091090714636775,0.00108537288491456,0.000221460942741762,0.000591401133525266,0.00378802642398935,0,0,0,0,0,0.000594864622565847,0,0,0,0,0,0,0,0,0.0131449812629392,0,0.072071114024316,0,0,0,0,0.00492605504012525,0.000364676678341623,0,0,0,0,6.75043674715132e-05,0.0434654522731583,0.00893465833642578,0.00438565936382124,0,0,0,0.029346652329642,0,0,0.000586613566724415,0
0.0130913192508727,0.0228927167885228,0.0773721224330416,0.00073257799939765,0.000607865729773814,0.000141605278916998,0.00687871928521667,0.00153754703572269,0.00324265995947638,0.000455090338434025,0.294141814786286,0,0.00312979355687033,0.00219633831177094,0,0.00241181400334198,0.932068246101331,1.93838901168765,0,0,0.0071001973962147,0.00647359092629247,0.0366274026154897,0.00184885069236424,0.0217356389010276,0.471253613177573,0.0692857040691975,0.00499814984649763,0.00447495541782114,0.0169128166936367,0.00861418589855426,0.000293371472165843,0.00123349805285556,0.39570872047926,6.74303229015839e-05,0.0129588439890949,0.0786629486055789,0.340304335224354,0.0268425462541636,5.66036470180217e-05,0.000440462931674525,0,4.04359926261698e-05,0,9.59681963072908e-05,0.000386243499040817,0,0,0,0,0.00201581814850603,0,0,0,0,0,0,0.000171980983366803,0,0.000901764222304521,0,0.00777723575118627,0,0,0,0,0.000575530652970899,0.000483623992038051,0,0,0.000666819565241124,0,0,0.00829338917316215,0.000813128909186256,0.00112847305118598,0,0,0,0.00180689304078745,0,0,0.000115496314938587,5.52762225915367e-06
0.0336327660100216,0,9.79200852667776e-05,7.20348853434257,0.000795775909101679,0.102029094449446,0.00672491019567623,0.0594788670506596,0.246208322950611,0.923692193933878,0,6.11471551145432,0,0.0322160625308891,0.00405001993896488,0,0.000207912829509434,0,0,0,0,0,0.000130748836122715,1.54287818125936,0,0,0.000184767619014947,0.0772198996831673,0.0324094572279702,0.000448982110574673,0,0.00518561502271138,0.00216044238349467,0.0156408971298189,0,0.0003445742129385,0,0.000977308651550767,0,0.00691106868645826,0.000174483783497228,0,0,0,0,0,0,0,0,0,0,0,0,0,0,0,0,0,0,0,0,0,0,0,0,0,0,0,0,0,0,0,0.000307929178654392,0,0,0,0,0,0,0,0,0,0,0
0.00677485117539324,0.000414148640771379,0.060541485568131,0,0.000351251671866315,0.000463443417584434,0.028041057636554,0.00148054985005181,0.0126294923859146,0.000494963178236478,5.54036018625922e-05,0,0.000495438511571398,0.0016482218307306,0,0.331255613604123,0.0254451044419167,0.000515851386605447,0.0071001973962147,0,0,0.00461670014150863,2.80573790987857,0.066953584127519,4.90276831700783e-05,0.00655986702864775,0.013293545140333,0.560764852407648,0.00449596602378306,0.901782527064091,7.21188840494477e-05,0.000761423670398864,0.0216499644240519,0.205488687306591,0.00399740000410063,0.103335450801208,0.0709547316666305,0.109820924495116,0.0748458095093645,0.00375711231819286,0.000179969745309966,6.55837743846984e-05,0.00468356057833994,0.000520151162848933,0.000311864637491711,0.000993990210793988,0,0,0,0,0,0,0,0,0,0,0,0.000961600990348066,0,2.81870781448507e-05,0,0,6.94796854796434e-05,6.11462503211952e-05,0.00687100667477977,0,0,0,0,0,0.00119989895227504,0,0.000700778716841524,0,0,1.59002937245791e-05,0.000243063468226858,0,0.000891572800035334,0,0,0,0.000253424448069168,0.00175871405694971
0.00162434580650737,1.40438283329206,0.00229473637565583,0,0,0.000115211269416997,0.00103723197078707,0.000310116249390015,0.995292714687861,9.61958495442027e-05,0.0249519026298944,0,0.0332201395834387,0.000389312668527137,0,1.52754739124936,0.00832561891769534,0.00722354743335588,0.00647359092629247,0,0.00461670014150863,0,0.018346764046236,0.635988939413303,0.193119243456699,0.013183348833213,0.440270482777415,0.0141601247749168,0.00152729078852769,0.00762418669714899,0.0204210109710081,0.000361549828153109,0.000518357252723901,0.0414165547490771,0.000871637251534113,0.071252849000039,0.0261722479030573,0.0509875445813694,0.0365603660657014,0.00121371903784448,0,0.00836061070592998,0.0367591135989071,0.00738544864174578,0.00868240945823959,0.0061103050929033,0.00117317165316644,0,0.000131806527903653,0,0.0320086486044348,0,0,0.000366156621249995,0,9.76037356744779e-05,0.000155684695623318,0.0463123534133869,0,0.000555492425597175,0,0.00272983740765002,0,0,0.191998414754563,0.000186870298850478,0.00171042633425901,0.000261529580792759,0,0.00111557551657152,0.404060236878874,0.000707167554693175,0.0167436606345266,0.0246654451344405,0.000521656763256072,0.0160322938844956,0.000262017148889743,3.89312163937353e-05,0.00132474834786188,0.000106810288324196,0,0,0.00177164455203545,0.00110630322073434
0.0261925393407887,0.00523367476720762,1.86734782375034,0.000919466707464955,0,0.000416208991442366,0.057630304382899,0.00726367736932203,0.0103132274624821,0.00238135978082529,0.000600256848164596,0,0.00156305038485044,0.00756282327044116,0,1.5444300355848,0.935861485007022,0.00194024294897485,0.0366274026154897,0.000130748836122715,2.80573790987857,0.018346764046236,0,0.0255329777407723,0.000250146326304258,0.0577420499572773,0.785242127129061,0.135383883244123,0.02994689332163,0.252481392434984,0.000123356787998618,0.000954989364411801,0.0026859910299033,0.139321212488743,0.0110239277707196,0.211694319252403,0.409938714083547,0.269717860456234,0.197353060497706,0.00361126123911395,0.000830503527322112,5.58868537598308e-05,0.00563253640031168,0.00137234981839552,0.000419580201749276,0.00308565169079849,3.37531361578776e-05,0.000185286589488812,0,0.000162117679642353,0.000362240174980212,0,0,0,3.06495088581724e-05,4.87531094792203e-05,0,0,0,0.000178991624244897,0,5.24063850333722e-05,8.76541678933897e-05,0.0002002177050003,0.00679014206277507,0,0,0,0,0.000131864012483843,0.00965945419311951,0.000105714742815247,0.000730527830075838,3.24036388643395e-05,0,0.000660108469804378,0.00014549335154708,4.67888301908248e-05,0.000555033736480122,0,0,0,0.000193522556160555,0.00616846804681828
0.0626731152672553,0.0137146926608914,0.0115616109303044,2.41189874905042,0.00133405085021703,0.0882889582936949,0.267887909087492,0.069071926629264,3.16367543768584,0.312029498054656,0.000288578429873906,0.80572302013966,0.000299212088869042,0.048414216296,0.00135820436162265,0.946195197911526,0.00459643882802615,0.00024471217933857,0.00184885069236424,1.54287818125936,0.066953584127519,0.635988939413303,0.0255329777407723,0,0.0022172239225176,0.00306953389944539,0.031913251382039,2.30097529073151,0.0877010381747744,0.148198160802794,4.85257185022471e-05,0.00273793727472514,0.0164542370599756,0.0536867056606605,0.000642137631326511,0.0382930500188873,0.00403312052469489,0.0233360182582849,0.0171839866694466,0.00226582657486343,0.000248511982423456,9.84161342859314e-05,0.0134452979202102,0.00114902360486657,0.0025965899946521,0.00205478929170232,0.00202705197423708,0.000345903861387727,0,0.00163765868655499,0,0.000258567811897471,0.0052012339131989,0,0,0.00297745344723668,0.000673526526089041,0.0196269977134637,0.000293088521792978,0.000221983691635527,0.00277668197435066,0,0.00107132345745552,0.000262634061267265,0.015054470932283,0.000163816301618179,0,0,0.000750984855267381,0.00136685154139013,0.00646682507557342,0.000404123957471988,0.117495015004387,0,2.91691094984267e-05,0.000660749437998766,0.00743623384022948,0.000619413336275517,0.0066368459517863,0,0,0.0003425295221887,0.00292563192299913,0.000658575274351403
0,0.995506345041711,0.00106747133470793,0,0.000724951527543215,0.000147668146079729,0.000113766248647574,0,0.0573070022237262,0,0.546868522127283,0.000105358767702974,1.36826248761901,4.02943558489596e-05,0,0.00205644782869327,0.00363567215136681,0.12429402173526,0.0217356389010276,0,4.90276831700783e-05,0.193119243456699,0.000250146326304258,0.0022172239225176,0,0.149406426136074,0.599479835469689,0,0.000104187845783814,0.000356309257324045,0.353855586389759,0.00168264235548899,0,0.0707601933402294,5.19308160250581e-05,0.0219215913498917,0.225831216751137,0.11230052856613,0.0525702630900633,9.75907417714705e-05,0.00262674254912923,0.314068101756464,0.00233616111724145,0.0107463539239948,0.0125225724156796,0.00675355227313472,0.000113158126091795,0.000278191082749315,0.0428435451843961,0,0.0096994162449846,0,0,0,0,0,0,0.00119292317942669,0,0.0892647950696298,0,0.231098170803361,0,0,0,0,0.00860675339257614,0.00376519010431075,0,3.6236355363259e-05,0.000478328910195135,0,0,0.566249573140096,0.00936017513229258,0.0261043648249575,0,0.000273319729419183,0,0.0575277485085111,0,0,0.00220645671258243,0
0.00359657653139637,0.0217482844983135,1.05743043841624,6.45300626873034e-05,0.000139071945356966,0.00040545446234299,0.0104319393162698,0.00213982115260298,0.00411446245377039,0.0010658073524521,0.440119585342588,0,0.0727397829459443,0.00193938173883891,0,0.00228725787172724,0.352099739503722,0.577813744815787,0.471253613177573,0,0.00655986702864775,0.013183348833213,0.0577420499572773,0.00306953389944539,0.149406426136074,0,0.981327009938256,0.00552741309137026,0.00176227793076098,0.0190583822503085,0.30960786089802,0.000466473780224241,0.000186627280663433,0.0504960201270913,0.000114340139313093,0.00647193412756378,0.0431422742044884,0.0573969041364526,0.00850460733053086,5.09040839156883e-05,0.000434827655846802,0.00108228742725222,8.03829494501674e-05,0.000147980095054444,0.00241485839411396,0.000486876963769576,0,5.7409113266892e-05,0,0,0.000562920934505332,0,0,0.000146923178880206,0,0,0,8.29838973464723e-05,0,0.0119894646581571,0,0.0596679260239084,0,0,0.000100028775951947,0,0.00449466342244345,0.0006731873066348,0,0,0.000157835492756661,0,6.14176258300061e-05,0.0530724499053762,0.0101077375555685,0.012485424409698,0,0.000103323278636142,0,0.0134796313057922,0.000133168336788601,0,0.000628859321535126,9.65149327299215e-05
0.00349845645957416,0.749473563265586,0.87439811384804,3.96508093799021e-05,0,0.000502151499763738,0.00719960608174322,0.00142361192434253,0.0328204869305456,0.00024113663510029,0.0710844978530605,0,0.377959966920511,0.00181224917351211,0,0.503403679177349,0.10669065611275,0.02812063174609,0.0692857040691975,0.000184767619014947,0.013293545140333,0.440270482777415,0.785242127129061,0.031913251382039,0.599479835469689,0.981327009938256,0,0.016090957539376,0.00241401510599068,0.0138497270980819,0.346193514638244,0.000259180064245713,0.00014294483683337,0.12235078702032,0.00105967057304704,0.0477209413989796,0.0291796600635566,0.165177563902091,0.0321664339907559,0.000293627059165027,9.65467258586537e-05,0.000956163931163668,0.000566509480879999,0.000134388295943556,0.00200889536115325,0.00105374285246096,6.26887736604829e-05,0,0,2.37519634199044e-05,0.00839482623921278,0,0,0,0.000104559937248274,0,0,0.000493294288987193,1.5857604749377e-05,0.0032762414613649,0,0.0188612839150337,0,0,0.00140791991047647,8.93339387829616e-05,0.00256287483189895,0.00064619844503153,0,0,0.00574215945179892,3.71498503608271e-05,0.000389475040579507,0.0378172528954618,0.00403320453662111,0.0190848905894227,4.60273438704843e-05,7.09160303969635e-05,8.99088156700112e-05,0.00396789106193201,0,0,0.000418572934704726,0.00136077447756913
0.0400796608732754,0.000525082468464725,0.0311656215538072,0.980822637860715,0.000233036761296482,0.0327063379856846,1.84394973455526,0.0284797531692252,0.215006176170766,0.506989547680412,4.88964437575341e-05,0.00621253537204088,0.000430618850257746,0.0240222890714231,0.000206588494656254,0.242227079169298,0.0115403718449391,0.000414281460887796,0.00499814984649763,0.0772198996831673,0.560764852407648,0.0141601247749168,0.135383883244123,2.30097529073151,0,0.00552741309137026,0.016090957539376,0,0.0421749013200715,0.839175586988348,0,0.00087506171133644,0.00689542644167249,0.0906634949444356,0.00174985054885447,0.0686853083994224,0.0086419337129425,0.0455990902759174,0.0370214387409074,0.00292127687055571,0.000346398222597191,7.64750366668513e-05,0.00662637828433994,0.0007467411817541,0.00147878810905044,0.00143556840015999,0.000108463324749782,0,4.35832455416714e-05,0.000493860132093203,0,0,0,0,0,0.00127783013566535,0.000152426962838938,0.00300869355225464,2.61386570602369e-05,0.000180238881794705,0.000203776248845038,0,0.000278923584950203,0,0.00949323349904438,0,0,0,0,0.000654831130005503,0.00187450123054483,0.000443206645536331,0.0070239253897639,3.18117786837246e-05,0,0.000376299015530168,0.00176404582646373,0,0.00476856512223584,0,0,0,0.00192009812476372,0.00170808300620451
0.377114062485298,0.000475554245488324,0.0110581237177831,0.0121786906688018,0.0646820208088316,0.178151579343689,0.0665251621689539,0.224617347128874,0.144960735995462,0.0378975397456101,0.00180307722259353,0.00329361207604444,0.000465776260016323,1.63998895922829,0.000705680487882672,0.00203057315262178,0.0127142554036755,0.000713173326075535,0.00447495541782114,0.0324094572279702,0.00449596602378306,0.00152729078852769,0.02994689332163,0.0877010381747744,0.000104187845783814,0.00176227793076098,0.00241401510599068,0.0421749013200715,0,0.871363138540199,9.48305854302444e-05,0.757612008821513,1.66020609654565,0.759877941723652,3.9367402881025e-05,0.0160749118105069,0.00118891944811784,0.0841969443575804,0.0133282327306449,0.0044574447617511,0.0392467702837437,0,0.0013055509746427,0.000301453458017408,0.000974923540789647,0.000164140936780313,0.000267253345066519,0,0,0.000450884937601426,0,0,4.10998385043659e-05,0,0,0.00260259776743529,0.000336312839110076,0.00678662173109513,2.40409928728353e-05,0,0.000223724772114358,3.88274038244669e-05,0.000477925589907751,0,0.00304159212575652,0,0,0,0,9.45800133935644e-05,0,0.000221501928898235,0.00787569310841283,0,0,0.000336164042753941,0.00279083784820551,0.00056056948629214,0.00165026039192674,0,0,0.000258490329648097,0.000310969774589909,6.35850599842646e-05
0.266768669064066,0.00061399944719427,0.100621133065097,0.00123740095527863,0.000767576797480317,0.0028010946350384,1.29890166218687,0.0126050206947157,0.21837193936186,0.00685326490866482,0.0003196027451265,0.00028252039018803,0.000451699717550585,0.0193297953578064,0.000109505589389035,0.0285117130155127,0.0529976643068737,0.000845180232424379,0.0169128166936367,0.000448982110574673,0.901782527064091,0.00762418669714899,0.252481392434984,0.148198160802794,0.000356309257324045,0.0190583822503085,0.0138497270980819,0.839175586988348,0.871363138540199,0,8.95074236621609e-05,0.00407406937674266,0.15643616011572,0.403125425743017,0.00208382645403043,0.0725205397428131,0.0160000350189463,0.0929207365886489,0.0587561283532746,0.00290211422432209,0.000604959103439641,6.43143012629623e-05,0.00661274730416682,0.00138828953618307,0.00213744524409901,0.00148871233979192,0.000263940727089801,0,5.05402300970161e-05,0.000382558322919906,5.91563231218135e-05,0.000206077331077088,0,4.1483737433741e-05,4.25973030981999e-05,0.00360629545499491,0.000151313964921305,0.00645794509797688,0.000112268673643065,5.47030212626301e-05,0.000483530025070485,0,0.000740680681269227,0.000126589646653102,0.0175547680535954,0.000132139818850032,0,0,0,0.0023323097461733,0.00128804072868554,0.00127474174709406,0.0158554957609599,0,0,0.000607063230871712,0.0083724653199817,0.000766161526521176,0.00608825539960506,0,0.000109203526811128,0.000297918191225784,0.00160029898738488,0.00147679035329402
0,0.0323897890414654,0.00119600576661704,0,0.000454819650437272,0,5.11116047431778e-05,0,0.0122111386330325,0,0.313924537938245,0,2.22758780749896,0,0,0.000791598582627209,0.000422431382533881,0.0324083869470301,0.00861418589855426,0,7.21188840494477e-05,0.0204210109710081,0.000123356787998618,4.85257185022471e-05,0.353855586389759,0.30960786089802,0.346193514638244,0,9.48305854302444e-05,8.95074236621609e-05,0,0.000648759528375831,0,0.0170278691755152,6.31702988279371e-06,0.0019764172433469,0.0491367839289542,0.0184517097235529,0.00765604681775421,0,0.000214450061809998,0.00703089351548252,0,9.17341700935638e-05,0.00060049690042228,0,0,0,0,0,0,0,0,0,0,0,0,0,0,0.00638482528538625,0,0.0245228534341071,0,0,0,0,0.000870806696984711,0,0,0,0,0,0,0.0171426695467217,0.00248262498575715,0.00110212682335349,0,0,0,0.0172446728581226,0,0,0,2.64402097140543e-05
0.00459138102540546,0.00016328833604741,0.000198387334737295,0.00224349769943267,2.90181862870599,0.95456883608844,0.00266659207119104,0.191859418881813,0.00310297033363794,0.00215790313809922,0.00946475230667865,0.000554478143099555,0.00208549410412093,0.261002560463422,0.00578355909892205,0.00130232297084101,0,0.00072201761981285,0.000293371472165843,0.00518561502271138,0.000761423670398864,0.000361549828153109,0.000954989364411801,0.00273793727472514,0.00168264235548899,0.000466473780224241,0.000259180064245713,0.00087506171133644,0.757612008821513,0.00407406937674266,0.000648759528375831,0,0.0181130432397057,0.709543959078439,0.000333690303901548,0.00966345795791678,0.00203597278269942,0.0984131920022735,0.0319532298798938,0.0620911020086262,1.10276543094244,0.00119115418769789,0,0,0,0.00015880382215611,0,0,0,0,0,0,0,0,0,0,0,0.000222068660743605,4.42231652776348e-05,5.52262818143273e-05,0,0.000460816338224458,0,0,0,0,0,0,0,0,0,0,7.31251880608348e-05,0,0,2.43851141908938e-05,0,0,2.71719886187332e-05,0,0,0,5.8749273902732e-05,9.8561180059928e-05
0.0333234208914307,0,0.00091512464905091,0.00280457448631689,0.00545503110214113,0.00188179783138314,0.00790049493404219,0.00216176128828432,0.064870975060291,0.00161238065089358,0.000383394354038377,0.000401752773856171,0,0.00549527746379094,0,0.00148265359616085,0.00227888117608319,0.000581486433534242,0.00123349805285556,0.00216044238349467,0.0216499644240519,0.000518357252723901,0.0026859910299033,0.0164542370599756,0,0.000186627280663433,0.00014294483683337,0.00689542644167249,1.66020609654565,0.15643616011572,0,0.0181130432397057,0,0.333849143328415,2.20994803148277e-05,0.00541797032233097,0.000486668832497938,0.0309484334268648,0.0164029538937618,0.00146484842969892,0.00258440692739904,0,0.000226964070835681,0,0,0.000160920002263946,0,0,0,0,0,0.000554336218096838,0,0,0,7.6947032296569e-05,7.50541265002033e-05,0.000513124116725133,0,0,0,0,0,9.81514432722421e-05,0.000199594360889502,0,0,0,0,0,0,6.6489079255961e-05,0.000984132049095798,0,0,0,0.000782381900818363,0,0.00168845386846473,0,0,0.00196332876493303,0.000947499498126218,0
0.060403234390527,0.0227894346495798,0.0551491504416016,0.00735148436691731,0.141075344442318,0.0671110003277816,0.0281129163190439,0.0426653476503126,0.0744386892652462,0.012240541426521,1.41624212498819,0.000830229279806614,0.0840782241769758,0.047983422554853,0.000379720897730657,0.0593027419714686,0.247337647057099,0.0729604798107274,0.39570872047926,0.0156408971298189,0.205488687306591,0.0414165547490771,0.139321212488743,0.0536867056606605,0.0707601933402294,0.0504960201270913,0.12235078702032,0.0906634949444356,0.759877941723652,0.403125425743017,0.0170278691755152,0.709543959078439,0.333849143328415,0,0.00166612682185707,0.162185992441784,0.351996641525796,2.96937483497524,0.32354812034834,0.0613250127212054,0.807912915283575,0.0817071367068824,0.00505110074495649,0.00230424233404064,0.00175324990485188,0.000585231222357192,8.48846249134911e-05,0.000109797840532571,0,0,0.00219941238295729,0,0,5.52869493549101e-05,0,0.000442699279711993,0.000120327827761151,0.00352348077603835,0.000107817523403499,0.00176970491938183,3.26405361857273e-05,0.0128640907307008,9.48173066481249e-05,8.93329013421824e-05,0.0150267928783722,0.000451441990334561,0.00104730335383124,0,0,0.000763904599111236,0.00353606615367805,0.000455940981754687,0.00536416456080806,0.00602302182745573,0.00104126568633383,0.00259394781913843,0.00297892423542874,0.000194536207810235,0.000830326768835505,0.00268778833871136,0,7.53427600775e-05,0.000257529420165364,0.0013411296174903
7.7422131314144e-05,6.39604369909449e-05,0.00011073944986787,0,0,0.100595524138984,0.0002010830482935,3.13860333255299e-05,0.00029292565557848,0.0318416492847341,0.000110694779154505,0.280696557024178,0.00155944003253891,4.57502755843445e-05,0.0169613443329906,0.00509791250097438,9.55366948914938e-05,0,6.74303229015839e-05,0,0.00399740000410063,0.000871637251534113,0.0110239277707196,0.000642137631326511,5.19308160250581e-05,0.000114340139313093,0.00105967057304704,0.00174985054885447,3.9367402881025e-05,0.00208382645403043,6.31702988279371e-06,0.000333690303901548,2.20994803148277e-05,0.00166612682185707,0,0.025974909497536,0.0254437300377322,0.028443259803466,0.0295579562540902,0.000111762277264634,0.000948557939203268,0.000225447861200684,0.0123621010055057,0.018158668814509,0.0194940300055543,0.0128573203162589,0.00302193163643959,0.000212399386050627,0.000256666585174796,5.33196927392709e-05,0.000149895575285977,9.94412083901028e-05,0,0.0056952613462284,0.00352114251078612,5.36461762225987e-05,0,0.000380876374191985,8.09843056437229e-05,0.000615176388589286,0.00755639704225085,9.31355839821984e-05,4.0239094169196e-05,0.0129731706037455,0.00206998437020128,0,1.75868802751173e-05,7.36741570677856e-05,0,0.000572376501319101,0.00015165771866524,0.00247412265956787,0.000306289166495635,0,1.40439056342778e-05,0.00108021970189207,0.000388341864233448,1.28011645848518e-05,0.000667534903750767,5.97103650987971e-05,0,0,0.000592661001185467,1.40555490468278
