0,0,0.201901965812885,0.00388432748058199,0.00152453783467907,0.00560553915059348,2.07554113449541,0.256028892481465,0.000604885766085734,0.00683993594112502,0.00446746353644041,0.00129231740183534,0.00125985956662402,3.2516735145494,0,0.00120798207287721,0.152644556392089,0.000458526561946371,0.00813007659676222,0.00487689580128295,0.0404323004141031,0,0.0538654929833707,0.00346300537363091,0.00076055165434305,0.0151883595192783,0.0131193613655114,0.00894098869285721,0.796284958444355,0.115016503333871,0.00148103145706138,0.00377795382387272,0.0892827712520231,0.0952245889004638,0.000172796992306971,0.00230873577653067,0.00203393771701589,0.036653104432254,0.00460961659308231,0.00540325860311108,0.00393653685426346,0,0,0,0,0,0,0,0,0,0,0,0,0,0,0,0,0,0,0,0,0,0,0,0.00026400347383396,0,0,0,0,0,0,0,0,0.000796841920525052,0.00018139513393256,7.35202730477386e-05,0,0,0,0,0,0,0,9.28531277898508e-05
0,0,0.0202106066353007,0.000425332357135854,0.00206457994049508,7.92447525530373e-05,0.000610802627139085,0.00035012515128361,0.474400436509056,0.000618946104465648,0.0361902636671812,0.00027171830984095,0.297553086261814,0.000426089095284525,0.0106985431023853,0.0676674856448548,0.0353038434263594,0.0259054503070688,0.0399421274363628,0,0.000576176490851223,2.88386108422652,0.00443935698460481,0.0899567410337922,3.15904603758494,0.223020918181484,0.918624235918115,0.00205302833118301,0.000521574146336575,0.00106238832821027,0.401401641645284,0.00210785008491647,0,0.0362452368515325,0.000277273434210279,0.0228361538096191,0.056329780112417,0.059331579712899,0.0167536990428496,0.00796137065465986,0.00127685872726888,0.0382554080670832,0.00274950557674514,0.000993082554012183,0.00537576218997191,0.00707232280175556,0.000172259623370184,0,0,0,2.14354747114333,0.00614803691975535,0,0,0,0,0.000285345572100505,0.00904459238648032,0,0.00458564846673103,0,0.00696360554371598,0.000109837316664564,0,0.012982729229668,0.00501978203895067,0.00208053263484653,0.00637202107978817,0,0.000269683358997352,0.0328498595950376,0.00108646071785,0.00276744052251658,0.0845022002497063,0.0423101008316207,0.138747712590292,0.000537076550011062,0,0.000272990376799415,0.0154436941665314,0.000127349048639274,0,0.00598730140148296,0.000198627321218851
0.201901965812885,0.0202106066353007,0,0.000282140156592729,0,0.0244931088720296,0.0642082198702863,0.0800612201790589,0.0032945362824343,0.00392354991923233,0.00655942294931276,0.00082936210417537,0.00187760217476111,0.0805812028509281,8.48933085934728e-05,0.0223724189154871,2.42985035128603,0.00167213268600875,0.0356210973831887,0.000561755360462469,0.257757388822617,0.0105062942309639,4.36324996612306,0.0110933741210965,0.00155069094896869,1.80591497376554,1.39543322650188,0.0240683539787832,0.0392143298675505,0.0741998241207564,0.00251594338331547,0.000820494290734841,0.00318997990913206,0.128451876090718,0.000872951264765775,0.0356551199542683,0.0157581058100936,0.159564363003744,0.0327920251718504,0.00830534837224577,0.000234963483692138,0,0.000511759717381327,5.99078226857608e-05,0.000424740959333245,0.00136136506892152,0,0,0,0,0.0130316003421871,0.00188129006686398,0,0,0,0,0,0.00159847796234591,0,6.6257187993744e-05,0,0.000511128082945666,0,0.00013531580127653,0.00936668437318315,0.000962436146466907,0,0.0001985990974971,0,0,0.00295384595029396,0.000394767116910449,0.000493136234037473,0.00147302458383981,0.00387342203465714,0.0247377682519648,0,0,0,0.000215793731090014,0,0,0.000517903860538183,0.00112229753084361
0.00388432748058199,0.000425332357135854,0.000282140156592729,0,0.000667242484430407,0.0964156460182243,0.0620868967556582,0.0136348762899553,0.429777015616834,0.882743467061379,0.00249692769106359,0.920646440719711,0.000976627789465176,0.0136120732991993,0.00512607985061932,0.00598064948161499,0.000333288499390251,0.000169229570251892,9.89555532282605e-05,13.9883782422541,0.000200740361507856,0.00559929277993057,0.000572941325087804,5.01813315458407,0.000164827517259312,0.000940636868285243,0.00245375089907677,2.12640868237462,0.0165314841203309,0.000368760143761858,0.000164010105108926,0.00279054876792573,0.00668724215896186,0.00964850012718483,0.000459100340554007,0.0329890660751495,0.00111394889659752,0.0175625612277439,0.00312196032306898,0.0190603037160053,0.00395131249184507,0,0.000734765659432969,0,0,0,0.00124018191896706,0,0,0,0,0,1.49926257176099,0,0.000255524034468252,6.71580496779661e-05,0.000193019383960363,0.0644120158305475,0.00128825735572586,0,0.0424322248815594,0,0,0,0,0,0.000251081306115661,0,0.0355345165148193,0,0,0,0.122232113069684,0,0,0.000146877492332507,0.00134809065516411,0,0,0,0,0,0.000288212797621666,0
0.00152453783467907,0.00206457994049508,0,0.000667242484430407,0,2.17865198156007,0.000911238310976916,0.217338735510171,0.0546987039089779,0.00167860374865858,0.086822228961833,0.019420115577522,0.0436626398097156,0.0525208001163561,1.14374153556149,0,0.000177719877970214,0.00329503405297479,0.00043578423947885,0.00325485245059452,9.77311499390215e-05,0.000976288470581149,0.000191418196322124,0.002128596509116,0.0223323224699496,0.00594009552124746,0.00121806873343433,0.000540169608306176,0.198992244397268,0.000246020652699937,0.00318470490867756,5.65324749356908,0.00144240131968015,0.712394556428332,0.00894009128046316,0.0167282962018819,0.00403980980319538,0.0754207630370974,0.011077658554297,3.52217359958636,8.82496041340659,0.0101553164615167,0.00127292043231766,0.00147870890385389,0.000379516396831087,0.00373023603619896,0.0005554599900355,0,0.000536216190084815,0,0,9.15300464423658e-05,0.000114319476142261,0,0,0,0,0.0115334145301136,4.95306035145325e-05,0.00124878557191965,0.000396621358716214,0.00283704814154152,0,0.00533004354353792,0.000138469052660728,0,0.00031292954204171,0.00019574160570603,0.00036080827147285,0,0,5.06943045143126e-05,0,0.00110906454384587,0.000245213388317456,0.000179248213874333,7.19855541421082e-05,0,0,0.000244463497816641,0,0,0.000645554035231633,0.00584571085810315
0.00560553915059348,7.92447525530373e-05,0.0244931088720296,0.0964156460182243,2.17865198156007,0,0.324135513920315,2.99677503428244,0.0669667949606841,3.19887099338834,0.032585856669913,2.9067079639962,0.0194156010643927,0.17301370914006,2.98009555970485,0.00206444060141153,0.00624601433794067,0.00300605218093592,0.00285789720852624,0.47899287527968,0.00729990200149215,0.00264898270666788,0.00961299792998054,0.119120443212618,0.00573056516359759,0.0118305912609979,0.00778040500541506,0.180337598697927,0.0823629089443731,0.0035110566897693,0.0017162903660729,2.04886429200902,0.00154469108739883,0.054844446572818,0.0294070234821477,0.0217983594041877,0.00587173730110346,0.0480417148638133,0.0052683225441845,0.306547530414525,0.201962696181394,0.00205103134035972,0.000786113232103038,0.000822923505883068,0,0,0.0018718542913515,0.000243130041708305,0,0,5.05957571536727e-05,0,0.00190859643666306,0,0.00044237419353312,4.07436989898671e-05,0,0.0138204882916114,0.000740959895195667,0.000626277656651101,0.00837558542874852,0.000281399771805222,0,0.000105712199396204,0.000583912370058755,0,4.29864957464945e-05,7.49585606646379e-05,0.00369014205428468,0,0,0,0.00250628771560492,0.00133114071899614,0.00022840296812754,0.000696744099336295,0.00142393672884366,0,0,5.43533283448379e-05,0,0,0.000300147771345473,0.000121961257956142
2.07554113449541,0.000610802627139085,0.0642082198702863,0.0620868967556582,0.000911238310976916,0.324135513920315,0,0.316531711356806,0.0607749812811336,1.51548874116118,0.00258450484487749,0.0180045773623902,0.000631132320305578,0.508910468000589,0.00366095309222973,0.0130127118214925,0.0176291784920419,7.74006112800587e-05,0.000825753540966317,0.0245487885662773,0.0626831266438712,0.00665234843176848,0.0620972317369628,0.431350888937177,0.000814316582644124,0.00961303050170609,0.0438551299468479,2.92618373863994,0.0614286972307168,0.694373572262767,0.000222098914863675,0.00333441533507109,0.00948613214033095,0.029161987889377,0.000997561231940891,0.0297261386686285,0.00204453509436816,0.0486933842232214,0.00978336812125496,0.0238531122066156,0.00464244745143673,0.000130933096665568,0.000439723191115979,0.000458483883459379,0.000152788554901306,0.000140592958545993,0.00069305433499886,0,0,0,0.000191864170882405,0,0.000585670278062185,0,0,0,0,0.00406983036092507,0.00050003441463099,0,0.00107029636425152,0,9.35894046220106e-05,0.000340178526635516,0.000764102553819892,0,0,0,0.000201491199111333,0,0,0.00016323228240853,0.00146648309389875,0.000144126572356594,5.57432335552511e-05,0.00164234097058692,0.000891599849812588,0,0,4.11632864653715e-05,0,0,0.000254110167664901,0.000309088351022273
0.256028892481465,0.00035012515128361,0.0800612201790589,0.0136348762899553,0.217338735510171,2.99677503428244,0.316531711356806,0,0.00563283556736633,0.854105391028219,0.0289979220088101,0.137932998638107,0.0189864843961779,3.40060173841749,0.0300391533901627,0.00062085219825846,0.0513215134832854,0.00250707338207549,0.00267699604423574,0.0605882300341272,0.0186239921013832,0.000423696074459287,0.0265272819114782,0.0187122248797452,0.00455995357935325,0.0167967149722678,0.0126451394369024,0.0292851957395804,0.199286305268674,0.0234519455601753,0.00116643921917732,1.17250149535022,0.000950816946013724,0.0741842569355732,0.000770057625926024,0.0085691336823514,0.00433966887420842,0.0405229455175545,0.00559789609107523,0.17061310298859,0.159741657767376,0.00157847318595809,0.000115044085067335,0.000279660869784315,0,0,0.000421055921097719,0,0,0,0.000103719454568616,0,0.000234735712847009,0,7.55374019932482e-05,0,0,0.000694916069626561,0,0.000250480838005026,0.00113436111407107,0,0,6.70250372140566e-05,7.11589952566167e-05,0,4.85964863743715e-05,0,0.000300192832800611,0,0,0.000116901725383523,0.000613310892247583,0.000528705490407621,0.000182232686631578,0.000587235477916369,0.000365817493618148,0,0,0,0,0,0.000292672843976268,8.42638974344941e-05
0.000604885766085734,0.474400436509056,0.0032945362824343,0.429777015616834,0.0546987039089779,0.0669667949606841,0.0607749812811336,0.00563283556736633,0,0.113304325975866,0.00857009099339878,4.29586644306176,0.0721372584130062,0.00868210568568781,2.71268838959738,0.0557353789585555,0.00892332041211999,0.00214504506760999,0.00889053423567747,0.59743877598066,0.00082121765762285,3.46150575422494,0.00238121674167592,6.9530455041598,0.157404181062866,0.0510507213503744,0.133819704358177,0.169428758303795,0.0100970339881497,0.0119227186792622,0.0619150499953156,0.00202041529187359,0.00681410971960147,0.0174307243145901,0.0187073644970285,0.521920464300675,0.00961398121488213,0.0305885004284288,0.00892977585016475,0.610752693685756,0.00621733347846967,0.0025485642926518,0.00305355264083611,0.000185778068426852,0.000531269731278458,0.000724527533996454,0.00868233709190815,0.000175429978875787,0,0,0.0159134267821016,0.000234310762828868,0.0342005897094234,0,0.00186327216417547,0.000149439431360139,0.000463669495715184,0.734664744273437,0.00606876829231845,0.00227102185968325,0.0275822343047111,0.000444083664012839,0,0.00282434159158094,0.00281766791385112,0,0.000622103410311903,0.00173056797421683,0.017134031998487,0.000217290179672069,0.00124535117003555,0.000271409122738647,0.0474845399094936,0.0056666268923867,0.00161492609861064,0.00751370198334077,0.00505798974522646,0.00029862552332853,0,0.00256268597325338,0.000451676407174102,0,0.00149993378593553,0.000311818605003893
0.00683993594112502,0.000618946104465648,0.00392354991923233,0.882743467061379,0.00167860374865858,3.19887099338834,1.51548874116118,0.854105391028219,0.113304325975866,0,0.00807583070196872,1.61244923827896,0.00363696552398403,0.242151117131756,0.0130560362916904,0.000996474449014586,0.000605878361782336,0.000960786820703021,0.00107520751012741,4.303931073178,0.00201281919918082,0.0010325938683295,0.00252471387703495,0.165955938951101,0.000999918516136639,0.00363819530755852,0.0040886426408045,0.893327643292948,0.0381556707249106,0.00154396857795166,0.000135431380474654,0.00841727034182781,0.00209254814278232,0.0250817564105841,0.00225245630724181,0.0390947846742243,0.00279065844118951,0.0407399664884628,0.00560266993222975,0.0606866540289381,0.00828546164171082,0.000738502420568057,0.00112212878840354,0.000189204514562391,5.10978432179511e-05,0,0.00113080772814875,0,0,0,6.02408012424843e-05,0,0.00617213497591442,0,0.000458664878983014,0.0002753974399226,0,0.0319439736391465,0.00221939098650418,0.000134606869206624,0.00827073914002702,5.87007026393673e-05,0.000219091320285128,6.2529497834063e-05,0,0,0,0,0.00536523409845034,0,0,0,0.00432238584708093,0.000111620682963949,0.000253803871207891,0.000255470783675658,0.0018314545384854,0,0,0,0,0,6.57720644806207e-05,4.88874353470532e-05
0.00446746353644041,0.0361902636671812,0.00655942294931276,0.00249692769106359,0.086822228961833,0.032585856669913,0.00258450484487749,0.0289979220088101,0.00857009099339878,0.00807583070196872,0,0.0342821894823305,3.29853387274289,0.0972655971929632,0.0070077909494538,0.00042569860808908,0.0840846169046127,4.80577755027258,1.17847637076542,0.0122317756057334,0.000678402203328377,0.00834614144931008,0.0012642907475189,0.00381229233720874,1.04768655863098,1.85612895656639,0.0729051127341656,0.00218499874378912,0.126633789825821,0.00187796048354043,0.543278023028848,0.24216822194134,0.00101006911624859,1.82319069439871,0.000340484521833161,0.0453019104975698,0.355290048905212,0.522149619998678,0.023694864368908,0.0664072386447338,0.0446248663725433,0.193665137262858,0.00960766859605394,0.0126585914215161,0.00370912597943161,0.00173473587144207,0.000418641760074015,0.000280798239802302,0.00616537837462046,0,0.0035353578398122,0.000180182959462557,9.46563561879821e-05,9.07108924438071e-05,0.000464320378712526,0,0.000511443857885536,0.000687068659735663,0,0.098376377179474,0.00046288177905436,0.0662138363536305,0.000213388876001641,0,0.000182613949198395,0.000221874730661054,0.0145094923199175,0.00215083091319953,0.000151534248776708,0,0.000175532571982849,2.92609924308425e-05,0.000128728394363691,0.305119123116865,0.0414119838676321,0.0148472267333265,0,0.00112365742331198,0,0.0631507798998523,0.00166624337077284,0,0.00857644902833365,0.000115650175228886
0.00129231740183534,0.00027171830984095,0.00082936210417537,0.920646440719711,0.019420115577522,2.9067079639962,0.0180045773623902,0.137932998638107,4.29586644306176,1.61244923827896,0.0342821894823305,0,0.0145568656435221,0.126486771789804,2.11666258003551,0.000371091331922624,0.000383789380435248,0.00307365860814288,0.00227751172414137,8.03751458884034,0.00045650350430388,0.00129533685649092,0.000780406361402188,1.14269430651726,0.00814442493007814,0.0106412473437124,0.00307976987593578,0.0451850024299647,0.0551935849613587,0.000551588074807672,0.00285420076506103,0.0487838555537382,0.000936189568699749,0.0588683755059389,0.294764708986941,0.226257531014833,0.0101939753252631,0.0733250608688205,0.00443744210411032,0.388048830256933,0.0382732298656833,0.00170753130913761,0.0044569298383016,0.000650021102936635,0.000152192180487955,0,0.0077528195770209,0,0.000481592280798535,0,0,0,0.483965844863632,0,0.000945285899538932,7.17043771997754e-05,0.000208340885274562,0.100474427912087,0.00207442168274908,0.00047487997454821,2.28223010642819,0.000612284027601493,0,0.000691997746746928,0,0,9.08094430604051e-05,0,0.486503799337974,0,0,0,0.0210032195742359,0.00182804114398798,0.000397032054408465,0.000269069429598936,0.0034052808758434,0.000455460963894429,0,6.90209444591011e-05,0,0,0.000596542381269025,5.04246332449064e-05
0.00125985956662402,0.297553086261814,0.00187760217476111,0.000976627789465176,0.0436626398097156,0.0194156010643927,0.000631132320305578,0.0189864843961779,0.0721372584130062,0.00363696552398403,3.29853387274289,0.0145568656435221,0,0.0340981915756166,0.00760694888950614,0.00749294429525616,0.0023861498815652,0.0337458406465746,0.00824767476396143,0.00581029779280199,0.00126115392509557,0.0794281096433671,0.00698003811550472,0.0163711381743793,4.31506783256388,0.41317447627984,0.576736307884462,0.00218724337309899,0.0372327762976155,0.000573488844956836,3.79759054464584,0.150870411418858,0.000578676609359228,0.345783048162716,0.00760128671802074,0.661916492481535,0.776178734554095,0.643043106497406,0.217717887076031,0.0932704162639224,0.655181941094098,1.21137290313148,0.0793276158855642,0.0684347917170403,0.00824043383541951,0.00544182924612035,0.000995524202024985,0.0356597635079802,0.0317431752808817,0,0.0250696492592409,0.000380243527874722,0,0.00024872235513158,0,0.000170387369078048,4.73278389066826e-05,0.00130496873257583,5.53206532690723e-05,0.0933400211416278,0.000277626153149049,0.501839345401408,0.000334812770982219,9.6529004652555e-05,0,0.000892287709657326,0.0141864775389816,0.00418783260549881,0.000177338918515802,0,0,0.000142954567289187,0.000159886798256597,0.367271214614786,0.0413323561986451,0.0178421574870549,2.76419811147334e-05,0.000605930479307176,0.000313524874684667,0.0779292183198961,0.00399876294175372,0,0.146223485025048,0.00485379252445888
3.2516735145494,0.000426089095284525,0.0805812028509281,0.0136120732991993,0.0525208001163561,0.17301370914006,0.508910468000589,3.40060173841749,0.00868210568568781,0.242151117131756,0.0972655971929632,0.126486771789804,0.0340981915756166,0,0.0133759616803501,0.00107100394511043,0.144781774670054,0.00893178011650506,0.0184068529066321,0.0685540820737194,0.030851256916288,0.000372110137786585,0.0334664570454118,0.0175144814506482,0.0177311639559873,0.0394204263658705,0.0185819703688491,0.0277888961306095,3.22553161058285,0.105636605838344,0.00512459201860313,0.528716194859084,0.0388709097361961,0.431013512444225,0.000568991873883078,0.0221424083136864,0.015980834328445,0.149071165914365,0.00673113496211057,0.238151594942703,0.118234664153866,0.00471225439621935,0.000357471196011097,0.000788975245009163,0.000387100638519491,0,0.00024220679386234,0.000126078281553127,0,0,0.000177546129298692,0.000292782674006974,0.000454889645266272,0,0.000104840524136705,0,3.99167359065194e-05,0.00146704758696676,8.50540273482792e-05,0.00121390819086656,0.00114850785209704,0.00131991539312148,9.76178573999231e-05,0.000111073456092601,0.000110761431398258,0,0.000113315285318892,0.000256587464559725,0.000312439008868362,0,0,0,0.000522172323200129,0.00366089527792073,0.00108847447001596,0.000885395251916908,0.000366882117876667,0,0,0.000420493187258671,0,0,0.000430787361097515,0.000373309206587687
0,0.0106985431023853,8.48933085934728e-05,0.00512607985061932,1.14374153556149,2.98009555970485,0.00366095309222973,0.0300391533901627,2.71268838959738,0.0130560362916904,0.0070077909494538,2.11666258003551,0.00760694888950614,0.0133759616803501,0,0.00092766707316237,0.000613994150501259,0.000128116461137354,0.00150443002759141,0.0172085689716266,0,0.0409500863379959,0.000337512576235391,0.0267222301402963,0.00956356628678367,0.00317192532698574,0.00734446154499006,0.00473029636983373,0.0118562940072208,0,0.00173268707681127,0.188192578914519,0,0.0103558516301227,0.0241990216211834,0.107039049773754,0.00208812477206886,0.00678611554878758,0.00119043627004339,4.19025170725431,0.230358892148099,0.000421207926057505,0.00153421554355241,0.00179143234141334,0.000842756572811326,0.000527670497947259,0.00436234085292075,0.000372778217852344,0,0,0.00155694695789872,0.000236503511605105,0.00109415365831627,0.000124167333854284,0,0,0,0.0569170750301557,0.000527107017933275,0,0.00358642192827259,8.46745904533007e-05,0,0.00230379010079454,0.000797369493006777,0,0,9.38715588406913e-05,0.00331203015692173,0,0,0.000272063564208951,0.000559483048371211,0.00110809756169911,0.000218014254517666,0.000374841417711064,0.000761373239734271,0,0,0,0,0,0,0.00269860864273682
0.00120798207287721,0.0676674856448548,0.0223724189154871,0.00598064948161499,0,0.00206444060141153,0.0130127118214925,0.00062085219825846,0.0557353789585555,0.000996474449014586,0.00042569860808908,0.000371091331922624,0.00749294429525616,0.00107100394511043,0.00092766707316237,0,0.0158677010490783,0.000843191198883273,0.00315930712547021,0.000643044819701524,0.981603946556222,3.45264010840978,1.61488129155496,3.31928760695624,0.0144930171911781,0.0100703129948533,1.59139031714762,0.228200127978393,0.00449206999601621,0.0555956512909732,0.0031710289269012,0,0.00294699613971616,0.0600145218411896,0.0115577368958458,0.291471710127075,0.0866611392158535,0.232771234720028,0.135085851760856,0.0863570726421232,0.0128011529910528,0.000904785023285941,0.00348393459212363,0.000863088247480437,0.00329424026684362,0.00283946826046558,0.000568676155465648,0.000596410303160273,0,0,0.0141795823799911,0.00143645614433461,0.000381235792707922,0,0,0,0,0.00162914945109117,0,0,0,0.00104622213487499,0,0,0.42359965921242,0.00110994060108863,0,0.000344023951997542,0,0,0.0141043453418636,0.00509358123348391,0.0120042682730234,0.00058856003952462,0.000844615318824853,0.048010538604475,0.000372548863639042,0,0,0,0,0,0.000374897507720003,0.00580344405862485
0.152644556392089,0.0353038434263594,2.42985035128603,0.000333288499390251,0.000177719877970214,0.00624601433794067,0.0176291784920419,0.0513215134832854,0.00892332041211999,0.000605878361782336,0.0840846169046127,0.000383789380435248,0.0023861498815652,0.144781774670054,0.000613994150501259,0.0158677010490783,0,0.0316924335513036,7.09393685606226,0,0.237298325888328,0.0114830643503577,4.31456453745805,0.0124681914037695,0.0086681421834941,1.35933357069068,0.401192455482191,0.00760767708908635,0.185691898480626,0.202662254440577,0.00444931163446194,0.00245144738215128,0.0529877779443547,1.70539963001643,0.000169264443065304,0.0159261605193606,0.0258066218439251,0.169929421340123,0.02236918671644,0.00653080527909371,0.00216515304659605,0,0.00118655260939729,0,0.00105894336061004,0.000216125244903789,0,0,0,0,0.0274776780718077,0,0,0,0,0.00012588810576707,0,0.00018017953147028,0,0.000176332502651932,0,0.000690028660636786,0,0,0.00122730894582968,0.000151175967105475,0,0.00118271020597054,0,0,0.00122953811519562,0.00110566286506027,7.09591977726184e-05,0.00302455763612363,0.00842870491665524,0.0236081709947991,0,0,0,0.000635114052988941,0,0,0.00036241141590554,0.000355472560579313
0.000458526561946371,0.0259054503070688,0.00167213268600875,0.000169229570251892,0.00329503405297479,0.00300605218093592,7.74006112800587e-05,0.00250707338207549,0.00214504506760999,0.000960786820703021,4.80577755027258,0.00307365860814288,0.0337458406465746,0.00893178011650506,0.000128116461137354,0.000843191198883273,0.0316924335513036,0,2.54733071047018,0.00164403449675657,0.000140960821970717,0.00310308124546757,0.000234225569442057,0.000589779590963134,0.135586353280814,2.19076183698253,0.0247298701957301,0.000281374627237894,0.0117876532192005,0.000339094797731095,0.159310813183907,0.0135494044361592,0.000442888807006714,0.071559520742235,7.85846727306963e-05,0.0207382330295156,0.132007761690429,0.0748489959137422,0.0199455480205091,0.00802217544139484,0.00133765532822596,0.00671727855251263,0.00277391020560599,0.00242885310201227,0.00319425602091147,0.00179492857881786,0.000169788562041973,0,0.00106121443191004,0,0.00608576524784072,0,0,0,0.000179233407284356,0,0,0.000543851013246603,0,0.026206759909476,0.000279993297125367,0.0338957857249868,0.00057741696095882,0,0.000512746164110144,0,0.0105067807304704,0.000816264755958661,0,0,0.000155518909416966,0,0.00011114038415222,0.151575849168131,0.0248899670249367,0.0109219071569686,0,0.000820830765982498,0,0.0573844114739371,0.000350258876557867,0,0.00220677566299358,1.99294660754223e-05
0.00813007659676222,0.0399421274363628,0.0356210973831887,9.89555532282605e-05,0.00043578423947885,0.00285789720852624,0.000825753540966317,0.00267699604423574,0.00889053423567747,0.00107520751012741,1.17847637076542,0.00227751172414137,0.00824767476396143,0.0184068529066321,0.00150443002759141,0.00315930712547021,7.09393685606226,2.54733071047018,0,0.0032640975647693,0.0047795266893304,0.00922073802474015,0.0209300789328684,0.00260546829114201,0.045294234563179,2.50284213478768,0.284767532601214,0.000481184480235038,0.01690986603498,0.0085243546558548,0.0406344239056459,0.00939888047883735,0.00223559116932477,1.06283409999016,0.000256100142178483,0.0243897016257229,0.123515119514203,0.424516096169322,0.0335306449686483,0.00799222901853797,0.00199806858769455,0,0.00130136079564023,0.00160192866800889,0.00341968269470656,0.000994167609468092,0,0,0,0,0.0228037547198471,0,0,0,0,0,0,0,0,0.00360692934145887,9.76927716049656e-05,0.00499729180972832,0,0,0,9.34087556259816e-05,0.00385218228281282,0.00302116615912124,0,0,0,0,0.000102197352510342,0.0226920093376187,0.0198452151611128,0.0206796769044812,0,0,0.000122136253786052,0.00910392912481121,0,0,0.00341169449079325,0.00038635707970486
0.00487689580128295,0,0.000561755360462469,13.9883782422541,0.00325485245059452,0.47899287527968,0.0245487885662773,0.0605882300341272,0.59743877598066,4.303931073178,0.0122317756057334,8.03751458884034,0.00581029779280199,0.0685540820737194,0.0172085689716266,0.000643044819701524,0,0.00164403449675657,0.0032640975647693,0,0.000174233057046256,0.00139944396215482,0.000636413216558609,1.22744356171663,0.00230438175583235,0.00452527925319913,0.00130184149260328,0.416894883423977,0.0481093465266758,0.000288450461945549,0.00115833514764409,0.0149147074613072,0.00437911439651939,0.0340030333694848,0.00551177815207003,0.0597054394192709,0.0045865382235628,0.0603464949128927,0.00594836358730933,0.10501594417197,0.021983941981662,0.000990557863314081,0.00238396390069992,7.72724359903165e-05,0,0,0.00816977073535137,0,0,0,0,0,0.389956565608154,0.000204600618613885,0.000811168686884817,0,0.000669559372902246,0.150144750308922,0.00415807379720319,0,0.200242607146592,0.00103666472187187,0,0.00102178463535819,0.000617766783734437,0,0,0,0.199420880589516,0,0,0,0.0153397006602796,0.000455879597511966,0.000131311442668969,9.30271644279971e-05,0.00447205656827948,0,0,0,0,0,0.000134482628124164,1.73272983360669e-05
0.0404323004141031,0.000576176490851223,0.257757388822617,0.000200740361507856,9.77311499390215e-05,0.00729990200149215,0.0626831266438712,0.0186239921013832,0.00082121765762285,0.00201281919918082,0.000678402203328377,0.00045650350430388,0.00126115392509557,0.030851256916288,0,0.981603946556222,0.237298325888328,0.000140960821970717,0.0047795266893304,0.000174233057046256,0,0.0110601987818107,8.53531914723534,0.294121011173823,7.86370932973177e-05,0.0089299626419728,0.0326875906593754,2.37782765159408,0.129775925206232,2.883422114576,9.48135296428582e-05,0.00136515384820986,0.10806397257671,1.18568298733226,0.00889175672511933,0.142104338688347,0.00881341453050719,0.296568057281842,0.0676616484068838,0.0587322862266447,0.00368663730501158,0,0.000881955455001919,7.91101206853899e-05,0.000237357898034826,0.00104118555793789,0,0,0,0,0.000339986373105367,0,0,0,0,0,0,0,0,0,0,0,0,0,0.00141665024636754,0.000167941801183954,0,0,0,0,0,0,0,6.68493946495621e-05,0,0.000977403613488884,9.1472545763866e-05,0,0,0,0,0,0,0.00276008214711275
0,2.88386108422652,0.0105062942309639,0.00559929277993057,0.000976288470581149,0.00264898270666788,0.00665234843176848,0.000423696074459287,3.46150575422494,0.0010325938683295,0.00834614144931008,0.00129533685649092,0.0794281096433671,0.000372110137786585,0.0409500863379959,3.45264010840978,0.0114830643503577,0.00310308124546757,0.00922073802474015,0.00139944396215482,0.0110601987818107,0,0.0462603207748205,2.22886632536635,0.215476785501228,0.0493061630019531,0.536962550500858,0.0374831896479129,0.0023218453749867,0.00839004604193357,0.0635351506492078,0.000620756087559449,0.00115592791380582,0.0314502019344482,0.0013025113400386,0.105508269897156,0.0323635975083358,0.0826224552407294,0.0448245766893822,0.0307853867175184,0.00116590962659714,0.00278192649625817,0.00350277760233143,0.00123493023767656,0.0065628842864683,0.00320210171391417,0.000115136216039119,0,0,0,0.478021263082359,0.00217698534775737,0.000324999761600012,0,0,8.61788182988411e-05,0,0.0266689521487612,0.000190049897573277,0.00188768432851916,0,0.0018169518880437,0,0,0.156517334926716,0.000653169644540498,0,0.000167929243453813,0,0,0.0235984177356556,0.0103666155775436,0.00958750473451064,0.0186728779234434,0.00184138549281491,0.0796557709891791,0.00096134522867538,0,8.20616656456788e-05,0.00107915421962263,0,0,0.0011248732897247,0.00110274493860349
0.0538654929833707,0.00443935698460481,4.36324996612306,0.000572941325087804,0.000191418196322124,0.00961299792998054,0.0620972317369628,0.0265272819114782,0.00238121674167592,0.00252471387703495,0.0012642907475189,0.000780406361402188,0.00698003811550472,0.0334664570454118,0.000337512576235391,1.61488129155496,4.31456453745805,0.000234225569442057,0.0209300789328684,0.000636413216558609,8.53531914723534,0.0462603207748205,0,0.0756545612611956,0.000215189134336058,0.0732686399860107,2.31656145014977,0.167062479043152,0.125322878593481,0.328851226394122,0,0.000447389653123691,0.0387872337635037,0.586418903542148,0.029099387368583,0.432450596183212,0.0751308912104986,0.959427379911344,0.282047193747094,0.211268247718872,0.0305305671686411,8.39152342710257e-05,0.00616998488316203,0.00379398003544167,0.00181259986416641,0.00644278322992065,0,7.81048898096555e-05,0,0,0.00269526342344562,0.000534101484768162,0,0,0,2.20453582722418e-05,0,0.000329992108161439,0,0.000113605471123157,0,0.000752765759199621,0,0.00118587365537439,0.0273252712823619,0.000130312907622069,0,0.000159314447750357,0,0,0.00331840728927402,0.00194332901748975,0.000256522582798707,0,0.000526639078100086,0.0264904828376163,0.000328797497855766,0,0,0.000155950446684939,0,0,0.000180459032251033,0.0193288767426325
0.00346300537363091,0.0899567410337922,0.0110933741210965,5.01813315458407,0.002128596509116,0.119120443212618,0.431350888937177,0.0187122248797452,6.9530455041598,0.165955938951101,0.00381229233720874,1.14269430651726,0.0163711381743793,0.0175144814506482,0.0267222301402963,3.31928760695624,0.0124681914037695,0.000589779590963134,0.00260546829114201,1.22744356171663,0.294121011173823,2.22886632536635,0.0756545612611956,0,0.0249090267489974,0.0189642505189371,0.243048753650801,4.02782688322924,0.0296511244145826,0.101835990221426,0.00840024894802855,0.00325985282691183,0.0200059078921939,0.0459224632088077,0.00461416930633714,0.112528757116417,0.00867083879363869,0.0785898502078459,0.015944958827054,0.0484859784937788,0.00489259666900316,0.000381344426970368,0.00392222297566554,6.28042750455389e-05,0.00101097882348679,0.00175679885235744,0.0117466539304771,0,0,0,0.00336966704900619,0.000516748771920348,0.632417124095892,0.000131320310621581,0.00264948842879014,0.000916482963605504,0.000868103452837516,0.193744751072108,0.00584976921108763,0.000452611626964205,0.0203588146216425,0.000252902087720306,0.000201774570008565,0.000509317564107844,0.00448141722358827,0.000313033557896242,5.47413410199047e-05,0,0.0159999804642525,0,0.00150462322794597,0.000201970287241084,0.403934011894934,0.000695367928146376,0.00109504754913681,0.00793736244271164,0.0119808048312613,0.00011295915734984,0,0.000205686256501168,0.000121987337314826,0,0.00173824825702713,0.000602344088796681
0.00076055165434305,3.15904603758494,0.00155069094896869,0.000164827517259312,0.0223323224699496,0.00573056516359759,0.000814316582644124,0.00455995357935325,0.157404181062866,0.000999918516136639,1.04768655863098,0.00814442493007814,4.31506783256388,0.0177311639559873,0.00956356628678367,0.0144930171911781,0.0086681421834941,0.135586353280814,0.045294234563179,0.00230438175583235,7.86370932973177e-05,0.215476785501228,0.000215189134336058,0.0249090267489974,0,0.479966085148103,0.727195610500453,0.00103026407863792,0.021031314514976,0.000323970223039654,0.851944174346018,0.0639816440190109,0.000357820545254767,0.115904831836154,9.89875614477444e-06,0.0210555686440104,0.248575031737134,0.193795088576221,0.0184835305527965,0.0219325062780565,0.014912749294161,0.549815199574803,0.00961004546895702,0.0240009119648348,0.0145501878155574,0.00358742328627468,0,0.00116113314510002,0.0190050370150341,0,0.219403927622133,0.00012695134679375,0.000109275224609998,0,0.000399661635784743,0.000160731102784913,0.000668726685244284,0.00163567127628541,0.000265684262330936,0.160670573765295,0.000367597605807502,0.125976567549764,0.000364449111092224,0,0,0.00121514304727732,0.0563594306077111,0.00600211918679215,0.000314713352307081,0.000118696403997439,0.000647921526245922,0.000232328543305658,0.000247843103234236,0.967637285808604,0.103301107185476,0.0411050574015043,0,0.001332364432929,0,0.203182419344658,0.006990283089025,0,0.0212205843602301,0.000104554678543642
0.0151883595192783,0.223020918181484,1.80591497376554,0.000940636868285243,0.00594009552124746,0.0118305912609979,0.00961303050170609,0.0167967149722678,0.0510507213503744,0.00363819530755852,1.85612895656639,0.0106412473437124,0.41317447627984,0.0394204263658705,0.00317192532698574,0.0100703129948533,1.35933357069068,2.19076183698253,2.50284213478768,0.00452527925319913,0.0089299626419728,0.0493061630019531,0.0732686399860107,0.0189642505189371,0.479966085148103,0,2.56158422062268,0.00553329368089767,0.0387639566502191,0.00648512512310754,1.45935302482988,0.023538308709575,0.00112921711373414,0.393920643502866,0.00147939987134613,0.152351020902967,0.500230401726332,0.456549417141936,0.0964311910855155,0.0186703716568574,0.00308705628104224,0.0111629367201704,0.0111097951598756,0.00640885868281871,0.018398131331839,0.00487529835009142,0.000116571436103923,0,0.000814782223319561,0,0.0946761078371601,0.000934324435067323,0,0,0.000178853263494391,0.000201358235565899,4.14218523125155e-05,0.00179975563476748,7.21521471560224e-05,0.0518370248563965,0.000253391364831827,0.0688016925862226,0.000377010482451458,4.53472081318185e-05,0.000685909189203981,0.00233166982169579,0.0182306114694505,0.0193960263928611,0.000111069250608841,0.000297046898023407,0.0018161580264714,0.000688816086740961,0.000738909477379503,0.247152486678939,0.187906811253536,0.175623950382288,0.000100841075193363,0.000617276128139792,0,0.0773503725121737,0.000486813338728152,0,0.0148085848860682,0.00126888115876129
0.0131193613655114,0.918624235918115,1.39543322650188,0.00245375089907677,0.00121806873343433,0.00778040500541506,0.0438551299468479,0.0126451394369024,0.133819704358177,0.0040886426408045,0.0729051127341656,0.00307976987593578,0.576736307884462,0.0185819703688491,0.00734446154499006,1.59139031714762,0.401192455482191,0.0247298701957301,0.284767532601214,0.00130184149260328,0.0326875906593754,0.536962550500858,2.31656145014977,0.243048753650801,0.727195610500453,2.56158422062268,0,0.0812642886099872,0.0151218122171246,0.0161895577704428,0.437466513191316,0.00347759556298139,0.00165744414609065,0.549067406749655,0.0129966517959359,0.303211008161689,0.241812894399389,0.748313136979055,0.147792036473834,0.0273054514265729,0.00550784722116337,0.00125685491240525,0.0103902404002509,0.00556380605907789,0.0233040287882357,0.00916828540664669,0.000486718521101119,5.99546072510343e-05,0.000109023318289806,0.000114717868145815,0.157073618491584,0.0135218083101527,1.81408558159732e-05,0,6.29683374708976e-05,0.000358536217678085,5.55527619463675e-05,0.00230147431246834,4.85013494913901e-05,0.0128291760788145,2.85394791522653e-05,0.0166908705097951,0.000213185380823498,0.00058828448335381,0.0951525543025579,0.00538600378972078,0.00558075883244235,0.0198518721188588,0,0.000411229621369075,0.0118993033528572,0.00871725297858823,0.00205906528060879,0.106367014940696,0.128650008142973,0.468463715672464,0.000792267838224225,0.000114550091081175,0.000111115927842285,0.0183715459635013,0.000170924658991782,0,0.0181308139149517,0.0142972440242852
0.00894098869285721,0.00205302833118301,0.0240683539787832,2.12640868237462,0.000540169608306176,0.180337598697927,2.92618373863994,0.0292851957395804,0.169428758303795,0.893327643292948,0.00218499874378912,0.0451850024299647,0.00218724337309899,0.0277888961306095,0.00473029636983373,0.228200127978393,0.00760767708908635,0.000281374627237894,0.000481184480235038,0.416894883423977,2.37782765159408,0.0374831896479129,0.167062479043152,4.02782688322924,0.00103026407863792,0.00553329368089767,0.0812642886099872,0,0.0293199095963585,1.03194998000937,0.00036178386585879,0.00138316326329653,0.0120687570922328,0.0550543718164715,0.0027788913227704,0.0637721374373919,0.00702690442792411,0.0662807974660246,0.0162906059130925,0.0282497049350059,0.00271818903007804,0.000268482648712764,0.00104752241343721,5.52788413361472e-05,5.68907018221906e-05,0.000386041928391678,0.00123902099716176,5.72852495917308e-05,0,0,0.000327058552282644,0.000293136573728241,0.0391539983874515,0,0.000135738387253265,0,0,0.0239504256279779,0.000723842180277112,7.86165067948974e-05,0.00200281165390995,0.000235763435218896,0,5.03248056936065e-05,0.000866082186266682,0,0,5.59918690494878e-05,0.00111518288093876,0,0.000131771541137945,0.000121931027633816,0.0188500388502997,4.39137840951773e-05,0.000130847930162466,0.00137141811815744,0.000702882547563631,0,0,0,6.84520674814667e-05,0,0.00021776413311952,0.000840923726173034
0.796284958444355,0.000521574146336575,0.0392143298675505,0.0165314841203309,0.198992244397268,0.0823629089443731,0.0614286972307168,0.199286305268674,0.0100970339881497,0.0381556707249106,0.126633789825821,0.0551935849613587,0.0372327762976155,3.22553161058285,0.0118562940072208,0.00449206999601621,0.185691898480626,0.0117876532192005,0.01690986603498,0.0481093465266758,0.129775925206232,0.0023218453749867,0.125322878593481,0.0296511244145826,0.021031314514976,0.0387639566502191,0.0151218122171246,0.0293199095963585,0,1.95911452782903,0.00538118546751333,1.09126293934407,3.74714305354184,1.90715944911394,0.0016974617652117,0.067688711442681,0.0139921504257125,0.472135414733968,0.0184283858539907,0.205529680053626,0.162187441844267,0.00486865500593619,0.000720475078438451,0.000818949219260381,0.000397981847026616,4.96821320211827e-05,0.000380118746487543,0,7.52769456660403e-05,0,0.000148394276900873,0,0.000412712149933239,0,0,3.01343816748239e-05,0,0.000339991625949956,0,0.00117242331964468,0.00101056645659471,0.00218489230962744,0,0,0,0,0,0,0.00028612032798663,0,0,0,0.000234322758167413,0.00479999887477865,0.000589411024724348,0.00105320944976742,0.000108701981656276,0,0,0.000532747620308689,0,0,0.00055992646185915,0.000309274666704986
0.115016503333871,0.00106238832821027,0.0741998241207564,0.000368760143761858,0.000246020652699937,0.0035110566897693,0.694373572262767,0.0234519455601753,0.0119227186792622,0.00154396857795166,0.00187796048354043,0.000551588074807672,0.000573488844956836,0.105636605838344,0,0.0555956512909732,0.202662254440577,0.000339094797731095,0.0085243546558548,0.000288450461945549,2.883422114576,0.00839004604193357,0.328851226394122,0.101835990221426,0.000323970223039654,0.00648512512310754,0.0161895577704428,1.03194998000937,1.95911452782903,0,0.000319995319195909,0.00147821386453946,0.422730813274503,0.440697889248478,0.00164862090389174,0.0406892355730086,0.00201890296492074,0.152169115452497,0.0207303246613937,0.01886361624638,0.00257310161418699,0,3.3546304023795e-05,0,0,6.57157684608471e-05,0,0,0,0,0,0,0,0,0,0,0,0.000403537779056894,0,0,0,0,0,0,0.000146142819939965,0,0,0,0.000355341469222663,0,0,9.78128354907652e-05,0.000211832025065359,0.00014702586332431,9.09927962097444e-05,0.000700743347212402,3.84450916774133e-05,0,0,0,0,0,0,0.000589017787382717
