0,0,0.0553409575874096,0.00222693793125395,0.000186917376432741,0.0124941696243131,0.912330328608931,0.0707244141307285,0.0174865250839484,0.0134859530214561,0.00209625395193666,0.0023796074124698,0.000624309903569868,2.96578849381491,0.00186235646001325,0.00175563542019895,0.0476307833650144,0.000201581786972985,0.0214627188009761,0.00593644662790662,0.010683325073717,0.00677910661029658,0.00813990587516526,0.00553466620575931,0.00045357802295838,0.123977414299225,0.00689954236927119,0.0195112677610766,0.979072394024944,0.132615113863315,0,0.00491081420446699,0.0111844145176647,0.033486118165911,0,0.00447580074113925,0.00257647279133958,0.0459697435103448,0.00798277743813297,0.000649776083338512,0.000648209851061593,0.000899443981374939,0.000881961522731171,0.000667462524406734,0.00310132805635014,0.000249167405318683,0,0,0,0.000120276573309744,0,0.000323324322042753,0,0,0,8.5602026383236e-05,6.18063720592655e-05,0,0.000114904556064441,0,8.21705459911597e-05,0,4.05976370973569e-05,0,0.000267264950847702,9.22223201422177e-05,0,0,0,5.04928639188519e-05,0.00033102332611017,0.000170228527881663,0.000473688874677645,0,0,0.000390342676757372,0.000215352080498312,0.000535534271113807,0.000325952566606508,0,0,0.000142170609577445,0.000677914676154632,6.89176918972303e-05
0,0,0.00317346860607474,0,0,4.49378333801931e-05,0.000379036941620895,0.000469710520517697,0.271049063241717,2.94083314704065e-05,0.0234898555603199,0,0.0693061951603852,0.00142262068842425,0.000381869290635285,0.105478038126405,0.0268099786576385,0.0106609013188431,0.0541053931886457,0.000153620922052622,0.00426998617872533,1.25276377761437,0.00643505227370839,0.0805420991536807,2.73183418980797,0.084848439486416,0.92057834957674,0.00299654612814291,0.00149677503586912,0.00126294769589652,0.0462859992944666,0.00126143928303093,0,0.0385646400868721,0.000245965126929904,0.0686686186547275,0.0834304723124967,0.164148611874973,0.0495857742198854,0.00154134450249627,0.000520287434874395,0.0219319578259129,0.0266035779264709,0.00728524050492205,0.0405349932187867,0.0263323829123036,0.000727712645369395,0,0,0.000161827853806217,0.425866172969322,0.0292335402029789,0,0,0,0.000224066434817958,3.22339598161098e-05,0.00117476345255806,0,0.000790770840704523,0,0.00225662578487907,0.000352857836604919,0,0.00585979154126142,0.0182809091553896,0.000392000272931799,0.00554537590415255,0,0.000257166867424684,0.0781606423187157,0.00754451179802839,0.00206177747428009,0.0801592081045503,0.0377324490549615,0.109108501962956,0.000840719925882255,5.93705327776575e-05,0.00111039529031345,0.00189192611710342,0,0,0.0049589115387804,0.000544995714831952
0.0553409575874096,0.00317346860607474,0,0.000210990032178154,0,0.00721114672575824,0.100786186271825,0.00454612661945165,0.0055069502449339,0.00256284814705377,0.00413471588967833,0.000316276581178012,0.00128292233841027,0.0397111112391152,0.00143063882048915,0.00836894155761722,0.890572111973056,0.00105182871657836,0.0236305214306578,0.000487777667617989,0.396886824855443,0.0141421418992443,4.38103905333304,0.00638253738526347,0.000280792846548597,1.55676910775967,1.38637676550922,0.0451376478747948,0.0104776504157648,0.150651136967425,0.000216054608584374,0.0011684335682339,0.0052962588390958,0.18844783299404,0.00177206812224327,0.141303730656733,0.0566361417693985,0.521467346846486,0.208275553834036,0.031911199621619,0.00225650625534892,0.000205826403434159,0.0572524824059748,0.0271424010512431,0.033662230577845,0.0206392354095761,0.00228864210072134,0,0,0,0.00311235344759018,0.00361088338861611,0,0,5.17254857079763e-05,0.000291319974284499,0,0.00144672115137696,0,0.000324563214121665,0,0.000718864769593213,0.000197019381677585,0,0.0763019437751637,0.00124775010203808,0,0.000216045738872312,0.000173356041610585,0.00245537696211094,0.0123945739616099,0.0313582511559532,0.00113108070797271,0.000933758321798407,0.000725526149348401,0.046757032238281,0.000968743216002613,0.00023842373014942,0.000599463095482646,0,0,0,0.00165680529339549,0.00448336480114134
0.00222693793125395,0,0.000210990032178154,0,0,0.00799869057747417,0.0501283517273812,0.00133185149522819,0.124976963897207,0.988266714252816,0.000217411825893016,0.533571183194176,0.00028709431474664,0.00258904189926306,0.00050818712440414,0.000392250078443342,0.000260544634582619,0,0,12.2471897207901,0.000523185503541645,0.000316101164491583,0,5.06067223981591,0,0.000113679340282662,0.000506033445737009,2.70125564298118,0.00380653167595528,4.08867882214607e-05,0,0.000287096631022147,0.00117521768896828,0.00485923143003781,0,0.00570350300986822,0.000536765173086762,0.0111431131634067,0.00301483076179889,0.00089868595173861,0,0,0.000682560451044819,0,0.00146724710322831,0,0.0039812299803265,0,0,6.41471661862411e-05,0,4.35733386243142e-05,5.16721982731397,0,0.00182856074823579,0.000561885556067583,0.00115783834985497,0.0081686950971612,0.0327457052835774,0.000242902987798324,0.684457337930287,0,0.00123553923750867,0.000249705977655799,6.33512644339072e-05,0,5.57961004986748e-05,0,1.75420181832135,0,0,3.27852164741492e-05,0.0668153417002812,0,7.3011024319964e-05,3.60094074350606e-05,0.119990234956122,0.000960176383219664,7.58715140346147e-05,9.56253246882539e-05,0,0.000244144726748068,0.00175727824368215,0
0.000186917376432741,0,0,0,0,0.408965293761457,0,0.0326281589158804,0,0,0.00108551569811315,0.000286948840237404,0.000202048969375791,0.00153818936025631,0.00571326069173539,0,0,0,0,0,0,0,0,0,0,7.21008581667706e-05,3.62816918690187e-05,0,0.0168758326146244,0,0,1.32827102965798,0,0.0161378075626416,0,0.000182533629299979,0,0.00249839116148936,0.000205679537616497,3.74858172397482,4.27945512191466,0,0,0,0,0,0,0,0,0,0,0,0,0,0,0,0,0,0,0,0,0,0,0,0,0,0,0,0,0,0,0,0,0,0.000135088154573219,6.61202006566088e-05,7.60256997582786e-05,0,0,0,0,0,0,0
0.0124941696243131,4.49378333801931e-05,0.00721114672575824,0.00799869057747417,0.408965293761457,0,0.363870902326791,2.52978840664521,0.0552808002019065,1.63433043802344,0.00556156208862147,2.01712444077751,0.00272525418094919,0.106490851008976,1.68187939995709,0.00110422309077035,0.0019706348633989,0.000707789497579903,0.00256164609883594,0.0544186609046431,0.00963699000419994,0.000796985032343845,0.00163339427181285,0.00892983610289968,0.00194846723228062,0.0215792139774826,0.00524494488573459,0.0497644742466552,0.1218271007879,0.00516581862237783,0.000334282755393525,0.221794313076602,0.00297980350355824,0.0214589436825205,1.01678488599022,0.0134060478245807,0.00215356472580587,0.0523828191869497,0.00915027301605671,0.211410053334345,0.295002094542362,0.000384593774250988,0.00061352621707001,0.000480396556231865,0.000946147901959976,0.000684533496873867,0.00604983483295823,3.58403283829971e-05,0,7.17702972644584e-05,0.000152631786280388,0,0.00117954694912041,4.22450016908924e-05,0.0011934781522872,0.000236359512401379,0.000154129784410428,0.00570749396865548,0.00280837586388651,0,0.00494983360911714,0.000310667405308514,0.00043849213667957,0.000368337175567553,0.000214944883989431,0,0,0,0.00185304317911021,0.000111184339598141,0.00016576216561222,0.000152317390964472,0.00714784104437187,0,0.00025784492476021,0.000592495564517731,0.00404826247518788,0.000890754408535222,8.48516778814349e-05,0,9.11003106701331e-05,0.000195373231754733,0.000815295270645502,0.00105669796433349
0.912330328608931,0.000379036941620895,0.100786186271825,0.0501283517273812,0,0.363870902326791,0,0.141609612259893,0.125398605746265,3.7809730682122,0.00288378618016519,0.0494489561191128,0.00225376269821228,0.840911744361969,0.00287886324132638,0.011222376169152,0.0201359022357806,0.000391078506198459,0.00624592366266319,0.0646291813573839,0.194830174430817,0.00864527184647124,0.0229394164250195,0.181620272977845,0.00064528516476895,0.163361016907073,0.0381316038474726,3.44080652577977,0.0865091927210448,2.03203512200508,0.000200316801874517,0.00338059452033616,0.0258596424710821,0.0697601884943686,6.5311174445445e-05,0.0632444370535351,0.00398019379229673,0.112014166768125,0.0310685252235271,0.00325577810410156,0.00270493805016194,0.000229630568737441,0.00549861251629253,0.00135319975523726,0.00252265938402318,0.00160904148107028,0.00364644954996675,6.06370586097643e-05,0,0.000801535550807737,0.000134803052507217,0.000458285529547697,0.00292935118551094,3.59001732309194e-05,0.00321883121864347,0.000900464190142054,0.000631924288979796,0.00512486558254834,0.00662329214762569,0.000238771318299278,0.00645947349969903,0.000172595514435637,0.000936029719879325,0.0003261532608579,0.0015095048909825,0.000266300970527445,0,0.000190196073408876,0.00494681470930437,0.000523923851587512,0.000730779193183974,0.00102297091437355,0.0188952744412574,4.98926150801055e-05,0.000142106778262595,0.00247654864294636,0.00650589111945721,0.00245542823983141,0.000832055362511332,0,3.47044736827675e-05,0.000193415731886515,0.00183526868139855,0.000271102100556378
0.0707244141307285,0.000469710520517697,0.00454612661945165,0.00133185149522819,0.0326281589158804,2.52978840664521,0.141609612259893,0,0.00629392445570558,1.09851559399045,0.00749391872137467,0.0367031753569501,0.00329218638318921,1.87958126673493,0.0157362549571485,0.000347175117815625,0.00266747806631848,0.000875990671980737,0.00238109016945111,0.0136090308184686,0.00275036268484804,0.000727575951498056,0.00122497413754039,0.00164624917883142,0.00137291765340116,0.0138906437768608,0.00236131733308699,0.0138273127504279,0.255225417267125,0.00719995998643661,0.000404323951524041,0.372789510325281,0.00119469813052718,0.0281643170450319,6.08761482372603e-06,0.00487244488846844,0.00467961070758359,0.0655572742751441,0.0151883148558501,0.0353951459868744,0.0884442397662408,0.000480827649756339,0.000236322401098741,0.000318035579676409,0.000453245309745928,0.000199999534784414,0.000719264456183342,4.63058058433642e-05,0,7.32785539724577e-05,0.000103117704025266,0,0.000183292457947012,0,0.000217524337531028,8.33796356986545e-05,1.74479600620644e-05,5.30603279031323e-05,0.000451798936971791,0.000117832500260446,0.00023876340014682,0,7.48997039489992e-05,0,0,0,0,0.000150087073857467,0.000240343805080307,2.39221618782554e-05,0,1.95702157688325e-05,0.00114117283754891,0,4.3099031781495e-05,0.000734026064122095,0.00106173780961279,7.38213974957321e-05,5.46809948544762e-05,5.51083256656315e-05,0,7.10846036834729e-05,9.43484574279156e-05,4.88338594332527e-05
0.0174865250839484,0.271049063241717,0.0055069502449339,0.124976963897207,0,0.0552808002019065,0.125398605746265,0.00629392445570558,0,0.0582013956050481,0.00395371997277432,1.82058426289809,0.010792252518652,0.0271053896821173,0.194394226233123,0.159942191609543,0.0103504616139421,0.000793906983521289,0.0146649494329478,0.640216453463347,0.0372781253593082,2.48009098768942,0.00662872454271476,5.05686843375072,0.118020181249532,0.0203831081837155,0.0771833535915016,0.459151807100812,0.0854759995738845,0.14554795120384,0.00507976025703301,0.00148094334553295,0.169439861753049,0.126019581347101,0.173541826884158,0.236531669250159,0.0193197054516055,0.151650855222551,0.0743186500152031,1.07216466799781,0.00616909596984816,0.00326911037182033,0.0741092460818984,0.0111868112466731,0.089308847485098,0.0414745521423602,0.177610187789243,0.00471763312406094,0.00204214172963863,0.0220010466572077,0.00247524896358762,0.000831217773628468,0.0172348520367678,0.000574257733974553,0.0248565583377044,0.0283065669036438,0.0102105405089672,0.913201354385179,0.0299055723549084,0.0027713828990198,0.0666924662207462,0.000632096038145838,0.0324536141133296,0.00589961120698106,0.0136952420352183,0.00117338374438594,0.00110017752309432,0.000878665350973658,0.0522596404934081,0.0058308553422774,0.0389588371350412,0.00286748124003069,0.38402082367299,0,0.00184194871965088,0.00713981508795906,0.137568544895873,0.0764194136210364,0.0508030192009621,0.000435099852495756,0.00520195549846145,0.0516715366725985,0.0527000253636567,0.0146023870257545
0.0134859530214561,2.94083314704065e-05,0.00256284814705377,0.988266714252816,0,1.63433043802344,3.7809730682122,1.09851559399045,0.0582013956050481,0,0.00298240421248117,1.28709386254178,0.00215859889414998,0.12693292009127,0.00365674177072886,0.00111509706645409,0.0024716764706748,0.000244804458395399,0.0020039628121093,2.36909473823304,0.00867566800429208,0.000624678432540844,0.00124639484448736,0.126264527375771,0.00077064083528413,0.00727139998426682,0.0038636427334022,1.48629859009796,0.0637026083900841,0.00240446538080386,3.91139272876559e-05,0.00371007934401185,0.0117895859193166,0.0526536617936221,0.000131175025230834,0.0528542459366691,0.00316712609149318,0.105786200477974,0.0258619431004765,0.00261509966867918,0.00326520597204904,0.000106987689972554,0.00137824189464039,0.000445910171123827,0.00235749315553181,0.000190040251395699,0.00693878175638782,0.000248662022099511,4.61525155100351e-05,9.28697128109806e-05,0,0.000201354381862234,0.00713341223556884,0,0.0056128154914259,0.0019638910486312,0.000921167158371729,0.00877594431282937,0.0174907204896838,0,0.0153277591995151,0.000513336401831086,0.00183672556804407,0.000261103562180738,0.000125571381478613,0,5.03864890864869e-05,0,0.0125004810049873,2.56938557261681e-05,0.000390228173347311,9.44658620741939e-05,0.0431515669151538,5.8318330991773e-05,0.000218597917451438,0.000371273525344273,0.0144607322121328,0.00171149426815419,0.000377536204112832,0.000128424203377601,0.000150062463899321,8.9192109429352e-05,0.00212158619614899,4.13950239753201e-05
0.00209625395193666,0.0234898555603199,0.00413471588967833,0.000217411825893016,0.00108551569811315,0.00556156208862147,0.00288378618016519,0.00749391872137467,0.00395371997277432,0.00298240421248117,0,0.00525618688406543,1.47317361442712,0.017826274804652,0.00103102941276221,0.00085578513394261,0.00304196228627074,2.58409176633594,0.519703735822383,0.00207101549796836,0.000735338856898516,0.0108213596293535,0.00121237773033485,0.00146316314162785,0.93533919130062,0.613217113816425,0.103844848755691,0.000992084357917924,0.0563974531036485,0.00104548945699174,0.113201216154621,0.0446326205712848,0.000983224188365545,1.15032581132324,0.000218903284888849,0.0541158169853768,0.36130673940304,0.670553576336652,0.0851833573795413,0.00168893044242879,0.0160383252652099,0.232369734996464,0.0040453346301504,0.0166183365777437,0.0130403112009263,0.00480254152169331,0.000290411070976687,0,0.0018760496247898,0,0.00243526116854964,0.000386428852918964,4.43760064457207e-05,0,5.64333432234981e-05,3.18162509397048e-05,0,0.000262965989245934,2.59155081363399e-05,0.0351786325181785,4.30668311334316e-05,0.0667811447059497,7.78206918770723e-05,0,0.000188765577961471,0.00088288071888059,0.00557349577160436,0.00137624993614812,0,2.1511357508471e-05,0.000804814063858053,0.000134429484370288,0.000135486174354158,0.0530861346090154,0.0549113452415324,0.0320678170129123,0.000132758574677398,4.35846204389755e-05,0,0.0992980174625805,0,0.000102232964962227,0.00257911978969551,0.000285964969262855
0.0023796074124698,0,0.000316276581178012,0.533571183194176,0.000286948840237404,2.01712444077751,0.0494489561191128,0.0367031753569501,1.82058426289809,1.28709386254178,0.00525618688406543,0,0.00204488602833882,0.0330639094868547,0.150587003960844,9.23994625294765e-05,0.00018539808650158,0.000356948686165486,0.00184250255565419,8.30706230219116,0.000480498591541144,0.00019948483305207,4.89418365829887e-05,0.713869841228566,0.000808245083587219,0.00168777749491672,0.000926129400000002,0.132435690295314,0.0477196172750697,0.000269901943143638,0.000256008065144943,0.00859852126769555,0.00227839335440257,0.0335767065284875,1.09533702572437,0.0276548439464822,0.00348812386344754,0.103460489535638,0.0117491669413497,0.259119487074972,0.00372373643879821,0.000259084857776757,0.000376815025366575,0.000216181405184834,0.000853167701504352,0.000690325456314452,0.010454202049138,0.000113084762624383,0,0,0,0.000127343007077551,0.00144078936166692,0,0.00101994307366815,0.000247256266594623,3.21366444946786e-05,0.0104142493370522,0.00265435993864549,0,0.00769461638072131,0.000289344388767282,0.000470820008733254,0.000447948449308868,6.99348104959041e-05,0,0,0.000164160558394168,0.0036065993750214,0,0,5.7020747811561e-05,0.00887818006873471,0.000553640029090433,0.000284956431328963,0.000469898381943702,0.00261773795303531,0.000319300900232632,0,0.000329689745044437,0.000306419976376223,0,0.000662451967045966,0.00950598318055996
0.000624309903569868,0.0693061951603852,0.00128292233841027,0.00028709431474664,0.000202048969375791,0.00272525418094919,0.00225376269821228,0.00329218638318921,0.010792252518652,0.00215859889414998,1.47317361442712,0.00204488602833882,0,0.00381231562762154,0.000346630208735295,0.00170954465580077,0.000270732009686968,0.0120067858951269,0.00392172849777007,0.001179841399813,0.00105853768813321,0.0391958660752876,0.00206527021277927,0.00278795733541041,3.5379929005119,0.153076303451741,0.708460056584615,0.0015169279782579,0.0152030297567008,0.000439630389577439,5.15950376401756,0.0147889364839175,0.000364534444092927,0.0653199412876754,0.000292454393028399,0.243360147159854,0.484924641108448,0.307500256438057,0.496235485329398,0.0013619475904052,0.0258791937685312,1.52208167139586,0.019183050164055,0.0169205998922135,0.0174858642036385,0.00557783924515562,0,0,0.00298452997094747,0,0.00201844220922307,0.000103860231083644,0,0,0,0,7.12261792925155e-05,0.000800037576498879,3.36661576593204e-05,0.0258799294496858,0.000255240950652482,0.159176468888994,6.90438355965589e-05,0,0.000447336512255822,0.000211117778906813,0.00308938946072719,0.000720441575741025,0,0.000180555219086075,0.000328238721087899,7.52220313365527e-05,0.000416921342941741,0.0403818503183887,0.0523175783239813,0.0243798398725572,0.000166671846456874,0.000505293214158186,0.000232394473131354,0.13019608206,0,0,0.00359225013278995,0.000271436942838017
2.96578849381491,0.00142262068842425,0.0397111112391152,0.00258904189926306,0.00153818936025631,0.106490851008976,0.840911744361969,1.87958126673493,0.0271053896821173,0.12693292009127,0.017826274804652,0.0330639094868547,0.00381231562762154,0,0.00231235055944155,0.00170464779181518,0.0500506269695883,0.00136505943904123,0.0255304283889634,0.0190522681783695,0.0120723487409523,0.00868607341637145,0.00889361924031308,0.00866951294563634,0.00360118488945255,0.141026395645752,0.0107676857753931,0.0318512657836379,3.83291560934877,0.254395981964106,0.000310997401126131,0.054597423668769,0.0108276167162748,0.108715661670248,1.71446624781522e-05,0.00934840887469694,0.00625968886667782,0.131471706815632,0.0161778958065496,0.00518794371672451,0.0122018398862848,0.0014690290451854,0.00330254179169379,0.000273663972055231,0.0022683898042736,0.000960261585157226,0.000518204370043591,0.000357028866524353,4.60636685017781e-05,0.000179327777881579,0.000138609625155453,0.000257888570555507,0,0,0.000209760263867061,0.000263198476827172,0.000160967918193913,0.000406932592681611,0.000652507377385341,0.000164796825781767,0.000541447822979507,0.000319143780920544,0.000532009690653983,0,0.000312987549038147,8.99780012702457e-05,0,7.12709529741623e-05,0.000491226253328259,4.16849491496299e-05,0.000247802763600008,0.000267505306195169,0.00427247638137258,0.000112460044229518,0.000464272771441653,0.00159282999920281,0.00212413188822888,0.00101181487759894,0.000646393813742337,0.000196866122695738,0,0.000659844392753354,0.000947885679197953,5.41778441651662e-06
0.00186235646001325,0.000381869290635285,0.00143063882048915,0.00050818712440414,0.00571326069173539,1.68187939995709,0.00287886324132638,0.0157362549571485,0.194394226233123,0.00365674177072886,0.00103102941276221,0.150587003960844,0.000346630208735295,0.00231235055944155,0,0.00233661594703715,0.000377526427285653,0.000239071406737587,0.000224364043103242,0.00493168626850174,0.000645515085228421,0.00215323337309391,0.00410249723801568,0.000318851575703521,0.00154638245061722,0.000760797227076874,0.0054804423083813,0.00132581009426813,0.005317617409682,0.000101386355417623,0,0.0148795197646904,0.000446067718115388,0.00135156475749832,0.242575376562429,0.1232205257748,0.023419998258075,0.0122657031149986,0.0192364452484743,0.539581620118188,0.0272994789526922,0,0.00633654428250996,0.0059998385255238,0.019063980020222,0.0104242888540395,0.000131106512280973,0.000255479197582157,0.000304823416751171,0,0,0.000500758276516565,0,0,0,0,0,0.00128266126904656,4.6339291404982e-05,0.000252700561973509,0.000432500567205066,0.000373371058234638,0.00028019041948657,0,0.00237636467022824,0.000243719977893547,0.000174592504420708,0.000403905639322878,0.000138426711813504,0.00148137091167551,0.00175252258840072,0.00200317828934825,0.000590917101119779,0.000591537426531938,0.000708667462537673,0.00319591891877082,9.44189656779576e-05,0.000720841144248135,0.000364386030900849,0,0,0.000884085799173651,0.00028765880129936,0.0239444698471564
0.00175563542019895,0.105478038126405,0.00836894155761722,0.000392250078443342,0,0.00110422309077035,0.011222376169152,0.000347175117815625,0.159942191609543,0.00111509706645409,0.00085578513394261,9.23994625294765e-05,0.00170954465580077,0.00170464779181518,0.00233661594703715,0,0.0235104335981244,0.000154613985001637,0.0145442355047314,0.000154955071299014,0.680683315392478,2.00517427317981,1.12281228960231,1.6052600235379,0.0261368692017003,0.0134336856221502,0.561502508933977,0.750016760992201,0.00808661374906979,0.0413836575798868,0.00131893324764222,0.000271440520145522,0.025350971625807,0.0645175362510347,0.00107382984288818,0.17395040590695,0.0452155872495047,0.0936674015517476,0.04653925261079,0.0124483169245674,0.000906042696269902,0.000889475299403364,0.15088026598201,0.0675258588742782,0.057930238096305,0.0364616322354916,0.00319808140827837,0.000520926263047991,0.000764905530181756,0.00231723793262079,0.00501918410863969,0.00312284357754201,0.000198237626511291,0,0.000766660389203313,0.00259265752770387,0.000675077752524539,0.00512865313340109,0.000271822158671259,0.000264327174736702,0.000569449651209806,5.88261542055009e-05,0.00548921704826557,0,0.0713889975408171,0.00253871701327487,9.68600998622615e-05,0.00111337313199369,0.000386397476291975,0.0231648517157701,0.0482407997692906,0.00966730416937511,0.0477117806762128,0.000154922857966113,0.0012954343927446,0.0108024770198137,0.0306780756027172,0.0245499866305079,0.0284225207116373,0,0.00246253091607583,0.0141952231323478,0.0390243853636972,0.00157942633471965
0.0476307833650144,0.0268099786576385,0.890572111973056,0.000260544634582619,0,0.0019706348633989,0.0201359022357806,0.00266747806631848,0.0103504616139421,0.0024716764706748,0.00304196228627074,0.00018539808650158,0.000270732009686968,0.0500506269695883,0.000377526427285653,0.0235104335981244,0,0.000702776125900032,1.73797408358435,0.000424765027102786,0.288446963322501,0.0176217213349118,1.71797973137484,0.00878564311671398,0.000443159872863371,1.79164818780797,0.413674046676808,0.0185370307280887,0.418950250772118,0.176763618984923,0.000707753389618879,0.000635602978385121,0.138996829866859,0.466618817105137,0.000159366116668721,0.0141493287210515,0.06474150948893,0.0946450455100393,0.0137258673143946,0.00105660105641303,0.000699555051432337,0,0.0155318752617737,0.00601209689551235,0.0124316829239087,0.00556589950639194,0.000496581462236102,0,0,8.6424996583079e-05,0.0119152527834535,0.0126254637576237,0,0,0,0.000198328102816609,5.97661511695879e-05,0.000297119169989337,0,0,0,0,6.77705134839537e-05,0,0.01765301927595,0.00290412323015263,0.000190290795020233,0.00038624569336896,0,0.00118600056406834,0.00714605435207773,0.00937541774733763,0.00150033563474146,0,0.000937081735654118,0.0341691328377277,0.0014082569889752,0.000446506734984843,0.000857015921792864,0,0,0.000370025565015968,0.00136999886604761,0.000610818802845631
0.000201581786972985,0.0106609013188431,0.00105182871657836,0,0,0.000707789497579903,0.000391078506198459,0.000875990671980737,0.000793906983521289,0.000244804458395399,2.58409176633594,0.000356948686165486,0.0120067858951269,0.00136505943904123,0.000239071406737587,0.000154613985001637,0.000702776125900032,0,2.06716284705802,0.000590734672890982,0,0.00350429995657551,0,0.000271107694788193,0.0662969794461614,0.874215934600797,0.0352261634630374,0.000203355693159293,0.00384505686660012,0.000392773465764829,0.0479882622173668,0.00514504579166205,0.000187907762397231,0.0585886106899179,4.30544852441533e-05,0.0218436515341108,0.133734774941923,0.0928180069371179,0.0218606481980961,7.83624345847582e-05,0,0.00306517615301573,0.00121597297311737,0.0053890569988356,0.00446963657638952,0.00245596871138607,0.000206998641932694,0,0,0,0,0.000186436896945498,0,0,0,0,0,0,0,0.00510217091824314,0,0.0107822800747295,0.000159389726908519,0,0,0.00021236198194248,0.00398566542758667,0.00108816656977327,0,0.000159609700747462,0,4.6793556335844e-05,0.00015753737549697,0.0135977746864947,0.021344309206116,0.0143772515798267,4.18880919695643e-05,0,0,0.0157976539032563,0,0,0.00158568521467282,2.09049264571681e-05
0.0214627188009761,0.0541053931886457,0.0236305214306578,0,0,0.00256164609883594,0.00624592366266319,0.00238109016945111,0.0146649494329478,0.0020039628121093,0.519703735822383,0.00184250255565419,0.00392172849777007,0.0255304283889634,0.000224364043103242,0.0145442355047314,1.73797408358435,2.06716284705802,0,0.000909476882718291,0.0161400663587399,0.0202988676131834,0.0223077216029255,0.00702899654292722,0.0225072950995727,2.04606421519253,0.272271674977451,0.00607798319427943,0.0452335022975905,0.0338234614453449,0.00496724136886098,0.00400575004693826,0.0273821836169101,0.541775074720892,0.000116847158564433,0.0141490561008252,0.0436592164661276,0.292025158077033,0.0323660219547501,0.000134803110836407,0.000609559967004517,0.00136390580184004,0.00972198698404449,0.00546092195476517,0.0174420612567628,0.00620232110247991,8.25368201682226e-05,0.000104875987396258,0,0,0.0311451407933595,0.0121808887466266,0,0,0,0.000118834849894739,0,0.00216320087177432,0,0.00157696601727792,0,0.00201388360767685,4.65247712366753e-05,0,0.00300902712795073,0.00555994487370094,0.000904026068571723,0.00296867931338215,0,0.00022536288979008,0.00348687807376769,0.00253066737292494,0.00225827162666746,0.00567621520970881,0.0179770255831591,0.0633750820347971,0.000156460856140179,0.000210920624990761,0.000511087749846312,0.00272319143438261,0,0.000205971896619049,0.00402070323271223,0.000257634675852526
0.00593644662790662,0.000153620922052622,0.000487777667617989,12.2471897207901,0,0.0544186609046431,0.0646291813573839,0.0136090308184686,0.640216453463347,2.36909473823304,0.00207101549796836,8.30706230219116,0.001179841399813,0.0190522681783695,0.00493168626850174,0.000154955071299014,0.000424765027102786,0.000590734672890982,0.000909476882718291,0,0.000607025291320378,0.000217971981150575,0.00036799288241132,1.11812198174353,0.000834471602069519,0.000977659397401113,0.000518912289000259,1.18083211748481,0.021261807847275,0.000426011040550815,0.00025044930763031,0.0021500730379238,0.00554620054342835,0.0215815207958354,0.000227476861291236,0.019001070596711,0.00187359809465391,0.0675219685842393,0.017270644704383,0.00747802231042716,0.00368045359626203,0.000209191171909687,0.000771146309254546,0.000318154075826916,0.00167509796904621,0.00139586538067033,0.00629450793499575,0.000156923488569272,0,0.000142874349133813,0,0,0.0341222341049165,0,0.00365384424135743,0.000510429713279267,0.000933441742203842,0.00871015270419042,0.00943568637334493,0,0.00834563165348074,0.000407879541272907,0.00069687501903308,0.000702779031608796,0,0,0,0,0.0212483558103037,0,0.000135169916358736,0.000106727285922789,0.025508652666903,0,0.000195549702882707,0.000208444802527718,0.00571430362155108,0.000851667165731318,4.00580382444934e-05,0,0.000193255638563801,0.000164806696346026,0.00140641056201312,0
0.010683325073717,0.00426998617872533,0.396886824855443,0.000523185503541645,0,0.00963699000419994,0.194830174430817,0.00275036268484804,0.0372781253593082,0.00867566800429208,0.000735338856898516,0.000480498591541144,0.00105853768813321,0.0120723487409523,0.000645515085228421,0.680683315392478,0.288446963322501,0,0.0161400663587399,0.000607025291320378,0,0.142334175152267,5.47985546691208,0.041023345146346,0.00148616025205063,0.105397079032491,0.108830076739074,1.71040963695656,0.585209678952358,2.75255762119944,0,0.00055856186771157,0.687630304566121,0.473954961591753,0.00092923077438109,0.125159976683131,0.0149926122379912,0.157215830730204,0.0512792543789998,0.0189749729994061,0.00161321563738171,0.00033881293481049,0.0644119744180405,0.0290604654533108,0.0174417114539521,0.0133929869913819,0.00120245729099529,0.000187473394311748,0.000169559049439716,0.0004823774668069,0.000892634303237623,0.000134415655879475,0.000246194161512968,0,0.000193513888457435,0.00131577305170492,0.000315025167532523,0.00219808575255056,0.000209232740104224,4.59713251465621e-05,0.000101173080515916,8.04156547767367e-05,0.00205161336125877,0,0.0267066508648182,0.000216332042043378,7.82048354036179e-05,0.000513919666470028,7.85929555238117e-05,0.0124650345709133,0.0107806152621279,0.00407573982935508,0.0115580846204553,0,0.000104242180469155,0.00405390233367928,0.0156543556541605,0.0118089205883577,0.0141446600575466,0.000128175072798789,0.000236157148989357,0.00393401936070437,0.0134256595636678,0.00123803891708307
0.00677910661029658,1.25276377761437,0.0141421418992443,0.000316101164491583,0,0.000796985032343845,0.00864527184647124,0.000727575951498056,2.48009098768942,0.000624678432540844,0.0108213596293535,0.00019948483305207,0.0391958660752876,0.00868607341637145,0.00215323337309391,2.00517427317981,0.0176217213349118,0.00350429995657551,0.0202988676131834,0.000217971981150575,0.142334175152267,0,0.0303174318817373,1.87126393144444,0.438969410230467,0.0255979341328925,0.77972488900142,0.0699825314828771,0.0260567696040155,0.145773094193253,0.0199308851136662,0.0010043532127596,0.0424773656589567,0.0816868796545276,0.0011477974075429,0.269675135258528,0.103735725931829,0.13428330140556,0.0631028815818806,0.0163636271188387,0.00225922141586911,0.00390771166116833,0.119625322138939,0.0818838727110234,0.0514816869084558,0.0360608341883006,0.00481796491189223,0.000746742872918748,0.000585209731454248,0.005982956914076,0.0925319433465606,0.000872971178317141,0,0,0.00071151814939384,0.0110457283019081,0.000486787066764702,0.111443374314676,0.000254793120806778,0.000774004117372514,0.000650448753683099,0.000978795646638489,0.00514526409343518,0.000106597611358274,0.156194343102218,0.00306142523411521,0.0002318276938321,0.000614340069487958,0.000196087543653491,0.0184009302175026,0.491859561481896,0.00950121255732124,0.0516326733506851,0.0126870566474931,0.00167990258673835,0.0188638539600989,0.0342528740219855,0.0300697461487581,0.0610581325204028,0.000742258362583632,0.000124327345165166,0.0188994322562144,0.0394236740167601,0.00181798279454628
0.00813990587516526,0.00643505227370839,4.38103905333304,0,0,0.00163339427181285,0.0229394164250195,0.00122497413754039,0.00662872454271476,0.00124639484448736,0.00121237773033485,4.89418365829887e-05,0.00206527021277927,0.00889361924031308,0.00410249723801568,1.12281228960231,1.71797973137484,0,0.0223077216029255,0.00036799288241132,5.47985546691208,0.0303174318817373,0,0.014846240434092,0.000994092166840259,0.158729200712721,1.16228081063284,0.0581722018454584,0.168639414799192,0.141927268912027,0.00019890459343674,0.00027921577597009,0.43683171940805,0.780082404275948,0.00475688481474711,0.416282165711615,0.0772516984819615,0.414528451465478,0.186302793438107,0.0721665718557268,0.00426063808294415,8.54357520742076e-05,0.0956880839035541,0.0526970620690176,0.0212697655029159,0.0117292500660449,0.00200101037881843,0.00030280710382282,0.00014905761731944,0.000552889661985893,0.00103737426755521,0.000723465747906554,0,0,0.000162157956266721,0.000829310250500134,6.76500758267111e-05,0.000818137659073418,0,0.000234365450501531,3.22081994917015e-05,0.000648486534933603,0.0013642669919461,0,0.055057173678005,0.000372837073887197,0,0.000206804582185425,0,0.024290425685037,0.0139685157893422,0.00960667516819416,0.00931370171721385,0,0.000210311744803891,0.00812377311903646,0.0134928046889414,0.00779151833691132,0.015944138314877,0,0.000188536744102645,0.00423908741783828,0.0110654203403354,0.00524853544994211
0.00553466620575931,0.0805420991536807,0.00638253738526347,5.06067223981591,0,0.00892983610289968,0.181620272977845,0.00164624917883142,5.05686843375072,0.126264527375771,0.00146316314162785,0.713869841228566,0.00278795733541041,0.00866951294563634,0.000318851575703521,1.6052600235379,0.00878564311671398,0.000271107694788193,0.00702899654292722,1.11812198174353,0.041023345146346,1.87126393144444,0.014846240434092,0,0.0274680243268186,0.0215131405826906,0.0854607692260059,3.13360166624149,0.0369322775936879,0.0490284274948023,0.00094328008207658,5.90243781563912e-05,0.0377354431254248,0.0427650724708362,0.000415179265186463,0.0511018634006073,0.00768097905633863,0.0568836988152193,0.0199276381371735,0.0162677920148482,0.000743714060104511,0.000209283659267403,0.0390251861148535,0.00856617949570796,0.0234961043028366,0.0116324067146837,0.0150261762590482,0.000761969014834744,0,0.00299114213487234,0.000869058456623765,0.000559809832963604,1.00007882275462,0,0.0187459664176007,0.00500638456809046,0.00398974336554226,0.0407736459158578,0.0388622992615979,0.000877088389875148,0.0470353894020145,0.000529208534757848,0.00904727120643361,0.00095030138884995,0.0148028010312289,0.000601775574060803,0.000392263084924088,0.000580052754085429,0.1520405984912,0.00456023353568668,0.0126415406074099,0.00227776477232519,0.608847152993516,0.000633280110918016,0.000619814262477596,0.00343223944450956,0.168227026806268,0.0133389439486746,0.00560594036024335,0.000309217783114973,0.00113388815291438,0.00263905895437081,0.0165133405466437,0.000519594763059819
0.00045357802295838,2.73183418980797,0.000280792846548597,0,0,0.00194846723228062,0.00064528516476895,0.00137291765340116,0.118020181249532,0.00077064083528413,0.93533919130062,0.000808245083587219,3.5379929005119,0.00360118488945255,0.00154638245061722,0.0261368692017003,0.000443159872863371,0.0662969794461614,0.0225072950995727,0.000834471602069519,0.00148616025205063,0.438969410230467,0.000994092166840259,0.0274680243268186,0,0.287586140385846,0.747357805074158,0.000702671039472837,0.010174206123729,0.000351166379344721,0.711963250774654,0.012783701020866,0.000144110112956605,0.0658146715827182,8.37793857134718e-05,0.0755921569102696,0.847218034962752,0.383082940976254,0.0706753725065395,0.000339306955148136,0.00277129885731398,0.664580166053322,0.00747995585285438,0.0175224625963623,0.0210677160732181,0.00651367000010803,0,0.00222492910376591,0.00507311117074484,0,0.0820567451132677,0.00127369400173801,0,0,0,0.000261887437674656,0.000158876332689607,0.000172057737353626,0,0.0482189297863317,0.000159406772448441,0.0733632150898996,0,0,0.00211872748757403,0.00275345878373245,0.00534509181795355,0.00533007595037463,9.8905775941488e-05,0.000698868320965662,0.0077863067213887,0.000424755600725524,0.000566326028684702,0.224015059701394,0.048221366039506,0.0732301246039681,0.000102615213646295,0.00022353517259061,0.000108710483834039,0.0789740658747313,0.000482658330913106,0,0.00352263913518064,0.000435085843313386
0.123977414299225,0.084848439486416,1.55676910775967,0.000113679340282662,7.21008581667706e-05,0.0215792139774826,0.163361016907073,0.0138906437768608,0.0203831081837155,0.00727139998426682,0.613217113816425,0.00168777749491672,0.153076303451741,0.141026395645752,0.000760797227076874,0.0134336856221502,1.79164818780797,0.874215934600797,2.04606421519253,0.000977659397401113,0.105397079032491,0.0255979341328925,0.158729200712721,0.0215131405826906,0.287586140385846,0,2.00579891604788,0.0602377529163505,0.0821965169065409,0.191970353237565,0.591642702428156,0.00518116568094389,0.0159404769283458,0.113657304301155,0.000759970783446516,0.0832670913841179,0.260345376978948,0.232111715079316,0.0552855375593943,0.00138958210849737,0.00144637388571452,0.00496481385566483,0.0313575228326809,0.0328665246604883,0.0523550281711994,0.0193466906179393,0.000543238444516804,4.04916148845674e-05,0.000653467622071103,0.000172647200489119,0.0321804039831509,0.0223752600273225,0,0,0.000213496591794245,0.000671822572681143,0.000149456988269031,0.00141430874294759,0.000164584447956203,0.0289653757403929,0.000165143531438847,0.0644850996384565,0.000338948558657416,0,0.0105046197499858,0.012350226184253,0.0128123731629536,0.013377877328963,2.50995719299916e-05,0.000594661360768798,0.00601469075633246,0.0115248640569322,0.00409653650029528,0.047616187761055,0.193486473366404,0.320457118969219,0.00106110602750642,0.000915530964047848,0.000641376841025569,0.0465655999226893,2.42803048910534e-05,1.98506346386202e-05,0.00957384429799198,0.00171052053153222
0.00689954236927119,0.92057834957674,1.38637676550922,0.000506033445737009,3.62816918690187e-05,0.00524494488573459,0.0381316038474726,0.00236131733308699,0.0771833535915016,0.0038636427334022,0.103844848755691,0.000926129400000002,0.708460056584615,0.0107676857753931,0.0054804423083813,0.561502508933977,0.413674046676808,0.0352261634630374,0.272271674977451,0.000518912289000259,0.108830076739074,0.77972488900142,1.16228081063284,0.0854607692260059,0.747357805074158,2.00579891604788,0,0.088107533426511,0.0151605667395539,0.0207024715000883,0.464735731084473,0.00261947256343376,0.00376019871675012,0.28199808291002,0.0106421923775111,0.732322855882486,0.364414529506458,0.805339179049164,0.321687260271963,0.0612598140693029,0.00271422915722162,0.00141836092183778,0.15994985100833,0.1190524516525,0.106627661004283,0.0518847138876221,0.00627110467816178,0.000347432769984505,0.00043974257070993,0.00028563287585133,0.0755138047764798,0.065555344096738,2.09338195975351e-05,0,0.000174861589158777,0.00180079465462399,0.000587021190306655,0.00525115633378995,0.000156454086586279,0.00893980541092169,0.000193835629745674,0.0205986266238195,0.000792311640215618,0,0.264917659416622,0.0229573088372121,0.00625146343529138,0.0113588041512409,0,0.0194170574270352,0.0701003641038871,0.0982224872764974,0.0109426789429649,0.0388851648274832,0.140582759831157,0.549909197297183,0.00726934841697403,0.00160982872254814,0.00576769853516207,0.0102554898472751,4.82087640609171e-05,0.000323975042270432,0.0180111065147924,0.0267117179911088
0.0195112677610766,0.00299654612814291,0.0451376478747948,2.70125564298118,0,0.0497644742466552,3.44080652577977,0.0138273127504279,0.459151807100812,1.48629859009796,0.000992084357917924,0.132435690295314,0.0015169279782579,0.0318512657836379,0.00132581009426813,0.750016760992201,0.0185370307280887,0.000203355693159293,0.00607798319427943,1.18083211748481,1.71040963695656,0.0699825314828771,0.0581722018454584,3.13360166624149,0.000702671039472837,0.0602377529163505,0.088107533426511,0,0.0632520205611005,1.05574171168915,5.62082670392452e-05,0.00128096814566515,0.0740965826301161,0.10712630950219,0.000459638210385963,0.103795352620801,0.00996363755496489,0.120029034591858,0.0379955843573554,0.0089852901266938,0.00195817308537869,0,0.0319763468259745,0.00453771594488601,0.0220367497524407,0.0113168772542861,0.0115256500942873,0.00168756013332479,9.22142172987638e-05,0.00340382617626233,0.000956207281410573,0.00120146451151661,0.684685518472307,3.72545064221703e-05,0.012074641155375,0.00415660166245036,0.00344118792510912,0.0137545623401715,0.0356111819219165,0.00100900007904409,0.0252971151741354,0.000445348857607863,0.00735124331461211,0.000479274892408039,0.00626026468491084,0.000373643988251071,0.000197740989165739,0.000115061737842603,0.0701903963414077,0.00249739665785938,0.00270011121937654,0.0015021121288829,0.0667633442885054,5.39157293915848e-05,0.000321256839957381,0.00368645196356955,0.0559392450651447,0.0152075543561012,0.00625063589061499,9.8730089192763e-05,0.00139538365317966,0.00262148125739843,0.0162382505239316,0.000788627198946187
