0,0.005203468117879,0.0340428832224931,0.00327219857896124,0,0.0126943060941853,1.50841232295286,0.0637099038113108,0.100179084214714,0.0275256951813574,0.000280369661839861,0.00119542076202764,0.00127076648445698,3.10044982554203,0.001679323167061,0.00809306715546854,0.145452387784213,0.000360214237298789,0.0112852253629551,0.0180852745122934,0.0402713843440394,0.0260478962093133,0.130492625523186,0.0585699780609944,0.00120649908973482,0.00502464517923446,0.0137383603360543,0.0828727705253999,0.867954065984091,1.17156353937118,0.000225852886169164,0.000937451471576443,0.164067917759051,0.148562386224976,0.000394092654323511,0.0160348401734694,0.0146162613672183,0.0968188931788536,0.0389686114775456,0.00469917837658151,0,0,0.0143871826624511,0.0026869570261648,0.0159905187728207,0.0135091324552003,0.00124581304660098,0.000136918094486703,0,0.00871931008485482,0.000471633705408196,0.000332213548411626,9.8965938704107e-05,0,0.000331912666290582,0.00197112004473007,0.000100031276144856,0.0154352744408183,0.00014372991851022,0,0,0,0.00139270927021728,0,0.00767057905349399,0,0,0,0,0.00137518615459171,0.0147293589232914,0.00188269838537557,0.0294751796790447,0,0.000130087269593607,0.00152508547617066,0.00593149317799826,0.00421519084424765,0.00607545114841439,0,0,0.0119395853205386,0.00550849788897156,3.15796094347426e-05
0.005203468117879,0,0.0405227592629469,0,0,0.000137694320479728,0.00214231356324432,0.000538243804185497,0.19338912081277,0.000489830478066344,0.0098892198695546,0,0.0675396125577787,0.000951156857525049,0.000567262909763288,0.297749091511955,0.0973280012166714,0.00697041357515437,0.0601505832033569,0,0.00511680285979153,2.77779038331106,0.0219746116395157,0.0674327812885923,2.0367954334521,0.0608903597137314,1.64651641890481,0.0104238305034898,0.00233555914854131,0.00603897383169372,0.0525053282446981,0,0.00415768765836337,0.0712806170230369,0.000881681415521156,0.0663203462461934,0.0834556938670659,0.180237093784203,0.0816946615709406,0.00538258291768603,0.00100384406058904,0.00369415198529663,0.019085510276395,0.0289106894019615,0.036202219331094,0.0242048763945196,0.000128213149689837,0,0.000276586034734953,0.000896767711411313,0.734302051757827,0.00834316488296366,0,0,0,0.000255465310516189,0,0.0232161478833045,0,0.000598256066127725,0,0.00288320805159123,0.000139297816253871,0.000125661623778875,0.0203390793539384,0.0202924989660402,0.00282278961214298,0.0166046860418356,0,0.00019686783159648,0.160871714373725,0.00369646945396741,0.00185874400988143,0.0630886532823452,0.0130906748470662,0.0597752238507386,7.92385933855687e-05,4.38735463430852e-05,0.00037923697720239,0.000581184405403098,0,0,0.0155713895375446,0.000739373963151701
0.0340428832224931,0.0405227592629469,0,0,0,0.00091183854644074,0.0636355594170614,0.0154393598425896,0.0080244235805573,0.00702670630652636,0.0026474702180348,0.000121206277718364,0.00224555405018203,0.0525071954163416,0.000443913036279421,0.0128211097586305,2.76233420937065,0.00308127241177996,0.100837394810558,0,0.103100814382214,0.0240512297827759,2.59753162572391,0.0105326666505053,0.0129600993813684,1.77672075500102,2.14419648339412,0.0531480150074985,0.008209712292021,0.0528666878960162,0.00197980659355747,0,0.0038382837861568,0.132994711384122,0.00195090355815225,0.0855181379848916,0.120974668460011,0.253077486739873,0.0806989905192422,0.00607226653529404,0.000816286248505422,0,0.0129105448833264,0.0110101748557333,0.0166153939486418,0.01565402096949,6.21299675762905e-05,0,0.000715515007682493,0.00103850055075142,0.0365936769876263,0.00264225243318392,0,0,0,0.0002953806793236,0,0.00209056556351614,0,0.000812220451610512,0,0.000847099448135952,7.16424235178239e-05,0.000822899388264093,0.00416620933121,0.0119304897610998,0.00149782446975566,0.00406639876109905,0,0.000602812575013266,0.0122592550316655,0.00284387377477913,0.00289690352797652,0.00828212512080379,0.00738020123602203,0.0391015099720782,0.00101781091356255,0.000445995539027885,0.000706662090718094,0.00058550100374353,0,0.000685436983672738,0.00939932303636967,0.00113096178556699
0.00327219857896124,0,0,0,0,0.00263401146828736,0.00304589620767616,0.0027731237401677,0.0672882282263358,1.15694156912422,0.000122482067929341,0.428723847711303,0.000154848257194282,0.00283535960185219,0,0,0.000254176592699737,0,9.58864289803195e-05,12.4053283309327,0,0,0.000338874809979977,6.22526771685892,0,0,0,1.38429017368244,0.00328049984515605,0.000121291906482458,0,9.16293302324952e-05,0.000752972457164231,0.0013196489305907,6.97837067122086e-05,0.000812393620433726,0,0.00288056257737708,0.00322308014150251,0,0,0,0.000213863751042332,0,0.000199175826343111,0.00010720300875891,0.000101376187164362,0,0,0.000270093834422473,0,0,4.79463046062235,0,0,0,0.000270938974268632,0.00588737277488431,0.00426895493001985,0,0.599254948269332,0,7.3662612014047e-05,0,0.00140628013396416,0,0,0,1.3345705681194,0,0,0,0.0572409402310558,0,0,0,0.00854497990345827,0,0,0,0,0,0.000270488017236198,0
0,0,0,0,0,0.92476840133032,6.02927752605211e-05,0.313399514272746,0,0.000239476862037979,0.000399995065384851,0,0,0.0163938311680251,0.0509554033695669,0,0,0,0.000476641676994877,0.000408122952514786,0,0,0,6.66727979289922e-05,0,0.000144399545147177,0,0,0.0524379111590638,0,0,1.97596273959554,0,0.135645869716026,0,0,0.000304368075782976,0.0122278380044719,0.00188568205390113,1.42438452054436,2.27022321494597,0,0,0,0,0,0,0,0,0,0,0,0,0,0,0,0,0,0,0,0,0,0,0,0,0,0,0,0,0,0.000124020079983661,0,0,0,0,0,0,0,0,0,0,0,0,0
0.0126943060941853,0.000137694320479728,0.00091183854644074,0.00263401146828736,0.92476840133032,0,0.114247340891331,4.38639894549821,0.00512645603035489,1.2947080887275,0.00252374705657796,0.600682349288468,0.00224054539377869,0.27026043902754,0.0749075449169063,0.00029268806341857,9.35939489129594e-05,0.000179376912084384,0.000808237056815447,0.0219146032971435,0.00241075585256813,0.000421705004175563,0.00319695051897998,0.0519503256197467,0.000692581545042088,0.000533551781158725,0.000877350181652891,0.0839613270896565,0.17515435808857,0.00186826962350758,0.000413922126017345,0.197839686043451,0.00214795997216088,0.161070257496972,0.0217837634551482,0.0102072780625835,0.00205049632096174,0.23530311042357,0.0150038152290836,1.34117509652619,0.481762667051197,0.0005727493604798,0.0014856537377874,0.000258508433690204,0.00194610907716542,0.000734687411205431,0.000372602916904108,0,0,0.00217812311507439,0,8.58546394395254e-05,0.000186315072933527,0,0,0.00299822640391972,0.000292504255376751,0.00132258085513811,0.000171036201702125,0,0,0.00010080956804269,0.00128647828739879,0,0.00124095183721943,0,0,0,0,3.10846567496879e-05,0.000133095290432255,0.000102571351966381,0.0101625060042909,0,7.91680094136449e-05,0.000270624922637147,0.00462384603094126,0.00144344733774789,0.000372262028580091,0,0,0.000280169000729433,0.000546202777166891,0.000169612036216883
1.50841232295286,0.00214231356324432,0.0636355594170614,0.00304589620767616,6.02927752605211e-05,0.114247340891331,0,0.156538850090521,0.0521108789687493,2.0361685062269,0.000330012825930511,0.00602147802258765,0.00122027250889908,1.3775919302922,0.00171181317863298,0.0151738420697215,0.0191337872044454,0.000229404054600624,0.00136326631829436,0.00861640569267678,0.124919135087967,0.0118968596908882,0.206791385365402,0.126713747884705,0.000294171137231422,0.00250481603219605,0.0176939472048182,6.21563579438782,0.478113508726007,2.35572420766805,4.9575628389479e-05,0.000176970008643958,0.0130466004335809,0.0495051787481423,0.00147642982578036,0.0451326768461859,0.0142664150943312,0.0918780122875869,0.0447121274685434,0.00965656414329545,0.000704145548397702,0,0.0143374315966262,0.000845101156300905,0.011134485699208,0.00803413952737497,0.00199616079350106,7.64213447804474e-05,0,0.00929346626151622,0.00125447104326951,0.000183846827612192,0,0,0.000119690153696786,0.00573121355156748,0.000766667611684747,0.0113922774085364,0.000321929081653531,0,0.000370666226768408,0,0.002604195771607,0.000206123087130689,0.00334090707789167,0,0,0,0,0.00139839116363474,0.00553916805113896,0.00167898623160974,0.0428555182440642,0,0,0.00173153779540566,0.0120341304143458,0.0070464566578685,0.00383716553668274,0,7.97123842286441e-05,0.00517710225508125,0.00408349878674134,0.000892169574550209
0.0637099038113108,0.000538243804185497,0.0154393598425896,0.0027731237401677,0.313399514272746,4.38639894549821,0.156538850090521,0,0.0180577652532803,0.770250896610945,0.000773325577613749,0.00590138388515503,0.00112868384667181,3.34441484943152,0.000597491158142375,0.00165853613814599,0.00988108686660571,0.000631743380648255,0.00136313875023313,0.0355246956847156,0.0173477016774702,0.00254686327711603,0.0477435036776788,0.0293536564146062,0.000123719535821857,0.00130787765475286,0.0052613969563521,0.067204004642652,0.148026289717503,0.0249112988576354,4.49499179988998e-05,0.2449635977084,0.00350286574636655,0.112306433083126,0.000442439135937367,0.0130336705165638,0.00321719996810836,0.136095770661933,0.0164891594466361,0.0605169531952348,0.250452172147783,0.000173611665533533,0.00291723223814095,0.000959878704342724,0.00522134507749566,0.00238514642987661,0.00194138647220052,0,7.00351284087242e-05,0.00572302595171293,0.000340845204427652,0.000263870244565485,0.000287554733666108,0.000195397949150442,6.85100486247925e-05,0.00830680186352697,0.000417455269940822,0.00585207415392457,0.000247968114854349,3.58538348782644e-05,0,0,0.00304985004861353,0.000141934578002693,0.00177189186641338,7.87967753614902e-05,0,0,0.000121223620963412,0.00022291480704571,0.00228220231485784,0.000557097838591871,0.0267378674537012,0,0,0.00102660064837098,0.0117694838982834,0.00388527875582835,0.00177769064104306,0,0,0.00254476504334779,0.00335836736059541,0.000182728397899679
0.100179084214714,0.19338912081277,0.0080244235805573,0.0672882282263358,0,0.00512645603035489,0.0521108789687493,0.0180577652532803,0,0.0182065586964924,0.00113767584427254,1.93235089625988,0.0113854612483548,0.029461827174281,0.00337650036628699,0.107887740364751,0.00700684639797919,0.00271960038977949,0.00498443155371241,0.267690878706917,0.00602014724308928,2.49621756704734,0.0143656620395524,6.13636351512931,0.0899854913548224,0.00714088949682995,0.0505909687053563,0.154762888505814,0.0511009948606765,0.113986033430886,0.00527501948267366,0,0.07293975448744,0.047874359710707,0.000664190979223796,0.152018620755408,0.0194336732528308,0.0797086548377011,0.0478585724531665,1.06277925569232,0.00118641229924273,0,0.0641734056460399,0.0144400730795074,0.0825112830818218,0.0708542018549578,0.0103475752614358,0.00160366668083731,0.000766476853714096,0.0755874296964559,0.0473719968540546,0.00380563687053415,0.00256243789887518,0,0.000526098798236224,0.0298773984111898,0.00587445307206152,1.33523353309482,0.00249161976332847,0,0.000715288606278368,0.00297460465711722,0.0198727104381528,0,0.0752987004937607,0.00257863021762052,0.00141243317154208,0.00190004888447479,0.00233259690770351,0.00785240458290845,0.512174521465399,0.00885785350639611,0.220588393368764,0.0106646770969956,0.00236570831962229,0.0150511604764784,0.0514482634422744,0.0347614299545904,0.0277618283522745,0,0,0.0458329569646891,0.0291848093782864,0.000444706454314462
0.0275256951813574,0.000489830478066344,0.00702670630652636,1.15694156912422,0.000239476862037979,1.2947080887275,2.0361685062269,0.770250896610945,0.0182065586964924,0,0.00015674236273111,1.32569691848225,0.00162152773153594,0.418731387192844,0.0014555619426631,0.00205805854649989,0.00189956185705015,0.000145919687910315,0.000159694745262407,5.00682825788774,0.00873494948860878,0.00233733177238941,0.0186268756605614,0.188675571201384,9.48973268260342e-05,0.000112206707695463,0.00266680947910421,2.52474523746787,0.119482005907877,0.0120811001870298,0.000108099373068111,0.000399036831562888,0.0057952356854289,0.0588629054593539,0.000596746465162588,0.0317744786231026,0.00400573279474262,0.135038046628733,0.0458838559069281,0.00888763075601492,0.0010547612235948,0.000149434389581815,0.00400896937976101,0.000887240741781519,0.00649534604985477,0.00205221106019466,0.000672250167185223,0,0,0.00494143398731891,0.000277102452693335,0,0.000250133920561876,0,0.0004034225388367,0.00808667673455563,0.00078578104291204,0.003592283508952,0.000278494382536197,0,0,9.01635793368945e-05,0.00301697684734169,0.000237480061526796,0.000922051794274176,0,0.000126969015960862,0,0,0.000335016940489165,0.0015415586979201,0.000818768766504187,0.0254778058552428,0,7.83929579295467e-05,0.000319252799419067,0.0123512991868358,0.00388185369231396,0.00212460313892868,4.99785155537629e-05,0,0.00147833485206119,0.00191755428623004,0.000188500995756328
0.000280369661839861,0.0098892198695546,0.0026474702180348,0.000122482067929341,0.000399995065384851,0.00252374705657796,0.000330012825930511,0.000773325577613749,0.00113767584427254,0.00015674236273111,0,0,3.53502386928564,0.0021608685636047,0,0.000318050407842742,0.0386802261271292,2.07523872149208,1.15936037829896,0,0.000113407098604556,0.00366876599893477,0.000988940484656485,0.000255597747358515,1.04137816784827,1.42888058503995,0.0215338451400401,0.000507995850662217,0.00394767379082371,0,0.459429614067275,0.000741944487447761,0,1.38935276532884,0.000118981728909951,0.0315546845562042,0.608496784175851,1.52145337690112,0.0458530599156473,0.000266719048982015,0.000176904323434476,0.572033175536219,0.000905250086479819,0.00329751516982728,0.00235531329319685,0.000352519937815089,0,0,0,0,0.00359590126933662,0.000343863280845421,0,0,0,0,0,0.000586772204739218,0,0.000924627735413655,0,0.00511149198537616,0,0,0.00017179939074646,0.000148339602171554,0.00131519435902602,0.00115127087418348,0,0,0,0,0,0.0101554335261865,0.00396413914262853,0.00679735045102261,0,0,0,0.00595891602452395,0,0,0.000541442690689996,1.2687043920317e-05
0.00119542076202764,0,0.000121206277718364,0.428723847711303,0,0.600682349288468,0.00602147802258765,0.00590138388515503,1.93235089625988,1.32569691848225,0,0,0,0.00452813892962034,0.041042830842802,0,0,0,0,10.4614777850935,0,0,0.000183171992049433,1.10799373298739,0.00010533284807115,0,0,0.0084560966252929,0.00379536520683432,0,0,0,0,0.00478329130004842,0.319385240961648,0.0028921401304502,0.000265785229001281,0.0100938609096976,0.00247594040489938,0.457201114231101,0,0,0.00120990367359526,0,0.000616635116802816,0,0.000969196008972873,0,0,0.000277839585214427,0,0,0.284885951330649,0,0.000236770675028712,0.000529493290443876,0.000386431458186635,0.00101521593951898,0.00188760255903065,0,0.914784560955949,0,0.00021887041695337,0,0,0,0,0,0.797839441819263,0,0,0,0.00863252628955976,0,0,0,0.000910096723904202,0.000363778230595163,0,0,0.000121986119563646,0,0.000442767261174187,0.00289660907409297
0.00127076648445698,0.0675396125577787,0.00224555405018203,0.000154848257194282,0,0.00224054539377869,0.00122027250889908,0.00112868384667181,0.0113854612483548,0.00162152773153594,3.53502386928564,0,0,0.00177317128295137,0,0.00964767208047716,0.00354020834911473,0.0547653087049979,0.013719212406476,0.000246561567012393,0.00228804134755633,0.0312679154113003,0.00540142608164211,0.0047475678942238,3.35762202202581,0.373483615451536,0.710977737416684,0.00295490441982613,0.00220813123412453,0.0023793207768731,3.63583790372105,0,0.000759823831055944,0.0676224037339166,0.000996675219946271,0.498955134130816,0.630816002669705,0.683235510423096,1.07458029668274,0.00217653486255949,0.0401430642762822,1.31407411591592,0.207774293108301,0.0985927792250383,0.0129985321192811,0.0885946881052132,0.000844914806504837,0,0.0304395640147515,0,0.00399142611585551,0.000202724926040149,0,0,0.000148416509805627,4.75868255612481e-05,0,0.000594277645043637,0,0.00420613846878892,0,0.133069383899853,0.000320822615767149,0,0.00153177759622208,0.00025411971801572,0.00447499218934066,0.00361898914827955,0,9.13028212227206e-05,0.00299807275113636,0.000354229396040018,0.00127767184986632,0.0337268137717311,0.0106578313602316,0.0168743146547958,0.000218637434809443,0.000238062722184666,0.000460053460420577,0.0196685563797815,0,0,0.11177052745262,0.000270044162402036
3.10044982554203,0.000951156857525049,0.0525071954163416,0.00283535960185219,0.0163938311680251,0.27026043902754,1.3775919302922,3.34441484943152,0.029461827174281,0.418731387192844,0.0021608685636047,0.00452813892962034,0.00177317128295137,0,0.000410259409611969,0.0027038935749102,0.0676555638166655,0.000821781244698038,0.00415325989442507,0.0345079295931999,0.0601584406629137,0.00653078226565709,0.188131735015239,0.0402541049536032,0.000781271258737941,0.00534777761975608,0.0165348672499371,0.0986997905937302,2.65402224523938,0.188697975481324,0.000192219324774034,0.184056447391024,0.00656752791521413,0.197359997278288,0.000819827423781853,0.0155276537745141,0.00944757202776393,0.218154125858106,0.0307129003289147,0.0400135302314537,0.0706824443670058,0.000385760953641337,0.00715412083255395,0.000864258604843684,0.00641835942263157,0.00549987997688176,0.000691898780409216,0,0,0.00455611733651172,0.000578753952759107,0.000178813628390968,0,0,6.17020748195471e-05,0.0039149484809624,0.000235593974041631,0.00648000416066316,0.000477974918194833,0,0.000327276399418819,0,0.00214932451540947,6.76654989315768e-05,0.00243435975236088,0.000182647581835303,4.78041304678122e-05,6.76762455663425e-05,8.67374120557818e-05,0.00103025742197841,0.00322228474710571,0.00121336117197402,0.0223585250613363,0,0.000184470414852173,0.0011509259436024,0.0061453262455554,0.00444902693083537,0.00382621903577319,0,0,0.00271430909048389,0.0029359508407137,0.000555076370744897
0.001679323167061,0.000567262909763288,0.000443913036279421,0,0.0509554033695669,0.0749075449169063,0.00171181317863298,0.000597491158142375,0.00337650036628699,0.0014555619426631,0,0.041042830842802,0,0.000410259409611969,0,0.0102190636858363,0.000414120964298032,0,0.000119316751730561,0,0.00613891568969101,0.00713642025182809,0.0128409209755458,0.00338338220633516,0,0.00126820437339623,0.00365506168820699,0.00875649614917501,0.00231746250507269,0.00247783569634394,0,0.00330395484799354,0.00159085041076569,0.00708487275811315,0.139936571399452,0.402697887205638,0.0290215006057299,0.0317020816516888,0.0278607482495894,1.32245894961469,0.0227627141859756,0,0.0139584676752406,0.00371651074118495,0.0147105196770406,0.0369834373701655,0.00662915747876966,0,0,0.000800827774005072,0.00212305592160278,0.00100590588226226,0,0,0,0.000104061620151929,0.000266199013627946,0.00185812946717856,0.000139619094546212,0,0,0,0,0.0660701724965657,0.00337053406124772,0,0,0,0,0.000320620488830695,0.000684594117986506,0.000685821339316476,0.00107579376565188,0.000219021333636603,0,0.00150752360441081,0.000142574768652869,0,0.000582036459886251,0,0,0,0.000715339827641433,0.0239096474164833
0.00809306715546854,0.297749091511955,0.0128211097586305,0,0,0.00029268806341857,0.0151738420697215,0.00165853613814599,0.107887740364751,0.00205805854649989,0.000318050407842742,0,0.00964767208047716,0.0027038935749102,0.0102190636858363,0,0.0223952384444297,0.000863192186448039,0.002883879539214,0,0.0865497024323162,8.99329186000651,1.38494479855792,2.69420442191392,0.0354257224748186,0.00749203981347648,0.698122263826277,0.307392495242384,0.00945007978748707,0.051056828453361,0.00182425935656874,0.000139476412991635,0.0169822285897558,0.075395860364733,0.00716688819343001,0.354375687990181,0.261303687553156,0.231374695609014,0.199317912400896,0.0574206551592121,0.00123179996380129,0.000495661809514686,0.0388718797673217,0.0194179167918848,0.0480818675606797,0.0562197016231047,0.00159445063080393,0,0,0.00284761299960267,0.0608860001440409,0.00258886751021679,0,0,0,0.000736936095569724,5.11561839661194e-05,0.0718459004746629,0.000215895228535069,5.72412171291842e-05,0.000292262941717556,0.000179885094261818,0.000389489119950077,0.00468292717785644,0.192056737967012,0.00496196014213064,0,0.000988763101190447,0.000148140448611752,0.00434443620251609,0.207391570896022,0.0102806488501703,0.0234087307549441,0.0070991174653409,0.00128345137921643,0.0320695725093513,0.00183255724070706,0.00141463017844174,0.00491217201341867,0,0,0.00189895325655986,0.0129910085863092,0.0028622796412967
0.145452387784213,0.0973280012166714,2.76233420937065,0.000254176592699737,0,9.35939489129594e-05,0.0191337872044454,0.00988108686660571,0.00700684639797919,0.00189956185705015,0.0386802261271292,0,0.00354020834911473,0.0676555638166655,0.000414120964298032,0.0223952384444297,0,0.0176742916846541,2.16509590306694,0.000232760965086176,0.0493170440422471,0.0270936305116375,2.19664609959302,0.00622032502617329,0.018572124660598,0.974106385998076,0.434880186007455,0.0248680726836207,0.0306543116642829,0.0611141862258947,0.00232136336811607,0,0.0131287542096795,0.670977615316908,0.000889023116493742,0.082590706892484,0.108101436642703,0.230221741668388,0.0604432175591744,0.0043404989811295,0.000484646785250856,0.000452744768886845,0.0133239375678215,0.0155899289142012,0.018734004129259,0.0161282180424352,0.000106922318866072,0,0.000347582086124712,0.000843246955185892,0.0524126385791208,0.00402327354264592,0,0,0,0.000222686685463452,3.857026186899e-05,0.00197940056704279,0,0.00113675867939185,0,0.000656145166140756,0,0.000298757845707933,0.00272307142327935,0.0137434831965872,0.00160990601717081,0.0100388971212819,0,0.000139093775572498,0.00767409711040813,0.00191954463201808,0.00182163026596528,0.0102340076523243,0.0115481605592202,0.045499630468373,0.000380390198112912,0.000573260652867863,0.000438549650484091,0.00080302660318609,0,0.00024976080877101,0.00717967621661585,0.000789726373051549
0.000360214237298789,0.00697041357515437,0.00308127241177996,0,0,0.000179376912084384,0.000229404054600624,0.000631743380648255,0.00271960038977949,0.000145919687910315,2.07523872149208,0,0.0547653087049979,0.000821781244698038,0,0.000863192186448039,0.0176742916846541,0,1.93146489853394,0,9.49137873455944e-05,0.00438738245932141,0.00123921678685927,0.00082735396210671,0.319376965667867,0.708050957063157,0.019977773184559,0.000173255029447903,0.00207034263340512,0.00026129368726885,0.0524534727197555,0.00163309725043595,0.000219683302861559,0.21557636255606,0.000121356428381233,0.0394765325272056,0.275845822422684,0.419624256683984,0.0621953946457395,0.000206260351846416,0,0.063124237956861,0.000794719049636815,0.00472205609402679,0.00333494937562763,0.00129053678103302,0,0,0,0,0.00395746058055861,0,0,0,0,0,0,0,0,0.0019548831239316,0,0.00899242026168002,0,0.00031878934251689,0,0.000419130967822447,0.00669356695007146,0.0042406488079463,0,0,0.000552862682342781,0,0.000140717325534487,0.025587067152488,0.00707875297675826,0.010089429951001,0,0,0,0.0181781638956749,0,0,0.000244856506241304,7.93188126746928e-05
0.0112852253629551,0.0601505832033569,0.100837394810558,9.58864289803195e-05,0.000476641676994877,0.000808237056815447,0.00136326631829436,0.00136313875023313,0.00498443155371241,0.000159694745262407,1.15936037829896,0,0.013719212406476,0.00415325989442507,0.000119316751730561,0.002883879539214,2.16509590306694,1.93146489853394,0,0.000270391903347725,0.00472704978186567,0.010905198809569,0.0248664048258504,0.00206554881363414,0.165724823699566,2.10187349273515,0.152714249856215,0.0021218038939541,0.00514318557173939,0.00646944930498099,0.0127233548214073,0.00022854892449594,0.00302832783761346,0.982833050558787,0.000415550658689275,0.0713135002650065,0.175641074245029,0.496305267957591,0.0808731456059402,0.00131256251529408,0.000570297671959747,0.00729909564997457,0.00713009342665086,0.0102508119296078,0.0107419265889731,0.00948431242596793,0.000203639990604802,0,0.000974913315161641,0,0.0300709476845658,0.00145173741569594,0,0,0,0,0,0.00190771910817921,0,0.00200106004593136,0,0.00669613394920021,0.000342500087237917,0,0.00145949083822746,0.00231151445719122,0.00989464716398008,0.0154361483530811,0,8.81235008275043e-05,0.00165933701636707,0.000315573708262653,0.000546484951677858,0.0546041038930081,0.0207029481957678,0.0363124541730651,0,0,0,0.0085578923854989,0,0.00011206721855056,0.00368833575060459,0.000580699678045297
0.0180852745122934,0,0,12.4053283309327,0.000408122952514786,0.0219146032971435,0.00861640569267678,0.0355246956847156,0.267690878706917,5.00682825788774,0,10.4614777850935,0.000246561567012393,0.0345079295931999,0,0,0.000232760965086176,0,0.000270391903347725,0,0.000549260373464165,8.10200993644934e-05,0.000643498278494639,1.99153562981266,0,0,0.000218867223372885,0.309029644470258,0.0333379532321511,0.000888545684605931,0,0.00111245119504869,0.00195175619370623,0.0230304365371271,1.60794518160022e-05,0.00857828699264979,0.000759063107161062,0.0701311986184356,0.0333515785537567,0.00593683975889314,0.000387365179266312,0,0.000868408545822872,0,0.00222022954198205,0.00078687173923675,0.000388314455815851,0,0,0.00190236480824831,0,0,0.00274862890750332,0,0,3.34618075963486e-05,0.000251687217975076,0.000669868053501771,0,0,0.0193145160274279,0,0.000298180746461596,0,0,0.000282927481168031,0,0,0.106799403840302,0,0.000717835371084433,0,0.00323959900952723,0,0,0,0.00121743017882124,0.000377105198006969,0,0,0,0,7.88235611258632e-05,0
0.0402713843440394,0.00511680285979153,0.103100814382214,0,0,0.00241075585256813,0.124919135087967,0.0173477016774702,0.00602014724308928,0.00873494948860878,0.000113407098604556,0,0.00228804134755633,0.0601584406629137,0.00613891568969101,0.0865497024323162,0.0493170440422471,9.49137873455944e-05,0.00472704978186567,0.000549260373464165,0,0.0598389647270048,6.49251760998427,0.0373960509534729,0.00205525025658662,0.00316284802686147,0.0391095788152117,2.25833686886748,0.0507164858348581,3.7135763540242,0.000357981139592433,0,0.22840337769779,0.238791667809462,0.00803219814024422,0.198288075581778,0.107500324239838,0.309555667494869,0.132067293126115,0.0504723951570319,0.000388061035358094,0.00088125681242876,0.00869592775619183,0.000622516110231414,0.00616826366349749,0.00753729089251875,0.000196176561557959,5.81882938796526e-05,0,0.00130124742732735,0.00279338686721073,0.000146193818695468,0,0,0,0.000461055866182747,7.4133206218198e-05,0.00550371473919301,0,0,0,0,0.000431235310038621,0.002536027337419,0.00680750352562976,0.000269848341992313,0.000179395282994016,0.000118194376395429,0,0.000241766393491461,0.0110065638955602,0.000746423494389138,0.00694997657262359,0.000169090976402782,0.000127360529716782,0.00275077036895072,0.00149000597532366,0.00126185410900398,0.00146814038504475,0,0,0.00124224643102792,0.00126491592940568,0.00371994869326306
0.0260478962093133,2.77779038331106,0.0240512297827759,0,0,0.000421705004175563,0.0118968596908882,0.00254686327711603,2.49621756704734,0.00233733177238941,0.00366876599893477,0,0.0312679154113003,0.00653078226565709,0.00713642025182809,8.99329186000651,0.0270936305116375,0.00438738245932141,0.010905198809569,8.10200993644934e-05,0.0598389647270048,0,0.120590105412397,1.27956574685916,0.291144384386965,0.0191600300437654,1.08276147281116,0.105465096568475,0.0206921739486448,0.0909320606827246,0.0144229569462291,0.000156945535339089,0.044957666628473,0.0847511036946231,0.00290550169275651,0.163393641823376,0.108323976111954,0.168152996215123,0.10116286582161,0.0230875274820074,0.00256789319907855,0.00143030580578253,0.0519257382227958,0.0261978219792466,0.0706556186019788,0.0697333138463224,0.00233748210160797,0,0,0.00332008746723831,0.319317057737535,0.0137176378002564,0,0,0,0.00110102538232328,0,0.255829318101666,0,0,0,0.00288189785432028,0.000526081556786136,0.00572476700154551,0.167242904451198,0.0132599104016502,0.00255858304240413,0.00227776119650434,0.000350244418548362,0.00296455856243555,1.27052660179574,0.020768704813221,0.0284340859231084,0.012798904826488,0.00313601696297361,0.0500978077625885,0.00287891704564524,0.00198502448296102,0.00707189100380058,0.000271820036828352,0,0.010702160808921,0.0188337124405675,0.00194039930052127
0.130492625523186,0.0219746116395157,2.59753162572391,0.000338874809979977,0,0.00319695051897998,0.206791385365402,0.0477435036776788,0.0143656620395524,0.0186268756605614,0.000988940484656485,0.000183171992049433,0.00540142608164211,0.188131735015239,0.0128409209755458,1.38494479855792,2.19664609959302,0.00123921678685927,0.0248664048258504,0.000643498278494639,6.49251760998427,0.120590105412397,0,0.0587823618545928,0.00436279613581869,0.0606771113584788,1.84480947002801,0.363491318871007,0.0356155875812261,0.417448716398007,0.000223570477934629,4.86153373096985e-05,0.0151496315777191,0.450877223329567,0.0260689179612566,0.522263020348067,0.49064264736309,0.760065761638992,0.389530193337858,0.120564137482922,0.00336196692407614,0.00107919190987766,0.0260562137962035,0.00591968242456643,0.0248590044941051,0.0219475534705358,0.00119596906351562,6.56670507319101e-05,0,0.00202464043449541,0.0184353868655065,0.00318055455990502,0,0,0,0.000959239104688871,3.64379764463117e-05,0.0137940790440374,8.08032254567865e-05,0.00016109827500405,0,0.000149060715271951,0.000724837987961965,0.00876864702389943,0.045657444439073,0.00498419837145719,0.000136212114289476,0.00135363108728726,0,0.000910415601654821,0.0416744176410545,0.00785103993969541,0.0124011431637809,0.00239315453176511,0.00223634037539012,0.0364823839928371,0.00251158711394017,0.00168404221083178,0.0017026154500271,0,0,0.00131560436884997,0.0089355292623535,0.0158844695827299
0.0585699780609944,0.0674327812885923,0.0105326666505053,6.22526771685892,6.66727979289922e-05,0.0519503256197467,0.126713747884705,0.0293536564146062,6.13636351512931,0.188675571201384,0.000255597747358515,1.10799373298739,0.0047475678942238,0.0402541049536032,0.00338338220633516,2.69420442191392,0.00622032502617329,0.00082735396210671,0.00206554881363414,1.99153562981266,0.0373960509534729,1.27956574685916,0.0587823618545928,0,0.0201648340171009,0.00286692546795736,0.0736663488131651,4.02645689338477,0.0595493892748562,0.11311252425681,0.000909968724988946,4.76919181332425e-05,0.0445037901348592,0.0532215362030621,0.00155462786725237,0.0650394706434287,0.0216751796122112,0.0826878267110475,0.0486491525794212,0.0109844589453474,0.000650074947699631,0.000175988044660222,0.0556018724194891,0.00586729959891355,0.0614438637532603,0.0382460071833108,0.00661030104167965,0.000716615698286004,0,0.0374577679739738,0.00505492779673061,0.000910284319994246,0.223780749939725,0,0.000530493491416872,0.0231417856407205,0.0095232874944248,0.139821695006163,0.00520114877311922,0.000192090747489796,0.0110679412677762,0.000286338427866031,0.0194761151411757,0.000375494274216501,0.0376100052795891,0.00123912963231513,0.000400219954643859,0.000359170902367922,0.00904844354246529,0.00595821571599269,0.0752652571889904,0.00849970636687729,0.563867200659385,0.000565705192177154,0.000738439564462677,0.0072179563551968,0.0592257928940921,0.0282922902302475,0.0211140769490055,0,0.000200998403588558,0.0232567625323635,0.02253671604978,0.000934233194295897
0.00120649908973482,2.0367954334521,0.0129600993813684,0,0,0.000692581545042088,0.000294171137231422,0.000123719535821857,0.0899854913548224,9.48973268260342e-05,1.04137816784827,0.00010533284807115,3.35762202202581,0.000781271258737941,0,0.0354257224748186,0.018572124660598,0.319376965667867,0.165724823699566,0,0.00205525025658662,0.291144384386965,0.00436279613581869,0.0201648340171009,0,0.657566671158772,1.02157889069194,0.00523553014316716,0.00202059540115641,0.00250049054169773,0.785150049386067,0.000495742637388876,0.0019364161425517,0.0925322841764741,0.000652023550140611,0.071684755806361,0.938298979427648,0.451714140615558,0.103336310604887,0.00176880369084743,0.000370891828691447,0.296236705354021,0.0106206696657087,0.112957427453148,0.0414467229751497,0.012675246657583,0,0.000490008965542837,0.0160932058104847,0,0.076780920852388,0.00121254789933056,0,0,0,9.43992556972639e-05,0,0.00195003953112257,0,0.0794128970808169,0,0.182566894295783,0.000140824493070996,0,0.0037875353311877,0.00361857781693666,0.0542217888826337,0.0237176619880412,0,0.000273207132930665,0.0202291753256,0.000565876718108781,0.000518428729458599,0.698817703901401,0.0624507885491812,0.0797640148708566,0,0.000237718736683324,0,0.189797391157118,0,0.000179559593383703,0.0106256256853969,0.000175362307036015
0.00502464517923446,0.0608903597137314,1.77672075500102,0,0.000144399545147177,0.000533551781158725,0.00250481603219605,0.00130787765475286,0.00714088949682995,0.000112206707695463,1.42888058503995,0,0.373483615451536,0.00534777761975608,0.00126820437339623,0.00749203981347648,0.974106385998076,0.708050957063157,2.10187349273515,0,0.00316284802686147,0.0191600300437654,0.0606771113584788,0.00286692546795736,0.657566671158772,0,2.07330458309607,0.00281082810189809,0.00354099916710013,0.00403927245908969,0.482355444971881,0.000507935629613092,0.0022642746114345,0.218918565918198,0.00217664792324759,0.151873970584839,0.403028691711677,0.536624276906985,0.106089791260383,0.00139591949762586,0.000619015981445431,0.0356356385724398,0.016740452465268,0.0317427755096602,0.0329678407808684,0.0160926251837044,0.000194069423553437,0,0.000698956915759506,4.97661827010554e-05,0.0432204275630741,0.00305263064789289,0,0,3.90157695145162e-05,0.000220660316052941,0,0.000787341825152405,0,0.00999051335899403,0,0.0326902954521941,7.62181169964189e-05,0.000477985881901068,0.00104897800682339,0.00583523420230702,0.0250197971000944,0.0337277348599196,0,0.000475092502102513,0.00462150782341298,0.00100385729860934,0.000617441145669663,0.108553106432175,0.0721216958799866,0.142882167597639,9.96511624168563e-05,0.000107600648926572,6.48560104281402e-05,0.0283745054082657,0,0,0.0123345491129483,0.00143550114208251
0.0137383603360543,1.64651641890481,2.14419648339412,0,0,0.000877350181652891,0.0176939472048182,0.0052613969563521,0.0505909687053563,0.00266680947910421,0.0215338451400401,0,0.710977737416684,0.0165348672499371,0.00365506168820699,0.698122263826277,0.434880186007455,0.019977773184559,0.152714249856215,0.000218867223372885,0.0391095788152117,1.08276147281116,1.84480947002801,0.0736663488131651,1.02157889069194,2.07330458309607,0,0.0563891337558266,0.00814436526653162,0.0261155248787823,0.154121014712407,6.01357776084618e-05,0.00420954291103376,0.324935616428184,0.0148891666899991,0.372684145529863,0.327712747044786,0.689983244796321,0.242963011401795,0.0214362495948366,0.00268986180642138,0.00331982422473923,0.066831904622965,0.0618837719731185,0.102490115506758,0.0582642350873017,0.000623615640146338,0,0.00033285381354196,0.00198556908209826,0.184110894969836,0.0190005601636251,0,0,6.46359438589853e-05,0.000945433496913408,3.804355765537e-05,0.0117792935465847,0.000113283690915328,0.00532429262487471,0,0.0114355615225942,0.00117328685744507,0.00467951773762023,0.0395948487860472,0.0415733347002355,0.0130835625323014,0.0424170089505203,0,0.00259451415915142,0.080153276866503,0.0270231312125178,0.00737301982837005,0.101340087500817,0.0883078939061893,0.368631672505562,0.00162144036567447,0.00104668296729319,0.00188724761073796,0.00950407744777012,3.97648627653837e-05,0.000401723389919158,0.0454835569537204,0.00819606758261881
0.0828727705253999,0.0104238305034898,0.0531480150074985,1.38429017368244,0,0.0839613270896565,6.21563579438782,0.067204004642652,0.154762888505814,2.52474523746787,0.000507995850662217,0.0084560966252929,0.00295490441982613,0.0986997905937302,0.00875649614917501,0.307392495242384,0.0248680726836207,0.000173255029447903,0.0021218038939541,0.309029644470258,2.25833686886748,0.105465096568475,0.363491318871007,4.02645689338477,0.00523553014316716,0.00281082810189809,0.0563891337558266,0,0.10485749588299,1.86411584297702,0.000361010340515364,0.000197152901668831,0.0692516413906724,0.158223583879195,0.00331385318209094,0.141290646821886,0.0384722994472728,0.210197405151804,0.0920089714066453,0.02560331952893,0.000548815779998316,0.000353315282352628,0.0456287518301709,0.00518539373869999,0.0502844994252267,0.0299644040868837,0.00441904454239083,0.000142247596435291,0,0.0309409038106125,0.00237393475166649,0.00110475212258549,0.000270468802287242,0,0.000337044292817459,0.0174522251343254,0.00197744942098462,0.0479974174047747,0.00091039682032716,0.000325841870999627,6.33044333244659e-05,3.61668127735369e-05,0.00932528949285267,0.000843838490688406,0.0265796432770375,0.00131903388293875,0.000128606735279396,0.000285026416270281,0.000559719421507304,0.00455984173237053,0.0396734406707568,0.00575849662873392,0.126247291400061,9.01360509005314e-05,0.000457802559349616,0.00511891467526256,0.0357467097198138,0.0249487804291363,0.0164113714950767,0,0,0.0168255129506757,0.0204241889709454,0.00170804691193364
0.867954065984091,0.00233555914854131,0.008209712292021,0.00328049984515605,0.0524379111590638,0.17515435808857,0.478113508726007,0.148026289717503,0.0511009948606765,0.119482005907877,0.00394767379082371,0.00379536520683432,0.00220813123412453,2.65402224523938,0.00231746250507269,0.00945007978748707,0.0306543116642829,0.00207034263340512,0.00514318557173939,0.0333379532321511,0.0507164858348581,0.0206921739486448,0.0356155875812261,0.0595493892748562,0.00202059540115641,0.00354099916710013,0.00814436526653162,0.10485749588299,0,3.813025306318,0.000358080737695095,0.957239591780668,3.18171804015492,2.16646672255155,0.00137209104204749,0.0544702254041968,0.00518552645892588,0.484690578547279,0.0649001987930137,0.0393966637005697,0.226144557913399,0.000859688270102408,0.0133004232502925,0.0018924346147542,0.0133909506484049,0.00992401753037942,0.00153017762058454,0.000235726044993017,0,0.00695175192929098,0.000320895426933209,0.000201357519477623,6.30036455004316e-05,0,6.11673374364551e-05,0.00324523903607419,0.000269030739426735,0.0138936367136063,0.000264240385719083,0,0,0,0.00246388083815681,0,0.00794568501972927,0.000179566058538835,0,0.000199471476663653,2.65398537144875e-05,0.00165817094263873,0.00980970156539368,0.00196890709692783,0.0382630701769104,0.000467317393662057,0.00015333375781445,0.00184270260985845,0.00774354273818379,0.00731401772041864,0.00749502464504043,0,0,0.00680832423102934,0.00649058026898443,0.000467266469213124
1.17156353937118,0.00603897383169372,0.0528666878960162,0.000121291906482458,0,0.00186826962350758,2.35572420766805,0.0249112988576354,0.113986033430886,0.0120811001870298,0,0,0.0023793207768731,0.188697975481324,0.00247783569634394,0.051056828453361,0.0611141862258947,0.00026129368726885,0.00646944930498099,0.000888545684605931,3.7135763540242,0.0909320606827246,0.417448716398007,0.11311252425681,0.00250049054169773,0.00403927245908969,0.0261155248787823,1.86411584297702,3.813025306318,0,0,0,0.569759090461621,0.666049968121025,0.00281699834804499,0.0796019826043332,0.0301688529356927,0.189361232427296,0.0639153788725306,0.0184126296549704,0.00057117276990484,0,0.0237056882033314,0.00324810268184371,0.0226044536838565,0.0202097575891921,0.000862720467813358,0,0,0.0104707817226534,0.00155934840894872,0.000373434934565049,0.000171537734088228,0,0,0.00417901782670334,0.000677860946007944,0.0292985368114561,0.000337773797444217,9.34709092922145e-05,0.00014266031573954,0.000194805793354694,0.00171598423263052,0.00108035570839995,0.0170044235880159,0.00042523866439768,4.57882912346642e-05,0.00025466631335078,0,0.00517169055389822,0.0277325717786623,0.00275758604051663,0.051172532474278,0.000218055373436869,0.000235950915514753,0.00242785143388342,0.0138559629893538,0.0100144464405559,0.0113237997822755,0,0,0.0108452186794577,0.00993406393107547,0.00133643636848547
