0,0.000867495476247759,0.0805846242522735,0.006895688410261,0.00374505324806244,0.0279266632161415,2.3028316083612,0.088784930451286,0.00498324408956766,0.0244675236032109,0.00519156905514875,0.000969135439882222,0.00176318867448323,1.48050629829278,0,0.003686611073585,0.313716758139517,0.00666363904110756,0.0443702721189623,0.00317253920794457,0.0525872368499195,0.000425509287995673,0.101193737123165,0.0446495086930553,0.000224678144759132,0.016844033092957,0.00312063613338444,0.0366281744406501,0.873979132142343,0.428748399508804,0,0.0087445837255608,0.0322080265348947,0.119074990827407,0.000270678423477297,0.0121490136235033,0.0207306451273823,0.0935595457351593,0.0165049114523368,0.0385373382994409,0.00661720429368629,0,7.65009633646261e-05,0.000307738122800827,0.000840021184100623,0.00237812429786224,0.000519629790420861,0.00041465123385092,0,0,0,0.000294071570661025,0,0,0,0.000429579009452563,0,0.000592345522913051,0,0,0.000428681994562655,0.000253642456473167,0.000469613215992523,0,0,0,0,0,0.00027845884015951,0,0,8.72870557392449e-05,0.00192982776017829,0.00106667947960354,0.000458687648550308,0.000112877060379022,0.00223041853976192,0.000686680044758695,0,0,0,0,0.000707965576572545,7.59527316866839e-05
0.000867495476247759,0,0.685567376730909,0,0.00127152805652733,0,0.00101003505678948,0.000376985671431447,0.705763874122448,0,0.0136159796535469,0.000767869276930878,0.0535022189774288,0.000547983033841399,0,0.0928345606526322,0.19651898502394,0.0109085046272828,0.168284046094412,0,0.00406498998258274,4.27888468925981,0.00895618979761494,0.419246616387225,3.52618471518293,0.498763553975953,1.64784689276812,0.0111508260251622,0.00124561564355177,0.00130123258777967,0.093079281802641,0,0,0.0275080803971645,0.00110896350523468,0.0287465145911914,0.298736428729636,0.0520534629221339,0.0247327255084919,0.00184000191353345,0.00132955253550934,0.0233895827996056,0.0154071322626518,0.159999316930014,0.0405128102907358,0.0218077798334918,0.00271781658286515,0.00755029308210241,0,0.000527912306599737,1.39620372349474,0.083222264448079,0,0,0,0.000698257481598972,0.000463045968202567,0.0102052995799064,0,0.00177467086822988,0,0.00276426641367772,0.0005404930332363,0,0.0189248333596423,0.0839805142753827,0.0052583420506762,0.0830721851505986,0,0.00174332243452729,0.538242155625241,0.0125631803073334,0.0126662687464603,0.157473618738924,0.116382847507541,0.288159919164948,0.00246502306737906,0.000663294173447706,0.000249735783606327,0.00382505594592464,0,0,0.0449813847701917,0.00115003754154672
0.0805846242522735,0.685567376730909,0,0.00218972031281707,9.67293870716649e-05,0.0292746339461346,0.214319292475223,0.0755817488558379,0.0144090603333892,0.0109275248457852,0.0137938880895296,0.000172310136819362,0.00261211038626319,0.111225068267193,0,0.0846810849137715,3.71294308653833,0.0572837530738569,0.389122847796908,0,0.220440179956313,0.0292337255689178,4.10280794211858,0.0481740247548794,0.00353685065234734,2.68208702184399,2.71845516339399,0.358240266933904,0.0378277700270884,0.305616286748195,0.00829290055097615,0.000486814051276959,0.00425687256055297,0.0787559648416869,0.00740407700176576,0.168699593884,1.70942910228489,0.41726416648362,0.114869002041057,0.0263007876152407,0.00704564533282032,0.00121646219160292,0.0151107414554383,0.0969094019813725,0.0144102500576943,0.0126391204187416,0.00204830296990171,0.00114499641395096,0.00031162896585811,0.000204105986749352,0.0664645316186583,0.0546045363258519,0,0,0,0.000829017858402822,0.000781899991380952,0.00147124609388627,0,0.000958216203803873,0.000300176766255319,0.000410375366676089,0.000512257943989451,0,0.0140962442556549,0.0263476627634498,0.000250429601383871,0.0177033933130976,0,0.000921259648556223,0.00806944339394381,0.0103720205629299,0.0052237813734456,0.00306569413389134,0.0285557871737624,0.146502983268608,0.00423460032575359,0.000978068254943511,0.000869420138358716,0,0,0,0.0109860574231478,0.00609913403218542
0.006895688410261,0,0.00218972031281707,0,0,0.129169395897408,0.0426316658690998,0.0114037044269498,0.876258213758825,0.506199213629651,0,0.602229326183439,0.000207369666012907,0.0150162028192172,0.00248641548229237,0.000239328445857974,0.00100299338625624,0.000609516870959392,0.00046046931009883,12.9333220523094,0.00129854035985708,0,0.000952733674395656,3.34575876670049,0,0.000180071955646299,0,2.04828106582381,0.0209266745600226,0.000212979204318673,0,0.00174862966255575,0.00273256809897619,0.00580090344186233,0.000267058360187572,0.0182650117335614,0.00172845495926532,0.0154201882230086,0.0106059230820575,0.0283665723587827,0.00128042699010231,0.00051143912968294,0.000543866685090579,0.000448475888241165,0.000731254076902568,0.000655079380755423,0.00658286713162775,0.000466146489855289,0,0.00017463225742225,0,0,2.38812735272201,0,0.00522765495164164,0.00408270740882367,0.00701293726509566,0.0131813349006893,0.0110360777883787,0,0.052614631668586,0,0.000402243820329522,0.000814827270187562,0,0,0,0,0.0248239861601239,0,0,0,0.0415036872002481,0,0,0,0.00620789212129069,0.000830213679834768,0,0,0,0,0.00247161021194667,3.96084464655566e-05
0.00374505324806244,0.00127152805652733,9.67293870716649e-05,0,0,0.608364829650724,0.000857664536202462,0.275900790902769,0.0159789203163548,0.000235502095140786,0.0102044540405765,0.0252944733477016,0.00632138379412989,0.0221094571168801,0.417187039773423,0,0,0.0044442918318301,0.00336509446344876,0,0,0,0,0.000365240839826402,0.00595203989752974,0.00188817889258302,0.00151680179458753,0,0.173804291033731,9.83155084207628e-05,0.00533112791852291,2.15031704585535,0,0.480983474288274,0,0.00346693960746093,0.011162880560953,0.0543664243024647,0.00264809729649314,4.96921954149765,4.91605959900453,0.00197147860273139,0.000397975442343601,0,0,0,0.000388546803498861,0,0,0,0,0,0,0,0,0,0,0,0,0,0.001034197216814,0.000159282528444347,0,0.000444705837585116,0,0,0,0,0,0,0,0,0,0,0.000595642283758713,4.8539269796665e-05,7.55535416050212e-05,0,0,0,0,0,0,0
0.0279266632161415,0,0.0292746339461346,0.129169395897408,0.608364829650724,0,1.100021722431,2.0606140301542,0.133427110615702,2.66834590096929,0.0100735756057437,3.13619877704047,0.00462730862500914,0.60798154453186,1.62786561703304,0.00219018854683156,0.0172384694116283,0.00457801097840853,0.00242585492985201,0.381992344502501,0.0076113105990205,0.000106390310514012,0.0200103368665552,0.519629573608137,0.00188296442600981,0.00553528212581421,0.00295327078336308,0.644494367325416,0.225435759688055,0.00899711990746953,0.00289825118194223,0.454992837764219,0.00959969643890945,0.107849753911277,0.0412457337472017,0.0247491837480885,0.0227257902143403,0.110962231935785,0.0239451804083853,2.45098602908096,0.226487303991706,0.0021164962191344,0.000966694081589813,5.44321614732155e-05,0.00116926624890878,0.000545376566855219,0.00510288058088034,0.00136610415396873,0.000284767581324331,0.000284005961497469,0,0,0.00125258307075817,0,0.00283945988263322,0.00421740815866203,0.00395559904872616,0.00478690803564924,0.00730169176822403,0.000147445155628256,0.0303000510186432,0.000315763315890604,0.000221221496879165,0.00126598227737062,0,0,0,0,0.0078044302144833,0,0,8.42328716853941e-05,0.0154515952594699,0.000614899419243535,0.000165153446580473,8.81401562153176e-05,0.00571020874728532,0.000503521939672449,0.000637919056489564,0,0,0,0.000424208726187373,0.00297934660318314
2.3028316083612,0.00101003505678948,0.214319292475223,0.0426316658690998,0.000857664536202462,1.100021722431,0,0.622828816737086,0.120332218680123,1.66129512054067,0.00791855511663642,0.0101056362451196,0.00533125917295137,1.49522250929187,0.00113414003606949,0.0116762873452512,0.0613394957546974,0.00207891046272081,0.00979741387651071,0.032773483267858,0.089754443193074,0.00578281350665702,0.177205498892745,0.896348898525794,0.00230772357730725,0.0109174941547978,0.0154870237462292,4.67836155967766,0.451244755512865,0.777525371856371,0.000732603682034373,0.00606265147366957,0.0610627785022563,0.104730229290037,0.00588414016213355,0.176167187299624,0.0548808274892991,0.292339662608691,0.103946954451228,0.198131302673881,0.0105370437815189,0.00172700253590161,0.00444213787272272,0.000940402401030858,0.00607745817486828,0.00214524881512698,0.00526097204118638,0.0010716340525789,0,0.00282676590997927,0,0,0.001519438951486,0,0.00277108057275606,0.00709982544566258,0.00298319396800589,0.00497371743958831,0.00314060708473181,0,0.00857553107899909,0.000806636347834592,0.00255896810841141,0.000559841894332844,0.000140290594019283,0,0,0.000336942022416864,0.00317433414473266,0.000488010951831871,0.000373236569625813,0.00143600177886586,0.0368014853761647,0.000178381274053403,9.60170217672862e-05,0.000631246435046882,0.018170058112621,0.00374007594840507,0.00139202905749839,0,0,0,0.00218029646230123,0.00198407699117737
0.088784930451286,0.000376985671431447,0.0755817488558379,0.0114037044269498,0.275900790902769,2.0606140301542,0.622828816737086,0,0.0116136271792098,0.577378266785294,0.010448945490926,0.0560616143858175,0.00475437861062439,2.05659283678794,0.0322589596961489,0.00152699383858881,0.150695778547755,0.00297300099519422,0.0231154067756299,0.0154823929299831,0.0344517278606138,0.00124200153642594,0.0895650524826087,0.0763144527398169,0.00313616904148137,0.0172286658851218,0.00512463414848561,0.0927974412643661,0.355546618222767,0.0907141454944455,0.00201732175894225,0.454939016966567,0.00639546602648356,0.152157089720831,0.000575818915634671,0.014405906887452,0.0249273473906961,0.0884945991707052,0.0103677925434089,1.04904009945453,0.312602202929455,0.0021228188198744,0.000624650373251275,0.000482191920411776,0.00094839455012065,0.000126865082762457,0.000280693146342232,0,0.000133403615094931,0.000480774691882858,0.000171217212453913,0,0,0,0.000488019999930406,0.00163155864237376,0.000922738510526376,0.00211832453937848,0.000671959557440876,0,0.000641020788937791,0.000852259454488403,0.000446407732814868,0,0.000225263094615374,0,0,0.000165938903081182,0.000314709783141999,0,0,0,0.00842887119642932,0,0.000655713355345328,0.00044361084809879,0.00352880349065718,0.000735937464863744,0,0.000136546836293007,0,0,0.000390628861439479,0.000170926598933083
0.00498324408956766,0.705763874122448,0.0144090603333892,0.876258213758825,0.0159789203163548,0.133427110615702,0.120332218680123,0.0116136271792098,0,0.27057114382845,0.00493651498019973,4.16019454969019,0.0170085627866082,0.022765010247174,2.56110932145345,0.0205479599839944,0.0123275559272015,0.00175723622202804,0.0109721182805421,1.54594015398081,0.00120311750235515,3.71526254173936,0.00230889127719765,8.50884598671794,0.386571821045891,0.0364649166891374,0.397619677525763,0.593342969905743,0.0250113541830113,0.00780609993058854,0.0347632452355485,0.00152368135300583,0.0178007035886635,0.0115099895157722,0.000919609096344556,0.224145645694613,0.0442873225639733,0.0310219008206962,0.021023191046461,1.49103910154412,0.00486213031420379,0.00246590508299562,0.0541168456279249,0.0103252605712128,0.0184808993705768,0.0140237615207863,0.232198016432148,0.00837753479805821,0.00209035202040928,0.0216658219319559,0.0568688994972316,0.0101294289903349,0.0118551050855453,0.00245253235553404,0.0854932540175794,0.0281089744152718,0.023813605540647,0.565581114049277,0.0836613721888906,0.00151845147373495,0.425972338959236,0.000868298262861375,0.00998648363030567,0.0509112547118499,0.0196529685658334,0.00502651099106695,0.00073177442719391,0.00335874418194135,0.107654901514466,0.00553827095455747,0.205465362517176,0.00693156543942517,0.433487851035724,0.00748570681956907,0.00430215850436304,0.0115604381782718,0.140383172268322,0.0218466217457029,0.0227976347340598,0,0,0.00406343413828559,0.0242880402724741,0.000786894733663661
0.0244675236032109,0,0.0109275248457852,0.506199213629651,0.000235502095140786,2.66834590096929,1.66129512054067,0.577378266785294,0.27057114382845,0,0.00525601993655049,1.29165079205206,0.00196750827302957,0.355810043962566,0.00513214066544207,0.000453968677657747,0.00257934398933542,0.00125000253113323,0.00262657482789152,4.04561022454751,0.00262381874448179,0.000221428689816533,0.00615346850546974,0.578810789575911,0.00194960523764162,0.00472098349040191,0.00139585865557296,1.38080672758307,0.147187026150392,0.00409674484766905,0.00101740613007876,0.00711881742686179,0.0109082103644173,0.0689202672434621,0.000589257440005758,0.0341361307699444,0.0198319368566098,0.106395836808099,0.0250736002220375,0.378629346854711,0.00578956393156402,0.000902584254421357,0.0018624097635794,0.000329600228349269,0.000974153350705882,0.000872767300375971,0.00707422673506581,0.000441621018072658,0,0,0.000270013361821154,0,0.00260213959323284,0.000226270960969679,0.00658611810764305,0.00668259571842884,0.00681947251754036,0.00818117144327825,0.0139704049209856,0,0.0449331452457486,0.000155443782408823,0.00138513825937113,0.000903582879913656,0,0,0,0,0.0090663718154944,0,0,0,0.0168374610696013,0,0.000108380678773778,0.000379624411141902,0.00843278464650928,0.00104702326339313,0,0,0,0,0.00177494004958527,0.000375224536380464
0.00519156905514875,0.0136159796535469,0.0137938880895296,0,0.0102044540405765,0.0100735756057437,0.00791855511663642,0.010448945490926,0.00493651498019973,0.00525601993655049,0,0.00196165405155649,4.3296231425032,0.0252325968345054,0.00126036012641273,0.000415561313023955,0.014540553578185,1.2473330162863,1.41761225445521,0.000758965238655632,0.000903070805426678,0.00856619850776024,0.0030156443582135,0.00676971419919541,1.42343309360381,1.45387160118413,0.205594628830016,0.00425480285578999,0.066198901126524,0.0043582626436722,1.38970901404935,0.0398303332839302,0.00786491324979655,1.42103997826558,0.00102351740705277,0.0488991217589598,1.42015830627958,1.1429875579702,0.0921612527033178,0.0507670920976417,0.0315281032512658,0.595270516213504,0.00869832326558862,0.0499326319407933,0.00347373473820611,0.000938701614664635,0.000955271724651814,0.000433258836491889,0.00148122282890483,0.000129816366375301,0.00742079264621749,0,0,0,0,0.000107420370705411,0.000164932161391133,0.000357148831313964,0.000159057899344135,0.0131209295656536,0,0.0319095840060572,0,0,0.000618641361316742,0.000312916776159677,0.00497448221593651,0.00170137662491812,0,0,0.00143106323482121,0.000433224476162632,0.00115918337543378,0.0173363608447527,0.053767907697378,0.0224059193835346,0,0.000137143260051133,0.00027859604043284,0.0127168241062837,0.000205548265972202,0,0.00601299764965119,0.00112829138174276
0.000969135439882222,0.000767869276930878,0.000172310136819362,0.602229326183439,0.0252944733477016,3.13619877704047,0.0101056362451196,0.0560616143858175,4.16019454969019,1.29165079205206,0.00196165405155649,0,0.00230462321431229,0.0435366450180124,1.42463491909615,0,0,0.00114347376013772,0,10.0160134192783,6.00127651804818e-05,0,0.000608467456648831,1.51083134043341,0.000155355081350431,0.00153147292900797,0.000598171511260538,0.0642589937008328,0.0557300069082938,0.000541499253405734,0.00156138946330303,0.0274567073740594,0.00119028426310259,0.0303974175838416,0.00908074449835507,0.0353200180501984,0.00985098192721616,0.0382539017213329,0.0116091665437539,1.59731845007724,0.0238779072810706,0.00165364553093342,0.0195527042517476,0.000814078935373504,0.00202570008882164,0.000183160644106214,0.10488928095435,0.000120875653974979,0,0.000438231579763084,0,0.000134091009883177,0.447793789720013,9.57838190241856e-05,0.0377672561884467,0.00662773747065285,0.00596142182348969,0.0206699356656392,0.0191418740542802,0.000496521648471783,2.05685038641901,0.00051978628188536,0.00191977259506949,0.0214644082351205,0,0,0,0,0.327229302928406,0,0,0.000228395587332973,0.0172408808354077,0,0.000127628852709306,0,0.0160852407147058,0.000928111235457052,0.000390389759301589,0,0,0,0.00111650458803586,0.00166831778071991
0.00176318867448323,0.0535022189774288,0.00261211038626319,0.000207369666012907,0.00632138379412989,0.00462730862500914,0.00533125917295137,0.00475437861062439,0.0170085627866082,0.00196750827302957,4.3296231425032,0.00230462321431229,0,0.0114461798697419,0,0.00237218481749762,0.00229070404434248,0.0258200849732948,0.0124439061528552,0.000144388215780316,0.00332961663725631,0.0216699953577493,0.00744213703013479,0.00901297755873557,6.39993403943164,0.274559853812294,0.767989620022652,0.0059021543674723,0.0242939633081047,0.00194484894398444,3.49579176463664,0.0194042992101836,0.00901316454723243,0.643810528313108,0.00228748506514686,0.247678620525632,1.44172089469422,0.948662294933318,0.339867394637353,0.0387300259850354,0.0671154035248753,2.06420769925986,0.0485368545996671,0.107762119938656,0.014116808656145,0.00654463487124784,0.000931260348452621,0.00254726685304657,0.0129988363503739,0,0.00893043118804884,0.00106648104583812,0,0,0,0,0.000630014179567958,0.0014190389428703,8.5518738583942e-05,0.0547394590429358,0.000783532730523447,0.456998386226454,0.000262909862759213,0.000722855530323606,0.00089331217958539,0,0.00902636697074117,0.0029654587109776,0,0.00053272098209463,0.00250597988041154,0.000765513636830858,0.00214071324137678,0.0478491619538652,0.0622936543751316,0.0315613512269411,0.000350261528793014,0.00023945984878922,0,0.0341541646486603,0.000937641034502341,0,0.00570313275861984,0.00200188061510115
1.48050629829278,0.000547983033841399,0.111225068267193,0.0150162028192172,0.0221094571168801,0.60798154453186,1.49522250929187,2.05659283678794,0.022765010247174,0.355810043962566,0.0252325968345054,0.0435366450180124,0.0114461798697419,0,0.0118901569805058,0.00292253375887391,0.293684830277223,0.0109667282857541,0.054869239787039,0.0171700338911418,0.0711343328384812,0.000971972001670715,0.151828183851914,0.118891125573873,0.00679742816010406,0.0424966962225765,0.0115458838404464,0.115040906687963,3.7156517517391,0.347552973692414,0.00402780952462895,0.472049142799482,0.0224794263926932,0.353838805584855,0.00127865043476889,0.0244315944928921,0.0624186152236806,0.270115886271137,0.0171857254327229,0.644627033773297,0.0709610432499025,0.004036121470183,0.0012347425923978,0.000993461415597781,0.000973361287140408,0.000172302586172967,0.000454954043820189,0.000392050414615069,0,0.000150337666102803,0.000136482457635165,8.9865465696887e-05,0.000336403590255663,0,0.000881471411700021,0.00180871479664282,0.000373540987994832,0.00147317378655771,0.000181198892318121,0,0.00122310032217082,0.0014179844085533,0.000258205169969349,0,0,0.00056108870586286,0,0.000194582467076015,0,0.000175324545028343,0,6.09486340792447e-05,0.01023122547495,0.000340644650297201,0.000648625474190118,0.000507179025361379,0.00622708966957006,0.00148328643530259,0.000737811207231557,0,0,0.00010459927531598,0.00125198620785227,0.000280489141130256
0,0,0,0.00248641548229237,0.417187039773423,1.62786561703304,0.00113414003606949,0.0322589596961489,2.56110932145345,0.00513214066544207,0.00126036012641273,1.42463491909615,0,0.0118901569805058,0,0,0,0.00121968326944436,0,0.0462041211827166,0,0,0,0.0565432060831812,0.000406054141741802,9.06889564233973e-05,0,0.00122493375368611,0.0228381693698943,0.000131593879634751,0,0.0757425489258022,0.000395451398311398,0.0140272830809389,0.00133914119988436,0.0151195817137523,0.0021903097933974,0.00783213999161693,0.00204006980740024,3.84932040974035,0.124902127305812,0.00361890148356877,0.00272577315742694,0,0.000327245477311795,0,0.0141978933162768,0,0,0,0,0,0,0,0.00371416768652451,0.000144411784207564,0.000371681497030844,0.00325952018928155,0.000737983926992454,0,0.0120429895981801,0,0,0.0066152761859955,0,0,0,0,0.000908270089537672,0,0,0.000376762432663633,0.000391841402029116,0,0,0,0.0008800153584738,0.000131964283931613,0,0,0,0,0,3.31810492773168e-05
0.003686611073585,0.0928345606526322,0.0846810849137715,0.000239328445857974,0,0.00219018854683156,0.0116762873452512,0.00152699383858881,0.0205479599839944,0.000453968677657747,0.000415561313023955,0,0.00237218481749762,0.00292253375887391,0,0,0.0492883130936921,0.00271734611412533,0.0174089253422765,0,0.970398087399169,3.44938083490007,3.25084273754928,2.51390263271937,0.0174228757825421,0.0134694478882417,1.58060977668145,0.477698682938849,0.0100553174537153,0.106477024572616,0,0.000395893091540089,0.0172952083518901,0.038154033819547,0.0313867106569978,0.634560131753646,0.792450769446637,0.387559106303185,0.193967825584871,0.105379028691198,0.0133280821583784,0.00387249651822757,0.0494895983430969,0.0625745864691674,0.0219710050496723,0.0181023436900067,0.00300105219747741,0.00801212821865999,0.000876437038481705,0.00188248788621441,0.021211279644267,0.0316643066337728,0,0,0,0.00741205331827698,0.00216460313292403,0.0265940409827638,0.000247609082114297,0.0036045467153073,0,0,0.00322393458844713,0.000328291828403207,4.76140121257181,0.0138578250489566,0.000991348306988249,0.00293252586699752,0.000479294601930871,0.0583437804764911,0.0900030958651151,0.22564928309899,0.21128880906341,0.00040418220681715,0.00230195170695613,0.0427099899027965,0.118985304779837,0.00623304698353461,0.045956792154592,0,0,0.00026959196082638,0.0134912284789223,0.0124855545834384
0.313716758139517,0.19651898502394,3.71294308653833,0.00100299338625624,0,0.0172384694116283,0.0613394957546974,0.150695778547755,0.0123275559272015,0.00257934398933542,0.014540553578185,0,0.00229070404434248,0.293684830277223,0,0.0492883130936921,0,0.058357501461077,2.4966973370466,0,0.0749927488491902,0.0174419805777531,1.99380005563738,0.0302731630841547,0.00192655489895875,1.40836059997007,0.646164408498121,0.0614398217827439,0.261308272955095,0.147365555629502,0.00517467469285136,0.00419945135205231,0.0614803834607841,0.445831943122097,0.00147725102476608,0.0330183489527977,1.52205050628212,0.368818159958453,0.0300032171967015,0.0322469749946531,0.00250066666412044,0.00105616909696768,0.00326625328705112,0.017742406823135,0.00414625687601234,0.00234876927611554,0.000248223887011165,0,0,0.000175143639670611,0.0451369319767712,0.0105176119288645,0,0,0,0.000618299596125966,0.000200424005697641,0.00175837126824951,0,0,0,9.88794972553984e-05,0,0,0.00335642902141761,0.00777264860142408,0.000912049112257155,0.00687137860043538,0,0.000142812051698484,0.00154535446242096,0.00232110353223279,0.00308254384893214,0.00203003630790243,0.0126118354781736,0.0342237502350037,0.0028355708696398,0.000228793788595687,0,0,0,0,0.00365166803116378,0.000961078650085978
0.00666363904110756,0.0109085046272828,0.0572837530738569,0.000609516870959392,0.0044442918318301,0.00457801097840853,0.00207891046272081,0.00297300099519422,0.00175723622202804,0.00125000253113323,1.2473330162863,0.00114347376013772,0.0258200849732948,0.0109667282857541,0.00121968326944436,0.00271734611412533,0.058357501461077,0,2.26515742807889,0.00136413432385175,0.00132466829096418,0.00608186597219117,0.00620141544150296,0.00261279945314073,0.0802775277777944,0.818792250992829,0.136680881346136,0.00317803569456158,0.0209307151673929,0.00284026045927099,0.0853849406892812,0.00948882065698764,0.00845942361817056,0.235186361789225,0.00217836686718106,0.0704940512975926,1.02042737216384,0.332910136571181,0.119115496556551,0.0174645648557266,0.0110889780134598,0.0159552014480413,0.00820088466018269,0.00840914202109256,0.00502303597351238,0.00337559137029913,0.000428343103459933,0.000380829080027997,0,0,0.0177271428112828,0.00113538842234271,0,0,0,0.000293387777691713,0,0,0,0.00345042987417734,0,0.00569843590557879,0,0.00126038431401827,0,0,0.00875383925428742,0.00753749745731634,0,0.000121266884932521,0.000762484370006991,7.95152114889848e-05,0.000781344012783285,0.0463684201771322,0.0562778711505073,0.0296087170005121,0.000239300995044125,0,0,0.011356015399835,0,0,0.0030596643083199,0.00238534254026589
0.0443702721189623,0.168284046094412,0.389122847796908,0.00046046931009883,0.00336509446344876,0.00242585492985201,0.00979741387651071,0.0231154067756299,0.0109721182805421,0.00262657482789152,1.41761225445521,0,0.0124439061528552,0.054869239787039,0,0.0174089253422765,2.4966973370466,2.26515742807889,0,0,0.0124136600684243,0.0153010192012637,0.0658248221509706,0.012941314413414,0.0270204299375487,1.92356055659323,0.427430827593528,0.00835536110271988,0.0690853639670246,0.0193767534482218,0.0150025193701708,0.0122436446940168,0.0240052195695983,0.683805623262443,0.00229148682617949,0.0882056591158821,1.99133114619343,0.619301029623216,0.0868653615161501,0.0147614070867219,0.00414142190907848,0.00433541425868201,0.0101450165501663,0.0186369795654744,0.00905317420924265,0.00535627999715847,0.000796392006677817,0.00068725190827473,0,0.000753824499617899,0.0653789143003244,0.00382929668039385,0,0,0,0,0.000303229020734323,0,0.000140405575742149,0.0016033746425902,0,0.00209106895537431,0,0,0.00130295501286612,0.00762921479828041,0.00300214267785797,0.0143500738832609,0,0,0.00165013682162279,0.00128998762775568,0.00129760878695943,0.0142977948734078,0.0444419649199901,0.0465434441354293,0.000842540781498702,0,0.00021082632452844,0.00183095010642264,0,0,0.00786129317245339,0.00248692006526993
0.00317253920794457,0,0,12.9333220523094,0,0.381992344502501,0.032773483267858,0.0154823929299831,1.54594015398081,4.04561022454751,0.000758965238655632,10.0160134192783,0.000144388215780316,0.0171700338911418,0.0462041211827166,0,0,0.00136413432385175,0,0,0,0.000384066787321162,0.00025557516343758,2.25266155098901,0.000858204026465414,0.00089290832924982,0.000137645909183817,0.962245337016446,0.0287688546040347,0.000861614723876247,0.000394403100366592,0.000720049743359579,0.0030063242346259,0.0177709718448893,0.000168184181173832,0.0158693756030419,0.00388063307568283,0.0241748474591884,0.0119801033729279,0.108187976302525,0.00349240868279062,0.00126749803552095,0.00063706512424621,0,0.00116892128430629,0,0.0140504291924349,0,0,0.000655950356612429,0,0,1.51006151919925,0,0.0114397391289561,0.00629627525032773,0.00632508888953938,0.0353200761881459,0.0174888387841924,0,0.535727958306806,0.00101114221644513,0.000633152957612126,0.00302185852417497,0,0,0,0,0.199387876625527,0,0,0.000169298887206586,0.0341683061467668,0,0.00027177566424744,0,0.0101875569898847,0.000564990987230538,0,0,0,0.000323624312169188,0.00286326836387504,0.000120496374951284
0.0525872368499195,0.00406498998258274,0.220440179956313,0.00129854035985708,0,0.0076113105990205,0.089754443193074,0.0344517278606138,0.00120311750235515,0.00262381874448179,0.000903070805426678,6.00127651804818e-05,0.00332961663725631,0.0711343328384812,0,0.970398087399169,0.0749927488491902,0.00132466829096418,0.0124136600684243,0,0,0.0320561910945575,6.59325663241021,0.108429393233656,0.000129460609479244,0.00621679432680413,0.03864573307658,1.12820889867283,0.415649681701586,3.44294535876771,0.0011951127156676,0.000365783992884016,0.669319717858734,0.569343311290952,0.0276326008896986,0.379732748172602,0.466771533636808,0.966037229618203,0.206012786072276,0.115628065573812,0.00608983546796438,0.000860272894292245,0.0118992106321541,0.00305735706471477,0.00229376084788751,0.00713534359139686,0.000763067273367433,0.000863856918790185,0.000249529831114148,0.00138741617638298,0.00016117783998679,0.000592663719144695,0,0,0.000266003284062621,0.00162327401054705,0.000281963181450691,0.00113085534679316,0,0.00110088951743374,0,0.000267812590496221,0.000115043125047953,0,0.039502582883589,0.00124647851811608,0,0.000287452881499572,0,0.00216465775036159,0,0.00210883284741853,0.0115420337203756,0,0.000235343423841405,0.00166535032564502,0.00910504566776876,0.000990249017854999,0.003091826086343,0,0,0,0.0019864371917085,0.00871862216920103
0.000425509287995673,4.27888468925981,0.0292337255689178,0,0,0.000106390310514012,0.00578281350665702,0.00124200153642594,3.71526254173936,0.000221428689816533,0.00856619850776024,0,0.0216699953577493,0.000971972001670715,0,3.44938083490007,0.0174419805777531,0.00608186597219117,0.0153010192012637,0.000384066787321162,0.0320561910945575,0,0.503750590455602,3.29940866072768,0.928988264087965,0.0320268387741761,1.06933311813524,0.080703109830492,0.00132765036610864,0.012005995168426,0.034288696265329,0.000556355720585152,0.000274642680053517,0.00765113311531579,0.00161815602588799,0.045656741572274,0.152649238973427,0.0533442640220976,0.0172589350994471,0.00519964077673848,0.00257504915289536,0.0106744623785262,0.021451238730907,0.0767307459591346,0.0218310699532441,0.0088925550231686,0.00272971916614582,0.00645710952262103,0.00399554344073794,0.00319463988618277,0.494337004191211,0.0373958251258441,0,0,0,0.00346366708718869,0.000863467202598616,0.0575244180520452,0,0.00124765939328531,0,0.00107903391731664,0.00233837204415548,0.000788333640575456,0.818155872411048,0.00789600340987047,0,0.00376446572910094,0,0.0319923070829679,1.34901480885694,0.186757281947884,0.168684526077884,0.00895322359072639,0.00810583656358822,0.0669876734613069,0.0703003459228913,0.00275169288691757,0.0186048399408522,0,0,0.00218057112410314,0.00978526989678429,0.00142217089443846
0.101193737123165,0.00895618979761494,4.10280794211858,0.000952733674395656,0,0.0200103368665552,0.177205498892745,0.0895650524826087,0.00230889127719765,0.00615346850546974,0.0030156443582135,0.000608467456648831,0.00744213703013479,0.151828183851914,0,3.25084273754928,1.99380005563738,0.00620141544150296,0.0658248221509706,0.00025557516343758,6.59325663241021,0.503750590455602,0,0.216886405578449,0.000961922531154755,0.0878615273299081,1.37972110453125,0.967945254405663,0.330886813699795,0.612850508470911,0.00139940581217554,0.000431849802480569,0.105446655624707,0.230312334639607,0.0844518373085866,1.06442341408982,1.94863304463145,1.99042570387991,0.366836731972307,0.224933048812244,0.0355860720183792,0.00584729509699923,0.0466341199011415,0.0198947861706885,0.00990001451329627,0.015572179444569,0.00277462094625609,0.00229313392213582,0.00118428408580596,0.000678936653462458,0.00338737892507082,0.00603727268267547,0,0,0,0.00100945799874372,0.000244565620588323,0.00247488822903631,0.000134598315095308,0.00505475309378694,0.000400993764410102,0.00103251425914048,0.00060333576545714,0,0.453820355182686,0.000927680473686967,0,0.00163137609719529,0,0.00864974008862176,0.00654024867058041,0.0281465544354768,0.0260450792700524,0.000131409746769132,0.00162192484727157,0.0144547927468741,0.0165424284114689,0.00117841734611811,0.00580244176368517,0,0,0.000132530357233034,0.00279972088461255,0.0394286763535186
0.0446495086930553,0.419246616387225,0.0481740247548794,3.34575876670049,0.000365240839826402,0.519629573608137,0.896348898525794,0.0763144527398169,8.50884598671794,0.578810789575911,0.00676971419919541,1.51083134043341,0.00901297755873557,0.118891125573873,0.0565432060831812,2.51390263271937,0.0302731630841547,0.00261279945314073,0.012941314413414,2.25266155098901,0.108429393233656,3.29940866072768,0.216886405578449,0,0.114788623595442,0.0284554104590242,0.686940263039912,4.14199954597569,0.164393570247939,0.120158303026024,0.00645344818437486,0.00228202779198566,0.0479098661569741,0.0612028460580247,0.0131876025920531,0.261356067082059,0.139797143666833,0.207155993955788,0.0918733413123897,0.121194347080533,0.0069251740303242,0.00251779607496859,0.0551637367205166,0.0220121458890243,0.0902968110886635,0.0310938934434898,0.0541024281824241,0.0184045901661213,0.000613546860399655,0.0466289199513543,0.0406262960429248,0.0193454293476194,0.146418825663687,0.000205724276411302,0.026398284804985,0.111027584614917,0.0458409452394429,0.294957530056514,0.0390579959177712,0.00433753273477408,0.151273187099679,0.000307305095358086,0.0487600116451488,0.00698528955004472,0.100276297170805,0.0112842699776087,0.000530512014537193,0.00428408381186345,0.0292671729974062,0.0262659308281629,0.0900434933571316,0.0407212748368786,1.62664684218721,0.00189506902828282,0.00542497528445861,0.0293593636880673,0.442094918775148,0.0854388016826685,0.0781399983511218,0.000282110339031548,0.000988488839422889,0.00531044766260371,0.0776743973028383,0.00968984204704009
0.000224678144759132,3.52618471518293,0.00353685065234734,0,0.00595203989752974,0.00188296442600981,0.00230772357730725,0.00313616904148137,0.386571821045891,0.00194960523764162,1.42343309360381,0.000155355081350431,6.39993403943164,0.00679742816010406,0.000406054141741802,0.0174228757825421,0.00192655489895875,0.0802775277777944,0.0270204299375487,0.000858204026465414,0.000129460609479244,0.928988264087965,0.000961922531154755,0.114788623595442,0,0.34490873680204,1.87726030596488,0.00234260951094985,0.012062842666529,0.00116647653159654,2.8575507076305,0.00892765180300742,0.00184946370750208,0.227313906109198,0.000802102967854419,0.106040738725276,1.62557475037914,0.568903398896725,0.18633058116781,0.0182474425009343,0.0223971824041126,3.20231771841523,0.0594732693062563,0.533975872471598,0.0504796132317999,0.0130039482960074,0.00143913635553119,0.00256031847321994,0.0567958885650786,0,0.200103976094894,0.00445666153617776,0,0.000309723964107944,0.0013827206152417,0,5.22038810493366e-05,0.0198681501384259,0,0.193361858018879,0.00021048536146522,0.296659269586393,0.000739526508153277,0.000412834294709306,0.00251859436131343,0.00421101712735067,0.0271465337589459,0.0125005780523585,0.00025913184962742,0.000431597468267184,0.102628153606806,0.00193793829525058,0.00692570910674933,0.565964857908602,0.224287493995283,0.136148888310696,0.000194458380195502,0.00247671467348558,0.000332453729770806,0.236034939480342,0.00278158488586932,0,0.0409741932658653,0.00112281453830889
0.016844033092957,0.498763553975953,2.68208702184399,0.000180071955646299,0.00188817889258302,0.00553528212581421,0.0109174941547978,0.0172286658851218,0.0364649166891374,0.00472098349040191,1.45387160118413,0.00153147292900797,0.274559853812294,0.0424966962225765,9.06889564233973e-05,0.0134694478882417,1.40836059997007,0.818792250992829,1.92356055659323,0.00089290832924982,0.00621679432680413,0.0320268387741761,0.0878615273299081,0.0284554104590242,0.34490873680204,0,3.87544142067128,0.0147529416032607,0.0506272395072853,0.0150887436474925,0.518701573916636,0.0103421932171631,0.005399148648176,0.379804008049556,0.00931139932340469,0.187673178306461,2.3787614552062,0.580764938688179,0.137552074208621,0.0233711346473442,0.0130277254088282,0.0578807803941351,0.0273465676071328,0.0771625298721901,0.0370739716582945,0.0120342028845112,0.00189971512622045,0.00183803526597087,0.00161469966057523,0.000124076153068692,0.247859197600795,0.0184913385465546,0,0,0,0.0010086053523529,0.000122118860570462,0.00558299377577055,0,0.0200511387044035,5.84371810681585e-05,0.0360592588792793,0.000932120363116218,0.000293792219943226,0.0050147884092409,0.0146694414727174,0.0231967528860543,0.0700307430168255,0,0.00156943395083953,0.009750865350574,0.00378024331320421,0.00594745360504394,0.144811857693919,0.462916961858378,0.452434658398425,0.00148977159802345,0.000432541892471897,0.000501125700446042,0.0217264692994112,0.00049163812747691,0.000586598307167304,0.0481063795870488,0.00856718357667043
0.00312063613338444,1.64784689276812,2.71845516339399,0,0.00151680179458753,0.00295327078336308,0.0154870237462292,0.00512463414848561,0.397619677525763,0.00139585865557296,0.205594628830016,0.000598171511260538,0.767989620022652,0.0115458838404464,0,1.58060977668145,0.646164408498121,0.136680881346136,0.427430827593528,0.000137645909183817,0.03864573307658,1.06933311813524,1.37972110453125,0.686940263039912,1.87726030596488,3.87544142067128,0,0.14286638610432,0.0171685968326025,0.0121218709970418,0.901848262635928,0.00386278919100095,0.00156276566222191,0.223504999283094,0.021939491057447,0.263513651645555,2.12512707298328,0.528524018354076,0.145167965051281,0.0228484725942565,0.0119993233618798,0.0117238439573732,0.0595859042175614,0.366294878673211,0.10882924513615,0.0412442223472385,0.00416882439978472,0.00763664864457161,0.000868104302761165,0.000956397563000557,0.606291033520612,0.248462501913688,0,0,0,0.00671945295522888,0.00125285309239686,0.013183015573639,0.000192255821876793,0.019897178517184,0.000299036467290353,0.0284933553918683,0.0028250253759668,0.000146173454985015,0.19650261170701,0.0940191056068837,0.0236108570891045,0.127604139717022,0,0.0147595759699518,0.115623399084927,0.211040318917894,0.0368989409242522,0.238801143608891,0.671121322949074,1.38197315960644,0.0212108947420422,0.00128386713474183,0.0022548300056055,0.0243548678379529,0.000156455622929774,0.000565309811264163,0.0955435062315701,0.0209137342526095
0.0366281744406501,0.0111508260251622,0.358240266933904,2.04828106582381,0,0.644494367325416,4.67836155967766,0.0927974412643661,0.593342969905743,1.38080672758307,0.00425480285578999,0.0642589937008328,0.0059021543674723,0.115040906687963,0.00122493375368611,0.477698682938849,0.0614398217827439,0.00317803569456158,0.00835536110271988,0.962245337016446,1.12820889867283,0.080703109830492,0.967945254405663,4.14199954597569,0.00234260951094985,0.0147529416032607,0.14286638610432,0,0.175329370082755,2.15601906820009,0.00100316577056066,0.00151129072914612,0.0959418745879982,0.122094964111589,0.0345349398788401,0.390428683927579,0.142066782840666,0.655740131586499,0.189498078000039,0.151565043111286,0.00862750087450066,0.00304111891575977,0.022158535374431,0.00531808664479277,0.0269334572115004,0.0115235702526283,0.0153785696167428,0.00700574074011234,0.000295522264600835,0.0178320283830803,0.000917828618208213,0.00522727754216406,0.0112717105932591,0,0.00917996284331254,0.0394600042951534,0.0184832224114771,0.0465994765138307,0.0116916974568699,0.00165482688933208,0.0350577843676169,0.0017008893413102,0.016323239779986,0.00103884174579686,0.0170526862111009,0.00148502172113299,0,0.000376238269231606,0.0090258703751739,0.00664350061075299,0.00322493136798959,0.00886799418868942,0.216232838411973,0,0.000329855284512745,0.0047945796127587,0.133149258817979,0.029716264676809,0.0215404741811179,0,0,0.00331874113480408,0.025406577927385,0.012179406053033
0.873979132142343,0.00124561564355177,0.0378277700270884,0.0209266745600226,0.173804291033731,0.225435759688055,0.451244755512865,0.355546618222767,0.0250113541830113,0.147187026150392,0.066198901126524,0.0557300069082938,0.0242939633081047,3.7156517517391,0.0228381693698943,0.0100553174537153,0.261308272955095,0.0209307151673929,0.0690853639670246,0.0287688546040347,0.415649681701586,0.00132765036610864,0.330886813699795,0.164393570247939,0.012062842666529,0.0506272395072853,0.0171685968326025,0.175329370082755,0,2.61633028448344,0.0132737196509464,1.0577966831589,3.20741133029723,2.37204674946623,0.00396465743684958,0.198409562749855,0.140270335685702,1.20459011396608,0.120788620946257,1.01242098285027,0.50768980092541,0.0112812802389858,0.00257323221576925,0.000951148651919934,0.00303445188443325,0.00115395064298083,0.00149033901531399,0.00033933625932119,0,0.000339931569931461,0,0.000360540475096095,0.000122871497503896,0,0.00111661119281359,0.00382516516089979,0.00104430412827492,0.00141248995963655,0.000149235309595456,0.000494498316662977,0.00117116739873724,0.00339433402952537,0.00126343299232862,0,0.000509631460832944,0,0,5.5729140597263e-05,0.000151335220932764,0.000316005918180791,0,0.00019357691278791,0.0161594637778323,0.000327639653446317,0.00135391240894229,0.000688370054352666,0.0119971909955157,0.00282718090197738,0.000873459603957154,0,0,0,0.00182385625989154,0.00123490481368001
