0,0.000872150410207939,0.111212759352478,0.0131339942912571,0,0.0197236738977035,4.34608546270488,0.395675703191033,0.03934396903967,0.00649031064609558,0,0.000145331431238578,0,1.30541763745626,0,0.00284273860209223,0.0174683647810997,0,0.000736814284624162,0.00686467667279123,0.0216878132087041,0.00176261388333327,0.0424918448992717,0.0552177278103376,0,0.0120943389243396,0.0127115284641176,0.0504530393124744,2.27887330796303,1.0819235357518,0,0.00209695258966059,0.0707285234177243,0.0541185231380607,0.000108570591416342,0.0204901254064751,0.0116903958186698,0.0480603204333905,0.0166820466222981,0.00747474059125189,0,0,0.000695219980029546,0,0.000350313280928254,0,0,0,0,0,0.00307580786357006,0.000542188324852366,0,0,0,0.00266563011550065,0,0.0092502320218494,0,0,0,0.000370978054887743,0.000458340288994333,0,0,0,0,0,0,0,0.000290083134666913,0,0.00470981598827325,0,0,3.20090961993974e-05,0.00934938659485287,0.000167476191758748,0.00115538290769562,0,0,0,0,0
0.000872150410207939,0,0.0930491117581162,0,0,0,0.00189137754303706,0,0.36631350539388,0,0.0062624137285595,0.000186293444004816,0.0582111529819645,0,0.000938510024064421,0.574880853081199,0.0361684291224233,0.000747865067282508,0.0041405149663982,0,0.00232572271590781,1.58929207063366,0.0138320503161298,0.156147968467367,3.04766114768731,0.113699552945224,3.3221011249714,0.00466338315063307,0.00223413476674084,0.00160571922340292,0.0111409136002812,0,0.00367787457352424,0.0153940861782589,0.000323692243906285,0.0539881143787567,0.165018545758939,0.091719593513315,0.0441340232509173,0,0,0.00309860753439182,0.00408631789308192,0.000650146072074115,0.0016441780127432,0.00130164202175348,0.000659210946806821,0,0,0,1.7322404247315,0.0025526463520288,0,0,0,0.000339183395942834,0,0.144375387889347,0,6.20669103372851e-05,0,0.0152602971071702,8.16696530117405e-05,0,0.021854480500511,0,0,0,0,0.00147048164617906,1.07849098855823,0.00431842433386513,0.0172764880151753,0.317760906085726,0.0106679705593434,0.11509026575849,0.00365914556833378,6.93840271293708e-05,4.54361631257016e-05,0,0,0,0.00264843451541328,0.000121703266577798
0.111212759352478,0.0930491117581162,0,0.00238263402832913,0,0.000813045811739306,0.342804660745536,0.00270779758957675,0.00426055766147475,0.0014490086917502,0.000590827310590503,0.000232151929870981,0.0021010996598756,0.0105497061768476,0,0.0866351557849062,4.70707977007617,9.08083669102916e-05,0.0235638950618923,0.000806801048401297,0.391007837094039,0.0307832426551921,4.52205707712065,0.0768229800698948,0.000858672970325888,1.64629804213389,3.14840788981808,0.407670572526356,0.037096964571816,0.25104310150595,0.00024516694437555,0,0.0100759252973189,0.0335967538403048,0.00258430500322615,0.205301011182708,0.479657316935303,0.264477886527355,0.127460790891915,7.50862702780441e-05,0,0.00382350445753413,0.0079516077050777,0.000149056010204651,0.00158939623825914,0.0019169395126062,0,0,0,0,0.0183534903493418,0.00184623605560841,0,0,0,0.00134586637464227,0,0.00579375625423216,0,0,0,0,0.0002211785606691,0,0.0126029939326014,9.60335463525627e-05,0,9.52245933451851e-05,0,0.000308239157300988,0.0391035495885755,0.00105252085897122,0.00240608753399347,0.00113410018637271,8.57132161962901e-05,0.00501138138436662,0.00266206184974686,0.000377328146252821,0.000459434406658195,0,0,0,0.000481029839959718,0.00224543929717108
0.0131339942912571,0,0.00238263402832913,0,0,0.101684754497177,0.140695706998657,0.00965341024288389,0.838391945677848,1.66620075988873,0,2.97661064531371,0,0.00230621078899502,0.00551430465219776,0,0.000207205338285183,0,0,18.8583995914844,0.00232133234096115,0,0.000369309494380493,10.6940976161698,0.000148848364974365,0.00012008387794332,0.000510751771044942,3.62360820619558,0.0387267613151589,0.000653208106912704,0,0,0.0126903291564554,0.0314031722279633,0,0.00225982011194137,0.000310033952796232,0.00982587639966796,0.000780363896346277,0.0804691350667278,0,0,0,0,0,0,0,0,0,0,0,0,5.1898441143896,0,0,0.000360701829204566,0,0.000802019345203485,0,0,0.304223853336172,0,0,0,0,0,0,0,0.272302985902781,0,0,0.000104037456752358,0.472620839805579,0,0,0,0.000624455797502586,0.000204426216131098,0.000143314523141074,0,0,0,0,0
0,0,0,0,0,0.000172105096134657,0,0,0.000686140975916676,0,0,0.00087161808105217,0,0,0.000688522929227142,0,0,0,0,0,0.000105275940954181,0,0,0,0,0,0,0,0.00353356645584579,0,0,0.0701368929730179,0,0.0333954857039664,0.0114798012863246,0.000823265065159038,0,0.010641278506483,0,0.0109721669611864,0.7051626367216,0,0,0.000427479573690112,0.000225223675834114,0,0,0,0,0,0,0,0,0,0.000228595414440176,0,0,0,0,0,0,0,0,0,0,0,0,0,0,0,0,0,0,0,0,0,0,0,0,0,0,0,0,0.00122824369080309
0.0197236738977035,0,0.000813045811739306,0.101684754497177,0.000172105096134657,0,0.223239159194306,2.56012060162928,0.0283940789804683,1.75383030188094,0,4.71968082435036,0,0.0150939273405459,0.861008349754497,0.000212368243476813,0.000132567431074957,0,0,0.261921662761075,0.000425858730535742,0,0.000598575965676483,0.091841617896958,0,0.000212475474789336,0.000234000836020683,0.145484238225777,0.1978503140576,0.000633566946329018,0,0.00164708378823815,0.00255886657014929,0.049922328265627,1.10228034951223,0.000708426267692014,0.00296231052506902,0.00582033561252461,0.00118265607835062,0.297803249975378,0.0114433680160408,0,0.000250699472918482,0.000794053281216653,0.00316528646629353,0.000550874625691872,0.000903737721959881,0,0,0,0,0,0.0011927365710916,0,0.0064409446145034,0.00159451574102942,0,0.000248512301577455,0,0,0.00665920870890256,0,0.00054253005003977,0.0100881601186563,0,0,0,0,0,0.000649064980367464,0,0,0.000157326952496486,0,0,2.11953851228658e-05,0.000175725098045685,0,0,0,0,0,0.000332272148125164,0.0686851557336844
4.34608546270488,0.00189137754303706,0.342804660745536,0.140695706998657,0,0.223239159194306,0,0.098326241855354,0.163776025433341,1.1773920109069,5.46345617534667e-05,0.0118205800525089,0.000489787823286314,2.06242257413492,0.0024691435937378,0.00895935019373821,0.0190691880229119,0,5.01790308253011e-05,0.0339564959628332,0.0979679924785782,0.00309967160453117,0.191186745194579,0.778611106491311,0.000157365081089772,0.038240694426673,0.0788274995510306,7.59449067856567,0.332428651935275,2.99907119677416,0,0.00123515951773836,0.06838859203634,0.119770887502515,0.000549020814654654,0.0386949026109151,0.0154594618589363,0.0786945888985978,0.0352374187751538,0.0398546888213713,0,0.000227053733030876,0.00198680553605132,0,0.000271413632144138,0.000216306538917095,0.00012833600034279,0,0,0.00115799367603382,0.000484397805419489,0,0.000295427864458388,0,0,0.00761902928100664,0.000208504475576077,0.0300340200578731,0,0,0,0,0.00243996652335673,0,0.00170949677908676,0,0,0,0,0.000941211310965602,0.00251494637660043,0.000501193657364386,0.0128453701737153,0,0,0.000470811545751512,0.0211428262652517,0.00185416813857584,0.00519818513577065,0,0,9.23296675284712e-05,0.00100816076934961,0.000408637046804246
0.395675703191033,0,0.00270779758957675,0.00965341024288389,0,2.56012060162928,0.098326241855354,0,0.0173199614786485,1.14624762958002,0.000275692817176797,0.018451032831016,0,0.46229716240213,0.000500597584561738,9.73494958394481e-05,0.000737057392448561,0,0,0.0110910657764116,0.000911734000394593,0,0.00127151571158847,0.0301478651342309,0,0.000329803314342965,0.000571812673045242,0.0232597672382493,0.382073461802191,0.00704934321384323,0,0.0860099997337524,0.00218840601015141,0.0533322587541972,0,0.000353236716902447,0.000634499889168062,0.00897614066978754,0.00109644171539991,0.00155592118577759,0.000730115181580927,0,0,0,0,0,0,0,0,7.94652194762921e-05,0,0,8.92930288162322e-05,0,0,0.000960557007342511,0,0.00138692403891659,0,0,0,0,0,0,0,0,0,0,0,0,0,0,0.0013864794297193,0,0,0,0.00287463165812173,0.000257828106491442,0.000330122082834872,0,0,0,0,0
0.03934396903967,0.36631350539388,0.00426055766147475,0.838391945677848,0.000686140975916676,0.0283940789804683,0.163776025433341,0.0173199614786485,0,0.0757837587819042,0.000186819221190028,3.46919536355003,0.000747468409017763,0.00614451435923193,0.178290732912527,0.0698415635728078,0.000225536624552745,0,0.000231537252045874,1.31600672024725,0.00398342397226214,2.04596032515459,0.00491991675294706,8.71619424450895,0.0490023934637885,0.00115142561309935,0.0368410180075716,0.155549635789148,0.0639470143819118,0.0229426127809535,0.000409356148804777,0.000490962533759701,0.0407837438995513,0.046763668379944,0.0559958335933884,0.302738606274744,0.00383073143588083,0.027538667397393,0.0271121980136446,2.90864798229929,0,0,0.0197773690564392,0.00121403133774236,0.0111236762512734,0.025167331830054,0.000848225116613935,0,0,0.0186573278195625,0.162012679216139,0.0030478183617668,0.00963907859368514,0,0.000547507221043977,0.0203986367127333,0.00149716638510097,2.46083808689657,0,0,0.0192205368083399,0.000124508311405079,0.0158928072160702,0,0.150791589360496,0.000593220285741936,0,0.000122771491644756,0.00104711610378874,0.0305291570423929,0.776636963075317,0.0162121815678358,0.700003210338037,0.0174298117712503,0.00071333365179176,0.00901200476012744,0.134509376217811,0.0158523991080575,0.066007328769171,0,0,0.0090317897088584,0.0350579376025702,0.00295786938191368
0.00649031064609558,0,0.0014490086917502,1.66620075988873,0,1.75383030188094,1.1773920109069,1.14624762958002,0.0757837587819042,0,9.17893931491401e-05,2.13084692362409,0,0.00506653412477997,0.00672939212853059,0,0,0,4.53021304475647e-05,7.48262454262246,0.00207163968975772,0,0.000430423487091516,0.546626328410263,0,8.63287162201385e-05,0.000201405341881563,1.37535287840219,0.0774475708856922,0.00116959477723557,0,0.000914205474866885,0.0102790401456885,0.0711109006118896,0.00370538062369498,0.00209633932992542,0.000861123254499616,0.0219259698957994,0.00206288258966793,0.082181755446471,0.000815733493886043,0,0.000122765078873245,0,0,0,0,0,0,0,0,0,0.0159479578457394,0,0,0.000287343575516158,0,0.000943319872037249,0,0,0.00217233544052431,0,0,0,0,0,0,0,0.0063675956115973,0,0.000392618401858558,0,0.000180983593847498,0,0,0,0.000399798437425295,0,0.000332390735111262,0,0,0.000374299229763432,0.000130830359157104,0
0,0.0062624137285595,0.000590827310590503,0,0,0,5.46345617534667e-05,0.000275692817176797,0.000186819221190028,9.17893931491401e-05,0,0,1.12079115460546,0,0,0,0.000520886180439526,0.400936314895758,0.70358097880067,0,3.9885596141675e-05,0.000113705956231239,4.38820957430214e-05,0.000446757612408371,0.08910943625841,0.121225003554911,0.0804225433545668,0.000220340254116321,0.0700948377556048,5.55717289018884e-05,0.0346640459755173,0.0905198950383348,8.93052894926794e-05,0.747605839446974,2.17713713090951e-05,0.00260927614257777,0.636332057830799,0.726137218719457,0.00447382827421441,0.000102952055135164,0.00896320381184227,0.0103055671093804,8.72394574431305e-05,0.000132806923401896,0,6.75178090838481e-05,0.000356377942466093,0,0,0,0.00097267518931915,0,0,0,0,0,0,0,0,0.000153969601471064,0,0.00152284921330659,0,0,0,0,0,0,0,0,0.000797893334384737,0,0,0.0224899238457031,0.00514484347846652,0.00583049537914165,0,0,0,0.000872936736688516,0,0,0,0
0.000145331431238578,0.000186293444004816,0.000232151929870981,2.97661064531371,0.00087161808105217,4.71968082435036,0.0118205800525089,0.018451032831016,3.46919536355003,2.13084692362409,0,0,0,0.00241508590747862,2.10248788116612,0.000318528638136376,0,0,0,12.8686637332612,0.000843762303394609,0.000103603442361272,0.000205567065059813,2.21636775341319,0,0,0.000209458214331354,0.0589554803760986,0.0364576396964229,0.000426235393665988,0,0.000525283891488884,0.0022977512616825,0.0394662150163751,0.838046711945032,0.0213875767326332,0.00289486992136539,0.0110935925841897,0.000668066996301593,1.41493332107655,0,0,0.00147447870159519,0.000483341770910238,0.00148514764322577,0.00137122266589988,0,0,0,0,0,9.52286650383015e-05,0.561573470811383,0,0.00650749620098619,0,0,0.000254112584855189,0,0,1.58020477585452,0,0,0.00594766909323224,0,0,0,0,0.778166200195295,0,0,5.54411461896496e-05,0.156716861734462,0,0,9.40114755460094e-05,0.000602844034186937,5.13930224996222e-05,0.000453994457553838,0,0,0,0.000816797663059863,0.062773554961408
0,0.0582111529819645,0.0021010996598756,0,0,0,0.000489787823286314,0,0.000747468409017763,0,1.12079115460546,0,0,0,0,0.010907387399683,0.000783050170537203,0.00306085692495135,0.016062115207148,0,0.00336364619024593,0.00492411737510525,0.0103472611890677,0.00123738046183988,7.16791402213174,0.533348350601844,0.98401690498095,0.00114119626230999,0.000303991729974127,0.000891586032634119,3.95075044019831,0,0,0.00615322531242986,0.00186366580825805,0.348224945384928,2.11139041513535,0.190128350771665,0.193334800418615,0,0.00020083987461743,0.208455875965898,0.0145537029487353,0.000888403158442095,0.000943989069814327,0,0,0,0,0,0.00695158426475578,0,0,0,0.00054084888743329,0,0,0.000388910725659119,0,0.000569219805151915,0,0.805064066609024,0,0,0.00198041212765185,0.000304713511296208,0.000617433967830497,0,0,0.000431899586367416,0.00281949887694929,0.00068181417998275,0.000202808875030716,0.0439350591052097,0.0163037685501752,0.0151418252481968,9.2047997761413e-05,0,0,0.00158942842537104,0,0,0.000217106223655795,0.000773867252909765
1.30541763745626,0,0.0105497061768476,0.00230621078899502,0,0.0150939273405459,2.06242257413492,0.46229716240213,0.00614451435923193,0.00506653412477997,0,0.00241508590747862,0,0,0,0.000384808739797144,0.00195615899767467,0,0,0.00768284894779747,0.00227768988836903,0.000337952146506025,0.0054418731081514,0.0169949628216942,0,0.00127047287259993,0.00164717220534404,0.0131845670661808,0.696948889003893,0.216219333277335,0,0.000149488548802723,0.00506243449886829,0.019553619493845,0,0.001425398730669,0.00142738595344604,0.00828322071602768,0.00144262599076287,9.56394634314076e-05,0,0,3.9980600094759e-05,0,0,8.06279842304187e-05,0,0,0,0,0,3.27951998775374e-05,0,0,0,0.00100516314115839,3.31606244377168e-05,0.00248047396128359,0,0,0,0,0.00022920112542025,0,0.000206403902465242,0,0,0,0,8.88828743852536e-05,0.000104972662759301,7.42866156711814e-05,0.00232692540744865,0,0,0,0.00275373549031569,0.000312006996186507,7.287433989494e-05,0,0,0,0.000119217847819088,0
0,0.000938510024064421,0,0.00551430465219776,0.000688522929227142,0.861008349754497,0.0024691435937378,0.000500597584561738,0.178290732912527,0.00672939212853059,0,2.10248788116612,0,0,0,0.0013587633198664,0,0,0,0.0374695562965007,0,0,0,0.0054927508836563,0,0,0.000281437859846593,0.00251155302967753,0.000156994543845014,0,0,0,0,0,0.392031441963449,0.000265360454667837,0.00542551318490576,0.00100100561278254,0.00332292778931625,3.88109068376732,0.000661158579993541,0,0.00273206410104905,0.00198486697840455,0.00529062440106712,0.00289435531947732,0.00319220890620302,0,0,0,0,0,0,0,0.00632438438716087,0,0,0,0,0,0.0100705253540999,0,0,0.0199809286919608,0,0,0,0,0,0.000323249178641689,0.000808350670168712,0.000429171628068456,0,0,5.31732146548339e-05,0.000230928238282291,0,0,0,0,0,0,0.00244733793153422,0.0664620753563304
0.00284273860209223,0.574880853081199,0.0866351557849062,0,0,0.000212368243476813,0.00895935019373821,9.73494958394481e-05,0.0698415635728078,0,0,0.000318528638136376,0.010907387399683,0.000384808739797144,0.0013587633198664,0,0.0158272171908951,0,0.000444958064134887,0.000143774396802512,1.30042129309392,8.71525705254486,1.39030136817026,6.61621995450326,0.0462442176162859,0.012074553890928,1.86719993204701,1.22058809199317,0.010915290494606,0.0777329347370527,0,0.00218263979851201,0.00366824388640255,0.0211704913542472,0.00617916400030084,0.985691292475659,0.261890546545949,0.35313238747726,0.737918542110616,0,0.0002775670526339,0.0104349436079571,0.0355088378691289,0.00461737457853471,0.0157557037221949,0.0147762923030449,0.00226757282979586,0,0,0.00174339160114584,0.191409098841655,0.00732476332911973,0,0,0.000132707899380864,0.00052712389427655,0,0.2720119595629,0,0,0,0.00215466096856616,0.000707557533065526,0,4.83963435100224,0.000677543768215585,0,0,0,0.0962884670131592,2.18231661444088,0.0552814324437756,0.12610585713363,0.0228070498075445,0.00179667572388419,0.0550134452601437,0.030420689771429,0.0015371304229306,0.00671677690055331,0,0,0,0.00941481076241871,0.00530210204699867
0.0174683647810997,0.0361684291224233,4.70707977007617,0.000207205338285183,0,0.000132567431074957,0.0190691880229119,0.000737057392448561,0.000225536624552745,0,0.000520886180439526,0,0.000783050170537203,0.00195615899767467,0,0.0158272171908951,0,0.000211078887687168,0.787940081704227,0,0.0166125401168095,0.00303522868219783,3.30789470033717,0.00966576153017499,0.000309244646731852,2.53286527799953,0.352728857960977,0.0168978809093429,0.0301554770781452,0.0287764695486581,0,0,0.00212331231984792,0.0136414041899731,0.000329846755148276,0.0221472069607283,0.128174075164554,0.046644682323733,0.0145216114930311,0.000116876417188157,0.000221118620737273,0.000210221733828772,0.000468754004518909,0.000120899639454497,5.83507086028925e-05,0.0010696558214626,0,0,0,0,0.00142106313802046,0,0,0,0,0,0,0.00253671861250744,0,0,0,0,0.000159940841023561,0,0.00270843915758433,0,0,0,0,0.000249119492008129,0.00264364831830307,0.000191491557807615,0.00058158596092017,0.000113275125514211,0.000141875252645989,0.000317365199725766,0.000687914553101606,0,0.000302155723178764,0,0,0.000244700896569541,0.000192697818014315,3.94883264315683e-05
0,0.000747865067282508,9.08083669102916e-05,0,0,0,0,0,0,0,0.400936314895758,0,0.00306085692495135,0,0,0,0.000211078887687168,0,0.528568288182,0,0,0,0,0,0.00655002300336378,0.63359343121507,0.00999865160364494,0,0.037782330558959,0,0.00130658539797968,0.000504939861647373,0,0.00389862851604185,0,0.000626876176370549,0.0316045527214594,0.0102610449055879,0.000620175433692305,0,0,0,0,0,0,0,0,0,0,0,0,0,0,0,0,0,0,0,0,0,0,0,0,0,0,0,0,0,0,0,0,0,0,0.000273788869153881,0.000465634541272923,0.000302696395618352,0,0,0,0,0,0,0,0
0.000736814284624162,0.0041405149663982,0.0235638950618923,0,0,0,5.01790308253011e-05,0,0.000231537252045874,4.53021304475647e-05,0.70358097880067,0,0.016062115207148,0,0,0.000444958064134887,0.787940081704227,0.528568288182,0,0,7.2343927289293e-05,0.000121586826954066,0.00218114772513385,9.11316181489053e-05,0.0305101771137591,4.3859862020966,0.121961520241944,0.000236297281419515,0.0046798698504162,0.000216658946401604,0.0119929845383485,0.00154596871318771,0.000904551609726825,0.547184399393862,1.55118371213102e-05,0.00745849575439036,0.361282331931861,0.249918054618995,0.0151910351646847,0,0.000721334834156168,0.00104002765448853,0,0,0.000435930501256621,0,0,0,0,0,0.000390950885104373,0,0,0,0,0,0,0.000185869223762205,0,0,0,0.000938871844004454,0,0,0,0,0,0,0,0,0,0,0,0.00653781885247215,0.00116291773270713,0.00135466487820793,0,0,0,0,0,0,0,1.14618061628817e-05
0.00686467667279123,0,0.000806801048401297,18.8583995914844,0,0.261921662761075,0.0339564959628332,0.0110910657764116,1.31600672024725,7.48262454262246,0,12.8686637332612,0,0.00768284894779747,0.0374695562965007,0.000143774396802512,0,0,0,0,0.00163938040166288,0.000137569699819513,0.000350201759286793,2.06610636181549,0,0,0.000262567444883903,0.781645582969662,0.0957057477451581,0.00143927463242576,0,0.00175409778841623,0.0313065816878656,0.124336046369739,0,0.00773561429824246,0.00190570106562004,0.038389528396655,0.00168490253579336,0.334456153466395,0,0,0,0,0,0,0,0,0,0,0,0,1.55396408422394,0,0,0,0,0,0,0,0.543159649119856,0,0,0,0,0,0,0,0.606453996724264,0,0.000759738365492674,0,0.242440964999652,0,0,0,0.000261230820336186,0,0.000456275042032012,0,0,0,0,0
0.0216878132087041,0.00232572271590781,0.391007837094039,0.00232133234096115,0.000105275940954181,0.000425858730535742,0.0979679924785782,0.000911734000394593,0.00398342397226214,0.00207163968975772,3.9885596141675e-05,0.000843762303394609,0.00336364619024593,0.00227768988836903,0,1.30042129309392,0.0166125401168095,0,7.2343927289293e-05,0.00163938040166288,0,0.0141569002427292,10.1671970096332,0.422364916489561,0.00028187622419514,0.0147554020063214,0.184559241018795,5.1967436970188,1.07274115167231,4.80966301493659,0,0.00315685681722137,1.09787770862734,0.881995358949385,0.006077786118555,0.528628722812483,0.109149322204661,0.332952241420061,0.48304008963808,0.000224928713409165,0.000358421774856561,0.00175516529424324,0.0145613434196833,0.000282024457871651,0.0018225749666612,0.00265607782754966,0,0,0,0.00036806550122449,0.00117205926366822,0,0,0,0.000367382659944224,0.000954120981244921,0,0.00743056519283258,0,0,8.99089006276589e-05,0.000405093121387132,0.00032061781067396,0,0.135184470389231,0.000335210001354299,0,0,0,0.0137141752058935,0.0104189102442276,0.000745002670481072,0.00612254688471716,0.000555608080061529,0,0.00124172400706427,0.00738347247674338,0.00026042422999362,0.00189872310972758,0,0,0.000227119600948657,0.00122227159643886,0.00468780158895729
0.00176261388333327,1.58929207063366,0.0307832426551921,0,0,0,0.00309967160453117,0,2.04596032515459,0,0.000113705956231239,0.000103603442361272,0.00492411737510525,0.000337952146506025,0,8.71525705254486,0.00303522868219783,0,0.000121586826954066,0.000137569699819513,0.0141569002427292,0,0.149012566892628,1.44070350556359,0.228785019133851,0.00361701687831799,0.869479627720423,0.0167395008853349,0.00432208583705118,0.00661961423245557,0.00185513262756004,0,0.00483252288121529,0.00619721704399258,0.000624767363462636,0.0725298949044668,0.0394454846879632,0.0484074070356104,0.0679959698311045,0.000128539629785929,0.000301950164796425,0.000326697954897176,0.0150173630728018,0.00180657220923004,0.012498578907028,0.00856734267923867,0.00287079499009088,0,0,0,0.830092383000981,0.00827515178475863,0,0,0,0.000758023732537136,0,0.705461572400233,0,0,0,0.0060473578210034,0.00060920766863074,0,0.194191674397069,0.00242962640435552,0,0,0,0.00584380060290022,2.51540763922018,0.0201859717727607,0.177734850124704,0.0643590990379302,0.00225409683833518,0.0806514968149201,0.0153999343191415,0.00137132238057386,0.00453922167988884,0,0,0,0.00856862546431299,0.000892971970281344
0.0424918448992717,0.0138320503161298,4.52205707712065,0.000369309494380493,0,0.000598575965676483,0.191186745194579,0.00127151571158847,0.00491991675294706,0.000430423487091516,4.38820957430214e-05,0.000205567065059813,0.0103472611890677,0.0054418731081514,0,1.39030136817026,3.30789470033717,0,0.00218114772513385,0.000350201759286793,10.1671970096332,0.149012566892628,0,0.113004359080929,0.00345959011396644,0.20629864680647,2.79474402946501,0.906438091163929,1.25771889575277,0.464000937607411,0,0.000938910715120394,0.343862988978095,0.184614831718055,0.0195806835602235,0.94260539775459,0.502040773605009,0.832202976962381,0.748685262094138,9.49731846967413e-05,0.000282254257908425,0.00720445977900861,0.0471273833202112,0.00249995291559418,0.0079435882857784,0.00939671670696348,0.000696214992911738,0,0,0.000230130748250612,0.0112420586537279,0.00166159824052655,0,0.000271486637878834,0,0.000325861691824226,4.94644593384067e-05,0.0093031430960599,0,0,0.00041640670133327,0.000205415932841107,0.000282908650851626,0.00112502242652707,0.724408148521131,0.000178714464860575,0,3.82618137214148e-05,0,0.0403003369627442,0.0469603326791318,0.00576371657354524,0.00449148350045313,0.00135548879524968,0.000261560413847035,0.00822668431531245,0.0032550974138566,0.000279673297826532,0.000728238193529931,0,0,0,0.000905455655936814,0.0185217972726163
0.0552177278103376,0.156147968467367,0.0768229800698948,10.6940976161698,0,0.091841617896958,0.778611106491311,0.0301478651342309,8.71619424450895,0.546626328410263,0.000446757612408371,2.21636775341319,0.00123738046183988,0.0169949628216942,0.0054927508836563,6.61621995450326,0.00966576153017499,0,9.11316181489053e-05,2.06610636181549,0.422364916489561,1.44070350556359,0.113004359080929,0,0.0213151304642142,0.0141388696842708,0.439544520939718,4.95590786583847,0.312977757737833,0.212524676761751,0.000231617520194714,0.00269526118945856,0.131816104928582,0.172904170373427,0.0018870359409748,0.275833491923729,0.0421915933523828,0.202387737193135,0.1818651219978,0.111755879985831,0.00066024719641535,0.000633780829952184,0.0304405463978563,0.00141604685335319,0.00935210735727071,0.0130528919470489,0.000514747684701449,0,0,0.0211025927593085,0.0361816346216857,0.00247375014395583,0.613412486247691,0,0.000548324429832159,0.0538908043192106,0.00228254351796257,0.997828705176826,0.000172964169305271,0,0.357005885017521,8.23065115721049e-05,0.0279879693734744,0,0.142112169102991,0.000789762320983137,0,0,0.00257705775167666,0.0427080500186853,0.420845188685683,0.0164026606341264,3.37195303099083,0.00430611737147867,0.000731715242220979,0.0100693027169448,0.587252974839359,0.0354371349310601,0.112473354551987,0,0,0.00977360956514809,0.0329096803926025,0.0013596287113067
0,3.04766114768731,0.000858672970325888,0.000148848364974365,0,0,0.000157365081089772,0,0.0490023934637885,0,0.08910943625841,0,7.16791402213174,0,0,0.0462442176162859,0.000309244646731852,0.00655002300336378,0.0305101771137591,0,0.00028187622419514,0.228785019133851,0.00345959011396644,0.0213151304642142,0,0.42898972430603,2.38824751519981,0.000505415617733021,0.000511355315949498,0.000154660549320898,0.54466383908366,0,0.00036218247595407,0.00687147021867655,0.000546916901504936,0.241337623803929,1.87239925983837,0.206332203860167,0.0676918869042275,0,0,0.499150122572937,0.00807917219663918,0.00841277764568687,0.00530894615329838,0.000595442114194149,0,0,0,0,0.577448769429231,0.00182709956283385,0,0,0,0.000224869725493636,0,0.0291547069554341,0,0.00771676677701959,0,0.256865490069413,0,0,0.00342775398842952,0.00016092520898639,0.00478734790291821,0.00184826442732651,0,0.0003181337030877,0.211357640181495,0.00108022168311904,0.0035536868039375,1.33506824596765,0.1331569625671,0.154111507083182,0.000559244092250158,0,0.000277608032168247,0.0202526472347584,0,0,0.00335314991145777,0.000324633511689588
0.0120943389243396,0.113699552945224,1.64629804213389,0.00012008387794332,0,0.000212475474789336,0.038240694426673,0.000329803314342965,0.00115142561309935,8.63287162201385e-05,0.121225003554911,0,0.533348350601844,0.00127047287259993,0,0.012074553890928,2.53286527799953,0.63359343121507,4.3859862020966,0,0.0147554020063214,0.00361701687831799,0.20629864680647,0.0141388696842708,0.42898972430603,0,5.43294728155943,0.0339590055905481,0.00981122285439118,0.0213528742818558,0.32486246308466,0.000490597071085809,0.000577209284505839,0.107741991699006,0.00033985421873803,0.0809038769873111,1.17028116011314,0.303471991813241,0.0377885068171247,0,0.000188697476300889,0.00521506532182226,0.00179609277039185,0.00134539359748483,0.0014793733925364,0.000258405599318598,0,0,0,0,0.00337545613858815,8.26754220597848e-05,0,0,0,0,0,0.000468129845194362,0,0.00144568121725716,0,0.0139742118291823,0,0,0.00149411083873594,0,0.000658751544418537,0.000277091603821784,0,0,0.00173322928930837,0.00014559889696248,0.000416944641616039,0.0844082767321817,0.044780894573434,0.0582054700664362,0.000564000839459727,2.99181502336817e-05,0.000231611218572951,0.00575425835115733,0,0,0.000792950351785307,0.00126736676009213
0.0127115284641176,3.3221011249714,3.14840788981808,0.000510751771044942,0,0.000234000836020683,0.0788274995510306,0.000571812673045242,0.0368410180075716,0.000201405341881563,0.0804225433545668,0.000209458214331354,0.98401690498095,0.00164717220534404,0.000281437859846593,1.86719993204701,0.352728857960977,0.00999865160364494,0.121961520241944,0.000262567444883903,0.184559241018795,0.869479627720423,2.79474402946501,0.439544520939718,2.38824751519981,5.43294728155943,0,0.329266616313021,0.0153451701076159,0.0369232024031572,1.18811174170165,0.000440178441005313,0.00236073116750147,0.163179865989141,0.0100761501319912,0.514217600280614,1.33449357477315,0.905737381197113,0.245343807777917,0,8.35944418930961e-05,0.00772338385181147,0.0282028628387957,0.002772309404813,0.0110706249046822,0.00664714365897813,0.00193071216803456,0,7.664092415882e-05,0.000434541438908749,0.247640639015463,0.00786907720847884,0,0,0.000197240089380651,0.000930492695867952,2.76894369089231e-05,0.0246060274458549,0,0.00312748459660468,0.00016055510789633,0.021485625495665,0.000309015012022296,0.000269787562905212,0.639271920537801,0.00062687627710495,0.000401585156270536,0.000230058579394089,0,0.00271514308306276,0.701230474058542,0.0171454619089355,0.0148082125126993,0.201013652877914,0.0675673295268705,0.280005664881466,0.00612474164951344,0.000227202089450288,0.000680383404855798,0.00484353708174209,0,3.6270352635686e-05,0.00641074476975496,0.0133547758657227
0.0504530393124744,0.00466338315063307,0.407670572526356,3.62360820619558,0,0.145484238225777,7.59449067856567,0.0232597672382493,0.155549635789148,1.37535287840219,0.000220340254116321,0.0589554803760986,0.00114119626230999,0.0131845670661808,0.00251155302967753,1.22058809199317,0.0168978809093429,0,0.000236297281419515,0.781645582969662,5.1967436970188,0.0167395008853349,0.906438091163929,4.95590786583847,0.000505415617733021,0.0339590055905481,0.329266616313021,0,0.15661875347839,2.84836779989987,0,0.00194407821225821,0.0534702128490864,0.107682104415453,0.00222363617319668,0.249396885668162,0.0401660556725556,0.178391486000762,0.168917635839782,0.0271581981368591,0.000650401010889782,0.000316723323383646,0.0088947381589071,0.000159674750884478,0.00193907414911024,0.00221400187701849,7.05710066638576e-05,0,0,0.00368390751968187,0.00178519339181117,0.00073540464291908,0.024691501648145,0,0.000320033814202069,0.0139845917088012,0.000486382105589934,0.0518732299188008,2.52105370746665e-05,0,0.0010155247131111,0.000241696478332599,0.00509099834377395,0.000171442470368235,0.0228030818156878,0.0004110778874617,0,0,0.00299522258314376,0.010649941247568,0.0101036522375181,0.00192060306229642,0.0718061728479265,0.000212056283118774,8.03792671291415e-05,0.00118045336780499,0.0866933518046158,0.00579646273395041,0.0218705191892074,0,0,0.00153443200097921,0.00581384851906757,0.00184080210683535
2.27887330796303,0.00223413476674084,0.037096964571816,0.0387267613151589,0.00353356645584579,0.1978503140576,0.332428651935275,0.382073461802191,0.0639470143819118,0.0774475708856922,0.0700948377556048,0.0364576396964229,0.000303991729974127,0.696948889003893,0.000156994543845014,0.010915290494606,0.0301554770781452,0.037782330558959,0.0046798698504162,0.0957057477451581,1.07274115167231,0.00432208583705118,1.25771889575277,0.312977757737833,0.000511355315949498,0.00981122285439118,0.0153451701076159,0.15661875347839,0,2.78083996402643,6.32152129353171e-05,1.71159098816894,2.76215147169342,4.34295811175906,0.000478664325913068,0.0561111435014251,0.0701000497477374,1.63223038904514,0.11028480016955,0.0216938531596643,0.236471306335227,0.000270729906902117,0.00218468232512464,0,0.000663517983369743,0.00099942774614411,0,0,0,0.00347083624195488,0.000897697154912089,0.000231720091611485,0.000147640521940616,0,6.03821576227737e-05,0.0164680207054396,0.000213057551345725,0.0468381887606483,0,0,0,0,0.00414313759804688,0,0.00280555649124216,9.11069800130053e-05,0,0,5.67212559355133e-05,0.00450210485892271,0.00588264281825842,0.000803835603071453,0.0440207594450721,0.000121567018396558,0,0.000187964687132739,0.0741118322968456,0.00477942189464269,0.012319347937377,0,0,0.00191000404363421,0.00269269655774741,0.000273046511927368
1.0819235357518,0.00160571922340292,0.25104310150595,0.000653208106912704,0,0.000633566946329018,2.99907119677416,0.00704934321384323,0.0229426127809535,0.00116959477723557,5.55717289018884e-05,0.000426235393665988,0.000891586032634119,0.216219333277335,0,0.0777329347370527,0.0287764695486581,0,0.000216658946401604,0.00143927463242576,4.80966301493659,0.00661961423245557,0.464000937607411,0.212524676761751,0.000154660549320898,0.0213528742818558,0.0369232024031572,2.84836779989987,2.78083996402643,0,3.77478515179413e-05,0.00282116437533911,1.26702055393885,0.65436966649448,0.000699156328525599,0.15253900421337,0.02392383799713,0.260541475520148,0.118814571505145,0.00071997244465126,0.00134574891042078,0,0.00540345425908818,9.82272654341228e-05,0.000950872506390753,0.00230177321332069,0.000288281868919601,0,0,0.00303778578428949,0.00208444985502329,0.000582540339214892,0,0,0,0.00908169600500714,0.000192281950372996,0.0290081307079289,0,0,0,0,0.00110962846939166,0,0.00673257055001879,0,0,0,0,0.00358614253366266,0.00534360892016171,0.000911327384763082,0.0289304692431743,0,0,0.000170826603457985,0.0406872718422849,0.00293145518533764,0.0105615439195639,0,0,0.000512335665050277,0.00369687942211337,0.000564814671970816
0,0.0111409136002812,0.00024516694437555,0,0,0,0,0,0.000409356148804777,0,0.0346640459755173,0,3.95075044019831,0,0,0,0,0.00130658539797968,0.0119929845383485,0,0,0.00185513262756004,0,0.000231617520194714,0.54466383908366,0.32486246308466,1.18811174170165,0,6.32152129353171e-05,3.77478515179413e-05,0,0,0,0.0022309292917185,2.17851614303497e-05,0.00464504142117567,0.122302451107141,0.0379870148424272,0.00425296870310938,0,0,0.00778401111542476,9.60510943291189e-05,0.000356010671153199,0,0,0,0,0,0,0.00208026191291501,0,0,0,0,0,0,0,0,0.000677463567618216,0,0.00279848447040166,0,0,0,0,0.000319009965552612,0,0,0,0.000569351684479275,0,5.95322482005987e-05,0.0300563264169555,0.00697319394270894,0.00726095556578491,0,0,0,0.000522343735941974,0,0,0,0
0.00209695258966059,0,0,0,0.0701368929730179,0.00164708378823815,0.00123515951773836,0.0860099997337524,0.000490962533759701,0.000914205474866885,0.0905198950383348,0.000525283891488884,0,0.000149488548802723,0,0.00218263979851201,0,0.000504939861647373,0.00154596871318771,0.00175409778841623,0.00315685681722137,0,0.000938910715120394,0.00269526118945856,0,0.000490597071085809,0.000440178441005313,0.00194407821225821,1.71159098816894,0.00282116437533911,0,0,0.00524812733619504,2.63792740948285,0,0.00248648143224107,0.0183843915998374,0.453351492156439,0.0279420554927294,0.0361176080005001,1.66472316027754,0,0,0,0,0.00028946814219539,0,0,0,0,0.000542021297256237,0,0,0,0,0,0,0.000751447690606519,0,0,0,0,0,0,0.000599760631101731,0,0,0,0,7.78965566353975e-05,0.000344770712471052,0,0.000714928644146625,0,0.000160901656632628,0,0.000105214170594047,0,0.000171605837791748,0,0,0,0,0
0.0707285234177243,0.00367787457352424,0.0100759252973189,0.0126903291564554,0,0.00255886657014929,0.06838859203634,0.00218840601015141,0.0407837438995513,0.0102790401456885,8.93052894926794e-05,0.0022977512616825,0,0.00506243449886829,0,0.00366824388640255,0.00212331231984792,0,0.000904551609726825,0.0313065816878656,1.09787770862734,0.00483252288121529,0.343862988978095,0.131816104928582,0.00036218247595407,0.000577209284505839,0.00236073116750147,0.0534702128490864,2.76215147169342,1.26702055393885,0,0.00524812733619504,0,1.0570978998375,0,0.0343286526847588,0.0121723398108839,0.642600364194761,0.11667191805658,0.00219539125392123,0.000414522658893537,0,0.00218334939383811,0,0.000561022014432394,0.00017530162527496,0,0,0,0.00850710542569,0,0.000369850424398542,0.000328750067271762,0,0,0.00432074972988583,0.000691609745446266,0.0217460170586052,0,0,0,0,0.0017151289653228,0,0.00160342483937041,0,0,0,0,0.000397491023027994,0.00345715499157487,0.000383039494541875,0.0147148874670125,0,0.000263154313247263,0.000232164298777672,0.0186335290542682,0.00166623722103906,0.00659129487720702,0,0,0.00119558989060559,0.00300539569273195,0
0.0541185231380607,0.0153940861782589,0.0335967538403048,0.0314031722279633,0.0333954857039664,0.049922328265627,0.119770887502515,0.0533322587541972,0.046763668379944,0.0711109006118896,0.747605839446974,0.0394662150163751,0.00615322531242986,0.019553619493845,0,0.0211704913542472,0.0136414041899731,0.00389862851604185,0.547184399393862,0.124336046369739,0.881995358949385,0.00619721704399258,0.184614831718055,0.172904170373427,0.00687147021867655,0.107741991699006,0.163179865989141,0.107682104415453,4.34295811175906,0.65436966649448,0.0022309292917185,2.63792740948285,1.0570978998375,0,0.000165599344740159,0.102770847957539,0.83508747289663,7.30969086788384,0.333794977104012,0.18449131806852,0.790779714800896,0.00113611568502836,0.00138521864550885,8.3003795308163e-05,0.000990579956579541,0.000516281757780995,0,0,0,0.00236630151138466,0.0037318731130435,0.000243421046095022,0.000735001949928496,0,0,0.0120537688748747,0.000282241465175892,0.0450466553792738,0,0,0,0.000553147872883067,0.00095716948516704,0,0.00508200875219595,0,0,0,0,0.00265882203673218,0.0049986867647453,0.000542310346075142,0.0265348954100022,0.0023748540656195,0.000838984341766861,0.00115544054681952,0.0406335863477491,0.00248127288475271,0.00541503571294077,0,0,0.00183568585618589,0.00153582998518821,0.000592405707123561
0.000108570591416342,0.000323692243906285,0.00258430500322615,0,0.0114798012863246,1.10228034951223,0.000549020814654654,0,0.0559958335933884,0.00370538062369498,2.17713713090951e-05,0.838046711945032,0.00186366580825805,0,0.392031441963449,0.00617916400030084,0.000329846755148276,0,1.55118371213102e-05,0,0.006077786118555,0.000624767363462636,0.0195806835602235,0.0018870359409748,0.000546916901504936,0.00033985421873803,0.0100761501319912,0.00222363617319668,0.000478664325913068,0.000699156328525599,2.17851614303497e-05,0,0,0.000165599344740159,0,0.0860563491489817,0.0861588347528164,0.0144018518140923,0.0178012832495488,6.34415002010794e-05,0,0.00199622974407951,0.0416522363022134,0.020770544465052,0.0455402469993439,0.0222159011591228,0.0295413579637057,0,0,1.20135105241458e-05,0.000336835581023059,0.00155739304416568,0,0.000252557718690674,0.0552539944212078,0.000369447635292354,7.45374281181845e-05,0.0112391785117665,0,0.000351722583773753,0.0764385246664133,4.9305311957185e-05,0.000141164000522355,0.0415014628957321,0.00113518277813719,0.000460745443512402,9.65471835878695e-06,0.000231090304770903,0,0.00413513988116359,0.00154524504055445,0.0146513910889302,0.000177202880110486,5.23152134295846e-05,0.000634399958596376,0.00562854637874749,0.00128329088095678,0.000146649627348785,0.000585984776504156,2.33223539535019e-05,0,0,0.016285831490223,2.70812219165317
0.0204901254064751,0.0539881143787567,0.205301011182708,0.00225982011194137,0.000823265065159038,0.000708426267692014,0.0386949026109151,0.000353236716902447,0.302738606274744,0.00209633932992542,0.00260927614257777,0.0213875767326332,0.348224945384928,0.001425398730669,0.000265360454667837,0.985691292475659,0.0221472069607283,0.000626876176370549,0.00745849575439036,0.00773561429824246,0.528628722812483,0.0725298949044668,0.94260539775459,0.275833491923729,0.241337623803929,0.0809038769873111,0.514217600280614,0.249396885668162,0.0561111435014251,0.15253900421337,0.00464504142117567,0.00248648143224107,0.0343286526847588,0.102770847957539,0.0860563491489817,0,6.19717156372107,0.866507025347449,1.54288678330014,3.33392564850733,0.00142478380238908,0.391879711662452,0.644808669632438,0.0543792711726337,0.0644870854002661,0.0453612215822409,0.00642536953678315,0,0,0.00143228605391754,0.0161358445552951,0.0033130962099787,0,0,0.00170104332342248,0.00667764920714935,0,0.0487022958766522,0,0.000548603342683907,0.00177832544515731,0.0127156536444751,0.00171350852990266,0.00340806853347861,0.131874928908122,0.000665040566666192,6.18677636585498e-05,0.000575113447502078,0,0.0183639943196542,0.0560829955116803,0.0275452948928924,0.0345471828501367,0.00337342271139903,0.00232648954032497,0.0130995341547078,0.0389836247688257,0.00211401098327095,0.00903345005587416,0.000776885324701476,0,9.18266515242986e-05,0.0308334215116477,0.0509705420923087
