0,0.00217864970389701,0.0997311287742983,0.00992780725064684,0,0.0152016898715279,0.725733170136456,0.166901942917561,0.0053197921881622,0.073888163813998,0.0184337617221259,0.00394736108971191,0.00177103453028047,2.13042712972831,0.000734207912262294,0.000789672697398521,0.132101734000871,0.00190778215355706,0.0174770225089423,0.0125156680425388,0.0223208410893437,0.00290516447801338,0.08514209214542,0.0059154839825483,0.002398013328038,0.0325189845660323,0.0168500744722621,0.0409334712077289,0.670446194261318,0.140652934689037,0.00047265989701023,0.0125812962341796,0.0133814311030817,0.0793035562510547,0.000139376884463882,0.0181399056692764,0.0088104622588453,0.10163461572432,0.0127942414485942,0.00424553769248322,0.0117474181897285,0.00133560837078915,0,0.00120456901364286,0.000204882136364556,0.000135926015391689,0.000132688555467429,0,0,0,0.000930961528986367,0,0,0,0.000361357852756844,0,0,0,0,0,0.000253625194486568,0.000710946591082305,0,0,0,0,0,0.000238799330680037,0,0,0.00068335213702066,0,0.000112160642963606,0.00150931055243738,0.00013277330359069,0.000708025565038078,0.000128247762195187,0,0,0,0,0,0.000211046131716741,0
0.00217864970389701,0,0.00250586555730795,0.000817566041854536,0.00127128150123942,0.000665031808197641,0.00104730055086334,0.000990229057446018,0.602714595312537,0.00194055333049244,0.0590631066076794,0.00177089650001252,0.34664372033285,0.00234207914658209,0,0.108008440728574,0.149899245473133,0.00541811856923544,0.150283107358641,0.00397782109462143,0.0011452524239654,2.27987254633332,0.0166382844807707,0.076046748868536,1.2165050269494,0.0228830430977585,0.543467218510706,0.0035262520759103,0.00219610780759415,0.000567866027270757,0.162208640927121,0.00124842598242336,0,0.0518677554963882,0.000558906712295748,0.0532806859046464,0.243096596422546,0.252949230548222,0.0622182845461139,0.00542439414462072,0.00046964241490394,0.115683320822809,0.00102398841023422,0.0402300185855535,0.00935636090490782,0.0076570234468068,0,0,0.00212030493843313,0,1.19416959594453,0,0,0,0,4.54567785037607e-05,0,0.000316454229922474,0,0.00572953780418599,0,0.0833625605677014,0,0,0.000614139571575304,0.00813759566870963,0.00334203437335731,0.0137089579314979,0,8.98646530513927e-05,0.0434321067293777,0.000197806086491307,0.000221227363818173,0.101946356107345,0.00488743673420853,0.0201184123521333,0.000143753592071168,0,0,0.00482304173077277,0,0,0.000774998119373999,0.000883388541144219
0.0997311287742983,0.00250586555730795,0,0.00014612394295746,0,0.0132931523872206,0.192803330697854,0.050570167828748,0.00342720778343951,0.0128020399434916,0.00490621308771559,0.000792051326894307,0.000528188060459684,0.134331068891761,0.000614260502772351,0.00618989308388972,1.5031734189278,0.023706240306379,0.0489970720124923,0.000798348949756165,0.514822237727059,0.00340588167129528,3.24836237878191,0.00698494191026621,0.000287942068538296,1.18809155192479,2.25606494362023,0.271721740762844,0.0577029343328247,0.114928045937117,0.000926468764876159,0.00487682513175582,0.00789077161421875,0.0425642779450031,0.000766392357272496,0.0616829208973705,0.0529954458026915,0.116979352424256,0.0201884960713331,0.00091719513374528,0.00200726979051448,0.000883936058953608,0.000383440839770969,0.000207104465553632,0,0.000304494238776279,0,0,0,0,0.00023758924677833,0,0,0,0,0,0,0,0,0,0,0.000235107294830892,0,0,0.000229677473653177,0,0,8.02561343568294e-05,0,0,0.000199582888366695,0,0,0,0,0.000387891781289987,0,0,0,0,0,0,0,0.000523077262201844
0.00992780725064684,0.000817566041854536,0.00014612394295746,0,0.00193352932063351,0.0625289764151675,0.029192667650766,0.0303977048646574,0.72795357918671,1.2652209691411,0.0103854280403746,1.04617372782988,0.00146767537068521,0.0274499618441093,0.0466075161297151,0,0.00107473277516214,0.000183994387009803,0.00198586363824451,8.39500504902606,0.000255256444453181,0.00122523656299005,8.97435046547084e-05,1.43302640302817,0.00196625054554237,0.00183760045872821,0.00133145896027468,1.3517235216291,0.0272751378246237,0.000186149532957614,0.000456184739716114,0.0210626662451611,0.000148694187408474,0.0298567758293375,0.000125047949858311,0.0372829419992687,0.00609194104220025,0.106896715667721,0.0133055180954795,0.0310416337599093,0.00837629560502063,0.000613372207665629,0,0.000159595659194982,0.00146321818897166,0.000108553699215246,0.0112839905110327,0.000200173026255976,0,0,0.000190446231365222,0,0.565556370550539,0.000235751707013121,0.00605981499579016,0.00103312915395017,0.000340853859433039,0.0147456210959443,0.03446747763435,0.000535754710543859,0.0146080123623653,0.000708737019007332,0.000906437645467717,0.0113233095787958,0,0.000120244464178722,0,0,0.0108702770599058,8.94194647095212e-05,0,0,0.041427610314045,0.000489862298680949,0,7.35458770074193e-05,0.0110957559445759,0.000382047630419302,0,0,0.000828904916871362,0,0.000261667842929058,5.63174001808704e-05
0,0.00127128150123942,0,0.00193352932063351,0,0.630045074966289,0.000848462733696823,0.0719812460593952,0.373016292712068,0.00140602363007006,0.00438005049055976,0.0200239756573959,0.00153668756062588,0.000392434727355294,0.785514482843185,0.000280379033220151,0,0,0,0.00356169713590297,0.000202515595838651,0.00209239468009988,0.000176883846195165,0.0228615157895316,0.00169387314558478,3.91005601373226e-05,0.000731003435673586,0.000333940130703633,0.000604158420351338,0,0,0.408492443174982,0,0.0316053073503866,0.00052016761637499,0.00265615395630902,0.00247498759245284,0.0175890360657068,0.0113752254836602,3.51094312744003,5.13628401537492,0.00229759513948432,0,0,0.000442603687923194,0.000392764544166027,0.0111359528350697,0.000188313074152617,0,0,0,0,0.00076393671781967,0.000518722679663294,0.00112261663801315,0.000129848096355268,0.000541322810514541,0.00524156804130801,0.00103390861226002,0,0.00326345626918957,0,0.000157005184801894,0.00792625865974008,0,0,0,0,0.000676606445673168,0,0,0,0.00113751569550194,0,0,0,0.000726253705672622,0.000180109788077421,0,0,0.000564175658277509,0,0.00019008881202957,0.00156139318449549
0.0152016898715279,0.000665031808197641,0.0132931523872206,0.0625289764151675,0.630045074966289,0,0.341380900859501,2.52745957729752,0.205885254865068,1.30582360075856,0.0325992186566391,1.23055452112604,0.00466824491259897,0.0519987037078294,0.278151042173125,0.000295960455833479,0.00445746644822873,0.00041812648688172,0.00157090141032844,0.227158674818906,0.00339929178333969,0.00108636995211476,0.00608373109925322,0.0943094716206521,0.00287456119571006,0.00688588150839256,0.00373413428304045,0.198443058974367,0.0423943376650711,0.00202123253096103,0.000269318403286086,0.515214073376866,0.00093014160725866,0.0267105476698421,0.645279226745752,0.0394849772996133,0.0137626811645022,0.153080865453267,0.03296509988812,0.687507794846422,0.331500955042522,0.00559549217217342,0.000159948357813665,0.000353412834934439,0.00161575592949644,0.00180438119889093,0.0190078180741129,0.000668748456753149,0.000162407295346598,0,0,0,0.00216787129802837,0.00164427670290482,0.00571262514083746,0.00111651347013417,0.00142456181796982,0.0115776286733072,0.00773653009280814,0.000191278386271311,0.0100585345110139,0.000514624407100883,0.000546241299098164,0.00937278616781189,9.98487151624133e-05,0,5.40689902281183e-05,5.73632672055393e-05,0.00254094843740152,0.000106834956454801,0,0.000112672205613686,0.0306899256338618,0.000433507307562421,0.000162192931204425,9.15206434784488e-05,0.00879246159682595,0.000654381548592044,3.75567795746414e-05,0,0.000567396512610636,0,0.000415169143571116,0.000548302014374206
0.725733170136456,0.00104730055086334,0.192803330697854,0.029192667650766,0.000848462733696823,0.341380900859501,0,0.522671962342466,0.0310179326794472,1.99028814957506,0.0218928899313836,0.021064039092152,0.00720513917108904,1.67255466468304,0.00447264051836923,0.00270792588613798,0.0549104416444607,0.00278044303079016,0.00667697006992982,0.00911552670917223,0.0827060505208264,0.00476404965974185,0.157873723475505,0.0820359636287031,0.00225768656025208,0.057057914119874,0.0301206053650205,2.959003113631,0.196889372744302,1.42116710800402,0.000220144719636524,0.0207648754913608,0.00814417304758903,0.105324158727539,0.0024609621869018,0.161661163686155,0.016255314170319,0.21968117670365,0.0479805428635605,0.0185898066572584,0.0171592475565093,0.0027097711598535,0.000156952220875983,0.000548034076556236,0.000537755419436894,0.000322224546819381,0.000867514934006552,7.67388386187576e-05,0,0,0.000307990193165728,0,0.000319308732628764,0.000166881357625936,0.000143830115646126,2.9749627210484e-05,0.000130137762023453,0.000672616675021825,0.000572989369280169,0,0.00180198575399082,0.000872652743919286,3.18490933940241e-05,0.000606074694120922,0.000188039548214321,0,0.000168496540330899,0,0.000374852030226192,0,0.000722308669393072,0,0.00214741510282831,0.000692733769890543,0.000252121029856202,0.000900101259581055,0.00033448641832068,8.73200733354285e-05,0,0,0.000131373032680787,0,6.45496758782203e-05,0.000720194736552418
0.166901942917561,0.000990229057446018,0.050570167828748,0.0303977048646574,0.0719812460593952,2.52745957729752,0.522671962342466,0,0.0206178948368223,0.727628936035463,0.0753129650712751,0.0797750226537502,0.00714568603847903,3.10209210848991,0.0465561894091502,0.000268984615372728,0.0252081566835483,0.00134974891778066,0.00577588422060964,0.0887335563632473,0.0137416478810733,0.00226232485731833,0.0424909595267032,0.0180880488921206,0.00188337609354655,0.0215544213384401,0.0153627532323585,0.0898334963737207,0.152633386930459,0.0234649654575629,0.000365278763572617,0.26738471058589,0.00269334552613944,0.0545593937087944,0.0672135425818603,0.0352518959401153,0.0227084305759276,0.215326424806459,0.0228404682707225,0.313478092718501,0.0927899387325397,0.0072263263634752,0.000119678400440163,0.0010809866098815,0.0010248988044289,0.000657750309904258,0.00211394727145029,9.68680151116263e-05,0,0,0.000311093099280022,0,0.000380131038261372,0,0.000487954801050189,0.000229587428537373,8.20409548564173e-05,0.000867082013027287,0.000973243309668475,0,0.00100017552479574,0.000515029786998319,2.30065150854048e-05,0.00116191574377232,0,0,0.000499522947759241,0.000140849997487944,0.000321264729927022,0,0.00090062212257271,0,0.00307229965465488,0.000880267006240213,0.00033283049885181,0.000696672829267622,0.000571077839963445,0.000241797973151905,0,0.000381644853351178,5.1129408134511e-05,0,7.45625065582626e-05,4.0256205941724e-05
0.0053197921881622,0.602714595312537,0.00342720778343951,0.72795357918671,0.373016292712068,0.205885254865068,0.0310179326794472,0.0206178948368223,0,0.643778809328053,0.0228549583942368,1.0825551516262,0.145834804173746,0.012647940976582,0.750134875139212,0.0755459957936468,0.0241400474717851,0.00159524517801003,0.0236454326410209,0.476318067881098,0.00898894557745408,2.98099986244462,0.00927457956811961,8.88422542270005,0.221531788983115,0.0108455559281999,0.15968268257901,1.03357138994623,0.0539109662772208,0.0303110788551682,0.0816510797067664,0.0118019220416113,0.0920727556583363,0.120188118762962,0.00285151061859754,0.169090117712396,0.0431364467506233,0.190786329142089,0.0781246649180986,1.56597703400527,0.014346181510551,0.012863310274997,0.0246018067413546,0.00518825053181224,0.0264913838368985,0.0161007469322588,0.154825530890391,0.00420909201643633,0.0016176060353778,0.00391886356162384,0.00368966068469076,0,0.0505447214035323,0.0121162437998471,0.056089869834687,0.0126175133365774,0.00989901539287681,2.31769926461117,0.130421414752788,0.00192170180762581,0.120907581214894,0.0202076769763955,0.00845793932622037,0.137714428079908,0.0221221436603306,0.000570284760310338,0.000487021378221056,0,0.0558074334604185,0.0116681375649288,0.0105758650395136,0.00377448597156233,0.631835841817386,0.0151477669756954,0.000260568498684339,0.00105100810202658,0.345423278512524,0.0184944811686469,0.00161197702251187,0,0.0135402304599629,0.00246834281008984,0.0107098064915495,0.00101257689551282
0.073888163813998,0.00194055333049244,0.0128020399434916,1.2652209691411,0.00140602363007006,1.30582360075856,1.99028814957506,0.727628936035463,0.643778809328053,0,0.0299037325759835,0.608620822197628,0.00669876119381056,0.249113442300675,0.0082975859823301,0,0.00422092578513437,0.000717056063898262,0.00257798851648006,1.77583586466464,0.00486721951313067,0.000863921962423879,0.00582246758975168,0.415609638063542,0.00406676725239777,0.00802596124294339,0.00639351659506127,1.0126349665218,0.133119340137021,0.00238463828169982,8.06553937022342e-05,0.030722587718943,0.00109933277100431,0.101945981239553,0.000378319589117741,0.146639443062713,0.0151524546144719,0.264383540352598,0.0380464590655375,0.0448646769866776,0.0241825422949336,0.00278491036170741,0.000344858480046003,0.000299647083805293,0.00240156980853912,0.000791148127460348,0.010895802255901,0.000277332167288747,0.000158312790555913,0,0.000809199318097706,0,0.00444078764114167,0.000211444622663735,0.00593561791809926,0.00256315612650227,0.00102096131730824,0.00985324852143808,0.0254129486090219,0.000349137621088232,0.0171448858041077,0.00248742136193629,0.000291797944461269,0.00714330363287082,0.000240096779068819,0,0.000130616533698829,0.000106233673124242,0.00485182868600737,0,0.000198729750334786,0,0.106201124411324,0.000435308421507766,0.000330440848250476,0.000382297968788813,0.0262167423015445,0.00103212970189784,7.91714625202418e-05,0.000512709533141168,0.000625830829768598,0,0.000215592757486871,0.000272572535799141
0.0184337617221259,0.0590631066076794,0.00490621308771559,0.0103854280403746,0.00438005049055976,0.0325992186566391,0.0218928899313836,0.0753129650712751,0.0228549583942368,0.0299037325759835,0,0.0353475169231797,1.79184305610827,0.0884724271425918,0.00705333441008791,0.00312792542328462,0.217877234116496,2.54862307868283,0.934626157837204,0.053055681840481,0.00236021406480672,0.0339872584784787,0.00689806552335191,0.00499364835478963,0.116624463686088,0.863800514073539,0.0508131111793761,0.00825087051458583,0.275277035651431,0.00305089283502069,0.339917640723903,0.270990876524076,0.00104610065497301,1.09554737824956,8.2449823797699e-06,0.0108571881154038,0.956660408470399,0.806873677094765,0.0115341682895171,0.0317752022054981,0.00558722091269335,0.186589838320737,0,0.0115731818671661,0.00110116727607882,0.000421480407360098,0.000969124110349054,0,0,0,0.0168481987273261,0,0,0,0.000231212289939113,0,0,0.00102994427038186,0.000150304212246502,0.0272023105781998,0.000547563614877734,0.0843254717826957,0.000165642629881117,0.000735787135833303,0,8.44034778712879e-05,0.00183306228188071,0.000101168188399755,0.000240911088013149,0,0.00223637496709492,0,0.000516927559672684,0.0937044981383787,0.00180708670578969,0.00240136358556969,0.000286179951401091,0,3.44304326921783e-05,0.0136090270783424,0,0,0.000293957435651087,2.06910972053113e-05
0.00394736108971191,0.00177089650001252,0.000792051326894307,1.04617372782988,0.0200239756573959,1.23055452112604,0.021064039092152,0.0797750226537502,1.0825551516262,0.608620822197628,0.0353475169231797,0,0.00274280087630366,0.0356888774511177,0.91581609615402,8.60521657090919e-05,0.000933676465233485,0,0.0016810976800031,8.16378251065084,5.30725603366429e-05,0.000110335278875566,0.000153895792497874,0.325521008012724,0.00263907885330826,0.00275753636074305,0.00282545139814952,0.0989480641155079,0.0416014067845285,0.000127888668865594,0.00028510664246835,0.0467889413669835,0,0.0372795160491477,0.445439359768137,0.0240483258437975,0.0129113773349133,0.17535242264039,0.0150935286329867,0.445865571857487,0.0143450523397139,0.00473022145566033,0.00132581094248778,0.0010800772668107,0.00523794693765877,0.000405699396330192,0.0617096563602543,0.000613504229482129,0,0,0.000346257188708811,0,0.00562259723477194,0.00314562786663276,0.0171934334796974,0.00154381340060915,0.00329014151527448,0.0307866834529663,0.0212877336869087,0.00079313694351402,0.0413031583226504,0.000732192348824987,0.00176030537754685,0.0414813263496901,0,0,0.000190572077112463,0,0.022718022322526,0,0,0,0.0461755380133928,0.000386694123192866,0.000201801445022523,0.000280370180083015,0.0117640223827331,0.00354835466979958,0,0,0.00252219691888008,0,0.000222125666294176,0.00395563669992281
0.00177103453028047,0.34664372033285,0.000528188060459684,0.00146767537068521,0.00153668756062588,0.00466824491259897,0.00720513917108904,0.00714568603847903,0.145834804173746,0.00669876119381056,1.79184305610827,0.00274280087630366,0,0.00477992230244774,0.00202638304282606,0.0163339556604335,0.0027873356495133,0.0121383615639075,0.0110982267293876,0.00863941335129847,0.00794263792511353,0.26148217618368,0.0108131497578544,0.0194148206789445,1.59441865759779,0.143435704813735,1.27512091298118,0.0120786683052531,0.0259259835618094,0.000945830104647808,0.869265112631514,0.0545093524622987,0.00255236560193456,0.293241713493499,0.00118543028965348,0.696265245219834,0.343097925145769,0.247742331316387,0.541923996949091,0.0937945917333894,0.605943582144769,0.244827899846839,0.0159103103677701,0.0532773472140974,0.024697279604694,0.0254292807471895,0.0175609148651663,0.0303498655209939,0.00151533677131259,0,0.0566174194163005,0,0,0,6.08958470952434e-05,0.00025319438985352,7.46880890888832e-05,0.00377177940775139,0.000264513224313367,0.15774921615253,0.000150135641015259,0.632472441248467,0.000365345524645328,8.14101590085716e-05,0.000221339311873743,0.000104966351181998,0.0123135353560873,0.000284274210229446,0.000197912165419285,0.000332441635275127,0.0128003412539765,3.27450379572578e-05,0.000116312286025244,0.624267197183598,0.0268866098739123,0.0145774381402272,0.000332306568151883,0.000179249646773389,0,0.139550243933834,0.00222355540187208,0,0.00230069300326969,0.000661246932713778
2.13042712972831,0.00234207914658209,0.134331068891761,0.0274499618441093,0.000392434727355294,0.0519987037078294,1.67255466468304,3.10209210848991,0.012647940976582,0.249113442300675,0.0884724271425918,0.0356888774511177,0.00477992230244774,0,0.00450207382138263,0.00068321544588486,0.144564638294685,0.0016995755007094,0.0202959363419078,0.0679713064379061,0.039666049485634,0.00386809207897699,0.155876138483593,0.0108040410489682,0.00444685859885452,0.0587675985976061,0.0365327870924281,0.0971762932126236,1.45039318466685,0.134640501352219,0.000982565888245844,0.157538160445868,0.0121802509058779,0.14508509513805,8.44659556346883e-05,0.0257839807150725,0.0228058261526997,0.201336820874033,0.00879456725020667,0.0334650444456306,0.00714132984842973,0.00307481743123284,0,0.00101921218356287,0.000899885331975551,0.000378463311715746,0.000705825628845545,0,0,0,0.000930547958269275,0,0,0,5.76385022403418e-05,0,0,0.000378187740930028,0.000230719760349329,0,0.000385279844926057,0.000469806555759986,2.10037330797745e-05,0.000420152623336234,0,0,0.000380980899840191,0,0.000353798741632425,0,0.0012260677713236,0,0.00125571205174273,0.00152966255421812,0.000230068979705943,0.00187333681859701,0.00026409944425509,0.0001841803028442,0,0.0002073324387052,9.46303206791708e-05,0,4.48578589460594e-05,0.000117615775469927
0.000734207912262294,0,0.000614260502772351,0.0466075161297151,0.785514482843185,0.278151042173125,0.00447264051836923,0.0465561894091502,0.750134875139212,0.0082975859823301,0.00705333441008791,0.91581609615402,0.00202638304282606,0.00450207382138263,0,0,0.000356305576883885,0,0.000602165072890241,0.10542163844148,0.000102960295488206,0.000696815315203349,7.05191235106321e-05,0.0357303357394108,0.00122177124874413,0.000214742900971662,0.000995331998252555,0.00319693584300418,0.00499171782319203,0,0,0.046218357550219,0,0.00484516129125165,0.0823463690120308,0.00617667955884302,0.00268214253621883,0.0328698539311015,0.00972340479092467,1.28833033526496,0.0482395847217972,0.0020609995278804,0.000121626469635129,0.00175746236195733,0.000785656728215255,0.00015056509798524,0.0111931217182759,0.000365033791840746,0,0,0,0,0,0.000955254002762796,0.00102446162084466,0.00026727291610126,0.000556477599617731,0.00332048771277848,0.00171940301530938,0,0.00380727066202954,0,0.000137871804469574,0.0104855568145521,0,0,0,0,0.00145460549631195,0,0,0,0.00179502737732816,0.000293252304596564,0,0,0.000337534659863922,0.00030199163026418,0,0,0.000560334562398346,0,0,0.00181629793719347
0.000789672697398521,0.108008440728574,0.00618989308388972,0,0.000280379033220151,0.000295960455833479,0.00270792588613798,0.000268984615372728,0.0755459957936468,0,0.00312792542328462,8.60521657090919e-05,0.0163339556604335,0.00068321544588486,0,0,0.0621814965364551,0.000503267857084593,0.00946972113733542,0,0.634571645667588,6.24298094508438,1.85047254645924,0.896165583006115,0.0232054959023642,0.0108089213220623,0.963880723786139,0.308921361204558,0.00118861128958278,0.0146225378401467,0.00473489213373125,0,0.00126387273352675,0.0304751325150936,0.00415573753569649,0.121868941868582,0.100666944764509,0.230106243425679,0.0531752988068118,0.00268505076985591,0.000750255055139868,0.00096113366516587,0.00158994262302935,0.000440960580408698,0,0.000579410932366284,0,0,0,0,0.0033911088719835,0,0,0,0,6.74898662339149e-05,0,0.000595082280744601,0,0.000376421037991308,0,0.00148489214782783,0,0,0.147341941119907,0.000777254985211306,0,0.000295862764114793,0,0.00426426194664169,0.331386976572615,0.0144332815145534,0.00240156638058845,0.000131330139899238,0.000405820132886474,0.0170839511278071,0.00278449926120189,0,6.6204345051989e-05,0,0,0,0,0.00183359772992683
0.132101734000871,0.149899245473133,1.5031734189278,0.00107473277516214,0,0.00445746644822873,0.0549104416444607,0.0252081566835483,0.0241400474717851,0.00422092578513437,0.217877234116496,0.000933676465233485,0.0027873356495133,0.144564638294685,0.000356305576883885,0.0621814965364551,0,0.0195701934393088,3.10274589309463,0.00248221144481784,0.242956583064173,0.0599359126878057,0.947458782077418,0.0259085566623177,0.00260045312199604,1.17978498304024,0.89711907437182,0.0765087048515296,0.197614985660737,0.188699398483466,0.000197930883549767,0.00355310324396152,0.0639197957401908,0.978524270629222,0.000288673001671426,0.0159169928761036,0.337991691315175,0.0978903184531894,0.0171705474631995,0.00176138265234043,0.00401311111998479,0.000418563062022158,0.000454983997634035,0.00188422770988068,0.00123904163088576,8.10797457947926e-05,0,0,0,0,0.0729814541847792,0.000113705051726747,0,0,0,0,0,0.000199105883683512,0,0,0,0.000107154091393821,0,0,0.000400823965623987,0.000711160115040937,0.000121917875105234,0.000768019741796758,0,7.14710763670395e-05,0.0149608220323619,5.68182813803319e-05,0.000406949640309883,0.00138998928859924,0.000976289025724812,0.0129747018758519,4.37032329259172e-05,0,0,0,0,0,0.000255864735358371,0.000126616042564876
0.00190778215355706,0.00541811856923544,0.023706240306379,0.000183994387009803,0,0.00041812648688172,0.00278044303079016,0.00134974891778066,0.00159524517801003,0.000717056063898262,2.54862307868283,0,0.0121383615639075,0.0016995755007094,0,0.000503267857084593,0.0195701934393088,0,0.493540200527647,0,0.00283009643484065,0.00290844227807757,0.00734189940036872,0.00104292017534922,0.0139142967844125,0.575322786372911,0.0412453283606303,0.00203983858781105,0.00233324782354862,0.00161672576025769,0.0420334365735198,0,0.000295559521397218,0.00407619849466236,0,0.000685705941258941,0.145107939195032,0.0248760611771297,0.000280890187419509,0,0,0.000196060430424497,0,0.00453283523805394,0.00398380968967803,0,0,0,0,0,0.00247216648869017,0,0,0,0,5.96920194787355e-05,0,0,9.01947229155157e-05,0.000584802298226519,0,0.00229186279986244,0,0,0,0,0.00476563588970367,0.000151761729004538,0,0,0,0,0,0.00896084065342789,0.00189111458588442,0.000256397652236659,0,0,0,0.00206317858798866,0,0,0.000292216247675996,0
0.0174770225089423,0.150283107358641,0.0489970720124923,0.00198586363824451,0,0.00157090141032844,0.00667697006992982,0.00577588422060964,0.0236454326410209,0.00257798851648006,0.934626157837204,0.0016810976800031,0.0110982267293876,0.0202959363419078,0.000602165072890241,0.00946972113733542,3.10274589309463,0.493540200527647,0,0.00558130166272638,0.0135840524922904,0.0234786946622686,0.039121070583827,0.00482232163498223,0.0235709028678969,0.794123145287207,0.310593008442353,0.00942018629425606,0.0314337195362679,0.0167681771288048,0.00216397630011947,0.00209201979161842,0.0120690003353453,0.442533408229078,0.000105464296826908,0.00202336054377115,0.09444705276557,0.111995241010358,0.00380696254473202,0.00103794384858951,0.000352138838820626,0.000197575231461258,0,0.0100537338939226,0.00790068057303249,0.000491523378778027,0,0,0,0,0.0612226192355804,0,0,0,0,0,0,0,4.85990363949538e-05,0.00110409222738366,0.000129360585496147,0.00158757118976355,2.98224270770028e-05,0,0,0.000491715282244429,0.00635140842172349,0.00381124912192591,0.000544597563883809,0,0.000708820408916924,0,0.000268957179326623,0.0207412086125927,0.00235210310472094,0.00382395792253871,0,0,0,0.00141274474387213,0,0,0.000646435648590265,0
0.0125156680425388,0.00397782109462143,0.000798348949756165,8.39500504902606,0.00356169713590297,0.227158674818906,0.00911552670917223,0.0887335563632473,0.476318067881098,1.77583586466464,0.053055681840481,8.16378251065084,0.00863941335129847,0.0679713064379061,0.10542163844148,0,0.00248221144481784,0,0.00558130166272638,0,0.00058914491142275,0.000839680790501313,0.000533456665357757,0.161221731187511,0.00889761055703452,0.00467829113458312,0.0043140657259539,0.226970645846931,0.0810968484137711,0.000511175251494023,0.00134449957694624,0.077518066037347,0.00176229047386546,0.0830637143892216,1.48012118822865e-05,0.0728188865266946,0.0231059307323284,0.346363620342657,0.0422786004699461,0.0684575155383407,0.0342304401020627,0.0113273908378061,0.000332959396301721,0.00103857501269036,0.00336958160946089,0.00177728673501406,0.0218783996313756,0.00054996495797344,0.000796050458236556,0,0.00160096087537892,0,0.00677631792683516,0.00140764767854581,0.00643787933441645,0.00114577086892897,0.00136123473571582,0.0213471728817214,0.0107958154988047,0.000839960236715092,0.0164143446859293,0.00232476093212058,0.00081032895003067,0.0173550450900877,0,0,0.000659205469899444,0.000239114544404883,0.00664594100963229,0,0,0.000156894025837774,0.0209873123171768,0.00134603436111753,0.000613106581745252,0.000129609277788417,0.00760074343612301,0.000584269699825369,0,0.00126031207790187,0.00159087362956171,0,0.000535374127202812,8.75293484392974e-05
0.0223208410893437,0.0011452524239654,0.514822237727059,0.000255256444453181,0.000202515595838651,0.00339929178333969,0.0827060505208264,0.0137416478810733,0.00898894557745408,0.00486721951313067,0.00236021406480672,5.30725603366429e-05,0.00794263792511353,0.039666049485634,0.000102960295488206,0.634571645667588,0.242956583064173,0.00283009643484065,0.0135840524922904,0.00058914491142275,0,0.207212277822731,5.97904278430474,0.00808488541289125,0.000982081817938779,0.0541212835475929,0.144227686104337,1.48732974866053,0.0626365510857672,2.26946319717962,5.34700397568312e-05,0.00128353811658885,0.0162367285847111,0.896506813127933,0.0128277592121382,0.265341687767986,0.106532675171336,0.742263482444955,0.114728398647305,0.00833945154433697,0.00301676760095886,0.00120370261040371,0.00290495708523763,0,0.000322560784972907,0.000159339135989087,0,0.000224996974655037,0,0,0.000390582408121756,0,0,0,0,0,0,0,0,0.000327626829279549,0,0.00107910509378182,0,0,0.00328753046325243,0,4.76907154897763e-05,0,0,0.0041949857037867,0.00451317823861702,0.000302610489245181,0.000429746185038847,7.96579787044546e-05,0,0.00250634380188797,0.00179622251772138,0,0,0,0,0,0,0.00549308341653348
0.00290516447801338,2.27987254633332,0.00340588167129528,0.00122523656299005,0.00209239468009988,0.00108636995211476,0.00476404965974185,0.00226232485731833,2.98099986244462,0.000863921962423879,0.0339872584784787,0.000110335278875566,0.26148217618368,0.00386809207897699,0.000696815315203349,6.24298094508438,0.0599359126878057,0.00290844227807757,0.0234786946622686,0.000839680790501313,0.207212277822731,0,0.148332793269419,1.61980563240816,0.431996925674847,0.0161813876277658,0.629923028751242,0.382951075921724,0.00580248811420082,0.00539112633765329,0.145016347795737,0.00239837342679639,0.00693327084679676,0.0582544124400891,0.00269087522602376,0.190988360226168,0.0850193923056125,0.258117573534286,0.0766302815188966,0.0071484028748905,0.000177874355761425,0.0337232311023781,0.00266048369437605,0.00473092772810717,0.00359319312725852,0.000446222717792323,0,0,0,0.000329492960071974,0.0192077154587208,0.000249736588508553,0,0,0,0,6.22553413162051e-05,0.104964335671906,0,0.00112590048907001,0,0.0395032831300237,0.000111853268804451,0,0.240756509888253,0.000952010359879799,0.000654746054189484,0,0,0.0188834177927412,1.08727462417816,0.0341235505261541,0.0137843760694772,0.0400541853388132,0.000850511154136916,0.119898031945948,0.0201271409585428,0,0,0.000490183203815497,0,0,0.000605800470733892,0.00228298259581181
0.08514209214542,0.0166382844807707,3.24836237878191,8.97435046547084e-05,0.000176883846195165,0.00608373109925322,0.157873723475505,0.0424909595267032,0.00927457956811961,0.00582246758975168,0.00689806552335191,0.000153895792497874,0.0108131497578544,0.155876138483593,7.05191235106321e-05,1.85047254645924,0.947458782077418,0.00734189940036872,0.039121070583827,0.000533456665357757,5.97904278430474,0.148332793269419,0,0.0263089564767689,0.000956251273396007,0.237878704084364,1.49887643257478,0.68630685505519,0.1451256327253,0.415219419937707,0.000202547461829764,0.00107450255588289,0.0212760629126293,0.67343016323035,0.0134206567028884,0.285671370418326,0.331253497569012,1.07307855459517,0.145548133546212,0.00440305668189823,0.00431867965130348,0.000847125543871447,0.00376991508821753,0.000883492550201174,0.000882814995918498,0.00150125326951862,0,0,0,8.60682437244962e-05,0.014530612543298,0.000147970886118624,0,0,0,0,0,5.8102479181595e-05,0,0,0,0.00102767318232709,0,0,0.0081821127301506,0.000131422945695587,0,0.000208673091274793,0,0.000293264473890066,0.026987369760844,0.00143513255071186,0.000204807842818681,0.00024419074383982,0,0.024824858636902,3.73439506398503e-05,0,0,0,0,0,0,0.0111684699530054
0.0059154839825483,0.076046748868536,0.00698494191026621,1.43302640302817,0.0228615157895316,0.0943094716206521,0.0820359636287031,0.0180880488921206,8.88422542270005,0.415609638063542,0.00499364835478963,0.325521008012724,0.0194148206789445,0.0108040410489682,0.0357303357394108,0.896165583006115,0.0259085566623177,0.00104292017534922,0.00482232163498223,0.161221731187511,0.00808488541289125,1.61980563240816,0.0263089564767689,0,0.0211519388821716,0.00872685207964283,0.161702894152364,2.87736977988198,0.024421933435952,0.0100665580796974,0.00781463241153568,0.00236106909117217,0.0182748281289603,0.0474778070336908,0.00154553543362336,0.0734819564901127,0.0186940433470048,0.0824573951444358,0.0250480637316695,0.0925667715442264,0.00291493293542916,0.00185376220989307,0.00289575523108571,7.18568202645459e-05,0.00231497439093547,0.00115674808750789,0.0179902810201547,0.000273438265725309,0,0,0.000525610727128888,0,0.0264450323349134,0.000360956233563747,0.0135493547580573,0.00309448482338435,0.00158912124739877,0.0267963359964213,0.0310835258723361,0.000734776420269532,0.024539250873399,0.00138714248031707,0.00129595326725409,0.0122550271554761,0.00875734299380487,9.89069522696617e-05,0,0,0.0106782904130212,0.00263301169192408,0.0132625147947942,0.000545648417527217,0.108353026068286,0.00224354204035739,0,0.00171590918351472,0.0375847325659743,0.0013609579152456,5.80013433446463e-05,0,0.000557462831735018,0,0.000324672143312251,0.000562227989552541
0.002398013328038,1.2165050269494,0.000287942068538296,0.00196625054554237,0.00169387314558478,0.00287456119571006,0.00225768656025208,0.00188337609354655,0.221531788983115,0.00406676725239777,0.116624463686088,0.00263907885330826,1.59441865759779,0.00444685859885452,0.00122177124874413,0.0232054959023642,0.00260045312199604,0.0139142967844125,0.0235709028678969,0.00889761055703452,0.000982081817938779,0.431996925674847,0.000956251273396007,0.0211519388821716,0,0.0394374073119046,0.422805450403015,0.00355237636733201,0.0070571328712836,0.00031509580025187,0.418210227558026,0.0111790335920155,0.000173168399300129,0.0428168893719004,3.99629972494416e-05,0.0508255329631188,0.271752009912482,0.242039265908048,0.25504459393997,0.00720359567517462,0.0940287932600709,0.335538228063554,0.0204966597622886,0.130797683657097,0.0509867228544294,0.0246851036172741,0.001017086479338,0.00333807305652853,0.0126213715142444,0,0.144422883569181,0.000340645078260766,0.000150115331679232,0,7.13854660049865e-05,0,0.000162905523879991,0.0107040857652984,0.000346835940983753,0.103691917952015,0.000169943600690078,0.513868858579498,0.000237102032718249,0.000153911547289276,0,0,0.0452324113200526,0.00281545031946125,0.00039009349996183,0.000106138111349832,0.019939629567873,7.82209701165682e-05,0.000839449812576655,1.1279487801556,0.0319380822754822,0.0198627041880293,8.18972132203793e-05,0.0003601093059697,0,0.123535522596871,0.00196203265658484,0,0.00679432499381443,7.33054479010364e-05
0.0325189845660323,0.0228830430977585,1.18809155192479,0.00183760045872821,3.91005601373226e-05,0.00688588150839256,0.057057914119874,0.0215544213384401,0.0108455559281999,0.00802596124294339,0.863800514073539,0.00275753636074305,0.143435704813735,0.0587675985976061,0.000214742900971662,0.0108089213220623,1.17978498304024,0.575322786372911,0.794123145287207,0.00467829113458312,0.0541212835475929,0.0161813876277658,0.237878704084364,0.00872685207964283,0.0394374073119046,0,2.78929023357645,0.0434516474152621,0.0480903712184242,0.0358105942786762,0.373125391149515,0.00272963830202458,0.0052490230554284,0.0607489178574363,0.000242555160387112,0.00977706523449138,0.252110375579936,0.177907450959075,0.00818605949599512,0.000933076013226167,0.000563070234653107,0.00033130688369794,2.9266477922423e-05,0.00390434986141642,0.00394318696801236,4.15610029671607e-05,5.46699074853256e-05,0,0,0,0.00315126789901371,0,0,0,0,0,0,0,0.00014401850321763,0.00792462919894479,4.55102738512944e-05,0.036973158672099,0,0,0,0,0.00172385234704216,0.000185823275546631,0,0,0.000608959733314103,0,0.000136267715016881,0.0249932718796395,0.00566067288100461,0.00347628149062193,0,0,0,0.00854495719649202,0,0,0.000765240497558272,8.14529871972869e-05
0.0168500744722621,0.543467218510706,2.25606494362023,0.00133145896027468,0.000731003435673586,0.00373413428304045,0.0301206053650205,0.0153627532323585,0.15968268257901,0.00639351659506127,0.0508131111793761,0.00282545139814952,1.27512091298118,0.0365327870924281,0.000995331998252555,0.963880723786139,0.89711907437182,0.0412453283606303,0.310593008442353,0.0043140657259539,0.144227686104337,0.629923028751242,1.49887643257478,0.161702894152364,0.422805450403015,2.78929023357645,0,0.230076357449665,0.0296956318998625,0.0242186381164564,0.293690840593367,0.00233904652737231,0.00278327826009545,0.184705776267876,0.011560492872459,0.326301371700512,0.334324978892743,1.05040195604846,0.128233117323732,0.00246296490626104,0.00133847422261441,0.00302148155620132,0.0031297225745794,0.0102380819097154,0.00954302545125988,0.00133264350859323,0.00017804874924603,0,0,3.53817665156647e-05,0.0928305221238983,0.000308131583632419,0,0,0,0.000120045639540247,0,0.00017105981450001,6.42312851258505e-05,0.0182826239390402,0.000105142997312801,0.0812567906977642,8.07004908997926e-05,7.34483929889455e-05,0.0136220739749704,0.00232455365070458,0.00454109146309823,0.00108757677671761,0,8.88024456126776e-05,0.0666209312790563,0.00639991631759854,0.00076048151508994,0.0629230352784122,0.0115566535978857,0.107307448052637,0.000374423751860004,0.000100374836498045,0,0.0261726978077147,5.34207138074743e-05,0,0.000942972067369965,0.0130230301708419
0.0409334712077289,0.0035262520759103,0.271721740762844,1.3517235216291,0.000333940130703633,0.198443058974367,2.959003113631,0.0898334963737207,1.03357138994623,1.0126349665218,0.00825087051458583,0.0989480641155079,0.0120786683052531,0.0971762932126236,0.00319693584300418,0.308921361204558,0.0765087048515296,0.00203983858781105,0.00942018629425606,0.226970645846931,1.48732974866053,0.382951075921724,0.68630685505519,2.87736977988198,0.00355237636733201,0.0434516474152621,0.230076357449665,0,0.168196812119159,1.43055112087331,0.000170470901503903,0.0080052901225684,0.113709374967423,0.500250796930985,0.0139528302988336,0.333696963246428,0.0471700247362638,0.478959352470968,0.138499528705819,0.0209339941055049,0.0128462307860289,0.00217313463497977,0.00407319489535245,0.00110352734942833,0.00163001076214939,0.00168602657520718,0.00361048848873721,0,4.90835789910033e-05,0,0.00132892010032266,0,0.00162840742374091,0,0.00231962846440131,0.000592393192279357,0.000198570646504949,0.00511412398974155,0.00574757713716152,0.000259847957481539,0.00432546164467428,0.00122972254558998,0.00017445137236184,0.00205228739134382,0.00388845571829341,0,0,0.000107062244508021,0.000877460708052917,0.0020572053710179,0.00333826369194627,0.000408110083612365,0.0273279016410897,0.0001977179897353,1.67759811425209e-05,0.00203060470442718,0.0140035385202571,0.000541575962903156,0,0,0.000445122971067934,5.63326440195396e-05,0.000248197073567579,0.00516583488573271
0.670446194261318,0.00219610780759415,0.0577029343328247,0.0272751378246237,0.000604158420351338,0.0423943376650711,0.196889372744302,0.152633386930459,0.0539109662772208,0.133119340137021,0.275277035651431,0.0416014067845285,0.0259259835618094,1.45039318466685,0.00499171782319203,0.00118861128958278,0.197614985660737,0.00233324782354862,0.0314337195362679,0.0810968484137711,0.0626365510857672,0.00580248811420082,0.1451256327253,0.024421933435952,0.0070571328712836,0.0480903712184242,0.0296956318998625,0.168196812119159,0,1.67484669792379,0.000881784570066203,0.135113323270085,1.48824134884245,1.16804362728565,0.00346759822744168,0.165592828111031,0.0563673214072778,0.464923784561834,0.0630162130090528,0.0638962242265197,0.0458755087969825,0.0133420201585684,0.000543935202062782,0.00147760647940531,0.00140810667661432,0.00194080836741619,0.00156166749677491,0,0,4.77200803995245e-05,0.00229305970758245,0,0.000240168808754746,0.000122284679984512,0.000228465029380281,2.73451311930987e-05,0,0.00108634479458683,0.000293048404636881,0.000186337805424782,0.000547249509787121,0.00139134362374984,0,0.000887887437292824,0.000144545493093969,0,0.000900894962061763,0.000307930256724427,0,9.89300980891699e-05,0.000302003130674979,6.07653065034996e-05,0.00175914652322719,0.00189465686882901,0.000809325592934105,0.000588782552951345,0.000905086443294705,0.000115472469685777,0,0.000579562258253886,0.000137631255687611,0,0.000450854626963192,0.000606360950601278
0.140652934689037,0.000567866027270757,0.114928045937117,0.000186149532957614,0,0.00202123253096103,1.42116710800402,0.0234649654575629,0.0303110788551682,0.00238463828169982,0.00305089283502069,0.000127888668865594,0.000945830104647808,0.134640501352219,0,0.0146225378401467,0.188699398483466,0.00161672576025769,0.0167681771288048,0.000511175251494023,2.26946319717962,0.00539112633765329,0.415219419937707,0.0100665580796974,0.00031509580025187,0.0358105942786762,0.0242186381164564,1.43055112087331,1.67484669792379,0,8.23902465696543e-05,0.00106644351146367,0.192995568902808,0.834048394408931,0.00113291833914673,0.0196937363558769,0.00431440323043761,0.104299640838737,0.0155662502378623,0.00158450304742972,0.000903379147965906,0.000221922917537695,0,2.86261046879347e-05,0.000360579034542799,0,0,0,0,0,0.00044124826110183,0,0,0,0,0,0,0.000330736037197792,0,0,0,0.000138235134268875,0,0,0.00019628339313176,0,0,0.000118225207441494,0,0,0.000179903865573233,0,0.000301409298188658,0,4.45510364721624e-05,0.000690796459858365,0.000834360434959241,2.73929312239491e-05,0,0,0,0,4.7835256151503e-05,0.000114048638474832
