0,0.000415996158431922,0.0665126370139138,0.00546424350352833,0.00342570254945732,0.0158155392037523,2.22041076725318,0.246482343762223,0.0740733480731628,0.0169850208662984,0.000594890818586662,0.000838148175855355,0.000182894065291206,3.28597632418038,0,0.00127950417913514,0.0412909915362229,0.000433652962552539,0.00707049007869605,0.011272230723573,0.0359142437439801,0.00661538917285132,0.0734103986526807,0.0360397362102493,0.000421123602233743,0.00760006728664721,0.00695072370245611,0.0444405310762814,1.78263875353287,1.30834496151697,0,0.00183015325011252,0.0969927405532466,0.242472847798827,0.000377777103467737,0.0152889317010626,0.0235464980213198,0.0508453441838035,0.0264495107013025,0.064305447702873,0.00209915524459574,0.000696020769647671,0.000863790154885691,0.000301524708299958,0.000633483445936548,0.000358095508878109,0,0,0,0.0002643231516853,0,0.000136397632793184,0,0,0,0.000527662820448138,0,0.0133994283825774,0,0,0,0,0,0,0.00120129231195445,0,0,0,0,0.000181918875276047,0.00130547303040431,0.000346812440900828,0.00368930080173981,0,0,6.45476264998107e-05,0.00387953346298107,0.000169068038422322,0.00233989680651744,0,0,0,0.000281965373563096,0.00017664802042308
0.000415996158431922,0,0.0733399517573165,0,0,0,0.00128195354780309,0,0.265519907698031,0,0.0140728470713557,0,0.189373143593905,3.6442768841925e-05,0,0.192728336888382,0.101222454434983,0.00485519757978979,0.0981218963977368,0,0.00414313296432029,2.94514662539436,0.00633086478469966,0.118006892500924,2.9198245995603,0.109990804513255,2.42190341805161,0.00979626158368107,0.000347420915961838,0.00395759370581272,0.0213282712268141,8.49553050086098e-05,0.00104734118322862,0.0679774460758367,0.00135496751698376,0.0681012395937453,0.12217974028188,0.247213499788775,0.150706029718025,0.00210706790402852,0.000809321773263982,0.000248384305310911,0.0158689542598951,0.0239525614369,0.0397375808201005,0.0246701051267096,0.000178379985572644,0,0,0.00104368105463437,1.20924933730802,0.0396791506077313,0,0,0,0.000131608208971115,0,0.0257478401760411,0,0.00175040176459792,0,0.00286043762011862,0.000160516433767091,0,0.0146456091700047,0.00805644038404883,0.00238074524966135,0.0188330269724906,0,0.00175141955554695,0.224617483816403,0.00303784821265857,0.00467924266902812,0.501214739803318,0.0222748548425199,0.170175687034757,0.00220727483949615,0.000321623158289151,0.000807976043275588,0.00145168414312757,0,0.000200138610494498,0.00823127604357904,0.000814324707347706
0.0665126370139138,0.0733399517573165,0,0.000202164619521832,0.000154004663970014,0.001761208700174,0.200591773942607,0.0191843845555408,0.00995871318580711,0.00286132459645768,0.0109338111320479,8.50673787745199e-05,0.00225139513252687,0.00630437131487787,0,0.0397646943599584,2.30042123180787,0.00962328102795251,0.0572650443281777,0.000232591159735496,0.10312397984448,0.0271040663553998,4.24114761038238,0.0364196148977179,0.00634775717288857,1.53034367356653,2.17855162612758,0.16876996833595,0.00439729301532845,0.142825147588245,0.00309107117509324,0,0.00196649815896893,0.229644003815413,0.00160004687552723,0.120159793778644,2.40487235894774,0.31023757396015,0.149162623628779,0.00697142620804855,0.000538642856860012,0.000982441068947699,0.00109210048463708,0.000913450037097019,0.000282455555569872,0.00135730939731481,0,0,0,0,0.0043161561774808,0.000402917022149816,0,0,0,0.000284857079008824,0,0.00116114978483402,6.55542148686756e-05,0,0,0,0,0,0.00206356304548729,0,0,0,0,0.000519506334936331,0.00315484692825206,0.000452654416067902,0.00160468872970778,0.000678110580990085,0.000324470822960868,0.00292708437492666,0.00108535463460901,8.73502352041885e-05,0.000275813224480117,0.000250909364318208,0,0,7.42598088695964e-05,0.00126902812802142
0.00546424350352833,0,0.000202164619521832,0,0,0.0146992435430464,0.0400534769247418,0.00361321186506512,0.225378347524148,1.09391410863656,0,2.14783003584183,0,0.00232397281871322,0.00129605804240401,0,0,0,0,9.82801389433679,0.000204401003964509,0,0.000168794598450386,4.14508816329965,0,6.8498017885105e-05,0,5.00452305322173,0.00182072978711054,0,0,0,0.00396232126615826,0.000362782939998696,0,0,0.000365715016862028,0.000106746202925868,0,0.0151725598774184,0,0,0,0,0,0,0,0,0,0,0,0,0.5233217232878,0,0.000306344455467789,0,0,0,0,0,0,0,0,0,0,0,0,0,0,0,0,0,0.00131830567869755,0,0,0,0.000505849210531584,0,0,0,0,0,0,0
0.00342570254945732,0,0.000154004663970014,0,0,0.700237956264062,0.000412006686158541,0.190860850641092,0.000461774681376922,0,0.00161455187078721,0,8.46920113972173e-05,0.240941237951626,0,0,0,0.000316202079897743,0,0,0.000848606679041052,0.000422912119750481,0.000293468396131743,0.000401030650504439,0,0.000126004224496392,5.13883892216526e-05,0.000291251165926641,0.17197201085827,0.000573932127014638,0,1.65717735757107,0.010008130500558,0.11005609642601,0,0.000104109498691909,0.0001832477820404,0.0462431254003449,0.00140835849869404,1.15272299282337,1.44257838252346,0,0,0,0,0,0,0,0,0,0,0,0,0,0,0,0,0,0,0,0,0,0,0,0,0,0,0,0,0,0,0,0.000205545802137307,0,3.75970999268371e-05,0,0,0,0,0,0,0,0,0
0.0158155392037523,0,0.001761208700174,0.0146992435430464,0.700237956264062,0,0.138142571354893,2.08974885529264,0.00304565336305277,0.312797559876705,0.000945000424071945,1.66871584574657,0,0.365540473278021,0.74028302466874,0,0.000608863028555584,0,0.000173131172249895,0.100125476095378,0.000856681919631867,8.51725506125119e-05,0.00229681771963025,0.0474941358905787,0,0.000239437249417179,0.000706936125712961,0.088475291235617,0.279919125905952,0.00147891320175755,0,0.220515241463141,0.00367224169583082,0.112464374440704,0.625456306302816,0.00112902075914472,0.00113743873547762,0.0321930108075509,0.0019109444328873,1.09194082374785,0.0643766109085231,0,0,0,0.000279735850665026,0.000467225704733638,0,0,0,0,0,0,0.000163525546908849,0,0,0,0,5.61261974705261e-05,0,0,0,0,0,0,0,0,0,0,0,0,0,0,8.8733657961793e-05,0,0,0,0.000118354870445267,0,0,0,0,0,0,0.00371838560099988
2.22041076725318,0.00128195354780309,0.200591773942607,0.0400534769247418,0.000412006686158541,0.138142571354893,0,0.308000038771458,0.504044805900516,2.21531404985693,0.00107146264070336,0.0561698834753273,0.000555160062376805,0.71318021572091,0.00230849408370927,0.00431070418632741,0.0222629157042718,0.000433485048651126,0.00252138010178768,0.0318959389851668,0.046689233258952,0.00732362017963878,0.157758819972211,0.544898776103712,0.000932770007209077,0.0201558483608217,0.0382942285918507,6.04733864393594,0.192560657631241,1.80594395679589,0.000105499096381459,0.000212454685888678,0.119932387130613,0.0664062506934258,0.00172606514791244,0.0509816711575134,0.0759780812441853,0.0718308837024692,0.0386377393859073,0.0832624810169509,0.00114615729701167,0.00107488201231784,0.00192188751504695,0.000644375402112342,0.00100242144794651,0.00047850765870799,0.000102178752183334,0,0,9.02054387091383e-05,0.000548073822352713,0.000698949647412599,0,0,0,0.00386367115702756,6.00639796680194e-05,0.0440569821452407,0.000122970699164979,0,4.6077786194104e-05,0,9.94463945106687e-05,0,0.00143273090442884,5.70661343034691e-05,0,0,0,0.0022215969850708,0.00245976415485992,0.000359153049024866,0.0252470640265789,0.000119115680355113,7.73786447438689e-05,0.000696479553054341,0.0195674160972181,0.000412318907794598,0.0064242418002237,0,0,0.000537726037479277,0.000386141668071888,0.00100093282625507
0.246482343762223,0,0.0191843845555408,0.00361321186506512,0.190860850641092,2.08974885529264,0.308000038771458,0,0.00669697703906224,0.383943408830125,0.000435053121279779,0.00509091357110585,0.000233975976186545,2.85015874522863,0.00877100803996491,0.000479711942035801,0.00985556040828254,6.19247373551644e-05,0.00194959753672697,0.00948493039550995,0.00546921650298158,0.000726562572918114,0.0228875959701608,0.00660829048060994,0.00012545786975052,0.00154650925413825,0.00238415483629477,0.0152757155089921,1.46454303675277,0.017046666874386,0,0.126288102454072,0.0120977572464484,0.0685640111261941,0.000171248456549347,0.00438441432911602,0.00570734631829503,0.0153178022872899,0.00725333300189528,0.120458519159288,0.0116776324418856,5.45796940890865e-05,0.000126414553882083,0,0,0,0,0,0,0,0,0,0,0,0,4.73390292873646e-05,0,0.000891917503255187,0,0,0,0,0,0,4.29669790645371e-05,0,0,0,0,0,4.55278202728974e-05,4.87482097646884e-05,0.00117311714965005,0,0,0,0.000500393394221599,2.21679731426472e-05,0.000144945583246348,0,0,0,0,9.89336491806709e-06
0.0740733480731628,0.265519907698031,0.00995871318580711,0.225378347524148,0.000461774681376922,0.00304565336305277,0.504044805900516,0.00669697703906224,0,0.0119862013112587,0.00293302368896517,1.78144987224064,0.0352944071126969,0.0146797548801307,0.0477995261559957,0.0138147889501265,0.00696374580990765,0.00111591992307362,0.00516014781126602,0.270594644701898,0.00415389332354516,2.26685543394279,0.00613942712011839,8.09969749916018,0.2555642299127,0.00631364365112472,0.0531490819624709,0.294163685263606,0.0689342685571982,0.0896698568525134,0.00662504193436033,0.00141190812890013,0.148985176946121,0.0665771259146534,0.00162916356719145,0.203807448562929,0.0297507021440477,0.0695180548498382,0.0484654010553075,1.38523997202898,0.00100298235749789,0.00107388109372845,0.00519054157428597,0.00296016312364733,0.00677001280530822,0.00250357474684732,0,0.000737268174756058,0,0.000480925720217259,0.0895866690133082,0.00308939339086399,0,0,0,0.00362482563330695,0,0.602257095044423,0.000244143772887701,9.54920003198309e-05,0.00166933799347168,0.000648839117389534,0.000469144832114966,0,0.0801509428841202,0.000501315246271963,0.000227430831829566,0.00209866137456756,0,0.0177125082855293,0.39178444080786,0.00884250677377376,0.0811850779618074,0.0464106094345691,0.000991141586218968,0.0109415660396978,0.0372745900264588,0.0018799664119286,0.0217511993088099,0,0,0.00404021241327867,0.00288812643151085,0.0014919964148489
0.0169850208662984,0,0.00286132459645768,1.09391410863656,0,0.312797559876705,2.21531404985693,0.383943408830125,0.0119862013112587,0,0,0.646353803414609,0,0.0308657429816106,0.0017849851189254,0,0,0,8.09869323966407e-05,3.05799423569072,0.000544773239317689,0.000112002753950361,0.0022965776957005,0.261925572768358,4.33881215413951e-05,0.000403528656872726,0.000847415931178157,1.21154880243451,0.00693127096024039,0.00127209293313088,0,4.12258944042908e-05,0.00444929995363154,0.00167284138687131,0.140201404649604,0.00113697894679867,0.00078556861294524,0.00201465920037785,0.000511495921748778,0.0279332006054768,0,6.02769744766497e-05,0.000100818980467757,0,3.69533582838463e-05,0,0,0,0,0,4.11366817478858e-05,0,0.000376766065622791,0,0,0.000176784994785957,0,0.000722513410165422,0,0,0,0,0,0,0,0,0,0,0,8.33431540727693e-05,5.05435402282949e-05,0,0.00016425330659517,0,0,0,0.000260932059233594,0,0,0,0,0,0,0.0002416709089987
0.000594890818586662,0.0140728470713557,0.0109338111320479,0,0.00161455187078721,0.000945000424071945,0.00107146264070336,0.000435053121279779,0.00293302368896517,0,0,0,2.38989777730153,0.00129922030533355,0,0.00255881987575866,0.00926913968078443,1.80479059414143,1.56933722895283,7.49910906101487e-05,0.00209544324883545,0.0067251652466363,0.00677668255251885,0.00283350818765155,1.87411810588649,1.43173147077666,0.106398699433838,0.00223335990977077,0.00817282922314033,0.0011449406350925,0.620509820660256,0.00150173454693324,0.00243186871391509,2.14013994097625,0.00262071461597975,0.109796436327267,0.861107802211939,2.58431568881689,0.199684519572569,0.0026099301712816,0.00362560795454535,1.20141257558052,0.00177766695295055,0.00598529075850512,0.00332916065007623,0.00117608646170581,0,0,0,0,0.00309179706969804,0.000331976448778008,0,0,0,2.32026458517145e-05,0,0.000601571426935982,0,0.0111967174196138,0,0.0167691389372336,5.36744386414379e-05,0,0,0.000183104472723981,0.0116763984357911,0.000713952510726911,0,3.27604309265893e-05,0.000981861059524359,0,0.000165801679452768,0.0311636916447856,0.0511683894660516,0.0308266342544199,2.23375362904342e-05,0,0,0.0238845267506025,0,0,0.00104467414374214,0.00145972363735205
0.000838148175855355,0,8.50673787745199e-05,2.14783003584183,0,1.66871584574657,0.0561698834753273,0.00509091357110585,1.78144987224064,0.646353803414609,0,0,0,0.000930462746775215,0.333955171527852,0,0,0,0,12.8423507850651,0,0,0,1.70652342497516,0,7.58369212367667e-05,8.30666737936334e-05,0.0737086745157781,0.000897541267565572,5.7863472837226e-05,0,0,0,0.00103946869188624,0.459835703906706,0.0191363215837156,4.61512094342303e-05,0,0,0.438812005409523,0,0,0.000214556163516733,0.000235478528095676,4.2565719384333e-05,0.000441988342137802,0,0,0,0,0,0,0.193084955564822,0,0,0,0,0,0,0,0.0466685644693846,0,0,0,0,0,0,0,0.32726812075067,4.4303052313904e-05,0,0,0.00511140257289899,0,0,0,3.54822045923178e-05,0,0,0,0,0,0,0.020349072592765
0.000182894065291206,0.189373143593905,0.00225139513252687,0,8.46920113972173e-05,0,0.000555160062376805,0.000233975976186545,0.0352944071126969,0,2.38989777730153,0,0,0.000366832004340407,0,0.00846132270931992,0.00173666889969436,0.0167129000729657,0.0262194672437627,0,0.00552183721209363,0.0853846517407026,0.00923132791904219,0.00823020221839415,6.93087094204408,0.456588035577936,1.00523750236803,0.00621413795385752,0.000361634033964699,0.00155592425712658,5.19159980155943,0.000137559725763112,0.000160321382134455,0.0263370160830428,0.00218060452177731,0.760718227972419,0.561462919319148,0.432094417302958,0.460599476239524,0.00030413246815424,0.000128955798595124,1.61648258574176,0.0113815137498118,0.0123494274714618,0.0162302197135783,0.00577821498390428,0,0,0,0,0.0394699040984077,0.00194702653864708,0,0,0,0.000188266402178502,0,0.00273853683629275,0,0.016612803003121,0,0.0371240042004319,0,0,0.00112779054134373,6.76659034179097e-05,0.0259069886200693,0.00229610053847171,0,3.76128549599928e-05,0.0114540013850859,0.000475085849555076,0.000757115987377027,0.144969307928127,0.107609679956718,0.0927770152513752,0.000232631281983444,7.64449646867543e-05,0.000494062984262476,0.0419427602066171,0.000165936598841995,0,0.00312599779111831,0.00128516623943282
3.28597632418038,3.6442768841925e-05,0.00630437131487787,0.00232397281871322,0.240941237951626,0.365540473278021,0.71318021572091,2.85015874522863,0.0146797548801307,0.0308657429816106,0.00129922030533355,0.000930462746775215,0.000366832004340407,0,0.00156960087276916,0,0.00201176471093516,7.70715393055297e-05,0.000729896867549138,0.00791925432268159,0.00291292324733056,0.000131626709942185,0.00635242509354052,0.0119789628224702,0,0.000899274654897923,0.00109715703743069,0.016716621937798,4.43633545809198,0.174465426093908,0,0.16944608352906,0.0358577499295288,0.264955146706919,1.52497148961396e-05,0.00296765191351132,0.00342181282617017,0.0826616690592765,0.0115312690574707,0.241828042239444,0.170709966923781,0,4.47256683802442e-05,0,5.48369969020487e-05,0,5.55209350978198e-05,0,0,0.000205916520836933,0,0,0,0,0,0.000119578500884854,0,0.00187341676692335,0,0,0,0,2.7685895035226e-05,0,7.82667426699397e-05,0,0,3.56901109255982e-05,0,9.10018725557525e-05,0.000120155328088957,3.05111911288467e-05,0.000860815614877075,0,0,2.78179010791122e-05,0.00100442724516884,6.50881627121611e-05,0.000191823966231803,0,0,0,0,4.54337674104066e-05
0,0,0,0.00129605804240401,0,0.74028302466874,0.00230849408370927,0.00877100803996491,0.0477995261559957,0.0017849851189254,0,0.333955171527852,0,0.00156960087276916,0,0,0,0,0,0.0110424736365603,0.000108482177720786,0,0.000270694463859205,0.00252666606753323,0,0,9.81265700440506e-05,0.00199418704758264,0.0028587142873868,0,0,0,0,0.000374506286292438,0.126992404624746,8.53526985083626e-05,0.000176522614975059,0.00242328580847456,0.000334275412385329,0.313319459243652,0,0,0.000558541430745421,0.004668080632914,0.00139558231646049,0.00302561193638567,0,0,0,0,0,0,0,0,0,0,0,0,0,0,0,0,0,0,0.000519101135119215,0,0,0,0,0,0,0.000181943447353783,0,0,0,1.63329719523713e-05,0,0,0,0,0,0,0.000345952534041186,0.00603039199080546
0.00127950417913514,0.192728336888382,0.0397646943599584,0,0,0,0.00431070418632741,0.000479711942035801,0.0138147889501265,0,0.00255881987575866,0,0.00846132270931992,0,0,0,0.0294126505013592,0.00266035531887105,0.0111207643108479,0,0.65830770017552,4.19951354375752,2.34941631648133,1.39077668384581,0.03023205861615,0.0210654241132293,2.16185479276124,0.295623949666086,0.00119709488105867,0.0426954279572058,0.00176208762188801,9.96032680171946e-05,0.00294917691888017,0.158995535623336,0.00937359363607566,0.373367498733675,0.419930479031773,0.349408557833859,0.303099875426708,0.0198445458048568,0.00281412541172209,0.00309423791355428,0.0100474368832574,0.0119238678585264,0.00545720394249522,0.00649928107611875,0,0.000126774210897013,0.000707836275986466,0.000455744249684817,0.0174642898496772,0.00282483699560928,0,0,0,0.00102648893905061,0,0.0523492087441715,0,0.000434086717404053,0,0.00015563219417096,4.33818861908519e-05,0.00099058451751044,0.390804937235869,0.000226433321198673,0.000194525194474944,8.00498970047344e-05,0,0.0214041026156662,0.181530648041865,0.0669744715443373,0.0337618096885223,0.0109835321905299,0.0010147353613604,0.0122898522166624,0.0127345058890417,0.000309570574769336,0.00380425849053188,0,9.04843388602619e-05,0.00011868091894164,0.00160184979244189,0.00527272761754503
0.0412909915362229,0.101222454434983,2.30042123180787,0,0,0.000608863028555584,0.0222629157042718,0.00985556040828254,0.00696374580990765,0,0.00926913968078443,0,0.00173666889969436,0.00201176471093516,0,0.0294126505013592,0,0.0170524177905554,3.8254751719588,0,0.0498786934004392,0.0324032512205553,2.96684466965117,0.0180420211801392,0.00781024411217489,1.33704813107228,0.249636833841996,0.0110557803469671,0.0255081727941007,0.0339588499687981,0.000663558221333602,0,0.00192207687335967,0.298633995926824,0.000955638534675022,0.0544040810461517,0.75856938359026,0.10707088183119,0.0538690282300713,0.00314077275281899,0,0.000248468793024058,0.000850079316897535,0.00110434344199918,0.000578417584002856,0.00123105421931157,0,0,0,8.72203144554017e-05,0.0119039256167561,0.00130949935394971,0,0,0,7.65085125617191e-05,0,0.00162046379356589,0,0,0,0,0,0,0.00120811603915678,9.98970021141715e-05,0.000263407728893027,0.000741247044566629,0,9.68629705335206e-05,0.00381038476740903,0.000503499935689173,0.000255926051376813,0.00342967332289713,0.00147563598772076,0.00601234200445304,2.75660017253973e-05,0,9.38320502700679e-05,0,0,0,0.000619822905874206,0.000535903201955414
0.000433652962552539,0.00485519757978979,0.00962328102795251,0,0.000316202079897743,0,0.000433485048651126,6.19247373551644e-05,0.00111591992307362,0,1.80479059414143,0,0.0167129000729657,7.70715393055297e-05,0,0.00266035531887105,0.0170524177905554,0,6.1413173187772,0,0.000804456123465352,0.00286547521258828,0.00247050961513693,0.000446815923067644,0.0631213487246598,1.91756371390941,0.0412887712425215,0.000887691125901645,0.00182531048839117,0.000319478539769228,0.0379680871468551,0.000469719416806985,0.000767440933542449,0.0886865449307764,0.00107082373950403,0.0482684768398013,0.154763579481933,0.369133885627422,0.14656075685148,0.0007983605165465,0.000545086128024517,0.00529197897787533,0.00101907492801564,0.0035930451070475,0.00302213550955373,0.00301202903544903,0,0,0,0,0.00110966087559434,0.000118695303874722,0,0,0,0,0,0.000144138970465256,0,0.00154848874762442,0,0.00907239968898052,0,0,0,0,0.00523981031494718,0.000549961613553335,0,0,0.00027832302202703,5.31135508108392e-05,4.03481817295775e-05,0.0117111048731392,0.0161553778421015,0.0127763317318113,2.81260203628432e-05,4.34308108957578e-05,0,0.00892787947411392,0,0,0.000158477052519299,0.000716173527696144
0.00707049007869605,0.0981218963977368,0.0572650443281777,0,0,0.000173131172249895,0.00252138010178768,0.00194959753672697,0.00516014781126602,8.09869323966407e-05,1.56933722895283,0,0.0262194672437627,0.000729896867549138,0,0.0111207643108479,3.8254751719588,6.1413173187772,0,0,0.0090355501103511,0.0184620992317173,0.0449846802715711,0.00451698114637264,0.0793596413140305,2.27667592947058,0.277512540584765,0.00360146277951133,0.00270877651559256,0.00329943374169963,0.0352102650827238,0,0.00215044413359266,0.354909391974639,0.00361228370234108,0.142154767654919,0.880891019892603,1.05184851332565,0.348363414712007,0.00234709443009271,0.000622139399767603,0.0035693063696573,0.00387870279221143,0.00147329703048891,0.00592152975796002,0.00499217268356372,0,0,0,0,0.0306233668346625,0.000889393770836245,0,0,0,0,0,0.000356611139079597,0,0.00174933040644543,0,0.00184632579943638,0,0,0.000835282247244561,0.000171377282514297,0.00268434822438491,0.00371891622031857,0,5.60524809752119e-05,0.00155162364592139,0.000200329831456349,0.000191694676211026,0.023204062918259,0.0199937648950307,0.036180136532778,0,0,9.55936853398211e-05,0.00511222208233767,0,0,0.000706323812130917,0.00247074414820621
0.011272230723573,0,0.000232591159735496,9.82801389433679,0,0.100125476095378,0.0318959389851668,0.00948493039550995,0.270594644701898,3.05799423569072,7.49910906101487e-05,12.8423507850651,0,0.00791925432268159,0.0110424736365603,0,0,0,0,0,0,0,6.62268822139325e-05,2.05454582447345,0,0,0,0.601106615421412,0.00461787876877244,0,0,0,0.00296204574169805,0.000349799702751024,0,0.000276662413935555,0,0,0,0.0627004755706871,0,0,5.45287492532687e-05,0,0,0,0,0,0,0,0,0,0.116320166866045,0,0,0,0,0,0,0,0,0,0,0,0,0,0,0,0,0,0,0,0,0,0,0,0.000147957773395098,0,0,0,0,0,0,0
0.0359142437439801,0.00414313296432029,0.10312397984448,0.000204401003964509,0.000848606679041052,0.000856681919631867,0.046689233258952,0.00546921650298158,0.00415389332354516,0.000544773239317689,0.00209544324883545,0,0.00552183721209363,0.00291292324733056,0.000108482177720786,0.65830770017552,0.0498786934004392,0.000804456123465352,0.0090355501103511,0,0,0.0403773074591323,7.36691825816932,0.0555193388642358,0.00145917702067511,0.0082658050497553,0.0838843936440927,2.34835806473618,1.30331131083857,6.41383581076614,0.000186973119283952,0.00189322449788486,1.83781745612144,0.487122324344279,0.0152670941238938,0.415530736196827,0.330234960314282,0.346303341776734,0.171991608344034,0.0127355044453139,0.00394569785179854,0.00318506930824605,0.00593228153171552,0.0016177258259739,0.00147674137214356,0.00178059491407588,0,0.00016456350925249,0,0.000134200898600196,0.000525706795114774,0.000835068271174011,0,0,0,0.000550757946654581,0,0.0152573993252175,0,0,0,0,1.33072885811201e-05,0,0.0231014728526673,8.05845656118602e-05,0,5.92816216740942e-05,0,0.00817583739339265,0.0157507164180913,0.0036030386986534,0.0179353037894624,0.000507689113690988,0.000144143246110002,0.00115000105432018,0.00926016551749034,0.000264453593717003,0.00266878702955194,0,0,0,0.000709963280657498,0.00636292827372116
0.00661538917285132,2.94514662539436,0.0271040663553998,0,0.000422912119750481,8.51725506125119e-05,0.00732362017963878,0.000726562572918114,2.26685543394279,0.000112002753950361,0.0067251652466363,0,0.0853846517407026,0.000131626709942185,0,4.19951354375752,0.0324032512205553,0.00286547521258828,0.0184620992317173,0,0.0403773074591323,0,0.0533558287260646,1.74680697392958,0.610427849469052,0.0296478840503544,1.34079264638595,0.063330695225416,0.00130635154841973,0.0262358001517887,0.010105445868836,9.34500137069784e-05,0.00374666349773277,0.0532799866156131,0.00229983614350195,0.0865371388013806,0.131320380018412,0.117280597742298,0.0893762125594675,0.00291677313329262,0.000747845045854676,0.0035253625955836,0.0146076156085288,0.0389388248911088,0.0249279648434056,0.019142930615609,0.000124519005231336,0.000308249038549799,0.000388573998483938,0.00255700891899148,0.661615697921782,0.0138897219460925,0,0,0,0.00460231478297911,0.000324385339870528,0.470018856974184,0,0.000605379254224201,0,0.00221889999205343,8.55807864808544e-05,0,0.707573716921781,0.00403116005543129,0.000398230069952274,0.00282071996313944,0,0.0605001348098611,1.18220219821636,0.108250569200688,0.097486159305157,0.210210488561394,0.00519875325897899,0.14316414153106,0.0495815205438828,0.00108428802503645,0.0169352510946841,0.000548732598653517,0,0.00193705136613053,0.00722923634552588,0.00153044759256392
0.0734103986526807,0.00633086478469966,4.24114761038238,0.000168794598450386,0.000293468396131743,0.00229681771963025,0.157758819972211,0.0228875959701608,0.00613942712011839,0.0022965776957005,0.00677668255251885,0,0.00923132791904219,0.00635242509354052,0.000270694463859205,2.34941631648133,2.96684466965117,0.00247050961513693,0.0449846802715711,6.62268822139325e-05,7.36691825816932,0.0533558287260646,0,0.0423147654226232,0.0014354878988727,0.147713555070834,1.28863837050136,0.531142473810417,0.417564400007058,0.441824276881233,0.000851025307784092,0.000583785946873534,0.141900810791817,0.587753654479028,0.0253219507889395,0.572736940002534,1.62977237177961,0.77730974364083,0.453916528956743,0.0372825228497708,0.00392519981461524,0.00558801899205364,0.00930594940027838,0.00332825050177257,0.000999940575436669,0.00229063989465353,3.32322637056231e-05,0.000134177621189053,0.000506835244131244,2.43239039129286e-05,0.00135961448319915,0.000232428255351024,0,0,4.15117592670192e-05,0.000375762222479925,0,0.00449140445618086,0,5.9292162490517e-05,0,0,0,0,0.0128357733050127,0.000281030855949634,4.20301835560169e-05,3.6273035366568e-05,0,0.00117723922168902,0.00707402627142427,0.00386371175529673,0.00409812513965651,0.000581418260039736,0.000320991133355865,0.00388967907688532,0.00229852039072322,5.34251184644233e-05,0.00146155083452689,0.000101330031734405,2.90179030989343e-05,0.000170897783909634,0.000482620934195703,0.0123836338691969
0.0360397362102493,0.118006892500924,0.0364196148977179,4.14508816329965,0.000401030650504439,0.0474941358905787,0.544898776103712,0.00660829048060994,8.09969749916018,0.261925572768358,0.00283350818765155,1.70652342497516,0.00823020221839415,0.0119789628224702,0.00252666606753323,1.39077668384581,0.0180420211801392,0.000446815923067644,0.00451698114637264,2.05454582447345,0.0555193388642358,1.74680697392958,0.0423147654226232,0,0.039415678262214,0.0212089551577285,0.225675825434753,4.80445063178961,0.0505309685609623,0.143780272362153,0.000875430175267082,0.000786493058029177,0.066747484156429,0.0969218732977374,0.00501277123918129,0.127673574513091,0.115439986210719,0.119590791369191,0.073380184559097,0.0233938028632077,0.00204199092267847,0.00184072566576322,0.00946752157212792,0.00292789341032663,0.00850791420470141,0.00446618901359429,0.000592641311723758,0.000234924956610649,0,0.0029825695561333,0.0160468358222314,0.00437371092338063,0.0170990623739476,0,4.72761718259425e-05,0.0174067594167048,0.000197241872881997,0.281325731298024,0.000189619398040328,0.000100866147605897,9.69088578357926e-05,0,0.00070840656122675,0,0.0628136974336991,0.00115221595784741,6.11802790270043e-05,0.000789398846101618,9.05518520815246e-05,0.0344319416053408,0.0675226616529144,0.013333454246322,0.20784774155288,0.00383918503496164,0.0009334685449801,0.00823434464762165,0.148343808556443,0.00633683285872682,0.0726972210462423,0,4.41395182559888e-05,0.00320207918258646,0.00761775341804581,0.00248208046398318
0.000421123602233743,2.9198245995603,0.00634775717288857,0,0,0,0.000932770007209077,0.00012545786975052,0.2555642299127,4.33881215413951e-05,1.87411810588649,0,6.93087094204408,0,0,0.03023205861615,0.00781024411217489,0.0631213487246598,0.0793596413140305,0,0.00145917702067511,0.610427849469052,0.0014354878988727,0.039415678262214,0,0.348604311345767,1.13345425040608,0.00388618738596601,0.000501002805576831,0.0023588138496978,0.944233412234705,0,0.00013246245733939,0.0288830810826481,0.000518295824421958,0.0325612085880752,0.426859799796942,0.289849785961678,0.0654425809571123,0.000152563941112203,0,0.318408851949167,0.00613796018755894,0.0212740052777962,0.0298115451637293,0.0131927706352496,0,0,0.00177423873098013,0,0.438013464812195,0.00898414668935306,0,0,0,0.000231621382862368,0,0.0189301205901889,0,0.0576736015461334,0,0.0440904091612296,0,0,0.00385440260051434,0.00385922947472904,0.0377184833731981,0.00898895118491132,0,0.000720373038533889,0.0972324128236179,0.00127764498660332,0.00224406905737307,0.470109442575542,0.118643029440854,0.129001711672494,0.000195944047025788,0,0.000324113958556582,0.0929891844661576,0,0,0.00517345550235279,0.000350400315346513
0.00760006728664721,0.109990804513255,1.53034367356653,6.8498017885105e-05,0.000126004224496392,0.000239437249417179,0.0201558483608217,0.00154650925413825,0.00631364365112472,0.000403528656872726,1.43173147077666,7.58369212367667e-05,0.456588035577936,0.000899274654897923,0,0.0210654241132293,1.33704813107228,1.91756371390941,2.27667592947058,0,0.0082658050497553,0.0296478840503544,0.147713555070834,0.0212089551577285,0.348604311345767,0,2.44477393596257,0.0195048318884389,0.00218071562948103,0.01440575502385,0.979322055175884,0.000250705785504388,0.000857359400149854,0.123680717706622,0.00446646367799135,0.200762765157537,0.924639642720375,0.494050669076217,0.205522545287424,0.00215018547692308,0.000774540322624459,0.0191883163883849,0.00452432679959139,0.00980085227367772,0.0147843811175844,0.00519267266926167,0,0,0,0,0.0252671845986816,0.00225745732516952,0,0,0,0.000110840073403258,3.95969443028877e-05,0.00114855632241157,0,0.0128026309711218,0,0.0243735846745383,0,0,0.0014792715063933,0.000477238811848191,0.0155330273274504,0.00306918528469264,0,0.000318137986698693,0.00397866745958357,0.000626333585670337,0.00057759241446181,0.0360040966366247,0.117487980914399,0.121830430801619,0.000766157924780473,3.09639608913541e-05,0.000386152200813201,0.0238185295115871,0,0,0.00269948879598203,0.00343228562311776
0.00695072370245611,2.42190341805161,2.17855162612758,0,5.13883892216526e-05,0.000706936125712961,0.0382942285918507,0.00238415483629477,0.0531490819624709,0.000847415931178157,0.106398699433838,8.30666737936334e-05,1.00523750236803,0.00109715703743069,9.81265700440506e-05,2.16185479276124,0.249636833841996,0.0412887712425215,0.277512540584765,0,0.0838843936440927,1.34079264638595,1.28863837050136,0.225675825434753,1.13345425040608,2.44477393596257,0,0.191324920114962,0.00266674813512634,0.0186391000769616,0.47000512924708,0.000220025681631152,0.00231050746489005,0.401737641395939,0.017049530421965,0.390762944274689,0.990720720470621,0.6699074211667,0.357236381915244,0.0187164453263716,0.00239628613640931,0.00376267285721992,0.0191560777313311,0.0184525187415876,0.0250645875612523,0.0105488982948142,0.000128720363083484,0,0.000262127056260442,0.000247930938245723,0.0960183625104532,0.0172325068436487,0,0,0,0.000616249371043935,6.79350718208625e-05,0.00882179819025331,0.000120479573167138,0.00700601518697662,0,0.0155837977902325,0.00019992317042923,0,0.0343423412706109,0.00236418277673304,0.0125034801488376,0.00679002247205119,0,0.00154767698104898,0.0570907814154738,0.0136685058416477,0.0055663549670552,0.0734041255693761,0.112245481459257,0.279327500633512,0.00342281320633898,0.000274943152472971,0.00116453617189881,0.0138140176137783,0,0,0.0058886375057808,0.0120245214992725
0.0444405310762814,0.00979626158368107,0.16876996833595,5.00452305322173,0.000291251165926641,0.088475291235617,6.04733864393594,0.0152757155089921,0.294163685263606,1.21154880243451,0.00223335990977077,0.0737086745157781,0.00621413795385752,0.016716621937798,0.00199418704758264,0.295623949666086,0.0110557803469671,0.000887691125901645,0.00360146277951133,0.601106615421412,2.34835806473618,0.063330695225416,0.531142473810417,4.80445063178961,0.00388618738596601,0.0195048318884389,0.191324920114962,0,0.0642146406014328,1.89363448363823,0.000129925106208034,0.000823621522334665,0.0861929356454068,0.197881434061112,0.0089929771281834,0.248189567620471,0.147576729474148,0.214560201593017,0.124544157472413,0.0158844468051063,0.00388193175952506,0.00228304135177728,0.0087087139555425,0.0027575540450509,0.00534513237517878,0.00358959674002519,0.00037154102818603,0.000114769502882922,0,0.00247744569516787,0.00251534052693345,0.00276057303382801,0.00616614345510828,0,4.1772408602627e-05,0.0159036158651353,0.00035585097273025,0.132907731363979,0.000159432465994407,0,3.2538915370953e-05,4.86648019466817e-05,0.000542176123820152,0,0.0187421376366811,0.000394153027589504,6.21613767093614e-05,0.000131476624148179,0,0.023602761592876,0.0331397601853231,0.00748939522791502,0.151424840463624,0.000784847651435028,0.000508027342000054,0.00282606920473828,0.127248430206492,0.00470535381358572,0.0430437705690806,6.0667072573746e-05,3.95776487004465e-05,0.00129192571942004,0.0052138311137369,0.00527182119288748
1.78263875353287,0.000347420915961838,0.00439729301532845,0.00182072978711054,0.17197201085827,0.279919125905952,0.192560657631241,1.46454303675277,0.0689342685571982,0.00693127096024039,0.00817282922314033,0.000897541267565572,0.000361634033964699,4.43633545809198,0.0028587142873868,0.00119709488105867,0.0255081727941007,0.00182531048839117,0.00270877651559256,0.00461787876877244,1.30331131083857,0.00130635154841973,0.417564400007058,0.0505309685609623,0.000501002805576831,0.00218071562948103,0.00266674813512634,0.0642146406014328,0,4.21672558036764,0.000109062873900274,0.487950232323574,1.7416974829339,1.73746772870724,0.000225260216391213,0.0133583484454687,0.0100024845453096,0.426030026559248,0.0503666783323862,0.529512800091012,0.586501620125078,0.000410772680972503,0.000259495207697961,0,0.000225054574725187,2.83326616725968e-05,4.45767135010171e-05,0,0,0.000286617975947059,0.00011258905983233,0,0,0,0,0.00126074355173576,0,0.0112847939465613,2.34665752283356e-05,0,0,0,1.90206035876792e-05,0,0.000248627264707428,0,0,0,0,0.000126701670618266,0.000310674110911466,7.60442513391017e-05,0.00822320975571121,0,0,0.000210829519185298,0.00622331884877317,0.000163907242869268,0.00222031511268124,0,0,4.48673396744046e-05,0.000252765082758518,0.000275041568341512
1.30834496151697,0.00395759370581272,0.142825147588245,0,0.000573932127014638,0.00147891320175755,1.80594395679589,0.017046666874386,0.0896698568525134,0.00127209293313088,0.0011449406350925,5.7863472837226e-05,0.00155592425712658,0.174465426093908,0,0.0426954279572058,0.0339588499687981,0.000319478539769228,0.00329943374169963,0,6.41383581076614,0.0262358001517887,0.441824276881233,0.143780272362153,0.0023588138496978,0.01440575502385,0.0186391000769616,1.89363448363823,4.21672558036764,0,5.13881485847151e-05,0.00170997405711515,0.789538315134823,0.790497555561701,0.00210050611672631,0.0876206071906298,0.0734523258732676,0.171786610344294,0.0578276276936519,0.00548775490426758,0.00356938341117337,0.00073811869551562,0.00249827695530465,0.000215721306986274,0.00275639910261174,0.00105786706717881,0,0,0,0.000773695758935812,0.000549188713862805,0.000654735733683437,0,0,4.87573306190603e-05,0.00410769323531791,0,0.0458127058854412,0,0,0,0,0.000167940946488283,0,0.00641607828746568,0.000128392592596257,0,0,0,0.00519188145665394,0.0077563363288221,0.00212823215932551,0.0410724976333671,0.000495592698799155,0.000180938103553236,0.00111084099973666,0.0394899179620022,0.00211807843757547,0.0168309100259592,0,0,0.000646377451320817,0.00207767960229716,0.00142864627278719
0,0.0213282712268141,0.00309107117509324,0,0,0,0.000105499096381459,0,0.00662504193436033,0,0.620509820660256,0,5.19159980155943,0,0,0.00176208762188801,0.000663558221333602,0.0379680871468551,0.0352102650827238,0,0.000186973119283952,0.010105445868836,0.000851025307784092,0.000875430175267082,0.944233412234705,0.979322055175884,0.47000512924708,0.000129925106208034,0.000109062873900274,5.13881485847151e-05,0,0,0.00036732874265067,0.00594667371047105,0.000185834748744691,0.0155649420876179,0.166610251585608,0.1105955314206,0.0571135064276234,0.000290550958795457,0,0.0668739055817397,0.00125411269580371,0.00282154698448437,0.00498328402734115,0.00450026906059843,0,0.000526280128426496,0.000765111059526653,0,0.00628040350838927,5.53621367710799e-05,0,0,0,0,0,0.000170802622050718,0,0.00697198978568766,0,0.0229437131538826,0,0,0,0.00010479653971314,0.0156423513593688,0.000611071026983323,0,0,0.000364301021535134,0,0.000124111718201069,0.0464228783229,0.03323332706699,0.0221911937302979,0,3.15440721923403e-05,0,0.0429149660174824,0,0,0.00211289772137045,0.00010634218037446
0.00183015325011252,8.49553050086098e-05,0,0,1.65717735757107,0.220515241463141,0.000212454685888678,0.126288102454072,0.00141190812890013,4.12258944042908e-05,0.00150173454693324,0,0.000137559725763112,0.16944608352906,0,9.96032680171946e-05,0,0.000469719416806985,0,0,0.00189322449788486,9.34500137069784e-05,0.000583785946873534,0.000786493058029177,0,0.000250705785504388,0.000220025681631152,0.000823621522334665,0.487950232323574,0.00170997405711515,0,0,0.0114767405901827,0.243980033692731,0,0.000799412294540404,0.00154620725015576,0.0734871300648361,0.00258184451469533,0.212071360736005,2.07999165106518,0,0,0,0,0,0,0,0,0,0,0,0,0,0,0,0,0.000487496262142648,0,0,0,0,0,0,0.000134229675673324,0,0,0,0,0,0,0,0,0,0,0,7.31593541342382e-05,0,3.26733060061373e-05,0,0,0,0,0
0.0969927405532466,0.00104734118322862,0.00196649815896893,0.00396232126615826,0.010008130500558,0.00367224169583082,0.119932387130613,0.0120977572464484,0.148985176946121,0.00444929995363154,0.00243186871391509,0,0.000160321382134455,0.0358577499295288,0,0.00294917691888017,0.00192207687335967,0.000767440933542449,0.00215044413359266,0.00296204574169805,1.83781745612144,0.00374666349773277,0.141900810791817,0.066747484156429,0.00013246245733939,0.000857359400149854,0.00231050746489005,0.0861929356454068,1.7416974829339,0.789538315134823,0.00036732874265067,0.0114767405901827,0,1.5394690245597,0.000188724420089988,0.0327052156200105,0.019992844746746,0.48407064985943,0.127323117830816,0.0150896997690914,0.0366080803701838,0.00223556867297434,7.35868689766533e-05,0,0,0,0,0,0,0,0,0.000238286930932094,0,0,0,0.00151230905382471,0,0.0323847964917823,0,0,7.63810264026565e-05,0,3.12918906080297e-05,0,0.000369516696495527,0,0,0,0,0.000400462486550675,0.00265239084046795,0.000292133785466389,0.00849971260278048,0.000231884593897462,0,8.62404861404244e-05,0.0068095634676581,0.000137466766607442,0.00276328146913598,0,0,0.000408591419815429,8.01787541753873e-05,0.00040354069621324
0.242472847798827,0.0679774460758367,0.229644003815413,0.000362782939998696,0.11005609642601,0.112464374440704,0.0664062506934258,0.0685640111261941,0.0665771259146534,0.00167284138687131,2.14013994097625,0.00103946869188624,0.0263370160830428,0.264955146706919,0.000374506286292438,0.158995535623336,0.298633995926824,0.0886865449307764,0.354909391974639,0.000349799702751024,0.487122324344279,0.0532799866156131,0.587753654479028,0.0969218732977374,0.0288830810826481,0.123680717706622,0.401737641395939,0.197881434061112,1.73746772870724,0.790497555561701,0.00594667371047105,0.243980033692731,1.5394690245597,0,0.00572925081525412,0.339255358491849,0.883009632142482,7.69189410171699,0.534365450144031,0.290194181105189,1.38598927463661,0.0393745178588003,0.00259576147725235,0.000917100176207541,0.00176852209916243,0.00187239163505405,0,0,0.000409747087332931,9.08355654461596e-05,0.00687484819620272,0.000725386954506524,0,0,0,0.00102412239632424,0,0.0166186754472002,0,0.000171505848164298,7.62863919050996e-05,0.000816467077020945,2.07410692963306e-05,0,0.00874192923591081,0.000521239462820981,0.000523523818021119,0.000393070071079055,0,0.00172972041981393,0.00658195228968124,0.00177617932100914,0.0102291899134664,0.00269945516947342,0.00473344529876411,0.00995606785339511,0.00584803462307745,0.000147625728217231,0.00277423610771107,0.0020664168972586,0,0.000113915815269476,0.000563273878081848,0.00248316577109069
