0,0.004584925326147,0.241229636573333,0.0032251479209305,0.000810029277834974,0.00908646869457599,2.8791821668861,0.637151646240597,0.00215828578463196,0.0416092975723325,0.00219795554535379,0.000858887135779735,0.000413824162754185,4.63609521872977,0.00133336519083484,0.00515964509807752,0.109489304115618,0.0013252832939722,0.0206761510291207,0.0033283843635819,0.0628564907961602,0.00159996806662106,0.147687834276044,0.0166815690991502,0.000577969373259383,0.0238182415249639,0.0309734945931606,0.0628854460458503,0.834809721724345,0.562250177634216,0.000228329695281419,0.00545412251385676,0.0104038475767712,0.0790600947448643,0.000725360762648273,0.0280876653037427,0.0526713067278972,0.0853336461327352,0.0298812269992152,0.0176880666831686,0.00168633532920089,0,0.000178267678427678,0.000840739715147545,0.000399091299452259,0.00168800704605718,0,0.000172158861942922,0,0,0.0022271715153566,0.00111813823026098,0,0,0,0.000780317986546855,0,0.00420514091157997,0,0,0,0,0,0,0.00191371623122238,0.000160399894009424,0,0,0,0.000426530681678595,0,0.000641018356811675,0.00454042811941398,0,0.000427644372146208,0.00182686580715256,0.00159477652901011,0.00103373090086446,0.00143893089320917,0,0,0,0.000122213679941066,0.000439717521358087
0.004584925326147,0,0.357670797616845,0,0.000304845695335666,0.000205338762004209,0.0020230945609743,0.00114780494626099,0.28971473641577,0,0.00553926689061881,0,0.0280297577802946,0.00103251727850666,0,0.111316026000757,0.078424906236222,0.0200787139843476,0.0429041557801656,0,0.00119560134942133,2.31002853555291,0.0181866776276407,0.086809986250894,1.7490340939598,0.184449085434971,1.32880788873125,0.00227218487181708,0.00181071843844014,0.00170362661057317,0.0241993337883692,0.000243352591586164,0.00212944389391776,0.0357256418897547,0.000974613392397194,0.0318686456775784,0.0736900177911669,0.106033756892289,0.0284215889411533,0.00122845818428188,0.000797147589238351,0.00707812956477276,0.0115210392369293,0.0150788596099656,0.0217401576578998,0.0217475775066857,0.000723906764119488,0,0,0,0.990210731003546,0.168492977936699,0,0,0,0.000736876062942442,0,0.00134207359175742,0,0.00103261318910093,0.00032442886717432,0.00251342323779823,0.000463668165347304,0,0.00551446577080713,0.0256962088896479,0,0.0150689950138512,0,0.00062834219168004,0.211313348629484,0.00370513782539184,0.00166889429691676,0.0406960952314621,0.0837484238484518,0.295061787358551,0.00108978662653953,0.000234905446047576,0.000911770482101575,0.0016086404304942,0,0,0.00627430153424068,0.00063333688235386
0.241229636573333,0.357670797616845,0,0.00085822689722001,0.000102040083625549,0.00556044917550041,0.177230927462018,0.146945862343026,0.00370468960006323,0.00233520130185343,0.00353963987955224,0.000552766995130296,0.00264119058961436,0.113242542909537,0.00343076033165967,0.0151302767591129,1.51226832781796,0.00493037855819842,0.113111970430124,0.000623021802266151,0.266433712257509,0.0163343940216755,4.50680437892677,0.00847534321969161,0.00495974659316204,1.97597583399756,2.01692297514217,0.0785292392038153,0.073931149093283,0.166102474189107,0.000533671201368195,0.00220776983242014,0.0155446856505193,0.28227451325962,0.010080019783802,0.306548563209135,0.769721091239674,0.849932871160598,0.210690284539643,0.0328385594471363,0.00666900908899721,0,0.0105364227403851,0.0116668078672779,0.0120407894438579,0.0100518678763106,8.49351695266648e-05,0.000416594782675847,0,0.000188154978752875,0.0934933099966828,0.0475869340592846,0,0,0,0.000846607980164603,0,0.000656482079885966,0,0,0,0.000287020918558489,0,0.000560793443694252,0.00805320768447321,0.00621907171137357,0.000221020084939507,0.00101407053869785,0,0.00171051358872226,0.00481170314619446,0.00980151221725731,0.00437624353880395,0.00378380328944767,0.0357764037463907,0.13799410129004,0.00261783058240636,0.00011047166300019,0.000986925564222471,7.47546815836712e-05,0,0.000193576498343957,0.00331859379320939,0.00522739622277132
0.0032251479209305,0,0.00085822689722001,0,0.000248987904037847,0.0541885864101592,0.0460234666734533,0.0525487848276016,0.651136282357952,2.60054645559158,0.00111761435780201,2.26271993507766,0.000376158267493725,0.0257772805749382,0.00374832246380113,0,0,0.000243925438576487,0.0012977152889586,20.7964160832773,0.000386210344847347,0,0.000674219873994658,7.66518619953929,0.000882311665279363,0.000470139084892283,0.000576036411090115,3.91984643662237,0.0240057214410106,0.000911728295630121,0,0.0032928874288011,0.000770791930744332,0.0124105908775321,0.000123215480858825,0.0252588534892006,0.00273080334953832,0.0361488939258246,0.0137457854969098,0.0609090450070895,0.00288212862449378,0,0.00222900459048679,0,0.00108818355244138,0.000861509867112562,0.00430396622876144,0.00111380625722666,0,0.000225744991981414,0,0,0.549560147245614,0,0.00097111997718622,0.00803980491374062,0.00110743315681399,0.0438540696272805,0.00690179796754059,0.000217865999890439,0.0211600671517307,0,0.000945971011656839,0.000468667467325309,0,0,0,0.000132659501852414,0.0556776877246723,0.000114014145672409,0,0.000148477514634573,0.0539090299137282,0.000127153738016136,0,0.000177092197843601,0.0320630276933545,0.00112075306480618,0,0,0,0.00127918189921723,0.00119156435826731,3.90622608282768e-05
0.000810029277834974,0.000304845695335666,0.000102040083625549,0.000248987904037847,0,0.677121514924759,0.000257493444907063,0.0165395768711957,0.00106023830785683,0.00034790309105949,0.00632155157646012,0.00051470650236593,0.000541917965436905,0.00415110446893254,0.0101034193897242,0,0,0.00117261068286188,0.00228614324846882,0.00200601006224809,0,0,0.000481098793137218,0.000534838863288679,0.0014572931372739,0.00115369573714805,0.000182865850220355,0.000419539532192878,0.137642132569307,0.000171131575787355,0.000943293113054005,2.09968750367147,0.00039257335798799,0.0867861679549271,4.3262934058558e-05,0.00377204051190492,0.00115708923289961,0.0235865188991788,0.0132407052227963,2.27045686252022,3.41288318049745,0,0,0,0,0.00023447259636526,0.000194928821405701,0,0,0,0,0,0,0,0.000381820391160487,0,0,0,0,0,0,0,0,0,0,0,0,0,0,0,0,0,0.00013426354356583,0,5.26281853260951e-05,2.90807875523999e-05,0,0,0,0,0,0,0.000431175453282067,0
0.00908646869457599,0.000205338762004209,0.00556044917550041,0.0541885864101592,0.677121514924759,0,0.431136582385551,3.2560663722881,0.0368082361931055,3.07906339447915,0.023385429413153,3.85809585247673,0.00379834883733656,0.100150097933713,1.21619338011644,0.0013338739673775,0.00125193982505234,0.00424811342730779,0.00703415242940141,0.162939162725955,0.00211228241854073,0.000883919127588582,0.00424310798863843,0.0646931045420455,0.006505922531132,0.00651410077345354,0.00465152226793319,0.236679277593515,0.123918834530656,0.00480304123534374,0.00219503582373208,1.11879972586743,0.00213628006102495,0.105590347443073,0.153249309804931,0.0329251595574624,0.0130514128512592,0.139598940666952,0.0591516388127818,1.59615786849476,0.387348922898511,0.000691667919741776,0.00112327845818165,0.00020781042738228,0.00102020158583903,0.000111840609231698,0.00139711815355247,0.000838000626743177,0,0,8.37881251635961e-05,0.000370325031151431,0.00101872238752136,0,0.000185580210415154,0.0026652720209178,0.000316379717604461,0.00435463995765229,0.00105662837814524,0,0.00217773108335469,0.000564078303076786,0.000352892740615068,0,4.80131048887077e-05,0,6.50328120862837e-05,8.12508131250271e-05,0.00232019791059525,5.65372767218943e-05,0,0.000185115303826776,0.00906267949307128,0.000854808670254928,0.000827506949300148,0.000836204441187299,0.00543644208035265,0.000735777317801977,0.000520855462525571,0.000593585221468932,0,0,8.59839719057249e-05,0.000357463374185705
2.8791821668861,0.0020230945609743,0.177230927462018,0.0460234666734533,0.000257493444907063,0.431136582385551,0,1.26316340553034,0.0925530509755434,2.3034303843423,0.00290309803406018,0.0442716608584779,0.00113857587027503,1.8336366314192,0.00843685033301568,0.0153604821383404,0.0140303922140611,0.00118601650158717,0.00526723493312622,0.0224683951852508,0.0846660183785058,0.00483276096043043,0.25729846720228,0.231880882235379,0.00106203284485714,0.0188289274695836,0.0839269994870699,4.43391403104761,0.1859647810683,1.98098212934407,0.000157829336723488,0.0101917211878999,0.0151490914984382,0.070160616411488,0.00280174996070267,0.147750176250321,0.04349831274613,0.149837695739268,0.0662677002662672,0.0552897344507311,0.0106948823995828,0,0.00904741378313163,0.000797383143999234,0.00856320174186779,0.00396886129270506,0.00255302843115403,0.00102856119258215,0,0.00247910185690121,0.00154653744560925,0.00189210296180086,0.00166713092928648,0,0.000212182426883931,0.0402877714206203,0.00220816240541181,0.0215580287796523,0.0041633029022589,0.000454507231332358,0.0019693280504999,0.000102108055046497,0.00432385893848581,0.000311743798858937,0.00430484210483596,6.29186008040475e-05,0,8.27643173251951e-05,0.00374506877522039,0.00203064894914976,0.00180211278543466,0.00298180997578417,0.112949299919917,0,0.000422033991626984,0.00443437882279869,0.0651097074145184,0.00911479373029,0.00562942211736803,8.31690134207885e-05,0.000374379960945991,0.00294575718959439,0.00464956055960248,0.000595312152303639
0.637151646240597,0.00114780494626099,0.146945862343026,0.0525487848276016,0.0165395768711957,3.2560663722881,1.26316340553034,0,0.0159845618770246,1.17308331224688,0.0459649975289057,0.135804462994907,0.00519831635247522,1.64559855678521,0.0296865543916867,0.00303160807971342,0.0352711521183426,0.0156204293597367,0.0256919656729363,0.192508352352802,0.0280639619493255,0.00141878184905019,0.0986524043457139,0.0697479053844182,0.00989504767774997,0.0284288748657516,0.0424427679428283,0.236843183988306,0.556552213773268,0.145366577606469,0.00167011079899474,0.757499654572129,0.00526289521155218,0.188629299021478,0.00110466910155527,0.058284247450353,0.0427187612694389,0.257279789537714,0.0696610316542131,0.455935841570652,0.137357416627461,0.000720816205493992,0.00255513798891039,0.000662643668674445,0.00125606592598256,0.000582918299995141,0.000967597108372478,0,0,0.000246721590107572,0.0010396947148567,0.000368186486927959,0.00147291418146329,0,6.30167079481098e-05,0.00546818599224687,0.000650391006174523,0.00513982625954384,0.000340306229519389,0.000381814163171007,0.000664144681894589,0.000672513899280254,0.000568245467143801,0,0.00172080335492182,0.000178956413929624,0.000262354242171294,0.000163632105607547,0.001602674470276,0.000489436873954341,0.000499551752108713,0.000709039801951018,0.0168793815515279,0.00281744446947454,0.00177167502361022,0.00326814266033404,0.00952335087424156,0.00178143075740259,0.000773124387362059,0.000740735739504792,0,0.000291175123805623,0.000245475871740554,0.000225796437674903
0.00215828578463196,0.28971473641577,0.00370468960006323,0.651136282357952,0.00106023830785683,0.0368082361931055,0.0925530509755434,0.0159845618770246,0,0.0575968517177217,0.00157544248029979,5.98303689948848,0.00905341401817777,0.00842240841650699,2.24534133668056,0.0382304943440323,0.00163176688768342,0.00385792383835959,0.00539984228407905,1.77171384085487,0.000922100829177402,2.97844470460538,0.0028494808534253,8.18962670992568,0.230976476275011,0.0102015984824842,0.0918097143748164,0.479884597123503,0.00976302005591945,0.00488475330338932,0.00425301457610647,0.00135340853321274,0.0032624273193807,0.00509460570361387,0.000104584958928456,0.380875917791852,0.00366177468927487,0.0129816241252025,0.0113009849137569,1.84125679419429,0.00193164003148438,0.00138971362422946,0.0249485905506326,0.0027179320717524,0.014605543760783,0.00801173306083773,0.0394690924821279,0.00540715964119878,0,0.00693418711459186,0.00588687012128273,0.00296424231018036,0.0698790086836917,0,0.00400640230058064,0.054421920363085,0.00845840649643358,1.09330394321437,0.0366965251489227,0.000513644719407881,0.0580996673394438,8.64964573785631e-05,0.00681065904944727,0.00200687973494153,0.032420048030123,0.000452602616302341,0.000238067708566495,9.60541759029536e-05,0.182528836057225,0.00372753169635879,0.0881644804231881,0.00595465990251995,0.459917176002624,0,0.000703127668700956,0.00460272700237133,0.147741308589869,0.0140261208002132,0.00938292238107109,0.000310431045235978,0.001519907778579,0.00460209896330998,0.008355494967428,0.000231262437375311
0.0416092975723325,0,0.00233520130185343,2.60054645559158,0.00034790309105949,3.07906339447915,2.3034303843423,1.17308331224688,0.0575968517177217,0,0.00299664386378985,2.34259826743767,0.000988788425500736,0.640638256910058,0.00746543629815012,0.00155356012408661,0.000761650257405919,0.00155315663452925,0.00167465872686176,3.85660424792258,0.00191036340092361,0.000251311699013897,0.00365104370559201,0.20788667400391,0.00117812809908786,0.00206474816172261,0.00376655723466243,2.92443449930283,0.0996088790341202,0.00297882313111955,0.000325452872679711,0.0114401734664131,0.000813982936742109,0.0456805283584446,0.0426903030251747,0.0678853423712396,0.00593932881113203,0.099457961903456,0.0276492685045702,0.124324277990179,0.00772093685688764,0,0.0013700546951665,0,0.00034296749948258,6.5548525188518e-05,0.00209457965238377,0.000249874757050289,0,0.000435670320874089,0,0.00023003695551529,0.00461418684321983,0,0.00033432409581122,0.00608667132310685,0.00103754191656299,0.00504286071169206,0.00225612186585886,7.87994851652509e-05,0.00230914485373292,0.00019718997298921,0.000498823853277727,9.50916872529441e-05,0.00012123368941203,0,0.000109620547619613,0,0.00401562382960766,0.000106027778153477,0.000193636120496436,0.000269136080204126,0.0179101325630992,4.73875926567183e-05,0.00021808347624025,0.000456773424978007,0.0092790470780873,0.00109328386152267,0.000251314184171737,0.00011869268661918,9.81644826153309e-05,0,8.76894236752812e-05,1.8540136403903e-05
0.00219795554535379,0.00553926689061881,0.00353963987955224,0.00111761435780201,0.00632155157646012,0.023385429413153,0.00290309803406018,0.0459649975289057,0.00157544248029979,0.00299664386378985,0,0.00248607597163456,2.97134185969555,0.0182420104383389,0.000557385173092263,0.000295597647511399,0.0490096125793743,2.27129506237949,1.3604590462615,0.00397490851121921,0.0015689551590411,0.00266044917900249,0.00262286621004052,0.00181459786327887,1.05756467894117,1.03494236295735,0.0542018667031503,0.0022072200318285,0.0698375419895792,0.00201242997248725,0.622612659272861,0.0507719666832484,0.0016476353425793,1.26439363596466,0.00102551794824577,0.0731443823320917,0.867919183096535,1.17481998477714,0.0352192426531637,0.0295600301414907,0.0466312553633607,0.798511449948051,0.00475243382539728,0.0273745398313859,0.0177693063568394,0.00190948342161955,0,0,0.0101605517524244,0,0.0026744284474582,0.000227046885221705,0,0,5.78838109722979e-05,0.00028286115298914,0.000488363477643361,0,0.000170258239680417,0.052426531711972,0.000182713710712459,0.124991700401983,0.00054097190307259,0.000108215643903878,0,0,0.026806303708117,0.0051125105719001,0,0.000106740324623853,0,7.50742428561875e-05,0.000242915983757097,0.150226600878024,0.057317201012605,0.0303671939984965,0.000121279318344881,0.000863723570289162,0,0.0762107934601942,8.24544245047881e-05,0,0.0043785536890931,0.000325681271694669
0.000858887135779735,0,0.000552766995130296,2.26271993507766,0.00051470650236593,3.85809585247673,0.0442716608584779,0.135804462994907,5.98303689948848,2.34259826743767,0.00248607597163456,0,0.0002766777324854,0.0431161110724192,1.07897463444356,0.000163261048394231,0.000235956545599558,0.00159571207783986,0.00218252116006528,12.395903495979,6.94997837973718e-05,0,0.000300463043058014,3.00282482179086,0.00108914439741326,0.00172924816210462,0.000816817159311149,0.12362954897503,0.0441148636638599,0.000803242663714739,0.000560820736342383,0.0158521624349447,0.000360364296380649,0.0225941587647796,0.0479601890451834,0.112094955737037,0.00391450317051647,0.0473408468839876,0.00894026465820378,0.689447696703969,0.00908854314905914,0.000435414714030109,0.00701444876109881,0,0.00104688970440605,0.000641109237884428,0.0248132597385073,6.40815390411152e-05,0,0.000168691399381082,0,0,0.19327873700202,0,0.000886245892663161,0.00615596429041763,0.000550794187090531,0.0452967208014007,0.00794687874811339,0,0.146453443475636,0,0.00124944906032114,0.000374055554183595,0.000109846943107591,0,0.000169374726290269,0.00023858053596947,0.0551398090702011,0,0,0.000240257606086223,0.240509478428826,0.000182631674358488,0.00013064302543273,0.000215140545731997,0.0132943515689095,0.00100994221360131,0.000419356005735838,0.000291394390378959,0,0.000188300899659391,0.000572159537408721,0.000282165479415464
0.000413824162754185,0.0280297577802946,0.00264119058961436,0.000376158267493725,0.000541917965436905,0.00379834883733656,0.00113857587027503,0.00519831635247522,0.00905341401817777,0.000988788425500736,2.97134185969555,0.0002766777324854,0,0.00124578235540604,0.00340848808683478,0.00210809582643572,0.00118322632270127,0.0514053568218464,0.0136394123421183,0.00148239077963528,0.00170325200152777,0.015354259771964,0.00535442745995016,0.00348257981706237,3.97287957238914,0.257943203888117,0.778484291230986,0.000953571468034991,0.00877844225439756,0.000711915722483101,4.97025435619061,0.00786243365645809,0.00116597914327592,0.063465088166019,0.00694907690413283,0.86319036608529,1.12308231141422,0.708563101614068,0.970569567260645,0.0136701264614174,0.0525192269562537,3.9761860530169,0.317947921269379,0.0288970032183949,0.0294196010053691,0.0623902514424172,0.00208648315235843,0.00596616734879363,0.0343595851234148,0,0.00283102865560857,0.000778851840211518,0,0,0.000238607267725295,0.000265091918080176,0.00018151368574707,0.000633229897455893,0.000436764133935218,0.3421824861574,0,0.143977628322007,0.00013485455255975,0,0.000380971893890365,0,0.0203237986731495,0.00221949913701672,0,0.000952978286950439,0.00105014168277772,0.00262191808699901,0.000625396441836394,0.151306789916014,0.0341872796385181,0.0137884833653189,0.000302169761829021,0.000593727671342618,0.000298459109863366,0.0546482758120263,0.000697753534711224,0.00011794855272716,0.00774656756189987,0.00275450369611283
4.63609521872977,0.00103251727850666,0.113242542909537,0.0257772805749382,0.00415110446893254,0.100150097933713,1.8336366314192,1.64559855678521,0.00842240841650699,0.640638256910058,0.0182420104383389,0.0431161110724192,0.00124578235540604,0,0.00621041513254343,0.00374748681282501,0.0434841737931434,0.00695367329774764,0.0214379185016946,0.0901516112466578,0.0300321265203103,0.00115756612769443,0.076385732391911,0.0491661581084696,0.00492183279601791,0.0194528884912665,0.0313038384787331,0.153139758233952,2.56341873939043,0.200914684195738,0.000744221634768975,0.586270083526619,0.0124608203249149,0.254163615001902,0.00127320728257235,0.0646567486749533,0.0291910238809639,0.15995989048306,0.0274076667335548,0.263878311469086,0.0265114019449731,0.000151824772570058,0.00164848992856686,5.33848100868367e-05,0.000624097237529195,0.000879902870546331,0.000365930565587185,0.000217572463551308,0,0,0.00153364313065311,0.000253484036812436,0.00025802672255242,0,8.88889130654189e-05,0.00260294493911971,0.00029731467982003,0.00217858153736572,0.000193021243565697,0,8.21202890398786e-05,0.000532507616283324,0.000557245976090715,0,0.00212487684949664,0.0001995243443366,0,0,0.000420899635477997,0.000409019377039009,0.000186678658126993,0.00063851383734792,0.0120542128335005,0.000683189112649564,0.00107709924524686,0.00289804846915419,0.00536752970250142,0.00112148142188147,0.00157397222673312,0.000306332968372925,0,0.00066583191861684,0.000388938365824182,0.000271639360303141
0.00133336519083484,0,0.00343076033165967,0.00374832246380113,0.0101034193897242,1.21619338011644,0.00843685033301568,0.0296865543916867,2.24534133668056,0.00746543629815012,0.000557385173092263,1.07897463444356,0.00340848808683478,0.00621041513254343,0,0.0113197422875513,0.00137449772823731,0.000628755489638456,0.00199995014725664,0.0762739540639591,0.0222510687790345,0.00251956710615557,0.0509091007760405,0.0604075392759892,0.000523216668395554,0.00155761023562948,0.00790705613558327,0.0100783381443655,0.0102339549972248,0.0141863472389866,0,0.00802875505340998,0.000924721341488022,0.00915727231957625,0.0714718734756588,0.229139546378112,0.130283957947299,0.0644809888552379,0.0652415559681191,1.69146784593032,0.0140212451298329,0,0.0210332488811328,0.0165365986514844,0.00873993709037767,0.0238515845405987,0.0107593441730267,0.000840058501290444,0,0.000295210723048465,0.00147153342962008,0.00366951067180535,0.00138196766286989,0,0,0.00090553391947825,0,0.00353531699426951,0,0,0.000809952527899435,0,0,0.0205379164953307,0.00207180904564557,0,0,0.000932465201088833,0.00107503658729541,9.47811477688965e-05,0.00223772215638569,0.00435121858159676,0.00257161927668146,0,0.000508396766129313,0.00240610372140715,0.00202428563388749,0,0.000872499399502995,0.000520851018983776,0,0.000689526685721704,0.000483980195564018,0.0294882307708799
0.00515964509807752,0.111316026000757,0.0151302767591129,0,0,0.0013338739673775,0.0153604821383404,0.00303160807971342,0.0382304943440323,0.00155356012408661,0.000295597647511399,0.000163261048394231,0.00210809582643572,0.00374748681282501,0.0113197422875513,0,0.00889871356123581,0.000654129600293854,0.00353807335789552,0.000761092380360331,0.593507443826883,5.19281184338344,2.76705247604296,5.4082523884767,0.0358391553847047,0.00613959758605363,1.85820434824127,0.928184913476942,0.0176694098252905,0.0602746367014147,0.000556968685377895,0.000522264985220406,0.0250308607503312,0.0482062497395537,0.00780423190914505,0.271374334072128,0.537535515860467,0.172544213864926,0.116333957393538,0.0546651369521082,0.00451675326082007,0.000307865017605709,0.0854602823968371,0.107759931662962,0.0530724681209761,0.039967269543655,0.012055401416426,0.00241574117664097,0.000540163307210857,0.00117721565149657,0.0102185816805194,0.0146657221001912,0,0,0.000924027414897589,0.0118011458565157,0.000889441641372774,0.0483724835818024,0.000347631784629546,0.000815741732070357,0,0.000339271475269208,0.00085295397304263,0.00427054793065071,0.933334870833409,0.0026981229320101,0,0.000503365782481835,0.00020027547808312,0.106396881510061,0.550079916002394,0.24720951182226,0.104059033626994,0,0.00196979322264212,0.067157541161243,0.0767210653610111,0.00837745441403915,0.0649982610995026,0,0,0.007291445332007,0.0147846105027897,0.00219826142987424
0.109489304115618,0.078424906236222,1.51226832781796,0,0,0.00125193982505234,0.0140303922140611,0.0352711521183426,0.00163176688768342,0.000761650257405919,0.0490096125793743,0.000235956545599558,0.00118322632270127,0.0434841737931434,0.00137449772823731,0.00889871356123581,0,0.0255538543827956,2.78099039776983,0.000569957882632137,0.102178420161037,0.0125619807256388,1.84668156067624,0.00371594839574925,0.00654584496175925,0.935417238499725,0.423436470768746,0.006967379015317,0.287946292596976,0.106142189736274,0.00289649027584715,0.00112589372925977,0.0339700267846954,0.734309286003588,0.00110237536509944,0.0684717154293446,0.506747170856769,0.391525802021828,0.0636374657323971,0.0122467192242626,0.00212348232354388,0,0.00348992946799516,0.00411379433184382,0.00654019944625449,0.00461812202116382,0,0,0,0,0.0524451580733485,0.00968263612544219,0,0,0,0.000302004114945922,0,0.000758771886549995,9.94459721359933e-05,8.94030659512714e-05,0,0.0013749274251149,0,0.000162727535067943,0.00167934844527583,0.00388842254523639,0,0.00308262089393521,0,0,0.000772485728948863,0.000665174287998171,0.00065731236586209,0.00407845359041732,0.0283381556287545,0.0338785430709304,0.000342225777974937,0.000155646130099003,0,0.00037428576499382,0,0,0.00265647608924213,0.00102815950830283
0.0013252832939722,0.0200787139843476,0.00493037855819842,0.000243925438576487,0.00117261068286188,0.00424811342730779,0.00118601650158717,0.0156204293597367,0.00385792383835959,0.00155315663452925,2.27129506237949,0.00159571207783986,0.0514053568218464,0.00695367329774764,0.000628755489638456,0.000654129600293854,0.0255538543827956,0,2.9728790476966,0.00187712621352621,0.000444148176190445,0.00980091419215653,0.00211208379046284,0.00192941965383742,0.341264775182309,0.534805337106651,0.0790738317771368,0.00117008821995067,0.0912533228926468,0.000885409661687639,0.0381715070392408,0.0119007882403266,0.00138832407538537,0.18880788620778,0.000848482780081521,0.0648588920008841,0.230332071059945,0.217203398153118,0.053629262090543,0.013555025409702,0.0076406008234823,0.00131219271891765,0.00388035890074667,0.00563132622406818,0.0137506506486557,0.00195928549923452,0.000139100471877086,0,0.000670640451506999,0,0.00268497166812731,0.00016068422407451,0,0,6.67181696565665e-05,5.2568463070341e-05,0,0,5.17179031157052e-05,0.00789335786370439,0,0.0216680276949722,0.000127073371088044,0,0.000262409534767874,0.000452985891692625,0.0200383629781133,0.011208597663829,0,0.00016193002966465,0.000268385619372466,0.000203362105078648,0,0.090084454820198,0.0320301435870499,0.0267573436796631,0.000162730132938887,0.000554083856300211,6.12729396628087e-05,0.0187190423937306,0,0,0.00409049598424922,0.000588035461217678
0.0206761510291207,0.0429041557801656,0.113111970430124,0.0012977152889586,0.00228614324846882,0.00703415242940141,0.00526723493312622,0.0256919656729363,0.00539984228407905,0.00167465872686176,1.3604590462615,0.00218252116006528,0.0136394123421183,0.0214379185016946,0.00199995014725664,0.00353807335789552,2.78099039776983,2.9728790476966,0,0.00685646558599597,0.012140896504826,0.00973305808429572,0.0526306199766877,0.00410319668462347,0.10913692444979,1.16396281146787,0.304517282426945,0.00307261339434975,0.0477791106370244,0.0194155062578082,0.0254385721216933,0.0127042337995159,0.0141929793440977,1.17638987674441,0.00387792043087608,0.303770088333624,0.748204284822513,0.896108877390994,0.217432407435658,0.0228363247292412,0.00364141077113759,0.00205245183828437,0.00967198482228042,0.00741644709830673,0.0192258515795016,0.0101162059912094,0.000123326077675141,0,0.000655738934034492,0,0.0381861231933674,0.00302706229746349,0,0,0,0.000310348722727521,0.000305842358512607,0,0,0.0010669680075505,0,0.00346693840555611,0.000339395918734386,0.0021574164388416,9.57047817894711e-05,0.00440961598957809,0.00680636663142723,0.021278067501878,0.000149941628115529,0.000173466904249298,0.000374080988129778,0.000872282593197948,0.00025404745434424,0.08169096077895,0.0521026992850764,0.0504598739265607,0.000114456456725916,0.000717819378335463,6.58224995960244e-05,0.00335297688060805,0,0,0.00595260119341715,0.00264200604958504
0.0033283843635819,0,0.000623021802266151,20.7964160832773,0.00200601006224809,0.162939162725955,0.0224683951852508,0.192508352352802,1.77171384085487,3.85660424792258,0.00397490851121921,12.395903495979,0.00148239077963528,0.0901516112466578,0.0762739540639591,0.000761092380360331,0.000569957882632137,0.00187712621352621,0.00685646558599597,0,0.00035945557459376,0.000271487880471002,0.000905155810256144,4.628520684592,0.00468162151725211,0.0018196349490071,0.00110533448808088,0.493394658800435,0.0814943788589632,0.000468039077282306,0.00158509281387119,0.0213523251300092,0.00316240080270717,0.0491508165322404,0.000258577898487224,0.0526224155780084,0.00620770840954324,0.11912742540313,0.0331242135786232,0.380377397844176,0.0199502120514282,0.000808420383617788,0.00533446462323509,0,0.001635744158497,0.00392491753707041,0.0213428297716872,0,0,0.000926747991430447,0,0,0.428504408378122,0,0.000515843976061354,0.012274019984518,0.00147106407754734,0.0799494868788667,0.00894800508747943,6.33322135792438e-05,0.0977740778128224,0,0.000933585570053737,0.00166219977146424,0,0,0,0.000117177694486821,0.0542591973690549,0,0.000348082391720239,0.000483145316511325,0.119944299970889,0.000437586540773832,0.000134118950999667,0.000343127349580185,0.0256920027245791,0.00167867458316419,0.000508484040218289,0.00126031411692416,0.000338212460144912,0,0.00114752472499793,4.84127146837673e-05
0.0628564907961602,0.00119560134942133,0.266433712257509,0.000386210344847347,0,0.00211228241854073,0.0846660183785058,0.0280639619493255,0.000922100829177402,0.00191036340092361,0.0015689551590411,6.94997837973718e-05,0.00170325200152777,0.0300321265203103,0.0222510687790345,0.593507443826883,0.102178420161037,0.000444148176190445,0.012140896504826,0.00035945557459376,0,0.0317170246700087,10.8646489165118,0.171210847463938,0.000744797732916544,0.0186817955272205,0.105644680933624,2.73316971360785,0.155315692234257,3.24939990358741,0.000100667537987792,0.00175653003473075,0.642777622745944,1.15124532856353,0.0188273179931034,0.506911200750433,0.350479836769032,0.768085309082171,0.215503810802216,0.131823775802637,0.00808075163614497,0,0.0198890394740891,0.00751191775895727,0.0100128595437253,0.00822077358618171,0.00153996555975719,0.000531737579611253,0,0.00152747165615946,0.00236400335443021,0.00152027307290505,0,0,0,0.00498409532481874,0.000240100133221724,0.00794266466680194,4.95765631340541e-05,0.0002477665147189,5.40113177780778e-05,4.45996606557525e-05,0.000889988338179283,0.000649296545675936,0.0621660929082145,0.000389450949505356,9.59899107987883e-05,0.000104984907633748,0,0.0334834897251155,0.0223033846372577,0.0194967884264202,0.0361749766108969,0,0.000310213177597037,0.0057102628931379,0.0305500849735179,0.0042402536340075,0.0292021125016927,0,0,0.00277023532553059,0.00526611895824791,0.00639530551002649
0.00159996806662106,2.31002853555291,0.0163343940216755,0,0,0.000883919127588582,0.00483276096043043,0.00141878184905019,2.97844470460538,0.000251311699013897,0.00266044917900249,0,0.015354259771964,0.00115756612769443,0.00251956710615557,5.19281184338344,0.0125619807256388,0.00980091419215653,0.00973305808429572,0.000271487880471002,0.0317170246700087,0,0.132441152297774,1.86468189456382,0.376917873826436,0.0278942076719109,1.19653698946881,0.070025373879349,0.00498269023649415,0.022336569152054,0.00844271730139703,0.00011031416357872,0.00198217678099258,0.0145757903929862,0.00139975580216539,0.0817798515245599,0.107718175833942,0.0610250464260885,0.038735451250717,0.0212728843731056,0,0.00203674035136686,0.0378944285483803,0.060211188610207,0.0221934133865464,0.0284808206295945,0.00138953154914692,0.00122131827220647,0,0.000151378573837088,0.120705384791021,0.0150023782687577,0,0,9.01607935231627e-05,0.00336557932474186,0,0.11119496418682,0.000387127849400433,0.000804388318808621,0,0.000281907858132297,0.000209097056936707,0.000847482625912388,0.331465546212861,0.00404193768923868,0.000117404759103885,0.000972952326860489,0.000349091135384217,0.0227970118560321,0.483457114693724,0.0957333375878343,0.0466219636834894,0.0034185289862676,0.00495941605704808,0.118091490443206,0.0206233117310889,0.00186682647223458,0.0128402262706593,0.000138160009344798,0,0.00217366357197678,0.00757049319441745,0.000724002647701547
0.147687834276044,0.0181866776276407,4.50680437892677,0.000674219873994658,0.000481098793137218,0.00424310798863843,0.25729846720228,0.0986524043457139,0.0028494808534253,0.00365104370559201,0.00262286621004052,0.000300463043058014,0.00535442745995016,0.076385732391911,0.0509091007760405,2.76705247604296,1.84668156067624,0.00211208379046284,0.0526306199766877,0.000905155810256144,10.8646489165118,0.132441152297774,0,0.0540384678982,0.00167700839975699,0.166235506893977,1.77496908589415,0.468233076139813,0.185306066109069,0.571709342480773,0.000265595174293493,0.00198780080560532,0.113604572370017,0.864606884242871,0.0753995048858044,1.23043116040433,1.72382438624564,2.01671750241389,0.699687312129334,0.340658816214098,0.0188341546128684,0,0.0419059081729622,0.0464666166939727,0.0175832081906524,0.0212110819815155,0.00355566221137271,0.00111871420124462,0,0.000615647299590451,0.0108480922342975,0.0140436752449876,5.93935165899701e-05,0,0.000207590264670925,0.00566194753638532,0.000251910747808583,0.00368420665706912,0.000218709054048217,0,0,0,0.000852346453104176,0.00277960304533937,0.236090738582221,0.00157142691766066,0.000382571882537467,0.000464524127454039,0,0.0317074630741402,0.123522040988911,0.126748466374454,0.0331865327976986,5.18189422049663e-05,0.00301314344317332,0.0936207542892696,0.0193270093152139,0.00212927376143229,0.0179870652795155,0,3.91010979043614e-05,0.00131858751244628,0.00556446226347294,0.0288179823405648
0.0166815690991502,0.086809986250894,0.00847534321969161,7.66518619953929,0.000534838863288679,0.0646931045420455,0.231880882235379,0.0697479053844182,8.18962670992568,0.20788667400391,0.00181459786327887,3.00282482179086,0.00348257981706237,0.0491661581084696,0.0604075392759892,5.4082523884767,0.00371594839574925,0.00192941965383742,0.00410319668462347,4.628520684592,0.171210847463938,1.86468189456382,0.0540384678982,0,0.0626150874120898,0.00760808476782057,0.22849113813383,5.30500241443702,0.105244292018866,0.109611615007424,0.00194657159698145,0.00611209244890472,0.0287191572031959,0.0375920049133948,0.00214665334993101,0.142204368211047,0.0503597573291062,0.0961095266498149,0.0473247889890595,0.126147760565443,0.00820065729017766,0.000329437692623558,0.0518275372899574,0.0116259902909104,0.044939595924456,0.0205799352829983,0.0267951490096696,0.00739036027507178,0,0.00831121273505075,0.00505672067589423,0.00556185325326213,0.0887452020787715,0,0.0037438372696005,0.144557000639119,0.0154245930022948,0.353013937051408,0.0349138458831373,0.00128157160195144,0.048740432467374,0.000223511283475419,0.0151977503635266,0.00194328953684238,0.104339738268718,0.00150822359034573,0.000459167737673913,0.000293734358456234,0.0729349214037189,0.041545900697138,0.0535052912265068,0.0292339948218155,0.802366968920707,0.000206677631457455,0.00151915370418312,0.01355286147921,0.327109433081053,0.0489747822586506,0.0593958581911878,0.00028719720520629,0.00129681031405946,0.010279285003148,0.0208990513052516,0.00124818718631409
0.000577969373259383,1.7490340939598,0.00495974659316204,0.000882311665279363,0.0014572931372739,0.006505922531132,0.00106203284485714,0.00989504767774997,0.230976476275011,0.00117812809908786,1.05756467894117,0.00108914439741326,3.97287957238914,0.00492183279601791,0.000523216668395554,0.0358391553847047,0.00654584496175925,0.341264775182309,0.10913692444979,0.00468162151725211,0.000744797732916544,0.376917873826436,0.00167700839975699,0.0626150874120898,0,0.509936116447578,1.11403987636641,0.00210899269918765,0.0136308043522726,0.000585700024869442,0.596382275218928,0.00855151963691425,0.00277918086042639,0.118720393858087,0.000566554024198788,0.0675094846733947,1.51363826440413,0.467572462001642,0.0457521109995679,0.0154365600767542,0.0115104925132874,1.10998748217139,0.00914618402405893,0.0387772469402722,0.0521042864768967,0.00487745411540228,0,0,0.0107964548099735,0,0.0549361610001013,0.0031430311528612,0,0,0.000521349749053039,0.000194328288956456,0.000895810089081644,0.0015304869027416,5.45993787381309e-05,0.0448801509112434,0.000296771611084497,0.113360353022563,0.000861918648567515,0.000880421683106364,0.000952830975988455,0.00135459814991773,0.0402466929108766,0.0378608100697554,0.000494395568363941,0,0.0284199508076419,0.000981509326208511,0.00035774223798945,1.00674259488689,0.11623663668666,0.115468653581109,0.000152496264159301,0.00142950199069882,0.000148852207855481,0.0965284282930101,0.000484939085106061,0,0.0211163320946872,0.000408567806338887
0.0238182415249639,0.184449085434971,1.97597583399756,0.000470139084892283,0.00115369573714805,0.00651410077345354,0.0188289274695836,0.0284288748657516,0.0102015984824842,0.00206474816172261,1.03494236295735,0.00172924816210462,0.257943203888117,0.0194528884912665,0.00155761023562948,0.00613959758605363,0.935417238499725,0.534805337106651,1.16396281146787,0.0018196349490071,0.0186817955272205,0.0278942076719109,0.166235506893977,0.00760808476782057,0.509936116447578,0,2.47813615491092,0.00923213743270998,0.0357343776005992,0.020250693013984,0.393912301804511,0.0101224661868459,0.00226920522865712,0.293443431719704,0.00600563519157136,0.210656080397328,0.464152498869904,0.453409418892328,0.0740387521773051,0.0113007062178108,0.00485838143310046,0.00796642005260966,0.0215974173187123,0.0266105765415017,0.0589903459548505,0.014698851666055,0,0.000204448772098713,0.0013997424477699,9.25601819340609e-05,0.144667243412106,0.0197795633095954,0,0,0.000314595468070427,0.000899795215524863,0.000411283232612503,3.99032702956487e-05,0.000502327050809662,0.0204795669032246,9.27723536225267e-05,0.0623501410190796,0.000734538037371719,0.000347360769092458,0.000817144377819469,0.0176551239028394,0.0243100773920593,0.0366778354628887,6.34383743300967e-05,0.000728089870670678,0.00163853105418156,0.00226617429798237,0.000593228683169542,0.176568037111427,0.284704088595298,0.273012661120927,0.000451328891506968,0.00147256385045792,0.000541251394223455,0.0297375763570316,0.000294090370658143,0,0.0206114962208867,0.00481900445106432
0.0309734945931606,1.32880788873125,2.01692297514217,0.000576036411090115,0.000182865850220355,0.00465152226793319,0.0839269994870699,0.0424427679428283,0.0918097143748164,0.00376655723466243,0.0542018667031503,0.000816817159311149,0.778484291230986,0.0313038384787331,0.00790705613558327,1.85820434824127,0.423436470768746,0.0790738317771368,0.304517282426945,0.00110533448808088,0.105644680933624,1.19653698946881,1.77496908589415,0.22849113813383,1.11403987636641,2.47813615491092,0,0.168633020635894,0.0383139931720286,0.0476959590607108,0.580897046836068,0.00250384031986131,0.00525249790616292,0.313196895964538,0.0324302235528728,0.512654758289872,0.562753045725211,0.892570463097372,0.215966948243238,0.0552149030862927,0.00527338804327191,0.00046040019628101,0.0524100753144131,0.074805788880751,0.0706976064833656,0.0384872362766303,0.00351922457595832,0.00248712986208093,0.000661093897821215,0.000362333122951011,0.363070601198923,0.128090687257047,0,0,0.000150179472425002,0.00718369752693345,0.000425470369218169,0.0031546560362562,0.000376384598764987,0.00496337362116107,0.000221803092535415,0.0149169629686156,0.00117071628984074,0.00221366409812527,0.12243864806638,0.0296315417522333,0.0123747172690891,0.0301100389595262,2.80927832367582e-05,0.00722216241044216,0.103649649407609,0.153790272630594,0.0209280576749794,0.0952689304995707,0.267020240403223,0.925194458859868,0.011403110337145,0.00201372668922419,0.00487097665893731,0.00861636234740032,3.39569585136104e-05,0.000304225970718445,0.0209289539364706,0.0176296789863015
0.0628854460458503,0.00227218487181708,0.0785292392038153,3.91984643662237,0.000419539532192878,0.236679277593515,4.43391403104761,0.236843183988306,0.479884597123503,2.92443449930283,0.0022072200318285,0.12362954897503,0.000953571468034991,0.153139758233952,0.0100783381443655,0.928184913476942,0.006967379015317,0.00117008821995067,0.00307261339434975,0.493394658800435,2.73316971360785,0.070025373879349,0.468233076139813,5.30500241443702,0.00210899269918765,0.00923213743270998,0.168633020635894,0,0.251043635306228,1.49761011224215,7.96496870246238e-05,0.00939301222442061,0.0870159971357419,0.141352132830645,0.00703005010764771,0.28706705125687,0.103703505800698,0.261396932468241,0.111593537194163,0.0891704899793695,0.0190964818697919,0.000171064939879322,0.0258653661014029,0.00748380273749154,0.0181360275852802,0.00846147014190695,0.00680701683437199,0.00345517603067896,0,0.00333961534229567,0.00115525711240442,0.00302130045440623,0.0103510853029547,0,0.00149714647815397,0.0764894394042354,0.00501801979152276,0.0880588308050949,0.0125463868489113,0.00032818232983872,0.00898471004200206,0.000203722763071571,0.00794099477591936,0.00102371668797414,0.042662848512081,0.00111763186469088,0.000247459869279569,0.000455111609284718,0.0134158219358733,0.0211666409535282,0.0139815301849274,0.0170470305530784,0.317607769072247,0.000181823468880893,0.000754609193074093,0.00890526130374025,0.168021980127796,0.0238749730411677,0.0380261184503302,0,0.000768349127277699,0.00665491032854603,0.0109502333505483,0.00284466724998636
