0,0.000480842853001113,0.0103422589695721,0.00275127740289601,0,0.02948361880734,0.681813941736313,1.46727857631572,0.139376412909878,0.0233133853504257,0.00356491646947438,0.000206204187576477,0.000956642724063731,2.41071665824534,0,0.00604232744527834,0.0149170136349496,0.000380080398724346,0.00249773963804986,0.00574006037162108,0.0115383057149248,0.00188368131941658,0.0144959854242823,0.128954416875545,0.000294048087344408,0.00561503025556382,0.00486381337830163,0.0368660096171071,1.15011193762457,1.93738362264906,9.29541671173539e-05,0.00417623928839694,0.534021303359581,0.556182478020703,4.32701820265073e-05,0.0237699732228743,0.00198217152522443,0.0756247779631536,0.0641025035777978,0.011217471284147,0.00606770219373555,0.000280270793190429,0,0,0.000612152338997102,0,0,0,0,0.00672632745362052,0.000168957207720854,0,0,0,0,0,0.000362400382488684,0.0110767443097032,0,0,0,0,0.000537973202950359,0,0,0,0,0,0,0,0.000444466941348687,0,0.00221658207584169,0.000148892544041268,0,2.46325674926515e-05,0.00112811506010808,0.000756223428537407,0,0,0,0,0.000333399249098916,4.10267576363837e-05
0.000480842853001113,0,0.0700784994694471,0,0,0.000119257131156347,0.00112100415609189,0.00147484462440264,0.164415552995166,2.9147741362762e-05,0.0313108218238004,0,0.0609565934505748,0.000255850114020713,0,0.0517440642614823,0.0749224927658483,0.0113906610534737,0.0957775370488681,0.000151586959841403,0.000540802468129474,3.20212186306647,0.0094376565338866,0.0976535908549345,1.87023655536164,0.15641981394908,2.19613013306202,0.00546701816713995,0.00132969086453468,0.00224805545295692,0.0255175749575851,0.00171352886095,0.000109319594257981,0.0975544180887689,0.000799479906065301,0.0923922649546269,0.205673775114989,0.259924924295323,0.133507936170483,0.00320640201487388,0.00318291939588161,0.00531893799626188,0.00672912065853041,0.0148283598527786,0.0209178756822695,0.00574260595736126,0,0.000260189057092824,0.00427277394245959,0,0.921501499790992,0.0100384178997926,0,0,0,4.60249012940867e-05,0,0.0277685180637339,0,0.00652261459161765,0,0.0381634270970445,0,0,0.00505089913699841,0.0112570508653756,0.000718960007565887,0.00351767004749902,0,0,0.329329191967787,0.000490472575332838,0.00178429196370238,0.266517848162342,0.0202963428321425,0.183557364014228,0.000579811450777989,0.000428252567660151,0.000181955078729455,0.00258301748286297,0,0,0.00408137998661038,0.000983363640170748
0.0103422589695721,0.0700784994694471,0,0.000231233129036062,0,0.0026262190222721,0.0529957830267165,0.0202017948927723,0.00878135229691633,0.00970217165517166,0.00612576190285669,0,0.00277443673783275,0.00260903445945536,0,0.105511819187784,2.00408919909309,0.0104521117502936,0.133955861120501,0.000227176685882474,0.0647882825277023,0.0480266362672314,5.68944750924741,0.0400497371342705,0.0129797125568295,2.44120139297353,2.18844549504297,0.0816945435648347,0.00243283616845827,0.0898676782886688,0.00247982871232422,0.000504927955189472,0.000353737067295336,0.376816569787147,0.00217430190603938,0.177913799073022,0.325875019935458,0.509150341676129,0.207441269176241,0.0225603239234773,0.0116873231548886,0.000684592633665655,0.00192661552399494,0.00185628389509946,0.00225850011994008,0.00322485099400727,0.000512950987167864,0,0.000118835054508259,0.000391266712197746,0.0258165656188203,0.00132601827749053,0,0,0,0,0,0.000708116100742407,0,0.000546580242782124,0,0.00191183494315799,0,4.04763651989191e-05,0.00160863552662129,0.00103324489814851,0,0.00014557784129928,0,5.45709615565448e-05,0.0223802682151136,0.00111333330773829,0.00149017872118414,0.00885867773997843,0.000913725435898044,0.023517499528681,0,0,7.60948447122113e-05,9.53765984445121e-05,0,0,0.000990342051262617,0.00375922476887575
0.00275127740289601,0,0.000231233129036062,0,0,0.00853254593497268,0.0332502603288852,0.00418973719712872,0.0164930579145141,1.47535905889618,3.57390660176346e-05,1.01456609077184,0,0.000596570839888971,0,0,0,0,0,19.549525478844,0,0,0.000378167320342509,5.80669565895251,0,0.000152086953302996,5.45414506941515e-05,2.35348441014189,0.00172398556332103,0.000243940173240448,0,0,0.000669931663049251,0.000729783018932497,0.000296492748169089,0.00068960078639902,8.12176986131692e-05,0.00137755764910068,0,0.000425783913037957,0,0,0,0,0,0,0,0,0,0,0,0,1.08262239319126,0,0,0,0,0,0,0,0.000217073324448462,0,0,0,0,0,0,0,0.0421241476936503,0,0,0,0.0319607586898158,0,0,0,0,0,0,0,0,0,0,0
0,0,0,0,0,0,0,0.000567246935484315,0,0,0,0,0,0,0.00182468748601434,0,0,0,0,0,0,0,0,0,0,0,0.000138997646678502,0,0.00855879970097866,0,0,0.460571370441278,0,0.00743934021920086,0.0365174926851897,0,0.000188036562487759,0,0.00277280062970907,1.30051160096178,2.06298959855921,0.00206701867093012,0,0.00397062903699085,0.00325461085526215,0.000270412334450021,0.00161732077684251,0,0,0,0,8.68452725939365e-05,0,0,0,0,0,0,0,0,0,0,0,0.0023053563483052,0.000963891681824224,0.0012636042637468,0,0,0,0,0,5.96682842497415e-05,0,0,0,0.000238888152809976,0,0,0,0,0,0,0,0.0140849105279669
0.02948361880734,0.000119257131156347,0.0026262190222721,0.00853254593497268,0,0,0.185809896991367,3.56633304512326,0.0199592252187144,2.78774957021742,0.0153935504146548,1.942986242277,0.0020808490067712,0.11497939860942,3.89005010267591,0.00108601320400828,0.000434404444029052,0.00181568588428138,0.00203768753501908,0.214933297417588,0.000278517083859562,0.000944257069819819,0.00246730973859298,0.137994415042275,0.000491990264881177,0.00532324784507388,0.0035052706936171,0.0759573451752179,0.219974386194553,0.00640696588381202,0.00140975729413128,0.506052974013436,0.00295007436686074,0.252622462576768,0.0405386294486444,0.002977761487246,0.00204817982196561,0.0468199599857165,0.00204712320779243,0.383293788274558,0.0113410895421139,0.000151278201302785,0.000135223329299064,0,0.000295446552308658,0.000156293617959435,0,0,6.9594397822479e-05,0,0,0,0.000121544368075372,0,0,0,0,0.000887966999723366,0,0,0.000646148497234766,0.000185088204041503,0,0,0,0,0,0,0.000557660049064754,0,0.00150577209123964,0,0,4.84677124880165e-05,0,0.000128104417808228,0,0.000245263069425976,0,5.04880095592453e-05,0,0,0.000365502769624319,9.67072216318879e-05
0.681813941736313,0.00112100415609189,0.0529957830267165,0.0332502603288852,0,0.185809896991367,0,0.217031797845437,0.0249507932654956,4.00616608633651,0.000773240542839996,0.000247685534560585,0.000164236979648866,0.269499205428654,0,0.00409015562775259,0.0121754641622083,0.000507897101953175,0.00252974035663736,0.174421223084982,0.0297062670238025,0.00528056184054041,0.0694428828435911,0.422926847944484,0.000320184587387292,0.0114169510725571,0.0221687723599725,3.41470547788707,0.033719213194421,1.7969130458578,0.000101758068131967,0.00076868250122497,0.00619115636522192,0.046435059566501,7.91774663306411e-05,0.0248762160141664,0.0159049834967397,0.0215855848679882,0.0201211745608409,0.00907106979706356,0.00195787681373936,0.000104131375269361,0.000106679923754221,0,0.00017411363288438,8.30755063443121e-05,0,0,0,0.000574836153272116,0.000328314658904965,9.73151504132753e-05,0,0,0,0.000211900479490771,0.000831149625353772,0,0.00020569802285087,2.07229922061045e-05,0,0,0,0,0.000363773216903506,0,0,0,0,0,0.000537376959901286,0,0.00178879099172924,4.17546114322184e-05,0,0.000193484885712726,0.000283669180068842,0.00050562643421311,0,0,0,0,0.000447139012880169,0.000298736910570184
1.46727857631572,0.00147484462440264,0.0202017948927723,0.00418973719712872,0.000567246935484315,3.56633304512326,0.217031797845437,0,0.0925074386732036,1.41721497051293,0.0532819401703236,0.0180429739181285,0.00410602280367683,2.67889342844464,0.00771174311517177,0.00370795551827304,0.0157518694337779,0.00505413303587161,0.00657356112730391,0.123569380963142,0.00921128688657802,0.00178260766304155,0.0341842223596317,0.210025764196023,0.00168490572019988,0.020791822982214,0.0161835246189478,0.0642784206790662,0.915332669451349,0.101402322398877,0.00353959054231758,1.54617469305912,0.0190308840382135,0.646795295010125,0.000218990366081589,0.0212918789530305,0.0121543252434826,0.130959716049037,0.0260585842606139,0.119669016275772,0.0086500390158239,9.06261164330506e-05,4.16266991603203e-05,0.000647323857224263,0.00029022425567699,0.000351753051157481,0,0,0,0.00173770768102224,0.000137592009696083,0,0,0,0,0,0.000423033915138674,0.00448936607078252,0.000272051373137898,0,5.4722104020652e-05,0.000744483225966308,0.000976794794180884,0,0.000617819963336978,0,0,4.63033330499901e-05,0,0,0.00115105684842568,0,0.0033924904358259,0.000384520388334475,1.9121042514995e-05,0.000615685102675666,0,0.000635611659309877,0.00064023956422174,7.01350144285428e-05,0.000199886681153519,0,0.000198933862024478,0.000335086396959048
0.139376412909878,0.164415552995166,0.00878135229691633,0.0164930579145141,0,0.0199592252187144,0.0249507932654956,0.0925074386732036,0,0.0143845983286393,0.00576658111291325,3.44018332031308,0.00887534622762817,0.0150717914918178,1.55132733889702,0.111706625907728,0.00437844163012568,0.00117719484494468,0.00306262421209705,0.0987679525831956,0.00135400561558156,2.585058810534,0.00308389006563687,8.68795105200658,0.0536535823291699,0.0051727746680288,0.0534713792473591,0.107124426174475,0.105532631285284,0.0436175769394865,0.00127398371418144,0.00243077898180335,0.0431289437034879,0.0630508435982383,0.00316380823171495,0.153036132650727,0.0298338883045805,0.0478611519860896,0.0585239991993255,0.543403710393173,0.00553859855142395,0.000235954433436825,0.0280356485396593,0.000856660750733157,0.0232435450490501,0.0307114038113508,0.00505922115016115,0.0078253630876876,0,0.0750371074584951,0.0169138497338683,0.000463897099380703,0,0,0.000727140663320811,0.0118276174714923,0.0273149091540157,0.261619718461862,0.0119222248203231,0.00033119167201094,0.100041731819549,0.00471665780183455,0.0135999576507298,0.00125931922089248,0.135556409113418,0.000356482508283368,0,0.000843531696151544,0.00331981777311913,0.000173219115260654,0.0686893826699447,0.0023846994995461,0.0536767270107308,0.00384951688054752,0.000295234520079155,0.00869101217448402,0.00926559644230035,0.0290535441272428,0.00710452913370357,0.000962230621559068,0.000561717180415436,0.00823284545120728,0.0283937018780841,0.000604728678627466
0.0233133853504257,2.9147741362762e-05,0.00970217165517166,1.47535905889618,0,2.78774957021742,4.00616608633651,1.41721497051293,0.0143845983286393,0,0.000889137259476108,1.05678813748575,0.000106582580110098,0.261785675465471,0.00112958944971288,0.0012697092397265,0.00213714283191626,0.000213160571742691,0.000679564198975718,6.7218041692619,0.00367536512920718,0.00133965145053268,0.0156082795905356,0.109379600499391,0.000102657665279756,0.0033370868896918,0.00631807169842117,2.528374360386,0.0290611040189199,0.01799600295117,0.000167680724881934,0.00092161857463588,0.00220820154571052,0.0285624577358256,0.00173418370647303,0.00698756628813212,0.00277598822439858,0.0112747946770914,0.00405493484827689,0.0110191039138078,0.000467736823158295,0,0.000282490234778908,3.69283112732592e-05,0,0,0,0,0,0.000138523689661589,0,0,0.000216145090515724,0,0,0,0,0,2.55853045396937e-05,0,0.00212538902941309,0,0,0,0,0,0,0,0,0,0.000384081843092382,0,0.00038467332794262,0.000100732302874109,0,0.000245138431323751,0,0,0.00029516150838655,0,0,0,0.000824220178772617,0.000107514529619558
0.00356491646947438,0.0313108218238004,0.00612576190285669,3.57390660176346e-05,0,0.0153935504146548,0.000773240542839996,0.0532819401703236,0.00576658111291325,0.000889137259476108,0,5.20672066281567e-05,1.89677664332329,0.0182608389999891,7.32727007713143e-05,0.00147358244044068,0.00319174673824606,2.085384796587,0.513569470891261,0.000249534768140524,0.000278223952149759,0.0177335390532602,0.00380532854434591,0.00499431289958352,0.866989495911037,1.31920621783452,0.171391513539651,0.00247727604284837,0.0740822894170703,0.001949761706577,0.290087285380772,0.0570123945664928,0.00268822490021193,1.45226235609435,9.13706566710506e-05,0.0285074547130664,0.86955108930946,1.70193873322123,0.0876956862235638,0.0044295630757201,0.00454443074822173,0.7175125178554,0.000870653086247918,0.0242187148980097,0.00948976443467427,0,0,0,0.00564557198197173,0,0.00436449919815127,0.000124241935240674,0,0,0,1.95693884960477e-05,0.000352935083944256,0.000392245994295626,0,0.0283848723027439,0,0.298148075365753,8.76763982434834e-05,0,0,0,0.00278799182174189,0.000268443813555368,0,0,0.000408795619393126,0,0.000147361043994417,0.10589462325886,0.0235513818521367,0.0321413052263017,0,0.000371913347573559,0,0.026816532051082,0,0,0.00744803225582147,0.000204715540431051
0.000206204187576477,0,0,1.01456609077184,0,1.942986242277,0.000247685534560585,0.0180429739181285,3.44018332031308,1.05678813748575,5.20672066281567e-05,0,0,0.000923316149410085,1.09534169101738,0,0,0,0,10.3505085871854,0,0,0,1.30011489577704,0,0,0,0.0159490987083588,0.00138958900209877,0,0,0,7.54108864714524e-05,0.00155879060940111,0.460219420415136,0.0158213506068106,0,0.00083050042785626,4.44709294095263e-05,0.134836090598092,6.57802895637281e-05,0,0,0,0,0,0,0,0,0,0,0,0.386814224744708,0,0,0,0.000186027376735666,0.000416090933027056,3.85917218616153e-05,0,1.96344311193768,0,0,0,0,0,0,0,0.293799587319959,0,0,0,0.000179059449133448,0,0,0,0,4.1253837714016e-05,0,0,0,0,0,0.0160322011131409
0.000956642724063731,0.0609565934505748,0.00277443673783275,0,0,0.0020808490067712,0.000164236979648866,0.00410602280367683,0.00887534622762817,0.000106582580110098,1.89677664332329,0,0,0.00143963477614878,0.000263741454043117,0.0117463672581366,0.00084296657343038,0.0133112759715503,0.00863467688782607,4.83969496400099e-05,0.000349374688160792,0.0353512845842404,0.00566179524546985,0.00491598491501106,4.28003212970689,0.50169985645345,0.591362049047695,0.00221130654574185,0.00946578105274531,0.000551860803554181,3.04823042337897,0.0116061770553211,0.0021498279909364,0.697862261587549,0.00046555395161188,0.291206784539474,1.00634802573992,0.483862508091855,0.215528155115722,0.00292050336051618,0.0150261749457896,1.0023537567592,0.00765419571888818,0.0413825222053673,0.00661838973482396,0.00529753435748198,0,0,0.00564204556049682,0.000256247181284745,0.00546153549776478,0.000187755227512716,0,0,0,0,0.000425591232728603,0.000637899754953366,0.000175211300959981,0.0272232590659196,0,0.411707971131491,0.00027866926512178,0,0.00197795798147964,6.12767845481724e-05,0.00115637538657631,0.000376659926518579,0,0,0.0014368470658775,0.000224100381929016,4.4752500588564e-05,0.179828396160141,0.0229183376508757,0.0258465959655842,0.00010984681876184,0.000806824609761635,0,0.0332390870437372,0.000111168997912525,0,0.0300815991167642,0.000266935223906957
2.41071665824534,0.000255850114020713,0.00260903445945536,0.000596570839888971,0,0.11497939860942,0.269499205428654,2.67889342844464,0.0150717914918178,0.261785675465471,0.0182608389999891,0.000923316149410085,0.00143963477614878,0,0.000357177476722325,0.00222082223661384,0.00252120568622751,0.00190436404939995,0.00262238650489025,0.00743985776682098,0.00121156010152764,0.000779187533522066,0.00512825587676174,0.0443306559611421,0.000707194371008654,0.00467338968327861,0.0028890538823725,0.015774890786721,5.29304021879905,0.0539721796511616,0.00118872327220094,0.518340228776744,0.0144505242160988,0.356817505092501,2.56192235158111e-05,0.00675116601974322,0.00157388794331036,0.0555886945263886,0.0119097623496583,0.0134502872844597,0.00337194952731,5.63425233493786e-05,0,4.71838659581903e-05,0,0,3.98631398321287e-05,0,0,0.000281363621844888,0,0,0,0,0,0,0,0.00174761197088649,0.000143609761821266,0.000112597657022404,0,0.000118622522159417,0,0,0.000103613490297187,0,0,0,0,0,0,0,0,3.3106186857573e-05,2.0547127219453e-05,0.000119868895952112,0,4.36602831986534e-05,0,0,0,0,0,7.47439362512013e-05
0,0,0,0,0.00182468748601434,3.89005010267591,0,0.00771174311517177,1.55132733889702,0.00112958944971288,7.32727007713143e-05,1.09534169101738,0.000263741454043117,0.000357177476722325,0,0,0,0.000158571922037544,0,0.00907173561753011,0,0.000281609050396633,0,0.0165658976629021,0,0,0.000101288542877318,7.33478913148289e-05,0.000449508603182018,0,0,0,0,0.00295011537184307,0.00792432708555877,0.160136816347452,0,0.00127126631442506,0,0.978164557719802,0,0,0,0.00164961761506276,0.00103656631867689,0.000671946754939403,0.00130729091954111,0,0,0.000161172697158653,0.000165056117717232,0,0,0.000636063897404338,0,0,0,0,0,0,0,0,0,0.00509143337924911,0.00126011435919017,0,0,0,0,0,0,0,0,0,0,7.78225802946257e-05,0,0,0,0,0,0,0,0.00383749298557684
0.00604232744527834,0.0517440642614823,0.105511819187784,0,0,0.00108601320400828,0.00409015562775259,0.00370795551827304,0.111706625907728,0.0012697092397265,0.00147358244044068,0,0.0117463672581366,0.00222082223661384,0,0,0.0110848934655823,0.000775862802330579,0.00409391041046424,0.000159396764215829,0.637988401351192,1.93083632830304,4.66302522369183,4.23248239265201,0.012694163349833,0.00719924616359752,1.41261199685101,1.16231180510857,0.0142163024266841,0.0803471074845264,0.000521718851692263,0.00474909674703415,0.00607585749779954,0.3579535571068,0.00832490250346865,1.14784297077591,0.364980802868134,0.412722633466147,0.710851096015942,0.326001555020632,0.0506203359849086,0.010039170358483,0.0357574112330927,0.0121459412381942,0.0144418928512953,0.0427240387414345,0.00403128019325469,0.00411115312885915,0,0.00215932024688256,0.00312835511885166,0.00130073731746354,0,0,0,0,8.08757778626018e-05,0.0224631397503701,0,2.91592289042991e-05,0,0.00108701900144374,0,7.29680277831014e-05,0.603929016813858,0.000776353733825006,0,0,0,0.00105935282950367,0.200873402979827,0.0137375765272989,0.0275339895842816,0.00192379011595632,0.000294551806743898,0.00895274306247309,0.00433126210820666,0.000236585185699547,0.000899316437407184,0,0,0,0.00575715711063579,0.0115157517761588
0.0149170136349496,0.0749224927658483,2.00408919909309,0,0,0.000434404444029052,0.0121754641622083,0.0157518694337779,0.00437844163012568,0.00213714283191626,0.00319174673824606,0,0.00084296657343038,0.00252120568622751,0,0.0110848934655823,0,0.00995758585447637,1.96933347542702,0.000417852209987912,0.0377291799826581,0.0280576274619737,3.80558776934608,0.00949713502499543,0.00436709601551327,2.39853097118198,0.440486049714931,0.00868429949315599,0.00186896957293618,0.071475050031256,0.00107155739274905,0.000296106904105074,0,0.525084565510926,8.40107408233174e-05,0.0152261133083251,0.0314166919284741,0.0903415201614556,0.0427430829596758,0.00227480631774877,0.0023531070144267,0,0.000402797998598796,0.000381528916812183,0.00181976195012572,0.000352501325043252,0,0,0,0,0.0145992189693043,0.000580205157255403,0,0,0,0,0,0.00155340215862061,0,0.00022368166662413,0,0.000515432302648921,0,6.79211992448154e-05,0.000392223548569035,0.000766847703900454,0,7.61467300496466e-05,0,0,0.00485923419672145,0.000186977360431109,0,0.00373498304412096,0.000223132488660775,0.00840581810943215,0,0,0,0,0,0,0.000402352527821595,0.000697784811338398
0.000380080398724346,0.0113906610534737,0.0104521117502936,0,0,0.00181568588428138,0.000507897101953175,0.00505413303587161,0.00117719484494468,0.000213160571742691,2.085384796587,0,0.0133112759715503,0.00190436404939995,0.000158571922037544,0.000775862802330579,0.00995758585447637,0,1.82966426431435,0,4.29498390054541e-05,0.00155163080057297,0.0024111907059373,0.000719328344704246,0.051345032571676,1.68640909167918,0.0909439870739033,0.000400781699276704,0.00513308764880237,0.000550696428173519,0.0617156320940138,0.00432482526907115,0,0.0582549151260423,8.35752941928322e-06,0.00602204233553573,0.0519979594590849,0.123314477221768,0.0229557069664296,0.000765588626856252,0.000720262555931384,0.00222611257949837,0.000172064512594721,0.00278632289831218,0.000790487169153388,0.00013917077569045,0,0,0,0,0.000554099635184935,0,0,0,0,0,0,0,0,0.00167707918909359,0,0.00563198794432513,0,0,0,0,0.00062868758884144,0.000375500422539875,0,0,0,0,0,0.0132990499684745,0.00190634069455528,0.0122056370957439,0,0,0,0.000384374441371849,0,0,0,8.08346675169294e-06
0.00249773963804986,0.0957775370488681,0.133955861120501,0,0,0.00203768753501908,0.00252974035663736,0.00657356112730391,0.00306262421209705,0.000679564198975718,0.513569470891261,0,0.00863467688782607,0.00262238650489025,0,0.00409391041046424,1.96933347542702,1.82966426431435,0,0,0.00276132156094549,0.0122322946931122,0.0577424413148286,0.00338713557758329,0.103315878477427,4.13887100363004,0.382802908447678,0.0017494225405952,0.00905147149491379,0.00883419652799515,0.0171734590821477,0.00184643139785261,0.00160486296004636,0.69091220756905,1.6175930508492e-05,0.0146188768241536,0.0415932434559669,0.436357822858453,0.0597284517136701,0.00158271570212073,0.000183231481504075,0,0.000349037802717335,0.00268874092711956,0.00253699070091532,0.000826412618888067,0,0,0.000167437620394187,0,0.0122340808926976,0.000165996979016482,0,0,0,0,0,0.000260441176092753,0,0.00165121689292328,0,0.00436204588631447,0,0,0,0.000166268740469384,0.000535225086816022,0.000720137206299483,0,0,0.00182348032043161,0,0.000141491477501469,0.0115480894762687,0.00199469217924039,0.0218674487326545,0,0,0,0.000487104959744902,0,0,6.45922471113457e-05,0.000313643263033787
0.00574006037162108,0.000151586959841403,0.000227176685882474,19.549525478844,0,0.214933297417588,0.174421223084982,0.123569380963142,0.0987679525831956,6.7218041692619,0.000249534768140524,10.3505085871854,4.83969496400099e-05,0.00743985776682098,0.00907173561753011,0.000159396764215829,0.000417852209987912,0,0,0,0,0.000115283511789997,0.000720533104797473,2.57989151078496,0,0.000550716294362059,0.000260695121863828,1.27994159197742,0.0135681110242237,0.000349763026109427,0,0.000592349945994037,0.000558433066466525,0.0116013045998311,0.0198125221866528,0.0012934962231949,0.00107681969350414,0.00409492612962737,0.0006468119419617,0.0164968551277849,0.000531527214648787,0.00016694138873221,0,0,0,0,0,0,0,0,0,0,0.495985063227581,0,0,0,0,0,0,0,0.32736997175699,0,0,0,0,0,0,0,0.101185250012661,0,0,0,0.00186461509930791,0,0,0,0,0,0,0,0,0,0,0.0005685137624339
0.0115383057149248,0.000540802468129474,0.0647882825277023,0,0,0.000278517083859562,0.0297062670238025,0.00921128688657802,0.00135400561558156,0.00367536512920718,0.000278223952149759,0,0.000349374688160792,0.00121156010152764,0,0.637988401351192,0.0377291799826581,4.29498390054541e-05,0.00276132156094549,0,0,0.0185891317090897,8.39240713506556,0.100774240516308,0.000264175601707033,0.00749729510177643,0.0210144700015044,0.65725722813768,0.0359735884765246,3.42274790659827,0,0.000407393526642233,0.257438970660344,0.636661989007885,0.000711236258550759,0.0930357375009911,0.0179377127060341,0.0650666145547902,0.0974437073685732,0.0369797679749553,0.00485400463373452,0.000820958066007541,0.000626172442693862,0.000218829690263482,0.000387906103413745,0.000153226016799468,0,8.26323206884342e-05,0,3.87775102792419e-05,0,0,0,0,0,0,0,0,0,0,0,0,0,0,0.00114166547510813,0,0,0,0,0,0.0022678403371761,0.000294164987661933,0.000440471068107421,0,0,0.000846619729912598,0.000107053231336307,0,0,0,3.37624727391557e-05,0,0.000305229923208511,0.00107473550131248
0.00188368131941658,3.20212186306647,0.0480266362672314,0,0,0.000944257069819819,0.00528056184054041,0.00178260766304155,2.585058810534,0.00133965145053268,0.0177335390532602,0,0.0353512845842404,0.000779187533522066,0.000281609050396633,1.93083632830304,0.0280576274619737,0.00155163080057297,0.0122322946931122,0.000115283511789997,0.0185891317090897,0,0.17386886030967,2.29938325059874,0.301405304996179,0.0248119049906445,0.963651937064638,0.0688644784649544,0.00573603894201035,0.0097510408958612,0.0100029789593344,0.000622104655376133,0.00360937712509762,0.130521632485974,0.00254469222859918,0.301396874544921,0.232993524536372,0.284189344667079,0.21482834409867,0.110194453292009,0.0419010967044301,0.00685317007107347,0.0448488820878287,0.012703116233341,0.0310690623305544,0.045255712455015,0.0111134121050216,0.0052271784362329,0.000535266408432178,0.00199710952672546,0.327171670927759,0.00215888934892799,0,0,0,0.000554891317871321,3.26321984511861e-05,0.0453733883801475,0,0.00214571937270145,0,0.0244750385735635,9.42923074410723e-05,0.000257480483584205,0.235598806258411,0.00654695154919096,0.000742223168499913,0.00154278370768018,0,0.000903911593593363,0.570348084154711,0.010724558933513,0.022862449117964,0.104924576740281,0.00408505601526371,0.0999777922639117,0.00468646784173365,0.00146413320214355,0.00122917053627086,0.00228698411158315,0,0,0.0084218653868714,0.00581079745595563
0.0144959854242823,0.0094376565338866,5.68944750924741,0.000378167320342509,0,0.00246730973859298,0.0694428828435911,0.0341842223596317,0.00308389006563687,0.0156082795905356,0.00380532854434591,0,0.00566179524546985,0.00512825587676174,0,4.66302522369183,3.80558776934608,0.0024111907059373,0.0577424413148286,0.000720533104797473,8.39240713506556,0.17386886030967,0,0.051904957890717,0.00287281702881469,0.166532351380644,1.55934565843254,0.405136946470601,0.181875322370869,0.510660045233946,0.000259635493717205,0.0042800106459314,0.119128377885387,0.67405669540152,0.0095649640258326,0.484341943214666,0.315182646517497,0.531385255385227,0.408914210538251,0.220191320411459,0.0313690912296524,0.00260182138501429,0.00703410583746015,0.00448251410495626,0.00334009448885171,0.00425003566523779,0.00197750615324913,0.000171850370774504,5.81723038068339e-05,3.79731156891529e-05,0.00379321855540302,0.000203019990839055,0,0,0,3.19578610367053e-05,0,0.00081766863349452,0,0.000184115764800601,0,0.000366947128804786,1.622431698861e-05,0,0.0502584403074528,0.000612482962929419,0,6.52713587481308e-05,0,0.000413709936492073,0.0371035276957438,0.00176276468542323,0.00191792005044031,0.000952212792050655,0.00024906283171677,0.016190590653635,0.000435108230651803,2.77084599610072e-05,0,0,0,0,0.000589948147549628,0.0153022069371102
0.128954416875545,0.0976535908549345,0.0400497371342705,5.80669565895251,0,0.137994415042275,0.422926847944484,0.210025764196023,8.68795105200658,0.109379600499391,0.00499431289958352,1.30011489577704,0.00491598491501106,0.0443306559611421,0.0165658976629021,4.23248239265201,0.00949713502499543,0.000719328344704246,0.00338713557758329,2.57989151078496,0.100774240516308,2.29938325059874,0.051904957890717,0,0.0154561145153741,0.00823614114816897,0.129873198627493,7.39423097596956,0.158026885410762,0.145773286990869,0.000720876459709402,0.00431797548895103,0.0416778992534192,0.1699783748875,0.00491249012435609,0.220115302741114,0.0392255547081653,0.0958377024100396,0.124103627677815,0.0310344609432903,0.00892610928408426,0.000949281468241895,0.0166918579635572,0.00339740575444947,0.0150037999464452,0.0195446655394581,0.00272438557555426,0.00427338507871183,4.28701684088303e-05,0.0700614148685988,0.00542341184347272,0.000985753354586769,0.238592093839158,6.04724316215235e-05,0,0.0163329369462705,0.00779522836010373,0.0159001870077299,0.00126005773771471,4.55868215147579e-05,0.0202225878838173,0.000976869870924854,0.0061208918622035,0,0.0821047030517646,0.000639812167205628,4.3562112158457e-05,0,0.00476196970209179,0.000635098024394522,0.0496331645304039,0.00634155329859449,0.178875472950704,0.00116579821668869,0.000766388341809211,0.00754139533291661,0.022859423670638,0.0261352454781385,0.00678583990249357,0.00021063492875931,0,0.00243778962164698,0.0156334094682787,0.00234305398296787
0.000294048087344408,1.87023655536164,0.0129797125568295,0,0,0.000491990264881177,0.000320184587387292,0.00168490572019988,0.0536535823291699,0.000102657665279756,0.866989495911037,0,4.28003212970689,0.000707194371008654,0,0.012694163349833,0.00436709601551327,0.051345032571676,0.103315878477427,0,0.000264175601707033,0.301405304996179,0.00287281702881469,0.0154561145153741,0,0.22021880576485,1.60879572517582,0.00119082635173425,0.0022840954704651,0.00056088437902865,0.355266985441509,0.00226709138810197,0.000138400084160726,0.153726750359775,0.000409042195835374,0.177572406534861,2.04617760564004,0.415141767234293,0.100354798104046,0.00232322503267319,0.00206942227807113,2.05899160256911,0.0051059561618108,0.0740894324022263,0.0210782413339415,0.00560634371463651,6.89748292991041e-05,0,0.106901359328182,0,0.252014034415522,0.00436722752845286,0,0,0,0,0.000117980170940514,0.002645748125054,0,0.0392509033206525,0,0.474940593571005,5.81280718648844e-05,0.00158488812854444,0.00134900032324279,0.00165827433108487,0.00803236753670406,0.00388811918465177,0,5.53547858263286e-05,0.0288216354674232,0.000492414601006493,0.000124072750123706,0.794001601022941,0.0393173717920208,0.270771090529378,3.11561604130139e-05,0,0,0.0323846360208937,0.000196869883606279,0,0.0120782216091909,0.000322236282156104
0.00561503025556382,0.15641981394908,2.44120139297353,0.000152086953302996,0,0.00532324784507388,0.0114169510725571,0.020791822982214,0.0051727746680288,0.0033370868896918,1.31920621783452,0,0.50169985645345,0.00467338968327861,0,0.00719924616359752,2.39853097118198,1.68640909167918,4.13887100363004,0.000550716294362059,0.00749729510177643,0.0248119049906445,0.166532351380644,0.00823614114816897,0.22021880576485,0,2.09443568788461,0.00839618194927102,0.0182300079812783,0.0222150582542767,0.946956938180782,0.00799786777108587,0.000843534593834951,0.273717307219979,0.000433389494635731,0.0696655390102235,0.306123099312646,0.501430992360509,0.100482260652275,0.00325217154922759,0.00162074498548844,0.00576408203951226,0.00172995284835812,0.0156835626709451,0.0072728272966538,0.00128728609096835,0,0,0.000188910599530995,0.000257903226078294,0.0164499513021002,0.000182272830757252,0,0,0,0,5.94600652544523e-05,0.000187708846358926,0,0.0103498422274307,0,0.0818951778086832,2.84929636125389e-05,0,0.000109285464075504,0.000671898534116757,0.00203340216793371,0.00141223756821041,0,0,0.00482222329822672,6.67427230874302e-05,0.000272349754032085,0.078974327644614,0.0192707717070907,0.115827708457074,0,8.41051018338442e-05,0,0.0026046742301205,0,0,0.00181254185882475,0.00113442383246888
0.00486381337830163,2.19613013306202,2.18844549504297,5.45414506941515e-05,0.000138997646678502,0.0035052706936171,0.0221687723599725,0.0161835246189478,0.0534713792473591,0.00631807169842117,0.171391513539651,0,0.591362049047695,0.0028890538823725,0.000101288542877318,1.41261199685101,0.440486049714931,0.0909439870739033,0.382802908447678,0.000260695121863828,0.0210144700015044,0.963651937064638,1.55934565843254,0.129873198627493,1.60879572517582,2.09443568788461,0,0.0551604377563868,0.00990056101309118,0.0269424109237592,0.992838614265133,0.00302902019976592,0.000576337736044279,0.664495170407893,0.00997613466494487,0.462796397217876,0.44271938097893,1.17955557269266,0.452765037410359,0.0611538451484764,0.0278221805290135,0.00558367140684263,0.00747053583633838,0.0213157820107351,0.0140441940154996,0.00611990910839403,0.000103350684585722,6.08307462338403e-05,0.000312257545873965,0.000186664245944478,0.079811700516473,0.00310374058593681,0,9.83557155167136e-05,1.75352608897134e-05,6.45542039323745e-05,0,0.00425235224180035,0,0.0133351557445533,0,0.0848378872034054,7.21459041203784e-05,0.000558408191854035,0.00262048351092245,0.00409617889491133,0.00183070515040127,0.0027434838451877,0,0.000108414601512072,0.05306385971272,0.00109107355336071,0.00161707650941513,0.130439023962287,0.0270085969521991,0.240700209223992,0.00065713591160863,0.000275449888001224,5.47955105054251e-05,0.00524120264447231,6.13275069369838e-05,8.56722698690257e-05,0.00361775409411023,0.0166510268079459
0.0368660096171071,0.00546701816713995,0.0816945435648347,2.35348441014189,0,0.0759573451752179,3.41470547788707,0.0642784206790662,0.107124426174475,2.528374360386,0.00247727604284837,0.0159490987083588,0.00221130654574185,0.015774890786721,7.33478913148289e-05,1.16231180510857,0.00868429949315599,0.000400781699276704,0.0017494225405952,1.27994159197742,0.65725722813768,0.0688644784649544,0.405136946470601,7.39423097596956,0.00119082635173425,0.00839618194927102,0.0551604377563868,0,0.085648668932378,1.15975107317583,0.000169917572329843,0.00231825121499816,0.025575051099022,0.331495588906129,0.00153081403093038,0.198562861374832,0.022041529856692,0.114489788184364,0.123827400443089,0.0254366439421894,0.00865881212765945,0.0010726440621289,0.00265493714490022,0.000666686331815808,0.00262149096956526,0.00297968069894477,0.000706093396560501,0.00039058241614058,0,0.0137350291274562,0.00016247500537824,0.000175319051626892,0.00463910036759736,0,0,0.00314160221118793,0.00238073846404696,0.00395185976155342,0.000112486492404116,7.00189847597906e-05,0.00015291964888664,5.68619082156753e-05,0.00146369392251777,2.81481332274989e-05,0.00860710140947895,0,6.96483659515384e-05,2.0368977164086e-05,0.000126720165160256,0.000333550461754335,0.00621926037094337,0.000604698342924478,0.0174996140269484,4.15167789348855e-05,0.000302744875553521,0.00156056026111879,0.00524396002051883,0.00732141861008507,0.000251262541841718,0,0,0.000160082021663968,0.00380697259551893,0.00223649647823227
1.15011193762457,0.00132969086453468,0.00243283616845827,0.00172398556332103,0.00855879970097866,0.219974386194553,0.033719213194421,0.915332669451349,0.105532631285284,0.0290611040189199,0.0740822894170703,0.00138958900209877,0.00946578105274531,5.29304021879905,0.000449508603182018,0.0142163024266841,0.00186896957293618,0.00513308764880237,0.00905147149491379,0.0135681110242237,0.0359735884765246,0.00573603894201035,0.181875322370869,0.158026885410762,0.0022840954704651,0.0182300079812783,0.00990056101309118,0.085648668932378,0,2.60521835720139,0.00372720724086204,2.89241687940773,5.04521999201227,3.04888401666417,0.000142227457834567,0.0196404046060288,0.0071537282370097,0.438467385285632,0.0606151062323176,0.0208977911650393,0.0640298027868056,0.00112266719457183,0.00052435515944622,0.000607202160016503,0.000360419077272979,0.000420220598333465,0,0,0,0.00185022805345325,5.63173196118606e-05,0,8.70184423506061e-05,0,0,6.49836104333755e-05,0.000519642578367147,0.00710551525639132,0.000792281175725409,0,0,0.000793414406626735,0.000670220831571682,0,0.00170626195059533,0,0,0,0,0,0.0011733845417115,0,0.00629641407549614,0.000326365884033654,0.00011877858333231,0.000886902825576312,0.00101421544048268,0.00158864429432019,0,0,0,0.000211406917219657,0.00129064249682344,0.000552814210294542
1.93738362264906,0.00224805545295692,0.0898676782886688,0.000243940173240448,0,0.00640696588381202,1.7969130458578,0.101402322398877,0.0436175769394865,0.01799600295117,0.001949761706577,0,0.000551860803554181,0.0539721796511616,0,0.0803471074845264,0.071475050031256,0.000550696428173519,0.00883419652799515,0.000349763026109427,3.42274790659827,0.0097510408958612,0.510660045233946,0.145773286990869,0.00056088437902865,0.0222150582542767,0.0269424109237592,1.15975107317583,2.60521835720139,0,0.000158907546475988,0.00123832883939868,0.30617103373624,0.46427508752755,0.000364084775631696,0.101986804894036,0.0139071975109299,0.0665235048885936,0.0859167320648807,0.0196984535632399,0.00508099541469524,7.76620198556211e-05,0.00144698315586334,0,0.000436619506094017,0.000643064689858839,0,0,0,0.00394668813098162,0,0,0,0,0,0.00111266803902088,0.000388676123573406,0.00646262254745081,0,0,0,3.03476933197072e-05,5.42874826066232e-05,0.000522207082288353,0.00134764331840447,0,0,0,0,0.000276027045330918,0.00196982742251299,0.000105617951187938,0.0150449876605992,0,2.95745601477382e-05,0.000793023820378203,0.00311524460995173,0.000547709482529659,0,0,0,0,0.000642134306745284,0.000593541426573049
9.29541671173539e-05,0.0255175749575851,0.00247982871232422,0,0,0.00140975729413128,0.000101758068131967,0.00353959054231758,0.00127398371418144,0.000167680724881934,0.290087285380772,0,3.04823042337897,0.00118872327220094,0,0.000521718851692263,0.00107155739274905,0.0617156320940138,0.0171734590821477,0,0,0.0100029789593344,0.000259635493717205,0.000720876459709402,0.355266985441509,0.946956938180782,0.992838614265133,0.000169917572329843,0.00372720724086204,0.000158907546475988,0,0.00257418546016787,0.000171351799714108,0.0285243841458034,1.08560610425116e-05,0.0118566364169987,0.237356152837596,0.112488575468419,0.0307056040922518,0.000997570236274069,0.00161762180769125,0.0175313364189749,0.000254515757781212,0.00922187254340664,0.00265187065369882,0.00028560905979122,0,0.001335757967246,0.00164618245937599,0,0.00737272712010427,9.50983989805865e-05,0,0,0,0,4.75781528728736e-05,0,0,0.0044360956901288,0,0.0975969495943069,0.000187216248826359,0,0,0,0.00186327396432899,0.000642610662601951,0,0,0.000374318163033596,0,0,0.121661662414141,0.00541427760441527,0.0111794130404306,0,0,0,0.0137711832619405,0,0,0.00036369107173231,1.0832955884735e-05
0.00417623928839694,0.00171352886095,0.000504927955189472,0,0.460571370441278,0.506052974013436,0.00076868250122497,1.54617469305912,0.00243077898180335,0.00092161857463588,0.0570123945664928,0,0.0116061770553211,0.518340228776744,0,0.00474909674703415,0.000296106904105074,0.00432482526907115,0.00184643139785261,0.000592349945994037,0.000407393526642233,0.000622104655376133,0.0042800106459314,0.00431797548895103,0.00226709138810197,0.00799786777108587,0.00302902019976592,0.00231825121499816,2.89241687940773,0.00123832883939868,0.00257418546016787,0,0.0107511069355973,2.28628605354816,0,0.00364130453377545,0.00762577003728384,0.253758977240431,0.0167307328457127,0.0873220670503722,1.48124177181956,0.00191186208500105,0.000201930221858295,0.000101942385775599,0,0,0,0,0,0,0,0,0,0,0,0,0,0,0,0.000125263279240357,0,0.00054494529061401,0,0,0,0,0,0.000309726013378985,0,0,0.000177540040058614,0,0,0.00018285093491539,0,0.000260172422078896,0,0,0,0,0,0,0.000559465687029678,0
0.534021303359581,0.000109319594257981,0.000353737067295336,0.000669931663049251,0,0.00295007436686074,0.00619115636522192,0.0190308840382135,0.0431289437034879,0.00220820154571052,0.00268822490021193,7.54108864714524e-05,0.0021498279909364,0.0144505242160988,0,0.00607585749779954,0,0,0.00160486296004636,0.000558433066466525,0.257438970660344,0.00360937712509762,0.119128377885387,0.0416778992534192,0.000138400084160726,0.000843534593834951,0.000576337736044279,0.025575051099022,5.04521999201227,0.30617103373624,0.000171351799714108,0.0107511069355973,0,1.76087922982315,1.35430038954198e-05,0.0103738943380282,0.00128483528001921,0.164451430207173,0.0673238877805311,0.00761087347940581,0.0111884769989039,0.00172162134438628,0,0,0,9.27563777504328e-05,0,0,0,0,0,0,0,0,0,0,0,0.00588394807138129,0,0,0,0,0,0,0.000996509432042295,0,0,0,0,0,0.000120337164817118,0,0.000903599958169965,0,0,0,0.000542081972008376,0,0,0,0,0,0.000119644410110122,0.000101795979257557
0.556182478020703,0.0975544180887689,0.376816569787147,0.000729783018932497,0.00743934021920086,0.252622462576768,0.046435059566501,0.646795295010125,0.0630508435982383,0.0285624577358256,1.45226235609435,0.00155879060940111,0.697862261587549,0.356817505092501,0.00295011537184307,0.3579535571068,0.525084565510926,0.0582549151260423,0.69091220756905,0.0116013045998311,0.636661989007885,0.130521632485974,0.67405669540152,0.1699783748875,0.153726750359775,0.273717307219979,0.664495170407893,0.331495588906129,3.04888401666417,0.46427508752755,0.0285243841458034,2.28628605354816,1.76087922982315,0,0.00366189252308336,0.757453834870359,0.550274760203828,6.09691342996408,0.888598956230413,0.130051380362653,0.315097148178829,0.410349573440915,0.00791430357824725,0.012004871887966,0.00328937982618003,0.00699768765317263,9.65092593396212e-05,0.000169252994621382,0.000949296254896703,0.00109400562214364,0.0204704863669203,0.000563809162854649,0,0,0,0.000760230313260144,0,0.00661340695315499,0,0.0015202470960234,0,0.0113452437263144,0.00101241652230663,0.000164723135276388,0.00730225547173894,0.0008382524566443,0.000246166006640044,0.000397551039537972,0,0.000699636568875721,0.0263845140631296,0.00127796919420295,0.0075854469777123,0.0118838998765033,0.00214990440857044,0.0259097283429173,0.000872945683601116,0.000414942607851687,0.000580083816758614,0.00061431917465052,0,9.27715385407165e-05,0.0164976311486837,0.00465734820356689
