0,0.00445937942368958,0.117494125961296,0.0010220907717165,0.00106635677963138,0.0274641350381215,1.44852994312842,0.533116638471262,0.0892152563455595,0.00879087047583373,0.00809570111764592,0.00221673882542596,0.000787871252990187,3.17338031956665,0.00403332964454984,0.00507008959389625,0.253943938504832,0.00768316787155686,0.0675931661911301,0.000666061723190994,0.0597437574322942,0.00413969896817713,0.129231279891769,0.0654488290635735,0.000833469813199962,0.0209841543340924,0.0133644388048591,0.105609553395785,1.26399814443105,1.56745442904691,0.000762099584854056,0.0077185145936776,0.0981936552017603,0.145197562741131,0.000703819997726557,0.0247507151614151,0.0260799047458357,0.127743263617727,0.0234594166478233,0.0320369030659555,0.0324781990407179,0,0.0116760772739867,0.00329358363364803,0.00524981304134727,0.00137207094995111,0.00710802993034791,0.00511608242790354,0,0.0108392146182416,0.00109593952157906,0.00174077059335408,0.00128576223714613,0,0.000808956557662506,0.0160174127033093,0.00274461723928927,0.0207770165789569,0.000786359033182696,0.000156067208777054,0.000406955720768622,0,0.00422544645844532,0.00107859863533336,0.0070014269202009,0.000441332251233717,0,0.000247997017929404,0,0.000826205218483092,0.00202434524800332,0.00120382005267344,0.0368704842169967,0,0.000622566582479331,0.00275737073309945,0.030619739885045,0.00997570361859033,0.00573602915751065,0,0,0.0014377807181099,0.0022889014854927,0.00027783869206485
0.00445937942368958,0,0.0785647621815184,0.000153316199596768,0.000830223595575099,0.000572379738936708,0.00366309047422448,0.000956547613228929,0.448474265261599,0.000128667636262837,0.133604016798967,0.00323686638147707,0.602007175836995,0.000651842942998504,0.0172967937074323,0.0525118865538273,0.10730905198366,0.0377529187661838,0.145778068440983,0,0.00358651116542332,3.79452588523534,0.00728185668294254,0.277416191874422,3.31188254399594,0.217021036618907,1.00550989737769,0.0137580398065269,0.00155056244897658,0.00198883154507977,0.196486777798263,0.000138863033174118,0.000436400713072523,0.0198724614738014,0.000399399911838568,0.0430895103440753,0.187197222051593,0.103237693682544,0.042852219612285,0.0120541300299933,0.00191496584060481,0.00370026706371608,0.0141597021837386,0.0464260187684346,0.023229948466696,0.00998565026287374,0,0,0,0.00148104220353468,0.535973280901568,0.0394112170745168,0,0,0,0.000995927925952602,9.58488129591123e-05,0.00225735930377707,8.57150692480241e-05,0.0106578105606182,0,0.0210048327444017,0.000996214941877327,0,0.00371864012728496,0.0199809303313457,0.00322890550587236,0.0276130764571167,0,0,0.0606105257560145,0.00338411326891341,0.00288090982515484,0.0944192540318581,0.0398978785303821,0.101065771337006,0.000437735174162049,0.000142343264900962,0.000972040864652998,0.0145817459702317,0,0,0.000873479001993194,0.00034912855752929
0.117494125961296,0.0785647621815184,0,0.000296378618747175,0.000864522924183936,0.0665606241332662,0.631302852988742,0.222559227975013,0.0162068196741072,0.00606825063658552,0.0116598358743084,0.00117168841772166,0.0040516042407229,0.115281039366082,0.00453514954252673,0.0454025437929777,1.06440803899999,0.0170316440943567,0.10684529176808,0,0.55389924342432,0.0517745246400346,2.61055810330524,0.0880077710734134,0.00538481351005813,1.54948266872155,2.13578267830468,0.315041951550239,0.0341334211324173,0.244940246589418,0.0033753438558484,0.00199661465528321,0.00431930288443211,0.119871885583055,0.00842377912909449,0.315351756171067,0.722932527365547,0.38353245069557,0.173362345207381,0.0257562539010411,0.0175575696754784,0.0011685703850543,0.049548365906054,0.15449967917733,0.0500054397181956,0.0380739233384811,0.00314425815754449,0.00103399261025803,0.000323297948781462,0.00520453567095697,0.190742845724946,0.243583497094282,0,0.000428897683436529,0.000186029222070153,0.0122205514885925,0.00228070692694189,0.00554491971996192,0.000156037938165146,0.00224585417930093,0,0.00648444510571227,0.00433933666244167,0.00168237623651465,0.0234013841203272,0.0729799566950903,0.00218301048655636,0.0290163808627634,0,0.0038391691666603,0.0644399268216128,0.039534512988298,0.0197421549214608,0.0159111407534971,0.0863287486421484,0.408682857732408,0.0148489489870344,0.00324063598793718,0.00845463154706819,0.00236566157115275,0,0.0016350942006334,0.0089063412941622,0.00722413216776732
0.0010220907717165,0.000153316199596768,0.000296378618747175,0,0.000560157547166611,0.0316101753837975,0.0164530419229293,0.006414661306001,0.734711848902283,1.31704458353027,0.000586425880203588,4.54452515537124,0.000435859868080792,0.00239207885432685,0.0465894978695009,0,0,0,0.000654384353847419,17.8576168489558,4.70499500726256e-05,0.000804291216519371,5.08302513837404e-05,1.22000073647154,0.000243524782868456,0.000193691811978136,7.73994015299208e-05,2.5540805511238,0.0031780592969824,0.000227978900096848,0.000185432420448696,0.000754341972641754,0,0.00262895067210845,0.0196200670514464,0.012170243767462,0.000118465311271812,0.00468079508043377,0.00156991288829926,0.0454501758474303,0.00766869309247315,0,0.00297279928171041,0.000138859269920579,0.00149750602920557,0,0.0127112176733974,0.000633834365378362,0,0.00299818921780826,0.000220988693610326,0.00013195599039054,0.15297969540118,0.000622061172782363,0.00897242112948482,0.0152096456259384,0.0035199537784022,0.0183549945636078,0.027404266168622,0.000124625108922058,0.278807160616382,0,0.00233575895974128,0.0047193327850941,0,0,0,0,0.0865921632894133,0,0.000499593057604848,0.000152328404966154,0.0291351255806787,0,0,0.000114362915541574,0.0295442935495237,0.0016719369817246,0.000647363107053293,0,0.000433966293279908,0.000381849339724193,0.00120476125906187,0.000116197408088791
0.00106635677963138,0.000830223595575099,0.000864522924183936,0.000560157547166611,0,1.98139021512884,0.00127136659354451,0.247259910875072,0.00517570996407888,0.00294027106048023,0.0356492149854498,0.00989941819200836,0.0039271440637725,0.0661861337108899,2.13441002627265,0,0.000827916840694543,0.00502301155963303,0.000920371163664423,0.00103657906366823,0.000397038314252556,0,0.000381546993774963,0.000519695223034028,0.00170851562154302,0.000968211198434516,0.000500423254908067,0.000809421476763137,0.222064369882051,0.000299849648117486,0.000498973818337922,6.78190679733618,0.00359663437575954,0.453620896818284,0.000205261381960917,0.00395408679491983,0.00307642950030062,0.0526328465085513,0.00358819699415927,6.44131438125966,6.03065175975995,0.00721196403379403,0.000381595880404536,0.00132871196246518,0.000707884094624134,0.000222680806722848,0.000179776404192311,0,0.000907528705321854,0,0,0,0.000108884610855844,0,0.000242024663573839,0.000268388892192495,0,0,0.000183213951554502,0,0.000245919668467529,0.000226973779085111,0,0.000538422974768636,0,0,0,0,0.000354172544632868,0.000107920879014844,0.000308747253079177,0,0,0,4.80533470691709e-05,0,0.000125923748300116,0,0,0,0,0,0,0
0.0274641350381215,0.000572379738936708,0.0665606241332662,0.0316101753837975,1.98139021512884,0,0.544229711205357,1.54873230664253,0.0581093295609852,2.33743953492718,0.0257180681164923,1.28568638008111,0.00220566856255534,0.104283752490591,0.969710860831114,0.000995306791092943,0.0224432385099949,0.00575616131831812,0.00873777360150127,0.0581130876789373,0.00604946155363523,0.00322244742367197,0.026875707520021,0.0828349098123948,0.000312060420058748,0.0136022374662224,0.004552445480518,0.158995917770525,0.0690397499793513,0.0189010347724558,0.000742208171829785,0.513410251334344,0.00155319390494096,0.0750959730148219,0.210295723376625,0.040312442256772,0.00681465317032792,0.0726855781244427,0.0134480424728623,0.909175909007004,0.0853144584990377,0.000373152090335846,0.00886211447163139,0.000181031425913483,0.00109772868934471,0.00053684899219077,0.0171775788815429,0.000501265188208128,0,0.00339286030716128,0.000262232329991683,0.000522700529564373,0.00447855073582298,0.000594908478793402,0.00692995276856606,0.0137202780475859,0.00224611437682965,0.00462737031629194,0.0106901148758684,0.000340726387736401,0.0143202143440296,5.4740004547377e-05,0.00242573685305452,0.00576690886080963,0.00182974531025652,0.000228934682369027,0,0.000143515711340542,0.00726184558911111,0.000571063588664055,0.00234592522547223,0.000851164293204795,0.0189974724675478,7.40298002092354e-05,9.29351384578439e-05,0.000956839977144526,0.0174999724710716,0.0028152009328563,0.00230428055231426,0.000134087023845181,0.000254350740853572,0.000367549495767934,0.000891634224962476,0.000555039220065672
1.44852994312842,0.00366309047422448,0.631302852988742,0.0164530419229293,0.00127136659354451,0.544229711205357,0,1.24113148900175,0.236010330238008,2.06824978377437,0.00965154892924013,0.0161175875990358,0.0049624676211311,0.750042924007016,0.0178876134385844,0.0060185454396848,0.0539461999543446,0.00679360522762652,0.02247031744641,0.00497785252009658,0.0671386221009857,0.0179720417569557,0.252217655308086,0.464098619972774,0.00146126617591874,0.0868950459791016,0.0651774008929661,2.70462308034743,0.243884318841001,1.62737869516782,0.00161076920363112,0.00634920522006093,0.0198239446324048,0.0685737863143311,0.00588333997124491,0.151377677470878,0.0285821762208203,0.173329368938761,0.0479396955720646,0.192281581132507,0.0906072638956127,0.000794444157782696,0.036805816508207,0.00537792397985021,0.0124208218047429,0.00519958241538394,0.0156103063222268,0.00800219148197479,0.000240088029060479,0.0309147180895008,0.0014500502959367,0.00391833511873899,0.00547031119419187,0.000273382215767682,0.00424091213042572,0.0904025531267083,0.00993368057299362,0.0423786883890554,0.012541362189581,0.000464747938738598,0.00375990212410362,0.000216931989493894,0.0170861257202342,0.00148083841835386,0.019997798628445,0.00222458749438667,7.34752494379806e-05,0.00080314387133069,0.00431031431346017,0.00959899333956419,0.0236327363699371,0.00783794744462761,0.141365995812059,0.000249940667834625,0.00226473407654974,0.0108195272048729,0.109271179030805,0.0351112442327923,0.0300681266669578,0,0.000546556820578672,0.00606653427931768,0.012966058021829,0.00280436268912605
0.533116638471262,0.000956547613228929,0.222559227975013,0.006414661306001,0.247259910875072,1.54873230664253,1.24113148900175,0,0.0148434453817192,0.376320115626687,0.0816579529757525,0.111195485549101,0.00538077819773835,1.98058846977354,0.0262644665082979,0.00395136870594196,0.180438966604144,0.0189125223735501,0.04710180364413,0.0164804894087307,0.0409722869224158,0.00252808876121353,0.136553455876409,0.0266343210391646,0.00122838595590311,0.0540435685111987,0.0237596566654037,0.0617249044615946,0.303333980398076,0.116465221923284,0.00355578800895793,0.672710662691841,0.00596431171608839,0.23316300878055,0.00621355747266356,0.0394921955715405,0.0274839094503765,0.247571090597436,0.0383294438825295,0.278677367336827,0.121496657777041,0.000400878622931575,0.00691105680267152,0.00117693436570586,0.00155013872263532,0.000430258124819984,0.00175141963135231,0.000963920792402856,0.000223600036246708,0.00222161982606801,0.000277916567703213,0.00136846797543289,0.00016119592767106,0,0.000597176132071372,0.00609378964029856,0.000478292638723314,0.00442091910185292,0.000813668700789977,0.000113377100400811,0.000655677987794477,0.000439116283474334,0.00161168926968626,0.00104176929292363,0.0055941388920634,0.000343479564273415,0,0.000300636180137989,0.000720711215146128,0.00165473176907094,0.0051236739264969,0.00283163350615845,0.0161983441658638,0.000368385498701251,0.00112994463537124,0.00364474790448241,0.00936714435269279,0.00330398822057739,0.0034197396971924,5.115622714533e-05,0,0.000751032691443301,0.000534086032294568,0.00109698087929788
0.0892152563455595,0.448474265261599,0.0162068196741072,0.734711848902283,0.00517570996407888,0.0581093295609852,0.236010330238008,0.0148434453817192,0,0.171251353199594,0.0297528285548064,1.23028882315386,0.0947431922748917,0.01140811400065,0.905786070981795,0.0117906264655216,0.00754496832577058,0.0105993875402556,0.0206705477635748,1.1932305478201,0.0018346402034693,2.15022835227579,0.00410682601563919,6.16519834815058,0.198239402493726,0.0475457262608633,0.120764730106662,0.420354786077507,0.0560842756826992,0.0456430130182469,0.0439233986478098,0.00124289494412385,0.012371423643036,0.0135110542358221,0.0034996455611076,0.0542382723551058,0.0200851578934997,0.037935928338669,0.00925797395423188,0.374189928135339,0.0269637345790835,0.000716271403178592,0.0291566416730872,0.00157083645685122,0.00753265337601073,0.00260278636506814,0.0611010724210191,0.00597177104813744,0,0.0163697249181793,0.0073278799531984,0.00293590639138218,0.0618355182609668,0.0013563418931853,0.0224818420617667,0.0385737514888259,0.00685266590566007,0.419732627702124,0.0671957213021706,0.00300268279213464,0.0852085582071586,0.00298997288515304,0.00617894599782556,0.0230131065404435,0.00630600548796776,0.00122892006957402,0.000813069992590551,0.000802424862453507,0.0824357872914224,0.00126052818612997,0.0779229298001227,0.0011560083602247,0.185702434169973,0.00160815208541864,0.00298314011548299,0.00449535153418393,0.0929489715233178,0.0113867627844547,0.00854609043750742,0.00102355092410546,0,0.00155662235025105,0.00368356488933691,0.00048635242994074
0.00879087047583373,0.000128667636262837,0.00606825063658552,1.31704458353027,0.00294027106048023,2.33743953492718,2.06824978377437,0.376320115626687,0.171251353199594,0,0.0110328922962192,2.32912855730236,0.00183111035884742,0.123202982624685,0.0296473187461057,0,0.00192584543075939,0.00207936535454245,0.00106996005336511,2.79166934003253,0.00128106598122136,0.00143892477902734,0.003358362185282,0.180120351370208,0.000386399852773906,0.00192039221410163,0.00118425377960547,1.36773844825507,0.0491016390814971,0.00407579414655465,0.000462706081138351,0.00703448124651913,0.000601321040358522,0.0372170244954721,0.328667152411154,0.063115350703252,0.00317173417495183,0.0876728975017954,0.0106595544857499,0.355557317665233,0.0682410095151381,0.000727726337882691,0.00662738045923125,5.7233716612053e-05,0.00274135790054861,0.000218495697941129,0.0171967017702122,0.00173423990672608,0,0.00435005307415069,5.84494272453089e-05,0.000494709293884244,0.0226239931163595,0.000430334599671002,0.0131782973946084,0.0444219993288219,0.00800719010008567,0.0250629692569405,0.0529796477838799,3.16821624570512e-05,0.0321996286793131,0.000212734630860269,0.00711992790717248,0.00594484740362717,0.000409390328472531,0.000259437762728212,7.79563734329414e-05,7.17888204195896e-05,0.0229639976078685,0.000261968379471934,0.00106786658449011,0.000125882054488199,0.057006056108862,0,6.78823465138064e-05,0.000322290721426125,0.0678546822576995,0.00616053875679309,0.0020212456747513,0,3.79722095594026e-05,0.000280432612349286,0.00183912529565893,0.000267056549118741
0.00809570111764592,0.133604016798967,0.0116598358743084,0.000586425880203588,0.0356492149854498,0.0257180681164923,0.00965154892924013,0.0816579529757525,0.0297528285548064,0.0110328922962192,0,0.0113506733669561,3.60800452375978,0.074041534724685,0.00227352572499347,0.000938780696872179,0.111573672874868,2.07488528617796,1.01217059545905,0.0013208546086376,0.00693995092224739,0.0342950273499129,0.0118547717485392,0.0146119364821165,1.85348921336498,0.721951076575611,0.147452892266659,0.00610009749443454,0.151542345190602,0.00684836833543005,0.920638251693939,0.145681542832657,0.00498077976681782,3.01529672899358,0.00167779369982111,0.271737584453122,1.36788031345869,1.73211508740953,0.255332904799457,0.0581881085787888,0.0515206100609072,0.528176605381288,0.00653035932316256,0.0816981422263988,0.0198232544604807,0.00472693538378269,0.000634649730862988,0.000873238996936008,0.0212075593702807,5.17311249173687e-05,0.0130368090845044,0.00110778750139863,0,0.000296013900837647,0.000229055419928619,0.000726449709073634,0.000622823187425082,0.00189126968621565,0.000586864908316317,0.137621699004417,7.79245112304738e-05,0.145300986797774,0.00093478218105978,0.000344267079683686,0.00120078043074473,0.000745007983319503,0.0135562106263071,0.00510809201396083,0,6.07916559832952e-05,0.00169631944198318,0.000632325723039326,0.000799212314351299,0.0955929064856133,0.0669711890988776,0.0492269599470785,0.00122769939905605,0.00149127103579655,0.00022643034348263,0.0759566837736516,0.00148573885070671,0,0.0087751607496792,0.000919378831688627
0.00221673882542596,0.00323686638147707,0.00117168841772166,4.54452515537124,0.00989941819200836,1.28568638008111,0.0161175875990358,0.111195485549101,1.23028882315386,2.32912855730236,0.0113506733669561,0,0.00166561598633454,0.0252527341239084,1.46614295665801,0.000203285348764438,0.000880672607322054,0.00268041988288129,0.00107263593541881,7.37266809477978,0.00025793834393744,0.00885186867570282,0.000364548042082322,0.472863751912019,0.00466344035378577,0.00167682472278795,0.00326601160718891,0.230174120273467,0.0187931180596702,0.000492688033502866,0.000939588754208313,0.0144038038840693,0.000538643595870988,0.0281226298553944,1.47972534810742,0.04280287969465,0.00335760732221158,0.0550737889943435,0.00260538308254125,0.498226098267881,0.02596528361859,0.000143028067571915,0.0245267331042041,0.000110101700759054,0.00216210155301815,0,0.0842265315709834,0.00144567672013067,0.000378746914425892,0.00161667093753089,0.00047868652545162,0.000220240413044632,0.0654908509978179,0.00199780480878598,0.0450859829197093,0.0178980388174194,0.00496814457211141,0.042394800364446,0.116437463719155,0.000957858088224432,0.280848318259887,0,0.00367928295512846,0.0334804558910885,0,0.000176779252720949,0.000120472713402103,5.06436953060813e-05,0.103476221010586,8.86900220014499e-05,0.000423533206077166,0.000279268077055601,0.0608434950699281,0,8.00955180359801e-05,0.000136769205197668,0.0574027867544016,0.00183492090347169,0.00106523056170364,0.000114379994530058,0.000427385172320846,9.56193190878585e-05,0.00169163366322878,0.000477044400761967
0.000787871252990187,0.602007175836995,0.0040516042407229,0.000435859868080792,0.0039271440637725,0.00220566856255534,0.0049624676211311,0.00538077819773835,0.0947431922748917,0.00183111035884742,3.60800452375978,0.00166561598633454,0,0.00266235567090136,0.00482691652966982,0.00222743272012192,0.00494018322369999,0.0196171664864607,0.00848256225634068,0.000110663930615091,0.00618422255113593,0.130878609337893,0.0105162746338492,0.0497142909775786,3.54730139794124,0.0972067028425784,0.622283393061128,0.0114773534152967,0.0080580361795401,0.00644271560061643,3.06029320788983,0.00539303818443372,0.00169462349013117,0.20801706893566,0.00179479086117422,0.568633245949913,0.826114303382512,0.466860158930141,0.0438560811866253,0.0428046275608917,0.970440840729531,1.74488551722773,0.0489083657138818,0.058266111880966,0.0108716982190265,0.00574941546836898,0.000406575096677728,0.00180231863866672,0.0450121970459757,0.000227352678765756,0.0135472294564817,0.000573017449588229,0.000173653828363105,0,8.1939651019844e-05,0.000885223573510373,0.000489146062992562,0.00124559930847762,0.000278514097548988,0.0784361126123613,8.67755505449259e-05,0.158531629667112,0.000583771276310333,8.03363495653492e-05,0.00156994223661074,0.00100659736914268,0.00888005796407744,0.00718280075222792,0,0.000689274603375603,0.00249393720257787,0.000544327215140947,0.00138251781886853,0.0970893653248303,0.0845362481333239,0.0404312789122344,0.000863319589322574,0.00095556605295651,0.000363442066863564,0.103248258515724,0.00039662889116979,0.000350707996846807,0.00912463215598206,0.00113673466120643
3.17338031956665,0.000651842942998504,0.115281039366082,0.00239207885432685,0.0661861337108899,0.104283752490591,0.750042924007016,1.98058846977354,0.01140811400065,0.123202982624685,0.074041534724685,0.0252527341239084,0.00266235567090136,0,0.0034153581855122,0.00362946185069506,0.172163189775127,0.019375859653982,0.0422674649525609,0.00500996606955132,0.0319110899713844,0.0011608423385474,0.100363328047595,0.0170857621853195,0.00122201445300645,0.0322145333276341,0.0190392272522386,0.0380906604485072,1.97359105791835,0.147499547506536,0.00171760564948955,0.935422963356667,0.0156194981978487,0.306350973074908,0.0018579492387246,0.0210068148759776,0.0207278419675248,0.242470546949232,0.020999374646614,0.100519938994382,0.0727116868421438,7.58767846448325e-05,0.0032711455806431,0.00214507573078135,0.00131135996271596,0.000523320751355693,0.000856547617939408,0.000252220227675784,0.000366436402956284,0.00175939710260698,0.000820404690887904,0.00174956539820165,0.000304917000941842,0,9.25025416613533e-05,0.00541635282405103,0.000566527200980722,0.00234890836123189,0.000601793816391544,8.53686608302813e-05,0.000185137306829798,0.000416428554199562,0.00105536949416921,0,0.00243179606600843,0.000365413644491471,0,0.000201054347206113,0.000287232465169096,0.00107249807118861,0.00266181717885347,0.00167583346731481,0.00905022304292654,0.000114962636122437,0.000914025228894734,0.00297531194003718,0.00782560886619329,0.0022862268283401,0.00209484772818152,0.000279737163981085,9.1192434172019e-05,7.80650924767103e-05,0.000712533197705568,0.000390064234913623
0.00403332964454984,0.0172967937074323,0.00453514954252673,0.0465894978695009,2.13441002627265,0.969710860831114,0.0178876134385844,0.0262644665082979,0.905786070981795,0.0296473187461057,0.00227352572499347,1.46614295665801,0.00482691652966982,0.0034153581855122,0,0.0122137405423072,0.0030336444800445,0.000559601494466953,0.00370726635792216,0.10426510059968,0.0239496834019471,0.0328156027721928,0.0388621636390676,0.103109910409914,0.0109215820537235,0.00377615231908652,0.0114813733212346,0.0278381507834188,0.00524778253464364,0.00564626519030679,0.00311245040618734,0.0288202050959359,0,0.00563525067236561,0.0467393985620475,0.181451279467242,0.0311049333762642,0.0181490033767433,0.0377834765853659,12.230416369438,0.0721542630644463,0,0.0190228994432944,0.00659642712166322,0.00820937278600557,0.0107130501936594,0.059783393915202,0.00227766897587613,0.000323986258660619,0.00313809317637131,0.000284396170692335,0.00166996026246709,0.0151715253144627,0.00261417108979518,0.0195582300488321,0.00431963567406944,0.00171958850740664,0.00942224963105521,0.0232802162142718,0.000210358806445141,0.0334463639759292,6.58127418053296e-05,0.00185340933223645,0.0286645035444831,0.00357401325558383,0.00143999974056701,0.000306922902763591,0.000688537093801087,0.0304346153118216,0.00136668170101252,0.00312235172834938,0.00343392154029587,0.0155129342914103,0.000604066902391207,0.000444767448466242,0.00196277513971957,0.0121504814711316,0.000607428394547941,0.00178961693148646,0,0,0,0.0011044930187751,0.0213431736310147
0.00507008959389625,0.0525118865538273,0.0454025437929777,0,0,0.000995306791092943,0.0060185454396848,0.00395136870594196,0.0117906264655216,0,0.000938780696872179,0.000203285348764438,0.00222743272012192,0.00362946185069506,0.0122137405423072,0,0.0272830109974989,0.00131978331334048,0.0100396555828513,0,0.945687918117184,3.07080092319232,1.9626041857618,1.33915631236693,0.00333244109576148,0.0168016978622641,1.11201259376413,0.395219921558851,0.00293509915213102,0.0538533244192136,0.0020835623970841,0,0.000288786376446228,0.0220761954547101,0.00527726930613434,0.219068193931808,0.12950677353253,0.0905983916527877,0.0650039392369732,0.0371786664681462,0.0114189851499589,0,0.0687211528104043,0.0482874307244782,0.021071461715861,0.022485556261366,0.00850299636489911,0.0029635103555465,0,0.00158482887606386,0.0117210541584555,0.0175678571934917,0.000395143189203959,0,0.000193301391421993,0.00550043761180694,0.000288663711042007,0.00377576665547905,0.00012681359663464,0.000273474848026652,0.00065525736397079,0.000608699458651676,0.00119452031294987,0.00315351239400569,0.560178639001145,0.00331059969369214,0,0.0017084520346339,0,0.0530546359554636,0.430488525090559,0.182309296827402,0.0427038480044631,0.00093964590653986,0.00351836179683902,0.0414734208435212,0.0275186598928327,0.00236766997774833,0.0169189563630552,0,0,0.0012047823362931,0.00302820549378077,0.00417115842058084
0.253943938504832,0.10730905198366,1.06440803899999,0,0.000827916840694543,0.0224432385099949,0.0539461999543446,0.180438966604144,0.00754496832577058,0.00192584543075939,0.111573672874868,0.000880672607322054,0.00494018322369999,0.172163189775127,0.0030336444800445,0.0272830109974989,0,0.0770363989585355,4.43181910555927,0,0.190565985909869,0.0295623103703918,1.92080330896144,0.0230275829879994,0.0173382101462427,0.460448464595138,0.364879657612573,0.0403628016943555,0.132743328565562,0.166857323546532,0.00408322042316231,0.00260438036856711,0.0119259240988381,0.642231816069267,0.00429010620405321,0.387358739882935,1.31962397987212,0.838254457527308,0.269059500307409,0.0246917449579248,0.0155065343907012,0.00160248174598244,0.0115943346060657,0.043735226743311,0.014262927998179,0.0128814277974091,0.000241516008656279,0,0,0.00329905769392328,0.0877200183353754,0.0390469933289175,0,0,0,0.00255292313151731,0.000523608132732414,0.00228525357020153,8.43270891623463e-05,0.00270450948665177,0,0.00403239262355103,0.000647635305655251,0,0.0156095288444614,0.0214516177552981,0.00150419421469147,0.0206502262976254,0,0.00317194078376039,0.019292216421776,0.00782479029846752,0.00560106678159932,0.013572228579699,0.0468489522596387,0.087015211343805,0.00328167863450602,0.000901380989494992,0.00319822257920893,0.00169743798622666,0,0,0.00236210487057159,0.00500449504225248
0.00768316787155686,0.0377529187661838,0.0170316440943567,0,0.00502301155963303,0.00575616131831812,0.00679360522762652,0.0189125223735501,0.0105993875402556,0.00207936535454245,2.07488528617796,0.00268041988288129,0.0196171664864607,0.019375859653982,0.000559601494466953,0.00131978331334048,0.0770363989585355,0,3.0273561007735,0.000582611689026201,0.00564110731476243,0.0139100684794193,0.00816366736753375,0.00539334173439496,0.0833442588957146,0.805167626084512,0.164528245026835,0.00335683824561037,0.0412202886379459,0.00426057509906244,0.131393966935866,0.027655293730866,0.00276705042885352,0.436040564004496,0.000837611996735377,0.203265396557524,0.507482261633087,0.722629321894434,0.311203996624777,0.0114085210406313,0.00754043666474573,0.0160829346271542,0.00214819945969351,0.0108287327478746,0.00614797874917314,0.00405492416231271,0,0,0,0,0.0136101254259269,0.0024666638933119,0,0,5.5838258537849e-05,0.000138492845079355,0,0,0,0.0109364643205915,0,0.0312201352375446,0.000447081814724011,0,0.00117760644250959,0.00291902992306475,0.0093816997722751,0.00952059102615402,0,0,0.000439669792507583,0.000586370734478427,0.00062176506406585,0.0299302004997163,0.0468979193084462,0.0439294927610131,0.000375726108240954,0.000556437351681164,3.72133754242489e-05,0.0270170648117237,0,0,0.00167687238834321,0.000931287003414777
0.0675931661911301,0.145778068440983,0.10684529176808,0.000654384353847419,0.000920371163664423,0.00873777360150127,0.02247031744641,0.04710180364413,0.0206705477635748,0.00106996005336511,1.01217059545905,0.00107263593541881,0.00848256225634068,0.0422674649525609,0.00370726635792216,0.0100396555828513,4.43181910555927,3.0273561007735,0,0.000198255564056012,0.0485596681186364,0.029924766608744,0.115743383357199,0.0181927437360181,0.0695373149626723,1.10173743432152,0.27653580281783,0.0149293649731149,0.0538037194615007,0.0406063774261382,0.0454925818939154,0.00517399748862397,0.0035181545378416,0.524607951272878,0.00261734887287264,0.30740308877098,0.665975188948127,1.04781880388725,0.338834738940439,0.0101608239962246,0.00815684901511363,0.0054775925934973,0.00732592491985339,0.0211878787684083,0.0178154579497105,0.00952022401082728,0,0.000319384392201361,0,0.00146874279778308,0.0786013105436891,0.0122853870702372,0,0,0,0.00099559266622727,0.000329354759378137,0.00160609463204865,0,0.00650340606389322,0.000103677242148395,0.0222165825558915,0.000622577600330327,0,0.0051723718961479,0.0130346114281227,0.00981182073315768,0.0379118990216194,0,0.00141626433426096,0.00618609996937235,0.00317472677815756,0.00229744302333728,0.0353820603860529,0.085302447928347,0.0961113146885632,0.00129274443363566,0.000411478781106085,0.000597279321657175,0.0187682018177954,0,0,0.0029853681437423,0.00226619389011423
0.000666061723190994,0,0,17.8576168489558,0.00103657906366823,0.0581130876789373,0.00497785252009658,0.0164804894087307,1.1932305478201,2.79166934003253,0.0013208546086376,7.37266809477978,0.000110663930615091,0.00500996606955132,0.10426510059968,0,0,0.000582611689026201,0.000198255564056012,0,0,0,0.000152553086168185,0.540616695421952,0.000136717189884413,0.000112823576598073,5.14424988003141e-05,0.498915612343586,0.00332530173424088,5.14148440934614e-05,0,0.00183424040404795,0,0.00310571572840516,0.0677850874930636,0.0135123861809773,0.000315258314586678,0.0146235825990758,0.0018522941228424,0.0872649288719973,0.0100955419352329,0,0.00527084531943756,0.000326379828306115,0.00191611943508624,0,0.0199435051503504,0.000626475613882457,0,0.0012080958940159,0,0,0.0577543801188187,0.000468396175251365,0.0118177892155603,0.0100602603776964,0.00289335917011529,0.030754357492718,0.0396397306069213,0.000422177456765815,0.199461601692711,0,0.00213102924645489,0.00923279320183374,0,0,0,9.53285990464058e-05,0.0350619886756654,0,0.000149260943933509,0,0.0260617865072092,0,0,0.000138268377008977,0.0267754520764889,0.00178741398672547,0.000354395486731605,0,0.000593477302837648,0,0.000252888177078526,8.69331463625288e-05
0.0597437574322942,0.00358651116542332,0.55389924342432,4.70499500726256e-05,0.000397038314252556,0.00604946155363523,0.0671386221009857,0.0409722869224158,0.0018346402034693,0.00128106598122136,0.00693995092224739,0.00025793834393744,0.00618422255113593,0.0319110899713844,0.0239496834019471,0.945687918117184,0.190565985909869,0.00564110731476243,0.0485596681186364,0,0,0.0562157298049386,6.86805679986516,0.132871810356987,0.000518165811036475,0.0553645044821115,0.111969314261391,1.13777660439768,0.0734678461217371,1.88489478013856,0.000302261909780774,0.000603370522171166,0.0131326618926892,0.577063849011178,0.018526128410054,0.387725657293553,0.094876961891644,0.474749780455279,0.176638637939136,0.0827439142248095,0.0248375561349588,0.00140173439458959,0.0562444238228475,0.015983090761872,0.00765096818938423,0.00861794295599676,0.00377876695293193,0.00264566202783739,0,0.00591439559110156,0.00167769592070002,0.0074370218343773,6.54409310656065e-05,0,0.000169597293400235,0.00573582056962371,0.000987445588823364,0.00218720548023979,0.000851827160009127,3.20982180530682e-05,9.69031076493978e-05,0.000398539640483762,0.0020443997879898,0.000951940820340919,0.114332152701739,0.00153440752156626,0.000298183154026656,0.00109168367896005,7.35202064122264e-05,0.0403527324456546,0.100917198011538,0.0505483784067979,0.0510572544368611,0.000141573285123739,0.00273980860000219,0.0222215542774234,0.0437886483288409,0.00718170128006811,0.0258587310477313,0,0.000145681549452516,0.00159675877705786,0.00510557397418211,0.0102796592368016
0.00413969896817713,3.79452588523534,0.0517745246400346,0.000804291216519371,0,0.00322244742367197,0.0179720417569557,0.00252808876121353,2.15022835227579,0.00143892477902734,0.0342950273499129,0.00885186867570282,0.130878609337893,0.0011608423385474,0.0328156027721928,3.07080092319232,0.0295623103703918,0.0139100684794193,0.029924766608744,0,0.0562157298049386,0,0.148084727811154,1.65616391303895,0.309995490368111,0.0513014761948292,1.21686330425074,0.104528939878775,0.00460033070210361,0.0144053305388191,0.0442284498689001,0,0.000553752651195547,0.012158302438224,0.0014457077964106,0.071833922536839,0.0936697188661481,0.0664708810183938,0.0361605173939518,0.0183888698633634,0.00309259749793762,0.00172328887281686,0.0399814452512209,0.0504511702460245,0.0205360307447227,0.0178831837878607,0.00663633586319505,0.00276474004963847,0,0.00603169204433276,0.0601777458699551,0.0292004792925079,0.000461932531716249,0,6.53612746197361e-05,0.00781534143999531,0.00159768365582228,0.00942577489762445,0.000564805826623803,0.00102259670444123,0,0.00359848573000366,0.0018706073317024,0.000849448362732139,0.356314999600753,0.00642656124969827,0.000790633658627721,0.00482812735275186,0,0.0198717351074277,0.951356804919385,0.0910499339439637,0.0603370427587825,0.00896359595432913,0.00923135791879699,0.126145204714754,0.0357824151051208,0.00371733849086165,0.0136945473645729,0.00103022271114268,0,0.00203252161333407,0.00306362376105968,0.00127860122494078
0.129231279891769,0.00728185668294254,2.61055810330524,5.08302513837404e-05,0.000381546993774963,0.026875707520021,0.252217655308086,0.136553455876409,0.00410682601563919,0.003358362185282,0.0118547717485392,0.000364548042082322,0.0105162746338492,0.100363328047595,0.0388621636390676,1.9626041857618,1.92080330896144,0.00816366736753375,0.115743383357199,0.000152553086168185,6.86805679986516,0.148084727811154,0,0.109261678259177,0.00108214745717689,0.102352595780919,1.27915728228659,0.49223267230353,0.064527830828052,0.589458631394111,0.000346780284557868,0.00196412777136904,0.00423020198593063,0.354065006918813,0.0573659655816942,0.867925462211588,0.64662293270236,0.762759983575751,0.39003067744745,0.149526157007716,0.0346400026729322,0.000497387881971506,0.0784082385308197,0.125784723790235,0.03796174871932,0.0334907115324653,0.00648773533042714,0.00340049881114751,0.000446163206858907,0.00295528627069757,0.0167472008574997,0.104522297220724,0.000229497744644827,0.000633884432460449,0.00011919172655917,0.0195220373434044,0.00240851774173348,0.00232345718324699,0.000539444255000348,0.000339676003703441,5.0973423411729e-05,0.000173203986550048,0.00425460906015961,0.00272287050307348,0.258756873930033,0.0152213077406254,0.000720339172574497,0.00390346511082796,0,0.037117635906097,0.217953582349006,0.292669764038742,0.0337570498078252,0.000281221956497735,0.00981678197631574,0.347501720668929,0.0278386683474702,0.00408479236775063,0.0147168014389312,0.000164466482281618,4.11763025875457e-05,0.000596361972042063,0.00570104517419999,0.0379977336101658
0.0654488290635735,0.277416191874422,0.0880077710734134,1.22000073647154,0.000519695223034028,0.0828349098123948,0.464098619972774,0.0266343210391646,6.16519834815058,0.180120351370208,0.0146119364821165,0.472863751912019,0.0497142909775786,0.0170857621853195,0.103109910409914,1.33915631236693,0.0230275829879994,0.00539334173439496,0.0181927437360181,0.540616695421952,0.132871810356987,1.65616391303895,0.109261678259177,0,0.0840352926316297,0.0510720373226743,0.458446194199571,3.79282355993841,0.0819150461906712,0.102218830374466,0.0180566061038597,0.00121040671074336,0.00826187007459077,0.0265298160295383,0.0049428287273253,0.112230017945378,0.039058754046172,0.0746856275029377,0.0202721407765627,0.0830791404933535,0.0343832467662135,0.000223170133967814,0.0891357854301504,0.0159953786429486,0.0343893915009662,0.0159044066678897,0.0270019112446599,0.0162921090372487,0.0001737137998208,0.0483045953390542,0.0110924350400653,0.0124896672805114,0.0476900981538284,0.000246928433023484,0.0102254215344494,0.140039249268098,0.0208571950165854,0.168512578502387,0.0367264001931582,0.00272050357478921,0.0128291442975406,0.00170549827165484,0.0332574502460393,0.00353216590720185,0.095867865594771,0.00432307245628263,0.0012330454757167,0.00286803262718797,0.0126753179582824,0.0302389765683395,0.208689410255579,0.0270205857458954,0.389821361951883,0.0021857024480967,0.00796490283520048,0.0217074264709478,0.273275641518127,0.0682028747970165,0.0713313287021377,0.00136034223231865,0.000145713313781783,0.00970711257677553,0.0230724466940976,0.00236326785562843
0.000833469813199962,3.31188254399594,0.00538481351005813,0.000243524782868456,0.00170851562154302,0.000312060420058748,0.00146126617591874,0.00122838595590311,0.198239402493726,0.000386399852773906,1.85348921336498,0.00466344035378577,3.54730139794124,0.00122201445300645,0.0109215820537235,0.00333244109576148,0.0173382101462427,0.0833442588957146,0.0695373149626723,0.000136717189884413,0.000518165811036475,0.309995490368111,0.00108214745717689,0.0840352926316297,0,0.294540484636282,0.956204383444055,0.00372847405472634,0.00209538592344312,0.00112102693411603,1.20418283939661,0.00203994787254473,0.000189352758544672,0.068040373617047,0.000144675250989945,0.108701668870084,0.504096088563295,0.117754520914825,0.034255852497692,0.00814135257162667,0.00939326486393011,0.202737209002522,0.0539891735428072,0.112914977004727,0.0377386141782873,0.00835455704037094,0.000520025307843085,0.00117460772186016,0.0139928843366938,0.000134959852770788,0.194513423846047,0.00176447642512301,0,0,5.51750765334555e-05,0.000711702665225509,0.000608943948567281,0.00167526075609684,0.000319982970619954,0.185732609327395,0.000140584623124832,0.34741412362674,0.00118086296258865,0,0.0008694431175672,0.00378921820730918,0.0773390394816267,0.0258942052299669,0,0,0.0102060419395165,0.000223115717544888,0.000241976404822349,0.639000017874823,0.213098518099159,0.116845520841205,0.000504921081480943,0.00220988550086563,0.000451930932396908,0.321531834441206,0.000878491444180101,0,0.00892005678163142,0.000164665222022752
0.0209841543340924,0.217021036618907,1.54948266872155,0.000193691811978136,0.000968211198434516,0.0136022374662224,0.0868950459791016,0.0540435685111987,0.0475457262608633,0.00192039221410163,0.721951076575611,0.00167682472278795,0.0972067028425784,0.0322145333276341,0.00377615231908652,0.0168016978622641,0.460448464595138,0.805167626084512,1.10173743432152,0.000112823576598073,0.0553645044821115,0.0513014761948292,0.102352595780919,0.0510720373226743,0.294540484636282,0,2.87527722426685,0.0360632252668336,0.0228139135768016,0.037911829517477,0.510860256686523,0.00648294491617878,0.00174181003561234,0.135730324694455,0.00426392594788504,0.271090237470048,0.519413070141629,0.400594761435734,0.157617084204797,0.00979757227997523,0.00385684663408096,0.00541485237305793,0.0212296264353616,0.0516056789582817,0.0360432916922985,0.0179705510274923,0.000716193941870571,7.71177172469613e-05,0.000587084299206663,0.00251437980101576,0.126216616004001,0.0425470417538143,0,2.64995205947463e-05,7.05337589957111e-05,0.0034835852554982,0.000850703027926402,0.0028385746974849,0.000337254457984991,0.060141232529234,5.99899805473888e-05,0.146625416962559,0.00230490932304531,0.000362736039963094,0.00335523006073102,0.0283772300014228,0.0284701962698234,0.0744645467086083,0,0.000853422341523051,0.00991162423330717,0.00614479789444282,0.00584333391446219,0.0860029456014557,0.363365033336563,0.400835004160529,0.00218013880609168,0.00163717155082837,0.00234259783829288,0.0691030453607925,0,0.000122287372212447,0.00807292471935945,0.00461547753199028
