0,0.000644868045905245,0.0326184942124744,0.0120829853948214,0.000142419749616689,0.00784172372436786,1.98040426065388,0.200459056600492,0.101193199730866,0.0097559274119109,0.00120594130508272,0.000462255994760205,0.000757938406685195,2.91477038514502,0,0.00297775430234291,0.0440730731372725,0.0016256767090414,0.00272031862325627,0.0211807757249654,0.0212854689514451,0.00104864272818587,0.0812661818454579,0.0575442880842008,0.000170930399610459,0.0100284069048941,0.00537277192024955,0.0313801549094022,1.06529221402188,0.233766864545668,0,0.00120420324301001,0.0257547549440773,0.0672412677720502,0.000112453685252845,0.0544072925511252,0.00866376993302997,0.0271840687568266,0.00770777066709519,0.00618151878641318,0.00699087298871343,0.00115831285992677,0.00117515749075494,0,0.00055818551271663,0.000765302893308575,0.000152162046741955,0,0,0.00317713431727967,0,0.000539665083927852,0.000159717001540174,0,0,0.00206466384771071,0.00111642385597911,0.00382046880444741,8.60381164633217e-05,0.000269201736771754,0,0,0.000586633288282492,0,0.000845756924932013,0,0,0,0.000184854088288479,6.89089382348296e-05,0.000398813432225319,0.000230327770020721,0.00474636904520866,0,0,0.000511795577284839,0.0047267360038727,0.0021066626645257,0.00107172622500766,0,0,0.000395801341441324,0.00144891656005198,0.000174017575089078
0.000644868045905245,0,0.15779319902925,0,0,0.000409807990150324,0.00104431954765165,4.03002447737215e-05,0.106871723425625,0,0.0147201502026265,0,0.0212624474419099,0.000257233434348797,0,0.0523765099316185,0.049400858693747,0.00417840033754916,0.0343042591475917,0,0.00106671511660894,2.42501651603945,0.0122120972869749,0.0439043533450235,0.977881170541142,0.125734734465207,1.24702103646007,0.00202769275312588,0.000667079467031926,0.00238557174163112,0.137270491892085,0.00015807543868181,0.000716800625791733,0.0279300864759716,0.000190102731369891,0.0285765051220649,0.0851177942409971,0.0556639123096135,0.0111668634155626,0.000261985067928504,0.00238417741627965,0.000503736562711625,0.0168699101743882,0.0253519797733657,0.0211975114776156,0.010590848107512,0.000451330012841838,0.00119428576135559,0,0.00039368337648598,1.53841718017174,0.152391963623274,0,0,0,0.00115930421688971,0,0.00676265127213266,0,0.000369243099862339,0,0.00561519339022906,0,0,0.0040098166877117,0.0510711117772365,0.00101707001988903,0.0304909885726899,0,0.000963088466214105,0.389583708820477,0.0105320722045312,0.000968368595006326,0.0251454106954535,0.0457053329939099,0.185940703402813,0.000400428776015468,0.000151466914455004,0.000509652369782762,0.00374878478816751,0,0,0.0164163858358337,0.000519701197148334
0.0326184942124744,0.15779319902925,0,0.000467755374665719,0,0.0226824496119744,0.0698522835145887,0.0414449046981248,0.0093403953897101,0.000445875789654474,0.0068611846907934,0,0.00144174134262289,0.024521750345796,0,0.0389717672103165,1.61009949462401,0.0132785902743929,0.0669141317934177,0.000655442911009915,0.0631703042729282,0.0458433949448991,5.46146112142113,0.0594757010917116,0.00270010756083363,2.05691147143492,1.83045594824344,0.130101763609263,0.0164593878991529,0.0886930003794984,0.00161485459016477,0.00075835056327481,0.0060172447022377,0.404103341206933,0.005611522213924,0.275609940918311,0.851851685368566,0.500009709687935,0.164781339713965,0.0116683215105767,0.0252057324049616,0.00133942820857301,0.0162276952990425,0.0137645114301696,0.0112462852304775,0.01286267386398,0.00323471771581609,0.00199474635549663,0,0.00169692081611751,0.0701555815189111,0.200627029912268,0,0.000503582708878644,0,0.00180880553261806,0.000398312229535902,0.00470114964241644,0,0.000807183760323941,0,0,0.000772543572809597,0.000500592355059658,0.0139727222107085,0.0170013910029828,0.000104184765665212,0.0035540556109744,0,0.00331663920913239,0.0394551892266908,0.0224450727871804,0.00571354450302255,0.00297227954941265,0.00872836776479245,0.132489550813852,0.00409281907669069,0.000412017686159756,0.00425641372733788,0,0,0.000340636601951355,0.0102693081145026,0.00524089690775679
0.0120829853948214,0,0.000467755374665719,0,0,0.0342923501911142,0.135932215368167,0.00902429771664232,0.126206294358344,0.96502940423089,0.00118621315080404,1.5976241057959,0.000564912556782048,0.003927964281015,0.000853789701094412,0,0.000590646864403839,6.50392277170078e-05,0.000295755926914157,12.9773007816706,0.000104784716976414,0,0.000313645355585296,10.6038547282067,0.000296427275740401,0.000178869204859256,0.000423680287248389,1.87833001004103,0.0104145600268702,0.000208076275507344,0.000306959912375705,0.000451416879535831,0.00152726721033718,0.0120297714348882,8.12045493234085e-05,0.020769334462222,0.00112484765568045,0.0121108972705793,0.00572470218152717,0.0366566632632741,0.0046860124117556,0,0.00574510982230816,0.000470856502563718,0.00082938320432565,0,0.00117792374396121,0,0,0.000762535938271316,0,0.00021468185639292,0.849767669132375,0,0.00082220471200813,0.00166715818028276,0.000177749830402817,0.00281813493321349,0.000654417599126548,0,1.30920988540798,8.80598723916083e-05,0.00054128774659567,0,9.14881302061937e-05,0,0,0,0.00144775822516832,0,0,0,0.0014748920166536,0,0,0,0.00122647734099851,0.000417816941697159,0.000365234987499493,0,0,0.000850989546770171,0.000410161705799121,0
0.000142419749616689,0,0,0,0,1.85699229922793,0.000229662229091849,0.634836706448638,0.000213093561080265,0.000237807301071654,0.00391633995086605,0.00206489544588534,0.00220711712778521,0.0461196589544447,0.781027620864266,0.00119237603825306,0,0.000636947058088025,0,0.00177053707474375,0.0002481725208202,0,0.00145189433805769,0.000130599617777186,0.00135229176719788,0.000164662309759849,0.000262991675935435,0.000343541327662766,0.0785209306880939,4.09187385889114e-05,0.001465248176306,9.07496087244186,0.000943190631755228,0.242496656935175,0.0941040938783448,0.00554286854086469,0.00551589200030202,0.0321624150422402,0.00375428422068979,3.37489908823595,4.74344106709816,0.0012663534061666,0,0.000601402015769986,0.00260896866033805,0.00233316394883137,0.00142222976418454,0.000184392345846385,0,0,0,0.000193686493797912,0,0.000195010839768028,0.000120028511803707,0,0,0,0,0.000136977985890543,0,0.00037431036101275,0,0.0011900324958368,0,0,0,0,0,6.5323756620092e-05,0,0,0,0.000803720223797016,2.62995835162787e-05,0.000168131691018955,0.000143975880922451,0,0,0,0.000110922558559951,0,0,0.01276158324321
0.00784172372436786,0.000409807990150324,0.0226824496119744,0.0342923501911142,1.85699229922793,0,0.26781648402364,2.41979895902783,0.0370442775787374,1.25668650381217,0.00912730471086113,1.60097134150858,0.000836714282151293,0.205544127780524,2.83915797257005,0.00175047721217955,0.00896529339705004,0.0010271087739829,0.0013798521298042,0.372741180649851,0.00858033828453938,0.00157723264258904,0.0274871818819401,0.150220904173639,0.000825780986313264,0.00725201655861321,0.00574167545973461,0.111566399690982,0.0553858511533145,0.0143970327124585,0.000781826392480734,0.306770896302698,0.00159100146174972,0.0897913547149944,0.14205597562348,0.0274511571640866,0.0152155547652775,0.0374770120539689,0.00433065584048296,1.6891332502633,0.067864714329504,0.000695676152986372,0.0059618802770443,0.000594314286405256,0.000506160280992148,0.000196893395087176,0.00245331530902275,0.000150195618904246,0,0.00207547552095679,7.43069262440607e-05,0.000666160859827687,0.000619306695940722,0.000197360986005354,0.000713396000838203,0.00379599373540342,0.000935150623726364,0.00266137385160001,0.00073926006571127,0,0.000158161661180348,0,0.000783912993755637,0,0.00165583375830691,0,0,0,0.000713529647352254,0.000943972575618566,0.000789012589678707,0.000396040979032988,0.00512035120522245,0.000154889258725377,0.000116298529426341,0.00051630094606894,0.00572857717180236,0.00159390110406691,0.00252571977724647,0,0,0.000353076849857073,0.00135002216676135,0.000844361052200499
1.98040426065388,0.00104431954765165,0.0698522835145887,0.135932215368167,0.000229662229091849,0.26781648402364,0,0.580957410356008,0.0879588221885854,1.72962429826796,0.00793028590713264,0.0038121721414886,0.00349560967598033,0.753194268667995,0.000351873348666042,0.00468436657938699,0.0114476441557545,0.00112666225830526,0.00209986322621864,0.0210300502682318,0.0359675450015186,0.00497406625365731,0.0788070638097298,0.711155644849526,0.000646051811423695,0.0161225249409338,0.0529135949522739,3.27544425434025,0.172320054793453,0.910488555972865,0.000441947654730483,0.0024606155138339,0.0151637997109258,0.0938718798396902,0.00174005766554449,0.141154425455865,0.0304496090094933,0.11836955801198,0.0276424509007547,0.0453222537022593,0.0159476325647206,0.00123674364090063,0.00632402793910351,0.00144409928845529,0.00186191089183126,0.00077550376502569,0.000845166000228536,0.000158303680855981,0,0.00307915829074355,0.000698533131163775,0.00221811595457631,0.000874159151736925,0,0.000752716559473221,0.00604124323034557,0.000967765466635003,0.00398384531588637,0.00101577382920213,0.000284707103917185,0.000572462642178463,2.98370058023922e-05,0.0013152883389355,0,0.00507561591256805,0.000181394769954233,0,4.24007940042267e-05,0.00055207423523345,0.00278408002346316,0.00358604775209331,0.00278503690248288,0.00820677600669364,0.000166843603176498,0.000171988537468391,0.00296301561232144,0.00957755559902976,0.00236876231815295,0.00454702098147941,3.39492631668322e-05,6.57368126429398e-05,0.000648728552003937,0.00379823356621756,0.00104856652374928
0.200459056600492,4.03002447737215e-05,0.0414449046981248,0.00902429771664232,0.634836706448638,2.41979895902783,0.580957410356008,0,0.0200422412020025,0.153363453923879,0.0312169219277243,0.0351839195364219,0.00675699745803479,2.89645724084035,0.0353324440690646,0.00334099397763566,0.0443122195213903,0.00418175817208989,0.00363114259198355,0.0587052543951731,0.0197385428893661,0.00247372191302653,0.0858713043988683,0.0533454440646912,0.00411573064013334,0.019735503107544,0.0114504083977912,0.0395314045936589,0.381349321071525,0.10678182817754,0.00163261194083341,0.720664850083448,0.0056713496470177,0.365473096849084,0.000586682330877051,0.0336115562452547,0.0250814605036749,0.11724817747184,0.00969814427580941,0.736785232641839,0.374490144638137,0.00265815571957313,0.00140406464297037,0.000981895965392548,0.00088548265510472,0.000338284698796154,0.000329356192858453,0,0,0.00124244745224937,0.000140787393198153,0.000832472012460973,0.000260368611524568,0,0.000175968410730622,0.00227339852133738,0.000543518537628331,0.00221260906146418,8.21508404221934e-05,0.000246377960580897,6.32856010382562e-05,0.000254139425392268,0.000766355465780332,0,0.00182953746886144,0,4.80332903184527e-05,0.000182322051481575,0.000143709823178682,0.000569476871568061,0.000735512904953493,0.00047065568859861,0.00549912583951636,0.00144104617139342,0.000111943505132054,0.00117003372911394,0.00384809829636192,0.00103296074748196,0.00222049426872507,0.000132445292650111,0,0.000508914288322664,0.0013264114590126,0.000353085707008832
0.101193199730866,0.106871723425625,0.0093403953897101,0.126206294358344,0.000213093561080265,0.0370442775787374,0.0879588221885854,0.0200422412020025,0,0.0247639059276512,0.00191719390373437,5.56147243703336,0.00165393873665277,0.0085761490608656,0.995032120727568,0.00865800297554544,0.00912703977075188,0.000721245380503055,0.00380288573420527,0.897451213802482,0.00494807007895631,2.96349528574023,0.0101451693696778,5.25207194867915,0.00672693405306406,0.00693314998499532,0.0753443602332094,0.0724414383453468,0.0606033640480348,0.0843630982293221,0.00771737629195863,0.00043353851304303,0.0254264469576028,0.0459880523165947,0.000113795752443541,0.361448913882127,0.0189596622830927,0.0420942293326899,0.00919315718469666,0.651123329877631,0.0113052388619638,0.000403112161059153,0.0223015091533831,0.00237650717303259,0.00437716082042301,0.00176626282134063,0.00272006047245074,0.002090298642922,0,0.00944937957388299,0.00218249082290678,0.00349415617894685,0.000658519652802222,0,0.000636296579410844,0.0053324199966991,0.00102776383412561,0.1311283885092,0.00024460317662111,0.0002266428386016,0.00171894797135002,0,0.00159020369302683,0,0.0193400398653853,0.000711738350206104,0.000130171570673573,0,0,0.00408799919877773,0.035977396020651,0.00252507329768373,0.0274972344827195,0,0.000320851937010582,0.00307063935332515,0.0169550035701559,0.00602210964431909,0.0126524994808459,0,0,0.00341977527833776,0.00811847523542709,0.000241397097365486
0.0097559274119109,0,0.000445875789654474,0.96502940423089,0.000237807301071654,1.25668650381217,1.72962429826796,0.153363453923879,0.0247639059276512,0,0.00279543787702728,0.74207006601498,0.000355190714590926,0.0302972334200325,0.000339416455368992,0.000225450204288677,0.00033352212195047,0.000244094648260329,0.000613923484743304,2.30378371191063,0.000355168061619281,4.54632067205382e-05,0.000317358001098343,0.235237737775202,0.000426540813612809,0.000382324238565976,0.000808963633576985,1.32668300725922,0.0315188543091662,0.000654666615459292,0.000341125503677557,0.000616314620766402,0.000963306211337562,0.0286006688355541,0.000134459134407473,0.022835176288804,0.00198044480752091,0.0215699287573835,0.00455591124014927,0.0430979277985116,0.00450223998356074,0.000456115686692526,0.00714626845080395,0.000327502514573949,0.000191819013116574,0.000203420980865133,0.00134466392814575,0.000237571612575187,0,0.00100170984049914,0,3.49484885158631e-05,0.00516569207466049,0,0.000486030656420711,0.00211736965710051,0.00101335826477561,0.0016541925417799,0.00051651713238124,2.36338292856545e-05,0.0104855258524764,0,0.000240209684735468,0,4.6711719532291e-05,0,0,0,0.000692202439159326,0.000132208407135683,0,0,0.00201524972038785,0,5.72729204815006e-05,2.96642262406614e-05,0.00295109675420628,0.000632919182024376,0.000554691337656524,0,6.58852350871649e-05,5.03395389610116e-05,0.00042190332431418,9.31328829712093e-05
0.00120594130508272,0.0147201502026265,0.0068611846907934,0.00118621315080404,0.00391633995086605,0.00912730471086113,0.00793028590713264,0.0312169219277243,0.00191719390373437,0.00279543787702728,0,0.00380305902104581,2.3437737410521,0.0116523217232899,0,0.00212367507804188,0.0124702078468828,1.66928091696348,0.885635283324326,0.0122619243875959,0.00225699939057007,0.00760058660679423,0.00564263812527965,0.00548941624742563,1.77384999972834,1.03198155751018,0.164803511299844,0.00317077254818596,0.0399182747477679,0.0033372919054344,0.401193861404422,0.0177422929166784,0.00323221321006648,1.46218094594001,0.000274339551197218,0.0649103787430616,0.805132717925957,1.13708517520123,0.0616379385282269,0.0304181673837592,0.0213844010292755,0.679225150548212,0.00336185827037787,0.0625249261055587,0.0212194536580919,0.00125934909275099,0.000417183494844605,0,0.0171763679641834,0.000188590399124972,0.00775295176704539,0.000852600237540223,0,0,0.000203034896167085,0.00023645040471274,0.000554362441412428,0.000458827638627618,7.47142957631013e-05,0.123373713751925,0.000177272934870512,0.0789207414786735,0.000682079036091741,0,0.000314164949230536,4.43483797752287e-05,0.00966840228625625,0.00115582803274923,0,0.000118067366096875,0.00108970374979837,0.000170867102692122,0.000574646720211005,0.334543396819919,0.0688969046747364,0.021958596235895,0.000427351826101183,0.00152989437265017,0.000104133232025261,0.0662568174414124,0.000945969360012181,0,0.0158535298578952,0.00036554110650553
0.000462255994760205,0,0,1.5976241057959,0.00206489544588534,1.60097134150858,0.0038121721414886,0.0351839195364219,5.56147243703336,0.74207006601498,0.00380305902104581,0,0.00092171627674651,0.00900669888945429,0.835437158485331,0,4.36342972562386e-05,0.000542831197409228,0.000501534317664449,9.42903634478067,0,0,2.75795708730392e-05,1.27598453334243,0.000221938496106598,0.000334826290786508,0.000199341780144883,0.0682859872268751,0.0134740328967747,0.000154920463215589,0.000350961443886716,0.00103259698137131,0,0.0257642727823689,0.077989001953119,0.10395570508961,0.00199330654612304,0.012810968274271,0.000636800466910312,1.36512514241169,0.00263253008211709,0,0.0111557219300445,0,0.000257173415292317,0.000403747329650719,0.00225334974173179,0.000234919976615653,0,0.000552056021876158,0,0,0.00612385165450438,0,0.000149512268515909,0.000757256380272474,0.000276389534298471,0.000671632276037335,0.000635606707725944,0.000165788407846939,0.489219019525921,3.9924471865253e-05,0.000181369878697249,0,8.2649191566479e-05,0,0,0,0.000354813553120244,0.000387109713051881,0,0.000114084324631392,0.000866668675807547,0,0,2.08353056323973e-05,0.00155083888087926,0.000316970489630024,0.000263190748815258,0,0,0,0.000210164183463072,0.000791650257535662
0.000757938406685195,0.0212624474419099,0.00144174134262289,0.000564912556782048,0.00220711712778521,0.000836714282151293,0.00349560967598033,0.00675699745803479,0.00165393873665277,0.000355190714590926,2.3437737410521,0.00092171627674651,0,0.00248363953468569,0.000800584070172153,0.0113139934601744,0.00173485272871253,0.00826132039795765,0.00329009457801882,0.00344642093505723,0.00729063965269761,0.00469880280670375,0.01828362224306,0.00283385856593539,4.03304995328803,0.0844955987461724,0.429593560235593,0.00238156348249647,0.00879727527299672,0.00534456953742394,1.72622539731669,0.00761249153159643,0.00225221453223067,0.226848096839469,0.00360362623889068,0.477997840325942,0.626453066584198,0.633796823398504,0.360306665114255,0.0189145808175163,0.224518360853232,1.7549750995275,0.0147933462029314,0.031545559796883,0.010434944703694,0.00231993956683831,0.000441928889518417,0,0.0118819353050065,0.000246956498263538,0.00403764493388641,0.000233836603690337,0,0,9.76207883935168e-05,9.53464145399194e-05,0.000339723009037527,0.000481845350050705,3.61905687237124e-05,0.0657508210927599,4.26804727694644e-05,0.237644737866335,0.000138784227386148,0,0.000977330396397923,0.000569585379160124,0.00853412994111975,0.000668900686350374,0,0.000247061396996458,0.00229224713819899,0.00181483158307555,0.000606436773951056,0.266212975623384,0.0566085867067522,0.0171805350497327,0.000359364650672296,0.000703219782923777,0.000389855502417876,0.0636784715535221,8.85800117264926e-05,0.000127518398396462,0.00640465256908102,0.00409562358079878
2.91477038514502,0.000257233434348797,0.024521750345796,0.003927964281015,0.0461196589544447,0.205544127780524,0.753194268667995,2.89645724084035,0.0085761490608656,0.0302972334200325,0.0116523217232899,0.00900669888945429,0.00248363953468569,0,4.32312418102308e-05,0.00266091900749586,0.0356827050206958,0.00162650616840357,0.00205737202993693,0.0359357576296526,0.016413867888021,0.00163308292410832,0.0624188774502266,0.0200708825471213,0.00159377434818824,0.0138290748151822,0.00704568820296265,0.0176648910387375,5.32916269445589,0.112662607136554,0.000659159790674946,0.158094937304504,0.0163221476872745,0.371521144698311,6.84046461175282e-05,0.0156412683296327,0.0126035578322547,0.0857166059201131,0.0055801975063731,0.0987732505838161,0.0440673063897061,0.000555547271736949,0.000387382083058346,0.000575792069463728,0.000296824148502244,0.000228844754656219,0.000122619438376955,0,7.22597728436154e-05,0.00152708209913058,8.82455300128659e-05,0.000228115700663605,0,0,0.000154635972483828,0.000870705370157034,0.000158480962496453,0.00089471188747264,0.000152926754174704,0,2.83374016836085e-05,9.34902803155615e-05,0.000333827567110028,0,0.000598906354832619,0.000172291118029425,4.40656014911007e-05,0,0.000171584747628817,0.000343580350193277,0.000460588817653007,0.00020979192047433,0.0028464520131531,0.000562636357184448,0.000223271198024351,0.000490495902967351,0.00262167614696205,0.000806019801572277,0.00140198534062184,0,3.91275366458778e-05,0.000135394851816695,0.000642337735085752,7.06742828791313e-05
0,0,0,0.000853789701094412,0.781027620864266,2.83915797257005,0.000351873348666042,0.0353324440690646,0.995032120727568,0.000339416455368992,0,0.835437158485331,0.000800584070172153,4.32312418102308e-05,0,0.000616406549843931,0,0,0,0.00831598524536777,0,0,0.00014507395994668,0.00379190225119453,0,0.000165387894943006,2.96699156536804e-05,0.000255194929748213,5.54112094292708e-05,0,0,0.00452955265825458,0,0.00128103022830241,0.239793021952612,0.0312587604983451,0.00154943590385758,0.000653596989654542,0.00215869336684317,2.08083195645307,0.00532615716282212,0,0.00222434187508174,0.0014270412025456,0.00156842542320731,0.00356510932901125,0.000124299091031524,0,0,0,0,0.0010669672951531,0,0.00289144491427074,0.000443128489129457,0,0,0,0,0,0.000595755811448086,0,0.0001298317810219,0.00212656981687229,0,0,0,0,0,0,0,0,0,0,0,8.68429035430321e-05,0.000145194527395754,0,0,0,0,0,0.000710461276281441,0.0237151392093236
0.00297775430234291,0.0523765099316185,0.0389717672103165,0,0.00119237603825306,0.00175047721217955,0.00468436657938699,0.00334099397763566,0.00865800297554544,0.000225450204288677,0.00212367507804188,0,0.0113139934601744,0.00266091900749586,0.000616406549843931,0,0.0365754753774342,0.000368445989485788,0.00569218854095317,0.000516033775811321,0.784926029212499,5.90089071654467,1.55987252544804,3.72426064249251,0.00406118474976071,0.00961087854864812,2.41045316522184,0.241267130503985,0.00960732379054913,0.0470498933119761,0.00119295961687484,0.00139611582492466,0.00994971602324211,0.201779443151509,0.0116121570797333,0.760932663737667,1.25207429458873,0.414047673832441,0.127899444625656,0.15517435559005,0.0611435162940907,0.00218741456918427,0.104160640873085,0.0984645630061457,0.0684292192456712,0.0377864895336294,0.0206950606552457,0.0164100475969243,0.00143226268969806,0.0198820653089432,0.00588547150732737,0.0209400031555436,0.000120371683117422,0.000473195385416174,0.000222540159705133,0.0108615627171793,0.00426502827655875,0.0964092906847361,0.000327585486175419,0.00297220292671595,0,0.00154782422163067,0.00751266529187396,0.00160887522096536,0.500205352493329,0.00544810753559265,0.000165269304397224,0.00131387910809473,0.000136617760870222,0.0710600120515841,0.458046099158751,0.127252402784844,0.0931346771108749,0.000669552490495901,0.00332167151576019,0.0459904521666551,0.0605753686988127,0.0289715372938919,0.115936940488972,0,0.000121639427965204,0.0110945264339379,0.0698885250819936,0.0125792714129645
0.0440730731372725,0.049400858693747,1.61009949462401,0.000590646864403839,0,0.00896529339705004,0.0114476441557545,0.0443122195213903,0.00912703977075188,0.00033352212195047,0.0124702078468828,4.36342972562386e-05,0.00173485272871253,0.0356827050206958,0,0.0365754753774342,0,0.049240630019327,3.8434710874363,0.00114259128339664,0.0488379045170267,0.0360512958911443,2.93662023890776,0.0172857735075213,0.00239769891386822,0.829021595152596,0.66699170396754,0.0194942925796825,0.841256136916115,0.0393054125758287,0.00177991299596312,0.00128219693843546,0.0119690086185923,0.546194259976255,0.00228065165918062,0.105129504253136,0.417954915206815,0.320459376359758,0.121958545760233,0.00695163774573184,0.00769150317921477,0,0.00459291561305726,0.0014098832942532,0.00242635416168826,0.00211261543209288,0.00104053957638683,0.000738147482068211,0,0.000711901238013506,0.0193066930511199,0.0285819907281455,0,0,0,0.000593653370921966,0.000473932772790842,0.000754826377971085,0,4.97711711953731e-05,0,0.000468503619790676,7.13751593759294e-05,0,0.00353251256496213,0.00375196309209781,0,0.0014520435726172,0,0.00124853040293905,0.00485968024800643,0.00271669886962362,0.0019523979188112,0.000683636089171242,0.00208246208596955,0.0185557441224059,0.00125336083515721,0.000370355372970252,0.00083613655777225,0,0,0,0.00287553680018628,0.00192665893299875
0.0016256767090414,0.00417840033754916,0.0132785902743929,6.50392277170078e-05,0.000636947058088025,0.0010271087739829,0.00112666225830526,0.00418175817208989,0.000721245380503055,0.000244094648260329,1.66928091696348,0.000542831197409228,0.00826132039795765,0.00162650616840357,0,0.000368445989485788,0.049240630019327,0,2.24299108707665,0.00178957943292542,0.000861474226216028,0.00476510411451786,0.00408557088672189,0.00122659887862527,0.0727282631756992,1.15437726488374,0.0494018375056657,0.000783314530792081,0.00556185042017487,0.00132907092904066,0.113824978664828,0.00195877083703802,0.000994564253627029,0.113982290840247,0.000700915373401344,0.0450778913171902,0.300657037165125,0.154040997697731,0.0444825629278386,0.00693721212667701,0.00143703745554213,0.0565050674995016,0.00121584448111899,0.00467372957765759,0.00192498198072755,0.000902152394884983,7.72373036434515e-05,0,0.00183403716124954,0,0.00416083902945915,0.000131200056208728,0,0,0,4.84771019860808e-05,0,0,0,0.0120868700052873,0,0.00653934968174701,4.49639773098627e-05,0.00011138844659473,0.000267307162552027,0.00015943576065487,0.00281918622412558,0.00144036848106806,0,0,0.000318769347979249,0.00011250991798159,0.000147293559202521,0.0393888617736992,0.0189348129748408,0.00678856331716679,2.89887657396082e-05,0,0,0.013616391131985,0.000239232937492253,0,0.00164653030281424,0.000655067258105414
0.00272031862325627,0.0343042591475917,0.0669141317934177,0.000295755926914157,0,0.0013798521298042,0.00209986322621864,0.00363114259198355,0.00380288573420527,0.000613923484743304,0.885635283324326,0.000501534317664449,0.00329009457801882,0.00205737202993693,0,0.00569218854095317,3.8434710874363,2.24299108707665,0,0.00109670261944005,0.0043580559951226,0.0156221719353614,0.0250633645986768,0.00397444458920277,0.0495360648255962,2.66983015021454,0.534978939794989,0.0024634310438374,0.00651612541535251,0.00219377904755287,0.0301312228569963,0.00122497536982749,0.000787196539190024,0.639991286058057,0.00117316553811716,0.0845514369789636,0.397185185834772,0.654715271118155,0.123619432061558,0.00306589517957826,0.00114463697860319,0.00596607664364732,0.00336255587783569,0.00353997783853878,0.00293300779015188,0.00118509840899894,0.000435863158238559,0.000137908242825711,0,0,0.0358244469563292,0.00380670238464715,0,0,0,7.15144660610784e-05,2.94980538442496e-05,0.000478094244767632,0,0.00154313831426731,0,0.000546473922571889,0,0.000114062319452055,6.51104871638845e-05,0.00038696450566348,0.00084831535288469,0.00665828780030123,0,6.00762640322761e-05,0.00354604093747218,0.000343335688190435,0.000115132167118589,0.00980711555861285,0.013209026131649,0.014779853195187,0.000208374209504126,0,6.79815098047522e-05,0.00175825185622673,0,0,0.00136348428962361,0.00133485211647289
0.0211807757249654,0,0.000655442911009915,12.9773007816706,0.00177053707474375,0.372741180649851,0.0210300502682318,0.0587052543951731,0.897451213802482,2.30378371191063,0.0122619243875959,9.42903634478067,0.00344642093505723,0.0359357576296526,0.00831598524536777,0.000516033775811321,0.00114259128339664,0.00178957943292542,0.00109670261944005,0,0.000501435018547438,0,0.000196872641890039,2.40992255999635,0.00320332038965465,0.00150587975786365,0.000799511590818582,0.554113303641941,0.0706820809055179,0.000101428409137752,0.000565408813914748,0.00483625514601727,0.00166277642332451,0.117487952159972,5.15540780987112e-05,0.0649442338030199,0.0115927525335003,0.0833237603610935,0.0336703915321287,0.485977404131666,0.0254871702087482,0.0035078577524323,0.0203414195255926,0.000139643007555542,0.0002138339755893,0,0.00371462599657223,0.000222418184484149,0,0.00287554278907108,0,0.000276490268430054,0.159277622768019,0,0.00293398096267467,0.00836096290383283,0.00226346404676851,0.0100721879389659,0.00375431706012135,0.0007353466192256,0.564924138874428,0.000277172414920394,0.00224412524605409,0.000220074343421167,0,0,0,0,0.00395166423144276,0.000170835501688128,0,0.000279806614090401,0.00979291285546039,0.00022588826487838,5.62684371044524e-05,0.000215821158223424,0.0115457845467891,0.00150195174942856,0.00202584118256353,0,0,0.000551903407312732,0.00195105159298543,0.000174819822739281
0.0212854689514451,0.00106671511660894,0.0631703042729282,0.000104784716976414,0.0002481725208202,0.00858033828453938,0.0359675450015186,0.0197385428893661,0.00494807007895631,0.000355168061619281,0.00225699939057007,0,0.00729063965269761,0.016413867888021,0,0.784926029212499,0.0488379045170267,0.000861474226216028,0.0043580559951226,0.000501435018547438,0,0.0221839302965621,6.82200821680637,0.059798372889098,0.000883831197680188,0.0126883172772661,0.0249475745529069,3.36854612788863,0.416775903027542,4.32292035325205,0.000135910069293618,0.0011545054615624,1.10808570164409,1.21702055844347,0.0108005982535353,0.44056091254219,0.210364790518099,0.33903967977356,0.064688660696267,0.0754306577735262,0.0236931454961761,0.00188498515747114,0.0077533144759126,0.00514262976043929,0.00491452857867872,0.00417935399833985,0.00118375035325172,0.000767246123122945,0,0.00168890960386074,6.39518162019259e-05,0.00215494951545445,0,0.000131632320873555,3.72081317063372e-05,0.00319625456459913,0.000772932276686788,0.00773797553106694,0,0,0,4.94263539295519e-05,0.00173642153428592,0.000129393982476009,0.0349720364370469,0.00104229863036188,0,0.000367002511790303,0,0.00718647278093945,0.0213591621305097,0.00552822022519052,0.0143605274723657,0,0.000561813141205223,0.00369808396055289,0.00958679110536081,0.00316184942176953,0.0173607170898987,0,7.00432347166737e-05,0.000915264807709185,0.00693554809828198,0.00704065673434788
0.00104864272818587,2.42501651603945,0.0458433949448991,0,0,0.00157723264258904,0.00497406625365731,0.00247372191302653,2.96349528574023,4.54632067205382e-05,0.00760058660679423,0,0.00469880280670375,0.00163308292410832,0,5.90089071654467,0.0360512958911443,0.00476510411451786,0.0156221719353614,0,0.0221839302965621,0,0.1419639983188,0.885767033226926,0.102249791414991,0.0330078729481801,1.1852360388185,0.0267980559950031,0.0115935776064909,0.0352764772742682,0.0310803231126661,0.000243179234276046,0.0107768544051609,0.0754112606088111,0.00266164562379529,0.143624629388437,0.207896923713802,0.128901565529458,0.0554486396457562,0.0190260037743608,0.0112498463539914,0.000299537374555639,0.0588367283272813,0.0540652004598037,0.0321493443220032,0.0298572060919943,0.00676405365267771,0.00910221658339607,0,0.0124689033857094,0.12210242184667,0.0378188616477874,0,0,0,0.00619933742642172,0.0015335533194001,0.0922842897475779,0,0.000715024014032469,0,0.000213387693698379,0.00256326700699231,0.000484579121568615,0.224416366616519,0.00440463136130238,0.000266351606225502,0.00049932300950052,0,0.0291668699311412,0.476695423626696,0.0678826789455356,0.0468193563560076,0.000651418824864233,0.00264809276835025,0.0762914576651339,0.0309815356724728,0.011706908362975,0.0351451653139559,0,0,0.00326530073170555,0.0268293384483807,0.00142625039625227
0.0812661818454579,0.0122120972869749,5.46146112142113,0.000313645355585296,0.00145189433805769,0.0274871818819401,0.0788070638097298,0.0858713043988683,0.0101451693696778,0.000317358001098343,0.00564263812527965,2.75795708730392e-05,0.01828362224306,0.0624188774502266,0.00014507395994668,1.55987252544804,2.93662023890776,0.00408557088672189,0.0250633645986768,0.000196872641890039,6.82200821680637,0.1419639983188,0,0.091333481366023,0.00307894860862497,0.204342483249698,0.999226338720396,0.400832769144569,0.817749556883591,0.376823527854429,0.000580528787774119,0.00316326076287709,0.0898545356362601,1.09335667081528,0.0384602553769805,1.13182313643004,1.56721064564426,1.01758941575768,0.259074799119394,0.208630497811485,0.0887735823869054,0.00431705390219006,0.0410194440803536,0.0281145393615364,0.0214050313256707,0.0135986144480893,0.00742859988022681,0.00636565023133018,0.000160436027811165,0.00150106001082648,0.00776455814327343,0.0322191630068423,0,0.000705602110455234,6.91538410305989e-05,0.0030573658662785,0.000496960227071226,0.0127154739572814,0.000113599699750527,0.00179468544408582,0,0.000715372764625192,0.000735746708509398,0.00173029687736197,0.122725648264939,0.00439234456210984,6.02493088029408e-05,0.000376359988093355,0.00012180594397904,0.0186717504903854,0.12019107090349,0.0880988499616102,0.014624562625909,0.000799432463444354,0.00205880673263912,0.130914250063514,0.00764508617699154,0.00240793813472841,0.0143792671515279,0,3.13829264406672e-05,0.000510861760049965,0.0151768325173044,0.0329370028734573
0.0575442880842008,0.0439043533450235,0.0594757010917116,10.6038547282067,0.000130599617777186,0.150220904173639,0.711155644849526,0.0533454440646912,5.25207194867915,0.235237737775202,0.00548941624742563,1.27598453334243,0.00283385856593539,0.0200708825471213,0.00379190225119453,3.72426064249251,0.0172857735075213,0.00122659887862527,0.00397444458920277,2.40992255999635,0.059798372889098,0.885767033226926,0.091333481366023,0,0.00511531028497866,0.0120425915044286,0.195412349015212,3.40736723823302,0.120329813911708,0.219372989522874,0.00198309714649971,0.00210550703737123,0.0476703282378728,0.122238331470799,0.00100700996001777,0.258141887651823,0.0559241228374524,0.134370372600407,0.0239845762540085,0.154990035852722,0.0149835120294784,0.00128882050933306,0.0541006166723515,0.00902452749029927,0.020925606772191,0.0104331191846007,0.0118051027083537,0.00505970524763788,0,0.0444503350206526,0.00152909541898619,0.0084988529402689,0.14733331722629,0,0.00539341919058657,0.0586689250938169,0.0131656694298772,0.137139466913326,0.0054905916726449,0.00177559522458637,0.0713755182863418,0.000433233265915349,0.0182617711287921,0.000184042897997566,0.0604676297751731,0.00152296372923859,0.000328294786627801,0.000544810574218354,0.00345975416274703,0.0208861744172662,0.0595218514555603,0.0135729635463261,0.180447743937393,0.000148901656275431,0.001312438312986,0.0090846772780953,0.125289810564629,0.0497768167670542,0.0800541168163472,9.63092832298429e-05,0.000981269965929343,0.0097773992359796,0.0445436646771449,0.0012546262681294
0.000170930399610459,0.977881170541142,0.00270010756083363,0.000296427275740401,0.00135229176719788,0.000825780986313264,0.000646051811423695,0.00411573064013334,0.00672693405306406,0.000426540813612809,1.77384999972834,0.000221938496106598,4.03304995328803,0.00159377434818824,0,0.00406118474976071,0.00239769891386822,0.0727282631756992,0.0495360648255962,0.00320332038965465,0.000883831197680188,0.102249791414991,0.00307894860862497,0.00511531028497866,0,0.260317227745323,0.919739291206755,0.00119509377843626,0.00463530522738261,0.00144938688062663,1.11034445671437,0.00513466396790239,0.00171021565115713,0.0923135353953857,0.000807204276366311,0.077663912391058,1.94758932403446,0.407370518900197,0.106664748028313,0.00519972753665058,0.0116340459202753,2.86462255854349,0.0837716880904926,0.0680241039904032,0.0258640835447312,0.00752574967433361,0.000990940943159771,0,0.238782359462502,0.00182827052326066,0.54917550039159,0.00539710519601609,0,0,0.000175249764541595,0.00016123985166094,0.000293650636573071,0.00407751710204801,5.107015382513e-05,0.0579929363765512,0,0.250172572138977,0.00038052985844088,0,0.000203629667857249,0.00357836001202422,0.0332425411487478,0.0433931712677552,0,0,0.0452726231144768,0.000488813137552541,0.000550360796742146,0.946015525126782,0.161098920325267,0.126454516745072,0.000243806641912406,0.000626287299620526,0.000128096473007559,0.101849974900039,0.000155821065791177,0,0.0125825316136399,0.00161839777335146
0.0100284069048941,0.125734734465207,2.05691147143492,0.000178869204859256,0.000164662309759849,0.00725201655861321,0.0161225249409338,0.019735503107544,0.00693314998499532,0.000382324238565976,1.03198155751018,0.000334826290786508,0.0844955987461724,0.0138290748151822,0.000165387894943006,0.00961087854864812,0.829021595152596,1.15437726488374,2.66983015021454,0.00150587975786365,0.0126883172772661,0.0330078729481801,0.204342483249698,0.0120425915044286,0.260317227745323,0,2.2570894846405,0.0155547084510789,0.0164827529035775,0.0207145197636573,0.387287985975596,0.001200067200435,0.00232846062613508,0.267508219024463,0.00529342219059631,0.274570119339869,0.746433538064477,0.476564988507773,0.133284744889677,0.00538371945134239,0.00421582125866338,0.0176515503437573,0.0120917424953985,0.0196636378801554,0.0185274414281326,0.00512886452558241,0.00122062308116938,8.75089159448807e-05,0.00321239720998299,0.000577432335141665,0.220746805804502,0.0234997570579713,0,0,7.67937935490673e-05,0.000267950378521139,0.000407047707262794,0.00294062027883388,7.8039757518673e-05,0.0470537395590482,0.000169876181684262,0.0385447211518229,0.00070182491697034,0.000505549623311027,0.00277708531537539,0.0135533500216663,0.0169843687134526,0.0369062282076942,0,0.000381407419280435,0.018372628267892,0.00166163982108288,0.00092739706621714,0.108798421354948,0.215645547493406,0.179050778922349,0.0008817790238403,0.000625693976860371,0.00109590861750374,0.0426257125613196,0.000446108159155485,0,0.0153901382146617,0.00652783069250745
0.00537277192024955,1.24702103646007,1.83045594824344,0.000423680287248389,0.000262991675935435,0.00574167545973461,0.0529135949522739,0.0114504083977912,0.0753443602332094,0.000808963633576985,0.164803511299844,0.000199341780144883,0.429593560235593,0.00704568820296265,2.96699156536804e-05,2.41045316522184,0.66699170396754,0.0494018375056657,0.534978939794989,0.000799511590818582,0.0249475745529069,1.1852360388185,0.999226338720396,0.195412349015212,0.919739291206755,2.2570894846405,0,0.0706313428445852,0.012521223966749,0.0235336153247135,0.439221770384279,0.00100866793758921,0.00188024948762311,0.470245218002498,0.0230767424208216,0.613117731296565,1.05904113742567,0.905103406828265,0.254507050212498,0.0354018487354583,0.0354571183027694,0.00331766133550228,0.0465895451020371,0.0340688743540145,0.0373284203067875,0.0240152098149645,0.00468215694859727,0.00430194809284518,0.00117544606321515,0.00115400409759897,0.362125747796571,0.19448830515558,0,0.00029074066799032,0.000213245935365575,0.00407622067620931,0.000455290044467649,0.00730229037526585,0.000210729739497567,0.0164765927800693,0,0.0196033508958463,0.000942069863473022,0.000387018064708903,0.0325835997557075,0.0290123576996959,0.0190317674232336,0.0480493789910788,0,0.00906674033927494,0.136235161194886,0.0950206033015745,0.00498081196370494,0.112543958673351,0.283066895708078,0.570017775396809,0.00348143834301544,0.00103683372220903,0.00265224420449108,0.0240648513138165,0.000112254253864642,0.00017894291533577,0.0299462425801761,0.0231717329163784
0.0313801549094022,0.00202769275312588,0.130101763609263,1.87833001004103,0.000343541327662766,0.111566399690982,3.27544425434025,0.0395314045936589,0.0724414383453468,1.32668300725922,0.00317077254818596,0.0682859872268751,0.00238156348249647,0.0176648910387375,0.000255194929748213,0.241267130503985,0.0194942925796825,0.000783314530792081,0.0024634310438374,0.554113303641941,3.36854612788863,0.0267980559950031,0.400832769144569,3.40736723823302,0.00119509377843626,0.0155547084510789,0.0706313428445852,0,0.0976459927954658,2.27866506655751,0.000235803872463232,0.00202790641537339,0.0453040224067636,0.272279642230451,0.00353331774577532,0.232282874755108,0.0472375390113342,0.175910725006599,0.0318793836932583,0.0542730700110806,0.0152367830248704,0.000974382005841139,0.0104965963905159,0.00201218536348403,0.00624553737980043,0.00181513847379087,0.00231991408294991,0.00102865458012818,0,0.014184666887003,0.000452646420957638,0.00205398283017584,0.00914300263818843,0,0.000906890022070372,0.0230971396940382,0.00508578459071006,0.0212659092062001,0.00129379571007024,0.00125029027282716,0.0387997530285305,0.00016058820967625,0.00731058683086031,0.000123168440437327,0.0151453158400239,0.000601264276403302,0.000185477551976827,0.000137114343851529,0.000764423836867819,0.00547694455036591,0.0109654059369619,0.00414018477335019,0.0545309587159951,4.91035857013281e-05,0.000459210496614797,0.00386908512443395,0.0394519821663735,0.0157064183781737,0.03187443089537,0,0.00011270602736807,0.00314926875562224,0.0111403262601897,0.00227010017574586
