0,0,0.00140145725376684,0.000111801732570753,0,0.00112239114948057,1.11526279880218,0.116202008133208,0,0.0239793934203707,0,0.00446549758184964,0,1.77761143088063,0,0,0.000529432350379958,0,0,0.035746112636458,0.0130459054091595,0,0.00635458424102611,0.00816789467730893,0,0,0,0.00665181803996065,1.22367775564078,0.593262860245851,0,0.000579689831538222,0.0722885516938382,0.0199810370502083,9.08640195892881e-05,0.00879533299636166,0.00358136473906384,0.0201436459622683,0.0215204771986078,0.00107503156705685,0,0,0.000597323810582549,0,0,0,0,0,0,0,0,0,0,0,0,0,0,0,0,0,0,0,0,0,0,0,0,0,0,0,0,0,0,0,0,0,0,0,0,0,0,0,0,9.16674925154842e-05
0,0,0,0,0,0,0,0,0.0122585007162439,0,0,0,0,0,0,0.0320996636668585,0,0,0,0,0,0.570164695441222,4.9295533759622e-05,0.0066069748202638,1.46553663200839,0.0357391207575379,1.00928164490333,8.73303608437438e-05,0,0,0.000166627426145968,0,0,0,0,0,0,0,0,0,0,0,0,0,0,0,0,0,0,0,0.231735583844853,0,0,0,0,0,0,0.00142110673097134,0,0,0,0.00714752221355369,0,0,0.00927632265763773,0,0,0,0,0,0.110149987677187,7.09245846579622e-05,0.000288099401495479,0.183322949949094,0.00150825433148066,0.0337116433478944,0,0,0,0,0,0,0,0
0.00140145725376684,0,0,0,0,0,0.000779918909722295,0,0,0.000109889218526656,0.000618200396490416,0,0,0.000564436037129028,0,6.18234623619802e-05,1.19322424419167,0,0.00596698723017219,0,0.0285366934646142,0,2.43156886535528,1.97882479013537e-05,0,2.74314658871991,1.70106065802068,0.000327112796248587,3.30933219900541e-05,0.0201155756074608,0,0,0.000277833020294931,0.0259729797822874,0.000118760583614512,0.00620991829046177,0.295439781060307,0.0543102324599471,0.0348552065270367,0,0,0,0.000446640575157954,0,0,0,0,0,0,0,0,0,0,0,0,0,0,0,0,0,0,0,0,0,0,0,0,0,0,0,0,0,0,0,0,0,0,0,0,0,0,0,0,0
0.000111801732570753,0,0,0,0,0.000475588215380423,0.0210718943394426,9.51971031229277e-05,0.0756280776359265,1.45921230134435,0,0.303365733737545,0,0,0,0.00118735408240135,0,0,0,4.15437136150359,0,0.00830249832843176,0,2.44181887878997,0,0,2.49388213914266e-05,2.06035149321615,4.80593661453081e-05,0,0,0,0,0,0,0,0,0,0,0.000138531382292762,0,0,0,0,0,0,0,0,0,0,0,0,0.0183011690968619,0,0,0,0,0.00121934038634199,0,0,0,0,0,0,0,0,0,0,0,0,0,0,0.00110151408193777,0,0,0,0,0,0,0,0,0,0,0
0,0,0,0,0,1.31562241953809,0,0.00100117979567056,0,0,0.00049925172071065,5.89264907140926e-05,0,0,0.428054196300455,0,0,0,0,0,0,0,0,0,0,0,0,0,0.0028468088687281,0,0,1.30407626811625,0,0.102259730711572,0.000596304722277353,0,0,0,0,2.61831040487974,3.64184005641585,0,0,0,0,0,0,0,0,0,0,0,0,0,0.000143283302182008,0,0,0,0,0,0.000142638445697212,0,0,9.22581577454621e-05,0,0,0,0,0,0,0,0,0,0,0,0,0,0,0,0,0,0,0,0.000770174091789422
0.00112239114948057,0,0,0.000475588215380423,1.31562241953809,0,0.03106083036024,1.10797005152506,4.75206044455627e-05,0.631409072865796,0,1.83120780048383,0,0.0175781609748548,0.0288209239756811,0,0,0,0,0.100174154368368,0,0,0,0.00780168766374247,0,0,0,0.0162187582856404,0.0870705509594435,7.33116572768054e-05,0,0.0920072988059304,0.000462770644407858,0.030714429602134,0.750623842639522,0.0072397916567339,0.000968497202343155,0.000457264821879683,0.000703550707945536,0.426756707508823,0.662589562525348,0,0.00178448966223745,0.000122155586803907,0,0,0,0,0,0,0,0,0,0,0.00230709748364926,0,0,0.000293991170225747,0,0,0.00214152533729911,0,0,0.00273061450290086,0,0,0,0,0,0,0,0,0,0,0,0,0,0,0,0,0,0,0,0.0131384442160808
1.11526279880218,0,0.000779918909722295,0.0210718943394426,0,0.03106083036024,0,0.136159271631247,0.00114232475853851,1.67732936742642,0,0.00377989159146876,0,0.997856961633374,0,0,3.82135101532509e-05,0,0,0.0195307767574958,0.00998313973039794,0,0.00242318694031926,0.0284067259580896,0,1.57104150511262e-05,0,3.34003683564449,0.176228272936349,1.77676146150335,0,0.000101453068499551,0.0108013589699169,0.00381464276569598,5.88959716886514e-05,0.000783945986785429,0.000690513680835391,0.00237113180504,0.00225498719605915,0.000940787446521987,0,0,6.25417511277268e-05,0,0,0,0,0,0,0,0,0,0,0,0,0,0,0,0,0,0,0,0,0,0,0,0,0,0,0,0,0,0,0,0,0,0,0,0,0,0,0,0,0
0.116202008133208,0,0,9.51971031229277e-05,0.00100117979567056,1.10797005152506,0.136159271631247,0,0,0.618348249125578,0,0.0147880343596205,0,1.00698353565549,0,0,0,0,0,0.056050065119793,0.000623733970399819,0,0.000223644808509956,0.00855884230566704,0,0,0,0.00689208186446057,0.429391292723282,0.0166766082565975,0,0.0646134742121436,0.00186023320278272,0.00465978410016774,4.28636170378274e-05,0.000559757598146137,2.6843127937277e-05,0.000896114127611737,0.000769731383680484,0.0069821463166847,0.108245101184216,0,0,0,0,0,0,0,0,0,0,0,0,0,0,0,0,0,0,0,0,0,0,0,0,0,0,0,0,0,0,0,0,0,0,0,0,0,0,0,0,0,0,0
0,0.0122585007162439,0,0.0756280776359265,0,4.75206044455627e-05,0.00114232475853851,0,0,0.000367272255847317,0,1.30286150063991,0,0,0,0.026067544783548,0,0,0,0.0325392658297331,0,2.27597369087971,0,3.57536893188958,0.000120503316054264,0,0.00550205404877993,0.098842865580302,0.000432008519511754,0,0,0,0,0,9.87535359651083e-05,0.0865015835194627,0.00112170522739206,0.000441256029508552,0.000181215459493386,1.51299951756541,0,0,0,0,0,0,0,0,0,0,0,0,0,0,0,0,0,1.32147255053581,0,0,0.00233387945737608,0,0,0,0.0387729414363456,0,0,0,0,0,0.156417735103151,0.000269760836868277,0.101923829102775,0,0,0.00166201190857734,0.00471354747120309,0,0,0,0,0,0,0
0.0239793934203707,0,0.000109889218526656,1.45921230134435,0,0.631409072865796,1.67732936742642,0.618348249125578,0.000367272255847317,0,0,0.723068628003014,0,0.355782285294869,0,0,0,0,0,1.58342981213133,0,0,7.43281586895218e-05,0.0634740824238559,0,0,0,1.14665070959738,0.0283860660156582,0.00141043979940675,0,2.50556605192239e-05,0.000333662670218182,0.000568879247574703,0.0662240984635315,0,0,7.86954336320514e-05,0.00012030246574128,0.000808320975438466,0,0,0,0,0,0,0,0,0,0,0,0,0.000287689084972269,0,0,0,0,0,0,0,0,0,0,0,0,0,0,0,0,0,0,0,0,0,0,0,0,0,0,0,0,0,0,3.2456273154208e-05
0,0,0.000618200396490416,0,0.00049925172071065,0,0,0,0,0,0,0,0.957161914538468,0,0,0,0.180558722048112,0.000106400174194263,1.04933950706325,0,0,0,0.000254200625117915,0,0.0382337446051952,0.711139962449973,0.0184881820317142,0,0.000110116009671923,0,0.167141285744673,0.143444153367638,0,0.351641510379549,0,0.000483379251775091,0.449417917554212,0.400212532885708,0.000842153864230831,0,0.0900850196564912,0.0356271118761514,0,0,0,0,0,0,0,0,0,0,0,0,0,0,0,0,0,0,0,0,0,0,0,0,0,0,0,0,0,0,0,0.00114857423394436,0,0,0,0,0,0,0,0,0,0
0.00446549758184964,0,0,0.303365733737545,5.89264907140926e-05,1.83120780048383,0.00377989159146876,0.0147880343596205,1.30286150063991,0.723068628003014,0,0,0,0.0013775810810691,0.0475153704594942,0,0,0,0,4.90328427203865,0,0,0,0.894171103869278,0,0,0,0.00512655503745653,0.0149509689050286,9.2242680000491e-05,0,0,0.000122870367144636,0.000876926544334791,1.01559624391219,0.00575069115411851,0.000907212432903117,0.000144570582830509,0.000575566323478193,0.251985411252137,0,0,0.0014993018184613,3.10251608591917e-05,0,0,0,0,0,0,0,0,0,0,0.00201908469954172,0,0,0,0,0,0.0743965681207949,0,0,0.000811842963756998,0,0,0,0,0.0125901832737812,0,0,0,0,0,0,0,0,0,0,0,0,0,0,0.0334118130931519
0,0,0,0,0,0,0,0,0,0,0.957161914538468,0,0,0,0,0,0,0.000141300644361745,0.000183930630630824,0,0,0,0,0,2.39211689533706,0.469893241156866,0.0268081216191818,0,0,0,1.01821445022873,0,0,0.0220620735981787,0,0.000400069876405419,0.304086671604271,0.0263416565502457,0.00446275253555458,0.00411793620874236,0.144806489413772,0.0335193097858633,0,0,0,0,0,0,0.0478894253473206,0,0,0,0,0,0,0,0,0,0,0,0,0.913391456226333,0,0,0,0,0,0,0,0,0,0,0,0.0138686399074809,0.00106784941728416,0.00732461410997039,0,0,0,0.154619665547419,0,0,0,0
1.77761143088063,0,0.000564436037129028,0,0,0.0175781609748548,0.997856961633374,1.00698353565549,0,0.355782285294869,0,0.0013775810810691,0,0,0,0,0.000340968134405783,0,0,0.00656189660539101,0.00285156698749399,0,0.00190060629247163,0.00206684021501624,0,4.29458243896568e-05,0,0.00377604638508221,3.84367980628425,0.107964854298957,0,0.00332994197096423,0.0765592863981316,0.0187358417778629,8.77437357756424e-05,0.00372693156068207,0.000924911230832183,0.0068171761984647,0.00505475139525663,0.000135414057470667,0.000613853486561762,0,3.97335196963599e-05,0,0,0,0,0,0,0,0,0,0,0,0,0,0,0,0,0,0,0,0,0,0,0,0,0,0,0,0,0,0,0,0,0,0,0,0,0,0,0,0,2.07745633961157e-05
0,0,0,0,0.428054196300455,0.0288209239756811,0,0,0,0,0,0.0475153704594942,0,0,0,0,0,0,0,0.00013744530443073,0,0,0,4.49539134874666e-05,0,0,0,0,0,0,0,0,0,0,0.00260337600762803,0.00184667416102422,0,0,0.000375687881500802,0.532894170512179,0.00178701551604638,0,0,0,0,0,0,0,0,0,0,0,0,0,0,0,0,0,0,0,0.000174217987665237,0,0,0,0,0,0,0,0,0,0,0,0,0,0,0,0,0,0,0,0,0,0,0.000786458933288247
0,0.0320996636668585,6.18234623619802e-05,0.00118735408240135,0,0,0,0,0.026067544783548,0,0,0,0,0,0,0,0,0,0,0,0.0732481011686395,2.674704237664,0.692001210319162,2.02610005322953,0.000946811819947477,0.000787741147173078,0.52644204872252,0.0842616806652838,0,0,0,0,0,0,0,0,0,0,0,0,0,0,0,0,0,0,0,0,0,0,0.00249621697661068,0,0,0,0,0,0,0.00443793601170436,0,0,0,0.000139969930727913,0,0,0.0984069254715124,0,0,0,0,0,0.0231780793557053,3.30943759454757e-05,0.00439273848366201,0.000273152198167329,0,0.00262644148000091,4.1267164223379e-05,0,0,0,0,0,0,0
0.000529432350379958,0,1.19322424419167,0,0,0,3.82135101532509e-05,0,0,0,0.180558722048112,0,0,0.000340968134405783,0,0,0,0.00011592039270245,1.02077963997944,0,0.00449121840511618,0,1.01215224303237,0,0.00152351298866047,0.851109628120276,0.000537384299312655,0.000106851219830398,0.249872272967667,0.00434546732968617,0,0,0.00167901539632686,2.48130357632216,0,0.000503814175017395,0.41816155615073,0.0206202165248827,0.00195244085558587,0,0,0,0,0,0,0,0,0,0,0,0,0,0,0,0,0,0,0,0,0,0,0,0,0,0,0,0,0,0,0,0,0,0,0,0,0,0,0,0,0,0,0,0,0
0,0,0,0,0,0,0,0,0,0,0.000106400174194263,0,0.000141300644361745,0,0,0,0.00011592039270245,0,0.269619836394782,0,0,0,0,0,0.000723400850110693,0.635175294118527,0.000551475931177483,0,0,0,0.000257305186530483,0,0,7.84114265887639e-05,0,0,0,0,0,0,0,0,0,0,0,0,0,0,0,0,0,0,0,0,0,0,0,0,0,0,0,0,0,0,0,0,0,0,0,0,0,0,0,0,0,0,0,0,0,0,0,0,0,0
0,0,0.00596698723017219,0,0,0,0,0,0,0,1.04933950706325,0,0.000183930630630824,0,0,0,1.02077963997944,0.269619836394782,0,0,0,0,0.00156972748539122,0,0.0130932303433926,1.79156593542068,0.00342740246392064,0,0,0,0.000480968035578732,0,0,0.470810619432185,0,0.00144355852344778,0.1430518303387,0.0388282959550978,0.00343519279652351,0,0,0,0,0,0,0,0,0,0,0,0,0,0,0,0,0,0,0,0,0,0,0,0,0,0,0,0,0,0,0,0,0,0,0.000869939966632965,0,0,0,0,0,0,0,0,0,0
0.035746112636458,0,0,4.15437136150359,0,0.100174154368368,0.0195307767574958,0.056050065119793,0.0325392658297331,1.58342981213133,0,4.90328427203865,0,0.00656189660539101,0.00013744530443073,0,0,0,0,0,0,0,0,1.00798796956973,0,0,0,0.175629230718763,0.0313002941098591,0.000246600147460696,0,0,0.000875003873041395,0.000857097652002873,3.54511623724789e-05,0.000163313029843066,0,9.28948960422001e-05,0,0.00187112536597537,0,0,0,0,0,0,0,0,0,0,0,0,0,0,0,0,0,0,0,0,0,0,0,0,0,0,0,0,0,0,0,0,0,0,0,0,0,0,0,0,0,0,0,0
0.0130459054091595,0,0.0285366934646142,0,0,0,0.00998313973039794,0.000623733970399819,0,0,0,0,0,0.00285156698749399,0,0.0732481011686395,0.00449121840511618,0,0,0,0,0,3.4741070328736,0.00382865115783069,0,0.00102776787698191,0.000194898899210018,1.74180566162193,0.798997121947536,2.23572134419734,0,0,0.331371604238848,0.0817190731548127,8.85218027125044e-05,0.00134220954787784,0.0118020046207519,0.023556804893029,0.00754917027144211,0,0,0,0,0,0,0,0,0,0,0,0,0,0,0,0,0,0,0,0,0,0,0,0,0,0,0,0,0,0,0,0,0,0,0,0,0,0,0,0,0,0,0,0,8.68952362795643e-05
0,0.570164695441222,0,0.00830249832843176,0,0,0,0,2.27597369087971,0,0,0,0,0,0,2.674704237664,0,0,0,0,0,0,0.00123969842437831,1.32780059105655,0.00505010810669101,0.000581236498965741,0.450293197084526,0.00964261237287816,0,0,0,0,0,0,0,0,0,0,0,0,0,0,0,0,0,0,0,0,0,0,0.0105899196499767,0,0,0,0,0,0,0.807000643143451,0,0,0,0.000121243726175294,0,0,0.364769504369003,0,0,0,0,0,1.21663000722958,0.00395091197158807,0.209630854470266,0.000862677704025687,0,0.0601117171822165,0.00163736801952236,0,0,0,0,0,0,0
0.00635458424102611,4.9295533759622e-05,2.43156886535528,0,0,0,0.00242318694031926,0.000223644808509956,0,7.43281586895218e-05,0.000254200625117915,0,0,0.00190060629247163,0,0.692001210319162,1.01215224303237,0,0.00156972748539122,0,3.4741070328736,0.00123969842437831,0,0.0117608930858664,0,0.10510963882088,1.10298776608193,0.0817555517384785,0.174865813500698,0.215882053712651,0,0,0.00149620574287394,0.302710755679766,0.000422429509001272,0.00737415958891251,0.129044891980832,0.11461475823146,0.0359695731348702,0,0,0,0.000572674708152702,6.23326094825591e-05,0,0,0,0,0,0,0,0,0,0,0,0,0,0,0,0,0,0,0,0,0,0,0,0,0,0,0,0,0,0.000134948941842563,0,0,0,0,0,0,0,0,0,1.03542809395951e-05
0.00816789467730893,0.0066069748202638,1.97882479013537e-05,2.44181887878997,0,0.00780168766374247,0.0284067259580896,0.00855884230566704,3.57536893188958,0.0634740824238559,0,0.894171103869278,0,0.00206684021501624,4.49539134874666e-05,2.02610005322953,0,0,0,1.00798796956973,0.00382865115783069,1.32780059105655,0.0117608930858664,0,8.76171339520438e-05,5.60693002903087e-05,0.0198665136507639,2.49518007149271,0.0139955502989313,0,0,0,0,0.000415571046245527,0,0,0,0,0,0.0206049301612451,0,0,0,0,0,0,0,0,0,0,0.000660718329259059,0,0.131695668395522,0,0,0,0,0.0921382279549189,0,0,0.000498394293143405,0,0,0,0.00777684984649167,0,0,0,0.00231792656186477,0,0.0274630901659984,1.60322536201191e-05,0.0512485098391195,0,0,0.00114758828475934,0.00263311073874958,0,0,0,0,0,0,0
0,1.46553663200839,0,0,0,0,0,0,0.000120503316054264,0,0.0382337446051952,0,2.39211689533706,0,0,0.000946811819947477,0.00152351298866047,0.000723400850110693,0.0130932303433926,0,0,0.00505010810669101,0,8.76171339520438e-05,0,0.443902950556037,0.359795038373649,0,0,0,0.0139486051719256,0,0,0.00405203188178962,0,0.0013404020312164,1.35838638317959,0.0221510259451555,0.000340071374147259,0,0,0.304247779272571,0,0.0049694775090462,0,0,0,0,0.0137028295617043,0,0.0810704405937463,0,0,0,0,0,0,0,0,0,0,1.19862821930702,0,0,0,0,0,0.000912053941199673,0,0,0,0,0,2.45274781114115,0.00891386865615736,0.0575697290139333,0,0,0,0.00614685339606511,0,0,0,0
0,0.0357391207575379,2.74314658871991,0,0,0,1.57104150511262e-05,0,0,0,0.711139962449973,0,0.469893241156866,4.29458243896568e-05,0,0.000787741147173078,0.851109628120276,0.635175294118527,1.79156593542068,0,0.00102776787698191,0.000581236498965741,0.10510963882088,5.60693002903087e-05,0.443902950556037,0,2.45376843823568,6.97739720366739e-05,0,0.000573922911702377,0.199469183477343,0,0,0.0676495788632599,0,0.00100625210108133,0.202513162609073,0.0313548893146641,0.00442765456706263,0,0,6.05862947061072e-05,0,0,0,0,0,0,0,0,0.0161797941401635,0,0,0,0,0,0,0,0,0,0,0.00131342139941523,0,0,0,0,0,0,0,0,4.79716408390857e-05,0,0,0.12059942840272,0.00143409742493585,0.00198749181093764,0,0,0,0,0,0,0,0
0,1.00928164490333,1.70106065802068,2.49388213914266e-05,0,0,0,0,0.00550205404877993,0,0.0184881820317142,0,0.0268081216191818,0,0,0.52644204872252,0.000537384299312655,0.000551475931177483,0.00342740246392064,0,0.000194898899210018,0.450293197084526,1.10298776608193,0.0198665136507639,0.359795038373649,2.45376843823568,0,0.000361758042706541,0,0,0.123836353875284,0,0,0.00419743982595619,0,0.000148653010847114,0.0490728970423233,0.00834583290857764,0.000246328873615273,0,0,3.95374377598996e-05,0,0.000222751119626099,0,0,0,0,0,0,0.0581154532747878,0,0,0,0,0,0,0.000917826752249787,0,0,0,0.00608316367867277,0,0,0.0834343539827593,0,0,0,0,0,0.0421344645095716,0.000275987943300848,0.00240676329999004,0.074107981268434,0.00201795038068656,0.0504555182796161,0,0,0,0.0150766346235743,0,0,0,0
0.00665181803996065,8.73303608437438e-05,0.000327112796248587,2.06035149321615,0,0.0162187582856404,3.34003683564449,0.00689208186446057,0.098842865580302,1.14665070959738,0,0.00512655503745653,0,0.00377604638508221,0,0.0842616806652838,0.000106851219830398,0,0,0.175629230718763,1.74180566162193,0.00964261237287816,0.0817555517384785,2.49518007149271,0,6.97739720366739e-05,0.000361758042706541,0,0.00507903956784232,1.44868569515948,0,0,0.000273861787949567,0.00134396394381354,0,0.000575408993774083,0.000174420660787006,0.000830140687888583,0.000287688931955717,0.000120730538417507,0,0,0,0,0,0,0,0,0,0,0,0,0.000204620383437642,0,0,0,0,0.0101952301057722,0,0,0,0,0,0,0,0,0,0,0,0,0.000445389281736646,0,0.00264531196814661,0,0,2.41119619287643e-05,0.000212482359122286,0,0,0,0,0,0,5.12362939558112e-06
1.22367775564078,0,3.30933219900541e-05,4.80593661453081e-05,0.0028468088687281,0.0870705509594435,0.176228272936349,0.429391292723282,0.000432008519511754,0.0283860660156582,0.000110116009671923,0.0149509689050286,0,3.84367980628425,0,0,0.249872272967667,0,0,0.0313002941098591,0.798997121947536,0,0.174865813500698,0.0139955502989313,0,0,0,0.00507903956784232,0,1.50062862884953,0,1.3898941128927,1.66392622571794,2.36586084100281,0.000349468545917197,0.00824322603600223,0.00167955991028502,0.0913338183497925,0.0200110248729684,0.155411819389776,0.164213672563071,0,0.000412087363511921,0,0,0,0,0,0,0,0,0,0,0,0,0,0,0,0,0,0,0,0,0,0,0,0,0,0,0,0,0,0,0,0,0,0,0,0,0,0,0,0,6.61755948564674e-05
0.593262860245851,0,0.0201155756074608,0,0,7.33116572768054e-05,1.77676146150335,0.0166766082565975,0,0.00141043979940675,0,9.2242680000491e-05,0,0.107964854298957,0,0,0.00434546732968617,0,0,0.000246600147460696,2.23572134419734,0,0.215882053712651,0,0,0.000573922911702377,0,1.44868569515948,1.50062862884953,0,0,0.000599501973353808,1.01216349506535,0.37808704368731,0.000556054951565743,0.0140257782306275,0.0151127282105801,0.119155221262647,0.0481641416410834,0,0,0,0.000475254833111706,0.00010751869479721,0,4.98766340240372e-05,0,0,0,0,0,0,0,0,0,0,0,0,0,0,0,0,0,0,0,0,0,0,0,0,0,0,0,0,0,0,0,0,0,0,0,0,0,0.000242059101783872
0,0.000166627426145968,0,0,0,0,0,0,0,0,0.167141285744673,0,1.01821445022873,0,0,0,0,0.000257305186530483,0.000480968035578732,0,0,0,0,0,0.0139486051719256,0.199469183477343,0.123836353875284,0,0,0,0,0,0,0,0,0,0.00948552036511142,0.00192369871106256,0,0,0,0,0,0,0,0,0,0,0,0,0,0,0,0,0,0,0,0,0,0,0,0.111668096447506,0,0,0,0,0,0,0,0,0,0,0,0.000592952269189095,5.22555215537023e-05,0.00780284923905029,0,0,0,0.558074776443788,0,0,0,0
0.000579689831538222,0,0,0,1.30407626811625,0.0920072988059304,0.000101453068499551,0.0646134742121436,0,2.50556605192239e-05,0.143444153367638,0,0,0.00332994197096423,0,0,0,0,0,0,0,0,0,0,0,0,0,0,1.3898941128927,0.000599501973353808,0,0,0.00323887896867511,2.62605458394181,0,0,0,0.00662460984524836,0,0.129296644885709,3.11753934574962,0,0,0,0,0,0,0,0,0,0,0,0,0,0,0,0,0,0,0,0,0,0,0,0,0,0,0,0,0,0,0,0,0,0,0,0,0,0,0,0,0,0,0
0.0722885516938382,0,0.000277833020294931,0,0,0.000462770644407858,0.0108013589699169,0.00186023320278272,0,0.000333662670218182,0,0.000122870367144636,0,0.0765592863981316,0,0,0.00167901539632686,0,0,0.000875003873041395,0.331371604238848,0,0.00149620574287394,0,0,0,0,0.000273861787949567,1.66392622571794,1.01216349506535,0,0.00323887896867511,0,1.04824392175962,0.00038813264967234,0.029643299047741,0.00193798957153891,0.238366061207565,0.0918242647145898,0,0.00067396833576935,0,0,0,0,0,0,0,0,0,0,0,0,0,0,0,0,0,0,0,0,0,0,0,0,0,0,0,0,0,0,0,0,0,0,0,0,0,0,0,0,0,0,0
0.0199810370502083,0,0.0259729797822874,0,0.102259730711572,0.030714429602134,0.00381464276569598,0.00465978410016774,0,0.000568879247574703,0.351641510379549,0.000876926544334791,0.0220620735981787,0.0187358417778629,0,0,2.48130357632216,7.84114265887639e-05,0.470810619432185,0.000857097652002873,0.0817190731548127,0,0.302710755679766,0.000415571046245527,0.00405203188178962,0.0676495788632599,0.00419743982595619,0.00134396394381354,2.36586084100281,0.37808704368731,0,2.62605458394181,1.04824392175962,0,0.00103739527140693,0.396907308385141,0.617724892676772,2.39764776859804,0.36019431272474,0.0817910118554916,1.57998844642067,0,0.00207593160947943,0.000327226966163465,0,0,0,0,0,0,0,0,0,0,2.83750421749842e-05,0,0,0,0,0,0,0,0,0,0,0,0,0,0,0,0,0,0,0,0,0,0,0,0,0,0,0,0,0.000342207260021154
9.08640195892881e-05,0,0.000118760583614512,0,0.000596304722277353,0.750623842639522,5.88959716886514e-05,4.28636170378274e-05,9.87535359651083e-05,0.0662240984635315,0,1.01559624391219,0,8.77437357756424e-05,0.00260337600762803,0,0,0,0,3.54511623724789e-05,8.85218027125044e-05,0,0.000422429509001272,0,0,0,0,0,0.000349468545917197,0.000556054951565743,0,0,0.00038813264967234,0.00103739527140693,0,0.119299944365507,0.0249637751188125,0.00340665377063905,0.00692181339005402,0.0173327473172202,0,0,0.0590185840936824,0.00548857545433785,0.0014241110348964,0.00105443039994368,0,0,0,0,0,0,0,0,0.0150737532878911,0,8.48104607870388e-05,0.000144068620362152,0.000186796692052833,0,0.0575398009378496,0,0,0.00249664431920789,0,0,0,0,0,0,0,2.06622263849174e-05,0,0,0,0,0,0,4.00077225645844e-05,0,0,0,0,0.916221541999487
0.00879533299636166,0,0.00620991829046177,0,0,0.0072397916567339,0.000783945986785429,0.000559757598146137,0.0865015835194627,0,0.000483379251775091,0.00575069115411851,0.000400069876405419,0.00372693156068207,0.00184667416102422,0,0.000503814175017395,0,0.00144355852344778,0.000163313029843066,0.00134220954787784,0,0.00737415958891251,0,0.0013404020312164,0.00100625210108133,0.000148653010847114,0.000575408993774083,0.00824322603600223,0.0140257782306275,0,0,0.029643299047741,0.396907308385141,0.119299944365507,0,3.53631289906131,0.469774108502083,0.703765203244954,1.09489963776059,0.000763729586257264,0,0.495658861020448,0.0592272061381799,0.00955467874294293,0.0147835147650532,0,0,0,0,0,0.000202542925156294,0,0,0.00142557911741333,0,0,0.0156937012635119,0,0,0.000500748382206012,0,0,0.000145252665195196,0,0,0,0,0,0,0,0.000229735281949651,0,0,0,2.48143889886893e-05,0,0,0,0,0,0,0.000203892359903183,0.0427490837771358
0.00358136473906384,0,0.295439781060307,0,0,0.000968497202343155,0.000690513680835391,2.6843127937277e-05,0.00112170522739206,0,0.449417917554212,0.000907212432903117,0.304086671604271,0.000924911230832183,0,0,0.41816155615073,0,0.1430518303387,0,0.0118020046207519,0,0.129044891980832,0,1.35838638317959,0.202513162609073,0.0490728970423233,0.000174420660787006,0.00167955991028502,0.0151127282105801,0.00948552036511142,0,0.00193798957153891,0.617724892676772,0.0249637751188125,3.53631289906131,0,3.55088070483626,3.01446856811835,6.20423617989918e-05,0,0.576933675744367,0.0570575320623637,0.00429616014975757,0.000198222086634161,0.00120677004620705,0,0,0,0,0,0,0,0,0.000527651533790974,0,0,0.00244179047041052,0,0,0.000183297350356479,0,0,0.000472582304377196,0,0,0,0,0,0,0,0,0,0.00407906078678541,0,0,0,0,0,0,0,0,0,0.00822017994830883
0.0201436459622683,0,0.0543102324599471,0,0,0.000457264821879683,0.00237113180504,0.000896114127611737,0.000441256029508552,7.86954336320514e-05,0.400212532885708,0.000144570582830509,0.0263416565502457,0.0068171761984647,0,0,0.0206202165248827,0,0.0388282959550978,9.28948960422001e-05,0.023556804893029,0,0.11461475823146,0,0.0221510259451555,0.0313548893146641,0.00834583290857764,0.000830140687888583,0.0913338183497925,0.119155221262647,0.00192369871106256,0.00662460984524836,0.238366061207565,2.39764776859804,0.00340665377063905,0.469774108502083,3.55088070483626,0,1.569445160617,0.0734843804448773,0.0783290848798234,0.700351891810504,0.00882447300451849,0.000194942461160627,4.19715896143281e-05,6.24511647178728e-05,0,0,0,0,0,0,0,0,0.000494028587223916,0,0,0.000129194110944576,0,0,0,0,0,0,0,0,0,0,0,0,0,0,0,0,0,0,0,0,0,0,0,0,0,0.00146890820552952
0.0215204771986078,0,0.0348552065270367,0,0,0.000703550707945536,0.00225498719605915,0.000769731383680484,0.000181215459493386,0.00012030246574128,0.000842153864230831,0.000575566323478193,0.00446275253555458,0.00505475139525663,0.000375687881500802,0,0.00195244085558587,0,0.00343519279652351,0,0.00754917027144211,0,0.0359695731348702,0,0.000340071374147259,0.00442765456706263,0.000246328873615273,0.000287688931955717,0.0200110248729684,0.0481641416410834,0,0,0.0918242647145898,0.36019431272474,0.00692181339005402,0.703765203244954,3.01446856811835,1.569445160617,0,0.0805547716591984,0.816842186295984,0.00185356813017279,0.011883562551927,0.00298998494369735,0.000344818749344012,0.000396761218748994,0,0,0,0,0,0,0,0,0,0,0,0.000145936397485218,0,0,0,0,0,0.000608655719133284,0,0,0,0,0,0,0,0,0,0,0,0,0,0,0,0,0,0,0,0.00230755690975688
0.00107503156705685,0,0,0.000138531382292762,2.61831040487974,0.426756707508823,0.000940787446521987,0.0069821463166847,1.51299951756541,0.000808320975438466,0,0.251985411252137,0.00411793620874236,0.000135414057470667,0.532894170512179,0,0,0,0,0.00187112536597537,0,0,0,0.0206049301612451,0,0,0,0.000120730538417507,0.155411819389776,0,0,0.129296644885709,0,0.0817910118554916,0.0173327473172202,1.09489963776059,6.20423617989918e-05,0.0734843804448773,0.0805547716591984,0,6.04836994372558,0,0.00234245911466394,0,0,0,0,0,0,0,0,0,0,0,0.00030727455541754,0,0,0,0,0,0,0,0,9.39896163244421e-05,0,0,0,0,0,0,0,0,0,0,0,0,0,0,0,0,0,0,0,0.00229264039044933
0,0,0,0,3.64184005641585,0.662589562525348,0,0.108245101184216,0,0,0.0900850196564912,0,0.144806489413772,0.000613853486561762,0.00178701551604638,0,0,0,0,0,0,0,0,0,0,0,0,0,0.164213672563071,0,0,3.11753934574962,0.00067396833576935,1.57998844642067,0,0.000763729586257264,0,0.0783290848798234,0.816842186295984,6.04836994372558,0,0,0,0,0,0,0,0,0,0,0,0,0,0,0,0,0,0,0,0,0,0,0,0,0,0,0,0,0,0,0,0,0,0,0,0,0,0,0,0,0,0,0,0
0,0,0,0,0,0,0,0,0,0,0.0356271118761514,0,0.0335193097858633,0,0,0,0,0,0,0,0,0,0,0,0.304247779272571,6.05862947061072e-05,3.95374377598996e-05,0,0,0,0,0,0,0,0,0,0.576933675744367,0.700351891810504,0.00185356813017279,0,0,0,0,0,0,0,0,0,0,0,0,0,0,0,0,0,0,0,0,0,0,0.00455299141612851,0,0,0,0,0,0,0,0,0,0,0,0,0,0,0,0,0,0,0,0,0,0
0.000597323810582549,0,0.000446640575157954,0,0,0.00178448966223745,6.25417511277268e-05,0,0,0,0,0.0014993018184613,0,3.97335196963599e-05,0,0,0,0,0,0,0,0,0.000572674708152702,0,0,0,0,0,0.000412087363511921,0.000475254833111706,0,0,0,0.00207593160947943,0.0590185840936824,0.495658861020448,0.0570575320623637,0.00882447300451849,0.011883562551927,0.00234245911466394,0,0,0,3.60579334256296,0.691996722106199,1.48714483640742,1.24471202635803,0.00795936649007655,0,0.000105432985666495,0,0.00507367011242931,0,0,0.00130855549816657,0.000377572433788225,0,0.0848776858639341,0,4.45198944054347e-05,0.00344861071374289,0.00231871841242537,0.000155179717329802,9.00395734887401e-05,0,0,0,0,0.000240553197559657,0.00035011226065299,0,0.0142714250237963,0,0.000263582322097573,6.75835750011018e-05,0.00285345883780724,0.000165166199778116,0.00333287143574337,0.00251691512588067,0,4.38894782003158e-05,0.00349084077277166,0.133849429821395,0.0942894110527286
0,0,0,0,0,0.000122155586803907,0,0,0,0,0,3.10251608591917e-05,0,0,0,0,0,0,0,0,0,0,6.23326094825591e-05,0,0.0049694775090462,0,0.000222751119626099,0,0,0.00010751869479721,0,0,0,0.000327226966163465,0.00548857545433785,0.0592272061381799,0.00429616014975757,0.000194942461160627,0.00298998494369735,0,0,0,3.60579334256296,0,3.42706104521941,2.44068942896755,0,0,0.37816894824495,0.00142530944573985,0,0.257545193782752,0,0,6.59777633159218e-05,0.000627190625090887,4.80206817193851e-05,0.0122448263354342,0,0.0139390758671701,0,0.267584892028783,0.000275456080511191,0,0.000157458728959893,0.0490267568571201,0.000134610265821826,0.00748265730283741,0,0.0100379979441139,0,0.157659942343933,0,0.405969811833824,0.11953778334068,0.278372054107569,0.00120583155891373,0.00128498555174146,0.00743063751882162,0.000182879250758388,0,0.00273557371633728,0.0566786233366272,0.00756848461893753
0,0,0,0,0,0,0,0,0,0,0,0,0,0,0,0,0,0,0,0,0,0,0,0,0,0,0,0,0,0,0,0,0,0,0.0014241110348964,0.00955467874294293,0.000198222086634161,4.19715896143281e-05,0.000344818749344012,0,0,0,0.691996722106199,3.42706104521941,0,4.57864554987295,0.140994725597479,0.0540886258992505,0,0.00280357632047088,0,0.0196986577848969,0,0.00139584621916326,0,0.00257662275997692,0.00144686596719873,0.00204558213149248,0.00134405475748743,0.0363828236600574,0.000227426707313195,0,0.00322329382483795,0,0.000137291692513673,0.00163132474811518,0,0,0.000235324938584443,0.00702510951998129,0,0.0755565896249025,0.000391471033548782,0,0.000490774980830278,0.0147792043790579,0.00040324200387675,0.0905901647177672,0.0364831284914966,0,0.0738395269652297,0.0414047955842726,2.26648199538464,0.00146979874705845
0,0,0,0,0,0,0,0,0,0,0,0,0,0,0,0,0,0,0,0,0,0,0,0,0,0,0,0,0,4.98766340240372e-05,0,0,0,0,0.00105443039994368,0.0147835147650532,0.00120677004620705,6.24511647178728e-05,0.000396761218748994,0,0,0,1.48714483640742,2.44068942896755,4.57864554987295,0,0.881362995938713,0.193527558785549,0,0.00119571202521115,0,0.00337734527949321,0,0,0,0.000398147694076961,0,0.00278610664019183,0,0.157998448042668,0,0,0.00029908841613472,0,0.000489279747060145,0.000556519468017547,0,0,0,0.00133887344172486,0,0.0267857143319547,0,0,0.000291126201670591,0.00355422278652598,0.000584411863936168,0.00344218583928638,0.00704156777150223,0,0.000145657394584743,0.00708897813794643,0.338686556363265,0.00250241343706494
0,0,0,0,0,0,0,0,0,0,0,0,0,0,0,0,0,0,0,0,0,0,0,0,0,0,0,0,0,0,0,0,0,0,0,0,0,0,0,0,0,0,1.24471202635803,0,0.140994725597479,0.881362995938713,0,8.63366555605184,0,0,0,0,0.00176249742268374,1.41761169863806,0.494326947623987,0.000192923294765113,9.61501284158792e-05,1.48989220441954,0.000624534658247,0.0165523785188587,0.529202470653655,0,0.00795082297494309,1.07994621168497,0,0,0,0,0.00248208156070854,0,0,0,0.0121802995917202,0,0,0,0,0.0448986819451526,0,0,0.195341572658179,0,0.212927492652027,0
0,0,0,0,0,0,0,0,0,0,0,0,0,0,0,0,0,0,0,0,0,0,0,0,0,0,0,0,0,0,0,0,0,0,0,0,0,0,0,0,0,0,0.00795936649007655,0,0.0540886258992505,0.193527558785549,8.63366555605184,0,0,0,0,0,0,3.27206325239272,0.162262056768502,0.00015773683694541,0.145256832788994,0,0.000359501212967751,0.555875126352365,0.000206809452361845,0,0.0140086914758687,0.0379420170640739,0,0,0,0,0,0,0,0,7.78172567060527e-05,0,0,0,0,0.156493288816841,9.69200942731825e-05,0,2.65154248406805,0,1.36227282192074,0
0,0,0,0,0,0,0,0,0,0,0,0,0.0478894253473206,0,0,0,0,0,0,0,0,0,0,0,0.0137028295617043,0,0,0,0,0,0,0,0,0,0,0,0,0,0,0,0,0,0,0.37816894824495,0,0,0,0,0,0,0,0,0,0,0,0,0,0,0,0.0888337637972873,0,0.797277891019169,0,0,0,0,0,0,0,0,0,0,0,0.432138245739726,0,0.000400427703546344,0,0,0,0,0,0,0,0
0,0,0,0,0,0,0,0,0,0,0,0,0,0,0,0,0,0,0,0,0,0,0,0,0,0,0,0,0,0,0,0,0,0,0,0,0,0,0,0,0,0,0.000105432985666495,0.00142530944573985,0.00280357632047088,0.00119571202521115,0,0,0,0,0,0.000524084571432135,0.000542758747714514,0,0,1.50069840538587,0.0522323866291943,0,0.00665654712326413,0.000249344002741819,0.000206420891856388,0,1.82598809793192,0,0,0,0,0,0.000358934877637863,0.00508741126920095,0,0.00126561243731513,0.000513759624331412,0,0,0,0.0087168454483108,1.55644978634191,0.910344834005979,0,0.000138890087832973,0.0127329860417353,0.00464924336519649,0
0,0.231735583844853,0,0,0,0,0,0,0,0,0,0,0,0,0,0.00249621697661068,0,0,0,0,0,0.0105899196499767,0,0.000660718329259059,0.0810704405937463,0.0161797941401635,0.0581154532747878,0,0,0,0,0,0,0,0,0,0,0,0,0,0,0,0,0,0,0,0,0,0,0,0,0,0,0,0,0,0,0.00151349883434368,0,0,0,0.0264559986348969,0,0,0.00859183299697692,0,0,0.000561107014742362,0,0,0.10082316807462,0,7.02153162318933e-05,0.524180596910963,0.00696380550976865,0.431993695132157,0,0,0,0.00122881085413205,0,0,0,0
0,0,0,0,0,0,0,0,0,0,0,0,0,0,0,0,0,0,0,0,0,0,0,0,0,0,0,0,0,0,0,0,0,0,0,0.000202542925156294,0,0,0,0,0,0,0.00507367011242931,0.257545193782752,0.0196986577848969,0.00337734527949321,0,0,0,0.000524084571432135,0,0,0,0,0,0.00285079179927303,8.498019079488e-05,0,0,0,0,0,6.96076888500631e-05,0,0.0001584806759523,1.61614961404196,0,0.00435100095067051,0,0.0733359183916736,0,2.85169263446021,0,0,0.967703527039609,2.03029115520135,0.00339155195699811,0,0.0393052480972524,0,0,0,9.69316483888354e-05,1.02418414793535e-05
0,0,0,0.0183011690968619,0,0,0,0,0,0.000287689084972269,0,0,0,0,0,0,0,0,0,0,0,0,0,0.131695668395522,0,0,0,0.000204620383437642,0,0,0,0,0,0,0,0,0,0,0,0,0,0,0,0,0,0,0.00176249742268374,0,0,0.000542758747714514,0,0,0,0,5.9268365492499e-05,0.0038924240410217,0.00016291366801242,0.0715024143828575,1.00035166023878,7.80309442192841e-05,0.455296606429823,0,0.00346488127725273,0,0,0,0,0,5.00428708243729,0,0,0,2.70161895435992,0,0,0,2.53611200617728,0.00233142500205356,0,0,0,0.000180459177552533,0.00158717699384087,0
0,0,0,0,0,0,0,0,0,0,0,0,0,0,0,0,0,0,0,0,0,0,0,0,0,0,0,0,0,0,0,0,0,0,0,0,0,0,0,0,0,0,0,0,0.00139584621916326,0,1.41761169863806,3.27206325239272,0,0,0,0,0,0,0.742161982160233,0,0.158119131528238,0,0,0.0323968531264067,0,0,0.000640035127683812,0.306361159151542,0,0,0,0,0,0,0,0,0,0,0,0,0,0.0184252122441106,0,0,1.46580003621708,0,0.0894952788299264,0
0,0,0,0,0.000143283302182008,0.00230709748364926,0,0,0,0,0,0.00201908469954172,0,0,0,0,0,0,0,0,0,0,0,0,0,0,0,0,0,0,0,0,0,2.83750421749842e-05,0.0150737532878911,0.00142557911741333,0.000527651533790974,0.000494028587223916,0,0.00030727455541754,0,0,0.00130855549816657,6.59777633159218e-05,0,0,0.494326947623987,0.162262056768502,0,0,0,0,5.9268365492499e-05,0.742161982160233,0,0.000153258425070549,1.75017354270874,0.000795480026304887,0.312173899449847,0.000246694867052723,2.40618782093337,0,0.0550946953583753,0.544553551692376,0,0,0,0,0.00818010493304523,0,0,0,0.000567315648534232,0,0,0,0.000527174238640411,0.068056532288931,0,0,0.05897498992664,0,0.0382161252015795,0.728865486061178
0,0,0,0,0,0,0,0,0,0,0,0,0,0,0,0,0,0,0,0,0,0,0,0,0,0,0,0,0,0,0,0,0,0,0,0,0,0,0,0,0,0,0.000377572433788225,0.000627190625090887,0.00257662275997692,0.000398147694076961,0.000192923294765113,0.00015773683694541,0,1.50069840538587,0,0.00285079179927303,0.0038924240410217,0,0.000153258425070549,0,0.0810639371662091,0.000760960926702059,2.29085514550063,0.000283668617111401,0.00263285908982238,0,1.41579868742143,0,0,3.68843512681158e-05,0,0,0.00525804343768753,0.0900724289414206,0,0.0203381227919172,0.0227466430226935,0,0,3.15305533184294e-05,2.53920636990141,0.269387709276894,2.30362740289597,0,0.000297631109821038,0.0066218238412524,0.0175100748327208,0
0,0,0,0,0,0,0,0,0,0,0,0,0,0,0,0,0,0,0,0,0,0,0,0,0,0,0,0,0,0,0,0,0,0,8.48104607870388e-05,0,0,0,0,0,0,0,0,4.80206817193851e-05,0.00144686596719873,0,9.61501284158792e-05,0.145256832788994,0,0.0522323866291943,0,8.498019079488e-05,0.00016291366801242,0.158119131528238,1.75017354270874,0.0810639371662091,0,0,0.233996050683114,0.000295733934804339,0.00221098320701474,0,1.64153314180733,7.0919401002545e-05,0,0,0,0,0.000230832142582968,0.000485399543914633,0,0.000194165999473283,0.000599655513815288,0,0,0,0.00247773955233886,0.379885036417284,0.0015788349862498,0,0.415964695956654,0.000438608158502188,0.0590524663956095,0.0738490791649931
0,0.00142110673097134,0,0.00121934038634199,0,0.000293991170225747,0,0,1.32147255053581,0,0,0,0,0,0,0.00443793601170436,0,0,0,0,0,0.807000643143451,0,0.0921382279549189,0,0,0.000917826752249787,0.0101952301057722,0,0,0,0,0,0,0.000144068620362152,0.0156937012635119,0.00244179047041052,0.000129194110944576,0.000145936397485218,0,0,0,0.0848776858639341,0.0122448263354342,0.00204558213149248,0.00278610664019183,1.48989220441954,0,0,0,0.00151349883434368,0,0.0715024143828575,0,0.000795480026304887,0.000760960926702059,0,0,0.00030130939852116,0,1.20796285321761,0,2.80157175888323e-05,0.0629285986398952,0.106836081164093,0,0,0,0.191406739492378,0,0.568605132813684,0.000513173251629962,3.6580991615479,0,0,0.00133506733907491,0.0294094993474064,0.000495778710455472,0,0,0,0,0.000389660012094478,6.77684396788148e-05
0,0,0,0,0,0,0,0,0,0,0,0,0,0,0,0,0,0,0,0,0,0,0,0,0,0,0,0,0,0,0,0,0,0,0.000186796692052833,0,0,0,0,0,0,0,0,0,0.00134405475748743,0,0.000624534658247,0.000359501212967751,0,0.00665654712326413,0,0,1.00035166023878,0,0.312173899449847,2.29085514550063,0.233996050683114,0.00030130939852116,0,0,0.366362815151722,0,0.685785715190751,0.000120292679920822,0,0,0,0,1.0201854266648,2.88197483101511e-05,0,4.56654018082801e-05,0.0354942726953455,0,0,0,1.24672177791245,0.0316558121023517,0.000111367802607508,0,0.000404268407593333,0.000359469891795235,0.00987792990412099,0.243903571945657
0,0,0,0,0,0,0,0,0,0,0,0,0,0,0,0,0,0,0,0,0,0,0,0,0,0,0,0,0,0,0,0,0,0,0,0,0,0,0,0,0,0,4.45198944054347e-05,0.0139390758671701,0.0363828236600574,0.157998448042668,0.0165523785188587,0.555875126352365,0.0888337637972873,0.000249344002741819,0,0,7.80309442192841e-05,0.0323968531264067,0.000246694867052723,0.000283668617111401,0.000295733934804339,0,0,0,0.000563079987406062,0.265993589218265,0.00189856387363501,0,0,0,1.25501778950801,0.328393663510088,0,0,0,0,0.000149676025085239,0.0163398747493259,0.00583617445591218,0,9.24352573751194e-05,0.0738238128264819,0.00028261479228566,0,0.63162749625385,0.000228582730728358,0.494498125580441,0
0,0,0,0,0.000142638445697212,0.00214152533729911,0,0,0.00233387945737608,0,0,0.0743965681207949,0,0,0.000174217987665237,0,0,0,0,0,0,0,0,0.000498394293143405,0,0,0,0,0,0,0,0,0,0,0.0575398009378496,0.000500748382206012,0.000183297350356479,0,0,0,0,0,0.00344861071374289,0,0.000227426707313195,0,0.529202470653655,0.000206809452361845,0,0.000206420891856388,0,0,0.455296606429823,0,2.40618782093337,0.00263285908982238,0.00221098320701474,1.20796285321761,0.366362815151722,0.000563079987406062,0,0,0.0161420928341107,0.796522559648711,0,0,0,0,5.46051758840194,0,0,7.64915873774558e-05,1.10778484269323,0,0,0,0.00078368594927165,0.0214269177727071,0,0,0.00116723194843977,8.64532720281103e-05,0.0148940240925623,0.810105433098798
0,0.00714752221355369,0,0,0,0,0,0,0,0,0,0,0.913391456226333,0,0,0.000139969930727913,0,0,0,0,0,0.000121243726175294,0,0,1.19862821930702,0.00131342139941523,0.00608316367867277,0,0,0,0.111668096447506,0,0,0,0,0,0,0,0,0,0,0.00455299141612851,0.00231871841242537,0.267584892028783,0,0,0,0,0.797277891019169,0,0.0264559986348969,0,0,0,0,0,0,0,0,0.265993589218265,0,0,0,0,0,0,0,0.000233148009163785,0,0,0.000150561429836448,0,0,7.31543062073683,0.0950111625491421,0.784047014816977,0,0,0,1.36455840593665,0,0,0,0
0,0,0,0,0,0,0,0,0,0,0,0,0,0,0,0,0,0,0,0,0,0,0,0,0,0,0,0,0,0,0,0,0,0,0,0,0,0,0,0,0,0,0.000155179717329802,0.000275456080511191,0.00322329382483795,0.00029908841613472,0.00795082297494309,0.0140086914758687,0,1.82598809793192,0,6.96076888500631e-05,0.00346488127725273,0.000640035127683812,0.0550946953583753,1.41579868742143,1.64153314180733,2.80157175888323e-05,0.685785715190751,0.00189856387363501,0.0161420928341107,0,0,0,4.64388603960836e-05,0,0,0,0.0126319563148077,0.00243020749377363,0,0.00164356034718137,0.0113296033843588,0,0,3.05027720495245e-05,0.0227888208231178,3.29850352222029,0.0209092868667009,0,0.260249367925571,0.0233039129479383,0.0774429512098644,0
0,0,0,0,9.22581577454621e-05,0.00273061450290086,0,0,0,0,0,0.000811842963756998,0,0,0,0,0,0,0,0,0,0,0,0,0,0,0,0,0,0,0,0,0,0,0.00249664431920789,0.000145252665195196,0.000472582304377196,0,0.000608655719133284,9.39896163244421e-05,0,0,9.00395734887401e-05,0,0,0,1.07994621168497,0.0379420170640739,0,0,0,0,0,0.306361159151542,0.544553551692376,0,7.0919401002545e-05,0.0629285986398952,0.000120292679920822,0,0.796522559648711,0,0,0,0,0,0,0,0,0,0,0,0.000567548966833004,0,0,0,0,0,0,0,0,0,0,0.0466012548763133
0,0.00927632265763773,0,0,0,0,0,0,0.0387729414363456,0,0,0,0,0,0,0.0984069254715124,0,0,0,0,0,0.364769504369003,0,0.00777684984649167,0,0,0.0834343539827593,0,0,0,0,0,0,0,0,0,0,0,0,0,0,0,0,0.000157458728959893,0.000137291692513673,0.000489279747060145,0,0,0,0,0.00859183299697692,0.0001584806759523,0,0,0,0,0,0.106836081164093,0,0,0,0,4.64388603960836e-05,0,0,0,0,0,0,0.277211391739349,2.0754651923578,1.18851314410439,1.813283214925,0.000575802204134809,0,0.493269235179743,0.160684108412196,0.000227205493120254,0.000305150386891309,0,0,0,0.000358656401025625,0
