0,0.000214433456204064,0.0384756085235574,0,0.00177370986814298,0.0123042634946751,2.01482795687559,0.355364624142732,0.00444162500333478,0.0544369554467638,0.00089161568459655,0.017357747762558,0.000297136171234582,3.38689343994841,0,0.00088436439291632,0.0301491314606986,0,0.0012486465247615,0.0543991502131763,0.0229205067003037,0.00128536288556552,0.0385960517953687,0.00783465301830441,0,0.00145720941589881,0.00178419899197244,0.0273961744411789,0.920419578680707,0.280435834580635,0,0.0154924636442139,0.147409662119153,0.052545680384089,0.000216881147505957,0.0147978684560491,0.0107616632513737,0.040372539291764,0.013057991452641,0.00127001013169653,0.0010017269911876,0.00274440841167667,0.000105559495216192,0.000476051305042802,0,0.00108047933622926,0.000288194652792138,0,0,0,0,0,0,0,0,0,0,0,0,0,0,0,0,0,0.000485190780737791,0,0,0,0,0,0.000645527181360734,0,0.000695556486088444,0,0,0,0.000478781114460015,0,0,0,0,0,0.00014036020927926,0.000165806640820631
0.000214433456204064,0,0.15989174072644,0,0,8.09477103319834e-05,8.47671091611449e-05,0,0.0921588349149908,0,0.0211898914106351,0,0.0913028945345768,0.000379137482164847,0,0.0334710086536122,0.00503121223402412,0.00224222298628203,0.0226140116043051,0.000488352605642485,0.00119297243002444,1.13975169883742,0.0104529067700631,0.0173724225859774,0.52348447055293,0.248807667284114,1.13610693015273,0.000834113530803543,0.000610692768056734,0.00039168447620381,0.00755898469632306,0.000464579960110373,0,0.00772309007720155,0,0.00219001157282483,0.0578925186470449,0.0121746183441524,0.00685482524183961,0,0.000312355371971808,0.0400236522478523,0.00743635734306304,0.00605733723346398,0.0165278226079219,0.00897800076516295,0.00233964189872794,0,0.000276113048413386,0.000145805946619657,2.87098061071925,0.00379878863323074,0,0.000239506734920824,0,7.87569224906283e-05,0,0.0108543881649462,0,0.00073645596864734,0.000340085149465683,0.00695638762025576,0,0,0.0106414525822617,0.00806538973945392,0.00130677471882546,0.00992994421431265,0,0,0.0787120555366913,0.00135985961358698,0.00274290285405449,0.913999283632821,0.0334230317630655,0.249995150546424,0.000450291823255001,0,0.000319730327132355,0.00106194899875958,0.000335653587634214,0,0.00284661286809723,9.76322499089602e-05
0.0384756085235574,0.15989174072644,0,0,0.000162354884999998,0.000137858106042912,0.0441071734875684,0.00518188761854741,0.00898570880747172,0.00137452172718419,0.00180075698203673,0,0.00169226997384921,0.0113880395385579,0,0.0297072629718037,1.45887708507835,0.000882067529107364,0.0445472504338203,0.000533036125606503,0.116235076795589,0.0979625346322438,2.65442013525628,0.00786513415458339,0.000882784520628883,2.32024890032639,1.4824470735866,0.0299699402766513,0.035724516622245,0.116130759163404,0.000721912329305899,0.000314830266334017,0.0351207031361611,0.167394274082288,0.000782098381897807,0.0176200097776845,0.760943061463001,0.185601709109767,0.018325956942994,0.00190814557668581,7.76028977610152e-05,0.000605708989771712,0.00263921225404349,0.00125807360267823,0.00374353681486875,0.00109461224588173,0.000378864882119155,0,0,0,0.138773572536641,0.00181482042789068,0,0,0,9.01816670365865e-05,0,0,0,0,0,0.000159227871825678,0,0,0.00122469378653207,0.000563920467024697,0,6.44865985789953e-05,0,0.000226707407535901,0.0395493654578832,0.000714578220229345,0.00092419475486551,0.00202463613574189,0.000652810323659199,0.0243949917152544,0.000872570322203428,0,0.000298271997247373,0,0,0,0.000452702923982487,0.000697377651826626
0,0,0,0,0,0.00113123175710404,0.00467328911609711,0.000644951540635157,0.033437521378174,0.924864109926296,0,0.728844479077897,0,0,0.000289623742815544,0,0,0,0,9.2384850741441,0,0,0,5.0649706809281,0,0,0,1.80200441319728,0.000107316450766272,0,0,0,0,0,6.69894429276349e-05,0,0,0,0,0.000462284969304595,0,0,0.000299413259656172,0,0,0,0,0,0,0,0,0,1.73278339701209,0,0,0.000278279229689361,0.000143423271723286,0.000189353481142348,0.0162775710134511,0,0.00492622631346915,0,4.94841610872362e-05,0,0,0,8.90791862897516e-05,0,0.151909647318368,0,0,0,0.00306510052733025,0,0,0,0.0314409322948271,5.52562155044234e-05,0,0,0,0,0,2.40813460672239e-05
0.00177370986814298,0,0.000162354884999998,0,0,1.79917045907872,0.000325933744247985,0.0813985570190018,0.0007366714188617,0.000438292782568087,0.0643941465377858,0.00342584642447883,0.00230640616583569,0.0200209638780102,0.350534806544151,0,0,0,0.000238071706789094,0.000371259616600519,6.34171566339971e-05,0,6.87482825252844e-05,0,0.000841222925977457,3.8703800868668e-05,0,9.93944323541345e-05,0.0567596487710717,0.000553554843949419,0,2.31999820131943,0.000197781214044439,0.275575364918363,9.47001335337475e-05,0.00646789103973369,0.00313064240422487,0.0524574026424557,0.0259856032961699,1.69338475943685,5.46312380590258,0.00488133765775613,0,0,0,0,0,0,0,0,0,0,0,0,0,0,0,0,0,0,0,0,0,0,0,0,0,0,0,0,0,0,0,0,0,0,0,0,0,0,0,0,0,0
0.0123042634946751,8.09477103319834e-05,0.000137858106042912,0.00113123175710404,1.79917045907872,0,0.0279016740526267,3.81115106997881,0.00380423901238919,0.776195069533274,0.00127348523061119,1.46030871051123,0.00100183585484,0.227337330781152,1.69023434178377,0,4.63226248390708e-05,0,9.02544286234055e-05,0.153562760395372,0.000122734517518044,0.000220166851700696,0.00010564138696446,0.000958648905624228,0.000592088193925575,8.15403246376654e-05,0,0.0135209832821152,0.162535857102647,0.000667414377224421,0.000112007537530137,0.576187763158617,0.00103766551567075,0.037404635126519,0.917955798899233,0.00532287614166613,0.00447579179903944,0.0270828357317801,0.00583703983997524,1.20359512578465,0.314069110058792,0.00238269393605348,0.000356251635834927,0.000260035861426519,0.00066235074549342,0.000341983829576714,0.000377341632879803,0,0,0,0,0,0,0,0,0,0,0,0,0,0.000340905778689449,5.34403130098239e-05,0,0,7.9815072078538e-05,0,0,0,0,0,0,4.91595295896013e-05,3.28128967148379e-05,0,0,0,4.36464765525715e-05,0,0,0,0,0,0,0.00597571413782966
2.01482795687559,8.47671091611449e-05,0.0441071734875684,0.00467328911609711,0.000325933744247985,0.0279016740526267,0,0.191075922976453,0.0510571938356741,1.82692787830074,0.000141274982354625,0.00754179743083706,0.000222777891458405,0.621508957576819,4.83844326533067e-05,0.00722736400191628,0.0171677951006396,0,0.000676782662736938,0.674175892965753,0.0539835941438061,0.0145709078748486,0.0919267875364636,0.423616461420612,0.000483497339288917,0.00152263310160412,0.00397105165113866,2.74624722861956,0.076195651467546,1.69842670122392,0,0.00131027599046926,0.0218578756014337,0.0306854661397771,0.000940133573127316,0.0152924054230965,0.00684115235942109,0.028777907745736,0.00707699940917024,0.00117248723590078,0.000284879898198884,0.000452928902588969,0.00398594061073698,0.00219319517286945,0.000717203915350679,0.000790951148321873,0.000547104160653305,0,0,0.000191189283522366,0.000173416708003677,0.000170072209513317,0,0,0,0.00105019104221086,0,0.00119091512174624,0.000287796120592845,0,0.000347962821336495,5.0547043340371e-05,0.000209493642744845,0,0.00222493989256803,0,6.29742803382985e-05,0,0.000135780310455485,0.000909291575316466,0.00184231082404337,0.000575007159047148,0.00487362623321961,0,3.45776376846991e-05,0.000231264885023197,0.00639506204532904,0.000778106275096404,0.00344593935447932,0,0,0.000344854339020812,0.000603495966091667,0.000536049283769507
0.355364624142732,0,0.00518188761854741,0.000644951540635157,0.0813985570190018,3.81115106997881,0.191075922976453,0,0.00128057087826775,0.79643922627567,0.00205400803367786,0.0822668269016571,0.0017988822311852,4.71617778575056,0.0252334460894585,6.83008785396779e-05,0.00276701257379908,0,0.000205191824620135,0.158088220952979,0.00318898381140609,0.000141773471721573,0.00595909141453502,0.00325636033507013,0.000754705829401603,0.0002824483190075,0.000267762362925858,0.0174756551141233,0.272722640542458,0.0116677079770951,0,0.646314292215767,0.00368402628722105,0.0618548518222525,0.000347610275540188,0.00778344115847894,0.00638485913586528,0.0431250019099179,0.00977205141787323,0.0646253404347944,0.0486367186810671,0.00315746921321425,0,0,0,0.000112169479095509,0,0,0,0,0,0,0,0,0,0,0,0,0,0,0,0,0,0,0,0,0,0,0,0,9.83292163773703e-05,0,0.000238984017051236,0,0,3.12653765289113e-05,0.000137903303784335,0.000108082030476458,4.93208109264365e-05,0,0,0,0,5.48331553287059e-05
0.00444162500333478,0.0921588349149908,0.00898570880747172,0.033437521378174,0.0007366714188617,0.00380423901238919,0.0510571938356741,0.00128057087826775,0,0.00141050778900206,0.00207423106725152,1.44859247442383,0.00903278783103882,0.00168617856232051,0.115943491735446,0.0486757313072669,0.00262470442229371,0.000190414283470624,0.000870191076242057,0.257166348703924,0.0285594228947418,1.33924716611339,0.00843114423516875,5.05201673123389,0.0214486889400698,0.00633598225716509,0.0547115243909137,0.2073211523506,0.0030053695899878,0.0518871508572894,0.000542236331036731,0.00125632029693219,0.00806757476338475,0.00815853352691962,0.0110274202717662,0.0420204540054551,0.00344186968913802,0.00942864857369205,0.00416526480379887,1.66529730121428,0.00479329531726129,0.00088694018825683,0.0882832028647773,0.0245643834888283,0.0308211945441167,0.0263562540521188,0.158915524516672,0.00197550804288382,0.000783005735333119,0.0321950847194397,0.0145380017567628,0.00250356693079039,0.0197865184082328,0.00118257201835481,0.00564616280805377,0.0773799051073347,0.00459902134016301,0.701366411520811,0.0382047173389768,0.000285215700834895,0.0449450052533476,0.00206976855474146,0.0109559905438826,0.00231178959452017,0.045565997144655,0.00169280509033152,0.00021090410607187,0.000525825832771115,0.0332325183280703,0.0100564637818142,0.0990639819755075,0.00681713627448874,0.427730790068668,0.0030012392561307,0.000503150973190861,0.00485462309113864,0.212720825469907,0.0292222064262215,0.0534752530440941,0,0.0030204706740456,0.0283020990864716,0.0248932956361022,0.00780895674804497
0.0544369554467638,0,0.00137452172718419,0.924864109926296,0.000438292782568087,0.776195069533274,1.82692787830074,0.79643922627567,0.00141050778900206,0,0.000549682213529585,1.71006223652534,0.000150654179671076,0.15544206460956,0.00119064322063066,0.000102793249703859,0.00093817599212384,0,3.40433414519649e-05,5.33918959250439,0.000900340914091558,0.000128691532127998,0.0023621705871141,0.0540561739345121,4.7948180261605e-05,5.05498802156538e-05,6.94954429035209e-05,1.87615290946332,0.0212030821121415,0.00386677542237732,0,0.00395034418730803,0.0015006057203139,0.00666675802961835,0.0893752531213555,0.00131250641219451,0.00057685730784977,0.00552429851834122,0.00140970134124468,0.0018494098602473,8.78072567924168e-05,0.000354654255949116,0.00010109134381059,0,0,0,0.000200127723406975,0,0,7.46198471779694e-05,0,0,0,0,0,3.57455543770853e-05,0,0,5.15008051541125e-05,0,0,0,0,0,0,0,0,0,0,0,6.23365237438153e-05,0,0.000348642727816417,0,0,0,0,6.9429009432939e-05,6.08952036236011e-05,0,0,0.00012150258229918,4.22700224712537e-05,0
0.00089161568459655,0.0211898914106351,0.00180075698203673,0,0.0643941465377858,0.00127348523061119,0.000141274982354625,0.00205400803367786,0.00207423106725152,0.000549682213529585,0,0.00130692958650165,2.38109812644742,0.00561260862760026,0,0.000279828366840606,0.0725443781637269,0.88382623564115,1.7978472456874,0.000247484502520851,0.000708806689070651,0.00458478834720188,0.00133277090073105,0.000292111503571982,0.297390219203385,1.00652061421281,0.0261887283449479,0.000117962972250803,0.0292969359256233,0.00138215690027582,0.251993952963853,0.0305634592919459,0.00117375370984912,1.70198503134109,4.79818359549506e-05,0.0152235449659629,1.38230208953135,0.900120656693952,0.130273328868547,0.000952426146457288,0.0283616391510322,0.382914674762352,0.000164414838938425,0.0210496566046751,0.00177829670494162,0.000790167493015488,0,0,0.00308809543635497,0,0.000347661840548694,0,0,0.000172075814364813,0.000142233937263585,0,0,0.000214354510282618,0,0.00607618349712023,0,0.0518795876198269,0.000104541141178768,0,0.000211400961798286,0,0.000602553666559883,4.09489029025282e-05,0,6.52397985886942e-05,0.00028621231104538,0,0,0.0161741160614792,0.000689564109866563,0.00318993618465928,6.78291615919622e-05,0,0,0.00483870277069575,7.19436884458104e-05,0,0.000104451203368598,0.000180779868510307
0.017357747762558,0,0,0.728844479077897,0.00342584642447883,1.46030871051123,0.00754179743083706,0.0822668269016571,1.44859247442383,1.71006223652534,0.00130692958650165,0,0.000659232005316466,0.0603883022346584,0.274116089871348,0,0,0,6.07841558606082e-05,8.08628694030307,0.000134174126297995,0,0,0.17864282481789,0.000703787086053383,8.07288397650699e-05,0,0.0176183967816748,0.0294189956001563,0.000248655636232309,0,0.0142100017711765,0.000835133573847645,0.00886720540404779,0.44777167171097,0.021108761796707,0.00155223200026522,0.00980085318220952,0.00143931815226887,1.16831819259106,0.0119446748193855,0,0.00086585353792321,0,0,0.000294161129829366,0.00657365960306402,8.14848327284766e-05,0,0.000109079159002208,0,0,8.65746482898479e-05,0.000227608952906446,0.000550042173291086,0.000393798525903695,3.82409129517708e-05,0.00464758019277583,0.00111785240437856,0,0.00475144460186545,0.000253977253937124,9.63481149571298e-05,0.000284871948710078,8.84086025631395e-05,0,0,0,0.000845907744947819,0,0,0.000150958236380686,0.00367357785664113,0,0,4.26143440184074e-05,0.000774431368975132,0.000199290249568752,0,0,0.000122729772234449,0,5.69908509721623e-05,0.00961287742502074
0.000297136171234582,0.0913028945345768,0.00169226997384921,0,0.00230640616583569,0.00100183585484,0.000222777891458405,0.0017988822311852,0.00903278783103882,0.000150654179671076,2.38109812644742,0.000659232005316466,0,0.00352727899475855,0,0.000610337413009469,0.000480706475812095,0.0284272496991933,0.0123250490069243,0.000119900186003672,0.000883554992520544,0.0199446037738465,0.00109194056091455,0.0015225981223892,1.63889471221877,0.175150347234034,0.273241539326679,0.000421223254115917,0.0128846884516121,0.000711434143302248,1.31408886732582,0.0113733029804854,0.00105143552834183,0.106887848091191,0.000580573869029634,0.120725531186793,0.861474268126939,0.324546436148951,0.486768744087822,0.0111127048358551,0.205747060594927,1.16945484857817,0.0268143637214903,0.0892888915646058,0.0102531580654271,0.055986516905636,0.000791369225682528,0.00191087205925383,0.0160298063202359,0,0.0103598986752692,0.000229012710676074,0,0,7.33172139453959e-05,0.00011840477391043,5.87971517002472e-05,0.0018009496389249,0.000125491227647836,0.0537687387073561,4.75745516618515e-05,1.01193178893572,0.000490480276752683,0.000115312186416944,0.000705039002620277,0,0.00226591157518979,0.000424739833996063,0.000377015512896071,0.000107251603688255,0.00472706601289856,0.000238647361443911,0.000965238207444919,0.0836655340582027,0.00475685233394831,0.0217049203628056,0.000139003583671789,0.000529572576485606,8.465955026011e-05,0.0331346889177968,0.00197425601031996,0,0.0123804227360741,0.000499103660088969
3.38689343994841,0.000379137482164847,0.0113880395385579,0,0.0200209638780102,0.227337330781152,0.621508957576819,4.71617778575056,0.00168617856232051,0.15544206460956,0.00561260862760026,0.0603883022346584,0.00352727899475855,0,0.00107367478304037,8.44036206370255e-05,0.00925216605876982,0.000207032905095707,0.000909312870159273,0.0522429535141601,0.00795247487552412,0.00056250721562889,0.0133072052200781,0.00302190622745694,0.00242903206641564,0.00110950363397938,0.00081805671217177,0.0139020484586112,3.44308862898702,0.203281731946278,9.18098862725441e-05,0.401217068141372,0.0847074621784442,0.177704747743145,0.000877761292446747,0.022309284762081,0.0147882518039568,0.111758343454624,0.0262601431416222,0.00464409960302883,0.0363416092666774,0.0077773446588157,8.02597087390389e-05,0.000261608597684598,0.000110880741438667,0,0,0,0,0,5.15560602040977e-05,0,0,0,0,3.29068913179726e-05,0,0,0,6.23603462576415e-05,0,0.000136718061120641,0,0,0,0,0,0,0,0,0.000152187210689741,4.99039598443867e-05,7.28016997360811e-05,0,0,0,0.000374112982812059,0,5.78068830205808e-05,0,0,0,0,0.000240401529110745
0,0,0,0.000289623742815544,0.350534806544151,1.69023434178377,4.83844326533067e-05,0.0252334460894585,0.115943491735446,0.00119064322063066,0,0.274116089871348,0,0.00107367478304037,0,0,0.000255158601881023,0,0,0.00165432234353386,0,0,0.000233499042773038,0.00123084623722862,0,0,0,3.83758315272973e-05,0.00126916194172185,0,0,0.0137260333728283,0,0.00115927337974185,0.286583321418026,0.0253222143985606,0.0038429793011971,0.00162130507804543,0.00239893335614443,3.60121986978337,0.0752768062595706,0,0.000808186392512482,0.000304182860572096,0.00257202872634402,0.000896973310437355,0,0,0.000330054006114132,0,0,0.000103030927440153,0,0,0,0,0,0,4.65923186573447e-05,0,8.00414524527331e-05,0,0,0.000269058682075975,0,0,0,0,0,0,0,0.000361291590987117,0,0,0,4.04202102510451e-05,0.000101114296019653,0,0,0,0,0,0,0.00827142201955297
0.00088436439291632,0.0334710086536122,0.0297072629718037,0,0,0,0.00722736400191628,6.83008785396779e-05,0.0486757313072669,0.000102793249703859,0.000279828366840606,0,0.000610337413009469,8.44036206370255e-05,0,0,0.00324296458210154,0,0.000562060692120364,0,0.989226257064552,4.00365184526931,2.52914701939506,0.780177388177756,0.00324143118953526,0.002769194242517,0.913752821421577,0.162748109924446,0.000777958168276357,0.0139371508116892,0,0,0,0.00561723854337548,0.000389217349546821,0.0111343158416362,0.0202544783477223,0.0186733849695483,0.00354451754272608,0.00123874683301904,0,0.000188586184898441,0.0166352755364187,0.017437085870821,0.00220990048033704,0.00145704941226431,0.000861516590393587,0,0,0.00082198213455144,0.012630975140597,0.000535467302782732,0,0,0,0.000656132977191091,0.000152170497438875,0.0124031118638812,0,0.000204826633008974,0,0.000888574906026296,0.000203952082671651,0,0.0416196328157908,0,0,0,0,0.00578723236427705,0.283745941612702,0.00232937479053302,0.00588726740262415,0.00205773190256928,0.000322294176209328,0.0146884621869922,0.00443927785340469,0.00183958818554168,0.00727063742513275,0,0,0.0011060708081653,0.00501691603220475,0.000261692149874789
0.0301491314606986,0.00503121223402412,1.45887708507835,0,0,4.63226248390708e-05,0.0171677951006396,0.00276701257379908,0.00262470442229371,0.00093817599212384,0.0725443781637269,0,0.000480706475812095,0.00925216605876982,0.000255158601881023,0.00324296458210154,0,0.014116508705999,2.20006207198414,0,0.0843308777967364,0.00656814259349219,1.57086733077095,0.00222916545240059,0.00226231545804759,1.521669087908,0.041797376104289,0.0110858177134163,0.255485376431866,0.141279306301339,0.000721631841826597,0.00135476095141794,0.0300293490056076,1.18592626442376,0.000334352527741475,0.00810413181056087,0.667224615603576,0.145627938859888,0.0072120071678174,0.000202845370837774,0.000126300813594727,0.000407240083626822,0.000293464708191657,0.000185783802383007,0.000750887464992544,0,0,0,0,0,0.00264660326893866,0,0,0,0,0,0,0,0,0,0,0.000401087017840016,0,0,0.000174545274499525,0,0,7.0208638457657e-05,0,0,0.00209389650780058,6.3776749701538e-05,0.000155863863353575,0.00235546454879905,0.000102695668543024,0.00108062911426508,0.000281419080824212,0,0.000101161308724758,0,0,0,0,0.000207730585641839
0,0.00224222298628203,0.000882067529107364,0,0,0,0,0,0.000190414283470624,0,0.88382623564115,0,0.0284272496991933,0.000207032905095707,0,0,0.014116508705999,0,3.09720166110656,0,0,0.00098722773008038,0.000238773456736169,0,0.0146530887034036,1.49352395925109,0.0197018269763089,0,0.000808845830669807,0.000170775712085307,0.0656316453554708,0.00097516490322805,0,0.0187353096233735,0,0.000558608669928622,0.0215857712885238,0.0204086603893641,0.00245553336373081,0,0.000363248183567364,0.000204708745084645,0.000123533599603381,0.000277285747090085,0,0.000116188210031545,0,0,0,0,0.000536496047158289,0,0,0,0,0,0,0,0,0.000230393340440855,0,0.00756281121532029,0,0,0,0,0.000145456520940217,0,0,0,0,0,0,0.0103201384957182,0.000591062324599804,0.00293046848910669,0,0,0,0.00147350961703734,0,0,0,7.0895788178843e-06
0.0012486465247615,0.0226140116043051,0.0445472504338203,0,0.000238071706789094,9.02544286234055e-05,0.000676782662736938,0.000205191824620135,0.000870191076242057,3.40433414519649e-05,1.7978472456874,6.07841558606082e-05,0.0123250490069243,0.000909312870159273,0,0.000562060692120364,2.20006207198414,3.09720166110656,0,0,0.00422773092298241,0.00286313196964026,0.0182849957297883,0.000542023428491027,0.0398558560942047,2.10585653498794,0.0864646141023402,0.000354758049164577,0.0044304707748316,0.00790599455122179,0.0188174315630647,0.00169624655065501,0.00175912422931607,0.976926695724813,2.51667395317011e-05,0.00159206241723029,0.219945597909215,0.148206385690337,0.00952722137442728,0,0.00100348462858759,0.000190534767844391,0.000233362837067875,0.000469097347056336,0.000289056040588466,0.000475323851637254,0,0,0,0,0.00500070323973873,0,0,0,0,0,0,0.000127949471062752,0,0.000265501833269479,0,0.0100979276108531,0,0,0,0,0.000450521211719385,0.000386825573660099,0,0,0.00020171324479209,8.04244462446983e-05,9.42290704726931e-05,0.0410761288850187,0.00266755805882927,0.00988318715883037,0,0,0,0.00104707294724985,0,0,0,3.07884922799775e-05
0.0543991502131763,0.000488352605642485,0.000533036125606503,9.2384850741441,0.000371259616600519,0.153562760395372,0.674175892965753,0.158088220952979,0.257166348703924,5.33918959250439,0.000247484502520851,8.08628694030307,0.000119900186003672,0.0522429535141601,0.00165432234353386,0,0,0,0,0,0.000137275352106447,0.000195685870247259,0.000275537904969183,1.4332425224183,0.000103729584925029,0,7.33934473006815e-05,1.08505482804878,0.0164560336043283,0.000935834560171866,0,0.00612014093293365,0.00262664734174697,0.00451041435534291,0.00377910972411553,0.00199109018953919,0.00116351937767345,0.00729908150396566,0.00166520958281469,0.0208389711656924,0.00132551573340907,0.000175621911436146,0.000734205670645551,0,0.000309440309876293,0.000465483416600052,0.0190677050729366,0.000846386354693319,0,0.000459934274840982,0,0,0.00290788299436358,0.000152723262085465,0.000576403206705291,0.00279401709956622,0.000502403394740105,0.0160742464176687,0.00558962451417214,0,0.00645333132586806,0,0.000810557683997024,0.000488069626437858,0.000538758323288221,0,0,0.000132858154499739,0.00335277924932291,0,0.000298932668309458,0,0.0182725561735674,0,0,0,0.00508065495239667,0.00040245678153529,0,0,0,0,0,1.87013742414602e-05
0.0229205067003037,0.00119297243002444,0.116235076795589,0,6.34171566339971e-05,0.000122734517518044,0.0539835941438061,0.00318898381140609,0.0285594228947418,0.000900340914091558,0.000708806689070651,0.000134174126297995,0.000883554992520544,0.00795247487552412,0,0.989226257064552,0.0843308777967364,0,0.00422773092298241,0.000137275352106447,0,0.063286974681617,3.98995629401212,0.0570717393432588,0.00057310896359947,0.00593036278280291,0.0167488429232787,1.21311018549904,0.228381928849001,2.27969246265547,4.50272791844236e-05,0.000909943728683289,0.556347285106213,0.489701480770182,0.00476775952935067,0.105416834964761,0.0473669090420564,0.23728848314986,0.0430275085203995,0.00530541611988515,0.000506622915415419,0.000716405034676667,0.00848836381542319,0.00496950517071431,0.000954950323392036,0.00225271730230946,0.000622829273312874,0,0.000156911528058314,0,0.000654912200172615,0.000196691099518011,0,0,4.37116046251244e-05,0.000483860815889497,0,0.00112000576404271,0,0,0,8.59845873219011e-05,5.47341565853912e-05,0.000126652902456614,0.00434690495946843,0.000120667013803898,0,0,0,0.00116366822940775,0.00225421960357449,0.000766206470704558,0.00334652980115177,0,3.57622543003229e-05,0.000725325023778607,0.00405477191646457,0.000597178967969194,0.00407950139320856,0,0,0.00037736794703864,0.00200357724178642,0.00281876409635171
0.00128536288556552,1.13975169883742,0.0979625346322438,0,0,0.000220166851700696,0.0145709078748486,0.000141773471721573,1.33924716611339,0.000128691532127998,0.00458478834720188,0,0.0199446037738465,0.00056250721562889,0,4.00365184526931,0.00656814259349219,0.00098722773008038,0.00286313196964026,0.000195685870247259,0.063286974681617,0,0.225269819111727,1.26720906262719,0.0610024102486758,0.0157990206773903,1.0636148304546,0.0975370119883977,0.000375285775673292,0.0182480160535846,0.00192798161624019,0,0.000488522811438376,0.00508418726803668,0.000353054144037353,0.0101666532656601,0.0562403226903589,0.0158500251410368,0.00425164202555428,0.000662629680857822,0,0.00367987741399102,0.107617479053707,0.0855053412994421,0.0430679958982811,0.0167298312370069,0.0110718868956841,0.000751033255590378,0.00170625370337452,0.00140042424124659,0.227733599880227,0.0196536005776746,0,0.0002213814011082,0.000197286238063498,0.00302272358234018,0.000143808725557313,0.144419689169788,0.000438636307559115,0.000857999681058198,0,0.0052303334483504,0.000610941318152942,0.000240435573169755,0.403403408324892,0.0055687671759248,0,0.00022763000283783,0,0.0442105189579574,2.07791536086197,0.0223679907727934,0.061643964697414,0.0129415875684136,0.00073571155004671,0.142793472237824,0.0234606312889865,0.00297470567965951,0.0381989129000503,0.00011397510220397,0,0.00339917793228846,0.0281376091344982,0.00133892512602875
0.0385960517953687,0.0104529067700631,2.65442013525628,0,6.87482825252844e-05,0.00010564138696446,0.0919267875364636,0.00595909141453502,0.00843114423516875,0.0023621705871141,0.00133277090073105,0,0.00109194056091455,0.0133072052200781,0.000233499042773038,2.52914701939506,1.57086733077095,0.000238773456736169,0.0182849957297883,0.000275537904969183,3.98995629401212,0.225269819111727,0,0.0203085121828797,0.00055545064299322,0.056070534498001,1.02582767104354,0.19834864663774,0.164541620351231,0.426077683722638,9.14240263908375e-05,0.00119476578712627,0.0186713687916488,0.427113916223055,0.00631845813292663,0.0948649971743655,0.257704147331361,0.356257920880441,0.0462205882970032,0.00812896279569247,0.000544257137550639,0.000996049654121752,0.00354773100944579,0.00163365614525336,0.00154176764660051,0.00165917302648292,0.000779729605669986,4.87237609531552e-05,7.03466427116549e-05,0.000137863658629986,0.00798599797627056,0.00105966149752137,0,4.42533577969762e-05,0,0.000353385362635169,0,0.000886366554682105,0,0,0,2.23350283004207e-05,0,0.000114638176428437,0.00332129026271863,0.000171999079355322,0,0,0,0.000583748967377549,0.0295130564029692,0.000190038998640372,0.00228244036196477,0,0.000121227209838211,0.0042434193919334,0.00140731513670349,0.000180587419855333,0.00125953700675114,0,0,0.00028335714615748,0.000618202289676532,0.00501309425203471
0.00783465301830441,0.0173724225859774,0.00786513415458339,5.0649706809281,0,0.000958648905624228,0.423616461420612,0.00325636033507013,5.05201673123389,0.0540561739345121,0.000292111503571982,0.17864282481789,0.0015225981223892,0.00302190622745694,0.00123084623722862,0.780177388177756,0.00222916545240059,0,0.000542023428491027,1.4332425224183,0.0570717393432588,1.26720906262719,0.0203085121828797,0,0.00359304567396728,0.00355246446072543,0.0767139127585167,3.91563653821905,0.00559470124690777,0.0606553983674285,7.60019554448023e-05,0.000263493517846339,0.00691388127771172,0.00989818645916227,0.000342946523004758,0.00860151326585157,0.00424064608650537,0.00787455619562867,0.00376665530615955,0.00971031062663588,6.92269655749086e-05,0.000283686401529574,0.0233705960093649,0.00655096339113885,0.00739035595191964,0.00379469926171792,0.0174680377508555,0.000515807727143398,0,0.00439657479716323,0.00235488102821133,0.000698689664520116,0.11128447321818,0.00024030881957917,0.00147934173096816,0.0172238095293312,0.00113686506762249,0.0298296292642098,0.0110952885003257,0,0.0074327739779777,0.000518938002238,0.00243902576031196,0.000379317051230554,0.0150186203265709,0.000211091339097378,5.8586333962253e-05,6.64201666290831e-05,0.00837266430525724,0.00292165783489896,0.0132306977983547,0.00251148571547616,0.16225468625901,0.000764228185189347,0.000141716739996321,0.00207474036344339,0.0685806987360239,0.00739636200571468,0.0145298958730718,7.46624635632924e-05,0.000375528257316819,0.00261073423879978,0.00543899897307199,0.000315221379408103
0,0.52348447055293,0.000882784520628883,0,0.000841222925977457,0.000592088193925575,0.000483497339288917,0.000754705829401603,0.0214486889400698,4.7948180261605e-05,0.297390219203385,0.000703787086053383,1.63889471221877,0.00242903206641564,0,0.00324143118953526,0.00226231545804759,0.0146530887034036,0.0398558560942047,0.000103729584925029,0.00057310896359947,0.0610024102486758,0.00055545064299322,0.00359304567396728,0,0.102993724096938,0.679873295972441,0.00051638698630409,0.00957083558296705,0.00065043633272944,0.0418057469166014,0.00997168752020892,0.00133176468989098,0.0607702093339527,0.000213033974967388,0.0571768821953918,0.929172979724637,0.24933562620981,0.2037150256798,0.000220067087092553,0.00635887604257484,1.14518185671187,0.0288556615293007,0.0810738966693276,0.0113468360079806,0.0143258930223966,0.0010044999451656,0.000140626662002684,0.0312508125388549,0,0.0361332141961337,0.000486206478719043,0,0,0,0,8.9467569551166e-05,0.00318702101878114,8.94370454301296e-05,0.0124528312354595,5.15323691717368e-05,0.42922962662336,7.7800745053834e-05,0.000182542529612119,0.000792763797053508,0.00034822862009844,0.00313011274478692,0.00238681305388204,0,0,0.0065819405711849,0,0.000751850434720164,0.551691660237391,0.0120546232824694,0.0849695839643342,0.000142410978393031,0.000407763835428163,0.00019222805681675,0.0334917188539654,0.000744672030039407,0,0.0028817934556989,0.000118168656477647
0.00145720941589881,0.248807667284114,2.32024890032639,0,3.8703800868668e-05,8.15403246376654e-05,0.00152263310160412,0.0002824483190075,0.00633598225716509,5.05498802156538e-05,1.00652061421281,8.07288397650699e-05,0.175150347234034,0.00110950363397938,0,0.002769194242517,1.521669087908,1.49352395925109,2.10585653498794,0,0.00593036278280291,0.0157990206773903,0.056070534498001,0.00355246446072543,0.102993724096938,0,2.57131199527433,0.00179870570136567,0.00325763017478604,0.00843427349810272,0.489490873637396,0.000599507304793951,0.00237679690951488,0.137619483812574,6.11529442390425e-05,0.00169916040010553,0.208033130829247,0.0332227802565297,0.00247351401115685,0.000181866761329818,0.000100479619968876,0.000260567859288371,0.000700571037117991,0.00332584859354484,0.00276542547178979,0.000628961331758046,0.000230709317813224,0,0.000157622420156734,0,0.156939259551268,0.000247674185636533,0,0,0,4.93990955910545e-05,0,0.000450163609866379,0,0.0015624479201201,0,0.0426565354897404,0,4.06901889723832e-05,0.00036810331687716,0.000420823969709495,0.00057269602828933,0.00201661327603929,0,0,0.00109894849886638,6.01446481012864e-05,0.000180576326905097,0.146887322370611,0.0181218888654198,0.0923299098278414,3.65240020324523e-05,0.000283074991339493,0,0.00660747067503043,0,0,0.00124307888683386,8.0883371182831e-05
0.00178419899197244,1.13610693015273,1.4824470735866,0,0,0,0.00397105165113866,0.000267762362925858,0.0547115243909137,6.94954429035209e-05,0.0261887283449479,0,0.273241539326679,0.00081805671217177,0,0.913752821421577,0.041797376104289,0.0197018269763089,0.0864646141023402,7.33934473006815e-05,0.0167488429232787,1.0636148304546,1.02582767104354,0.0767139127585167,0.679873295972441,2.57131199527433,0,0.0161418840864516,0.00178418322250343,0.00785912082941843,0.363432180268098,0.000121298384384593,0.000524797164899685,0.0376240619346958,0.000904009665772866,0.0106906382824428,0.130970888939069,0.0521485260842811,0.00528856010301422,0.000772634596629528,9.13647042194354e-05,0.000361048556314312,0.00468537189764736,0.00440332515316597,0.00820190452149813,0.00229201982276138,0.000309209649977406,0,0.000221404284702995,0,0.498914574862783,0.00351285083804645,0,0.000161955065612795,0,0.000156669981375506,5.86895242304518e-05,0.00198180131373587,0.000101604963362867,0.00154694261678961,2.67430336427816e-05,0.0722755296849369,1.80602656795698e-05,0,0.0204542999516065,0.00224376484475558,0.00129134364407997,0.00448178279769504,0,0.000392618133055375,0.102640943370651,0.00754335886840467,0.000774884862702956,0.206304929928752,0.033369842324852,0.24494449236337,0.000392345102296531,6.56999936337742e-05,0.000387722608985002,0.00986329207772784,0.00015039420441084,8.60108645952609e-05,0.00153979919104609,0.000896951154348259
0.0273961744411789,0.000834113530803543,0.0299699402766513,1.80200441319728,9.93944323541345e-05,0.0135209832821152,2.74624722861956,0.0174756551141233,0.2073211523506,1.87615290946332,0.000117962972250803,0.0176183967816748,0.000421223254115917,0.0139020484586112,3.83758315272973e-05,0.162748109924446,0.0110858177134163,0,0.000354758049164577,1.08505482804878,1.21311018549904,0.0975370119883977,0.19834864663774,3.91563653821905,0.00051638698630409,0.00179870570136567,0.0161418840864516,0,0.0182850150154254,1.34031517280486,0,0.000964226338314365,0.0227313803851915,0.0530529551749582,0.00297000468029355,0.0555490131706875,0.0169249713789067,0.0624449347933849,0.0191237767033775,0.00220701752426533,0.000489994177351287,0.000907433281701299,0.0208760076325437,0.00767025561395827,0.00433756300520309,0.00311166365222453,0.00237549632748655,0,0,0.0014092816998846,0.000863536013291039,0.000143285978442112,0.000432998575724614,0,0.000246003534665943,0.0059143269217126,0.000279959574095443,0.00478955273713795,0.00189354238528866,6.67752920474867e-05,0.000335066722884616,0.000106884001399523,0.000995620860000049,0,0.0107645341894397,4.29452706350716e-05,0,0,0.000190464652176919,0.00436991027116834,0.0087204084942322,0.00134616962331896,0.0257742254521306,0.000210823459168992,0.000125554743406382,0.00085105743076723,0.02819117734034,0.00491023600934016,0.0138062240314979,6.70261864590058e-05,0.000287848771233321,0.00207418633333026,0.00477084400347853,0.00145169248852631
0.920419578680707,0.000610692768056734,0.035724516622245,0.000107316450766272,0.0567596487710717,0.162535857102647,0.076195651467546,0.272722640542458,0.0030053695899878,0.0212030821121415,0.0292969359256233,0.0294189956001563,0.0128846884516121,3.44308862898702,0.00126916194172185,0.000777958168276357,0.255485376431866,0.000808845830669807,0.0044304707748316,0.0164560336043283,0.228381928849001,0.000375285775673292,0.164541620351231,0.00559470124690777,0.00957083558296705,0.00325763017478604,0.00178418322250343,0.0182850150154254,0,1.84822503350559,0.000497762341021756,0.972401745446386,2.02605643799457,1.39602767503125,0.00310413332192882,0.0781097140615862,0.0504703809890571,0.386872206688123,0.0744318676354737,0.0130682500778259,0.098230610168405,0.0207525452282841,0.000659847030500263,0.000185097475350915,0.000412524511920264,0.000449059350738256,5.96911688964938e-05,0,0,0,0,0,0,0,0,6.93006114538546e-05,0,0.000211691202670033,0,0,0,0.000310034554650677,0,0,0.000223897448331662,0,0,0,0,0,6.21245189671334e-05,2.48873015702856e-05,0.000467561494491783,9.79462589364728e-05,0,0.000145230460981162,0.000343153946572152,0.000325208797093808,0,0,0,0,0.000250703767346975,0.00101398819924884
0.280435834580635,0.00039168447620381,0.116130759163404,0,0.000553554843949419,0.000667414377224421,1.69842670122392,0.0116677079770951,0.0518871508572894,0.00386677542237732,0.00138215690027582,0.000248655636232309,0.000711434143302248,0.203281731946278,0,0.0139371508116892,0.141279306301339,0.000170775712085307,0.00790599455122179,0.000935834560171866,2.27969246265547,0.0182480160535846,0.426077683722638,0.0606553983674285,0.00065043633272944,0.00843427349810272,0.00785912082941843,1.34031517280486,1.84822503350559,0,0,0.00269623114135067,0.582812867674122,0.58569862272238,0.00400339094938137,0.0749143789082689,0.0302573382960445,0.159127765989384,0.0350572192819816,0.00390854316800111,0.000943435685442239,0.00110830598428935,0.00606517673372136,0.00255828996006548,0.00103578836301594,0.00227342933169114,0.000792466214928627,4.80240086175301e-05,0,0.00143989785056356,0.000338100136121874,0.000236282097447284,0,0,4.29124866419732e-05,0.00149280894667917,8.25542521146503e-05,0.00213230971914155,0.000196605410255876,0.000172171835197945,0,1.94435445628935e-05,0.00011168627846989,6.48795666239807e-05,0.00361115126883517,0,0,0,0.000112972050457599,0.000811781234116372,0.00199442462395736,0.000905338305111192,0.00869336395043275,0,9.06035476333829e-05,0.000366703137469025,0.00830932363779614,0.00148380487113103,0.00495100914351445,0,9.76379541240135e-05,0.000718532109573555,0.000997476864690713,0.00194604520341964
0,0.00755898469632306,0.000721912329305899,0,0,0.000112007537530137,0,0,0.000542236331036731,0,0.251993952963853,0,1.31408886732582,9.18098862725441e-05,0,0,0.000721631841826597,0.0656316453554708,0.0188174315630647,0,4.50272791844236e-05,0.00192798161624019,9.14240263908375e-05,7.60019554448023e-05,0.0418057469166014,0.489490873637396,0.363432180268098,0,0.000497762341021756,0,0,0.000388441165505612,0.000228375865580832,0.00531381171711402,0,0.000645027808976027,0.0310319525960231,0.00840637830038869,0.00152426441893345,0,0.000196017168327955,0.00479699785737288,0,0.00546594292810509,0.000682860084499427,0.000250357726985298,0,0,0.000313977030756522,0,0.000758298164616429,0,0,0,0,0,0,0,0,0.0010897431010771,0,0.0373056193008349,0,0,0.000370646297697119,0.000220564138182021,0.000337926877367837,8.39359402909703e-05,0,0,0.000567837900095573,0,0,0.0277295734635755,0.00118541098697955,0.00495500482592575,0,0.000113348527798218,0,0.0114777128654585,0,0,8.60450539170617e-05,0
0.0154924636442139,0.000464579960110373,0.000314830266334017,0,2.31999820131943,0.576187763158617,0.00131027599046926,0.646314292215767,0.00125632029693219,0.00395034418730803,0.0305634592919459,0.0142100017711765,0.0113733029804854,0.401217068141372,0.0137260333728283,0,0.00135476095141794,0.00097516490322805,0.00169624655065501,0.00612014093293365,0.000909943728683289,0,0.00119476578712627,0.000263493517846339,0.00997168752020892,0.000599507304793951,0.000121298384384593,0.000964226338314365,0.972401745446386,0.00269623114135067,0.000388441165505612,0,0.0125048508816117,0.843394363162364,0.000155185791723566,0.0256472479187429,0.0371111880335458,0.379638650669383,0.155940596602133,0.690818837582458,3.46293133222795,0.0394297285370997,0,0.000510279931068669,0.000219749404591945,0,0,0,0,0,0,0,0,0,0,0,0,0,0,0,0,0.000269530837968005,0,0,0,0,0,0,0,3.13323864925661e-05,0,0,0,0,0,0,0,0,0,0,0,0,0,0.000107728643065726
0.147409662119153,0,0.0351207031361611,0,0.000197781214044439,0.00103766551567075,0.0218578756014337,0.00368402628722105,0.00806757476338475,0.0015006057203139,0.00117375370984912,0.000835133573847645,0.00105143552834183,0.0847074621784442,0,0,0.0300293490056076,0,0.00175912422931607,0.00262664734174697,0.556347285106213,0.000488522811438376,0.0186713687916488,0.00691388127771172,0.00133176468989098,0.00237679690951488,0.000524797164899685,0.0227313803851915,2.02605643799457,0.582812867674122,0.000228375865580832,0.0125048508816117,0,1.02719389709873,0.00122552587325047,0.0443808886714971,0.0155991978524963,0.186100794641812,0.0586956893942781,0.00404730449541494,0.00395417124571294,0.00604469753588057,0.000416210996637455,0.000155360771161385,0.000164370554536338,0.000582248207040642,0,0,0,0,0,0,0,0,0,5.53796780715437e-05,0,0,0,0,0,0,0,0.00105018949848502,0.000135196233895721,0,0,0,0,6.14813619341627e-05,0,0,0.000313562783813188,0,0,0,0.000143742640585137,0,0,0,0,0,0.000257780244721133,0.000457691557683441
