0,0.00143068790362768,0.0941164755113727,0.00311037144285494,0.0010555148529779,0.00341161231747525,1.21887439565989,0.0582527684722445,0.0315436735447372,0.0240323139661234,0.00256600958518869,0.00173257009057852,0.000866449164089408,2.7518014599022,0,0.00243717319652339,0.0691197774529837,0.0011416176536183,0.0148661531674968,0.0068223423800348,0.0248935202452793,0.00430901727383501,0.0466187057732776,0.0205880887908334,0.000329733087236382,0.0123563427657566,0.00866548283035058,0.0251844383901787,1.15795394324341,0.502993141008901,0,0.00374477242884506,0.0119678437635975,0.0632661799062608,0.000779664355697759,0.0205884107540167,0.019449529239472,0.0497365182470758,0.0150479867214466,0.00420315706937655,0.000497052303604379,0.000211413416750603,0.00228500220286261,0.00113062178238086,0.00353545483803142,0.00139369390784431,0.000156245850189841,0,0,0.00147894739826122,0.000784057872874749,0.000522904826725221,0,0,0.000154614072975151,0.0021870412693029,0.000300318800152853,0.00873972029939213,0.000257412332979644,0,0,0,0.000940640480247697,0,0.00168410065873161,0.000389693675872517,0,0.000241227184999297,0,0.000140821903777798,0.00116502139436422,0.00113074691185627,0.00362582526692642,9.56178292971753e-05,0.000214966074073209,0.0012459733303972,0.00511945652211511,0.00139362301581029,0.00111957877804975,0,0,0.000242405028781882,0.00109836146090101,0.000202078179791688
0.00143068790362768,0,0.133213697729034,0.000128033253722069,0.000108419081160209,0.00015799148563828,0.00747161551309585,0.000636034798186629,0.302323273770421,0.000628372891530726,0.0121036795105969,0.000279596291975399,0.0228912779018454,0.00141797331504973,0,0.189962807854432,0.111989376026867,0.00662415037476695,0.0582924156299289,0.000561281694042293,0.00638490085109829,2.73447492891065,0.0206657921084755,0.151895989997747,2.09431727843576,0.127469669516308,1.36122696579042,0.0179691363482616,0.00129079047702574,0.00771720076034677,0.0223192816567224,0,0.000702251544177999,0.0470531850489852,0.00124107967943426,0.0601830088007434,0.118544633419976,0.125648014507697,0.0522512738234987,0.011136552563013,0,0.00271151498704721,0.0511490689634335,0.0665349445660249,0.0758515907387505,0.0462565421184255,0.000296198882208235,0,0,0.000804853046958542,0.323639682286543,0.185961022328369,0,0,0,0.00252900121446069,0.000327025391026802,0.0128128304439756,0.000206557724278141,0.00143806067214509,0,0.00108676660351579,0.000855740842242826,0,0.0151525367645037,0.07385222930588,0.00185758809818255,0.0242467914644306,0,0.0036330799863554,0.102197848709758,0.0272128554147004,0.00342638328604503,0.00762789790186104,0.0364186663504957,0.229841828016822,0.00310035659266289,0.00151301800423953,0.00436066260659685,0.000437472515445902,0,0.00044992381728684,0.0239531577228566,0.00133180901449026
0.0941164755113727,0.133213697729034,0,0.0003871539434691,0,0.00294488362376325,0.213902582809553,0.037538148956436,0.00847812568506213,0.0103939947800597,0.00578198377936815,0.000456656248570778,0.00162435129995438,0.0905557460941807,0,0.0215232105091763,1.58054651860619,0.00663297455199427,0.173394034748587,0.00163925476001235,0.202172694450695,0.0257996549029278,3.48631260412144,0.0177336844135491,0.00221599258501113,1.82632410409737,1.92946045643288,0.117518075253321,0.0343907190701145,0.213694198057642,0.000802515625840125,0.000443786217106886,0.0054236454491674,0.133643080616208,0.00263348729626853,0.11335023590262,0.73263485350694,0.369085305117197,0.079684849549989,0.00130439490408338,0.000412650124644809,0.000224938179698111,0.025929019451802,0.0148359580224343,0.0323470265797336,0.0168253584745738,0.00063664487703231,0,0,0.000479687859821734,0.0109856229728944,0.0568024889773389,0.00033445169036244,0,5.58208276540823e-05,0.00115301135821403,0,0.00347325031004727,0.000346031074483215,0.000373680785115856,0,0.000245009402444318,0.000242265471969784,0.000788674478146821,0.0232848139154194,0.00826266288648443,0,0.00283165356226274,0.000225764708304167,0.0026581291198386,0.0237649173563945,0.0417606636604385,0.00212244230267146,0.00164517962834449,0.00421387681873862,0.0984886105491816,0.00454488473031598,0.000361071799541552,0.000484599159467483,0,0,0.0002243692938028,0.00435964464110715,0.00173612864353968
0.00311037144285494,0.000128033253722069,0.0003871539434691,0,0.000104993935479802,0.0119952101660674,0.0324003681456737,0.00391067229571895,0.312094281757064,2.02659570954636,0.000507341413436876,2.43949722863294,0.000336621829334648,0.00631322341828565,0.00470812769469099,0,0.000160700158168832,0.000194467039125477,0.000564884191989868,8.80335004260369,0,0.00077810729211404,0.000411699470399814,3.42688769798275,0.000262288695055221,0.000254898904327235,0.000326874657349799,2.43536358503098,0.00675701454428811,0.00145689304930713,0,0.00121377536142837,0.00314731680765293,0.00929526634364421,0,0.013667807126936,0.0027802578797263,0.0113375247326491,0.0109543347545893,0.0260911698555268,0.000163506147062906,0.000184821265175366,0.000451143891355362,0,0.00106809194123197,0.000491716690496906,0.00402038119818375,0,0,0.00026596471354003,0,0,1.40404107804733,0,0.00152643003884276,0.00111129338781694,0.000373859719689463,0.0141786620525288,0.00350277230319198,0,0.0422888076222626,0,0.000685892881229243,0.000136401421157624,7.66856012386317e-05,0,0,0,0.102556813419749,5.22559730984284e-05,0.000120829509392979,0,0.00719164220372399,0,0,0.0001498512855284,0.00218585801635407,0.000698142911306667,4.29700355628324e-05,0,0,0,0,0
0.0010555148529779,0.000108419081160209,0,0.000104993935479802,0,0.707445254287656,0.000663124042027435,0.105224789393196,0.00174247830233524,0.000768025918497148,0.00719785386350794,0.00142004145170872,0,0.0136363309638423,0.165780338064425,0,0.000187597725686038,0.000513442234522415,0.000493140391448398,0.00153850827479306,0.00018663017437939,0,0.000100467140469707,0.000453552432355068,0.00123938961529074,0.00107263856006189,0.000189888914892897,0.000150146249226525,0.130162126026723,0.000240578643210624,0.000214873992595212,1.99062905724835,0.00149358807492259,0.200725577758911,0.000538549509904476,0.00184680105858564,0.00308909436982224,0.058331745157616,0.0124919964201196,1.97232089255963,2.77606754009527,0.00039774322217186,0,0,0,0.000105374529495302,0,0,0,0,0,0,0.00010272870185045,0,0,8.49219059306386e-05,0,0.000770542238207042,0,0,0,0,0.000107781262358077,0,0.000273157577963547,0,0,0,0,0,0,0,0.000240101135760784,0,0,0,0.000148671458139876,0.000133114703038617,6.52382947736521e-05,0,0,0,0,0.00010822919812219
0.00341161231747525,0.00015799148563828,0.00294488362376325,0.0119952101660674,0.707445254287656,0,0.105108189293199,1.64846730232231,0.112543662088215,1.52945431526959,0.0110939657205462,2.05955164425948,0.0015365906617985,0.118607748998254,1.11761496752024,0.000159997610463633,0.000634400868066176,0.00157878323465506,0.00101075701863397,0.369334947910871,0.000703816127261635,0.000196017902760065,0.0013093187781358,0.0379707005463966,0.00178053307665357,0.00412714359997423,0.00161530813916738,0.0468143618752012,0.345827999721219,0.00208801078215123,0.000469730620508488,0.655998488991107,0.0044676188214575,0.116939926598678,1.0971144487446,0.0160395200728075,0.00450200792909659,0.111004798051753,0.0186092721435187,1.42963518049601,0.437647271672256,0.000222217422338293,0.00205365702925823,0.000202818759582135,0.0030629321076353,0.00131876473983118,0.00306469530431643,0,0,0.000371354990319271,0.00022923168585859,0.000197601340967019,0.0025773769263342,0,0.00251442201765523,0.0049955086565415,0.00107513157814368,0.0237018519862106,0.00449606906867264,0,0.00432768114483645,0,0.00271216311999484,0.000488856207230904,0.000213368928007239,0,0,9.89033737714166e-05,0.00357612459401228,8.57992680715184e-05,8.76616221399222e-05,0.00013655958542344,0.0118552820837779,9.06107907629738e-05,7.9332568653711e-05,0.000223572290079951,0.00895321381953872,0.00179092262815725,0.000552861976741266,0,4.04675785468656e-05,0.000230829370446208,0.000816124279550893,0.00205833943389771
1.21887439565989,0.00747161551309585,0.213902582809553,0.0324003681456737,0.000663124042027435,0.105108189293199,0,0.163154766497085,0.301680880112545,2.1808759897848,0.00376826040409927,0.0138971906388543,0.00128356783270759,0.689247678290234,0.00101902484618742,0.0100965299419822,0.0352218437581012,0.00188978188757232,0.00822206711912852,0.0181757631235147,0.109282069323849,0.0209644536566914,0.166629022836498,0.275875053975661,0.00153628917178403,0.037833990115159,0.0405550379752317,4.17556789894089,0.106051104120213,1.2823014441778,0.000346952091398556,0.00221142274712016,0.0322836592983071,0.0774558396281194,0.00366049294176701,0.138579765875328,0.0547487132008588,0.153654878133902,0.0693207163155659,0.0263142960324502,0.0020542674490455,0.000394609515437257,0.0174904082605463,0.00352316374597316,0.0168601319022556,0.00663937052598092,0.00180525511586272,0,0,0.00298932018144397,0.000983268405728349,0.00205590189984476,0.00231903171946682,0,0.00236097194124655,0.0127046772557857,0.00244506767691433,0.0555616171511992,0.00413843022553026,0.000198338300540432,0.0014124331558342,0.000394722601714005,0.0050138122176842,0.000168093770395565,0.0150033743483992,0.000917323267443017,0,7.17770843103871e-05,0.00367850826190755,0.000907602824159116,0.00789333505957779,0.00821008617034241,0.0252023482694478,0.000179568411478363,0.000686572343368324,0.00574059583968414,0.0336422838371747,0.0087283492913713,0.00786956819944066,0,5.47464266743504e-05,0.00121366713298443,0.00566234595638506,0.00187115646194206
0.0582527684722445,0.000636034798186629,0.037538148956436,0.00391067229571895,0.105224789393196,1.64846730232231,0.163154766497085,0,0.0712836882474216,0.45564343615293,0.011363582589578,0.0411386733652773,0.00129315610449388,2.56678299242092,0.00373016973112334,0.000574224619221432,0.0192956828053091,0.00194234192191469,0.00346805686293842,0.0308013059019472,0.0109119265345432,0.00250383928658007,0.0196354590196965,0.0390963714429327,0.00245687183574828,0.0108159539964565,0.00578296215056146,0.0363680184085611,0.486386747165428,0.0324966900578256,8.38872122324438e-05,0.372304746299082,0.00618017302740722,0.11945419403689,0.0180984967486295,0.0195350233407453,0.0106959899124345,0.0879890306120937,0.0190492228952349,0.119667690717854,0.056599986966018,6.75572382707011e-05,0.00314462618540275,0.000485609680848399,0.00250468862374343,0.00147478274957327,0.000677134113378117,0,0,0.000608228270022787,0.000191315017766633,0.000252137958936412,0.00111900927822859,0,0.00141069943146726,0.0053887563364376,0.000226495354666387,0.0208643953101537,0.00388150295257111,0,0.000734688618721627,8.90912490888757e-05,0.00112323652568843,7.84190832911966e-05,0.000830297202985476,5.02984666456993e-05,0,0,0.00247261951170049,0.000279704164349535,0.000553661192582927,0.000493949287360258,0.00784683185285967,0.000501358509377096,0.000476241265630923,0.00104836159158771,0.0112612084130027,0.00241622190669081,0.000813163526327361,0,0,0.000595265450066557,0.00119039353915049,0.00046141713037744
0.0315436735447372,0.302323273770421,0.00847812568506213,0.312094281757064,0.00174247830233524,0.112543662088215,0.301680880112545,0.0712836882474216,0,0.367359403883169,0.00697832423678587,2.5020895786042,0.00794638856026918,0.0503307851745699,0.822756740551759,0.0164865169615219,0.00491335306552784,0.00315734897612226,0.00401189643858752,0.748979750103408,0.00281456083160632,2.16041209147892,0.0068599854443324,3.92529349629055,0.125043374926813,0.0089210920993018,0.0901086008618606,0.341623357204375,0.0716047913372726,0.0828761242090802,0.0037829097223715,0.00471559941170308,0.0612324163100375,0.0743672432331925,0.00631842807333588,0.180364288621015,0.053795373266711,0.123134383062817,0.107996098056147,2.09194449209782,0.00703397227809695,0.00163715712965574,0.0235511015164415,0.00232381394069492,0.0229470336969119,0.0134765765180125,0.084602847541879,0.000594334128229554,0,0.00559074484320585,0.00445427360274085,0.00321455369887367,0.0219240232585183,0,0.00985076087387024,0.015173252703828,0.00419726278031548,0.457215070422026,0.0167805610473228,0.000345941551133497,0.0769234799950028,0.000455524937960641,0.00717695632372265,0.00447701695114461,0.0144324076987173,0.00162667720570871,0.000293914365641273,0.000885137854524281,0.0265423823622945,0.00304266921503149,0.0316878991572737,0.0032123223490437,0.0910265656808079,0.00122838321749802,0.000765554252868108,0.00659581977361609,0.0412599089822655,0.0103428017333927,0.00864284725391617,0,0.000643621004931047,0.00233196002293628,0.00515182931721094,0.00244362127951862
0.0240323139661234,0.000628372891530726,0.0103939947800597,2.02659570954636,0.000768025918497148,1.52945431526959,2.1808759897848,0.45564343615293,0.367359403883169,0,0.00709232962112435,1.28344014031086,0.00127215387102237,0.186357627743161,0.00426886500206945,0.000728050592540237,0.00237470404587944,0.00208578657780322,0.00216748545849534,3.69905509199241,0.00245328406786203,0.00153815334109544,0.00564201051738706,0.228491267445296,0.00205918400463708,0.00629057817447612,0.00398541651552212,1.71955765615319,0.0900459952146504,0.0103024021542157,0.000171010489118746,0.00531670818931911,0.0198032987915092,0.0916736257305037,0.0723418163467869,0.109209859611918,0.0125229665240996,0.117222582562507,0.056048092720734,0.0817856761276921,0.00592383525696478,0.000120340003791552,0.0036099463273916,0.000536984987717753,0.00411312223616536,0.00177813883725886,0.00556197726083869,0,0,0.000836101254602492,0.000266329294672241,0.000125683759114211,0.0356547008301127,0,0.0054515216814591,0.00590417571205551,0.00171132046568633,0.0369752670573749,0.0100213879757446,3.58921602146287e-05,0.0133326845190017,0,0.00368250246000583,0.000202083723016923,0.000966204738089012,0,0,0.000191557153091543,0.00920690850773152,0.000153080122407716,0.000579902927420709,0.000430601374123127,0.0283958027217221,0.000678251840537874,0.000239945041634419,0.000386311004389427,0.0143764534368114,0.00315358606073366,0.000988707824396742,0,0.000136807673301419,0.000239222113041554,0.0021069807857577,0.000392243321643789
0.00256600958518869,0.0121036795105969,0.00578198377936815,0.000507341413436876,0.00719785386350794,0.0110939657205462,0.00376826040409927,0.011363582589578,0.00697832423678587,0.00709232962112435,0,0.0034655559412027,2.86531229139218,0.0135556773022736,0,0.00215030838667438,0.00803089236360839,1.36248028448701,1.35760264760067,0.00633555234743551,0.00244792428871822,0.00741468122160493,0.00472748522634048,0.00534206624690564,1.54359015630494,0.861479551808847,0.106260231098879,0.00341181750510156,0.0532671862124159,0.00346935067086119,0.207631064998658,0.0305537222612967,0.00314952473279609,1.40082306876776,0.000627888027478713,0.089616326224113,0.882206381386474,1.04037772227727,0.143023308506168,0.0121775245431506,0.0285601047686683,0.215374084181622,0.00797379683399912,0.00275526958096262,0.00566806312900324,0.00228103416140465,0,0,0,8.59191188805905e-05,0.00793814470038365,0.000447308915628827,4.90725806515393e-05,0,4.17859363593433e-05,0.000390324510169097,0,0.00167968183478968,0.000115246703291569,0.00217026707234716,0,0.00392659840349398,0.000166436786867108,0.00044244852424145,0.000433086702483819,0.00119010977888691,0.00305177343075426,0.00350694716966999,0,2.40592809769029e-05,0.000308793776984213,0.000413538711869272,0.00063732046202002,0.0622554764079074,0.0388066632186619,0.0126688502990326,0.000975555245334682,0.000362030905713753,0.000163207837647613,0.00129839089048808,0,0,0.00169929035023115,0.000299063741010344
0.00173257009057852,0.000279596291975399,0.000456656248570778,2.43949722863294,0.00142004145170872,2.05955164425948,0.0138971906388543,0.0411386733652773,2.5020895786042,1.28344014031086,0.0034655559412027,0,0.000491281921691495,0.0227028518036908,0.639197744701276,0,4.9465268327155e-05,0.000530559412807033,0.000958905559775722,6.96573272895746,0.000109791917735033,0.00113235208610828,0.000497746141615889,1.41847330395947,0.000545967872471495,0.00154541210582256,0.000444379248435767,0.0768847850388461,0.0233313524068535,0.000408439847077629,5.94938286506072e-05,0.00398162143754903,0.00257179618599452,0.0310408383004122,1.71674649856703,0.0111780627057216,0.00187342985141402,0.0270885458402182,0.00766990259135281,0.704182789296291,0.00224943643634627,8.00857917286207e-05,0.00303893808694235,0.000224470185772124,0.002915429425431,0.00043801017216737,0.0145880537504734,0.000122363699766334,0,0.000485288756630241,0.000174429852409664,0,0.016231529376283,7.57113283116409e-05,0.00428741718237354,0.00413468512032162,0.00132893072644832,0.0158351958565308,0.00659906109782898,0,0.456704397067463,0,0.00203299092700523,0.000913925479204019,0.000189796080809993,0,0,0.000118661036849167,0.134483911183202,0.000196413663468863,0,0.00019829925060787,0.0164867427620681,0.000147669117813326,0.000295402545633488,0,0.00745856076259054,0.00082478004975361,0.000340029273801595,0,4.30981575456346e-05,0.000131732418673247,0.000732557811336267,0.0738019033507884
0.000866449164089408,0.0228912779018454,0.00162435129995438,0.000336621829334648,0,0.0015365906617985,0.00128356783270759,0.00129315610449388,0.00794638856026918,0.00127215387102237,2.86531229139218,0.000491281921691495,0,0.00211684941406673,0,0.00199008174946528,0.000595888815015236,0.0130081548580582,0.0058255967908169,0.00125863992387654,0.00220618657983501,0.0166133792519747,0.00481844875851375,0.002609024232297,3.88356071931194,0.371456170087352,0.680592214775096,0.00296817817106385,0.00519744299730311,0.00100228379346633,5.11876809293757,0.00324293300140781,0.000227567397621223,0.040259047549684,0.00248998974449765,0.52283190668914,0.75845103427588,0.208819999267068,0.51377509565498,0.0017046441814249,0.00354025610840221,1.51953892231719,0.0758394504233811,0.00252542657374424,0.00318565622126607,0.00167102317324513,0.000386633268654117,0,0,0.000265728145570521,0.00319490775163579,0.00054564550847355,0,0,0,0.000177393585076567,0,0.000271882729223088,0,0.000369053589892665,0,0.00679482718563586,3.68449679937258e-05,6.95149558888682e-05,0.00158323246262929,0.000334663636567872,0.000348887140115607,0.000630606926190666,0,0.000101759756761133,0.000872247662628261,0.000620443311005864,0.000224635413225358,0.028372577130127,0.0157668536115997,0.00403762163659678,0.000966189370324381,0.000240346401287546,0.000378390482755274,0.000917474589967685,0,0,0.000306496704191063,0.000497260493837552
2.7518014599022,0.00141797331504973,0.0905557460941807,0.00631322341828565,0.0136363309638423,0.118607748998254,0.689247678290234,2.56678299242092,0.0503307851745699,0.186357627743161,0.0135556773022736,0.0227028518036908,0.00211684941406673,0,0.000219676471296504,0.00233513583519556,0.0506753790980377,0.00286997605060086,0.0132041009315674,0.0501433103269414,0.0255101623236673,0.00386208413498787,0.0488010558661912,0.0415609362469079,0.00299770621479116,0.0166589914383309,0.0124595495466796,0.048887739446167,4.56288371591068,0.289139843837809,0.000508150496932445,0.11567513962186,0.0182606258285303,0.202234584666289,0.0011353647635732,0.0300770866521293,0.01818246395001,0.11421384748647,0.0252431078864095,0.0374867702301372,0.019548306052858,0.000484619697064166,0.00461778965244521,0.000789739531068647,0.00485742037933843,0.00134967652129214,0.000596106990415387,0,0,0.000918404145664322,0.000438355111003689,0.000786799867344319,0.000139415370468656,0,0.00110766726830749,0.00652211395288559,0.00103373212272703,0.0204585279964127,0.00182245008527136,9.35619088792382e-05,0.00109014977665086,8.53863299513013e-05,0.00202333747987807,0,0.00153080324224895,0.000131225632701831,0,0,0.000328057429915205,0.000531134125342458,0.00109781944352524,0.00139054930017459,0.0109124630493379,0.000465957579746461,0.000348909460060148,0.0016997456482392,0.0140963159524817,0.00278001923352548,0.00221146274850696,0,0,0.000628168103952362,0.00169813887507109,0.000447419607448483
0,0,0,0.00470812769469099,0.165780338064425,1.11761496752024,0.00101902484618742,0.00373016973112334,0.822756740551759,0.00426886500206945,0,0.639197744701276,0,0.000219676471296504,0,0.00362561366291212,0.000394277797273815,0,0,0.01594092213463,0,9.32428347806989e-05,0.00189531534709994,0.0167327287066583,0,4.29845106659369e-05,0.000132702861703433,0.0013739565100317,0.000611345963456134,7.88478743654567e-05,0,0.00331001023983649,0,0.000412000794511933,0.435548185898468,0.0088078034468933,0.00823984662588384,0.00108649008496716,0.00076698559279742,3.49144879627883,0.032225609969596,0,0.00122031584737688,0.00403399044921045,0.0002569512328189,0.00124127137221673,0.000441439704029074,0,0,0,0,0,0,0,0.000170178724379178,0,0,0.00137308171059169,0,0,0.0026522658496737,0.000204169423238001,0.000276359149688362,0.0018237021171442,0.000749610956163604,0,0,0,0,0,0,7.20325863075508e-05,0.000820547054911996,0,0,0.000300460427688484,0.000411239606292066,4.0997861470327e-05,0.000678138006760192,0,0,0,0,0.0198632551915579
0.00243717319652339,0.189962807854432,0.0215232105091763,0,0,0.000159997610463633,0.0100965299419822,0.000574224619221432,0.0164865169615219,0.000728050592540237,0.00215030838667438,0,0.00199008174946528,0.00233513583519556,0.00362561366291212,0,0.02831731546376,0.000825905747551716,0.00788740504535495,0,0.900298881043529,2.53775790422156,2.929849928847,1.26902018187497,0.0171074379781926,0.00768692594932392,1.08154935875341,0.430941044425152,0.00304100030807119,0.0494558782194614,0.000668313522451155,0.000145828756907356,0.00227023124565557,0.0543582566094645,0.0121026981965891,0.283366664204592,0.180042393277041,0.262633150108277,0.207732135249317,0.0204078612572514,0,0,0.0704317495553734,0.0494984785050976,0.03929785858211,0.028614920897698,0.00102289550255151,0,0,0.00113502095781052,0.00819756597501166,0.0140633924175972,0.000197618656229101,0,0,0.00308062801366657,0.000707182709113175,0.0166168617915103,4.84367098428969e-05,0.000357566109591106,0,0.000470088878406516,0.00170394055941753,0.00320952987414313,0.507450159411285,0.00294410621951797,0,0.00181795742767031,0.000123458552053934,0.0330678081774352,0.305081239988702,0.146312403014844,0.03253130632,0.00031916314336719,0.00169898441790223,0.0251346982842277,0.0281378299067825,0.00332367706047274,0.0113247717056086,0,0,0.00318254625776739,0.00812116243051028,0.00734047886602015
0.0691197774529837,0.111989376026867,1.58054651860619,0.000160700158168832,0.000187597725686038,0.000634400868066176,0.0352218437581012,0.0192956828053091,0.00491335306552784,0.00237470404587944,0.00803089236360839,4.9465268327155e-05,0.000595888815015236,0.0506753790980377,0.000394277797273815,0.02831731546376,0,0.0255820972227563,2.00505512651301,0.00050470250567637,0.204999714742331,0.00982930920547772,1.48243482027351,0.0110782265890608,0.00416764033027968,1.04247055461604,0.3929135281706,0.0326429050586545,0.0553942159895461,0.16681535987383,0.000682212324325131,0.000244691233740317,0.0161334641891473,0.461102771586072,0.000723213146960159,0.0314838406866008,0.266371118220528,0.0943422477860445,0.020762889912907,0.000848630308848528,0.000157749504920736,0,0.00893059692608108,0.00771782716246165,0.0131607976664048,0.00620380867548101,0.000447434316304487,0,0,0.000446001633328637,0.0194859612577915,0.0208506345393821,0.000127107212195403,0,0,0.000586831344798064,6.12059412471852e-05,0.00244992539213073,0.000276598036773391,0,0,0.000185376499345044,9.64660280786778e-05,0.000143970985215083,0.00963527071144199,0.0056291411198766,0,0.00433070028778333,0,0.00110588001490192,0.0119688800495163,0.00960738759919194,0.000813664576539536,0.00132236370303039,0.00581629343866013,0.0406139751551424,0.00149937577661366,0.000281439751655855,0.000385809821802995,0,0,7.71599651431306e-05,0.00193759007953891,0.000365902659804568
0.0011416176536183,0.00662415037476695,0.00663297455199427,0.000194467039125477,0.000513442234522415,0.00157878323465506,0.00188978188757232,0.00194234192191469,0.00315734897612226,0.00208578657780322,1.36248028448701,0.000530559412807033,0.0130081548580582,0.00286997605060086,0,0.000825905747551716,0.0255820972227563,0,2.23964739146609,0.0021648209469137,0.00143483581138981,0.00336186691565071,0.00438639724264045,0.00122733677673132,0.133059961543016,0.565828651379967,0.0602366359023356,0.00172891574165267,0.00749533261615007,0.00177530930256168,0.0276743956391317,0.00235337893186095,0.000841541450366182,0.134737336457999,0.000338403430989432,0.0415924223574252,0.196233660725264,0.23485966376897,0.0720097986748094,0.00150278650258735,0.0024913568824626,0.00188043148948322,0.00374649973774265,0.00387130308567146,0.00494647266319306,0.00149123479506419,0,0,0,0,0.00956310782559433,0,0,0,0,3.65987158421153e-05,3.6863561968462e-05,0.00054275694517706,0,0.00163910075787401,0,0.00183773627639133,0.000404197478716539,0,0.000539196254403588,0.000668381164413457,0.00299784077269851,0.0060093758017634,0,0.000102147456294456,0.000752687429521007,8.13444953227244e-05,0.000414727221189869,0.060490825244808,0.0292062761157352,0.00988680253311145,0.000126765726675271,0.000251333691420383,0.000139797169656614,0.00255034059138147,0,0,0.000962956911108665,0.000228643673207465
0.0148661531674968,0.0582924156299289,0.173394034748587,0.000564884191989868,0.000493140391448398,0.00101075701863397,0.00822206711912852,0.00346805686293842,0.00401189643858752,0.00216748545849534,1.35760264760067,0.000958905559775722,0.0058255967908169,0.0132041009315674,0,0.00788740504535495,2.00505512651301,2.23964739146609,0,0.002777209930288,0.0153927898678831,0.00497152836582812,0.0575296436575442,0.00362595915762792,0.0327659857650947,2.13840291430615,0.254496133669606,0.00720800310202786,0.014971231240045,0.0217549987381677,0.00681273607515269,0.001409296145619,0.00447621636098596,0.615187666634802,0.000636418976863678,0.0470180085884964,0.276098403068606,0.437234465426071,0.0562612224811283,0.00153554410173345,0.00119250386311236,0.000456086442105728,0.012437033953577,0.0168232044672377,0.0234367489698889,0.0126955529116511,0,0,0,0.000407118045162011,0.0510945943258364,0.0104124058914378,0,0,0,0.000348614079632241,7.62583264970855e-05,0.00142406795231856,0,0.00124254618494586,7.16945868711825e-05,0.00101809518468825,0.000338030017537576,0,0.00268253616903167,0.0131778263496592,0.00370595304380161,0.024438057310244,0,0.00065594776165142,0.00336812688831221,0.00223388892795329,0.00043063489362611,0.0295799445984711,0.0610635208895539,0.0432712009043566,0.000598257599944418,0.00054821845688349,0.000780336524060943,0.000288529195457859,0,0.000239033669372666,0.00596207835723132,0.000470758195278104
0.0068223423800348,0.000561281694042293,0.00163925476001235,8.80335004260369,0.00153850827479306,0.369334947910871,0.0181757631235147,0.0308013059019472,0.748979750103408,3.69905509199241,0.00633555234743551,6.96573272895746,0.00125863992387654,0.0501433103269414,0.01594092213463,0,0.00050470250567637,0.0021648209469137,0.002777209930288,0,0.000847467082445002,0.000675590090563852,0.00113044445212869,0.949558561303423,0.00208660194358432,0.00225926183087145,0.00086732924452679,0.371057156457966,0.0447457699260147,0.000545685543930086,0.000531386869767966,0.00625318254313234,0.0104497220974388,0.0713732958380914,6.60000333792775e-05,0.0459224082098973,0.00687444800574771,0.083459140150286,0.0493326444298595,0.1847659679564,0.00527029098650066,0,0.00467754586625555,0,0.00409516684031793,0.00260287311721551,0.0119581844247846,0,0,0.000519764892579627,0,0,0.0991821497764892,0,0.00474152447303178,0.00418983165708395,0.00231052689442501,0.040476750630601,0.0120652206083963,0,0.192646307142438,0,0.00302326626033136,0.000379700574031944,0.000421923428903648,0,0,0,0.0737726949637309,3.88114860891912e-05,0,0.000264711947406803,0.0291957453222777,0.000431967323808565,6.0535673845531e-05,0.000167372191153594,0.0117619934848937,0.00110059701394277,0.000164795433336848,0,0,0.000701278695729861,0.00105032358977435,0
0.0248935202452793,0.00638490085109829,0.202172694450695,0,0.00018663017437939,0.000703816127261635,0.109282069323849,0.0109119265345432,0.00281456083160632,0.00245328406786203,0.00244792428871822,0.000109791917735033,0.00220618657983501,0.0255101623236673,0,0.900298881043529,0.204999714742331,0.00143483581138981,0.0153927898678831,0.000847467082445002,0,0.0497318054454561,7.12490260691862,0.0774126955137885,0.00101195683264427,0.0165945309725781,0.0598252174666008,0.943789061255073,0.576385823845673,3.25517210694503,6.18516482336312e-05,0.000604422297755413,0.903092894830407,0.371678835510848,0.0182276747000226,0.232179749271996,0.102873636879154,0.454942509096731,0.140550142200506,0.0238135346357266,0.000497229270454809,0.000263375896499655,0.0194521627422303,0.00467668298735313,0.00726051649892879,0.00541284516560872,6.69253380729973e-05,5.28012652256183e-05,9.7924626501648e-05,0.000669694516865268,0.000738204364700802,0.00242848530782323,5.92649041356234e-05,0,0,0.00242583719918015,0.000413159889135414,0.00646308417969416,0.000132339787690872,9.42854905022399e-05,0,8.26153360969902e-05,0.00107912358211925,0.001413383340365,0.0365895267468202,0.000381249195564768,0,0.000241658385410688,7.33280886355409e-05,0.0090654244010684,0.031062128109025,0.011071026641365,0.011270672580188,0,0.000266447637872682,0.00500589109281416,0.013407143501967,0.0024188173392134,0.00664480016939287,0,0,0.000673267607706617,0.0020159838936426,0.00704866247980832
0.00430901727383501,2.73447492891065,0.0257996549029278,0.00077810729211404,0,0.000196017902760065,0.0209644536566914,0.00250383928658007,2.16041209147892,0.00153815334109544,0.00741468122160493,0.00113235208610828,0.0166133792519747,0.00386208413498787,9.32428347806989e-05,2.53775790422156,0.00982930920547772,0.00336186691565071,0.00497152836582812,0.000675590090563852,0.0497318054454561,0,0.103740366995211,2.02320535439707,0.404311153548227,0.0111243681729084,0.573181214221564,0.130799798763914,0.0115829698813032,0.0585521755148836,0.00812326507627087,0.000491157904878947,0.00990898851840163,0.0313045784315923,0.0071081900730181,0.165160778148887,0.10843187537664,0.110880480209392,0.0736109238226306,0.0257260827324687,0.000673035220757248,0.00130205822464097,0.0527605050094783,0.0288972089794436,0.0399288149244223,0.021365144049372,0.00105114068934528,0.000131670093802708,0.00230081208649688,0.00166308671550844,0.0374229107496027,0.0177178273232753,0.000451755538619014,0,0.000120219096447827,0.00588182935790471,0.000647756308188185,0.153169242499227,0.000331971056402175,0.000253616148455885,0.000111746734201973,0.00323053427632198,0.00170110746612437,0.00187119214827861,0.269348747831685,0.00427460159541437,9.84746055101926e-05,0.00146142154940005,0,0.0297258800789545,0.372934348797105,0.0686690617472277,0.0375810292562418,0.00223746615687545,0.00173825295748084,0.0382954981200275,0.035734447045217,0.00440328857105099,0.0123121472567759,0,0,0.00267731208163142,0.010079152845178,0.00455805501949576
0.0466187057732776,0.0206657921084755,3.48631260412144,0.000411699470399814,0.000100467140469707,0.0013093187781358,0.166629022836498,0.0196354590196965,0.0068599854443324,0.00564201051738706,0.00472748522634048,0.000497746141615889,0.00481844875851375,0.0488010558661912,0.00189531534709994,2.929849928847,1.48243482027351,0.00438639724264045,0.0575296436575442,0.00113044445212869,7.12490260691862,0.103740366995211,0,0.075913678892827,0.00366536393501979,0.116307729490325,0.976403912480462,0.535738028759352,0.381680212841455,0.403576764683889,0.000215701395257819,0.000194236253412711,0.251235156403445,0.42990327975448,0.0406045164948993,0.494674831710567,0.641161154052585,0.853532116634819,0.349473363389454,0.0372413193357714,0.000448227267863957,0.001094809509484,0.0565475289562237,0.0248618267350098,0.0299779265793909,0.0206024398639718,0.000173423041179003,0,0,0.000838980717753602,0.00416950697926821,0.0145827387616322,5.58476388136443e-05,0,6.73921774308686e-05,0.00356715255043091,0.00044026175875223,0.00488672413695194,0.000138318763167385,9.63301123307891e-05,0.000230311006192269,0,0.000848235891904008,0.00439144986407651,0.180376793981208,0.00173186177209996,7.05763455785303e-05,0.000808778945076051,0,0.0176012253565527,0.0915245973773489,0.116062373745575,0.0113803787896835,0.000852165904531682,0.00244279306266469,0.0521424757864406,0.0162932349206632,0.00119914695457184,0.0049321714103492,0,0,0.000619377779641223,0.00300537755019048,0.0192507491238819
0.0205880887908334,0.151895989997747,0.0177336844135491,3.42688769798275,0.000453552432355068,0.0379707005463966,0.275875053975661,0.0390963714429327,3.92529349629055,0.228491267445296,0.00534206624690564,1.41847330395947,0.002609024232297,0.0415609362469079,0.0167327287066583,1.26902018187497,0.0110782265890608,0.00122733677673132,0.00362595915762792,0.949558561303423,0.0774126955137885,2.02320535439707,0.075913678892827,0,0.0280046551642032,0.0101662601948748,0.213679923927055,3.50866875672046,0.0789404302412977,0.122011878361371,0.000649008188431495,0.00252217659717757,0.0453230940461319,0.0713481620486662,0.0054638732452581,0.224766822683983,0.0712398816889395,0.127919241319448,0.089298839874221,0.119407589763947,0.00287265371234945,0.00096556532370129,0.0618620812244721,0.00724021645726202,0.0571020406659818,0.0232935976725384,0.0067464473073104,0.000223920372071501,0,0.00900539227402981,0.00488144915956899,0.00765590365883789,0.029936937802594,0,0.00762777889301154,0.0398331807818577,0.00667368270689275,0.21181096058188,0.0124196330449558,0.000814365200639491,0.0199603137999511,0.000744507114998984,0.0158078085090885,0.00191984548575637,0.0571715267369175,0.00162877687195619,3.1517757505037e-05,0.00103100061918978,0.0168947553834445,0.00954850488562292,0.0476382386614532,0.0172435772855468,0.10178637471838,0.00124678924584804,0.00173901350516902,0.0193471864044338,0.109209378773719,0.0290357355724512,0.0294773313893065,0,0.000510612308297274,0.00847815119537219,0.0188992636368781,0.00298014621214506
0.000329733087236382,2.09431727843576,0.00221599258501113,0.000262288695055221,0.00123938961529074,0.00178053307665357,0.00153628917178403,0.00245687183574828,0.125043374926813,0.00205918400463708,1.54359015630494,0.000545967872471495,3.88356071931194,0.00299770621479116,0,0.0171074379781926,0.00416764033027968,0.133059961543016,0.0327659857650947,0.00208660194358432,0.00101195683264427,0.404311153548227,0.00366536393501979,0.0280046551642032,0,0.524881284455314,0.982628954257774,0.00498185021856364,0.00819878014489794,0.00311999196029762,0.674375725636693,0.00441215311349348,0.000490950938173357,0.0806611249687675,0.000510800962083742,0.108255218257798,1.36999072424333,0.420999394450557,0.121521314216429,0.00730439775586693,0.00565496945671781,0.677561479277477,0.0904771735521002,0.017075556489878,0.0232396226521592,0.00930649011912437,0,0,0,0.00110218497370722,0.195627578943911,0.00277287243163696,0,0,8.23137919662908e-05,0.000111933716429689,0,0.00255955165083865,0.000311671532667086,0.00456357230537839,0,0.0106672203517935,0.0002111666847907,0.000659065587460816,0.00071324298645742,0.00461115328354962,0.00905057428427274,0.0144972525436782,0,0.000384001173139192,0.00451881592601197,0.000401644121578257,0.000396694977770722,0.650493692015278,0.0907847542196871,0.0366636299066451,0.000317478275450013,0.000598290463177725,0.000204645274995867,0.0069209536277345,0.000519555497270591,0,0.00653009417461054,0.00028491303093799
0.0123563427657566,0.127469669516308,1.82632410409737,0.000254898904327235,0.00107263856006189,0.00412714359997423,0.037833990115159,0.0108159539964565,0.0089210920993018,0.00629057817447612,0.861479551808847,0.00154541210582256,0.371456170087352,0.0166589914383309,4.29845106659369e-05,0.00768692594932392,1.04247055461604,0.565828651379967,2.13840291430615,0.00225926183087145,0.0165945309725781,0.0111243681729084,0.116307729490325,0.0101662601948748,0.524881284455314,0,2.57529658145158,0.0220781179015808,0.0231040354297227,0.0343045798384526,0.372003244516932,0.00502567261945861,0.00312711394737801,0.235246344855676,0.00415616429004671,0.179934301929151,0.608360303656413,0.482920704289147,0.120410769022434,0.00332747674932391,0.00332145855305097,0.00308870705331026,0.0349707265754978,0.0314138408020835,0.0439175520362116,0.0140245500303712,0.000316759263304079,0,0,0.000237645684324841,0.0843006948764522,0.0247746707588995,0.000188227369836667,0,0.000131842918711963,0.00184907905828122,0.000597724994574779,0.00167150291109997,0.0001618947964189,0.00804980796433681,0,0.00732643034634248,0.000804705612926674,0.00115649849070932,0.00422689013422983,0.0209017292736171,0.0104355953985423,0.0389724733990787,0.000291721037937582,0.00123410791135759,0.00428802623152523,0.00511519556913382,0.00155203095474127,0.135546428224177,0.205908285768042,0.157216170050064,0.00213960017792697,0.00193949024839581,0.00112943887647439,0.00224906946861486,8.77141298828207e-05,0.000117809350473031,0.0130579236508857,0.00268931192868435
0.00866548283035058,1.36122696579042,1.92946045643288,0.000326874657349799,0.000189888914892897,0.00161530813916738,0.0405550379752317,0.00578296215056146,0.0901086008618606,0.00398541651552212,0.106260231098879,0.000444379248435767,0.680592214775096,0.0124595495466796,0.000132702861703433,1.08154935875341,0.3929135281706,0.0602366359023356,0.254496133669606,0.00086732924452679,0.0598252174666008,0.573181214221564,0.976403912480462,0.213679923927055,0.982628954257774,2.57529658145158,0,0.176818796866495,0.0136282046465887,0.0367784518308744,0.556952237424476,0.0012984542575643,0.0021551289990342,0.273613576860058,0.0166571853634505,0.35224698974571,0.557772903300078,0.822332961915093,0.219789161810716,0.0088345870828794,0.00141469993085331,0.00229201585130138,0.112839499062331,0.0723479873155932,0.101118890761649,0.0437384059838894,0.000411927087534384,0,0,0.0010363060694087,0.146874511388063,0.157824975320083,0.0002495915498954,7.37297116926564e-05,0.000221796902932701,0.007835098979199,0.000931708224891724,0.00819312056106112,0.000531610922456893,0.00482297185991818,0,0.00470396152646105,0.00219513849777503,0.00267827104672462,0.110824814375808,0.0550500480452959,0.00508218277925035,0.0400168672444275,0.000224852646557293,0.0103960483688778,0.0810002647456099,0.149001581876494,0.00909352878408292,0.0832111790380293,0.175124601877913,0.471247987766503,0.0181241182076927,0.00251157089895401,0.00675117191622391,0.00121115457233361,0,0.000396184729877457,0.0295418532548735,0.0126428403373186
0.0251844383901787,0.0179691363482616,0.117518075253321,2.43536358503098,0.000150146249226525,0.0468143618752012,4.17556789894089,0.0363680184085611,0.341623357204375,1.71955765615319,0.00341181750510156,0.0768847850388461,0.00296817817106385,0.048887739446167,0.0013739565100317,0.430941044425152,0.0326429050586545,0.00172891574165267,0.00720800310202786,0.371057156457966,0.943789061255073,0.130799798763914,0.535738028759352,3.50866875672046,0.00498185021856364,0.0220781179015808,0.176818796866495,0,0.101135729538108,1.53818254215786,0.000145911015096511,0.00188102260489369,0.0560911631367089,0.166133662461441,0.0153869568332156,0.317004740945698,0.0958282623091591,0.293342903978165,0.135711369285591,0.0512309360769277,0.00289757514607718,0.000791999884769983,0.0345054432080183,0.00612153000707608,0.024946330012458,0.0118439785052708,0.0024715125953864,0.000128617173384221,5.48102853321322e-05,0.00574017319448194,0.0015539362473203,0.00539467711052613,0.111543418787165,0,0.00480643990241861,0.0258034383441955,0.00348255743679743,0.0661803376390976,0.00456846305774098,0.000178779930706952,0.00383195835724121,0.000814130145956503,0.00980922350545017,0.000789678937871297,0.0408899956777344,0.00150493696451313,2.71405848872273e-05,0.000615915250730738,0.00501944332980126,0.00699643360918817,0.023484595054684,0.0178225944074786,0.0512658829835105,0.000316641624639542,0.00096900420048608,0.0114546400847359,0.0648255822234307,0.0178226572864022,0.0218417149935059,0,0.000142298999812412,0.00419855545381019,0.00895607599278787,0.00589265160038302
