0,0,0.00403576167751649,0,0.0034291248843036,0.0242736783061889,0.339915915409052,1.00843616874087,0.00179639733260331,0.0183856240700273,6.90264820056548e-05,0.00221040497009734,0.000350354549681429,3.70449768743662,0.000908833447615692,0,0.000316219270298772,0,0.000110771095885665,0.0171463343534086,0.00114084386608347,0,0.00236644342059286,0.00384781428806187,0,0,4.19117334712405e-05,0.0167046762313803,3.10478031101939,1.27021972879492,0,0.0231019563428666,0.0145091469746508,0.0534831948152936,0,0.01074377792266,0.000293856909232903,0.0442885300120679,0.0185965771477703,0.00996781250584891,0.0102745686174102,0,3.84300518601968e-05,7.11313960883118e-05,0,0.000174763027466884,0,0,0,0,0.000416321499978212,0,0,0,0,0,0,0,0,0,0,4.38696957507072e-05,0,0,0,0,0,0,0,0,0,0,0,0,0,0,0,0,0,0,0,0,0,3.67736692010096e-05
0,0,0.0678214467679539,0,0.000199379017460141,0,0.000148755806246566,0,0.211701787850386,0,0.0173665160124164,0,0.283996080649951,0,0,0.0419108036046673,0.00772979927271553,0.00131275579694049,0.00508633258473325,0,0.00112932443856497,2.50115966132911,0.0120902364595151,0.00420399607793539,1.91236751991312,0.165013994330281,0.968408475242028,0.00090385104888492,0,0.000991657286716009,0.023666363374091,0,0.00122811407815918,0.0185895890836521,1.13909112056568e-05,0.0242136378675983,0.0545096598183401,0.0160764901265587,0.000382096375263,0.000672646398982143,0.000271989809502937,0.0117541844002482,3.57484067449029e-05,0.000636137247595175,0,0.000273375602243706,0,0,0,0,3.24310174499703,0.00760256401494257,0,0,0,0,0,0.000533102024374097,0,0,0,0.00288310180789147,0,0,0.000173792974456237,0.000167326243654115,0.000873841029401232,0.00371240042524738,0,0,0.00573880554244743,0,0.000261275201076902,0.550392101867646,0.0718717530564543,0.085573742126406,0,0,0,0,0,0,0,6.61747736518237e-05
0.00403576167751649,0.0678214467679539,0,0.0001209531990288,0,0.000403550773616145,0.054730444839898,0.0017973345649433,0.00658073437582063,0.000908985707497398,0,0.00018679263367122,0.00036247212624145,0.00347040681095748,0,0.038190349310308,0.952899683691375,0,0.0271968019132051,0.000372572373674631,0.0504534719958431,0.0885734781078597,4.52717602070713,0.00829655746114159,0.00158479927365458,1.13897899099728,1.49512621756154,0.11719966506792,0.00122568398919329,0.106082223522938,0,0,0.000465096994294837,0.288059050480796,0.000359562304439662,0.0295482500672544,0.136368433367468,0.0863880584548522,0.00289721284773405,0.00121772578740808,0.000422727680035435,0.000440876242165648,0.000650430187056035,0.000396938234400471,0,0,0,0,0,0,0.0367692181562566,0.00199538563251583,0,0,0,0,0,0,0,0,0,0.000349277072874438,0,0,0.000458038827622472,0,0,0,0,0,0.0323758860866162,0.000288173361198838,0.000230635370709512,0,0,0.00298385677947834,0,0,0,0,0,0,5.65484669401376e-05,0.000321185170056398
0,0,0.0001209531990288,0,0,0.00565786734490967,0.010423477061739,0.00122023076289247,0.0279380565969913,0.38463190035992,0,0.264895574229926,0,0.000445606519868093,0.00141918053202973,0,0,0,0,7.87017596067348,0.000108417807618306,0,0,2.3947569673201,0,0,0,1.81493032181119,0.000853557090801968,0.000101597311344667,0,0.00025359760900971,0.000424440484493971,0.00015185668415774,0,0.000122688558840397,0,0.000558072774365353,0.000102820653237892,0.00152978547853309,0,0,0.00213216683646918,0,0.00110615611729204,0.000262621715322198,0.00488038135841805,0,0,0.000184151741551133,0,0,4.63123330736561,0,0.00105510908759261,0.0013805688654232,0.000492213608249428,0.025150373491475,0.0660413260962585,0,0.0334225932754282,8.54021427743224e-05,0.00026577593250785,0.00144210997998174,0.000285688927431419,0,0,0,0.925729963224856,3.37065210203385e-05,0.000251734566817659,0,0.0968202856092933,0,0,0,0.205192390308628,0.000509544746502759,0,0,6.75267775459513e-05,0.000232691804392886,0.000581771131290603,1.26354989781635e-05
0.0034291248843036,0.000199379017460141,0,0,0,0.649881492755805,0.000768729167779624,0.2555086665144,0.00380142109140782,0.000604293084917857,0.001934337914149,0.00526886331628225,0,0.0263628228351546,1.18089940480142,0,0,0,0,0.00134809996893059,0,0,0,0.000136599597310265,0,0,0,5.82522556440081e-05,0.0495020406711504,3.96524400234997e-05,0,1.55102490607459,0,0.0737553373061941,1.45220914074924e-05,0.00040044219927976,0,0.00569695145178398,0,3.14314243731047,1.94058871987901,0.00249829950419356,0,0,0,0,0.000201494667971296,0,0,0,0,0,0,0,0,0,0,0,0,0,0,0,0,0,0,0,0,0,0,0,0,0,0,0,0,0,0,0,0,0,0,0,0,0
0.0242736783061889,0,0.000403550773616145,0.00565786734490967,0.649881492755805,0,0.25727573131439,3.77518976731819,0.0329090904934868,2.13009849365863,0.000197108171855337,3.8187500514846,0.00027142149920152,0.15726632852304,1.55891366435871,0,0,0,0,0.248220464831015,0.000163121828172698,8.08267193456776e-05,0.000569336355407054,0.0520438075795736,0,0,0.000169036201057703,0.0383393893472523,0.148260694047506,0.00123543233497817,0,0.544024896815065,0.00104520855490907,0.0717323776879132,0.307331822619042,0.00732460166806283,0,0.0217727977869487,0.00430645852402065,0.578309015754606,0.167742601693739,4.76596353272925e-05,0.00012101374974606,0,4.59151078742752e-05,0,0.00576518892230048,0.000166760216788334,0,0,8.32123561709348e-05,0,0.000866571068376738,0,0.000696121355431216,0.000323988489707539,0.000111703226907506,0.00139401844597916,0.00111296321434562,0,0.00241964663483641,3.58542024491357e-05,5.47973002832523e-05,0.00060496938810592,0,0,0,0,0.000607225496986564,0,0,4.75076756586076e-05,0.00519811268393165,0,0,0,0.00054994418937856,0,0,0,0,0,1.66256181993898e-05,0.000840064078766624
0.339915915409052,0.000148755806246566,0.054730444839898,0.010423477061739,0.000768729167779624,0.25727573131439,0,0.477193137202908,0.091187404017221,2.32412093483362,5.55532952892885e-05,0.0290366051685049,0.000810162530450235,1.22151823985489,0.00263731348600182,0.00103507500299328,0.00156725038855935,0,0.000250860780751696,0.147683395565334,0.0116252617443343,0.00254478934010485,0.0850773950568925,0.288959087075594,5.46087745626547e-05,0.00103473470848508,0.00631829695748471,4.78181806812242,0.174358786577258,3.34952244119733,0,0.00955595535981408,0.0153584729346684,0.0966580642913183,0.000191103225987791,0.0542935526654528,0.00250963475973293,0.0865450153439251,0.0272456217805877,0.0153025788806628,0.0107554302152846,5.51350744812658e-05,0.000135932756215456,7.67868813470426e-05,0.000371772753185858,0.000132773295639146,0.000419293200253247,0,0,0,9.33505680014348e-05,0,0.000517787233156996,0,7.12836717834857e-05,0.000171030666914751,0.000159876414048344,0.000302296607496419,0.000582960619769297,0,0.000436931364444986,0,0,0,0.000168304174575216,0,0,0,0,0,0.000221499699533975,6.36396928987877e-05,0.00445413131353167,0,0,0,0.000427733983155278,0.000168494075870993,0,0,0,0,5.24126932158044e-05,8.33491358958924e-05
1.00843616874087,0,0.0017973345649433,0.00122023076289247,0.2555086665144,3.77518976731819,0.477193137202908,0,0.0121864274605487,0.999477284614886,0.000436803008099965,0.0904527709805065,0.000612024258035276,3.35175144062402,0.0388627509819294,3.95469473594957e-05,0,0,0,0.0587401014551276,0.000447516577038293,0,0.00265373069310953,0.0239428775317629,0.000190713471140171,0,0.000147885463284758,0.0182228099122862,0.401049627562328,0.00671369182804111,0,0.66692448572896,0.00151443420235041,0.0742682610863882,0.00146612938551901,0.00946765130310154,7.23373939355964e-05,0.036581884762136,0.0113799830810872,0.0764217950551066,0.0982002172591718,0.000393623290183984,4.26366197586745e-05,0.000103286667076031,0,7.74512036521863e-05,0.000495337253054442,0,0,0,0,0,0.000186947742297395,0,0.000123847394626366,0,0,0.000267987821053637,0.000283526935553816,0,0.00062065832803487,0,0,0,0,0,0,0,0.000283864998136365,0,0,0,0.001133939290527,0,0,0,2.65319965453469e-05,7.10781573376056e-05,0,0,0,0,0,0
0.00179639733260331,0.211701787850386,0.00658073437582063,0.0279380565969913,0.00380142109140782,0.0329090904934868,0.091187404017221,0.0121864274605487,0,0.0174954410491444,0.00113992269663016,1.41170054999816,0.0163041826898515,0.0111339567468638,0.795104941753277,0.00462802552926868,0.000419221328157936,0,0,0.151869480175753,0.0336860168603617,1.02658443264245,0.0140836621133669,2.57226718613879,0.0301362091984897,0.00708675845904061,0.0385528564925364,0.242899562320663,0.00320297965277593,0.0100189195947396,0.00112117128823944,0.000751878657389345,0.0034337078234287,0.00430779336554896,0.000436936785243608,0.054613532032286,0.00312581840515528,0.00516319187803817,0.00155285720836954,0.657203869920119,0.00117797438050515,0,0.260865846808591,0.0219098895677767,0.055722761689433,0.0468387086133666,0.267171843009658,0.0145853628348198,0.000655020159621966,0.0120690203617205,0.015163017836961,0.00111194012211076,0.152571768227814,0.000173325075684624,0.032064114488915,0.0202597165868563,0.0245163803112867,1.35070170598021,0.0764737923600944,0.000276776737414872,0.156712445279774,0.000908852884945667,0.0256089347326286,0.0490076363193275,0.0730719176770222,0,0,0,0.119636352755138,0.0123938594756844,0.148162803794092,0.00182264774968445,1.60798700216952,0.000704142283695697,0.000142150442801412,0.00365542445897754,0.105880040176516,0.033627843556029,0.0218409375520867,0,0.0111628262125508,0.0073088502963224,0.0267736749981461,0.00179595703548834
0.0183856240700273,0,0.000908985707497398,0.38463190035992,0.000604293084917857,2.13009849365863,2.32412093483362,0.999477284614886,0.0174954410491444,0,4.39327917156639e-05,1.96026934480386,0.000529070504990552,1.70736124295076,0.0046894132766417,2.92584318052694e-05,0,0,0,3.01856695095024,0.000290212503942039,3.83659320258717e-05,0.00110770140976108,0.24134398162382,0.000135364296674156,8.67466791717262e-05,0.000265545598805428,0.861325212885945,0.0581843422369416,0.00238196110726944,0,0.00593599205599225,0.00241559662326798,0.0384603714572075,0.0646500954263634,0.022567710321992,8.37657813041836e-05,0.0284532597541108,0.0125469669101637,0.0114716697525629,0.00626155298013993,4.3315494107958e-05,5.09564803598695e-05,5.39547170082407e-05,0,0.000153972041842687,0.00076436357182883,0,0,0,0,0,0.000825931459845133,0,0.000128761775358532,0.00012398491360709,0.000191452481229937,8.30094875645029e-05,0.000559833445135985,0,0.000523704114222489,8.98648562358204e-05,4.6267129269853e-05,0,0,0,0,0,7.74723840277804e-05,0,0,0,0.00402153784308374,0,0,0,0.000417409248655038,7.57571328844806e-05,0,0,0.000107209572321222,0,0,1.46919545476831e-05
6.90264820056548e-05,0.0173665160124164,0,0,0.001934337914149,0.000197108171855337,5.55532952892885e-05,0.000436803008099965,0.00113992269663016,4.39327917156639e-05,0,0,1.95929501976892,5.38599603924512e-05,0,0,0,2.39797671791447,0.0957844156931872,0,0.000143415139803293,0.00255113920685428,2.37584718243229e-05,0.00017404126717379,0.278730968119609,2.45632800311778,0.0116187175777916,0.00010079413743567,0.00298777979977527,0,0.135516663707993,0.00675257156765434,0,2.46792132256264,6.03797248326533e-06,0.00205526862562579,0.73990211537185,1.264078984145,0.157838469278547,0.000191647483444342,0.0112307551351882,0.225301453324443,0,0.000215246061988615,7.85121731963659e-05,0.00018339580060466,0,0,0,0,0,0,0,0,0,0,0,0,0,0,0,0.0283506460501282,0,0,0,0,0.000313028057755507,0.000281287615774346,0,0,0,0,0,0.216033754890026,0.00123314988078759,0,0,0,0,0.000448639164263021,0,0,0,0
0.00221040497009734,0,0.00018679263367122,0.264895574229926,0.00526886331628225,3.8187500514846,0.0290366051685049,0.0904527709805065,1.41170054999816,1.96026934480386,0,0,0.000489745184506528,0.0270104587289986,1.32344317353873,0,0,0,0,5.78933565569232,5.28754346892368e-05,8.43915342598981e-05,0,0.497894240098414,0,0,0,0.00972800247134927,0.039097589122184,0.0002858092593685,0,0.0230996285814124,0.00025603579968877,0.0256124008818456,0.207135251853116,0.0225701240207858,0.000212835921285535,0.0222869197889854,0.00744521630718832,0.439394857996776,0.00545848510979648,0,0.00307770041758053,0.0001536836636829,0.000547516869627287,0.00058523837099749,0.0387117183587851,0.000797076321504067,0,0,0,0,0.262184000806607,0,0.00674281311949619,0.000876011843921463,0.00147370340039904,0.0114235953376508,0.0142638791812639,0,0.321770785604605,0,0.000606456100288831,0.00383210990834812,0,0,0,0,0.439416873195496,2.37529668999374e-05,0,0,0.0288289477160967,0,0,0,0.00535896780824883,0.000637953832448787,0,0,0.000221433075299717,0,0.00056077269521187,0.00421410997847813
0.000350354549681429,0.283996080649951,0.00036247212624145,0,0,0.00027142149920152,0.000810162530450235,0.000612024258035276,0.0163041826898515,0.000529070504990552,1.95929501976892,0.000489745184506528,0,0.00056431900886364,0,0.00160966622887568,0,0.0307692205016334,0.00160062744679768,0.00127533864706444,0.000179020415569615,0.070583473397459,0.00155791297738952,0.000345808383784556,4.92841416011675,1.06519868875708,0.857849959143402,0.00045042154926464,0.00401400171652496,0.000275679232962294,8.42393909396564,0.00388319301774189,0,0.119390058522149,0.00051392353734659,0.256627738661019,0.362534544009884,0.443472499943506,0.545277263084122,0.0286442577023215,0.136923117390772,0.642989747260826,0.00133921390679343,0.00490241820945562,0.000993138585898626,0.00490249101369423,0,0,0.00157755097934467,0,0.00136290980932717,0,0,0,0,0,0,0,4.95671725593183e-05,0.00111351383900284,0,0.571361103493469,0,0,0,0,0.00429768505788098,0.000861436825878258,0,0,0,8.12610998957521e-05,0,1.16720129201405,0.00701186330994893,0.00066029751229578,2.1749570028979e-05,0,0,0.000587605304112355,0.000125019455807611,0,0.000184664951458725,0.000114072153173615
3.70449768743662,0,0.00347040681095748,0.000445606519868093,0.0263628228351546,0.15726632852304,1.22151823985489,3.35175144062402,0.0111339567468638,1.70736124295076,5.38599603924512e-05,0.0270104587289986,0.00056431900886364,0,0.00446360719095171,0,0.00010529374242361,0,0,0.089440561719526,0.00114263135622039,0.000229344362712953,0.004580095163061,0.0134683817761049,0.000242544690474359,0,0.000324298167881878,0.0356736704300522,3.35240213684434,0.0388914687510089,0,0.378273519373008,0.0220769800759759,0.146671070144146,0.000110279566026332,0.0234897527537411,0.000172195564494139,0.0654162101407706,0.0238590329090499,0.0390099215645554,0.0406116994784657,0.000852800953474141,0,0.000112871230392849,0,0.000120888452696137,0,0,0,0,0,0,0,0,0,0,2.55403735242414e-05,0.000123799084943787,8.03126966253277e-05,0,9.52471662999735e-05,0.000148919199669953,0,0,0,0,0,0,0,0,0.000162014488734705,0,0.000626327389873935,0,0,0,5.88308195322053e-05,0,0,0,0,0,0,2.27436741786992e-05
0.000908833447615692,0,0,0.00141918053202973,1.18089940480142,1.55891366435871,0.00263731348600182,0.0388627509819294,0.795104941753277,0.0046894132766417,0,1.32344317353873,0,0.00446360719095171,0,0,0,0,0,0.0331824954560736,4.0798877439973e-05,0,0,0.00275134102248361,0,0,0,0,0.0104724316141305,0,0,0.0360574053221395,0,0.00383265662903291,0.00392939341460724,0.00617857836926762,0,0.00366241091173506,0.000524324506754076,5.8022352382034,0.0708541029650844,0,0.00103125771630018,0,6.59415198335025e-05,0,0.0240242879084531,0.000470354505892542,0,0,0,0,0.00411487377331071,0,0.0017580113340646,0.000258221862505662,0.00033285219427372,0.00427582172153379,0.00138816889534806,0,0.00659165451256043,0,0,0.00425534159578064,0,0,0,0,0.00163287808841771,0,0,0,0.00828852848178095,0,0,0,0.00115194047323464,7.47067835096351e-05,0,0,0.000117586964691102,0,0,0
0,0.0419108036046673,0.038190349310308,0,0,0,0.00103507500299328,3.95469473594957e-05,0.00462802552926868,2.92584318052694e-05,0,0,0.00160966622887568,0,0,0,0.00386499476844441,0,0,0,0.730768396399241,2.31610290421662,1.16011916637234,1.07212603782356,0.00194604862581684,0.00329623069325698,1.08226667552828,0.0767869882537447,0.000438538582041154,0.00264097877463644,0,0.000182894052494459,0.000522326561646939,0.0535034420902657,0.00117818784703525,0.139878271798037,0.116525782386574,0.0711976658223279,0.0327466675291122,0.0187448319757545,0.0049918917564015,0,0.020033720067758,0.00611891303082723,0.017420488008974,0.0122018146744845,0.000812620098529322,0.00028344718616188,0.000103902534906553,0.000978745345970047,0.0140024948598621,0.00225995308730001,0,0,5.72395654423658e-05,0.000992440191649754,0.000324497301808516,0.00362713191936963,0,4.1893417940894e-05,0,0.000529001394072689,0.000314733286806722,0,2.31664794849403,0.00041036250751661,0,0,0,0.662260611227509,0.116431865524804,0.243459492063921,0.0312389009627528,9.96162558941846e-05,0.000123633686093337,0.00867652512493165,0.0466583323122926,0.000452911889778829,0.00482757487323325,0,0,0,0.00264245639371631,0.00141313522224336
0.000316219270298772,0.00772979927271553,0.952899683691375,0,0,0,0.00156725038855935,0,0.000419221328157936,0,0,0,0,0.00010529374242361,0,0.00386499476844441,0,0,3.73088291878849,0,0.0216445467964177,0.00896758541034555,1.87457164443124,0.000734459904649959,0.00011153416276061,0.326479708983251,0.0501223521916372,0.00386560958564328,0.00110475181085209,0.0366541487662672,0,0,0.00178055882802293,1.07962322098367,0,0.00251597414341781,0.0938340583027165,0.0349446529948774,0.000279234607676909,0.000203581521901336,0,0,0,0,0,0,0,0,0,0,0.00309090735875533,0,0,0,0,0,0,0,0,0,0,0,0,0,0,0,0,0,0,7.69470158140115e-05,0.00209361684195195,5.36902006237324e-05,0,0,0,0.000412582040538467,0,0,0,0,0,0,0,0
0,0.00131275579694049,0,0,0,0,0,0,0,0,2.39797671791447,0,0.0307692205016334,0,0,0,0,0,2.75069019052408,0,0,0.000767316672920369,0,0,0.0184627790001987,1.57666437717387,0.000402693913974924,0,0,0,0.00658518096611227,0,0,0,0,0,0.00197420345328058,0.000127311719642146,0,0,0,0,0,0,0,0,0,0,0,0,0,0,0,0,0,0,0,0,0,0,0,0.00178922776182102,0,0,0,0,0.00020955796833248,0,0,0,0,0,0,0.0207950975331916,0,0,0,0,0,0,0,0,0,0
0.000110771095885665,0.00508633258473325,0.0271968019132051,0,0,0,0.000250860780751696,0,0,0,0.0957844156931872,0,0.00160062744679768,0,0,0,3.73088291878849,2.75069019052408,0,0,0.000218759149319129,0.000449820277419896,0.00247851503115218,4.73988156145543e-05,0.00642288070991644,2.67322890985256,0.0236447508035106,0.000108971737664835,0.000132411566051086,0.000249436557374417,0.00160461820811392,0,0,0.347687116167484,0,0.00646087090204562,0.209824196911331,0.236973488271856,0.00263933030902268,6.34707292330827e-05,0,0,0,0,0,0,0,0,0,0,0.000696787650623601,0,0,0,0,0,0,0,0,0,0,0,0,0,0,0,0,0,0,0,0,0,0,0.00401963124450296,0.000344039570414473,0.000247127557784632,0,0,0,0,0,0,0,1.39096515983843e-05
0.0171463343534086,0,0.000372572373674631,7.87017596067348,0.00134809996893059,0.248220464831015,0.147683395565334,0.0587401014551276,0.151869480175753,3.01856695095024,0,5.78933565569232,0.00127533864706444,0.089440561719526,0.0331824954560736,0,0,0,0,0,0,0,0.000355932806752523,1.94725391149165,0,0,2.18938206354583e-05,0.533218838916201,0.0671300919942944,0.000353283220876103,0,0.0115348609606521,0.000597807569970962,0.0529196421755616,0.000808550403752426,0.0307436426313212,0.00048650447688656,0.0398350979212517,0.0279665106301232,0.0208044801301705,0.00988072451064973,0.000142560471679938,0.00027158895040141,7.47905041330044e-05,0.0010114461337174,0.000627190540196168,0.00771473608914341,0.000712530836517997,0,0,0.000637872090748018,0,1.01969873179947,0,0.00138124207543267,0.00126557636384585,0.000967200236949084,0.00528782812138431,0.0137894926254699,0,0.00766514169780563,0,0.000443693543770835,0.00148464754989928,0.000138481854809033,0,0,0,0.216421047359309,0,0,2.10580858959761e-05,0.0411926191466538,0,0,0,0.0175697506136102,0.000852194492236993,0,0,0.000383853474757697,0.000149784996226296,7.52257705466369e-05,5.71851901024455e-05
0.00114084386608347,0.00112932443856497,0.0504534719958431,0.000108417807618306,0,0.000163121828172698,0.0116252617443343,0.000447516577038293,0.0336860168603617,0.000290212503942039,0.000143415139803293,5.28754346892368e-05,0.000179020415569615,0.00114263135622039,4.0798877439973e-05,0.730768396399241,0.0216445467964177,0,0.000218759149319129,0,0,0.301113007439337,6.7587166101695,0.022359399644891,0,0.000664888753839378,0.0435406527167603,1.63184810106842,0.021211862704552,1.6493118574677,0,0.00127027822770754,0.0416035372497034,1.22793786776149,0.000702502443793387,0.194064399788318,0.0340760598602625,0.126449676034683,0.0359072724658756,0.015183543196122,0.0095247001557869,0,0.00262873516770921,0.000469097400527167,0.000473914728655028,0.000300783723325157,0,0,0,0,0.000449140490934188,0.000147618856068067,0,0,0,9.54226568782135e-05,0,0,0,2.1569341146074e-05,0,0,0,0,0.0115891656683989,0,0,0,0,0.000250799584249187,0.00547393274923155,0.00014156352689904,0.00045635238896228,0,0,2.37635030984722e-05,0.000109562937087474,9.31743046942357e-05,0,0,0,4.67893964678817e-05,7.53500401254506e-05,0.000525207335611557
0,2.50115966132911,0.0885734781078597,0,0,8.08267193456776e-05,0.00254478934010485,0,1.02658443264245,3.83659320258717e-05,0.00255113920685428,8.43915342598981e-05,0.070583473397459,0.000229344362712953,0,2.31610290421662,0.00896758541034555,0.000767316672920369,0.000449820277419896,0,0.301113007439337,0,0.399398942212824,0.87027592855171,0.198251084806807,0.0347204105810931,0.581507276067073,0.10707304376025,0.000955124692979499,0.00822753138405639,0.00513538105159891,0.00094658310385401,0.00153744167299042,0.0561800376035847,0.0014488960006263,0.217060851197303,0.245244102287904,0.111518857359234,0.0504565223787892,0.0230643463081558,0.0048676288889658,0.00132875424051861,0.0431661556359169,0.00794640453073927,0.00659145689955636,0.00576848803338345,0.00101637559459186,0.000647256144344702,0,0.000143107756283609,0.0577797319603524,0.000648243167091656,0,0,0,0.000246531631853121,0.000240259233802244,0.0552477751750239,0,0,0,0.000323155416185246,0,0.000150748114806337,0.900086447135381,0.000453288141873995,0,0,0,0.00308104356033989,1.03847552734282,0.0107387092793594,0.0100181988836226,0.00457604317857908,0.000231375998210167,0.0108124796058685,0.00351263429836676,0.000346201447305463,0.00417289189449541,0,0,0,0.00152322082500793,0.00119807521883873
0.00236644342059286,0.0120902364595151,4.52717602070713,0,0,0.000569336355407054,0.0850773950568925,0.00265373069310953,0.0140836621133669,0.00110770140976108,2.37584718243229e-05,0,0.00155791297738952,0.004580095163061,0,1.16011916637234,1.87457164443124,0,0.00247851503115218,0.000355932806752523,6.7587166101695,0.399398942212824,0,0.0300113326243252,3.4619083586377e-05,0.00593060520213174,1.53410579066587,0.731716880399233,0.00736523254307909,0.336733284238312,0,0.000384752807140299,0.00352918605396714,0.819859379478635,0.00621937570022676,0.297066693922041,0.259018039434205,0.49069963777729,0.0873131652379809,0.0499198176843279,0.0124562359813646,0.000167955589258922,0.00519179613358306,0.0031366301993756,0.00116996293051627,0.0013416713307059,0,0,0,0,0.0119038073859656,0.00107629264537269,0,0,0,2.5417656787572e-05,0,0,0,3.20524794755799e-05,0,0.000233499515485642,0,0,0.0447531543645003,8.68749500657741e-05,0,0,0,0.000336953707084103,0.0687885970691193,0.00445553470194653,0.000727991838893344,0,9.39739691634795e-05,0.00900525877696454,0.000421378290185223,0,7.33034761310751e-05,0,0,0,0.000523347975967568,0.00459440865718492
0.00384781428806187,0.00420399607793539,0.00829655746114159,2.3947569673201,0.000136599597310265,0.0520438075795736,0.288959087075594,0.0239428775317629,2.57226718613879,0.24134398162382,0.00017404126717379,0.497894240098414,0.000345808383784556,0.0134683817761049,0.00275134102248361,1.07212603782356,0.000734459904649959,0,4.73988156145543e-05,1.94725391149165,0.022359399644891,0.87027592855171,0.0300113326243252,0,0.00114841901371651,0.000503351892745864,0.0202571201475613,3.80123986378363,0.0167758426925954,0.053032050869168,0,0.00142984035556358,0.00525267560297078,0.0285696356421724,3.57403376876968e-05,0.0219844619889901,0.0042107135212828,0.0134449904737068,0.00399932452314235,0.0113230517228562,0.00156532343402058,0,0.00373800552305139,0.000458745576557891,0.00285195151178559,0.000842624235514099,0.017106774896816,0.00244093531428859,0,0.000598205122265869,0.000783962895572732,0.000631059553832044,0.111394901701863,0,0.00542934785503961,0.00886016637272456,0.00265577365541408,0.0477422667046133,0.0293642192376382,0,0.0237798413054596,4.27683643154471e-05,0.00146438517559648,0.00218178592615394,0.0364299029417849,0,0,0,0.0375913899760182,0.00443175758840763,0.0260288536509756,0.00141432938972414,2.29674568641646,0,0,0.00276271792362707,0.346218112591967,0.00228467721555938,0.0010800007270434,0,0.00054954290539555,0.000621668297430236,0.00138414503312742,0.000134729000067841
0,1.91236751991312,0.00158479927365458,0,0,0,5.46087745626547e-05,0.000190713471140171,0.0301362091984897,0.000135364296674156,0.278730968119609,0,4.92841416011675,0.000242544690474359,0,0.00194604862581684,0.00011153416276061,0.0184627790001987,0.00642288070991644,0,0,0.198251084806807,3.4619083586377e-05,0.00114841901371651,0,0.762637579605508,1.02980609009441,0.000357069981349253,0.00132725357819862,0,0.455429718738201,0.00184718865014994,0,0.0242397084904134,0.000459332717035591,0.0808310215535672,0.151948852173347,0.157085888304868,0.505011149292746,0.00557798158497057,0.0588542021874499,0.378110112050345,0.00575485347084671,0.0318296115135376,0.00413583405599494,0.0184065927645345,0.000397563078852414,0.0012201049242342,0.0202531990507266,0,0.0287633485062535,0.00148321118185739,0,0,0,2.67381124901796e-05,0,0,8.96908526479539e-05,0.0122879955173653,0,1.15312830067739,0.00015591196020503,0,0.000316327919951913,0.00159487944520174,0.0465633831425711,0.0363320347617655,0,0,0.000139637688690718,8.11885695342074e-05,3.9807096358797e-05,4.46245581937778,0.242331699414739,0.0768821965450676,0,0.000527485521649919,0,0.00343908890683021,0,0,0.00127403266169316,0.000664925381361449
0,0.165013994330281,1.13897899099728,0,0,0,0.00103473470848508,0,0.00708675845904061,8.67466791717262e-05,2.45632800311778,0,1.06519868875708,0,0,0.00329623069325698,0.326479708983251,1.57666437717387,2.67322890985256,0,0.000664888753839378,0.0347204105810931,0.00593060520213174,0.000503351892745864,0.762637579605508,0,2.13848896202751,0.00146249573625094,0,0.00051551324557918,1.02859975261029,0,0,0.0147849880744916,1.29033808729893e-05,0.00260063865520579,0.105638903607165,0.0238106782235413,0.00185974015737097,4.19376365117772e-05,0,0.000120849026751191,0,1.71324391072018e-05,0,0,0,0,0,0,0.0105706826716391,0,0,0,0,0,0,0,0,0.000329861744952532,0,0.0217298677541768,0,0,0,0,0.000631522079284696,0.0013151325252662,0,0,0.000287913318347932,0,0,0.20360380477717,0.0097031770538123,0.00456837123846593,0,0,0,0,0,0,0,1.41936381040771e-05
4.19117334712405e-05,0.968408475242028,1.49512621756154,0,0,0.000169036201057703,0.00631829695748471,0.000147885463284758,0.0385528564925364,0.000265545598805428,0.0116187175777916,0,0.857849959143402,0.000324298167881878,0,1.08226667552828,0.0501223521916372,0.000402693913974924,0.0236447508035106,2.18938206354583e-05,0.0435406527167603,0.581507276067073,1.53410579066587,0.0202571201475613,1.02980609009441,2.13848896202751,0,0.0425336812963246,0.000512270882114996,0.0106141264983615,0.662211072556951,0,5.35248800067642e-05,0.129830446115983,0.0030010043022678,0.154977527244049,0.189940889967781,0.180365367857499,0.0139764866474629,0.00857936927786341,0.00201483437718739,0.000490702728693044,0.00241645604740225,0.00212459574516757,0.000912380211646023,0.00115964080426464,0,0,0,0,0.428045177722411,0.00433930052931138,0,0,0,6.74121220520863e-05,1.86838820424051e-05,0.000140634692925986,0,1.21236549715429e-05,0,0.00472843742720046,3.08940254751817e-05,0,0.00534945355293408,0.000265355373095785,0.000567265792044818,0.00210572324646518,0,0.000266788067455814,0.0900926013486806,0.00292392291911143,0.000772383905844065,0.137861380252147,0.0415298237099711,0.0576410700375509,0.000387227592222164,1.44136176307573e-05,4.28928378206168e-05,0,0,0,0.0001289880637834,0.00244257224191928
0.0167046762313803,0.00090385104888492,0.11719966506792,1.81493032181119,5.82522556440081e-05,0.0383393893472523,4.78181806812242,0.0182228099122862,0.242899562320663,0.861325212885945,0.00010079413743567,0.00972800247134927,0.00045042154926464,0.0356736704300522,0,0.0767869882537447,0.00386560958564328,0,0.000108971737664835,0.533218838916201,1.63184810106842,0.10707304376025,0.731716880399233,3.80123986378363,0.000357069981349253,0.00146249573625094,0.0425336812963246,0,0.0370644641752197,0.60610642252392,0,0.000791090475746923,0.013274915940536,0.174929170552446,0.000588446403139819,0.08562146668333,0.0104870669138927,0.0870259349491884,0.018646638846074,0.00637035703388431,0.0037078547702906,0,0.00218749440105845,0.000503542704661625,0.000246536923557158,0.000343467054708084,0.000511460435484461,0,0,6.52497768890512e-05,0.000672066090414727,0,0.000651195081272876,0,9.37956290614564e-05,0.000251182990114538,0.00011759528929401,0,0.000685440120290959,0,0.000509011713310174,0,8.13321896857404e-05,7.64796195871489e-05,0.00110390786856972,0,0,0,0.000297246560097509,3.17631222993397e-05,0.00193984442985353,8.11119772617551e-05,0.00382160251879266,0,0,0.000386269666797591,0.000620053986199635,0.000207094442357061,0.000152924512286349,0,0,7.26478952076072e-05,0.000255878768625051,0.000479179483241227
3.10478031101939,0,0.00122568398919329,0.000853557090801968,0.0495020406711504,0.148260694047506,0.174358786577258,0.401049627562328,0.00320297965277593,0.0581843422369416,0.00298777979977527,0.039097589122184,0.00401400171652496,3.35240213684434,0.0104724316141305,0.000438538582041154,0.00110475181085209,0,0.000132411566051086,0.0671300919942944,0.021211862704552,0.000955124692979499,0.00736523254307909,0.0167758426925954,0.00132725357819862,0,0.000512270882114996,0.0370644641752197,0,1.99232920895617,0,1.33948225164841,1.99754977855321,1.87814151766447,8.71569973364952e-05,0.0515643395168411,0.00143995636524651,0.328006990743787,0.0853482468074533,0.0796161385300807,0.261036155792869,0.0010061888454034,9.37735221335743e-05,9.7549993897045e-05,2.18949379395851e-05,6.76615087369581e-05,0.000350054559655098,0,0.000188472845008793,0,0,0,4.23092708469247e-05,0,0,4.2657486399757e-05,0,0,0.000173620158594515,0,0.000148041033362925,0.000626978328079744,0,0,0,0,0,0,0,0,0.000138266407022754,0,0.00022683592585224,0,0,0,3.72780323868521e-05,0,0,0,0,0,0,2.25767297680683e-05
1.27021972879492,0.000991657286716009,0.106082223522938,0.000101597311344667,3.96524400234997e-05,0.00123543233497817,3.34952244119733,0.00671369182804111,0.0100189195947396,0.00238196110726944,0,0.0002858092593685,0.000275679232962294,0.0388914687510089,0,0.00264097877463644,0.0366541487662672,0,0.000249436557374417,0.000353283220876103,1.6493118574677,0.00822753138405639,0.336733284238312,0.053032050869168,0,0.00051551324557918,0.0106141264983615,0.60610642252392,1.99232920895617,0,0,0.000848136984703671,0.413630255776195,0.759428008031856,0.000212910341991566,0.0191132103526168,0.00377608654305096,0.0332035203644732,0.00693780502949154,0.00158790286014523,0.00151265374531235,3.84798869469583e-05,1.99464109022123e-05,2.00731844925209e-05,0,0,0,0,0,0,6.37740614168282e-05,8.28737291607225e-05,0,0,0,0,0,0,0,0,0,0,0,0,6.86193461909212e-05,0,0,0,0,0,0.000596568637024175,0,4.06262100930714e-05,0,0,0.000100853596748029,0,0,0,0,0,0,0,9.75028551767745e-05
0,0.023666363374091,0,0,0,0,0,0,0.00112117128823944,0,0.135516663707993,0,8.42393909396564,0,0,0,0,0.00658518096611227,0.00160461820811392,0,0,0.00513538105159891,0,0,0.455429718738201,1.02859975261029,0.662211072556951,0,0,0,0,0,0,0,0,0,0.00153883381784486,0,0,0,0,0.00534014470643243,0,0,0,0,0,0,0,0,0,0,0,0,0,0,0,0,0,0,0,0.00394434638963461,0,0,0,0,0.00112853437686426,0,0,0,0,0,0,0.0613896820799798,8.28089812636157e-05,0,0,0,0,0,0,0,0,0
0.0231019563428666,0,0,0.00025359760900971,1.55102490607459,0.544024896815065,0.00955595535981408,0.66692448572896,0.000751878657389345,0.00593599205599225,0.00675257156765434,0.0230996285814124,0.00388319301774189,0.378273519373008,0.0360574053221395,0.000182894052494459,0,0,0,0.0115348609606521,0.00127027822770754,0.00094658310385401,0.000384752807140299,0.00142984035556358,0.00184718865014994,0,0,0.000791090475746923,1.33948225164841,0.000848136984703671,0,0,0.00540869964025738,0.838298333371104,4.3495063756541e-05,0.0114027486109471,0.000844687398187868,0.218209926160644,0.0769824326804212,0.281229750421555,2.03910274509377,0.00351321514275629,0,0,8.82481420697752e-05,0.000172607913159588,0.00019298244133558,0,0,0,0,0,0.000552007438125504,0,0,0,0,0.000261215713505177,0.000125434984276241,0,8.2399120980849e-05,7.4403340143624e-05,0,0,0,0,0,0,0,0,0,0,0.000107014618519798,0,0,0,0,0,0,0,0,0,0,0
0.0145091469746508,0.00122811407815918,0.000465096994294837,0.000424440484493971,0,0.00104520855490907,0.0153584729346684,0.00151443420235041,0.0034337078234287,0.00241559662326798,0,0.00025603579968877,0,0.0220769800759759,0,0.000522326561646939,0.00178055882802293,0,0,0.000597807569970962,0.0416035372497034,0.00153744167299042,0.00352918605396714,0.00525267560297078,0,0,5.35248800067642e-05,0.013274915940536,1.99754977855321,0.413630255776195,0,0.00540869964025738,0,1.47886209460462,0,0.00195248494578019,0,0.020153231312257,0.00541709314198933,0.000344394278596223,0.00254934518462138,0,0,0,0,0,0,0,0,0,0,0,0,0,0,0,0,0,0,0,0,0,0,0,0,0,0,0,0,0,0,0,0,0,0,0,0,0,0,0,0.000289918181814144,0,0,1.00301954575923e-05
0.0534831948152936,0.0185895890836521,0.288059050480796,0.00015185668415774,0.0737553373061941,0.0717323776879132,0.0966580642913183,0.0742682610863882,0.00430779336554896,0.0384603714572075,2.46792132256264,0.0256124008818456,0.119390058522149,0.146671070144146,0.00383265662903291,0.0535034420902657,1.07962322098367,0,0.347687116167484,0.0529196421755616,1.22793786776149,0.0561800376035847,0.819859379478635,0.0285696356421724,0.0242397084904134,0.0147849880744916,0.129830446115983,0.174929170552446,1.87814151766447,0.759428008031856,0,0.838298333371104,1.47886209460462,0,0.00172591041532584,0.489422821604195,0.55986807906668,5.63433232926248,0.386588427080353,0.0860237349407182,0.737725935777737,0.0596612467626792,0.00189414525914959,0.00136071808041094,0.000356024931826901,0.00217284119645909,0.000433253003727282,0,6.9149694868478e-05,0,0.011284929365415,0.000273273504238132,0,0,3.41130464484758e-05,0,0,5.86116214227072e-05,0,0.00014173242692217,0,0.00323160169794277,0,0,0.00105190694097754,0,0,0,0.000203215296215776,4.11115597586057e-05,0.0054296424313444,0.000203380770094509,0.00024725486794167,0.000115315233583612,0,0.000841152293821509,6.47540067579208e-05,0,1.47192043329551e-05,0,0,0,0.00017416142140314,0.00128395285427173
0,1.13909112056568e-05,0.000359562304439662,0,1.45220914074924e-05,0.307331822619042,0.000191103225987791,0.00146612938551901,0.000436936785243608,0.0646500954263634,6.03797248326533e-06,0.207135251853116,0.00051392353734659,0.000110279566026332,0.00392939341460724,0.00117818784703525,0,0,0,0.000808550403752426,0.000702502443793387,0.0014488960006263,0.00621937570022676,3.57403376876968e-05,0.000459332717035591,1.29033808729893e-05,0.0030010043022678,0.000588446403139819,8.71569973364952e-05,0.000212910341991566,0,4.3495063756541e-05,0,0.00172591041532584,0,0.0306338756007339,0.0230660915593176,0.00823652657942839,0.00275301347726585,4.75856783562368e-05,0,0.000246217968042125,0.00978114879530603,0.00940958425797899,0.000285955216277676,0.00164009907145954,9.15268339688564e-05,3.97347571333747e-05,9.51650209026261e-05,0,6.38171920089766e-05,3.22275767124641e-05,0,0,0.00247235652895429,0.00027976576411019,0,7.45560820931274e-05,5.92218709913483e-05,0.000194334090091635,0.00148346192652684,0.000270333159124869,0,0,0.00197893790114579,8.28196443978136e-06,0,0,2.43718155467062e-05,0.00048046714345634,0.000669504000464805,0.00232027304680478,0.000253408855796376,0,0,0.000832401012235463,0.00089596928490036,0,6.80136651468502e-05,0,1.74871897289076e-05,0,0.00107348669827755,1.85356249034235
0.01074377792266,0.0242136378675983,0.0295482500672544,0.000122688558840397,0.00040044219927976,0.00732460166806283,0.0542935526654528,0.00946765130310154,0.054613532032286,0.022567710321992,0.00205526862562579,0.0225701240207858,0.256627738661019,0.0234897527537411,0.00617857836926762,0.139878271798037,0.00251597414341781,0,0.00646087090204562,0.0307436426313212,0.194064399788318,0.217060851197303,0.297066693922041,0.0219844619889901,0.0808310215535672,0.00260063865520579,0.154977527244049,0.08562146668333,0.0515643395168411,0.0191132103526168,0,0.0114027486109471,0.00195248494578019,0.489422821604195,0.0306338756007339,0,4.37682263315665,0.705773341283789,0.26121972703628,0.464710446287543,0.150972533739316,0.0121445422776789,0.0368222655331121,0.0463038258354776,0.00436593933133717,0.0249842614883642,0.017473910469692,0.00162418095177407,0.00543817406629433,0.00011996606466302,0.0212600259062612,0.000762678866143483,0.000599315677205429,0,0.00170857163506727,0.000273643234540553,0.000229154222382296,0.0029111723392593,0.000794101744924522,0.00082176922182537,0.00308772574514234,0.0342552040209803,4.86320206045351e-05,9.90027567884175e-05,0.00735304524728194,7.46425653752902e-05,0,0,0.00149047972866207,0.00199781747281671,0.0285837514687293,0.00411168419278256,0.00298060391907536,0,0,0.00392158663085242,0.00136601517593953,6.60920045521696e-05,0.000210491115385522,0,0,4.33130310342877e-05,0.0042694072670033,0.0214911829940452
0.000293856909232903,0.0545096598183401,0.136368433367468,0,0,0,0.00250963475973293,7.23373939355964e-05,0.00312581840515528,8.37657813041836e-05,0.73990211537185,0.000212835921285535,0.362534544009884,0.000172195564494139,0,0.116525782386574,0.0938340583027165,0.00197420345328058,0.209824196911331,0.00048650447688656,0.0340760598602625,0.245244102287904,0.259018039434205,0.0042107135212828,0.151948852173347,0.105638903607165,0.189940889967781,0.0104870669138927,0.00143995636524651,0.00377608654305096,0.00153883381784486,0.000844687398187868,0,0.55986807906668,0.0230660915593176,4.37682263315665,0,1.65142262031483,0.814946889281008,0.0766468198207763,0.018778735246624,0.295559924428092,0.0259324540362608,0.0171615597811408,0.00316088220463537,0.0160152057712354,0.000189163437001611,0.000109917918885289,0.00570344016351752,0,0.0314816611583701,0.0015777344090429,0,0,0,0.000132385721289818,0,0.000329670359050049,0,0.000264821978259218,2.91069291184244e-05,0.0423239353403121,0,0,0.00541547342737027,0.00012768792897537,0,0,0,0.000395490746560603,0.055508473121013,0.00221827699459761,0.000661354329246315,0.00756638466014538,0.000569777250094819,0.0045213825939092,0.000499392899234517,7.55141369294162e-05,3.38056553627944e-05,0,0,0,0.00140006995806149,0.0164807110940655
0.0442885300120679,0.0160764901265587,0.0863880584548522,0.000558072774365353,0.00569695145178398,0.0217727977869487,0.0865450153439251,0.036581884762136,0.00516319187803817,0.0284532597541108,1.264078984145,0.0222869197889854,0.443472499943506,0.0654162101407706,0.00366241091173506,0.0711976658223279,0.0349446529948774,0.000127311719642146,0.236973488271856,0.0398350979212517,0.126449676034683,0.111518857359234,0.49069963777729,0.0134449904737068,0.157085888304868,0.0238106782235413,0.180365367857499,0.0870259349491884,0.328006990743787,0.0332035203644732,0,0.218209926160644,0.020153231312257,5.63433232926248,0.00823652657942839,0.705773341283789,1.65142262031483,0,2.41875325711253,0.37261964736587,0.881711019081244,0.481680785969506,0.0144674260366041,0.0170179140065366,0.00277996016405392,0.0069960397950894,0.000247857939110918,0.000204798579133227,0.00161101790866238,0,0.0151219061203575,0.00112274889258093,0,0,9.3022963218406e-05,0.000166791760276098,2.62162240956792e-05,0.000598664543642784,0.000133863475332127,0.000426916084745201,0.000293689014446852,0.0222257792829148,4.59135179397335e-05,0,0.00248718611593492,0.000245625051095153,0,0,0.000105416763610595,0.000353385956119655,0.0260646196628211,0.00183552125167275,0.000607085535474441,0.00210949864299003,0.000217483439575655,0.00241928197923107,0.000267179241534088,3.88239090642908e-05,0,0,0,0,0.00180635180722406,0.0108255632423618
