0,0,0.00608596066524322,0.00859179974491163,0,0.00370739515951149,1.80353062874933,0.317660442105006,0.0122635545531521,0.00583561679384752,0.000768434344929195,0.000145080136962517,0.000122807298071301,2.13160702303476,0,0.00113431849560242,0.019291178615937,0,0.000364838358974384,0.00492685160091553,0.0206434695166775,0.00122529289194814,0.0284952956699895,0.0287304088982262,8.78993314830457e-05,0.000569620034431003,0.00155821724117983,0.0973633279106639,1.07549887625675,0.757277895191557,0,7.13816830008509e-05,0.00880322593723377,0.0191446317336232,0.0001827789428545,0.00705168564775664,0.00316177537643011,0.0118042105627427,0.0102990934496035,0.000546563943627704,0.000579410614753197,0.000595839262270064,0,0,0.000344538756179332,0,0,0,0,0,0,0,0,0,0,0,0,0.00389608072617,0,0,0,0,0,0,0.000538554668505345,0,0,0,0,0,0,0,0.000761067810993478,0,0,0,8.03452812681363e-05,0,0,0,0,0,9.77691680447926e-05,5.14804021395456e-05
0,0,0.013928980976509,0,0,0,0,8.28390076303594e-05,0.0888647532537161,0,0.0255977792106553,0,0.0658010585246138,5.58368766381168e-05,0,0.0533301507873825,0.0143128862855224,0.00961662704513253,0.0244462879689758,0,0.000229233659840705,1.05937966476024,0.00160412235694083,0.0298948868992281,1.44522383051173,0.0448198440699122,0.66071149437194,0.0017342251745003,0.000635788581225187,0.000976327132287836,0.00141252092922396,0.000648176675092961,0,0.0116417057546597,1.18519230576273e-05,0.00479252913050419,0.0333254044156324,0.0308648241561413,0.0152450766747374,0.00037441549489509,0,0.0144033330108145,0.000110743072959606,0.00200869883411062,0.000358499644323787,0,0,0,0,0,0.482454072375969,0.00130261582002959,0,0,0,0,0,0.00311245205663478,0,0.000720133188966465,0,0.00413432225405182,0.000132991214794965,0,0.00622319316924604,0.00136801255551557,0.000636136620548018,0.000580670132589192,0,0,0.0854572414668714,0.0012843404524218,0.000288806735990747,0.169210266821977,0.00374796469669814,0.0240829391647295,0.000135371445988508,0,0,0,0,0,0,0
0.00608596066524322,0.013928980976509,0,0,0,0,0.00585548997392148,0.00479066699703602,0.00272580145972773,0,3.47728900265791e-05,0,0.000122959674397599,0.00961187882078981,0,0.020273728897585,2.08039929567607,0.000877804793450682,0.0178019957033924,0,0.108246821458617,0.0250010814727295,4.95887137813721,0.00751977475647001,0.00248793893752418,1.29202846353287,1.8494881245589,0.0250875487540321,0.00504919851052458,0.0350562587496766,0,0,0.000414906914348187,0.0760193439273509,0.000770243598128736,0.0306240178692675,0.0602929359740615,0.140432371965058,0.0535462310611836,0.000853023328408634,0.000862523227758726,0.000297365885169132,0.000378206060649478,0.000306721743271067,0.00023519769744304,0,0,0,0,0,0.0183662562772883,0.000297742477440617,0,0,0,0,0,0.00104427789075589,0,0,0,0,0,0,0.00119434912561311,0,0,0,0,0,0.0137843606064429,0.000322284205772242,0.000273870405825875,0.000122856593651304,0.000312058076465509,0.00274367378210168,5.81558844736467e-05,0,0,0,0,0,0,0.000246182291711012
0.00859179974491163,0,0,0,0.000410530547278041,0.0188437435210765,0.0384931740518284,0.0233743872929348,0.0832425155662575,1.35944998021482,0.00162562802194021,0.471511318898702,0.000190026496288348,0.0175414538233501,0.000331120298890234,0,0,0,0,5.76902786175403,4.99649409295803e-05,0.000108372478466436,0,4.75241374235681,8.19298101567092e-05,1.9666981726822e-05,0,1.85693747502423,0.0191168932427292,0.000332107422115104,0,0.00339817050065234,0.00406836766779348,0.0348773409973978,0,0.00450682619889588,0.000398028973036986,0.0220742213886016,0.0135563375219976,0.00828693232143289,0.00238495406823139,0,0,0,9.3932984090884e-05,0,0,0,0,0.000322798545490553,0,0,0.659280052689665,0,6.40130446607611e-05,0.000126182792668517,0.000123763493308087,0,0.000932776454914932,0,6.44164118443068e-05,0,0.000242620651516903,0,0,0,0,0,0.013471920770075,0,0,0,0.0107973599852826,0,0,0,0.0126184059408033,0.000503099734757427,0,0,0,0.00015111509879075,0,0
0,0,0,0.000410530547278041,0,1.56999268679243,0.000333732139081579,0.1290451981836,0.000266543571707453,4.65064309580067e-05,0.000668496426301294,0,0.000359211676659588,0.0053110947452059,0.00334786889237619,0.000714312648189394,0,0,0,0.00169193917072638,0,0,0,0.000600778102144613,0,0,0,0.000382169703756722,0.0870134496242284,0.000431398054333149,0,4.5403034392297,0.000423581698454821,0.35686584507445,0.000817281059481453,0.00125418615198701,0,0.0712549834661562,0.0142166009081204,1.16190653820331,5.61636968725443,0,0.000364218425762253,0.000834756812369462,0.00127141189664422,0.00203454303419075,0.000342980569741805,0,0,0,0,0,0,0,0,0.000194297101458946,0,0,0,0.000190523131321438,0,0,0,0,0,0,0,0,0,0.00011696550698076,0,9.04228516893269e-05,0,0,0,1.75655564568398e-05,2.15826221672049e-05,0,0,0,0,0,0,0.00252878029355407
0.00370739515951149,0,0,0.0188437435210765,1.56999268679243,0,0.149054768792953,2.41319456541351,0.000721414581841843,1.28006573237134,0.00422746995119666,1.30249096116775,0.00054892772764397,0.106851932124501,1.17305846947356,0.000142360033103957,8.21941895510978e-05,0,0,0.0834356936364761,0.000191358166259517,0,4.07728190034184e-05,0.0233310945200719,0.000164967279850242,1.7014062645049e-05,2.67196994935184e-05,0.0947416269851879,0.101691254532911,0.000262886091895059,0,0.449372786146716,0.000900426346848461,0.0708342359783508,0.112591654635644,0.00216916445530223,0.000916531153258532,0.0407114662126368,0.00665337254314833,0.819535431314572,0.10908746985445,5.71352612401392e-05,0,0.000112282875675161,0,0,0,0,0,0,0,0,0,0,0,0,0,0,0,0,0,0,0,0,0,0,0,0,0,0,0,0,4.46796511234418e-05,0,0,0,0,0,0,0,0,0,0,3.2594485784701e-05
1.80353062874933,0,0.00585548997392148,0.0384931740518284,0.000333732139081579,0.149054768792953,0,0.234247308276552,0.0135460602561675,1.96500051442611,0.00158037628121434,0.00173838413038185,0.00011544242467485,1.02687478146753,0,0.00114796289950787,0.00434337697731861,0,6.71747586093695e-05,0.00638054034728098,0.0280241175296918,0.000856102734414053,0.0265710146873759,0.211539813036963,0.000189027932546828,2.34780662233093e-05,0.00154656276483911,4.31540830102715,0.0706487516871049,1.39710808776491,0,0.00218675758327652,0.0118264747214543,0.0485383930016463,0.000447082361940202,0.0239760034882875,0.00338175021840872,0.0370581549265128,0.0278440478850976,0.000711767583265821,0.00181589883068294,0.000103687636266886,0.000125053925980778,0,7.5828512093137e-05,5.54683922938232e-05,0,0,0,0,6.58772424899819e-05,0,0,0,0,0,0,0.00281249987715217,0,0,0,0,0,0,0.000556934531192525,0,0,0,0,0,0.000315097222667968,0,0.000467747771341628,0,0,0.000123978487467587,0,0,0,0,0,0,0.000302715092204637,8.08658250307634e-05
0.317660442105006,8.28390076303594e-05,0.00479066699703602,0.0233743872929348,0.1290451981836,2.41319456541351,0.234247308276552,0,0.00385615008849247,0.811068705074483,0.00313140750252071,0.00471317800254801,0.000143207847215054,1.30310009614396,0,0.000460810103178708,0.00875729829240967,0,6.5545606705999e-05,0.0468439967383905,0.013096894254238,0.00051916296274615,0.0165994628983735,0.0310624294485833,8.52266735014541e-05,0.000387162721552304,0.00172106390910555,0.113958467029558,0.176044231951865,0.0343057963456838,0,0.100982713609378,0.00285758420086746,0.0949063765261762,0.00756954650272342,0.00676849219406084,0.00112072699387054,0.0469261026792489,0.0125455076305666,0.0018285110102009,0.0326972735393898,8.2895428239067e-05,0,3.47476641730995e-05,0,0.00016007822816693,0,0,0,0,3.80113829119445e-05,0,0,0,0,0,0,0.00192883397911333,0,0,0,0,0,0,0,0,0,0,0,0,4.305420901982e-05,0,0.000684751573640945,4.34035241634722e-05,0,0,0.000101749637827746,4.86410029394858e-05,0,0,0,0,0,6.60450804310792e-05
0.0122635545531521,0.0888647532537161,0.00272580145972773,0.0832425155662575,0.000266543571707453,0.000721414581841843,0.0135460602561675,0.00385615008849247,0,0.000117938546000089,0.00454353214005412,1.02306650092553,0.0101746206845758,0.00762120648973765,0.375300766503231,0.00647339503784836,0.00388502142921209,0.000972390854371609,0.0032698775286314,0.0730612724093852,0.0024856356432402,1.56699108120685,0.00310184298824788,4.97244035777777,0.0855277253329941,0.00193968202254054,0.0215292685833015,0.0572564305605656,0.0213216038681182,0.0227218436767162,0.000221788883820239,0.00118449122696992,0.0293320371797039,0.0243348810273879,0.0018311222376881,0.18343580396633,0.0151896302156448,0.032554850681172,0.058913616634561,1.26493452532513,0.000269189693590164,0.000958378648582521,0.01724766813448,0.000975285934758929,0.0160391532690775,0.0167346072608805,0.00145373963309769,0,0,0.00035535665355052,0.0305667403288166,0.000421797978253483,0,0,0,0.00125702170807187,0.000181521450599686,0.976321157783614,0,0,0,0.000145916859962918,0.000488089171766122,0,0.087377487286522,0.00030979445570549,0,0,0,0.000662980186063755,0.269342578352203,0.00197118789694574,0.0509124570372923,0.00533111563353227,0.000566159944008751,0.00463888507650592,0.0131220173473201,0.00162236899757738,0.000829183530602027,0,0,0.00219535899421285,0.00474725341713424,0.000570703978652912
0.00583561679384752,0,0,1.35944998021482,4.65064309580067e-05,1.28006573237134,1.96500051442611,0.811068705074483,0.000117938546000089,0,0.0024850414635531,0.552509979195298,8.59680692134315e-05,0.0760287725746703,0.000153727850505043,0,0,5.83368048520478e-05,0,2.63245311120907,0.000115108676243952,0,0.000237656680120136,0.00904009299824518,9.83908650728036e-05,0,0,1.41654675233846,0.021482081181191,0.000332680574550649,0,0.00212092238574501,0.00320524298863736,0.0519000017713585,0.0740487181005925,0.00373765053165248,0.000161511804625855,0.0179612140677175,0.0048683714680991,0.00251541166147857,0.00246605493047763,0.000173188681266114,0,0,0,0,0,0,0,0,0,0,0,0,0,0,0,0,0,0,0,0,0,0,0,0,0,0,0,0,0,0,0,0,0,0,0,0,0,0,0,0,0,9.87058510807694e-05
0.000768434344929195,0.0255977792106553,3.47728900265791e-05,0.00162562802194021,0.000668496426301294,0.00422746995119666,0.00158037628121434,0.00313140750252071,0.00454353214005412,0.0024850414635531,0,0.000192001022348507,4.1432279702497,0.00588585850609858,7.62854638975841e-05,0.000956478391266397,0.00154225146517824,1.7587129177084,0.979319514083703,0.00411902309880914,4.08577914014895e-05,0.00832392437829691,0.00039604297494152,0.00351123872758952,0.680638774159028,0.501808992688454,0.114917172189207,0.00285392199532942,0.0207019193074308,0.000832189828098509,0.146621695932961,0.0271126718071811,0.00228762091995571,1.02284533157688,0.000460030246585039,0.0186365267175798,0.560905841992814,1.2833773359365,0.0770438094071431,9.78476378889724e-05,0.000564309105367356,0.238100283467311,0.000350625107677274,0.00346935719974426,0.00084764694733475,0.000264336667807981,0,0,0,0,0.00995804195169194,7.39197114369959e-05,0,0,0,0,0,0.000443842321510183,0,0.00400975384478322,0,0.0429802385566078,0,0,9.74879390580191e-05,0,0.00225144835621097,0.000778418268165757,0,0,0.000828355472211458,0,0.000168869163860542,0.0585657446130394,0.00845905322713091,0.00350759891866254,0,0,0,0.00120079818185222,0,0,7.17650377088565e-05,0.000210111354041238
0.000145080136962517,0,0,0.471511318898702,0,1.30249096116775,0.00173838413038185,0.00471317800254801,1.02306650092553,0.552509979195298,0.000192001022348507,0,0,0.00159722246362817,0.431684920059165,0,0,0,0,9.01267761158372,0,0,2.99260068073242e-05,1.06657142933126,0,0,2.23198228753623e-05,0.00289968360026276,0.0012993965168909,3.42718420465716e-05,0,0,0,0.00350980371187591,0.687046419637818,0.000479473091140542,4.66778405317659e-05,0.00109649001441073,0.00133686858106998,0.255191029708787,0.000154001472430439,0,0,0,4.61321772679459e-05,0.000181397163647804,0,0,0,0,0,0.000270064460696674,0,0,0,0,0,0,0.000165067528496189,0,0.0821499379938437,0,0,0,0,0,0,0,0.0233379461391698,0,0,0,0,0,0,0,0,0,0,0,0,0,0,0.00451857927792985
0.000122807298071301,0.0658010585246138,0.000122959674397599,0.000190026496288348,0.000359211676659588,0.00054892772764397,0.00011544242467485,0.000143207847215054,0.0101746206845758,8.59680692134315e-05,4.1432279702497,0,0,0.000511873667479137,0,0.0020829983867573,0.000291069726258467,0.0196263902604825,0.0131942925944037,0.000594691473308714,0.000163444579641958,0.0195022669357448,0.00121625721401767,0.00503958039137059,4.13898216104904,0.588591672374046,0.356505162661381,0.000717850176390731,0.00217094381498812,0.000201733662420547,3.14815881177582,0.00128589628385456,0.000287731003718711,0.0324859880354094,0.000652137403703773,0.0706426846074779,0.487439478204688,0.387765190179586,0.228778653476395,0.00011806726094667,0.00140083784521198,1.41715959753064,0.000714597113669112,0.00222490245786271,0.000669977817259996,0.000788765726680653,0,0,0,0,0.0242975101875775,0.000130231175616833,0,0,0,0,0,0.000106271798933967,0,0.00321045717610421,0,0.943440974312418,0,0,0.000190772708325718,0.000134868823307788,0.00461504219897488,0.000765839454166405,0,0,0.0023179205426717,8.99520823947533e-05,8.08928563314438e-05,0.10209520830522,0.0129282038133191,0.00529620713552841,0,0,0,0.00249862646011691,0,0,0.000617972286173931,0.000229937588090035
2.13160702303476,5.58368766381168e-05,0.00961187882078981,0.0175414538233501,0.0053110947452059,0.106851932124501,1.02687478146753,1.30310009614396,0.00762120648973765,0.0760287725746703,0.00588585850609858,0.00159722246362817,0.000511873667479137,0,0,0.000198364284611694,0.0224982005834197,0,0.000157295764856652,0.0301307242147697,0.0272372399990713,0.000789075357283185,0.0327460968937596,0.0260760827885635,0.000839013840671374,0.000592959418075759,0.0022200525652568,0.0704698405920069,5.63196106299445,0.109628021680101,0,0.355639030830341,0.00482073121282363,0.141024296401432,6.69295147612246e-05,0.0057610583727579,0.00130955983258979,0.0569037938023787,0.0124907356754284,0.000316384169922402,0.0102970888461605,0,0.000267983600223804,0,0.000369952304820363,0,0.000195380998406249,0,0,0,0,0,0,0,0,2.58472831787316e-05,0,0.00233823490907735,0,0,0,0,0,0,8.95564518803094e-05,0,0,0,0,0,0.000149702469208229,0.000138292291876358,0.00134845620948299,5.00254069507877e-05,0,0,0.000624213406817507,0,0,0,0,0,0,3.11612567094289e-05
0,0,0,0.000331120298890234,0.00334786889237619,1.17305846947356,0,0,0.375300766503231,0.000153727850505043,7.62854638975841e-05,0.431684920059165,0,0,0,0.000307470512561744,0,0,0,0,0,0,0.000188461561020497,0.001096079201488,0,0,7.36160347911013e-05,0.000788811911586511,6.1672223216163e-05,0,0,0.000327386547816449,0,0,0.201810523680065,0.00205875343599671,0.00119852602242423,0.00411420473830425,0.0049072392025255,1.04147340040806,0.00463193420613978,0,0.00312843754925168,0.00424968732308426,0.00397378016873509,0.0131740018224751,0.0070405104131699,0,0,0,0,0.000521382405504678,0,0,0,0.000156160879318539,0,0,0,0,5.59660797647219e-05,0,2.18317495660166e-05,0.000485746280467041,0.00115688653819165,0.000214022728648441,0,7.44330847173118e-05,0,0.000178884372624781,0.000430147486847471,0.00154038534882796,5.52029853156826e-05,0,0,0.00044504210495716,0.000279677707881788,0,0,0,0,0,0.000335615447109552,0.0203782624687522
0.00113431849560242,0.0533301507873825,0.020273728897585,0,0.000714312648189394,0.000142360033103957,0.00114796289950787,0.000460810103178708,0.00647339503784836,0,0.000956478391266397,0,0.0020829983867573,0.000198364284611694,0.000307470512561744,0,0.0141021413928997,6.81443708317481e-05,0.000846183510850164,9.04060521686803e-05,0.486062388557526,4.32217147033652,1.87964402431519,2.08650255991307,0.0205008991055559,0.00308847581865935,0.766015962251125,0.331912467287544,0.000331734142837489,0.00475328091469776,0,0,0.000738883319041654,0.0314367498613947,0.00180840326168713,0.0669901127196895,0.0252903140690206,0.0608208126922517,0.0712622571429889,0.00493325937214045,0.000332290826670471,0,0.00278779353226969,0.000620630952461773,0.00183483528816351,0.00258466836651334,0,0,0,0,0.0169845389998474,0.000146342384901929,0,0,0,0,0,0.0143133843172741,0,0,0,0,0,0,0.0302719163156084,0,0,0,0,5.86506053403745e-05,0.1443972939233,0.00453596465606751,0.00489251609529414,0.000423298784777279,0,0.00325969329767237,0.000722689726785288,0,0,0,0,0,0.00015754083982405,0.000683166170924061
0.019291178615937,0.0143128862855224,2.08039929567607,0,0,8.21941895510978e-05,0.00434337697731861,0.00875729829240967,0.00388502142921209,0,0.00154225146517824,0,0.000291069726258467,0.0224982005834197,0,0.0141021413928997,0,0.00445504687539612,2.99845778975372,9.10801112903419e-05,0.061165957505902,0.0141696779524823,3.34173016449375,0.00441051842619433,0.00305783966480514,1.97421338861106,0.396053199983029,0.015256182966402,0.0306494874710276,0.0518339170186687,0,0,0.00220100040459597,0.377487519683548,0.000564612768467278,0.0439820804627284,0.151748992449798,0.211984232640519,0.0927332894428328,0.00170853212806403,0.00038118124408814,0.0010155490879414,0.000445950460939509,0.000124712098761286,0.000168961785548768,0,0,0,0,0.000112327835358936,0.0110611904556486,0.000230967898707195,0,0,0,5.32181343236328e-05,0,0.000820999056312947,0,0,0,0,0,0,0.00020545453411028,0.000131323774545802,0,0,0,0,0.00393831092144615,0.000105271558461712,0.000239753700787142,0,2.88548556822863e-05,0.00097687282901818,0.000224045296300312,0,0,0,0,0,0,0.000407739796974749
0,0.00961662704513253,0.000877804793450682,0,0,0,0,0,0.000972390854371609,5.83368048520478e-05,1.7587129177084,0,0.0196263902604825,0,0,6.81443708317481e-05,0.00445504687539612,0,2.91634291975426,0,0,0.00341923090080503,0,0.000432387700224451,0.0793811363146835,0.618626369984293,0.049267546223631,8.46568841904229e-05,0.000152410341544179,0,0.0154659930420617,0.000253452623385201,0,0.0040086748267899,9.00283016206939e-05,0.00191486861969318,0.0419195725929863,0.0595485403627683,0.0138002715168164,0,0,0.000702964224122471,0,0.000422359026817335,0,0,0,0,0,0,0.00434579841777759,0,0,0,0,0,0,0,0,0.000132193786834825,0,0.00563928577378026,0,0,0.000583399733401303,0,0.000288718246776744,0,0,0,0,0,0,0.0125875660323446,0.00157011988590229,0.000801676031074249,0,0,0,0.000211893593613829,0,0,0,3.80899838199307e-05
0.000364838358974384,0.0244462879689758,0.0178019957033924,0,0,0,6.71747586093695e-05,6.5545606705999e-05,0.0032698775286314,0,0.979319514083703,0,0.0131942925944037,0.000157295764856652,0,0.000846183510850164,2.99845778975372,2.91634291975426,0,0,0.000997789586470708,0.00352358174808072,0.00202588453912208,0.000567913980314966,0.0660661106605342,2.23020114001681,0.191478256277949,0.000261518685367336,0.000482670121957952,0.000795099143964706,0.00628359470770511,0.000122342898190762,0,0.326194536860406,8.33571764288464e-05,0.00770672831768087,0.173452491164813,0.402268827403463,0.04491429696655,0.000103027690207536,0,0.00143137835235595,0,0,0,0,0,0,0,0,0.00307114185482589,9.71825652742982e-05,0,0,0,0,0,0,0,0.000445099202995629,0,0.00320774690406996,0,0,0,0,0.000241620817754239,0.000324554901781908,0,0,0.000785794459399192,0,0,0.00510603327145749,0.000754767734184011,0.00104974632047261,0,0,0,0,0,0,0,1.70556522052418e-05
0.00492685160091553,0,0,5.76902786175403,0.00169193917072638,0.0834356936364761,0.00638054034728098,0.0468439967383905,0.0730612724093852,2.63245311120907,0.00411902309880914,9.01267761158372,0.000594691473308714,0.0301307242147697,0,9.04060521686803e-05,9.10801112903419e-05,0,0,0,7.97873393683325e-05,0,0,0.543048665255763,0.000334958707314269,2.43427801048805e-05,0,0.223483852525419,0.0292628339888985,0.000395247546373185,0,0.00836890358288655,0.0109817633930875,0.0842320430584195,0,0.00315914028478848,0.00100797882580864,0.0357292895482137,0.0156226991437159,0.0157845580805964,0.00437091991703156,0,0,0,0,0,0,0,0,0,0,0,0.00785464400773704,0,0,0,0,0.000685231864320263,0,0,0,0.000333607522763675,0,0,0,0,0,0,0.00694730720409997,0,0,0,0.0010549077022387,0,0,0,0,0,0,0,0,0,0,0
0.0206434695166775,0.000229233659840705,0.108246821458617,4.99649409295803e-05,0,0.000191358166259517,0.0280241175296918,0.013096894254238,0.0024856356432402,0.000115108676243952,4.08577914014895e-05,0,0.000163444579641958,0.0272372399990713,0,0.486062388557526,0.061165957505902,0,0.000997789586470708,7.97873393683325e-05,0,0.00148864832100915,8.85604397418076,0.103303212732559,0.000274749805753368,0.000874935503978106,0.0240550387463051,2.53721143964682,0.097845095920301,3.04063828291833,0,0.000179425556299084,0.0809793178274492,0.145464750269679,0.00215004880332798,0.0426075564643978,0.0196080938819731,0.0955003547433022,0.0729394927623292,0.0074280130807247,8.01321900473911e-05,0,0.00147311593952598,0.000273835184929671,3.37988912922599e-05,0.00055126650830011,0.000514113044191885,0,0,0,0.000356542376884151,0,0,0,0,0,0,0.00185867910070208,0,0,0,0,0,0,0.000269578437441941,5.05879599949858e-05,0,0,0,0.000174828610256219,0.00113380692097878,0,0.000320194642740011,0,0,1.45649269594757e-05,3.18954039232053e-05,0,0,0,0,0,0,0.00111151863986759
0.00122529289194814,1.05937966476024,0.0250010814727295,0.000108372478466436,0,0,0.000856102734414053,0.00051916296274615,1.56699108120685,0,0.00832392437829691,0,0.0195022669357448,0.000789075357283185,0,4.32217147033652,0.0141696779524823,0.00341923090080503,0.00352358174808072,0,0.00148864832100915,0,0.00852311391583996,0.547725668851023,0.235943167510819,0.00961495680931983,0.92322470096501,0.0265054942334468,0.00173748371433853,0.00469742695060255,0.00121677504549837,0.000181152331489826,0.00350460154376771,0.0255053462498532,0.00041948978512017,0.0263649244198344,0.022396458133341,0.0370028546247599,0.0315183495465867,0.000642747470324383,0.000118224046807509,0.00214337240998147,0.0130132871958053,0.00248079364924521,0.00972592200869709,0.010980388469207,0.00173819160125372,0,0,0,0.376799081706911,0.00405208238938159,0,0,0,3.34204262009091e-05,5.50070977353152e-05,0.102746657708654,0,0,0,0.00086003944536147,5.73333338974918e-05,0,0.303870979877399,0.000917228308620559,0.000150284242700164,0.000422029727356568,0,0.000923993615600249,1.1202279772694,0.0144633851730804,0.052946906249705,0.0195076066075575,0.00125890028286434,0.020394628886162,0.00634859631121656,7.8348704491177e-05,0.000424267385482278,0,0,0.000349179549272223,0.0019424728341389,0.000293174626229636
0.0284952956699895,0.00160412235694083,4.95887137813721,0,0,4.07728190034184e-05,0.0265710146873759,0.0165994628983735,0.00310184298824788,0.000237656680120136,0.00039604297494152,2.99260068073242e-05,0.00121625721401767,0.0327460968937596,0.000188461561020497,1.87964402431519,3.34173016449375,0,0.00202588453912208,0,8.85604397418076,0.00852311391583996,0,0.0201367514296802,0.00203820412620612,0.0134516361100934,2.04083523111677,0.222945521975043,0.281368702003188,0.234450040166401,0,0.000778623013180775,0.0845756350474758,0.264627139800507,0.0106222765330708,0.205160470094921,0.188748146572685,0.497688050000481,0.294111439077864,0.026841311862951,0.0014172893145561,0.000447729773823632,0.00417086146176891,0.00152973427047372,0.000825969902489272,0.00216572415907557,0.000938525371391923,0,0,0,0.00220174119907799,7.75944572725404e-05,0,0,0,4.30573067912816e-05,0,0.00147785241734008,0,0,0,0,0,6.43079255236495e-05,0.00138012557768965,5.50152771125771e-05,0,0,0,0.00193380438174611,0.00534277335592906,0.000717881702711241,0.000489728241164733,0,2.2129077283819e-05,0.000393196939629004,0.000473874142257313,0,0.000188838789072332,0,0,0,0,0.00439549921460394
0.0287304088982262,0.0298948868992281,0.00751977475647001,4.75241374235681,0.000600778102144613,0.0233310945200719,0.211539813036963,0.0310624294485833,4.97244035777777,0.00904009299824518,0.00351123872758952,1.06657142933126,0.00503958039137059,0.0260760827885635,0.001096079201488,2.08650255991307,0.00441051842619433,0.000432387700224451,0.000567913980314966,0.543048665255763,0.103303212732559,0.547725668851023,0.0201367514296802,0,0.0370886721866557,0.00240571347454496,0.0634828297118022,3.10773445789871,0.0684300618240088,0.0431677565702511,3.7625655457834e-05,0.0034478697319292,0.0331544720192193,0.0696043835152309,0.00258770773311805,0.122318626507286,0.0319264171460757,0.0661858375072256,0.0769149260688269,0.0511824765380439,0.00192364154826587,0.00103708258916029,0.0124422209597648,0.000568279079338997,0.00908824244444612,0.00771656890101426,0.00084949686068095,0.000140493289585856,0,0.000155818260335521,0.0111891283161855,0.000265797203953891,0,0,0,0.00032872565873053,8.8330301509329e-05,0.0893569650422598,0,0,0,0.000108210709132365,0.000166405776693551,0,0.0392465056999078,8.72757146159688e-05,0,7.26935270182368e-05,0,0.000768218588713456,0.103352939322283,0.00179467631460206,0.0432400990435019,0.00206475006933477,4.90361893570063e-05,0.00266212345874544,0.00929506014987326,0.00308161285017604,0.0020425815777463,0,0,0.00189220018175825,0.00227230561699632,0.00123863183631308
8.78993314830457e-05,1.44522383051173,0.00248793893752418,8.19298101567092e-05,0,0.000164967279850242,0.000189027932546828,8.52266735014541e-05,0.0855277253329941,9.83908650728036e-05,0.680638774159028,0,4.13898216104904,0.000839013840671374,0,0.0205008991055559,0.00305783966480514,0.0793811363146835,0.0660661106605342,0.000334958707314269,0.000274749805753368,0.235943167510819,0.00203820412620612,0.0370886721866557,0,0.103313700170012,1.16564176036345,0.00201320883756441,0.00161113273830347,0.000381771098242597,0.0395618515870581,0.000850737288727886,0.00107557363933364,0.0198374210730349,0.000749840093979176,0.467543186558847,0.922753072696923,0.372236990814113,0.40675837127852,0.000690808305025372,9.78615437277398e-05,1.91095258902991,0.00178298342893866,0.0215612760949886,0.00556779206622698,0.000124002121859763,0,0,0,0,0.233149199632681,0.00140393449056183,0,0,0,0,0,0.0010046876919849,0,0.0156644098951243,0,0.153871910343641,0,0,0.00221966280702641,0,0.0171758724729545,0.00477025188826701,0,0,0.020104199405303,7.08201762967425e-05,0.000247597980395292,0.501949425047255,0.0411125916983722,0.0292930458417575,0.000170968635102332,0,0,0.0140680989914782,0,0.000149285997208762,0.00219456944413034,0.000114905272738074
0.000569620034431003,0.0448198440699122,1.29202846353287,1.9666981726822e-05,0,1.7014062645049e-05,2.34780662233093e-05,0.000387162721552304,0.00193968202254054,0,0.501808992688454,0,0.588591672374046,0.000592959418075759,0,0.00308847581865935,1.97421338861106,0.618626369984293,2.23020114001681,2.43427801048805e-05,0.000874935503978106,0.00961495680931983,0.0134516361100934,0.00240571347454496,0.103313700170012,0,1.81841864668329,0.000207229929693176,0.000730007107526513,0.00167682966039365,0.560691680904143,5.55100845110292e-05,4.00607972280338e-05,0.0486613351269128,0.000123852522133421,0.00935832104008793,0.134845497496718,0.120572041430072,0.0187869418149377,2.44555040599373e-05,0,0.00105064327713268,2.50712995764962e-05,0.000762024368137645,0.000135026209593793,0,0,0,0,0,0.00854487968982501,5.37447844031697e-05,0,0,0,0,0,7.14661174452506e-05,0,0.000957800157228385,0,0.0109472242048446,0,0,7.66298509092228e-05,0,0.000542384558757763,5.74437567297734e-05,0,0,0.00218697291004288,0.000166685078395494,0,0.00981620522280078,0.00312667294218727,0.00249345765787945,0,0,3.36958958239704e-05,0.000248882545646699,0,0,5.32565670351643e-05,3.71612482121253e-05
0.00155821724117983,0.66071149437194,1.8494881245589,0,0,2.67196994935184e-05,0.00154656276483911,0.00172106390910555,0.0215292685833015,0,0.114917172189207,2.23198228753623e-05,0.356505162661381,0.0022200525652568,7.36160347911013e-05,0.766015962251125,0.396053199983029,0.049267546223631,0.191478256277949,0,0.0240550387463051,0.92322470096501,2.04083523111677,0.0634828297118022,1.16564176036345,1.81841864668329,0,0.0168684212555847,0.00263256074576391,0.00715999157337328,0.516674567280026,1.78011310174634e-05,0.000236596727056937,0.231040227806495,0.00207598046346399,0.0833430684835944,0.19735833619096,0.351916434608792,0.107988078679144,0.00226101727928627,0.000369657719901849,0.00289017086582908,0.00100905284641525,0.000719401399809546,0.00079064960152884,0.000700738934883122,0.000411052175891796,0,0,0,0.0537207936511739,0.00131820450599572,0,0,0,3.36856085136894e-05,0,0.00264368357173624,0,0.000589062399003897,0,0.00733227704811486,0,0,0.00681242543391269,0.000291379030806606,0.000192202049388558,0.000195419341454654,0,1.74408514308831e-05,0.0630359027534823,0.00639188332009734,0.00100978136923177,0.0108046387783824,0.00357206380871152,0.0108350723102826,0.000508651349873288,3.04027808201591e-05,0,0.000259307732492199,0,0,8.73123893930195e-05,0.00101403773387231
0.0973633279106639,0.0017342251745003,0.0250875487540321,1.85693747502423,0.000382169703756722,0.0947416269851879,4.31540830102715,0.113958467029558,0.0572564305605656,1.41654675233846,0.00285392199532942,0.00289968360026276,0.000717850176390731,0.0704698405920069,0.000788811911586511,0.331912467287544,0.015256182966402,8.46568841904229e-05,0.000261518685367336,0.223483852525419,2.53721143964682,0.0265054942334468,0.222945521975043,3.10773445789871,0.00201320883756441,0.000207229929693176,0.0168684212555847,0,0.0865019802289676,1.43863045512602,0,0.00444716181071641,0.0370977322163815,0.174587954664567,0.00388906179820809,0.117394174993119,0.0221239587930143,0.113391664701479,0.0990954227371708,0.00969991151850135,0.00280167341658914,0.000469714506330648,0.0043988617638063,0.000839273991071247,0.00266497564633833,0.00240373369126662,0.000337082303737398,0,0,0,0.000536384887570384,0,0,0,0,0,0.000161254739228855,0.0212985646806971,0,0,0,6.17482253843066e-05,0,0,0.0078308719477841,0.000127483870311298,0,0,0,0.000143858287960358,0.0115158528380526,0.000200931869496305,0.0136337506995523,0.000194253440043354,0,0.000395799192009178,0.00229745210314842,0.000480616861912674,0.000303417812361585,0,0,0.000607323934040671,0.000486521431178002,0.00100859635616216
1.07549887625675,0.000635788581225187,0.00504919851052458,0.0191168932427292,0.0870134496242284,0.101691254532911,0.0706487516871049,0.176044231951865,0.0213216038681182,0.021482081181191,0.0207019193074308,0.0012993965168909,0.00217094381498812,5.63196106299445,6.1672223216163e-05,0.000331734142837489,0.0306494874710276,0.000152410341544179,0.000482670121957952,0.0292628339888985,0.097845095920301,0.00173748371433853,0.281368702003188,0.0684300618240088,0.00161113273830347,0.000730007107526513,0.00263256074576391,0.0865019802289676,0,2.3924653934352,4.06201408732572e-05,2.00676948781356,3.61321957957062,2.21212479944835,0.000276340605239241,0.0831776851961036,0.0131666813003111,0.275116664395902,0.0605782917874846,0.00338933294555589,0.100728061314571,0.000330217508464102,0.00110476246646391,0.00045487721137509,0.00140823433654773,0.000578220412895349,0,0,0,0,0.000263052689375553,0,0,0,0,0,8.25996817273886e-05,0.0125565204770033,0,0,0,6.84523429186163e-05,2.33416031014933e-05,0,0.000164834054520483,0,0,0,0,2.37675334578752e-05,0.00117709671030543,0.000119350067001773,0.00489559650670021,0.000129715821989573,0,1.12277151885914e-05,0.000948574300814094,0.000243936623508058,0.000210526916798581,6.48595830892232e-05,0,0,0.000256443579650493,0.000140673012847105
0.757277895191557,0.000976327132287836,0.0350562587496766,0.000332107422115104,0.000431398054333149,0.000262886091895059,1.39710808776491,0.0343057963456838,0.0227218436767162,0.000332680574550649,0.000832189828098509,3.42718420465716e-05,0.000201733662420547,0.109628021680101,0,0.00475328091469776,0.0518339170186687,0,0.000795099143964706,0.000395247546373185,3.04063828291833,0.00469742695060255,0.234450040166401,0.0431677565702511,0.000381771098242597,0.00167682966039365,0.00715999157337328,1.43863045512602,2.3924653934352,0,0,0.00046448716112009,0.351003423014786,0.166348913804645,0.00134352030230628,0.0313710910415987,0.00720313775091411,0.0715340472756403,0.0523959623201596,0.00263769002193287,0.000661666788478663,0.000379465627019248,0.000899284916911188,0.000644337472639304,0.000953328486347835,0.000743664538895753,0.000275260552777775,0,0,0,0.00019148824506123,0.000234401541645071,0,0,0,0.000263595523805014,0,0.0105340540798749,0,0,0,2.43644417553548e-05,0,0,0.000750636939450501,0,0,0,0,0.000112566683259881,0.00122282785774581,0,0.00452331991552666,0.000140230756352422,0,0.000138296758880468,0.0010946050674123,2.60974802097874e-05,0.000106994111563647,0,0,0.000382859099905031,0.000422237082095654,0.000267635793234251
0,0.00141252092922396,0,0,0,0,0,0,0.000221788883820239,0,0.146621695932961,0,3.14815881177582,0,0,0,0,0.0154659930420617,0.00628359470770511,0,0,0.00121677504549837,0,3.7625655457834e-05,0.0395618515870581,0.560691680904143,0.516674567280026,0,4.06201408732572e-05,0,0,0,0,0.000452671645944453,0,0.000418808689108619,0.0129979140516689,0.00764869574586346,0.001958794647607,0,0,0.000325790798037835,0,0.0014040780183086,0,0,0,0,0,0,0.00118976043308461,0,0,0,0,0,0,0,0,0.00051872646731066,0,0.00665827513488074,0,0,0,0,0,0.00010682605182788,0,0,0,0,0,0.00443096525111433,0.00110101660118626,0.000378929437539028,0,0,0,0,0,0,0,0
7.13816830008509e-05,0.000648176675092961,0,0.00339817050065234,4.5403034392297,0.449372786146716,0.00218675758327652,0.100982713609378,0.00118449122696992,0.00212092238574501,0.0271126718071811,0,0.00128589628385456,0.355639030830341,0.000327386547816449,0,0,0.000253452623385201,0.000122342898190762,0.00836890358288655,0.000179425556299084,0.000181152331489826,0.000778623013180775,0.0034478697319292,0.000850737288727886,5.55100845110292e-05,1.78011310174634e-05,0.00444716181071641,2.00676948781356,0.00046448716112009,0,0,0.00540526264376006,1.51623733200215,5.97663933237418e-05,0.00366609839052448,0.001727938587622,0.285949433684858,0.0516853046908448,0.0191169012636856,1.351557474801,0.00114379104899861,0,0,0.000128258741145117,0,0,0,0,0,0.000103008336429778,0,0,0,0,0,0,0.000445005799745712,0,0,0,0,0,0,0,0,0,0,0,0,0.000143502566143268,0,0.000138324820921478,0.000208556433046559,0,0,3.28699310881491e-05,0,0,0,0,0,0,4.54561581963429e-05
0.00880322593723377,0,0.000414906914348187,0.00406836766779348,0.000423581698454821,0.000900426346848461,0.0118264747214543,0.00285758420086746,0.0293320371797039,0.00320524298863736,0.00228762091995571,0,0.000287731003718711,0.00482073121282363,0,0.000738883319041654,0.00220100040459597,0,0,0.0109817633930875,0.0809793178274492,0.00350460154376771,0.0845756350474758,0.0331544720192193,0.00107557363933364,4.00607972280338e-05,0.000236596727056937,0.0370977322163815,3.61321957957062,0.351003423014786,0,0.00540526264376006,0,0.973849138341657,0.000124441967960122,0.00751811175414336,0.00150791659168614,0.0906053460369726,0.0258562810678418,0.00107860139838967,0.00174940445022066,0,0.000424484283781962,0,0.00100642673045603,0.00108144532251157,0,0,0,0,0,0,0,0,0,0.000203976169079353,0,0.0135902648387267,0,0,0,5.94424674150527e-05,6.17706530318977e-05,0,0.00150978523773346,0,0,0,0,0,0.00155513521950617,0,0.00481535990662448,0.00025381692071525,0,0,0.00152074352981857,7.40593485780237e-05,0,0,0,0,0.000948682798949496,0
0.0191446317336232,0.0116417057546597,0.0760193439273509,0.0348773409973978,0.35686584507445,0.0708342359783508,0.0485383930016463,0.0949063765261762,0.0243348810273879,0.0519000017713585,1.02284533157688,0.00350980371187591,0.0324859880354094,0.141024296401432,0,0.0314367498613947,0.377487519683548,0.0040086748267899,0.326194536860406,0.0842320430584195,0.145464750269679,0.0255053462498532,0.264627139800507,0.0696043835152309,0.0198374210730349,0.0486613351269128,0.231040227806495,0.174587954664567,2.21212479944835,0.166348913804645,0.000452671645944453,1.51623733200215,0.973849138341657,0,0.00292027714544063,0.193909024050719,0.187338762288171,3.99875832796277,0.553678704141866,0.0224561194456829,0.311036916215179,0.00444413527047003,0.00197918180322024,0.000529797635509352,0.0017562823493037,0.00245141833741157,0.000642435774397353,0,0,0,0.01711983075822,7.13702097057253e-05,0,0,0,8.0166548441324e-05,0,0.0141443652620322,0,0.000111077514187671,0,0.000238697810394478,0,0,0.00143857126489675,0,0,0,0,0,0.0124401600230139,0.000217553050653048,0.00656284810848037,0.00112335542797527,0.000197112160017721,0.00140043933394253,0.00137635000466917,0.000100605839185412,0.00045164248454367,0,0,0.00102004210856502,0.000352387379835224,0.000870742475811502
0.0001827789428545,1.18519230576273e-05,0.000770243598128736,0,0.000817281059481453,0.112591654635644,0.000447082361940202,0.00756954650272342,0.0018311222376881,0.0740487181005925,0.000460030246585039,0.687046419637818,0.000652137403703773,6.69295147612246e-05,0.201810523680065,0.00180840326168713,0.000564612768467278,9.00283016206939e-05,8.33571764288464e-05,0,0.00215004880332798,0.00041948978512017,0.0106222765330708,0.00258770773311805,0.000749840093979176,0.000123852522133421,0.00207598046346399,0.00388906179820809,0.000276340605239241,0.00134352030230628,0,5.97663933237418e-05,0.000124441967960122,0.00292027714544063,0,0.0562768460261441,0.0329854790510787,0.038413445675696,0.0459346765336873,0.0181218172494036,0.00199548046937468,0.000300475629914451,0.0270026054652127,0.0214941553162306,0.0122244070323838,0.0241705911133146,0.022672806048268,0.000259561774442448,0,2.26790183260085e-05,8.01285629553358e-05,0.0014107457888667,5.69025748215044e-06,0,0,0.000524347911045096,8.63247189383356e-05,0.000822661081669826,0,0,0.00160283540078753,8.91379014876981e-06,0.000171607931741645,0.00116125032951062,0.00174474393808401,0.000235503965387518,0,0,6.00615201328696e-06,0.0028616784034368,0.000898877458779346,0.00619046750991895,0.00277023928169772,5.09767213289957e-05,0.000123568919398189,0.00210850965936283,0.00412826774736318,0.000496475402099854,0.000324523943223511,0,0,0.000319176587757127,0.000429348094014475,1.0557521279126
0.00705168564775664,0.00479252913050419,0.0306240178692675,0.00450682619889588,0.00125418615198701,0.00216916445530223,0.0239760034882875,0.00676849219406084,0.18343580396633,0.00373765053165248,0.0186365267175798,0.000479473091140542,0.0706426846074779,0.0057610583727579,0.00205875343599671,0.0669901127196895,0.0439820804627284,0.00191486861969318,0.00770672831768087,0.00315914028478848,0.0426075564643978,0.0263649244198344,0.205160470094921,0.122318626507286,0.467543186558847,0.00935832104008793,0.0833430684835944,0.117394174993119,0.0831776851961036,0.0313710910415987,0.000418808689108619,0.00366609839052448,0.00751811175414336,0.193909024050719,0.0562768460261441,0,3.69554091398929,1.15933234384012,0.940070638287119,0.903205436462226,0.00411939312089185,0.128132436075696,0.0548544284148757,0.0202340118634883,0.0121013383331096,0.0163600690286323,0.00287789808714494,0,0,9.61518087702271e-05,0.00717765253473469,0.00113652438778016,0,0,0,4.56849050822635e-05,8.39669606296622e-05,0.0423108571508738,0,0,0,0.000685610418636392,8.69297646247727e-05,0,0.00817146722570176,0.000285597715905208,0,0.000224848164776716,0,0.00147866596508592,0.0169161602012,0.00307292171145333,0.0211613528548736,0.00132024467520967,8.36280742384527e-05,0.0018449364347558,0.00652696785520424,0.00109600257992214,0.000585812949416649,0,0,0.000604412337639774,0.000984923470810109,0.0139454103213499
