0,0,0.000585377325746468,0.00606463974083801,0,0.189546840555841,0.194215036227644,0.529381292901474,0.00427368416757782,0.00338607058044162,0.000342780963178515,0.188103446962219,0,1.04128819016357,0.0894705720477549,0,0.00493972641588322,0,0.000312792249316574,0,0.000844710151198231,0,0.000129043845647627,0.182224656230602,0,0,0.000144309510397932,0.0014679771717206,2.37067633071634,0.163020889140203,0,0,0.0621693689660487,0.00569453859669617,0,0.00136311123077629,0,0.00106122743363179,0.000461523842072445,0.101629984741682,0,0,0,0,0,0,0,0,0,0,0,0,0,0,0,0,0,0.000279895960228819,0,0,0.000838429380550967,0,0,0,0,0,0,0,0,0,0,0,0.000210455755956872,0,0,0,0,0,0,0,0,0,0,0
0,0,0.298914644432621,0.000871887964854863,0.0330374839446831,0.000541713572924664,0.00035872108702952,0.000234517257777754,0.0123477092801167,0.000301648966881746,0.0920232375766748,0.000386004984641143,0.112278950283781,0,0.0349268514605477,0.0358474401317227,0.0447652165070505,0.00940086808519509,0.0138385142403739,0.000208082685257752,0.00145403510515677,0.457226041926148,0.00248491277383136,0.0367692804883396,1.8901006163714,0.0568874378426776,1.01364110103038,0.00203797281292105,0.00173872419343918,0.00147413245311792,0,0,0.00743338189044548,0.115870916887628,0.00623915554796094,0.974570760449255,7.52105116163141,0.948236027241042,0.975150394087399,0.132254447803492,0.398807808999579,1.66096040986616,0.0014799095184321,0,7.91676754923745e-05,0,9.48443543827221e-05,0.000322887712193347,0,0,0.000672037506813487,0,0,0,0,0,0,0,0,0.00133176250628899,0,0.000917444919197022,0,0.000131737580941871,0,0,0,0,0,0,0,0,0,0,4.96877319291654e-05,4.83838457854205e-05,0,0,0,0,0,0,0,0.000671081796602206
0.000585377325746468,0.298914644432621,0,0.0131287183725947,0.00488930170407092,0.0296587116814271,0.0787916296000475,0.0027493750614534,0.00160043324051459,0.0354347367861984,0.0251953300391518,0.00197680383685984,0.00859262459403437,0.00019674882074147,0.0125403543024122,0.052433866626536,0.737019661672662,0.00174406615880989,0.144164862928005,0.0105299867229875,0.0245422477654112,0.0247675041167287,0.246496484788864,0.108255652966001,0.00398725740241696,0.0303019755595557,0.60717687565821,0.0578649529184957,0.00673803515801439,0.0250639507642995,0,0,0.0126343594042696,0.411318204349053,0.00351387218319499,0.354021757449912,0.0852436197843753,0.234540648398105,0.299217934242406,0.070377517608809,0.0872539897813459,0.103572742912487,0.000964909162092381,0.000124530026081395,0,6.10864368125377e-05,5.80952464147269e-05,0,0,0,0,0,0,0,0,0,0,0,0,0.00012789372470078,0,0,0,0,0,0,0,0,0,0,0,0,0,0,0,3.50534558245133e-05,0,0,0,0,0,0,0,0.000242733284476753
0.00606463974083801,0.000871887964854863,0.0131287183725947,0,0.000951963273742619,0.111031659933778,0.300318309754271,0.00532721053762778,0.223070975185692,0.966401028569298,0.00202176650055247,0.384256923236355,0.0023829494054824,0.00139733838906527,0.00653583304735348,0.00171804462130539,0.00234644008626127,8.14604103243962e-05,0.00148942285824322,6.56494002209731,0.00243175111285839,0.00461519806470043,0.00179150025876081,1.75095753766284,0.000658307337031529,0.000420593954506698,0.00503388052738763,2.13104128711603,0.0071169421187219,0.00452610360079877,0,0,0.0105892680438704,0.00612693027576203,0.00227828086656744,0.0298826047955205,0.00562798542406271,0.00613231898407642,0.0080908759156107,0.0340055777830903,0.00228207015081865,0.00129506781679893,0,7.29614844562623e-05,0,0,0,0,0,0,0,0,0.0276130351052484,0,0,0,0,0.0113176102898725,0,0,0.402530655283059,4.13617864251914e-05,0,0.00126113314553408,0,0,0,0,0.286494659365562,0,0,0,0.011765587537337,0,0,5.60133603050112e-05,0.000234324999413782,0,0,0,0,0,0,7.86814622320275e-05
0,0.0330374839446831,0.00488930170407092,0.000951963273742619,0,1.14136937748159,0.000409579236366558,0.131269778821158,0.000181090794444693,9.34421293451761e-05,0.912536005196818,0,0.110139267963954,0.00126981432113033,1.03521634150052,0.02227599415338,0.00589152147428638,0.0193915557328726,0.00675641616904473,0.0003351049893076,0.00439980869666311,0.0352487015085177,0.00289191619546002,0.00689682786134582,0.00335475024354639,0.00193151870368512,0.0227323663931913,0.00247013453700713,0.172204310892677,0.000868605890635723,0,0.307529185393653,0.00109592685534628,0.413225579137986,0.019463532689312,0.0908594255916509,0.0481985052313747,0.443320238135383,0.614562678115832,0.607646006258379,3.6460151389297,0.0103944390426529,6.76223894757275e-05,0.000115140163408516,0.00169669690600305,0.000936856582248949,0.000114686090896481,0.000381583094058672,0,0,0.00023343189075045,0,0,0,3.10556863177399e-05,4.11314531964253e-05,0,0,0,0.00388825788912509,0,0.000975269522768413,0,0.000136237056568546,0,0,0.000175355301938485,9.9430057038225e-05,0,0,0.000143952557352808,4.7647156702817e-05,0,0,2.95151666067428e-05,0.000308038395797708,0,0,0,0,0,0,0.00017214634886425,0.00275882756031124
0.189546840555841,0.000541713572924664,0.0296587116814271,0.111031659933778,1.14136937748159,0,0.783416365089569,3.83115393884789,0.0255496400023772,6.31034712677367,0.0347927997933089,4.0434830691771,0.00080895896935743,0.522731961532767,4.15456890854466,0.00130700484831,0.0359923844217707,0.00232590925546033,0.00704745355379673,0.835375696758216,0.0174560284404004,0.000768084103167886,0.015977006882668,0.468744816437095,0,0.000302836007006202,0.0065524712324791,0.103712741053117,0.86049224751753,0.0844884141447959,0,0.230699706037164,0.107251715921047,0.214562544861917,0.757704262550947,0.0342877733424093,0.00117713854783122,0.0248189886567587,0.0054936710289057,0.635566154586583,0.39852353665979,0.00109390024973467,0,0,0,0,0,0,0,0,0,0,3.28070317028037e-05,0,0,0,0,7.90949068394629e-05,0,0,0.00041326420809985,0,0,0,0,0,0,0,0,0,0,0,0.000737406459515226,0,1.73791668202088e-05,0,0,0,0,0,0,0,0,0
0.194215036227644,0.00035872108702952,0.0787916296000475,0.300318309754271,0.000409579236366558,0.783416365089569,0,0.559255743382212,0.107028291744579,0.765405183331923,0.00757533477867297,0.301039587834031,0.000950891515607196,0.295781241127068,0.0110741227181846,0.00218185984326732,0.0558104545950486,0.000723157251150523,0.00628567766103987,0.281468271491519,0.0577057362236074,0.00140272400250286,0.034210622568911,1.40664400064238,5.1709092612142e-05,0.000497959771979192,0.0118072642829178,1.44808754457778,1.40947620660053,1.05608751967457,0,0,0.139320888552584,0.0777838408804389,0.0078956198350772,0.0173139608484968,0.00194090683189771,0.00784556428099384,0.00602545639241667,0.0159948129643258,0.000700318512396045,0.00260827773519314,0,7.20948744980209e-05,0,0,0,0,0,0,0,0,0.00182158077810683,0,0,0,0,0.000915975192334699,0,0,0.00430260567807313,0,0,0,0,0,0,0,0,0,0,0,0.00196194395130944,0,0,8.27105659619151e-05,0,0,0,0,0,0,0,0.000181344192754843
0.529381292901474,0.000234517257777754,0.0027493750614534,0.00532721053762778,0.131269778821158,3.83115393884789,0.559255743382212,0,0.00232896337669105,0.381335370127627,0.0072038081926916,0.194645498844253,0.000151066548057576,4.29929883107072,0.40757304875768,0.000203504558414901,0.00360134931885086,0.000239671589776671,0.000682332586575789,0.00813036972492902,0.000841726441940074,0.000463368817844936,0.00132564075459773,0.0898282672879857,6.74502170447508e-05,0,0.000528994980815413,0.00749308234431645,0.906675599133114,0.013294746876721,0,0.0201038261340197,0.0213066694973024,0.035732434760226,0.000610760971907666,0.00666535084142869,0.00021283647661361,0.00459223479270848,0.00084355673180804,0.397806777068509,0.0637124368476956,0.000530102296812496,0,0,0,0,0,0,0,0,0,0,0,0,0,0,0,0.000144496450263558,0,0,0.000958874081347146,0,0,0,0,0,0,0,0,0,0,0,0.000145116385086679,0,0,0,0,0,0,0,0,0,0,0
0.00427368416757782,0.0123477092801167,0.00160043324051459,0.223070975185692,0.000181090794444693,0.0255496400023772,0.107028291744579,0.00232896337669105,0,0.0203502139806719,0.0399526508068159,2.88675252708793,0.193691745218164,0.000567429729714867,0.474573419628048,0.0758171831244082,0.000491471920448511,0.000125111500866716,0.000421210410616714,0.00076224636890084,0.000535308027010839,0.481053770566213,4.25155004720515e-05,3.52001492864338,0.0414187177551344,0.00105073066195841,0.00372714543958041,0.0529554632699563,0.000669370346342214,0.000191780859000304,0.000268024934885758,0,0,0.00183803397820182,0.272213233957258,1.78864239304145,0.246857658280141,0.00744734514296985,0.0123640121397035,0.0356920839592981,0.00352890523582704,0.00474054330850823,0.00108103759131111,0.00436723929078963,0,0,6.89482284125451e-05,0,0,0,0,0,0.106482962974321,0,0,0.000312168460336832,9.49592636299967e-05,0.31826012982663,0.000408871388905912,0.00506892260804352,0.26559801945121,0.00840136996742878,0,0.0200500854983359,0,0,6.82527114008891e-05,0,0.000508404144455993,0,0,0,0.284262809504082,0.0125739385574283,0,0,0.00641254050117561,0,0,0.000159901785104817,0,0,0,0.000271688607668639
0.00338607058044162,0.000301648966881746,0.0354347367861984,0.966401028569298,9.34421293451761e-05,6.31034712677367,0.765405183331923,0.381335370127627,0.0203502139806719,0,0.00531596506114916,2.4064424908706,0.000434597965567219,0.0673916169749494,0.0561985923348252,0.000728996392775119,0.0241370511459084,0.000843415269945299,0.00442644298044529,5.59785910816868,0.0160740879645083,0.000668546242134399,0.0118971283125933,0.619418359780094,0,0.000717923528883326,0.0063485887350469,1.05651397307776,0.0881715862599652,0.0507958061455548,0,0,0.027571750615173,0.026615309171838,0.0369915155176104,0.00673704970723505,0.000835626989580048,0.00382197636697159,0.00208942579838317,0.00734541456913704,0.000348057563613344,0.000792456681875629,0,0,0,0,0,0,0,0,0,0,0.000711304302786849,0,0,0,0,0.000378971793257498,0,0,0.000247607675281251,8.93458759252969e-05,0,0,0,0,0,0,0,0,0,0,0.000646337657889507,0,0,0,0,0,0,0,0,0,0,0
0.000342780963178515,0.0920232375766748,0.0251953300391518,0.00202176650055247,0.912536005196818,0.0347927997933089,0.00757533477867297,0.0072038081926916,0.0399526508068159,0.00531596506114916,0,0.00584086530401925,7.24267421754285,0.000111897636270572,0.111088127487978,0.0346156474209383,0.355374751734341,3.51062651417762,2.20772134048729,0.00145089389484109,0.00616207192546407,0.0263045054005425,0.0101491252695244,0.0447845865673567,0.656545218163671,0.854231903230958,0.360700012204556,0.00879782057040508,0.286279634222098,0.00610461032835213,0.0551718205959848,4.92096067293992,0.00872041908451977,2.28974931972824,0.0510733610946929,0.608415584082573,0.772766695819811,1.50259909653379,0.503221443860931,0.413737949915259,1.37734794849013,0.497917485438705,0.00285784477687107,0.0564063586469329,0.00682544893591302,0.000495908856668951,0.00301900618468016,0.00281978264759331,0.0147035989975062,0,9.33940142081738e-05,0,0.000187051522334064,0.000329528485743526,3.36785521724281e-05,3.33125353553219e-05,0,0.00163906923660093,0,0.362915557945852,0,0.149758907015124,0,0.00153915722420025,0.000203656228360063,0,0.00409140374889617,0.000403385295071808,8.89026657827597e-05,0,0.000201381695481553,0,0.000275323185799857,0.0161790196117981,0.00897604068836873,0.00651253083618523,0,0,0,0.00134936772288553,0.000139012895702726,0,0.000690926978506697,0.00760902359700749
0.188103446962219,0.000386004984641143,0.00197680383685984,0.384256923236355,0,4.0434830691771,0.301039587834031,0.194645498844253,2.88675252708793,2.4064424908706,0.00584086530401925,0,0.0267743144235799,0.0447787642317417,2.20272791917902,0.000202367918547726,0.00127379717060441,0,0.000788768629928115,6.1252738743929,0.00047036318183729,0.000229376518659366,0.000390242216094922,0.870837510909817,0.0049303659149491,0.00021947847669476,0.000524431897567574,0.123573206540718,0.0619441744785582,0.00218582960543712,0,0,0.00157613023021612,0.00146653176602091,0.840737443061593,0.373569549863545,0.0274954995774621,0.000451017600057741,6.44191009557256e-05,0.298349490028533,0.000475280743747128,0.000794902028708418,7.2871444619942e-05,0.000916811186886615,0,0,0,0,0,0,0,0,0.0228963652740665,0,0.00962598943873775,0,0,0.0262522391556509,0.0734043511530928,0.000588853261396188,1.02647807696505,0.00266328537551466,0,0.00139492618461724,0,0,0,0,0.105831366243558,0,0,0,0.0211848649644302,0.00150942045801239,0,7.61926796968015e-05,0.000491384528126471,0,0,0,0,0,0,0.000831256350117459
0,0.112278950283781,0.00859262459403437,0.0023829494054824,0.110139267963954,0.00080895896935743,0.000950891515607196,0.000151066548057576,0.193691745218164,0.000434597965567219,7.24267421754285,0.0267743144235799,0,0,0.0832644957223322,0.0345587540601302,0.00946617697373438,0.291876851109773,0.226514324887498,0.000206411946036386,0.00685721510796664,0.0277061648074397,0.00215709429930978,0.0608284638712059,2.68630125202037,0.290953653190054,0.496774659057114,0.00507520937615527,0.00701749314175345,0.00679407159219319,0.0365243427747942,0.0416418337420168,0.00396490851334795,0.0937508242125085,0.0401160432921832,0.590727987204491,1.96589703837542,0.443932798133113,0.171035056359018,0.305410795984021,0.455321642826026,0.216972892276591,0.0322398469511811,0.480939437623205,0.0373041876704318,0.00287996964731067,0.00361006904051696,0.00563630828401319,0.202009213960202,0,0,0,0.000115303011395512,0.000646933645452423,9.78728342942306e-05,0.000178659376988738,0.000140427240438507,0.00953019929028582,2.69296902937824e-05,1.1494023317773,0.000388529357163838,0.627850199726904,3.97594114805858e-05,0.00303347698873105,0,0,0.024955551154959,0.0042260718584462,0,0,0.000100977230854353,0,0.000552673932640696,0.102563174068379,0.04462292366191,0.027399331478966,0,0.000260607894414285,7.61120960588043e-05,0.0078624264271847,0.00208014806790864,0.000123167679518026,0.00244025524001087,0.00717492751923278
1.04128819016357,0,0.00019674882074147,0.00139733838906527,0.00126981432113033,0.522731961532767,0.295781241127068,4.29929883107072,0.000567429729714867,0.0673916169749494,0.000111897636270572,0.0447787642317417,0,0,0.0719300226913949,0,0.000402286924876209,0,0,0.0030526945130498,0,0,5.4787697576701e-05,0.0139408718782948,0,0,0.000133757760618626,0.00201997706189209,1.3845475789244,0.000797372315538245,0,0,0.00258545803248991,0.00122883255961781,4.2466601148719e-05,0.000162416521118801,0,0,5.92904829344065e-05,0.0867253276207263,0.00223939155651534,0,0,0,0,0,0,0,0,0,0,0,0,0,0,0,0,0,0,0,6.7059465143321e-05,0,0,0,0,0,0,0,0,0,0,0,7.42989774409728e-05,0,0,0,0,0,0,0,0,0,0,0
0.0894705720477549,0.0349268514605477,0.0125403543024122,0.00653583304735348,1.03521634150052,4.15456890854466,0.0110741227181846,0.40757304875768,0.474573419628048,0.0561985923348252,0.111088127487978,2.20272791917902,0.0832644957223322,0.0719300226913949,0,0.369443395014838,0.0121947695888989,0.0130784473708835,0.0231570583790798,0.0509812670353013,0.0564995290956205,0.269268736233736,0.0194538927525274,0.0898568423632573,0.0072896336881408,0.00210751363766985,0.0447832619636235,0.0389652165206927,0.134271603741614,0.0533648358263065,0,0.000778541823103981,0.0564067534984944,0.305351215293034,0.781732358752404,0.555164619025552,0.0913356644145283,0.330505069559854,0.601539493011685,2.86415465358966,0.129662614732741,0.0343337893775527,0.00386867035292096,0.00138066447912315,0.00116368201281441,0.000801243555652819,0.00214167075850455,0.0024042248085263,0,0.000132521876651786,0.000455337628184677,0,0,0.000251974372666226,0.000115621570348123,0,0,0,0,0.00220396046491498,0,0.000146172225495973,0,0.000592577158934557,0,0.000283728326637787,0.000369946800713887,9.34392417934957e-05,0,0,7.03561572568947e-05,0.00022066416403797,7.15370599349114e-05,0,6.70262237862046e-05,0.000286461797236473,0,4.31884132358661e-05,0,0,0,0,0.000720451375271888,0.00830044951035872
0,0.0358474401317227,0.052433866626536,0.00171804462130539,0.02227599415338,0.00130700484831,0.00218185984326732,0.000203504558414901,0.0758171831244082,0.000728996392775119,0.0346156474209383,0.000202367918547726,0.0345587540601302,0,0.369443395014838,0,0.0128837243956166,0.00336959479989091,0.00925043782694054,0.000104061467989625,0.382532857900883,7.24520001808674,0.181012711784901,0.747624860411414,0.00464726921312029,0.00337406516485181,0.394301703986256,0.126202230980133,0.0267290182920795,0.00916078843355739,0,0.00029151783219504,0.268719839442988,0.500931978852845,0.0448759543037536,1.23934891887779,0.116596523290945,0.547891667340189,0.393202687803782,1.37718359035575,0.226644622075548,0.0349513220949594,0.00191054308504127,0.00138052019604372,0.000415317201330429,0.00141555526304285,0.0011153813716601,0.00092834027272807,0,0,0.000144105877858576,0,0.000151276529846806,0,0.000109197059280488,5.77388992871789e-05,0,0.00011754588174758,0,0.00138040045562276,0,0,0,0.000486903907959098,0.0048597616489244,0,0,0,0,0,0.00107684729835029,0,0,0,0,0.0152859137957426,3.60069337373425e-05,0,0,0,0,0,0.000258628869936596,0.00512813897023834
0.00493972641588322,0.0447652165070505,0.737019661672662,0.00234644008626127,0.00589152147428638,0.0359923844217707,0.0558104545950486,0.00360134931885086,0.000491471920448511,0.0241370511459084,0.355374751734341,0.00127379717060441,0.00946617697373438,0.000402286924876209,0.0121947695888989,0.0128837243956166,0,1.52567293623953,0.430774176482932,0.00478237409226689,0.0165408220618362,0.00675764938075509,0.741599291201856,0.0369317219074102,0.00159533254896072,0.107796955051397,0.0892622420241121,0.0147846680755245,0.0627241603352753,0.00688415998508005,0,0,0.0352555953517466,5.54180810129325,0.00259680690831124,0.306490126494729,0.065151885891893,0.570138467955979,0.422019761057589,0.0437578148465807,0.0792930377484642,0.174724869658104,0,0,0,6.44723638387988e-05,0,9.28457750217944e-05,0,0,0,0,0,0,0,0,0,0.000154164556238703,0,0,0,0,0,6.57760294803106e-05,0,0,0,0,0,0,0,0,0.000112765014957364,0,0,0,0,0,0,0,0,0,0,7.77959025492136e-05
0,0.00940086808519509,0.00174406615880989,8.14604103243962e-05,0.0193915557328726,0.00232590925546033,0.000723157251150523,0.000239671589776671,0.000125111500866716,0.000843415269945299,3.51062651417762,0,0.291876851109773,0,0.0130784473708835,0.00336959479989091,1.52567293623953,0,0.53735357711258,8.20474288138612e-05,0.000246974667510646,0.00217664620309181,0.00316513142140795,0.00228989269637099,0.0547953128357424,0.0474080998399163,0.023861258225432,0.00063806091708178,0.0222856866213845,0.000559816212887554,0.000249624805318698,0.0226919446767927,0.0015327044186949,0.849550613312277,0.00151023346897782,0.0659198958423624,0.277148356730049,0.253020518395323,0.115538738340624,0.0318161256852038,0.146293381402801,0.0566164684716986,0.000228298480157842,0.00176958869209973,0.000491134673807578,0,0,0,0.00276305840424113,0,0,0,0,0.000267999398799606,0,0,0,0,0,0.0155092939413473,0,0.00376257259496202,0,0,0,0,0.000845626453889095,0,0,0,0,0,0,0.000312597155274968,0.000193849841268334,0.000173830729520228,0,0,0,0.000158108681345599,0,0,0,0.000150815142504619
0.000312792249316574,0.0138385142403739,0.144164862928005,0.00148942285824322,0.00675641616904473,0.00704745355379673,0.00628567766103987,0.000682332586575789,0.000421210410616714,0.00442644298044529,2.20772134048729,0.000788768629928115,0.226514324887498,0,0.0231570583790798,0.00925043782694054,0.430774176482932,0.53735357711258,0,0.000970196645675835,0.00089803950620999,0.00549228463787181,0.012980408492976,0.0132118891434316,0.0159418534135655,1.36357161570381,0.0490423450425502,0.00217571198527995,0.000809217731851577,0.000838363764331261,0.000281137138274529,0,0.00607530563169225,0.545978808057076,0.00398340551925188,0.150756524964478,0.0872025755329682,0.344267666166542,0.278703755990975,0.047520594534479,0.0847487096802284,0.701155155520448,7.72899723652347e-05,7.43084354721023e-05,6.85578030669206e-05,9.98620164350626e-05,0.000289723743604892,0,0.000223697388995539,0,0,0,0,0,0,0,0,0,0,7.05905324658975e-05,0,7.76681979570981e-05,0,0,0,0,0,0,0,0,0,0,0,0,0,0,0,0,0,0,0,0,0,0.00022575718764938
0,0.000208082685257752,0.0105299867229875,6.56494002209731,0.0003351049893076,0.835375696758216,0.281468271491519,0.00813036972492902,0.00076224636890084,5.59785910816868,0.00145089389484109,6.1252738743929,0.000206411946036386,0.0030526945130498,0.0509812670353013,0.000104061467989625,0.00478237409226689,8.20474288138612e-05,0.000970196645675835,0,0.00108768719033385,0.000621688853184792,0.00136361768897832,0.1856537601966,0,0.000428077008612263,0.00308874824427587,1.34071724840258,0.00282865183075336,0.00116314665379585,0,0,0.00106263244960861,0.00406784991275131,0.00158081595310085,0.00333230778147434,0.000363448900395469,0.00158371656202162,0.00262576193661045,0.00610237923031846,0.00145849046773628,0.000180538334241002,0,0,0,0,0,0,0,0,0,0,0,0,0,0,0,0,0,0,0,0,0,0,0,0,0,0,0,0,0,0,0.000215834712921676,0,0,0,0,0,0,0,0,0,0,0
0.000844710151198231,0.00145403510515677,0.0245422477654112,0.00243175111285839,0.00439980869666311,0.0174560284404004,0.0577057362236074,0.000841726441940074,0.000535308027010839,0.0160740879645083,0.00616207192546407,0.00047036318183729,0.00685721510796664,0,0.0564995290956205,0.382532857900883,0.0165408220618362,0.000246974667510646,0.00089803950620999,0.00108768719033385,0,0.126031377310249,0.833266071750725,0.0292897034573221,0.000186983299331844,0.000403019541424792,0.0606939651998646,0.156212882155961,1.59304802105214,3.19815115887632,0,0,1.63069718523758,1.08651079977567,0.00994824981226719,0.496928645324092,0.0552199644158513,0.122714525320434,0.0786121733004878,0.229609957501501,0.0406661626327828,0.00231407821169527,0.000146795103074793,0,0,0.000245537935706279,0.000296343528221048,5.70400988367803e-05,0,0,0.00016060089654143,0,0,0,0,0,0,0,0,0.000415906928744597,0,0,0,0,0,0,0,0,0,0,6.57403968512397e-05,0,0,0,2.44277834610595e-05,0.00032243683948978,0,0,0,0,0,0,0,0.00113081807518779
0,0.457226041926148,0.0247675041167287,0.00461519806470043,0.0352487015085177,0.000768084103167886,0.00140272400250286,0.000463368817844936,0.481053770566213,0.000668546242134399,0.0263045054005425,0.000229376518659366,0.0277061648074397,0,0.269268736233736,7.24520001808674,0.00675764938075509,0.00217664620309181,0.00549228463787181,0.000621688853184792,0.126031377310249,0,0.114845445192696,0.821468137525054,0.0165435623037791,0.00199300533061642,1.20439901953971,0.0384875006427463,0.00258876181527339,0.00337786080057521,0,0.000248277041258552,0.00772322469584128,0.322428154269197,0.0276655605111141,2.91231907329014,0.465952097761396,0.679240658996116,0.608504894254679,0.923907373674101,0.281145107858557,0.0315375458872114,0.00273891594416303,0,0.000562272029515476,0,0.00121603300433576,0.00284192312091392,0,0,0.171381520017448,0.000427982970566156,0.000136695060019287,0,0,0,0,0,0,0.00120342791102075,7.91578004923858e-05,0.00013671404309365,0,0.00129965299856906,0.015189561043828,0,0.000441501408172374,0,0,0,0.0994860559475116,8.46183635247084e-05,0.000224721660333866,0,0,0.0176332387725327,0,0,0.000192350273629549,0,0,0,6.16040863988176e-05,0.00356923318310475
0.000129043845647627,0.00248491277383136,0.246496484788864,0.00179150025876081,0.00289191619546002,0.015977006882668,0.034210622568911,0.00132564075459773,4.25155004720515e-05,0.0118971283125933,0.0101491252695244,0.000390242216094922,0.00215709429930978,5.4787697576701e-05,0.0194538927525274,0.181012711784901,0.741599291201856,0.00316513142140795,0.012980408492976,0.00136361768897832,0.833266071750725,0.114845445192696,0,0.0273179079864538,8.95428801670518e-05,0.000323618126453593,0.134416434796484,0.0489147785613511,0.470686924273441,0.14040707862109,0,0,0.0189732944572955,2.21636630697176,0.00374341019872808,0.368835001275185,0.0463734929832632,0.127777929908385,0.0465647394911993,0.0865169643754153,0.0183867080503659,0.00333710523469228,0.000314613028733721,0,0,0.000246063019678555,2.49155421560661e-05,0,0,0,0.000302997614642791,0,0,0,0,0,0,0,0,0,0,0,0,0.000382264468519553,0,0,0,0,0,0,0.000155474280676592,0,0,0,0,0.000666692585569066,0,0,0,0,0,0,0,0.000452526166543309
0.182224656230602,0.0367692804883396,0.108255652966001,1.75095753766284,0.00689682786134582,0.468744816437095,1.40664400064238,0.0898282672879857,3.52001492864338,0.619418359780094,0.0447845865673567,0.870837510909817,0.0608284638712059,0.0139408718782948,0.0898568423632573,0.747624860411414,0.0369317219074102,0.00228989269637099,0.0132118891434316,0.1856537601966,0.0292897034573221,0.821468137525054,0.0273179079864538,0,0.0179786774247621,0.00890668981015326,0.0956675300035192,1.5891991925122,0.202630311866765,0.118181848929369,0,0,0.141791973245744,0.124344207217219,0.0844290922650575,0.99066760012663,0.168393808208664,0.131408862943277,0.151217014018667,0.782873202725894,0.0491514447843885,0.021701067779009,0.000474971183306083,0.00132553607012102,7.85661072996678e-05,0.000101970019640981,0.000505983731755222,0.000105022258720211,4.62022461197266e-05,0,0.000303577192418289,0.000129301437264695,0.0589444283446449,0,0,0,0,0.124709415347118,0.000105510384600206,0.000977379628894338,0.187436756100536,0.00152836950153972,0,0.00183641633358259,0,0,0,0,0.000194687002997205,0,0.000381656298843891,0,0.155790468574545,0.00185558754235013,1.08026688043152e-05,1.82313126649823e-05,0.00419958886906214,0,0,0,0,0.000249588285394411,0,0.00244865511877913
0,1.8901006163714,0.00398725740241696,0.000658307337031529,0.00335475024354639,0,5.1709092612142e-05,6.74502170447508e-05,0.0414187177551344,0,0.656545218163671,0.0049303659149491,2.68630125202037,0,0.0072896336881408,0.00464726921312029,0.00159533254896072,0.0547953128357424,0.0159418534135655,0,0.000186983299331844,0.0165435623037791,8.95428801670518e-05,0.0179786774247621,0,0.0264735345552914,0.693641524666882,0.000445977877295682,0.000727006880600375,0.00033589020820785,0.000913966089877716,0.000759834549482977,0.000472126913095517,0.0300107906408272,0.00186256805736967,0.229225569375721,5.85273935129554,0.173117133410433,0.1030188110393,0.0195988714140292,0.0665613146089529,0.999148336393556,0.00042121550267241,0.0847601830078401,0.00563564728850703,0,0.00036034690863963,0.000934975940329965,0.029886251539037,0,0,0,0,0,0,0,0,0.000532251681714208,0,0.0815621639595218,0,0.0438908791548167,0,0.000182264432992861,0,0,0.000221604810133097,0,0,0,0,0,5.56243230762561e-05,0.114046246016347,0.00153784982455448,0.00182737762148104,0,0.000268797415560865,0,0,0,0,0.000494099019955264,0.000133659817189871
0,0.0568874378426776,0.0303019755595557,0.000420593954506698,0.00193151870368512,0.000302836007006202,0.000497959771979192,0,0.00105073066195841,0.000717923528883326,0.854231903230958,0.00021947847669476,0.290953653190054,0,0.00210751363766985,0.00337406516485181,0.107796955051397,0.0474080998399163,1.36357161570381,0.000428077008612263,0.000403019541424792,0.00199300533061642,0.000323618126453593,0.00890668981015326,0.0264735345552914,0,0.136825438419871,0.00143526041593717,0.00129456668734988,9.58180869374892e-05,0.0109606452565244,0.00139065222203748,0.000338327781010082,0.086763971186782,0.000995746577557139,0.0250471709739015,0.121855917377699,0.049918274681174,0.0406206910510366,0.00693569791174404,0.0158652425495852,0.073223419502086,0,0.00158241644610164,0,0,4.93697551324983e-05,4.56174534356219e-05,0.00043259402270414,0,0,0,0,0,0,0,0,7.09057167942251e-05,0,0.017317781348408,0,0.00791664061350443,0,3.1323716619229e-05,0,0,0.000253558277464817,0,0,0,0,0,0,0.00107442090397478,0.000660078341173606,0.000350936637612034,0,0,0,0.000114077954671821,0,0,0,1.70688158390646e-05
0.000144309510397932,1.01364110103038,0.60717687565821,0.00503388052738763,0.0227323663931913,0.0065524712324791,0.0118072642829178,0.000528994980815413,0.00372714543958041,0.0063485887350469,0.360700012204556,0.000524431897567574,0.496774659057114,0.000133757760618626,0.0447832619636235,0.394301703986256,0.0892622420241121,0.023861258225432,0.0490423450425502,0.00308874824427587,0.0606939651998646,1.20439901953971,0.134416434796484,0.0956675300035192,0.693641524666882,0.136825438419871,0,0.0251474701016851,0.00355211305000991,0.00322468735197277,0.00395010543778863,0.00045467616055528,0.00558177667757197,0.376935757448969,0.0208839943363125,0.58759472352662,0.702694356779834,0.790867285828443,0.648856086012783,0.280177110947469,0.253928813276791,0.323673782086829,0.00128651809552758,0.00505850237204094,0.000450122423915177,0.00029286068070313,0.000692115539528689,0.000138102755329523,0.00101827946073411,0,0.0152214399976708,0,0,1.7828540722981e-05,0,0,0,0.00017466075465961,0,0.018393354259497,0,0.0074040721967753,0,0.000199108494886355,0,0,0.000107871431097282,0,0,0,0.00468225647081488,7.24015220401365e-05,0.00012822790031437,0.00233658380439774,0.000485135314192306,0.0246152420624478,0,5.13081242665566e-05,0,8.50101916944771e-05,0,0,0,0.00207259864016348
0.0014679771717206,0.00203797281292105,0.0578649529184957,2.13104128711603,0.00247013453700713,0.103712741053117,1.44808754457778,0.00749308234431645,0.0529554632699563,1.05651397307776,0.00879782057040508,0.123573206540718,0.00507520937615527,0.00201997706189209,0.0389652165206927,0.126202230980133,0.0147846680755245,0.00063806091708178,0.00217571198527995,1.34071724840258,0.156212882155961,0.0384875006427463,0.0489147785613511,1.5891991925122,0.000445977877295682,0.00143526041593717,0.0251474701016851,0,0.190259156388469,0.379931203215299,0,0,0.246559438986185,0.102066428169944,0.0138127994869747,0.184020462776795,0.0089688446883797,0.0299039377511388,0.0358071362826964,0.363957242759316,0.0183211069625688,0.004707668927798,0.000182178936034415,0,0,0.000149175343233612,0.000299933385471275,0,0,0,5.45315297491439e-05,0,0.00277305847029491,0,0,0,0,0.00217476093810895,0,9.24664102609106e-05,0.00383342147713143,0,0,0.000366895932906115,0,0,0,0,9.61346498718277e-05,8.32497104734384e-05,0,0,0.0042006453659309,0,0,0,0.000128487412719225,0.000104803247681407,0,0,0,0,0.000108778058130481,0.000884260713952791
2.37067633071634,0.00173872419343918,0.00673803515801439,0.0071169421187219,0.172204310892677,0.86049224751753,1.40947620660053,0.906675599133114,0.000669370346342214,0.0881715862599652,0.286279634222098,0.0619441744785582,0.00701749314175345,1.3845475789244,0.134271603741614,0.0267290182920795,0.0627241603352753,0.0222856866213845,0.000809217731851577,0.00282865183075336,1.59304802105214,0.00258876181527339,0.470686924273441,0.202630311866765,0.000727006880600375,0.00129456668734988,0.00355211305000991,0.190259156388469,0,1.47503257041555,0,0.00988106921429005,2.12621791864041,1.72311705456058,0.00542639644728411,0.11848718375826,0.00441200027206212,0.0332155101501188,0.0147010884960723,0.639439968270791,0.0505848549715073,0.00353314246591619,0,6.47661704170151e-05,0,0,4.23173854419267e-05,0,0,0,0,0,0,0,0,0,0,0.000436004266455223,0,0.000151200276096571,0,0.000262107837795946,0,0,0,0,0,0,0,0,0,0,0,0,6.22145953732369e-05,5.28360723091818e-05,0,0,0,0,0,0,0,0.000323681419716375
0.163020889140203,0.00147413245311792,0.0250639507642995,0.00452610360079877,0.000868605890635723,0.0844884141447959,1.05608751967457,0.013294746876721,0.000191780859000304,0.0507958061455548,0.00610461032835213,0.00218582960543712,0.00679407159219319,0.000797372315538245,0.0533648358263065,0.00916078843355739,0.00688415998508005,0.000559816212887554,0.000838363764331261,0.00116314665379585,3.19815115887632,0.00337786080057521,0.14040707862109,0.118181848929369,0.00033589020820785,9.58180869374892e-05,0.00322468735197277,0.379931203215299,1.47503257041555,0,0,0,3.30610861092365,0.304576053996543,0.0153088429470873,0.158114611722592,0.00581588059712517,0.0432834477872994,0.0379329381340404,0.250120679671205,0.0203048838160171,0.00595208541145288,0.000324021970309317,5.32725162692869e-05,0.000293811880417317,0,8.83067054140495e-05,0,0,0,0,0,0,0.000218456966666648,0,0,0,0,0,2.96325125806608e-05,0,0,0,9.46281912377108e-05,0,0,0,0,0,0,0,0,0,0,0,7.78747013568159e-05,0,0,0,0,0,0,3.81430112878361e-05,0.00202523240140291
0,0,0,0,0,0,0,0,0.000268024934885758,0,0.0551718205959848,0,0.0365243427747942,0,0,0,0,0.000249624805318698,0.000281137138274529,0,0,0,0,0,0.000913966089877716,0.0109606452565244,0.00395010543778863,0,0,0,0,0.000175964027548267,0,5.40817561449434e-05,0,0.000132366416440229,0.00237668184203125,0.000181326736634759,0.000158302525140406,0,0.000911370281927892,0.000287628177358048,0,0,0,0,0,0,0.000668232754899536,0,0,0,0,0,0,0,0,0,0,0.000537921366058867,0,0,0,0,0,0,0,0,0,0,0,0,0,0.000161450829712386,6.3431224287154e-05,0,0,0,0,0,0,0,0,0
0,0,0,0,0.307529185393653,0.230699706037164,0,0.0201038261340197,0,0,4.92096067293992,0,0.0416418337420168,0,0.000778541823103981,0.00029151783219504,0,0.0226919446767927,0,0,0,0.000248277041258552,0,0,0.000759834549482977,0.00139065222203748,0.00045467616055528,0,0.00988106921429005,0,0.000175964027548267,0,0,0.0730310110416052,0.000153493770110047,0.00620324156656858,0.00319530772844311,0.0461159144074727,0.00888266636762337,0.00664011689187635,0.0394653286170982,0,0,0.000230867888254925,0,0,0,0,0,0,0,0,0,0,0,0,0,0,0,0.000831923734763986,0,0.000870373672988076,0,0,0,0,0,0,0,0,0,0,0,0.00019970415984121,0,0,0,0,0,0,0,0,0,0
0.0621693689660487,0.00743338189044548,0.0126343594042696,0.0105892680438704,0.00109592685534628,0.107251715921047,0.139320888552584,0.0213066694973024,0,0.027571750615173,0.00872041908451977,0.00157613023021612,0.00396490851334795,0.00258545803248991,0.0564067534984944,0.268719839442988,0.0352555953517466,0.0015327044186949,0.00607530563169225,0.00106263244960861,1.63069718523758,0.00772322469584128,0.0189732944572955,0.141791973245744,0.000472126913095517,0.000338327781010082,0.00558177667757197,0.246559438986185,2.12621791864041,3.30610861092365,0,0,0,0.846430451504499,0.00692683265042345,0.205571316047176,0.00861464612043575,0.0856507637707148,0.0568965627121733,0.333213056641566,0.051192561752326,0.0198716734844761,0.000328833069804243,0.000154823147231399,0,0,6.97074384823377e-05,0,0,0,0,0,0,0,0,0,0,0,0,0.000627576650221941,0,0,0,0.000288585089049997,0,0,0,0,0,0,0,0,0,0,4.46263647929847e-05,0,0,0,0,0,0.000148923785312069,0,0,0.000513581386458959
0.00569453859669617,0.115870916887628,0.411318204349053,0.00612693027576203,0.413225579137986,0.214562544861917,0.0777838408804389,0.035732434760226,0.00183803397820182,0.026615309171838,2.28974931972824,0.00146653176602091,0.0937508242125085,0.00122883255961781,0.305351215293034,0.500931978852845,5.54180810129325,0.849550613312277,0.545978808057076,0.00406784991275131,1.08651079977567,0.322428154269197,2.21636630697176,0.124344207217219,0.0300107906408272,0.086763971186782,0.376935757448969,0.102066428169944,1.72311705456058,0.304576053996543,5.40817561449434e-05,0.0730310110416052,0.846430451504499,0,0.0509304853518599,1.39453520068196,0.279639147936394,7.57523456278056,0.856449258444537,2.97793443497537,1.59338075724658,0.272944681784064,0.00111459593428859,0.00137641265513026,0.000839220300789974,0.000783945442692349,0.000616428329974837,0.00138536197307999,0,0,0.00216883984314742,0,3.96966472719228e-05,0,0,0,5.74971097806048e-05,0,0.000144985924959589,0.00616845326320979,0,0.00135423644238781,0,0.00178367162743146,0,0,0.000260377959379957,0,0,4.23275420027916e-05,0.000246175078587848,0.000114036576364239,0.000222731150451254,0.000103376110666048,0.000275995891565935,0.000944130441844798,0,0.000123168563706471,0,0,0,0,0.000281305555802117,0.00650220341038504
0,0.00623915554796094,0.00351387218319499,0.00227828086656744,0.019463532689312,0.757704262550947,0.0078956198350772,0.000610760971907666,0.272213233957258,0.0369915155176104,0.0510733610946929,0.840737443061593,0.0401160432921832,4.2466601148719e-05,0.781732358752404,0.0448759543037536,0.00259680690831124,0.00151023346897782,0.00398340551925188,0.00158081595310085,0.00994824981226719,0.0276655605111141,0.00374341019872808,0.0844290922650575,0.00186256805736967,0.000995746577557139,0.0208839943363125,0.0138127994869747,0.00542639644728411,0.0153088429470873,0,0.000153493770110047,0.00692683265042345,0.0509304853518599,0,0.144216689611739,0.0124316880984802,0.0727951266710645,0.11297545496345,0.0604668121215392,0.0339630793999791,0.00194698130095987,0.0614037925563542,0.0188743051404053,0.0430429868936581,0.0309892803222486,0.0334252052682268,0.0169398881961739,0.00026260369391452,0.000235577410566364,0.000340099714405409,0.00237428986332867,0.00133224078580509,0.00446455474607941,0.00116604201639648,0.0012525544041819,0.000937575593058353,0.000755704239154536,0.000931685642800665,0.0351607073970922,0.00120921683093142,0.000713075749827151,6.66638863072299e-05,0.0232619690213504,0.00126210895520581,0.00307036507636012,0.00149987460230707,0.00255865276154776,1.40674784649929e-05,0.000972222023865509,0.00401893442865837,0.00532334866163189,0.00502913373782341,0.000120593941586444,0.00303466038831784,0.00478883335327164,0.000918726117716959,0.00231794513649053,0.00056062502916725,3.81687337068243e-05,0.000244601199248955,0.00208890393550575,0.0112276006532932,1.96666662451452
0.00136311123077629,0.974570760449255,0.354021757449912,0.0298826047955205,0.0908594255916509,0.0342877733424093,0.0173139608484968,0.00666535084142869,1.78864239304145,0.00673704970723505,0.608415584082573,0.373569549863545,0.590727987204491,0.000162416521118801,0.555164619025552,1.23934891887779,0.306490126494729,0.0659198958423624,0.150756524964478,0.00333230778147434,0.496928645324092,2.91231907329014,0.368835001275185,0.99066760012663,0.229225569375721,0.0250471709739015,0.58759472352662,0.184020462776795,0.11848718375826,0.158114611722592,0.000132366416440229,0.00620324156656858,0.205571316047176,1.39453520068196,0.144216689611739,0,4.20348802946577,1.26577681947808,1.39815346270574,3.16846997344477,0.464945366087762,0.269616454407889,2.88819879608985,0.00774311257662351,0.00537064790236377,0.00578139479677395,0.00569401360976369,0.00308591735667611,0.000267706124030863,0,0.00470793920597895,0,0.000114973950342686,0,0.000149877983331708,2.3035468933231e-05,2.15477152242525e-05,0.0238440681550074,9.42849371544271e-05,0.00979412465559742,0.00153456989056621,0.0154123043197533,0,0.00460787925333622,0.000375272393436932,0.000270319508013971,0.000340012956194813,0.000229822632337311,0,0,0.00179010537244572,0.000566419490094576,0.00166531531706278,0.0176421723825982,0.000178078997632378,0.00312817552755329,7.65833886178565e-05,0.000192157461372311,0,3.68898388460534e-05,0,0.00021130904236352,0.00080357617086465,0.0124256752360222
0,7.52105116163141,0.0852436197843753,0.00562798542406271,0.0481985052313747,0.00117713854783122,0.00194090683189771,0.00021283647661361,0.246857658280141,0.000835626989580048,0.772766695819811,0.0274954995774621,1.96589703837542,0,0.0913356644145283,0.116596523290945,0.065151885891893,0.277148356730049,0.0872025755329682,0.000363448900395469,0.0552199644158513,0.465952097761396,0.0463734929832632,0.168393808208664,5.85273935129554,0.121855917377699,0.702694356779834,0.0089688446883797,0.00441200027206212,0.00581588059712517,0.00237668184203125,0.00319530772844311,0.00861464612043575,0.279639147936394,0.0124316880984802,4.20348802946577,0,0.749435334991593,0.86990483133643,0.346146685772558,0.405551783434432,0.664708203494238,0.00621724946288379,0.264081483824869,0.0103693475667768,0.000206000023551145,0.00014330050805372,0.000953062320030419,0.028320532095532,0,0.00292658469054726,0,0,0,0,0,0,0.00598417817997311,0,0.0661772782223505,0.000330112702039906,0.0988670077911001,0,0.000219479590365744,0,0,0.000316308322169254,0.000820297215984991,0,0,0.00032303314548043,0,0.000451194647128964,0.346981353187083,0.00204970236005996,0.0023880103491797,0,0.000199319899901037,0,0,0.000246892544147743,0,6.31121543868728e-05,0.00169979739769129
