0,0.00125208166645114,0.0769626782147954,0.00590325000505244,0.000314781153414916,0.00280459787985744,1.02025185805383,0.189479016099218,0.0791970620415867,0.00788610745969769,0.000684950027015632,0.000922058712624811,0.000121637236179979,2.6745538164935,0,0.00153825292141133,0.127318868682013,0.000704334655271496,0.0138785871597917,0.00198184158712663,0.0348737869845583,0.00609395999131743,0.0671752705506357,0.0394988691296954,0,0.0159576176308827,0.0105891623551714,0.0609115989342753,0.310594130472819,0.189791901286548,0.000552949849355635,0.00252032684733346,0.00829582408655745,0.0562186321936786,0.000140274855217476,0.0144735024475269,0.00243173596106691,0.0440983967899508,0.0198663752564658,0.000324322663909564,0.00116796496451035,0,0.00209372363313964,0.000566540735146385,0.00459509636430982,0.00603335656452308,0.00128444893379574,0,0,0.00235154008403648,0.000739850395006227,0.000131154718495351,0.000163962271717853,0,0,0.000980468883418925,0.000443876186726434,0.000953834148892342,0.000295562791506071,0,6.38859523102268e-05,0,0.000948985063702395,0,0.000941349818408804,0.00071569274182371,0,8.41108297427035e-05,0,0.000456920550375329,0.000745039333996255,0.00012030041293971,0.00371643592608594,0,0.000145198519074483,0.000412275303797601,0.00310396473864742,0.00299541423387012,0.00117264347459793,0,0,0.00122587336721395,0.00320322056531968,0.000128385567929585
0.00125208166645114,0,0.0143597901052203,0,0,3.62077800072631e-05,0.00127530864839919,0.000605725071100092,0.148944632739666,0.000163944651094081,0.0433735117148875,0.00028683552553911,0.118935233448243,0.000757947867440568,0,0.0551711469751674,0.0580520822436356,0.0287211862917389,0.0691117770237448,0,0.00252197480677972,1.25107153116588,0.00647848051120009,0.0246847506232189,1.56107195618625,0.0474472218247677,0.951221454852502,0.0014965297134121,0.000745197113301322,0.00151452844956929,0.0519557493516351,0,0.000732434987852895,0.0428200685324986,0.000720649263262565,0.0333494122552455,0.0562859783463907,0.173744426288724,0.0546904577678485,0.000630897823105242,0.000138328235469221,0.0159642135006165,0.00945153686764782,0.0122431421705987,0.0481411576177409,0.0212903560213491,0.000565666271528469,0,0.000828316446862487,0,0.162066969580916,0.0417257228352186,0,0,0,0.000384960542483663,0,0,0,0.00151264397230957,0,0.00839030746193712,0,0,0.00278392303564894,0.0348859876217831,0.00090639297903261,0.0125388323723103,0,0.000474416738764421,0.0574972902320831,0.00591326312398562,0.000842389707997821,0.0908832671952513,0.0241667418118934,0.0378622135604567,0.000188322065164104,0,0,0.00071157444279879,0,0,0.00624930000551641,0.000421272657667771
0.0769626782147954,0.0143597901052203,0,0.000677836643414684,0,0.00213237340992537,0.106446130811255,0.0234022632893029,0.0085779525139623,0.00312032510846947,0.00281478488175136,0.000306362107259128,0.000832147591851241,0.0416574657706422,7.23428378338019e-05,0.0113372296308794,1.4144843997601,0.0038067316696797,0.0293321002494581,0.000345227462732711,0.283943190217976,0.0174653140480538,2.56022996082577,0.00957897271188389,0.00157672702485309,1.46816910609187,1.67412967686053,0.0841438458068421,0.0080645456865499,0.0846439023204156,0.00148437831609766,0.00056822358477065,0.0009262535825875,0.07657599933486,0.00148120417769539,0.0589602546293026,0.0589061861967041,0.164752882893174,0.0483174353998379,0.000505002833106583,0.0006245960479694,0.000466209843322313,0.00826991396810419,0.00268792405678659,0.0102741730356935,0.00403506818602086,0.000610919612138321,0,0,0.000152172416615491,0.00703962198717839,0.0078694090405184,0,0,0,0.000104356272937493,0,0,0,0.000362661571318201,0,0.000236731223593436,2.0459753803628e-05,0.000548322235679535,0.00188463204648803,0.00458775086191751,0,0.000767574484939468,0,0.000940600623465301,0.0079198443297473,0.00604468341515869,0.00122064053110882,0.00154073730135369,0.00278028210265866,0.0189944884848639,0.00031605116206151,3.01384859282305e-05,0.000162235724190283,0.000128732464581232,0,0,0.000805758504728198,0.000650807036699399
0.00590325000505244,0,0.000677836643414684,0,0,0.0182322541626704,0.0519750831190021,0.0124052584814067,0.345360159501188,1.21661789220057,0.000173856308405441,1.20200697200218,0.000480956789749597,0.0101853153796667,0.000460953933183149,0,5.85525703487755e-05,0,0,11.482184022147,8.5575676915757e-05,9.40727057337828e-05,0,6.91827940072976,0.000118975146934572,4.62604537412393e-05,0.00019639426456404,1.75053636907077,0.0139904902704775,0,0,0.00087412997222768,0.00467254068889779,0.0127608705630921,0,0.00481823708609516,0.000460999238359728,0.0182105169619015,0.0111091572917235,0.00291724495810499,0.000547165971400356,0,0.000573112658752956,0,0.00200274181822391,0.00122189039718001,0.000121070216032972,0.00011316758078278,0,0.000346024078682955,0,0,0.377595603523376,0,0.000937135308396942,0.00134584784778436,0.00050961146538586,0.00798036007385779,0.00297449839528749,0,0.093514958010252,0,0.000835547537774579,0,6.80424077846055e-05,0.000355532433150146,0,0,0.44389366678634,0,0,0,0.00649063178386954,0,0,0,0.0057386092285545,0.00130133169362962,0.000256096943029837,0,8.54082964238025e-05,0.000265556417912009,0.000904494242579617,2.47971082084074e-05
0.000314781153414916,0,0,0,0,0.923942910811168,0.000244358862549051,0.0627252683912219,0.000676480220280131,0.00137190970576961,0.00124376840883212,0.00167386616858147,0,0.0121332696017566,0.345514475038515,0,0,0,0,0.000664610781424756,5.28888580210128e-05,0,4.10279055962641e-05,0.000179070219362757,0,4.49054078619274e-05,0,0.000407714053676397,0.164079677497951,4.01237285066634e-05,0,2.44513882202581,0.000205258155109508,0.161724633685914,0,0.000268822020593709,0,0.0209687868350523,0,0.774142092479203,2.33550875029258,0,0,0,0,0,0,0,0,0,0,0,0,0,0,2.38927491283826e-05,0,0.000128544938731848,0,0,0,0,0,0,0,0,0,0,0,0,0,0,0.000180017514431426,0,0,0,0,0,0.00025113120394275,0,0,0,0,0
0.00280459787985744,3.62077800072631e-05,0.00213237340992537,0.0182322541626704,0.923942910811168,0,0.331881774159795,1.90004798642469,0.0547499446016757,1.63236249772566,0.000955552169723363,1.74739112526391,0.000193035951896773,0.149375002593104,1.22925886420303,0.00013275427771966,0.00039571422167105,0,0.000108142509146511,0.0404629269987594,0.00103600834117306,0.000633588502931972,0.000662265646909253,0.0539702571913671,0,0.000438095385592374,0.000936567574503729,0.0980339032399371,0.160479182557876,0.00100551867464826,7.69412478356657e-05,0.223015248313772,0.00183025576099287,0.0444746680373218,0.253924346804577,0.00377418329927653,0.000971308736997006,0.0332139432742571,0.00398312780419058,0.560158328869675,0.0932089047988801,5.09536157053368e-05,0.000430981809641141,2.83731898649688e-05,0.000636638476571951,0.000411508762265951,0.000418395669895506,0,0,0.000505842697681169,0.000233404996753769,0,0.00133247359247454,8.69535929167494e-05,0.000880366768900671,0.00114181353225789,0.00061353203081628,0.00273093183639732,0.00113947881644117,0,0.000537951032317972,0,0.000653863541027324,0,0.000541530870435432,0,0,0,0.000315427086553002,5.04186086425825e-05,3.84546240810935e-05,0,0.00465181364384699,0,2.75983695445479e-05,3.56957679197053e-05,0.00181576695372259,0.000743551736415944,0.000117261376516777,3.79773743790055e-05,0,0.000308468754879852,0.000437692597198251,0.00103791060991891
1.02025185805383,0.00127530864839919,0.106446130811255,0.0519750831190021,0.000244358862549051,0.331881774159795,0,0.168321445860026,0.153876257581792,2.78045042599389,0.00158675381417397,0.096617857061596,0.000382624905628699,0.870837636440317,0.000635840243816729,0.0089212599550426,0.0359478802331382,0.000369073856929415,0.00294364184048908,0.0143494694236564,0.0426651321811056,0.00613537201747787,0.0828429348550026,0.346766229122231,0.000136264764298318,0.0179168400462387,0.0215061411568855,2.93390659217458,0.072393978020842,0.49243310398164,6.86554039123002e-05,0.00364745876291413,0.00958446351819382,0.0837440484945917,0.00251471317815533,0.0585928834398636,0.010003274985317,0.10095603965818,0.0392787140793058,0.00651812821061967,0.00165372374308853,0.000408556594318293,0.00531357472790944,0.000399521153374029,0.00304044255751849,0.00364417938845324,0.000801985118941415,0.000258376775029228,2.15182040281473e-05,0.00124523318307854,0,0.000308863378038352,0.000689018788384168,0,0.00108490861873743,0.00204973137608675,0.00136374901300663,0.00367877946305634,0.00109699253614922,0.000192264865426466,0.000369539344994912,4.99067926368262e-05,0.00180805365405182,0.000183759037305775,0.00424978250658076,0.000232046345820577,0.000100221604885781,0,0.000535862153322094,0.000563951180448882,0.00184952628475863,0.000636611914867024,0.00968012929459484,0.000114323240111879,7.47798291885603e-05,0.001616858257715,0.00490745211744126,0.00327904776161906,0.00140083493833134,0,4.1874074920881e-05,0.000298269244293556,0.00386921662540844,0.000904523363205984
0.189479016099218,0.000605725071100092,0.0234022632893029,0.0124052584814067,0.0627252683912219,1.90004798642469,0.168321445860026,0,0.0585523117860409,0.465653308071324,0.00104766457528388,0.0710387386956909,0.0005362462180409,2.12470582510266,0.00240193376995733,0.00187136733316247,0.0268607868122294,0.000145507549540598,0.00346972084263616,0.0435743996771308,0.00912404847950293,0.00375974130056083,0.0183162417226601,0.051368939514165,0.000236476305743484,0.0071746666965801,0.00577493075026547,0.0635754358433806,0.211082312461248,0.0213163753780712,4.3512622488352e-05,0.308740495463778,0.00127778344090642,0.0679995492716853,0.000307420546401892,0.012803623305758,0.0024052697165342,0.0579957771193828,0.0108150241272153,0.0238077479656225,0.00942735319236332,8.53325995622983e-05,0.00119984822731521,0.000153730269989937,0.0020004856625585,0.00231206861934306,0.000314235028914221,0.000110855541928718,0,0.00128257074900179,0.000166882113844267,0,0.000163454066207614,5.84910905573229e-05,0.000201397357122136,0.00112265373107754,0.00072045847376726,0.00235353979299878,0.000290674219252044,2.71291617708119e-05,0.000154379114740025,3.44414044191694e-05,0.0011914891068228,0.000144518583567321,0.000336381888086598,0,0,7.22628452375952e-05,0.00039424182555392,5.65430907938681e-05,9.31267347850841e-05,0.000189973524211557,0.00557075887076454,0,0.000117678331284423,0.000121927698341156,0.00282286044541232,0.00205038571924848,0.000634533487035273,0,0,0.000264857272253496,0.00206689906391621,5.21030017684595e-05
0.0791970620415867,0.148944632739666,0.0085779525139623,0.345360159501188,0.000676480220280131,0.0547499446016757,0.153876257581792,0.0585523117860409,0,0.268725122184611,0.00715806288292488,1.23514564079248,0.0150319554012223,0.0793098462030608,0.15180333342565,0.0201955619077914,0.0332825778025673,0.00449288556927509,0.0138505980777921,0.45346341044435,0.00712848843194637,2.40978743251246,0.00649655514376434,4.75193716581528,0.0638644523075406,0.0138755977308903,0.0723813508691181,0.26080352482131,0.181487459288862,0.130498062595848,0.0040210221981837,0.00309208002130639,0.159233427980021,0.132230804773252,0.0013750312689101,0.280435648844656,0.02772201571015,0.210034852154798,0.17463613718948,1.5475756090118,0.0046246058688303,0.00131309192284886,0.0107658712620649,0.000999724094027495,0.0103041589215707,0.0102183620933764,0.0181924759049825,0,0.00014037563491079,0.00911932799679083,0.00836909535621985,0.0014926799550498,0.0188283548799953,0,0.00903654943376207,0.00622969102166683,0.00618925107205604,0.200473778898136,0.0169752822099423,0.000191418067722344,0.0310922947902056,0.00041180990279858,0.00353372864312246,0.00139182542154745,0.0126819692358081,0.000722831846145661,8.76047260197216e-05,0.000368401301272841,0.0129057050521903,0.000185398655321628,0.0191867424837298,0.00105993412382074,0.0541564417626298,0.000884104093049645,0.000177205743348494,0.00155963620158975,0.0214554753435158,0.00661634982832726,0.00263309891479873,0,0.000742372506437952,0.00308728320581128,0.0064499442203978,0.000549801819691016
0.00788610745969769,0.000163944651094081,0.00312032510846947,1.21661789220057,0.00137190970576961,1.63236249772566,2.78045042599389,0.465653308071324,0.268725122184611,0,0.00303445847242104,1.24575158524814,0.000761055509725789,0.192039241998761,4.61433388666346e-05,0.000457643644799222,0.000734491750902397,9.20366271755589e-05,0.000188272289673218,1.85928947960456,0.00118514158116699,0.000385304041496566,0.000948602223731224,0.115717237300739,0.000287275719890569,0.000363359416347212,0.00134746070078488,1.48168883147549,0.0984423408506748,0.00145956457298975,0.000285953202294754,0.00803971791638496,0.00298210169585057,0.0936891247771697,0.00236921689376024,0.0121664614874631,0.00137455834375161,0.107865183164784,0.0187034796006228,0.0122727823418678,0.00430990100656132,0.000332445754744198,0.000418981366661908,0,0.00251115703618026,0.00134933475550205,0.000830398484303571,9.75167518424704e-05,0.000104300519205028,0.000587065389649586,0,3.50811925898321e-05,0.00266496872736593,0,0.00224763401335826,0.0027480176990266,0.00172267497460173,0.00709855309774412,0.00482433869419221,2.70350524368195e-05,0.00121439541352779,0,0.000854648136227712,0,0.000291175375226804,9.24800529896932e-05,0,0,0.0010818733171548,6.785595399743e-05,0.000469757577060439,5.58809779646011e-05,0.0127416078474387,0,1.39643442847196e-05,0,0.00543055786026797,0.00135717606099729,0.000201472603754437,0,0,0.000394265410089413,0.00116445597336067,0.000108288502904272
0.000684950027015632,0.0433735117148875,0.00281478488175136,0.000173856308405441,0.00124376840883212,0.000955552169723363,0.00158675381417397,0.00104766457528388,0.00715806288292488,0.00303445847242104,0,0.00208239728133205,0.718898417736369,0.00319362208394343,7.00412838243077e-05,0.00075074345760874,0.0243196976806058,1.89310977266767,0.965421321678308,0.00147941232555342,0.00100961452926339,0.0279596606311801,0.0027655251397348,0.00203893364432633,1.166127464134,0.415612159317643,0.147989805395699,0.00129555953105192,0.0100833514768733,0.000694088490778783,0.568762552736229,0.0060188039699251,0.00124480145049141,1.28503684116313,0.000699297107763143,0.0619278879275052,0.37107789926369,1.2881855178869,0.0878097622677958,0.00013383521877588,0.00112805143702824,0.409174812236782,0.00372057166991952,0.0341265229173487,0.0229588719009749,0.00979083235806034,0,0,0.00102666291373375,0.000131491385177016,0.013545135778096,0.000897055725113366,9.27940820033791e-05,0,0,0,5.20822792639646e-05,0.000866877811664459,5.6319919864746e-05,0.0223566299374969,0,0.0263776601329154,0.000127345959375238,0,0.000786705471297409,0.00121534816937198,0.0211487087716836,0.0211284709218094,0,8.21209633073226e-05,0.00235891077851789,0.000253061214753042,0.000131656126147015,0.0664774475077463,0.0404833038588147,0.0327802955765768,0.000134977360589668,0.000207295024627399,0,0.0187988851196581,0,0,0.00295381873336474,0.000169903144012569
0.000922058712624811,0.00028683552553911,0.000306362107259128,1.20200697200218,0.00167386616858147,1.74739112526391,0.096617857061596,0.0710387386956909,1.23514564079248,1.24575158524814,0.00208239728133205,0,0.000327625637985926,0.0404416096014129,0.271028318439437,3.49346382927211e-05,3.5530950859404e-05,0,0,8.36862912788687,0.000243862927403794,8.49483106883566e-05,0.000103148527378643,1.28915514926936,0.000195982691975864,0.000104471198563156,0.000180483959507061,0.136999544474369,0.0719597391037499,0.000445909270448446,0.00020288038747309,0.00779511724033085,0.000654466840976364,0.0448240016190415,0.124157169390562,0.00365080822903073,0.00106703434409713,0.0476143175768218,0.00567934041338997,0.462262756552142,0.00315934621544161,0.0005826712023897,9.9946032703792e-05,0,0.000280495963166582,0.00104119989495702,0.000980401009353143,0,0,6.76641665653703e-05,0,0,0.00403962880463887,0,0.00120809074439313,0.000810507661333841,0.000844553378587833,0.00826596078204308,0.00253572790089602,0.000120164810272759,0.378401424408778,4.42355431109574e-05,0.000292080412855591,0,0,0,0,0,0.141460238803991,0,0,0,0.00701065866293366,0,4.84561151211358e-05,0,0.00237666818103689,0.000463661887422256,4.29642718903186e-05,0,0,0,0.000711150052782367,0.000890350861732455
0.000121637236179979,0.118935233448243,0.000832147591851241,0.000480956789749597,0,0.000193035951896773,0.000382624905628699,0.0005362462180409,0.0150319554012223,0.000761055509725789,0.718898417736369,0.000327625637985926,0,0.000369769072242083,0,0.00774056010485329,0.000573693209313928,0.0148151659623835,0.00683377314482062,0.000319105448100933,0.00164695122287594,0.0432174535908845,0.00435231257157179,0.00365590273190667,2.2535797337665,0.0232386296668906,0.456259939182428,0.00234596554805628,0.00125755759889301,0.000414875529809889,1.04076071351582,0.0010188786599305,0.000472238435358615,0.014084098874762,0.000358896038200705,0.251280122991763,0.505057056501755,0.414261813618393,0.569681755035835,0.000608813140639573,0.00156982502859321,1.03838456453653,0.0141867476273951,0.0461959023686214,0.0202065932424566,0.0280526381215302,9.02384989492078e-05,0,0.0100928260034159,0,0.00997975195674223,0.000525774215622464,0,0,5.07230083942787e-05,0,2.55465269057313e-05,0.000903414200295093,0.000200065827487852,0.0118217348829345,0,0.0305218204952524,6.65399085300663e-05,0,0.00127558352315865,0.00155975822543508,0.0095495008328545,0.00803051836554773,0,6.73670913312911e-05,0.00204666416444016,0.00079681555451437,0.000941634412341603,0.0409031835901498,0.0174198058976622,0.0157361439131656,0.000555325758702542,0.000185790910645165,0.000214681074246379,0.00813961432327033,0,0.000285608330554091,0.003158024198088,0.000314415169307175
2.6745538164935,0.000757947867440568,0.0416574657706422,0.0101853153796667,0.0121332696017566,0.149375002593104,0.870837636440317,2.12470582510266,0.0793098462030608,0.192039241998761,0.00319362208394343,0.0404416096014129,0.000369769072242083,0,0.000459394150612219,0.00247893983206084,0.0431497521634312,0.000269386573766128,0.00479413309391158,0.0230223026951598,0.0221819648519091,0.00456457449343441,0.0349158427258065,0.0695124146969945,0.000814346742768635,0.009582217949121,0.00823695738639449,0.0877970592648258,2.96272169499577,0.0741943900903102,0.000238617455257004,0.297815637932845,0.0137455955470659,0.142142904881717,0.000849976659207097,0.0232183454453838,0.00364397333010079,0.116948642135188,0.0164443187265247,0.00760008415769186,0.0202771324551981,0.000420077485298541,0.00292573634434448,7.70613340474353e-05,0.00157608279534918,0.00345225976512141,0.000811440816083373,0.000153491077149834,0,0.00258747725491,0.000469325627920377,3.37380829390501e-05,0.000204067883818855,0.000175291504340747,0.000342101710809446,0.00158840585518264,0.00157091948105828,0.00164820383799194,0.000712692535964749,0,0.00036785373274878,5.01072303676286e-05,0.00242858247628257,0.000102205908685004,0.0015916856597725,0,0,0,0.000686043078998693,0.000219252860310064,0.000205410993896898,0.000199656764074038,0.0120835442092458,7.34282456337524e-05,9.52247443528573e-05,0.000587523959357234,0.00332112652671399,0.00539658299760045,0.00165808339264729,0,0.000160309136603919,0.000164474207094683,0.00363792559715074,0.000433472342181008
0,0,7.23428378338019e-05,0.000460953933183149,0.345514475038515,1.22925886420303,0.000635840243816729,0.00240193376995733,0.15180333342565,4.61433388666346e-05,7.00412838243077e-05,0.271028318439437,0,0.000459394150612219,0,0.000658132849281536,0,0,0,0.00380124557219983,0.00107027898442603,0.000989824809940766,0.00270631951915174,0.00114617122131787,0,3.16260392016396e-05,0.000798687434493467,0.000796612391493069,0.000476493698600275,8.836381480554e-05,0,0.00019516795033292,0,0.000291346656289809,0.106748458169962,0.0568935204837879,0.0100338336105143,0.0103972934085591,0.00695341438841768,1.043291175312,0.0250450292367553,0.000528584230166784,0.00278561170765176,0.00588651604803802,0.0108658654370236,0.00455323202439777,0.00151819502075865,0,0,0,0,0.000571057687447404,0,0.00137004684923775,0.00144611167721123,0,0,9.71461657708894e-05,0,0,0,0,0,0,0.00171380686977054,0,0,0,0,0.000469645436626527,0.0015631670592632,0.00151457699665712,0,0,0,0.000432051706023011,0,0,0,0.000123866656848159,0,0,0.000211638676151295,0.0168642784306742
0.00153825292141133,0.0551711469751674,0.0113372296308794,0,0,0.00013275427771966,0.0089212599550426,0.00187136733316247,0.0201955619077914,0.000457643644799222,0.00075074345760874,3.49346382927211e-05,0.00774056010485329,0.00247893983206084,0.000658132849281536,0,0.0253894092579015,0.000927403599165353,0.00354196540725385,7.15486794613867e-05,0.162628949340248,2.97563152096274,1.43903890006814,1.43398757823513,0.0105531748375972,0.00663582700439637,0.760820508190046,0.337144811917861,0.00167072625959749,0.0522811454316782,0.00109456896150331,0,0.00187759896560901,0.0473937007359628,0.0127893798938486,0.484103045748799,0.229537742595172,0.145343517940526,0.144799526029948,0.0239428250165875,0.00212173192505005,0.00576874600599228,0.186034315365594,0.0615200432483577,0.0350105760831457,0.0729922720086604,0.0193678503599807,0.00147362267918743,0.00109396659895196,0.00335372482761388,0.00339774671795667,0.00195797329793846,0,0,0.000303132157096134,0.00830037648826352,0.00117445238007967,0.0235738221122274,0.000947927780025925,0,0,0.000700164940985733,0.0017289475912898,0.00633629669137054,0.488813622842325,0.00331769823081251,0,0.000536294685734382,0.000139378843998062,0.0176879681918547,0.102484177144524,0.0412472246902589,0.0544409766617141,0.00117004401327628,0.000993224950707506,0.0151123457958413,0.0196816584537675,0.00398474637627472,0.0121747253304358,0,0,0.00107814027390198,0.00719581392797715,0.00825770149633408
0.127318868682013,0.0580520822436356,1.4144843997601,5.85525703487755e-05,0,0.00039571422167105,0.0359478802331382,0.0268607868122294,0.0332825778025673,0.000734491750902397,0.0243196976806058,3.5530950859404e-05,0.000573693209313928,0.0431497521634312,0,0.0253894092579015,0,0.019720415598146,1.38272011985103,0,0.0588860338681485,0.0560767298389272,1.26402262546491,0.0179021774720475,0.00631414507367241,0.767101371305572,0.465231384386179,0.0261850984127846,0.0740674985876716,0.0793766929346961,0.00216496250832033,0.000254872647221513,0.0076017792065439,0.23300107045454,0.000280602315046069,0.0192352473747756,0.104560146633976,0.071703835111623,0.0157415260405919,0.00030040315831158,0.000387830766144914,0.000201630859427409,0.011097949582428,0.00686962536216647,0.0215603196404607,0.0157429587427138,0.000349052475411211,0,0.000684973521231584,0,0.0241147089815245,0.0238899086288679,0,0,2.92406567736003e-05,0.000330561800138439,0,0.00208146420948075,0,0.00115511480105991,0,0.000726704923481847,6.07181928839757e-05,0.00017413457567713,0.00391560205462965,0.0152897759000783,0.000399740600882026,0.00283380150660419,0,0.00146899702572033,0.0101817100196686,0.00654176509026482,0.00190434573846694,0.00681359542540005,0.00870476653162334,0.025757928489098,0.001087023971207,0,0.000304625975586351,0,0,0,0.00549869944812392,0.000372791150544318
0.000704334655271496,0.0287211862917389,0.0038067316696797,0,0,0,0.000369073856929415,0.000145507549540598,0.00449288556927509,9.20366271755589e-05,1.89310977266767,0,0.0148151659623835,0.000269386573766128,0,0.000927403599165353,0.019720415598146,0,2.05741801570531,0.000170282338064008,0.000229138908090482,0.0166811024581847,0.00161638886150555,0.000393791624222735,0.0892394893846444,0.761961772668662,0.0749102760500076,0.000198745514945143,0.000212969599075195,8.14190751722826e-05,0.08345287696957,0.000206963607743749,0,0.0283775191528094,9.44828446662158e-05,0.00510419936721684,0.0646398246353053,0.0908718003219706,0.024758242457333,0,0,0.00166092636548318,0.00110082689866559,0.00802333024826973,0.0108085747777769,0.0035020735001183,0,0,0,0,0.0110903388691066,0.000372415712055486,0,0,0,0,0,0,0,0.00644830639589019,0,0.00990319048726567,0,0,0,0.00071499307859019,0.00791641586103349,0.00880085970307852,0,0,0.00133686315863282,0,0,0.0215892645763324,0.0147264486590125,0.0146707748165346,0,0,4.3651815511637e-05,0.00642945814600562,0,0,0.00163819210595625,5.77969974390213e-05
0.0138785871597917,0.0691117770237448,0.0293321002494581,0,0,0.000108142509146511,0.00294364184048908,0.00346972084263616,0.0138505980777921,0.000188272289673218,0.965421321678308,0,0.00683377314482062,0.00479413309391158,0,0.00354196540725385,1.38272011985103,2.05741801570531,0,5.97105371697576e-05,0.00617708662315038,0.0353012902467891,0.0266876628517848,0.00308799962046867,0.0601233958811997,1.90016148338318,0.198102607555682,0.00268782575947452,0.00321802009121135,0.007177856796279,0.0338501139799124,0,0.00135105770422139,0.391334367186807,0.000102598456438951,0.00396961505148994,0.0281012803526996,0.113278793038228,0.0148588968429076,0.000176076172886973,0,0.000278325080044629,0.00208520344712322,0.00620400412811156,0.0216835513242976,0.00492105895571021,0,0,0.000351118985254792,0,0.0518652055611265,0.00396003352164902,0,0,0,9.55548774623366e-05,0,0.000391596549548189,3.07393915086746e-05,0.00203347863151251,0,0.00507103310048617,0,0,0.000318786925183719,0.0069476103908215,0.00318132232207794,0.0108932688214766,0,0.000132086196338475,0.00296942059255188,0.00134179646235291,0.000172846900549962,0.0271141722396613,0.017753686197035,0.0262077208381043,4.13529637747377e-05,0,6.37197249144872e-05,0.00487164425721838,0,0,0.00262528967662173,3.89334280926786e-05
0.00198184158712663,0,0.000345227462732711,11.482184022147,0.000664610781424756,0.0404629269987594,0.0143494694236564,0.0435743996771308,0.45346341044435,1.85928947960456,0.00147941232555342,8.36862912788687,0.000319105448100933,0.0230223026951598,0.00380124557219983,7.15486794613867e-05,0,0.000170282338064008,5.97105371697576e-05,0,3.05486816594891e-05,0,3.95711054595159e-05,0.935627510255425,0,0.000128102199729727,0.000332749908213865,0.640333871218268,0.0387246147454678,0.000525967687378638,0.000444323873794878,0.00657833091598547,0.00167336188870224,0.0360081328149917,0,0.0051755914884127,0.00115205979197685,0.0500009719079552,0.0111737337182703,0.0190814508550977,0.00255711120866544,0.00103745528520474,0.000339799335482789,0,0.000947388214998179,0.0012970265073545,0.000938215356159635,0,0,0,0,5.97090788461616e-05,0.015201751245063,0,0.00189642078252464,0.000182812196958987,0.000620052796982892,0.00897006582546314,0.0020982804917178,0,0.010621704439271,0,0.000278537001355168,0,0.000117716593955162,0,0,0,0.00185838979234462,0,0,8.54737852067772e-05,0.00512710999763483,0.000184192982582479,0,0,0.00290379149298699,0.000345470965120642,0,0,0,0,0.000593834004328508,2.13141701447923e-05
0.0348737869845583,0.00252197480677972,0.283943190217976,8.5575676915757e-05,5.28888580210128e-05,0.00103600834117306,0.0426651321811056,0.00912404847950293,0.00712848843194637,0.00118514158116699,0.00100961452926339,0.000243862927403794,0.00164695122287594,0.0221819648519091,0.00107027898442603,0.162628949340248,0.0588860338681485,0.000229138908090482,0.00617708662315038,3.05486816594891e-05,0,0.0159622027506068,5.24453032222932,0.0509267876462146,0.000314954741086846,0.0183534919934172,0.0651738426104636,0.986248770148816,0.150482044642864,2.26385513864574,0.000418696927537715,4.77043201886837e-05,0.252788376046326,0.463553529381605,0.0109894647994463,0.156288564353158,0.0427831372391304,0.236155962054466,0.0967309722894746,0.0181598216105729,0.00163899442581699,0.000811935878322523,0.0148575093415031,0.00221814193904126,0.00457765252872896,0.00736922014454016,0.00128491661612012,3.32147343668212e-05,4.80696490575425e-05,0.000912951548869951,0.00038590046633107,0.000313646983879975,0,0.00013136105999026,1.96940905628967e-05,0.00135579388120868,7.15176688159959e-05,0.00427679990723875,7.12700081045455e-05,0,0,0.000170068440599072,0.000748703356279676,0.000119206850238816,0.025156735237965,0.000144619878041692,0,0.000117662948426057,0,0.00348902551834619,0.0063618551909255,0.00369585538148956,0.0144690269616342,0.000389390405623538,0.000130766005951659,0.00280419031027697,0.00514358423632274,0.00202514995390366,0.00296069697253901,0,0,0.000120835378489831,0.00290618087184287,0.00510098560669112
0.00609395999131743,1.25107153116588,0.0174653140480538,9.40727057337828e-05,0,0.000633588502931972,0.00613537201747787,0.00375974130056083,2.40978743251246,0.000385304041496566,0.0279596606311801,8.49483106883566e-05,0.0432174535908845,0.00456457449343441,0.000989824809940766,2.97563152096274,0.0560767298389272,0.0166811024581847,0.0353012902467891,0,0.0159622027506068,0,0.0352857467530667,1.62139703176918,0.270853171285596,0.0295869457035936,0.866772183983279,0.0364486103632852,0.0119784178426953,0.0215223346517076,0.0256803208392136,0,0.0100588062434098,0.0592407606087093,0.00385029521198187,0.121775188374005,0.0626922012387195,0.176455070568802,0.0848194685622148,0.00543299879585382,0.0014010683554506,0.00878984690509945,0.0444728180176849,0.0167393724436272,0.025327389336964,0.0239243152936832,0.00587956181780455,0.00063031937144567,0.000786384301618814,0.00147394686151725,0.0806104369941285,0.00411951123328485,0,0,5.78964410337737e-05,0.0014235649619739,0.000324157090160988,0.0264041241324805,2.66362084930516e-05,0.000228745513413376,0,0.00177515488684642,0.000204850207405907,0.00214068350805892,0.100627291924499,0.00263935645970076,0.000234232176142483,0.000899756894308559,0,0.00459715325214155,0.383063338092699,0.0140039266026986,0.013733122741337,0.023455005505448,0.00323727821510174,0.024184499924771,0.00430260705983601,0.00117944376597062,0.00185818698732373,0.000349312515606881,0,0.000350674698538708,0.00323997789454166,0.00278663961193572
0.0671752705506357,0.00647848051120009,2.56022996082577,0,4.10279055962641e-05,0.000662265646909253,0.0828429348550026,0.0183162417226601,0.00649655514376434,0.000948602223731224,0.0027655251397348,0.000103148527378643,0.00435231257157179,0.0349158427258065,0.00270631951915174,1.43903890006814,1.26402262546491,0.00161638886150555,0.0266876628517848,3.95711054595159e-05,5.24453032222932,0.0352857467530667,0,0.0199567458545111,0.00125097398849331,0.0816852087455416,1.10624124758719,0.239885435922311,0.274839501443368,0.204786970535267,0.000336536509173907,0.000324027305477583,0.047022756272903,0.286029671766288,0.0342578269517942,0.377243463180118,0.299027507023456,0.422487193352123,0.206550068599114,0.0316433854126438,0.00396988222692041,0.0016980251710689,0.0349278384346064,0.00942133535213058,0.0092082691693076,0.0113173990076712,0.00342340521733133,0.000331451538611915,0.000556521962996782,0.000399253443507486,0.00361203852027417,0.00112679599916984,0,0,0.000131355883093099,0.00115165210894562,6.00629829783448e-05,0.00163258823051513,0.000155812458546817,2.80474547421426e-05,0,0.000316000447194685,0.00044522476550736,0.000935505516453991,0.0569229883924521,0.00125272630049327,0,0.000250495145495905,0,0.003502737581435,0.0182151548071797,0.0156230517790571,0.00493113246995245,0.00128877055263799,0.000814750822740552,0.025046887193123,0.00191011161999914,0.000716183119147229,0.000820715861074732,4.61156969677745e-05,0,0,0.00130311044164087,0.0160559762560833
0.0394988691296954,0.0246847506232189,0.00957897271188389,6.91827940072976,0.000179070219362757,0.0539702571913671,0.346766229122231,0.051368939514165,4.75193716581528,0.115717237300739,0.00203893364432633,1.28915514926936,0.00365590273190667,0.0695124146969945,0.00114617122131787,1.43398757823513,0.0179021774720475,0.000393791624222735,0.00308799962046867,0.935627510255425,0.0509267876462146,1.62139703176918,0.0199567458545111,0,0.00818782983808141,0.0062718559166697,0.0937915906173141,2.1935517489477,0.119405962700463,0.081102856261148,0.000985643128765137,0.00156725709245488,0.0455752005254013,0.0954325115918939,0.00401489447228505,0.172034450449059,0.0335657231929658,0.124094632424229,0.0914874094839332,0.0106238063767568,0.00188361258758006,0.00168051230242587,0.0452939119057356,0.00447391332228431,0.0266283241280126,0.0358788690513097,0.00523788877063657,0.0029881352425093,0.000222698707850136,0.0165482400742577,0.000605385744743281,9.55064859266969e-05,0.00775953584982626,0.000219404608739625,0.00521312679643541,0.0158069049819301,0.0110500518992241,0.038092321891497,0.00836822354948411,0.000293111918715503,0.00273937867676461,6.12369325950443e-05,0.0184709734625697,0.000539142075342714,0.0498212409908486,6.56008136569824e-05,0,7.9688333300818e-05,0.00421733331896787,0.00795359804307409,0.0181655123013158,0.00508145810714114,0.0864277114394379,6.163924149305e-05,0.000157608582709928,0.00217256952265074,0.0368136939836155,0.0328996464941623,0.015089653207879,4.1654706328091e-05,0.000667699457158602,0.00514987740681472,0.0331314288590269,0.00160220699592122
0,1.56107195618625,0.00157672702485309,0.000118975146934572,0,0,0.000136264764298318,0.000236476305743484,0.0638644523075406,0.000287275719890569,1.166127464134,0.000195982691975864,2.2535797337665,0.000814346742768635,0,0.0105531748375972,0.00631414507367241,0.0892394893846444,0.0601233958811997,0,0.000314954741086846,0.270853171285596,0.00125097398849331,0.00818782983808141,0,0.0813909382834946,0.846073937373294,0.000547264550761897,0.0013809188322361,0.00032976429843504,0.357947287566347,0.00019259073639612,0.000360138213207085,0.0447170815692669,0.000178282198437311,0.0313977230662684,0.65134011825873,0.279340564803455,0.0609481167285659,0.000229663722359675,0,0.463846721108552,0.00522968228804882,0.0424343522912483,0.0440800531659255,0.0127077221984729,7.77648219975682e-05,0,0.000998862126837842,0,0.170072343538257,0.00373183441744382,0,0,9.62924987866478e-05,0.000279458995365569,4.11854063231288e-05,0.00235419649188499,0,0.0365903507076863,0,0.0521471156338593,9.40510513450649e-05,0,0.000875496909526378,0.0133108831211049,0.0196321355509038,0.0295223447034532,0,0.00017270820177287,0.0106691088660723,0.000552901087945711,0.000401238873278753,0.372807130342805,0.0422805249160325,0.0555016723432394,0.000207351490367191,9.02452094923636e-05,0,0.0289145062181414,0,0,0.00679778412897592,6.20677673060999e-05
0.0159576176308827,0.0474472218247677,1.46816910609187,4.62604537412393e-05,4.49054078619274e-05,0.000438095385592374,0.0179168400462387,0.0071746666965801,0.0138755977308903,0.000363359416347212,0.415612159317643,0.000104471198563156,0.0232386296668906,0.009582217949121,3.16260392016396e-05,0.00663582700439637,0.767101371305572,0.761961772668662,1.90016148338318,0.000128102199729727,0.0183534919934172,0.0295869457035936,0.0816852087455416,0.0062718559166697,0.0813909382834946,0,1.77707004431935,0.00972505709314934,0.00481263269645205,0.0136852212095629,0.429885200739669,0.000500570931430737,0.000232536377497484,0.0927208382574546,0.000818916485450949,0.0270090689111099,0.101010103465981,0.226104195288329,0.0437585532820661,0.000150330303253136,0.000141490269971532,0.00211028226792839,0.00516784837028017,0.0106170888582844,0.0227099684516592,0.00751990632436987,0.000110670966564352,4.26153787679603e-05,7.05395645059881e-05,3.42626599541076e-05,0.0356981042598323,0.0052143400209613,0,0,4.64075989188096e-05,4.59014210810508e-05,4.06738099844833e-05,0.000864031975731582,0,0.00564842533459007,0,0.01327007064367,6.60305740414055e-05,6.28750609936728e-05,0.000768099663646868,0.00886753065852712,0.00704789203778401,0.0153405554311106,0,0.000260934444131309,0.00227425861246216,0.0015354652521554,0.000452041442320182,0.0235885509088556,0.0372067052017773,0.0498729897054636,8.57178079986158e-05,6.54290180035315e-05,0.000207711100441545,0.00553990055906331,7.14734907123205e-05,0,0.00521262535442697,0.000357647400392808
0.0105891623551714,0.951221454852502,1.67412967686053,0.00019639426456404,0,0.000936567574503729,0.0215061411568855,0.00577493075026547,0.0723813508691181,0.00134746070078488,0.147989805395699,0.000180483959507061,0.456259939182428,0.00823695738639449,0.000798687434493467,0.760820508190046,0.465231384386179,0.0749102760500076,0.198102607555682,0.000332749908213865,0.0651738426104636,0.866772183983279,1.10624124758719,0.0937915906173141,0.846073937373294,1.77707004431935,0,0.0725348566524956,0.00613295441162433,0.0158338288346237,0.442253208748986,0.000230498481961808,0.0011291515141978,0.2788513429245,0.019618262232865,0.265964536182745,0.145295263416334,0.67847233750936,0.21433778132713,0.0026583213601573,0.00129529768058474,0.0039322443370778,0.0426030471432309,0.0209487035804835,0.0532918358601283,0.021272832243992,0.0020767432340494,0.000173358849212121,0.000495109966257655,0.000121113533395975,0.0452828128128958,0.0252710436044308,0,6.57175183195217e-05,4.82700180732007e-05,0.000987542088933196,0.000182942425651775,0.00250536434299319,0,0.00567303693384762,0,0.0128436572734531,0.000251408138362516,0.000910884010811064,0.0349387113453426,0.0195189098633689,0.0056067565611759,0.0172911321701119,3.7950367884009e-05,0.00607480382983749,0.0349807451462872,0.0413682483517116,0.0030000171893199,0.0293239028938126,0.0468188288928962,0.145212765469799,0.00154509862199281,0.00039792719895759,0.000662209049886938,0.00393164559687961,2.08588476701339e-05,6.94066426199166e-05,0.0093572574417405,0.0116310022509498
0.0609115989342753,0.0014965297134121,0.0841438458068421,1.75053636907077,0.000407714053676397,0.0980339032399371,2.93390659217458,0.0635754358433806,0.26080352482131,1.48168883147549,0.00129555953105192,0.136999544474369,0.00234596554805628,0.0877970592648258,0.000796612391493069,0.337144811917861,0.0261850984127846,0.000198745514945143,0.00268782575947452,0.640333871218268,0.986248770148816,0.0364486103632852,0.239885435922311,2.1935517489477,0.000547264550761897,0.00972505709314934,0.0725348566524956,0,0.124776837284482,1.38517550660364,9.37921472211507e-05,0.00185549416577735,0.0464956575226649,0.15576764089452,0.00692033659125765,0.181158101463829,0.0291022645849288,0.153329744175292,0.0899269161519268,0.0106780956358212,0.00216706257526883,0.00109507867298605,0.024107879886451,0.00230021431755591,0.0116301735624926,0.0176802481408889,0.00172213804999994,0.000384835594545524,0.000119552768780903,0.00719806519056896,0.000512594040136389,0.000258267552361485,0.0295293616443477,0,0.0017187689017506,0.00575724151080486,0.00404677035465029,0.0155008527959424,0.00276290819342361,0.000579765069900277,0.00100536708646005,0.000188198878592368,0.00718225391660857,0.000225309602647776,0.0180794445476655,0.000264425737588292,0,5.15948113675264e-05,0.0161581091294358,0.00556842739932636,0.00552541667959902,0.00297676494414517,0.0565805203731592,0.000115136394139178,9.43035038454255e-05,0.00181306175738621,0.0277318715251577,0.0144611078080458,0.0084057470775582,0,0.000254720638802986,0.00268218255532946,0.0138515389442799,0.00353162017453497
