0,0.000209083903400225,9.55227179242485e-05,0.0114209452014024,0,0,3.0470089422697,0.0310703761612542,0.0261296776921307,0.029035729803898,0,0.00133760715601687,4.10223905483514e-05,2.50657121565052,0,0.000328694554958615,0,0,0,0.13721375208784,0.00518607757816437,0.000395969106445281,0.00249633294283379,0.0370449397420859,6.28480959794591e-05,0,0.000135537350806292,0.0924170403603941,2.86213914806153,0.614902175606307,0,0.000249436684554528,0.201394021124153,0.0782212725678403,3.95061315338887e-05,0.0151724831633793,0.00240135437579992,0.00721278683807819,0.0121488082930172,0.00208514831468931,0,0,0.000407276391802765,0,0.000114282255030657,0,0,0,0,0,8.36423752945577e-05,0,0,0,0,0.000594953363995819,0,0.00530777495717821,0,0,0,0,0,0,0.000659495884789809,0,0,0,0,0.000638696126457675,0.00143143086346243,6.92849008940158e-05,0.00365700431382581,0,0,0,0.00499918200597498,0.000357269129971145,0.00101938445954592,0,0,0,0.000185300521570765,0
0.000209083903400225,0,0.00175162703880515,0,0,0,0.000191194435313472,0,0.0508992859609734,0,0.00814052580139068,0,0.0376078328809148,0,0,0.0535357691371036,0.000450758874745193,0,0.00417939853777875,0,0.00135715498515049,0.744271046430931,0.00136315682525332,0.0283953657051476,1.40135931054227,0.0192821948018807,1.44454804945018,0.00463863284329063,0.000377563317215671,0.000553425608570777,0.00146699818019047,0,0.0006642900101287,0.00108011324965218,0,0.00239638833978452,0.0177427114153776,0.00703411737006781,0.000623044241105951,0,0,0,0,0.0011486459018563,0.00155501171027083,0,0,0,0,0,0.466938137369398,0.00414689130070766,0,0,0,0,0,0.0103079941150342,0,0.00121596124009648,0,0.00124291743388989,0.000186254360098087,0,0.00688563019836991,0.000726983320984247,0.00109188658160025,0.00361373874275436,0,0,0.115612660886741,0.000558405196115675,0.00181457748030736,0.119463235537148,0.0305797916660414,0.127130459223877,0.000181437709914281,9.10500614868404e-05,0,0.000187718184391481,0,0,0.00122638389396347,0
9.55227179242485e-05,0.00175162703880515,0,0,0,0,0.00695481698549995,0,0.000185003523886286,0,0,0,0,0,0,0.0123156945398069,2.28455727473295,0,0.00124148943976414,0,0.0663759105040485,0.00346393080298725,4.13726243262624,0.000985066198062097,0.000188839993242627,1.06431405797233,2.0443250988242,0.0248572640929041,0,0.0103707212351628,0,0,0.000412281306600221,0.0079685703961349,0.000185400760057427,0.0394438324082032,0.151828504225657,0.0728111767184792,0.0325151880846165,0,0,0.000317004636922033,0.00013387118854287,0,0,0,0,0,0,0,0,0,0,0,0,0,0,0,0,0,0,0,0,0,0,0,0,0,0,0,6.70913928031164e-05,0,0.000169676960081654,0,0,8.76983410792922e-05,0,0,0,0,0,0,0,0
0.0114209452014024,0,0,0,0,0.00019995488475464,0.0345681416213805,0.000779661896901162,0.0196081918970814,0.794669815324824,0,0.459629735728649,0,0.000218719726666639,0,0,0,0,0,5.09242199832722,0,0,0,2.33571275630442,0,0,0,1.94647836934401,0.0116602630748641,4.68112334641255e-05,0,0,0.00307852531100713,0.000326996134821133,0,0,0,0,0,0,0,0,0,0,0,0,0,0,0,0,0,0,0.650717158823489,0,0,0,0,0,0.00531013054560862,0,0,0,0.000356399622408407,0,0,0,0,0,0.0124651232248134,0,0,0,0.00629441375532305,0,0,0,0.00786770518868207,0,0,0,0,0,0.000326532139603994,0
0,0,0,0,0,0.857708748808764,0,0.166894480516434,0,0,0,0,0,0.0357819177358859,0.0057740886695683,0,0,0,0,0,0,0,0,0,0,0,0,0,0.113963470069553,0,0,2.08839089120882,0,0.00884396660502492,0,0,0,0,0,0.357498458625615,3.80160090030444,0,0,0,0,0,0,0,0,0,0,0,0,0,0,0,0,0,0,0,0,0,0,0,0,0,0,0,0,0,0,0,0,0,0,0,0,0,0,0,0,0,0,0
0,0,0,0.00019995488475464,0.857708748808764,0,0.0013881298907927,2.24162862007983,0,0.116328502712863,0,0.252855389807001,0,0.184343322031645,0.581820197209327,0.000481734797459769,0,0,0,0.0220634069469038,0,0,4.64076350143242e-05,0.000314583329189971,0,0,0,6.83616225340446e-05,0.237653568491353,0,0,0.259696521239997,0,0.0396016929403965,0.44244098898043,0.00181605409624571,0.000283811997661681,0.00128029851651576,0.000735726501885934,0.391470016481681,0.0612114637438974,0,0.000294408863249939,9.64509102011069e-05,6.47780190663277e-05,0.000234117838231844,0,0,0,0,0,0,0,0,0,0,0,0,0,0,0,0,0,0,0,0,0,0,0,4.24663249457484e-05,0,2.80996516192921e-05,0,0,0,0,2.70098824777087e-05,0,0,0,0,0,0.000140007308173479,0.00115778717416575
3.0470089422697,0.000191194435313472,0.00695481698549995,0.0345681416213805,0,0.0013881298907927,0,0.172237447601249,0.0878761893834233,1.61508313100639,0,0.00147169679909459,2.28879217700512e-05,0.751103298021939,0,0.00232851326971517,0.000274959868911566,0,0,0.178445323226105,0.029595927382135,0.00246505379657246,0.0260471109105724,0.219611293942435,7.70993178516915e-05,9.68106342373908e-05,0.00117212964891822,4.76627167807229,0.208072496603419,1.87488362153331,0,0,0.0242246417857977,0.0282615639216161,0.000245973933679245,0.0302156574798472,0.0134820524014137,0.0118699531875002,0.00714284775187376,0.000152598913569918,0,0.000140551937820924,0.00113125478138255,0,0,0,0,0,0,0.00024947740354684,0.00021882346960935,0.000232966865404163,0,0,0,0.000387874231016536,0,0.0105589761740212,0,0,0,0,0.000209486082683017,0,0.000210757711047254,0,0,0,0,0.000669439920705407,0.0016499665081939,0.000102500967759592,0.00835794552012259,5.94802794346011e-05,0,3.99847292095325e-05,0.0132375036059313,0.000189368636695705,0.00150333255331913,0,0,0,0.000433963873403316,3.08347447117183e-05
0.0310703761612542,0,0,0.000779661896901162,0.166894480516434,2.24162862007983,0.172237447601249,0,0.000216667945622237,0.409556096695064,0,0.00060603376164161,0,1.68174640616314,0.00138320020933161,0,0,0,0,0.0210230869249894,4.37078638362495e-05,0,0.000130701945889868,0.0111439641296296,0,0,0,0.00229597067057462,0.169881776717516,0.00103140345387857,0,0.0486527355945517,0.000358347249375219,0.00139184623387456,0,0.000157056629925446,0,0,9.63492655306139e-05,0.0008827960545323,0.0110127834002377,0,0,0,0,0,0,0,0,0,0,0,0,0,0,0,0,0,0,0,0,0,0,0,0,0,0,0,0,0,0,0,0,0,0,0,0,0,0,0,0,0,0,0
0.0261296776921307,0.0508992859609734,0.000185003523886286,0.0196081918970814,0,0,0.0878761893834233,0.000216667945622237,0,0.00159702661726865,0.00095114459217074,0.266779805349708,0.00283731943166504,0.000271725313940516,0.0271987918935515,0.0756831904040425,0,0,5.89297418367991e-05,0.0574987398440385,0.00545410392592323,1.28485577241921,0.00181189542128262,3.63297150393998,0.0273057853057205,0.00108177743237869,0.0109298213939333,0.444636259603964,0.0128939029474836,0.0427630442632809,0.000277831106696063,0,0.015732224863137,0.0319167183490168,0,0.0521923244102477,0.00627199318853869,0.00776495303407451,0.0109655521915953,1.09883017289721,0,0.000209062307153474,0.00655856337071571,0.000158938697120761,0.00396060883404361,0.00383081378395722,0,0,0,0.0079916677680105,0.0282874273564032,0.000712027008057631,0,0,0,0.00816919958986399,0.000585538415920465,0.586715545293682,0,0,0,0.000277434144748994,0.00194586717905651,0,0.0606104848559385,8.79036883009157e-05,0,0,0,0.00742374562936076,0.641397872876255,0.00323140302272099,0.092236546680855,0.0134871946185698,0.00080591627185969,0.00976687455477687,0.0879263374463448,0.00363378194920198,0.0141852523826677,0,0,0.00264006848990671,0.00319980371108318,3.6624387399455e-05
0.029035729803898,0,0,0.794669815324824,0,0.116328502712863,1.61508313100639,0.409556096695064,0.00159702661726865,0,0,0.786880407834723,0,0.729699422680551,0,0,0,0,0,2.4623443764493,0.000102445772515763,3.21431981989853e-05,0,0.0958467319030223,0,0,0,0.857120437435077,0.031194711232116,0.000587717660828968,0,0,0.00305905568965299,0.00158671430178264,0.0820472362305068,0,0,0,0,0.000335477129128389,0,0,0,0,0,0,0,0,0,0,0,0,0,0,0,0,0,0,0,0,0,0,0,0,0,0,0,0,0,0,0,0,0,0,0,0,0,0,0,0,0,0,0,0
0,0.00814052580139068,0,0,0,0,0,0,0.00095114459217074,0,0,0,2.06426272095776,0,0,0.000800601971843388,0.0460438548451578,0.317940898736949,1.67053916820612,0,2.94565743317135e-05,0.00293654969904981,2.57838172196513e-05,0.000948928927346431,0.304552052430718,0.115425765423801,0.036593223241545,0.000153182684091075,0.00508157345759829,0,0.116079229387651,0,6.50560818576456e-05,0.3097311614412,0,0.000671149051960146,0.779232351276253,0.452545262460951,0.00871840404339026,0,0,0.0019184374333265,5.14020157578463e-05,0.000238070428270502,0.000277421188524526,0,0,0,0,0,0.0032174279306101,0,0,0,0,0,0,0,0,0.000140294476656542,0,0.000891468513457151,0,0,7.72932368987974e-05,0,0,0.000295039671935314,0,0,0.000761345541138258,0,2.6006408783032e-05,0.0100687270204466,0.00428005225203221,0.00338843195519531,0,0,0,5.8230951242671e-05,0,0,8.2872095840951e-05,0
0.00133760715601687,0,0,0.459629735728649,0,0.252855389807001,0.00147169679909459,0.00060603376164161,0.266779805349708,0.786880407834723,0,0,0,0,0.325727661489986,0,0,0,0,4.69894585656608,3.29908510243622e-05,0,0,1.06748683762489,0,0,0,0.000867111136214533,0.00476297450988822,0,0,0,0.00127661263939239,0.000358683890146046,0.282241963963085,0.000651695465530233,0,0,0.000273911126562189,0.0874031819996914,0,0,0,0,0,0,0,0,0,0,0,0,0,0,0,0,0,0,0,0,0,0,0,0,0,0,0,0,0,0,0,9.14895898087012e-05,0,0,0,0,0,0,0,0,0,0,0,0.00103722654959313
4.10223905483514e-05,0.0376078328809148,0,0,0,0,2.28879217700512e-05,0,0.00283731943166504,0,2.06426272095776,0,0,0,0,0.00278323166071853,0,0,0.00169627573526328,0,0.000152339135956595,0.0127333051995649,0,0.00269908078523612,6.07990978921148,0.229608047625538,0.918557817578897,0.000534342225305472,0,0.000162530784231393,3.08175184968082,0,0,0.000901808708878734,0,0.0371744404523755,0.337439359380073,0.0437317813678926,0.000904340092460743,0,0,0.0579466325759925,0,0.000328709563732071,0.000357520830669616,0,0,0,0,0,0.00738961247097087,0,0,0,0,0,0,0.000642082399062929,0,0.000500237466466294,0,1.55314205205357,0,0,0.000463269076380564,0,0.000230445691408853,0,0,0,0.00234519021432712,0,0,0.0250581959379118,0.00554847419243297,0.00373509020039259,3.92241570751057e-05,0,0,0.0027345198731192,0,0,0,0
2.50657121565052,0,0,0.000218719726666639,0.0357819177358859,0.184343322031645,0.751103298021939,1.68174640616314,0.000271725313940516,0.729699422680551,0,0,0,0,0,0,0,0,0,0.00546301545453252,0.000504573326547115,6.75169351412647e-05,0.000145934882561795,0.00108754820621944,0,0,0,0.00296954150319405,3.00362247237277,0.00667417266663167,0,0.197857032566154,0.00437899223469978,0.00544437656161127,0,0.000245579262716448,0,7.9347377333768e-05,0.000165792193940195,0,0.00450354922182852,0,2.74135183559964e-05,0,0,0,0,0,0,0,0,0,0,0,0,0,0,3.57425121093966e-05,0,0,0,0,0,0,0,0,0,0,0,0,0.000350158419992058,1.99760869222265e-05,3.59806484713423e-05,0,0,0,3.59862363678467e-05,0,0,0,0,0,9.58719392786861e-05,0
0,0,0,0,0.0057740886695683,0.581820197209327,0,0.00138320020933161,0.0271987918935515,0,0,0.325727661489986,0,0,0,0,0,0,0,0,0,0,0.000137325821384062,0,0,0,0,0,0.000317711377809692,0,0,0,0,0,0.182156767181676,0.000596654842970473,0.00114363781038123,0,0.000644492458218909,0.489049393942207,0,0,0.000249683264369255,0.000720765786802545,0.000418643312441838,0,0,0,0,0.000857516449999887,0,0,0,0,0,0,0,0,0,0,0,0,0,0.00287949195747772,0,0,0,0,0,0,0,0,0,0,0,0,0,0,0,0,0,0,0,0.00158760689472967
0.000328694554958615,0.0535357691371036,0.0123156945398069,0,0,0.000481734797459769,0.00232851326971517,0,0.0756831904040425,0,0.000800601971843388,0,0.00278323166071853,0,0,0,0.00245178275151429,0,0.000257167286177707,0,0.992742893866887,4.76575702323409,2.77115674029985,0.425866958183906,0.01374413590041,0.00149840213037516,0.786751186571953,0.376168780621375,0,0.00634663587329745,9.18048703221208e-05,0,0.000116993028492947,0.0253365696570058,0.00127116329644587,0.17916693310361,0.146355992671854,0.12474294884027,0.0924707571436043,0,0,0,0.00245516549820624,0.000936430962807114,0.000586734455345012,0.00219115251682249,0,0,0,0,0.00462737845247623,0,0,0,0.00013771987100908,0,0,0.0066828407570015,0,0,0,0,0,0,0.00511180499544349,0,0,0,0,0.00112742500664285,0.073961237049246,0.000368762845782956,0.00105063307456009,0.00175727628884013,0.000330957805462571,0.00159405640171237,0.000988313302823049,2.66733600983102e-05,0,0,0,0,0,0.000241166313829233
0,0.000450758874745193,2.28455727473295,0,0,0,0.000274959868911566,0,0,0,0.0460438548451578,0,0,0,0,0.00245178275151429,0,0.00812963253151803,0.164406664736568,0,0.00791497501601683,0.000311387750514481,1.66910287320416,2.60605432367677e-05,0,1.34108354522829,0.0802514853035046,0.00107447136154101,0,0.000718748303671788,0,0,0,0.164964520556411,0,0.00266656373228844,0.0151364306341204,0.0082034736489311,0.0025275019176621,0,0,0.000190792779296123,0,0,0,0,0,0,0,0,0,0,0,0,0,0,0,0,0,0,0,0,0,0,0,0,0,0,0,0,0,0,0,0,0,0,0,0,0,0,0,0,0,0
0,0,0,0,0,0,0,0,0,0,0.317940898736949,0,0,0,0,0,0.00812963253151803,0,1.19503786289808,0,0,0,0,0,0.000283404891601275,0.444423336029279,0.000807053312425196,0,0,0,0,0,0,0.000129377924063395,0,0,0.00162581029286361,0.00257814068269484,0,0,0,0,0,0,0,0,0,0,0,0,0,0,0,0,0,0,0,0,0,0,0,0,0,0,0,0,0,0,0,0,0,0,0,0.00085749371926348,0,0,0,0,0,0,0,0,0,0
0,0.00417939853777875,0.00124148943976414,0,0,0,0,0,5.89297418367991e-05,0,1.67053916820612,0,0.00169627573526328,0,0,0.000257167286177707,0.164406664736568,1.19503786289808,0,0,0.000168987803650326,0.000304123700709848,6.74926608228953e-05,0.000211753532942928,0.0171020831086957,2.32336105739689,0.0241561717373419,2.20503355326846e-05,0,0,0,0,0,0.493285256362879,0,0.00211192431216145,0.320596511011775,0.314238960100383,0.0372530070980641,0,0,0,0,0,7.86989622410467e-05,0,0,0,0,0,0.00142393663754924,0,0,0,0,0,0,0,0,0.000313564367416488,0,0.000232111093753997,0,0,0,0,0,0,0,0,0,0,0,0.0104607063153917,0.00283493044832426,0.0014560355793673,0,0,0,0.00039113851340263,0,0,0,0
0.13721375208784,0,0,5.09242199832722,0,0.0220634069469038,0.178445323226105,0.0210230869249894,0.0574987398440385,2.4623443764493,0,4.69894585656608,0,0.00546301545453252,0,0,0,0,0,0,0.000681059575168355,0,0,1.64900051325215,0,0,0,0.10771415947485,0.136805018432765,0.00263395483795931,0,0,0.033646792246702,0.00366652127345272,0,0.000162741413666966,0,0,0,0.00297276439039167,0,0,0,0,0,0,0,0,0,0,0,0,0,0,0,0,0,0,0,0,0,0,0,0,0,0,0,0,0,0,0,0,0,0,0,0,0,0,0,0,0,0,0,0
0.00518607757816437,0.00135715498515049,0.0663759105040485,0,0,0,0.029595927382135,4.37078638362495e-05,0.00545410392592323,0.000102445772515763,2.94565743317135e-05,3.29908510243622e-05,0.000152339135956595,0.000504573326547115,0,0.992742893866887,0.00791497501601683,0,0.000168987803650326,0.000681059575168355,0,0.0927975755052284,6.54740410812464,0.0335011499225148,0.000545898615758362,0.00171782006578425,0.0382793286706632,1.57072807216776,0.766234363917193,2.94755098475,0,0,0.59809545931714,0.341523392835719,0.000959357991267973,0.148030406591533,0.0797062517466838,0.0618447204505236,0.0478658094951368,0.000537157669595914,0,0.000323338680373042,0.000354876056210979,0.000276091163630728,0.000643638671702262,0.000213241462682018,0,0,0,0,0.000197306132250323,0,0,0,0,4.94712325241797e-05,0,0.00306619235736642,0,0,0,0,0,0,0.00199104022217517,0,0,2.72572087632039e-05,0,0.00125878749010637,0.00334419553074317,0,0.00222561289477377,0,0,5.6716500945446e-05,0.00234315176175346,0,0.000249216919475802,0,0,0.000118305660998373,0.000195291660001874,0.000340848403050439
0.000395969106445281,0.744271046430931,0.00346393080298725,0,0,0,0.00246505379657246,0,1.28485577241921,3.21431981989853e-05,0.00293654969904981,0,0.0127333051995649,6.75169351412647e-05,0,4.76575702323409,0.000311387750514481,0,0.000304123700709848,0,0.0927975755052284,0,0.0410651193043812,0.900728809593638,0.112718094079341,0.00377755861737772,1.19037532306318,0.17091474278255,0.00157932422906933,0.0121210678029808,0.000237778474720517,0,0.00322336637399837,0.00860396299557811,0.000145338549274599,0.0451139385527906,0.0320829517796321,0.0110133736700295,0.0150862582373778,0,0,0.00118149700089799,0.00522251843872012,0.000524818718839387,0.00167420732826926,0.0011079171018201,0,0,0,0.000930853725926897,0.2117731651134,0.00449214891572001,0,0,0,0.00161762133956932,0,0.331720389309534,0,0.000121140098187379,0,4.88963860932681e-05,0,0,0.143134759277399,0.000723117899909944,0,0,0,0.00482214937792796,1.71679327724113,0.0034576449218197,0.0560117191756556,0.0376096178907326,0.00320527629413985,0.0537925010342635,0.040118930751382,0.00240057784031888,0.00585175768733638,0,0,0,0.00144045245963598,0.000124988768617355
0.00249633294283379,0.00136315682525332,4.13726243262624,0,0,4.64076350143242e-05,0.0260471109105724,0.000130701945889868,0.00181189542128262,0,2.57838172196513e-05,0,0,0.000145934882561795,0.000137325821384062,2.77115674029985,1.66910287320416,0,6.74926608228953e-05,0,6.54740410812464,0.0410651193043812,0,0.00804561065779926,0.000344878332781349,0.0302054067947179,1.18525650185175,0.195202789571913,0.0817936856270307,0.0572501283393784,0,0,0.0121745404593094,0.107659146518898,0.00427332631607925,0.276602304813733,0.175949811333117,0.195071455601925,0.123689562098596,0,0,0.000377140922933887,0.00214468682474966,0.00117764449575746,0.000141533045578974,0.000284129851687794,0,0,0,0,3.21353383497249e-05,0,0,0,0.000178794877054352,0,0,0.000732908585913479,0,0,0,0,0,0,0.000290190699570037,0,0,0,0,2.48682159883792e-05,0.000466529248934775,0.000330902719799242,0.000314145291215211,0,0,0.000125762131893299,0.000710103983736513,0,0.000230900982709709,0,0,0,7.68620897247628e-05,0.00128110016711203
0.0370449397420859,0.0283953657051476,0.000985066198062097,2.33571275630442,0,0.000314583329189971,0.219611293942435,0.0111439641296296,3.63297150393998,0.0958467319030223,0.000948928927346431,1.06748683762489,0.00269908078523612,0.00108754820621944,0,0.425866958183906,2.60605432367677e-05,0,0.000211753532942928,1.64900051325215,0.0335011499225148,0.900728809593638,0.00804561065779926,0,0.016216472608463,0.00171210446970818,0.0324564933039961,3.12708325388874,0.0546126912302578,0.0527501267884671,8.24579958916645e-05,0,0.0109028694104192,0.032394222775432,0.000139305492005991,0.0435468427617599,0.0184790199234956,0.00990973090875456,0.0144977356960452,0.00213617854142066,0,0,0.00414226770700271,0.000344805496349424,0.00320870776788381,0.00114858643827568,0,0,0,0.002335206712018,0.00487502448468399,0.000413855206553228,0.00210801925727176,0,0,0.00537598332024514,0,0.0935381558778932,0,0,0,0,0.000749129094437836,0,0.0161774101876021,0,0,0,0,0.0045114524837669,0.107742307189598,0.00187133826934746,0.14063344088285,0.00181018730507088,0.000593904508750469,0.00388331159090921,0.0843750771861316,0.00686225889009912,0.0146618961768705,0,0,0.000778210974349013,0.00571321703292159,1.18098663973653e-05
6.28480959794591e-05,1.40135931054227,0.000188839993242627,0,0,0,7.70993178516915e-05,0,0.0273057853057205,0,0.304552052430718,0,6.07990978921148,0,0,0.01374413590041,0,0.000283404891601275,0.0171020831086957,0,0.000545898615758362,0.112718094079341,0.000344878332781349,0.016216472608463,0,0.123806072391345,1.46174603232572,0.00312232460127567,0.000127986416949331,0.000405075645454233,0.0944758748663182,0,0.000515345593833328,0.00254645683623521,0,0.00218775807317588,0.934637025316246,0.058665393571099,0.00436323033242318,0,0,0.11123702626262,0.000609346605176619,0.0163743898694017,0.00417532856270625,0.000825247112192433,0,0,0.000308267420111578,0,0.236851641555484,0.000615203783174721,0,0,0,0,0,0.00149330642814637,0,0.00487397411704441,0,0.123179235645433,0,0,0.00335380533446271,0,0.00488713301449912,0.00817438416668945,0,0,0.0327877265872228,0,0.000618753444182232,0.356896585087316,0.102968134993563,0.112613764475088,0.000317673293859063,0,0,0.00608125070840776,0,0,0.0017040715763563,0
0,0.0192821948018807,1.06431405797233,0,0,0,9.68106342373908e-05,0,0.00108177743237869,0,0.115425765423801,0,0.229608047625538,0,0,0.00149840213037516,1.34108354522829,0.444423336029279,2.32336105739689,0,0.00171782006578425,0.00377755861737772,0.0302054067947179,0.00171210446970818,0.123806072391345,0,2.74724702704282,0.00114441763019311,0,0.00015994697504572,0.54183267422347,0,2.33713750847925e-05,0.0091776143228299,1.56872456049452e-05,0.00775628865896194,0.243160980701912,0.0760402631106908,0.0127941379201157,0,0,0.000123419490202658,0,0.00290381848963945,0.000633335606185865,0,0,0,0,0,0.00582493660762575,0,0,0,0,0,0,0.000211945989820595,0,0.00154489461292446,0,0.00315851802104471,0,0,0.000193980705345494,0,0.000360890857103466,0.00110911478503865,0,0,0.000917905644400224,0,9.07944687827261e-05,0.0624536859074393,0.0227293434924419,0.0208066870540768,0,0,0,0.0014634476523141,0,0,0.000308676649692462,4.57594983852483e-05
0.000135537350806292,1.44454804945018,2.0443250988242,0,0,0,0.00117212964891822,0,0.0109298213939333,0,0.036593223241545,0,0.918557817578897,0,0,0.786751186571953,0.0802514853035046,0.000807053312425196,0.0241561717373419,0,0.0382793286706632,1.19037532306318,1.18525650185175,0.0324564933039961,1.46174603232572,2.74724702704282,0,0.0653454014631951,0.000123142330089768,0.00274472452755717,0.734333888569415,0,0.000168791541549015,0.015691860722549,0.000649747111090433,0.081065918338919,0.339246142167406,0.127574290915287,0.0460215421035851,0,0,0.000503921749602113,0.000575805393031306,0.00416206139348318,0.0012098386364874,0.000305738043480633,0,0,2.70507026646849e-05,0,0.0331000953779923,0.000153395372961944,0,0,0,1.37286162522584e-05,0,0.0016077933747192,0,0.00216194223393277,0,0.00719727793430774,0,0,0.00180713703072353,0,0.00130336965978547,0.00388083970878485,0,0,0.0228151998128764,0,0.000696593254948569,0.0712189785859995,0.0541939772365024,0.0676047472298943,0.000299678433518974,6.6170364802956e-05,1.31489860535113e-05,0.00209594594311589,0,0,0.000428945700664415,0.000330382876133012
0.0924170403603941,0.00463863284329063,0.0248572640929041,1.94647836934401,0,6.83616225340446e-05,4.76627167807229,0.00229597067057462,0.444636259603964,0.857120437435077,0.000153182684091075,0.000867111136214533,0.000534342225305472,0.00296954150319405,0,0.376168780621375,0.00107447136154101,0,2.20503355326846e-05,0.10771415947485,1.57072807216776,0.17091474278255,0.195202789571913,3.12708325388874,0.00312232460127567,0.00114441763019311,0.0653454014631951,0,0.0751445138564725,2.54006997853925,2.59485386093971e-05,0,0.0313175130960712,0.0945761537264597,0.000524280461519943,0.165260636285467,0.0668094976014074,0.0410318855007447,0.0420056293192073,9.05623477705404e-05,0,0.000176001063711344,0.0050030043743275,0.000617479881781513,0.00316149794728214,0.00242434377104973,0,0,0,0.00251782158679244,0.000848467465582789,0.000652120083637395,0.00265992993680103,0,0,0.00869903334471286,0.000501371720884581,0.0762808392576338,1.29013847000755e-05,0,0,0,0.000848436123006335,0,0.0100246441982602,2.57437882989571e-05,0,4.3532135037121e-05,0,0.00880347095921367,0.0551904369247552,0.00318242090727805,0.13346100907813,0.000663376855341305,0.00017098379493051,0.00106466443178194,0.158567974914802,0.00614230441423091,0.0175483553880222,0,0,0.000947004895364578,0.00512846840112885,8.07756051972263e-05
2.86213914806153,0.000377563317215671,0,0.0116602630748641,0.113963470069553,0.237653568491353,0.208072496603419,0.169881776717516,0.0128939029474836,0.031194711232116,0.00508157345759829,0.00476297450988822,0,3.00362247237277,0.000317711377809692,0,0,0,0,0.136805018432765,0.766234363917193,0.00157932422906933,0.0817936856270307,0.0546126912302578,0.000127986416949331,0,0.000123142330089768,0.0751445138564725,0,2.01481060405485,0,0.882957007313425,2.18807060390647,1.99462464081609,2.86668831308247e-05,0.010078661606414,0.00133253781682619,0.122403829281703,0.00669120087936807,0.240000708735736,0.208333205924003,0,0.000135796013618881,0.000251782333125852,0.000534498767225987,0.000199107481781968,0,0,0,0,6.99662500763102e-05,2.75807785588634e-05,0,0,0,0.000304118651775598,0,0.00303249675796154,0,0,0,0,2.49377473762759e-05,0,0.000248651048634505,0,0,0,0,4.72269442372872e-05,0.000684738478258497,0.000116546544937565,0.00463413562572613,6.20714975825289e-05,0,6.7389044992032e-05,0.00656185844894293,0.000228209579424312,0.00117578726981245,0,0,0,0.000256471431406974,0
0.614902175606307,0.000553425608570777,0.0103707212351628,4.68112334641255e-05,0,0,1.87488362153331,0.00103140345387857,0.0427630442632809,0.000587717660828968,0,0,0.000162530784231393,0.00667417266663167,0,0.00634663587329745,0.000718748303671788,0,0,0.00263395483795931,2.94755098475,0.0121210678029808,0.0572501283393784,0.0527501267884671,0.000405075645454233,0.00015994697504572,0.00274472452755717,2.54006997853925,2.01481060405485,0,2.65046682075823e-05,5.18831783845944e-05,0.527879220132746,0.869162901961113,4.32994734227828e-05,0.0910014591432778,0.0251283818163291,0.029569970786405,0.0333292761635743,6.01088240653868e-05,0,0,0.000577363647191957,9.96066600826451e-05,0.000656030939227643,0.000672079604020891,0,0,0,0.00100439978467232,0.000181425022745099,0,0,0,0,0.00119352928286674,0,0.00856407571116951,0,0,0,0,0.000169116118250222,0,0.00212764737066918,0,0,0,0,0.000726530185575971,0.00677336659795536,0.000302877751751425,0.0159577220488515,0.000288411455458447,5.26905289377549e-05,0.000162319670438985,0.0206993698116469,0.000886063438895416,0.00246947358460018,0,0,0.000508836740342087,0.000686308944181024,4.2253829900054e-05
0,0.00146699818019047,0,0,0,0,0,0,0.000277831106696063,0,0.116079229387651,0,3.08175184968082,0,0,9.18048703221208e-05,0,0,0,0,0,0.000237778474720517,0,8.24579958916645e-05,0.0944758748663182,0.54183267422347,0.734333888569415,2.59485386093971e-05,0,2.65046682075823e-05,0,0,0,0.000187441140742678,0,0,0.00510262455181186,0.000509743855204133,0,0,0,0,0,0,0,0,0,0,0,0,0.000454855350776572,0,0,0,0,0,0,0,0,0,0,0.00408949377955252,0,0,0,0,0,0,0,0,0,0,0,0.00381395299896534,0,0.000300714762535735,0,0,0,0.00048733793755339,0,0,0,0
0.000249436684554528,0,0,0,2.08839089120882,0.259696521239997,0,0.0486527355945517,0,0,0,0,0,0.197857032566154,0,0,0,0,0,0,0,0,0,0,0,0,0,0,0.882957007313425,5.18831783845944e-05,0,0,0.000668359088028869,0.279709535013916,0,0,0,0.0138232688691142,0,0.0120697846818879,1.37063779597708,0,0,0,0,0,0,0,0,0,0,0,0,0,0,0,0,0,0,0,0,0,0,0,0,0,0,0,0,0,0,0,0,0,0,0,0,0,0,0,0,0,0,0
0.201394021124153,0.0006642900101287,0.000412281306600221,0.00307852531100713,0,0,0.0242246417857977,0.000358347249375219,0.015732224863137,0.00305905568965299,6.50560818576456e-05,0.00127661263939239,0,0.00437899223469978,0,0.000116993028492947,0,0,0,0.033646792246702,0.59809545931714,0.00322336637399837,0.0121745404593094,0.0109028694104192,0.000515345593833328,2.33713750847925e-05,0.000168791541549015,0.0313175130960712,2.18807060390647,0.527879220132746,0,0.000668359088028869,0,1.28336663971293,0,0.0110853162716233,0.000684603672125004,0.0792431580729463,0.0275544871905908,0.126597441823667,0,0,5.05125524384309e-05,0,0,0,0,0,0,0,0,0,0,0,0,8.99773257915374e-05,0,0.00163924865943393,0,0,0,0,0,0,0.000262815617683205,0,0,0,0,5.4622384690263e-05,0.00176022725414829,0.000378487333761154,0.00316611197483099,0.000110811530925889,0,4.46109376844883e-05,0.00284099704876885,0.000124513064251812,0.000312074961945586,0,0,0,0.000267616436891628,0
0.0782212725678403,0.00108011324965218,0.0079685703961349,0.000326996134821133,0.00884396660502492,0.0396016929403965,0.0282615639216161,0.00139184623387456,0.0319167183490168,0.00158671430178264,0.3097311614412,0.000358683890146046,0.000901808708878734,0.00544437656161127,0,0.0253365696570058,0.164964520556411,0.000129377924063395,0.493285256362879,0.00366652127345272,0.341523392835719,0.00860396299557811,0.107659146518898,0.032394222775432,0.00254645683623521,0.0091776143228299,0.015691860722549,0.0945761537264597,1.99462464081609,0.869162901961113,0.000187441140742678,0.279709535013916,1.28336663971293,0,0.000681614852502608,0.288802901407379,0.458262879695534,4.46095134850604,0.569396461425211,0.278729752127599,0.756223991505409,0.000284723746645107,0.00048442608331881,0.000437864093305068,0.00109186774681284,0.000223868780722556,0,0,0,0.00079933729998867,0.000227775831019751,8.07645807841938e-05,0,0,0,0.00010604883373622,0,0.00601511369557464,0,0,0,0.000110919389671432,6.62860201747998e-05,0,0.000789036407869233,0,0,0,0,0.000910790164864353,0.00477486043994153,0.000241888274300083,0.013088908535274,0.00143172851400855,0.000317329247282129,0.000739066369372099,0.0135045509453004,0.000480340430444718,0.00212268158271977,0.000131651340622234,0,0.000494400260902028,0.000813243790536723,0.000362277357950038
3.95061315338887e-05,0,0.000185400760057427,0,0,0.44244098898043,0.000245973933679245,0,0,0.0820472362305068,0,0.282241963963085,0,0,0.182156767181676,0.00127116329644587,0,0,0,0,0.000959357991267973,0.000145338549274599,0.00427332631607925,0.000139305492005991,0,1.56872456049452e-05,0.000649747111090433,0.000524280461519943,2.86668831308247e-05,4.32994734227828e-05,0,0,0,0.000681614852502608,0,0.063988959378895,0.0239048526724565,0.0116816360165594,0.0204308419500347,0.000749483639702966,0,0,0.0185322023675202,0.013936207382479,0.0105468085983745,0.00694453576571772,0,0,0,0,0,0.000186933494393807,0,0,0.00240800442841591,0.000375040705826449,0,1.15226087604709e-05,0,0,0.00624330430320092,6.85328947777775e-05,0,0.00185825959678841,0.000124790988877172,3.64382037116068e-05,0,0,0,0.00165038485890401,0.000132506907133654,0.00392233038056784,0.000176289451190915,0,2.40368200903399e-05,4.96807886489281e-05,0.000826293361823801,0,0.000319266218859083,0,0,9.31927543515074e-06,0.00142043271561706,0.495602405980761
0.0151724831633793,0.00239638833978452,0.0394438324082032,0,0,0.00181605409624571,0.0302156574798472,0.000157056629925446,0.0521923244102477,0,0.000671149051960146,0.000651695465530233,0.0371744404523755,0.000245579262716448,0.000596654842970473,0.17916693310361,0.00266656373228844,0,0.00211192431216145,0.000162741413666966,0.148030406591533,0.0451139385527906,0.276602304813733,0.0435468427617599,0.00218775807317588,0.00775628865896194,0.081065918338919,0.165260636285467,0.010078661606414,0.0910014591432778,0,0,0.0110853162716233,0.288802901407379,0.063988959378895,0,4.5979261703357,0.880700729321622,0.99643589890991,1.43311703150386,0,0.0316638129473211,0.102820386509904,0.0485054294375026,0.0232193128669896,0.0154752055016958,0,0,0,0.000554262158549257,0.000547854547614051,0.000159750121941355,0,0,3.54248555746108e-05,0.00069764311404204,0.000314355182762377,0.0040615023650052,0,0,5.84108985496258e-05,0.000149304948475937,0.000174415195386619,0.000489516517355605,0.00292534558762977,0.000187847561699227,0,5.3795568832166e-05,0,0.00443842877801853,0.0134498777974873,0.00599727526216616,0.0129960856130941,0.000283838927124729,0.000523120066137358,0.000622680162659534,0.0135390902376982,0.000337688496957559,0.00181160071505656,0,0,0,0.00449811409390915,0.0186994793668165
0.00240135437579992,0.0177427114153776,0.151828504225657,0,0,0.000283811997661681,0.0134820524014137,0,0.00627199318853869,0,0.779232351276253,0,0.337439359380073,0,0.00114363781038123,0.146355992671854,0.0151364306341204,0.00162581029286361,0.320596511011775,0,0.0797062517466838,0.0320829517796321,0.175949811333117,0.0184790199234956,0.934637025316246,0.243160980701912,0.339246142167406,0.0668094976014074,0.00133253781682619,0.0251283818163291,0.00510262455181186,0,0.000684603672125004,0.458262879695534,0.0239048526724565,4.5979261703357,0,3.02585642893795,1.48185642876479,0,0,0.778655452983155,0.0270380047479428,0.0144852686599952,0.00724652297466921,0.00802328145982743,0,0,0,0,0.00627368731749509,0,0,0,4.48832509215152e-05,0.00024541213217965,0,0.00208023545319191,0,0.00103035803118989,0.000405787785300393,0.00394796193120594,0,0.000104327481255566,0.00134239343549792,0,0.00102951755980219,0.00132172765841838,0,0.000521729765921745,0.00458158126168515,0.000816705234268475,0.00242209348592122,0.065528501332483,0.0166466474474386,0.0101208710717733,0.00245970046900683,2.37523156069756e-05,0.000447968233798309,0.00370486515425695,0,0,0.000579615068132691,0.0102064626338165
0.00721278683807819,0.00703411737006781,0.0728111767184792,0,0,0.00128029851651576,0.0118699531875002,0,0.00776495303407451,0,0.452545262460951,0,0.0437317813678926,7.9347377333768e-05,0,0.12474294884027,0.0082034736489311,0.00257814068269484,0.314238960100383,0,0.0618447204505236,0.0110133736700295,0.195071455601925,0.00990973090875456,0.058665393571099,0.0760402631106908,0.127574290915287,0.0410318855007447,0.122403829281703,0.029569970786405,0.000509743855204133,0.0138232688691142,0.0792431580729463,4.46095134850604,0.0116816360165594,0.880700729321622,3.02585642893795,0,3.9269157909178,0.512886894522425,0.263924535085043,0.0723953129247916,0.0134708158612528,0.00741233543783118,0.00282178043317446,0.00681141655747113,0,0,0,0,0.00195274296319178,5.52086487177472e-05,0,0,0.000266034750994789,7.27497281170515e-05,0,0.00203144900751917,0,0,9.43068507934541e-05,0.000617184540884429,0,0.00114382784628646,0.000555264456627214,0,0.000138958062912826,0.000899798091809213,0,0.000358636319826445,0.00311615502629207,0.000287459402864271,0.00275006115873189,0.0168364415691432,0.00631859757593729,0.00416256663705961,0.00285384198024664,0,0.000555686548121695,0.00178500821962624,0,0,0.000653399633912236,0.0076166878449007
0.0121488082930172,0.000623044241105951,0.0325151880846165,0,0,0.000735726501885934,0.00714284775187376,9.63492655306139e-05,0.0109655521915953,0,0.00871840404339026,0.000273911126562189,0.000904340092460743,0.000165792193940195,0.000644492458218909,0.0924707571436043,0.0025275019176621,0,0.0372530070980641,0,0.0478658094951368,0.0150862582373778,0.123689562098596,0.0144977356960452,0.00436323033242318,0.0127941379201157,0.0460215421035851,0.0420056293192073,0.00669120087936807,0.0333292761635743,0,0,0.0275544871905908,0.569396461425211,0.0204308419500347,0.99643589890991,1.48185642876479,3.9269157909178,0,0.189588382071904,0.0133875128006383,0.00108642234827726,0.0187311141508548,0.0226647404355404,0.0125197710092952,0.00709432496139042,0,0,0,0,0.000402302150634384,0.000722580350700401,0,0,0.000125488035693989,0.000704683435477482,0,0.00333986813186033,0,0,0.000245218257188554,0,0,0,0.00121627982614125,0.000171797344623738,0,0.000105971054217456,0,0.00153407278798139,0.00574703993908004,0.00226109903994166,0.00467142488129919,0.00275961957092162,0.00140892046582576,0.00061682581822811,0.00484485470001343,4.81307623111243e-05,0.000534809633451734,0,0,0,0.00183299169204126,0.016142444785697
0.00208514831468931,0,0,0,0.357498458625615,0.391470016481681,0.000152598913569918,0.0008827960545323,1.09883017289721,0.000335477129128389,0,0.0874031819996914,0,0,0.489049393942207,0,0,0,0,0.00297276439039167,0.000537157669595914,0,0,0.00213617854142066,0,0,0,9.05623477705404e-05,0.240000708735736,6.01088240653868e-05,0,0.0120697846818879,0.126597441823667,0.278729752127599,0.000749483639702966,1.43311703150386,0,0.512886894522425,0.189588382071904,0,4.95218052561688,0,0,0.000140084658743558,0.00171461907815257,0.00282107394984084,0,0,0,0,0,0,0,0,0.000257267237938888,0,0,0,0,0,7.89521262950926e-05,0,0,0,0,0,0,0,0,0,0,0.000201692804481285,0,0,0,0,0,0,0,0,0,0,0,0.00282077666309197
0,0,0,0,3.80160090030444,0.0612114637438974,0,0.0110127834002377,0,0,0,0,0,0.00450354922182852,0,0,0,0,0,0,0,0,0,0,0,0,0,0,0.208333205924003,0,0,1.37063779597708,0,0.756223991505409,0,0,0,0.263924535085043,0.0133875128006383,4.95218052561688,0,0,0,0,0,0,0,0,0,0,0,0,0,0,0,0,0,0,0,0,0,0,0,0,0,0,0,0,0,0,0,0,0,0,0,0,0,0,0,0,0,0,0,0
0,0,0.000317004636922033,0,0,0,0.000140551937820924,0,0.000209062307153474,0,0.0019184374333265,0,0.0579466325759925,0,0,0,0.000190792779296123,0,0,0,0.000323338680373042,0.00118149700089799,0.000377140922933887,0,0.11123702626262,0.000123419490202658,0.000503921749602113,0.000176001063711344,0,0,0,0,0,0.000284723746645107,0,0.0316638129473211,0.778655452983155,0.0723953129247916,0.00108642234827726,0,0,0,0,0,0,0,0,0,0,0,0,0,0,0,0,0,0,0,0,0,0,0,0,0,0,0,0,0,0,0,0,0,0,0,0,0,0,0,0,0,0,0,0,0
0.000407276391802765,0,0.00013387118854287,0,0,0.000294408863249939,0.00113125478138255,0,0.00655856337071571,0,5.14020157578463e-05,0,0,2.74135183559964e-05,0.000249683264369255,0.00245516549820624,0,0,0,0,0.000354876056210979,0.00522251843872012,0.00214468682474966,0.00414226770700271,0.000609346605176619,0,0.000575805393031306,0.0050030043743275,0.000135796013618881,0.000577363647191957,0,0,5.05125524384309e-05,0.00048442608331881,0.0185322023675202,0.102820386509904,0.0270380047479428,0.0134708158612528,0.0187311141508548,0,0,0,0,4.45845239298936,1.3660083635221,0.605241035233757,1.08900330071212,0.000133041921769937,0.00173913038452156,0.0076226305916248,0.000514297084588268,0.0327608967372435,0,0,0.000260884659331747,0.0247839924292358,0.00057570792967507,0.014431924864393,0.000127446225384812,0.00404927221313452,0.00154834706570128,0.00111003837555311,0.00147303210815137,0.000423672874570374,0.0648655906817348,0.0148941331064861,0.00125310944592322,0.0135002584828147,0,0.173663433834595,0.0257320090093971,0.273812563053055,0.0336596157765283,0.000882624852759705,0.0117708750560588,0.0202140061985286,0.115741199237676,0.0109352257960553,0.0493591339885751,0.000966098433015232,0,0.00852864724744908,0.538353752542065,0.0697160878946777
0,0.0011486459018563,0,0,0,9.64509102011069e-05,0,0,0.000158938697120761,0,0.000238070428270502,0,0.000328709563732071,0,0.000720765786802545,0.000936430962807114,0,0,0,0,0.000276091163630728,0.000524818718839387,0.00117764449575746,0.000344805496349424,0.0163743898694017,0.00290381848963945,0.00416206139348318,0.000617479881781513,0.000251782333125852,9.96066600826451e-05,0,0,0,0.000437864093305068,0.013936207382479,0.0485054294375026,0.0144852686599952,0.00741233543783118,0.0226647404355404,0.000140084658743558,0,0,4.45845239298936,0,3.9818762646244,1.55859509114619,0,0,0.829081441699778,0.000109188818303114,0.0145817007077589,0.147668283033929,0,0,0.00014983900230843,0.00817134267769659,0.000145805001413136,0.00342617516440911,0,1.24793716168119,0.00106464911989997,0.906745588941579,0,0,0.0321810487779505,0.370453407998511,0.0667229642405322,0.604247066220629,0,0.0581655131583963,0.0119907719439698,0.179521061241179,0.00877477780919663,0.429742735530918,0.32593535159411,0.0700392552800447,0.028169853071622,0.00102328084446109,0.0107531985405839,0.181464721569288,0,0.00099263237931968,0.936058492377219,0.0348235464809976
0.000114282255030657,0.00155501171027083,0,0,0,6.47780190663277e-05,0,0,0.00396060883404361,0,0.000277421188524526,0,0.000357520830669616,0,0.000418643312441838,0.000586734455345012,0,0,7.86989622410467e-05,0,0.000643638671702262,0.00167420732826926,0.000141533045578974,0.00320870776788381,0.00417532856270625,0.000633335606185865,0.0012098386364874,0.00316149794728214,0.000534498767225987,0.000656030939227643,0,0,0,0.00109186774681284,0.0105468085983745,0.0232193128669896,0.00724652297466921,0.00282178043317446,0.0125197710092952,0.00171461907815257,0,0,1.3660083635221,3.9818762646244,0,2.86919264958936,0.0155126106158067,0.0490411585079462,0.028113617083114,0.014680560948802,0.0087804352170803,0.116265087238754,0,0,0.000190953030026239,0.0367119434803542,0.00159818444289794,0.010967926954939,0.000228175867061264,0.627010235208049,0.00094203808004251,0.0287147235705176,0.00339468954825785,0.00063832936911673,0.0425172428951721,0.0674421367626252,0.061127573010226,0.205045963459642,0.000337522108661802,0.218238612631672,0.0236193713384157,0.372362891260754,0.0215103054230061,0.0209364614360105,0.164436414867575,0.0533654191596199,0.0835327991638614,0.0905268000024061,0.0958152977277099,0.0367765486595851,0.00604579155708747,0.0673209102183103,4.32761315023484,0.0203197172252118
