0,0,0.000168751978340143,0.00137982313829705,0.00100421300004379,0.00140884879563435,2.96184141517797,0.102349853943235,0.00218813336485388,0.0293789405087693,0.00167426996938647,5.14605374505933e-05,0,1.62536474472816,0,0,0.000435982832849005,0.000464443193138926,0.00120161795522277,0.00155508579971329,0.00434148504948084,8.65242639725618e-05,0.00361979125702305,0.0035399954693929,9.46432111069784e-05,0.000609304759637663,0.000357530638953113,0.0148570972559183,1.34861606424595,0.594534132260657,0.000356460660148423,0.00250492338036002,0.0161346704376602,0.0354849622332704,0.000154539500575098,0.00251874767028825,0.00298696718204702,0.0239240195756874,0.00767427544852296,0.000373055379258927,0.000152210309415122,0,0,0,0,0.000100883029379817,0,0,0,0,0,0,0,0,0,0,0,0.000468665046843241,0,0,0,0,0,0,0,0,0,0,0,0,0,0,0.000421924182709648,0,0,0,0.000295165620796582,0,0,0,0,0,0,1.49221560834012e-05
0,0,0.110942675798688,0,0,0,3.17925548617118e-05,0.000198924265100131,0.150494852473955,0,0.00913849674705456,0,0.0341565682294549,0.000424827982366649,0,0.137836880827252,0.00650585435354428,0.0114532759417243,0.0199681783950467,0,0.00026153521270092,1.17597723710355,0.00358542132226805,0.0393321117290025,2.53719053510037,0.0834480883920987,2.01290674939323,0.00054672368417594,0.000490927143315562,0.000499841628006618,0.0478951749581588,0,0.00056977238230063,0.00738260778222928,2.49321338752456e-05,0.00343715300224774,0.022610698402714,0.0213456658497057,0.0107264221737327,0,0,0,0,0,0.000745574201810968,0.000309159650245031,0,0,0,0,0.73238231686534,0,0,0,0,0,0,0.0640909402994357,0,0.000785944881915477,0,0.00736926311264191,0,0,0.00496857549715293,0.00315957320209708,0.0010567490316549,0.00147613639232661,0,0,0.3477644144703,0.000353751895102467,0.00422070174980482,0.0641863187464998,0.03342622749383,0.137861726982767,0.000191706676114013,0,0,0.00475118913090236,0,0,0.000848380445102603,0
0.000168751978340143,0.110942675798688,0,0,0,0,0.00221815944482235,0.000306299780210312,0.0218062353503908,0,0.00173841950071598,0,0.00136592147151394,0.000356909564425116,0,0.029837101527737,1.45520067660791,0.00688976815955748,0.118649541167537,0,0.218368532202452,0.0287782514613646,5.57382876224342,0.0184686348909153,0.00644994247205646,1.79559759263711,2.2788682188875,0.0625976341796461,0.00104322227553135,0.0284064887745015,0.00256617690893067,0,0.00183314584970538,0.122457578890813,0.00178605495645219,0.111964557322165,0.355677942706626,0.265908707505568,0.149039859093359,0,0,0,0.0030604772791966,0.0010417290569223,0.00084991896305963,0.00263200574266681,0,0,0,0,0.0307568523713886,0.000121397945101755,0,0,0,0.000143244640443912,0,0.00476875244469539,0,9.38531998904138e-05,0.000372939262112943,0.000292193163175896,3.1030052370347e-05,0,0.000713151855886713,0,0.000116882193063867,0.000157814920153636,0,0.00013829087572683,0.0129995840966559,0.000173790566701628,0.00095226171219948,0.00156550903920909,0.00255863384577991,0.018265647514172,0.000495049186807107,0.000210943213695737,4.01218579904883e-05,0,0,0,0.000443231083460939,0.00178894565599665
0.00137982313829705,0,0,0,0,0.00745993849861667,0.0873229014927623,0.00335453228123843,0.209531592297479,0.775861207456981,5.59647526229439e-05,1.88656545120058,3.51249791667673e-05,0.00611654457924784,0.00601216569686631,0,0,0.000115290194978718,0,8.72476860273178,0,0,0,4.25914359616468,0,5.89502242207549e-05,8.28521307511682e-05,1.52242929304504,0.00486131240722195,0,0,0,0,0.00228438772179373,0,0.000536924344584509,0,0.00210948163420456,0,0.00855484833267596,0,0,0,0,0,0,0,0,0,0,0,0,0.918026283432968,0,0,0,0,0,0,0,0,0,0,0,0,0,0,0,0,0,0,0,0.000632730047114137,0,0,0,0.000578359067009555,0,0,0,0,0,0,0
0.00100421300004379,0,0,0,0,1.99085936417459,0.000273621181548145,0.383332280782862,0.000334580980623235,0,0.000748818844213124,0.000188340507203087,0,0.0206110755306672,0.315788319696712,9.2242566373725e-05,0,0.000108350409719644,0.000309545411740529,0.000260924553553669,0,0,0.00012965896194504,0.000104385546565694,0,0.000712611519382182,0.000119144753200906,0.000641518714526157,0.0659219240827813,0.000427185470000472,0,3.40843740443883,0.00140211079436754,0.389277817906259,5.53777971482746e-05,0.00174219486624849,0.000299391655062607,0.0703576205009642,0.0413217932114979,4.155627582162,6.21488884257479,0,0,0,0,0,0,0,0,0,0,0,0,0,0,0,0,0,0,0,0,0,0,0,0,0,0,0,0,0,0,0,0,0,0,0,0,0,0,0,0,0,0,9.83394291345077e-06
0.00140884879563435,0,0,0.00745993849861667,1.99085936417459,0,0.0996773229990948,1.82757307188456,0.000571276113632087,0.574853768207887,0.000588414623302958,2.09721131845192,0.000349973164690985,0.121190469565181,1.24856927042963,0,6.02186731028117e-05,0.00021164692628325,0.000260934275213558,0.0161007795207296,0,0,0.000132150330510741,0.0037946698042719,0,8.30934132228507e-05,9.88141000644014e-05,0.0134595807541982,0.0195960680178873,0.000440635212150325,7.87821995784886e-05,0.288849042695043,0.0001378253636947,0.0394169319174928,0.689144797755731,0.000227643101674512,0.00134482090056128,0.016553590405846,0.00814190577188385,1.35079936671694,0.153963088224553,0,0.000120120088316515,0.000560133215723902,0.000213856910293627,0.000763553278076839,0,0,0,0,0,0.000178734480603925,0,0,0.000496207125263923,0,0,0,0,0,0.000489739722833396,0,0,0.000771099980960699,0,0,0,0,0,0.000275092988809282,0,0.000278050457593711,0,0,0,0,4.67421939259749e-05,2.58526813298593e-05,0,0,0,0,0,0.00711260015688683
2.96184141517797,3.17925548617118e-05,0.00221815944482235,0.0873229014927623,0.000273621181548145,0.0996773229990948,0,0.356989170399909,0.040834934800251,2.72420923907493,0.00150429652335635,0.00163010031782046,4.95930717212935e-05,0.503989901999813,0,0.000916792316979615,0,0.000310948483978167,0.000466188004979428,0.0177461025248348,0.00982406483775489,0.00101933914545219,0.00665461817650622,0.434421347135938,3.80215883649393e-05,0.00044454714623235,0.00107795461712157,3.82613070438463,0.0974018503037222,1.59643039014018,0.00010747432992402,0.00136102517359735,0.00686635004372147,0.019160925122719,0.000269054187577797,0.00187441460885753,0.000944290403627644,0.0149798598610511,0.00331655283589043,0.001615842911896,9.60835706341229e-05,0,6.88382252889965e-05,0,6.66282375009711e-05,0.000234394631430199,0,0,0,0.000270888613544207,0,0,0.000153002619384675,0,0,0.00124470494154163,0,0.00122985085719545,4.34592743525513e-05,0,0,0,4.74974653929099e-05,0,0.000183783197583241,0,0,0,0,0,0,0,0.00208889239637682,0.000121898147225164,0,2.10675097092488e-05,0.00152386556303919,0.000348284185561543,0,0,0,4.88791174378181e-05,9.39586749723609e-05,7.47417178773768e-05
0.102349853943235,0.000198924265100131,0.000306299780210312,0.00335453228123843,0.383332280782862,1.82757307188456,0.356989170399909,0,0.00133499459549005,0.280285937168756,0.0267702381290347,0.0171717942861206,0.00260717321054871,3.9921229312804,0.0161834179836916,0.000673328597121544,0.000222869281412215,0.00561073730065507,0.00945945966488981,0.005006289573926,0.00197393039509943,0.000399126047105351,0.00282034361878609,0.00698832028749857,0.00191073424863129,0.00483773725988213,0.00415066050213345,0.0186581838188993,0.279162149264113,0.0538742605669269,0.00167687050924707,0.401943722836827,0.00700970022363658,0.311986067358266,0.000258522937623453,0.0045778428161503,0.00724872740789572,0.203979366169358,0.0516688347267376,0.125217159999315,0.152770802736998,0.000407854622332348,0,0,2.44999585468416e-05,0,0,0,0,0,0,0,0,0,0,4.83902515061585e-05,0,0.000301028297924528,0,0,0,0,0,0,0,0,0.000139016075116679,0,0,0,0,0,0.000831021289762192,0.000158572552424068,0.000119790567571015,0.000316036036818867,3.23002467282046e-05,3.02586293791857e-05,2.83138592959984e-05,0,0,7.17566418440493e-05,0,5.91564478562073e-05
0.00218813336485388,0.150494852473955,0.0218062353503908,0.209531592297479,0.000334580980623235,0.000571276113632087,0.040834934800251,0.00133499459549005,0,0.00291512765312952,0.00101413064267992,1.95844234408644,0.00383789724773533,0.00288721920617282,0.520851285389311,0.120265469673458,0.00286613025831547,0.00142915028416658,0.00470362128958669,0.810675430585897,0.00231993760519767,2.4460577211584,0.00293991024988339,5.14151633050193,0.0473050421810791,0.0357525065077527,0.178116563691035,0.133494195356009,0.00678832258077902,0.0359153930831395,0.00813741033193904,0.000305848281750433,0.0170786705108986,0.0158242510651534,0.00555794734353045,0.283484318393312,0.00792174473772572,0.028164107602409,0.0123459178719677,1.89381023650034,0.000477087904252214,0.000877434127611654,0.000863265538109937,0.000145837014037059,0.00596737813513708,0.00399495186478806,0,0,0,0.000682148584804032,0.0547461098264649,0,0,0,0.000235055967541907,0.00401008112764975,0.000101988357342692,0.296176324749158,0.00038669135235518,0,0,0.000368979386515767,0.001157216276175,0,0.0127544158124661,0.000588922983688258,0.00151818854053803,0.000175688550179288,0,0.000450935614611941,0.262530096598008,0.00104116516769436,0.0460879197059073,0.00157807426558376,0.00226641894654523,0.0163182862587763,0.0184700877137275,0.00324104969029311,0.00677353957983255,0.000562616718362413,0,0.00339179867313316,0.00159614418028814,0.00012049874124619
0.0293789405087693,0,0,0.775861207456981,0,0.574853768207887,2.72420923907493,0.280285937168756,0.00291512765312952,0,0.000537569937827248,0.370605671928949,7.55546782396027e-05,0.334294496183814,0,3.95480584629152e-05,4.32068001966269e-05,0,0.000208925276830988,1.99567977708907,5.33502966349711e-05,0,0,0.115438318760925,3.48090825542031e-05,0.000258594986288342,3.86279966013638e-05,0.916820515564029,0.019041831205341,0.000387707964428237,4.39843007792368e-05,0.000611565670338448,0.000250664489913942,0.0082101916038793,0.00149580662386076,4.0697089108976e-05,0.000113483270651753,0.00596663401959903,0.000332266434988366,0.00522036356013767,0,0,0,0,0,0,0,0,0,0,0,0,0.000245811192024398,0,0,2.36189989908536e-05,0,0,0,0,0,0,0,0,0,0,0,0,0,0,0,0,0,0,0,1.10476750313271e-05,0,0,0,0,0,0,0,0
0.00167426996938647,0.00913849674705456,0.00173841950071598,5.59647526229439e-05,0.000748818844213124,0.000588414623302958,0.00150429652335635,0.0267702381290347,0.00101413064267992,0.000537569937827248,0,3.28430119800691e-05,4.65864836454349,0.0264039382701273,0.000318474042480801,8.777622338972e-05,0.0193330392826258,2.83285937691486,0.998517553351073,4.21021872137133e-05,0.000231599390559408,0.00206621685835816,0.00152671168190581,0.000528322841708381,0.877572545388437,1.18064287662744,0.0951097686512529,0.00144732326147979,0.0506430050357821,0.00205649965269443,0.624131994517299,0.0224845425691599,0.0048191427964601,1.23692736137754,0.000597447605086178,0.0566865019641718,1.00069800962562,1.2453975295563,0.067981732041051,0.00140281076406236,0.00180442331953368,0.402071066788581,0.00218849664034401,0.0253526221058188,0.00929099314895764,0.000833433365629972,0,0,0.00436768090975601,0,0.00273676651250952,0,0,0,0,0,0.000149607134296695,6.75211529300654e-05,0.000118061039191923,0.0842398175763204,0,0.0553952509284788,0.000628636120820497,0,0,0.000139110757803704,0.0310299768503806,0.00356872871540181,0,0,0.000401929091444934,2.20905874600875e-05,5.14299700453478e-05,0.113186236890467,0.040885799960635,0.0236702634235834,0,0.000345625749746615,3.29158811705737e-05,0.0714315311428848,0,0,0.00408446148868241,0.000617362760587629
5.14605374505933e-05,0,0,1.88656545120058,0.000188340507203087,2.09721131845192,0.00163010031782046,0.0171717942861206,1.95844234408644,0.370605671928949,3.28430119800691e-05,0,0,0.000920881543281899,0.426118043570744,0,0,0,0.000145747407343796,10.9859605459881,4.45379052987616e-05,0,4.3092874390993e-05,1.3232106292445,0.000144580051282504,0,0,0.0304383769708429,0.00158356639587863,0,4.75539050008578e-05,0.000608743620390454,0.00016774962904937,0.00102054608333156,0.488499101569686,0.039811272426422,0.000675665030526116,0.00103363800286659,0.000340678746990599,0.280823467013038,5.94301055851718e-05,0,0.000584700845017683,0.000372600722035405,0.00130579217111297,0.000638408925363187,0,0,0,0,0,0,0.0023628487069009,0,0,0,0,0,0,0,0,0,0,0,0,0,0,0,0,0,0,5.179904295165e-05,0,0,2.00429441259446e-05,0,0,0.000109641690861059,0,0,0,0,4.24394885631414e-05,0.00362333480685034
0,0.0341565682294549,0.00136592147151394,3.51249791667673e-05,0,0.000349973164690985,4.95930717212935e-05,0.00260717321054871,0.00383789724773533,7.55546782396027e-05,4.65864836454349,0,0,0.00135570112174131,0.000640589693428506,0.00138969789808281,0.00222061059473451,0.0651880714037949,0.0120006097249425,0,0.000990504603487756,0.00662103867927165,0.00600441970372506,0.00150432153249278,2.9407926486318,0.422754790333993,0.592993478888366,0.00170742071348644,0.00291288375159353,0.000617259079565155,4.98903098640806,0.00207608444430308,0.000907613636429287,0.0282169739907888,0.00335072670161856,0.783695645128485,1.3931068938268,0.412967184150536,0.266701435120442,0.00022308261407276,0.00907377047843954,2.70342021525658,0.0155152129395435,0.0158493980517086,0.00864309356931188,0.00792361794793294,0,0,0.00542180718722902,0,0.00396500755026752,0.000387132735831311,0,0,0,9.35851690208643e-05,0.000336828833274248,0.000165446533555609,0,0.0602327870444442,7.66414267458666e-05,0.0408438328638817,0.000221097327149679,0,0.000494028162954992,3.98578192712727e-05,0.0246026396859796,0.00132065968264481,0,0.000617142571195835,0.00271473584395323,0.00119974110469403,9.68088705686765e-05,0.127290999062623,0.0271177317931195,0.0153744856613577,0.000173042286788824,0.000461253803492545,0.000379549032209475,0.0590780389139868,0.000466904986546224,0,0.0123942989603488,0.0049312109158958
1.62536474472816,0.000424827982366649,0.000356909564425116,0.00611654457924784,0.0206110755306672,0.121190469565181,0.503989901999813,3.9921229312804,0.00288721920617282,0.334294496183814,0.0264039382701273,0.000920881543281899,0.00135570112174131,0,0.00116402250878544,0.000276798125146422,0.000561186714313461,0.00603401422522254,0.014574874386776,0.00528831746737686,0.00434967835909947,0.0005875748630563,0.0062765511065335,0.00659284594798832,0.00176440241819256,0.00616180557997612,0.00463703719274983,0.0207790391938944,5.29000140978039,0.326723597358612,0.00199430786894831,0.0737737161355057,0.0284344860219176,0.277602519456804,0.000285976418546468,0.00868022672573242,0.00881792985657766,0.156353800555583,0.0180704487657545,0.011419127238587,0.0144471743419605,0.00109553541062678,0.000183452417969136,4.09814392801993e-05,0.000129489959102311,0,0,0,0,0,0.000245829937786331,0,0,0,0,0,0,0.000566370382533522,0,0,0,8.17302224767258e-05,0,0,0,0,9.38568732382957e-05,8.55541212964467e-05,0,0,5.28124847180862e-05,0,0.000270177073157072,0.000897979670750327,0.000321166139475733,0.000383761302042369,0.000624719503747298,0,2.55538408222328e-05,0.000175153642083523,0,0,0,8.42365164549234e-05
0,0,0,0.00601216569686631,0.315788319696712,1.24856927042963,0,0.0161834179836916,0.520851285389311,0,0.000318474042480801,0.426118043570744,0.000640589693428506,0.00116402250878544,0,0,0,0,0,0.0081563024254404,0,0,0,0.00566999475320155,0,5.06974092263834e-05,0,0,0.00384416355202267,0,0,0.0603604822337642,0,0.00448320183818371,0.162975781630917,0.037650559757481,7.40091828656101e-05,0.00231281526020333,0.00230079183375517,1.94420849871672,0.115448281914484,0,0,0,0.000315500002429827,0.000301254557540272,0,0,0,0,0,0,0,0,0,0,0,0,0,0,0.00148080496131161,0,0,0,0,0,0,0,0,0,0,0,0,0,0,0,0.000140057625611363,0,0,0,0,0,0,0.00151157747425056
0,0.137836880827252,0.029837101527737,0,9.2242566373725e-05,0,0.000916792316979615,0.000673328597121544,0.120265469673458,3.95480584629152e-05,8.777622338972e-05,0,0.00138969789808281,0.000276798125146422,0,0,0.00332889767629397,0.000321506817958354,0.000316428386588625,0,0.364920595469061,7.11646216478685,2.15169813399736,3.56422960782462,0.0084683625572589,0.00397992879106018,1.97282988154898,0.393370326287573,0.00224141908031634,0.0243153556092981,0.000603510197000201,0.00104724661157239,0.00385292166445632,0.0260662944963554,0.0021048181837002,0.063906181914941,0.0603945640813759,0.0812734615687599,0.0422497279974627,0,0.00113951977247504,0,0.00293171763277447,0.00099030335859463,0.00250488582030285,0.000914783603610398,0,0,0,0.000306436121342377,0.0185066922527735,0.000468203782020771,0,0,0,0.000795297901744566,0,0.076067742185529,0,0,0.000100264779009714,0.000416220966614494,0.000541857816638046,0,0.0856257998045984,0.000120652733018745,0,0,0,0.0677750517289255,0.171094350251865,0.000414353927640466,0.0213928992101953,0.0024031050938701,0.00129719085180463,0.00887923599416484,0.00566687976138845,0.000340208413266021,0.00247230202522371,0,0,0,0.000984727438315637,0.00106571001037503
0.000435982832849005,0.00650585435354428,1.45520067660791,0,0,6.02186731028117e-05,0,0.000222869281412215,0.00286613025831547,4.32068001966269e-05,0.0193330392826258,0,0.00222061059473451,0.000561186714313461,0,0.00332889767629397,0,0.020325513710726,2.10948129161649,0,0.0419430614866201,0.00697562961357017,3.05214671746091,0.00223002607811537,0.00429075176982702,1.27559737642605,0.197673309076815,0.00224359801584147,0.00870390783747548,0.00359651947505662,0.00125384667071302,0.000114925337275751,0.000402694907331931,0.155632340077627,0.000617525434922257,0.0767937124603232,0.302574852994871,0.294550554199887,0.137502612730169,0,0,0.0010240158534211,0.000851864965001636,0.000132713022809828,0.000155830934055578,0.00148558277138811,0,0,0,0,0.00480622590163591,0,0,0,0.000277026197396781,0,0,0.000295066020885415,0,0.000139998914283979,0,5.69536427179993e-05,0,0,0,0,0,0,0,0,0.00251722799039703,0.000109712925363332,0.000124435630537652,0.000274516087762304,0.000361448706351564,0.00147500957801994,0.000177244279380203,0,6.44348672454746e-05,0,0,0,5.11474169150958e-05,0.000727442551518758
0.000464443193138926,0.0114532759417243,0.00688976815955748,0.000115290194978718,0.000108350409719644,0.00021164692628325,0.000310948483978167,0.00561073730065507,0.00142915028416658,0,2.83285937691486,0,0.0651880714037949,0.00603401422522254,0,0.000321506817958354,0.020325513710726,0,4.84850012634451,0,0.000248244469055991,0.00500627329525882,0.00187461925384298,0.000807817468791168,0.109060519907327,1.03539063014526,0.112235529743174,9.99808451415305e-05,0.00843771745833884,0.000340378286301675,0.181631603254989,0.00265077199097074,0.00140022205506574,0.0583343388975636,4.87291494460323e-05,0.00686604418405266,0.114809049951524,0.136830771313305,0.0388294258237789,0.000267875852226923,0.000141106462264572,0.0026380114816279,0.000208399159480317,0.00261606952067756,0.0021559941525281,0.000718237301202546,0,0,0,0,0.00402705229326914,0,0,0,0,0,0,0.000100789986730515,0,0.00685285947904277,0,0.00804854517646098,0.000107271985169591,0,0,0,0.0162259775548216,0.0038243604886653,0,0,0.00148089686486668,0,5.52738629190702e-05,0.106199977945051,0.0236879049819399,0.0245050454528163,0,8.01855632575118e-05,0.000102991536112505,0.0229948470408777,0,0.000151856940347176,0.0019413339258178,6.5225788178783e-05
0.00120161795522277,0.0199681783950467,0.118649541167537,0,0.000309545411740529,0.000260934275213558,0.000466188004979428,0.00945945966488981,0.00470362128958669,0.000208925276830988,0.998517553351073,0.000145747407343796,0.0120006097249425,0.014574874386776,0,0.000316428386588625,2.10948129161649,4.84850012634451,0,0.000398093515921951,0.0013275175250939,0.00766160949970057,0.0371445210864658,0.0011062224327377,0.0664688316329282,1.54727510255945,0.164615719471818,0.000497757720742458,0.02125056589222,0.001183619833701,0.0165343584482713,0.00398825830983196,0.00327921919826703,0.317789346186391,0.000284642879898288,0.0265839501595897,0.429475050179444,0.370074189157684,0.0799488182311902,0.000326493362306233,0.000732007197287087,0.0033592754319239,0.000415173284735319,0.00013738107042444,0.00087919701446655,0.00216068190746549,0,0,0,0,0.0145398851374151,0,0,0,0,0,0,0.000618280759939676,0,0.0006636971713967,0,0.00160421283193676,0,0,7.73630500011495e-05,0,0.00394030232316815,0.000799056995955701,0,0,0.00242602377295933,4.21387080152148e-05,0,0.0253997546308241,0.011785027868676,0.0125080880076555,0,0,0,0.00281758930503319,0,0,0.000622338502198993,0.000211309123902604
0.00155508579971329,0,0,8.72476860273178,0.000260924553553669,0.0161007795207296,0.0177461025248348,0.005006289573926,0.810675430585897,1.99567977708907,4.21021872137133e-05,10.9859605459881,0,0.00528831746737686,0.0081563024254404,0,0,0,0.000398093515921951,0,0,0,0,1.28480274700434,0,9.37080515509003e-05,5.71307000933486e-05,0.216435432456266,0.00468008757960905,3.46560444080598e-05,0,0.000372357934265127,0.000261186080528306,0.00165161308070894,0,0.00385407230106406,0.000279120891511643,0.000974248796483095,0.00140303964992344,0.0412489515122492,0,0,0,0,0,0,0,0,0,0,0,0,0.0576765059115363,0,0,0,0,0,0,0,0,0,0,0,0,0,0,0,0,0,0,0,0,0,5.28863853113039e-05,0,0,0,0,0,0,0,0,0
0.00434148504948084,0.00026153521270092,0.218368532202452,0,0,0,0.00982406483775489,0.00197393039509943,0.00231993760519767,5.33502966349711e-05,0.000231599390559408,4.45379052987616e-05,0.000990504603487756,0.00434967835909947,0,0.364920595469061,0.0419430614866201,0.000248244469055991,0.0013275175250939,0,0,0.00645992304402911,8.97231499032785,0.255062781010863,0,0.00625585458836553,0.0462246191423615,4.20494390121081,0.428738432603641,3.21894051013085,5.69629017578822e-05,0.00111382667149075,0.713687616480412,0.235145052897591,0.0050794792423071,0.076099683356528,0.0826787638186062,0.246246199723718,0.0853631311959825,0,0.002003610153201,0.000582848463571307,0.00278379975498222,0.000681802683575072,0.000849987615117183,0.00198030758178735,0,0,6.0506923804121e-05,7.4097075177291e-05,7.88074493838845e-05,3.82562638021548e-05,0,0,0,0,0,0.00342848155362993,0,0,0.000173913913467771,0.000166106045953605,0,0,0.062530685738236,0,0,0,0,0.0113664812949992,0.00332166980868605,0.000320598649852624,0.00379181870611797,0,0,5.70251810864111e-05,0.000834864187250488,0.000153208658355227,0.000238580850721367,0,0,0,0.000413977462013897,0.00153415354090954
8.65242639725618e-05,1.17597723710355,0.0287782514613646,0,0,0,0.00101933914545219,0.000399126047105351,2.4460577211584,0,0.00206621685835816,0,0.00662103867927165,0.0005875748630563,0,7.11646216478685,0.00697562961357017,0.00500627329525882,0.00766160949970057,0,0.00645992304402911,0,0.146484536843709,1.11768316215738,0.15465453856203,0.0329676834427784,1.37296295961793,0.0155991216575768,0.00148232769959077,0.007730330286253,0.0134934416796233,7.72837706149434e-05,0.00271091219251952,0.00892324730719052,0.000267409141109143,0.0120723928608304,0.0197229478989406,0.0225214484552674,0.00849843718922239,0,0,0,0.00151104559098018,0,0.00275930776771915,0.00117591169733533,0,0,0,0.000598991000784598,0.235393074606869,0.000370989469013011,0,0,0,0.000340532333444991,0,0.587758166375969,0,9.04094977931969e-05,0,0.00327709202694512,0.000261131795590515,0,0.0606138172388143,0.00072021349201503,0,0.000284614712731588,0,0.000974666480312907,1.05570147860903,0.00114591389986637,0.070042119533761,0.0255021172867234,0.00407145811475737,0.0446910160816315,0.0325775821397285,0.000585350103076535,0.00213161299754689,0.000789199299700847,0,0.00156086113040338,0.000504756455861791,0.000235043490448895
0.00361979125702305,0.00358542132226805,5.57382876224342,0,0.00012965896194504,0.000132150330510741,0.00665461817650622,0.00282034361878609,0.00293991024988339,0,0.00152671168190581,4.3092874390993e-05,0.00600441970372506,0.0062765511065335,0,2.15169813399736,3.05214671746091,0.00187461925384298,0.0371445210864658,0,8.97231499032785,0.146484536843709,0,0.041544010113938,0.000608727419470108,0.19910857344731,2.83615715407975,0.390683518859013,0.594087499965788,0.26365621656721,0.000105264583167069,0.00131818696898151,0.195840380946321,0.268673057759485,0.0149741403102939,0.266101630702593,0.601883332787491,0.72539123408161,0.277192383950719,5.31777691982656e-05,0.00131124750831014,0.00129152666175071,0.00812196226706844,0.00283497299842853,0.00312020910031994,0.00513675665771024,0,0,0.000127209199267285,0,0.00355126070655391,0.000285422569885386,0,0,3.2147031552035e-05,0.000215410204655692,0,0.00237193363691703,0,1.67079217892967e-05,0.000613904522259005,0,0,0,0.0636092710786129,2.73933584208339e-05,0,4.74953245839897e-05,0,0.0391504201668157,0.00632464782508411,0.000919110186475755,0.00124351759005662,5.68222488498424e-05,0.000249182782646327,0.00281191303024155,0.000452098167399824,0.000206925262127085,0.000560124481312757,0.000142073177615474,0,3.47597253660872e-05,0.00168718756615921,0.00824938600335221
0.0035399954693929,0.0393321117290025,0.0184686348909153,4.25914359616468,0.000104385546565694,0.0037946698042719,0.434421347135938,0.00698832028749857,5.14151633050193,0.115438318760925,0.000528322841708381,1.3232106292445,0.00150432153249278,0.00659284594798832,0.00566999475320155,3.56422960782462,0.00223002607811537,0.000807817468791168,0.0011062224327377,1.28480274700434,0.255062781010863,1.11768316215738,0.041544010113938,0,0.00751263244988804,0.00810867040969838,0.212194417151635,2.79973478680932,0.014840196013914,0.0719898972343099,0.000873077927855048,0.000666660693624619,0.0221319849922023,0.0324266834027445,0.00298063924846053,0.0496028248050431,0.0267890570966209,0.0575078904186684,0.0295318333610242,0.0253696425336108,0.000503817811975408,0.000140336900515604,0.00437748239587742,0.00101116463238927,0.0159809373613847,0.00889583181068373,0,0.000295171712847427,0.000119340310619854,0.01005680568167,0.00360032645801266,0.000231438927346797,0.196906692075898,4.19798434344362e-05,0,0.0161734181716895,0.000603314171819235,0.198923937151836,0.000626277918014173,0.000151549072985653,0,0.000148946223181854,0.00570206005178944,0.000234117918717879,0.00919197466614001,0.000112556885311754,0.000357204799868279,3.19228096820117e-05,0.00990031466355734,0.0011697007547298,0.0915873984164711,0.00055736893152994,0.218906934391871,0.000701230921387273,0.0005033259616376,0.00428684178696776,0.0837843422235369,0.0231305826665782,0.0293742451951556,0.000156822709951747,0.000539251164933764,0.00919377590464961,0.00929862794686577,0.00114999576300609
9.46432111069784e-05,2.53719053510037,0.00644994247205646,0,0,0,3.80215883649393e-05,0.00191073424863129,0.0473050421810791,3.48090825542031e-05,0.877572545388437,0.000144580051282504,2.9407926486318,0.00176440241819256,0,0.0084683625572589,0.00429075176982702,0.109060519907327,0.0664688316329282,0,0,0.15465453856203,0.000608727419470108,0.00751263244988804,0,0.315040429844998,1.21490417288335,0.000256329066689539,0.00346630779712076,0.000206994679417924,0.938404333024388,0.000416265027736833,0.00122695981961756,0.0329434330460012,0.000237477098664673,0.0867807273281023,1.78171410355298,0.325590674177571,0.124749441956679,0,0,4.91468894585025,0.0043687599050672,0.006701799262355,0.00740148652130121,0.0011691305952428,0.000184120968380712,0,0.000836238470614276,0,0.249885512937763,6.01159729108846e-05,0,0.000186013840055746,0,0.000392859812025498,0,0.0110398478959247,0,0.0221660433874931,0,0.0334793021593467,0,0,0.00175285685820054,0.000170890645597765,0.0284195502307115,0.00414964011103434,0,0,0.0482881025846266,0.000351376281852715,0.000489579123821101,0.904350673099341,0.0698980199693319,0.0803359643702459,0,0.000255567871509698,8.26514318146873e-05,0.0710931446309254,0.000249597088082159,0,0.00282509079422737,0.000312827098073547
0.000609304759637663,0.0834480883920987,1.79559759263711,5.89502242207549e-05,0.000712611519382182,8.30934132228507e-05,0.00044454714623235,0.00483773725988213,0.0357525065077527,0.000258594986288342,1.18064287662744,0,0.422754790333993,0.00616180557997612,5.06974092263834e-05,0.00397992879106018,1.27559737642605,1.03539063014526,1.54727510255945,9.37080515509003e-05,0.00625585458836553,0.0329676834427784,0.19910857344731,0.00810867040969838,0.315040429844998,0,2.41195659174658,0.00200742905769567,0.0105847963368084,0.00209081168450692,0.73199620515811,0.00280888869610049,0.0010364755504982,0.11606618332929,0.00061716463308891,0.0342253082001373,0.243308555337523,0.191981576373057,0.0582853412528073,0.000420813896683012,9.1754807081932e-05,0.00392247627707219,0.00101683153796364,0.00385816340883958,0.00486907298063122,0.00100439477483072,0,0,0.000383694419097265,0,0.0680184700032116,2.41720775383441e-05,0,0,0,2.37441978371816e-05,0,0.00400797745560245,0,0.0192580244653067,0,0.0278480851935208,4.75734528848581e-05,0,0.000798769978732849,0.00019031631281825,0.0187019342788436,0.00332556883459832,0,7.74055104180415e-05,0.0109096983927922,0.000142313816246813,0.000812578667022411,0.133298849837834,0.0557944246089751,0.0748153551753238,9.0323947915338e-05,0.00021612722568272,4.51633839938434e-05,0.0415054785670271,2.79217549763817e-05,0,0.00267545940191277,0.000512929460155407
0.000357530638953113,2.01290674939323,2.2788682188875,8.28521307511682e-05,0.000119144753200906,9.88141000644014e-05,0.00107795461712157,0.00415066050213345,0.178116563691035,3.86279966013638e-05,0.0951097686512529,0,0.592993478888366,0.00463703719274983,0,1.97282988154898,0.197673309076815,0.112235529743174,0.164615719471818,5.71307000933486e-05,0.0462246191423615,1.37296295961793,2.83615715407975,0.212194417151635,1.21490417288335,2.41195659174658,0,0.0309000992435705,0.00782120924233645,0.0056088183813376,0.369851090323628,0.0017850187854879,0.00125897831774624,0.19286173721499,0.00380115678434211,0.132163197104143,0.290750475056381,0.347619010765559,0.154216255456362,0.000144126773397555,2.44592909760189e-05,0.00137276931471823,0.00387522551698767,0.00235068761400204,0.00600832291769655,0.00308742487775593,0,0,9.12085793177298e-05,4.21144780959914e-05,0.30104341141479,0.00107958555069765,0,0,6.53967789738344e-05,6.48542258298787e-05,0,0.0295418627160181,0,0.00521753134475198,1.89144637237368e-05,0.0132400951696877,4.51103365305843e-05,0,0.0211833671098317,0.00142352265578399,0.0127151542777586,0.00485345459545974,0,0.000455910625949609,0.174798892201357,0.00277520053066909,0.00501806930453255,0.13698118549894,0.117063054634744,0.358966217696824,0.000725453513398771,0.000405695719279271,0.000249258947397336,0.0119799711968852,6.58064417684541e-05,6.56866785344662e-05,0.00328606746446398,0.00370862099290746
0.0148570972559183,0.00054672368417594,0.0625976341796461,1.52242929304504,0.000641518714526157,0.0134595807541982,3.82613070438463,0.0186581838188993,0.133494195356009,0.916820515564029,0.00144732326147979,0.0304383769708429,0.00170742071348644,0.0207790391938944,0,0.393370326287573,0.00224359801584147,9.99808451415305e-05,0.000497757720742458,0.216435432456266,4.20494390121081,0.0155991216575768,0.390683518859013,2.79973478680932,0.000256329066689539,0.00200742905769567,0.0309000992435705,0,0.0521110093304627,3.16803177005347,0.000140274775556998,0.00204836895917453,0.0663437923584192,0.11623308893655,0.00697562073974238,0.0809101341732334,0.0440518491359914,0.162909257481118,0.0590678249524693,0.00198784975486295,0.00254904487509571,0.000705761790439979,0.00315846380353518,0.000474164447567128,0.0019074846158979,0.00304287572198665,0,0,0.000116904564628679,0.00150584542513175,0.000295300464884024,2.73014098975597e-05,0,0,1.73825000499407e-05,0.00521132225264441,0,0.0322194363418245,0.000105544285431908,1.84101233387782e-05,2.87690778545712e-05,0,0.00061081920377845,0,0.00218629970059805,0,0,0,0,0.000886734849425579,0.00579753952703889,0.000495720873120899,0.0339156997853718,0.000122082599997742,0.00013787138426298,0.000300524212405732,0.0194647588287271,0.00279745308234821,0.0036981345191339,0,5.80088194213405e-05,0.00105934598615649,0.00169455317248334,0.00207064847385547
1.34861606424595,0.000490927143315562,0.00104322227553135,0.00486131240722195,0.0659219240827813,0.0195960680178873,0.0974018503037222,0.279162149264113,0.00678832258077902,0.019041831205341,0.0506430050357821,0.00158356639587863,0.00291288375159353,5.29000140978039,0.00384416355202267,0.00224141908031634,0.00870390783747548,0.00843771745833884,0.02125056589222,0.00468008757960905,0.428738432603641,0.00148232769959077,0.594087499965788,0.014840196013914,0.00346630779712076,0.0105847963368084,0.00782120924233645,0.0521110093304627,0,3.71040489453898,0.00264243290641315,1.2796325343341,4.24061295150615,2.0193439071364,0.00146387209396354,0.0151485215613759,0.0197658623096112,0.683923753636434,0.0713948667064182,0.056523832991532,0.0667863875471504,0.000581701801746895,0.000307314889951447,0.000175798870220685,9.14769279082035e-05,0.000144153492461104,0,0,0,0,3.38888494976954e-05,0,0,0,0.000233295614856153,9.43336499198628e-05,0,0.00270538882830021,0,0.000214137327561303,0,0.000288578963548215,2.05245489566122e-05,0,0,0,7.85869490796298e-05,8.07293439551715e-05,0,2.78632417955703e-05,0.000838769138933498,3.48349222894517e-05,0.0043754853884803,0.00106926116598171,0.000362539009291811,0.000761650876406078,0.00122505032059501,0.00023030919304101,3.98570790355503e-05,7.76380698294752e-05,0,0.00014265395445265,0.000145734086653132,0.00028174264365803
0.594534132260657,0.000499841628006618,0.0284064887745015,0,0.000427185470000472,0.000440635212150325,1.59643039014018,0.0538742605669269,0.0359153930831395,0.000387707964428237,0.00205649965269443,0,0.000617259079565155,0.326723597358612,0,0.0243153556092981,0.00359651947505662,0.000340378286301675,0.001183619833701,3.46560444080598e-05,3.21894051013085,0.007730330286253,0.26365621656721,0.0719898972343099,0.000206994679417924,0.00209081168450692,0.0056088183813376,3.16803177005347,3.71040489453898,0,2.47151004788683e-05,0.00188178436839766,1.33202373686872,0.415081837095242,0.0024735433799522,0.0406644088120722,0.0191978025986172,0.168714268110787,0.0429634377788832,0.00017346222531078,0.00167609288223129,0.000479217620753549,0.00056250706695315,0.00106261983761407,0.000667458835564751,0.000287946242349828,0,0,0,3.11407225738781e-05,0,0,0,0,0,0.000399238733773209,0,0.0270712222414445,0,0,0,0,0.00014631518451818,0,0.00154795387740356,0,3.08986227224497e-05,0,0,8.8006165746557e-05,0.00320057449450676,0.000140408483607237,0.0341917236025906,6.9797986151825e-05,0.000102440476017822,0.00017453590785368,0.0117887318254503,0.000433422168925076,0.000375063349025953,0,0,0.000110702776117389,0.00063443444019034,0.000951585240381194
0.000356460660148423,0.0478951749581588,0.00256617690893067,0,0,7.87821995784886e-05,0.00010747432992402,0.00167687050924707,0.00813741033193904,4.39843007792368e-05,0.624131994517299,4.75539050008578e-05,4.98903098640806,0.00199430786894831,0,0.000603510197000201,0.00125384667071302,0.181631603254989,0.0165343584482713,0,5.69629017578822e-05,0.0134934416796233,0.000105264583167069,0.000873077927855048,0.938404333024388,0.73199620515811,0.369851090323628,0.000140274775556998,0.00264243290641315,2.47151004788683e-05,0,0.00226733077128344,0.00100699556914364,0.0198292983967617,0.000177281694760463,0.0179747381328519,0.179509175750045,0.136889450562558,0.0725549335943914,8.13208732588222e-05,0.000197243300542866,0.0152673326144546,0.000496430085113839,0.00761738248697278,0.00262834916612992,0.000153735809916258,0,0,0.00146676947149189,0,0.015579281154949,5.92895605778599e-05,0,0,0,4.53527099178591e-05,0.000139215827333249,0.00187338846893642,0,0.0211139719181697,0,0.039356950586679,4.09350415430817e-05,0,0,0,0.0264670472895237,0.0050957671683025,0,0,0.00200007175836247,3.40449313011638e-05,5.43683809035161e-05,0.354961975190614,0.0288041456755954,0.016786514422626,0.000109747419595395,0.000357578555724283,0,0.104948875001476,0,0,0.00170075528759008,0.000127081243013359
0.00250492338036002,0,0,0,3.40843740443883,0.288849042695043,0.00136102517359735,0.401943722836827,0.000305848281750433,0.000611565670338448,0.0224845425691599,0.000608743620390454,0.00207608444430308,0.0737737161355057,0.0603604822337642,0.00104724661157239,0.000114925337275751,0.00265077199097074,0.00398825830983196,0.000372357934265127,0.00111382667149075,7.72837706149434e-05,0.00131818696898151,0.000666660693624619,0.000416265027736833,0.00280888869610049,0.0017850187854879,0.00204836895917453,1.2796325343341,0.00188178436839766,0.00226733077128344,0,0.00730629375854019,1.90576253457717,8.75509475870557e-05,0.00258401814315428,0.0083726562931905,0.2935870601364,0.0969196036510711,0.333658832976823,4.0642189985709,0.00229704730711664,0,5.5354540872958e-05,0.000417481836171185,0.000532378794017158,0,0,0,0,0,0,0,0,0,0,0,0,0,0.000114527259940299,0,0,0,0,0,0,0,0,0,0,0,0,0.00014592333666656,0.000262589843739686,0.000109043644724457,5.93623396588703e-05,0.000160592514599451,0,0,0,0,0,0,2.4254579480162e-05
0.0161346704376602,0.00056977238230063,0.00183314584970538,0,0.00140211079436754,0.0001378253636947,0.00686635004372147,0.00700970022363658,0.0170786705108986,0.000250664489913942,0.0048191427964601,0.00016774962904937,0.000907613636429287,0.0284344860219176,0,0.00385292166445632,0.000402694907331931,0.00140022205506574,0.00327921919826703,0.000261186080528306,0.713687616480412,0.00271091219251952,0.195840380946321,0.0221319849922023,0.00122695981961756,0.0010364755504982,0.00125897831774624,0.0663437923584192,4.24061295150615,1.33202373686872,0.00100699556914364,0.00730629375854019,0,1.49629602662058,0.00111117802106617,0.00889842109145334,0.00927194351162965,0.780426458330005,0.0964742493658972,0.000451724422955996,0.005497031876245,0.00358171984968175,0.00047610817732227,0.000329188796689171,0.000384421273226347,0.000499031045806394,0,0,0,0,0,0,0,0,0,0.000427784478446644,3.89737060420541e-05,0.00730474319057029,0,0,0,0,3.58139602212688e-05,0,0.000146184692524154,0,0,0,0,0,0,0,0.00562073017591134,0.000563810451758129,0,0,0.00193039552781199,9.18632925121297e-05,0.000449811831476582,0,0,0.00087231211773672,5.78667341978958e-05,0.000237773699400129
0.0354849622332704,0.00738260778222928,0.122457578890813,0.00228438772179373,0.389277817906259,0.0394169319174928,0.019160925122719,0.311986067358266,0.0158242510651534,0.0082101916038793,1.23692736137754,0.00102054608333156,0.0282169739907888,0.277602519456804,0.00448320183818371,0.0260662944963554,0.155632340077627,0.0583343388975636,0.317789346186391,0.00165161308070894,0.235145052897591,0.00892324730719052,0.268673057759485,0.0324266834027445,0.0329434330460012,0.11606618332929,0.19286173721499,0.11623308893655,2.0193439071364,0.415081837095242,0.0198292983967617,1.90576253457717,1.49629602662058,0,0.00736179299892106,0.2192386439668,0.739092794004084,7.71316696723187,0.575599326893744,0.0866860070907788,0.81785769409584,0.0625627134583519,0.00378403481688939,0.00187355871172112,0.00195319873464439,0.00271758260342592,0,0,0.000142489781859503,0.000237918925926816,0.00259140284400105,3.87303066430316e-05,0,0,0.000115230607224816,0,0,0.00698312527845923,0,0.000690954719028277,0.000246179018146914,0.000907248161146772,8.54167141052173e-05,0,0.000451238445113786,0,0.00157175765270138,0.000258160906400372,0,0,0.00320325317018062,3.87255877628168e-05,0.00699551766012128,0.00635465926404934,0.00238135642011864,0.00387341771514474,0.00265400133149537,6.9607771079864e-05,0.000109023375462808,0.00104231702125624,7.52509123951705e-05,0,0.000531654435758973,0.00179707045092365
