0,0,0.0263746139360265,0,0.000542802318880112,0.00427745975678381,2.36835972332505,0.32786325911122,0.00171075019747377,0.0624143553370762,0,0,0,2.61520983636193,0,0.00028660149317437,0.0397554230088594,0,0.000356345555710474,0.0396227584906371,0.0288418463508204,0,0.0533527617443041,0.00231164257205312,0,0.00165206230151547,0.000275976703079273,0.00655836577700973,1.19784933337225,1.26984466123512,0,0,0.0798689696245276,0.0190591888188988,0,0.00203221218755765,0.000255890572744971,0.00714564241088511,0.00143919211100526,0,0.00124485529005445,0,0,0,0,0,0,0,0,0,0,0,0,0,0,0,0,0.000988305941775666,0,0,0,0,0,0,0,0,0,0,0,0,0,0,0.000767237926443207,0,0,0,0,0,0,0,0,0.000441427906896066,0,0
0,0,0.175767699052878,0,0,0,3.89564947229784e-05,0,0.161347219043574,0,0.0200584197474715,0,0.0671028227624376,0,0,0.166548564727363,0.0771253520136901,0.00508094839517546,0.0816507951793605,0,0.00118519501118759,4.18865457384068,0.000839942202843307,0.0678843670705315,2.26471170286921,0.162393638454856,1.0574530998543,0.00116313457949769,0.000343523518605227,0.000900021666675422,0.0418179017641982,0,0,0.0337183863869297,0.000352365364902662,0.0442051144451411,0.100827732995392,0.0988410693975549,0.039836086332637,0,0,0.00566216533830471,0.00468662509136593,0.00756552924597507,0.0281983966803083,0.00881868707886116,0,0,0,0,0.489050491490651,0.0584507626488802,0,0,0,0.000388800138645708,0,0.0269634091489788,5.70061541793061e-05,0.000512530911369752,0,0.000747157059843843,6.82757584607738e-05,0.000132584152611526,0.00483397946117437,0.0271533237422531,0.00346796758958414,0.015933811397403,0,0.00126332679282961,0.165328471001187,0.00390686233453901,0.000958591332279487,0.203246620950748,0.0372573228357633,0.114048846294544,0.00112022800326097,3.98994393420123e-05,0.000509301647778539,0,0,0,0.0229015286748879,0.000346794100365878
0.0263746139360265,0.175767699052878,0,0,0,0,0.0175378920823415,0.00233575847359493,0.00142279559966805,4.99175107454282e-05,0.00127724494138901,0,0.00181106408856775,0.00845743740021266,0,0.059755711528606,1.6046425028548,0.000515423545824602,0.014705473490784,0,0.233858535754033,0.0221177753293306,4.35105276220194,0.0125319638360089,0.00063856391749284,1.28414893387505,2.13662754895426,0.0668481574920132,0.0321166888358554,0.116757172579143,0,0,0.0155837305508312,0.294313006595678,0.00786113273617287,0.334103711848981,0.464257245534441,0.470926134360877,0.248581607632928,0,0,0.000324477598849827,0.0124692778984407,0.00295698006628565,0.0108381362893768,0.00731700508952731,0,0,0,0,0.0367595719322295,0.0125012558605873,0,0,0.000204368682463627,6.82622219813954e-05,0,0.00123371811534494,0,4.11866113868634e-05,0.000313396504177513,0,3.10016392400464e-05,0.00142867731981065,0.00938299941003746,0.00487266604988233,4.54489177678895e-05,0.00086049971957401,0,0.00172479345930646,0.0108720585509475,0.00350182672811176,0.000989698172276534,0.00334977854556209,0.00325802166739966,0.068388361711158,0.00131830809667562,0.000220369290000096,0.000331532240529616,0,0,0.000160322736542162,0.00727700709020104,0.00361527428975032
0,0,0,0,0,0.00294421045104412,0.00969617191325426,0.00264509643202558,0.0267651131645065,0.545723977460129,0,2.44712440154207,0,0.00157669341759479,0,0,0,0,0,7.5229746855355,0,0,0,3.79199274104061,0,0,0,1.49800704987449,0.00143780886828981,0,0,0,0.000137248079980588,0.000731786432556205,0,0,0,0.000644661756509679,0,0,0,0,0,0,0,0,0,0,0,0,0,0,1.25675221924688,0,0.00101551425980894,0.000242047919226681,0,0,0.00103070564594113,0,0.696874733030302,0,0,0,0,0,0,0,1.18981174614084,0,0,0,0.0874476703512618,0,0,0,0.00119826020419279,0,0,0,0,0,0,0
0.000542802318880112,0,0,0,0,0.396097177754145,8.79403558853831e-05,0.467176075670883,0,0.000455436770261754,0.00303885867475408,0.000271313231812956,0.000351875271996094,0.359340370872195,0.0102720000882781,0,0,0,0,0.00422767832440971,0.000137247064825029,0,0.0011165777621705,0,0,0,8.73486629991704e-05,0,0.970279495298845,0.000421364925013827,0,0.00567667118805786,0.00584987730600493,0.323319736036874,0,0.000354913046048053,0.00103375202263064,0.0555439916041354,0.016033568065865,0.266268521578468,0.128255795880462,0,0,0,0,0,0,0,0,0,0,0,0,0,0,0,0,0,0,0,0,0,0,0,0,0,0,0,0,0,0,0,0,0,0,0,0,0,0,0,0,0,0,0
0.00427745975678381,0,0,0.00294421045104412,0.396097177754145,0,0.204663667385998,4.21766533652262,0.000428832684535134,1.5351626942932,0.00135207602820202,2.42914597597686,3.41117561312131e-05,0.351154018209017,3.34059658617208,0,0,0,0,0.7883947914807,0.000233483978970798,0,0.00054690582140527,0.000388871114530955,0,0,0,0.0135988657790725,0.755573783588516,0.00161123159993703,6.24962642340812e-05,0.00461927433697665,0.00257606996389448,0.183008730766366,1.49791425621319,0.00213254648809217,0.000920313410665758,0.0393914933951086,0.00514991586992824,1.54435445728494,0.171433345862452,0,0.000125957935328741,0,0,0,0,0,0,0,0,0,0,0,0,0,0,0,0,0,0,0,0,0,0,0,0,0,0,0,0,0,0.000234933624497502,0.000241671252213809,0,0,0,0,0,0,0,0,0,0.00213034399417348
2.36835972332505,3.89564947229784e-05,0.0175378920823415,0.00969617191325426,8.79403558853831e-05,0.204663667385998,0,0.238029477157505,0.016719473824436,3.58233366365407,2.42867332340851e-05,9.01594472948967e-05,0,1.06223521193382,0.000283190769975083,0.000269070516595456,0.0242214124517286,0,0,0.411888640019805,0.0701189400650735,0,0.0905681265539319,0.101250451527519,0,0.000712224098298653,0.000175289699303461,5.58362418160753,0.239625104832047,2.58321549903128,0,0,0.0103538521638678,0.0208021014412951,0,0.000990900559279559,0.000183319991252861,0.00762087489507043,0.000206154717295074,0.000255140581919989,0.000195505268552448,0,0,0,0,0.000146826872152252,0,0,0,0,0,0,0,0,0,0,0,0,0,0,2.9313239804209e-05,0,0,0,0,0,0,0,0,0,0.0002950530478096,0,0.000367958372786125,0.000118627710313464,0,3.78376142885729e-05,0,7.48073631572988e-05,0,0,0,0,0,0
0.32786325911122,0,0.00233575847359493,0.00264509643202558,0.467176075670883,4.21766533652262,0.238029477157505,0,8.41860266117054e-05,0.642424004232856,0.0069010142316899,0.00836658572760462,0.00135889008069086,2.49024175376303,0.121455938827806,0,0.00199613721614385,0,0,0.458757790081238,0.00146664000156556,0,0.00724502996745038,0.000375436155999231,0.000364434209743867,0.000436261609350832,0.0001525105699752,0.00928243325921314,1.67481590944055,0.0266623447541768,0,0.00666068958111169,0.00903334840769125,0.48358032021886,7.95727721034339e-06,0.00572982228782859,0.00214147396323548,0.215027135984442,0.0280892050897065,0.574781124416459,0.240452348444624,0,0,0,0,0,0,0,0,0,0,0,0,0,0,0,0,0,0,0,0,0,0,0,0.000188188322030993,0,0,0,0,0,0,0,0,0,0,0,0,0,0,0,0,0,0,0
0.00171075019747377,0.161347219043574,0.00142279559966805,0.0267651131645065,0,0.000428832684535134,0.016719473824436,8.41860266117054e-05,0,0.00228354915415615,0.00238498881304576,1.82003860585981,0.00803422164294904,0.000135652491283183,0.00207293656016549,0.0562272106578653,0.00275156533497576,0.000700607711734243,0.00558372768394763,0.061940561945299,0.00093011596544977,0.995175507219141,0.00124100813013695,3.72105980302511,0.0913841442223147,0.0121622876848956,0.0311170886269603,0.14362793934335,0.00559910232304985,0.0118092123927679,0.00262587318737589,0,0.0058130173181304,0.00236142730719196,0.00630269677699388,0.0509034336715379,0.00923925850351213,0.00534837005093397,0.0039099034757239,1.32145029952973,0,0,0.035904569396747,0.00937429798706345,0.0804626224642649,0.0421631565385758,0.00774441784030695,0.00175272097853854,0,0.0599199023296281,0.102190403984117,0.0159360922915687,0.000326069221531868,0,0.000222634123977238,0.0216853752558388,0.00336295405828922,0.609077935183731,0.00077004017493951,0,0.00137391428671965,0,0.00801709789755917,0.00164396128832329,0.081321382241477,0.00140744635412279,0,0.000670899932350619,0,0.00482035892289995,0.153296758434692,0.00583808964810775,0.576193830486676,0.00364351224705953,0.00110828348179456,0.0032915573342162,0.112085376362011,0.0457086800992097,0.0285394905096324,0,0,0.0306443884550562,0.0255126372378835,0.00262359142467582
0.0624143553370762,0,4.99175107454282e-05,0.545723977460129,0.000455436770261754,1.5351626942932,3.58233366365407,0.642424004232856,0.00228354915415615,0,0,0.205885656214718,0,0.372229501068624,0.000143184097076088,0,0.000290551344979206,0,0,5.4165066984486,0.000240907724911565,0,0.000778540657606593,0.00911522991515452,6.03207294982283e-05,0,0,1.46623536408372,0.0348128202162398,0.00742213707971659,0,0,0.00207794420526472,0.0182303688803139,0.0612060834427353,0.000489796278244654,0,0.00892322719624553,0.000814718697738523,0.000786436728046254,0.000649268680960166,0,0,0,0,0,0,0,0,0,0,0,0,0,0,0,0,0,0,0,0,0,0,0,0,0,0,0,0,0,0,0,0,0,0,0,4.40664702770015e-05,0,0,0,0,0,0,0
0,0.0200584197474715,0.00127724494138901,0,0.00303885867475408,0.00135207602820202,2.42867332340851e-05,0.0069010142316899,0.00238498881304576,0,0,4.77486595535552e-05,2.97556102321796,0.00429562114926123,0,0.000141138172640577,0.0139093430811345,3.64910167679613,0.28033026850609,0.000599637825778539,0.000250326306330455,0.0113637772316828,0.00028112481227283,0.000486413754700138,2.82647171693018,1.94281440945134,0.117654603659933,0.00011126805452431,0.00997418141419467,0.000204220744133317,1.01259980457841,0,0.00115310698829222,1.49618671356825,0.000207584465160923,0.0226349835465042,0.78710997708729,1.20509033739384,0.162695217130134,0.000475930373284111,0.00990458956605966,0.456366116495937,0.000294643289033221,0.00016460666859655,0,0,0,0,0,0,0.00168306669986586,0,0,0,0,0,0,0,0,0.000113152111381413,0,0.0523746817520068,0,0,0,0,0.000556575296394686,0.000692197164893996,0,0,0.000951920338947906,0,0,0.556916452553639,0.00325269090066998,0.000976917177932973,0,7.17427032403198e-05,6.34200482039701e-05,0.00526621384415833,0,0,0.00013505758383272,0.000161001754586144
0,0,0,2.44712440154207,0.000271313231812956,2.42914597597686,9.01594472948967e-05,0.00836658572760462,1.82003860585981,0.205885656214718,4.77486595535552e-05,0,0.000695489314638031,0.000998117068881923,0.29575283272263,0,0,0,0,5.71551023685935,7.75652431516472e-05,0,4.06286293264503e-05,1.35883089143163,0,0,0,0.00788864785327826,0.00223912454194765,0,0,0,0,0.00227010753041933,1.29597104954819,0.0044735472083456,0.00187354410553483,0.00197185157735258,0.000421739281451741,0.373552369320471,0.000226319423415802,0,0.00111411082731805,0,0,0,0,0,0,0,0,0,0.0664269107053746,0,0.000801591182121288,0,0,0,0.000713917147307562,0,0.531770962747432,0,0,0.000727108373912226,0,0,0,0,0.359492741644044,0.000170070225630967,0,0,0.00430862498928316,0,0,0,0.000426339034429568,0,0,0,0,0,0,0.0247943834439253
0,0.0671028227624376,0.00181106408856775,0,0.000351875271996094,3.41117561312131e-05,0,0.00135889008069086,0.00803422164294904,0,2.97556102321796,0.000695489314638031,0,0.00150233356167973,0,0.00152865058879511,0.000381143762397,0.0440328944463251,0.00130875905910014,0,0.000495415117071209,0.034437395240284,0.00170469791142163,0.00121116383096095,4.47549869217417,0.218869739283223,0.770734664836837,0.000642190966171101,0.00387389348912268,0.000828784070987404,6.95529714320746,0,0.00211750335296137,0.238368674889355,0.00120424274459351,0.313447796837153,0.77869534066308,1.40030827089074,0.395315820794582,0.00383088048802538,0.0633356848526347,1.90163526262925,0.133465961586299,0.0214759299004236,0.000335994049766586,0.0244627488958089,0,0,0.0078852054228921,0,0.00397655380713925,0,0,0,0,0,0,0,0,9.35847967740294e-05,0,1.49301105052402,0,0,0.000193654713894818,0,0.000266916388742397,8.50237477013002e-05,0,0,0.00127880562816174,0,0,0.381237522661524,0.00118862076226672,0.000548888828360287,0,0,0,0.140270702053149,0,0,0.00153436822442232,0.000654239078133463
2.61520983636193,0,0.00845743740021266,0.00157669341759479,0.359340370872195,0.351154018209017,1.06223521193382,2.49024175376303,0.000135652491283183,0.372229501068624,0.00429562114926123,0.000998117068881923,0.00150233356167973,0,0.000856383396122439,0,0.0104738780045096,0,0,0.268523352810313,0.00793284567119537,0,0.0165897409011086,0.000883198789732476,0.000305588662342563,0.000671460053427542,0.000154035760324715,0.00868621162613085,4.64401852638265,0.138879363991646,0,0.0212060347748916,0.040135892870683,0.740910954557738,0,0.00626676173520808,0.000578812078944923,0.215317214090944,0.0290121287880382,0.0748247640798707,0.0810491245404404,0,3.64411463654262e-05,0,4.54007141480386e-05,0,0,0,0,0,0,0,0,0,0,0,0,0,0,0,0,0,0,0,7.9807645649493e-05,5.6880099980749e-05,0,0,0,0,0,0,0.000191478696062172,0,0,0,5.41619506604822e-05,0,0,0,0,0,9.35518075830897e-05,0
0,0,0,0,0.0102720000882781,3.34059658617208,0.000283190769975083,0.121455938827806,0.00207293656016549,0.000143184097076088,0,0.29575283272263,0,0.000856383396122439,0,0,0,0,0,0.0202950761847859,0,0,0,0.000499060883394659,0,0,0,0,0.0100666759357805,9.07814340829222e-05,0,0,0,0.00743986654130322,0.0176376650400824,0.00152406882158993,0.000671482167049486,0.00322241626094587,0,2.26547625330326,0.0227094690984184,0,0,0,0,0,0,0,0,0,0,0,0,0,0,0,0,0,0,0,0,0,0,0,0,0,0,0,0,0,0,0,0,0,0,0,0,0,0,0,0,0,0,0
0.00028660149317437,0.166548564727363,0.059755711528606,0,0,0,0.000269070516595456,0,0.0562272106578653,0,0.000141138172640577,0,0.00152865058879511,0,0,0,0.0250113675385149,0,0.00213037552516363,0,0.139082316578476,7.4924741429988,1.66300807979168,3.39381676087089,0.0107846889966528,0.020632938311355,0.321164915878039,0.495447093906617,0.00088101939457351,0.0533004127575564,0,0,0.00257888999122743,0.0914182566526551,0.0118860115693724,0.453973114862217,0.132819643007713,0.195835286411112,0.04039432556511,0,0.000986588408672103,0,0.0573397622375831,0.0196338190851922,0.0246487528513176,0.0290916767329138,0.000368167614262609,0.000156521031673604,0,0.00195274031390165,0.0101894528793203,0.00553294576996475,0,0,0.000184976771827546,0.000399585538277844,4.66202443362819e-05,0.0271788184452952,0,0,0.000147697313209658,0,0.000165661153085173,0.00713019657860191,1.4850637813321,0.000508083715614433,0,0.000205006869318197,0,0.11513160115473,0.779990144825882,0.251749660727724,0.0656144945096126,0.000942467951880089,0.000970849267725946,0.0237094528440718,0.0495575103908349,0.00262154463987169,0.0202927197545647,0,0.000100998391933775,0.0023373462828647,0.011095158441935,0.00462998444251645
0.0397554230088594,0.0771253520136901,1.6046425028548,0,0,0,0.0242214124517286,0.00199613721614385,0.00275156533497576,0.000290551344979206,0.0139093430811345,0,0.000381143762397,0.0104738780045096,0,0.0250113675385149,0,0.00946790143414612,2.6029778563288,0.00023275051409187,0.123564473618469,0.0316447871758733,2.81248845896496,0.00797134280641452,0.0136559520937024,0.637004432407609,0.40736380891117,0.0146881712032287,0.0455169309913102,0.0803511952374505,0,0,0.0345810050760433,0.704406003131146,0.00046705704314017,0.0532709680420827,0.419757746050401,0.10425240308701,0.0324600142919382,0,0.000122539931596206,0.000138658701331493,0.00240934820078391,0.000878294265084587,0.00298422045887222,0.00183744467408941,0,0,0,0,0.0291979888944257,0.00599066681010801,0,0,0,6.71334992720651e-05,5.9610646236421e-05,0,0,0.000325981741866772,0,0,0,6.44249906649672e-05,0.00222267731912554,0.00131147533661235,0.00028820047941887,0.00161134845016128,0,0.000192323027065327,0.00325391575096662,0.00122075563779573,0.000199234525095071,0.0132238698091809,0.0063074690025911,0.014942731653786,4.47181671489076e-05,0,8.87470606988205e-05,0,0,0,0.00211021324737294,0.000261894677175811
0,0.00508094839517546,0.000515423545824602,0,0,0,0,0,0.000700607711734243,0,3.64910167679613,0,0.0440328944463251,0,0,0,0.00946790143414612,0,0.195450058496834,0,0,0.00668014339645535,0,0,0.207135240642902,0.797294097436037,0.0232179104596404,0,8.05124950690522e-05,0,0.0494361430589679,0,0,0.00881469047651819,0,0.0035513429038754,0.0628644887216894,0.0177633864409708,0.00470074234030835,0,0,0.00604395586086549,0.00022758583252849,0,0,0,0,0,0,0,0.000677733273437488,0,0,0,0,0,0,0,0,0.000243128640459702,0,0.00023883027771431,0,0,0,0,0.000231856106333692,0.000101076511784962,0,0,0,0,0,0.206362456701543,0.000675413839729313,0.000210568160448743,0,0,0,0,0,0,0,0
0.000356345555710474,0.0816507951793605,0.014705473490784,0,0,0,0,0,0.00558372768394763,0,0.28033026850609,0,0.00130875905910014,0,0,0.00213037552516363,2.6029778563288,0.195450058496834,0,0,0.000819656032868422,0.0336788171399407,0.00150349798296767,0.0021232047108703,0.0829863976661605,1.45751449153727,0.198310706397153,0.000142900131561575,0.000320324495615698,0.000688499987331859,0.000122185886321734,0,0.00108304749168098,0.163155317855315,0.000334003496945267,0.0129567270765043,0.0821571900114686,0.100657510601036,0.0276790252846612,0.000148172029400609,0,0.00124776746883955,0.000298926974220294,0.00104819728743988,0.000319117736946692,0,0,0,0,0.000151709086987188,0.0266621814058163,0.00179846961480306,0,0,0,0.000174573795597668,0,0,0,0.000414415646724266,0,0.000100671258901726,0.000104437554912054,0,8.00481108279233e-05,0.00119162250677782,0.000223091735755479,0.00847386067118618,0,0,0.000271006256414573,0.000272485976885456,0,0.102112722257461,0.0178757220853432,0.00481644114114921,0,0,0,0,0,0,0.000998965680609858,0.000174700091548318
0.0396227584906371,0,0,7.5229746855355,0.00422767832440971,0.7883947914807,0.411888640019805,0.458757790081238,0.061940561945299,5.4165066984486,0.000599637825778539,5.71551023685935,0,0.268523352810313,0.0202950761847859,0,0.00023275051409187,0,0,0,0.000163396622331331,0,0.000560309883150524,0.83023578285708,0.000744627670036352,4.36339573812788e-05,2.14474414939707e-05,0.937669613545673,0.186437318495299,0.00176332231551399,0,0,0.0195545802284012,0.203711614333356,0,0.00506498886266657,0.00200699217360133,0.123124112286886,0.020155373754474,0.0740147157873125,0.00906970607317676,0.00019597987812342,0,0,0,0,0,0,0,0,0,0,0.0382846701711201,0,0,0,0,0,0.000304136803566137,0,0.0853181230166946,0,0,0,0,0,0,0,0.111333465382565,0,0,0,0,0,0,0,0.000156169033675895,0,0,0,0,0,0,8.71803011976639e-06
0.0288418463508204,0.00118519501118759,0.233858535754033,0,0.000137247064825029,0.000233483978970798,0.0701189400650735,0.00146664000156556,0.00093011596544977,0.000240907724911565,0.000250326306330455,7.75652431516472e-05,0.000495415117071209,0.00793284567119537,0,0.139082316578476,0.123564473618469,0,0.000819656032868422,0.000163396622331331,0,0.0140681959512095,8.21774011169336,0.0219496555931161,7.92178934719621e-05,0.00624455492344877,0.0134785129761444,2.14373289405538,0.255454057371303,2.94503678632929,0,0,0.0790542972166106,0.678198496847507,0.0123936093951374,0.532083406634943,0.0771797155258194,0.39273960490589,0.0758427300067503,0,6.64759319253319e-05,0,0.00530211466220687,0.000960838456229808,0.00038039818827959,0.000881021488826193,0,0,0,0,0,0.000147722074311657,0,0,0.000198945808430766,0,0,0.000146136283871531,0,0,0,0,0,0.000220373185760798,0.030216013398305,7.82393854794781e-05,0,8.96847921887144e-05,0,0.00372331237886969,0.0159052531136901,0.000700984841532285,0.00287105021145943,0.000110387522408772,9.40509627653924e-05,0.000902051130477126,0.00197072564667223,0.000245413626266679,0.00136672830561287,0,0,6.60054754915602e-05,0.000547922164422311,0.00332754299828937
0,4.18865457384068,0.0221177753293306,0,0,0,0,0,0.995175507219141,0,0.0113637772316828,0,0.034437395240284,0,0,7.4924741429988,0.0316447871758733,0.00668014339645535,0.0336788171399407,0,0.0140681959512095,0,0.0537188820620318,0.946921982527386,0.40108492681494,0.108370861305471,1.18637330842312,0.0183680886728337,0.000598327443003992,0.00566244411104,0.025898622566059,0,0,0.0232083925988793,0.00117879408784605,0.0830615342198916,0.0892431811069612,0.0720527116322726,0.0274899572647737,0,0.00080147151600329,0.00269494816092678,0.0189865284352785,0.00737058842619192,0.0182481714946435,0.0223533957216179,0.000205420334429079,0,0,0.00138035597650028,0.100727213608667,0.00588588552129813,0,0,0,0.00019779261485081,5.3496937369845e-05,0.212854241888037,0,0,0,6.60372665138012e-05,0.000121939855795138,0.00190166350693299,0.277097093069261,0.00142563352754245,0,0.000636950667699703,0,0.0166541857316141,0.786173937825271,0.0232657783720695,0.0422955760758114,0.0308341493576548,0.00314040380013651,0.0425879584288501,0.0196845246549735,0.00113113980495403,0.00675611606295159,0,0,0.00116146079987297,0.00578765404441919,0.000970358040822278
0.0533527617443041,0.000839942202843307,4.35105276220194,0,0.0011165777621705,0.00054690582140527,0.0905681265539319,0.00724502996745038,0.00124100813013695,0.000778540657606593,0.00028112481227283,4.06286293264503e-05,0.00170469791142163,0.0165897409011086,0,1.66300807979168,2.81248845896496,0,0.00150349798296767,0.000560309883150524,8.21774011169336,0.0537188820620318,0,0.0272793902281696,0.000108733138241645,0.307459857155217,2.53357607491644,0.254312890332579,0.373258891621272,0.350917982200392,0,0,0.0167145210465444,0.639282285736677,0.0431231399755362,0.813207710163782,0.630412213174324,0.899710171095949,0.170027892613195,8.38693357412754e-05,0.00124580850492453,0,0.0212295296972877,0.00329113221452096,0.00518356744354824,0.00372990189371487,0.000155570888458668,0,0,0,0.00160404089220215,0.000548831880620594,0,0,0.000460213580508333,1.82493200606032e-05,0,7.2254920659931e-05,0.000144853720586514,0,0.000188720619501777,0,0,0.00245157902953257,0.0811646408488643,0.000447851576293543,0,0.000173769881715406,0,0.00311598774088148,0.0474573760403876,0.0130056302798109,0.00453611079603431,0,0.000190087790337722,0.0183988684324736,0.00374836026807465,0.000156251643429452,0.000808987927190033,0,0,4.75520700427652e-05,0.0011633722350765,0.0131464497415645
0.00231164257205312,0.0678843670705315,0.0125319638360089,3.79199274104061,0,0.000388871114530955,0.101250451527519,0.000375436155999231,3.72105980302511,0.00911522991515452,0.000486413754700138,1.35883089143163,0.00121116383096095,0.000883198789732476,0.000499060883394659,3.39381676087089,0.00797134280641452,0,0.0021232047108703,0.83023578285708,0.0219496555931161,0.946921982527386,0.0272793902281696,0,0.00293505871953346,0.0144696148669477,0.11333653253058,3.27928485411287,0.0103643511062357,0.0420972639813258,0.000225646208943314,0,0.00525638991327894,0.0229486225257856,0.00183479614228007,0.0556070113727163,0.00772721826327268,0.0225962979207067,0.0065578312956142,0.000584592649424611,0,0,0.028349930275394,0.00527644734099152,0.0369503676250809,0.0203345514728363,0.00262493062359868,0.000682155937998291,0,0.0145491531167901,0.00407983138236434,0.00891028359071446,0.391617219283761,0.00012253895680494,0.00078451575610889,0.0066530216917085,0.0009906489473906,0.113923792022961,0.000190360805524144,2.73919128105135e-05,0.278779322673828,0,0.00289142902758996,0.00232762549535761,0.150392338825671,0.000551270902918541,3.24192024257243e-05,0.000142967471609671,0.101804196304033,0.0128336598054677,0.065048421046209,0.00492813002043817,2.1707847189932,0.00113682510152572,0.00114270179696447,0.00659647839301051,0.124386821843687,0.0199277819759316,0.015159743359666,0,5.04742634031821e-05,0.00785055638430285,0.0131216173572001,0.00185559541495803
0,2.26471170286921,0.00063856391749284,0,0,0,0,0.000364434209743867,0.0913841442223147,6.03207294982283e-05,2.82647171693018,0,4.47549869217417,0.000305588662342563,0,0.0107846889966528,0.0136559520937024,0.207135240642902,0.0829863976661605,0.000744627670036352,7.92178934719621e-05,0.40108492681494,0.000108733138241645,0.00293505871953346,0,0.971913098462562,0.764429865699298,0.000122902301630639,0.000490794939754189,0,1.05994528183958,0,0,0.0702832701438101,0.00012754031298387,0.0332135483252127,0.604362048644745,0.196514664547123,0.0601156918855355,0,0.00125660832195642,0.64779266098534,0.00102629523805995,0.00118134185063643,0.00149882043710926,0,0,0,0,0,0.128437626585006,0.00383711865719651,0,0,0,0.000169277757377989,0,0.0410657297365615,0,0.0125311361788423,0,0.0738043692630041,5.94708705659794e-05,0,0.00047370890221389,0.00319108732575551,0.043764521566472,0.0506500777594085,0,0.000359318779249473,0.149873155575543,0.000668244291217982,0.000224991975582411,2.00698811442802,0.104713157800834,0.0214067441387369,0,7.43026071583653e-05,0,0.00071755247032608,0,0,0.00175976739244706,0.000121799516433865
0.00165206230151547,0.162393638454856,1.28414893387505,0,0,0,0.000712224098298653,0.000436261609350832,0.0121622876848956,0,1.94281440945134,0,0.218869739283223,0.000671460053427542,0,0.020632938311355,0.637004432407609,0.797294097436037,1.45751449153727,4.36339573812788e-05,0.00624455492344877,0.108370861305471,0.307459857155217,0.0144696148669477,0.971913098462562,0,2.31792720735336,0.00181061331527118,0.0067271097568411,0.00793933179762725,0.175153609504919,0,0.00397461293793725,0.279904750702799,0.00191488063710022,0.0826364028028426,0.488037811273835,0.29201680487349,0.0865292894925689,3.62908550797921e-05,0.000388171885683097,0.0257461409477495,0.00270312107966229,0.00116063300615283,0.00236828506703085,0.000782571320520037,2.50717472936976e-05,0,5.46464255492965e-05,0,0.0424779045740939,0.00605699065876828,0,0,0,2.62034142904126e-05,0,0.00101532841726925,0,0.00183946574128827,0,0.0029839953755242,0,0.000112249012082345,0.00116285569485777,0.00234910818374119,0.00413302657773535,0.0138846144024265,0,0.000376108010758725,0.00319598916309357,0.00118942769449031,0.000177717883695585,0.584521307087968,0.0484427315514111,0.0247369204601244,1.99025695463259e-05,0,0,0.000307042733083296,0,0,0.0046773028252409,0.000732180129614794
0.000275976703079273,1.0574530998543,2.13662754895426,0,8.73486629991704e-05,0,0.000175289699303461,0.0001525105699752,0.0311170886269603,0,0.117654603659933,0,0.770734664836837,0.000154035760324715,0,0.321164915878039,0.40736380891117,0.0232179104596404,0.198310706397153,2.14474414939707e-05,0.0134785129761444,1.18637330842312,2.53357607491644,0.11333653253058,0.764429865699298,2.31792720735336,0,0.013261742727973,0.00130990314112256,0.00434841783678796,0.505759826344235,0,0.000757805074061472,0.30329865428844,0.0192544504141891,0.426297322388191,0.463912750983796,0.530200084751969,0.206055154873987,0,0.000604632542214158,0.0088208118450131,0.0249092123179647,0.00729020719086896,0.0342002875228777,0.019601247755987,0.000243297172574214,8.15285752939696e-05,0.000282070867951031,1.64878668413293e-05,0.118871974687121,0.0288567460841341,0,0,0.000212592422076073,0.000184057664281456,7.20677876773501e-05,0.000981089473977554,0.000109066884878812,0.00172565266980695,6.38254186152904e-05,0.00206015708979179,0.000160679098225577,0.00119435197291849,0.0901537371799681,0.00916566071791484,0.00298792300027451,0.0143724947867736,0,0.00248249351250906,0.0649338982155107,0.0272144095959413,0.00233807369783163,0.350875778523374,0.0830791085471336,0.30973589478024,0.001878785945725,0.000126946618274299,0.000284836108889371,0.00362603483197271,0,0,0.025956406378999,0.00981726976072484
0.00655836577700973,0.00116313457949769,0.0668481574920132,1.49800704987449,0,0.0135988657790725,5.58362418160753,0.00928243325921314,0.14362793934335,1.46623536408372,0.00011126805452431,0.00788864785327826,0.000642190966171101,0.00868621162613085,0,0.495447093906617,0.0146881712032287,0,0.000142900131561575,0.937669613545673,2.14373289405538,0.0183680886728337,0.254312890332579,3.27928485411287,0.000122902301630639,0.00181061331527118,0.013261742727973,0,0.00526755724357113,2.11877117714989,0,0,0.00441861374334319,0.150350544039782,0.00448104024881428,0.217827827356412,0.013412437456608,0.0899510987977364,0.0140823732943653,0,0.000237381477697355,0,0.0069069780127447,0.0027216017740177,0.00470735533260507,0.00172593381986887,0.000367964218746568,0,0,0.00130195499952969,0.000230128049531521,0.00287939638638433,0.00232898151691269,0,5.21134809276305e-05,0.00126757939998377,0.000243552253100305,0.00874263981506617,2.16030720444588e-05,0,6.05502593349632e-05,0,0.000591730483364311,0.00065672152881675,0.0368915619490411,3.56321366518754e-05,3.80183183931663e-05,0,0,0.00750647483179189,0.0109143488036118,0.00121778021016314,0.0824760291726451,0,0.000360735083082245,0.00153655994850736,0.0196865577641833,0.00351459815967508,0.00486295764916675,0,0,0.0016006433335982,0.0022525197868761,0.00157804297946425
1.19784933337225,0.000343523518605227,0.0321166888358554,0.00143780886828981,0.970279495298845,0.755573783588516,0.239625104832047,1.67481590944055,0.00559910232304985,0.0348128202162398,0.00997418141419467,0.00223912454194765,0.00387389348912268,4.64401852638265,0.0100666759357805,0.00088101939457351,0.0455169309913102,8.05124950690522e-05,0.000320324495615698,0.186437318495299,0.255454057371303,0.000598327443003992,0.373258891621272,0.0103643511062357,0.000490794939754189,0.0067271097568411,0.00130990314112256,0.00526755724357113,0,2.30598647707684,0.000436512011196766,0.0674319325502321,3.44657619684967,2.76162197281106,6.22611158341254e-05,0.0322952779861136,0.00512981972171951,0.544366104196381,0.063179138310284,0.297035410031554,0.766747676151661,0,0.000280338134857464,0,0.000632723203579537,0.000374385977924537,0,0,0,0.000346916150591424,3.93835535949794e-05,4.11766928248053e-05,0,0,0,0.000225865454482984,0,0.00145293367153804,0,6.79898233705688e-05,5.4584261915e-05,0,0,0,0.00129894242234105,0,0,4.36827371986847e-05,0,0,0,0,0.00375305526585494,0.000452423660006688,4.86306869739231e-05,9.63416557136251e-05,0.00124195016529674,0.000573479318517361,0.000799001638458951,0,0,0.000573296517616309,0.000420893350584869,8.09643008883761e-05
1.26984466123512,0.000900021666675422,0.116757172579143,0,0.000421364925013827,0.00161123159993703,2.58321549903128,0.0266623447541768,0.0118092123927679,0.00742213707971659,0.000204220744133317,0,0.000828784070987404,0.138879363991646,9.07814340829222e-05,0.0533004127575564,0.0803511952374505,0,0.000688499987331859,0.00176332231551399,2.94503678632929,0.00566244411104,0.350917982200392,0.0420972639813258,0,0.00793933179762725,0.00434841783678796,2.11877117714989,2.30598647707684,0,0,0,0.821406009855742,0.658361542439136,0.00230533610963295,0.146098750005298,0.00912783349098913,0.127371270477369,0.0161110650093664,4.67802767262302e-05,0.00482583984150912,0,0.00407402705349873,0.00059254442639904,0.00210679156657336,0.00146206527352438,8.79822264415395e-05,0,0,0.000490168868036399,0.00017905550844347,0.000493852301712121,0,0,0,0.000122920817477003,6.98382930258267e-05,0.00268241680845912,0,0,0,0,0.000212371839185825,0.000250211846210572,0.0117526795447389,0.000224366481272883,0,5.28624807917925e-05,0,0.00107134815072198,0.00365056078727457,0.000151536818282953,0.0119494527248912,0.000115461604197764,0,0.000366309724364718,0.00564041989697627,0.00126646197583836,0.00113268464643075,0,0,0.00110496165359481,0.00162244283618352,0.000686452020939306
0,0.0418179017641982,0,0,0,6.24962642340812e-05,0,0,0.00262587318737589,0,1.01259980457841,0,6.95529714320746,0,0,0,0,0.0494361430589679,0.000122185886321734,0,0,0.025898622566059,0,0.000225646208943314,1.05994528183958,0.175153609504919,0.505759826344235,0,0.000436512011196766,0,0,0,0,0.00508283925813635,0,0.0032940671288818,0.0699987352471024,0.0257451830423052,0.00419185132735494,0,0,0.0203142546846077,5.0449208602435e-05,0,0.000372818678752267,0,0,0,0,0,0.000618743736935296,0,0,0,0,0,0,0,0,0,0,0.233419229118725,0,0,0,0,0,0.000233333266982189,0,0,0.00183995372493822,0,0,0.135844520506081,0.000236502823630434,0.000179323377421754,0,0,0,0.450359571731759,0,0,0,6.63940391604142e-06
0,0,0,0,0.00567667118805786,0.00461927433697665,0,0.00666068958111169,0,0,0,0,0,0.0212060347748916,0,0,0,0,0,0,0,0,0,0,0,0,0,0,0.0674319325502321,0,0,0,0.00186740537962262,0.123790094537914,0,0,0,0.0102722574608862,0,0.0131858808268534,0.068224761793563,0,0,0,0,0,0,0,0,0,0,0,0,0,0,0,0,0,0,0,0,0,0,0,0,0,0,0,0,0,0,0,0,0,0,0,0,0,0,0,0,0,0,0
0.0798689696245276,0,0.0155837305508312,0.000137248079980588,0.00584987730600493,0.00257606996389448,0.0103538521638678,0.00903334840769125,0.0058130173181304,0.00207794420526472,0.00115310698829222,0,0.00211750335296137,0.040135892870683,0,0.00257888999122743,0.0345810050760433,0,0.00108304749168098,0.0195545802284012,0.0790542972166106,0,0.0167145210465444,0.00525638991327894,0,0.00397461293793725,0.000757805074061472,0.00441861374334319,3.44657619684967,0.821406009855742,0,0.00186740537962262,0,1.45350061899693,0.000109043045128505,0.033658877615784,0.000172296595765857,0.230250513106221,0.0480753403436318,0.00167952629580325,0.0235473019612797,0,0.000286371062041612,0.000131219794629237,0.000638716614517388,0,0,0,0,0.00118036616590908,0,0,0,0,0,0.000115991984932909,0,0.00260254283064719,0,0,0,0,3.68086109901154e-05,0,0.00103991617483264,0,0,0,0,0.000119170580736749,0.000648522432489217,0.000180898268594593,0.00206688037949923,0,0,5.14037583195315e-05,0.000501617001415733,0.000744987312712396,7.3555714553945e-05,0,0,0,0.000245433287169703,0
0.0190591888188988,0.0337183863869297,0.294313006595678,0.000731786432556205,0.323319736036874,0.183008730766366,0.0208021014412951,0.48358032021886,0.00236142730719196,0.0182303688803139,1.49618671356825,0.00227010753041933,0.238368674889355,0.740910954557738,0.00743986654130322,0.0914182566526551,0.704406003131146,0.00881469047651819,0.163155317855315,0.203711614333356,0.678198496847507,0.0232083925988793,0.639282285736677,0.0229486225257856,0.0702832701438101,0.279904750702799,0.30329865428844,0.150350544039782,2.76162197281106,0.658361542439136,0.00508283925813635,0.123790094537914,1.45350061899693,0,0.00192485867918897,0.388009680105722,0.530235389389035,5.09740454191512,0.552053988492367,0.177512315830427,1.79099922848578,0.127216188042832,0.00737068307743971,0.00217570788552281,0.00183281589694481,0.00177347570457834,0,0,0.000716298405317065,0.000177578938878299,0.0130736594362034,0.00152539382595918,0,0,0,0,0,0.00234632653661984,0,0.000357299001355878,0,0.00121648485249975,6.83337837279942e-05,6.89110850224158e-05,0.00983389287200932,0.000803450143724089,0.000352281673319743,0.000691585791937351,0,0.00174999118727336,0.00754268925749658,0.00139578091768995,0.00296851546415421,0.0467654475257066,0.00880225647901697,0.0102588417385726,0.00219994045240873,0.000576197879111156,0.000896530668803608,0,0,0,0.00181597743165925,0.000706834616138446
0,0.000352365364902662,0.00786113273617287,0,0,1.49791425621319,0,7.95727721034339e-06,0.00630269677699388,0.0612060834427353,0.000207584465160923,1.29597104954819,0.00120424274459351,0,0.0176376650400824,0.0118860115693724,0.00046705704314017,0,0.000334003496945267,0,0.0123936093951374,0.00117879408784605,0.0431231399755362,0.00183479614228007,0.00012754031298387,0.00191488063710022,0.0192544504141891,0.00448104024881428,6.22611158341254e-05,0.00230533610963295,0,0,0.000109043045128505,0.00192485867918897,0,0.143241997173808,0.0807809748752376,0.0186681946768042,0.0166098295626719,0.000107514924027138,0.000597934659745214,0,0.044862544676269,0.0462161912636971,0.00912318804693421,0.00285879651986785,0.000245813863915876,0,0,0,0.000279492464679362,0.000802494702617888,0,0,0.0101364593296322,0.000190728083649798,1.73121647176013e-05,0.000101745070154533,0.00132643770303421,0.000198009242024971,0.0215446279535623,0,0.000128045599431457,0.0112007006056062,0.00318723759749295,2.95974512411548e-05,4.38903757001875e-05,6.82460522315165e-05,0,0.00405538047169085,0.000770157503498031,0.00915590445702977,0.000904045010661035,0.000257062121432849,0.000201804570514983,0.00391520294637046,0.00458635789785632,0,0.000140029912308337,0,0,0,0.000876813093349116,1.45768619927673
0.00203221218755765,0.0442051144451411,0.334103711848981,0,0.000354913046048053,0.00213254648809217,0.000990900559279559,0.00572982228782859,0.0509034336715379,0.000489796278244654,0.0226349835465042,0.0044735472083456,0.313447796837153,0.00626676173520808,0.00152406882158993,0.453973114862217,0.0532709680420827,0.0035513429038754,0.0129567270765043,0.00506498886266657,0.532083406634943,0.0830615342198916,0.813207710163782,0.0556070113727163,0.0332135483252127,0.0826364028028426,0.426297322388191,0.217827827356412,0.0322952779861136,0.146098750005298,0.0032940671288818,0,0.033658877615784,0.388009680105722,0.143241997173808,0,3.93910454530935,0.730707635845625,0.602519926226606,0.59174290842529,0.0693566283505971,0.0387247092115705,0.121834170714488,0.0896327995908093,0.0153963833280411,0.0113256554709021,3.10922910929223e-05,0,0.00117997973223144,0.000514293237968519,0.0179878609844012,0.00510105885740531,0,0,0.00195683393231975,0.000500562893404216,0,0.00215478878251635,0.000496609654457372,0.000109927633609709,0.000312653801397856,0.00120278536297932,1.79343723795264e-05,0.0100019356871616,0.0495010169611667,0.00118411779363131,0.000554050219357692,0.00166647634708304,0,0.0122418090239137,0.0341554114321088,0.0202732945674553,0.00866610114509652,0.0454103033441291,0.00554610330112758,0.0255244368163436,0.0116038951299507,0.00037505880623922,0.00177923804920094,0,0,0.000101229731046541,0.00439894932003177,0.0528745564577183
0.000255890572744971,0.100827732995392,0.464257245534441,0,0.00103375202263064,0.000920313410665758,0.000183319991252861,0.00214147396323548,0.00923925850351213,0,0.78710997708729,0.00187354410553483,0.77869534066308,0.000578812078944923,0.000671482167049486,0.132819643007713,0.419757746050401,0.0628644887216894,0.0821571900114686,0.00200699217360133,0.0771797155258194,0.0892431811069612,0.630412213174324,0.00772721826327268,0.604362048644745,0.488037811273835,0.463912750983796,0.013412437456608,0.00512981972171951,0.00912783349098913,0.0699987352471024,0,0.000172296595765857,0.530235389389035,0.0807809748752376,3.93910454530935,0,2.00176632012158,1.46285319472123,0.000306999543747785,0.0114847618905531,0.454287354079256,0.0863521901443298,0.0189006554396334,0.00592279005525111,0.00831914581374159,4.0845771612535e-05,0,0,0,0.043656943379917,0.00240581150975723,0,0,0.000523843203812229,0,3.2519821758465e-05,0.000442801527180323,0.000293489426480182,0.000379899258333441,0.000894248275928205,0.0030459902552989,0,0.00735710920329596,0.0136470103763999,0.00185886078614837,0.00356706088928792,0.00762180861886119,0,0.00186957070401199,0.0125722923046256,0.00493703850760779,0.000368192223594094,0.634010296995714,0.0185018607993029,0.0162410822712767,0.0015399472037964,0.000105868956009323,0.000174036127531029,0,0,0,0.00577457239826509,0.0318971540188561
0.00714564241088511,0.0988410693975549,0.470926134360877,0.000644661756509679,0.0555439916041354,0.0393914933951086,0.00762087489507043,0.215027135984442,0.00534837005093397,0.00892322719624553,1.20509033739384,0.00197185157735258,1.40030827089074,0.215317214090944,0.00322241626094587,0.195835286411112,0.10425240308701,0.0177633864409708,0.100657510601036,0.123124112286886,0.39273960490589,0.0720527116322726,0.899710171095949,0.0225962979207067,0.196514664547123,0.29201680487349,0.530200084751969,0.0899510987977364,0.544366104196381,0.127371270477369,0.0257451830423052,0.0102722574608862,0.230250513106221,5.09740454191512,0.0186681946768042,0.730707635845625,2.00176632012158,0,3.16790672166135,0.0235164381681239,0.430525031784178,0.5670329168828,0.0557827138503549,0.0147556755389534,0.0049019280339575,0.0138259911365007,0,0,0.0059824079126698,0.000357313917850011,0.0442898782339354,0.0045087233134286,0,0,0.00046566851084789,0.000130843304638702,0,0.000172568369393399,4.06213997591681e-05,0.000374593021861771,0.000157993461526972,0.0145751567132913,0,0.00218850598467837,0.0177870700529166,0.00294761312860141,0.000289370287714965,0.00443148748466576,0,0.00225612448996631,0.0122170240645231,0.00264918264304594,0.00189921188989627,0.174623284408057,0.015004663935097,0.0228892026864713,0.00208024062586727,0.000216942459942013,0.00110202158295027,0,0,0.000101294743359189,0.00427391791445724,0.0109558641882543
