0,0.000134823611723662,0.0501075616308665,0.00307234913942849,0.00090652142090605,0.00294755565445717,1.10184383226408,0.122050676548776,0.0213671391265779,0.00577948096583327,0.00389592020936264,0.000535031889571293,0.000434840573776494,2.33825551008632,0,0.000424160847113147,0.0605087874543136,0.00134372036340698,0.00447110490881621,0.00380847790534584,0.00738264505813609,0.00299134402318131,0.0518785807632769,0.0191880619974644,0.000967708591015299,0.026155451712809,0.010513014297654,0.0201868536628356,1.28805019324577,0.194119050992261,0.000463308950955267,0.0024282494112578,0.00766533685534394,0.0245770578385543,0.000111281129568434,0.00820899063237592,0.00779746411947746,0.0537989241567776,0.0138679617608003,0.00106226785361685,0.0036077920676858,0.0013743954365994,0.00161515007636818,0.000886341728340471,0.000946237955681011,0.00214110238704023,0.000474488620189284,0,0,0.000274475539632255,0.00124534720374764,0.000815876466208516,0,0,0,0.000707198969266157,0.000338453053688238,0.00877266478635808,4.83041768495262e-05,0,0,0,0.000104857165875551,0.00132848455248101,0.000654644139677445,0.000318032826350425,0.000279186141159168,0.000237672164381739,0,0.00159775150073617,0.00232154242361723,0.000805574186312462,0.00413517226743352,0,0.000840900284724798,0.000624228190051936,0.00397706163696607,0.00149405297419202,0.00143205419409919,0,0,0.000963579847557405,0.00100721666125615,0.000128891354383688
0.000134823611723662,0,0.0189501937869208,0,0.000719141481440779,0.000184689764947971,0.000928594499027963,0,0.0474105908797684,0,0.00657264289185548,5.0738928879873e-05,0.0119248706956955,0.000390897328754612,0.000202880509027406,0.0124548501678635,0.0178803690598671,0.00806983570483751,0.0211440618979232,0,0.00129522377786145,1.02949174656331,0.00215851817877769,0.0145063340859941,1.40712391483235,0.0376996525471805,0.787747658384919,0.000850219992325384,0.000753700222179764,0.00110615203076861,0.00905254685192343,0.00131041982419185,0,0.0110858425523473,0.000409341930845914,0.0208558678478193,0.0862914611112917,0.032842322454486,0.0118383472317695,0,0.00056687080837909,0.00085559187886643,0.0339710376088623,0.026908143192437,0.0598772140860035,0.0352664140280615,0.000956716073804859,0,0.00123566465635855,0.000493733865335296,0.904976031951405,0.0318586799092147,0,0,4.09418210878549e-05,6.70345413529639e-05,0.000257290597975946,0.00202222770671184,0.000166015831251573,0.00152636201347772,0,0.00195509526498373,0.000208893844212962,0.000165535800494866,0.00992634950138571,0.0467929129443481,0.00638686511400102,0.0160966374373634,0.000146062788794908,0.00101117106495441,0.125667629215181,0.00606790827225872,0.00135334004428999,0.0165648271073828,0.0417264650365581,0.0887547311634163,0.000566649395580723,0.00105398666518828,0.00159523436433029,0.00247952887393837,0,0.00115862018038934,0.0205233845216484,0.000495159603064753
0.0501075616308665,0.0189501937869208,0,0.000969672950855264,0.000688717490468484,0.0013416520656546,0.224706898966804,0.0162550393794147,0.0252379882306582,0.00145848161056832,0.0096381016020825,0.000100311106068615,0.00055406424945021,0.0225119133558129,0.000472488403082851,0.0304511545548542,0.905185905726232,0.00352306137326729,0.0471405479437992,0.000147472385871027,0.158207297701874,0.0391063872393246,2.51145672011169,0.0403877565707729,0.00264055195092321,2.49202543591747,1.93054173465357,0.194986682546743,0.0264240369445107,0.109052162723164,0.000407299664704326,0.000886996941930087,0.00751233505968651,0.0740562148249771,0.00170003488015988,0.109630378221895,0.17110711765402,0.321010183949957,0.0891039025956472,0.00263845832569405,0.000336255909353981,0.000232599433680553,0.0367347945441505,0.0107431731098083,0.0394616300614881,0.0163342461140462,0.00101719571745289,0,0.000202155422403261,0.000180419869946226,0.0130564518356676,0.0672477334192118,0,0,0.000272840516212929,0.000701279042478233,0.00021627651200318,0.00355218348593434,0,3.5824089161512e-05,0.000103453671320697,0,0.000414976438944631,0.00220865991494626,0.00904365421273493,0.0263876545223474,0.000375210392856613,0.00236674497533339,0,0.00201579461693087,0.0264006328856572,0.0216599723575557,0.00335304218095615,0.000788344359232602,0.00853057467592156,0.129092309126692,0.00175569634428419,0.000634954019557085,0.00168762689570901,0,0,0.000114426447700155,0.00926686568895111,0.00263590946500898
0.00307234913942849,0,0.000969672950855264,0,9.40999469537535e-05,0.017915462141908,0.0941802349454442,0.00794477343273981,0.318563372049991,1.74833726890387,0.000314197035152148,1.10635313826038,0.000189020434533519,0.0069227668874131,0.000343199454772188,0,0.000517742677049076,0,0,5.90377463622006,0.000286555443776206,0,0.000670422373782547,6.73637804093359,0,0.000611645831501473,0.000241259714968002,1.81001372827628,0.0155607920847563,0.00057324351452778,0,0.000378280804287208,0.00916130114909608,0.0194203955112127,8.8353497800505e-05,0.0072441267719482,0.00129133579556819,0.0209133544009159,0.0114594797863819,0.00207686219282006,0.000353819352186625,0,0.000956058424021081,0.000280876368197652,0.00372534904060557,0.00213938548920985,0.00156444614362973,0,0,0.000327336997762351,0,0,0.368779038439058,0,0.00213393250425399,0.00326299569347396,0.00358033882073294,0.0260875138600733,0.00492349541767248,0,0.00611936926313164,0,0.00131335572604131,0.000126185602201965,0.000182321039866547,0,0.000105779449160967,0,0.0287277112712131,0,0,0.000148973017755326,0.0701909972869396,0,7.26487782706266e-05,6.39206608492662e-05,0.00385992014208984,0.0017180282262748,0.00105292231903698,0,0,0.000248010297599882,0.000870699962282676,4.75705127690854e-05
0.00090652142090605,0.000719141481440779,0.000688717490468484,9.40999469537535e-05,0,0.968343613877965,0.000323744917601246,0.257210942191294,0.000790866717251235,0.000694731944009078,0.0059446254017952,0.000518094833133684,0.00222804965591152,0.0517268297382696,0.0270218654302339,0.000127573175861168,0.000111729487899129,0.00192245023482092,0.00315272655257228,0.000530497266269178,0.000229737874412024,0.000707191457717993,0.000715924396956723,0.000595989315942819,0.00490748791558238,0.00489778651834065,0.00448796704353976,0.000430288548767517,0.0984359457724338,8.39315400824885e-05,0.0013289988249005,2.8879390523701,0.00138948014842647,0.461409703968714,0,0.000132132882891907,0.0153504225134677,0.118416943754388,0.0092730750427189,0.157568990102814,3.23462052833717,0.00434799868840799,0,0.000510540026799934,0.000838381183830145,0.00111777090050273,7.907748193912e-05,0,0,0,0.00111145447590469,0.000112719641556097,0,0,0,0.000219321726657349,0,0.000394089239165627,0.000112005080490973,0,0,0.000572651856380068,0,0,0,0,0.000421640665956833,0.00107481367318803,0.000256478203939446,0,0,0,0,0.00151201585133755,0.00229624722940325,0.00130461423754526,3.43790967533616e-05,5.20532183614746e-05,0.000301533955448107,0,0,0,0.000103561022901663,0
0.00294755565445717,0.000184689764947971,0.0013416520656546,0.017915462141908,0.968343613877965,0,0.061589682277876,2.24088719081756,0.0361951827894142,0.968997785719451,0.00194953980293984,2.75755318276154,0.00125361968256058,0.279577587651913,3.51921257413954,0,0.00103929866212401,0.000378520251133301,0.00133734155583448,0.0586194850522486,9.83145944142335e-05,0.000202205437531623,0.000625760102577358,0.036524066312865,0.00067871183678724,0.0026065372926814,0.00336781302162614,0.042275782403915,0.141685011499018,0.000768397607776581,0,0.186776182775633,0.00129542118895777,0.0745959633579102,0.759584178713982,0.00156252008314752,0.0102125714039593,0.0666071903099803,0.00621574975098357,1.54268022963522,0.0641783846767607,0.000418867241224518,0.00154106928004384,0.00041433602433002,0.00395322019341717,0.00127082466952324,0.00176158571335635,0,0,0.000671233192760281,0.000118985277962259,0.000479665896241073,0.00217359491931012,0,0.00141115288973515,0.00371471843902504,0.00376920460084589,0.0130927016602877,0.00362213936722364,3.73972536491605e-05,0.00984514627159039,8.20467545763486e-05,0.00287142774973283,0.00045350135375686,0.000105932381719164,0.000224283461203007,7.83411129259403e-05,0.000350558828377157,0.00700511728292896,0.00041015759521868,0.000519475962449889,0.000260987860464678,0.0313637293117433,0.000157056925138285,0.00132262174821525,0.000640435807886572,0.00763393619435332,0.00425712212856746,0.00209500297921108,0,0.000169534330405945,0.000805391239532591,0.00205094458075108,0.0021083887663161
1.10184383226408,0.000928594499027963,0.224706898966804,0.0941802349454442,0.000323744917601246,0.061589682277876,0,0.0894960625436719,0.124696305362278,2.59581900884209,0.00374765685387062,0.00425728547083975,0.000855045818326537,0.83665998787793,0.000913999588229158,0.00323809107744784,0.0410059477846669,0.000530410313451571,0.00530989265103916,0.0403405631109802,0.019710873208372,0.00461950428815429,0.152246792108578,0.302190807235315,0.000377939480486781,0.0611454289989497,0.0293224375397221,2.79333207972094,0.101476291014486,1.0874218024122,0.000170006281838162,0.00158004898867641,0.0276508401690763,0.0828116518380417,0.000664215754468758,0.0563397282424343,0.0235880943098954,0.126522351445247,0.0558034331066554,0.00637051472845947,0.00247667324024701,0,0.00901666196291457,0.000365206515198603,0.0121846269288875,0.00780782694090515,0.00146696282816427,0,0,0.00123458435908944,0.000750770953357087,0.00279708874727138,0.00187740303416742,0,0.00240199928588798,0.00670804912780487,0.00637505059888239,0.0343786575260562,0.00337220482904416,0.000620045101401644,0.00617520711075602,0.000258342359851866,0.00388087462364399,0.00107199214018043,0.00399740988777986,0.0010815462949451,0.00071269614463773,0.000172477326415427,0.00590368927418764,0.00431689602837577,0.00451085602512128,0.00342847330647378,0.0393070536370903,0,0.00136828991347712,0.00571282606869095,0.0179314683876796,0.00878318654448239,0.00748428602222807,0,8.34230906217922e-05,0.00203635801479703,0.0054569470267244,0.000542799022416748
0.122050676548776,0,0.0162550393794147,0.00794477343273981,0.257210942191294,2.24088719081756,0.0894960625436719,0,0.0127259478460572,0.494069973758713,0.00261446450724588,0.0227970959916565,0.00173035917980276,3.21361995602913,0.0122484165965048,0.000128485200195986,0.0112444941989434,0.000149259261721745,0.00291750355735382,0.0303812936078976,0.00163608122254553,0.000412629378674718,0.0121124402794291,0.0178566324094574,0.000643389470100173,0.0129578590105026,0.00676725146217366,0.0252326974042097,0.149477855596273,0.0100059785911073,0.00010116187781316,0.384887797680681,0.00108674519396292,0.0452068105368845,0.0153722263279557,0.00226971723336198,0.00740930951354219,0.0502651971015942,0.0037497312481067,0.122585114946026,0.111443807001917,0,0.00111687845176861,0.000219832158589387,0.00184133993106737,0.000452604912799075,8.95540766923386e-05,0,7.9640623010151e-05,0.000404117552051733,0.000602370844150847,0.000241058050470581,6.46613580336762e-05,0,0.000283781559561334,0.00100396382594359,0.000751434650491409,0.00598995640316216,0.000264613837816974,0.000243547382392937,0.000671818771680541,0,0.00113275341357966,0,0.000211421313936215,0.000217928014649902,7.30367624482975e-05,0.000447511495851299,0.00044087219838387,0.000282765648807491,0.000581296194201561,0.000109983444882689,0.00675995434784896,0.000178521185840988,0.00123910447274178,0.00133044085538908,0.00293909469701049,0.0018476730225399,0.00116242681395525,0,0.00010314292661667,0.000374816116341932,0.000655712937867837,0.000109561120949813
0.0213671391265779,0.0474105908797684,0.0252379882306582,0.318563372049991,0.000790866717251235,0.0361951827894142,0.124696305362278,0.0127259478460572,0,0.0855525740399491,0.00239925008231809,2.74472136398027,0.00322543558732114,0.0176883132936623,0.31710699310268,0.0154835635765906,0.0160352466210078,0.00308718988759623,0.00828007965664074,0.554466593884537,0.00315897403775869,2.5183208841592,0.00932639296413177,5.1698884846719,0.0477730387742368,0.0139833565570482,0.153760817997748,0.18176222799365,0.0657222051147377,0.086544137289175,0.000995089672965525,0.00112183673870619,0.102303984009576,0.0673959867214372,0.00587584373474614,0.114300134377245,0.0372783618221099,0.103200392456861,0.0672104438821469,1.39252785150416,0.00151776155059631,0.00113771719112804,0.0133193078546388,0.00202796985601799,0.0179369371033573,0.0107232711238107,0.0138725442098726,0,0,0.00396255952458875,0.00978604719246496,0.00561165371215196,0.0136128517243306,0,0.00586514425811301,0.0102070768981264,0.00581060687254853,0.45928644784411,0.0123598266852289,0.000327427843236043,0.0288274684044388,0,0.00266494842158731,0.000517142919890221,0.0118835401835208,0.00614170248083794,0.000965469955602146,0.00139374140232521,0.0345791581235833,0.0072069983117549,0.0744047797661287,0.00389787708816968,0.0702182485821548,0,0.00355621451507398,0.0121666645826446,0.0284594142925538,0.0111862485392609,0.0139485574828371,0.000326323179684677,0.000400456550255307,0.00430950029775631,0.00792667866934248,0.00065366151297856
0.00577948096583327,0,0.00145848161056832,1.74833726890387,0.000694731944009078,0.968997785719451,2.59581900884209,0.494069973758713,0.0855525740399491,0,4.70012954801473e-05,1.20747908401466,0.000536090796760491,0.428208811081451,0.00159045800308565,3.63458743115608e-05,0.000404150186664575,0.000176606976649322,0.000380787583087309,5.0322687256821,0.000644446519273523,0.000189369646287288,0.000958701089079453,0.24082369092879,0.000457652992187377,0.0010248285845166,0.00113429126533699,1.25590631882683,0.0670577162474919,0.00204607004020219,8.75115121116423e-05,0.00147828486612676,0.0116256943740646,0.102098611721257,9.69699124817259e-05,0.0237876428607993,0.00489001031950945,0.0737492941509436,0.0294092061528563,0.00700605625546156,0.00104256509421926,0.000781750214039099,0.00203999366306456,0.000106603280003337,0.00486066916150559,0.00279634698087327,0.000964764591284322,3.58348371987723e-05,0,0.000720643864231183,4.49766161249058e-05,0.000306146588152981,0.00519521843463423,0,0.00507424398907873,0.00755757061711362,0.00829586451597854,0.0290253928886293,0.00687479626875332,0.000278192960044852,0.015704568298789,0.000105337833472837,0.00319945868119209,0.0003124807547216,0,0,3.37395332089541e-05,0.000118254104904943,0.0143022394900983,0.000233788247589463,0.000592119427222045,0.00017681843630961,0.0376433763738029,4.4575163807303e-05,0.000353082092421685,0.000374913769660713,0.00764413811815064,0.00338084334565865,0.00200793055846972,0,0.000276109518034272,0.00032292003788582,0.0015469649108326,6.38994015161043e-05
0.00389592020936264,0.00657264289185548,0.0096381016020825,0.000314197035152148,0.0059446254017952,0.00194953980293984,0.00374765685387062,0.00261446450724588,0.00239925008231809,4.70012954801473e-05,0,0.000460281866548808,1.29364336342227,0.00623811546536026,0.000454327201513362,0.000883341041737482,0.00660974734492743,0.477561168965147,0.572761211377462,0.000847180778977094,0.000523305075224393,0.00915336311259606,0.00395438943911045,0.000808947340692473,1.03370750446977,0.309379249585464,0.108276937750742,0.000837290794761776,0.0566487266046629,0.00473439366795071,0.139252942914573,0.0225600699269749,0.00130173111089283,0.478846769022882,0.00019470077162574,0.0184925940624144,0.601217605286441,0.627590631012393,0.0213769739618921,0.000838229399224894,0.00596381008455443,0.116406487524837,0.00163474640995813,0.00614026720132145,0.00557331293418203,0.00188041715709151,0,6.90018924025641e-05,0.000299572436225229,0,0.00689837336211426,0.000643559723004779,0,0,0,0.000152284653699077,0.000107998659900618,0.000167858082059588,6.92264184782845e-05,0.0103848017278915,0.000122584762559587,0.0060281783247811,0.000249528226224242,0.000204877657198129,3.47945987133852e-05,0.000814141040211136,0.0111387056445682,0.00442960019883464,0,0.000282508639307052,0.00135108267015275,0.000139759861099692,0,0.0112101225142119,0.0321048854951308,0.0147477943074433,0.000197335989518045,0.000254358425208679,3.96757082506008e-05,0.00607973191971657,0,9.83172149785351e-05,0.0014048089676782,9.27733133874889e-05
0.000535031889571293,5.0738928879873e-05,0.000100311106068615,1.10635313826038,0.000518094833133684,2.75755318276154,0.00425728547083975,0.0227970959916565,2.74472136398027,1.20747908401466,0.000460281866548808,0,0.00129069549610476,0.0125793776320597,0.387828488353645,0,0,7.6041349080215e-05,0.00029008055716558,8.15467348002163,3.06326244965715e-05,0,0.000377783005379453,0.896824851197089,0.000651987958170976,0.000830948857064696,0.000778744871947573,0.00840230768167264,0.0209425522190175,0.000420537394984155,0,0.00196438161317991,0.00111410105795785,0.0715747304385926,0.551114523134444,0.004482129025466,0.00491752702399752,0.0474700828041676,0.00799414609611335,0.354399510244513,0.00281353903987185,0.00067067884510243,0.000515251494903279,0,0.00136324740946992,0.000549690906660944,0.00488606994719906,0,0,0.000244978710437497,0,0,0.00944344042132951,0,0.00208819432709124,0.00122527928016637,0.00179781336184125,0.0144617885286182,0.00312092173981447,0.000100616845716653,0.332337172182736,0.000401767947542401,0.000675617015504576,0.000610467389461163,0,0,0.000185381434534606,0,0.128660180110259,8.7357428523973e-05,0,0,0.0107466252955758,0.000183987165251811,0.000387246677524186,0.000385267736316527,0.00198029569198644,0.00124463848318892,0.000535149334210054,0,4.17019691712449e-05,0.000108227716401593,0.00129597648858439,0.0184863203958861
0.000434840573776494,0.0119248706956955,0.00055406424945021,0.000189020434533519,0.00222804965591152,0.00125361968256058,0.000855045818326537,0.00173035917980276,0.00322543558732114,0.000536090796760491,1.29364336342227,0.00129069549610476,0,0.000835489928091069,0.00019030204188197,0.00103405000257543,0.000329999060559738,0.0117827487087679,0.00382394481964476,0.000519341438256772,0.000640709161652958,0.0114450485563528,0.000536079121998757,0.00141669292984342,3.35997244626807,0.541798948109147,0.816679798628656,0.000794527111116479,0.00341826142210515,0.000588493091232664,5.71943096111903,0.00716473324859926,0.000629663021876572,0.150425709040849,0.000321163013783727,0.217649207416053,0.678650443199768,0.310214116189765,0.436746588717742,0.000939922243772325,0.0154606381311935,1.25474901627743,0.0374421018466402,0.00905947920439591,0.019436386768276,0.02326883316024,0.00056282461976114,0.00440299372606809,0.00227687026706523,0,0.00320073994748422,0.000238053897967097,0.000100628376518202,0,0.000274749429081567,5.63800588727825e-05,0.000380436321671222,0.00030380133511382,0.000231609257329815,0.0596830559233459,0.000216061198484231,0.071365989375988,0.000302476131226433,8.25352005316502e-05,0.00024442097469721,0.00020952908945246,0.00466898711824256,0.00121673091411583,0.000351255861845062,0.00023942998049422,0.000831410315677982,0.000349427240416674,0.000469733538774196,0.00658726534824975,0.0130691227659258,0.00331625852628737,0.00019477505847138,0.000742082007535949,9.2761818310597e-05,0.00525155808435287,0.000724500258980212,0.000179303527631746,0.000791363397785235,0.000120942961339735
2.33825551008632,0.000390897328754612,0.0225119133558129,0.0069227668874131,0.0517268297382696,0.279577587651913,0.83665998787793,3.21361995602913,0.0176883132936623,0.428208811081451,0.00623811546536026,0.0125793776320597,0.000835489928091069,0,0.000205986439072344,0.00030395619321142,0.023187948316452,0.000518831934208263,0.00509965844824897,0.0233842781971343,0.00302750355317422,0.000743259744696571,0.0249948506140261,0.0277162157535924,0.0013301219474064,0.0200416411200268,0.0142285464162734,0.0300027489044793,2.13330759678693,0.0587871031906157,0.000230739829514534,0.142930114020237,0.00677309303999534,0.0880827941652267,1.29106681692572e-05,0.00337775619952076,0.0161421352665353,0.11021000872358,0.0078045530690924,0.0676715526813569,0.0437403525678374,0.000375379668826423,0.000735799428242372,0.000371258872465747,0.0016795065943111,0.00145192323661183,0.000289543958168578,0,0,0.000367939559134655,0.000481814311947435,0.00039157584324115,7.68819796018545e-05,0,0.000183919576883027,0.0014115863384462,0.000647307300668941,0.00595538839701061,0.000216317365035495,0.000165345841761789,0.000623237282029072,0.000372475283911659,0.00121758966022106,0,0.000608391695680761,0.000422753686688954,0.000156051391398876,0.00018875220577085,0.000309526371559399,0.000362001509402776,0.00127340939445256,0.000487513639465628,0.00614959295259848,0.000400176741250217,0.00194547601136872,0.00165743355212475,0.00368093249554113,0.00278957757468412,0.00280803560771618,0,3.54606127713243e-05,0.000362461482353276,0.00121706748009199,6.84169464758746e-05
0,0.000202880509027406,0.000472488403082851,0.000343199454772188,0.0270218654302339,3.51921257413954,0.000913999588229158,0.0122484165965048,0.31710699310268,0.00159045800308565,0.000454327201513362,0.387828488353645,0.00019030204188197,0.000205986439072344,0,0.00822576959534179,0.000638251763818527,0.000103218577457558,0.000648545340407028,0.00282166066156922,0.00700391648487281,0.00171828618182773,0.00925337262929261,0.00217870019026527,0.00103688332114871,0.000676285133256889,0.0045504839574966,0.00386374334713669,0.00204203669511505,0.000489576172764128,0,0.000297019495964447,0,0.00712164108289487,0.173200028903971,0.176522416085069,0.0534093634797119,0.0212230896502554,0.0183450300063628,1.24754609086034,0.00551869346262837,0.000287914601709006,0.0432651738669565,0.0151663019555664,0.0309139973233388,0.0289384164547431,0.0116330599585437,0.000729204967495883,0,0,0.00134187120933263,0.00205070538353143,0,0,0,0.000396012123842822,0,0.000596042411607207,0,0,0,5.55077595667842e-05,0.00035680828724491,0.177969328313693,0.00280001891604237,0.00064748222936375,0.000210661093753008,0.000900869240158908,0.000280297779361199,0.00245598714655899,0.0033396347851092,0.00484964286086269,0.00109046218455569,0,0.000969668651508136,0.00562082187823633,0.000633243674168589,8.77340071336139e-05,0.000514561156377213,0,0,0,0.00185863255306609,0.0288906045458047
0.000424160847113147,0.0124548501678635,0.0304511545548542,0,0.000127573175861168,0,0.00323809107744784,0.000128485200195986,0.0154835635765906,3.63458743115608e-05,0.000883341041737482,0,0.00103405000257543,0.00030395619321142,0.00822576959534179,0,0.0181654602049164,0.000191661085893388,0.00107383756025581,0.0005239387614526,0.621494143720909,3.41725054931173,2.09348980491149,2.06802787628728,0.00369360669832489,0.00652316498435089,0.927387422015403,0.444188945530325,0.00110514726771614,0.0187240560538521,0,0.000112462006293557,0.000730947673090914,0.0176229160871113,0.0106717042867269,0.398512298577825,0.136082605581912,0.180091448510452,0.160518444885931,0.0252967712921718,0.000374433753401897,0.00263755501764675,0.0459865379332874,0.0319802907465832,0.0134048916884007,0.0164487797040139,0.00445087680698888,0,0,0.000314788765542928,0.00390663880641256,0.00801547241242541,0,0,0,0.000557196453325102,5.95727840542876e-05,0.00642460640717804,0,8.24072061999127e-05,7.62350929207276e-05,5.62580215723867e-05,0.000154120323721121,0.00542454451960322,0.410199704392424,0.00398578274732671,8.43585986517494e-05,0.000786932118054838,0,0.0681456001800726,0.264395538950834,0.169197280985164,0.00706958307167178,0.000346273191686321,0.0011212669267334,0.017198850480622,0.00954130997673805,0.00113204785924882,0.0127984913153735,0,0,0.000162131395833501,0.00276124374813886,0.00720943571646347
0.0605087874543136,0.0178803690598671,0.905185905726232,0.000517742677049076,0.000111729487899129,0.00103929866212401,0.0410059477846669,0.0112444941989434,0.0160352466210078,0.000404150186664575,0.00660974734492743,0,0.000329999060559738,0.023187948316452,0.000638251763818527,0.0181654602049164,0,0.0012671301223999,0.349274195375506,0,0.0382810677834306,0.0234720454794247,1.08057034904954,0.0187148484854442,0.00193091289777169,1.0004141710896,0.385017457163525,0.0271042045921985,0.0463842574099389,0.0863045749679181,0,0.000568205926556192,0.00798862050783616,0.0381619529661968,0.000354245737523959,0.0158934343207329,0.119129254735736,0.0863223053009169,0.0249585331809399,0.00116241595325795,0,0,0.0148378664343541,0.00753013407186306,0.0156751855119764,0.00683394979665354,0.000333194631143941,0.000131539103467339,0,8.71570965048033e-05,0.0180392481689943,0.0351255110432924,0.00016123387052258,0,0,0.00028892983673264,8.97138096530707e-05,0.00257967384585346,3.25120060695096e-05,3.98360159600273e-05,0,0,7.8395701473416e-05,0.00104206588524646,0.00289406449242365,0.0179333450251463,0.00112372711292363,0.00268630875796836,0,0.00078737874110271,0.0117581596302764,0.00441439914217368,0.00216018250368354,0.000314952683588008,0.0112738486561727,0.0524632352561263,0.000725192519379437,0.000239265997142076,0.000644169377279155,0.000284574570183688,0,0.000105251960511664,0.0071750452953757,0.000531010597619857
0.00134372036340698,0.00806983570483751,0.00352306137326729,0,0.00192245023482092,0.000378520251133301,0.000530410313451571,0.000149259261721745,0.00308718988759623,0.000176606976649322,0.477561168965147,7.6041349080215e-05,0.0117827487087679,0.000518831934208263,0.000103218577457558,0.000191661085893388,0.0012671301223999,0,1.39252637336925,0,0.000198276835868181,0.00572693588961563,0.000502385036423418,0.000423627265654713,0.130676839063109,0.556436526185486,0.0660060366079701,0.000202134743499597,0.00175476277977363,0.000330321188146281,0.0260568844343549,0.00491479065411853,0.000775973972926107,0.0167318808320189,6.17812002020641e-05,0.0050124232957597,0.0494498739419987,0.0311580660239862,0.00745127122858674,0,0.00151200084432836,0.000212503924139115,0.000751139005787423,0.00868894026465671,0.00756372482090816,0.00121760569640173,0,0.000517725281005746,0,0,0.00972436588383033,0.000419658173296036,0,0,0,0,4.88849305487387e-05,0,0,0.00521854802098473,0,0.00487285947114459,0.00015638656784309,0,0,9.63448065848561e-05,0.018940582382604,0.00533368035135332,0,5.52528316565036e-05,0.000383321182315215,0,4.62356133834776e-05,0.0180082244422798,0.0315112679244224,0.010499833099439,4.67145674653701e-05,0.000226067604818165,0.000110641333713378,0.00758182471455317,0,0,0.00113065020628993,1.05725201022143e-05
0.00447110490881621,0.0211440618979232,0.0471405479437992,0,0.00315272655257228,0.00133734155583448,0.00530989265103916,0.00291750355735382,0.00828007965664074,0.000380787583087309,0.572761211377462,0.00029008055716558,0.00382394481964476,0.00509965844824897,0.000648545340407028,0.00107383756025581,0.349274195375506,1.39252637336925,0,0.000375576578060065,0.00201239765090397,0.0165202770424357,0.01042905010731,0.00227237083258578,0.0680029506114408,2.60685714332978,0.256549031857641,0.00210284335679234,0.0141355702669586,0.00547581085545514,0.0104162493290805,0.0101731246502702,0.00148114738775687,0.511194079413638,0.000144470765935263,0.0120797543837587,0.0840421110150846,0.104080579677852,0.0101226877732477,0.000601116582205448,0.00442581089560197,0,0.00727976424333235,0.0228452941600629,0.0181285038048237,0.00773483886147644,0.000451626487495325,0,0.000441637456300908,0.000340238870302594,0.0364625794266435,0.00200677494839469,0,0,0,8.7551730656781e-05,0.000350511223634557,0.000640802276760596,6.50639138000282e-05,0.00420083165506393,0.000306728640727322,0.00312039036825112,0.000876097628453937,0,0.000430391633767509,0.00392737590197594,0.0339355522976913,0.031201752805008,0.000237703071568326,0.000179511494706894,0.00463263214974283,0.000851271004120073,0.000396073147650213,0.0174800999620075,0.0931374272998299,0.0638425871276515,6.18512241190921e-05,0.00135539528176111,0.00122455496848598,0.00268499028006888,0.000162592574759736,0.000593198842941603,0.00677155252773043,0.000191008707197152
0.00380847790534584,0,0.000147472385871027,5.90377463622006,0.000530497266269178,0.0586194850522486,0.0403405631109802,0.0303812936078976,0.554466593884537,5.0322687256821,0.000847180778977094,8.15467348002163,0.000519341438256772,0.0233842781971343,0.00282166066156922,0.0005239387614526,0,0,0.000375576578060065,0,0.000136156340889682,0,0.000842990419218986,0.640875853378089,0.000513516254498531,0.000755275883521702,0.000790233356130451,0.265392877275228,0.0531481102173962,0.00170614361560804,0,0.00300212415585584,0.0139318353156303,0.119821703210186,0,0.0194160643418688,0.0074280758121868,0.101223509833905,0.0336879917920194,0.0144230524401591,0.00323521821945905,0.00147189667272067,0.00166019037358699,7.96490391078014e-05,0.00540503714601758,0.00234544040436002,0.00450918158133473,0.000364734941840202,0,0.00200881512306512,0,0.00053559011269721,0.00860951196574452,0,0.00417796734884367,0.00551191106794619,0.00679431381634574,0.0399749102308345,0.00776686504943363,0.000394786921102465,0.0192158647964383,0,0.00297073515305184,6.90685284208833e-05,0,0,0.000278369916534182,0.000125749184866547,0.0231950553262775,0.00031025376387103,0.000257093469482449,0,0.030694820319748,0,0.000414437106603654,0.000239519878058821,0.0063525726513531,0.00322228107844697,0.00119290365358776,0,0.000518951992601937,0.000422895401824903,0.00179097371625584,9.42978246026589e-05
0.00738264505813609,0.00129522377786145,0.158207297701874,0.000286555443776206,0.000229737874412024,9.83145944142335e-05,0.019710873208372,0.00163608122254553,0.00315897403775869,0.000644446519273523,0.000523305075224393,3.06326244965715e-05,0.000640709161652958,0.00302750355317422,0.00700391648487281,0.621494143720909,0.0382810677834306,0.000198276835868181,0.00201239765090397,0.000136156340889682,0,0.0375138512190395,5.26637035459501,0.0521887677256977,0.00088341306817926,0.0148171386605877,0.0781134638381994,1.28894233019369,0.501315084874745,2.67462828729709,0,0.000565172835194501,0.433505941724818,0.152750298939971,0.00955715774316283,0.382555566308349,0.0556706664223464,0.285772162838976,0.145991988614739,0.0328718107552583,0.000535716911291095,0.000280180568462941,0.0115064215862658,0.00502598594551075,0.00315301430357704,0.00290365566282698,0.00076523221452495,0,0,0.000171050643016915,0.000564720489683508,0.00132532380279089,0,0,3.1642301747027e-05,0.000176460084210841,0.000184337314203744,0.00167004781305928,0,0,0,4.20621212718795e-05,0.000219085237092613,0.00417428244549495,0.0376510041836529,0.00106461982326519,9.50257062918083e-05,3.10508579350463e-05,0,0.0388831114506548,0.0697488753753871,0.0283712501854939,0.00467177894180199,5.5546643355775e-05,0.000554494497711765,0.00458620033244376,0.00660868299468495,0.000848827679304288,0.0137290442148404,0,0,0.000561761670658375,0.00123271612762775,0.0069034310365124
0.00299134402318131,1.02949174656331,0.0391063872393246,0,0.000707191457717993,0.000202205437531623,0.00461950428815429,0.000412629378674718,2.5183208841592,0.000189369646287288,0.00915336311259606,0,0.0114450485563528,0.000743259744696571,0.00171828618182773,3.41725054931173,0.0234720454794247,0.00572693588961563,0.0165202770424357,0,0.0375138512190395,0,0.0725449683761569,1.34514086428059,0.350452267684111,0.0299385375886267,1.12880425768687,0.0537487495460103,0.0043850569553899,0.0217876135575319,0.00802266820516236,0.00234030582666631,0.00506869305294976,0.0188752848947742,0.00296420700877003,0.161115440217763,0.0996979227664853,0.116925829452455,0.0476710909484836,0.00619985739086792,0.00200232663068579,0.000743829201330658,0.0366231735745428,0.0187118700827709,0.0408428780407658,0.0268238771301361,0.0016432354780242,0,0,0.000122257516632393,0.0877997417673057,0.016213788962241,0,0,0,0.000621086848063264,0.000246777932762228,0.0245265165888854,0,0.000160149191330563,0,0.00103526805719623,0.000378908674110879,0.00156983326412624,0.0658823152490097,0.0199090016330582,0.000966484997111725,0.00457702905038824,0,0.0154904295690084,0.635221002267657,0.0296072690542195,0.00552561912345129,0.00354603914714022,0.0112156581481808,0.0556614538012274,0.00570340200029706,0.00166154304082923,0.00734928236145312,0.000114611624985769,0,0.000477868073424955,0.00822196804425262,0.00189048113314038
0.0518785807632769,0.00215851817877769,2.51145672011169,0.000670422373782547,0.000715924396956723,0.000625760102577358,0.152246792108578,0.0121124402794291,0.00932639296413177,0.000958701089079453,0.00395438943911045,0.000377783005379453,0.000536079121998757,0.0249948506140261,0.00925337262929261,2.09348980491149,1.08057034904954,0.000502385036423418,0.01042905010731,0.000842990419218986,5.26637035459501,0.0725449683761569,0,0.0580236055547519,0.00152548857969477,0.217650619064188,1.18128817983797,0.474506640798025,0.821897678808892,0.437583798106384,0.000100991370539466,0.00101141062989081,0.0638916426266045,0.213626149040406,0.0309701751679028,0.575614989057273,0.169146179508044,0.727723424444226,0.353856544243322,0.0486006349100181,0.00104890344487674,0.000798931608613691,0.0384346757764306,0.0147310374726767,0.0169034059855994,0.0167167586758256,0.00143493850215164,0.000280256902709098,0.00020673109057145,0,0.0017033905958698,0.00799741862731026,0,0,2.1370043821905e-05,0.000474434654344479,0.00022169185914368,0.00284731712991096,0,0.000191287067581924,1.79223309279496e-05,3.94982544401816e-05,8.62830152885269e-05,0.00977762318791761,0.135879285594441,0.00307413589211042,0.000274710788607769,0.000693494178399777,0,0.0249269000374305,0.0914356587483718,0.109501536368606,0.00533934014613831,0.000216872723871574,0.00209525576824548,0.045356832511221,0.00556870014838225,0.000703143179269498,0.004575574611482,0,4.76085684096314e-05,0.000241012725937795,0.00188983173284946,0.022078859181718
0.0191880619974644,0.0145063340859941,0.0403877565707729,6.73637804093359,0.000595989315942819,0.036524066312865,0.302190807235315,0.0178566324094574,5.1698884846719,0.24082369092879,0.000808947340692473,0.896824851197089,0.00141669292984342,0.0277162157535924,0.00217870019026527,2.06802787628728,0.0187148484854442,0.000423627265654713,0.00227237083258578,0.640875853378089,0.0521887677256977,1.34514086428059,0.0580236055547519,0,0.00610813468617586,0.0164430618556728,0.316274685169989,2.44365899733545,0.0887736671808296,0.108932513283569,0.000123153072869797,0.000744153941467664,0.0594236402753914,0.0900842018731557,0.00193391357309189,0.191685895146094,0.0492792840192236,0.13690846254322,0.0672407410354352,0.0162177392328136,0.000976024300280431,0.000969451748974389,0.0376080948655828,0.00369928775700017,0.0498836486569826,0.0260460010304833,0.008797525112457,0.000605753256749005,0,0.00683656024102848,0.0028336796516616,0.00932543921678441,0.0770555415036535,0.000168715654852379,0.0166399415990798,0.0313777245668321,0.0258895289183917,0.233310913235176,0.0296357816929433,0.000897928644806767,0.0512588065218532,0.000265398647113349,0.0168131371337165,0.00264145242425596,0.0303839114528056,0.00447792584491188,0.000822799823019013,0.00105595415171766,0.057515890689923,0.0406366527011195,0.062847162603695,0.0181414399110066,0.226170736339583,0.000396919584479796,0.00336945476196134,0.0157443356429867,0.103658263015854,0.0368680424613,0.0522286693414221,0.000138804424278018,0.000985391375612096,0.00672065826244356,0.0310462928833835,0.00199734533209329
0.000967708591015299,1.40712391483235,0.00264055195092321,0,0.00490748791558238,0.00067871183678724,0.000377939480486781,0.000643389470100173,0.0477730387742368,0.000457652992187377,1.03370750446977,0.000651987958170976,3.35997244626807,0.0013301219474064,0.00103688332114871,0.00369360669832489,0.00193091289777169,0.130676839063109,0.0680029506114408,0.000513516254498531,0.00088341306817926,0.350452267684111,0.00152548857969477,0.00610813468617586,0,0.55251328801961,0.768642429470603,0.00134478725549378,0.00569295029543599,0.00105968801068074,0.931793934114646,0.0151876067858256,0,0.0388301681905486,0.000486432218086497,0.0476599063726266,1.57982112076169,0.496520062230636,0.0612459434308636,0.00133729005688219,0.00993460150780072,1.79900428372908,0.00983837754377536,0.0163850338183898,0.00942305717503131,0.00497119217733974,0.000148259587936695,0,0.000227701799590529,0,0.200870142508141,0.00235873707012154,0,0,0,6.45068777411877e-05,0,0.000513365884049672,0,0.0151596559511682,0,0.0156031104476653,0.000181692566136515,0,0.00506168861549736,0.00316482066642657,0.0148424961522662,0.00751057937634643,0,0.000702370131357139,0.0359771788563101,0.00118775648587247,0.00052201474433885,0.0726322896417909,0.0319386326247529,0.0207446670617774,0.000107536431883137,0.000420970481235094,0.000391959571464776,0.00893936290135669,0,0.000189642039633882,0.00273176115014273,0.000208499257547956
0.026155451712809,0.0376996525471805,2.49202543591747,0.000611645831501473,0.00489778651834065,0.0026065372926814,0.0611454289989497,0.0129578590105026,0.0139833565570482,0.0010248285845166,0.309379249585464,0.000830948857064696,0.541798948109147,0.0200416411200268,0.000676285133256889,0.00652316498435089,1.0004141710896,0.556436526185486,2.60685714332978,0.000755275883521702,0.0148171386605877,0.0299385375886267,0.217650619064188,0.0164430618556728,0.55251328801961,0,2.49400167248251,0.0225403820219433,0.0357857635986521,0.0525697670030238,0.484115093996293,0.012942432441458,0.00443825974007705,0.128494973675123,0.00129166891850316,0.0548910273545486,0.322631407652953,0.211191506584118,0.0301453172522941,0.00101576602890909,0.00643177308763533,0.0080639911160996,0.0246509304358611,0.0463721265097196,0.0384695869842999,0.0174238317213979,0.0002789796792311,0.000219942931066329,0.00147840645903084,0.000318795740458487,0.0526290013557478,0.0182321231198696,0,0,0.000103837643252244,0.000592676228916028,0.000575634697126439,0.00213656685320313,0.000183293418371233,0.0177248397926347,0.000179229897596679,0.0148195518517949,0.00125567022881668,0.000686127904971814,0.00183955840103132,0.0155788781584218,0.0402428561818697,0.0388578901494821,0.000219843053779373,0.000642816961147256,0.00687605321345503,0.00263416588968293,0.00197614642313335,0.0269081997650791,0.24373773199087,0.214284073924137,0.00123163615782323,0.00211300513084951,0.00147025198329535,0.0100427836012647,0.000542129877323206,0.000252439957524227,0.0194427259164063,0.00111241670638777
0.010513014297654,0.787747658384919,1.93054173465357,0.000241259714968002,0.00448796704353976,0.00336781302162614,0.0293224375397221,0.00676725146217366,0.153760817997748,0.00113429126533699,0.108276937750742,0.000778744871947573,0.816679798628656,0.0142285464162734,0.0045504839574966,0.927387422015403,0.385017457163525,0.0660060366079701,0.256549031857641,0.000790233356130451,0.0781134638381994,1.12880425768687,1.18128817983797,0.316274685169989,0.768642429470603,2.49400167248251,0,0.137893237495882,0.030940606635458,0.025447741856055,0.813932897627141,0.0155570633119867,0.00295180598971167,0.276864202220926,0.0215172474123318,0.453735087499004,0.722586647959334,0.757330179621784,0.230166338098389,0.00645058446130288,0.00690255918881637,0.003654102293842,0.0914289189727831,0.0652583208949769,0.0865832145021836,0.041649890679566,0.00229689111378488,0.000137727282527918,0.0014093079190371,0.000623599417491787,0.112451579202404,0.106269744505009,0,0,0.000148355857329791,0.00216964568753243,0.000881893761238728,0.00589721432985548,0.000337174664522294,0.0098594093086899,6.28083789258919e-05,0.00993626300957054,0.00206518719710708,0.00673268079708606,0.043711778538459,0.0544492043173515,0.031866957976608,0.0402846564563979,0.000180352799146894,0.00691138625640967,0.0880241008614715,0.0786786628313191,0.00879234739636093,0.0248836611292399,0.269426533591348,0.504722115542019,0.00609787851348516,0.00310499715084274,0.00454578966804917,0.0061245165026608,0.000628963093634314,0.000651568708516444,0.035295473926147,0.0188095248926222
