0,0.00145762547045011,0.0255206124103925,0.00781370109178936,0.00259110847473839,0.00910687832797225,1.76835378165446,0.413740831352645,0.0681793335789438,0.0418629168046894,0.00235894483794179,0.00285199618182734,0.00131709625200334,2.65072515354153,0.000492624843485705,0.0034121450298286,0.0751913127767035,0.000159499764303295,0.0148440216656562,0.0349456172578363,0.0153452823633141,0.00726469088547323,0.0194583743857329,0.028722516216373,0.000119659329338096,0.00524100944759112,0.0057261868877597,0.0184083442905038,1.78655982400628,0.631326347681811,0,0.0183400589487241,0.0492474575105455,0.0534347801134515,0.000379836129209149,0.0198157333352586,0.011209864331561,0.0600439076989286,0.0238341145332174,0.00671094045682567,0.012313002353235,0,7.84572068346368e-05,0,0,0.0005433803605596,0,0,0,0,0.00122719042494732,0,0.0011452102839172,0,0,0,0,0.00168474055524254,0,0,0,0,0,0,0,0,0,0,0,0,0,0,0.000650264841193303,0,0,0.000104229428489992,0,0.000208531842009248,0,0,0,0,0,0.000281365246210502
0.00145762547045011,0,0.213537524206209,0.000794765133929672,0,0,0.0051406459957234,0.000489011212898512,0.404754847234132,7.01154352220068e-05,0.0036666164301395,0,0.103441605069666,0.000419192534770582,0,0.0340476777247683,0.0330242560807653,0.0122357507294037,0.0230591315713902,0.00207190050834748,0.00177510663324626,2.62235124914504,0.0106663851525408,0.0381152946280157,1.48588457660345,0.28220219045771,2.4773249575333,0.00264476953512718,0.00196888023855406,0.00204910430572685,0.0196347357099001,0.000210928559746552,0.00770125946221779,0.0137471638526109,0.000170116655572464,0.0212644282260189,0.0427629991632258,0.0269470750569379,0.00853299897649116,0.000952374190934275,0.00268192313332342,0.000598041915585157,0.0122951391931419,0.0594754408608139,0.0131001020165832,0.0116047223416548,0,0,0.00681857665059739,0,2.26032475823062,0.0118911783231424,0,0,0,0.000492528635800339,0,0.0283129205010468,6.61331705342147e-05,0.0032561942184756,0,0.0121275783850332,8.50507319941256e-05,0,0.00185224415901535,0.0166985475973052,0,0.00418070538299942,0,0,0.149229621794599,0.00298892096845185,0.00270476823730245,0.0604252396805599,0.00661734743589197,0.0642721753248125,0.000375294779456688,0,0.000227762888061166,0.000492858597868871,0,0,0.00323902571506945,0.000222735322541941
0.0255206124103925,0.213537524206209,0,0.000115240412206571,0,0.00075810765004633,0.0849606782468001,0.00748332400565017,0.035329758717964,0.00125533069010906,0.00362790254364994,7.01325223381711e-05,0.000976409758848305,0.0195177586819144,0,0.0231548524113636,2.39385040571623,0.00578904339276659,0.164728647759831,0.00169609701193408,0.197130507849815,0.0411873714425466,4.86322298716412,0.0327643906192555,0.00124075671312009,2.16677475045756,1.73903764501105,0.0454814040300945,0.0167694381731737,0.169981279003465,0.00354804797087694,0.00140227268600788,0.00632678775819415,0.122769435649289,0.0027617974905526,0.134185573362072,0.648905600533593,0.16412185078166,0.0639102625627497,0.00114274827325047,0.00161497951408698,0,0.0064317397713662,0.016448295310756,0.00450275991499668,0.00479275342466158,0.000701472268943848,0.000129814361426425,0.00253678952379286,0,0.193328426211765,0.00674066469322646,0,0,0,8.23278090534511e-05,0.000218573990767342,0.00223412794693343,4.00659462846016e-05,0.000511910827752308,5.60543790134164e-05,0.00195345099749342,6.54465733825552e-05,0.00177736707216131,0.00298173009032607,0.00512173809660708,0,0.000765745374403076,0.000119835533035627,0.000159565143237755,0.0135450538880447,0.00270181587047684,0.000763508005265558,0.00351834243712607,0.00209327261687486,0.0171490253804799,0.000156307161192031,0.000131066613256131,0,0,0,0,0.00152715383474586,0.00251101829417097
0.00781370109178936,0.000794765133929672,0.000115240412206571,0,0.00367330208690956,0.11641356242833,0.0315586005460238,0.0422998417058999,0.344849413370966,1.90692015761294,0.0013960359804381,3.93397422747526,0.00281957026354848,0.0302583678806344,0.0396709877408224,0.000843075375152281,0.000763996749851129,0,0.000811958540394841,12.7917016481894,0.000352054951231588,0.000694753194381378,5.51673335502292e-05,3.56724273001577,0.0017148367056476,8.40805107294089e-05,0.000124047651818203,3.40521479103982,0.0176200359848633,0.000777071904554243,0,0.00878612063990057,0.00312524945359097,0.0271473094025119,0.00917104957559898,0.00743237558574267,0.00144367419060175,0.0161524301737122,0.0052157906088343,0.0251169584932639,0.01693654233291,0,0.0025130674650412,0,0.000229205452331775,0,0.00111664502357821,0,0,0,0,0,5.5920589401506,0,0.000123622173118626,0.000335321714459995,8.07851400764104e-05,0.00106332952033871,0.000303145933402302,0.000246096364598797,1.20483606502156,0.000146091327793399,0,0.000582566296611503,0,0,0,0,0.255979780193037,0,0,0,0.0572900975394366,0,0,0,0.000587306800671909,0.000308896247726453,0,0,0,0.00200819867276494,0.00130156352791864,0
0.00259110847473839,0,0,0.00367330208690956,0,3.80576891255496,0.00279332763931962,0.07812968667234,0.0201878955738401,0.00459697047400784,0.0108494601008254,0.0189553986893891,0.0157319651602473,0.0585023155277026,0.251433652081917,0,0.000909576103623145,0.000247704626036238,0.00161391468860905,0.0114517704039894,0.000174916780837786,0.00025806667346287,0.000485150683616303,0.00330510113958098,0.00220246026936852,0.000195582216407073,0.000192420631786507,0.001184012697643,0.157105630670686,0.000693571153503268,0,8.02108271724672,0.00152178019843072,0.755486273168154,0.000191546576881598,0.00603284029744985,0.010448908652217,0.0618508220337543,0.0154809991758722,3.2333798664003,5.15825370751281,0.00888680859570808,0.000162710992297662,0,0,0,0,0,0,0,0,0,0.000229891375012823,0,0,0,0,0.00155311161822853,3.68095264450079e-05,0,0.000350145364073866,0,0,0.00040121591099113,0,0,0,0,0.000315494009614396,0,0,0,0,0,0,0,0,3.46950992849906e-05,0,0,0,0,0,0
0.00910687832797225,0,0.00075810765004633,0.11641356242833,3.80576891255496,0,0.103532202942548,2.69498087453028,0.0861940067228382,2.1697061996399,0.00665953086326473,3.07056617605432,0.00399750532189315,0.2478334544863,2.0791619431113,0.000347587803251001,0.00187943616875349,0.000384759498050125,0.000426535436512869,0.556169076948402,0.000553680524766015,0.00082593644776127,0.000490763468349167,0.100341332176603,0.000500067847646943,0.000429482134112067,0.000500021779619024,0.0476851179040892,0.094554559148793,0.00268515112627048,0,2.34141834313905,0.0033311025719391,0.0691623384647164,0.348709052745114,0.0159530673069068,0.0047156236939425,0.0308219381649716,0.00310936589827536,1.30212774388585,0.212200038340396,0,0.00235996672028683,0,0,5.57832233463718e-05,0.00162993090558668,0,0,0,5.99213341069965e-05,0,0.00917537393178143,0,0.00033800602144428,0.000176258264119353,4.16174039803985e-05,0.00493645473539343,0.000207275390367632,0,0.0232659627225237,2.93931066854738e-05,3.94988027424656e-05,0.00015416544293561,0.000196296900389602,0,0,0,0.000570566422067528,0,0,0,0.00116526362594084,0,0,0,0.00036283710953447,0.000440519197911382,0,0,0,0,0.000164106942050442,3.2859001180389e-05
1.76835378165446,0.0051406459957234,0.0849606782468001,0.0315586005460238,0.00279332763931962,0.103532202942548,0,0.292603951478411,0.34268293847339,1.40456587589338,0.00307049827379109,0.00918593606544335,0.00378196892663874,0.601591246260034,0.00329426779044825,0.0229232969765714,0.0674325614101264,0.000553584270155203,0.0128927888359147,0.783606059782782,0.0221183311822714,0.0280470198375871,0.069027538889986,0.462287079139527,0.000397700450520968,0.0152943173634643,0.0203375696521697,3.81246053211201,0.178741231312454,3.04260799395118,0.000250704577206952,0.022376911366152,0.039822247240253,0.0925884137389044,0.00201428461536424,0.0638553928445743,0.0176657490286237,0.0879850436003951,0.0347993014028001,0.0193365357678932,0.0286994331789543,0.000110242069511912,0.000723046699883094,0.000298476930306994,0.000137132336834702,0.00114686863720583,0.00118324026644424,0,0,0,0.000761231674351721,0,0.000479762450451126,0,3.42798440328971e-05,0.000360660633956121,8.80573407810578e-05,0.00203753742675842,0,7.92245181325249e-05,0.000137123801108329,4.48288243690891e-05,0.00015902273072288,0.000643612972951206,3.08024907773484e-05,0,0,0,0.000406153726134674,0,6.58781056032259e-05,0.000429725237527563,0.00348421891244801,0,0,0.000353609125495109,0.000676992622482035,8.84217871645245e-05,0,0,0,0.000123369998641973,0.000570952028460397,0.0014986706050277
0.413740831352645,0.000489011212898512,0.00748332400565017,0.0422998417058999,0.07812968667234,2.69498087453028,0.292603951478411,0,0.0623267484981869,0.541614939160721,0.01134027091885,0.108056942486709,0.00492968631013208,2.04468122270429,0.0265372339537612,0.00128918926202488,0.015403408534688,0.000724511330603638,0.00355030195582259,0.371778984028289,0.00382476304499388,0.0027361203997186,0.00718182655968526,0.0927928703509922,0.000848571468271107,0.00232457084779578,0.00281288329916955,0.0423560618421595,0.214771366042781,0.0226787407052132,9.95392461682564e-05,1.31017658055347,0.0116199495022896,0.0896932848536488,0.0021430898482025,0.0153846262268078,0.00775672265153533,0.0594213268041716,0.0111720640245931,0.0489003363333352,0.0217837112552224,0,0.000214157020769577,0.000200022365498377,0,5.12561161216697e-05,0.000143832916824021,4.48468484675266e-05,0,0,6.34356439114282e-05,2.19519715184153e-05,0.00267730939345975,0,8.48885843854584e-05,1.79610364408329e-05,0,0.000363481382644687,2.12466236951419e-05,0,0.00304285942370052,0,0,3.21513424579069e-05,0,0,0,0,4.74311783896456e-05,0,0,1.89390853011421e-05,0.0009982597740369,0,2.93635474875639e-05,7.79160320297817e-05,0.000192995888587501,0,0,0,0,0,0,0.000175005161589983
0.0681793335789438,0.404754847234132,0.035329758717964,0.344849413370966,0.0201878955738401,0.0861940067228382,0.34268293847339,0.0623267484981869,0,0.098029116405508,0.00345940335066081,1.30203066351165,0.0159084479483246,0.108910765033285,1.37692551547736,0.135423257477878,0.0165652187643768,0.000405003291942013,0.00479016193889408,0.495705956248572,0.0184161173128897,2.274027361433,0.0170438675440282,8.28020974906115,0.00872779699079678,0.0092301699436544,0.0780427081691445,0.337266290325295,0.275257251234316,0.0522730115000323,0.00151634176994458,0.0350069159128326,0.300859491926627,0.254432355712936,0.00935982674599087,0.578460045040413,0.0386210475642798,0.326558597242671,0.130928375889031,0.814970682168273,0.150781729671315,0.00051763143031517,0.102276099012893,0.00223144623757866,0.0070132947553452,0.00695103980038535,0.111351824914759,0.00274480651131026,0,0.00389371937245071,0.00635715871938785,0,0.0210300807111041,0.000176457050776822,0.0158672480699191,0.00844186116650714,0.00546227213583334,1.37930846348876,0.0169669478047916,0.000760025766641741,0.0825133842659767,0.000359073147650913,0.00443082856356971,0.010367594892439,0.000358524729091678,0.0010502356578784,0,0,0.055611124440087,0.000714638970143407,0.0171455725702475,0.000645112747081272,0.34863651229763,0.00072464160107813,0.000251454457052391,0.000346727323910387,0.0103511817744724,0.00856212595747038,0.00122215404811651,0,0.000682354346205102,0.00494618693447125,0.0119212754233244,0.00244626358262177
0.0418629168046894,7.01154352220068e-05,0.00125533069010906,1.90692015761294,0.00459697047400784,2.1697061996399,1.40456587589338,0.541614939160721,0.098029116405508,0,0.00373125778175293,2.67176151388119,0.00429110108040972,0.497189828695933,0.0456981747045695,0.00121214716355173,0.00261010142179294,8.44733124131885e-05,0.00095363636906073,5.20385904908477,0.00066866956317181,0.00161991308975362,0.0010604879231907,0.375640107558576,0.000394452295028213,0.000428698670983819,0.000435659439884851,1.10996593679196,0.038991866098886,0.00268992643765245,8.20617949150735e-05,0.0288195658187826,0.00506975723871737,0.054240688943683,0.199363417398761,0.0131074561672434,0.00431677423728844,0.0302520105773332,0.0063759765762363,0.0430886455472817,0.0184276007875539,0.000117865315533096,0.00088306562430478,0,0.000126736109281169,9.68154468350925e-05,0.000991594130004731,0,0,0,0,0,0.0616176941054652,3.93310814893622e-05,0.000207907822974283,0.000105031557017881,8.34632694264386e-05,0.00168376384386271,0.000239549853839214,0,0.0420722660092222,0,3.75951614977181e-05,0,0,0,0,0,0.00132727569188817,0.000118216208395833,0,0,0.00125842470563502,0,0,0,0.000115718702268806,0.000112420096351122,0,0,0,0,0.000122707148807259,7.1350375138238e-05
0.00235894483794179,0.0036666164301395,0.00362790254364994,0.0013960359804381,0.0108494601008254,0.00665953086326473,0.00307049827379109,0.01134027091885,0.00345940335066081,0.00373125778175293,0,0.00736988486944501,3.58555086563591,0.0147563375362554,0.0016187909292322,0.000638564926961212,0.0259452491690887,2.86735220940617,0.698683532393501,0.0055278831557193,0.00237935141644572,0.00012485140902639,0.00631077627797485,0.00361970430069709,0.867623942950731,1.64155011170481,0.0275733916059393,0.00144152981369502,0.0650544147909679,0.00330142331741149,1.45583285025485,0.0675316101390789,0.00185630333253667,2.43005391869381,9.34581153662679e-05,0.0194271220587319,1.04434179647633,1.56475259800054,0.00901586850505322,0.00761100253767243,0.0198838242964387,0.191611456676336,0.000205670099773325,0.000206940853902828,0,0,0,0,0,0,0.00229147018840114,0,0,0,0,0,0,0.000405832350650184,0,0.00115723655180576,0.000242792545413512,0.0102686111212096,0,6.7699800456233e-05,0,0,0.000101662715972752,0,0,0,0,0,0.000122046560470723,0.0380029318189589,3.98951388635447e-05,0.000687640590338296,0,0,0,0.000686969637911209,0,0,0,8.40557406777136e-06
0.00285199618182734,0,7.01325223381711e-05,3.93397422747526,0.0189553986893891,3.07056617605432,0.00918593606544335,0.108056942486709,1.30203066351165,2.67176151388119,0.00736988486944501,0,0.00579623983390668,0.0736529309466466,3.88887947718415,0.000424782115006952,0.000172934566960493,0.000168670768697945,0.00111920296519997,6.33973123638195,0.00021292704447121,0.000510192895302408,0.000240184088010739,0.98325571831321,0.000871015148785448,0.000140952704679302,9.20304907323414e-05,0.0950148947168594,0.054245774130011,0.000602814499606173,0.000160269567080163,0.0719562847046426,0.000815668202154454,0.107658630955508,0.81424820911146,0.0759510599158178,0.00913901036365738,0.0520779118924109,0.00821164919708973,0.491569581074488,0.0363491504400183,0.000244627245263432,0.010468606274947,0,0.000860771248580186,0.000389450827988082,0.00984921802689947,0.000303209337216056,0,0.000174080381435419,0,5.17624399917925e-05,0.589862480955555,0.00015074515087978,0.00182690910102375,0.00106454978475611,0.000464682115970112,0.0302131843494359,0.00196262860858341,0.000127104395551084,2.88770619280323,0,0.000372841347589248,0.00068372635730737,0,0,0,3.06462920960371e-05,0.0635286930755715,4.75265631636121e-05,0,0,0.0385954732933016,0,0,0,0.000697760750078562,0.00180771536092435,9.40757580399718e-05,0,7.53198023635045e-05,7.12636585124826e-05,0.00147255368290744,5.99342437957779e-05
0.00131709625200334,0.103441605069666,0.000976409758848305,0.00281957026354848,0.0157319651602473,0.00399750532189315,0.00378196892663874,0.00492968631013208,0.0159084479483246,0.00429110108040972,3.58555086563591,0.00579623983390668,0,0.00628734137122938,0.00109468113218213,0.00669342396708889,0.00112116770030827,0.138324330294484,0.0117273436965204,0.00600197489649297,0.00522114297072929,0.00656575110909434,0.00942971629162574,0.00885429211302955,7.83560362343178,0.645581798290097,0.658786749891414,0.00451166954676848,0.018531539390736,0.00302568237536808,2.27059364838971,0.0253819680624687,0.00264687486585537,0.763106202939989,0.000630447318192401,0.21731019280803,0.66693444684826,1.08797022655927,0.0478932682255564,0.0172330192122844,0.185057295880934,1.02710936520222,0.00406488709463755,0.00474528055004234,0.00559619140080542,0.00517150490765117,0.00100321540177854,0.00584860274316654,0.00346964378214052,0,0.0209530425997035,8.96011976669157e-05,0,0,3.85000688320099e-05,0.000196785033035768,4.24971092117155e-05,0.00168411905210501,0,0.0294589007293248,0.000191660026704432,0.444978929427769,0.000433243922130233,0.00133660009723625,0.000969137420028,0,0.00143124325515373,0,0.000275829826878432,0.000325654635641159,0.00220997189122598,0.00165951510499793,0.000241795997106515,1.14886831804953,0.00310894664624394,0.0192309755698904,0.000291185258253753,0.000611957216354697,0.000152391412096787,0.0172482658195077,0.000364637992310991,0,0.00237387495345857,0.00111632438196053
2.65072515354153,0.000419192534770582,0.0195177586819144,0.0302583678806344,0.0585023155277026,0.2478334544863,0.601591246260034,2.04468122270429,0.108910765033285,0.497189828695933,0.0147563375362554,0.0736529309466466,0.00628734137122938,0,0.00468910655268543,0.00700589666849828,0.0508288924647819,0.000293256075055971,0.0113949431158619,0.134886147287229,0.0126535057503124,0.00380225418288674,0.0174776125884842,0.0986497676451231,0.000981685089815956,0.00634635063845979,0.00689900618221769,0.0385461530694631,2.23889369836679,0.103396180344757,0.000176122754831613,0.833811447051775,0.0352571235916048,0.238903331188369,0.00164222777128811,0.0266358502411236,0.016321005585062,0.117347431077262,0.0215327871688753,0.0311909778688232,0.0233253631547216,0,0.000354081619099452,3.4029013396802e-05,0,0.000220553315653967,0.000197208839194506,0,0,0,0.000139741814459214,0,0.00158159584754597,0,0,0,3.78508035157356e-05,0.000522526376148712,0,0,0.00175890050348433,3.34182333507666e-05,0,0.000507615122831897,0,0,0,0,0,0,0,0.000201942233767972,0.000947031582650991,0,0,1.25457607523722e-05,5.256464276218e-05,0.000211186423644135,0,0,0,5.75633026988088e-05,2.8283725928618e-05,0.000570699907926711
0.000492624843485705,0,0,0.0396709877408224,0.251433652081917,2.0791619431113,0.00329426779044825,0.0265372339537612,1.37692551547736,0.0456981747045695,0.0016187909292322,3.88887947718415,0.00109468113218213,0.00468910655268543,0,0,0.000789547117176671,0,0,0.304575123571836,0,0,7.87648342817117e-05,0.0102348556849127,0.000229111535277698,0,0,0.00201780595918849,0.00484012075693699,3.81004874051231e-05,0,0.038165545123052,0.000138830418580467,0.00920610620338413,0.0380417361367156,0.295686788384884,0,0.00384751486467052,0,3.58513989203904,0.0513583593319607,0,0.0111333681484669,0,0.000216452057156003,0.000146323023244889,0.00913468286254446,0.000118965376578791,0,0,0,0,0.006867960093376,0.000332131624318943,0.00129068266576223,0.000121022631442665,0.000111275563582689,0.041425869222701,0.000491932888162002,0,0.0288112173516785,6.38507224857477e-05,3.14874805074005e-05,0.000428871410032339,0,0,0,0,0.00173030196200067,0.000115802464665271,0,5.83357875181493e-05,0.00122066281853297,0,0,0,0.000178561528668559,0.000263305309721328,0,0,0,0,0.000844999865201869,8.15852102543368e-05
0.0034121450298286,0.0340476777247683,0.0231548524113636,0.000843075375152281,0,0.000347587803251001,0.0229232969765714,0.00128918926202488,0.135423257477878,0.00121214716355173,0.000638564926961212,0.000424782115006952,0.00669342396708889,0.00700589666849828,0,0,0.0236143811154921,0.000322274029203496,0.00724885243446213,0.00202518113772719,1.29503956981982,4.17667121289598,2.20327706514842,4.70654770708852,0.000282757297750194,0.00443072779528506,2.18146143830177,0.701651195146889,0.0203400305557189,0.0977342368422306,0,0.00144986559095992,0.0296021344209977,0.0962384148727484,0.0118727928866179,0.473277681018348,0.469513679903159,0.120063860722744,0.147813533358082,0.011467633803839,0.0381907019785165,0,0.0301466827537524,0.00314559163938653,0.0032340534534428,0.0143932903788782,0.00739683909187003,0.00086603269320662,0,0,0.000355642695553098,0.000154739775152981,0,0,0,0.000669291165517954,0,0.00668038257138653,0,0,0,0.000530832983280868,0,0.0046717870135614,0.606310427270379,0,0,0.000130059913367911,0,0.00436525734398343,0.937364579391207,0.00310404024949929,0.00272510722319962,0,0.000161138831685064,0.103668449904902,0.00151517207372513,0.00126216736580436,0.000594683129679377,0,0,0.0011688596401094,0.00516395293489417,0.00712464200568405
0.0751913127767035,0.0330242560807653,2.39385040571623,0.000763996749851129,0.000909576103623145,0.00187943616875349,0.0674325614101264,0.015403408534688,0.0165652187643768,0.00261010142179294,0.0259452491690887,0.000172934566960493,0.00112116770030827,0.0508288924647819,0.000789547117176671,0.0236143811154921,0,0.029451426624192,3.17443641054791,0.00254292373117084,0.33221163426897,0.0243231144888097,3.30476136818243,0.0173794846927348,0.00118031463191522,1.07357602844601,0.437327070595409,0.0250888464854394,0.0888200389254111,0.347655863640665,0.00425476623307554,0.00352794757664342,0.0491954314609442,0.595186691850206,0.000502029628470938,0.0450662601507756,1.0142111844283,0.552189465665701,0.0440164790603984,0.00115952655886901,0.00414714823117252,0.000540429241048714,0.00162379513213589,0.00279897763277907,0.000594660611722887,0.00108185844082216,4.29504228443012e-05,0,0,0,0.0254516473892495,0.00157759144404853,0,0,0,0.000309560155719077,0,0.000972072208253079,0,0,0,0,0,0.000661500432873304,0,0.00135437424359287,0,8.92205184713918e-05,0,0,0.00213799211392457,0.000343776474807585,7.03921656007023e-05,0.000439056925196265,0.000175926496076997,0.00180594899191486,0.00033866118052198,0,0,0,5.55871674685696e-05,0,9.74873657801799e-05,0.000478521777937031
0.000159499764303295,0.0122357507294037,0.00578904339276659,0,0.000247704626036238,0.000384759498050125,0.000553584270155203,0.000724511330603638,0.000405003291942013,8.44733124131885e-05,2.86735220940617,0.000168670768697945,0.138324330294484,0.000293256075055971,0,0.000322274029203496,0.029451426624192,0,3.77570994001897,0.000139897715449255,0.00123202928346241,0.000526748423534472,0.00168725020988723,0.000262586012572751,0.110313681381565,1.89005779412196,0.0474769994181959,0.000335247069027086,0.00301386402856115,0.00100592436054932,0.263846851054586,0.00110325166838927,0.000859858885051933,0.0941936182128231,0,0.00172930318269976,0.111199070017195,0.0944371933521391,0.00143523112179034,8.48859048907594e-05,0.00034265946317328,0.00471145016171334,5.52475886566317e-05,0.000540696329986545,0,7.20998873401119e-05,0,0,0.000236715871378123,0,0.00439581934570674,0,0,0,0,0,0,0.000142657953789999,0,0.000357465955979758,0,0.00479013476699985,0,0.000859597452824774,0,0,0,0,0,0,0,0,0,0.0315469588036724,0,0.000646028824931783,0,0,0,0.000897593958829115,0,0,0,1.64286890574619e-05
0.0148440216656562,0.0230591315713902,0.164728647759831,0.000811958540394841,0.00161391468860905,0.000426535436512869,0.0128927888359147,0.00355030195582259,0.00479016193889408,0.00095363636906073,0.698683532393501,0.00111920296519997,0.0117273436965204,0.0113949431158619,0,0.00724885243446213,3.17443641054791,3.77570994001897,0,0.000926795236066627,0.0279842456947878,0.00400659175068133,0.0672124250347807,0.0040684647454806,0.00669190373994036,2.53135050203485,0.11396031946465,0.00593132948455476,0.0217691849558628,0.0408740447581484,0.0275556687966191,0.00450787397767737,0.0121911201240296,1.01227393056624,8.53542551817503e-05,0.0162167321793263,0.478370335081406,0.63786647760487,0.0131232630824152,0.000363691657817751,0.000697977152006339,0.00142227226811294,0.000190635430447429,9.95772818109478e-05,0.000303766046723816,0.00117226055538264,5.64675452971921e-05,0,0,0,0.00889933534685745,0.000118457777318294,0,0,0,0,0,0.000405691448703539,3.09668114876686e-05,8.59041564816717e-05,0,0.000169977078875351,0,0.000143635787824645,0,0,0,0,0,0,0,4.29966805091718e-05,0,0.0032401697524739,0.000110740867316846,0.000221971522341993,0.00017825377110227,8.96729638274448e-05,2.16648462695884e-05,0,0,0,0,0.000147597874127591
0.0349456172578363,0.00207190050834748,0.00169609701193408,12.7917016481894,0.0114517704039894,0.556169076948402,0.783606059782782,0.371778984028289,0.495705956248572,5.20385904908477,0.0055278831557193,6.33973123638195,0.00600197489649297,0.134886147287229,0.304575123571836,0.00202518113772719,0.00254292373117084,0.000139897715449255,0.000926795236066627,0,0.00105032982740076,0.004502622701347,0.00108488917548528,2.09198164053854,0.000914473377697546,0.000474393087921297,0.000922461185167585,0.947100824286623,0.0679667038225968,0.00309910975462982,0.000158511013429792,0.0668591803420925,0.0120522852333196,0.0918987146061297,0.0502682687866723,0.0273743138189041,0.0108931285680611,0.0705349370470478,0.0185703891766097,0.112840938726039,0.0600627224277423,0.00177485329843053,0.00405289805909686,0,0.000900477217566687,0.00022737264527717,0.00155819060046972,0,0,0.000669016609783296,0,0,2.5579972431316,0,0.000304127046804048,5.18284141947673e-05,0,0.00479134026058586,0.00098846480698809,0,0.928009616222089,0,0,0.000221702841809751,0,0,0,0,0.193903720026843,0,0,0,0.0280586374783015,0,0,0,0.000214383748559863,0.0013234037545048,0.000138539609160437,0,0.000105913237092767,0,0.000490390297938185,0.000189646546649868
0.0153452823633141,0.00177510663324626,0.197130507849815,0.000352054951231588,0.000174916780837786,0.000553680524766015,0.0221183311822714,0.00382476304499388,0.0184161173128897,0.00066866956317181,0.00237935141644572,0.00021292704447121,0.00522114297072929,0.0126535057503124,0,1.29503956981982,0.33221163426897,0.00123202928346241,0.0279842456947878,0.00105032982740076,0,0.0413059302078571,9.60342998072873,0.343548894066591,0,0.019298438221519,0.0549029843122182,0.709518249218362,0.0558087384743926,3.46179355256147,0.000149228316378106,0.00348875615831849,0.0479691446301205,0.564100068307253,0.00779151433504218,0.191445625117667,0.0620323823577542,0.266406386481117,0.105737377196266,0.00360532516365125,0.0222508866590933,0,0.00170983843820055,0.00120232166116354,0.000308015897182174,0.00366668581575422,0.000891123699179541,0.000528520338722383,0,0,0.000199290599679044,3.28804562149771e-05,0,0,0,0.000579808023903778,0,0,0,0.00048690908548913,0,3.62028184637628e-05,0,0.0027682889014668,0.000979555313950343,0.000419424332487855,0,0,0,2.36513693167462e-05,0.0010699009317055,0.00114898669389781,0.000105654639035502,0,4.15053897294155e-05,0.0003763429787423,0.000467969225475979,0,0,0,0,0,0.000387591813945821,0.00383197383202765
0.00726469088547323,2.62235124914504,0.0411873714425466,0.000694753194381378,0.00025806667346287,0.00082593644776127,0.0280470198375871,0.0027361203997186,2.274027361433,0.00161991308975362,0.00012485140902639,0.000510192895302408,0.00656575110909434,0.00380225418288674,0,4.17667121289598,0.0243231144888097,0.000526748423534472,0.00400659175068133,0.004502622701347,0.0413059302078571,0,0.171595693335588,2.81301403887222,0.0300510154532938,0.0162933125861588,0.95616855459124,0.0844923649117556,0.0165839286739069,0.0148615205825525,0.000949664264369876,0.001246438203107,0.0193265655825197,0.0492591260630139,0.00359171124450521,0.241187067375508,0.27962224329775,0.0984235714323988,0.100574174035488,0.0050635040135445,0.0169315748106934,0,0.172489414870553,0.0342539270827151,0.0229318786204756,0.0497799390833527,0.0221862442915788,0.00126935016224966,0.00127664524778558,0,0.0166893364239631,0.00943976013447867,0,0,0,0.00357052083713409,0.000136531676503942,0.231873967950148,0.000252365601546472,0.00207528757540294,5.21438912185913e-05,0.00107570407568073,0.000764829873087597,0.00194770946158095,0.222113842563833,0.00347308729080995,0,0.000271693671706874,0,0.0110856398507704,0.671621745856676,0.0512562333402017,0.0158742487920847,0.00126156236075838,0.000811043396047482,0.0437556075960839,0.018535078130337,0.0018117942974224,0.00259822312989194,0,0.000380747408061422,0.000844522695833683,0.0135341197441675,0.00234256432724652
0.0194583743857329,0.0106663851525408,4.86322298716412,5.51673335502292e-05,0.000485150683616303,0.000490763468349167,0.069027538889986,0.00718182655968526,0.0170438675440282,0.0010604879231907,0.00631077627797485,0.000240184088010739,0.00942971629162574,0.0174776125884842,7.87648342817117e-05,2.20327706514842,3.30476136818243,0.00168725020988723,0.0672124250347807,0.00108488917548528,9.60342998072873,0.171595693335588,0,0.115738176859861,8.0433135756737e-05,0.110917029708503,1.58200235974524,0.333922375007185,0.0702706351790129,0.549565773004719,0.000266801326223791,0.00387155342453051,0.0223796667517344,0.508514010667866,0.0285136922812003,0.483638463224928,0.46890237548244,0.467227142132912,0.288524401183907,0.00362146977819831,0.0209929932325218,0.000198288734188868,0.00682424184063848,0.00364561097695912,0.0022059794311031,0.0134004657353659,0.00289200827951,0.000483582721303724,0.000538797998875868,0.000195139290725243,0.00564419244450455,0.00121219253925684,0,0.000507353246251323,0,0.000198799978999409,6.40857957433716e-05,2.06875194854782e-05,0,0.000287004099332302,5.27644922728408e-05,0.00020900620603125,0,0.00952232776960577,0.0261989773087601,0.00047147676337257,0,0.000151982514378537,0,0.000684974916980814,0.00726471349076181,0.00384171295998725,0.000284393540343382,0,0.00044006999479587,0.00618599170347107,0.000883529925682147,0.000144784685434689,0.000325789804594283,0,0.000191495572476158,0,7.22740218875445e-05,0.0183528654232069
0.028722516216373,0.0381152946280157,0.0327643906192555,3.56724273001577,0.00330510113958098,0.100341332176603,0.462287079139527,0.0927928703509922,8.28020974906115,0.375640107558576,0.00361970430069709,0.98325571831321,0.00885429211302955,0.0986497676451231,0.0102348556849127,4.70654770708852,0.0173794846927348,0.000262586012572751,0.0040684647454806,2.09198164053854,0.343548894066591,2.81301403887222,0.115738176859861,0,0.0018649359553526,0.00535416359820115,0.0893561217010267,6.44791866121295,0.159957376895607,0.0802384495077113,0.000177239949061383,0.0221268956706491,0.0961487979302666,0.162882977866524,0.00726157419631409,0.207096005508706,0.0486130323916635,0.146220223013,0.0527950856019728,0.0453603312273222,0.0573248325985757,0,0.0190541639022686,0.00128993010106146,0.00216749162568074,0.00224882583296444,0.0100380301532683,0.00144120492887796,4.7371567556638e-05,0.000183362376442214,0.00181667204810102,0.000551366713538422,0.659987496510052,0,0.00142147530781816,0.00240178512883297,0.000564055874881011,0.725382233637928,0.00309335525297104,0.000559926920910998,0.208113573771613,0.000203035940826973,0.000291568986301088,0.00140511197370239,0.0034490959416627,0,0,0,0.0107708575663299,0.000484752541494268,0.0274090510325189,0.00129014896195293,3.26523688813616,6.1580035397418e-05,4.61551410555008e-05,0.00134449991847592,0.00340363120746926,0.00419726857141953,0.000636516009086785,0,0.000111956574234944,0.00148892261643779,0.0057311275884483,0.00330053084793532
0.000119659329338096,1.48588457660345,0.00124075671312009,0.0017148367056476,0.00220246026936852,0.000500067847646943,0.000397700450520968,0.000848571468271107,0.00872779699079678,0.000394452295028213,0.867623942950731,0.000871015148785448,7.83560362343178,0.000981685089815956,0.000229111535277698,0.000282757297750194,0.00118031463191522,0.110313681381565,0.00669190373994036,0.000914473377697546,0,0.0300510154532938,8.0433135756737e-05,0.0018649359553526,0,0.422199765539808,1.72515631866102,0.00016111573235152,0.00343870319523634,0.000146984762548634,0.352171400857515,0.00597137937704545,0,0.075290595770736,1.64802892043845e-05,0.0366150624923063,0.906909108240521,0.43835917081545,0.00394982485757482,0.00133857324742986,0.00924865272275986,1.93799540358357,0.00136295782793083,0.136645985865772,0.0166392160419779,0.00178131709465794,0,0.00027019048533411,0.0826174885122876,0,0.340952252378656,0.000224554548275802,0,0,0.000117906000400153,3.68951747990278e-05,4.27315809340811e-05,0.00480122957075918,9.07766094901715e-05,0.158101210237098,0.000162595394925212,0.889134413125591,2.89094581208413e-05,0,0.000472787783200685,0.00016094832745464,0.00259525398384897,0.00172725793277175,0.000354366860238837,0,0.014986523935846,0.00013290865524622,0.00060001892031129,3.04482959374704,0.0190908173339944,0.0837506384731115,0,0.000803368970321557,0,0.129218428268989,0.000979402299371018,0,0.00686905481699072,7.74428522919656e-06
0.00524100944759112,0.28220219045771,2.16677475045756,8.40805107294089e-05,0.000195582216407073,0.000429482134112067,0.0152943173634643,0.00232457084779578,0.0092301699436544,0.000428698670983819,1.64155011170481,0.000140952704679302,0.645581798290097,0.00634635063845979,0,0.00443072779528506,1.07357602844601,1.89005779412196,2.53135050203485,0.000474393087921297,0.019298438221519,0.0162933125861588,0.110917029708503,0.00535416359820115,0.422199765539808,0,2.27513437902372,0.00628369056635714,0.00937452605771861,0.0329510768076198,2.10610173469828,0.00165400504226166,0.00167466533355273,0.100461508843504,0.000114781582900187,0.019304061972894,0.141870581490901,0.121285834739255,0.00848850058497811,0.000153226950234471,0.000296415384599782,0.00279778769689397,0.000556994729173778,0.00150625163741043,0.000175165863413689,0.000277017925715507,0,5.7130779206882e-05,0.000245156768906459,3.4845777105337e-05,0.213480869934449,7.91094418598105e-05,0,0,0,0,0,0.000745496421385092,0,0.00367230591264208,2.35763432005084e-05,0.0270503086971869,0,0.000250969257853347,0.000298637623263513,0.000822827650360462,9.41776279709677e-05,0.000112750970137661,0,2.15976486033112e-05,0.00465369452721055,0.000184027279599108,0.000157729707990709,0.276182419550365,0.00253038870597647,0.0176364737750121,4.89092001719968e-05,5.05603054873883e-05,0,0.00266355366012497,0,0,0.000325933761828248,0.000443090368292817
0.0057261868877597,2.4773249575333,1.73903764501105,0.000124047651818203,0.000192420631786507,0.000500021779619024,0.0203375696521697,0.00281288329916955,0.0780427081691445,0.000435659439884851,0.0275733916059393,9.20304907323414e-05,0.658786749891414,0.00689900618221769,0,2.18146143830177,0.437327070595409,0.0474769994181959,0.11396031946465,0.000922461185167585,0.0549029843122182,0.95616855459124,1.58200235974524,0.0893561217010267,1.72515631866102,2.27513437902372,0,0.0456257454892722,0.0119128923460577,0.0393144677799805,0.417070150118379,0.00108593738919656,0.00301568685235892,0.209672062386569,0.0126419542673503,0.35081195006701,0.263281640231613,0.240136081094656,0.11598692185757,0.000797050137747489,0.00189472924381181,0.00260002964474133,0.0253763113352612,0.0625918927462149,0.0120317991988449,0.0209899508775484,0.00213503095255962,0.000440833840215028,0.00116275975709352,0,0.660688381213437,0.018603084121672,0,7.6088847503754e-05,1.50058548114033e-05,0.000382581910277956,9.97776069569176e-05,0.00797782028644408,1.01831734851426e-05,0.00385722913270507,2.91743766557238e-05,0.0138787323664365,0.000177076773286413,0.00630498046031555,0.0287222879850934,0.0158490097873476,0,0.00304337121282591,0,0.000787007337639133,0.288393548528927,0.0120389985546638,0.0012616178537364,0.483407516758057,0.00888700148703007,0.203140795315909,0.000903394910947117,7.20697562711101e-05,0.000926244289079846,0.000704447744554523,0.000362130840988553,0.000172015216800824,0.00546633923936135,0.0126338220394551
0.0184083442905038,0.00264476953512718,0.0454814040300945,3.40521479103982,0.001184012697643,0.0476851179040892,3.81246053211201,0.0423560618421595,0.337266290325295,1.10996593679196,0.00144152981369502,0.0950148947168594,0.00451166954676848,0.0385461530694631,0.00201780595918849,0.701651195146889,0.0250888464854394,0.000335247069027086,0.00593132948455476,0.947100824286623,0.709518249218362,0.0844923649117556,0.333922375007185,6.44791866121295,0.00016111573235152,0.00628369056635714,0.0456257454892722,0,0.0696482450713656,0.939354759288773,5.89157337566905e-05,0.0074043840522177,0.0448856076999052,0.0907653942778072,0.0065967477290318,0.131495351055845,0.0271475451405564,0.102291324959751,0.0379706422000347,0.0136775957049084,0.0213818796124905,0.00015462339490355,0.00309158340467845,0.000379401507021581,0.000649205997324317,0.00140490307448866,0.00163377573215256,0,0,0,0.000286896925461421,2.64756157284836e-05,0.110877106162873,0.000530479097934,0.000109047239078916,0.000197180552653226,0.000163041460680979,0.00315307231272848,9.26177202866083e-05,4.01826490474418e-05,0.00934237784436726,3.69008962501846e-05,0.000124814829120155,0.000944401364353809,0.00173150220191326,0,0,0,0.0051405595216404,0.000582271194255531,0.000667836547501902,0.00103348403224614,0.12614209850294,5.79710246577953e-05,0,0.000780581201914012,0.000449071369191817,0.000367236280904097,0,0,0,0,0.0011220776122391,0.00251944077457157
1.78655982400628,0.00196888023855406,0.0167694381731737,0.0176200359848633,0.157105630670686,0.094554559148793,0.178741231312454,0.214771366042781,0.275257251234316,0.038991866098886,0.0650544147909679,0.054245774130011,0.018531539390736,2.23889369836679,0.00484012075693699,0.0203400305557189,0.0888200389254111,0.00301386402856115,0.0217691849558628,0.0679667038225968,0.0558087384743926,0.0165839286739069,0.0702706351790129,0.159957376895607,0.00343870319523634,0.00937452605771861,0.0119128923460577,0.0696482450713656,0,1.51674013690754,0.000715458504825479,1.61573300165667,2.70782837347153,1.63728996121769,0.00175397003101339,0.0636908836841584,0.0555200515612509,0.576767966805247,0.0418442993009603,0.0557176410848399,0.052558937564093,0.00127117982267808,0.000639349479276357,9.28686527805235e-05,0.000102771180168094,0.000556682135720862,0.000507392200619931,0,0,0,8.72061680633855e-05,6.84188081904111e-05,0.00137443269221874,0,0,0.000374227998514687,3.42681540601037e-05,0.00101931634063955,0.000252209758994867,8.25363657856529e-05,0.00188290718271214,6.79286003257284e-05,0.000182287772641069,0.000171232465662792,0.000337627683802052,0,0,0,0,7.91198784883755e-05,0.000252443484133879,0.000280093968633145,0.00244281180572677,0,5.13040400872411e-05,4.37888736020513e-05,0.000608478757908267,0.000298760688021822,0.000101689795600161,0,0,5.68405250922061e-05,0.000984608336568425,0.000582093223391507
0.631326347681811,0.00204910430572685,0.169981279003465,0.000777071904554243,0.000693571153503268,0.00268515112627048,3.04260799395118,0.0226787407052132,0.0522730115000323,0.00268992643765245,0.00330142331741149,0.000602814499606173,0.00302568237536808,0.103396180344757,3.81004874051231e-05,0.0977342368422306,0.347655863640665,0.00100592436054932,0.0408740447581484,0.00309910975462982,3.46179355256147,0.0148615205825525,0.549565773004719,0.0802384495077113,0.000146984762548634,0.0329510768076198,0.0393144677799805,0.939354759288773,1.51674013690754,0,0.00012441833507585,0.00888949848468065,0.60456318478515,0.653289543251995,0.0037950481010512,0.0615726509475425,0.0298936153038012,0.229419115784059,0.0597485783376309,0.00529351312006179,0.0159627260190572,0.000114161840980266,0.000909094087973104,0.00022048230808,8.42193818991472e-05,0.00107980752369902,0.000801075005100193,0.000246591296344655,0,0,0.000942590998901484,3.95095673761253e-05,0,3.69066721014459e-05,0,4.68701664967715e-05,0,0.00107000865564115,0,3.44415813520269e-05,0,5.7453275169993e-05,0,0.00110016798496592,0.000349536710001885,8.67891367707097e-05,0,0,0,0.00018784334228425,0.0001782883681219,0.00030659414369127,0.000810811149879058,0,4.94411199337377e-05,0.000355357739381103,0,0,0,0,0,0,0.000420546740486224,0.00217841379412792
0,0.0196347357099001,0.00354804797087694,0,0,0,0.000250704577206952,9.95392461682564e-05,0.00151634176994458,8.20617949150735e-05,1.45583285025485,0.000160269567080163,2.27059364838971,0.000176122754831613,0,0,0.00425476623307554,0.263846851054586,0.0275556687966191,0.000158511013429792,0.000149228316378106,0.000949664264369876,0.000266801326223791,0.000177239949061383,0.352171400857515,2.10610173469828,0.417070150118379,5.89157337566905e-05,0.000715458504825479,0.00012441833507585,0,0.000412384872642469,0,0.0143149039535303,0,0.000852699347304867,0.033742342330717,0.0292436465857517,0,0.000262290293946213,0.00151953555405576,0.0211520326046198,0,0.000642493748977818,0.000180703463516452,0,0,0,0.00106102113723986,0,0.0225542896078528,0,0,0,0,0,0,0.000281681376721377,0,0.00147530603025725,0,0.0221883449475718,0,0,0.000220274786752253,0,0,0,0,0,0.000837894429183573,6.7972492718059e-05,0,0.133935166653041,0.000280461958714867,0.00257418947624916,0,0,0,0.00174299353315599,0,0,0,0
