0,0.000866903599000725,0.00854873325413448,0.00215586041914699,0,0.00471639389278771,1.11206470436001,0.22934858772611,0.0354736217454543,0.0311218651418424,4.45064372530811e-05,0.000558619298539093,0,3.17146194988091,0.00021069608874818,0.00726120798837002,0.00367151231417973,0,0.000388541737867984,0.0221274433710446,0.00888662759405587,0.00370971290110558,0.0108851196482758,0.047944312115644,0.000989602703338031,0.000460310861198582,0.00220048174907259,0.083334000221061,0.483731982662379,0.349060994360187,0,0,0.23071004691908,0.143925465020147,0.000921376222148373,0.075447345236249,0.013394925600694,0.0758361915417621,0.051161467755968,0.00113493848668793,0.000143169064924242,0,0.00628504229280084,0.000925507841170981,0.00390293066911494,0.00463188199600139,0.00259219546190893,0,0,0.00287890265389082,0.000382996881137986,0.000285844438046169,0.000394087424073415,0,2.48102678172114e-05,0.00357497261886654,0.000318287159413988,0.0108176479471497,0.000406453545512771,0,0,0,0.00109015471463399,0,0.000406213735122647,0,0,0,0,0.000111348637982892,0.00102902281593511,0.000106797071887235,0.0233306120804636,0,0,0.000302677829072032,0.00622815614976397,0.00216249345847976,0.00068045698537258,0,0,0.0018933642776366,0.00159635370157901,0.000392485379469172
0.000866903599000725,0,0.0236176250275587,0,0,0,0.00194183533343767,6.7645486898488e-05,0.0734615923630177,0,0.00339349940805632,0,0.00550319927142545,0.000363373722036403,0,0.09833594647544,0.0579101222178436,0,0.120019070592772,0,0.000649196897875952,0.772265973550358,0.00405108386459247,0.0360197246787937,1.92369679483099,0.0843119623926082,1.41953887899382,0.00501901985736844,0.000101655972441943,0.000927915638927232,0,0,0.000360147891018493,0.0221364728630333,0.000285902647733683,0.0277471805024459,0.110980244224318,0.117748929535261,0.0128840228228843,0,0,0,0.0142736559138358,0.0443648720799695,0.0187644775356871,0.00132825850017837,6.20898690693178e-05,0,0,0,0.614589162000732,0.0186745164130242,0,0,0,0.000345269220915235,0,0.0203630726577418,0,0.000189943660896506,0,0.000116813876233562,5.63092765647612e-05,0,0.00803970107750936,0.00675843672575798,0,0.00632571993785768,0,0.000122289790448311,0.0661872213618868,0.00149776945741963,0.00386304633346721,0.0780727048002067,0.0410403177845506,0.148693459479571,0.000768615751463646,0.000398364019933996,0.000117315807439406,0,0,0,0.00142029387610093,0.000252369616502417
0.00854873325413448,0.0236176250275587,0,0,0,0,0.0329780270551774,0.000355572040255775,0.0032645796962311,0.000251280883092083,0,0,4.92792645061507e-05,0.00346501958072478,0,0.0494315569162149,1.15749949548626,0.000108470050424612,0.0308787642807504,0,0.13321672605035,0.00985632811854036,2.78440198307856,0.00813370117884783,0.00335825478970976,2.23837172726413,1.82632320424102,0.0536756772550792,0.000285802587243819,0.0543780326984209,0,0,0.000228627921033088,0.0601844852496486,0.000509836906577747,0.0515959163890999,0.159047963193529,0.135580509175679,0.0437729259761773,0,0,0,0.00150122532671639,0.00257459358111366,0.00240968485378523,0.000384542474228235,5.50770462730945e-05,0,0,7.79087309273618e-05,0.0102043485617543,0.00434593923948857,0,0,0,0.00019142869863653,0,0.00171552366239554,0,0,0,0,0,9.38131711378251e-05,0.000936190646919396,0.00117260387261936,0,0.000503978484671349,0,0,0.00411226694988844,0.000984458185843012,0.00171833801601187,0.00310682260523401,0.00236030299804653,0.016755039994506,0.000113690268837121,0.000251031036405228,0,0,0,0.00020586381004288,0.00043367987656948,0.000261336784325845
0.00215586041914699,0,0,0,0,0.00301879738157267,0.0360190925714079,0.00956287562144274,0.00344757757079295,0.83279219513288,0,0.488360168570418,0,0.00373305924880256,0.000127907113847079,0,0,0,0,6.49631384703303,0,0,0,1.74982248224301,0,0,0,1.42984143644079,0.00364245483892318,0,0,0,0,0.000692609294611024,0,7.34744036454474e-05,0,0.00167134569470556,0.000175683041074402,0.00450345322141904,0.000217924898985797,0,0.000271750742932977,0,0.000525634436204846,0.000396890497224465,0.000606611907619886,0,0,0.000751832800870325,0,0,1.05707383696342,0,0.000182976747591415,0.000505459167361182,0.000334931653830353,0.00169139360795493,0.0131348214598828,0,0.240018421900065,0,0.000594255410073282,0,0,0,0,0,0.457224424455571,0,0,0,0.0240867747519898,0,0,0,0.0191291512511033,0.000230193392937384,3.41661838818975e-05,0,0,0.000171835417363886,0.000236595092438429,0
0,0,0,0,0,0.230422906638753,0,0.00546394318352967,0,0,0,6.96563141498394e-05,0,0.0168883006398099,0.160960886055951,0,0,0,0,0,0,0,0,0,0,0,0,0,0.0371358520605086,0,0,2.05749045221214,0,0.0977659219131149,0,0,0,0.000241720187527741,0,0.509416105531884,0.530321372642574,0,0,0,0,0,0,0,0,0,0,0,0,0,0,0,0,0,0,0,0,0,0,0,0,0,0,0,0,0,0,0,0,0,0,0,0,0,0,0,0,0,0,0
0.00471639389278771,0,0,0.00301879738157267,0.230422906638753,0,0.0972035233184901,2.42840270749997,0.000884832108365495,0.617221534235708,0,1.12040261593089,0,0.108751033618948,1.69094565837712,0,2.32131037766919e-05,0,0,0.0504341344903225,0,0,0.000112918446154282,0.00645291138512096,0,0,1.59981834828873e-05,0.0180411906956604,0.150902785964244,0.000340656827384065,0,0.251438768554438,0.000496175034958178,0.0712091340905334,0.00887004422787944,0.000357443836786927,9.77953557931141e-05,0.00710595487907467,0.000427728279841257,0.00338196357143326,0.107979662541347,0,0,0,2.74869344831993e-05,0,0.000124525056728827,0,0,0.000102152945810956,0,0,4.26422594414547e-05,0,0,0,0,3.96273949919328e-05,0,0,0,0,5.09113801545331e-05,0,0,0,0,0,0,0,0,0,0.00014308826801752,0,0,0,0.000465886657977758,2.00412794258572e-05,0,0,0,0,1.90945178538229e-05,0
1.11206470436001,0.00194183533343767,0.0329780270551774,0.0360190925714079,0,0.0972035233184901,0,0.204530488548914,0.106799104728119,2.02059446290941,2.90151037870782e-05,0.00218096758100364,0,0.937986129961894,0.0015688062347651,0.0176547244303616,0.0112475397864352,0,0.000656448712174817,0.0463789365262686,0.0696224337299065,0.00760318051340301,0.0664859140837188,0.384662738466156,0.00130492181789075,0.00168036940267579,0.0125133053909941,3.54875669625739,0.114799799822824,1.5155435155071,0,0.000221765975993437,0.0237648088471422,0.0748198760543343,0.00193357649738715,0.0808268268993409,0.021494114863325,0.0802003949312011,0.0400845184038833,0.00264457873604923,0.000181067820302933,0,0.0152636512943474,0.00421283801879658,0.00973972873885517,0.00849705595181177,0.00450186396214915,0,0,0.00717199237595868,0.00113439897017284,0.000342370336274442,0.00172219042179822,0,0.000135537303475797,0.0202657417170104,0.00136742663482397,0.0352416970418043,0.0012303560503541,0,0.000715971629139866,0,0.0051299428568778,2.76971581536082e-05,0.000983524670811507,2.99234166134019e-05,0,0,0.000277482806122969,0.00036744909199477,0.00243843806022714,0.000855692854490886,0.105340770960731,5.54830832710284e-05,7.44431986171882e-05,0.00129593777131718,0.0318405134168117,0.00981765571669966,0.00316172209728613,0,0,0.00298186495683035,0.00390834876309867,0.00111604461532243
0.22934858772611,6.7645486898488e-05,0.000355572040255775,0.00956287562144274,0.00546394318352967,2.42840270749997,0.204530488548914,0,0.00431268408954256,0.466227241776595,0,0.0576441275829705,0,1.89040577758858,0.0484345843989682,0.000720202057605766,0.000172242827806172,0,2.0172956520851e-05,0.079994948659014,0.000552228300280223,0.000311866950842479,0.000841176416308571,0.0276677146703831,8.85118478104749e-05,2.69992546743983e-05,0.000173271762469389,0.0347356565009737,0.134089167741903,0.0112306305534647,0,0.0296869575831538,0.00190089857454434,0.0726667803411151,5.70333764825401e-05,0.00560025457143754,0.000993580355665689,0.0116009610776548,0.00217536370042516,0.00719376402531393,0.0298250894390073,0,0.00060415523614418,0.000253387857969883,0.00015831317031189,4.54767419025559e-05,0.000518885814505853,0,0,0.000276520765440013,0,2.70767190773891e-05,0.000182266679272874,0,0,0.000622199116721676,8.82872794417851e-05,0.0011717928085839,0,0,0,0,0.000331539209907546,0,0,0,0,0,0,0,0,0,0.00447344406719702,0,0,0,0.00122839698542575,0.000288991371595863,0,0,0,7.30366527721916e-05,0.000148245837435326,4.82052643994866e-05
0.0354736217454543,0.0734615923630177,0.0032645796962311,0.00344757757079295,0,0.000884832108365495,0.106799104728119,0.00431268408954256,0,0.00271536746308631,0.000632817314434792,0.974832165578365,0.00190969442618723,0.0131067576454906,0.00490066474967234,0.0413685236461893,0.00271263344674255,0.000157665317614568,0.0025284671274255,0.0116255256820075,0.00299739871190715,1.20935432847882,0.00312154659904668,4.48972290826339,0.0863354392248411,0.00224991560478185,0.0289630359826295,0.129242314457357,0.012265989331965,0.0202284036525197,0,0,0.00824706370805128,0.0156459811500594,0.000223760358329703,0.0204191644130237,0.00864871789251032,0.0199041905981089,0.0162167677436587,0.363091179188689,0,0.000132013989648665,0.03813566777828,0.016998925113954,0.0239585968327359,0.0193490844448014,0.00873018945340587,6.88180661659807e-05,0,0.0191978153621179,0.0875117103444674,0.00757085928209088,0.00518485890256296,0,0.00023372328656513,0.02214720008129,0.00129055784285575,1.58991586286047,0.00164063786310132,0,0.000128710236334765,3.69485047789447e-05,0.00631554749835186,0,0.0561272216978854,0.00399229077280314,0,0.000663054789554748,0,0.00258439435565241,0.293889197486117,0.0122139771990524,0.249179337016326,0.00444766949971545,0.00326335182144278,0.0409843401381574,0.0376011216733979,0.00994811070045575,0.00607049996151483,0,0,0.0052333867558486,0.00516200500867896,0.000410969507289899
0.0311218651418424,0,0.000251280883092083,0.83279219513288,0,0.617221534235708,2.02059446290941,0.466227241776595,0.00271536746308631,0,0,0.564992917231865,0,0.265871434393174,0.000621593705628029,0.000327182876859629,8.05079669894716e-05,0,0,1.47459180456621,0.000289682582350351,0.000102849573454068,0.000277729082721963,0.0220974699060155,9.52847810574229e-05,0,6.55359568216198e-05,1.09345211228154,0.0228633948892981,0.00136888724364575,0,0,0.000599082643331768,0.00801731484665878,0.0225354075986579,0.00217987300018634,0.000251740370130327,0.00801822914698631,0.00162773001476421,0.00248275867967363,0,0,0.00031802001779284,0.000138656981943225,0.000180041159922852,0.00066095210963367,0.000158138922462955,0,0,0.000149785852945884,0,4.88065727179761e-05,0.000131168720663316,0,0,0.00110096043266484,6.39022095795565e-05,0.000610468587592805,0,0,3.79771317941765e-05,0,0.000244801211177088,4.3445628946766e-05,9.6456062516145e-05,0,0,0,0,0,0,1.50694784115377e-05,0.00195177278153737,0,0,0,0.0011910176356647,0.000332763049437956,6.70739955797531e-05,0,0,0,1.43888517227563e-05,0
4.45064372530811e-05,0.00339349940805632,0,0,0,0,2.90151037870782e-05,0,0.000632817314434792,0,0,0,1.38945366946729,0.000101341057116983,0,0.000467023093951077,9.80744371765121e-05,0.244410409781676,1.63876588371049,0,0,0.000394604947481134,0,0.000315571266240532,0.849734166106134,0.17251729400076,0.0314207500712632,0.000104322964231936,0.000502198828578493,0,0.000156073623218088,0.0104049308769743,0.000126800889716332,0.682908078199997,5.07883099786098e-05,0.00615319918085515,0.77669981202708,0.707913703080492,0.0260324230526398,0,0,0.185768644118681,0.00038032613641905,0.00199678728705066,0.000677976916486774,8.83630466483667e-05,0,0,0.0003290724414695,0,0.00160236226123936,0,0,0,0,0,0,7.60750744553652e-05,0,9.1085523185758e-05,0,0.000142061125785139,0,0,0,0,0,0.00284363076939263,0,0,0.000412476657181974,0,0,0.0101124107364998,0.00358721616665661,0.00596015831982256,0,0,0,0,0,0,0.000489672386442506,0
0.000558619298539093,0,0,0.488360168570418,6.96563141498394e-05,1.12040261593089,0.00218096758100364,0.0576441275829705,0.974832165578365,0.564992917231865,0,0,0,0.0096361113066999,0.0157022711438668,3.43359403258085e-05,0,0,0,6.87035942585271,0,0,0,0.774892207440698,0,0,0,0.0108493602438333,0.0157568380099052,0.000184748289278197,0,0.000146887095606087,0.000135881869958822,0.00627855808189753,0.241410521837036,0,0,0.00168699341113701,0,0.147872400723283,0.00102363687044434,0,0,0,0,0,0,0,0,0,0,0,0.00390619905986801,0,0,0,0,0,4.58965067147068e-05,0,0.00528060864425292,0,0,0,0,0,0,0,0.00907488607537856,0,0,0,0,0,0,0,0,0,0,0,0,0,0,6.59371158816366e-05
0,0.00550319927142545,4.92792645061507e-05,0,0,0,0,0,0.00190969442618723,0,1.38945366946729,0,0,0,0,0.000389339088364877,0.000230641515851903,0.000809781922211275,0.00533619308293384,0,0,0.00279251613597579,3.73592815512268e-05,0.000499676795832124,4.04793474331168,0.420647122340835,0.553585049524742,5.01649161241562e-05,0,0,0.807306532068223,0,0,0.00112110253826986,0,0.00903594938976926,0.24326503595781,0.0636533279046936,0.00518508847341147,0,0,0.613251383916829,0.00100482410369239,0.000512015706679296,0.000156752240765046,0,0,0,0,0,0.00117690423047504,0,0,0,0,0,0,5.86410780722218e-05,0,0,0,0.00274356164245618,0,0,0,0,0,0.000282749907884801,0,0,0.000266585598495924,0.000244559205684388,3.63510583461721e-05,0.0039317534014543,0.00165235668947811,0.00287493711747768,0,0,0,0,0,0,0.0278176816106721,2.52318470199394e-05
3.17146194988091,0.000363373722036403,0.00346501958072478,0.00373305924880256,0.0168883006398099,0.108751033618948,0.937986129961894,1.89040577758858,0.0131067576454906,0.265871434393174,0.000101341057116983,0.0096361113066999,0,0,0.00684347651028762,0.0017681630865319,0.00152700375960636,0,0,0.0347601646010911,0.00416866880438453,0.00112700815213039,0.00552192015291869,0.0359675183673172,0.000204691358661772,0.000299781417944805,0.00154770655077167,0.0680665468771175,4.02866769490746,0.0642483584376473,0,0.276414089883588,0.0217605066152924,0.375562184629524,0.000539524470704118,0.0252083199005117,0.00336439926020552,0.0787351278988311,0.0132701734683575,0.00681483049311926,0.040025594079876,0,0.00144298932786672,0.000665536518363189,0.000843145268251661,0.000677748465029308,0.000671372226071748,0,0,0.00110464802900932,9.48123851754461e-05,0,0.000156795251029294,0,0,0.00251830510357884,0.000130670567131699,0.00504534771748821,4.79510198137109e-05,0,0.000149993818541191,0,0.000822198948743372,6.63105187189827e-05,0.000283419846853224,4.99478656308481e-05,0,0,0.000174791465356594,0.000204126766889787,0.000376288849399029,6.4198646320853e-05,0.0127826273838797,0,0,0.000100877153851956,0.00375134346310147,0.00123638739448501,0.000405871775547205,0,0,0.000901101466935358,0.000807385789140794,0.00027428327366185
0.00021069608874818,0,0,0.000127907113847079,0.160960886055951,1.69094565837712,0.0015688062347651,0.0484345843989682,0.00490066474967234,0.000621593705628029,0,0.0157022711438668,0,0.00684347651028762,0,0.00171951314168804,0,0,0,0.00400141928893438,0.000149563706554721,0.000123269378900471,0.000267451914064741,0.00166444434477188,0,0,0,0.000674134897894383,0.0124036678563761,0.000129330932638721,0,0.00219923943259463,0,0.00844561044914856,0.0376876262307287,0.0337980880584785,0.000477463303106361,0.00304958757506697,0.00390325595482199,1.01460162957323,0.0121807946862716,0,0.000442228814678726,0.000699327844347682,0.000672699333975896,0.00130100142177986,0,0,0,0,0,0,0,0,0,0.000127013072688791,0,0,0,0,0,0,0,0.000347243020263156,0.000155296998601093,0,0,0,0,0,0,0,0.000434746943258606,0,0,0,0.000205886074508551,0,0,0,0,0,0,0.00427507572193785
0.00726120798837002,0.09833594647544,0.0494315569162149,0,0,0,0.0176547244303616,0.000720202057605766,0.0413685236461893,0.000327182876859629,0.000467023093951077,3.43359403258085e-05,0.000389339088364877,0.0017681630865319,0.00171951314168804,0,0.0111127866703221,0,0.00373353346399642,0,1.03109062603985,4.33318819847695,1.83693704531504,1.0929953642668,0.0374173961253299,0.00257612354502847,0.664414451057423,0.306605340905887,0.00157584905945314,0.033835941787113,0,0,0.00117427901232832,0.0961688274374764,0.00634588900940639,0.307532652689032,0.210280157585619,0.195109625108751,0.256386040706337,0.00279469446084803,0,0.000259398338357961,0.0117942094103316,0.0120682063187487,0.00839658796567973,0.008068914446318,0.000238031139817807,0,0,0.000367075809418137,0.0279677405070405,0.00599950120659219,0,0,0,0.00130055998760563,0,0.0172336886998608,0,0,0.000178336042413244,0,0.000498783531561794,0.000139427994636319,0.030061849379892,0.00232755252376567,0,0.000115621099429427,0,0.0004521079078793,0.0563795062289297,0.01034266760823,0.00688581968335428,0.00139565936099504,0.00234247012290663,0.0356990316944041,0.00140069472275711,0.000486360811014148,0.00053645433816971,0,0,0.000578751896192419,0.00104553262550334,0.00285308880077078
0.00367151231417973,0.0579101222178436,1.15749949548626,0,0,2.32131037766919e-05,0.0112475397864352,0.000172242827806172,0.00271263344674255,8.05079669894716e-05,9.80744371765121e-05,0,0.000230641515851903,0.00152700375960636,0,0.0111127866703221,0,0.00114737045148959,1.26623011561557,0,0.0575277535810226,0.00818491886430739,1.43434000616705,0.00378289229287701,0.00498301972131075,1.43591299704522,0.322723152113432,0.0115840675280254,0.00782234597772566,0.0283429233428639,0,0,0,0.0354984000554286,0.000428325662350446,0.0206407641412052,0.0885274659291092,0.0755201894928206,0.0177687089923217,0.000563543076318243,0,0,0.00183504772250648,0.00805867061902895,0.00448441141206599,0.000580540585309167,0,0,0,0,0.0176551822101523,0.00316665276591722,0,0,0,9.29575074186256e-05,0,0.000854239994610824,0,0,0,0,3.0761601930829e-05,0,0.000646865697892912,0.00123106353438664,0,0.0011531261798184,0,0,0.00465216062960624,0.000556712835670093,0.00112559377574906,0.00314436403482073,0.00785304750059224,0.0301696708045323,5.7470028707908e-05,0,0.000117349737070627,0,0,0,0.00108411302946165,9.65670272980472e-05
0,0,0.000108470050424612,0,0,0,0,0,0.000157665317614568,0,0.244410409781676,0,0.000809781922211275,0,0,0,0.00114737045148959,0,0.811305123701703,0,3.6395636179385e-05,0,0,0,0.0135273297107034,0.13763235310292,0.00292521632638803,0,0,0,0,0,0,0.00183461341291977,0,0.000234126720916398,0.00396494830335782,0.00661620957800233,0.00175956786108046,0,0,0.000674784911016552,0,0.00095311313368964,0.000250450825491234,0,0,0,0,0,0,0,0,0,0,0,0,0,0,0,0,0.000126420952611728,0,0,0,0,0,0.000460324729722081,0,0,0,0,0,0.000928256721887798,0.000462492342125872,0.000378945416686349,0,0,0,0,0,0,4.15647064003818e-05,0
0.000388541737867984,0.120019070592772,0.0308787642807504,0,0,0,0.000656448712174817,2.0172956520851e-05,0.0025284671274255,0,1.63876588371049,0,0.00533619308293384,0,0,0.00373353346399642,1.26623011561557,0.811305123701703,0,0,0.000842985885095557,0.00351651000855007,0.0110023942714646,0.00172184083702617,0.342230814461805,2.91067553367748,0.197852268242245,0.00114228881725125,0.000156942286032089,0.000318073897292967,0,0,0,0.100317458422378,0.000290929893178107,0.0274696095505492,0.203289722570441,0.588527575237928,0.0483112182207558,0.000219717249935933,0,0.0035719371162484,0.00134362892908794,0.0180540140987028,0.00744822973166207,0.00101650755228147,0,0,0.000593237290762171,0,0.0201069631521549,0.00153735031104984,0,0,0,1.91515642962366e-05,0,0.00033817918474722,0,0.000552731732912112,0,0.000796410953163296,0,0,0.000189772947245224,0.000740610442994537,0,0.019848492937915,0,0,0.00104484611801861,0,0.000206155203035715,0.0984717776364568,0.0414937233441319,0.0722382064957219,0.000105375143720469,0,0,0.000111313301570356,0,0,0.00281126733796482,5.98723893901863e-05
0.0221274433710446,0,0,6.49631384703303,0,0.0504341344903225,0.0463789365262686,0.079994948659014,0.0116255256820075,1.47459180456621,0,6.87035942585271,0,0.0347601646010911,0.00400141928893438,0,0,0,0,0,0,0,0,0.542285621050215,0,0,0,0.158620041911643,0.0323045577754402,0.000586731396660626,0,0,0.000793196561284827,0.0109788617726279,0,0.000975142366521631,0,0.00400231337489456,0.000271386698074284,0.0180286459225034,0.000210766056251872,0,0,0,0,0,0,0,0,0,0,0,0,0,0,0,0,0,0,0,0,0,0,0,0,0,0,0,0,0,0,0,0.000240028448144382,0,0,0,0,0,0,0,0,0,0,0
0.00888662759405587,0.000649196897875952,0.13321672605035,0,0,0,0.0696224337299065,0.000552228300280223,0.00299739871190715,0.000289682582350351,0,0,0,0.00416866880438453,0.000149563706554721,1.03109062603985,0.0575277535810226,3.6395636179385e-05,0.000842985885095557,0,0,0.00405498874604932,3.87490519634056,0.0311295654512617,0.000369048670122285,0.00512680527319929,0.0353547943343707,0.890459834928219,0.057583742412079,2.23123674252438,0,0,0.193606741943696,0.0944540328942654,0.00320545959599822,0.0725978408423992,0.0393711794206856,0.0982278212658218,0.0570850680820278,0.000246617392150824,0,7.889418133462e-05,0.00156904707977514,0.000565918558758001,0.000577295622872382,0.000463533107828889,0,0,0,5.83056441654409e-05,0.00101180552227909,7.89029093277273e-05,0,0,0,0.000222680562157256,0,0.00120450777586651,5.11915392544925e-05,0,0.000143407049979313,0,3.62517420603089e-05,0.000154750780830154,0.000539167335248385,3.08899104118493e-05,0,0,0,7.14393146458315e-05,0.000900519107226156,0.000241385921717243,0.00280039436248651,0,0.000142169264713207,0.00180404493996829,0.0010045037062238,0.000197438153252099,0.000158432071607976,0,0,0.000270321895478152,0.000155385834300959,0.0013037287192601
0.00370971290110558,0.772265973550358,0.00985632811854036,0,0,0,0.00760318051340301,0.000311866950842479,1.20935432847882,0.000102849573454068,0.000394604947481134,0,0.00279251613597579,0.00112700815213039,0.000123269378900471,4.33318819847695,0.00818491886430739,0,0.00351651000855007,0,0.00405498874604932,0,0.012763412365556,0.775470928938172,0.163406973407691,0.00451319318540199,0.873849857042211,0.0399532010983344,0.000658489279874062,0.00501264572276138,0,0,0.000829395490622373,0.0108249527988514,0.000486861100732418,0.0319666901413105,0.0292749402877477,0.0283654041917035,0.0198449645693841,6.71481426460898e-05,0,0.000292779375717572,0.0172460314897921,0.0315009556322538,0.023016402501937,0.012070759073026,0.000349383638878174,0,0,0.00113901937489162,0.224550790223441,0.0200018577497739,0,0,0,0.00155188635250999,0,0.17382641881687,3.22631851011439e-05,0,0,0.00024772368847969,0.000459592578814736,0.000386892602481026,0.0708823405481186,0.00706522910002018,0,0.000201307219270586,0,0.001574569922736,0.576924632061079,0.0110996700704453,0.0250327733080231,0.0110199475103883,0.00735198543447863,0.0756074389527882,0.00374324208104535,0.000942380899359886,0.000562279539427693,0,0,0.000820899955783631,0.00347823358114878,0.000260135770109811
0.0108851196482758,0.00405108386459247,2.78440198307856,0,0,0.000112918446154282,0.0664859140837188,0.000841176416308571,0.00312154659904668,0.000277729082721963,0,0,3.73592815512268e-05,0.00552192015291869,0.000267451914064741,1.83693704531504,1.43434000616705,0,0.0110023942714646,0,3.87490519634056,0.012763412365556,0,0.0219162564489642,0.00291701681323027,0.0219301273685915,0.877250252894483,0.26425971238955,0.44913421336177,0.149547913149547,0,0,0.0227510375821587,0.190805897845341,0.0110567511628407,0.256534784592958,0.200720214871838,0.307586102090213,0.246854996264124,0.0026863211958362,0,0.000248583401113184,0.00490355739760408,0.00180431440705116,0.00228232247466473,0.00146728866074801,0.000199381992361647,0,0,0.000272128106696806,0.00341228659909054,0.00187272013508865,0,0,0,0.000519467560506211,0,0.00160437030175475,0,0,0.00012381180994868,0,0.000132116046806613,0.000422069305271862,0.00302574141848945,0.000345208038677679,0,0,0,6.18667362196593e-05,0.00685796161473751,0.00261822804160195,0.00302765266506416,0.000441151445412929,0.000895416283750619,0.0117289887038921,0.00121672538242166,0.000457998355648756,0.000188049938448341,0,0,0.000331488644441866,0.000571657108934299,0.00402758405697719
0.047944312115644,0.0360197246787937,0.00813370117884783,1.74982248224301,0,0.00645291138512096,0.384662738466156,0.0276677146703831,4.48972290826339,0.0220974699060155,0.000315571266240532,0.774892207440698,0.000499676795832124,0.0359675183673172,0.00166444434477188,1.0929953642668,0.00378289229287701,0,0.00172184083702617,0.542285621050215,0.0311295654512617,0.775470928938172,0.0219162564489642,0,0.029460281301482,0.00180934900531507,0.0578411451653102,2.74728012872548,0.0391834975941984,0.0525680825513551,0,0,0.0123089542628836,0.0476498840675345,0.00265420622196294,0.0906331605278668,0.0241829035273607,0.0502824605493155,0.0330974137690678,0.00481126266294946,0.000509103414750644,0.000137234119206655,0.0538771595456567,0.0121089115566139,0.0275551408446181,0.0251801550331569,0.00714491338905415,0,0,0.0187626691838826,0.0146876239112318,0.00302080126128974,0.0394714640034906,0,1.94527865067533e-05,0.0442071215306341,0.00260557656911055,0.183344748991824,0.00160437411380691,0,0.000785374287461049,3.0789024280436e-05,0.011556995264073,0.00109010528072668,0.0156327586870112,0.000575332167447965,0,0.000216338259016956,0.00106899899648854,0.00214308578476091,0.0384567441493636,0.00269972432260983,0.31274225749936,0.000437615083396228,0.000720956067611321,0.0143736588377662,0.0972516156020936,0.020555677458855,0.0152619599898314,0,0,0.00854483780465872,0.00915244334944205,0.00190095210468797
0.000989602703338031,1.92369679483099,0.00335825478970976,0,0,0,0.00130492181789075,8.85118478104749e-05,0.0863354392248411,9.52847810574229e-05,0.849734166106134,0,4.04793474331168,0.000204691358661772,0,0.0374173961253299,0.00498301972131075,0.0135273297107034,0.342230814461805,0,0.000369048670122285,0.163406973407691,0.00291701681323027,0.029460281301482,0,0.416327776816145,1.03399919498136,0.00451268132383018,0.000216476364164976,0.000510083013440696,0.00456049769737926,0,9.83345898642246e-05,0.00870891937382303,0.000177640770327926,0.0206470052841353,1.01985153814063,0.338225178146989,0.0419467661943563,9.09795413708359e-05,0,1.13758036993151,0.00458999523559868,0.022433633937703,0.0118579049860814,0.00192009015489214,0.000179948797948718,0,0.000162865653083964,0.000159695603679678,0.196561224329693,0.00958709497916673,0,0,0,8.42207188361278e-05,0,0.0120371061311179,0.000105024602025262,7.84581173433768e-05,0,0.000763426467398733,6.43592619733215e-05,0,0.00644142313775288,0.00123911007929649,0.000390136547019374,0.0120508853527011,0,0.00030079178566739,0.0335390065894172,0.00112676016714417,0.00406256836505832,0.101679681704928,0.0194511941555041,0.0647163629209121,0.00039309919706861,0.000188391101677714,0.000133022206513788,0,0,0.00111050953712649,0.00191524141123597,6.26924226631887e-05
0.000460310861198582,0.0843119623926082,2.23837172726413,0,0,0,0.00168036940267579,2.69992546743983e-05,0.00224991560478185,0,0.17251729400076,0,0.420647122340835,0.000299781417944805,0,0.00257612354502847,1.43591299704522,0.13763235310292,2.91067553367748,0,0.00512680527319929,0.00451319318540199,0.0219301273685915,0.00180934900531507,0.416327776816145,0,2.32732621165168,0.00275000381198418,0.000108429372039215,0.00266214115817827,0.0190440011620785,0,6.7591816991187e-05,0.0255962173529222,0.000245533639563962,0.0349599335568122,0.232222797300538,0.264052156317036,0.0236007892309256,0.000151031577152655,0,0.00547105945733227,0.00197733428206368,0.0193977839039673,0.00683261329274118,0.000882833891575767,0,0,0,0,0.0176560996594636,0.00142532742777216,0,0,0,0.000133832327205664,0,0.000269844028781537,0,0.000697615728252663,0,0.00106650026346963,0,0,0.000413772266834808,0.00104077900997151,9.44166463559975e-05,0.0161140360321712,0,0,0.00168260192585575,0.000211633012703832,0.000199636705887461,0.0572307042765128,0.0489666709556306,0.0855496901918819,6.49945595781183e-05,0,1.27289365302177e-05,7.49741892544964e-05,0,0,0.00273931847588966,8.2966259980572e-05
0.00220048174907259,1.41953887899382,1.82632320424102,0,0,1.59981834828873e-05,0.0125133053909941,0.000173271762469389,0.0289630359826295,6.55359568216198e-05,0.0314207500712632,0,0.553585049524742,0.00154770655077167,0,0.664414451057423,0.322723152113432,0.00292521632638803,0.197852268242245,0,0.0353547943343707,0.873849857042211,0.877250252894483,0.0578411451653102,1.03399919498136,2.32732621165168,0,0.0368456735650435,0.000293850522875492,0.0163030350981537,0.0721964728433775,0,0.00015999323651393,0.132485726777703,0.00371878413755088,0.139580464656481,0.265102340078436,0.433708666551398,0.0706297067722615,0.00125375338660555,0,0.00133309184483428,0.0227808332117136,0.0618162852770899,0.0292453705936975,0.00463729824546504,0.000180398805129005,0,8.82225501220072e-05,4.49437873733996e-05,0.10758668510514,0.0314635589235691,0,0,0,0.000964587036740458,4.86011044594911e-05,0.00508721283179968,4.645867376281e-05,0.000619469407742075,6.26637023789828e-05,0.00133359573970666,9.7554321987596e-05,0.000210543169961188,0.0102543558859136,0.0110758891881234,0.000212511036916148,0.0209478835680139,0,0.000746955469530011,0.0520300184114101,0.0140546941623926,0.00446810443953202,0.111455728820907,0.100324412881312,0.355049446085648,0.00140238006294184,0.000171223634839526,0.000527281205090493,9.43811102212463e-05,0,0.00011555377775865,0.00761311205925693,0.0017908839009224
0.083334000221061,0.00501901985736844,0.0536756772550792,1.42984143644079,0,0.0180411906956604,3.54875669625739,0.0347356565009737,0.129242314457357,1.09345211228154,0.000104322964231936,0.0108493602438333,5.01649161241562e-05,0.0680665468771175,0.000674134897894383,0.306605340905887,0.0115840675280254,0,0.00114228881725125,0.158620041911643,0.890459834928219,0.0399532010983344,0.26425971238955,2.74728012872548,0.00451268132383018,0.00275000381198418,0.0368456735650435,0,0.0478411693623294,0.964746342675456,0,0,0.01282916329331,0.105911625982235,0.00426970997714441,0.127361154242073,0.0352963306106151,0.11354166746276,0.0627303202101444,0.00113590547876405,8.83694124403422e-05,0,0.0208144983409694,0.00626615654101571,0.0104633007788153,0.00813430001305555,0.00250834066020546,0.000175469712377422,0,0.0068642834572712,0.00341397474073037,0.00107771823397878,0.00894348963759603,0,9.07918186997419e-05,0.0171863336838326,0.000961216979386409,0.0602414137961037,0.00866995766587545,0,0.000581878043663451,0,0.00441151473852393,0.000958501154051318,0.0042384839128274,0.000130417736980793,0,0,0.00100676478274208,0.000924115385525865,0.00975134274852093,0.00188440773407843,0.123782706369022,0.000383365481967553,0.00033003110124059,0.00449274961402111,0.0406138562109497,0.00838598663581346,0.00635902980225349,0,0,0.00297647510612496,0.003882349807595,0.00193406139391514
0.483731982662379,0.000101655972441943,0.000285802587243819,0.00364245483892318,0.0371358520605086,0.150902785964244,0.114799799822824,0.134089167741903,0.012265989331965,0.0228633948892981,0.000502198828578493,0.0157568380099052,0,4.02866769490746,0.0124036678563761,0.00157584905945314,0.00782234597772566,0,0.000156942286032089,0.0323045577754402,0.057583742412079,0.000658489279874062,0.44913421336177,0.0391834975941984,0.000216476364164976,0.000108429372039215,0.000293850522875492,0.0478411693623294,0,1.93586054075999,0,0.434479025473314,2.61292059082889,1.94106202287521,0.000451404302409128,0.0436993722290862,0.00272410444924527,0.256989733314075,0.0374806528930732,0.026431212051765,0.257796193563545,0,0.00249675972004476,0.000965701774504496,0.00111087884257494,0.000380135259499662,0.000577220160179855,0,0,0.00124331305263326,0.00016097094604589,6.17034505936023e-05,0.00022173949717209,0,0,0.00226921632546957,0.000107003296126524,0.00354669196086339,2.84836599109535e-05,0,3.15812706001744e-05,0,0.00045968753529487,0,5.40355897492232e-05,0,0,0,0.000244354695937865,0.000172061586818863,0.000141293046598362,1.35452366926032e-05,0.00998410583239716,0,0,4.09944323141436e-05,0.00342953534004642,0.00146531180092684,0.000264554776674227,0,0.000141659526594624,0.0006822033066958,0.000663907717383234,0.000432562903130378
0.349060994360187,0.000927915638927232,0.0543780326984209,0,0,0.000340656827384065,1.5155435155071,0.0112306305534647,0.0202284036525197,0.00136888724364575,0,0.000184748289278197,0,0.0642483584376473,0.000129330932638721,0.033835941787113,0.0283429233428639,0,0.000318073897292967,0.000586731396660626,2.23123674252438,0.00501264572276138,0.149547913149547,0.0525680825513551,0.000510083013440696,0.00266214115817827,0.0163030350981537,0.964746342675456,1.93586054075999,0,0,0.000251110216718203,0.526780007265793,0.427310502831305,0.00385293217719331,0.149477532964164,0.0393728822323701,0.135680613680634,0.0750435532737911,0.000987412267300897,0,0.000261184090742475,0.00446740008727146,0.00145022807203717,0.00200939001832086,0.00226402169071533,0.000236748725273025,0,0,0.00148085556963354,0.000714379342603139,0.000182435468515147,0,0,0,0.0029571243214609,1.88637008185389e-05,0.0108863683089811,0.000103522769415357,0,0.000146481213774773,0,0.000540332948711753,0,0.000396207765488946,2.82101307539119e-05,0,0,0,0.000205332215816988,0.00211729889660897,0.000165416329803991,0.0214435955171927,0,0,0.000969641619416798,0.00500991102702595,0.00139526898438249,0.000633118335353881,0,0,0.00128131691596941,0.000778893071713625,0.00162016073546209
0,0,0,0,0,0,0,0,0,0,0.000156073623218088,0,0.807306532068223,0,0,0,0,0,0,0,0,0,0,0,0.00456049769737926,0.0190440011620785,0.0721964728433775,0,0,0,0,0,0,0,0,0,0,0,0,0,0,0,0,0,0,0,0,0,0,0,0,0,0,0,0,0,0,0,0,0,0,0,0,0,0,0,0,0,0,0,0,0,0,0,0,0,0,0,0,0,0,0,0,0
0,0,0,0,2.05749045221214,0.251438768554438,0.000221765975993437,0.0296869575831538,0,0,0.0104049308769743,0.000146887095606087,0,0.276414089883588,0.00219923943259463,0,0,0,0,0,0,0,0,0,0,0,0,0,0.434479025473314,0.000251110216718203,0,0,0.00146933890454051,0.486857781624726,0,0,0,0.00556104981372635,0.000475333408085643,0.0401028893098355,1.65544344307916,0,0,0,0,0,0,0,0,0,0,0,0,0,0,0.000165015631578336,0,0,0,0,0,0,0,0,0,0,0,0,0,0,0,0,8.804835045342e-05,0,0,0,0,0,0,0,0,0,0,0
0.23071004691908,0.000360147891018493,0.000228627921033088,0,0,0.000496175034958178,0.0237648088471422,0.00190089857454434,0.00824706370805128,0.000599082643331768,0.000126800889716332,0.000135881869958822,0,0.0217605066152924,0,0.00117427901232832,0,0,0,0.000793196561284827,0.193606741943696,0.000829395490622373,0.0227510375821587,0.0123089542628836,9.83345898642246e-05,6.7591816991187e-05,0.00015999323651393,0.01282916329331,2.61292059082889,0.526780007265793,0,0.00146933890454051,0,0.889957053969261,0.000362402858549807,0.0283135677168345,0.00435744692448953,0.104944493424152,0.0569234681361938,0,0,0,0.000969428145989732,0.000389046064307265,0.000151296150468628,0,0,0,0,0.000530127439992702,0.000374933345609826,0,9.64705180938928e-05,0,0,0.000344784465854817,0,0.00105130161507325,0,0,0,0,0.000176570259089231,0.000391454833098923,6.528525492616e-05,0,0,0,0,0,0.000354768923397922,0,0.00281649236220038,0,0,4.65629713622404e-05,0.00084657021143588,0.000462593242528801,7.44147035909182e-05,0,0,0.000745990547154837,5.97476399124483e-05,0
0.143925465020147,0.0221364728630333,0.0601844852496486,0.000692609294611024,0.0977659219131149,0.0712091340905334,0.0748198760543343,0.0726667803411151,0.0156459811500594,0.00801731484665878,0.682908078199997,0.00627855808189753,0.00112110253826986,0.375562184629524,0.00844561044914856,0.0961688274374764,0.0354984000554286,0.00183461341291977,0.100317458422378,0.0109788617726279,0.0944540328942654,0.0108249527988514,0.190805897845341,0.0476498840675345,0.00870891937382303,0.0255962173529222,0.132485726777703,0.105911625982235,1.94106202287521,0.427310502831305,0,0.486857781624726,0.889957053969261,0,0.00571807661586369,0.378747055361782,0.20639116209827,3.78306638270754,0.36892988438981,0.0471348743169072,1.208386379792,0.00802792558921483,0.00451957607083216,0.00513134124653188,0.00334325506515104,0.00177416817934202,0.000679142884774402,0,0,0.00105186526769084,0.00577506252460732,0.00202961311154807,0.000165240540023182,0,0,0.00178811198686501,2.53004399684567e-05,0.00966052659401198,0,0,0,0,0.000294885492368481,0.000228179283455907,0.0026808399604815,6.44963996075422e-05,0,0.000869555868883473,0,6.443240435658e-05,0.0047016013149119,0.000837496812593441,0.0106680718180107,0.00381674670246314,0.00571892756163684,0.0163263257280081,0.00326285192559523,0.00104054730590281,0.000730834741627346,0,0,0.000596573264580476,0.000700251597175751,0.00199111783115159
0.000921376222148373,0.000285902647733683,0.000509836906577747,0,0,0.00887004422787944,0.00193357649738715,5.70333764825401e-05,0.000223760358329703,0.0225354075986579,5.07883099786098e-05,0.241410521837036,0,0.000539524470704118,0.0376876262307287,0.00634588900940639,0.000428325662350446,0,0.000290929893178107,0,0.00320545959599822,0.000486861100732418,0.0110567511628407,0.00265420622196294,0.000177640770327926,0.000245533639563962,0.00371878413755088,0.00426970997714441,0.000451404302409128,0.00385293217719331,0,0,0.000362402858549807,0.00571807661586369,0,0.0933047204584461,0.0130557951844383,0.0249232322895746,0.0161864075985772,0.0419195210277585,0,1.22146244086047e-05,0.0314466152697436,0.0101412642989315,0.010845482021368,0.00894892748894273,0.00046600344908887,4.00819526132331e-05,1.37778496016627e-05,2.16805366727072e-05,0.000288712164635074,0.000737117111086576,1.63689447556504e-05,0,4.46737438727354e-05,0.000525802944205993,5.40948595556152e-05,0.000287346759105614,0.000147997504652516,1.6090313224304e-05,0.000247774597103347,0,0.000175972894943045,0.00568445832317687,0.00199461523899266,0.000281416870894004,0,0,1.34753156431253e-05,0.000746134440568029,0.000693439410516842,0.00237835958112809,0.00141409566636586,0,0.000230825195977109,0.00163562762018421,0.00192003759065093,0.000603646472757979,0.000317866449788202,0,0,9.03309159558114e-06,0.000494084103193887,0.905142864595387
0.075447345236249,0.0277471805024459,0.0515959163890999,7.34744036454474e-05,0,0.000357443836786927,0.0808268268993409,0.00560025457143754,0.0204191644130237,0.00217987300018634,0.00615319918085515,0,0.00903594938976926,0.0252083199005117,0.0337980880584785,0.307532652689032,0.0206407641412052,0.000234126720916398,0.0274696095505492,0.000975142366521631,0.0725978408423992,0.0319666901413105,0.256534784592958,0.0906331605278668,0.0206470052841353,0.0349599335568122,0.139580464656481,0.127361154242073,0.0436993722290862,0.149477532964164,0,0,0.0283135677168345,0.378747055361782,0.0933047204584461,0,2.37673154287759,1.58688924684258,1.56009166824997,0.949811957970227,0.000970129625910121,0.0777027039989338,0.0824094302007649,0.0253338530807729,0.0152113328202363,0.0161098467866055,0.00121034607754296,0,0,0.00140079871151271,0.00817820548876029,0.00193078075935224,7.72823862403137e-05,0,0,0.00154015315837477,0.000172430629994516,0.0119230279844045,0.000181286640257812,4.95310058823439e-05,0.00203024531970267,0.000766226388094733,0.000485473448675246,0.00908341572812951,0.00598715115111941,0.00133999824308591,0,0.00134200576729637,0,0.00103731261953489,0.00967647633328053,0.00284934189547228,0.0155595178486175,0.00377606072506541,0.00592834910153942,0.0209658415902163,0.00473904989999423,0.00179302748821668,0.000999398046689884,0,0,0.00129512460319876,0.0212045892734238,0.0312685473719331
