0,0,0.000378818966004445,0.00793573919015314,0.000378493145816446,0.00105550590710868,1.3683295339784,0.0716329325971139,0.00047310801702425,0.0195207515032079,6.15901012246374e-05,0.000222096659142126,0,0.620416507654602,0,0.000476154015390501,0,0,0,0.0244568303946683,0.000293831685323857,0.000592585789056618,0.000492309036935545,0.00207796733316623,0,0.000107324464918432,3.11210744458285e-05,0.00684494622300174,0.696542791583475,0.00174899115831587,0,0.000672626025421274,0.0062118775478884,0.0116597927785686,0,0.000293969255001966,0.000442775878384173,0.00609367148643944,0,0.0126767698468561,0,0,0,0,0,0,0,0,0,0,0,0,0,0,0,0,0,0,0,0,0,0,0,0,0,0,0,0,0,0,0,0,0,0,0,0,0,0,0,0,0,0,0,0
0,0,0.0384737831609956,0,0,0,0,0,0.04176386346245,0,0.000606519947553119,0,0.0134083823156062,0,0,0.0668733773916376,0.0104532094954793,0.000244796514458549,0.00164047415208176,0,0.000223694768513631,0.15427039666786,0.000811498540883789,0.0136441369911904,0.111785934089876,0.00751706090627724,0.746453435991595,0.000221170623886997,0,0,0.00362387768251257,0,0.000101236453964731,0.00478732704543113,3.63287465136257e-05,0.0131562221505615,0.0828109493097092,0.0307134105444373,0.00849844452696799,0,0,0.00213435077629746,0.000280190719521008,0,0,0.000849781460017504,0,0,0,0,0.273760569778567,0,0,0,0,0,0,0.00665176253432831,0,0,0,0.00141962110384905,0,0,0,0,0,0,0,0,0.120960964035187,0,0.00323953360263835,0.0709604442939768,3.15938108247931e-05,0.000401324787226476,4.14758218929816e-05,0,0,0,0,0,0,0.000120313529216789
0.000378818966004445,0.0384737831609956,0,0,0,0,0.00235571967545666,0.000115640184606585,0,0.00010556721080411,0.000181163008887588,0,0.00158380696826374,0.000204241304672791,0,0.0317125628533487,1.58841873598426,0.0113104322899136,0.0150150933950861,0,0.0692668787353025,0.000693244023185571,3.20237931550717,0.00112303174970193,0.000222863995048998,1.22791730091377,2.0088717391407,0.0227616604343488,0.000673831677547736,0.0710806581203329,0.000149253282704526,0,0,0.010951202683339,0.000299489559818926,0.0467004192680835,0.247218443923011,0.112398155326541,0.0228286218278263,0,0,0.000255046593652566,0.00138274205833818,5.30480081475239e-05,0.000581658383891343,0.000292533922560407,0,0,0,0,0,0,0,0,0,0,0,0.000142940375173744,0,0,0,0,0,0,0.00065336720197158,0,0,0,0,0,0,0,0,0,0,0,0,0,0.000118072327332111,0,0,0,2.5019516483089e-05,0.00013668043104426
0.00793573919015314,0,0,0,0,0.00851559535843251,0.172517376221025,0.000443755351649778,0.10959222897557,0.630606028383624,0,2.73185975020177,0,0.00195214164463753,0,0.000343141066428829,0,0,0,9.28499750835309,0,0,0,3.07720850612774,0,0,0,2.52890203665459,0.00405664594827458,0,0,7.58741815772707e-05,0.000143186316219447,0.00352966801610197,0,0.000217070135522959,0,0.00178479943977868,0,0.0138340583615469,0.000210915301361938,0,0,0,0,0,0,0,0,0,0,0,1.49080063610298,0,0,0,0,0,0.0249847601072306,0,2.32754183788458,0,0,0,0,0,0,0,2.56338761868486,0,0,0,0.0246361866260438,0,0,0,0,0,0,0,0,0,0,0
0.000378493145816446,0,0,0,0,0.190526058871004,0,0.00730030475117596,0,0,0.00980746203399456,0,0,0.00455132924531794,0.0101570760314704,0,0,0,0,0,0,0,0,0,0,0,0,0,0.0475096831083571,0,0,2.73488420375667,0,0.162506252694495,0.00312974409954188,0,0,0.0152544044548044,0.000430489086909278,0.312224049031576,3.21562568979625,0,0,0,5.0690640533983e-05,0,0.00011497631668806,0,0,0,0,0,0,0,0,0,0,0,0,0,0,0,0,0,0,0,0,0,0,0,0,5.45971019916139e-05,0,0,0,0,0,0,0,0,0,0,0,0.000290835543339642
0.00105550590710868,0,0,0.00851559535843251,0.190526058871004,0,0.0095769634837786,0.624476933643149,0.000380236048509322,0.615910112450109,0.00160674951655999,1.41313211990076,0,0.0209382392337493,0.51123565038889,0.000134866367112952,0,0,0,0.127288929011036,0,0,0,0.0209335154908608,0,0,1.3382768205613e-05,0.0057097316395926,0.0454279028430197,0,0,0.477102030994339,0.000141886455887174,0.032337478415087,0.497092994355514,0.000509036828926236,0.000481328905477362,0.0112925397188025,0.000429741761187854,0.564801645269591,0.0233382655648946,0,0.000250170854550719,0.0002583151802256,0.000121203581401558,0,3.90220202150168e-05,0,0,0,0,0,6.57210331998278e-05,0,3.72886887411788e-05,0,0,0.000339025577757949,0,0,0.000178966569581718,0,0,0,0,0,0,0,0.00010355339984983,0,0,0,0,0,0,0,0,0,0,0,0,0,2.53031311135072e-05,0.00342363623111966
1.3683295339784,0,0.00235571967545666,0.172517376221025,0,0.0095769634837786,0,0.0330406121652332,6.31901369391196e-05,0.47674876741507,4.27784733391179e-05,0,0.000420149379700399,0.34338359947592,0,0.0254990871756436,0.000350958605111219,6.9186674356947e-05,0,0.036489959786656,0.0112657778079563,0.000905326345175344,0.00609323468876389,0.388525518002825,0,0.000134985511520232,0.000958601175255197,4.57564580350464,0.012008677960813,1.24277662601643,0,0.000263406693659374,0.00194297849239147,0.00676134273748603,0,0.0017224517633618,0.0037660523075707,0.00223908261941645,0.000618257257755153,0.00928958036207427,0,0,0,0,0,0,0,0,0,0,0,0,0.00386453948316701,0,0,0,0,0.000791416103709718,0,0,0.000417591532449729,0,0,0,7.97327099249963e-05,0,0,0,0.00025962846347552,0,0.000110627231025527,0,0.00131911895235775,0,0,0,0.000923349212505782,0,0,0,0,0,0,0
0.0716329325971139,0,0.000115640184606585,0.000443755351649778,0.00730030475117596,0.624476933643149,0.0330406121652332,0,0,0.258279247889748,0.000478764146908698,9.23418901142754e-05,0,0.622389396409499,0,0.000140526525762151,0,0,0,0.000733640194083578,0,0,4.3708748753118e-05,0.000293305662397802,0,0,0,0.000438240512179291,0.287019241985795,0.00138325750300495,0,0.380007119819688,0.000148847000128859,0.0832974423972485,0.000664871890256684,6.17092167189623e-05,0.000244725260050826,0.00458601464955761,0.000533330642328953,0.0660859719033053,0.000449903513554881,0,0,0,0,0,0,0,0,0,0,0,0,0,0,0,0,4.76234997710849e-05,0,0,0,0,0,0,0,0,0,0,0,0,0,0,0,0,0,0,0,0,0,0,0,0,0,0
0.00047310801702425,0.04176386346245,0,0.10959222897557,0,0.000380236048509322,6.31901369391196e-05,0,0,0.000206820333927632,0.00010212707668807,2.51022336122053,0.00114780560305767,0.000415520855425984,0.383173446388735,0.0476396561280434,0,0,0,0.0789648670113122,0,0.652423912082248,3.11776442064975e-05,5.18342591356041,0.0118364402414774,1.41027159154928e-05,0.0516105441372211,0.00143658310256093,0.00547271587619006,0,0.000290002756399245,0.0002274401793595,0.00748092875455494,0.0138032435447234,0,0.244574275443906,0.00208738976592917,0.00305380532879109,0.0015861410604887,1.21644503519913,0,0,7.52425593305737e-05,0,0.00120629797703158,0.000236033916659786,0,0,0.000136774125941604,0,0.108343505966564,0,0,0,0,0,0,2.59505145264145,0,5.96195208579951e-05,0.0180317727233828,0.00085494088374283,0,0,0.18410213613723,7.37130195367511e-05,0,0,0,0.0108694957129603,0.931734331452914,0.0305219630813646,0.641193470993976,0.0173166170974291,0.000221845675429071,0.00194169222784093,0.0025111560791736,0,0.00424483999173995,0,0,0,0.00128857502729989,0
0.0195207515032079,0,0.00010556721080411,0.630606028383624,0,0.615910112450109,0.47674876741507,0.258279247889748,0.000206820333927632,0,0,0.922111969967401,0,0.102834690751332,0,0,0,0,0,1.98203960920745,0,0,0,0.0317781759857516,0,0,0,0.768651144007049,0.00330683631740443,2.06133044616255e-05,0,0.000246561506496072,9.37336460037999e-05,0.00337656859853091,0,9.22283933386323e-05,0,0.00146475965636892,0,0.0115082706230147,0,0,0,0,0,0,0,0,0,0,0,0,0.00897977135925306,0,0,0,0,0,0,0,0.00608570404721142,0,0,0,0,0,0,0,0.00442850489628778,0,0,0,0.000174526431764008,0,0,0,0,0,0,0,0,0,0,0
6.15901012246374e-05,0.000606519947553119,0.000181163008887588,0,0.00980746203399456,0.00160674951655999,4.27784733391179e-05,0.000478764146908698,0.00010212707668807,0,0,0,1.77526155564984,0.000175449843442312,0,0.000398810861547969,7.36227267957136e-05,0.827284258758155,0.46355629713714,0,0,0.000279984033883032,7.28403077781149e-05,0.000106098206354221,0.347039380111853,0.275284907011714,0.0557450381075431,0,0.184109042788383,2.08593093710518e-05,0.206323040593009,1.19211000215632,0.000900607594744621,0.797928843443346,6.55181505969068e-05,0.00569500416195438,0.955410493451166,0.697033002104845,0.0252740500592811,0.00244377393966659,0.0158859806492328,0.312517072873196,7.75091631471528e-05,0.000376323276551353,0,0,0,0,0,0,0.00074582166042998,0,0,0,0,0,0,0.0002663150538928,0,0.00197866068424293,0,0.00677337312643543,0,0,0,0,7.67224472218563e-05,0,0,0,0.000263451254231005,0,0,0.0410426038685758,0.00341869704791556,0.000512394414093053,0,0,0,0.00458967717796751,0,0,0,0
0.000222096659142126,0,0,2.73185975020177,0,1.41313211990076,0,9.23418901142754e-05,2.51022336122053,0.922111969967401,0,0,0,0.000121297704529801,0.936147949301422,0,0,0,0,5.55006070119869,0,0,0,1.25995211052132,0,0,0,0.0120374026723507,0.000247391857294808,0,0,0,0,0.000351145845072042,0.215690782010418,0.00888438981753309,0,0.00026375402952398,8.16547744296285e-05,0.464651031939586,0,0,0,0.000405809833110145,0.000386795107205288,0.000201973098371303,0.000199232754207627,0,0,0,0,0,0.0187600924790625,0,0,0,0,0,0,0,1.56648844232058,0,0,0,0,0,0,0,0.0546016077981187,0,0,0,0.0569358902356963,0,0,0,0,0,0,0,0,0,0,0.00254861768519836
0,0.0134083823156062,0.00158380696826374,0,0,0,0.000420149379700399,0,0.00114780560305767,0,1.77526155564984,0,0,0,0,0.0126599433835142,0,0.00327148474975917,0.000316436888380402,0,0.00033003329400572,0.00388503306144519,0.00163124958271023,0.00165683919651816,6.16756292159987,0.114621844099266,0.441308045205827,0.000168630933879779,7.88818208184105e-05,0.000232253578089709,6.31566562313069,0,0,0.00324107987643121,0.00260427051463223,0.534336713874468,1.21659252955438,0.321167250604791,0.546735560584393,0,0.0938979418486629,1.12527625552896,0.0681076415585981,0.0055556989502327,0.00243298813892401,0.00256820346848344,0.00028337430606966,0.000642885133176632,0.000655039701597943,0.000140272814599565,0.0170591459217215,6.36750560427668e-05,0,0,0.000242398110783471,0,0,0.00016305359536611,0,0.0089311247183381,0,1.36296503950157,0,0,0,0,0.000530112919595735,0.000194862190643165,0,0,0.00301814330704742,0,7.97572775612203e-05,0.454524925382793,0.0194470359163394,0.00764150358612606,0,0,0,0.0268938207174404,0,0,0.0412991007918702,0.0012241949535221
0.620416507654602,0,0.000204241304672791,0.00195214164463753,0.00455132924531794,0.0209382392337493,0.34338359947592,0.622389396409499,0.000415520855425984,0.102834690751332,0.000175449843442312,0.000121297704529801,0,0,0,0.000324160523564715,0.000176659898621052,4.9398114909205e-05,0,0.00819258458365581,0,0.000639579721536415,0.00022511416594619,0.0029868590046843,2.1866850909413e-05,1.92760259804803e-05,1.42290057215254e-05,0.00197304053936003,2.35539298294308,0.014507473831915,0,0.264614142823455,0.00478227015347946,0.0686076076548574,0,0.00233052859494954,0.00741635436078482,0.0165676698854727,0.00151836094638807,0.0124939101466005,0.000612807772114279,0,0,0,0,0,0,0,0,0.000201088798565646,0,0,0,0,0,0,0,0.00114946010528948,0,0,0,0,0,0,0.000352726348248691,0,0,0,0,0,0.000395255084201409,0,0,0,0,0,0,0,0,0,0,0,0,0
0,0,0,0,0.0101570760314704,0.51123565038889,0,0,0.383173446388735,0,0,0.936147949301422,0,0,0,0,0,0,0,0,0,0,0,0.00661974309739944,0,0,0,0,0.000102051213107628,0,0,0,0,0.000557891396098279,0.123191322859113,0.00175444153405374,0.000309859756976224,0.000490987024541655,0.000634772728506211,2.27689067744962,0,0,0,0.000710613259580377,0.000316006222314036,8.35116119552613e-05,0.000101732189509998,0,0,0,0,0,0,0,0.00117986064809034,0,0,0,0,0,0.00023626540217545,0,0,0,0,0,0,0,0,0,0,0,0,0,0,0,0,0,0,0,0,0,0,0.0119305659218855
0.000476154015390501,0.0668733773916376,0.0317125628533487,0.000343141066428829,0,0.000134866367112952,0.0254990871756436,0.000140526525762151,0.0476396561280434,0,0.000398810861547969,0,0.0126599433835142,0.000324160523564715,0,0,0.00117299578960056,6.41795447321259e-05,0.00014888349990768,0,1.52492857570022,3.65650082731411,1.33258820849398,2.64911365314678,0.00591916923162703,0.00107829789987241,1.17188757480163,0.23230780724035,0.0017772527842955,0.00214925669601169,0,0,0.00315199006877608,0.00742870899200674,0.00023277326562294,0.390996043485358,0.6188101738223,0.109189756948889,0.137285410836199,0,0,0.00204288368808116,0.000682067993659066,8.16105781387914e-05,0.000107116131643534,0.000116288372513007,0,0,0,0,0.0554829858360457,0.000253422731729368,0,0,0,0,0,0.0323168962454469,0,4.96683609398606e-05,0,0.000306997935567221,0,0,2.5544109734793,0,0,0,0,0.000337497343710351,0.63351557595657,0.000906687035356755,0.479076498279819,0.00634533174297636,2.56448702952328e-05,0.000264306703286362,0.0844710143184523,0.000117134363508437,0.00211859370624967,0,0,0,0.000183169623935127,7.30763224170098e-05
0,0.0104532094954793,1.58841873598426,0,0,0,0.000350958605111219,0,0,0,7.36227267957136e-05,0,0,0.000176659898621052,0,0.00117299578960056,0,0.00850664797742802,0.625301612028626,0,0.0123149130609698,0,1.01427550353147,0,7.0975783068028e-05,1.76476135587587,0.0568515276789403,0.002217345929625,0.015897574441039,0.0130812474345516,6.87615017872295e-05,0,0.00024032006623332,0.0185996768007959,0,0.00233598691462247,0.0163598208886027,0.00333794612491615,0.00211012623960783,0,0,0,0,0,0,0,0,0,0,0,0,0,0,0,0,0,0,0,0,0,0,0,0,0,0,0,0,0,0,0,0,0,0,0,0,0,0,0,0,0,0,0,0,0
0,0.000244796514458549,0.0113104322899136,0,0,0,6.9186674356947e-05,0,0,0,0.827284258758155,0,0.00327148474975917,4.9398114909205e-05,0,6.41795447321259e-05,0.00850664797742802,0,0.559006868094047,0,0.000312447121863622,0,0.00104155235408107,0,0.0140133166717594,0.783767405619968,0.0185599464867941,5.02521245164874e-05,0.00011161923980838,0.000348362407567766,0.00689255015106632,0,0,0.0105067498050076,0,0.00208170902504793,0.24165169378132,0.0948328350873823,0.00869070226516122,0,0,0.00116195878719304,0.000104193919451773,0,0,0,0,0,0,0,0,0,0,0,0,0,0,0,0,0,0,0,0,0,0,0,0,0,0,0,0,0,0,0,0,0,0,0,0,0,0,0,0,1.10034334837195e-05
0,0.00164047415208176,0.0150150933950861,0,0,0,0,0,0,0,0.46355629713714,0,0.000316436888380402,0,0,0.00014888349990768,0.625301612028626,0.559006868094047,0,0,0.000670949445208444,0,0.00311382512223354,0,0.000815351971805134,0.893352615590983,0.0165936127353993,7.17865704392769e-05,3.72946705353098e-05,0.00065255451534795,0.00123556342416235,0.000198363013093589,0,0.0154838440777704,0,0.0016392975180451,0.0453910374328814,0.0388123592979339,0.00477005826256654,0.000117636657185828,0,0,0,0,0,0,0,0,0,0,0,0,0,0,0,0,0,0,0,0,0,0,0,0,0,0,0,0,0,0,0,0,0,0.00030032526647495,0,0,0,0,0,0,0,0,0,0
0.0244568303946683,0,0,9.28499750835309,0,0.127288929011036,0.036489959786656,0.000733640194083578,0.0789648670113122,1.98203960920745,0,5.55006070119869,0,0.00819258458365581,0,0,0,0,0,0,0,0,0.00016666212977718,0.412834744029436,0,0,0,0.482238458639782,0.0111555980957284,0,0,0.00113995265444084,0.00342017581275791,0.0165047042254658,0,0.000648692631991708,0,0.00983761340106597,0.000139796042046173,0.091715218991793,0.000501990394106686,0,0,0,0,0,0,0,0,0,0,0,0.152597054671643,0,0,0,0,0,0.00074068178159214,0,1.00375732252928,0,0,0,0,0,0,0,0.262440414958835,0,0,0,0.00208094129344387,0,0,0,0,0,0,0,0,0,0,0
0.000293831685323857,0.000223694768513631,0.0692668787353025,0,0,0,0.0112657778079563,0,0,0,0,0,0.00033003329400572,0,0,1.52492857570022,0.0123149130609698,0.000312447121863622,0.000670949445208444,0,0,0.0215061667643587,2.86400266545349,0.262794174794633,0.000223925689267723,0.00409986653483185,0.0117410047810755,1.30511172904186,0.120292187752663,2.35444685864826,0,0.000308945067599277,0.0962925356340152,0.454574360210589,3.36468445012912e-05,0.060142025948124,0.169779504643925,0.0155355981175336,0.0210270879738995,0,0,0.000158470853309483,0,0,4.19267122527787e-05,0,0,0,0,0,0.000138117147997923,0,0,0,0,0,0,0,0,0,0,0,0,0,0.0800127793268153,0,0,0,0,0,0.0018202751316184,0,0.0401620418073491,0,0,0,0.0150222514294391,0,0,0,0,0,0,2.87607774103483e-05
0.000592585789056618,0.15427039666786,0.000693244023185571,0,0,0,0.000905326345175344,0,0.652423912082248,0,0.000279984033883032,0,0.00388503306144519,0.000639579721536415,0,3.65650082731411,0,0,0,0,0.0215061667643587,0,0.013550547779678,0.742262741418241,0.0159998378463911,0.000186435674546199,0.783534184602561,0.0108071756582561,0.00401662229107442,0.00074379108231654,0.000698207470556704,0,0.00692588811117386,0.0136082371362904,8.46119715162787e-05,0.200690889766738,0.115815413525217,0.0347304214037012,0.0714592584724112,0.00024097392218209,0,0.000407643522615659,0.000279619181743022,0.000163003814501457,0.00183308918490663,0.000499459187810877,0,0,0.000120649973400258,0,0.195741363257122,6.40201363555815e-05,0,0,0,3.67165266848841e-05,0,0.566100357762205,0,0.000106924756288249,0,0.00200874053180497,6.74470690922788e-05,0,0.121623193854973,0,6.30684098561624e-05,0,0,0.00449708464349051,2.55334209987954,0.00749434153671291,0.13473055754101,0.0199016168660282,0.000164992096588715,0.0016585416455994,0.00323709843758127,0.000502518001779134,0.0171923091299786,0.000252136557859701,0,0,0.00330066758815311,5.48719525914655e-05
0.000492309036935545,0.000811498540883789,3.20237931550717,0,0,0,0.00609323468876389,4.3708748753118e-05,3.11776442064975e-05,0,7.28403077781149e-05,0,0.00163124958271023,0.00022511416594619,0,1.33258820849398,1.01427550353147,0.00104155235408107,0.00311382512223354,0.00016666212977718,2.86400266545349,0.013550547779678,0,0.0661295288289991,0.000350036109382714,0.071661967884508,0.933037001640973,0.170344077098997,0.461387831502954,0.199565808760311,0,0.000220084311650281,0.142846019394209,0.321675942398879,0.000317498969653858,0.0735999437568789,0.400152216491812,0.100064713543294,0.0393814999339925,0,0,0.000727201650435292,0.000322944565448735,0,0.000258196311822419,0.000211490022376955,0,0,0,0,0.000105107633863719,0,0,0,0,0,0,0.000264233701468639,0,4.8017300343571e-05,0,4.82030246020089e-05,0,0,0.127702357668274,0,0,0,0,0,0.000685156170796179,0,0.000916770881951691,0,0,1.43645750422903e-05,0.000242351638745796,0,2.9888704615602e-05,0,0,0,0,0.000159461867327518
0.00207796733316623,0.0136441369911904,0.00112303174970193,3.07720850612774,0,0.0209335154908608,0.388525518002825,0.000293305662397802,5.18342591356041,0.0317781759857516,0.000106098206354221,1.25995211052132,0.00165683919651816,0.0029868590046843,0.00661974309739944,2.64911365314678,0,0,0,0.412834744029436,0.262794174794633,0.742262741418241,0.0661295288289991,0,0.00357453261732135,0.000241791043314898,0.088601732541224,4.13760247265604,0.0144161449604463,0.00313700034325487,1.77509436830976e-05,8.95548040358556e-05,0.0158107147678922,0.0424712223057438,0,0.0743338498924912,0.0265024088972295,0.025541123798487,0.0232756144661314,0.0148604072459073,0,0.000378210594730287,0,0,0.000401230963705763,0,0,0,0,5.42854525082946e-05,0.0270420736003563,0.000324481324651751,0.988728288864104,0,0,0,0,0.444360545857115,0,0,0.359889814997842,0.000376432549725704,0,0,0.0285795875095324,0,0,0,0.350193753492158,0.001552258843728,0.21846020676052,0.00552605389771663,4.0751736143755,0.00370462645938834,0.000102018918020924,0.000514454763858155,0.481270429795716,0,0.0127591656450841,0,0,0,0.00206559161006104,7.91467026725404e-05
0,0.111785934089876,0.000222863995048998,0,0,0,0,0,0.0118364402414774,0,0.347039380111853,0,6.16756292159987,2.1866850909413e-05,0,0.00591916923162703,7.0975783068028e-05,0.0140133166717594,0.000815351971805134,0,0.000223925689267723,0.0159998378463911,0.000350036109382714,0.00357453261732135,0,0.23021133269381,1.54175938095749,0,0,2.24062496052429e-05,0.688051409631759,5.15402365891325e-05,0,0.00284933032259713,0,0.0842782897023323,0.816794907021112,0.191662534401998,0.112464309620476,0,0,0.600971515270238,0.00432301604457718,0.00781372765330156,0.000964485782202425,0,0,0,0.00219534667428149,0,0.190737009384092,0.000101519538442726,0,0,0,0,0,0.00276031350243777,0,0.0355069142579809,0,0.509406923490498,0,0,0.000538010480985132,0,0.0113910190955671,0.00240763834827905,0,0,0.0327393710711765,3.63010539706117e-05,0.000306629797723913,1.90544288058241,0.190063800132452,0.0542993882916764,0,0,0.000165599450865068,0.098611208877734,0,0,0.0229999515549822,0
0.000107324464918432,0.00751706090627724,1.22791730091377,0,0,0,0.000134985511520232,0,1.41027159154928e-05,0,0.275284907011714,0,0.114621844099266,1.92760259804803e-05,0,0.00107829789987241,1.76476135587587,0.783767405619968,0.893352615590983,0,0.00409986653483185,0.000186435674546199,0.071661967884508,0.000241791043314898,0.23021133269381,0,2.1991512048442,0.00134590157313081,0.000247946579693576,0.00565046897784335,1.34186310941807,0,0,0.0131116263461364,0.000148376657383396,0.0393829310861102,0.504525064665499,0.148528457779449,0.0206962457268513,3.79161881796819e-05,0,0.00582183527372586,0.000488872226520102,8.84629328538277e-05,3.95008852909005e-05,0.00012084045698624,0,0,0,0,0.00159257673400016,0,0,0,2.63556467246929e-05,0,0,0,0,0.000358820666790375,0,0.00196231884419768,0,0,0,0,3.80235128745647e-05,0,0,0,7.60031847021642e-05,0,1.90776317053404e-05,0.0102601367700474,0.00408264906608382,0.00223427839755767,0,0,0,0.000459233864935644,0,0,0,0.000154561131987259
3.11210744458285e-05,0.746453435991595,2.0088717391407,0,0,1.3382768205613e-05,0.000958601175255197,0,0.0516105441372211,0,0.0557450381075431,0,0.441308045205827,1.42290057215254e-05,0,1.17188757480163,0.0568515276789403,0.0185599464867941,0.0165936127353993,0,0.0117410047810755,0.783534184602561,0.933037001640973,0.088601732541224,1.54175938095749,2.1991512048442,0,0.00999753382403895,0.000169097623133776,0.00332599771580567,1.08340586686247,0.000227514292146439,0.00043641316772091,0.018065384517749,0.0008567970733732,0.102463698177027,0.775728662807467,0.209707627636622,0.0394783339521958,2.49219488176044e-05,0,0.00876127697419247,0.00154642095331928,0.000578827433556907,0.000212296239853418,0.000287771039787398,1.77519816212326e-05,0,0.000133741216084029,0,0.630200346956742,0.000140346580958002,0,0,0.000221459047719562,0,0,0.0122303432315926,0,0.00161544756931418,0,0.0472879272663117,0,0,0.235375618681682,0,0.000533470313297327,0.000570294212769621,0,0,0.574790826337631,0.000172676311264674,0.0113424739375429,0.30874834013428,0.0224966204371303,0.0846210356785424,0.000280697395757868,0,0,0.00247782261430106,0,0,0,0.000699709087656108
0.00684494622300174,0.000221170623886997,0.0227616604343488,2.52890203665459,0,0.0057097316395926,4.57564580350464,0.000438240512179291,0.00143658310256093,0.768651144007049,0,0.0120374026723507,0.000168630933879779,0.00197304053936003,0,0.23230780724035,0.002217345929625,5.02521245164874e-05,7.17865704392769e-05,0.482238458639782,1.30511172904186,0.0108071756582561,0.170344077098997,4.13760247265604,0,0.00134590157313081,0.00999753382403895,0,0.00483426407107002,1.84223761093935,0,0.00019867097645406,0.00100620761851341,0.00500929583343771,7.60948667406064e-06,0.0136958336708581,0.0394202253724581,0.00945161711196216,0.00618605559199821,0.00818509564974734,0.000175880520826701,0.000236572941368293,0.00010674823894274,0,0,0,0,0,0,0,4.71273182907942e-05,0,0.0638469796062146,0,0,0,0,0.00248989623200398,0,0,0.0223474646860321,0,0,0,0.000699356793889052,0,0,0,0.0204675637684423,0,0.000684455953278189,0,0.106981372629922,3.55979504326411e-05,0,0,0.0660265747005365,0,0.000360488674142611,0,0,0,0,1.18246321967551e-05
0.696542791583475,0,0.000673831677547736,0.00405664594827458,0.0475096831083571,0.0454279028430197,0.012008677960813,0.287019241985795,0.00547271587619006,0.00330683631740443,0.184109042788383,0.000247391857294808,7.88818208184105e-05,2.35539298294308,0.000102051213107628,0.0017772527842955,0.015897574441039,0.00011161923980838,3.72946705353098e-05,0.0111555980957284,0.120292187752663,0.00401662229107442,0.461387831502954,0.0144161449604463,0,0.000247946579693576,0.000169097623133776,0.00483426407107002,0,1.88314761104253,0.000106879222380378,1.36969193134626,1.48701473372702,2.0039143028426,1.12746006276436e-05,0.0129407312441426,0.0435734710838744,0.646015765589625,0.0199631153267681,0.104798648583142,0.0816854985268151,5.19902649177562e-05,0,0,0.000140241923286998,0,0,0,0,0,0.000157975551200145,0,0,0,0,0,0,0.00958793906600382,0,0,0,0,0,0,0.000699308882193498,0,0,0,0,0.000181428738619087,0.00140473672443335,6.50583304937257e-05,0.00230236350521214,9.74198222478853e-05,0,0,0.00082954080860119,0,0.00178972367830511,0,0,0,0.000135278450700336,0
0.00174899115831587,0,0.0710806581203329,0,0,0,1.24277662601643,0.00138325750300495,0,2.06133044616255e-05,2.08593093710518e-05,0,0.000232253578089709,0.014507473831915,0,0.00214925669601169,0.0130812474345516,0.000348362407567766,0.00065255451534795,0,2.35444685864826,0.00074379108231654,0.199565808760311,0.00313700034325487,2.24062496052429e-05,0.00565046897784335,0.00332599771580567,1.84223761093935,1.88314761104253,0,0,0.00111625699538355,0.371343334444504,0.373265804714211,5.70153634462317e-06,0.00450593980275328,0.0473585295759634,0.0415649171174139,0.00859528212910834,0.000786692649242662,0,6.52285912549526e-05,0,0,0,0,0,0,0,0,0,0,0,0,0,0,0,0.000824071917213343,0,0,0,0,0,0,0,0,0,0,0,0,0.000162301151882521,0,0,0,0,0,0,0,0.000145929545178597,0,0,0,0,0
0,0.00362387768251257,0.000149253282704526,0,0,0,0,0,0.000290002756399245,0,0.206323040593009,0,6.31566562313069,0,0,0,6.87615017872295e-05,0.00689255015106632,0.00123556342416235,0,0,0.000698207470556704,0,1.77509436830976e-05,0.688051409631759,1.34186310941807,1.08340586686247,0,0.000106879222380378,0,0,0,0,0.00436834501992052,0,0.00429949589731706,0.222162151499962,0.10629789680141,0.0214388148179027,0,0,0.049061974257056,7.95028406717566e-05,0.000557850216121227,0,0.000157048973582138,0,0,0,0,0.0054569798124315,0,0,0,0,0,0,0,0,0.00213103138752632,0,0.0355972487478713,0,0,0,0,0.00103794876847031,0,0,0,0.000913536559680492,0,0,0.0704694806756207,0.0073668462393811,0.00394137294605676,0,0,0,0.017013913724466,0,0,0,0
0.000672626025421274,0,0,7.58741815772707e-05,2.73488420375667,0.477102030994339,0.000263406693659374,0.380007119819688,0.0002274401793595,0.000246561506496072,1.19211000215632,0,0,0.264614142823455,0,0,0,0,0.000198363013093589,0.00113995265444084,0.000308945067599277,0,0.000220084311650281,8.95548040358556e-05,5.15402365891325e-05,0,0.000227514292146439,0.00019867097645406,1.36969193134626,0.00111625699538355,0,0,0.0170429003235275,2.07468293646418,0,0.000587994630456765,0.00331466564253434,0.334826787955256,0.00975792910551595,0.150822242276893,2.10290284025342,0.000133128621479127,0,0,0,0,0,0,0,0,0,0,0,0,0,0,0,0.000534336645839826,0,0,0,0,0,0,0,0,0,0,0,0,0,0,5.73899088999151e-05,0,0,0,0,0,0,0,0,0,0,0
0.0062118775478884,0.000101236453964731,0,0.000143186316219447,0,0.000141886455887174,0.00194297849239147,0.000148847000128859,0.00748092875455494,9.37336460037999e-05,0.000900607594744621,0,0,0.00478227015347946,0,0.00315199006877608,0.00024032006623332,0,0,0.00342017581275791,0.0962925356340152,0.00692588811117386,0.142846019394209,0.0158107147678922,0,0,0.00043641316772091,0.00100620761851341,1.48701473372702,0.371343334444504,0,0.0170429003235275,0,0.766744236782437,0,0.00477613280372506,0.0617670840312452,0.443022244349824,0.0261016768936923,0.00235383000872271,0.00136174936365191,0.000632114006006441,0,0,0,0,0,0,0,0,0.000142905009229602,0,0,0,0,0,0,0.0382052147780455,0,0,0,0,0,0,0.00161273928244165,0,0,0,0,0.000325566346959405,0.000530656724423574,0.000285825351414179,0.00141404003158213,0,0,0,0.000243508008501813,0,0.000851621867209115,0,0,0,0.000364156941486175,0
0.0116597927785686,0.00478732704543113,0.010951202683339,0.00352966801610197,0.162506252694495,0.032337478415087,0.00676134273748603,0.0832974423972485,0.0138032435447234,0.00337656859853091,0.797928843443346,0.000351145845072042,0.00324107987643121,0.0686076076548574,0.000557891396098279,0.00742870899200674,0.0185996768007959,0.0105067498050076,0.0154838440777704,0.0165047042254658,0.454574360210589,0.0136082371362904,0.321675942398879,0.0424712223057438,0.00284933032259713,0.0131116263461364,0.018065384517749,0.00500929583343771,2.0039143028426,0.373265804714211,0.00436834501992052,2.07468293646418,0.766744236782437,0,9.40539877734995e-05,0.0161298629588463,0.540593085248053,3.74038401875049,0.16281120779507,0.455796590348754,0.827942040014986,0.00109825604455697,0,0,0,0,0,0,0,0,0.000210573186763595,0,0,0,0,0,0,0.0476109484295112,0,0,0,4.79967792252813e-05,0,0,0.00513047679583485,0,0,0,0,0.000127222510860522,0.00369976031233726,0.00023114497664379,0.00479160724975166,0.000256579026195459,0,7.1693958451414e-05,0.00175117754672438,0,0.00191603254235797,0,0,0,0.000145202522779002,1.2317378709418e-05
0,3.63287465136257e-05,0.000299489559818926,0,0.00312974409954188,0.497092994355514,0,0.000664871890256684,0,0,6.55181505969068e-05,0.215690782010418,0.00260427051463223,0,0.123191322859113,0.00023277326562294,0,0,0,0,3.36468445012912e-05,8.46119715162787e-05,0.000317498969653858,0,0,0.000148376657383396,0.0008567970733732,7.60948667406064e-06,1.12746006276436e-05,5.70153634462317e-06,0,0,0,9.40539877734995e-05,0,0.0141596349799567,0.0255517512736802,0.00683546199375476,0.0169512894643605,0.000148823592065395,0,0.000265751522747856,0.00646118046643768,0.0180135565661704,0.0219435470533298,0.0116817002207485,0.0176876575803293,0.00364361669950239,8.70184772675214e-06,0.000129363123798334,0,0.00095787503972501,0,0,0.0251624094278953,2.23020338531357e-05,0,0,0,0.00197068219754991,0.00910312583700879,7.74866833968147e-06,4.82817619295271e-06,0,1.94451759872941e-05,9.33995231351876e-05,0,0.000121610045952366,0,0.000268391522034508,0,0.00370415601778146,0,0,0.000626884164829843,7.64458147398355e-05,0,0.000115034639815568,0.00011354845333522,6.35586910156154e-06,0,1.24802351325701e-05,0.00721015016692068,1.20868738698877
0.000293969255001966,0.0131562221505615,0.0467004192680835,0.000217070135522959,0,0.000509036828926236,0.0017224517633618,6.17092167189623e-05,0.244574275443906,9.22283933386323e-05,0.00569500416195438,0.00888438981753309,0.534336713874468,0.00233052859494954,0.00175444153405374,0.390996043485358,0.00233598691462247,0.00208170902504793,0.0016392975180451,0.000648692631991708,0.060142025948124,0.200690889766738,0.0735999437568789,0.0743338498924912,0.0842782897023323,0.0393829310861102,0.102463698177027,0.0136958336708581,0.0129407312441426,0.00450593980275328,0.00429949589731706,0.000587994630456765,0.00477613280372506,0.0161298629588463,0.0141596349799567,0,4.1140541449549,0.552259669641269,0.824048532426368,1.27057228540342,0.00239401790437903,0.123974061825205,0.188378665085619,0.0159034353277674,0.0121492735817665,0.0150077207960653,0.000979242517950627,0.00106248128378002,0,0,0.00328069809981725,0.000650282739238267,0,0,0.000878902492979125,0,0,0.055700911850902,0,0.00074003480779294,0,0.00534771569394141,0,0,0.0241136279429204,0,0,0,0,0.00145662496034332,0.0194081962208263,0.00325739481226782,0.0140954449330204,0.00153651478667745,0.000318916180732791,0.000420548554539272,0.00212323353305357,0.000462634745256471,0.0101405808244024,0,0,0,0.00473559527783489,0.00587111493777134
0.000442775878384173,0.0828109493097092,0.247218443923011,0,0,0.000481328905477362,0.0037660523075707,0.000244725260050826,0.00208738976592917,0,0.955410493451166,0,1.21659252955438,0.00741635436078482,0.000309859756976224,0.6188101738223,0.0163598208886027,0.24165169378132,0.0453910374328814,0,0.169779504643925,0.115815413525217,0.400152216491812,0.0265024088972295,0.816794907021112,0.504525064665499,0.775728662807467,0.0394202253724581,0.0435734710838744,0.0473585295759634,0.222162151499962,0.00331466564253434,0.0617670840312452,0.540593085248053,0.0255517512736802,4.1140541449549,0,4.07534889996202,3.3136979348854,0.00247688325316862,0,1.06749299211115,0.107742625162512,0.00699322554984768,0.015327098745106,0.0246326202717353,0.0059383610810798,0.00236525452640196,0,6.43261569812396e-05,0.00492734808718681,0.000189401989074028,0,0,0.00201871387062069,0,0,0.00410113073104388,0,0.00066859171693117,0.000242498598624063,0.010088566618649,0,0,0.00691531531244623,0,0,0,0,0.000175915255658768,0.00927419010368557,0.000925761331708934,0.0014465854861104,0.0261069742269131,0.00299840247229629,0.00196865236091809,0,0,0.00218480732029429,0.0011184527538486,0,0,0.00222473959613415,0.0166825396180744
0.00609367148643944,0.0307134105444373,0.112398155326541,0.00178479943977868,0.0152544044548044,0.0112925397188025,0.00223908261941645,0.00458601464955761,0.00305380532879109,0.00146475965636892,0.697033002104845,0.00026375402952398,0.321167250604791,0.0165676698854727,0.000490987024541655,0.109189756948889,0.00333794612491615,0.0948328350873823,0.0388123592979339,0.00983761340106597,0.0155355981175336,0.0347304214037012,0.100064713543294,0.025541123798487,0.191662534401998,0.148528457779449,0.209707627636622,0.00945161711196216,0.646015765589625,0.0415649171174139,0.10629789680141,0.334826787955256,0.443022244349824,3.74038401875049,0.00683546199375476,0.552259669641269,4.07534889996202,0,4.82093968326514,0.426821995731226,0.0584772947204426,0.557961207438651,0.00993977190002672,0.00167573765008793,0.00376159832133817,0.00861147051025943,0.000734458910662414,7.55871231368698e-05,0,0.000128129369021405,0.000688584854880549,0,0.000107315473733441,0,0.000471532785577364,0.000146381714449762,0,0.0317296765586032,0,0.000198929460590069,6.21459243211799e-05,0.00164768415484616,0,0,0.00770120988656432,0,0,0,0,0.00149619502066888,0.00586426990352929,0.000210388781366519,0.00432381100136076,0.00407630442264108,0.00118837887979744,0.000792581162473463,0.000668439264460089,0,0.00260710676822692,0.000420073562443047,0,0,0.00108186098015073,0.00545315714254573
0,0.00849844452696799,0.0228286218278263,0,0.000430489086909278,0.000429741761187854,0.000618257257755153,0.000533330642328953,0.0015861410604887,0,0.0252740500592811,8.16547744296285e-05,0.546735560584393,0.00151836094638807,0.000634772728506211,0.137285410836199,0.00211012623960783,0.00869070226516122,0.00477005826256654,0.000139796042046173,0.0210270879738995,0.0714592584724112,0.0393814999339925,0.0232756144661314,0.112464309620476,0.0206962457268513,0.0394783339521958,0.00618605559199821,0.0199631153267681,0.00859528212910834,0.0214388148179027,0.00975792910551595,0.0261016768936923,0.16281120779507,0.0169512894643605,0.824048532426368,3.3136979348854,4.82093968326514,0,0.00594526201385038,0.807246119784749,0.389725498854509,0.0355779475330896,0.0181781688510857,0.0240677051002409,0.010459873349497,0.00757573510151831,0.0020360621455564,0,0,0.000924020032344926,0.000439342977636214,0,0,0.00279477839752534,0,0,0.0300830207874648,0,0.0021603501490567,0.000585794311616702,0.00362549890544251,0,0,0.00911941380573708,0,0,0,0,0.00116503011642152,0.00820873302622768,0.00319472272736645,0.00435732551507207,0.00124499720466829,0.000230818819938051,0.000660118635727769,0.000430515243431852,4.05726091113846e-05,0.00194559647542367,0,0,0,0.00711349584927313,0.0164360429598407
0.0126767698468561,0,0,0.0138340583615469,0.312224049031576,0.564801645269591,0.00928958036207427,0.0660859719033053,1.21644503519913,0.0115082706230147,0.00244377393966659,0.464651031939586,0,0.0124939101466005,2.27689067744962,0,0,0,0.000117636657185828,0.091715218991793,0,0.00024097392218209,0,0.0148604072459073,0,3.79161881796819e-05,2.49219488176044e-05,0.00818509564974734,0.104798648583142,0.000786692649242662,0,0.150822242276893,0.00235383000872271,0.455796590348754,0.000148823592065395,1.27057228540342,0.00247688325316862,0.426821995731226,0.00594526201385038,0,4.74294811022555,0,0,0,0,0,7.90930882545726e-05,0,0,0,0,0,0,0,0,0,0,0.00424653309236979,0,0,0,0,0,0,0,0,0,0,0,0.000132662802002362,0,2.09878481186214e-05,0.00103440705512339,0,0,8.84965810050275e-05,0.000318756627175428,0,0.000966693145853695,0,0,0,0,0.000214928709412924
0,0,0,0.000210915301361938,3.21562568979625,0.0233382655648946,0,0.000449903513554881,0,0,0.0158859806492328,0,0.0938979418486629,0.000612807772114279,0,0,0,0,0,0.000501990394106686,0,0,0,0,0,0,0,0.000175880520826701,0.0816854985268151,0,0,2.10290284025342,0.00136174936365191,0.827942040014986,0,0.00239401790437903,0,0.0584772947204426,0.807246119784749,4.74294811022555,0,0,0,0,0,0,0,0,0,0,0,0,0,0,0,0,0,0,0,0,0,0,0,0,0,0,0,0,0,0,0,0,0,0,0,0,0,0,0,0,0,0,0,0
0,0.00213435077629746,0.000255046593652566,0,0,0,0,0,0,0,0.312517072873196,0,1.12527625552896,0,0,0.00204288368808116,0,0.00116195878719304,0,0,0.000158470853309483,0.000407643522615659,0.000727201650435292,0.000378210594730287,0.600971515270238,0.00582183527372586,0.00876127697419247,0.000236572941368293,5.19902649177562e-05,6.52285912549526e-05,0.049061974257056,0.000133128621479127,0.000632114006006441,0.00109825604455697,0.000265751522747856,0.123974061825205,1.06749299211115,0.557961207438651,0.389725498854509,0,0,0,0.0120648738044529,0.00035791991225019,0.00107455352379916,0.000576205690073455,0,0,0,0,0.000990706321215493,0,0,0,0.000220937718973064,0,0,0,0,0,0,0.000171019246503109,0,0,0,0,0,0,0,0,0.000610015208127182,0,0,0.016383299911223,0.000252032163478112,1.60213169932619e-05,0,0,0,0.000623107850371118,0,0,0.000215211118310223,0.000142567320967996
0,0.000280190719521008,0.00138274205833818,0,0,0.000250170854550719,0,0,7.52425593305737e-05,0,7.75091631471528e-05,0,0.0681076415585981,0,0,0.000682067993659066,0,0.000104193919451773,0,0,0,0.000279619181743022,0.000322944565448735,0,0.00432301604457718,0.000488872226520102,0.00154642095331928,0.00010674823894274,0,0,7.95028406717566e-05,0,0,0,0.00646118046643768,0.188378665085619,0.107742625162512,0.00993977190002672,0.0355779475330896,0,0,0.0120648738044529,0,2.09430232754893,0.780412799175307,0.810914738334398,1.75161301880514,0.00172057412245931,0.0358575724099455,0.0112704167417336,4.81616474225354e-05,0.0301113041562664,0,0,0.00579307471519355,0.00164065664748184,0,0.00168003575545363,0,0.0640303560072081,0.00129988547964441,0.00133330149322132,0.00186153839460692,0,0.00314105529041126,0.00882543849067446,0.00194090345732571,0.011659588212418,0,0.00652721415936756,0.000776605115250784,0.0909997742663082,0.000466488239272762,9.64419730818634e-05,0.0282843194454519,0.00272862859007929,0,0.00499522644251725,0.0146576968463081,0.00271326511925647,0,0.0015490585367992,0.22534800992464,0.0246410837517841
0,0,5.30480081475239e-05,0,0,0.0002583151802256,0,0,0,0,0.000376323276551353,0.000405809833110145,0.0055556989502327,0,0.000710613259580377,8.16105781387914e-05,0,0,0,0,0,0.000163003814501457,0,0,0.00781372765330156,8.84629328538277e-05,0.000578827433556907,0,0,0,0.000557850216121227,0,0,0,0.0180135565661704,0.0159034353277674,0.00699322554984768,0.00167573765008793,0.0181781688510857,0,0,0.00035791991225019,2.09430232754893,0,2.21551187968321,1.36139277704578,0.0721380434906616,0.114368090258164,1.66731750981153,0.0049671355789614,0.00547537147540136,0.0479242258646557,0,0,0.00820698628752505,0.00119962724907917,0,0,0,0.97243914127873,0.00116390018802258,0.439891522195083,0.000955328262397982,0,0.00290475653819592,0.353283891562637,0.0435523216491518,0.0879646718058861,0,0.0280822880921695,0.00160665060615881,0.0803037663329658,0,0.10455974190496,0.251561153544726,0.00941356433159526,0,0.00245566846274086,0.00441796946631623,0.148907924696217,0,0.000342464401218656,0.478345139863437,0.0390683757547413
