0,0,0.0564914280362764,0.01954739417709,0,0.0108382612672934,1.20628027940475,0.302566256845185,0.0496731427648735,0.0291159739032671,0.000264706302490342,0.00159243764929996,0,3.75743926827853,0,0.00457411437975085,0.0688594768845333,0,0.00632082851454176,0.0118815227784332,0.0839864564124196,0.00652834839123154,0.107418102507714,0.201744050662441,0.000345343856866256,0.0151062092410535,0.00536433792953849,0.150747549371061,1.59040123898611,1.71138946161115,0,0.000270213233130329,0.301167129128408,0.142578061609931,0,0.0130628806918608,0.0141176909608492,0.0306386548610046,0.01383658446129,0.00680850821243236,0.00035652999314819,0,0.00353982266883747,0.000210544191964862,0.00396469348566724,0.00155255047070486,0.00817847527596346,0,0,0.000806248469002895,0,0.000125789192597217,0,0,0.00036350918256331,0.00253132978912732,0.00102085680566594,0.00893175980494154,0.00142080444025771,0,0.00011584126845844,0,0.000252879260353354,0,0.00190669894525992,0,0,0,0.000149763145563378,0.000747954579938504,0.00308459930132234,9.10077158318857e-05,0.019144820380204,0,7.09735065060387e-05,8.26255033833105e-05,0.0104060449189293,0.00185353961219687,0.00249699595754319,0,0,0.000422309787712922,0.00157571467155422,6.43948386423818e-05
0,0,0.0359967740445352,0,0,0,5.65512992126956e-05,4.69274897643211e-05,0.109672140029897,0,0.0209273303394063,0,0.105077557134268,5.04112639006179e-05,0.000214449842078,0.0372849488859536,0.0243036337755345,0.00159470310934485,0.016603877793055,0,0.00163161734605006,1.83335040269971,0.00224916912747667,0.0245370915965633,3.00061037705006,0.0675874815458552,1.99815119057401,0.000631232091781053,0.000536120238100233,0.00114579150403433,0.0200720679425799,0,0,0.0225031366521129,0.000146072870013971,0.00351458023567911,0.024144871779342,0.0358597696795497,0.00600759444677855,0,0.000461465460157531,0,0.0339510050226467,0.097414981641489,0.0534407429894916,0.0429179089271747,0.00504903394353428,0.000693030347869363,0.00242469517876025,0.00482557467963179,2.15367089254369,0.0526884310158077,0,0,0,0.00379742458409827,0.000944027268080815,0.132391732042791,0.000586677850161905,0.0014998909628543,0,0.00783395229006223,0.000862661536099756,0,0.0629847461586003,0.0524540909822332,0.00152822524059932,0.0182686914455031,0,0.00982268899112766,0.705969922669019,0.0157616911394236,0.0183705235729288,1.13049364543351,0.217037980108984,0.730498368748391,0.00402244280312842,0.000867631703564513,0.00789351482538956,0.00634963988594851,0,0,0.0301480917716273,0.00042883911567325
0.0564914280362764,0.0359967740445352,0,0.000631778383391013,0,0.00680524327334376,0.171407517072417,0.0924291443020318,0.0160927229961886,0.0553612462849892,0.0033741289298213,0,0.0030599223222298,0.0536175131081185,0.000212060576197899,0.0470883560730601,2.15269808491123,0.00138358568995963,0.162372154826924,0.000102590904403704,0.126503566488337,0.11383134288033,2.44128779696588,0.0400997068639814,0.00505410759807907,3.19757917098386,2.21097783572745,0.060807069778173,0.0158844985012763,0.139397355583971,0.0011138269241791,0,0.0114752481895064,0.260173913905454,0.00165744747603604,0.192358513886249,0.659096131588779,0.521751105874311,0.11016968559016,0.00831235210762549,0.00658035973097856,0.00403308555535582,0.00294276519913663,0.00221305663603448,0.00221047206061053,0.00118180856581683,0.000843524863792369,0,0,0.000427967828470861,0.0157699534102981,0.000956898437539259,0,0,0.000270235164719846,0.000267361122154369,0.000173911070310848,0.00554160271850673,0.000182511560405889,0,0,0.000497679615997352,0.000258936065096082,0,0.00986787147745712,0.000256980335938198,0.000136379816975661,0.000372843023726366,0,0.00186682231939277,0.0259964623455029,0.00224814386680124,0.00522217939253774,0.00726809583942862,0.000312994517144439,0.0136007946552052,0.00259049989027042,0.000403219780156657,0.000393852766964762,0,0,0.000359666354956642,0.000443335453450816,0.00128062050891136
0.01954739417709,0,0.000631778383391013,0,0,0.0481040778546751,0.0160675166686328,0.0404781740093159,0.785191393974569,0.546827868162741,0.000175741365376845,0.678221790644547,0,0.0222856163236302,0.00232152379284401,5.89970998046514e-05,0,0.00011891521691715,0,23.2490788359243,0.0010157923037058,0.000200348415523603,0.000550901001466213,3.51729640100877,0,0.000101498203724278,3.8325168801039e-05,1.8077976539371,0.0240732893601731,0.00279081383456194,0,0.000944888900492481,0.00939922455050768,0.016202122607291,0,0.0071228095329193,0.000811954526442629,0.0077880818119884,0.00817221569257241,0.0347777791665157,0.000267476712207185,0,0.00438296982901693,0.000247499529594509,0.00241239166392235,0.00142097206204793,0.0198321561340821,0,0,0.000633218421160412,0,0,0.0742027676230872,0,0.00410063557032275,0.0057470353763989,0.00247215320661762,0.0162541004036894,0.0368553126003145,0,0.0524895532186123,0,0.00105642951161811,0,0.000248631799152105,0,0,0,0.0754454703324117,0,0.000185341983607035,0,0.0480021580481011,0,0,0,0.0178034453835448,0.000962554956172451,0.000179850912151278,0,0,0,0.000577262644341226,0
0,0,0,0,0,0.229925513590918,0,0.00805518755219885,0.000521752385453267,0,0,0,0,0.000969723489546742,0.0540256170658069,0,0,0,0,0,0,0,0,5.23302025645812e-05,0,0.00015369527730802,0,0.000246447303872584,0.027301357886594,0.000350679424454964,0,1.12773339702323,0,0.110866773848433,0.029256140711985,0.000165606636962407,0,0.0144725756358489,0.0013410150366587,0.0532823205622852,0.362557505934664,0,0.00112601780912277,0.000299914950969045,0.000416344774669945,0.000940032275235009,0.000656763683184207,0,0,0,0,0,0,0,0,0,0,0,0,0,0,0,0,0,0,0,0,0,0,0,0,0.000142270849481325,0,0,0,0,0,0,0,0,0,0,0,0.0027734366975114
0.0108382612672934,0,0.00680524327334376,0.0481040778546751,0.229925513590918,0,0.294359007232833,2.02020445275777,0.0222049147538684,3.59708797290188,0.00144778994266311,1.51506796649797,0,0.115940126028599,3.59211539222307,0.000964969578750975,0.00135253090582087,5.79497159026148e-05,0.000712502139458492,0.223903559144381,0.00879978558976915,0.000428960105568041,0.00900018678426998,0.104826052615284,0,0.0013920361586029,0.00188039421625358,0.131983574983841,0.0762431603768073,0.00787080325478998,6.66311539264585e-05,0.523874046456421,0.00380547975971137,0.191654433522703,0.0433854993635605,0.00381530156523382,0.000895806843479893,0.0430976572862224,0.00347060417959099,0.871684558327488,0.31990457068681,0,0.000897382651211039,0.000286397964272939,0.000463741930859744,0.000579715838914203,0.00297120421740064,0,0,0.000126831609606007,0,0,0.0011309834214453,0,0.00130177300491519,0.00325685961734734,0.00118332517729977,0.00339313519556757,0.00665256649113402,5.58174335184456e-05,0.000649067128337992,0,0.0004103984236863,0,8.48818915981141e-05,0,0,0,0.00183058582276425,7.62574862952919e-05,0.000551403056467092,0.000162284050661897,0.0095419357012934,0,0,8.61072828181025e-05,0.00747906664279409,0.000296764558370624,0.000313616352065559,0,0,0,0.000145059353235839,2.56415033482969e-05
1.20628027940475,5.65512992126956e-05,0.171407517072417,0.0160675166686328,0,0.294359007232833,0,0.428922855157206,0.0331650620386078,3.25561884581433,0.00103397842023271,0.00340772221649813,0.000255143995398273,1.64384974095428,0.000963022257987484,0.0142181809540532,0.0242645949166766,0.000155391990732986,0.00209414664274553,0.00476907024925347,0.269107426404449,0.0040372216638465,0.364333312026149,0.202113042388023,0,0.0265789077948044,0.0321505140451162,2.71003597134114,0.141461732426516,2.69825731688933,0,0.00158217501719941,0.0408841972770632,0.0799331465209828,0.000181812966163533,0.033546281641891,0.0173611320958294,0.0845814648400751,0.0391126310212682,0.0235744302403725,0.00186215437956193,0.000337776004854338,0.00477013998784862,0.000475372646706993,0.00276758242738162,0.00204348956780529,0.00854641101260759,0,0,0.000679024933623692,5.45240463019564e-05,0.000166953112806208,0.000269436893608923,0,0.00157437570635895,0.00230093887998009,0.00172235742270235,0.00605465729697057,0.00423580102575209,0,0.000118210653330943,3.15278318549017e-05,0.000835512602146508,6.48431407150596e-05,0.00262123819063826,5.11215044557284e-05,0,0,0.000629807787335315,0.00079022231552136,0.00223438329741505,0.000383443170825706,0.0195726776035417,0,0,0.000716088120589455,0.0127298570190152,0.00245872541871867,0.00217661336648742,4.25629384068833e-05,0,0.00030725471798645,0.000911669790049855,0.000434288421230194
0.302566256845185,4.69274897643211e-05,0.0924291443020318,0.0404781740093159,0.00805518755219885,2.02020445275777,0.428922855157206,0,0.0427691816748063,0.91814753779965,0.00168225052351773,0.189288456521762,0,3.97679987832276,0.0290421026560456,0.00303182508089796,0.0379918996456261,0.000100235576794561,0.00439387212442594,0.149587172743802,0.075546666984545,0.00143141775926904,0.148538573222971,0.164981429796275,6.4791584644645e-05,0.0234828088567938,0.00836650047469111,0.175268889020584,1.38892785194038,0.27376206729798,0,0.918207597628234,0.00977944029403918,0.149018518514613,0.000185601034329423,0.00695080819121145,0.00906183838665817,0.0313957539420367,0.00851944730815672,0.122268678926733,0.026059128615315,0,0.00394939870588607,0.000433079401266967,0.00186576509843208,0.000839774633704576,0.00647707620831853,0,0,0.00088288897392931,0,0,0.00112924244180665,0,0.00128269002201472,0.00409054490510153,0.00205133712401409,0.00959083587822183,0.00581499044634,0,0.000884669464894005,0,0.00199064417191791,0,0.000663454737585892,0,0,0,0.00123877757653856,0.000466178193485368,0.00131548969978092,0.000184150200394452,0.0234622469621598,0,8.45187689787722e-05,0.000261023615624137,0.0151203396492551,0.00134118143478953,0.00151028904714203,0,0.000199205710814998,0.000440783325744034,0.000955716497632826,6.81435382234247e-05
0.0496731427648735,0.109672140029897,0.0160927229961886,0.785191393974569,0.000521752385453267,0.0222049147538684,0.0331650620386078,0.0427691816748063,0,0.183234242147723,0.00583876643503374,3.81918478264644,0.0173011323819129,0.0197453441167584,0.0320510957252353,0.110637221482047,0.00633537285782578,0.00012355296768299,0.00157183330519216,1.16265928763765,0.00926911640610919,1.90293917970909,0.0131094325201996,6.50668278875618,0.0824140641390039,0.0127132554460152,0.0794739008147735,0.239520168121031,0.0529289397614315,0.082138891637079,0.00263835336208226,0.00196440721740356,0.0750123180996685,0.0556889077493852,7.75188106220359e-05,0.173895251680918,0.00686267129326818,0.0564656178846084,0.0292319247504073,1.08825162046415,0.00194333150828507,0.00150097570120099,0.0685623476378964,0.0047224046053194,0.0303829572764837,0.019917017061041,0.154872410695772,0.00102357674392394,0.00263363478674371,0.0189191482659136,0.0125016354019731,0.00109952291489754,0.087307477632517,0,0.0286576412413382,0.0467282817731076,0.021383663519479,1.55435408358945,0.176560978950029,7.28159030064582e-05,0.122544551983293,0,0.00961043333688955,0.000205723346610499,0.0420382955781249,0.00165870029552868,0,0,0.104830527725654,0.0110712224411516,0.24862442357227,0.00404003600362276,0.348624051927671,0.00053314991763098,0.000609659085842517,0.00580868731196401,0.178041454819522,0.0145697215221242,0.0183364793404379,0,0.00186053903981525,0.007371371156298,0.00702079242359179,1.14716277611416e-05
0.0291159739032671,0,0.0553612462849892,0.546827868162741,0,3.59708797290188,3.25561884581433,0.91814753779965,0.183234242147723,0,0.00109946936515277,1.91630162260523,4.12150678173848e-05,0.403215596726542,0.00773558501425383,0.00299478959680707,0.00486556811774117,0.000148581140744481,0.0013631144623575,2.48769052285815,0.0512516833148566,0.00121958715315435,0.0731982464862602,0.447559008701596,4.97682071780164e-05,0.00848104624288694,0.00876063246000332,0.656940583323001,0.139857166450138,0.0584003806786788,0,0.00223925851365881,0.0125575099518766,0.13176048739145,0.026037705821288,0.0134841468628778,0.00403079663990427,0.0480454055082119,0.0159851659787569,0.255242613075032,0.00104247338801721,6.70792686012483e-05,0.00639076602106017,0.000401889298888642,0.00283057443058449,0.00161021409079914,0.0246869091479626,0.000228924725055572,0,0.0022025584032695,0,0,0.014352391863997,0,0.00941058509205518,0.0138327559648012,0.00493023739037934,0.0209175865006567,0.0587819099931125,0,0.00936444399097986,0.000190442608656541,0.0027385092160338,5.57243922510208e-05,0.00188620945179788,8.77065754304948e-05,0,0,0.0147199921003766,0.000410837086026225,0.00115437271688356,0.000231029932274228,0.051593592355304,0,3.62725589428531e-05,0.000423230790902314,0.0415747279672786,0.00206210447087785,0.00191683196933179,0,0.00016975454238459,0.000501309381047046,0.00123793875000256,1.42301790211216e-05
0.000264706302490342,0.0209273303394063,0.0033741289298213,0.000175741365376845,0,0.00144778994266311,0.00103397842023271,0.00168225052351773,0.00583876643503374,0.00109946936515277,0,0.000200388689755165,1.45977005540292,0.00405231556243035,0,0.00322056408589796,0.0462340784457702,1.3420027968948,1.13385252689106,0.000825645862394853,0.00108202859717337,0.0122015542338699,0.00403806112249777,0.00254801946963478,2.88340274757275,0.521925422855978,0.114996451469912,0.00162399522214549,0.0279914545819095,0.000484827953999095,0.11844881003466,0.0307049686746628,0.000933502683256636,1.5376022239611,1.30748407441406e-05,0.0092799772322994,1.44430921345767,1.54075013663005,0.00767969539645532,0.00171618900213777,0.00373918621478467,0.499564994456684,5.55547773242217e-05,0.00336851023415424,0.000540628804367181,0,0,0,0,0,0.00568996405729121,0.00024532506470921,0,0,0,2.10743473020754e-05,0,0.000922532093479097,0,0.00123323661391886,0,0.00362605381085181,9.5996601114561e-05,0,0.000108668077265986,0,0.000550612068828185,0.000901895874915687,0,0.000321241796872141,0.00238770820048386,0,0.000612935538304249,0.0196768122463034,0.00847587097893157,0.0131751440489808,0.000378214160046219,0,0,0.00248159890227077,0,0,5.11370700065914e-05,1.32347667273073e-05
0.00159243764929996,0,0,0.678221790644547,0,1.51506796649797,0.00340772221649813,0.189288456521762,3.81918478264644,1.91630162260523,0.000200388689755165,0,4.9530473857088e-05,0.0461707054127397,0.324627201779096,0,0,0.000302607517082702,0.000140245370416626,10.2981409292646,0.000181587711631431,0.000105173835353949,0.000122891375948571,1.16855227467832,0,0.000135949474014874,1.57487747222695e-05,0.0583756270563354,0.0369363777291587,0.000541703253369475,0,0.000502537020607101,0.000731570125909091,0.0557282320687358,0.0543650218768693,0.0558256455531787,0.000273188465520585,0.00436540198086414,0.000355926533361174,0.839444949042014,0.000228127593739037,0,0.00564918770299353,0,0.000214283118890174,0.000223523229105014,0.0115618381887536,0,0,0.000191757333881659,0,0,0.00691729522473581,0,0.0015915150528352,0.00138201417371153,0.000391589222268217,0.00710057155565185,0.0195959587467429,0,0.179103681608504,0,0,5.58343502614703e-05,0,0,0,0,0.10410638340065,0.00012273734024353,0.000241098634263205,0,0.00557774872612179,8.14653594577736e-05,0,0,0.00747620400782041,0.000236702449004707,9.80565917328624e-05,0,0,0,7.6901166157604e-05,0
0,0.105077557134268,0.0030599223222298,0,0,0,0.000255143995398273,0,0.0173011323819129,4.12150678173848e-05,1.45977005540292,4.9530473857088e-05,0,6.38744422002224e-05,0.000866756944737819,0.0119078114172592,0.00180310846489428,0.0045009996485219,0.0101322520827852,0,0.00480154479465005,0.0741794910726628,0.0127088129145513,0.00468150358449767,3.65383109749759,1.01775923535085,0.760460243307532,0.00122161788714513,0.000452185848271125,0.000446603409156279,2.4234716077842,0,0,0.0147315181542335,0.00173327767125984,1.07245901625944,0.414186375131232,0.115100913778086,0.157234098224067,0.00163549394127479,0.00267861194024793,1.07323229467245,0.0208434661916922,0.00538448219472808,0.00305170502085307,0.000442206120849731,0,0,0,0,0.00937193186261053,0.000718218118297669,0,0,0,0.000117651049724525,0,0.00116196490842002,0,0.00118576966323295,0,0.00725455929951391,0,0,0.00253966277027162,0.00062331758655898,0.000643358992245971,0.00232521015444287,0,0.000285095310795217,0.00620290960213385,0.000523156489918622,0.00102852793535955,0.0476275765244572,0.0119512527873884,0.0217046546902348,0.000201905169935975,0,0.000462308823444551,0.00245642833295963,0,0,0.000279734047823586,0.000704051814571709
3.75743926827853,5.04112639006179e-05,0.0536175131081185,0.0222856163236302,0.000969723489546742,0.115940126028599,1.64384974095428,3.97679987832276,0.0197453441167584,0.403215596726542,0.00405231556243035,0.0461707054127397,6.38744422002224e-05,0,0.0019629573604359,0.00156618691077888,0.0271529299109179,0.000114932428938404,0.00329164550672416,0.0687717033449906,0.0432767597991862,0.00259940208320179,0.108589173702099,0.105496143533352,8.89191280588758e-05,0.0135622899692484,0.00494660963915916,0.101912755479024,5.65821664689219,0.271214355891525,0,0.195689208178178,0.0434604608752226,0.401756836259249,9.7026302907127e-05,0.0100150090550043,0.00694924255301044,0.0670250387685737,0.00982069851415898,0.146152730116923,0.00944346707088589,0,0.00176940039994214,5.21297616202037e-05,0.000914054880999089,0.000780238271778129,0.0040721918090139,0,0.000249867730285871,0.000361865073382583,0.000231002490568874,0.00040294027753739,0.000633270986386124,0,0.00101777133331187,0.0019590912414977,0.00160076028926368,0.00415630043825002,0.00200209183473472,0,0.000111510342856237,0,0.000540401203785479,0,0.000594465027565487,0,0,0,0.00114991898898196,0.000877641605112152,0.000322627590432451,0.000170453390007336,0.014332569143711,0.000109048506796036,0,0.000288842561628965,0.00696838829036536,0.000745734485786188,0.00038584342316166,0,0,0.000342987939053573,0.00064436838662619,0
0,0.000214449842078,0.000212060576197899,0.00232152379284401,0.0540256170658069,3.59211539222307,0.000963022257987484,0.0290421026560456,0.0320510957252353,0.00773558501425383,0,0.324627201779096,0.000866756944737819,0.0019629573604359,0,0.00349325731828391,0.000287274728491841,0,0,0.018612273948226,0.00232205939052592,0.00165054383662873,0.00643789406424864,0.000501171834643597,0.00030439113711132,0.000247668212598781,0.00216363379469965,0.00123897472358497,0.00197242903563271,5.27853669347704e-05,0,0,0,0.00452920255846668,0.333559781431151,0.0407706126146895,0.0228834088859178,0.0326686101318414,0.0408904929756033,0.318047249906497,0.0080289927354619,0.000428302471001778,0.00480677135058663,0.0114939008657973,0.00821538034331289,0.01211824045168,0.00492683627594143,0,0.00318767627242463,0,0,0.00113058540286698,0,0,0,0.000271353174044885,4.40045081207738e-05,0,8.03333041432303e-05,0,0,0,0,0,0.00299707097577346,0.000138701351560844,0,0,0,0.000828996071423956,0.000719556854828995,0.00238552012687684,0.000450110773713742,0,0.000101988589448508,0.000552471734128167,0.000275329989847953,0.000373197830022168,0,0,0,0,0.000343295470153243,0.0262036197867615
0.00457411437975085,0.0372849488859536,0.0470883560730601,5.89970998046514e-05,0,0.000964969578750975,0.0142181809540532,0.00303182508089796,0.110637221482047,0.00299478959680707,0.00322056408589796,0,0.0119078114172592,0.00156618691077888,0.00349325731828391,0,0.0351738504120557,0.000367707955138616,0.00449646481432057,0.000287081283905141,1.09803888227921,3.21764952030182,2.2993022821897,0.906895249793789,0.0184637599523234,0.0117063038788997,1.21101890546439,0.22408608685341,0.00932946573905864,0.064038827353022,0,0,0.015615631934748,0.222979326697596,0.00348978591925442,0.498368771010958,0.289902992894933,0.484200359515586,0.29412043285207,0.0307998242282781,0.0188028937332249,0.0050934624629549,0.0554020846179083,0.0170233442289237,0.0410743554961526,0.018539756781545,0.0168832066751134,0.00152466219121819,0.000621063159853786,0.00322615919249254,0.011592926149127,0.00329079603770984,0,0,0.000645964947286011,0.00769357718834205,0.00232452151914123,0.123244417949186,0.00142668317090609,0.000117962226509003,6.36492029331545e-05,0.000316525823669289,0.00305917371647172,0,0.516415437125434,0.00129208451535764,0,0.000155892565829294,0.000148850158151989,0.0819265819546487,0.567168947420366,0.0489776178103653,0.116342000479101,0.00232700598155005,0.001243566691804,0.0195613282035416,0.0518581892427265,0.00717062455504021,0.0390823473072328,0,0,0.00360582057569696,0.0142254684474285,0.00388479411595044
0.0688594768845333,0.0243036337755345,2.15269808491123,0,0,0.00135253090582087,0.0242645949166766,0.0379918996456261,0.00633537285782578,0.00486556811774117,0.0462340784457702,0,0.00180310846489428,0.0271529299109179,0.000287274728491841,0.0351738504120557,0,0.000447565546143109,1.61133597799431,0,0.0515294269309028,0.0517511572195485,2.53069032521595,0.0176904040313431,0.00215111882494605,2.35413757060934,0.346240736874289,0.0186869367322497,0.182208676189413,0.036216018927677,0.000898264630373813,0,0.0135240246462001,1.1752879688116,0.000469007975830269,0.101962979086748,0.258726485994653,0.296164670088106,0.0659103822442175,0.00409116023442249,0.00502747597208898,0.00158700693756384,0.00121639076994534,0.000256057922656462,0.00048991716307337,0.00101741751863894,0.000857394640205998,0,0,0,0.00506006096011377,0.000244287828040632,0,0,0,0.000255041177093423,0,0.00325085310628926,0,0,0,9.73953472101544e-05,0,0,0.00442943265602387,0,0,0,0,0.00133304347952893,0.00983310249125684,0.000940691247521572,0.00115490146881173,0.00153654166073138,0.000256035460436253,0.0047597315616588,0.000297397336068072,0.000177127832128887,0.000819270551486464,0,0,0,8.89038100134508e-05,0.000920702713867192
0,0.00159470310934485,0.00138358568995963,0.00011891521691715,0,5.79497159026148e-05,0.000155391990732986,0.000100235576794561,0.00012355296768299,0.000148581140744481,1.3420027968948,0.000302607517082702,0.0045009996485219,0.000114932428938404,0,0.000367707955138616,0.000447565546143109,0,2.35225906339189,0.000131912122624033,0,0.0010578120755992,0.000287889198203915,8.76580028924567e-05,0.0312854587977707,0.436109776030798,0.0190838414341624,0.000192919344464286,0.196831312445721,0,0.00671752210184998,0.00417736598912328,0.000243809334628527,0.0419891942627599,0,0.00152108491068556,0.0359701341500344,0.0877150724928508,0.00049681569065212,0.00024732565144072,0.000882161047927333,0.000779054966397449,0.000213056025811776,0.00396780484775611,0.000645297488723077,0,0,0,0,0,0.000231462609167451,0,0,0,0,0,0,0,0,0.000105999829152019,0,0.000226106985963297,0,0,0,0,0.000331774602233305,0.00141651394780989,0,0,0,0,0,0.00547735326624422,0.00306431734105704,0.0024259595025313,0,0,0,0.000520950559317335,0,0,0,0
0.00632082851454176,0.016603877793055,0.162372154826924,0,0,0.000712502139458492,0.00209414664274553,0.00439387212442594,0.00157183330519216,0.0013631144623575,1.13385252689106,0.000140245370416626,0.0101322520827852,0.00329164550672416,0,0.00449646481432057,1.61133597799431,2.35225906339189,0,9.63513519522236e-05,0.00462919974268635,0.00912857750240481,0.01828420252216,0.00159089904114964,0.0186356354822895,5.0615090552388,0.240566074914902,0.00153290476424858,0.00978290550921473,0.00210774421343348,0.00678832266277567,0.00282236962049817,0.00126235386684552,1.52113544879258,0.000116391732554856,0.0234015220801315,0.275710924210764,0.917263160827522,0.0349176457569933,0.00102672905854723,0.000946743756974615,0.00613910926811778,0,0.00404981329410892,0.0019468646278661,0.000716421657548455,0,0,0,0,0.00197495611995811,0,0,0,0,0,0,0.00073841936126005,0,0.00135147073951724,0,0.00218667114402117,0,0,0.000512619301977149,0.000295669823066707,0.0015392453702265,0.00206838191804178,0,0,0.00167237685577523,0.000200065200217097,0.000554334760748332,0.03594213984029,0.00578143834955593,0.0103346549200559,0.000272687893984294,5.19547186220437e-05,0,0.000891156819977021,0,0,0.000600459164353828,5.62024730127847e-05
0.0118815227784332,0,0.000102590904403704,23.2490788359243,0,0.223903559144381,0.00476907024925347,0.149587172743802,1.16265928763765,2.48769052285815,0.000825645862394853,10.2981409292646,0,0.0687717033449906,0.018612273948226,0.000287081283905141,0,0.000131912122624033,9.63513519522236e-05,0,0.000241346814715575,0.00079857261003017,0.000297256817992115,2.37127720478974,0,0.000229877154674589,6.42147391856681e-05,0.330487402886439,0.0555770012823976,0.00146542128433979,0.000163672234172643,0.00105205410598052,0.00676187968600073,0.0736759414005517,0.000109887188818549,0.0110726154115923,0.000147110001496847,0.0130537941879137,0.00504511970337938,0.251648630908449,0.000778235391092008,0,0.0073157734620504,9.87433355116064e-05,0.00320576142353316,0.0014023589191052,0.0344971443338807,0.000510422368471295,0,0.0014250906589065,0,0.00021841612337983,0.029293214197525,0,0.00843425631087218,0.00937388099035888,0.00321024620952403,0.0303190420915998,0.0618759592025155,0,0.441183183216468,0,0.00121671950902107,0.000950724000734822,0.000920641856394417,0,0,0,0.457011770548555,9.07912502917923e-05,0.00028966844503695,0,0.036130300045226,0,7.75411343011557e-05,0.000179454135031142,0.032782120207903,0.00105831311491497,0.000127389850367497,0,0,0.000465784943154586,0.000156022186400906,0
0.0839864564124196,0.00163161734605006,0.126503566488337,0.0010157923037058,0,0.00879978558976915,0.269107426404449,0.075546666984545,0.00926911640610919,0.0512516833148566,0.00108202859717337,0.000181587711631431,0.00480154479465005,0.0432767597991862,0.00232205939052592,1.09803888227921,0.0515294269309028,0,0.00462919974268635,0.000241346814715575,0,0.0259867758979196,6.5374861208746,0.0709032761151107,0.000610038860982231,0.0187682913859253,0.0873533202158513,1.00158034158493,1.19077631684919,3.84751500028609,0,0.00157609646398897,1.45941195285883,0.717495317886024,0.00386617872984125,0.489867830663452,0.201486697287833,0.707448716166291,0.287176926437204,0.024135607569053,0.0138230986462361,0.00265008301161475,0.011777430160501,0.00229909355949314,0.00647863856660555,0.0034896154911511,0.00299793202990733,6.87588852627766e-05,0.00025723564951625,0.000962378285343477,0.000675597563037244,0.0009647347567091,0,0,0.000265823970105482,0.00172592988668651,0.000684698811755123,0.0109990269780726,0.00027882436983885,0,0,0.000217638511494034,0.000432196435239483,0,0.0357279117837821,0,0,0,0,0.012537811638155,0.0287233759822731,0.00293539609236975,0.0272063646240686,6.42909340089542e-05,2.0091449047112e-05,0.00230094816072705,0.0143312582926261,0.00154347396030763,0.00686132369186441,0,0,0.000729478563552752,0.00217153652982999,0.00394093233021878
0.00652834839123154,1.83335040269971,0.11383134288033,0.000200348415523603,0,0.000428960105568041,0.0040372216638465,0.00143141775926904,1.90293917970909,0.00121958715315435,0.0122015542338699,0.000105173835353949,0.0741794910726628,0.00259940208320179,0.00165054383662873,3.21764952030182,0.0517511572195485,0.0010578120755992,0.00912857750240481,0.00079857261003017,0.0259867758979196,0,0.0871691887253222,2.05278560930893,0.501390570871735,0.0430280065342202,1.74679384895313,0.0251673169532751,0.009904805664189,0.0314987509899995,0.00442160405569075,0.000838910310955204,0.0263825374952927,0.0768399881114955,0.00122606543708626,0.0972184381762599,0.0589808080910479,0.165410930504277,0.0912416530423782,0.00449692639305138,0.00429877060007197,0.00349295055749533,0.0271596836986682,0.0404862992235403,0.0339884246875119,0.0174411920910631,0.00744781926633516,0,0,0.000981522195856465,0.359678894837671,0.0216156663966708,0,0,3.32945498547157e-05,0.00431604413331956,0.000731326158566466,0.115631028856239,0.000400348145306918,0.000390722524710459,0,0.00208976455837351,0.00149343208579827,0,0.461198600428773,0.0105601379657631,0.00104366332284458,0.00126520342293529,0,0.0315634282557993,1.10496756315525,0.0969515815980799,0.0442447930193772,0.103632902711374,0.00901402465378271,0.227748364990542,0.0158657000016669,0.00123317725031315,0.0126274518784055,0,0,0.00216706745488074,0.0114258835939705,0.00133267996414918
0.107418102507714,0.00224916912747667,2.44128779696588,0.000550901001466213,0,0.00900018678426998,0.364333312026149,0.148538573222971,0.0131094325201996,0.0731982464862602,0.00403806112249777,0.000122891375948571,0.0127088129145513,0.108589173702099,0.00643789406424864,2.2993022821897,2.53069032521595,0.000287889198203915,0.01828420252216,0.000297256817992115,6.5374861208746,0.0871691887253222,0,0.0855369927812959,0.0022813537697922,0.159834352979816,1.41512655813338,0.321293294236204,1.21384646997779,0.559402184236616,0.00012929758025107,0.00037267164153919,0.157790029791374,0.788589406686957,0.0107068154731681,0.70905630159664,0.934485437639423,1.30225425665281,0.458667784477007,0.0536739456853369,0.0312167757015678,0.00529747606922044,0.00932570070590052,0.00276410069652851,0.00428441395385785,0.00394676148410279,0.00329932398553092,0.000283697164350859,0,0.00053480016252321,0.00301443193374776,0.000167789645380773,0.000342701566150849,0,0.000319133353037441,0.000983705214992743,0.00055816936392426,0.00874868884773966,0.000728691398235705,0,5.750090061309e-05,0.000181130350327727,0.000237250090057692,0.000500025463155973,0.0449594850294137,0,0,0,5.25590122289108e-05,0.00671390762438809,0.0476167716200279,0.00949271704561852,0.0150076219273835,0.00210507350056966,0.000204199494842995,0.00746064496567707,0.00759979992753811,0.000983745692698579,0.00246377624748432,0,0,0.000203782058297644,0.00098847749545611,0.0138084412419835
0.201744050662441,0.0245370915965633,0.0400997068639814,3.51729640100877,5.23302025645812e-05,0.104826052615284,0.202113042388023,0.164981429796275,6.50668278875618,0.447559008701596,0.00254801946963478,1.16855227467832,0.00468150358449767,0.105496143533352,0.000501171834643597,0.906895249793789,0.0176904040313431,8.76580028924567e-05,0.00159089904114964,2.37127720478974,0.0709032761151107,2.05278560930893,0.0855369927812959,0,0.00937659546592597,0.0101716953015845,0.147407437258974,4.12441334710076,0.195465785590293,0.268105130575151,0.000200778631273136,0.00319204171591905,0.136268874304584,0.172193057507355,0.000386718924205331,0.143786342298543,0.0184370531810521,0.15540191357739,0.0937378267358151,0.0946556365252497,0.0030247485306174,0.000406864363585738,0.0942067043161397,0.00809635271035103,0.0664445566724738,0.0277762196345777,0.191685300168794,0.00134582262306486,0.000318585420817585,0.0152852736225841,0.00253763479351252,0.00151561428707455,0.0196388837184784,0,0.0425348928248085,0.0831113940655595,0.0430242400675044,0.264159530968978,0.117231644247087,0.000624492274918105,0.0191429926741991,0.000147026804928519,0.0183434105367161,0.000290713096180576,0.052395061518909,0.000407642841556116,0,5.24480475801213e-05,0.0253747665945463,0.0228822813092275,0.0585391877427874,0.00840968016664861,0.413443785888166,0.000512348082819861,0.00113682072095346,0.0102197149348812,0.268374663288068,0.0327114136610931,0.0380047090752909,0,4.85210895946088e-05,0.00879526071858836,0.0130252625305058,0.000483169728197074
0.000345343856866256,3.00061037705006,0.00505410759807907,0,0,0,0,6.4791584644645e-05,0.0824140641390039,4.97682071780164e-05,2.88340274757275,0,3.65383109749759,8.89191280588758e-05,0.00030439113711132,0.0184637599523234,0.00215111882494605,0.0312854587977707,0.0186356354822895,0,0.000610038860982231,0.501390570871735,0.0022813537697922,0.00937659546592597,0,0.523241629937626,1.13513639317111,0.000323520953722387,0.000518134501953762,0.000417644096321155,0.127186031988669,0.000196922072274348,0.000407363360685902,0.0192973640043913,0,0.0960077009243846,0.920405069447726,0.0881911224350265,0.00299753421589088,0.000161993487016728,0.00116102133354921,0.836731603140731,0.122031115611386,0.0397773650534146,0.0159560120130458,0.00812166637012617,0.00784172720199838,0,0.0168934378127501,0.00110807171689398,0.602961896461566,0.0117837576469297,0.000149262835100805,0,0.000140374071668876,0.000882105501257761,5.02997807386406e-05,0.02405279869344,0.000454476518090496,0.00858967680286995,0.000238003154177054,0.0875422319298877,0.000116786729057777,0,0.0183424401195005,0.00561506323120581,0.00780030380748696,0.0250543631552243,0,0.00298228880277583,0.198265819270199,0.00323692467292085,0.0077580260184185,0.942740716359723,0.104552346559625,0.262370355176167,0.00344515051963482,0.000202140993425414,0.00141713682182636,0.0156802470354239,0,0.000185149608227573,0.00764353742317393,1.59925703802424e-05
0.0151062092410535,0.0675874815458552,3.19757917098386,0.000101498203724278,0.00015369527730802,0.0013920361586029,0.0265789077948044,0.0234828088567938,0.0127132554460152,0.00848104624288694,0.521925422855978,0.000135949474014874,1.01775923535085,0.0135622899692484,0.000247668212598781,0.0117063038788997,2.35413757060934,0.436109776030798,5.0615090552388,0.000229877154674589,0.0187682913859253,0.0430280065342202,0.159834352979816,0.0101716953015845,0.523241629937626,0,2.94306057641612,0.0109959823595126,0.00930147828023508,0.022743058205313,0.412868012151549,0.000651763317631796,0.00340103229295134,0.277181904973767,0.000676769900141987,0.0814430092380088,0.861039278462283,0.590652472857244,0.0351738711476133,0.0012939679931696,0.00191437515015267,0.00769489056659771,0.00110295792799511,0.0153106264945808,0.00506471068263432,0.000839371056245492,0.000150153359085136,0,0,4.13493287962554e-05,0.00892633022665619,0.000962369150950254,0,0,0,0.000214923432127474,0,0.00163218664868822,0,0.00824032154985078,0,0.0149442007119147,7.27124775469412e-05,0,0.00260148188941807,0.00038166050462498,0.00508837301095027,0.0106109474056925,0,0.000309276517606842,0.00693632615381626,0.000888551756980025,0.00131216000902236,0.0903791108629015,0.0562009588713664,0.0761194723981318,0.000851833520291246,0.000125332039100642,0.00011583320599271,0.00833810194081795,0,6.84044025463931e-05,0.00213494998178307,0.000489330658807619
0.00536433792953849,1.99815119057401,2.21097783572745,3.8325168801039e-05,0,0.00188039421625358,0.0321505140451162,0.00836650047469111,0.0794739008147735,0.00876063246000332,0.114996451469912,1.57487747222695e-05,0.760460243307532,0.00494660963915916,0.00216363379469965,1.21101890546439,0.346240736874289,0.0190838414341624,0.240566074914902,6.42147391856681e-05,0.0873533202158513,1.74679384895313,1.41512655813338,0.147407437258974,1.13513639317111,2.94306057641612,0,0.0627839353318017,0.00651895282315619,0.0311504214385778,0.639544949993276,0.000414452811190012,0.00510285754396066,0.480996762683021,0.00407798486176409,0.288240942056621,0.439548490990313,0.883719560942426,0.168503180046203,0.00780829621832003,0.00962932262599565,0.00539041683739368,0.0112713414017105,0.0187122816419734,0.00990621862033001,0.00478858713235414,0.00258101252720536,0.000262451827181515,0.000121722969141168,0.000304480255521668,0.102923259919322,0.00615267316990326,0,0,0.000112441402751794,0.00156758804721666,0.000323647039986173,0.0181761545357387,0.000201152592517248,0.00271260587806918,0,0.00842527172019983,0.000594304555497693,0,0.0588110897167684,0.00318484323538314,0.00190678750450375,0.00811329055369875,0,0.005691220377008,0.130782678356703,0.0195882508371703,0.0163550925606774,0.126013686381736,0.0577580243275585,0.224271053387403,0.00614727582518376,0.00131180470371671,0.00256272683868649,0.00535806095087013,0,0.000294257364485904,0.00358738038351229,0.00704486358195254
0.150747549371061,0.000631232091781053,0.060807069778173,1.8077976539371,0.000246447303872584,0.131983574983841,2.71003597134114,0.175268889020584,0.239520168121031,0.656940583323001,0.00162399522214549,0.0583756270563354,0.00122161788714513,0.101912755479024,0.00123897472358497,0.22408608685341,0.0186869367322497,0.000192919344464286,0.00153290476424858,0.330487402886439,1.00158034158493,0.0251673169532751,0.321293294236204,4.12441334710076,0.000323520953722387,0.0109959823595126,0.0627839353318017,0,0.231962534740008,1.6226596872558,0,0.00341659047341049,0.165831498716445,0.318988573697597,0.000879284615211798,0.265734629935445,0.0284411949770637,0.264902277240455,0.158878961307378,0.0358822610236081,0.00496656433560618,0.000685376075465544,0.0417293552404771,0.00390470066154874,0.0303408907752429,0.012361279727144,0.0650491382331793,0.000499924280422046,0.000281092235037981,0.00714121233228263,0.000385465328434239,0.00150356835325813,0.00757873849676121,0,0.0129836320590591,0.0381495420654991,0.0147281170665523,0.0525085297057266,0.0440623824068128,0.000138421165893346,0.00689703515149617,0,0.00983380605502423,6.95777280665284e-05,0.0228742284853981,0.000140191969665119,3.05018986138379e-05,0.000112666213945053,0.0109939159769063,0.0130239819199389,0.0166615847543238,0.00342832895432202,0.177713085437693,7.74156900609129e-05,0.000437674284662466,0.00411993071076368,0.121770650354883,0.0182719304257824,0.0219007223957449,0,0.000203556651494888,0.00348531704938059,0.00722554052642834,0.00111393232761849
1.59040123898611,0.000536120238100233,0.0158844985012763,0.0240732893601731,0.027301357886594,0.0762431603768073,0.141461732426516,1.38892785194038,0.0529289397614315,0.139857166450138,0.0279914545819095,0.0369363777291587,0.000452185848271125,5.65821664689219,0.00197242903563271,0.00932946573905864,0.182208676189413,0.196831312445721,0.00978290550921473,0.0555770012823976,1.19077631684919,0.009904805664189,1.21384646997779,0.195465785590293,0.000518134501953762,0.00930147828023508,0.00651895282315619,0.231962534740008,0,3.18816295539333,0.000146516346661956,2.24566762222147,3.70615004223844,2.68411364389817,0.000189836410487356,0.0460954406222352,0.00978233362196598,0.406169543551112,0.0467405637352432,0.157813686972285,0.229609033280528,0.000780279353832181,0.00801055308268367,0.00126494963096865,0.00520672586839733,0.00237678534991832,0.00855183839701176,0.000154354462641448,0,0.00242130208786617,0.000331689820489651,0.000322176298628194,0.000181889609694023,0,0.00118339349737027,0.00731248661062973,0.00278458884566972,0.0120731318464718,0.00443116714194859,6.15789896923407e-05,0.000214392784564178,0,0.00178771880248228,0,0.00423945351844419,3.29161755204558e-05,0,0,0.000703598132839549,0.00285016386896673,0.00204855898407562,0.000937749635435511,0.0454592819395471,0.00043257386285017,0.000497828451222467,0.0012586148063504,0.0294781298436692,0.00488927535457948,0.00658371721543454,0,0,0.00162256320345931,0.00177564464380168,5.19939056169213e-05
1.71138946161115,0.00114579150403433,0.139397355583971,0.00279081383456194,0.000350679424454964,0.00787080325478998,2.69825731688933,0.27376206729798,0.082138891637079,0.0584003806786788,0.000484827953999095,0.000541703253369475,0.000446603409156279,0.271214355891525,5.27853669347704e-05,0.064038827353022,0.036216018927677,0,0.00210774421343348,0.00146542128433979,3.84751500028609,0.0314987509899995,0.559402184236616,0.268105130575151,0.000417644096321155,0.022743058205313,0.0311504214385778,1.6226596872558,3.18816295539333,0,0,0.00216114971781976,0.952807964454456,0.480875763329439,0.000245587367254282,0.180149750722879,0.0205484893663431,0.176230595060409,0.0969281736585286,0.00998196819929399,0.00388149957800283,0.000364168336293572,0.0250596727068848,0.00131312660564698,0.0131915401597223,0.00502161906915565,0.0172090325272799,0.000441565931851634,7.01521144279072e-05,0.00239988799845723,5.51401477187907e-05,0.000507010680250775,0.000330871372071362,0,0.00174347353603721,0.00982456614690261,0.0040990881478206,0.0261404237859404,0.00373001651632349,0,0.000374203926310468,0.000109688280847645,0.00270946815924192,0,0.015431008517904,0.000180704278687771,0,0,0.0010874924701146,0.00886419686322957,0.0115064813124011,0.00228585329514684,0.0766769594144939,5.40405573334016e-05,0.000285767107432358,0.00198012655462852,0.0468352028034106,0.00860729704994872,0.0135239749000294,0,0,0.00324482216880994,0.00389770591559729,0.000455635121717745
