0,0.00232849664087891,0.147752502536906,0.0043849301205531,0.000586943105293667,0.0451137658379283,1.69989821246555,0.556733584215962,0.0288792290280335,0.0478837090625372,0.000588045512098199,0.00207408872506126,0.000759522992857988,3.98431573310026,0,0.00997966950714135,0.032038083071937,0,0.00471507060105275,0.00613434118421764,0.0429845653349014,0.00591694198903598,0.0971866615743486,0.124716536944355,0.00129104227587499,0.0122338671334956,0.0199901188243194,0.0900910406374905,0.965278188490229,0.487596426490449,0,0.0128852035168669,0.0444698350218106,0.0917307372031146,0.00117722995467093,0.0377730522978072,0.0206813687501537,0.0636472064214867,0.0487661003402064,0.00739682394093572,0.00563262769247105,0.000655472679199687,0.00243277048464771,0.00174618554544908,0.00185411366040168,0.00173036197691992,0.000266186315297252,0,0,0.00275716077474508,0.000238569508788623,0.000106523385911187,0,0,0.000196712337736424,0.000729499418129417,0.000854924804086019,0.0215538128647011,0.000167101785726737,0,0.00080561590556075,0,0.0015403141943236,0,0.000562622945877327,0,0,0.000325461902784617,0,0.000700993137088624,0.00112432037499434,0.000221930819986183,0.020391187382807,0.000517785497643554,6.66467858983378e-05,0.000259025310807027,0.00409895890566166,0.00147221027587631,0.000783620093279732,0,0,0.00113298115152201,0.00122283398743944,0.000152989807378183
0.00232849664087891,0,0.0696284189449398,0,0,0,0.000289191826634447,0.000156761811525654,0.102315297452138,0.000143074168577105,0.00616738046812264,0,0.161587388418773,0.000609430432532103,0,0.100794791727481,0.0719332085063463,0.0062718749817781,0.0378715382105429,0,0.00128677048795266,1.56651568154244,0.00203164005892947,0.105976725582017,3.94646515464121,0.105648316845553,1.50811677045629,0.00196309084959188,0.000237492167571092,0.00112408114851688,0.0085897030931417,0,0.00220057840270878,0.00658534800616863,0.000140375505552519,0.0187235335242462,0.0988311353208834,0.0460413318213624,0.0279334425977764,0.000129121365773755,0,0.104772489383526,0.00242756905138662,0.00552669047120584,0.00784792376679531,0.00166379690128832,0,0,0.0124619842415374,0,0.369719196846655,0.00875604854523604,0,0,0,0.000286027680334612,0,0.0249368773187254,0,0.000773642659575664,0.000281561744246209,0.0113595989585664,3.48730768356333e-05,0,0.00568825685344515,0.00857661249752482,0.00204338386049836,0.0302468237719627,0,0,0.227227507914626,0.00153242186712437,0.00445502926009202,0.0629755638442498,0.0185353821630989,0.0285949862350519,5.54204809842069e-05,5.55910900514184e-05,0,0.000226113339378674,0,0,0.00722783454732006,4.53378176623479e-05
0.147752502536906,0.0696284189449398,0,0.00062559337059229,0,0.00445137891843831,0.168901815777874,0.0162967144485536,0.00672507098832425,0.00925180019697785,0.00188371259776112,2.40632159015446e-05,0.00404183783792525,0.0460724670974612,0.000243237119967793,0.0951455292940059,1.1663750923519,0.00393624954896417,0.040611568510463,0.000194567534604181,0.188379992447059,0.0513424480656781,3.87008998358105,0.0546487831208292,0.0090540243713421,1.55158690768625,2.38940306609819,0.0962203133188704,0.0194267010211811,0.204045136350281,0.00130148342726257,3.28303781976637e-05,0.00704886876592876,0.10480567704838,0.00283651186684841,0.157899184314994,0.364526572710944,0.353816202658608,0.181382211743266,0.00195405065624851,0.000173534498138108,0.000768774610021757,0.00404780142029716,0.00302568636222365,0.00338727956816648,0.00183701738028551,0.00104432913558943,0,0.00108892977272116,0.000417168314668008,0.0346475934380907,0.00496639033735881,0,0,0,0.000217481300458403,0,0.007939699024333,9.46673786724091e-05,0.000122011193960301,0,0.00440081722492771,0.000280773309654745,0,0.00201737002811127,0.00308826574325043,0.000340476625090905,0.00294919142956009,0.000261190748462066,0.000154634142359396,0.0562581847752889,0.00141140595804562,0.00407074937159594,0.00885003734330789,0.00450040545203894,0.0195556092192043,0.000922220980046107,0.000420159962902871,0.000550046825498164,7.92206368462577e-05,0,9.59671607536463e-05,0.00214847536496181,0.000731246192217985
0.0043849301205531,0,0.00062559337059229,0,0,0.00209845076837876,0.0200638304066055,0.00194261094541568,0.185402427207004,1.0789759484598,0,1.55309627431284,0,0.00155039775567851,0,0,0.000464945433111229,0,7.87754116683965e-05,13.2493401720702,0.000185169861988388,0,0.00052923635303024,6.43269381288089,0,1.546118497302e-05,0.000178530566797102,1.44229705000294,0.00212865261874011,0.000273902301297626,0,0,0.00092685554530315,0.000838622694012734,7.66408603793101e-06,0.00133949958691368,0.000275751619657535,0.00281005718534804,0.00153849776275164,0.00135051627113441,0.000115287934847936,0,0.00100413808715918,0,0,0,0,0,0,0,0,0,2.38060999718192,0,0.000193878556145041,0.000319822853743698,0,0.00327430368845333,0.00383931768694066,0,1.13673315825395,0,0.000632250789121273,0,0,0,0,0,1.41540057229743,0,5.40411584734018e-05,0,0.0241075550631447,0,0,2.60024610069247e-05,0.00133951715116686,7.01462229627525e-05,0,0,0,0,0,9.99466558747678e-06
0.000586943105293667,0,0,0,0,0.773852557527482,0,0.024230066643821,0,3.3006867916875e-05,0,0.000283326785063584,0,0.00811154438522062,0.000203008248507691,0,0,0,0,0,0,0,0,0.000151764752531271,0,0,0,0,0.0125548598809237,5.82860165958196e-05,0,2.2744618183347,0.000770482049391452,0.320451368313066,0,0,0,0.0186286028130189,0.00124995784420234,0.397836528891623,2.75536987938464,0,0,0,0,0,0,0,0,0,0,0,0,0,0,0,0,0,0,0,0,0,0,0,0,0,0,0,0,0,0,0,0,0,0,0,0,0,0,0,0,0,0,0
0.0451137658379283,0,0.00445137891843831,0.00209845076837876,0.773852557527482,0,0.241647804040488,3.38371897729789,0.0140353688415721,2.25995624269114,0.000673239590250543,2.19417597546999,3.99196850582196e-05,0.191703865227875,0.844735287643851,0.000336023903348734,0.000376921824344107,0,0.000382976018401739,0.0419323412908926,0.00335495886122727,0.000116917190787796,0.00340635030044736,0.0275647159985482,0,0.000324521649980898,0.000984944067618243,0.0477793190584948,0.147590306360995,0.00414300308102329,0,0.136885800871843,0.00343046738248214,0.11102285840572,0.543374915794718,0.00540859062922541,0.00239821552372678,0.0740947148800936,0.00671528945579231,0.94500622719883,0.25787494880032,0.000215961595262883,0.000422827661636937,0.000206192328488395,0.000771999055520083,0.000443062684870179,0,0,0,0.000613027590137183,0,0,0,0,0,0.00102644482141673,0.000138270917058279,0.00225660779189346,7.80268138844834e-05,0,0.000504054894440737,0,0.000515841129630383,0.000269081654805041,0.000516722473686154,0,0,0,0.000319130201832274,4.68908723394845e-05,0,2.06316635768555e-05,0.0100675667515211,0,0,0,0.001787697795215,0.00032681315511808,8.34392089162431e-05,0,0,0,0.00055129400237652,0.00250837487111846
1.69989821246555,0.000289191826634447,0.168901815777874,0.0200638304066055,0,0.241647804040488,0,0.19560762841238,0.102126250629833,2.33057101311467,0.000308606469132315,0.00134709926973955,0.000328377507630171,0.909128686655855,0.000321646375586863,0.0179360214308589,0.00947567028114635,4.31417072170774e-05,0.00181823288428698,0.0108420857552572,0.209209666544915,0.00370813428689569,0.180645961586966,0.529044418728371,0.00057198151512722,0.014061602063782,0.0314497814937994,4.00638412043339,0.11261963296948,1.40787995063367,0,0.00270687969836602,0.0247266409026776,0.0443053301870431,0.00343027579899179,0.0653657689076809,0.0256479069990398,0.0875513920162169,0.0616132275151404,0.0064140160014265,0.0011260302272575,0.000550119525717841,0.00585886155214088,0.000265462234927468,0.00247175117701063,0.00340887414160018,0.000745761627327762,0,0,0.00378395031623302,0.000235215303641947,2.78792256098873e-05,0.000577740248504159,0,0.000444658482770125,0.00714360626411884,0.00173543983733519,0.0219149083400002,0.000839152938197051,5.61619886898595e-05,0.00141950458696567,4.7434368507395e-05,0.00410588240909948,0.000539895813493785,0.00145651242828414,8.6258816548614e-05,0,2.14041993411643e-05,0.0004674115042019,1.60648764957788e-05,0.00235569885803491,0.000589275805527647,0.0687901661118552,4.19070706756432e-05,4.15449403492197e-05,0.000509157470780384,0.015401143164385,0.00652188690205752,0.00443319415494476,0,0,0.00199705675853969,0.00237072276042889,0.000730963902384152
0.556733584215962,0.000156761811525654,0.0162967144485536,0.00194261094541568,0.024230066643821,3.38371897729789,0.19560762841238,0,0.00688789733116083,0.355204675850956,0.000339582096151608,0.0057000134846852,0.000101841249959836,2.20608808544287,0.00144674892640828,0.001622975018975,0.00244584642282562,0,0.000402528980423592,0.012461454122747,0.00901388446851931,0.000446948367830727,0.0142609571055755,0.0360891321953832,7.59485315883868e-05,0.00181517708263773,0.00460619913641584,0.0348421438705322,0.216053191674119,0.0343144058853055,0,0.115145379849303,0.0057658419101867,0.0617829856898165,0.000483308235638398,0.0101553569305631,0.00423208520412046,0.0510944147684499,0.00878070273903388,0.0242697646699058,0.073507676276281,0,0.000886046858240527,0,0,0.000599282489699975,0,0,0,0.000644162490175747,0.000142523068311694,0,0,0,0,0.000738670521963156,0.000117123138839281,0.00272585213224964,0,2.55465393876294e-05,0,0,0.000728260854667361,0,0.000203100278626815,0,0,0,7.65112765212846e-05,7.94628339087636e-05,0.000152781327801092,0,0.0105852951627753,0,0,5.86170000431778e-05,0.00169895506871502,0.00120564247222566,0.000699018275079821,0,0,6.47642759699862e-05,0,0.000199130999722491
0.0288792290280335,0.102315297452138,0.00672507098832425,0.185402427207004,0,0.0140353688415721,0.102126250629833,0.00688789733116083,0,0.0421269335217759,0.000254426116957935,1.22220067437512,0.0289644501153296,0.00847218705745769,0.00230561568240522,0.100648842647178,0.00224619133364342,0.000355351868088851,0.00344918992805374,0.410185190778807,0.00277415221394278,0.9161819626315,0.00279268635198614,4.85778446223248,0.248338836778202,0.00350893964035651,0.0490782920308322,0.218450801174857,0.0158213700117048,0.0197662921921058,0.000556469555828071,0.000296121819445598,0.0144182571399141,0.00645330560950791,0.00114972471232268,0.0219373954667661,0.0131965858660493,0.0230766143927429,0.0300753368665908,0.638292379417323,0.00226497573105577,0.0144973269769624,0.0230642872521778,0.00878655112949133,0.0201370887752371,0.0309773386626531,0.00188460714261602,0,0.0010347823047025,0.0210035769183683,0.055316186130337,0.00309110448989629,0,0,0.00150169938273435,0.0112829198096084,0.0052589695322187,0.986590247837986,0.0004222311612181,0.000294390222746333,0.000909352964560054,0.00262392145823522,0.0134089090054384,0,0.0800207718555479,0.00101055229570334,9.06051451990235e-05,0.00458569343921683,0.000704537618181122,0.00858756097094997,0.514377861321158,0.00433479883251196,0.249688482514283,0.0142092897226706,0.00195829236248583,0.0129801778573724,0.0406341947028343,0.0213082315849859,0.0197035851590648,0.000393365676023848,0,0.0161758804656651,0.0162128094217001,0.000795438431448383
0.0478837090625372,0.000143074168577105,0.00925180019697785,1.0789759484598,3.3006867916875e-05,2.25995624269114,2.33057101311467,0.355204675850956,0.0421269335217759,0,0.000565576772198438,1.79414843893144,0.000366308307780967,0.300492879146782,0.00201734590343763,0.00125719520892958,0.000501484200487372,2.44841906669934e-05,0.00107200150820749,3.88609734826781,0.00832898320701542,0.000249351896394606,0.00762446005936672,0.0853075548226727,0.000143124356758976,0.00102409851328027,0.00240474346385637,1.3592071325247,0.10849781557634,0.00794385000715788,0,0.00429588102560187,0.0112004618100043,0.0428577313324266,0.00400309589871644,0.0193359878891033,0.00573241774425125,0.0707841765442591,0.0203946905558763,0.0421126381905234,0.00221890176587199,6.44448920315357e-05,0.0018272615863673,0.000159663253064633,0.000771327426320277,0.00139144060114234,0.00020335942582193,0,0,0.00187265482387764,0.00012425299682041,6.71150906669793e-05,0.00737433350085081,0,0.000225133214711201,0.00442866637575033,0.00123999121751769,0.00771519958930375,0.000379461677639673,0,0.00106029236733457,0,0.00155189864541908,0,0.000292111688725036,0,0,0,0.0157217264705661,0.000173952355369556,0.000171319242913134,8.99622657474027e-05,0.0248986845433238,2.2706519524776e-05,0,1.56731672394394e-05,0.0051224064543965,0.00262714780922674,0.00120762784075208,0,0,0.000409395600730715,0.00135169411692576,0.000164073736260679
0.000588045512098199,0.00616738046812264,0.00188371259776112,0,0,0.000673239590250543,0.000308606469132315,0.000339582096151608,0.000254426116957935,0.000565576772198438,0,0,1.81174266074068,0.00157436362963499,0.000123379079705662,0.000836392463501358,0.1939685194167,0.371125088328219,1.85576081344065,0,0.000208780325016377,0.0018603912989769,0.00109919412481531,0.000760684926177545,0.122055778815565,0.0785419969207717,0.064743214862416,0.000225001315721902,0.00633033456520524,0.000630820292238847,0.00813990136076574,0.000963685088083753,0.00109951236264465,0.502639512141987,0.000235871985666566,0.0204957087283039,0.822321973378446,1.58844133950996,0.0466735480817718,0.000247066398981824,0.00174337130046836,0.130027101276051,0.000317567066797966,0.0093603180912349,0.00398225202460591,0.000213241031449598,0,0,0,0,0.002991602434529,0.000119427156645285,0,0,0,0,0,0,0,0.00388535284585882,0,0.0101001139496269,5.60972314884824e-05,0,0,0,0.00247117819323535,0.00926192003565906,0,0,0.000835541816457521,0,3.19888304744194e-05,0.00582920267353872,0.00822741350115765,0.00986707754802001,0,0,0,0.00127070238408092,0,0,0.000466012631193301,5.63560757147222e-05
0.00207408872506126,0,2.40632159015446e-05,1.55309627431284,0.000283326785063584,2.19417597546999,0.00134709926973955,0.0057000134846852,1.22220067437512,1.79414843893144,0,0,0,0.00386458677589602,0.0787571339686792,0,0,0,0,11.0518790542118,0.0001791657221065,0,0,1.15781791865271,0,2.05721270845038e-05,0,0.0603022742818986,0.00527949571623297,0.000108415435491022,0,0.000773832516159106,0.000631734550555797,0.00471283909375083,0.587470345003388,0.00359935786485086,8.9269519282488e-05,0.0044315900839359,0.0001901285990446,0.367669750402445,0.00138014942247087,0,0,0,0.000319868591671756,0.000736055307385963,0,0,0,0,0,0,0,0,0,0,0,0,0,0,0.00102538815153954,0,0,0,0.000418859013183059,0,0,0,0,0,0,0,0.00170794140804537,0,0,0,0.000194430621148134,0,0,0,0,0,0,0.0107175502180985
0.000759522992857988,0.161587388418773,0.00404183783792525,0,0,3.99196850582196e-05,0.000328377507630171,0.000101841249959836,0.0289644501153296,0.000366308307780967,1.81174266074068,0,0,0.000345853091833,6.57675735852153e-05,0.0100846557104651,0.00162565713293939,0.0428145624230237,0.0689739758050174,0,0.00112784797422632,0.0846237367391581,0.00143571090316077,0.0313314751086564,4.47748002562645,0.581098939030897,0.692911767835011,0.00114719425018007,0.000973547100465245,0.000678582216204265,0.266093568878264,6.48744157557193e-05,0.000413240734740242,0.00590879046895921,0.000797906049986967,0.415816176564836,0.973189515308813,0.523059610917826,0.19509425697166,0,0,1.4452287112534,0.0140496164180961,0.0507962950081903,0.0159301944253978,0.000407115222400317,0.000309957140748819,0,0.000347324014800979,0,0.0244768633677868,0.000278061805629999,0,0,0,1.74634105374451e-05,2.36746266859419e-05,0.00280487678581721,0,0.111403918039108,0,0.116684020570469,5.7098869683738e-05,0,0.000732667240511673,0.000242200922777889,0.0110425038379341,0.0334397425242968,0,0,0.0187160438133264,0.000224117791197596,0.00150555746630214,0.032401595214153,0.0415201669423139,0.0502110480896269,0.000158482287528221,2.63634065124792e-05,9.77971495873416e-05,0.0101460270726036,0,8.07519875058518e-05,0.00272910318127934,0.00016346780996281
3.98431573310026,0.000609430432532103,0.0460724670974612,0.00155039775567851,0.00811154438522062,0.191703865227875,0.909128686655855,2.20608808544287,0.00847218705745769,0.300492879146782,0.00157436362963499,0.00386458677589602,0.000345853091833,0,0.000195268849330188,0.00395830909603649,0.00751660329989047,0.000286255097781259,0.00314672221295754,0.0147453197494288,0.0239271017347331,0.00112959381996468,0.0416251917425603,0.0656947782262151,0.000523844699370733,0.00546594169971006,0.00865977288915274,0.0561526509317607,4.44118869265081,0.127817954026019,0,0.45545470334748,0.0337345094761289,0.318224564127109,0.000691180560317387,0.021545742055826,0.00767564870006696,0.187357092084565,0.0198427182389767,0.0447202900495888,0.107057661285504,3.85204744522086e-05,0.000730246639272714,0.000226031701439972,0.00115699762704853,0.00129854605090002,0.000238646927930993,0,0,0.000550031150877526,5.17920679632151e-05,0,0,0,0,0.000574780224275988,4.12676720463204e-05,0.0028683029288949,0,6.60468968020013e-05,0.000215194867020575,0,0.000925741235828411,0,0.000370833735500978,0,0,0,0,2.64632572784121e-05,0.000606165650334962,8.16388573569686e-05,0.00821182106219878,0,0,0.000111687156687977,0.00108984124770119,0.00111387456063426,0.000420330709497547,0,0,7.73582809365826e-05,0.000313466786364173,8.53835935371436e-05
0,0,0.000243237119967793,0,0.000203008248507691,0.844735287643851,0.000321646375586863,0.00144674892640828,0.00230561568240522,0.00201734590343763,0.000123379079705662,0.0787571339686792,6.57675735852153e-05,0.000195268849330188,0,0.00195182554171028,0,0,0,0.000298341555582815,0.000702518678659615,0,5.41802143561483e-05,0.000385369345100138,0,0,0.000334765040890535,0.000557013522724363,5.32744274622911e-05,0.000153470751016425,0,0.000763709130402784,0,0.00204113929277989,0.0491071074722415,0.0117040527129399,0.0069303467627292,0.00423860480828331,0.0056408102598857,0.162748946194768,0.00214653051699332,0.00143901730828094,0.000560769303238397,0,0.000812798198715547,0.000816484247476601,0.00311909383700565,0,0,0,0,0,0,0,0,0,0,0,0,0,0,0,0,0,0,0,0,0,0,0.000557444426134021,0,0.00020894059425428,0.000605176194307638,0,0,2.689740783417e-05,0,0,0,0,0,0,0,0.000827804254312386
0.00997966950714135,0.100794791727481,0.0951455292940059,0,0,0.000336023903348734,0.0179360214308589,0.001622975018975,0.100648842647178,0.00125719520892958,0.000836392463501358,0,0.0100846557104651,0.00395830909603649,0.00195182554171028,0,0.0103268803213298,0.000351670229147932,0.00437514187462384,0,0.98287356851167,4.68444190491802,2.04797453752861,1.12843779082173,0.0707476672139555,0.0109441147011986,1.7203458795611,0.183654497686008,0.0107780744722201,0.0563824583196164,0.000580940321428951,0.000646339001401149,0.0272400822684214,0.18249270438226,0.0172997915730992,0.557133443946048,0.401423447850882,0.581264632503322,0.787995294411637,0.0457136820853568,0.000240059750086979,0.00479350133188122,0.0148272651915886,0.00465421848980201,0.00789895143305401,0.0136923650383267,0.00296879651181235,0,0.00105096477873121,0.00157547745173283,0.0203623666261886,0.00246780938768403,0,0,0.000367907265148709,0.000792864790130243,0.00017672585045453,0.239353353986612,4.02001297438899e-05,0.000257767441141361,0,0.00336808477803954,0.00106671394399854,0.000154311750088188,0.06441625122452,0.00128218504726126,0,0.00220785551954692,0.000103966771061437,0.00967485229874361,0.375315401484027,0.00598597816667649,0.0401334894807068,0.00580852292652971,0.00164175197992364,0.0117350371219764,0.0128456498210775,0.0010033073572772,0.00618220640931132,0,0,0.00169607681202292,0.00649854539674152,0.00583388788406602
0.032038083071937,0.0719332085063463,1.1663750923519,0.000464945433111229,0,0.000376921824344107,0.00947567028114635,0.00244584642282562,0.00224619133364342,0.000501484200487372,0.1939685194167,0,0.00162565713293939,0.00751660329989047,0,0.0103268803213298,0,0.0257176148600289,2.5209286002207,0,0.0161980317204128,0.0178775154587367,1.5706717424041,0.00887755476101094,0.00990284895384037,1.12736977078555,0.220221958660893,0.00376488581298807,0.00718986500160459,0.0249891650579944,0.000855475090949208,9.73551694250126e-05,0.00352561979158174,0.215959309943778,0.000226214291348957,0.0264468615854856,0.107311793994742,0.116232831908974,0.0398057646934777,0.000231246686408248,0.000255022490655149,0.00101928011883548,0.000848719433485412,0.00092811172384006,0.0010890753220999,0.000501784361535655,8.75951026390077e-05,0,0.00102776151055226,7.87676481807929e-05,0.0212819778650697,0.00178991721401384,0,0,0,2.8689098516348e-05,0,0.000732669272869529,0,0.000403031004142997,0,0.00110574512718488,4.03593123700272e-05,0,0.000463754474574676,0.00218347565332189,0,0.00283309764257041,0,0,0.00635172628156776,0.000176259048057255,0.000649675277417214,0.00622094505589174,0.00372254371708532,0.00434178384497468,0.000120916089410632,0,0,0,0,0,0.000401481998742274,0.000159164380607713
0,0.0062718749817781,0.00393624954896417,0,0,0,4.31417072170774e-05,0,0.000355351868088851,2.44841906669934e-05,0.371125088328219,0,0.0428145624230237,0.000286255097781259,0,0.000351670229147932,0.0257176148600289,0,3.37770649312182,0,4.6577261428515e-05,0.00225853713058388,0.00101673879523635,0.000404198441941147,0.020157506681762,0.266685203975049,0.028115736239662,0,0.00040895642684409,9.07205729418045e-05,0.00354695558897933,0,0.000201634047653526,0.00698369292812652,6.27003679289919e-06,0.00262442544792592,0.0828999137537878,0.0423455826784911,0.00477294429373649,0,0,0.000669329125468875,0,0.00335516436291365,0.00182610006131739,0,0,0,0,0,0.00263120246927179,0,0,0,0,0,0,0,0,0.00132659473759342,0,0.00553031971159081,0,0,0,0.000111964445562815,0.00473896320937276,0.0107891138627515,0,0,0.000541359104133234,0,0,0.0123391217768798,0.00578273574347072,0.00992075947552813,0,0,0,0.000923951676517597,0,0,0.000339597856511047,0
0.00471507060105275,0.0378715382105429,0.040611568510463,7.87754116683965e-05,0,0.000382976018401739,0.00181823288428698,0.000402528980423592,0.00344918992805374,0.00107200150820749,1.85576081344065,0,0.0689739758050174,0.00314672221295754,0,0.00437514187462384,2.5209286002207,3.37770649312182,0,6.55387480023705e-05,0.000873024451475971,0.00873383272368197,0.0273754439978778,0.00437161177944652,0.0619161001849128,1.78126878115057,0.248234995190593,0.000842749866803818,0.00862712443912179,0.00298912699839064,0.0120909197963066,0.00176182471420888,0.00183142820265715,0.692662817957108,8.45760040498356e-05,0.0289252118799872,0.575560828661899,0.722209499604475,0.0436452762083169,0.000124310284519025,0,0.00192720705086721,0.00042978922930874,0.00619268334792815,0.00439591173322872,0.000299966897958734,0.000131853250380336,0,0.00280217333247661,8.28459089354345e-05,0.0258981221998941,0.000873102376428514,0,0,0,0,0,0.00155705231069896,0,0.00179145695692925,0,0.00968804515503226,0,0,0.000372918762684036,0.00220432664032172,0.00891609017472571,0.0470709751877035,0,0,0.00606737613266757,4.83653387132625e-05,0.000170752857243522,0.0384704947201543,0.027955955316747,0.0268872651873814,0.000128454004478529,0,0,0.00395560372259139,0,0,0.00373594720995459,0.000153981843618522
0.00613434118421764,0,0.000194567534604181,13.2493401720702,0,0.0419323412908926,0.0108420857552572,0.012461454122747,0.410185190778807,3.88609734826781,0,11.0518790542118,0,0.0147453197494288,0.000298341555582815,0,0,0,6.55387480023705e-05,0,0.000349483414510703,0,0.00015071721419165,1.1062564437004,0,5.42591928800549e-05,0.000151884301703416,0.485845739984301,0.0201651327601507,0.00063199366056305,0,0.00188564781640954,0.00766791870537177,0.00918524672916374,5.07074558716031e-05,0.00278789623762959,0.000220525125531175,0.0186809917987422,0.0057639487297666,0.0242840526649879,0.000629469391983621,0,0,0,0.000293723378785277,0,0,0,0,0.00080950962549271,0,0,0,0,0,0.000957667894704271,0,0.00120790112532723,0,0,0,0,0.000648577529419354,0,0,0,0,0,0,0,0,0,0.006955952120177,0,0,0,0.00156642697538694,0.000463617760179873,0.000216938728682566,0,0,0,0,0
0.0429845653349014,0.00128677048795266,0.188379992447059,0.000185169861988388,0,0.00335495886122727,0.209209666544915,0.00901388446851931,0.00277415221394278,0.00832898320701542,0.000208780325016377,0.0001791657221065,0.00112784797422632,0.0239271017347331,0.000702518678659615,0.98287356851167,0.0161980317204128,4.6577261428515e-05,0.000873024451475971,0.000349483414510703,0,0.0318715687918283,5.07430295232498,0.0581971382712797,0.00141483061005805,0.0100467272177012,0.0610286313618988,1.6679229767903,0.647907019755244,4.06898186000104,0,0.000190186210932101,0.18276793026577,0.278260676342293,0.0185903880290274,0.294193293195452,0.182210261102862,0.587716414302437,0.428342653769357,0.0254460328756834,0.000153051305256498,0.00169599505540457,0.00656676683258601,0.00112060385394905,0.0038796296177511,0.00466076575683944,0.00172953176566877,0,0.000321073576272854,0.000535835181777002,0.000241443809116181,7.44852327832406e-05,3.5294895797153e-05,0,0,0.00036622319333085,5.58532189278331e-05,0.00607521505226022,0,0,0,0.000129417697443696,0.000728003030027455,0.000162013454262462,0.00260796693207577,0,4.51900204218314e-05,0,0.00013766665917444,0.000332674535307322,0.00737240043301175,0.000461148930867988,0.00750906961571625,0.00043936196924659,4.72681178456181e-05,0.000600560527045521,0.00186026700928723,0.000355151166177707,0.000800052979669305,0,0,0.000190342104728558,0.000444544970129937,0.00588716085948308
0.00591694198903598,1.56651568154244,0.0513424480656781,0,0,0.000116917190787796,0.00370813428689569,0.000446948367830727,0.9161819626315,0.000249351896394606,0.0018603912989769,0,0.0846237367391581,0.00112959381996468,0,4.68444190491802,0.0178775154587367,0.00225853713058388,0.00873383272368197,0,0.0318715687918283,0,0.098510154222888,1.72334728313269,0.675681140392196,0.0229219496479176,1.35674377514076,0.0211575979532569,0.00259995145524122,0.0055065720100835,0.000802879323486093,0,0.00347137332767684,0.0146965504758108,0.000651864747283302,0.0467027835731777,0.0598916494517785,0.0523633839431427,0.0698537634284576,0.00396863169791858,0,0.0490376749005256,0.00689161653058272,0.00502107325869819,0.00643426822054225,0.00684309886768416,0,0,0.0102739259640582,0.000682732402042944,0.179244951525573,0.00623666988369237,0,0,0,0.000280914577968645,0.000349963083496413,0.133417957749357,0.000166523529789991,0.00102905838705327,0,0.00901765561139752,0.000515856966912778,0,0.0470721410268503,0.00223016567517931,0.000363914872894978,0.0055691005708955,0,0.00203220066840683,0.668680124627543,0.00683526599034552,0.0153319057456979,0.0355712508972386,0.00730527833072228,0.031734300761874,0.00489843160944362,0.00136359608817788,0.00157326831335464,0.00034161069371258,0,0.000360610046689139,0.00323774039182824,0.000289993185788417
0.0971866615743486,0.00203164005892947,3.87008998358105,0.00052923635303024,0,0.00340635030044736,0.180645961586966,0.0142609571055755,0.00279268635198614,0.00762446005936672,0.00109919412481531,0,0.00143571090316077,0.0416251917425603,5.41802143561483e-05,2.04797453752861,1.5706717424041,0.00101673879523635,0.0273754439978778,0.00015071721419165,5.07430295232498,0.098510154222888,0,0.0494211839637489,0.00122036304162844,0.161113817688885,0.988630203788996,0.258599630812718,0.528482200481995,0.374055669768375,0.000263317224158649,0.000226727411201659,0.0530737616678794,0.271222416776939,0.0136110398347366,0.383782149827516,0.416145113115392,0.616489747094557,0.602201703569077,0.0315722304134494,2.56238263224597e-05,0.00292031396203394,0.00400676465945179,0.000696929660021408,0.00300720759670069,0.00327782481570161,0.000944797204345423,0,5.00194551948238e-05,0.000116053043495621,0.00546580218889196,0.000325721556996105,0,0,0,8.05535363390368e-05,8.97462245938382e-05,0.00509472940742612,0,0.000114175894509719,2.90504444315693e-05,0.00105371162258137,0.000195552864343635,0,0.00136144799481409,0.000242311112478626,4.20144479083948e-05,0.00024557953258194,0,0.000237382990125345,0.0241720796763759,0.00111815437841653,0.00529233492202631,0.00112084906726067,0.000511254864499299,0.00567812847823838,0.00121617667005118,0.000307268413232209,0.000385773803163475,0,0,0.000563322074936968,0.000715331404571043,0.00493183482720719
0.124716536944355,0.105976725582017,0.0546487831208292,6.43269381288089,0.000151764752531271,0.0275647159985482,0.529044418728371,0.0360891321953832,4.85778446223248,0.0853075548226727,0.000760684926177545,1.15781791865271,0.0313314751086564,0.0656947782262151,0.000385369345100138,1.12843779082173,0.00887755476101094,0.000404198441941147,0.00437161177944652,1.1062564437004,0.0581971382712797,1.72334728313269,0.0494211839637489,0,0.162008486568195,0.0147199615616693,0.254573009383627,2.18076240258004,0.133591694943782,0.164807847189191,0.000952747133832408,0.00221693362118051,0.0608517153752317,0.0717106047413915,0.00747161408072565,0.134874971614276,0.0591742870806852,0.136671012454585,0.125699600434615,0.0144448808294903,0.000680633853817176,0.00622569222452703,0.0566054979027384,0.00588334598237735,0.0302517778470416,0.0383775086323507,0.00447289438659628,0.000316311371203505,0.000194166218784575,0.0422414497488438,0.0186303642569024,0.00439959975326207,0.00162213019620008,0,0.00427722435020378,0.0388682962540643,0.0225654895849744,0.446944474700649,0.00151335558865695,0.000379090033554821,0.00871435727937675,0.00222605469166854,0.0314935662664764,0.000669590541681855,0.057201328294806,0.000236562281642816,0.000261891345681666,0.002290941618087,0.0017975770919718,0.00999353683687117,0.139071971624794,0.00629146404476641,0.555474678985202,0.0044122547121665,0.00190183586177874,0.00861668847356993,0.137443182895793,0.0547638064836215,0.0520430260944352,7.20900288222453e-05,0,0.0171852591783367,0.0302446997057533,0.00298938768541584
0.00129104227587499,3.94646515464121,0.0090540243713421,0,0,0,0.00057198151512722,7.59485315883868e-05,0.248338836778202,0.000143124356758976,0.122055778815565,0,4.47748002562645,0.000523844699370733,0,0.0707476672139555,0.00990284895384037,0.020157506681762,0.0619161001849128,0,0.00141483061005805,0.675681140392196,0.00122036304162844,0.162008486568195,0,0.0751222577893189,0.808079701083716,0.0037657281733856,0.00128110043909526,0.00195150219673838,0.041838052778802,5.52843679297622e-05,0.00167180068444736,0.00510216703180715,0.000191993131168942,0.0441136951777569,1.25359634963338,0.116615650418286,0.0268875194873057,9.53776990422241e-05,0,4.02419930003195,0.00099045750664505,0.0480236495256546,0.0293892191319304,0.00342607013012681,0,0,0.0102140559943656,0.000340499533325508,0.451652999447592,0.00510315660095782,0,0,0.000111949550312001,4.53791998437617e-05,0.0004921676708689,0.0339054167581781,0,0.021986049363342,0,0.0498110818382806,0.000125870077721106,0,0.0031436729196417,0.00766295421789864,0.0229649496084762,0.15291489384986,0,6.28259620204426e-05,0.203042959043153,0.00160229672115211,0.00605194544693587,0.403754966911729,0.0769103967786358,0.0855698118258126,0.000673260324652091,0.000329798184619522,0.000515025422942941,0.0130073254233539,0,0.00014362395019125,0.00821407861856551,9.70891007984545e-06
0.0122338671334956,0.105648316845553,1.55158690768625,1.546118497302e-05,0,0.000324521649980898,0.014061602063782,0.00181517708263773,0.00350893964035651,0.00102409851328027,0.0785419969207717,2.05721270845038e-05,0.581098939030897,0.00546594169971006,0,0.0109441147011986,1.12736977078555,0.266685203975049,1.78126878115057,5.42591928800549e-05,0.0100467272177012,0.0229219496479176,0.161113817688885,0.0147199615616693,0.0751222577893189,0,2.38627973004966,0.00598572201949503,0.00415661006825464,0.0173820454080012,0.0310506336724579,0.000194262902365594,0.00136356901747446,0.0394742683727952,0.000551633998599411,0.069337795499577,0.35979071400196,0.193893072057754,0.0533146621055009,0.000135063508932168,0,0.00189299184465064,0.00111728803473558,0.0082134368399444,0.00948070874101375,0.00114912114801456,0.000186650121159821,0,0.00275385052545494,3.14220310118944e-05,0.0601592916829649,0.00340785443251377,0,0,0,2.99296884852551e-05,0,0.00183014273106346,0,0.00422378155815155,3.67481494589577e-05,0.0120879649869568,0,0,0.000744055192793356,0.00290939303399096,0.00515525835503739,0.0353046694072073,0,0.000118932214856176,0.012484843863432,0.000242015850713629,0.00110854088809234,0.0302184483818016,0.0444617816054959,0.0478836009525976,0.000231230857370528,1.64032393649473e-05,1.36426831953557e-05,0.00164444545816589,0,0,0.00409093607005325,0.000291505332803644
0.0199901188243194,1.50811677045629,2.38940306609819,0.000178530566797102,0,0.000984944067618243,0.0314497814937994,0.00460619913641584,0.0490782920308322,0.00240474346385637,0.064743214862416,0,0.692911767835011,0.00865977288915274,0.000334765040890535,1.7203458795611,0.220221958660893,0.028115736239662,0.248234995190593,0.000151884301703416,0.0610286313618988,1.35674377514076,0.988630203788996,0.254573009383627,0.808079701083716,2.38627973004966,0,0.0473482465197952,0.00936349010007608,0.035143497876009,0.259964010721415,0.000251688502428128,0.00257385086620437,0.156121199644185,0.00794194835962903,0.324236775860814,0.512215734184734,0.554635214208132,0.255434423923355,0.00497528267844293,8.9576091601748e-05,0.0055279485265572,0.0116569346195041,0.0185696446995382,0.0281922382629175,0.00655802280226473,0.00110244071070795,0,0.00681805917273624,0.000263623740648422,0.170763721143012,0.027128613664827,0,0,0,0.000535433150331885,0.000120160731200596,0.026998021949385,0,0.00754980274030678,0,0.0344371570139882,0.000259083334638627,0,0.0195055119773823,0.0117767675604432,0.00722479312836714,0.054935143940044,0,0.000842998682631447,0.316325907241034,0.0150332242015766,0.0112273990817131,0.0727195683084973,0.0830480251075245,0.195254862891373,0.00161718181172171,0.00047361737789821,0.000642856736710084,0.00223106342808351,0,2.03379758138026e-05,0.0148156354673509,0.00348560484359905
0.0900910406374905,0.00196309084959188,0.0962203133188704,1.44229705000294,0,0.0477793190584948,4.00638412043339,0.0348421438705322,0.218450801174857,1.3592071325247,0.000225001315721902,0.0603022742818986,0.00114719425018007,0.0561526509317607,0.000557013522724363,0.183654497686008,0.00376488581298807,0,0.000842749866803818,0.485845739984301,1.6679229767903,0.0211575979532569,0.258599630812718,2.18076240258004,0.0037657281733856,0.00598572201949503,0.0473482465197952,0,0.0966879413994514,1.89751541331049,3.07819105335172e-05,0.00191128753487148,0.049387247222555,0.078514479362193,0.00876622295898823,0.113552606604405,0.0459414087138223,0.16688730690046,0.110924973392503,0.00466810988293216,0.00094852256523193,0.00096641666217394,0.016433599568676,0.00135679092674419,0.0102844341755823,0.00909259409008528,0.00255726536116299,0,0,0.0117357665454793,0.000623594288677804,0.000332250475123591,0.00138297601655372,0,0.00142439519509147,0.0184782389334,0.00505932262488803,0.0829297219377519,0.000745306366374889,2.02820009224947e-05,0.00278370337025723,4.76408025765675e-05,0.0114473913359608,0.000482918927744332,0.00675672514366169,6.98787042067018e-05,4.21268215539377e-05,9.77267072449357e-05,0.00122609855355583,0.00154171541385905,0.00727910966947768,0.000759417107807935,0.167013761828487,0.000146223597287246,8.389253176277e-05,0.000686683273821984,0.0405677054206963,0.0194432827274986,0.00999857233348913,0,0,0.00511724901892311,0.00722062789532274,0.0021987534940602
0.965278188490229,0.000237492167571092,0.0194267010211811,0.00212865261874011,0.0125548598809237,0.147590306360995,0.11261963296948,0.216053191674119,0.0158213700117048,0.10849781557634,0.00633033456520524,0.00527949571623297,0.000973547100465245,4.44118869265081,5.32744274622911e-05,0.0107780744722201,0.00718986500160459,0.00040895642684409,0.00862712443912179,0.0201651327601507,0.647907019755244,0.00259995145524122,0.528482200481995,0.133591694943782,0.00128110043909526,0.00415661006825464,0.00936349010007608,0.0966879413994514,0,4.17589411653488,0.00011508489224606,0.984923285650072,2.27091531640625,1.56591789147521,0.00208690633316674,0.0502165521879995,0.0164137486874794,0.656877298691577,0.0590213686020014,0.0770422631507394,0.14755008212067,0.000981743329945096,0.00300842771381218,0.000453985750680206,0.00122737770938087,0.00108030286357136,0.000302562567449739,0,0,0.00104395624083473,5.00368356877424e-05,0,0,0,0.000103410573488477,0.00143635006287307,0.000628043085357925,0.00968826681542378,0.000121122051176231,0,0,0,0.00118338767617764,0,0.00100780962742152,0,0.000102722914586025,0,0,7.96431053547287e-05,0.00128048942754883,0.000247395014715048,0.0183349108926264,7.01870832299197e-05,5.84722027441165e-05,0.000182554350751616,0.00417134527892808,0.00229161478394321,0.00116801480888929,0,0,0.000736278744124046,0.00148078978584041,0.000682717083937843
0.487596426490449,0.00112408114851688,0.204045136350281,0.000273902301297626,5.82860165958196e-05,0.00414300308102329,1.40787995063367,0.0343144058853055,0.0197662921921058,0.00794385000715788,0.000630820292238847,0.000108415435491022,0.000678582216204265,0.127817954026019,0.000153470751016425,0.0563824583196164,0.0249891650579944,9.07205729418045e-05,0.00298912699839064,0.00063199366056305,4.06898186000104,0.0055065720100835,0.374055669768375,0.164807847189191,0.00195150219673838,0.0173820454080012,0.035143497876009,1.89751541331049,4.17589411653488,0,2.61018542207126e-05,0.00128770423914647,1.04234618939174,0.539362130492102,0.00446268950059743,0.110855261988418,0.0313068431746616,0.234476199326319,0.0988703685627256,0.00290091363641032,0.00128267810959532,0.000693463161781302,0.00311636371792494,0.000590341461559175,0.00159500974121841,0.00331969303718005,0.000343231538509313,0,0.000203961084738191,0.00222708932232062,0.000838719168878023,0.000325175888911996,0,0,0,0.00153881366370594,0.00105390901087277,0.0179784383360778,0,0,0,0.000100419566978124,0.00164858385774628,0,0.00168353333511983,9.6170661875109e-05,0,0.000151444344855911,0,0.000374470391095756,0.00288267308994383,0.000475439265736139,0.0244127515344469,0.000202955763326199,7.76495887411461e-05,0.000463406174570268,0.00583049638375938,0.00227129859724857,0.00160525760539438,0,0,0.000482845378692812,0.00175200134777163,0.00120746475171004
0,0.0085897030931417,0.00130148342726257,0,0,0,0,0,0.000556469555828071,0,0.00813990136076574,0,0.266093568878264,0,0,0.000580940321428951,0.000855475090949208,0.00354695558897933,0.0120909197963066,0,0,0.000802879323486093,0.000263317224158649,0.000952747133832408,0.041838052778802,0.0310506336724579,0.259964010721415,3.07819105335172e-05,0.00011508489224606,2.61018542207126e-05,0,0,0,0.000491152850123828,0,0.00235792758060068,0.0363430469659491,0.0121116707851134,0.00405299414806032,0,0,0.00175903697989368,0,0.00284607433843251,0.00066051410476735,0,0,0,0.00247821028733175,0,0.000356060443527607,0.000299842417603622,0,0,0,0,0,0,0,0.000592448213617348,0,0.00251748742779999,0,0,0,0,0.0014075309803724,0.00240782825979224,0,0,0.000970343189903699,0,0,0.00218845451371746,0.00228770806664188,0.00264811700439606,0,0,0,0.000772439676163597,0,0,0.000248883141650148,0
0.0128852035168669,0,3.28303781976637e-05,0,2.2744618183347,0.136885800871843,0.00270687969836602,0.115145379849303,0.000296121819445598,0.00429588102560187,0.000963685088083753,0.000773832516159106,6.48744157557193e-05,0.45545470334748,0.000763709130402784,0.000646339001401149,9.73551694250126e-05,0,0.00176182471420888,0.00188564781640954,0.000190186210932101,0,0.000226727411201659,0.00221693362118051,5.52843679297622e-05,0.000194262902365594,0.000251688502428128,0.00191128753487148,0.984923285650072,0.00128770423914647,0,0,0.0130658294160475,1.71714560338707,0,0.000877019322596799,0.00145377457851856,0.190616463714607,0.00613451421863317,0.204780299645418,3.66068334664221,0.000134450622309212,0,0,0,0,0,0,0,0.000108474723530903,0.000129946472166733,0,0,0,0,0,0,0,0,0,0,0,0,0,0,0,0,0,0,0,0,0,0.000239853970946929,0,0,9.61327774084133e-05,0,0,0,0,0,0,0.000105059966068535,0
