0,0.000231147064863789,0.0313601855569689,0.00453229620339222,0.000432362386755092,0.00769603018508854,0.826489545275027,0.0748372907623164,0.0515745119418983,0.00561839845799315,0.000192716430712068,0.000312017091398767,0,3.40025288517772,0,0.00125315853701931,0.0624048957974784,0,0.00656806394408354,0.000717951449488257,0.0202204520487208,0.00184194327550996,0.0636756512283408,0.0368593850181238,0.000551941659670389,0.00658188054796339,0.00244863702370028,0.0464278088878976,1.25067308372479,0.344400692160539,0,0.00110759443226115,0.0818954727691103,0.0342763187072447,1.63859773469858e-05,0.0037223748764525,0.00254996906613987,0.0125333326954753,0.0104077362147432,0.00415891606541799,0.00145974301218061,0,0.000327578230874415,0.000189403733781762,0.000546814444511122,0.000731829834501551,0,0,0,0,0.000396065733627993,0,0,0,0,4.41426016841032e-05,0.000200544780321972,0.00662205864030822,0,0,0,0,0,0,0,0,0,0,0,0,0.000496681968400633,0,0.00457076113971163,0,0,0,0.000582535220926162,0.000326714293847888,0.000252913513097596,0,0,0,0.000865310597466282,0
0.000231147064863789,0,0.047508335517422,0,0,0,0.000367174663668522,0.000106395953347417,0.158719952607072,0,0.00697894647708595,0,0.041267267838297,0.000320951642811687,0,0.150089180946151,0.0471138779475323,0.00201380984262198,0.0196689440525446,0,0.000819014429413364,1.14544664501707,0.0058200851146422,0.079821551848589,2.20860200084328,0.0639884342472196,1.42506624968123,0.00417264021207739,0.00030772515949761,0.000705260773698861,0.00220633713868219,0,0.00141035260271597,0.00295553229618257,0.000218430223093409,0.0175912924529993,0.0962833570080643,0.129610630546554,0.0555222229423377,0.000515576772437062,0,0.00158172712494561,0.00926134421790774,0.0322716911286904,0.0881341755475859,0.0205314089762303,0,0,0,0.000119796313756082,0.999285029623352,0.00608997897869167,0,0,0,0.000255175569822488,0,0.0587902098639144,0,0.00370800301160825,0,0.00113903800672875,0.000497891152606945,0.00048102436310607,0.0282037648767145,0.0164194117539366,0.00305881999840187,0.03463830109129,0,0,0.202530481069747,0.00113727840645931,0.0206558902893316,0.141663346324521,0.0390550646031248,0.237040833971874,0.00103483982919401,0,0,0.000492621988153571,0,0,0.0139113124161995,0.000272466832330932
0.0313601855569689,0.047508335517422,0,0.0014180199011591,0,0.00228022025531745,0.0807060318541633,0.0254722115003068,0.00459209476328998,0.0046101158773153,0.00173239897595831,0,0.000167937716664678,0.0340370859184348,0,0.0175031544287354,0.988786092444477,0.00115568274710735,0.0773682582380457,0.000540204374511247,0.121709001530914,0.00427628945411596,2.30456485335904,0.0128549900908377,0.00120662264762127,1.99867809464985,1.17582506850799,0.0979687993561086,0.00447826825781439,0.0252819688447393,0,0,0.00196114966780224,0.0178890407483166,0.000961834391053201,0.0274759324233026,0.111335382374135,0.289659628572025,0.116331557645988,0.0017972288004476,0.00089977853854298,0,0.000706002118028767,0.000416505098053965,0.00034403146825443,0.00116664793253103,0,0,0,0,0.0090354254125352,0,0,0,0,0,0,0.00131322865817239,0,0,0,0,0,9.06750265763064e-05,0.000128312411077098,0,0,0,0,0,0.0018178093625893,0,0.000926052833224608,0.000162660731160549,0.000621097958918975,0.00292084670759902,0.000438326208626754,0.000214496020059039,0,0,0,0,0.000112343665323727,0.000623813739757646
0.00453229620339222,0,0.0014180199011591,0,0,0.00115677160663858,0.0152234493954747,0.00400071032785213,0.164496430661736,0.746512176449934,0,0.673076656248133,0,0.0046536924886883,0,0,0.000265103339355763,0,0,6.09126659379687,0.000778255834008586,0,0.0013279698266571,2.70508014296085,0,0.000245541404530802,0.000136735010026534,2.2712091060201,0.00560517101941282,0.000650558523005708,0,0.000211630308656563,0.00206720728775628,0.00379421917500091,9.36365127484533e-06,0.00105033377334295,0,0.00260477953693987,0.0029262413885501,0.000691262520950715,0.0016776959429302,0,0.000537334359450404,0,0.000191708332643622,0,0,0,0,0.000488802251183914,0,0,2.01096009839456,0,0,0.000304408562517285,0.00127834268040337,0.00387339923798157,0.00269868878375033,0.000226866014248164,0.0454912438600825,0,0.000409384992024758,0,0,0,0,0,0.400848154760079,0,0,0,0.013308821077538,0,0,0,0.0090307723411567,0.000279886133410161,0,0,0,0,0.000967678338306231,3.39014599522701e-05
0.000432362386755092,0,0,0,0,3.12024372134923,5.29560989524103e-05,0.811818635225052,0,0.000230325916014538,0,0,0,0.00906154676390463,0.00267717561557341,0,0,0,0,0.00116683770619712,0.000149990488538046,0,0,0.000165461358577201,0,0,0,0.000122050619005214,0.0643009711972424,0,0,4.31010073618463,0,0.489443839441295,0,0,0,0.0022746960693729,0.000645848827984036,0.945744783816875,5.89080870337514,0,0,0,0,0,0,0,0,0,0,0,0,0,0,0,0,0,0,0,0,0,0,0,0,0,0,0,0,0,0,0,0,0,0,0,0,0,0,0,0,0,0,0
0.00769603018508854,0,0.00228022025531745,0.00115677160663858,3.12024372134923,0,0.0684235934449425,4.60010888881964,0.000621280722682506,0.857138490327752,0,1.84646589878697,0,0.0877089828692644,1.75890002310065,0,0.000926007652517819,0,0,0.0241749324210798,0.00166395834223749,0.000395310820259714,0.00408753869919896,0.0020069118456529,0,0.000445895503138671,0.000140355143483383,0.0399935099527915,0.0794510123559132,0.000936690273889942,0,0.530907235494861,0.000878340235504903,0.0899568079485245,0.187464236395344,0.00193036453106567,0.000579083794183389,0.0067596233181525,0.00221487876599346,0.882858613365038,0.714271605686215,0,0,0,0.000268658472444006,0.000548729478995374,0,0,0,0,0,0,0,0,0,0,0,0.000108374504151996,0,0,0,0,0,0,0,0,0,0,0,0,0,0,0.00022833163278557,0,0,0,0,0,0,0,0,0,0,0.000917605661300121
0.826489545275027,0.000367174663668522,0.0807060318541633,0.0152234493954747,5.29560989524103e-05,0.0684235934449425,0,0.185189459657476,0.0468527398929373,3.39327290314022,0,0.00306589542414611,0.000165731437399522,0.758314145857567,5.12117675035605e-05,0.00213771889319763,0.0484888202254212,6.14707409856141e-05,0.00281268745011141,0.00399989705673422,0.10879257634016,0.00264109723980219,0.217720972383959,0.184078192712318,0.000118156715241272,0.0151749938987687,0.00935731022543798,4.08411801310099,0.0581634784850369,2.38516551544906,9.46351485663233e-05,0.000431631770382783,0.0107758182728209,0.0328153274675605,0.00110833708013152,0.0225808848011026,0.0105464111244059,0.0752549464165339,0.0424239311715296,0.000732821816768557,0.00130145068963505,0,0.00119498665909638,0.000256270382752298,0.000188351212364563,0.000271180828376997,0,0,0,0.00021456063646021,5.44526520047661e-05,0,0,0,0.000188638286064309,0.000162893034993697,0.000118805451525813,0.00701582324969059,0.000630819742279113,0,0,0,0.000448812317916056,0.000115708611072615,0,0,0,0,0,0.000156449799618106,0.000823353919336814,0,0.00504255233229075,0,0,0.000210528396539941,0.00152390234256889,0.00039561228265011,0.000331613255420526,0,0,0,0.000307747645258045,0.000681251829986235
0.0748372907623164,0.000106395953347417,0.0254722115003068,0.00400071032785213,0.811818635225052,4.60010888881964,0.185189459657476,0,0.007852202255858,0.829660346451173,0,0.0386665554737572,0,3.90017892973836,0.00155704676676111,0.000396209838922808,0.0267774466168265,0,0.00169476404094641,0.039199379972685,0.017046629589105,0.000881656262054744,0.0536038932649201,0.0128026207332143,0,0.00488514328468661,0.00231289855945615,0.0571710420311115,0.187771412836949,0.0158108941247516,0,0.301312495617483,0.00220588886708342,0.0709238144038145,0.000348187676405879,0.00484906339323355,0.00194445807426567,0.014482713296136,0.0072716849444646,0.0667447163059355,0.228826975365398,0,5.03107864622027e-05,0,0,5.88265472168904e-05,0,0,0,6.65591122599946e-05,0.000110518788939695,0,0,0,0.000291988771256701,5.83260217142563e-05,5.01114257357056e-05,0.00154990644269727,0,0,0,0,0.000128828389924493,0,0,0,0,0,0,0,5.69353065313291e-05,9.03301118904383e-05,0.000756848500094176,0,0,3.49989205008405e-05,0.000697826095695895,0.000120505994186371,0,0,0,0,0.000353246772843418,0.000152575267509743
0.0515745119418983,0.158719952607072,0.00459209476328998,0.164496430661736,0,0.000621280722682506,0.0468527398929373,0.007852202255858,0,0.00298445621795234,0.00414824597110911,1.38809207969048,0.0202942525553749,0.0246575265902957,0.00416842080630253,0.0382924245474608,0.00671049814995604,0.000736591298316935,0.0023665335116783,0.101715716613105,0.00268578669047966,1.5398483309425,0.00830987723061282,3.55330010928693,0.165596586736746,0.0108339018289198,0.0446179443838935,0.19903589538696,0.04889064821601,0.0376396826776673,0.0019260607534407,0.000440582097446719,0.0654225672058405,0.0479959353443877,0.00472382682558876,0.539054369867628,0.0143678189969375,0.0558601262942783,0.0724068011660932,0.612793875007535,0.00842429055260005,0.00114245278867149,0.00979295179580719,0.00238744850529785,0.023012554927839,0.0168782582864184,0.00119630936671698,0.00212616070635278,0,0.0107110479154269,0.0451832619202788,0.000627827836077649,0.00358848672423566,0,0.000148133155176838,0.00411632232020935,0.00456329835466413,1.87249988756301,0.00356365746846137,0.00164154944676178,0.00299717140110081,0,0.00553729442340278,0.000379056273017056,0.00291168667610396,0.000434240531414776,0,0.000247345714675662,0.000196163498210665,0.00122873801380267,0.310739598382845,0.00138974035056342,0.2214983693516,0.0062969670614222,0.000884582600669056,0.00514171013822434,0.0259320513422129,0.0133259452767995,0.00662065774574316,0,0,0.00679941008415246,0.0117505448111882,0.00102785718442079
0.00561839845799315,0,0.0046101158773153,0.746512176449934,0.000230325916014538,0.857138490327752,3.39327290314022,0.829660346451173,0.00298445621795234,0,5.6236841260454e-05,0.891758817291893,0,0.296912663811979,0,3.3325016622027e-05,0.00214362213956564,0,0.000264746520869191,1.65872294284125,0.00466222289698202,0,0.0117393574610685,0.00759680370535599,0,0.000785427169835214,0.000424866563119939,1.35879822747547,0.0279670516062596,0.00370623950356176,0,0.00102838340636506,0.00208871711024924,0.0371958596389579,0.000643760336147008,0.0069342993153353,0.00132010429132126,0.0106457645597898,0.00682185061841845,0.00853839251345826,0.00481403015426504,0,0,0,0,4.28780692371365e-05,0,0,0,0,0,0,0,0,0,0,0,6.12544588716765e-05,0,0,0,0,0.000109612910829204,0,0,0,0,0,0,0,0,0,0.000373548182471587,0,0,0,0,0,0,0,0,0,0,3.86784411038343e-05
0.000192716430712068,0.00697894647708595,0.00173239897595831,0,0,0,0,0,0.00414824597110911,5.6236841260454e-05,0,0,3.06633272003972,3.12402146252415e-05,0,0.000353590951261211,0.000347781065700489,0.705451846832497,1.53817766267865,0,3.65863482664013e-05,0.00476292826498311,0.00051646337543944,0.00232304311462304,0.44219735477575,0.476719896534527,0.0297788494775658,0.000332460982744072,6.91952646119484e-05,0,0.060542860127793,0.000320855904065581,0,0.0355918799547758,0.000155161576368395,0.0112850121121191,0.412493852710096,0.628348400854446,0.0977013614295475,0.000224473150982965,0.000291452551162166,0.26458971034058,0.000206737304970111,0.00237866968158988,0.00286834814681387,0.000752750804455552,0,0,0.000122788487877475,0,0.000248544682609155,0.000172584343386684,0,0,0,2.39175889817055e-05,0,0,0,0.00238300864116682,0,0.00393971054931876,0,0,0,0.000253785494335447,0.00103003480328732,0.00163982151248467,0,0,0.000852742262122015,0,7.50450405071473e-05,0.0337061529439403,0.00732927659689714,0.00765353749403324,0,8.09000884750659e-05,0,0.000867729429771518,0,0,0.000784412124720975,8.67939814059586e-05
0.000312017091398767,0,0,0.673076656248133,0,1.84646589878697,0.00306589542414611,0.0386665554737572,1.38809207969048,0.891758817291893,0,0,0,0.00917461490597042,0.199921816474117,0,0,0,0,9.8681169522872,0.000197014078917154,0,3.24582928799872e-05,0.881380158656517,0,0,2.3676512375388e-05,0.0138021906920363,0.0108125040137193,5.79276184077262e-05,0,0.00130449758070942,0,0.0218886738658078,0.107945514481062,0.0129599268948809,0.000171138814342307,0.00208001709928869,0.00152905385841654,0.437491891788971,0.00417171957793188,0,0,0,0,0,0,0,0,0,0,0,0.00294232964889395,0,0,0,0,0.00014513145087397,0.000108056041503348,0,0.00802573441054295,0,0,0,0,0,0,0,0.0594197251874356,0,0,6.27102191951435e-05,0.000257999475029752,0,0,0,0,0,0,0,0,0,0,0.00031255134844684
0,0.041267267838297,0.000167937716664678,0,0,0,0.000165731437399522,0,0.0202942525553749,0,3.06633272003972,0,0,0.000100364892475642,0.000636547074854219,0.00341977983720525,0,0.000135878391252869,0.0025983605259886,0,0,0.0205918494627219,0.000494519273274013,0.0074445998888361,6.52751295555115,0.401998206912644,0.66912835503236,0.0002133573767383,0.0004478225042391,4.21994068576471e-05,4.34867158940305,0,0,0.00641550648403055,0.000347513376196396,0.28540511261194,0.623125994014737,0.265150480109194,0.240945094618135,0,0.0447597294286919,1.27078569662735,0.0034368763512108,0.00219580386701581,0.001942377670864,0.00138114532936467,0,0,0,0,0.00227061250755706,0.00016100153093665,0,0,0,0,0,0.000804262122412493,0,0.000617715059010869,0,1.50409807184738,5.53651982635999e-05,9.75357269177432e-05,0,0,0.000344243456148389,0.00120986035452611,0,0,0.0046444621472035,0,0.000873684817329566,0.0328431837875107,0.00415749334706431,0.00602767543088451,0,8.14722004969176e-05,0,0.00166850731708852,0,0,0.00100227941234993,0.000238124031201491
3.40025288517772,0.000320951642811687,0.0340370859184348,0.0046536924886883,0.00906154676390463,0.0877089828692644,0.758314145857567,3.90017892973836,0.0246575265902957,0.296912663811979,3.12402146252415e-05,0.00917461490597042,0.000100364892475642,0,0,0.000757160655540161,0.0523016263719631,0,0.00311143224986459,0.0181290786909196,0.0219057477460699,0.000718775798277219,0.0858567033936511,0.0390651302954525,0.000121730816457787,0.00929202145325502,0.00362818631351841,0.065630690156648,6.80398715375406,0.288548248919956,0,0.203154048840151,0.00590656230718053,0.0880417879562729,0.000145399461993305,0.00613973978745576,0.0029132099502595,0.0134046673609639,0.00640425257807333,0.0463963486355854,0.0675562923212325,0,0.000496374822892918,0,0.000240419828535737,0.000172267153411823,0,0,0,0.000382370972321029,6.54258388729755e-05,0,0.000102208411040503,0,0,2.27030974567317e-05,4.00322037158278e-05,0.00490992717338159,0.000285536423788786,0,0,0,0.000154272171010098,0.000110973195230339,0.000162214272569537,0,0,0,0,0,0.000468783833157643,0,0.00342089922253729,0,0,0.000128288186490735,0.000461424066086513,0.000233327803010304,0,0,0,0.000438067861473282,0.000263141204469892,9.43762653972009e-05
0,0,0,0,0.00267717561557341,1.75890002310065,5.12117675035605e-05,0.00155704676676111,0.00416842080630253,0,0,0.199921816474117,0.000636547074854219,0,0,0.000293855211005611,0,0,0,0.000782411769353421,0,0,0.000628129721628319,0,0,0.000141224352296555,4.92585036461065e-05,0.000125630590033083,0.00033269027323644,0,0,0.000409197310666728,0,0.000963999614732078,0.0852872103015472,0.00664231742772694,0.00246622692016306,0.00166198020551688,0.00083779357540039,0.421243784114107,0.00984974672268997,0,0.00238900058102306,0.0019880688571251,0.0029321310410106,0.0118419369257403,0,0,0,0,0,0,0,0,7.00195475186408e-05,0,0,0,0,0,0,0,0,0.0150847248377831,0.0014652798410995,0,0,0,0,0.000575332656873721,0.000271211057536559,6.50265896259281e-05,0,0,0,0.00021201767938923,0.000137870642415374,0,0,0,0,0,0,0.00918412232995617
0.00125315853701931,0.150089180946151,0.0175031544287354,0,0,0,0.00213771889319763,0.000396209838922808,0.0382924245474608,3.3325016622027e-05,0.000353590951261211,0,0.00341977983720525,0.000757160655540161,0.000293855211005611,0,0.0307345344548282,0.000341244878208219,0.00366346446254017,0,0.739816878798813,3.91845655634548,1.57489534885324,1.98180683870555,0.029090477001853,0.0117747320916762,0.91140715946385,0.184833324690617,0.000843341524734559,0.00289127484861613,0,0,0.000594025781927357,0.0170821242374512,0.00400647143743711,0.115375816639075,0.105003874937403,0.247385243759966,0.379121838609907,0.00697345660141716,0.000543372272466098,0.000592399411232125,0.00435354038901461,0.000657279773789533,0.00441517319611787,0.00606743289295126,0,0,0,0,0.0528248227826799,0.000368417752880299,0,0,0,0,0.000207427416122874,0.0166082187856071,0,0,0,0,0,0,0.0246096569182342,0.000949401800631912,0,0,0,0,0.0964067289832658,0.000452916423901942,0.013428310732184,0.00445038506463712,0.000722235506904742,0.0216469964685097,0.000666603854326255,0.000266406450292155,0,0,0,0.000107240060849218,0.00010677185677726,0.00363321966360667
0.0624048957974784,0.0471138779475323,0.988786092444477,0.000265103339355763,0,0.000926007652517819,0.0484888202254212,0.0267774466168265,0.00671049814995604,0.00214362213956564,0.000347781065700489,0,0,0.0523016263719631,0,0.0307345344548282,0,0.00306652126490288,0.709691911555914,0.000244713784126917,0.0783120002755448,0.00860190325348661,1.47731874602129,0.0152999891437246,0.00139543374926048,1.75951515449407,0.248030193391422,0.0532365845415302,0.0865459248622901,0.0237085567501988,0,0.000249136328267848,0.0035083021449233,0.0229169968914881,0.000381071518227444,0.0121862838202134,0.134048843945109,0.0928985524242619,0.044221977999386,0.000501915047230284,0.000324342833555387,0,0.000447980158017967,0.00105091064011582,0.000577959545726805,0.000882632450430058,0,0,0,0,0.0130209296825213,0.000434280526944095,0,0,0,0,0,0.000405591567159311,0,0,0,0,0,0,0.00139803167037287,0.000613634182501495,0,0.000277680031196603,0,0.000216278529420395,0.00244991429098694,6.77698637451185e-05,0.000820613647343211,0,0.000385077216249523,0.0057644713175913,0.000309165626054132,0,0,0,0,0.000236767556016843,0.000242728218615595,9.33781588787029e-05
0,0.00201380984262198,0.00115568274710735,0,0,0,6.14707409856141e-05,0,0.000736591298316935,0,0.705451846832497,0,0.000135878391252869,0,0,0.000341244878208219,0.00306652126490288,0,2.55651547488265,0,0.000409202595450094,0.000291230547610023,0.000359465497432861,0.000106120142817957,0.0122862478310731,0.239698637413201,0.00310150549843169,0,0,0,0,0,0,0.000268053835378756,1.11496912971156e-05,0.00052532110471186,0.0219410687825838,0.00671868701783215,0.00376032924752422,0,0,0,0,0.000650734068729482,0,0,0,0,0,0,0.000342551383334701,0,0,0,0,0,0,0,0,0,0,0,0.000145685548582665,0,0,0,0,0,0,0,0,0,0,0.00470306778222189,0.0013294747244281,0.000501384468115987,0,0,0,0,0,0,0.000359867107150875,0
0.00656806394408354,0.0196689440525446,0.0773682582380457,0,0,0,0.00281268745011141,0.00169476404094641,0.0023665335116783,0.000264746520869191,1.53817766267865,0,0.0025983605259886,0.00311143224986459,0,0.00366346446254017,0.709691911555914,2.55651547488265,0,0,0.00343660725701558,0.00364822553589125,0.018977952954294,0.00229064972154721,0.0132387941048395,2.24019454094944,0.0558943433429907,0.00308673455610505,0.00184116101177606,0.00120463856673876,0.000321049888664632,0,0.000712396224559847,0.00229461792863264,7.5376172982177e-05,0.00948051822475365,0.147604431286108,0.046293343327433,0.0200080983303356,0,0,0.000354282452973941,0.000187295587330934,0.00071404720079829,0.00239768467774173,0,0,0,0,0,0.00334976314157658,0,0,0,0,0,0,0.000956628766806586,0,0.000631526392833471,0,0,0,0,0.00051416217917908,0,0.000186045440715006,0.000223961155387494,0,0,0.00115226471211735,0,0,0.011461365444784,0.00214006377165684,0.00398673343610378,0,0,0,0,0,0,0,1.25802648951817e-05
0.000717951449488257,0,0.000540204374511247,6.09126659379687,0.00116683770619712,0.0241749324210798,0.00399989705673422,0.039199379972685,0.101715716613105,1.65872294284125,0,9.8681169522872,0,0.0181290786909196,0.000782411769353421,0,0.000244713784126917,0,0,0,0.000453015344598275,0,0.000297786464747644,0.477935839724782,0,0,0,0.157356185836359,0.0177670887535518,0.000328964721579882,0,0.000649177689043439,0.00130845267973075,0.0439499879920386,0,0.00197200049400138,0.000353260539230932,0.00740792763065682,0.00692298445909151,0.0294856695832825,0.0112433452721084,0,0,0,0,0,0,0,0,0,0,0,0.00609332019307665,0,0,0.000144219286362483,0,0,0,0,0.0150943098771667,0,0,0,0,0,0,0,0.148496641036896,0,0,0,0.00108788019266781,0,0,0,0.000154535027499865,5.15712427398883e-05,0,0,0,0,0.000156465204191884,0
0.0202204520487208,0.000819014429413364,0.121709001530914,0.000778255834008586,0.000149990488538046,0.00166395834223749,0.10879257634016,0.017046629589105,0.00268578669047966,0.00466222289698202,3.65863482664013e-05,0.000197014078917154,0,0.0219057477460699,0,0.739816878798813,0.0783120002755448,0.000409202595450094,0.00343660725701558,0.000453015344598275,0,0.00295430711322945,5.82423793136857,0.0140674982207319,0.000555270186593779,0.0148961253975811,0.0257133563679033,1.37679829825558,0.338357944217994,1.79401505719847,0,0,0.723981500602283,0.101959394260788,0.00332757536836045,0.0445039061673979,0.0321973325802842,0.147813652484229,0.106960184580447,0.000770424429538366,0.000267125142815704,6.66194099569178e-05,0.000622739104325074,0.000386538095471053,0.000123297334316992,0.000405431622050505,0,0,0,0,0.000171843284092441,0,5.32473798490122e-05,0,0,0,0,0.000509616419872813,0,0,0,0,0,0.000445132543125453,0.000504094779057726,0,0,0,0,0,0.000195269629735016,0.000253997724168897,0.000788023279601519,0.000384840873637849,0,0.000112682366067602,0,0,7.99466249532844e-05,0,0,0,0,0.00164945779273313
0.00184194327550996,1.14544664501707,0.00427628945411596,0,0,0.000395310820259714,0.00264109723980219,0.000881656262054744,1.5398483309425,0,0.00476292826498311,0,0.0205918494627219,0.000718775798277219,0,3.91845655634548,0.00860190325348661,0.000291230547610023,0.00364822553589125,0,0.00295430711322945,0,0.0226513622025847,1.31141616129088,0.270317189993559,0.0141828530119187,0.89035183046204,0.0373070013943483,0.00225304222923811,0.00262116084816844,0.00167668515730924,0,0.0061769669441142,0.00832700039705649,0.00137737746295021,0.0362229453983615,0.056446225565389,0.0958182004239897,0.136562554952714,0.00603134255397792,0.00109204976570887,0.00237083575874568,0.00785436333466333,0.00295182119809639,0.0143722328865635,0.0110520393585218,0.00120441658729571,0.000786808846636053,0,0.000882497776092577,0.429646888112121,0.00126383069263677,0.000219989644461696,0,0,0.000655000641896224,0.000123811120929847,0.548037364603912,0.000143161509634504,0.000421566827538186,0,0.000111031983214993,0.000413199289756846,0.00230625859557271,0.0858753664302037,0.00286998269230644,0,0.00153886893603651,0,0.000838724915904807,1.66747659286875,0.000394986465065352,0.102862283102011,0.0220304807701869,0.00196998586815685,0.0446505829073952,0.00699492591536462,0.000971222372895368,0.00193175681453453,0,0,0.000239027056292805,0.00612340062986441,0.000787910123412426
0.0636756512283408,0.0058200851146422,2.30456485335904,0.0013279698266571,0,0.00408753869919896,0.217720972383959,0.0536038932649201,0.00830987723061282,0.0117393574610685,0.00051646337543944,3.24582928799872e-05,0.000494519273274013,0.0858567033936511,0.000628129721628319,1.57489534885324,1.47731874602129,0.000359465497432861,0.018977952954294,0.000297786464747644,5.82423793136857,0.0226513622025847,0,0.0606973959135406,0.00100807334511853,0.115871760972478,0.775758643738209,0.379562700560416,0.57979937229533,0.110934939332836,0,0.000123138728236644,0.0282899473518011,0.13811013358493,0.00941112273119501,0.12739436457842,0.170805940330333,0.45436134978912,0.427344307300792,0.00878989137459684,0.000299997623898948,0.000360808891866047,0.00526755745545818,0.00107222842693596,0.00145378444549498,0.00262357850212872,0,0,0,0,0.0023614256920291,0.000111254077638104,0,0,0,0,0,0.00241857120032551,0,0,0,0,0,0.00110463068248765,0.00119715488192145,0,0,0,0,5.38736046400007e-05,0.00406752131992181,0.000109865389272453,0.00238170856799232,0.0004350063930315,0.000171322400425321,0.00289113709121416,9.31410695273636e-05,0.000133268288951919,9.94846822802223e-05,0,0,0,0,0.00710921610278226
0.0368593850181238,0.079821551848589,0.0128549900908377,2.70508014296085,0.000165461358577201,0.0020069118456529,0.184078192712318,0.0128026207332143,3.55330010928693,0.00759680370535599,0.00232304311462304,0.881380158656517,0.0074445998888361,0.0390651302954525,0,1.98180683870555,0.0152999891437246,0.000106120142817957,0.00229064972154721,0.477935839724782,0.0140674982207319,1.31141616129088,0.0606973959135406,0,0.0504013686765759,0.0123852237847632,0.15682266063052,1.95302115722384,0.0661574064090964,0.0462189366205121,0.000380839271822394,0.000364417466466226,0.0411761415390993,0.0530325855059532,0.00250432059895461,0.0642889211919759,0.0259458820528959,0.0934053359832304,0.0817451718724699,0.01332749805989,0.0043367170175368,0.000651921431760101,0.00788684498967968,0.00144297628723194,0.00673470969760518,0.00700823662105429,0.000214735135319961,0.000693941806131739,0,0.00234506513810356,0.0219614410317643,0.000192431315765136,0.00610287590366494,0,0,0.00260018144666797,0.00259284201082441,0.138912457001546,0.00116762546763014,0.000936030278104987,0,0,0.00311881904259392,0.00026736643595604,0.00507830296966817,0.00015111249432263,0,0.000141115061716164,0,0.00017396720604301,0.0583780768349172,0.000718739950608227,0.0845592701554153,0.00393010077429766,0.000763944589848436,0.0109622006492492,0.0159008638192312,0.00799261959194097,0.00324442545096032,0,0,0.00134528865217848,0.00416199072847955,0.00150929035085941
0.000551941659670389,2.20860200084328,0.00120662264762127,0,0,0,0.000118156715241272,0,0.165596586736746,0,0.44219735477575,0,6.52751295555115,0.000121730816457787,0,0.029090477001853,0.00139543374926048,0.0122862478310731,0.0132387941048395,0,0.000555270186593779,0.270317189993559,0.00100807334511853,0.0504013686765759,0,0.322377804791044,0.866397141380786,0.00147558765597198,0.00041900344802525,0.000203023328116561,0.0789454839225906,0,0.000434353487590265,0.0062033730853569,0.000339986033241077,0.0380913402251118,1.04804060579302,0.404730935911526,0.184589954405143,0,0.000428135853620872,0.941420736132028,0.00168264379688309,0.0104362491089377,0.01785261921079,0.00727203070730522,0.0003223496217432,0,0,0.000202900081663487,0.0994533431546019,0.000470722272929729,0,0,0,0.000124774520915617,0.000149098955748696,0.017161601581761,0,0.00388965550554797,0,0.17956198974097,5.76836619325528e-05,0,0.00420800319719432,0.00136207217006618,0.00265268159194382,0.00998077805662323,0,0,0.0349777418414015,0,0.00591041805965876,0.27002696282088,0.0259183000242099,0.040330480972975,0.000218345011523163,0.000101537413040531,0.000286727195001984,0.00325874496274844,0,0.000966115846790308,0.00406649224112378,0.000158606555366598
0.00658188054796339,0.0639884342472196,1.99867809464985,0.000245541404530802,0,0.000445895503138671,0.0151749938987687,0.00488514328468661,0.0108339018289198,0.000785427169835214,0.476719896534527,0,0.401998206912644,0.00929202145325502,0.000141224352296555,0.0117747320916762,1.75951515449407,0.239698637413201,2.24019454094944,0,0.0148961253975811,0.0141828530119187,0.115871760972478,0.0123852237847632,0.322377804791044,0,1.64589869110361,0.0205639048205922,0.00207554677983801,0.00484343377536517,0.801549378277685,0,0.000593633274122878,0.00734838437572433,0.000682144326989519,0.0471256340291127,0.466434506053569,0.13103039983369,0.0668667020385166,0.000167795141147006,0.000179869322594562,0.00386343138851975,0.00189791251060789,0.0131775125286478,0.0124624213808917,0.00369540525954018,0,0,0,0,0.0197079106673576,0.00015234502968857,0,0,0,0,0,0.00103995890847742,9.49268142635138e-05,0.00556289659394624,0,0.00438684278867101,0,0,0.00068183365964601,0.00039424987821433,0.0033600159495712,0.00621801126996969,0,0,0.00173269352288182,9.21956973426834e-05,0.00087926933326752,0.0755944698064837,0.0328872400184245,0.0458893623533068,7.22429215480899e-05,0,0,0.00254703778954484,0,0,0.00277256114267864,0.000635560747097393
0.00244863702370028,1.42506624968123,1.17582506850799,0.000136735010026534,0,0.000140355143483383,0.00935731022543798,0.00231289855945615,0.0446179443838935,0.000424866563119939,0.0297788494775658,2.3676512375388e-05,0.66912835503236,0.00362818631351841,4.92585036461065e-05,0.91140715946385,0.248030193391422,0.00310150549843169,0.0558943433429907,0,0.0257133563679033,0.89035183046204,0.775758643738209,0.15682266063052,0.866397141380786,1.64589869110361,0,0.059509332137797,0.0013953171380084,0.00395835648112416,0.36432848508637,0,0.00133693910234084,0.0270424586374111,0.00419563698716644,0.0831554929507675,0.249081209960731,0.401736407012357,0.194816266419161,0.00275556287487788,0.00123267049049279,0.0020138112610831,0.00526392327216745,0.0131894366577793,0.0219880145450962,0.00684965595402509,0,0,0,0.000230850576986306,0.128473387910069,0.00171570545356851,0,0,0,0.00027532081836288,0,0.0100281793464317,0,0.00430220346116688,0,0.00243893110013652,5.53394036235367e-05,0.000238616116112169,0.0185043843876636,0.00309779283369338,0.00123424908649624,0.0084429397179573,0,0.000407234469549644,0.0697584180499872,0.000407145548087772,0.0157432052484219,0.0656459669691496,0.0378014464591525,0.145867310174182,0.000615919050145423,9.75140825749338e-05,0.000113279844970478,0.0007036584541543,0,5.34184564716057e-05,0.00707905898390994,0.00384149433073901
0.0464278088878976,0.00417264021207739,0.0979687993561086,2.2712091060201,0.000122050619005214,0.0399935099527915,4.08411801310099,0.0571710420311115,0.19903589538696,1.35879822747547,0.000332460982744072,0.0138021906920363,0.0002133573767383,0.065630690156648,0.000125630590033083,0.184833324690617,0.0532365845415302,0,0.00308673455610505,0.157356185836359,1.37679829825558,0.0373070013943483,0.379562700560416,1.95302115722384,0.00147558765597198,0.0205639048205922,0.059509332137797,0,0.0742449506665643,1.17241940285193,0,0.000268798020414022,0.0412140954357005,0.0953542162797839,0.00539421788527384,0.0996364109296691,0.0303552458168316,0.191810834494927,0.141211809621701,0.00271422172180668,0.00450733434057026,0.000243701715013839,0.00436860365992183,0.000870399325298208,0.00321991001306799,0.0015946634348722,0.000235264484325856,0.0004338040101619,0,0.00170966056619598,0.00116458844358238,0,0.00101942911752793,0,0,0.00139099504784569,0.00150460140559462,0.0312195785875308,0.00222815316828013,0.000254168254575861,0.000314995046704333,0,0.00201996728225113,0.000547461994275712,0.00137603149026634,0.000164108015402993,0,0,0.000133241505729047,2.24209697674014e-05,0.00499968577654787,0.000103069211516684,0.034096730837209,0.000632822970341019,0.000176362549479066,0.00167729394018196,0.00896259409914585,0.00237903423705026,0.00152514211754351,7.68004741303055e-05,0,0.00111230157909396,0.00181224363201379,0.00310179316965511
1.25067308372479,0.00030772515949761,0.00447826825781439,0.00560517101941282,0.0643009711972424,0.0794510123559132,0.0581634784850369,0.187771412836949,0.04889064821601,0.0279670516062596,6.91952646119484e-05,0.0108125040137193,0.0004478225042391,6.80398715375406,0.00033269027323644,0.000843341524734559,0.0865459248622901,0,0.00184116101177606,0.0177670887535518,0.338357944217994,0.00225304222923811,0.57979937229533,0.0661574064090964,0.00041900344802525,0.00207554677983801,0.0013953171380084,0.0742449506665643,0,2.15246548884209,0,0.828557511190665,2.69687342499727,1.71896564204124,0.000190175324046046,0.0278553487709832,0.00259477535757949,0.0345914733538488,0.0142192186885825,0.0699314676196882,0.299261686822068,0.000255174819811787,0.000359994250377479,0.000157482558503785,0.00103516084331745,0.000408396920635389,0,0,0,0.000506118933212068,0.000121684756372309,0,0.000164532155220464,0,0,0.000313577089073373,0.000284272641524275,0.00919983270961383,0.000433781861945754,0.000126468840661229,5.76449641450814e-05,0,0.000250570647711838,0,0,0,0,0,9.22337641350926e-05,0,0.00123067026698603,6.58440922248903e-05,0.00774097290420968,0.000338790622778284,0,0,0.00211519171895109,0.000785468920211008,0.000328503483410553,0,6.57279471108986e-05,0.000330469184838932,0.000579998880577328,7.84231722965063e-05
0.344400692160539,0.000705260773698861,0.0252819688447393,0.000650558523005708,0,0.000936690273889942,2.38516551544906,0.0158108941247516,0.0376396826776673,0.00370623950356176,0,5.79276184077262e-05,4.21994068576471e-05,0.288548248919956,0,0.00289127484861613,0.0237085567501988,0,0.00120463856673876,0.000328964721579882,1.79401505719847,0.00262116084816844,0.110934939332836,0.0462189366205121,0.000203023328116561,0.00484343377536517,0.00395835648112416,1.17241940285193,2.15246548884209,0,0,0.000136419195103736,0.555151693537911,0.183859649117043,0.000438863914214345,0.0130576973393133,0.00561145981501352,0.028724872960544,0.019747494624789,0.000171131660733253,0.00146764258965169,0,0.000719672067283826,0.000352676887128704,0.000640717025982469,0.00024588749921098,0,0,0,4.98149626887777e-05,0.000320453980563934,0,0,0,0,5.27327188953606e-05,8.94691780624996e-05,0.0131200718107158,0.000108907370003969,3.81899432388504e-05,0,0,0.000156988776132773,4.28618300873679e-05,0,0,0,0,0,0,0.000887954805573124,0,0.00562922343675653,0,0,3.34256414948383e-05,0.00154725374046558,0.000784357715313887,0.000593704129608013,0,0,0.000104856185321973,0.000583544565496881,0.000205447467914343
0,0.00220633713868219,0,0,0,0,9.46351485663233e-05,0,0.0019260607534407,0,0.060542860127793,0,4.34867158940305,0,0,0,0,0,0.000321049888664632,0,0,0.00167668515730924,0,0.000380839271822394,0.0789454839225906,0.801549378277685,0.36432848508637,0,0,0,0,0,0.000224407921997705,0,1.88971716871128e-05,0.000220956635786234,0.00578626096130788,0.00423779954972385,0.000754860449018888,0,0,0.00308464170975494,0,0,0,0,0,0,0,0,0,0,0,0,0,0,0,0,0,0,0,0,0,0,0,0,0,0.000248318738221672,0,0,0,0,0,0.00233100164246895,0.000176853215069914,0.000151303745566252,0,0,0,0,0,0,0,0
0.00110759443226115,0,0,0.000211630308656563,4.31010073618463,0.530907235494861,0.000431631770382783,0.301312495617483,0.000440582097446719,0.00102838340636506,0.000320855904065581,0.00130449758070942,0,0.203154048840151,0.000409197310666728,0,0.000249136328267848,0,0,0.000649177689043439,0,0,0.000123138728236644,0.000364417466466226,0,0,0,0.000268798020414022,0.828557511190665,0.000136419195103736,0,0,0.00111586340713078,0.983967649238303,0,0.00092817353902248,0.000718654184721501,0.00724336839648778,0.000730271324218768,0.137812664078413,2.83525934568892,0,0,0,0,0,0,0,0,0,0,0,0,0,0,0,0,0,0,0,0,0,0,0,0,0,0,0,0,0,0,0,0,0,0,0,0,0,0,0,0,0,0,0
0.0818954727691103,0.00141035260271597,0.00196114966780224,0.00206720728775628,0,0.000878340235504903,0.0107758182728209,0.00220588886708342,0.0654225672058405,0.00208871711024924,0,0,0,0.00590656230718053,0,0.000594025781927357,0.0035083021449233,0,0.000712396224559847,0.00130845267973075,0.723981500602283,0.0061769669441142,0.0282899473518011,0.0411761415390993,0.000434353487590265,0.000593633274122878,0.00133693910234084,0.0412140954357005,2.69687342499727,0.555151693537911,0.000224407921997705,0.00111586340713078,0,1.4052670508985,3.93437262452287e-05,0.00800333425422234,0.00339558500662571,0.0489446568272153,0.0277532725747184,0.00108820584835728,0.0181740924628349,0,0.00199390025453457,0,0.00166981821467392,0.000681075646887302,0.000974167867994015,0.000489927247330282,0,0.000450847803024214,0.000501153220789641,0,0,0,0,0.000148980445864353,0.000199163776565541,0.0110427953731292,0,0.000242640998569582,0,0,0,0,0,0,0,0,0,0,0.00208010142703969,0,0.00634111299889937,0,0,0,0.00114758970249702,0.00118286018264875,8.14460205946325e-05,0,0,0.000333451016289524,0.000430185190581439,5.87206514461738e-05
0.0342763187072447,0.00295553229618257,0.0178890407483166,0.00379421917500091,0.489443839441295,0.0899568079485245,0.0328153274675605,0.0709238144038145,0.0479959353443877,0.0371958596389579,0.0355918799547758,0.0218886738658078,0.00641550648403055,0.0880417879562729,0.000963999614732078,0.0170821242374512,0.0229169968914881,0.000268053835378756,0.00229461792863264,0.0439499879920386,0.101959394260788,0.00832700039705649,0.13811013358493,0.0530325855059532,0.0062033730853569,0.00734838437572433,0.0270424586374111,0.0953542162797839,1.71896564204124,0.183859649117043,0,0.983967649238303,1.4052670508985,0,0.000914511157834266,0.0965400167391292,0.320720795190053,4.28280253342489,0.365739182715736,0.133987451201742,0.888208414960018,0.0413537991271161,0.000798298001871524,0.00129997069054213,0.00139005884828429,0.000767596855824036,0,0,0,0,0.00151569375832056,4.77509137164359e-05,0,0,0,0.000337240182246846,0.000305373968223521,0.0115582823160858,0.00047770472435894,3.33752344087719e-05,0,0.000530830444397897,0.000783805528081582,0.000171057125693846,5.48448616260206e-05,0,0,0.000452704224481985,0,0,0.00107522305485784,8.18447427023139e-05,0.00827263137233832,0.000100633521921079,0.000565388897790808,0.00110678575931026,0.00168756311278505,0.00064506387723478,0.000103433712371218,0,0,0.000146798306813772,0.000708818096993697,0.000560436006034885
1.63859773469858e-05,0.000218430223093409,0.000961834391053201,9.36365127484533e-06,0,0.187464236395344,0.00110833708013152,0.000348187676405879,0.00472382682558876,0.000643760336147008,0.000155161576368395,0.107945514481062,0.000347513376196396,0.000145399461993305,0.0852872103015472,0.00400647143743711,0.000381071518227444,1.11496912971156e-05,7.5376172982177e-05,0,0.00332757536836045,0.00137737746295021,0.00941112273119501,0.00250432059895461,0.000339986033241077,0.000682144326989519,0.00419563698716644,0.00539421788527384,0.000190175324046046,0.000438863914214345,1.88971716871128e-05,0,3.93437262452287e-05,0.000914511157834266,0,0.0824142359859465,0.0407579867005965,0.0171147293671149,0.0239351291432789,0.00495589472341783,0.000321467006354174,0.000301105901794203,0.0283311771087155,0.019614466471335,0.0191128773875075,0.042040141013905,0.000283766516323544,4.10447514233763e-05,0.000207846338678767,0.000240190671595974,0.000261322722852571,0.000830572013204407,0,0,0.00232482487820413,0.000244598869817484,7.75635222007465e-05,0.000763424617489835,7.13183723177078e-05,0.00013993200309346,0.000493539042169726,8.25353318604301e-05,0.000148259070303498,0.020805176628429,0.0028141550556396,0.000191648441102061,4.73437836580881e-05,5.51573417414053e-05,0,0.00221340093702695,0.000625315380801654,0.0036937677486883,0.0012921878256699,7.94585944092281e-05,0.000417717385625523,0.0023821648271571,0.00275221501001886,0.000490571803261487,0.000259531988056708,1.26101904799087e-05,0,0,0.000243483669201668,1.04115765777477
0.0037223748764525,0.0175912924529993,0.0274759324233026,0.00105033377334295,0,0.00193036453106567,0.0225808848011026,0.00484906339323355,0.539054369867628,0.0069342993153353,0.0112850121121191,0.0129599268948809,0.28540511261194,0.00613973978745576,0.00664231742772694,0.115375816639075,0.0121862838202134,0.00052532110471186,0.00948051822475365,0.00197200049400138,0.0445039061673979,0.0362229453983615,0.12739436457842,0.0642889211919759,0.0380913402251118,0.0471256340291127,0.0831554929507675,0.0996364109296691,0.0278553487709832,0.0130576973393133,0.000220956635786234,0.00092817353902248,0.00800333425422234,0.0965400167391292,0.0824142359859465,0,3.26435961417657,0.569063142709132,0.538793441279409,0.878606188424115,0.0318809322181251,0.130613182134954,0.0897912647241914,0.0267956202026221,0.019685946480605,0.0269996550860663,0.00116228823397684,0.000333075387700132,0.000211471103514686,0.000597877382863618,0.00773602356549754,0.00181675191917309,0,0,9.45600891276901e-05,0.000524664038744615,0.000110630146662789,0.0107315152174769,0.000122901484775569,0.000329589672429298,0,0.014136552516587,0.00011519007539253,0.0160597085554186,0.00566377203620501,0.000606242548169744,0.000216658240645349,0.000318185484260659,0,0.00117109722120721,0.00797912617860264,0.0021353230993971,0.00673907776396604,0.00313895406311598,0.00170087329352962,0.00602277860019726,0.00247084426010407,0.000648257188398901,0.000472663125404881,0,0,5.84295276595459e-05,0.000930980827056192,0.0466408323260265
