0,0.000469271778457323,0.0261932562958388,0.00463963735188927,0,0.0044949147184072,1.73775487099877,0.371583587776768,0.0757959645485043,0.0117985769990865,0.00207911665940507,0.0010611034438579,0,4.87340052742424,0.000416887170491452,0.00218809069360971,0.0447204544386477,0.000804401571164206,0.00911119687432619,0.00845760944167369,0.0504753208524834,0.00302207470618971,0.0767561578903042,0.0473704082354242,0.000673263448933985,0.0176738470698331,0.00606483658937083,0.0525380144904499,0.731732638933551,0.489978936798191,0,0.000968448816402154,0.0375640707611106,0.109564550793885,1.24470197080212e-05,0.00649388499121841,0.00439318209327241,0.0335572125426435,0.00863111578355398,0.0105612024067544,0.0022492901189825,0,0.00163700780331616,0.000894791108332881,0.00142045254169504,0.00167358970166225,0.000439805389139597,0,0,0.000894472597239675,0,0,0,0,0,0.00153629231452188,0,0.00651309365405954,0.000265338421111173,0,9.54902859293203e-05,0,0.000390599207725174,0,0.000785167631045062,0,0,0,0,0.000128130129761945,0.00110568757236529,5.91654241902857e-05,0.00768232881157536,0,6.55808491911748e-05,0.000109587067849088,0.00680741664969943,0.00203532104573136,0.00095277626724672,0,0,0.00298248940059038,0.00200465837193891,5.43152008830791e-05
0.000469271778457323,0,0.035682610785561,0,0,0.000202768048230915,0.00139905836109048,0.000998809039464647,0.136986618557973,0.000258326686694132,0.0166972427150524,0,0.122590746562145,0.000422112787444334,0,0.139743882527664,0.0570689458455029,0.00494231579418637,0.0278797197789392,0.000296540894484335,0.00217292443856486,1.72843749140126,0.0100507554990814,0.0481252381803922,1.43092756347688,0.180777383922576,2.56460897599907,0.00410976526030083,0.00265652233098383,0.00231652464040207,0.030145322354111,0.000157929618987793,0.00026812130508265,0.0833904634394637,0.000574233383236822,0.0389751495618066,0.0383305063595275,0.207888452177077,0.0772799883651658,0.00156088067124376,0,0.0113467957941091,0.0159389948248737,0.0359825335732859,0.0348593593513332,0.0196540358925484,0.00195846758812664,0,0.000503349971276323,0.000323324185257972,0.535374629358437,0.0284012116501526,0,0,0,0.00151629874602897,0,0.0727228853453729,0,0.00129020716030152,0,0.0148876444873115,0.000206745783245567,0.000162202770231087,0.0676773516561831,0.0116651979540493,0.0032155668017379,0.0025012112364836,0,0.00160061036330852,0.258450406636254,0.0116410776397452,0.0141919646265023,0.275407403306208,0.0216591900666239,0.120673917684062,0.00192160637410583,0.000713676272290687,0.00221820722854872,0,0,0.000375107064443374,0.00378626965817056,0.00059404741550876
0.0261932562958388,0.035682610785561,0,0.000305357403155159,0,0.00535356617146236,0.232301852410351,0.0512551832012087,0.0202147231500577,0.00650485452202587,0.00445274373342813,3.98544190138087e-05,0.00231289659849172,0.0149282838904578,0.000155426193930129,0.0492006702487901,1.38089294755042,0.00390126507409535,0.0331810238382084,0.000289085926183325,0.193656078500779,0.0589725737508027,2.76223358131901,0.0312258974158714,0.00203453486046906,2.33778044017991,2.11804013953382,0.226468597532649,0.012203396733693,0.0865726469584545,0.00139696808861327,0,0.00245903195722722,0.315524933570579,0.00297906080329172,0.189239627142485,0.224757955997365,0.529757873332414,0.205455969528044,0.00510627315599332,0.000716723913510488,0.000558634781071856,0.0048602321431639,0.00300848128910615,0.00654372303643858,0.00435388694180753,0.000223643529041698,0,0,7.19036484852532e-05,0.00679069713533511,0.00184389482337466,0,0.000105400249724693,0,0.00111065251143045,0.000142945385796731,0.00479070496483953,0,0.000123295995620705,0,0.000456036036538758,0.000130654841161137,0.00159299669327851,0.0129411544511487,0.000813157206734562,0,8.40018651017144e-05,0.000286476570281281,0.000468837323488185,0.0212291658206539,0.00355030917929116,0.0030516914295407,0.00183085861566717,0.000657383409188921,0.0115019655544553,0.0017685838304662,0.000544789234561958,0.00036910444200055,0.00012381983286922,0,0.000415745103197878,0.000614293127260385,0.0026161716072388
0.00463963735188927,0,0.000305357403155159,0,0,0.0344780510892482,0.0563290316032382,0.0207701381467677,0.161253080768034,1.90099088293241,0.000383633322027831,1.44452262705661,0,0.00664577874234296,0.00191933077902535,0.000456717448017124,0.000162633247495322,0.000110634629628459,0.000867459039318277,14.5104732235367,0,0.000125029275888307,0.000303108692849953,7.23253638095297,0,0.000366660095686912,0.000111475229253883,2.39289512480826,0.0163829172922192,0.000807553327047903,0,0,0.00140718392669269,0.0249536988975477,0,0.00715543747683869,0.000697257517882188,0.0155184267394564,0.0133032508752362,0.0160334109221402,0.000755473784101214,0,0.000816849888685806,0,0.00210477195993711,0.00135700378043157,0.00188031387311532,0.000226901395382333,0,0.00073143065349833,0.000169855669683752,0,1.15520924788397,0,0.000301396530887024,0.00325154817343224,0.00117294292405473,0.00622984823260646,0.00176489024257355,9.72247271868571e-05,0.0758681205972629,0,0.00109183796499202,0,0,0,0,0,0.213285582518922,0.000194321983008594,0,0,0.0155951726937824,0,8.39818282472324e-05,0,0.0075325812099563,0.00189375876703444,0.000630600251604696,0,0.000902831889465546,0.00113610234901527,0.00128830686100129,0
0,0,0,0,0,0.445158306013908,0.000363952289942768,0.395915930456861,0,0.000102046367777497,0.00490662053691419,0.000290874350469657,0,0.0259202008600708,0.0033265608902598,0,0,0,0.000148605766474877,0.000509973627636339,0,0,0,0,0.000187502823900419,0.00010065116848403,0,0,0.0103002393909701,0,0,0.516767953386512,0,0.00858899898959857,0,0.000105868220583084,0,0.00432968844394552,0,0.201597246639718,0.215180327343716,0,0,0,0,0,0,0,0,0,0,0,0,0,0,0,0,0,0,0,0,0,0,0,0,0,0,0,0,0,0,0,0,0,0,0,0.000117726857348927,0,0,0,0,0,0,0
0.0044949147184072,0.000202768048230915,0.00535356617146236,0.0344780510892482,0.445158306013908,0,0.178243262333699,2.1620393608828,0.0186461533450791,1.99758467564784,0.00192969671686648,5.45583754536238,6.73165748151855e-05,0.0843499331293272,2.52968345625286,0.000375186891722307,0.0015498661418344,0.000401099500569827,0.00196041422137096,0.299145188113677,0.002275069651453,0.000410676110180937,0.00376025506018682,0.0358811361044439,0.000165247326461893,0.00175944239532609,0.00158586023770144,0.0575623916126817,0.0494470305766484,0.00395751599417391,6.8709644173973e-05,0.0555069284257693,0.00347988066779183,0.0561281196305662,0.126850239831659,0.00600881322042326,0.000858147268544881,0.0199572983741046,0.00313903801348434,0.955669544554859,0.0354077366553554,6.80313111451267e-05,0.00096506887997658,5.3596550664301e-05,0.000901677513158211,0.000245309213137195,0.000325463857874519,0,0,9.15581177149873e-05,0,0,0.000539138588282625,8.31608800680923e-05,0,0.00122489179492098,0,0.00130915230740327,0,0,0.000691165887102713,0,0.000150407119561237,5.65726794997117e-05,9.0098553349174e-05,0,0,0,0,7.05252531006317e-05,0.000101436044944758,5.36983098183971e-05,0.00278399518434607,0.000324111285843651,0,2.02658556490577e-05,0.00212209263409214,0.000493583027418836,0.00048489104392949,0,0,0.000318335018597301,0.000804781615502805,0.000543366866104694
1.73775487099877,0.00139905836109048,0.232301852410351,0.0563290316032382,0.000363952289942768,0.178243262333699,0,0.857105070986722,0.338851987470512,2.27656289902242,0.00375322323654395,0.0128379594441543,0.000249516074989229,1.51419809735723,0,0.00812466012176472,0.0327539600524946,0.00107243444943516,0.00635223960124648,0.0396578529707135,0.127593009723862,0.0113943864048693,0.19798694703211,0.342008228363479,0.000246161049146261,0.027366946853863,0.0474328627957266,3.72916501322252,0.132661381792517,1.28919431182229,0.000129200850900626,0.00103857628079373,0.0232896213204858,0.141252728903334,0.00111218044506799,0.0802761793811888,0.0192065313928178,0.131706662198317,0.0667497659858763,0.0252285657725361,0.0027920614319381,0.000619686697768533,0.015948264909221,0.000949452239236951,0.0112086489328299,0.0119368710738689,0.00154118289847304,0.00072369166148335,7.83009401705507e-05,0.00251079875690205,0.000302964183975553,0.000452074068969938,0.00162216893538506,0,0.000466131906029271,0.023080993467992,0.00190050499740648,0.0331819536187194,0.000953371587903351,0.000745137452419052,0.000677079517324799,0.000156772043012446,0.00707983307802151,0,0.00406724348244854,9.88496755526414e-05,0,0,0.000568361059592263,0.000536415210918488,0.00236840698042382,0.000967071488080385,0.0656978828903357,0.000177633937130749,0.000292593216315106,0.00077292016162514,0.0619116890402373,0.0142885073309251,0.0107963169857728,0,0.000151262736705998,0.0108306045483558,0.0186948865604884,0.000692788225543283
0.371583587776768,0.000998809039464647,0.0512551832012087,0.0207701381467677,0.395915930456861,2.1620393608828,0.857105070986722,0,0.0405781963528069,0.774965202407221,0.0166120479898712,0.0731993238235146,0.000209711098375213,3.13922364987743,0.027665974843625,0.00250329641104215,0.030982038479131,0.00180930539861504,0.0135095174152803,0.106590699656032,0.037537081925946,0.00470087975666574,0.0929165104116956,0.0555868974145624,0.0014420508187727,0.0264019821263027,0.0152975208111041,0.0874602686376658,0.216268140906346,0.112194346873794,0.000398058850998045,0.408824270927259,0.00836704423802504,0.284112934626306,0.000209318419263398,0.0157906828831858,0.00379384109920012,0.0851467751781004,0.0150678678355215,0.500028650918993,0.122639003575875,0,0.00190313940104428,0.000295468228870045,0.00231626825594226,0.00169492669071895,0.00011925555508159,0.000278601548906188,0,0.000292793038053945,0,4.915781016276e-05,6.66025500110521e-05,0,0.000170341082406087,0.00347850559493135,0.000348560767446344,0.00506542217763637,0.000266564413665994,0,0.000251809541183846,7.06861579173037e-05,0.000985356641276056,0.000454870302071003,0.000556671741675981,0,0,0,0,0.000232800577167668,0.000629485924302598,5.32224782978578e-05,0.0112984914399849,5.60927187514158e-05,3.67621889543349e-05,0.00082748631248569,0.00914933118261028,0.00258739785309025,0.00212844016966851,0,0,0.00143831150759331,0.00199567543007043,0.000120106573008558
0.0757959645485043,0.136986618557973,0.0202147231500577,0.161253080768034,0,0.0186461533450791,0.338851987470512,0.0405781963528069,0,0.0498805953907977,0.00443663620494914,2.62381070860797,0.00797372270365364,0.0309267311290427,0.555017840615099,0.0797756259519104,0.0116876637786394,0.000779835033443629,0.00471797180703213,0.669806692372201,0.00688151254996876,2.5460076838976,0.0168896484402525,6.09645304223699,0.054548720708607,0.0144232984058114,0.132989100619987,0.451665748238801,0.119460591563518,0.163017967664875,0.00402940529253431,0.00159791932011751,0.0823367092528384,0.104779408304826,0.000961401971086389,0.244671266509735,0.0392505803657469,0.163594292034062,0.135449013138694,1.65422316147333,0.00177992284291029,0.00359826622237356,0.0301665798030784,0.00141776181366266,0.0293753091998074,0.0372032043780465,0.004340322233069,0.00069603535242003,0.00142248437525988,0.00718737422331099,0.00521802484650982,0.000937950440024247,0.00312466652744957,0,0.000704133993033586,0.0337660992408027,0.00262266645679994,0.55080968071722,0.0029258907173626,0.00042625053432039,0.001921432517848,0.000820832049103709,0.00719248363736233,0.000642748173811269,0.0176210011237116,0.000718373909677331,0,0.000282206639254533,0.000399091539273195,0.00501375768265099,0.100248618462603,0.00162695571898274,0.221109177761595,0.0014202015144493,0.000663194930356758,0.00253212896717281,0.0919196536587977,0.029105757166664,0.0297096070680021,0,0.00129078546568129,0.0501235001711198,0.0281937515824341,0.000586634650843967
0.0117985769990865,0.000258326686694132,0.00650485452202587,1.90099088293241,0.000102046367777497,1.99758467564784,2.27656289902242,0.774965202407221,0.0498805953907977,0,0.00332347528455414,0.98109323653043,5.21263969921236e-05,0.0746041813652472,0.00348526118256655,0.00031313631577273,0.000828210100944553,0.000552460180411,0.00261611823332023,4.8425026870086,0.00267418302986302,0.000481387528902921,0.00376955835487465,0.104250218039928,0.000176635291556449,0.00178478230733813,0.00142781955408657,2.00562675004917,0.0600048776080582,0.00320935800299895,0.000137004598387152,0.000803844124789002,0.00469741719403899,0.0914785959358592,0.000123807276038827,0.0131616827147464,0.0010308508007857,0.0426187201897482,0.01249429378008,0.0589668476725636,0.00101753674209308,0.00017659715270969,0.000896578100414168,0,0.00117472399998646,0.00114864562030233,0.000298604032611487,0,0,0,0,0,0.0016726469233767,0,0.000168185786201102,0.00382444473968206,0.000370432677241133,0.00306653460758602,0.000412014533086326,0,0.000853624069194491,6.66199436543966e-05,0.0010084098047205,0,0.000231313250521168,7.99044101782789e-05,0,0,0.000549744882684468,3.05082651519829e-05,8.4172510800588e-05,8.76398494941734e-05,0.00655189866898669,0,0,0.000134080046485468,0.00594251787547126,0.0013482888655338,0.000484215433886381,0,0,0.000810027498335464,0.00127273903117688,0
0.00207911665940507,0.0166972427150524,0.00445274373342813,0.000383633322027831,0.00490662053691419,0.00192969671686648,0.00375322323654395,0.0166120479898712,0.00443663620494914,0.00332347528455414,0,0.00162600848911087,1.89479352376804,0.0104345801118263,0.000261486350729284,0.00237708705141049,0.0516356394961511,1.83714821270529,1.86354519859473,0.00354698399259452,0.00157864082787052,0.0100270797795457,0.00478502864284314,0.0030275913163668,1.60248549651257,0.811393728593448,0.0758927195546228,0.00359944333653892,0.146305797128775,0.00299072149355785,0.805759211455093,0.190719227199269,0.0035602460075649,1.77124520303994,0.000300898775952194,0.0457383270923331,0.984818697234556,1.60082658625301,0.12794489678951,0.0129271997014226,0.0506040543269927,0.474683744233949,0.00306936017473298,0.0322213718640695,0.0116827773793164,0.00272569732058391,7.9522511746196e-05,0,0.00171751745790538,0,0.00680675309764131,0.00152127635323573,0,0,0,0.000552616332946501,0,0.00279114316224657,4.72132415801456e-05,0.0360124554347725,4.90675277440874e-05,0.0943865088226277,0,0,0.000676177956693451,0.000727895728544,0.00219517149211699,0.00124383609147857,0,8.89426714807051e-05,0.00215805450760734,0.000533155487744478,0.00120068508249773,0.0522697503424205,0.0388893838502668,0.0267318802969752,0.000552164493554183,0.000327823228264695,0.000229487239206052,0.0305300538480068,0.000194062288955219,0,0.00195317809576178,0.000273807992279015
0.0010611034438579,0,3.98544190138087e-05,1.44452262705661,0.000290874350469657,5.45583754536238,0.0128379594441543,0.0731993238235146,2.62381070860797,0.98109323653043,0.00162600848911087,0,0,0.0173763358603048,0.599595710796046,0,0.000134389854382441,7.57213979201638e-05,0.00210622795225819,13.2141230401979,0.000140298921727554,8.78691212025627e-05,0.000305438190738692,3.16504716003551,0.000179828728573062,0.00100082409776621,0.00021048703005297,0.0366812558997361,0.0354675329883347,0.000513427698671832,9.174174046735e-05,0.00196261979451395,0.00162104892030181,0.0767921194433707,0.0521834002747499,0.0526554548068332,0.000269158694278697,0.014132843234457,0.00139098688027911,1.03015563091948,0.00155721441297534,0,0.000705657959590526,4.83435382333357e-05,0.00123576966737296,0.000297871743935004,0.00355069667712494,0,0,0.000178126986348505,0,5.84401717310589e-05,0.00936994987092431,0,0.000133522739685935,0.00286628953394886,0.000268335416415516,0.00175033860559198,0.000668647147751203,0,0.428920305451708,0,0.000667290931916219,0,0.000124324388802432,4.84752990608981e-05,9.64863696700183e-05,0,0.0698508007594433,4.39534255406663e-05,0,8.10451676256443e-05,0.0115262639132288,0,6.5927582153845e-05,0.000139159303211234,0.00536516082966891,0.000933382253701846,0.000592671321190502,0,0,0.000312763068570929,0.00123840389543413,0.00049897823326242
0,0.122590746562145,0.00231289659849172,0,0,6.73165748151855e-05,0.000249516074989229,0.000209711098375213,0.00797372270365364,5.21263969921236e-05,1.89479352376804,0,0,0,0,0.00305444882659268,0.00156354112208363,0.00385220085297958,0.00248773260176682,0.000112492973925973,0.000484054799220403,0.0447743239445747,0.0018061993159638,0.00347828874786538,2.34787452545951,0.380876989128373,0.515621303841723,0.00141093546614574,0.000731163937387763,8.46725928694489e-05,0.784710818775775,0.000213971072850094,0,0.0152429327062473,0.000751063511359806,0.133794985729699,0.531137885610127,0.172367323873106,0.0912164849643488,0.000509022452111,0,1.21068284154711,0.0131262133780583,0.0455324789650914,0.0129156106968623,0.00953050621092528,7.10543533478172e-05,0,0.0177636686186362,0.000173671891983782,0.0155153352749613,0.00156268610840842,0,0,0,0.000178573430693867,0,0.00363329909157536,7.33289010525703e-05,0.0169339805416911,0,0.235478575030867,0,0.000785992892520605,0.00308176677251737,0.000954817765227104,0.00137137013987138,0.00111130255072197,0,0.00014115567047052,0.00972746248008266,0.000593227941884643,0.00102909891218476,0.0450699036366003,0.024641780164047,0.0295454927852204,0.000629822104118371,0,0.000310277828383303,0.00999486276514325,0.000346493410438367,0.000141550116273441,0.00203274660895786,0.000153960704202842
4.87340052742424,0.000422112787444334,0.0149282838904578,0.00664577874234296,0.0259202008600708,0.0843499331293272,1.51419809735723,3.13922364987743,0.0309267311290427,0.0746041813652472,0.0104345801118263,0.0173763358603048,0,0,0.00245037910268024,0.000728822461313391,0.0151627634227878,0.00153640331173216,0.00903291083186548,0.0307482865053614,0.0207104648507066,0.00161947100263148,0.0439367782020817,0.0429346864982811,0.00126888880599918,0.0125093058658221,0.00603697816126131,0.0493752341017705,4.64139203437306,0.344376282722406,0.000279493858565934,0.0257595667280908,0.0162671871411926,0.205433181296465,0.000138067449143302,0.00516729081464018,0.00172563967945903,0.0594759056083679,0.00329656244115407,0.256559175707068,0.0302623387859136,0,0.00149986788984409,8.71648931592083e-05,0.00101899652873528,0.00112717450584752,0.000104189830547993,0,0,0.000274782875964412,2.9044300401074e-05,3.47943332023406e-05,0,0,6.84894687917499e-05,0.00250603147210081,3.01473117829579e-05,0.00490332570348556,4.58897555939909e-05,0,0.000125741654110732,0.000147112855328896,0.000864223020817303,0,9.74125434779155e-05,0,0,0,0,2.9756583845687e-05,0.000159964376780312,0.000174395335915409,0.00756609798092408,0,0.00018009850677504,0.000388466664550842,0.00616893789500548,0.00193086732163859,0.00114677864611158,0,3.2236499270818e-05,0.000980130844660961,0.00160190536771425,2.88821716399809e-05
0.000416887170491452,0,0.000155426193930129,0.00191933077902535,0.0033265608902598,2.52968345625286,0,0.027665974843625,0.555017840615099,0.00348526118256655,0.000261486350729284,0.599595710796046,0,0.00245037910268024,0,0.000446008995725659,0,0,0.000150468120893368,0.027888026076726,0.00192449912294479,0,0.000861382693484979,0.0172078860064243,0,0,0.000556151828896522,0.000238336457979776,0.00196362538010977,0,0,0,0,0.00338450214147606,0.100800297308152,0.00436187343979679,0.00113958024160211,0.00581683749860263,0.00642841042218395,0.738604149080571,0.0163549222345128,0,0.00075838803939923,0.00263217817072118,0.00014696305314043,0.000951157700721462,0,0,0,0,0,0,0,0.00251684876658203,0,0,0,0,0,0,8.81274656641664e-05,0,0,0.0132096231203605,0.000927461252015545,0,0,0,0,0.000543340187920429,0,0,0,0,0,0,0,0,0,0,0,0,0,0.00848209640006521
0.00218809069360971,0.139743882527664,0.0492006702487901,0.000456717448017124,0,0.000375186891722307,0.00812466012176472,0.00250329641104215,0.0797756259519104,0.00031313631577273,0.00237708705141049,0,0.00305444882659268,0.000728822461313391,0.000446008995725659,0,0.0131395326416619,0.000434390707720285,0.0040542774249861,7.5167705787828e-05,0.825307917572098,6.17630543165228,1.80506435454409,2.15578845710403,0.0222406793240998,0.0128489826726097,0.815957191684241,0.406855582130339,0.00270517960732007,0.0588791645642429,0.00145175096759285,0,0.00427102795523557,0.120631645280434,0.00940978915138623,0.486067741298674,0.203706685311819,0.362195496437986,0.289941129275521,0.0576617660254126,0.000674616698650128,0.00362977414348423,0.0471891332512343,0.0117855358269602,0.0153552221624818,0.0250670276611529,0.00117748791769065,0.000211660834692753,0.000668671865827079,0.00191019380275064,0.00393227325675104,0.00214607627233111,0,0,0,0.0044592346307426,0.000760583549077182,0.142843195500523,0.000579282333389833,0.000307358714731727,0,0.000573698406469455,0.00152563351456405,0.00446913083678764,0.237392633708034,0.000441175942160407,0,0.000143751178472845,0,0.0123484443808084,0.123767209886144,0.00910308715423252,0.0953462230341552,0.00320870798339002,0.000433827267641582,0.00719088521187249,0.0203064546423445,0.00733923748597359,0.0128130323028968,0.00022672079258133,8.81698115486355e-05,0.00751085686420247,0.00560014202323164,0.00555700735177735
0.0447204544386477,0.0570689458455029,1.38089294755042,0.000162633247495322,0,0.0015498661418344,0.0327539600524946,0.030982038479131,0.0116876637786394,0.000828210100944553,0.0516356394961511,0.000134389854382441,0.00156354112208363,0.0151627634227878,0,0.0131395326416619,0,0.0195491304633647,1.82362091740343,0.000395873176437161,0.059250842251917,0.0417484825720663,1.379929371519,0.00574973352212244,0.00806897040066922,2.06250496777921,0.400264239360368,0.0217155951713722,0.0206217148302334,0.0500728379156942,0.000540628169262742,0,0.00373799043462567,0.662411140514549,0.000717306999168896,0.0416707261368915,0.0816240745774792,0.146409680016564,0.0543421595712749,0.00239029215410639,0.00052399238356279,0.000286654126852547,0.00186043423577821,0.00122381735416137,0.00305388993409031,0.00258645433981103,0,0,0,0,0.0062489951370799,0.00339295601049421,0,0,0,0,6.32160055588776e-05,0.00292176912740498,0,0.000430178829691531,0,0.000888233262869513,0.000167402190576543,0,0.00505193473074864,0.000697547570078659,0,0,0,8.30259462814755e-05,0.0101050597639592,0.000842114598004124,0.00112843781978133,0.00431157970883938,0.000707485101087434,0.00816856025235649,0.000748635967099717,0.000159471933208338,0.000178890853149129,0,0,0.000142233010300818,0,0.000450406614981815
0.000804401571164206,0.00494231579418637,0.00390126507409535,0.000110634629628459,0,0.000401099500569827,0.00107243444943516,0.00180930539861504,0.000779835033443629,0.000552460180411,1.83714821270529,7.57213979201638e-05,0.00385220085297958,0.00153640331173216,0,0.000434390707720285,0.0195491304633647,0,6.11113704778344,0.000909057883037318,0.000727571176598473,0.000925926311472045,0.00267553385004485,0.000215572258907011,0.0441375389320052,1.00001797264919,0.015382569292808,0.0005274949480428,0.00811064934715192,0.000655800049202114,0.0124091757810597,0.00228936171376725,0.0001688104698278,0.130387367984319,0.000118915346418661,0.01908734144004,0.0897537899723762,0.226667105486341,0.0502972293941123,0.00146978846963622,0.000943440415210795,0.00214709581150735,0.00129261403806718,0.00845890006910539,0.00595838313234483,0.000686681751341255,0,0,0.000596548043093798,0,0.00716674096278426,0,0,0,0,0,0,0,0.000114238068018793,0.00338087978861157,0,0.0149771411540321,0,0,0.000467559408426819,0.000568189329007266,0.000931994300234718,0.00190146150278386,0,0,0,4.81754449101982e-05,0.000533415416524522,0.0131713356215779,0.0111169779540882,0.0114356516311777,0.00014548566081053,0,0,0.00284505888943577,0,0,0.00071585269155669,0
0.00911119687432619,0.0278797197789392,0.0331810238382084,0.000867459039318277,0.000148605766474877,0.00196041422137096,0.00635223960124648,0.0135095174152803,0.00471797180703213,0.00261611823332023,1.86354519859473,0.00210622795225819,0.00248773260176682,0.00903291083186548,0.000150468120893368,0.0040542774249861,1.82362091740343,6.11113704778344,0,0.00494970584177511,0.00637243410761771,0.0128289217793369,0.0299416261587278,0.00324223372631657,0.0550587503618565,2.01886473380026,0.0677943920653026,0.00529647703634678,0.0355175875488851,0.0102898850011916,0.00953890874242588,0.0103667476188113,0.00700932934262718,1.56316590611826,0.000463341972584062,0.0697285656392008,0.154813931313919,0.822187529738879,0.167425209577222,0.00767823149906328,0.0057698756891139,0.00254934583376165,0.00274736930155002,0.0138147393568501,0.00903614336135786,0.00358406626526919,0,0,0,0.000169517587916421,0.0188473217625578,0.000812596002491627,0,0,0,0.000398486164812771,0,0.000926957862066944,5.0701968815986e-05,0.00176112880776374,0,0.0108692998191545,0,0,0.0010622203543965,0.000409294526127124,0.000192582673734147,0.00143717378571429,0.000200620750813679,0,0.00269246050748868,0.000541797485521261,0.000632710716739773,0.0212345402484542,0.0194392247513836,0.0272354063196726,0.000595344362498361,0,9.42284488107681e-05,0.00210264593335006,0,0.000225615093998188,0.00319630206246701,0.000370019026974626
0.00845760944167369,0.000296540894484335,0.000289085926183325,14.5104732235367,0.000509973627636339,0.299145188113677,0.0396578529707135,0.106590699656032,0.669806692372201,4.8425026870086,0.00354698399259452,13.2141230401979,0.000112492973925973,0.0307482865053614,0.027888026076726,7.5167705787828e-05,0.000395873176437161,0.000909057883037318,0.00494970584177511,0,0.000106997158372556,0,0.000697593362646094,1.95032333306096,0.00076558411972519,0.00132012047452081,0.000401812058871716,0.444357479994401,0.0547500720957141,0.000472684782673936,0.000179646049400864,0.00223843882397254,0.0116600213505421,0.127360646144062,0,0.00719845983883887,0.000855683372073653,0.0449900906147052,0.0115574406257992,0.177352793230287,0.00339607790278702,0.000310882127440831,0.000627881653536061,0,0.00119904963206702,0.00277727198427558,0.00212757285823076,0,0,0,0,0,0.237729380941456,0,0,0.00722836910243448,0.00103628056169004,0.0118198471057527,0.00125632332506702,0.000245648341778435,0.244852926377027,0,0.00114003066061536,0.000442769546677053,0,0,0,0,0.0261139371226008,0,0,0,0.0123909337084411,0,9.47550067480077e-05,5.87857405647957e-05,0.00786479759406305,0.00109095468221838,0.000700789405930031,0,0,0.00195523453145475,0.00197441433220179,0
0.0504753208524834,0.00217292443856486,0.193656078500779,0,0,0.002275069651453,0.127593009723862,0.037537081925946,0.00688151254996876,0.00267418302986302,0.00157864082787052,0.000140298921727554,0.000484054799220403,0.0207104648507066,0.00192449912294479,0.825307917572098,0.059250842251917,0.000727571176598473,0.00637243410761771,0.000106997158372556,0,0.0273522010376568,5.91962228680312,0.0659105106822675,0.00086411306559133,0.0220609353127052,0.0616116432657486,1.11059065851193,0.253766334732732,3.1619615254575,7.85533505806122e-05,0.000294400051817414,0.564548149910555,0.547704565663849,0.0110863477659338,0.396274172188937,0.094984622692015,0.475075980854297,0.251479583691116,0.037584662883226,0.000829562765001752,0.00269029835182085,0.00763250570694186,0.00187230495672633,0.00268675544750263,0.00292191425305202,0.000394225768057463,0,8.36518440169888e-05,0.000290136436663415,0.000604901833370696,0.000162703969834745,0,8.89738850014866e-05,0,0.00109223532314258,6.07419716546127e-05,0.00468027394857404,3.13920803467174e-05,0,4.49177405902794e-05,0.000184046608283412,0.00011585656469961,0.00147740677002968,0.0135877584411098,9.27453122400116e-05,0,0,0,0.00156629038140052,0.00555887548217643,0.00125386653785714,0.00860586974822283,0.000369115831106284,0.000257150578102431,0.000867377145534302,0.00329361249015555,0.000935887896127045,0.00226089862345616,0,0,0.000799764025038468,0.000459761081121528,0.00593408891726128
0.00302207470618971,1.72843749140126,0.0589725737508027,0.000125029275888307,0,0.000410676110180937,0.0113943864048693,0.00470087975666574,2.5460076838976,0.000481387528902921,0.0100270797795457,8.78691212025627e-05,0.0447743239445747,0.00161947100263148,0,6.17630543165228,0.0417484825720663,0.000925926311472045,0.0128289217793369,0,0.0273522010376568,0,0.136115749433926,1.63138825565869,0.344350489815833,0.0617951689485727,1.49189616465269,0.0864637753559844,0.0050941016286936,0.0341514941366551,0.0133224922577239,0.000420535553752831,0.00627280496590046,0.0920440090900796,0.00207965965679039,0.158114152522779,0.0816690587692773,0.242451316876873,0.108203586911324,0.0109816956447011,0.000140535116240417,0.00584622075258962,0.0430599669552691,0.0190010373527188,0.0207060668252387,0.026644356649839,0.00240908817001317,0,0.000470476594529219,0.00328460459132092,0.0944231066569034,0.00433256662389265,0,0.000121946503252368,0,0.00642292561263214,0.000996991433665089,0.485438149196132,0.00023285040945011,0.000858120399980292,0,0.00350651790740474,0.00225811617548966,0.00200030286986475,0.316796507221944,0.00307674009988867,0,0.00120945928342078,9.28434853253142e-05,0.020235253260546,0.626637357923794,0.016014948830458,0.149093177267256,0.0578641727013008,0.00193122393486709,0.027958180765861,0.0260846150118429,0.00777475386027184,0.0174006517685068,0,0.000214179587174842,0.00998528117709531,0.00722354818968547,0.00188420770878119
0.0767561578903042,0.0100507554990814,2.76223358131901,0.000303108692849953,0,0.00376025506018682,0.19798694703211,0.0929165104116956,0.0168896484402525,0.00376955835487465,0.00478502864284314,0.000305438190738692,0.0018061993159638,0.0439367782020817,0.000861382693484979,1.80506435454409,1.379929371519,0.00267553385004485,0.0299416261587278,0.000697593362646094,5.91962228680312,0.136115749433926,0,0.0797558564858213,0.00281788962589612,0.216947097696767,1.62964582176251,0.457584750156176,0.596811907763488,0.312994469360197,7.5787450511601e-05,0.00058208440141006,0.0871600040140275,0.47131828479125,0.0287285733317534,0.619155930484479,0.275168185492821,0.916827830205651,0.409766304302168,0.0865020572511468,0.000471903864658882,0.00326575566038254,0.0222321427176318,0.00666031537766572,0.00771117523036527,0.00783741656949192,0.0015180014037284,0,0.000121423590511799,0.000188039995050559,0.00129793103981914,0.000916576371865853,0,0.0002648806024515,0.000299783422866587,0.000931748492125183,5.78647086456946e-05,0.0156924332391805,9.84987720670921e-05,0.000199456467891846,0,8.64704174857343e-05,0.000188574015501891,0.00617723432753436,0.060222643018084,0.000464765816506728,0,5.17810198643865e-05,3.43619989440474e-05,0.00214951461101389,0.0220500951109201,0.00719798632674192,0.0134355942201665,0.000511573692996072,0.000581540465467898,0.0112140246816956,0.00358438700013109,0.000814212824863284,0.00181168603045354,0,0,0.000547655502514225,0.000911904483592798,0.0166411876453599
0.0473704082354242,0.0481252381803922,0.0312258974158714,7.23253638095297,0,0.0358811361044439,0.342008228363479,0.0555868974145624,6.09645304223699,0.104250218039928,0.0030275913163668,3.16504716003551,0.00347828874786538,0.0429346864982811,0.0172078860064243,2.15578845710403,0.00574973352212244,0.000215572258907011,0.00324223372631657,1.95032333306096,0.0659105106822675,1.63138825565869,0.0797558564858213,0,0.0117493784465729,0.00879582399564031,0.123046220046406,4.15748733337009,0.143106522772478,0.216872828021018,0.000572334370361104,0.00106605056465942,0.0524296051993604,0.122795838436256,0.00338483572530195,0.247733501884817,0.0605479774117418,0.15991713990704,0.110367703670089,0.0643579725881007,0.00157073903871574,0.00213328319672918,0.0759865596731911,0.00636335753195514,0.0448482469698209,0.0515492341403414,0.00714067985022721,0.000925067654143675,0.000881821979697338,0.0147563450648501,0.00192561678996182,0.00169140416865959,0.0952867494078042,0,0.00168408804064886,0.0947891926012759,0.00910780537285985,0.202073545765007,0.00656769607824578,0.00155353386030067,0.00591569995744335,0.000228407256094954,0.0204922563979418,0.000405827185893548,0.0476531655324135,0.00099250755531032,0,0.000425711007425336,0.00748366883583386,0.00837279591530343,0.0303396595972967,0.00654424925853103,0.413832616858043,0.00126702634107817,0.000561164813753315,0.00306138700408397,0.246832100529415,0.0629068687524653,0.0767358804421322,0,0.00157098007258775,0.0590017469984105,0.0610776888990169,0.00213680888634357
0.000673263448933985,1.43092756347688,0.00203453486046906,0,0.000187502823900419,0.000165247326461893,0.000246161049146261,0.0014420508187727,0.054548720708607,0.000176635291556449,1.60248549651257,0.000179828728573062,2.34787452545951,0.00126888880599918,0,0.0222406793240998,0.00806897040066922,0.0441375389320052,0.0550587503618565,0.00076558411972519,0.00086411306559133,0.344350489815833,0.00281788962589612,0.0117493784465729,0,0.535309498994993,1.61471356554194,0.00160477292969143,0.00341098391911082,0.0014731510744937,0.402010331220323,0.00060554337884839,0.000515531740679871,0.0600572624592748,6.60188013902903e-05,0.0183703836341518,0.587532075425411,0.31264589066897,0.0547338448437954,0.000951273496402763,0.000839843349724533,0.206592119669184,0.0134031240256188,0.0795964881854985,0.0453416823954892,0.0209580451885569,0.000559180588655809,0,0.00361488014135594,0.00274227502882412,0.297937252279738,0.0152073902894929,0,0,0,0.000798974416353746,0.00017468915601088,0.030148267865925,0.000104966492251904,0.0637055758085047,0,0.18000247413189,0.000320608541235984,0.000199343378449568,0.0267651875195518,0.00925432895312083,0.00768625649634043,0.00556917945889388,0,0.00061196842394485,0.0907429851105589,0.00604475762710738,0.00915901877250704,0.332866765695197,0.067296203837907,0.132236555009247,0.00105574162411739,0.000277726817113277,0.00124681148779384,0.0563996753680585,0,0.000636424657538832,0.00828956273225729,0.000301065166878768
0.0176738470698331,0.180777383922576,2.33778044017991,0.000366660095686912,0.00010065116848403,0.00175944239532609,0.027366946853863,0.0264019821263027,0.0144232984058114,0.00178478230733813,0.811393728593448,0.00100082409776621,0.380876989128373,0.0125093058658221,0,0.0128489826726097,2.06250496777921,1.00001797264919,2.01886473380026,0.00132012047452081,0.0220609353127052,0.0617951689485727,0.216947097696767,0.00879582399564031,0.535309498994993,0,2.99764450384779,0.0232083910811453,0.024843628308373,0.0322824448839595,1.00840422627963,0.00307454043827571,0.00186056128526593,0.327949753705073,0.00243929574418028,0.151389767944981,0.357873156478933,0.739475252550856,0.1658692357156,0.00622978769606602,0.00186039715684389,0.002715568621557,0.0154394844756825,0.0745727059450656,0.0422870851736066,0.012182339576526,9.57212777054142e-05,0,0.00133150595804305,0.000101401335322442,0.0773490376535204,0.0062842429617048,0.000158975773392392,0,0,0.00112821756369807,0.000114472470581219,0.00808756430786478,1.78544041735222e-05,0.0169322789425896,4.61204747971033e-05,0.0796097053402776,0.000303692748734598,0.000304521271941746,0.00685416279692629,0.0050100706107427,0.00489130267716648,0.0077468117160908,6.85344514538919e-05,0.000644716389798933,0.0185264046734223,0.00386574273116485,0.00357009583275417,0.115006195747221,0.132939172321447,0.233351013001188,0.00119205285556743,0.00126874438235862,0.000930288481254486,0.0111136398001451,0.000113492946082578,0.000186517432860307,0.00966644054076361,0.00160703435370614
0.00606483658937083,2.56460897599907,2.11804013953382,0.000111475229253883,0,0.00158586023770144,0.0474328627957266,0.0152975208111041,0.132989100619987,0.00142781955408657,0.0758927195546228,0.00021048703005297,0.515621303841723,0.00603697816126131,0.000556151828896522,0.815957191684241,0.400264239360368,0.015382569292808,0.0677943920653026,0.000401812058871716,0.0616116432657486,1.49189616465269,1.62964582176251,0.123046220046406,1.61471356554194,2.99764450384779,0,0.120756870406373,0.010591736554967,0.02601628053631,0.41378517525186,0.000931912254825773,0.00130662268013115,0.452268389352987,0.0139926766063118,0.359690637882462,0.193611406262092,0.837215819882747,0.274222297047474,0.0123154246951064,0.000487221283764004,0.00269189107420283,0.0493925461362565,0.0488551990832322,0.0535873827908809,0.0311498361594524,0.00309954176862254,3.23290157696974e-05,0.000871229017313166,0.000440845739639635,0.0752377598031125,0.0268161955368791,0,0.000282485507075689,0,0.00320748218973098,0.000302204974149574,0.0390833398975247,4.55417997683397e-05,0.00439118435898808,0,0.0237878949571425,0.000719077830466635,0.00205049763561279,0.118418137725411,0.0105456710055777,0.00133768576810082,0.00462748222034051,0,0.00374753100801028,0.138485021371212,0.0348313315577671,0.0270250819751031,0.0653175359747666,0.0570644632388458,0.244478116747343,0.00619754289507952,0.00151749521928603,0.0038529173102289,0.00309041235829012,0.000105273737123937,0.000620524902565598,0.00614931535542641,0.00991161784293092
0.0525380144904499,0.00410976526030083,0.226468597532649,2.39289512480826,0,0.0575623916126817,3.72916501322252,0.0874602686376658,0.451665748238801,2.00562675004917,0.00359944333653892,0.0366812558997361,0.00141093546614574,0.0493752341017705,0.000238336457979776,0.406855582130339,0.0217155951713722,0.0005274949480428,0.00529647703634678,0.444357479994401,1.11059065851193,0.0864637753559844,0.457584750156176,4.15748733337009,0.00160477292969143,0.0232083910811453,0.120756870406373,0,0.161811719192288,2.17312571066109,0.000271771822513957,0.00131639402006692,0.0638411642129554,0.23294724535939,0.00781833259880047,0.376897012810372,0.0937276674994281,0.277759366406313,0.171464848729167,0.0311247995946272,0.00175452756601451,0.00154350019003951,0.0434950624782116,0.00499822731475585,0.0262713904634706,0.0297453036987286,0.00277658886079045,0.000732064714443113,0.000178835758854114,0.00623159622832015,0.00110344024101917,0.0013873642663914,0.00457138329906078,0,0.000659066343595742,0.056162795736021,0.00614662710458221,0.069140528462752,0.0054234104493575,0.000906555299945953,0.00151137874296985,0.000591585479443559,0.0130357593386137,0.000678302951846321,0.0236560272056525,0.000615135541602779,0.000168879725225004,0.000332371049117591,0.00121812439905712,0.0047413261097461,0.0109522391008435,0.00334872881032992,0.210628903748471,0.000315149566233764,0.00048638180163188,0.002500357596056,0.173801672158299,0.0413880391532527,0.0428780682655596,0.000292113971025807,0.000476746706713983,0.0312748495823088,0.0364814270272991,0.00428925910658759
0.731732638933551,0.00265652233098383,0.012203396733693,0.0163829172922192,0.0103002393909701,0.0494470305766484,0.132661381792517,0.216268140906346,0.119460591563518,0.0600048776080582,0.146305797128775,0.0354675329883347,0.000731163937387763,4.64139203437306,0.00196362538010977,0.00270517960732007,0.0206217148302334,0.00811064934715192,0.0355175875488851,0.0547500720957141,0.253766334732732,0.0050941016286936,0.596811907763488,0.143106522772478,0.00341098391911082,0.024843628308373,0.010591736554967,0.161811719192288,0,4.14514999122396,0.00195286056421397,0.829034969455613,2.93443228576098,2.68554872705919,0.000367504983072994,0.0264546604145411,0.0050409692735711,0.481341062789477,0.0352757125909239,0.261379380426824,0.630255501427816,0.000450043092190935,0.00544573287138231,0.0017186644994619,0.00388048155799983,0.00439433626541003,0.000493303882224658,0.00024376566780988,0,0.00119430929043003,0.00052139667559522,9.87263866933999e-05,0.00034109960466974,0,4.58011718538036e-05,0.00841313429860356,0.000426580681759082,0.0153942767882193,0.000499598935482303,0.000318203671180249,0.000248933810874416,0.000304919914510879,0.00216827682803996,0,0.000987958840256112,0.000115279083707836,0,0.000176257748797337,0.000199297535195106,0.000168694576452194,0.00096545432056046,0.000407480949556307,0.0318309406506374,0.000715661525777476,0.000588387309164519,0.000907058355992969,0.0266604398489456,0.00691032227535264,0.00621023969031813,7.20339225109435e-05,0,0.00648098290776025,0.00535663551619875,0.000179882860236213
