0,0.000236804390951001,0.000742568506332325,8.48283739077957e-05,0,0.00356692177301822,1.53966315497034,0.113366916532675,0.0135632135406809,0.00170770778591672,0.00791239843642145,0.000142248325341066,0.000577890293900721,1.96156539238353,0.000149625537312612,0.00127256897819512,0.0100572736979409,0.000253008227253531,0.000870280122874819,0.000676657153313841,0.0181243010231307,0.000727311264019526,0.0172422591110012,0.00625278361697619,0.000108947718795338,0.000643641776998407,0.000700836273423,0.0325014054702458,1.63993906294592,0.17872329376439,0.000152418227987103,0.0131925763738409,0.0323400083432915,0.0813730076881643,0.000415711832842316,0.0287870240099287,0.00502292755315225,0.110976569482173,0.0432512443082148,0.00246836230282124,0.00798572067824829,0.00157945580450388,0.000632189563842804,6.92711053817516e-05,0.000574428168057506,0.000332804645131884,0,0,0,0,0,0,0,0,0,0.000101732511313064,0,0.00168857467362826,0,0,0,0,0.000202734031997042,0.000117444121099872,0.000437891081009816,0,0,0,0,0.000146177969966544,0.000355532036274614,7.31523804264455e-05,0.00239459254504507,0,0.000211566650474199,5.78870658734972e-05,0.00132912519452869,0.000157324621622545,0.00063603147706646,0,0,0.000472481080518363,0,4.79665391923487e-05
0.000236804390951001,0,0.231402777799333,0,0,0,0.00104531812617636,0,0.0903834187378889,0,0.00539752840513633,0,0.0224895968462069,0.00032298512305581,0,0.0769438991338273,0.182385983280504,0.000889636893637264,0.0636843815504171,0,0.00310831240541645,1.60281588964173,0.0244784675638396,0.0208229500907938,1.59795099042483,0.176104603525846,1.45578217223882,0.00459949458832351,0.000192624009707426,0.000761990228280418,0.0136992746132805,0,0,0.0770294338618258,0.000413597904369712,0.0641081686593989,0.101171735666861,0.146320293249347,0.0330757978724103,0.00314711212418535,0,0.00450904957514662,0.0107169366987445,0.0210201972709256,0.0423222216139938,0.0100808911581047,0.000513977619352415,0,0.000892786985634608,0,1.18199261460316,0.0421432195962517,0,0,0,0.000137035784141076,0,0.015726738348139,0,0.00234083574887392,9.4127216506491e-05,0.00218962572261494,0,0,0.0180071012318407,0.037862506882591,0.00276271110167367,0.0129223006695643,0.000151566448844724,0.00110503871391082,0.522620378597417,0.00225197211323635,0.00384876549912308,0.236554624573738,0.0655295414474568,0.220362545513172,0.000250029366913752,0,0.000414870230027219,0,0,0.000189355037468558,0.0177453216837358,0.000193938787117594
0.000742568506332325,0.231402777799333,0,0,0,0.000147024209288138,0.0168576862747672,0.000341027561324567,0.00945836897609846,6.12410853318471e-05,0.00174186891160043,0,0.0010188840432132,0.00127415946051108,0,0.0276751274014466,1.407715597341,0.00025691955739883,0.0514191963443349,0,0.123774655116172,0.0615647559388978,2.73226922260794,0.012125955421741,0.0148781194874948,1.27784454708018,2.01461447171311,0.0503784615664734,0.000331043482020531,0.0210604088526931,8.89958126458808e-05,0,0,0.0670085200596065,0.000656877999465658,0.0569284267864215,0.125435529070613,0.134439045900686,0.0282411754457622,0.00279448795721649,0,0.000435760193270705,0.00235920062037396,0.00323241914457669,0.00524315945085922,0.00251451975424702,0.000252737729452269,0,0,0,0.0390993419873677,0.00868695689078399,0,9.96663658632598e-05,0,0.000130029070959556,0,0.00228115988686892,0,0.000277041366203408,0,0.000123397830893554,0,0,0.00518071394899548,0.00579416428448749,0.000366002001514513,0.00153519346794196,0,0.000134371688152395,0.020563442286399,0.000981337174803786,0.00127220016299649,0.00654807575832032,0.00785284511640063,0.0628660411728949,0.000433468840918929,0.000246675107650637,3.41919881255703e-05,0,0,0.000247799392283851,0.00240152413661435,0.000211468706795174
8.48283739077957e-05,0,0,0,0,0.00410248707576062,0.0489685419965838,0.00318169509839385,0.20951191996903,2.11000497583955,0.000562074286401622,1.53914841407627,0,0.00221642231840848,0.00168112406550221,0,0,9.96877675086237e-05,0,9.68702833141467,0,0,0,6.40547398967485,0,0,2.26975331657454e-05,5.39758098877579,0.000507745072412985,0.000124686761907153,0,0.000454674855293646,0.000115452928554128,0.00471631925759439,0,0.00354003914516219,6.71329076626925e-05,0.00614993333667494,0.00560131289338418,0.00562836560849007,0.000455372431805628,0,0.000404745309945985,0,0,0,0.000648791164167032,0,0,0,0,0,1.45382455937145,0,0.000230113199963784,0.000772206596792962,0,0.00862734732725745,0.0129926294141901,0,0.00424122733197702,0,0.000149163094763416,0,0,0,0,0,0.283060847604243,0,0,0,0.31114566410402,0,0,0,0.025415742757436,3.14439575084529e-05,0,0,0,0,0.000138746688410803,5.08162143232384e-05
0,0,0,0,0,0.0774489514134119,0.00024029442665833,0.0269867529782736,0,0,0,0,0,0.00082230981357897,0.00243543867242928,0,0,0,0,0,0,0,0,0,0,0,0,0,0.0280422971542835,0,0,1.88627435891289,0,0.0761908131851355,0.000499672587187801,0,0,0.00279985278666924,0.000173727655641068,0.147714802041703,2.52480335299016,0,0,0,0,0,0,0,0,0,0,0,0,0,0,0,0,0,0,0,0,0,0,0.00456175123290453,0,0,0,0,0,0,0,0,0,0,0,0,0,0,0,0,0,0,6.7936031654467e-05,0.00177713802046561
0.00356692177301822,0,0.000147024209288138,0.00410248707576062,0.0774489514134119,0,0.060915934161725,1.05779539787461,0.00746899750690847,0.837686292560266,0.00296803687203266,2.83988453138526,5.44417826564784e-05,0.0874060946900713,1.32327661436547,0,0,0,0.000143801625621502,0.0783641064333847,9.82394067973796e-05,0,0,0.00589809761423078,0,0.000609405355958624,0.000249217736914888,0.0266804890761861,0.140659323313932,0.00078622274764692,8.57717037706564e-05,0.745916038110461,0.000252501657728342,0.0724044545385633,0.138411808970714,0.00165707196142516,0.000769459586749791,0.039399688849973,0.00386415696171249,0.354018811386985,0.267890862052488,0.000102429692792355,4.84909376114017e-05,0,0,0,0,0,0,0,0,0,0.000486988944276856,0,0,0,0,0.00127336820617708,0,0,9.82952016959689e-05,0,3.13848471359124e-05,7.58422940253358e-05,0,0,0,0,0,0,0,0,0.00191734942801875,0,0,0,0.000543883003428334,0,0,0,0,0,0,0.000187581055632478
1.53966315497034,0.00104531812617636,0.0168576862747672,0.0489685419965838,0.00024029442665833,0.060915934161725,0,0.153686901344109,0.0893975447796628,2.55145903047754,0.00335459928387701,0.000358250851423608,0.000607352795655113,0.87924481751443,0.00136965798917803,0.00367044333949167,0.0113353691762145,4.00755713718119e-05,0.000655136218793739,0.0202101184854723,0.111942781825001,0.0092345573719746,0.0712260865187584,0.192974470058727,0.000249434369313746,0.00120180715383981,0.00336013423633549,5.02211436738789,0.169611617038889,2.14953306756282,8.05372333111745e-05,0.00407882607491012,0.0129954702112441,0.0967337876364857,0.00206950378300222,0.0908078745522879,0.0116112462671689,0.150349478384782,0.0740749203858745,0.00651568457759895,0.0045994519274676,0.000787456329985036,0.00636495758676959,0.000343252598127697,0.00246467917317852,0.0020959425976159,4.75357232233228e-05,0.000108468278321311,0,0.000181841091417383,0.000332616272559073,0.000246668305087022,0.00245554540417896,0,5.66405579082024e-05,0.0027435676045385,0.000482197024691863,0.0186054086046379,0.00149355290232429,2.62364898419698e-05,2.64526517752596e-05,0,0.00181669275341526,0,0.00353222482649014,0,6.12059076316243e-05,0,0.000174683500766041,0.000988144153306164,0.00291973117028615,0.000507768083497351,0.0258828681521075,0,0,0.000272633237347141,0.0213567103220727,0.00159554307607385,0.0036586303503269,0,0,0.000678908598037016,0.00050500940564491,0.00020203118577968
0.113366916532675,0,0.000341027561324567,0.00318169509839385,0.0269867529782736,1.05779539787461,0.153686901344109,0,0.00653278018828665,0.330428026727988,0.0101038953907562,0.000183872028543343,0.000666206955531046,2.45072029259902,0.00184720679311232,9.87452125544418e-05,0.000619242557714235,0.000215433527842745,0.000585941644544513,0.00563264718464203,0.00323528624222232,0.000242637155836548,0.00244477624676095,0.00774357849207763,0.000137474096689827,0.000837813922658113,0.000476138594114206,0.0481146047634929,0.287980764488638,0.0227390079888448,0.000211938660080785,0.330033871194408,0.00510058881516055,0.107254734456265,0.000252380611200799,0.00845539628489238,0.00266554378778538,0.0857192202185408,0.0108173668100406,0.00224496622566567,0.135487766621264,0.000703635079023421,0.000383050338085089,3.85400053894555e-05,0.000169825165605536,0.000331299829238818,0,0,0,0,0,0,0,0,0,0.000256993625819409,0,0.00139299528892215,0,0,0,4.95061243330774e-05,9.37625339867236e-05,0,0.000229254021663758,0,0,0,0,0.000131327551347534,0.000150949151664699,0,0.00206839425545141,0,2.96344132202156e-05,8.91118400148678e-05,0.0021916709875689,2.46758515987482e-05,0.000113153741259294,0,0,0,8.52642901346106e-05,2.08219298564174e-05
0.0135632135406809,0.0903834187378889,0.00945836897609846,0.20951191996903,0,0.00746899750690847,0.0893975447796628,0.00653278018828665,0,0.025125500039766,0.000823461303198171,3.83110300569654,0.000790283479037498,0.0136343100763857,0.522788768844139,0.0291081364319598,0.00676554728468435,0,0.000564235716829474,0.296069014256536,0.0174438863453691,1.64044829071486,0.00738797258730504,5.21593320084373,0.0196243720361853,0.00221091758830775,0.0234175328530769,0.299523622241581,0.0181085975978345,0.0797318536313677,0,0,0.0280433254526762,0.0250147525372645,0.0138175438062225,0.149049181091959,0.0116104611583995,0.0395431215512998,0.0303383939688694,1.48559738287855,0.000151310299739776,0.000594785292425759,0.0190796849501381,0.00435622259663435,0.0090793524922808,0.00804477544622502,0.000935199857513848,0.000116284929003795,0,0.00154165688426633,0.00844712699532107,0.000235119897111618,0.00852597670581264,0,6.00879848967734e-05,0.00691261223153942,0.000451335300647317,0.556157188342835,0.00183549836122338,0.000177138272092391,0.00080765958959488,5.57453922053579e-05,0.00310392935019826,0,0.0247718489873862,0.00155488177231964,0,0.000399137610191573,0.000321099853780508,0.00300735164218387,0.0617504788916998,0.00280580319041204,0.0666196191333848,0.000988521985608372,0.000718464719515602,0.00331880534053229,0.0420841725925741,0.00238326671665456,0.00587598833220679,0,0,0.00108031380393487,0.00143461857410576,0.0162286319037506
0.00170770778591672,0,6.12410853318471e-05,2.11000497583955,0,0.837686292560266,2.55145903047754,0.330428026727988,0.025125500039766,0,0.00519341591575486,0.775426639856832,0.000687626091505803,1.24704442469426,0.00402570223180429,9.29964961577934e-05,0.000129047459545645,2.85279547900866e-05,0.00015948688863434,3.07492300098506,0.000312264157400391,6.91143712145464e-05,7.7435993139635e-05,0.0805147399973486,0.000160333605351672,0.000477833341403269,0.000101358637084195,1.45401873619339,0.0161830587339874,0.000528869952029301,0,0.00409318911415564,0.000997262630590036,0.0740560678634806,0.000329202812583624,0.0456749300528595,0.00137568552919686,0.0924104304342846,0.0649758079476307,0.00583785569497684,0.00828108904105743,0.000365244633683102,0.000306884409955409,0,8.90813623411618e-05,0,4.16958435282416e-05,0,0,0,0,0,0.000629492977237722,0,0,0.000646131221770753,0,0.00293421501473817,0.000490221616234955,0,0,0,0.000218884462668059,0,0.000108748266358066,0,0,0,0.000198946938538731,0,0,0.000126854699528626,0.00354280421560333,0,7.29552213980891e-05,0,0.00281624992480963,0,0,0,0,0,9.1127343749501e-05,5.36032623686526e-05
0.00791239843642145,0.00539752840513633,0.00174186891160043,0.000562074286401622,0,0.00296803687203266,0.00335459928387701,0.0101038953907562,0.000823461303198171,0.00519341591575486,0,0.000879130551135146,2.70221091040805,0.0245193707874822,0.000246414903632655,0.000200721690923385,0.0120616432926058,1.44157282832529,1.02713907539947,0.00233922718235256,0,0.000478006907676117,0.000373677014754213,0.000116406760002053,0.701085924893058,0.731694659895358,0.0880191135868504,0.00108407804321064,0.0684887301205935,0.00212737439611947,0.309848429695782,0.0231787039195033,0.00599379958472329,1.28911159191846,0.000470788890767644,0.0220296318474077,0.781233295987719,0.958180787960224,0.042402738183095,0.000211024900014687,0.00817910101809434,0.256221309308955,0.00153137017069129,0.0243311467283356,0.0074825611769143,0.00230482031226723,9.45469714860609e-05,0,0.00138049255192655,0,0.00152067287121445,0,0,0,0.000130846610525479,0,8.14995127201568e-05,6.05149366118408e-05,0,0.0232465344776657,0.000105871949241616,0.0125887817775069,5.3127100454693e-05,0,0,0.000239201131406006,0.016886727067391,0.00380863977295823,0,0,0,0,6.72666509441977e-05,0.0363308033113897,0.0359391753837022,0.0121845353725455,2.4237629369768e-05,7.69023794759366e-05,0,0.00278315227250726,0,0,0.00223076540376388,0.000181583406161405
0.000142248325341066,0,0,1.53914841407627,0,2.83988453138526,0.000358250851423608,0.000183872028543343,3.83110300569654,0.775426639856832,0.000879130551135146,0,0,0.000521201467921121,0.605739127102994,0,0,0,4.20531373081434e-05,11.0277693952102,0,0,0,2.3690927082752,0,0.000133567664048879,0,0.00482809914542974,0.000330906932613435,4.98479109047184e-05,0,9.25581457375708e-05,0,0.00414231351365891,0.337286338363936,0.0190570538070606,0,0.00492590596169177,0.000410423425408119,0.478091537331533,0.000442189581781696,0,0.000998218130161203,0,0,0,0.000899549443582488,0,0,0,0,0,0.138060762294949,0,0,0,0,0.00105483508814082,0,0,0.0244492928281022,0,5.63651531877958e-05,0.000448403616788789,0,0,0,0,0.178029527421227,0,0,0,0.0071615555400339,0,0,0,0.000724904953656842,0,0,0,0,0,0,0.00591662200336127
0.000577890293900721,0.0224895968462069,0.0010188840432132,0,0,5.44417826564784e-05,0.000607352795655113,0.000666206955531046,0.000790283479037498,0.000687626091505803,2.70221091040805,0,0,0.00127415304240012,0,0.000897239888464353,0.00192609016938641,0.0192794257763619,0.0274189109664153,0.00017018892388744,0.000702502927162181,0.00587117275129441,0.00127052584378496,0.000296075435096217,2.45934949266658,0.279376806259615,0.637484364049678,0.000739738455155838,0.00299282808250041,0.00177784454102565,3.2701362004824,0.000465823201609701,0.000405101004242779,0.0300284331385077,0.00106827132083914,0.288530390982098,0.584178282276421,0.241186907560351,0.7122673305123,0.000866329861719077,0.134205686733767,1.08267488117495,0.000946364502884577,0.0111490248741821,0.00553373791634231,0.00197166810286503,0,0,0.00129418442878634,0,0.0024791013204148,0,0,0,0,0,0,0,0,0.0134254082168116,0,0.0159249398309728,0.000101965846079983,0,0.000504227720880879,0.000224960462017004,0.0095563885865406,0.00214074788389594,0,0,0.00107221205971338,4.07829848756004e-05,0.000217582807612938,0.0247879913499107,0.0154453058754002,0.00675523842735261,0.000101738305517417,0,0,0.00151811413437643,0,0,0.00129981628863071,0.00012808251518871
1.96156539238353,0.00032298512305581,0.00127415946051108,0.00221642231840848,0.00082230981357897,0.0874060946900713,0.87924481751443,2.45072029259902,0.0136343100763857,1.24704442469426,0.0245193707874822,0.000521201467921121,0.00127415304240012,0,0,0.000463252027028236,0.00329576242326297,0.00061761405670019,0.000974965321398954,0.00453384378394684,0.0134643932706701,0.0014559568112387,0.0113780146658217,0.0101313076768506,0.00113558799169864,0.00233511914163887,0.00183415435250091,0.0649112334037979,3.92097887069819,0.07166329948667,0.000456670616717084,0.578107001429588,0.0247157152933619,0.372599447523068,0.000366792867012032,0.022501046225918,0.00602624031104296,0.166071118010648,0.0235454913124263,0.00198928110316274,0.056126167025634,0.00187059111116794,0.000816699938268215,0.00015241244506782,3.61148665792722e-05,0.00080261127316579,0,0,0,0,0,0,0,0,0,0,0,0.00109962685447841,0.000117163511095336,0,0,0,0,0,0.000449688038274708,0,4.23048681365262e-05,0,0,5.60005668505262e-05,0.000199847475208577,0,0.00406739421858266,8.99000293582168e-05,6.82464996050345e-05,0.000101245145220862,0.0027030322376817,0.000365264521354216,0.000291553859147771,0,0,0,7.77100300528265e-05,8.75686235121253e-05
0.000149625537312612,0,0,0.00168112406550221,0.00243543867242928,1.32327661436547,0.00136965798917803,0.00184720679311232,0.522788768844139,0.00402570223180429,0.000246414903632655,0.605739127102994,0,0,0,0,0,0,0,0.00942478425315104,0.000604009514655731,0,0.000496669410731047,0.00294036763045852,0,0.000107044143656204,0.000219830468313335,0.00103552764273301,0.000101131287842652,0.000184542116653114,0,0,0,0,0.211828238456397,0.0112008832733911,0.00173728929967534,0.00197203874593925,0.00280217390557383,0.477779187456376,0.000845586246662148,0,0.00179015594452633,0.000282070891220879,8.22868024578875e-05,0.00146589306389534,0.00104150733063489,0,0,0,0,0,0,0.000404279426625548,7.92103479395519e-05,0,0,0.000182331699701697,0,0,0,0,0,0.0112427813081683,0,0,0,0,0,3.5033180893481e-05,0,0,0,0,0,0,0,0,0,0,0,0,0,0.00818144481955773
0.00127256897819512,0.0769438991338273,0.0276751274014466,0,0,0,0.00367044333949167,9.87452125544418e-05,0.0291081364319598,9.29964961577934e-05,0.000200721690923385,0,0.000897239888464353,0.000463252027028236,0,0,0.0130152436533463,0,0.000807651263527026,0,0.151503697206971,5.02015811507487,1.54697356591434,2.75591632527992,0.00930871813730521,0.00313319071347281,0.778570079826508,0.33729598394213,0.000263119980438375,0.00598958780662231,0.000197484665442922,0,0.000791929724730606,0.0175084494040799,0.00230153849426567,0.147289381625936,0.0965212834349356,0.136536888714091,0.082752081821205,0.0298271292135454,0,0.000639922463139993,0.0225494617595266,0.00739948054569084,0.0116150115650918,0.0107802877150689,0.00315799510941181,0,0,0.000316580798136075,0.0137732364707035,0.00293773663424054,0,0,0,0.000521237381709214,0,0.0213941247122198,0,0,0,7.50322255096067e-05,0.000148060530182057,0,0.156792497867272,0.000568115504042774,0,0.000210256288916778,0,0.00472540905429671,0.19706812810883,0.0162044835949701,0.0205567269535782,0.000326129329856296,0.00036505123533328,0.0108633277095123,0.00610572926496844,0.000743465517639854,0.00459509271806571,0,0,0.000334934838975014,0.00219529147676361,0.000352010875201257
0.0100572736979409,0.182385983280504,1.407715597341,0,0,0,0.0113353691762145,0.000619242557714235,0.00676554728468435,0.000129047459545645,0.0120616432926058,0,0.00192609016938641,0.00329576242326297,0,0.0130152436533463,0,0.00468861557493019,2.43441607894811,0,0.0516538157202894,0.0305863913854169,1.59716326318192,0.00430362923212364,0.0220715084613109,1.26780696847582,0.355795357337242,0.0110823031255906,0.0017162193954187,0.0396697637924547,0.000885553510467858,0.000132105477720981,0.000998111342060044,0.377508493617844,0.000239501876113378,0.0518168538789338,0.144162366029254,0.25480205003563,0.0304757839173647,0.000389801826082977,0,0.00103614375953291,0.00134220751354971,0.00283587428279581,0.00255470881670384,0.000311893312078006,0,0,0,0,0.0273403300708322,0.00414225983806329,0,0,0,0,0,0.000867999960186704,0,0.00072241756968483,0,0.0003441987449042,0,0.000103605040453605,0.00150425888571262,0.00247544355853811,0.000520037465596881,0.00164783304483276,0,0,0.0142906608000647,0.000404391332970146,0.000370832888389183,0.0070890628230847,0.00688270445843999,0.0264473878745658,0,0,0.000114973993342239,0.000192540169681593,0,0,0.0011344064253701,0.000123173497123704
0.000253008227253531,0.000889636893637264,0.00025691955739883,9.96877675086237e-05,0,0,4.00755713718119e-05,0.000215433527842745,0,2.85279547900866e-05,1.44157282832529,0,0.0192794257763619,0.00061761405670019,0,0,0.00468861557493019,0,2.17608078968596,0,0,0.000141722553949196,9.56608562956551e-05,0,0.0400420264960466,0.681634662985668,0.0185735563748926,0,0.00113990611557103,5.62327913653897e-05,0.0196192173196602,0.000920328876332779,0.00043100135080015,0.0167302422417141,0,0.00102300203858822,0.0523288349900542,0.0233904042271489,0.00128958319137396,0,0.000514582340420074,0.00743340666715995,0.00030744241560945,0.00199975813141883,0.000590139099840278,0.000447619864526774,0,0,0,0,0.000134933210229254,0,0,0,0,0,0,0,0,0.00178244278541531,0,0.000798196192623158,3.33357702788613e-05,0,0,0,0.00402989290604154,0.000809212414049027,0.000104202294225144,0,0,0,0,0.00570296553548707,0.00371179427281606,0.00261186535278834,0,0,0,0.000193605226161422,0,0,0.000412149357527522,0
0.000870280122874819,0.0636843815504171,0.0514191963443349,0,0,0.000143801625621502,0.000655136218793739,0.000585941644544513,0.000564235716829474,0.00015948688863434,1.02713907539947,4.20531373081434e-05,0.0274189109664153,0.000974965321398954,0,0.000807651263527026,2.43441607894811,2.17608078968596,0,0,0.000934242052835765,0.00639789771227124,0.0131644743673242,0.000352139885062963,0.11315939158568,1.69624040206415,0.145492562264452,0.000262523525295624,0.00204983638392562,0.0019401715656458,0.0243130817241986,0.00162858133703599,0.00114256888820583,0.984657958802203,0.000172524748787657,0.0195188965747755,0.083105243868558,0.261008983738296,0.019229397009011,0,0,0.00581374889846203,0.000850447019606247,0.00857776744227607,0.00775695803779289,0.00120808285371698,0,0,0,0,0.0109299959548038,0.00078404742095057,0,0,0,0,0,0.000263510502714981,9.38739691868154e-05,0.00329402896407153,0,0.00206965099308915,0.000100832291946525,0,0,0,0.00430520343651126,0.00280458271940464,0,0,0.00195195009848734,0,0,0.0239295963324727,0.0190472418732138,0.0146977859977362,0,0,0,0.000623772558603164,0,0,0.00189087093425533,5.64428318801636e-05
0.000676657153313841,0,0,9.68702833141467,0,0.0783641064333847,0.0202101184854723,0.00563264718464203,0.296069014256536,3.07492300098506,0.00233922718235256,11.0277693952102,0.00017018892388744,0.00453384378394684,0.00942478425315104,0,0,0,0,0,0,0,0,0.987510360649815,0.00026170466423274,0.000156505738726071,4.88646902385064e-05,0.198813806646918,0.00232222706231142,0.000147587232107322,0,0.00193014800880597,0,0.0206995953003369,1.43338287009941e-05,0.00741006272517753,8.70015232081051e-05,0.0315453017743189,0.0218013574395539,0.0144922938039055,0.0073213209176038,0,6.88340623752823e-05,7.91795678611621e-05,0.000423915039894154,0,0,0,0,0,0,0,0.302625593642656,0,0,0,0.000154075651610441,0.00116945776235271,0.00146446830235772,0,0.000231608283309825,0,0,0,0,0,0,0,0.0377614470646642,0,0,0,0.00283974109106772,0,0,0,0.00156266980249499,0,0,0,0,0,0,0
0.0181243010231307,0.00310831240541645,0.123774655116172,0,0,9.82394067973796e-05,0.111942781825001,0.00323528624222232,0.0174438863453691,0.000312264157400391,0,0,0.000702502927162181,0.0134643932706701,0.000604009514655731,0.151503697206971,0.0516538157202894,0,0.000934242052835765,0,0,0.0506327812380872,5.36398513567879,0.08381471086262,0.00112164294454253,0.00350117514169209,0.0437229573419326,2.49463031941194,0.537921285620753,2.77062445507378,0,4.97839018274646e-05,0.694530624028835,0.213080190530859,0.00409803072352074,0.178639104911142,0.0747762016369297,0.327379405452213,0.0975164834817368,0.0263283608264526,0.000178858494089672,0.00047443795439269,0.0160152677711548,0.00300026463334061,0.00639192530233225,0.00647294639448596,0.000299117953538925,0,0,0.000310862910296058,0.000862078158791549,0.000246941363340332,0,0,0,0.000935938965776941,0.000122196657481064,0.010466281809086,8.30163858970574e-05,0,0,0.000180895300513431,0.000372547016448289,0.000151466300733998,0.0243202979628665,0,0,0.000191714561743105,0,0.00465337926014691,0.0233089929399857,0.0054203953650516,0.0205968155179962,0.000660334469930898,0.000150825870299002,0.00258301607692786,0.00996746519336992,0.00129366139703184,0.00731424122452131,0,0,0.00107241522763417,0.00101218165606648,0.00125781650461163
0.000727311264019526,1.60281588964173,0.0615647559388978,0,0,0,0.0092345573719746,0.000242637155836548,1.64044829071486,6.91143712145464e-05,0.000478006907676117,0,0.00587117275129441,0.0014559568112387,0,5.02015811507487,0.0305863913854169,0.000141722553949196,0.00639789771227124,0,0.0506327812380872,0,0.134164214432857,1.13636316338177,0.180072533805368,0.0153919113003157,0.819927223104922,0.102905698796489,0.000893637672905206,0.0118630751061265,0.00395762649222472,0.000231698276752956,0.000993665053302012,0.0216473407688446,0.00129064088291438,0.107298747780819,0.0753604681263344,0.114227510547306,0.0441940365229096,0.0201492815572887,0,0.00156137256220629,0.0218484642471077,0.00990351301075428,0.0266217885833582,0.00988455503197084,0.000486352870402832,0,0,0.000216696405929812,0.276204088775757,0.0149619541368826,0,0,0,0.000331219109034593,0,0.0392333741621068,0,0.0003584000483464,0,0.00023581068626573,0.00027053337014123,0,0.0813643380373341,0.00962503249523712,0,0.000860504480121467,0,0.00365933853472857,1.00108143610625,0.0113206478566191,0.0125997902926319,0.0279523875927819,0.00740242605636751,0.0911872781476314,0.00398161523966257,0.00079107626178094,0.00322055545381387,0,0,0.000488892212229313,0.0052649793403927,0.000594877598201807
0.0172422591110012,0.0244784675638396,2.73226922260794,0,0,0,0.0712260865187584,0.00244477624676095,0.00738797258730504,7.7435993139635e-05,0.000373677014754213,0,0.00127052584378496,0.0113780146658217,0.000496669410731047,1.54697356591434,1.59716326318192,9.56608562956551e-05,0.0131644743673242,0,5.36398513567879,0.134164214432857,0,0.0489999899987318,0.0033098393910311,0.0624269892932655,1.24420703221781,0.239932884233421,0.0989938830152469,0.18827908295804,4.18243376930083e-05,3.23126231844867e-05,0.0648377878725256,0.161332018628642,0.00957284683337268,0.342421220226804,0.380668544676644,0.520694509650341,0.178382370953314,0.0503120224651117,0.000117147976958642,0.00215573191302165,0.00805098502650465,0.00356696329130823,0.00561459513308443,0.00405842752209459,0.00113560753567668,0,0,0.000191671335900377,0.00652777298247343,0.00136996137114471,0,5.22749124165956e-05,0,0.000387270879092506,0,0.00873343692419425,0,0,0,0,9.96453838577622e-05,0.000183203565796985,0.0542963254143535,0.000776227471466051,0,0,0,0.0031312330528301,0.0589789827750401,0.0094316564139485,0.0115056656949935,0.00103679197578864,0.000580650078799925,0.02140527050728,0.0030806633567531,0.000506039035773648,0.0019932735043228,0,0,0.000137793711433628,0.000897777879359045,0.00292977313494246
0.00625278361697619,0.0208229500907938,0.012125955421741,6.40547398967485,0,0.00589809761423078,0.192974470058727,0.00774357849207763,5.21593320084373,0.0805147399973486,0.000116406760002053,2.3690927082752,0.000296075435096217,0.0101313076768506,0.00294036763045852,2.75591632527992,0.00430362923212364,0,0.000352139885062963,0.987510360649815,0.08381471086262,1.13636316338177,0.0489999899987318,0,0.00173659678596063,0.00213609960584576,0.0612755704084941,3.79531848552577,0.00970473423990144,0.0426938368166401,0,0,0.00779988660810046,0.020311726376062,0.00112649285377182,0.0558669745606127,0.0164270646698591,0.0502239838405282,0.0295793617911239,0.0498003708927758,0.000155325907632299,0,0.0279455675399773,0.00365792346894595,0.0101124750917427,0.00825257762125088,0.00153042683099566,4.7163391443852e-05,0,0.00149269313977312,0.00118461285334339,0.00119296648825473,0.020615788169356,0,0.000873356409824126,0.00957930434165251,0.00114347853399148,0.0971722388639999,0.00308166499328966,0,0.00168819995092854,4.47599411945165e-05,0.00413249068230255,0,0.0284372055369035,0.000189849914009512,0,0,0.00322280163964499,0.00590155283157431,0.0402794958647309,0.00572275786564912,0.0876768041155309,0.000937624454441795,0.000428251788651494,0.0030825579421149,0.0540937418981936,0.00342010414543011,0.0125063602409304,0,0,0.00124721315106194,0.00282638394437444,0.000383819776779317
0.000108947718795338,1.59795099042483,0.0148781194874948,0,0,0,0.000249434369313746,0.000137474096689827,0.0196243720361853,0.000160333605351672,0.701085924893058,0,2.45934949266658,0.00113558799169864,0,0.00930871813730521,0.0220715084613109,0.0400420264960466,0.11315939158568,0.00026170466423274,0.00112164294454253,0.180072533805368,0.0033098393910311,0.00173659678596063,0,0.417627739256002,0.936546284144981,0.000578497820406829,0.00258004396359698,0.000444531931945882,0.345704076465475,0.00157034803529982,0.000498731092396006,0.0442867536541881,2.51544680678864e-05,0.0283216303923882,1.50863466634281,0.238665266661022,0.0264877838936752,0.00106983059722352,0,1.48769872323956,0.00551915736489673,0.132282587276757,0.0649251378208592,0.00814413611606817,0.000374416351080025,0,0.0432476619185416,0,0.130157755818486,0.00348524229048216,0,0,0,3.99757877638132e-05,0.000193083615322341,0.00202711992350564,0,0.109110875612554,5.71971808865533e-05,0.0668240741570585,0.000361932448931027,0,0.00195719769547915,0.00389695814437789,0.0534168297351623,0.0122183712318111,0,0,0.0301123785741477,0.000266740580136536,0.000291678679974215,0.701989389956819,0.0976215281062774,0.0581489921255426,3.05529975245372e-05,0.000603867153372145,0.000114663424536829,0.02713543779299,0,0,0.0134368488196563,1.00000629924837e-05
0.000643641776998407,0.176104603525846,1.27784454708018,0,0,0.000609405355958624,0.00120180715383981,0.000837813922658113,0.00221091758830775,0.000477833341403269,0.731694659895358,0.000133567664048879,0.279376806259615,0.00233511914163887,0.000107044143656204,0.00313319071347281,1.26780696847582,0.681634662985668,1.69624040206415,0.000156505738726071,0.00350117514169209,0.0153919113003157,0.0624269892932655,0.00213609960584576,0.417627739256002,0,1.687050438736,0.00248387852409834,0.00557971829367612,0.00176375852497347,0.463428595021648,0.00111895345717807,0.000320657772156063,0.16194277278239,0.00027340989983383,0.0304550817748147,0.210952428318388,0.193291893482042,0.0165243580209887,0.000379742182948737,0,0.0215125623946364,0.00401163640490966,0.0351953257733475,0.0215842047589075,0.00279824571476029,0,0,0.000704984984659193,0,0.020627321725679,0.00189040983465032,0,0,1.60033181398045e-05,2.52418558857694e-05,0.00018018340741797,8.60866283239315e-05,0,0.0255289674546321,0,0.0156046810513858,0.000393858051281146,6.66828455013896e-05,7.03068337493634e-05,0.00173766663112925,0.0228836524677784,0.0106089980269156,0,0,0.00380656460538263,1.87544395601103e-05,0.000215066115799011,0.0787652528709471,0.10775791450263,0.0769844956359285,6.28241852831113e-05,0.000354480259425666,3.3337108466352e-05,0.00406095283646583,0,4.05111430736519e-05,0.00781558212667936,0.000307796844039401
0.000700836273423,1.45578217223882,2.01461447171311,2.26975331657454e-05,0,0.000249217736914888,0.00336013423633549,0.000476138594114206,0.0234175328530769,0.000101358637084195,0.0880191135868504,0,0.637484364049678,0.00183415435250091,0.000219830468313335,0.778570079826508,0.355795357337242,0.0185735563748926,0.145492562264452,4.88646902385064e-05,0.0437229573419326,0.819927223104922,1.24420703221781,0.0612755704084941,0.936546284144981,1.687050438736,0,0.0389277833877062,0.00195230791579845,0.00575204882824211,0.284456011677896,0.000367096426021086,0.000287940452680552,0.175779430320823,0.00395247736225862,0.177671505459945,0.184892406573576,0.379988019124389,0.069850823020974,0.00818103636538378,6.35873155768654e-05,0.00381680511666375,0.0076449136981604,0.029757869269441,0.030624495853582,0.00406723894715345,0.000519977866525015,0,0.000286913828028708,2.04120614763306e-05,0.0703279643165705,0.0100060721308364,0,0,0.000103992346869898,3.53704097922169e-05,0.000335725810393488,0.00196062738029172,1.63934394069054e-05,0.014499090251275,0,0.00725105403344036,0.000698264884709847,0.000173663701741831,0.0126182610344756,0.00847904584159514,0.0100865440866232,0.0135927723752859,0,0.000315942719494537,0.0399785222871911,0.00506016412934034,0.00181144155281905,0.0873329398901042,0.124295738075886,0.203934308402177,0.000386062614539291,0.000463727402073191,0.00019024900848595,0.00222835556654653,4.84781751587202e-05,3.19806223219778e-05,0.0129391284522172,0.00187448202237691
0.0325014054702458,0.00459949458832351,0.0503784615664734,5.39758098877579,0,0.0266804890761861,5.02211436738789,0.0481146047634929,0.299523622241581,1.45401873619339,0.00108407804321064,0.00482809914542974,0.000739738455155838,0.0649112334037979,0.00103552764273301,0.33729598394213,0.0110823031255906,0,0.000262523525295624,0.198813806646918,2.49463031941194,0.102905698796489,0.239932884233421,3.79531848552577,0.000578497820406829,0.00248387852409834,0.0389277833877062,0,0.0235788067361662,1.45866831715721,7.05664927613653e-05,0.00154743802261601,0.00862772200869184,0.0753861028929072,0.00348002765699768,0.130404566687342,0.0272534762361307,0.19072970159104,0.0695448681176531,0.0150869154235835,0.000942237028084284,0.000403787164132855,0.039711879121816,0.00340094185423533,0.00939838170062506,0.0112752343040852,0.000858856118899111,0,0,0.00202717834874486,0.00115038380663204,0.000285628886063861,0.00230041051908712,0,0,0.01031134711524,0.00166061703234394,0.0584692981816213,0.0011844775445658,9.1048289506541e-05,0,0.000143788020605666,0.00400228901186927,0.000290260504908632,0.0272550444050223,0.000159270804663802,0,3.07110216523458e-05,0.000126234871680252,0.00579192137620831,0.0187878219459182,0.00451093804859655,0.0932398953628991,0,0.000136423409229479,0.00238251030613573,0.0675249765391363,0.00561133296949164,0.0189534154950221,0,0,0.00170886753157285,0.0028506720877286,0.00114429609244209
1.63993906294592,0.000192624009707426,0.000331043482020531,0.000507745072412985,0.0280422971542835,0.140659323313932,0.169611617038889,0.287980764488638,0.0181085975978345,0.0161830587339874,0.0684887301205935,0.000330906932613435,0.00299282808250041,3.92097887069819,0.000101131287842652,0.000263119980438375,0.0017162193954187,0.00113990611557103,0.00204983638392562,0.00232222706231142,0.537921285620753,0.000893637672905206,0.0989938830152469,0.00970473423990144,0.00258004396359698,0.00557971829367612,0.00195230791579845,0.0235788067361662,0,3.42327619653049,0.000890193736922637,0.845583331970949,2.24931633450913,2.05509362542782,0.0015793243401666,0.0709827561883345,0.0133790234385433,0.555900904337992,0.106054280952386,0.0188116362509456,0.458933554868742,0.00285211016376363,0.00151661699585368,5.60386396739262e-05,0.000226137026065614,0.000675852211921587,0,0,0,0,0,9.90057970609538e-05,2.44720242101716e-05,0,0,0.000325362801593317,0,0.00150620461413463,0,0.000112435676786286,0,3.14360943803401e-05,0.000162409329920199,5.04410566810869e-05,0.000433560979331318,0,0.000279428554558717,2.92148537280401e-05,0,5.01406802026596e-05,3.45210373852412e-05,0,0.00354320200281922,0.000226528139171783,0.000129544555618125,5.32094386585242e-05,0.00351870856369312,0.000306138393353301,0.000788689614864639,6.0552760015035e-05,0,0,0.000523062849606319,0.000342006735976154
0.17872329376439,0.000761990228280418,0.0210604088526931,0.000124686761907153,0,0.00078622274764692,2.14953306756282,0.0227390079888448,0.0797318536313677,0.000528869952029301,0.00212737439611947,4.98479109047184e-05,0.00177784454102565,0.07166329948667,0.000184542116653114,0.00598958780662231,0.0396697637924547,5.62327913653897e-05,0.0019401715656458,0.000147587232107322,2.77062445507378,0.0118630751061265,0.18827908295804,0.0426938368166401,0.000444531931945882,0.00176375852497347,0.00575204882824211,1.45866831715721,3.42327619653049,0,0.000192482296498212,0.00176033014251499,1.33766973147405,0.544979347491516,0.00370991801547415,0.172748026941134,0.025721731158476,0.381193322837614,0.168240530923548,0.0246922014604805,0.00147349529233972,0.00134282543038169,0.0103731019431994,0.000944398040376918,0.00190199191132759,0.0061946337106231,0,0,0,0.000179607867038402,0,0.00015557700529438,0,0,0,0.00206116545861394,0.000395024406085788,0.0128142186563111,0,0,0,0.000305715564390916,0.00103631019679455,0.000104150868262431,0.00461303997885794,0.000213933808415404,0,0,6.31872053738474e-05,0.00144948984068448,0.00298767945722993,0.000360063829212204,0.0197502717778146,0,0,0.000457046963348316,0.0136406113384291,0.00197665883666778,0.00494168181226374,0,0,0.000299815744721968,0.00078688219910341,0.000969021173123509
0.000152418227987103,0.0136992746132805,8.89958126458808e-05,0,0,8.57717037706564e-05,8.05372333111745e-05,0.000211938660080785,0,0,0.309848429695782,0,3.2701362004824,0.000456670616717084,0,0.000197484665442922,0.000885553510467858,0.0196192173196602,0.0243130817241986,0,0,0.00395762649222472,4.18243376930083e-05,0,0.345704076465475,0.463428595021648,0.284456011677896,7.05664927613653e-05,0.000890193736922637,0.000192482296498212,0,0.000383898596812711,0,0.00654721009337122,0,0.0016703379756064,0.0806353748152892,0.0323223876491157,0.00401843017212387,0,0,0.0469980882323624,0.000299994344703496,0.00746823335021143,0.00287592072743285,0.000861873696005263,0,0,0.000486720319178062,0,0.000445083058031488,0,0,0,4.72815941777094e-05,0,5.21600160583368e-05,0,0,0.00957930189527366,0,0.0028139523154263,0,0,0.00013292491757538,0,0.0101074479009595,0.00120804774549543,0,0,0.00101669887012373,0,0,0.0233493190347693,0.00938493698541664,0.00317427255100311,0,0,0,0.00146032322511625,0,0,0.000226112058624038,0
0.0131925763738409,0,0,0.000454674855293646,1.88627435891289,0.745916038110461,0.00407882607491012,0.330033871194408,0,0.00409318911415564,0.0231787039195033,9.25581457375708e-05,0.000465823201609701,0.578107001429588,0,0,0.000132105477720981,0.000920328876332779,0.00162858133703599,0.00193014800880597,4.97839018274646e-05,0.000231698276752956,3.23126231844867e-05,0,0.00157034803529982,0.00111895345717807,0.000367096426021086,0.00154743802261601,0.845583331970949,0.00176033014251499,0.000383898596812711,0,0.00791471168385261,0.919744864092784,0,0.00156419842593621,0.00349954180276638,0.166190457035042,0.00776428552232193,0.12544342661642,5.50147092246517,0.00738398010539143,0,0.000174357936899024,9.04661978954066e-05,0,0,0,0,0,0.000256195829635049,0,0,0,0,0,0,0,0,0,0,0,0,0,0,0,0.000143088610371881,0,0,0,0,0,0,0.000301817206284385,5.73276143457388e-05,0,0,0,0,0,0,0,0,0
0.0323400083432915,0,0,0.000115452928554128,0,0.000252501657728342,0.0129954702112441,0.00510058881516055,0.0280433254526762,0.000997262630590036,0.00599379958472329,0,0.000405101004242779,0.0247157152933619,0,0.000791929724730606,0.000998111342060044,0.00043100135080015,0.00114256888820583,0,0.694530624028835,0.000993665053302012,0.0648377878725256,0.00779988660810046,0.000498731092396006,0.000320657772156063,0.000287940452680552,0.00862772200869184,2.24931633450913,1.33766973147405,0,0.00791471168385261,0,1.42071207563089,0.000366146089662411,0.0331379904017272,0.00367034866765973,0.555275052257311,0.183781499365737,0.0121865567907364,0.00864811260437199,0.00270425581994469,0.000819592847784155,0.000121712899227749,0.000175992077558834,0.00190494481736728,0,0,0,0,0,0,0,0,0,0,0.000104975870733257,0.000878950034461982,0,0,0,0,0,0,0.000940290520822369,0,0,0,0,0,0,0,0.00221087843709485,0,0,0,0.00087323088045847,5.76958850102187e-05,0.000153562007349136,0,0,0.000378748759942895,0,0.000219953668924756
0.0813730076881643,0.0770294338618258,0.0670085200596065,0.00471631925759439,0.0761908131851355,0.0724044545385633,0.0967337876364857,0.107254734456265,0.0250147525372645,0.0740560678634806,1.28911159191846,0.00414231351365891,0.0300284331385077,0.372599447523068,0,0.0175084494040799,0.377508493617844,0.0167302422417141,0.984657958802203,0.0206995953003369,0.213080190530859,0.0216473407688446,0.161332018628642,0.020311726376062,0.0442867536541881,0.16194277278239,0.175779430320823,0.0753861028929072,2.05509362542782,0.544979347491516,0.00654721009337122,0.919744864092784,1.42071207563089,0,0.00576715535991713,0.358378667661993,0.343832782153864,4.54519526446389,0.369557515178494,0.0220600924824621,0.535110389691075,0.0533479543298719,0.00257525399285082,0.00332319208802484,0.00420861771616165,0.0017282457592797,0.000771605500709559,0,9.04321769200495e-05,0,0.0151425284270092,0.00129188340623165,7.92374255573075e-05,0,0,0.000408288513339863,3.68138342818512e-05,0.00589361280088144,0,0.00157052121725999,0,0.000931361145970369,4.13433200115382e-05,6.5224977717715e-05,0.00378875340816619,0.000936007005629426,0.000996900511837978,0.00188848500806411,0,0.000253982963361937,0.00608203535123335,0.000302550640178445,0.00594902643902762,0.00727976651594448,0.0106623609615264,0.0191578508962541,0.00332748129349814,0.000159653370697779,0.000583272626562929,0.000538830285579319,0,0.000187165114179433,0.00104858540536763,0.00125178361055461
