0,0.000670296422626879,0.113736425725883,0.000902686421321332,0.000116486855318465,0.000843958360745942,1.27194528656173,0.127995051274625,0.0382412307150339,0.141298207934626,0.000727351305497671,0,0.000202693890435559,2.91291929124284,0.000849568226288648,0.00163096591684542,0.0803604683904459,0.000386722223935032,0.00569957477907296,0.000185259328143986,0.0148041837065759,0.000901248116928434,0.0454477742725143,0.0481053788107784,8.18005476406636e-05,0.0292211852640917,0.00975051845615518,0.0591367274059465,1.11231423690095,0.36961594856748,0,0.000193433773062994,0.0068673980704543,0.0301953792997674,0.000165884728426323,0.0239785919816492,0.0206943857499112,0.0379795861627417,0.0174439951106237,0.00791423641021305,0.000274151265420554,0.000410771542001039,0.00285181931255693,0.000355630030327998,0.00205489500351635,0.0029969864352631,0.00200662811160601,0,0,0.00108203825155307,0.000504726837374674,0.000364333423839971,0.000284315339623385,0,0,0.00324233356908449,0,0.0131530240416398,8.9732896437386e-05,0,0.000162754675815873,0,0.000273391497550286,0.0001007853704553,0.000271987647245883,0,0,0,0,0.000129468903849255,0.00140386435341285,0.000178550435106072,0.0213648446599973,0,0.000153809442905969,0.00110331239376663,0.013499780037599,0.000618257814273528,0.00131109550531219,0,0,0.000939535791616566,0.000332883419504274,0.000445955616184307
0.000670296422626879,0,0.0503073415936489,0,0,0,0.000391457097716943,0,0.190358843219044,4.11736425689263e-05,0.00238942470799386,0,0.0994351874857885,2.72113644392913e-05,0.000133698183881325,0.099646027608839,0.0270619864102204,0.000498735110064277,0.0100510252033087,0,0.000284530972460796,1.38902068077128,0.0059887481378955,0.0824276901177332,2.20041824030663,0.0289312492116868,1.20931282486342,0.00315532253886272,0.000365357354285968,0.000945888475480626,0.00738149373803464,0,0,0.0116543861707925,0.000348786921706817,0.0165047522334188,0.0725514512193361,0.0509046881369143,0.0329774847310699,0.000683924696967479,0,0,0.0211203058249187,0.0343314392106381,0.0297059977572371,0.0153597816538815,0.000125259096323407,0.000318046413513705,0,0.000205050342381552,0.688604940473485,0.039907265764257,0,0,0,0.0012377060467474,0.00016662237006515,0.0187349794562971,0.000107053296387825,0.000441419792087988,0,0.00138718475869129,0.000314150203702778,0.00157609607292858,0.0217403160283195,0.0189419076697158,0.000794888076807554,0.00574686549741716,0,0.000437590680049132,0.248029551435886,0.0068963476314073,0.010593809373943,0.0396003712119277,0.0195714678903803,0.179135195256839,0.00204231698234208,0.000336137446360933,0.000275675427998713,0.000902627178947474,0,0,0.0135018035260221,0.000604413997651758
0.113736425725883,0.0503073415936489,0,0.000384911188624403,0,7.95802776975283e-05,0.394491104371018,0.0156900810982183,0.0085591515519315,0.032275130011156,0.00548349905192203,0,0.000251327326996348,0.0471522243462673,0.0014367105886643,0.0402342535596479,2.52218009019774,0.00265090652645756,0.0425690034169648,0,0.213418982670152,0.0148430559125406,2.35195304089925,0.0172895742741024,0.000878966683528136,1.53558797268735,1.64378329675218,0.180932456424023,0.0197889594344239,0.159582412257669,0.000753021775313772,8.91844917527227e-05,0.000931076804272288,0.125385197840962,0.00523463809790497,0.189518456105271,1.58275356806169,0.475630935884062,0.235241681467379,0.00469797141379466,0,0.00126771374279144,0.0095001253905252,0.0124746248228232,0.00851203916491365,0.0050782366512238,0.000395077530535191,8.63620722525611e-05,0,0.0001836471981184,0.0583125373024211,0.0163968919902187,0,0,0,0.000577748860274719,3.67086665592252e-05,0.00268353375621029,0,0.000186479894768014,0,4.31387383795266e-05,0.000150077271370152,0.000229032672921246,0.00526098111991606,0.00690193202998421,0,0.00202670715122391,0,0.000113048686762936,0.0177706947606372,0.00222232473835823,0.00424281168247322,0.000994528472927109,0.00948187318315238,0.0820983232128532,0.00175314536199306,6.30070146316944e-05,0.000458033465768307,0,0,6.46999236648817e-05,0.0034153076346798,0.00592139044943569
0.000902686421321332,0,0.000384911188624403,0,0,0.00292558624256338,0.00648215886271692,0.00599972571580537,0.140961496995285,1.83361478147236,0,1.00753633276287,0,0.00140821937768706,8.0987272139444e-05,0,0,0,0.000210608876559657,6.16230200818404,4.04387729541905e-05,0,4.34261844688652e-05,3.96208754224297,0,0,0,2.09713354888693,0.00271119043857082,0.000137943660187086,0,0,0.000325285096895613,0.00175473783231548,1.4445768756196e-05,0.000295220053944355,0.000350064411826605,0.0018077196302088,0.000619997576264165,0.0104742103026556,0.000259050416951095,0,0.000275595602605303,0,0.000724449210091889,0.000442292363568115,0.00179479802300904,0,0,0.000290813142205348,0,0.00014938689277732,0.551526241447906,0,0,0.00178347909433724,3.56089804710998e-05,0.00815588118591182,0.0010853833047762,0,0.168370106471119,0,0.000202934292469448,0.00032933082415651,0,0,0,0,0.733884661763405,0,0,0,0.0854297546013643,0,0,0,0.00853591025871294,0.000199940680711752,0,0,0,0,0.000276508565834156,0
0.000116486855318465,0,0,0,0,3.01726490594801,0.000318426565549718,0.121683712205355,0.000187479322774425,6.8862868208957e-05,0.000659821075973328,0.000143161822924967,0,0.0598297027771704,0.997284885809204,0,0,0.000528296271845377,0.000592849526709393,0.000192814671562376,0.00021916846762747,0,0,0.000263341795502998,0,0.000369624929227248,0.000174667513326246,6.01225037425435e-05,0.0926123315549379,5.32438298087253e-05,0,1.82179301971976,0.00148039816436293,0.316558512161797,0,4.90339767693485e-05,0.00227619430136849,0.0606032573361868,0.000993533587095244,1.35644609389261,2.64410835731891,0,0,0,0,0,0,0,0,0,0,0,0,0,0,0,0,0,0,0,0,0,0,0,0,0,0,0,0,0,0,0,0,0,0,0,9.0466216197843e-05,0,0,0,0,0,0,0
0.000843958360745942,0,7.95802776975283e-05,0.00292558624256338,3.01726490594801,0,0.0306337451624758,3.05447255355609,0.00121707722624538,0.759734893469143,0.000495637661212309,2.45913400629205,0,0.0499289367127683,1.2149219215623,0.000238868291722243,6.45328301045731e-05,0.000197839245553922,0.000343885789917918,0.0190943820982954,0.000119484322043886,0,0,0.00533685631398102,0,0.000566137434618284,0.000373192820082977,0.0370791915388465,0.0753454419617835,0.000240749349398819,0,0.375828079954566,7.01558656821259e-05,0.0153504858940212,0.740951607119973,0.00032676821031186,0.000380178352344477,0.0314413962698824,0.000808973351574553,0.968921470810701,0.0874627927579174,0.000371346792413517,0.000291796219527123,4.18679634448548e-05,3.72272817339599e-05,5.3072435569259e-05,7.25945331670249e-05,0,0,0,0,0,0,0,0,3.86325172945144e-05,0,0,0,0,0.000205917400320107,0,2.45825321860114e-05,0.00029088067908865,0,0,0,0,0,0,0,0,0.000782783079279053,0,0,2.6812066747159e-05,0.000130061407737747,0,0,0,0,0,3.60691999715529e-05,0.00426606335879663
1.27194528656173,0.000391457097716943,0.394491104371018,0.00648215886271692,0.000318426565549718,0.0306337451624758,0,0.0570722783376824,0.0964790300230866,1.69600718899927,0.00198989410315295,0.000550985017486866,0.00019953549586561,0.462898960771398,0.00153175309233743,0.00990773049320528,0.0439258809069193,0.000657185359759824,0.00534387294826577,0.000748896939457587,0.068654342609516,0.00364863826116148,0.204559707661973,0.226495220564908,0.000156410319911275,0.0930944920209329,0.0335718589531758,3.64852150919387,0.236776291427133,2.0156015267255,0,0.000756968498550885,0.0174687277431124,0.0728407371358384,0.00425362050717285,0.0891118141588548,0.0501769648907019,0.147866036187903,0.0810904950257905,0.086253058985373,0.000334706596218644,0.000129086562304441,0.0109750652088514,0.000778079601550504,0.00565074279973518,0.00331152777065082,0.00427189937977604,6.11891636231685e-05,0,0.00270588020336747,0.00106309397049234,0.000266333344687821,0.00197844995979297,0,0,0.0195085099594009,0.000559962583578423,0.022907785635249,0.00101732520672753,0,0.000157623015082864,0,0.00125273147067321,0.000599492209293794,0.00373357292412437,0.000234343112706687,3.64721083888474e-05,7.64451805333527e-05,0.000644359310628696,0.00082227989041232,0.00416172442446632,0.00144888099034959,0.0904711971799532,9.70835068910131e-05,0.000244130734741182,0.00375094388904791,0.0664977501127806,0.00192235205746018,0.00688759968276392,0,0,0.00121181897766645,0.00102531008983719,0.00379823896694093
0.127995051274625,0,0.0156900810982183,0.00599972571580537,0.121683712205355,3.05447255355609,0.0570722783376824,0,0.00570258378145139,0.933779367658879,0.00399252545370233,0.0589585059001798,0.000103080651614756,1.60631539763336,0.00525267186934498,0.000669801768916852,0.00945721214440094,0.00165301901354535,0.00353993224420818,0.0753933933934732,0.00169683823146984,3.51329619333153e-05,0.00534388507983004,0.0135803978847392,0,0.00852965504830373,0.00252344404207801,0.0374634889668524,0.486439859094336,0.0111391383416058,0.000145719556492032,0.0794514511866911,0.00184969115373735,0.0826201396167424,0.0214566805716131,0.00396690187668652,0.00472085462574602,0.156794124060516,0.00495879391938261,0.340315824180812,0.0606852361079446,0.00108847470633819,0.00046290064237036,0,0.000307487529188326,4.27573449809943e-05,0.000167561937851638,0,0,0.000276911628872917,0,0,0,0,0,0.000707903027496983,0,0.000921928302966836,2.64117471242718e-05,0,3.88819708221455e-05,0,5.14175810327829e-05,0,3.25136934162121e-05,0,0,0,0,0,0,0,0.00377021732385692,0,0.000150179314020965,0.000173743777830232,0.00234411359058513,0.000266159400653727,0.000192547865325748,0,0,0,3.75835037610701e-05,7.85067471681625e-05
0.0382412307150339,0.190358843219044,0.0085591515519315,0.140961496995285,0.000187479322774425,0.00121707722624538,0.0964790300230866,0.00570258378145139,0,0.125028567495048,0.000914431715725176,1.38798424333172,0.0390171041303404,0.0150172492089879,0.0133070787198666,0.026774562162365,0.0143002400564586,0,0.00234289188170843,0.168541437127251,0.00100317924981266,1.42347855129675,0.00205232082642869,4.39669488009278,0.179966035488533,0.00949522568694906,0.156566346554525,0.253290688126037,0.0262004678394109,0.0267756641363478,0.00444318275053681,0.000299413363369236,0.0105759887418289,0.0137322210679653,0.000442952588867789,0.0401073059931457,0.020781732925228,0.0377444080077637,0.0268247410093541,1.07031585757202,0.000702919116157864,0,0.017970401170156,0.00417883789632875,0.0144480829241976,0.0114285069176047,0.00967129864389172,0.00143187918705323,0,0.00694513668907742,0.0476980581944427,0.00267343551665651,0.00245253006031347,0,0,0.0181546246040571,0.000820431542956012,1.02199638826838,0.000845822072975704,0.000448300205936538,0,0,0.00215065866833453,0.0133713037731229,0.0121889894583198,0.00208585933229506,0.000628217324936148,0.00193056097981428,0.000443031113901874,0.00139570726826198,0.10579116288652,0.00124859221680449,0.183222096350776,0.0098373932786016,0.00406554623148891,0.0206365531854591,0.0560702731664918,0.00296494825076357,0.008208577943467,0.000124378966751038,0,0.0024193987572142,0.00283336018587206,0.000862652232601014
0.141298207934626,4.11736425689263e-05,0.032275130011156,1.83361478147236,6.8862868208957e-05,0.759734893469143,1.69600718899927,0.933779367658879,0.125028567495048,0,0.000657852844760314,0.7807512973122,5.36929157789754e-05,0.271504404722007,0.00144152152357947,0.000357345524306291,0.00500757474771488,7.98730124440682e-05,0.00078340830123218,1.87267720690978,0.00238018502357099,0.000341651048421967,0.0109919615332624,0.165507359580438,0,0.0100395527274626,0.00203367720918817,2.09410813060034,0.0486006148689063,0.0128247416498989,0,0.000129827263062604,0.00261677954421451,0.0163680426153001,0.157246519695514,0.00390753738110257,0.00350561817717674,0.0215070207357996,0.00463320712650026,0.0848465124986348,0.000177586514620623,0,0.000498305601992412,2.90344080119543e-05,0.000510101834639004,9.27452078794046e-05,0.00188212769239141,0,0,0.000234932452442042,6.15602921848063e-05,0,0.00132402922049276,0,0,0.0050875416920572,0,0.00332513684658123,0.00071559350369183,8.42475324259236e-05,0.000460539958965105,0,0.000159426076077053,0.000636049116487604,0,0,0,0.000171754335644761,0.00111817047413116,0,0,0.000131654422001605,0.0164513743260012,0,2.41687874951877e-05,0.000217550324019608,0.00866710307097555,0.000529103774349063,0.000208429049523987,0,0,0.000294748763322937,0.000290938184599974,0.00061665844422633
0.000727351305497671,0.00238942470799386,0.00548349905192203,0,0.000659821075973328,0.000495637661212309,0.00198989410315295,0.00399252545370233,0.000914431715725176,0.000657852844760314,0,0,2.06449947046636,0.00411245431282304,0.000420996179566418,0.00126506763110185,0.0136922754975354,1.51970658180529,1.92268825874151,0.000267306297001994,0.00239267846098529,0.00163591767684891,0.00390819365394866,0.000968961368825629,1.60391782598486,1.23191653063989,0.0964092010677067,0.00121998441875796,0.014558627855359,0.00120572391901985,0.236126867410903,0.00213537869075442,0.000853768518893168,0.950623240002603,0.001819636840129,0.0960464504921703,0.711341545843387,0.803239921875292,0.109614872160504,0.0114752874476566,0.00111128734697617,0.220709509732743,0.00134450392312109,0.00208443037587758,0.00176791758719907,0.00121471192557968,0.000156522415974678,0,0.000270870224022779,0,0.00514506546091954,9.8844674721538e-05,0,0,0,0,0,0,0,0.00445849945353455,0,0.00641894103745303,0,5.70801518861019e-05,0.0001389429187896,0.000117932650977731,0.00102493147721707,0.000814034496499201,0,0,0.000321071099286224,0,0.00022898839426246,0.0349697260367679,0.00991601443092976,0.010267330601674,8.48649459113948e-05,0,4.65625040018888e-05,0.00328043635771065,0,0,0.000526500421560081,0.00100498726413574
0,0,0,1.00753633276287,0.000143161822924967,2.45913400629205,0.000550985017486866,0.0589585059001798,1.38798424333172,0.7807512973122,0,0,0,0.000223547658359704,0.15815244380604,0,0,0,0,9.6158606878634,0,0,0,1.44534998877094,0,0,9.86221663362846e-05,0.044166446773986,0.000565087444630408,0,0,0,0,0.000208623658663351,0.299149428699553,0.000369874425107946,0.000531541018211734,0.00040331030012776,0,0.563318026170478,0,0,0.000172728037203251,0,0.000296955468552305,0.000181896724975305,0.000915229171352669,0,0,0.000231672146879178,0,0,0.0471804803608185,0,0.000805148058683081,0.000918874586252964,9.51831162362472e-05,0.00334004069733092,0.00213769139748925,0,0.912831228112041,0,0,0,0,0,0,0,0.713517795281048,0,0,0,0.0271078713999007,0,0,1.49107569471788e-05,0.00323047327294771,5.30364295224508e-05,5.1175716225958e-05,0,0,8.09655075018068e-05,0,0.0464637944629484
0.000202693890435559,0.0994351874857885,0.000251327326996348,0,0,0,0.00019953549586561,0.000103080651614756,0.0390171041303404,5.36929157789754e-05,2.06449947046636,0,0,0.000100661083915921,7.03208033845781e-05,0.00244196904911207,0.000546901582437961,0.00699758750479861,0.00647802415991299,0,4.75904840317037e-05,0.0713149531278704,0.00014384754142716,0.0104853728230959,2.9802834363883,0.193782887450037,0.492817381600973,0.000299342945747152,0.000656429105660554,0.000178205581869163,1.90352061101863,0,0,0.019548882001113,0.000218087947025843,0.038654797239164,0.135672431500613,0.0690812689842637,0.135791750448981,0.000285179350998676,0,0.178836369487745,0.000910472855377912,0.00296453918121726,0.00317579138941333,0.001300993320198,0,0,0.000276840338204326,0,0.029459292158918,0.000375595563094625,0,0,0,0.000124220223781065,0,0.000737626169635189,0,0.00597070066355585,0,0.00909533014080251,0,0,0.000235396942144138,0.000112113370519724,0.00179443039125397,0.00129977578137585,0,0,0.000751273999417948,0,4.89276861980826e-05,0.0609358694476467,0.01935625633785,0.018381127240097,0.000117596616287811,0,0,0.00680698539537207,0,0,0.00037930305986643,0.000147740702217076
2.91291929124284,2.72113644392913e-05,0.0471522243462673,0.00140821937768706,0.0598297027771704,0.0499289367127683,0.462898960771398,1.60631539763336,0.0150172492089879,0.271504404722007,0.00411245431282304,0.000223547658359704,0.000100661083915921,0,0.00203581062857923,0.000369208787179133,0.0277586267254809,0.000897950520949111,0.00353724229978303,0.00176221927045393,0.00581947424329941,0.000603141292395519,0.0174697671417207,0.0368275733031733,0.000872088396262257,0.0187045658288201,0.00554381668697106,0.049916973316452,3.96889377166343,0.0801385537154846,0.000160342831730764,0.098136487852697,0.00511464542496868,0.0827086476513762,0.00018770332749847,0.009782267373244,0.00997316426515168,0.108336748032265,0.0054333410399052,0.14285884905009,0.0403104561376523,0.000599432459224266,0.00218593419998367,9.94906069418195e-05,0.000931016256091611,0.000552807979273422,0.000463125197848089,0,0,0.000711132618536883,0,9.36992852700724e-05,8.87446818900302e-05,0,0,0.00266571304154488,0.000101011398637656,0.00363376530953608,0.000285630835153037,2.57345202621213e-05,0,0,0.000186954619884409,0,9.50028186961441e-05,0,0,0,4.07464770763796e-05,8.24290602051718e-05,0.000328754399784015,5.02446417112107e-05,0.0138049580466626,3.46827631744571e-05,6.46216232132169e-05,0.000759109882458308,0.00946675084376088,0.000373127364151119,0.000965068771186762,0,0,0.000216986503531827,0.000227775417714525,0.00047896943320229
0.000849568226288648,0.000133698183881325,0.0014367105886643,8.0987272139444e-05,0.997284885809204,1.2149219215623,0.00153175309233743,0.00525267186934498,0.0133070787198666,0.00144152152357947,0.000420996179566418,0.15815244380604,7.03208033845781e-05,0.00203581062857923,0,0.010140333816491,7.98457807512833e-05,9.95628711131834e-05,0.00026500426991645,0.000910911473408745,0.012658776133807,0.000725592587539292,0.00935261847070862,0.00192746266678079,0.000252625259713081,0.000709049256866847,0.00282842458900065,0.0118747566427366,0.00628166667869905,0.00284174715868266,0.00081818640564117,0.0169106320408072,0,0.00834953517985166,0.0599501557296315,0.130284882498248,0.0294148264506732,0.0177089248086645,0.00955132907733016,1.77440817412955,0.084763655390357,0,0.00687588080422738,0.00246381268735941,0.00271038710595297,0.00482019138540441,0.00166462483396181,0,0,0,0,0,0,0,0.00067224745554445,9.46325448446636e-05,0,0.00215045461731629,0,0,6.5428899595842e-05,0,0,0.0238594859515912,0.000503562536788888,0,0,0,0,4.80442057175525e-05,0.000131985919765612,0.000398283438472709,0.000623148436301953,0,0.000293308167821863,0.000390361710856177,0.000731410126385909,0,6.13044907966671e-05,0,0,0,0,0.0276790047185018
0.00163096591684542,0.099646027608839,0.0402342535596479,0,0,0.000238868291722243,0.00990773049320528,0.000669801768916852,0.026774562162365,0.000357345524306291,0.00126506763110185,0,0.00244196904911207,0.000369208787179133,0.010140333816491,0,0.0329087921014651,0.000395375691424373,0.00612065888651636,0,0.44246345545055,3.14592495349407,1.76439101612795,1.25869007789487,0.0117265180594002,0.0288735411320158,1.05600044838922,0.667252657137067,0.00121964989530341,0.0300632504588227,0,0,0.000950173540341724,0.0474522928919369,0.0145202210389017,0.303264505216371,0.343842601187763,0.178156213933413,0.271764197571032,0.0191347784392669,0,0,0.021056790535748,0.018858333170011,0.0112328895240483,0.0130923021305351,0.00173412844515919,0,0,0.00117357231074991,0.0087647397732972,0.00785090666355102,0,0,0,0.00199938102288612,0.000156703062955872,0.0603576658297427,0.000166927813867075,3.37005423547282e-05,0,0,0.000806223984410003,0.00164451274425526,0.54302169556468,0.00261213848022046,0.000260418188375913,0.000307338488668213,0,0.0208498009623743,0.319122150384474,0.0451840145178436,0.129115966160868,0.00100385755533436,0.00205055587853304,0.0416323426014411,0.0862184051947884,0.000602570789979404,0.0216097929314817,0,0,0.000595434387480609,0.00230244075175394,0.0131276728150665
0.0803604683904459,0.0270619864102204,2.52218009019774,0,0,6.45328301045731e-05,0.0439258809069193,0.00945721214440094,0.0143002400564586,0.00500757474771488,0.0136922754975354,0,0.000546901582437961,0.0277586267254809,7.98457807512833e-05,0.0329087921014651,0,0.0408064631941603,2.63694115967399,0,0.138184723441094,0.00755035225120024,1.98581920059308,0.0142847905942242,0.00370682155379359,1.07156262396136,0.369419456682982,0.0283588085232652,0.0196384163968008,0.0586366177286384,0.000965358500320805,0,0.00165924445986931,0.368673764357499,0.00126472064331433,0.0600308999380197,0.750745098569059,0.0999662469065207,0.0530100896249907,0.00137649795600053,0.000134504670901905,0,0.0037608693045982,0.00766089983118372,0.00386383658328316,0.00257836537923234,0.000194798170733801,0,0,0,0.0192907242932765,0.00522776638749247,0,0,0,0.000103166727994695,9.84959171687946e-05,0.0013979025764496,0,5.90912190736106e-05,0,3.91279328209627e-05,2.97244689032043e-05,0,0.0028175338172473,0.00242205518664395,7.99147083588672e-05,0.00121940453182047,0,0,0.00959494584993358,0.000552663280297202,0.00212509530538671,0.00122597351805789,0.00571245982052297,0.033041985918934,0.000841789440047813,0,0.000477918544521206,8.26018663920187e-05,0,0,0.00149866295621781,0.00111963127794555
0.000386722223935032,0.000498735110064277,0.00265090652645756,0,0.000528296271845377,0.000197839245553922,0.000657185359759824,0.00165301901354535,0,7.98730124440682e-05,1.51970658180529,0,0.00699758750479861,0.000897950520949111,9.95628711131834e-05,0.000395375691424373,0.0408064631941603,0,2.48980135806009,0.000355537763230268,0.000364860870937607,0.000209455233649248,0.00114816664253385,0.000123950497197209,0.0622631228464099,0.317865387854769,0.0102493233971032,0.000610293022146386,0.0039839958359615,0.000801818435884342,0.00710366372302691,0.00101428248228653,0.000215592581273377,0.0726796063029793,0.000339262363038412,0.0245231462286322,0.17926463753765,0.188391821055976,0.063464355817085,0.00632578040036701,0.000243890530114456,0.00586945434942962,0.0004798933117653,0.000891171975861521,0.00128951062965021,0.000602665744468315,0,0,0,0,0.00213256021747621,0,0,0,0,0,0,0.0006045258898072,0,0.00200833018122813,0,0.00396000330451749,0,0.000727785569011527,8.0686489110738e-05,0,0.000392655257961168,0.000330716585303537,0,0,0.000269712295444341,0,7.45263244228273e-05,0.0224789310163795,0.00626630266500614,0.00577395659658833,0,0,0,0.00753551061393487,0,0,0,0.000293055135562655
0.00569957477907296,0.0100510252033087,0.0425690034169648,0.000210608876559657,0.000592849526709393,0.000343885789917918,0.00534387294826577,0.00353993224420818,0.00234289188170843,0.00078340830123218,1.92268825874151,0,0.00647802415991299,0.00353724229978303,0.00026500426991645,0.00612065888651636,2.63694115967399,2.48980135806009,0,0.000423264623071715,0.00814499176867722,0.00323910218595578,0.0140538903443994,0.00234299108818326,0.045619031226172,1.32681016944344,0.154731993695395,0.0036210081040943,0.0107552242458337,0.00690676630040373,0.00971248988297875,0.000468461922815774,0.00107636435649531,0.566360957410326,0.001031542088822,0.0564566759394168,0.427222887705309,0.37411369725184,0.0951607149104731,0.00864833834710815,0,0.000339828680532166,0.00225384977786212,0.00332321799610978,0.00410469317956866,0.00320087389372114,0,0,0,0.000215027167390908,0.0139517718388094,0.000302587100281413,0,0,0,0,0,0.00117227308449382,0,0.00363000242744316,0,0.00588797974657548,0.000127904430652919,0.000140654369131383,0.000481846168192947,0.00024218258236172,0.00122907199379966,0.00324472664943876,0,0.000149519617068585,0.000278746986137844,0.000130258563278989,0.000305662439288439,0.025925345087506,0.0191253604593841,0.0237741751738529,5.8974880926344e-05,0,0.000128118407766076,0.0046854678912607,0,0,0.00153848724383608,0.00105495402553186
0.000185259328143986,0,0,6.16230200818404,0.000192814671562376,0.0190943820982954,0.000748896939457587,0.0753933933934732,0.168541437127251,1.87267720690978,0.000267306297001994,9.6158606878634,0,0.00176221927045393,0.000910911473408745,0,0,0.000355537763230268,0.000423264623071715,0,0,0,0,0.949571350359226,0,3.03193418198372e-05,2.87003061058139e-05,0.332272474111253,0.00198538053170703,0,0,9.28189789311841e-05,0,0.000848964505313213,0,0,0,0.00192322368827874,0.000285400192307505,0.0152902250131112,0,0,3.45829549967952e-05,0.000400808633685551,0.000731587426514608,0.000143692639089517,0.000441212585033605,0,0,7.53276300548026e-05,0,0,0.23471440638098,0,0.000535043246615569,0.00129479628203841,0.000188906287613635,0.00370467499658286,0.00242915213578308,4.36575885865121e-05,0.503113074082986,0,0,0,0,0,0.000101879366415512,0,1.29557967592765,0,0,0,0.0244176464424059,0,0,0,0.00333782340606708,0.000154150517210582,2.90659793497293e-05,0,0,0,0,0
0.0148041837065759,0.000284530972460796,0.213418982670152,4.04387729541905e-05,0.00021916846762747,0.000119484322043886,0.068654342609516,0.00169683823146984,0.00100317924981266,0.00238018502357099,0.00239267846098529,0,4.75904840317037e-05,0.00581947424329941,0.012658776133807,0.44246345545055,0.138184723441094,0.000364860870937607,0.00814499176867722,0,0,0.0188232811354345,4.24354571211452,0.00675271910384237,0.00043527346375619,0.0259955061957942,0.0382447565017512,1.04274541253505,0.171523406241063,1.70758002876121,0,0,0.222160862337464,0.159542948661573,0.0233425015075746,0.319602682496025,0.19408200167946,0.455749746527893,0.313138982177565,0.0215513401465672,0,0.000165341367061205,0.00616825334289552,0.00102026398047598,0.0012149086232808,0.00314291206692777,0.000323042551918201,0,0,0.000260437756675622,0.000549566519689059,0.000786650043778207,0,0,3.40708399403386e-05,0.000348302702111306,8.44402859010991e-05,0.0053171770684484,0,0,0,0,0.000149247528570619,0.00241473884465243,0.0210209570317066,0.000128112444923245,0,0,0,0.0035752449747488,0.0173953627614547,0.00256585276707305,0.0195385535379996,5.58543272573316e-05,0.000170224283422999,0.00237813666954947,0.0144632917911272,0.000192860061745682,0.00388172294773566,0,0,0,0.000263129607897996,0.0197350792714993
0.000901248116928434,1.38902068077128,0.0148430559125406,0,0,0,0.00364863826116148,3.51329619333153e-05,1.42347855129675,0.000341651048421967,0.00163591767684891,0,0.0713149531278704,0.000603141292395519,0.000725592587539292,3.14592495349407,0.00755035225120024,0.000209455233649248,0.00323910218595578,0,0.0188232811354345,0,0.0579476922852441,2.22211296887864,0.323071010376556,0.0108016198158939,1.20666393908251,0.0360454811984986,0.00165095181203353,0.00598290786852379,0.00402116994944353,0,9.94217182875637e-05,0.0133507904918438,0.00167704531035894,0.0321586148402211,0.0393224959902456,0.0358192889919633,0.034676964179169,0.000946494108567822,0,0,0.028104517136756,0.0185803817406908,0.0167734512296942,0.0121703711072796,0.00168993701313877,0,0,0.0023295959854819,0.146778383207141,0.0183334952988089,0,0,0,0.00175401690000381,0.000294301957268345,0.239267167135368,0,3.77055822789176e-05,0,0.000267332045430614,0.000862149607973221,0.00140193621989484,0.290615442445414,0.00582882133341234,0,0.000664775712793698,6.86064760857669e-05,0.0111438605698653,0.903905035729932,0.0374054875610421,0.111979702380138,0.00882314655837344,0.00512218715292618,0.139949698059102,0.0473783589304139,0.000700724993914153,0.0123701649237759,0,0,0,0.00754011229926312,0.00190299906891994
0.0454477742725143,0.0059887481378955,2.35195304089925,4.34261844688652e-05,0,0,0.204559707661973,0.00534388507983004,0.00205232082642869,0.0109919615332624,0.00390819365394866,0,0.00014384754142716,0.0174697671417207,0.00935261847070862,1.76439101612795,1.98581920059308,0.00114816664253385,0.0140538903443994,0,4.24354571211452,0.0579476922852441,0,0.0195498336829843,0.000581846068924707,0.109744528148438,1.41988884093512,0.436511234226376,0.0186699486994392,0.177909116620818,0,0,0.00200144502061031,0.23158786366533,0.0380717347780056,0.573183869321278,1.02331755729965,0.739733747796989,0.689764467995477,0.0380689533038357,0.000209782628969903,0.000691864228934616,0.00902513396083084,0.00345742759566109,0.00381715130181168,0.00531409227807361,0.0018971854965796,0,0,6.76214727553348e-05,0.00261534214093668,0.00261102357191974,0,0,4.9880324145447e-05,0.000700190912801837,9.31791141047834e-05,0.00475786289280129,0,0,0.000222771961673692,0,0.000190359472937549,0.00343780796275939,0.0968633019766441,0.000689431593902776,5.14102291436609e-05,0.000180463499494145,0,0.00133023674246921,0.047448024420676,0.0108951779905963,0.0144913294516844,0.000285088441444435,0.000699573977663323,0.0384992123594642,0.00783288740882728,0.000132667423194177,0.00100033085516437,0,0,0,0.00113584978295267,0.0380202105703965
0.0481053788107784,0.0824276901177332,0.0172895742741024,3.96208754224297,0.000263341795502998,0.00533685631398102,0.226495220564908,0.0135803978847392,4.39669488009278,0.165507359580438,0.000968961368825629,1.44534998877094,0.0104853728230959,0.0368275733031733,0.00192746266678079,1.25869007789487,0.0142847905942242,0.000123950497197209,0.00234299108818326,0.949571350359226,0.00675271910384237,2.22211296887864,0.0195498336829843,0,0.0412744457037057,0.0195394321251704,0.296928888257128,2.61610053229447,0.0635108925425015,0.0633266729492942,0.000561827484217944,0.000146330399734907,0.0122035842356884,0.0321924766278643,0.0025722314252009,0.0636698121810878,0.0391652834311834,0.0751344967563722,0.0386266298692536,0.0473731864813149,0.00042420813555199,6.18097786826526e-05,0.0500769292131919,0.00819119372436135,0.0230517528425016,0.0174542242678064,0.0178282581039512,0.00057310506901002,0,0.0168328994078097,0.0130756835210122,0.00436148544228736,0.0520805629836643,0,9.75481004027862e-05,0.0853848355393165,0.00314747487669302,0.226936148066944,0.00539497743964153,0.000551643606004016,0.015984000288208,0.000255864923536216,0.0095137850849819,0.00180942826159256,0.0647477704134705,0.00292534019717899,0,0.000470731510683025,0.060120809963923,0.0122107664963446,0.0512563934721718,0.0114116238673716,0.513043846043942,0.00234197662050107,0.003718414517649,0.0221500351346771,0.321748909307814,0.0128142252649963,0.0553038507626479,0.000122196848318868,0,0.00362178603002575,0.0061227520102247,0.00391309734124022
8.18005476406636e-05,2.20041824030663,0.000878966683528136,0,0,0,0.000156410319911275,0,0.179966035488533,0,1.60391782598486,0,2.9802834363883,0.000872088396262257,0.000252625259713081,0.0117265180594002,0.00370682155379359,0.0622631228464099,0.045619031226172,0,0.00043527346375619,0.323071010376556,0.000581846068924707,0.0412744457037057,0,0.757666969320433,1.05565478867118,0.000616845980124541,0.00111908896569855,0.000498817139896298,0.666157882894104,0.000389293801541846,0.000141390781986073,0.0105468543313497,0.000113669933998191,0.105195658272639,0.353322920295867,0.150039954367612,0.167911875388634,0.00343680481087109,0.000635878646748626,0.28921894684786,0.00543132801179547,0.0107712107085971,0.0109693834975066,0.00368712706292477,0,0.000242229413323509,0.000222325969009795,0.000257434188711627,0.293508116661914,0.000835101569970557,0,0,0,0,2.45567909874735e-05,0.00359980778223523,0,0.0136255145715696,0,0.026541729694733,0,0,0.00151294703140013,0.000573183697902525,0.00694450367437963,0.00308400557485079,0,4.2094597385238e-05,0.0117143007659013,0.000478552007712376,0.000381969690506385,0.275744781942242,0.0500023882412658,0.061808046454034,0.000137781136747119,7.57911965470412e-05,0,0.0205026718721754,0,0,0.00281171717991501,7.68140561394071e-05
0.0292211852640917,0.0289312492116868,1.53558797268735,0,0.000369624929227248,0.000566137434618284,0.0930944920209329,0.00852965504830373,0.00949522568694906,0.0100395527274626,1.23191653063989,0,0.193782887450037,0.0187045658288201,0.000709049256866847,0.0288735411320158,1.07156262396136,0.317865387854769,1.32681016944344,3.03193418198372e-05,0.0259955061957942,0.0108016198158939,0.109744528148438,0.0195394321251704,0.757666969320433,0,1.51442011095942,0.0466230709064724,0.0191886658093645,0.0391006531848021,0.380394621250949,0.00148027660939751,0.00113210096467963,0.229262037414759,0.00866636031039485,0.293770262461192,0.885276323602885,0.721825946631237,0.215069163220756,0.0127981711619883,0.00038989591882321,0.0124133339310957,0.0143278341963984,0.0217190120342985,0.023646288044963,0.00970132530719629,0.000231036149311582,0,0.000232449909146438,0.000368477723111354,0.0777226166408169,0.00367227916178636,0,0,0,0.000601581130234151,0.000100368317328171,0.00218242844814291,5.73189037534824e-05,0.0216008514277559,0,0.0412415653900943,0.000304949573903741,0.00144422232752036,0.00158514148409652,0.00634436575252711,0.0110503667433871,0.0132515995522238,0,0.000486296629577474,0.00497866632213773,0.00109662869989521,0.00261456802123245,0.180756481263499,0.145061748652778,0.20691456345,0.00149167998985836,0.000248855952332692,0.000254958340814598,0.021651282905139,0,0,0.0062711433740883,0.00941459609108572
0.00975051845615518,1.20931282486342,1.64378329675218,0,0.000174667513326246,0.000373192820082977,0.0335718589531758,0.00252344404207801,0.156566346554525,0.00203367720918817,0.0964092010677067,9.86221663362846e-05,0.492817381600973,0.00554381668697106,0.00282842458900065,1.05600044838922,0.369419456682982,0.0102493233971032,0.154731993695395,2.87003061058139e-05,0.0382447565017512,1.20666393908251,1.41988884093512,0.296928888257128,1.05565478867118,1.51442011095942,0,0.130725228277307,0.00934829607454191,0.0146271638660559,0.139594801852494,0.000232513359464864,0.00123168989024179,0.226720994066795,0.0183516163913522,0.348925830943064,0.731599635142898,0.691549286666647,0.319833700544754,0.0105379650586461,0,0.00145380836211213,0.0498397827011775,0.0565466626114891,0.0636447832136485,0.028070632857771,0.00074971632274078,0.000245428960491868,0.000122291107307161,0.000399386228520831,0.312157502180183,0.0518357109354082,0,0,0,0.00226775848478902,0.000347915722801994,0.0128123206040888,0,0.0112590304905874,0,0.0200501017152363,0.000929723421099442,0.00218108915125602,0.0768307562550628,0.0278806916278087,0.0075925382337295,0.0214777809863574,0,0.00220038421087316,0.100973495721533,0.0260869038042418,0.0250486172033001,0.175381906313018,0.220615957710295,0.725952195869716,0.00710355494749462,0.00100094179510654,0.00136698058143403,0.0114173215412684,0,3.75858153578447e-05,0.0230900444396527,0.0195428632218329
0.0591367274059465,0.00315532253886272,0.180932456424023,2.09713354888693,6.01225037425435e-05,0.0370791915388465,3.64852150919387,0.0374634889668524,0.253290688126037,2.09410813060034,0.00121998441875796,0.044166446773986,0.000299342945747152,0.049916973316452,0.0118747566427366,0.667252657137067,0.0283588085232652,0.000610293022146386,0.0036210081040943,0.332272474111253,1.04274541253505,0.0360454811984986,0.436511234226376,2.61610053229447,0.000616845980124541,0.0466230709064724,0.130725228277307,0,0.118251166041549,1.32681368849348,8.93173130208568e-05,0.000341709444183752,0.044550897886548,0.134866348269605,0.0214041088890169,0.349049575644141,0.109452292084889,0.254643988275301,0.164718138203906,0.0662632108052398,0.000555191313374238,0.000196544978796968,0.0316026373258576,0.00444673135346928,0.0122673106577185,0.00846785120925539,0.00685808194786137,0.000414534235005483,0,0.00726052622377263,0.00213311182929094,0.00572877312690533,0.00439679367574555,0,6.0745382179231e-05,0.0449395971923613,0.00234755989887014,0.0932317126940966,0.00418464477532145,0.000195964680377646,0.000481928686419332,0,0.00447888962509232,0.0019800772559308,0.0276847876740953,0.0017579249627207,0.000138317873727435,0.000311030411320166,0.00255280016780633,0.00768064562913746,0.0297604909735744,0.00883329012202889,0.286135218475146,0.000548131333067937,0.00144845671095231,0.0123240536969804,0.240608056804029,0.00685341018234014,0.0447233108684567,0,0,0.00180964381250017,0.00366560013075214,0.0190574383829639
1.11231423690095,0.000365357354285968,0.0197889594344239,0.00271119043857082,0.0926123315549379,0.0753454419617835,0.236776291427133,0.486439859094336,0.0262004678394109,0.0486006148689063,0.014558627855359,0.000565087444630408,0.000656429105660554,3.96889377166343,0.00628166667869905,0.00121964989530341,0.0196384163968008,0.0039839958359615,0.0107552242458337,0.00198538053170703,0.171523406241063,0.00165095181203353,0.0186699486994392,0.0635108925425015,0.00111908896569855,0.0191886658093645,0.00934829607454191,0.118251166041549,0,2.31576395854927,0.000725686285594363,0.324946680927443,1.78841950559145,1.54034309392759,0.000897375592143716,0.0370978331007291,0.0221707566539495,0.572722477501395,0.0242339797227669,0.340567097491239,0.253193014039278,0.0011357786174347,0.00265342809108472,0.000368900069569011,0.00110267792578363,0.000719207036546718,0.000552033723076342,0.000115761874200502,0,0.000496467845254919,0.000516186957917916,8.62169842721968e-05,0.000201172649823118,0,0,0.00437419051563278,0.000118296403056259,0.00562157853782891,0.000103204134688113,0,0,7.36779016696385e-05,0.000181183271373345,0.000156864152950457,0.000342057571754381,0,0,2.52375886679741e-05,0,3.67218931734137e-05,0.000499615753847001,0.000285941612216808,0.0213299817734702,9.90663701183996e-05,3.92221661384888e-05,0.000603331653625499,0.0142891349534786,0.00068853692541903,0.00151865073727293,0,0,0.000179096183676257,0.00043722815933854,0.000787985878787362
0.36961594856748,0.000945888475480626,0.159582412257669,0.000137943660187086,5.32438298087253e-05,0.000240749349398819,2.0156015267255,0.0111391383416058,0.0267756641363478,0.0128247416498989,0.00120572391901985,0,0.000178205581869163,0.0801385537154846,0.00284174715868266,0.0300632504588227,0.0586366177286384,0.000801818435884342,0.00690676630040373,0,1.70758002876121,0.00598290786852379,0.177909116620818,0.0633266729492942,0.000498817139896298,0.0391006531848021,0.0146271638660559,1.32681368849348,2.31576395854927,0,7.62477219698422e-05,0.000671419797715282,0.943459290850018,0.330368346647305,0.00568081575154546,0.13765717519928,0.0470422733799623,0.127251655924403,0.0501156300970986,0.00599024829835252,0.000266200024370993,9.02987973068689e-05,0.0111257447518557,0.000799785926930885,0.00341447422490945,0.00248891491007962,0.000780554157243212,3.700225860233e-05,0,0.00192755212776276,0.000798594300314628,0.000472476722655114,0.000297704333341905,0,0,0.00724913292185842,0.00038636970974944,0.0157914276273375,0.000150367328975498,2.53694026968263e-05,0.000127758402607213,0,0.000955459404841869,0.000117295965128889,0.00341103590397578,0.000115433512459691,0,0,0.000236898583616403,0.00197030469409714,0.00416882580782096,0.00112462704384336,0.0655874533073346,7.64821341605465e-05,0.000277703221572104,0.00189153183514667,0.050409631697618,0.00157515216659281,0.00822001545259762,0,0,0.00019140066909296,0.000975490984709972,0.00555503597078834
0,0.00738149373803464,0.000753021775313772,0,0,0,0,0.000145719556492032,0.00444318275053681,0,0.236126867410903,0,1.90352061101863,0.000160342831730764,0.00081818640564117,0,0.000965358500320805,0.00710366372302691,0.00971248988297875,0,0,0.00402116994944353,0,0.000561827484217944,0.666157882894104,0.380394621250949,0.139594801852494,8.93173130208568e-05,0.000725686285594363,7.62477219698422e-05,0,0.000249086258073683,0,0.00820577076479672,0.0001001121666385,0.0153375567473304,0.0951802340006076,0.0428048810372856,0.0203871585979645,0.000922052372038427,0,0.0193981054626176,0.000386275868531127,0.00139311438247739,0.000556155909965315,0.000279389953107251,0,0,0,0,0.00368287689757073,0,0,0,0,0,0,0,0,0.00339103356946659,0,0.00484413831674746,0,0,0,0,0.000494393940203897,0,0,0,0.000222102207096043,0,0,0.0416567750686456,0.00441159558651714,0.00343317101273508,0,0,0,0.0078408995364414,0,0,0,8.74964817524405e-05
