0,0,0.0142611834325641,0.0465752149121061,0,0.0189810191908011,1.71381538865045,0.197060779279669,0.0425956206626569,0.211409747713299,0,0.0244210258289358,0,1.92990601619196,0,0.000345442118299225,0.00141730112531872,0,0.000320573331433733,0.0888503874146132,0.0145652319611188,0.00510926255523048,0.0191191770138826,0.0862112519751684,0,0.000877278996842366,0.0018503704349663,0.126324727640917,1.84629714007203,0.512186802305821,0,0,0.0470900371805376,0.0515542558079456,8.513421788849e-06,0.00943432229474773,0.00451593526355733,0.0306388126633232,0.00845997767701583,0.0146210826383028,0,0,0.000487095397428428,0,6.84491158684224e-05,0.000583478974042435,0.00023879260572568,0,0,0.00113771856293378,0,0,0,0,0,0.00103026648675793,0,0.00829875277890043,0.000104369359315702,0,0.00039432810986265,0,0.000751070451244819,0,0.000566262686261869,0,0,0,0,0.000229601645337321,0.00259310953060318,0,0.0115106356560535,0,0,0,0.00351747625043535,0.00103665015912079,0.00139945382132377,0,0,0.00136889110413557,0.000123794507108248,6.39743134436805e-06
0,0,0.00287736201001841,0,0,0,0.00030576957262205,0,0.127456576488282,0,0.00313002082889576,0,0.0635124241354033,0,0,0.160293288363245,0.000212135701208021,0.000577191622219423,0.0025082613292473,0,0.005648933323837,0.807848960392334,0.00441919217956713,0.0255512611722466,0.923963446785277,0.00417664971436336,0.815896930719519,0.00665826506955327,0.000420167834001895,0.000781506906354945,0.0107126781354161,0,0.00153985184893632,0.00164882333743677,0,0.00113964418640515,0.00799325549520312,0.00205654691089877,0,0,0,0,0.000485381847380861,0.000742596408211414,0.0010234958376426,0.000147978105991195,0,0,0,0.000237318022857308,0.209992876281145,0.000121483074662374,0,0,0,0.000131285018336994,0,0.0795925857244076,0,0,2.29415343766543e-05,0.00358856323420834,0,0,0.00541094256422852,0,0,0.000175389990005811,0,0.000170146289055708,0.243163212726848,0.000125499396088542,0.00986077045355403,0.0507166944147879,0.00527434818909111,0.00826381647283216,0.00161223413937969,0.000227402874475576,0.000509007162300095,0.00181356957725428,0,0,0.000411689085493402,0
0.0142611834325641,0.00287736201001841,0,0,0,7.49040192891551e-05,0.0140252474390494,0.000341951899738344,0.00208679914969737,0.000933789531926948,0,0,0.000463343579798606,0.000290222238219242,0,0.00802574348641055,1.52029281430255,0,0.00745754404665041,0,0.134521467985216,0.0116496923633226,3.59833190135939,0.00628104162272279,0.000535700307764458,1.03952979516578,2.46312305797678,0.021625816997808,0.000463860682364996,0.0387077761090166,0,0,0.000306979060759865,0.0229394825472479,0.000237053139112841,0.0423868694924273,0.289067523280223,0.109836968588298,0.0322088124738164,0,0,0,0.000476997860145,0.00027443056847182,0.000206831906374937,0.000588921150423022,0,0,0,0,0,0,0,0,0,0.00010553513178635,0,0.000243726008673784,0,0,0,0,0,0,0,0,0,0,0,0.000127677706044317,0.000881727920780896,0,0.00100149781905957,0,0,0,0.00053966764899634,0.000187341892549719,0,0,0,0,0,0.000411219875962997
0.0465752149121061,0,0,0,0,0.000519249819702361,0.0422055188114077,0.00341045171305152,0.0293577627896237,0.630367129566192,0,0.251427584287048,0,0.00416569063657372,0,0,0,0,8.26378509253848e-05,3.66797037944035,0.000578175982963432,0,0.000320439423362393,2.92764113129494,0,4.66979116783947e-05,6.2095670775898e-05,1.10560511869157,0.00691520752026258,0.000580427816796073,0,0,0.00516835767669005,0.000964125643060408,0,0.000131840624018655,0,0.000436361079243988,0,0,0,0,0.000268355057019169,0,0,0,0,0,0,0,0,0,1.22391146551566,0,0,0.000282787952247969,0,0.00053150377409622,0.00115451033079962,0,0.0952963031636522,0,0,0,0,0,0,0,0.343221096096485,0,0.000101299508321151,0,0.0246630214245939,0,0,0,0.00167558175155931,6.64051728284181e-05,6.64202595258342e-05,0,0,0,0,0
0,0,0,0,0,0.47040907014781,0,0.016459132904835,0,0,0.0232154296548657,0,0,0,0.0284594886282079,0,0,0,0,0,0,0,0,0,0,0,0,0,0.0721249955571626,0,0,3.99993063364118,0,0.0570726805480266,0,0,0,0.00237890972110991,0,0.0239435521810278,0.664331279476934,0,0,0,0,0,0,0,0,0,0,0,0,0,0,0,0,0,0,0,0,0,0,0,0,0,0,0,0,0,0,0,0,0,0,0,0,0,0,0,0,0,0,0
0.0189810191908011,0,7.49040192891551e-05,0.000519249819702361,0.47040907014781,0,0.014686639137331,3.0814855645774,0.000346963847675773,0.494560065857021,0.000586152822492592,0.780536742044002,0,0.0951924323260722,1.53889475189706,0,0,0,0,0.0234571596489703,0.000228568646962191,0,0.000184224734139626,0.00328713131590247,0,0,0,0.00129347323065125,0.200171812535301,0.000266534394857029,0,0.604818443852078,8.16079507193301e-05,0.0142698289828308,0.0691134450030883,0.000109440890853439,0.000244241649783396,0,0.000750511663751474,0.58859533820905,0.00123832770575226,0,0.000253158684291856,0,0,7.81397920531467e-05,0,0,0,0,0,0,0,0,0,0,0,0,0,0,1.9960988190768e-05,0,0,0,0,0,0,0,0,0,0,0,0,0,0,0,0.000126363260297088,0,0,0,0,0,0,9.29091997048763e-05
1.71381538865045,0.00030576957262205,0.0140252474390494,0.0422055188114077,0,0.014686639137331,0,0.115220942640156,0.0754923376277447,2.66550298076548,2.08168187573515e-05,0.017878361383733,0,0.639168367452353,0,0.00181254371907031,0.00168713374253987,0,6.13001670499566e-05,0.0664001938153391,0.0323905235574637,0.00402629352304396,0.0211614533925741,0.284438448252882,2.93369893207798e-05,0.00137777902095114,0.00276745531842705,2.75843595117651,0.0749243353013716,1.56755651321838,0,0,0.0289638289995376,0.0152486876218586,8.21599678292541e-05,0.00630370174140046,0.00808695975039041,0.0195726491985802,0.0047444776999827,0,0,0,0.0015641478995317,0,0.0012371467538054,0.0010304832546141,0.000159173021792663,0,0,0.00144961481140641,0.000189777541812744,0,0,0,0,0.00264074314176185,0.000200526747318361,0.00385624517614825,0.000111492083908122,0,0.000864810864284331,0,0.000536231150669519,0,0.000449632805187562,0,0,0,0,0.000259776251566048,0.00276561964465487,0.000379550852831669,0.0264005726731908,0.000126017223197709,0,5.58190208097782e-05,0.0103096402717417,0.00317638578407003,0.00122621478495585,0,0,0.000107895369052633,0.000581692592211899,0.000147504897108744
0.197060779279669,0,0.000341951899738344,0.00341045171305152,0.016459132904835,3.0814855645774,0.115220942640156,0,0.00135881774625044,1.39679923362774,0.000803171783556541,0.0109282887652849,0,2.04662988554468,0.0117207036083231,0,6.7850479624881e-05,0,0,0.0134412728673299,0.000569378199223881,0.000253036090375169,0.000862127285690041,0.0146298243542774,0,5.40943713131436e-05,5.58429129073343e-05,0.00995895788054917,0.0982728113522292,0.00196010066212966,0,0.363181814877047,0.00196539759256034,0.00367749791014481,1.35157750336165e-05,0.000268508320322733,0.000183714570547238,0.00056810428156559,0.000326092668906893,0.00462280588887566,0,0,2.6946864622312e-05,0,9.22629105965592e-05,0,0,0,0,0,0,0,0,0,0,2.68164801490371e-05,0,0.000141309925290271,0,0,0,0,0,0,0,0,0,0,0,0,0.000131466551501619,0,0.000854857295152996,0,0,0,7.54326147803443e-05,0,0,0,0,0,0,2.48363053991477e-05
0.0425956206626569,0.127456576488282,0.00208679914969737,0.0293577627896237,0,0.000346963847675773,0.0754923376277447,0.00135881774625044,0,0.00387091283986469,3.34874067046769e-05,0.806385276916698,0.000556180435771084,0.00403592773463446,0,0.0350077546232003,8.15811982581571e-05,7.80609568157438e-05,0,0.065618276077421,0.0113023941987177,1.1823209947585,0.00502514736251689,4.33595068130685,0.0168447641990284,0.000183300919650541,0.0204779270272623,0.216328145226696,0.0238069045870374,0.0573015180210506,0.00093963352195317,0,0.0416208445874667,0.0239960571998674,0.000301143266863211,0.0598877544129226,0.00417720548107102,0.00750893828791039,0.00882696335041153,0.553411637153859,0,0,0.0186954055229833,0.00286775466999331,0.00878819192716298,0.0135218927509213,0.000305892989892281,0,0,0.0274610575771725,0.0355193795801618,0,0.000354804574471617,0,0,0.0219049563645854,0.000720420351498087,1.57127075422171,0.000836512795043099,0,0.0154931692851135,0.000258324632098151,0.00568183228373095,0,0.0117231277657156,0,0,0,0,0.00240629129355279,0.199952912475456,0.00206483309175849,0.308153921821812,0.00420128348752532,0.000328970675437384,0.000981577407879278,0.0450904796368863,0.0125187901396129,0.0070406360069647,0,0,0.00595052965294335,0.00729642394633237,0.0104013992920843
0.211409747713299,0,0.000933789531926948,0.630367129566192,0,0.494560065857021,2.66550298076548,1.39679923362774,0.00387091283986469,0,0,1.07662938781801,0,0.472146405015101,0,0,0,0,0,1.2368326974088,0.00138587245118333,4.49499859910274e-05,0.000651873407243167,0.108541822927901,0,0,0.000136430981426613,1.75442836748893,0.029919328663592,0.0128691345657363,0,0,0.00461985000100592,0.00200346830796873,0,0.000466636571848175,0.000396103560266143,0.000439698755318919,0.000138375999480613,0.000443404472336252,0,0,0,0,0,0,0,0,0,0.000347400353562836,0.000232340072692794,0,0.00368704482997576,0,0,0.000268215028327069,6.39966579173957e-05,5.88346478118482e-05,0,0,0,0,0,0,0,0,0,0,0,0,0,6.67364259856543e-05,0.00146161096784004,0,0,0,0.000186245551932006,0,1.24773029661039e-05,0,0,0,7.87397163368297e-05,0
0,0.00313002082889576,0,0,0.0232154296548657,0.000586152822492592,2.08168187573515e-05,0.000803171783556541,3.34874067046769e-05,0,0,0,1.45810540413858,0.0013921960648869,0,9.48490346801448e-05,0,0.206432670895972,1.85319106285496,0,0,7.570541778163e-05,0,3.16170212073929e-05,0.171762260194147,0.101516395414787,0.013420566717117,2.6494413320925e-05,0.453388851601662,0.000327039255302403,0.00624529276808602,1.55509822838891,0,0.476817677082569,3.11007884359338e-05,0.000465689585913653,0.907832724927975,0.623375442643573,0.00710375644233724,0,0.015700745500405,0.00791227950114645,0,6.07133469247671e-05,0,0,0,0,0,0,0,0,0,0,0,0,0,0,0,0,0,0,0,0,0,0,0,0,0,0,0,0,2.51373816118755e-05,0.0031099241044854,0.000171716974108035,4.72854474436045e-05,0,0,0,7.1616475904911e-05,0,0,0,0
0.0244210258289358,0,0,0.251427584287048,0,0.780536742044002,0.017878361383733,0.0109282887652849,0.806385276916698,1.07662938781801,0,0,0,0.0162840360010824,0.0953443440103995,0,0,0,0,4.43520352233759,0,0.000208925164298449,0,0.894007393618192,0,0,0,0.00115689635180019,0.0153804484743413,0.00010506480798996,0,0,0.000531469341252073,0.0047426118867566,0.115341214106543,0.000549653066229065,0,0,0.00024185470913759,0.260858209273049,0,0,0,0,0,3.96566334677697e-05,0,0,0,0,0,0,0,0,0,0,0,0,0,0,0,0,0,0,0,0,0,0,0,0,0,0,0,0,0,0,0,0,0,0,0,0,0,0.000112953781272378
0,0.0635124241354033,0.000463343579798606,0,0,0,0,0,0.000556180435771084,0,1.45810540413858,0,0,0,0,0.000882820081412725,0,0,8.02301542423413e-05,0,9.66886682682499e-05,0.00630301572541112,0.000196136003870038,0.00050553449672548,8.07306688110197,0.215625427835069,0.454966580956469,0.000120497843144268,0,0,1.9490827102741,0,0,0.00395456000740199,6.65775489458977e-05,0.144692878411092,0.375519106237764,0.0371316713465787,0.267311519827903,0,0.0655928441119731,0.308528712214897,0.000359379006458203,0.00120779416603979,0.000599601912693764,7.33472485757542e-05,0,0,0,0,0.0133292929326167,0,0,0,0,0,0,0.000121425896747775,0,0,0,0.0644586761443304,0,0,0,0,0,0,0,0,0.00294906669360086,0,4.57147373101013e-05,0.0103199512645087,0.0075077362602157,0.00512893029338208,0,1.49899415080714e-05,0,0,0,0,0,0
1.92990601619196,0,0.000290222238219242,0.00416569063657372,0,0.0951924323260722,0.639168367452353,2.04662988554468,0.00403592773463446,0.472146405015101,0.0013921960648869,0.0162840360010824,0,0,0.000489714073589581,0.000219808668442865,7.42026370393932e-05,0,0,0.0168517882236171,0.000650607567861478,0.000151632379134391,0.000557225816232954,0.0185834575490312,0,1.71521025379051e-05,0.000133016957013805,0.0192042073266144,3.71906593023557,0.421871502010258,0,0.0923618582722382,0.0446428029493939,0.0503745510331269,0,0.000671386569015935,0.000190622603287172,0.00385987962887812,0.00034527257468709,0.0139159186923794,0,0,0.000243162673854033,0,9.33460068324005e-05,0.000164902325944821,0,0,0,0.000105419805862761,0.000178789673771019,0,0,0,0,0,0,0.000114477408017987,0,0,0,0,0,0,4.65379481725935e-05,0,0,0,0,0,3.36334844272148e-05,1.52634735273386e-05,0.0016232609766459,0,0,1.44719898170532e-05,0.000627886786353728,0.000161163729229852,5.86756629618952e-05,0,0,0,0,0
0,0,0,0,0.0284594886282079,1.53889475189706,0,0.0117207036083231,0,0,0,0.0953443440103995,0,0.000489714073589581,0,0,0,0,0,0,0,0,0,0,0,0,0,0,0.0107012695770828,0,0,0,0,0.000371770615893273,0.17731456039263,0.00193438377492119,0.000185398709425993,0.000806124160745769,0.00127824598490209,0.9084963733949,0,0,0.000726050697287548,0,0,0.00042993803944792,0,0,0,0,0,0,0,0,0,0,0,0,0,0,0,0,0,0,0,0,0,0,0,0,0,0,0,0,0,0,0,0,0,0,0,0,0,0.000973875434978937
0.000345442118299225,0.160293288363245,0.00802574348641055,0,0,0,0.00181254371907031,0,0.0350077546232003,0,9.48490346801448e-05,0,0.000882820081412725,0.000219808668442865,0,0,0.000405190354159776,0,0,0,0.0670255848011585,3.93070557824505,0.497177298305656,1.21644864114134,0.0183382048088805,0.000138110629801218,0.31279362579898,0.38710091588602,0.000412165943597118,0.00318087877885863,0.000168653534836491,0,0,0.00465168771462916,5.47182587852914e-05,0.0149159293968793,0.0167857895395869,0.0181338296965335,0.0129378673357657,0,0,0,0.00282420796251425,0.000900881251293341,0.000367086380899812,0.00211176254859775,0,0,0,0.000114159336257586,0.0286808175804275,0,0,0,0,0.000419541414407899,0,0.0996536511896628,0,0,0,0.000549254530790545,5.59765066848147e-05,0,0.00751943772942726,0,0,0,0.000120110115101921,0.00112230644833715,0.189521744732647,0.000532385058695327,0.0220427538893092,0.00447276973176542,0.000950755995488843,0.000688261561847648,0.00318914790067598,9.43327926789727e-05,0.000641715113256294,0,0,9.40608379385015e-05,0.000518440966484445,8.33316450870699e-05
0.00141730112531872,0.000212135701208021,1.52029281430255,0,0,0,0.00168713374253987,6.7850479624881e-05,8.15811982581571e-05,0,0,0,0,7.42026370393932e-05,0,0.000405190354159776,0,0,0.0320601422068229,0,0.013154445333369,0.000874562767921515,1.4609413466125,3.19002634601134e-05,0,1.48885936831769,0.099657348720949,0.00159784114707207,0.0175420190305574,0.00622864235521334,0,0,0.000219923418846063,0.0337267155100272,0,0.00279366318835746,0.080331634071771,0.00606584952120479,0.00133758870244455,0,0,0,0,0,6.71901675361971e-05,0,0,0,0,0,8.11301132769369e-05,0,0,0,0,0,0,0.000235973973293994,0,0,0,0,0,0,0,0,0,0,0,0,6.98172077924562e-05,0,0.000121177221210998,0,0,0,0,0,0,0,0,0,0,6.08635905805015e-06
0,0.000577191622219423,0,0,0,0,0,0,7.80609568157438e-05,0,0.206432670895972,0,0,0,0,0,0,0,2.00914892100977,0,0,0,0,0,0.00910070156829881,0.475762513773318,0.00733725758685543,0,0.0070173249843412,0,0.000756622481578378,0,0,0.000787424318902723,0,5.42267572848638e-05,0.026802578246316,0.00437059832172929,0,0,0,0,0,0,0,0,0,0,0,0,0.000145773917475814,0,0,0,0,0,0,0,0,0,0,0,0,0,0,0,0,0,0,0,0,0,0,0.00181441964151062,8.15591971221191e-05,0.000132634664942706,0,0,0,0,0,0,0,0
0.000320573331433733,0.0025082613292473,0.00745754404665041,8.26378509253848e-05,0,0,6.13001670499566e-05,0,0,0,1.85319106285496,0,8.02301542423413e-05,0,0,0,0.0320601422068229,2.00914892100977,0,0,0.000227082186950997,0.000773019575135997,0.00149231846167974,0,0.0228725094695224,2.12254462149027,0.0340795161203751,0,0,0,0.00117007521889172,0,0,0.0152114700964771,0,0.000187237886481529,0.179734196775682,0.0317584455654926,0.000239648941393388,0,0,0,0,0,7.54459970405291e-05,0,0,0,0,0,0.000139084245378602,0,0,0,0,0,0,0,0,0,0,0,0,0,0,0,0,0,0,0,0,0,0,0.00236729595252003,0.000283040792102907,0.00101729501141672,0,0,0,0,0,0,0,0
0.0888503874146132,0,0,3.66797037944035,0,0.0234571596489703,0.0664001938153391,0.0134412728673299,0.065618276077421,1.2368326974088,0,4.43520352233759,0,0.0168517882236171,0,0,0,0,0,0,4.50631221408731e-05,0,0.0001400433570313,0.823421732387768,0,0,0,0.0924239534719569,0.0110516615020565,0,0,0,0.00249031164542579,0.00117290003654545,0,0,5.16797379532859e-05,0,0,0.000470045927521806,0,0,0,0,0,0,0,0,0,0,0,0,0,0,0,0,0,0,0,0,0,0,0,0,0,0,0,0,0,0,0,0,0,0,0,0,0,0,0,0,0,0,0,0
0.0145652319611188,0.005648933323837,0.134521467985216,0.000578175982963432,0,0.000228568646962191,0.0323905235574637,0.000569378199223881,0.0113023941987177,0.00138587245118333,0,0,9.66886682682499e-05,0.000650607567861478,0,0.0670255848011585,0.013154445333369,0,0.000227082186950997,4.50631221408731e-05,0,0.0558599689362419,4.12743393582797,0.0136976880513711,0.000509426717652342,0.00606215655496541,0.0442007351927975,0.663456067837663,0.219473564378765,1.39596512963267,0,0,0.155222707852599,0.166572347228438,0.00175135343081692,0.0941377798695232,0.118191837375027,0.235094506983349,0.0820174000181206,0,3.77170016462752e-05,0.000115103981185131,0.00329285922006065,0.000171502766216617,0.00068847141595212,0.00111354556872283,6.50069584141283e-05,0,0,0,0.000696552816226086,0,0,0,0,0.000588117012302727,0,0.00899114232346657,0,0,2.12439859277732e-05,4.22658174179247e-05,4.64965161958066e-05,0,0.00171450819046005,0,0,0,0,0.000588301659959538,0.0166641799312784,0.000360375177624974,0.00676412830555068,0.000727578762051504,0,5.3517764629066e-05,0.00379390016829071,0.000213156120787341,0.00104791220445814,0,0,0,0.000247643710087734,0.000696325959107877
0.00510926255523048,0.807848960392334,0.0116496923633226,0,0,0,0.00402629352304396,0.000253036090375169,1.1823209947585,4.49499859910274e-05,7.570541778163e-05,0.000208925164298449,0.00630301572541112,0.000151632379134391,0,3.93070557824505,0.000874562767921515,0,0.000773019575135997,0,0.0558599689362419,0,0.0675741472284607,1.28280465044423,0.0850068310795159,0.000365842499472833,0.630265784892784,0.169620546337106,0.0025071693517387,0.01513677287002,0.00111285664638531,0,0.00537281229974184,0.0147593991947727,6.65333286918256e-05,0.0184490225760681,0.00721449807959809,0.0183177315878517,0.0108134858066921,0,0,0,0.00729830123506027,0.00128467204974886,0.00348897117857475,0.00487276306212131,0,0,0,0.00185453501678359,0.212647245878395,0,0,0,0,0.00166594651055087,4.05438628552168e-05,0.554194326955342,0,0,0,0.00311888758868401,0.000156690217057022,0,0.0186095045097373,9.20928885758676e-05,0,0.00017222443784512,0,0.00241109080899523,1.11852519577555,0.0018165448948374,0.0628530785860983,0.0306850738498034,0.00076155530637402,0.00603138141639767,0.00987622318425766,0.00120865294567273,0.00298671690370526,0,0,0.00129073725261983,0.000728651386364708,4.92377523455009e-05
0.0191191770138826,0.00441919217956713,3.59833190135939,0.000320439423362393,0,0.000184224734139626,0.0211614533925741,0.000862127285690041,0.00502514736251689,0.000651873407243167,0,0,0.000196136003870038,0.000557225816232954,0,0.497177298305656,1.4609413466125,0,0.00149231846167974,0.0001400433570313,4.12743393582797,0.0675741472284607,0,0.0178450805402786,0.000816561375025991,0.0613883683570077,1.35464723956351,0.234637575982609,0.0822016599323471,0.125015111963449,0,0,0.00271234771113794,0.102027025151728,0.00427431457555401,0.114737871278748,0.344351196469658,0.273523216652354,0.0743127237088653,0,3.66903448013184e-05,5.53823756646475e-05,0.00275315972610098,0.000695461554521663,0.000205832348932491,0.00163577417926609,0.000172484977086221,0,0,3.4726210690584e-05,0.00213166579892882,0,0,0,0,0.000100022179040475,2.33120674112243e-05,0.00955063908896986,0,0,0,0,3.53918366398506e-05,0,0.000760445384307122,0,0,0,0,0.000304855385764331,0.0112871548828266,0.000455898423553335,0.00480870149841454,0.000291008814316164,5.74506768142944e-05,0.000139926392374927,0.00236710999427635,8.18746141964013e-05,0.000322666030769267,0,0,2.51704334003145e-05,5.32701588441993e-05,0.00220648992677498
0.0862112519751684,0.0255512611722466,0.00628104162272279,2.92764113129494,0,0.00328713131590247,0.284438448252882,0.0146298243542774,4.33595068130685,0.108541822927901,3.16170212073929e-05,0.894007393618192,0.00050553449672548,0.0185834575490312,0,1.21644864114134,3.19002634601134e-05,0,0,0.823421732387768,0.0136976880513711,1.28280465044423,0.0178450805402786,0,0.00458693225748732,0.00012267033254324,0.0632679653575294,1.67323925973045,0.0308136623498804,0.045879002745415,0,0,0.0201010856540182,0.0189016635651631,4.47131981223811e-05,0.00695658152880998,0.00241747375432956,0.00627449832966782,0.00421250380413363,0.000694797750107803,0,0,0.00811462857551504,0.00050273562410316,0.00337306741027216,0.00245780018716462,0.000204948672236581,0,0,0.00657898056514111,0.00582169264966044,2.58705272976089e-05,0.157657998943486,0,0,0.00895766289999137,0.000360281012056685,0.0487457848722486,0.000956140359719089,0,0.00689586362737438,0.000108197338208531,0.00299112006265949,0,0.00514103560958272,0,0,0,0.00832136190950061,0.00135402424135128,0.0549255823712408,0.00165181871909158,0.384842643598376,0.00116722484071071,0.00023710874764133,0.000577426487089697,0.0299401936467014,0.00881998916361249,0.00593674961425386,0,0,0.0016477885714919,0.00238107888639459,0.00016150028061913
0,0.923963446785277,0.000535700307764458,0,0,0,2.93369893207798e-05,0,0.0168447641990284,0,0.171762260194147,0,8.07306688110197,0,0,0.0183382048088805,0,0.00910070156829881,0.0228725094695224,0,0.000509426717652342,0.0850068310795159,0.000816561375025991,0.00458693225748732,0,0.176664533256671,1.08538419586795,0.00084866262072113,4.1463072310061e-05,0.000551796130704527,0.23468096475548,0,0,0.00240333161569167,0,0.00106392133120239,1.23344364182907,0.0504016254093121,0.0026392190382184,0,0,0.363665620276619,0.000314431152426483,0.0118825149375758,0.00504121554113148,0.00136204796611961,0,0,0,0.000101628152567442,0.307958160607667,0.000416760650930215,0,0,0,0,0,0.00903880489779078,0,0.00107958342853103,0,0.0538004625896168,5.38002988436893e-05,0,0.000319376045451983,0,0.000132992039822662,0.00542921590948304,0,0.000120161018993456,0.0192898819758205,0.000151232507453636,0.00176604291901389,0.449546764067117,0.0718637654909072,0.0490381388163252,0.000615958905096245,0,0,0.00190179632664209,0,0,0.00110383785094215,0
0.000877278996842366,0.00417664971436336,1.03952979516578,4.66979116783947e-05,0,0,0.00137777902095114,5.40943713131436e-05,0.000183300919650541,0,0.101516395414787,0,0.215625427835069,1.71521025379051e-05,0,0.000138110629801218,1.48885936831769,0.475762513773318,2.12254462149027,0,0.00606215655496541,0.000365842499472833,0.0613883683570077,0.00012267033254324,0.176664533256671,0,1.9966804288597,0.000736478427422453,0,0.00203602048182444,0.896674156756147,0,0,0.0066567403552984,5.59381671512839e-05,0.00597169852294441,0.369660414157153,0.0503222901036868,0.00215522641645948,0,0,0.000181831493486972,8.45011886987121e-05,0.00119663588358563,0.000524550385307917,4.96510793745759e-05,0,0,0,0,0.00303939435906569,0,0,0,0,2.59821445800727e-05,0,9.94804502167049e-05,0,4.59551100810175e-05,0,0.000328999779167029,0,0,0,0,0,0.00026297360353291,0,0,0,0,4.04742788447151e-05,0.0165414531888283,0.00188414781671394,0.000769579926118588,4.92567755572629e-05,0,0,0,0,0,0,9.05714957696106e-05
0.0018503704349663,0.815896930719519,2.46312305797678,6.2095670775898e-05,0,0,0.00276745531842705,5.58429129073343e-05,0.0204779270272623,0.000136430981426613,0.013420566717117,0,0.454966580956469,0.000133016957013805,0,0.31279362579898,0.099657348720949,0.00733725758685543,0.0340795161203751,0,0.0442007351927975,0.630265784892784,1.35464723956351,0.0632679653575294,1.08538419586795,1.9966804288597,0,0.0365330768344228,0.000700299571736471,0.00684404252693467,0.665574201384665,0,0.000418035558732867,0.0108149014438073,0.000455227424221453,0.0193262023416911,0.163675597798154,0.04587686776612,0.00988412575013975,0,0,9.69159955364627e-05,0.00122363314146089,0.0020308622505626,0.00132635681986235,0.00021156693292197,0,0,0,2.70723944340349e-05,0.0431602835173583,0,0,0,0,8.30348373503272e-05,0,0.0205208758208039,0,1.50880990476343e-05,0,0.00207286835117044,1.00120687809464e-05,0,0.00209360259701731,0,0.000123550798300251,0.000781274997623819,0,0.000322265260555839,0.0625518125787924,0.000111117030745045,0.00786902129573367,0.03582005310504,0.0107919942352258,0.0123217800477701,0.00124484648449534,0.000161188076772898,0.00022577759348732,0.000282647261018909,0,0.000109241826206657,0.000204347639046877,0.000259162181023518
0.126324727640917,0.00665826506955327,0.021625816997808,1.10560511869157,0,0.00129347323065125,2.75843595117651,0.00995895788054917,0.216328145226696,1.75442836748893,2.6494413320925e-05,0.00115689635180019,0.000120497843144268,0.0192042073266144,0,0.38710091588602,0.00159784114707207,0,0,0.0924239534719569,0.663456067837663,0.169620546337106,0.234637575982609,1.67323925973045,0.00084866262072113,0.000736478427422453,0.0365330768344228,0,0.078161222134157,1.52359604851569,3.65572602060472e-05,0,0.0486708296666147,0.118515089554326,0.000925227020241633,0.105854562089851,0.0229974493884483,0.0959055238159439,0.0592999973331911,2.98902835772932e-05,0,0,0.0164736709045988,0.00149345184167143,0.00663001224499473,0.0104609823126321,0.00319157274328033,0,0,0.00796937999074449,0.00311533264998382,0.000130099096092192,0.202048256183589,0,0,0.0162919169259748,0.00028607072126344,0.0768350239714343,0.00173815174706891,0,0.00410789984636392,0,0.00682684518959112,0,0.00825023042367524,5.84914384609871e-05,0,0,0.00395642550395347,0.0053393309660168,0.0620038262449744,0.00371952878571972,0.127785256567528,0.000640156326295858,0.000113061304290373,0.000899528050747623,0.0770155470817385,0.0120824161418297,0.0165384359330841,0,0,0.00238192648754055,0.00565954511440241,0.00070395492172992
1.84629714007203,0.000420167834001895,0.000463860682364996,0.00691520752026258,0.0721249955571626,0.200171812535301,0.0749243353013716,0.0982728113522292,0.0238069045870374,0.029919328663592,0.453388851601662,0.0153804484743413,0,3.71906593023557,0.0107012695770828,0.000412165943597118,0.0175420190305574,0.0070173249843412,0,0.0110516615020565,0.219473564378765,0.0025071693517387,0.0822016599323471,0.0308136623498804,4.1463072310061e-05,0,0.000700299571736471,0.078161222134157,0,2.08870367092063,0,2.03510009556698,1.88036425260633,1.79257078036743,0,0.00608024512305468,0.00119108255431787,0.089539360410932,0.00732074574588296,0.0335741488260243,0.0343539085774559,0,0.00106512331277959,2.30876398006974e-05,0.000507757040437618,0.000105353643431783,0.000376517605585498,0,0,0.000606252869093233,0.000258533173394016,0,0,0,0,0.00206172931770409,7.61730005135498e-05,0.00773611367178713,0,0,0.000108452806960517,0,0.000251448030568839,0,0.00111238951877146,0,0,0,0,0.000254333357007964,0.00184408291800308,0.000296603901948285,0.0157146669337769,0,0,1.21822201357871e-05,0.00578636383641264,0.00147228080723816,0.00163342284877201,0,0,4.35121560896446e-05,0.000597043872771861,5.42918969428582e-05
0.512186802305821,0.000781506906354945,0.0387077761090166,0.000580427816796073,0,0.000266534394857029,1.56755651321838,0.00196010066212966,0.0573015180210506,0.0128691345657363,0.000327039255302403,0.00010506480798996,0,0.421871502010258,0,0.00318087877885863,0.00622864235521334,0,0,0,1.39596512963267,0.01513677287002,0.125015111963449,0.045879002745415,0.000551796130704527,0.00203602048182444,0.00684404252693467,1.52359604851569,2.08870367092063,0,0,0.000642589405020705,0.439852121661688,0.548764893514333,0.000516824638425267,0.032146790786365,0.0153087070543849,0.0644870908993689,0.0305991587775694,0,0,0,0.00316627397942857,0.000116215433746658,0.000992102071614636,0.00153767327416869,0.00218518107953494,0,0,0.00151724719482174,0.000233139415869285,0,0,0,0,0.00322936314745419,3.62778429177659e-05,0.0145506469148411,0.000124010213960846,0,0.00160865083064173,0,0.000847161162159218,0,0.00180667082550753,0,0,0,2.51096621952326e-05,0.00114349636469637,0.00873163118445743,0.00050341542302648,0.0367924634515067,7.32490347892575e-05,0,4.39375450294148e-05,0.0170208622925692,0.00278370171372858,0.00440719550709501,0,0,0.000338610257960266,0.00138715723116064,0.000184088575083002
0,0.0107126781354161,0,0,0,0,0,0,0.00093963352195317,0,0.00624529276808602,0,1.9490827102741,0,0,0.000168653534836491,0,0.000756622481578378,0.00117007521889172,0,0,0.00111285664638531,0,0,0.23468096475548,0.896674156756147,0.665574201384665,3.65572602060472e-05,0,0,0,0,0,7.79334448789762e-05,0,8.76649888180078e-05,0.0254992992967168,0.00435812576301809,0,0,0,0,0,0.000100916869146121,0,0,0,0,0,0,0.00280278454319191,0,0,0,0,0,0,0,0,0.000247023443888168,0,0,0,0,0,0,0,0,0,0,0.000325694139347753,0,0,0.0139564292155318,0.00128756569686323,0.000497994096760307,0,0,0,0,0,0,0,0
0,0,0,0,3.99993063364118,0.604818443852078,0,0.363181814877047,0,0,1.55509822838891,0,0,0.0923618582722382,0,0,0,0,0,0,0,0,0,0,0,0,0,0,2.03510009556698,0.000642589405020705,0,0,0.00195057966786262,0.859015760469444,0,0,0,0.00730141492798956,0,0,0.671675938886654,0,0,0,0,0,0,0,0,0,0,0,0,0,0,0,0,0,0,0,0,0,0,0,0,0,0,0,0,0,0,0,0,0,0,0,0,0,0,0,0,0,0,0
0.0470900371805376,0.00153985184893632,0.000306979060759865,0.00516835767669005,0,8.16079507193301e-05,0.0289638289995376,0.00196539759256034,0.0416208445874667,0.00461985000100592,0,0.000531469341252073,0,0.0446428029493939,0,0,0.000219923418846063,0,0,0.00249031164542579,0.155222707852599,0.00537281229974184,0.00271234771113794,0.0201010856540182,0,0,0.000418035558732867,0.0486708296666147,1.88036425260633,0.439852121661688,0,0.00195057966786262,0,0.757686793891399,8.91942589188223e-06,0.00880589243210508,0.000276739473875598,0.0525578401293023,0.0098486033160109,0.000312721310020986,0,0,0.00102114613162851,0.000129794368316546,0.000568017342342797,0.000948507247792454,9.5104876292944e-05,0,0,0.00124088961165471,0.000925626992480749,0,0,0,0,0.000605566025398966,0.000140690579738238,0.0140656498743648,0.000172314129447746,0,0.000195123933651692,0,7.82944325707514e-05,0,9.33584851343042e-05,7.48716974898573e-05,0,0,0,0,0.0010161463850725,0.00039102380584099,0.0117482684401579,0,0,5.57809667022435e-05,0.00423216944688163,0.00103367916130207,0.00135456674239441,0,0,0.000276664142938785,6.02983035665611e-05,0
0.0515542558079456,0.00164882333743677,0.0229394825472479,0.000964125643060408,0.0570726805480266,0.0142698289828308,0.0152486876218586,0.00367749791014481,0.0239960571998674,0.00200346830796873,0.476817677082569,0.0047426118867566,0.00395456000740199,0.0503745510331269,0.000371770615893273,0.00465168771462916,0.0337267155100272,0.000787424318902723,0.0152114700964771,0.00117290003654545,0.166572347228438,0.0147593991947727,0.102027025151728,0.0189016635651631,0.00240333161569167,0.0066567403552984,0.0108149014438073,0.118515089554326,1.79257078036743,0.548764893514333,7.79334448789762e-05,0.859015760469444,0.757686793891399,0,0.00146200052447978,0.158562459301149,0.325110131882082,3.98876322124593,0.419878988599846,0.111957882175213,0.638541819156344,0.000884179718322657,0.00271050479041216,0.000360370371251255,0.000811569812752541,0.00127965705694781,0.000232045698944785,0,0,0.00176092343230337,3.92403783075934e-05,0,0,0,0,0.00173216240484054,0,0.0134266560985201,8.42499441551237e-05,0,0.000491994223786266,0,0.000261491361210397,0,0.00112261553380271,0,0,0,0,0.000714474162848103,0.00753127116673261,8.25621067256873e-05,0.0180617142587991,0.000220939617890211,0,6.46063483989414e-05,0.00795298996413238,0.00220039052869337,0.00121523267921782,0,0,0.00108082764554909,0.000856592168933144,0.00120514047747867
8.513421788849e-06,0,0.000237053139112841,0,0,0.0691134450030883,8.21599678292541e-05,1.35157750336165e-05,0.000301143266863211,0,3.11007884359338e-05,0.115341214106543,6.65775489458977e-05,0,0.17731456039263,5.47182587852914e-05,0,0,0,0,0.00175135343081692,6.65333286918256e-05,0.00427431457555401,4.47131981223811e-05,0,5.59381671512839e-05,0.000455227424221453,0.000925227020241633,0,0.000516824638425267,0,0,8.91942589188223e-06,0.00146200052447978,0,0.088422096159511,0.0389507588462556,0.0255636134323302,0.028137758930351,0.00152288212302815,0.000113525427903087,4.66612718092808e-05,0.0238039051781069,0.0101612737684937,0.00626229035106928,0.0120274298238165,0,0,1.60076595732653e-05,6.26381904723981e-06,4.38234771271306e-05,3.44083873048528e-05,0,0,0.000171120342816605,0.000144220161210803,0,3.84881360757064e-05,7.46875845967826e-06,0,0.000297427950568407,7.17101077459302e-05,0,9.77263193762618e-05,0.000572470062612251,0,0,0,0,0.000395463588738769,0.000184252742396881,0.00108401802398278,0.000191498536424019,0,9.6648123102238e-06,9.18128940193694e-05,8.39293984065118e-05,4.65430091980685e-06,0.000155554170438591,0,0,0,0.000131054367773632,0.735222441730815
0.00943432229474773,0.00113964418640515,0.0423868694924273,0.000131840624018655,0,0.000109440890853439,0.00630370174140046,0.000268508320322733,0.0598877544129226,0.000466636571848175,0.000465689585913653,0.000549653066229065,0.144692878411092,0.000671386569015935,0.00193438377492119,0.0149159293968793,0.00279366318835746,5.42267572848638e-05,0.000187237886481529,0,0.0941377798695232,0.0184490225760681,0.114737871278748,0.00695658152880998,0.00106392133120239,0.00597169852294441,0.0193262023416911,0.105854562089851,0.00608024512305468,0.032146790786365,8.76649888180078e-05,0,0.00880589243210508,0.158562459301149,0.088422096159511,0,3.7739669397611,0.717302275715237,1.10642264501001,1.35863103758514,0.000653310036882937,0.0340794283698781,0.143593796905438,0.0508866115152614,0.019168275567038,0.0528357318952189,0,0,0,0.000244470433841265,7.1073884893861e-05,0,0,0,0,0.000512811202011641,0,0.00277162440908614,0,0.000244242838307056,1.92960222381072e-05,0.000231886414654818,6.33469258726814e-05,0,0.00496350087309337,7.13485750857487e-05,0,0,0,0.00191246520970734,0.00648522643158184,0.00498231832860276,0.00263649588061505,8.95493068391585e-05,2.43200576026491e-05,0.000543731435728066,0.00212998826555212,0.000164689488692249,0.00112686264867304,0,0,0,0.000576644714411307,0.0441273134249515
0.00451593526355733,0.00799325549520312,0.289067523280223,0,0,0.000244241649783396,0.00808695975039041,0.000183714570547238,0.00417720548107102,0.000396103560266143,0.907832724927975,0,0.375519106237764,0.000190622603287172,0.000185398709425993,0.0167857895395869,0.080331634071771,0.026802578246316,0.179734196775682,5.16797379532859e-05,0.118191837375027,0.00721449807959809,0.344351196469658,0.00241747375432956,1.23344364182907,0.369660414157153,0.163675597798154,0.0229974493884483,0.00119108255431787,0.0153087070543849,0.0254992992967168,0,0.000276739473875598,0.325110131882082,0.0389507588462556,3.7739669397611,0,3.44005876040901,2.10226210255209,0.0017422633818491,0.0007732573444892,1.86081590341494,0.0570802171424786,0.0211800140579597,0.00760558752628156,0.0435426478441011,0,0,0,0,0.00190471671003519,0,0,0,0,0.000257487816547055,0,0.000165795478566273,0,0,0,0,4.47600458037783e-05,0,0.00123074331576427,0,0,0,0,0.00100454937248346,0.00210791959187064,0.00123449333332278,0.00024301169489439,0.0123200577930779,0.000648866457247079,0.000276978859584635,0.00102396216311143,0,0.000359898152929485,0,0,0,3.79930609289557e-05,0.0286560983224558
0.0306388126633232,0.00205654691089877,0.109836968588298,0.000436361079243988,0.00237890972110991,0,0.0195726491985802,0.00056810428156559,0.00750893828791039,0.000439698755318919,0.623375442643573,0,0.0371316713465787,0.00385987962887812,0.000806124160745769,0.0181338296965335,0.00606584952120479,0.00437059832172929,0.0317584455654926,0,0.235094506983349,0.0183177315878517,0.273523216652354,0.00627449832966782,0.0504016254093121,0.0503222901036868,0.04587686776612,0.0959055238159439,0.089539360410932,0.0644870908993689,0.00435812576301809,0.00730141492798956,0.0525578401293023,3.98876322124593,0.0255636134323302,0.717302275715237,3.44005876040901,0,4.20349777217608,0.301778869738876,0.0732100903144284,0.470894661020286,0.0243720128437771,0.00737182724367571,0.00359144662592115,0.030741975008332,0,0,0,0.000137727985307191,0.00163324754817061,0,0,0,0,8.79172646464759e-05,0,0.00364269061415504,0,6.77176404292879e-05,3.98649248926387e-05,0,5.27902392046063e-05,0,0.000920185543800151,0,0,0,0,0.000310111475685846,0.00548189783026365,0.00036592058491327,0.00195763002898697,0.00246806119199962,4.31054937114553e-05,0.000254956635492151,0.00128858888196505,2.31939456524239e-05,0.000203983326234874,7.23709576693561e-05,0,7.29381938339158e-05,0.000439488572264515,0.0224236304075211
0.00845997767701583,0,0.0322088124738164,0,0,0.000750511663751474,0.0047444776999827,0.000326092668906893,0.00882696335041153,0.000138375999480613,0.00710375644233724,0.00024185470913759,0.267311519827903,0.00034527257468709,0.00127824598490209,0.0129378673357657,0.00133758870244455,0,0.000239648941393388,0,0.0820174000181206,0.0108134858066921,0.0743127237088653,0.00421250380413363,0.0026392190382184,0.00215522641645948,0.00988412575013975,0.0592999973331911,0.00732074574588296,0.0305991587775694,0,0,0.0098486033160109,0.419878988599846,0.028137758930351,1.10642264501001,2.10226210255209,4.20349777217608,0,0.00034898801253588,0.0209706680933688,0.355403601607249,0.0303381871593014,0.0244221937090426,0.0145218810611914,0.0345590533858555,0,0,0,0.000443104458992698,0.000134546214837317,0,0,0,0,0.000226626770095266,0,0.00689278655102972,0,0.000118038118733317,0.000394477087794751,0,0.000306607020488631,0,0.00254878646147156,0,0,0,0,0.000863123455807482,0.00513184382911283,0.00140260723459964,0.00176832478249923,0,0,0.000147741895061968,0.00140904078214454,0.000252759201371305,0.000491683613501437,0,0,0,0.000388237612036122,0.0269612841054717
0.0146210826383028,0,0,0,0.0239435521810278,0.58859533820905,0,0.00462280588887566,0.553411637153859,0.000443404472336252,0,0.260858209273049,0,0.0139159186923794,0.9084963733949,0,0,0,0,0.000470045927521806,0,0,0,0.000694797750107803,0,0,0,2.98902835772932e-05,0.0335741488260243,0,0,0,0.000312721310020986,0.111957882175213,0.00152288212302815,1.35863103758514,0.0017422633818491,0.301778869738876,0.00034898801253588,0,4.0555516737969,0,9.16245665097781e-05,0,0,0.00100983779539598,0.000233397559077093,0,0,0.00113377538147606,0,0,0,0,0,0.00077763770569202,0,9.61148570019208e-05,4.40530572190718e-05,0,0.00029832869924032,0,0.000413105844273755,0,0,0,0,0,0,0,0,0,0.00406672017495105,0,0,9.91127727828674e-05,0.00146959376000056,0.000618184034052532,0.000500613689478934,0,0,0.000563230114854762,0.00108200350049669,0.00131166349266299
0,0,0,0,0.664331279476934,0.00123832770575226,0,0,0,0,0.015700745500405,0,0.0655928441119731,0,0,0,0,0,0,0,3.77170016462752e-05,0,3.66903448013184e-05,0,0,0,0,0,0.0343539085774559,0,0,0.671675938886654,0,0.638541819156344,0.000113525427903087,0.000653310036882937,0.0007732573444892,0.0732100903144284,0.0209706680933688,4.0555516737969,0,0,0,0,0.000413382944828653,0,0,0,0,0,0,0,0,0,0,0,0,0,0,0,0,0,0,0,0,0,0,0,0,0,0,0,0,0,0,0,0,0,0,0,0,0,0,0
0,0,0,0,0,0,0,0,0,0,0.00791227950114645,0,0.308528712214897,0,0,0,0,0,0,0,0.000115103981185131,0,5.53823756646475e-05,0,0.363665620276619,0.000181831493486972,9.69159955364627e-05,0,0,0,0,0,0,0.000884179718322657,4.66612718092808e-05,0.0340794283698781,1.86081590341494,0.470894661020286,0.355403601607249,0,0,0,0,0,0,0.00105071844453524,0,0,0,0,0,0,0,0,0,0,0,0,0,0,0,0,0,0,0,0,0,0,0,0,0,0,0,0,0,0,0,0,0,0,0,0,0,2.21339642110935e-05
