0,0.000205671842513244,0.0251449537643828,0,0,0.00119072756672345,1.32134999837622,0.0669358622257009,0.00214052297625162,0.0136924518447695,0,0,0,3.25727273951755,0,0.00183354853457233,0.0124995698702936,0,0,0.00616250175973372,0.00984482961407608,0.00231139665482162,0.0278796690439805,0.00244946444464066,0,0.00367694022893185,0.00142967868602967,0.00836991935008058,0.796081771028795,0.159681369788693,0,0.000353751212582104,0.0146371038567718,0.016364162840169,3.8011008040178e-05,0.00786417191232859,0.00136226042826981,0.0159025520788033,0.017243809378476,0.000569372066901359,0,0,0,0,9.10071758539032e-05,0.000209582494369497,0.000209410906695604,0,0,0,0.000363180587513137,0,0,0,0,0.000379688579590514,0,0,0,0,0,0,0,0,0,0.000129288620941942,0,0,0,0,0.000660807029761849,0,5.65742098275947e-05,0,2.93317805987305e-05,0,0,0,0,0,0,0,0,5.35706655993454e-05
0.000205671842513244,0,0.0490348167445928,0,0,0,0.00014874571065495,0,0.0392696740994374,0,0.00502481806235267,0,0.0558391397570073,6.83512688855201e-05,0,0.148770156058988,0.0332302945322279,0.00392819785448187,0.0150417601126571,0,0.00125843248968542,1.89282257472574,0.0145013746378658,0.0439878675321867,2.25151867133686,0.0424782234801683,2.02801224259593,0.00294507678354584,8.4641924402513e-05,0.00079856176282329,0.0276536907372078,0,0,0.0155151692724086,0.000350234195767894,0.0316626744254642,0.0239769633917953,0.0587358059118179,0.0369496804487116,0.00125889609789651,0,0.00759489671898943,0.00204244842660627,0.00309309318965134,0.00790586176089952,0.00347884498792283,0.000418181573417433,0,0,0,1.54107381261337,0.00051421225418154,0,0,0.000371689989294266,8.69650339993932e-05,0,0.00175369477898171,0,0.000153667106368178,0,0.0597497076922874,0,0.000134797257244309,0.00223029610897773,0.0007993915002026,0.00279886502255376,0.00675243418542472,0,0.00018819296592817,0.0989816963392823,0,9.50057901402011e-05,0.740673078935463,0.0198939474793008,0.0882847629595712,0,0,0.000185759827626598,0.00428874586225092,0,0,0.00283332858090973,0.000226133579002761
0.0251449537643828,0.0490348167445928,0,0,0,0,0.0678626887739957,0.0023949511392487,0.0104653732516568,0.000173837323916438,0.000118648024946903,0,0.000441018050010844,0.0256508201509696,0,0.0458305705181507,0.550820589058425,0.000261252223044024,0.0155841193580171,0,0.285095832750017,0.0392716668105375,5.49750050157638,0.0141196467682172,0.00397213486353842,1.37605282231882,2.30131971626679,0.0501797176744382,0.0134504333993417,0.0797599095032307,0.000331707238242153,0,0.00250367080668625,0.0309625473138918,0.000720096550926,0.0227191793856843,0.0966519544314631,0.0520681101524318,0.0333572172565911,0.000987570775391724,0.000928299683084118,0,0.000461416513236389,0.000128391048564505,0.000345510953447739,0.000256864299388555,0,0,0,0,0.0228873264406964,0.000166244502512779,0,0,0,0,0,0.00042971232240476,0,0,0.000143250467830772,0.000762959141625691,0.000190410398452426,0,0,0,0,0.000169555000843856,0,0.000299486859178133,0.00239123970324999,0,0,0.00380249788666676,0.0004590094242332,0.00166919730133272,0.000252193116565741,0.0001976059131201,0,0,0,0,0.000137683089434649,0.000739735802479724
0,0,0,0,0,0.000254034153828406,0.0336324122384871,8.58974106223778e-05,0.181920314042702,1.46479953444163,0,2.20517676314962,0,0.000883612804760967,0.00595824382806724,0,0,0,0,13.1946685898081,0,0,0,6.92428222423173,0,0,0,1.83622971695972,0.000471521259191019,0,0,0,0,0.00030687487288606,0,0.0012131987314114,0,0,0,0.0163211865729691,0,0,0,0,0.000185960437228325,0,5.28176516002843e-05,0,0,0.000353847046855649,0,0,0.132321139501762,0,0,0.00203456927473116,0.000179283667684136,0.0015016980554986,0.00644863917802897,0,0.0105871484759857,0,0.000784068545192936,0,0.000550806597872343,0,0,0,0.237686441314904,0.000225771777654057,0,0,2.6078732429173,0,0,0,0.737582443160506,0.000155903526959174,0,0,0,0,0.000121053331786284,0
0,0,0,0,0,0.12702771518531,0,0.00812217475464448,0,0,0.000686999645491395,0.00126367974727006,0,0.019528545595538,0.0290840396510824,0,0,0,0,0,0,0,0,0,0,7.40140765587609e-05,0,0,0.0338357961790334,0,0.000508222549964021,0.717697348812537,0,0.288476541256579,0.0118084385595696,0.000926715946839352,4.74313372877955e-05,0.0207562217702592,0.00397243987757724,1.91051934392969,6.70531041525693,0.000309748026225708,0.00100027623393428,0.000808806574618542,0.00349951515150398,0.000972938740658319,0.00965507005965448,0,0,0,0,0,0,0.0462212650018479,0.0109121392605649,0,0.000209712051279546,0,0.00134303997116393,0,0.00735810173734116,0,0,0.0457606538243416,0,0,0,0,0,0,0,0,0,0,7.97728817021658e-05,0.000198164177755845,0,0,0,0,0,0,0,0.0230044351250901
0.00119072756672345,0,0,0.000254034153828406,0.12702771518531,0,0.0477297192037449,1.43153332964904,0.00107336438530317,0.344308968228348,0.000173490455702133,2.75971158809208,3.19060829856218e-05,0.238136638724159,2.25861360602975,0.000574681399088296,0.000372092172260717,0.000163376293191804,8.02078940877627e-05,0.0372873364888483,0.00104051472487524,4.05656812223914e-05,0.00171660995982191,0.0022496440448637,0,8.33425106308225e-05,0.000698849551887547,0.00317162850071987,0.118428621059799,0.000437653548332985,0,0.318874798612839,0.00102559681903006,0.0730681064773794,1.81397235521096,0.00528941895260206,0.00340844128945134,0.0113414233877891,0.00569803487366167,1.12295452374972,0.146438509377638,0.000116134379035525,0.000631729998831071,0.000588666652792865,0.00275474305343538,0.00245687042230469,0.00413444778669747,0.00130818077427588,0,0,0,0,0,0.000695219455935563,0.00521034228330154,0,0,0,9.10770930487581e-05,0,0.0135496636044764,0,0,0.00882424547908948,0.000158406564988908,0,0,0.000209083871564542,0.000681679448283276,5.58866041589189e-05,0,0.000113257809636058,0,0,0,0.000194907281170118,0,0,0,0,0,0,0.00045566965736566,0.0840471890500774
1.32134999837622,0.00014874571065495,0.0678626887739957,0.0336324122384871,0,0.0477297192037449,0,0.146794562532201,0.045497232596928,2.68879446787216,0.000455022474869331,0.00252768834373801,0.000206029165348157,1.20494989219879,0.000168987346937531,0.00663142908530474,0.0219137759784427,3.40146397085196e-05,0.000734241303364724,0.0305427627016388,0.110121237255094,0.00246977361209842,0.145821979195524,0.313923341181018,0.000213048687325943,0.0112218296709041,0.0100721704106182,4.63754821059711,0.164039918001839,2.13467436494456,4.73625981858676e-05,0.000468622158535416,0.06484178997234,0.14849879564433,0.002484383027872,0.0560383142529833,0.0137285121944655,0.0633661195559491,0.0577738392123929,0.0101375394538179,0.000220936611694164,0.000853234544336626,0.0008729802343492,9.22295364637576e-05,0.000139981931708898,0.00118333157096036,0.000311241795724719,0.000295541561172622,0,0.000151145074223989,0.00025551348893693,3.53689155388132e-05,0,0,3.62032279507076e-05,0.000152682639847475,0,0.00103892502851949,0,0,0,0,0.000366311425720921,0,0.00240911645456229,0,0,0,0,0.0015049673916381,0.00580792588069768,0.000360392326097978,0.00123404585292585,0.000427394974629953,0,0.000163410196416921,0.00195475066988931,0.000696839732508309,0,0,0,0.00055551213978992,0.000266588156253265,0.00114621737709665
0.0669358622257009,0,0.0023949511392487,8.58974106223778e-05,0.00812217475464448,1.43153332964904,0.146794562532201,0,0.00103443651318008,0.240520326981669,0.000150094026222838,0.00106859698845087,0,3.96554699031633,0.00325451592430446,0.000243900826064902,0.00182906027134662,0,2.71377752921595e-05,0.00860306826958052,0.00158765385602464,0.000218805603223383,0.00443984644964505,0.00148364931270537,0,0.000251598844389423,0.000380917400854055,0.00274523872982591,0.289802595199064,0.0161830197456694,0,0.0565582622251547,0.0020279884514283,0.0325597898629847,0.139943695788976,0.00349705094206953,0.000796710452897946,0.00416220510497383,0.00233402909447545,0.00571433487632446,0.00344262607983798,0,2.36943605521647e-05,0,0.000247883934107227,0,0.000367526947121846,0,0,0,0,0,0,0.000599222570598412,0.000137547823336448,0,0,0.000222462261578894,0,0,0,0,0,0.000770167171889749,3.89180750656479e-05,0,0,0,0,0.000115178476961589,0.000185609002805133,2.93444928158252e-05,9.73874473124536e-05,0,0,0,0,0,0,0,0,0,0,0.00100949892905746
0.00214052297625162,0.0392696740994374,0.0104653732516568,0.181920314042702,0,0.00107336438530317,0.045497232596928,0.00103443651318008,0,0.00106843752347722,4.93325841504902e-05,3.18302734380996,0.00202979201332046,0.00672357790338591,0.178216882263638,0.0330521708311177,0.00463042337253674,0,0.000277638225679019,0.189190430484701,0.00852116423067364,3.18666991551057,0.0143812743027529,5.61799407185232,0.0361234281533819,0.00240451297633618,0.0294477665430455,0.133113471806508,0.0152380937316033,0.0609357216620918,0.00118712165012556,0,0.0299223402485792,0.0341541771688493,0.00313314878980541,0.151472883797211,0.0105106475307862,0.0342268563815283,0.0428624182986769,2.83696676054855,0,0.00101422870979601,0.0101519103518173,0.00167904647201038,0.00330471533518667,0.022592158904668,0.00014899649002708,0,0,0.00933821063830173,0.0548023404169703,0.000439094010272422,0,0,0,0.00791403245665868,0.000477703547849997,0.115725184440037,0.000128922950857605,0,0.000219692901745595,0.000757712487191913,0.00673532381302291,0.00147843682669578,0.0855608506192729,0.000360314986176682,0,0.00115710629736374,0,0.0437154688143498,0.871494832589065,0.00715597990114018,0.045026054270182,0.013945163975612,0.000975290330728815,0.0105901489469848,0.0426880481242674,0.0105434347993497,0.00393205728964133,0,0,0.00746059712316428,0.0101162009882608,0.00114732303769518
0.0136924518447695,0,0.000173837323916438,1.46479953444163,0,0.344308968228348,2.68879446787216,0.240520326981669,0.00106843752347722,0,2.95500664165068e-05,1.10040420095365,0,0.48346360242922,0.00706336185326473,9.32328110299714e-05,0.000312868620490167,0,0,4.35290145025254,0.000294645206662791,0,0.000562683982081101,0.0669527476048305,0,3.82996689673562e-05,4.73994689430244e-05,1.69178525695853,0.0391034986373009,0.00119844424286495,0,0,0.00127525841508861,0.0237592628531576,0.0522408144963148,0.000291875454036099,0.000152794705727821,0.00234405373694713,0.000436575008643944,0.0105512367051473,8.01596307818655e-05,0,2.2474027308512e-05,0,0,0,0,0,0,0,0,0,0,0,0,0,0,0,0,0,0,0,0,0,0,0,0,0,0,0,0,0,0,0,0,0,0,0,0,0,0,0,0,0.000171082363004188
0,0.00502481806235267,0.000118648024946903,0,0.000686999645491395,0.000173490455702133,0.000455022474869331,0.000150094026222838,4.93325841504902e-05,2.95500664165068e-05,0,0.000170896230429777,0.656799224680537,0.000169191703312271,0,0.000538458919964259,0.00252069863153804,1.81185512497409,0.812914825771582,0.000178127169868966,0.00026248265927112,0.00195654685591065,0.000987466240481477,0.000292832821392587,0.448156291830506,0.306639200558109,0.0215170280712271,0.000355482750766432,0.00860344299504132,0.000432895716765179,0.321052004077112,0.00833723173260585,0.00247568421329042,1.25707775101714,0.000389291400053466,0.0429942874683967,0.829087036662495,1.34984485885737,0.119608831101584,0.000225956619691518,0.00364035942532245,0.218531302173742,0.000243608214605003,0.00148851475342538,0.000303399299884343,0.000601996556966038,0.000206280880224841,0,0,0,0.000565028002260106,0,0,0,0,0,0,0,0,0.00468631304572994,0,0.039460562534377,0,0,0,0,0.00222561815798721,0.000253421695665904,0,0,0.000350433321175689,6.2526177122141e-05,0,0.0226044113023166,0.00494551209732967,0.00152668687968947,0,5.46405373034152e-05,0,0.0189208357970081,0,0,0.000158285978027103,0.000195594627241813
0,0,0,2.20517676314962,0.00126367974727006,2.75971158809208,0.00252768834373801,0.00106859698845087,3.18302734380996,1.10040420095365,0.000170896230429777,0,0,0.00523478487625455,1.33024807963538,0.000286103985576398,0.000118881624215118,0,0.000156907561802998,13.2657354091096,0,0,7.39857168911553e-05,3.17948527802108,0,0,8.19575488344333e-05,0.00124179253325393,0.0201884768784433,0.000164279658005433,0,0.000240657662456732,0.000494144890571114,0.031323115806681,0.601904718800255,0.022772918171925,0.0011557512092274,0.00349615842073479,0.00382473910177636,0.591581418638552,0.000157760025907778,0,0,0.000104083308714322,0.00150023289733416,0.00200490742927741,0.00396829394743297,0,0,0,0,0,0.331009426812825,0.00153694517394785,0.00497725375086458,0,0,0.0220150981867955,0.000254933198529203,0,0.0667365909463578,0,0,0.00665587187679673,0,0,0,0,0.562831099341164,0,0,0.000324527312463789,0.37849657623775,0,0,9.8647705601496e-05,0.00592276664570147,0,0,0,0,0,0,0.0430960367449389
0,0.0558391397570073,0.000441018050010844,0,0,3.19060829856218e-05,0.000206029165348157,0,0.00202979201332046,0,0.656799224680537,0,0,0.000195193396268906,0,0.00264486831952621,0.000415843461546269,0.045266381505198,0.00256314969730009,0,0.000484809743504886,0.0259466475119427,0.00222672079984855,0.00104051926851655,2.83764625885914,0.0515716492134623,0.553348555016861,0.000499185007225088,0.000501255787575477,0.000236331432512595,4.11515401942605,0.000267580438527621,0.000649782262749877,0.0168218952645441,0.0010451761534319,0.16239565300431,0.587263734762165,0.202375321922828,0.168654943138559,0.000203958842452726,0.0009109642905387,1.12008128274579,0.00533993297183472,0.00338227994412607,0.00538624500778821,0.00274418094425908,0,0,0,0,0.00896408536731376,0.000112059973471652,0,0,0,0,0,0,0,0.0300352575223487,0,0.200153977623968,0,0,0,0,0.0176568252109959,0.00262239423613144,0,0,0.00168038123393672,0,0.000109803627858049,0.27351163130057,0.0395914266702544,0.0136229201021796,0,0,0,0.151499628164123,0,0,0.0145227616503753,0.000263138227956374
3.25727273951755,6.83512688855201e-05,0.0256508201509696,0.000883612804760967,0.019528545595538,0.238136638724159,1.20494989219879,3.96554699031633,0.00672357790338591,0.48346360242922,0.000169191703312271,0.00523478487625455,0.000195193396268906,0,0.000568695816351773,0.00221615598129299,0.0145524284503093,0,0.000272883159678106,0.0482028913626537,0.015039309700007,0.00203054619963023,0.0424520107194631,0.0096430583758952,5.9942132347765e-05,0.00406475623900351,0.00318265500243404,0.0184412855700247,5.77059483789643,0.136445306326404,4.6119455901382e-05,1.0200698439606,0.022017485067357,0.0989797023661514,0.000287257952922232,0.0184663290732918,0.00405400612851963,0.026125343023624,0.0198145210851173,0.0115666228923694,0.0296296509097285,0.000131958069266132,0.000487831735500283,0,0,0.000520517052926582,0,0,0,0,0.000100537230961354,0,0,0,0.000125728405613952,4.45436822651133e-05,0,7.84129094336368e-05,0,0,0,0,0.000316311063971138,0,0.000955899671052496,0,0,0,0,8.10942354565851e-05,0.0020503187154842,0,0.000807081966637127,0,0,0.0002706675426907,0.000422566916174163,0.000111692799282061,0.00011572569659177,0,0,0,0,0.000481090036736484
0,0,0,0.00595824382806724,0.0290840396510824,2.25861360602975,0.000168987346937531,0.00325451592430446,0.178216882263638,0.00706336185326473,0,1.33024807963538,0,0.000568695816351773,0,9.01681587329103e-05,0.000113541368115313,0,0,0.0190519347594806,0.000209093367045253,0,0.0012919646147081,0.0205717245131326,0,0.000101037225426358,0.000709194926442561,0.000220268464464435,0.00563332005358059,3.04929484510972e-05,0,0.000106039241084639,0,0.0110694636462588,0.170308666397798,0.00660546701743394,0.00412366939967753,0.00335827529435905,0.0113556189277301,1.47115050519456,0.00057260051371115,0,0.000145032771412382,0.000930892339147359,0.00320414702102397,0.00788144672013743,0.0189193452111228,0.00331969846049715,0,0,0,0,0,0.0273119548334329,0.00854580286460554,0,0.000336091119010191,0,0.0004163540741507,0,0.00713299387282292,0,0,0.0359479105528421,0,0,0,0,0,9.5101420792405e-05,0,0,0,0,8.929399453235e-05,0.000124339985077352,0,0,0,0,0,0,0,0.0350758511740998
0.00183354853457233,0.148770156058988,0.0458305705181507,0,0,0.000574681399088296,0.00663142908530474,0.000243900826064902,0.0330521708311177,9.32328110299714e-05,0.000538458919964259,0.000286103985576398,0.00264486831952621,0.00221615598129299,9.01681587329103e-05,0,0.038406893420556,0.000426328009771133,0.00254673220948757,0.000328527605721104,0.157941260937149,7.10344656593819,1.67681861585724,2.48287675731624,0.0178483621400195,0.0139686033582382,1.24943358224636,0.379570734299417,0.00207186524318303,0.0235801662225339,0.00146000185488567,0,0.00334441025574904,0.0808519001020143,0.0124488961829154,0.382890582017723,0.15771264477213,0.262740799060454,0.351917147964391,0.037159186270282,0.000173453504111866,0.00570087163511289,0.0071658799366497,0.00223198893965831,0.00533735303823684,0.00803292761264235,0.00138342692596205,0.00231909421894805,0,0,0.150611141420727,0.00031605056008026,0,0,0.000679450129016176,0.000538773592753117,0,0.0115719848988027,0.000221168156763806,0,0.000463862486784095,0.00113802639857496,4.2327286334611e-05,0.000434825969799081,0.00395475310764157,0.000742390646621639,0,0.000878147486552123,0,0.000457064365589352,0.279182596958335,0.00076334491206178,0.00158460489464223,0.0161570611204735,0.00106210805589581,0.00983642744410359,0.000231425819399868,0.000146639187303507,0,0.000124826438228367,0,0,0.00160990293438625,0.00689651526044851
0.0124995698702936,0.0332302945322279,0.550820589058425,0,0,0.000372092172260717,0.0219137759784427,0.00182906027134662,0.00463042337253674,0.000312868620490167,0.00252069863153804,0.000118881624215118,0.000415843461546269,0.0145524284503093,0.000113541368115313,0.038406893420556,0,0.00102963372183978,1.53040862098317,0.000324303395314411,0.0636644643601357,0.0349653792362626,2.65482011657847,0.0121565674656305,0.005578586338587,0.707142888776455,0.369097556028546,0.0121354072437616,0.389025998143755,0.0240348359497056,0.000502501902447732,0,0.103298715503696,0.380990312298307,0.00142576081119822,0.0611784784147844,0.128630352573872,0.249292587211711,0.10800175424956,0.00261714114488462,0.000372090384760465,0,0.00115952578645878,0.000150125345602097,0.00026688512085524,0.00106255006326765,0.000585994873851491,0,0,0,0.0206126579074399,0.000460859311685324,0,0,0,4.69716712618654e-05,0,0,5.44944894333914e-05,0,0,0.000443881930766229,0,0.000362011190391897,0.000198820514964236,0,0,0.000120002497279212,0,0,0.00260487162036372,0,0.000236336776828182,0.0047895870032399,0.00014573291881074,0.00147513027429625,3.34904424998256e-05,0,0,0,0,0,0.000261086470427623,0.00118211778557999
0,0.00392819785448187,0.000261252223044024,0,0,0.000163376293191804,3.40146397085196e-05,0,0,0,1.81185512497409,0,0.045266381505198,0,0,0.000426328009771133,0.00102963372183978,0,1.70626258694944,0,0.000250476148109183,0.000612568087360223,0.000247726469343019,0.000111980947817993,0.0545274874259745,0.759001604408978,0.0257295807833104,0.000114349878606452,0.000428129218350878,4.23611964409185e-05,0.0898564541655228,0.000665810941543499,0.000614309034505487,0.0504334399132066,0.000303991450120869,0.0326448882246903,0.324302510365089,0.266592451440256,0.0849060630759026,0.000311413083270416,0.000261936550945235,0.0110810025321998,0.000179511666182689,0.000602419042625953,6.32620679467738e-05,0.000502753537050364,0,0,0,0,0.000145217796639067,0,0,0,0,0,0,0,0,0.00126112440930895,0,0.0102412812382412,0,0,0,0,0.00011511801982508,9.4441097986289e-05,0,0,0,0,0,0.0282417413919232,0.0018564085689206,0.000724668889794325,0,0,0,0.00905011782991646,0,0,0.000280253814401226,0.000180819833388107
0,0.0150417601126571,0.0155841193580171,0,0,8.02078940877627e-05,0.000734241303364724,2.71377752921595e-05,0.000277638225679019,0,0.812914825771582,0.000156907561802998,0.00256314969730009,0.000272883159678106,0,0.00254673220948757,1.53040862098317,1.70626258694944,0,0,0.00208884301759623,0.00580667101793476,0.010111504729418,0.000771046637132854,0.0206680124269366,2.50999661006081,0.121688424315807,0.00122547840939595,0.000502096126057525,0.000711070972873058,0.0143621779374091,0,0.000100369528318238,0.439664468085869,0.000611816558132972,0.0530460479034972,0.172850098713943,0.559054949890698,0.182780699370284,0.000658652104924511,0.000550875207866592,0.00182094830492236,0.000777924980508286,0,7.90136696002556e-05,0.000471423428772305,0.000128192914234495,0,0,0,0.00291800518454191,0,0,0,0,0,0,0,0,0,5.33819002927049e-05,0.00341351496200144,0,9.33744614223233e-05,0,0,0,0.000170753280509492,0,0,0.000116603001802662,5.19667710224573e-05,0,0.00780203588182834,0.000516803461644778,0.000842213766738041,0,0,0,0.000219161831853858,0,0,9.62683749732261e-05,0.000670695824033573
0.00616250175973372,0,0,13.1946685898081,0,0.0372873364888483,0.0305427627016388,0.00860306826958052,0.189190430484701,4.35290145025254,0.000178127169868966,13.2657354091096,0,0.0482028913626537,0.0190519347594806,0.000328527605721104,0.000324303395314411,0,0,0,0.000145268300620218,6.74893750722059e-05,0.000279171240178366,0.654323196856414,0,7.67176899945385e-05,0,0.059038996535316,0.0312805457824132,0.000129380703161968,0,0.000254819231842885,0.0043598935009947,0.0269167488272037,0,0.000829232944058273,0,0.00384133659538329,0.000777561989358966,0.0389163349177227,0,0,0,0,0,0,0,0,0,0,0,0,0.00262924255177267,0,0,0,0,0.00103651845595476,0,0,0,0,0,0,0,0,0,0,0.0369462966193313,0,0.000828757411023163,0,0.0267183183486743,0,0,0,0,0,0,0,0,0,0,0
0.00984482961407608,0.00125843248968542,0.285095832750017,0,0,0.00104051472487524,0.110121237255094,0.00158765385602464,0.00852116423067364,0.000294645206662791,0.00026248265927112,0,0.000484809743504886,0.015039309700007,0.000209093367045253,0.157941260937149,0.0636644643601357,0.000250476148109183,0.00208884301759623,0.000145268300620218,0,0.0198540789128232,9.95122052390377,0.0411150162723391,0.000583430718519092,0.031091922717654,0.0518346792553259,3.437970102499,0.573985698794219,3.60332058099662,0.000179999089216958,0.00018796376147287,1.81892470435826,0.283573907824469,0.00666046553366057,0.155752454887602,0.0677805936715919,0.161298792844324,0.172982347413992,0.0157356861685272,0.00030598377355277,0.00110723624672737,0.00314512344783229,0.00087194218815254,0.00116902558460618,0.00299767726121445,0.0012139881160464,0.000653707873513594,0,0,0.00448502368416083,0,0,3.91460267948579e-05,0.000200411717550123,0,0,0.000587679095032378,0,0,4.38008260904192e-05,9.1175127597154e-05,0.000141441821145533,0,0.00106638668472203,6.17225121980125e-05,0,4.13439464291192e-05,0.000419830275643546,0,0.00572531716107639,0.000227969734291776,0.00025672029377602,0.00037112640777627,0.000286645703745376,0.000722211424261256,0.000931703108119715,0,0,0,0,0,7.61017650298141e-05,0.00380060769157406
0.00231139665482162,1.89282257472574,0.0392716668105375,0,0,4.05656812223914e-05,0.00246977361209842,0.000218805603223383,3.18666991551057,0,0.00195654685591065,0,0.0259466475119427,0.00203054619963023,0,7.10344656593819,0.0349653792362626,0.000612568087360223,0.00580667101793476,6.74893750722059e-05,0.0198540789128232,0,0.0766282393179388,1.6040541037157,0.481641701168571,0.0257289048860021,1.19889096539669,0.0858599930163938,0.00550873707137606,0.0160944356748934,0.0133134484936619,0,0.00948381424588276,0.0417729396076368,0.0026293389171137,0.141492714714055,0.0518672560026362,0.10425138690143,0.121057289709379,0.00806683234791118,0.000224543014008104,0.00340070920824055,0.0128864546537567,0.00217892801873064,0.0185629634557085,0.012553410225056,0.000759754311342272,0,0.000415507540847456,0,1.68556899627427,0.00393551627336825,0,0,0.000169383402024048,7.07255049071862e-05,0,0.109055547485413,0,5.96584183100608e-05,0,0.0232183262124252,0.000182878064408722,0.000360161977951273,0.0330099153445266,0.0042761279949187,0.00193031055693072,0.00541652227552702,0,0.00447081454039627,1.70447945452155,0.00343596934770889,0.00686315375099203,0.202171241633002,0.0163137784311985,0.101664255166028,0.00197143264619365,0.000122444711394192,0.00103935452597333,0.00203871431833591,0,0.000176488734006539,0.0113903612167468,0.00155135336844853
0.0278796690439805,0.0145013746378658,5.49750050157638,0,0,0.00171660995982191,0.145821979195524,0.00443984644964505,0.0143812743027529,0.000562683982081101,0.000987466240481477,7.39857168911553e-05,0.00222672079984855,0.0424520107194631,0.0012919646147081,1.67681861585724,2.65482011657847,0.000247726469343019,0.010111504729418,0.000279171240178366,9.95122052390377,0.0766282393179388,0,0.0629369928662831,0.00350240955229336,0.213069423356592,2.02658076945753,0.310066148030857,0.890917200100662,0.325208616052307,0.000238045743122876,3.21815730901303e-05,0.337230786091417,0.346261624786732,0.0274028590036422,0.39365239732488,0.277592463068388,0.386106169640452,0.376733535259117,0.0503275217672821,0.0012957489652098,0.00280345162252335,0.00706848696391274,0.0018581536066041,0.00398310423299237,0.00835904719448786,0.00328930676126903,0.00127127151313533,6.58624892384912e-05,0,0.0332298640485626,0.000705344341346738,0,3.70286878332857e-05,0.000806008780781482,0,0,0.000732046761392453,0,9.65046813883041e-05,0.000238438045269629,0.000946069341435488,0.000164148395663002,0.000819604863211108,0.00145159666820404,0.000442435659158841,0,0.000348837585776743,0,0.000845071563001445,0.0162552496779565,0.000304831751590628,0.000606736191209386,0.00208033713518731,0.00121241382040892,0.00562231696829136,0.000177265143497458,0.000140845365187697,0,2.93772370544784e-05,0,0,0.00107639727995835,0.0157534932507576
0.00244946444464066,0.0439878675321867,0.0141196467682172,6.92428222423173,0,0.0022496440448637,0.313923341181018,0.00148364931270537,5.61799407185232,0.0669527476048305,0.000292832821392587,3.17948527802108,0.00104051926851655,0.0096430583758952,0.0205717245131326,2.48287675731624,0.0121565674656305,0.000111980947817993,0.000771046637132854,0.654323196856414,0.0411150162723391,1.6040541037157,0.0629369928662831,0,0.0120979100248071,0.00671957573731224,0.105687876568378,3.55795080914901,0.0232816961243262,0.0759032593730089,0.000493458357017056,3.38333668471488e-05,0.026487705442531,0.0551239095799871,0.00325726460859785,0.127438854754234,0.0232845646332078,0.0532346489752509,0.0754109845104383,0.0808544371652396,0.000220015609448312,0.00124396016343236,0.00454955188474002,0.000184232061517509,0.00226150830487421,0.00398434043269256,0.000569804273001781,5.6898687258286e-05,0,0.00229227509719865,0.0207563047809819,0.000493841419893752,0.00105050928277269,0,0,0.00388516397105156,6.25576023163838e-05,0.264978830633189,0,0,0.00835719056882334,0.00124607016071611,0.00182625745604215,0,0.0320394152498914,3.89271832883069e-05,0,0.000149261184624408,0.0100923494626892,0.0259079201493403,0.279123610625702,0.00521950819493879,1.25152949887127,0.00297220547449061,0.000988003902794087,0.00665685519466483,0.0186810817878616,0.00192524217837818,0.00144792489753503,0,0.000120217495234443,0.000811915534212184,0.00201360694255507,0.00214009235572976
0,2.25151867133686,0.00397213486353842,0,0,0,0.000213048687325943,0,0.0361234281533819,0,0.448156291830506,0,2.83764625885914,5.9942132347765e-05,0,0.0178483621400195,0.005578586338587,0.0545274874259745,0.0206680124269366,0,0.000583430718519092,0.481641701168571,0.00350240955229336,0.0120979100248071,0,0.120124243228658,1.43755450445492,0.000827417700688577,0.000625107258671638,0.000546587068760812,0.932229402890951,0.00146286767202778,0.000486987549954673,0.0194270832022028,0.00027473080544266,0.0453243889803655,0.854881644844254,0.243639596666546,0.0959879501903121,0.000265933742116045,0.00146812810901784,1.22136311615417,0.00187946778173234,0.0104251363363385,0.0113021686995222,0.00651843998837122,0,0,0.00156975637425156,0,0.333982293782778,0,0,0,0,0,0,0.00106456848114123,0,0.0215561053690503,0,0.411962498327062,0,0,0.0002012864463612,0,0.0346399891421468,0.00872127949516108,0,0,0.013422398327158,0,5.6865792514293e-05,1.17179775277041,0.0961369545136851,0.0733703014438915,0,0.000105402813194138,0,0.29187269409808,0,0,0.00671819716747835,0.000217748514662072
0.00367694022893185,0.0424782234801683,1.37605282231882,0,7.40140765587609e-05,8.33425106308225e-05,0.0112218296709041,0.000251598844389423,0.00240451297633618,3.82996689673562e-05,0.306639200558109,0,0.0515716492134623,0.00406475623900351,0.000101037225426358,0.0139686033582382,0.707142888776455,0.759001604408978,2.50999661006081,7.67176899945385e-05,0.031091922717654,0.0257289048860021,0.213069423356592,0.00671957573731224,0.120124243228658,0,2.44475555491707,0.00886412149369601,0.00348429980674303,0.0113600245448769,0.497310573402191,0.000222322212264308,0.000500910286491438,0.0857536140840226,0.00245767828211784,0.108400870959548,0.322344987688362,0.252078124548768,0.115609880965989,0.00164897998431024,0.000439890769668419,0.00329406497125549,0.00135257503345061,0.000400410161450343,0.000911763126168163,0.0012001546705764,0.000315735412512207,3.24410981988865e-05,0,0,0.0118764699470781,3.41456289244652e-05,0,2.13951607857654e-05,3.22070667381424e-05,0,0,0.000206876444826559,4.26759849490926e-05,0.00219244940565157,0,0.0347053653667254,0,7.81852766886092e-05,0.000132797737285361,0,0.00277064708969923,0.000416734596366126,0,2.21338736214507e-05,0.00123412846035502,0,0,0.0446008207365727,0.0119570804342484,0.00947032310866117,7.63573767594179e-05,0,0,0.0157440751634707,0,0,0.000287772799383672,0.00169303034560844
0.00142967868602967,2.02801224259593,2.30131971626679,0,0,0.000698849551887547,0.0100721704106182,0.000380917400854055,0.0294477665430455,4.73994689430244e-05,0.0215170280712271,8.19575488344333e-05,0.553348555016861,0.00318265500243404,0.000709194926442561,1.24943358224636,0.369097556028546,0.0257295807833104,0.121688424315807,0,0.0518346792553259,1.19889096539669,2.02658076945753,0.105687876568378,1.43755450445492,2.44475555491707,0,0.042982750515015,0.0023392541223231,0.00910580445603566,0.633158988563226,0.00024833841862313,0.00061645259357181,0.2440344520789,0.0186067984976364,0.33610497556709,0.209255360302907,0.405268741741694,0.322487807028019,0.0173794741553454,0.00120888828739308,0.00492635364180448,0.00882173672828366,0.00290669959160648,0.00759154834944736,0.00787061439963282,0.00197325198820417,0.00048370720695314,0.000295051333566447,0.000108889627682168,0.170774228418754,0.000553963774424647,0,8.65428740055437e-05,0.000760859448475262,0,0,0.00194747544466791,6.8576502673781e-05,0.00144339876974329,0.000499658605956394,0.0833291075744703,0,0.000683173447436815,0.000247432008268904,0.000499597535288405,0.0064177566407896,0.00415807079709202,0,0.000266678401992179,0.0239717051143615,0.000199941668014316,0.000177916484815438,0.204102867382261,0.0403632564646988,0.0736574856460536,0.000119745210440125,6.40146841108125e-05,0,0.023609778116503,0,2.31556332042438e-05,0.00342195131325688,0.0139524899534884
0.00836991935008058,0.00294507678354584,0.0501797176744382,1.83622971695972,0,0.00317162850071987,4.63754821059711,0.00274523872982591,0.133113471806508,1.69178525695853,0.000355482750766432,0.00124179253325393,0.000499185007225088,0.0184412855700247,0.000220268464464435,0.379570734299417,0.0121354072437616,0.000114349878606452,0.00122547840939595,0.059038996535316,3.437970102499,0.0858599930163938,0.310066148030857,3.55795080914901,0.000827417700688577,0.00886412149369601,0.042982750515015,0,0.0287082757313055,1.5816841077514,7.333411446063e-05,3.482195541693e-05,0.0269702547695316,0.0859376882692386,0.00593932434974827,0.121932027819344,0.0242060655108849,0.0779733290346466,0.0935614052273726,0.00914896662016772,7.08511438338357e-05,0.00100383616603963,0.00274961634087438,0.000809732746183167,0.00141958414641709,0.00220813575320963,0.000452200677708972,0,0,0.000525382864671652,0.00491171963548183,0,0,0,0,0.000908099306195512,0,0.00989519442152293,0,0,0.000105888363747753,2.78557342003384e-05,0.000729016743341672,0.000134193717843885,0.011004800427902,6.42245560133932e-05,0,0,8.76271838570163e-05,0.00911321839120735,0.0639960752895311,0.00125081839918355,0.298495674461394,0.000125568746833397,0.000164737730568365,0.00105032872898565,0.018232536346217,0.000802820879718284,0.000121811242447589,0,0,0.000379957237082918,0.00117973747761858,0.00285048021935763
0.796081771028795,8.4641924402513e-05,0.0134504333993417,0.000471521259191019,0.0338357961790334,0.118428621059799,0.164039918001839,0.289802595199064,0.0152380937316033,0.0391034986373009,0.00860344299504132,0.0201884768784433,0.000501255787575477,5.77059483789643,0.00563332005358059,0.00207186524318303,0.389025998143755,0.000428129218350878,0.000502096126057525,0.0312805457824132,0.573985698794219,0.00550873707137606,0.890917200100662,0.0232816961243262,0.000625107258671638,0.00348429980674303,0.0023392541223231,0.0287082757313055,0,2.1924182697209,0.000876250828964981,0.722079622313,3.93458592111548,2.15128479630167,0.000564234536323184,0.0272761433133366,0.0055856493746794,0.221846121466577,0.0387835009423081,0.124268718782423,0.311901526560741,0.00212210458168677,7.66915629644957e-05,0.000123949246785024,9.86431165008773e-05,0.000460479267624016,0,0,0,0,0.000364219685721352,0,0,0,0,0.000221923378825803,0,0.000684832353964149,0.000119116891364037,0,0,0,0.000411908010852039,0,0.00356184879982141,0,0,0,0,0.00136577930322125,0.00522323809376437,0.000527961606987797,0.00103911237299776,0.000146246082169727,0.000216767804320396,9.33380662907883e-05,0.000999287411020257,0.000312888739858355,0.000276835338949094,2.74080397833984e-05,0,9.92808510409671e-05,4.5765645429996e-05,6.89056234987272e-05
0.159681369788693,0.00079856176282329,0.0797599095032307,0,0,0.000437653548332985,2.13467436494456,0.0161830197456694,0.0609357216620918,0.00119844424286495,0.000432895716765179,0.000164279658005433,0.000236331432512595,0.136445306326404,3.04929484510972e-05,0.0235801662225339,0.0240348359497056,4.23611964409185e-05,0.000711070972873058,0.000129380703161968,3.60332058099662,0.0160944356748934,0.325208616052307,0.0759032593730089,0.000546587068760812,0.0113600245448769,0.00910580445603566,1.5816841077514,2.1924182697209,0,0.000121886736548056,0.000239482968008975,0.608208715899273,0.393436763893055,0.00199659449842823,0.0788701633206052,0.00985069674814583,0.0905612269593504,0.0784390994523485,0.00315809878110585,0.000115203874341205,0.000667469493243653,0.000352392909323994,0.000227897505871535,0.000470931991054649,0.00194713523547227,0.000455337757596277,0.000135771956195872,0,0.000416413269117102,0.000305955934602699,0.000327355125473053,0,0,4.62462813037106e-05,0.000570664490607585,0.000165393136755077,0.00238573344353827,0,0,0.000143811495628143,0,0.000538758384247711,0.000293958607240665,0.00886713786328369,0.000234719812775702,0,0,0,0.00525623747121783,0.0233267337296945,0.00133768166792124,0.00359962963485854,0,3.18405381306481e-05,0.000650842751974325,0.00333612396538357,0.000943870389553081,0.000211438812544949,0,0,0.00061318778207764,0.000294296821351002,0.000855006572844209
0,0.0276536907372078,0.000331707238242153,0,0.000508222549964021,0,4.73625981858676e-05,0,0.00118712165012556,0,0.321052004077112,0,4.11515401942605,4.6119455901382e-05,0,0.00146000185488567,0.000502501902447732,0.0898564541655228,0.0143621779374091,0,0.000179999089216958,0.0133134484936619,0.000238045743122876,0.000493458357017056,0.932229402890951,0.497310573402191,0.633158988563226,7.333411446063e-05,0.000876250828964981,0.000121886736548056,0,0.000510165818732083,0.000309734056856636,0.0294770429118909,0.000146102088685563,0.0420721439018034,0.411354853239106,0.227703282962383,0.0653406305340463,0.000375533060750844,0.00074202058807802,0.0392796395026162,0.000372984092133891,0.00221590941497437,0.0025774702782917,0.00244827046662073,0,0,0.000434364332892095,0,0.00505382315941037,0,0,0,0,0,0,0,0,0.0114345219784591,0.000100045669514518,0.0932058228899675,0,0,0,0,0.006333627736577,0.000338833186305607,0,0,0.000703658553886134,0,0,0.289852144658113,0.019003578827273,0.00719065135487494,0,0,0,0.117727099234478,0,0,0.00102695640506126,8.92699220979772e-05
0.000353751212582104,0,0,0,0.717697348812537,0.318874798612839,0.000468622158535416,0.0565582622251547,0,0,0.00833723173260585,0.000240657662456732,0.000267580438527621,1.0200698439606,0.000106039241084639,0,0,0.000665810941543499,0,0.000254819231842885,0.00018796376147287,0,3.21815730901303e-05,3.38333668471488e-05,0.00146286767202778,0.000222322212264308,0.00024833841862313,3.482195541693e-05,0.722079622313,0.000239482968008975,0.000510165818732083,0,0.00120041772161721,0.800706083074559,0,0.002545818517204,0.00228426920385213,0.14052817575485,0.0124230460817021,0.365940017282782,4.4166155396247,0,0,0,0,0,0,0,0,0,0,0,0,0,0,0,0,0,0,0,0,0,0,0,0,0,0,0,0,0,0,0,0,0,0,0,0,0,0,0,0,0,0,0
0.0146371038567718,0,0.00250367080668625,0,0,0.00102559681903006,0.06484178997234,0.0020279884514283,0.0299223402485792,0.00127525841508861,0.00247568421329042,0.000494144890571114,0.000649782262749877,0.022017485067357,0,0.00334441025574904,0.103298715503696,0.000614309034505487,0.000100369528318238,0.0043598935009947,1.81892470435826,0.00948381424588276,0.337230786091417,0.026487705442531,0.000486987549954673,0.000500910286491438,0.00061645259357181,0.0269702547695316,3.93458592111548,0.608208715899273,0.000309734056856636,0.00120041772161721,0,1.66216424805738,0.000206850416104746,0.0461436014394727,0.00619767960965037,0.247589381640262,0.124047705763841,0.00200608930614566,0,0.00386326710883236,8.29327479118886e-05,0,0,0,0.000418182318901429,0,0,0.000876970873940619,0.000709152790204393,0,0,0,0,0,0,0.000131524005666897,0,0,0,0,0.000103877431810909,0,0.00256415309559599,0,0,0,0,0.00121150887892787,0.011036642582118,0.000619355520822265,6.02497392399298e-05,0,0,1.89246596298459e-05,0.00114449810768861,0.000490294654895321,0,0,0,0,0,0.000220952845346997
0.016364162840169,0.0155151692724086,0.0309625473138918,0.00030687487288606,0.288476541256579,0.0730681064773794,0.14849879564433,0.0325597898629847,0.0341541771688493,0.0237592628531576,1.25707775101714,0.031323115806681,0.0168218952645441,0.0989797023661514,0.0110694636462588,0.0808519001020143,0.380990312298307,0.0504334399132066,0.439664468085869,0.0269167488272037,0.283573907824469,0.0417729396076368,0.346261624786732,0.0551239095799871,0.0194270832022028,0.0857536140840226,0.2440344520789,0.0859376882692386,2.15128479630167,0.393436763893055,0.0294770429118909,0.800706083074559,1.66216424805738,0,0.00396186647526505,0.316199721532002,0.283708969367668,4.95731469236304,0.623851718299008,0.279319707394862,1.49836345917592,0.0424446917564135,0.00174025041441211,0.000188709656093134,0.000442032433092471,0.00169120073359967,0.000480832619287135,0.000292331202385462,0,0.000488167148986329,0.0157739170398012,0,0,0,0,0.000426480584341739,0.000121676190064347,0.00151712926800136,0,0,6.35190818911481e-05,0.00266989240933547,0.000514614668152932,0.000253072992348529,0.00823104116918327,0,6.11608383168289e-05,4.17314869100693e-05,0,0.00324135490906377,0.0224823707142745,0.00127836729481574,0.00202158284345082,0.00421915824460914,0.00120521063701102,0.00173523216961665,0.0018182117488363,0.00019581418971714,0.000623790369340613,0.000656471271993282,0,8.86538254209999e-05,0.000582944398279984,0.00249160127960315
