0,0.00146342296427316,0.0174294942495256,0.000436914035060976,0.000221775916531941,0.00420303469069039,1.21305553101352,0.0975788940081447,0.0216078834930622,0.0317029127861363,0.00134966889676574,0.00114415589450873,0.000212837636661835,3.71063676853788,0.0015595699958816,0.0037010368290097,0.0616011103101232,0.000449810311901912,0.00263041130287936,0.0016893161521496,0.0205363189767311,0.00173066999198436,0.0763456452975589,0.0221061389286485,0.000703224528078509,0.00449423283690225,0.00404035455508451,0.0545101274538437,2.39602190464126,0.930763375411416,0,0.00128200428705912,1.11807470516459,0.337092856084781,0.000597874744030587,0.0396719657634923,0.025223608839509,0.108834075597509,0.0463490428999959,0.0130874339101365,0,0,0.00191200244533194,0.000128395499667817,0.00123540162653143,0.000165466049709232,0,0,0,0.00371559741484199,0.000421243092735049,9.85031552415685e-05,0.000139882846736605,0,0,0.000592623312863911,0.000469769218773515,0.00769605526350488,0.000296794488256328,0,0,0,0.000447837096409096,0,0,0.00027965575475318,0,0,0.000104734770126306,0,0.000734427119639955,0.000141349747984597,0.0115446730071537,0,3.81120728258511e-05,0.000846346397035571,0.00377441115325545,0.000644089565206242,0.000502100567060406,0,0,0.00106767595005207,0.000339098165053568,0.000280184082027849
0.00146342296427316,0,0.0512613976606126,0,0,0.000634606822116259,0.00295921322640474,0.000340848313284084,0.282159908326055,4.14219147434479e-05,0.00234385086365945,0,0.101900126202069,3.18620484195873e-05,0,0.123430732971563,0.0358358494197187,0,0.0177609638104935,0,0.00125491598602251,2.5907262033498,0.00522834381163092,0.231748230109534,2.92169303441102,0.0238043821648091,1.09176094197437,0.0157695132811675,0.000543580967178,0.00154123190470401,0.00655657998837055,0,0.000280448903588922,0.0175721681970962,0.000476961467132892,0.0120919485626657,0.116534073409689,0.0648288042772161,0.0155420331181909,0.00166644909038036,0,0.00805931703455891,0.00429547350186322,0.0236263888345937,0.0168335025415987,0.0111206167612349,0.000261634910350328,0.00170788362795227,0.000386894761681231,0,0.972927087800035,0.018284025763142,0,0,0,0.000118352623607043,0,0.00362152632264953,0,0.000459394998461654,0,0.00722930480331887,0,0,0.0160221409448337,0.0111188542160453,0,0.00527728178212081,0,0,0.034713877662322,0.00165754988230563,0.00522916351248499,0.12545487040639,0.0239340583111275,0.148307603654229,0.000791535253507156,0,0.000396457710695974,0.00244744259552046,0,0,0.00181523339632108,0.000390320598720262
0.0174294942495256,0.0512613976606126,0,6.97985317979436e-05,0,0.00106730925232176,0.188261486424741,0.0281676976417708,0.0036187428199005,0.00404844992153088,0.000309739047792331,0.000177182005886206,0.000453618280700691,0.0206228134494617,0.00182208851331384,0.0189309128552359,2.39076675741949,0.000613706723520926,0.0775956482579613,0,0.0543209986398596,0.023539838617858,2.30067776823788,0.00826574331901279,0.00187990450253588,1.71514383742528,1.58875727466169,0.103306243327663,0.00381541057483354,0.0907741436803332,0.000136683730026873,7.55187001564824e-05,0.00133768194338435,0.140803172599419,0.00603015810889227,0.193754104696293,0.882803645864633,0.395379715057533,0.138849308966107,0.0155056885293856,0,0.000904486707630971,0.0102195391000262,0.0262916363279098,0.0170326465035011,0.0116266068838412,0.00135976127020694,0,0,0.000189824329268127,0.0932765661238906,0.047471147982771,0,0,7.63181494464402e-05,0.000387943206571982,0.000173225655905744,0.00215156513976587,0,0,0,0.000503156040401024,0,0.00123255535592442,0.0122763761391539,0.01337833253904,9.29551233421911e-05,0.0047528861310474,0,0.000554224469036125,0.0290089336790113,0.0122546797075117,0.00717160190128328,0.00756935931664164,0.0225419537155793,0.15369878183168,0.000578534373158198,9.31182011504311e-05,0.000723087242890849,0,0,0,0.00324268180445687,0.00430834562451488
0.000436914035060976,0,6.97985317979436e-05,0,0,0.0135099086843033,0.0200894293122093,0.00335687252734162,0.209056548317353,2.07961016893297,6.03849398958679e-05,2.40883724936305,0,0.000393181668621962,0.00167015288190518,0,0,9.03150323559743e-05,0,6.26887034080434,0.000145271970266481,0,0.000125493930709809,4.73172990828937,0,6.78832407522813e-05,7.15398354930151e-05,2.6909066086363,0.00161453808213031,0,0.000249624339803689,0,0.000365537873370757,0.00527473961667121,2.30251145593146e-05,0.00606100709170864,0.000682921752541973,0.0100014108656468,0.00423250170146995,0.0125889159818998,0.000154908841715275,0,0.000871278891428036,0,0.000274985406647015,0,0.00413951605477586,0,0,0.000484047662079433,0,0,0.0391034367398128,0,0.00095161867863857,0.00124182580061508,0.000984060735910364,0.0414089731227226,0.00380719384018946,0,0.00525860329916084,0,0.000414382665214671,0.000227453193708943,0.000121158641786346,0,0,0,0.00259218347066763,0,0,0,0.0127433361126522,0,0,4.7358208879399e-05,0.00710114818237244,0.000702267363668408,0.000182980421736294,0,0,0,9.9259813815989e-05,4.68640672468437e-05
0.000221775916531941,0,0,0,0,0.42369270811468,5.1388490075026e-05,0.000645385978611317,0,0.000248971065851832,0.000741944831975806,0.000114623395349781,0,0.0121082122815053,0.0205642045718627,0,0,0,0,0,6.6060653578854e-05,0,0,0,0,0.000203604515168342,0,0,0.212180365204997,0,0,1.49186900464852,0.000486039820686183,0.160703988119954,0,0.000248731827635976,0.000116578540925835,0.0399864671264114,0.0111804476438788,0.975393353064162,1.83914921884717,0,0,0,0,0,0,0,0,0,0,0,0,0,0,0,0,0,0,0,0,0,0,0,0,0,0,0,0,0,0,0,0.000135823645381394,0,0,0,0,0,0,0,0,0,0,0
0.00420303469069039,0.000634606822116259,0.00106730925232176,0.0135099086843033,0.42369270811468,0,0.149658704375914,1.66729761177134,0.0245603818975306,1.73001676800795,0.00849898276130334,7.0941738906513,0.000941765817779761,0.287365643107749,2.32746463086887,0.000955966470400096,0.000924624959925064,0.000872600945197394,0.00259038838037145,0.119371187053271,0.000900404342564785,0.000343326867446083,0.0023223636126999,0.0474651707452869,0.0024782938512329,0.00613827244191583,0.00155784461279128,0.103288800708951,0.471439696357808,0.00113318609520142,0.000422293865979252,0.802997045162636,0.00250195471937987,0.177420724099798,0.0237627050596294,0.0153281381900144,0.00553834571473351,0.130936007529601,0.0118352908591499,1.04556707562153,0.120498217939449,0.000563868045304478,0.00087424908046729,0.000311058834167452,0.000223584536048053,0.000429289666912785,0.0015019832695399,0,0,0.000972952189975533,0,5.79057003240522e-05,0.000873647551718855,0,0.000389022665700634,0.00144923748342257,0.000882809722200387,0.0131570017369352,0.00156754388225287,0,0.00145313775605745,0,0.00106757770613018,0.000326369904154224,0.000152079427922919,0,0,0,0.00045488611030221,7.74468452439032e-05,9.22103177473004e-05,8.65280107571515e-05,0.0105555829763964,4.61808012041497e-05,0.000111261449855952,0.00027244999144063,0.00647988177326486,0.000797320422094339,0.000239466509470812,7.25308301173953e-05,0,0.000112323367825601,0.00030267321481408,0.00028539394753233
1.21305553101352,0.00295921322640474,0.188261486424741,0.0200894293122093,5.1388490075026e-05,0.149658704375914,0,0.567438210609242,0.0991096085194397,1.42189502761004,0.00194256751870044,0.0151851488315722,0.000834598532373233,1.0978544328896,0.006314289800092,0.04555028098278,0.0386895208764591,0.000456725466265914,0.00393287957132331,0.00983458074774587,0.13117860090782,0.0184978793432657,0.350728139793376,0.431480325814066,0.000739460871629397,0.0139141759166764,0.093739437749626,4.31969846867025,0.125885079378905,1.79286194000681,0.000168017148674204,0.000738219619116564,0.05718195112992,0.162669721330201,0.00665616656776045,0.272870085316826,0.0993635411881486,0.234119681044097,0.114400640122667,0.0851401578961131,0.00307790679663918,0.0003536874011108,0.0150400416829372,0.00227850191755503,0.00683693472950063,0.00538807121983312,0.00463297574669259,0,0,0.00901200270668605,0.00068287181621777,0.00303494340058634,0.00311799047820319,0,0.00225910302139288,0.0102220173464125,0.00621149828964232,0.0571091644031863,0.00632509641756445,7.41104481011366e-05,0.00437484137824019,0,0.00665372983309481,0.000264262575867938,0.00911776583873181,0.000221815021524661,0,0.00023060999296554,0.00269172076385872,0.000765167989995931,0.00775549161940919,0.00405666689856831,0.110357123207094,0.000324107327560257,0.000783379261971604,0.00847582563248243,0.0516065124274823,0.0083290157785945,0.0047133852379708,0,0,0.00130077727529314,0.00577797180929054,0.00215144087511113
0.0975788940081447,0.000340848313284084,0.0281676976417708,0.00335687252734162,0.000645385978611317,1.66729761177134,0.567438210609242,0,0.0115971690106004,0.682750793716162,0.00556518997208314,0.0250873927200267,0.0013307468683458,3.42002279446903,0.0109393013880497,0.0024192857189103,0.0301212330586743,0.000664189177200384,0.00405036934358898,0.00617062164755497,0.0183570387456291,0.00178761990624871,0.0752053069336266,0.0364738121931337,0.000686071883626366,0.00750126652172552,0.00809519683644869,0.103843582866646,0.470429667706719,0.0775906367062074,0.000143683180979524,0.290695791956322,0.0119997179301289,0.148245243096633,0.00149738441888449,0.0494390119242882,0.0252765884652055,0.0979007195027754,0.019922093587811,0.167201301115529,0.00353040167602102,0.000245044199332608,0.00319026686200546,0.000367349298452418,0.00160101956637635,0.00149607346588086,0.000695955439674926,0,0,0.00212592867528257,0.000131650834715918,0.00042372335530319,0.000251973425353634,0,0.000248828885407902,0.0017955239416941,0.00128704466590096,0.00755471994794832,0.00090207811333846,0,0.000804310987695702,0.000222030940882354,0.00155385735915068,0,0.00071319799546686,0,0,0,0.000428990603928561,0.000130803522782261,0.00103681586270597,0.000691012348954015,0.0148739254375657,6.49732997527672e-05,8.26428830403569e-05,0.00103316087977075,0.00777355913957273,0.00117545842778312,0.000738554226140831,0,0,0.00020730671822625,0.000818670556739078,0.000375285884521791
0.0216078834930622,0.282159908326055,0.0036187428199005,0.209056548317353,0,0.0245603818975306,0.0991096085194397,0.0115971690106004,0,0.123224816096931,0.000885448080419192,4.01483954334634,0.0118445987543436,0.00422712263365738,0.46692793236949,0.00686608462843193,0.00372136800714398,0,0.00367253928069618,0.482819737065252,0.00115414123271372,2.57135885238748,0.00256817278369495,6.21732116764853,0.132201571036519,0.00519154555167636,0.0995109972657403,0.316762768037446,0.0106531455457635,0.00455024097183801,0.000621299613477233,0.000291412279470153,0.0186337863754337,0.0187928010261792,0.000721368007400278,0.214836392272901,0.032328123523996,0.0391891345706021,0.0341643340578715,4.22318792292163,0.000498857562177584,0.00087952449695472,0.0288271435562384,0.00392336986586375,0.0181112037513253,0.0167460320979878,0.120418676719358,0.000190236003043088,0,0.0247565188491003,0.00870988423787887,0.00538085865725094,0.0242833513734459,0,0.00272776617994031,0.010160551823127,0.00651613446226879,1.3227204435015,0.0196809627504052,0.000256212800780238,0.047917411031282,0.000696679108512163,0.00604077992288326,0.00511469370841623,0.0305012197614277,0.00109079493008465,0,0.000212388154424694,0.0122604370236574,0.00115405046309782,0.0371509076005433,0.00430145167281766,0.286058588426487,0.00292485940191663,0.00219500077817102,0.00859211858806526,0.0803148456116316,0.0119908589417065,0.00837289454876463,0.000357672876616501,0,0.00742066826924502,0.0105846150447131,0.000288387669287413
0.0317029127861363,4.14219147434479e-05,0.00404844992153088,2.07961016893297,0.000248971065851832,1.73001676800795,1.42189502761004,0.682750793716162,0.123224816096931,0,0.00239944173913432,1.57983577149751,0.000620538174687499,0.14963913997198,0.0156780586995143,0.000809116218634104,0.00142541134047529,0.000369354179044137,0.00132276422483902,5.54616812606021,0.00264086674822163,0.000566140173970758,0.007621142335353,0.216510468409337,0.000382545495988984,0.00280998679173094,0.00191205874412146,2.07739910469088,0.0640204020053774,0.00290316318931273,0.00010183118537765,0.000812039766901924,0.00871478579508291,0.0845389230699062,0.00323266663335468,0.0514902794243368,0.00745744394438543,0.143312488013165,0.0420743058966643,0.199743080072513,0.00277002701673851,0.000344217442754908,0.00259605434035896,0,0.00159694119831608,0.000963662701749599,0.00840922388425512,0,0,0.00176493050201888,6.93379705521482e-05,0.000280412432115879,0.00664042239188761,0,0.0017282683565006,0.00373790916125786,0.00239162137756149,0.0515640652674337,0.00952236625279524,3.41961071171218e-05,0.0103010758906164,0,0.00169569173916429,0.000234233510226492,0.000280914243466239,0,0,0,0.0037297206872682,0.000296776779731692,6.82044003811515e-05,5.60480783117758e-05,0.0388946135420921,0.000162220927384221,0,0.000244836943163128,0.0238318446005355,0.00216265167756067,0.000289804708571188,6.25318343477161e-05,0,0.000424695235405309,0.00160526750452917,0.000177278738994452
0.00134966889676574,0.00234385086365945,0.000309739047792331,6.03849398958679e-05,0.000741944831975806,0.00849898276130334,0.00194256751870044,0.00556518997208314,0.000885448080419192,0.00239944173913432,0,0.000774255019989215,2.28811111771204,0.002623908514954,5.0113091759654e-05,8.99827174547542e-05,0.0137264039186734,1.20576368261239,2.03660106006549,0.000238382121994172,0.000118961043647626,0.00102574850603661,0.00101588247905897,0.00074113172166769,0.207774398105263,1.53853642268586,0.0444147342891572,0.000735424115838348,0.0136271660867379,0.000532506392101949,0.0839937277694212,0.00173233956228424,0.000997561084013243,0.950911232791972,0.000654310623860137,0.0321959411256115,0.448648814288086,1.23556917941064,0.0267366533370722,0.0285499950053403,0.00276635128686833,0.149678369675955,0.00165397714011062,0.00177638364518838,0.000486775596026135,0.000131789605878091,0,0,0.00235101916222983,0,0.00207318259289763,0,0,0,0,0,0,0,0,0.0155917776176748,3.48828990496153e-05,0.044739148789994,3.24247959582842e-05,5.51480338911174e-05,4.36707648437257e-05,0,0.00120332748522663,0.0010257034745889,0,0,0,0,0.000323847860729808,0.0596389029294018,0.0149033335496134,0.00780379714240137,0,0,0,0.0171852350733673,0,0,0,0.000416377949278662
0.00114415589450873,0,0.000177182005886206,2.40883724936305,0.000114623395349781,7.0941738906513,0.0151851488315722,0.0250873927200267,4.01483954334634,1.57983577149751,0.000774255019989215,0,0.000175353610164449,0.00435693739007191,0.241587507158544,0,0,0.000152238031760539,0.000368968372460399,14.2060238696617,0,0,9.3134645345746e-05,2.81990140862103,5.70659786272359e-05,0.000514603354528347,0.000113031126217305,0.0425083274213915,0.0125822887274371,6.87159747874222e-05,0.000107659770182039,0.000454005853346089,0.000489554780501054,0.019987223085889,0.0720344386785836,0.0349056688903598,0.000641656665251079,0.0260549147860254,0.00452334750902355,1.15743993074941,0.000304256317686956,0.000430104733721778,0.00102630919535544,0,0.000380002625390539,0.000359403859648911,0.0107456213439105,0,0,0.00107015119418984,0,0,0.0406636286749367,0,0.000917849992194958,0.00055193869662134,0.00100671203059438,0.0236528721485146,0.00251732809270886,4.90598171361484e-05,0.154375128233945,0,0.000236198088625141,0.000198923081237146,0,0,0,0,0.0227192961304145,0,0,0,0.00604278455022361,0,0,7.31424548938474e-05,0.00583098773331801,0.000296292692939537,0,0,0,0,0.000503100791746764,0.000343452459196705
0.000212837636661835,0.101900126202069,0.000453618280700691,0,0,0.000941765817779761,0.000834598532373233,0.0013307468683458,0.0118445987543436,0.000620538174687499,2.28811111771204,0.000175353610164449,0,0.000349176588493394,0,0.000156886880706112,0.00153837520732595,0.00522836348210239,0.0049429444974061,0.000532416245824256,0.000318903887783868,0.0277027093900659,0.0012876566782292,0.00534750113056777,2.45689658162651,0.204265253135979,0.697943820310175,0.00124595983496722,0.00233158856998112,0.000392041586602046,1.09533360188235,0.00016372672273476,0.000565901180808709,0.0576708799685306,0.000870092807854532,0.147806509217373,0.844898759336136,0.542650029970224,0.458063237034251,0.00846515131816376,0.000430121173493938,1.76690561405005,0.0131316679803316,0.0139643717109711,0.00716789208470809,0.00193620033875124,0,0,0.00701741599265314,0,0.0067153935780744,9.92568021513721e-05,0,0,0,0,0,0,0,0.0768618903400965,0,0.248201338799844,0,0.000110928447083764,0.000132229082977844,0.000202793807073739,0.00470101322388979,0.00111558680725037,0.000225588179004404,0,0.000131716488976807,0.00011673456780594,0.000365974574486541,0.432471864485679,0.11638201741275,0.0641721018516403,0,7.71821205587963e-05,0,0.171325232810173,0,0,0.00466616166054049,0.000239169872052939
3.71063676853788,3.18620484195873e-05,0.0206228134494617,0.000393181668621962,0.0121082122815053,0.287365643107749,1.0978544328896,3.42002279446903,0.00422712263365738,0.14963913997198,0.002623908514954,0.00435693739007191,0.000349176588493394,0,0.000127458505331572,0.000632647573744155,0.0412257392884033,0.000759931423135788,0.0034066963687542,0.00323758887740749,0.0147175917483585,0.000644565086242166,0.0798738464957559,0.00926262047199939,0.00014394829785634,0.00589622723947509,0.0047918025038795,0.0342272311103452,3.37178039934906,0.166628996551968,6.02250539766735e-05,0.286755879373372,0.00661621540875127,0.151928008212036,0.000602802564197261,0.0250417298601753,0.0119286400162872,0.0645804591684155,0.0103342962110159,0.066109716268044,0.00740326262865602,7.76651902056891e-05,0.00132086347803207,6.08058599173319e-05,0.000583460801419234,0.000274229718209071,0.000531558839726221,0,0,0.000730006022876577,0,8.73403380932062e-05,8.61678292484328e-05,0,4.28440767577306e-05,0.000543914890121834,0.000148854163766355,0.00233813002008956,9.96018899997482e-05,0,0.000126095821007778,0.000122622205978625,0,9.1528340663026e-05,0.000364027960783188,0.000147371847500537,0,0,3.71751784330708e-05,0,0.000159799140442993,0.000230557775521365,0.00577929893026857,0,0.000162764651858174,0.000874412431496239,0.00238248601847341,0.000468736869074018,0.000255042448370925,0,0,0,0.000313738858644042,0.000158771692674723
0.0015595699958816,0,0.00182208851331384,0.00167015288190518,0.0205642045718627,2.32746463086887,0.006314289800092,0.0109393013880497,0.46692793236949,0.0156780586995143,5.0113091759654e-05,0.241587507158544,0,0.000127458505331572,0,0.003454336441137,0.00049823463816061,0,0.00033576757580105,0.0272768624493158,0.00445747257317341,0.000811214046334306,0.00689957445762255,0.00921319532076497,0,0.00152359203339151,0.00181205668401788,0.00784599426518877,0.000641885785735358,0.00234296966496165,0.000250987235902202,0,0,0.00361965451800414,0.114539835194379,0.0814996983487271,0.0226740723230257,0.019108004239981,0.0206007345582082,3.08025333515969,0.00584658833946951,0.000427019244556973,0.00331224990105295,0.0103876411639633,0.0179690127031103,0.0177866740204472,0.0349833561413615,0,0,0,0.000257072949659515,0.000832146482295387,0,0.000297918680153123,0.00113551061958855,0,0.000197762865739512,0.00111507975502789,0,0,0,0,0,0.191232930606385,0.00216850423934062,0.000350949663407922,0,0.00153632871461023,0,0.00228074616530319,0.00137424257501687,0.00348272586055713,0.00177299470570391,0,0.00146255184038486,0.000969501272525553,0.00146812617870551,0,4.30833786059831e-05,0,0,0.000617057282152042,0.000320079548541987,0.04806852003109
0.0037010368290097,0.123430732971563,0.0189309128552359,0,0,0.000955966470400096,0.04555028098278,0.0024192857189103,0.00686608462843193,0.000809116218634104,8.99827174547542e-05,0,0.000156886880706112,0.000632647573744155,0.003454336441137,0,0.0239305226656345,0,0.00485625697704968,0,1.3944437777086,2.67011251151209,2.62287361224865,0.809824082026481,0.00935164129327571,0.00582316344913597,0.602510270079596,0.933680664281091,0.00153065976596177,0.0198132954723952,0,0.000243147073410829,0.00352779215131017,0.0504985668277171,0.012021626806442,0.38889147799928,0.371942663442886,0.170179284176922,0.169180925961725,0.0552237981951178,0.000566574996288265,0,0.049823386670268,0.0368707853405987,0.0178316883883558,0.0314119782854676,0.0100929316512098,0,0,0.000672599825420604,0.0156971874356088,0.0260029018126788,0,0,0,0.000967832738361029,0.000100881694334857,0.0442359137465309,9.33176891335773e-05,0,0.000547766372796608,0,0.000293494671875997,0.00508969948732459,0.788495029425158,0.00725128757581249,0.000322705008597976,0.0018182545933976,0,0.0106628000908967,0.284970638920157,0.119943385310255,0.0552562884002112,0.00158335305874088,0.00596293585012085,0.0672634704749206,0.0162574140271125,0.000729747042215714,0.0120953425013626,0,0,0.00103599837981685,0.00627564391536868,0.00504033257575847
0.0616011103101232,0.0358358494197187,2.39076675741949,0,0,0.000924624959925064,0.0386895208764591,0.0301212330586743,0.00372136800714398,0.00142541134047529,0.0137264039186734,0,0.00153837520732595,0.0412257392884033,0.00049823463816061,0.0239305226656345,0,0.00879557080129338,2.01753970096692,9.0765883243582e-05,0.112803977265273,0.00699444292001767,1.99083008993052,0.00785793284768141,0.0011295276349724,1.28690147441878,0.425517735305112,0.0425733935359268,0.0172374481608148,0.175196502483831,8.71801918979273e-05,0.000169388234199714,0.00954208806626564,0.707236453355412,0.00327856903314075,0.114982078220949,1.03532636651952,0.49930349650384,0.144596524356344,0.00785510085704398,0,0.000246388662240238,0.00704214744172523,0.0159810408026281,0.00600200233196999,0.00744639457926725,0.00130968795658076,0,0,0,0.0483287686848552,0.00896357838116982,0,8.51716445798723e-05,0,6.61433662262133e-05,4.34964454933372e-05,0.000845013026405063,0.000187352448172773,0,0,0.000559230596577732,3.17434136114661e-05,0.000513490677193591,0.00454575978738389,0.00356988988311815,0.000217156021953138,0.00228799701146758,0,0,0.00719530852371418,0.0027373387383495,0.00242277460149402,0.00415019509142604,0.013753595919853,0.0591000663524669,0.000504307916832377,0,0,0.000395183056007458,0,0,0.0022899808968716,0.00212955619392184
0.000449810311901912,0,0.000613706723520926,9.03150323559743e-05,0,0.000872600945197394,0.000456725466265914,0.000664189177200384,0,0.000369354179044137,1.20576368261239,0.000152238031760539,0.00522836348210239,0.000759931423135788,0,0,0.00879557080129338,0,4.37909510179307,0,0.000352396809247526,0.000148644486141309,0.000386606525500854,0.000250350167158487,0.00249442915280211,0.848423258561933,0.0182107693119691,0.000303834707681694,0.00199084705306586,0.000255014809190888,0.0181967418175762,0.000436582962989516,0.000424528288057217,0.0794716688104418,0.000207428978822319,0.0150466132328995,0.0871862722364464,0.150044123483515,0.0229999598698143,0.00447132612728312,0,0.00199171535328525,0.00013206239231682,0,0,0,0.000294064237646864,0,0,0,0.000414467764007637,0,0,0,0,0,0,0,0,7.59140908059676e-05,0,0.0011062190764612,0,0.000448470258888573,0,0,0,0,0,0,0.000215705681317322,0,0,0.00346244889823657,0.000958391667333335,0.00215607866529749,0,0,0,0.000582305202261831,0,0,0,0.000159797244059801
0.00263041130287936,0.0177609638104935,0.0775956482579613,0,0,0.00259038838037145,0.00393287957132331,0.00405036934358898,0.00367253928069618,0.00132276422483902,2.03660106006549,0.000368968372460399,0.0049429444974061,0.0034066963687542,0.00033576757580105,0.00485625697704968,2.01753970096692,4.37909510179307,0,8.91604428345689e-05,0.0134990171436746,0.00698012320680872,0.0446179696220197,0.00621346149202201,0.0135860127823802,1.86279335825044,0.177506151841759,0.00688393152304924,0.00666435851075909,0.0127020178390792,0.00176996516363082,0.000619530284043575,0.00338059615262801,0.771613874548802,0.0015690479985968,0.0619723039030278,0.375806368777834,0.674641593452096,0.0905920115345831,0.0132522165587704,0.00157232357548446,0,0.00323489631493145,0.00574215286972901,0.00172441835014028,0.00280712350449589,0.000480464237127432,0,0,0,0.0396047829230187,0.00217256297928402,0,0,0,0,6.6959099204469e-05,0.000532248275841668,0,0.000328177953799953,5.27068325250073e-05,0.00144149194699154,0,0.00142844773891575,0.000949144865602779,0.000370562355174492,0.000162256264641877,0.00299795695413411,0,0.000103494198778933,0.00138823996207772,0.000181048515171847,0.000723613856571936,0.0141110646923408,0.0219446721778855,0.0394294610844078,0.00025252439836394,0,0,0.000327746110647668,0,0,0,0.000818100748589296
0.0016893161521496,0,0,6.26887034080434,0,0.119371187053271,0.00983458074774587,0.00617062164755497,0.482819737065252,5.54616812606021,0.000238382121994172,14.2060238696617,0.000532416245824256,0.00323758887740749,0.0272768624493158,0,9.0765883243582e-05,0,8.91604428345689e-05,0,0,0,0.000190536079388869,1.4126725383003,0,0.000898538448266436,0.000121946609223743,0.683849981151549,0.00873583197966524,5.45650179163497e-05,0.000147752580981271,0.00136814008044156,0.000396195331196426,0.0194752630451011,3.80378373208388e-05,0.0137028482092087,0.000448271515456327,0.0431139538547495,0.0175038836632878,0.210430466206355,0.00215027317472252,0,0.00125293700961545,0,0.000484744252909609,0.00130187718808683,0.0130598745061967,0,0,0.000958056318209735,0,0,0.0244408450685436,0,0.00113902468526325,0.00120240761489508,0.00192408602208654,0.0875678092445373,0.00693865587828672,0,0.0189858280445919,0,0.000963974771351329,0.00050131678034351,0,0,0,0,0.0044781442824699,0,0,0.00014177159107301,0.0244501917580964,0,0,3.76197437264845e-05,0.0147167749343665,0.000568582055641569,7.02266368195672e-05,0,0.000238381893128484,0.000297792893472088,0.000496636028185664,0
0.0205363189767311,0.00125491598602251,0.0543209986398596,0.000145271970266481,6.6060653578854e-05,0.000900404342564785,0.13117860090782,0.0183570387456291,0.00115414123271372,0.00264086674822163,0.000118961043647626,0,0.000318903887783868,0.0147175917483585,0.00445747257317341,1.3944437777086,0.112803977265273,0.000352396809247526,0.0134990171436746,0,0,0.00866046186820953,7.12137011987859,0.0206615794510649,0.000458394576073507,0.0150472234050324,0.0717270162771033,0.93317212575688,0.190028160054017,2.50365126337506,0,5.67590040151454e-05,0.598296898934286,0.375676125621652,0.0208977709550554,0.301982604891178,0.153277795227903,0.318712971256455,0.166008744000862,0.0569850328436197,0.00076375333073295,0.000511728807608208,0.0063664910075902,0.00122797149319829,0.000992251019318029,0.0022137909786367,0.000625595539964566,0,0,0,0.000274273537131058,0.00118502002100377,0,0,0.000121005672071564,0,0,0.00230055339069439,0,0,0.000132529306083153,0,0,0.00119730498466553,0.0091589035334796,0.000286930089197147,0,0,0,0.00058727142300045,0.00462751842139318,0.00364761092046929,0.00280890741076758,0,0.000435148213317379,0.00302241363087864,0.00119803502627278,0,0.000885737250105116,0,0,0.000416268433073891,0.000521490948290025,0.0054398280787357
0.00173066999198436,2.5907262033498,0.023539838617858,0,0,0.000343326867446083,0.0184978793432657,0.00178761990624871,2.57135885238748,0.000566140173970758,0.00102574850603661,0,0.0277027093900659,0.000644565086242166,0.000811214046334306,2.67011251151209,0.00699444292001767,0.000148644486141309,0.00698012320680872,0,0.00866046186820953,0,0.0463284479730003,1.98254330497576,0.304794891541002,0.00777215123696574,0.552735210248966,0.136712136100341,0.000431679043194233,0.00396780247905794,0.00124120853835722,0,0.000803060179728858,0.0120883731876593,0.00158315573370131,0.0886657019013454,0.0532845013848817,0.0359422937832746,0.0181377205790169,0.00360285203791984,0,0.00212150902172349,0.0799106319699154,0.0475816145700143,0.0192821217299119,0.0298543670315788,0.00779387585497561,0,0.00125680694594887,0.000251530298088143,0.172164103021221,0.0379111866802331,0,0,0,0.00152050793719482,4.50334753452817e-05,0.14896550801864,0.000200826163129358,0.000123826760437457,5.33980750864638e-05,0.00148642103452787,0.000354848590020717,0.00118813850982248,0.512339184955516,0.0093303635368307,0.000154339689801347,0.0024592644905385,0,0.0111883476537394,0.42632400541261,0.0893619968215731,0.0511898716334853,0.00560747908164903,0.00883494839447198,0.167884182105795,0.0191761216061496,0.000434556256355702,0.0112066151911893,0.00110347899649876,0,0.000173595562443708,0.00711269273524119,0.00216031398001866
0.0763456452975589,0.00522834381163092,2.30067776823788,0.000125493930709809,0,0.0023223636126999,0.350728139793376,0.0752053069336266,0.00256817278369495,0.007621142335353,0.00101588247905897,9.3134645345746e-05,0.0012876566782292,0.0798738464957559,0.00689957445762255,2.62287361224865,1.99083008993052,0.000386606525500854,0.0446179696220197,0.000190536079388869,7.12137011987859,0.0463284479730003,0,0.0351557942724145,0.000140009473323376,0.0882691822068586,0.971079517130905,0.676513949703842,0.0219823575776942,0.908374141833426,0,0.000228700447493787,0.00538610964812075,0.568447082575327,0.052841469967436,0.660899705056823,0.647254367201854,0.702158046908782,0.435094971216648,0.117805738136022,0.00131911753207185,0.00109447202891965,0.0177492205561681,0.00878710660570048,0.00845933600381309,0.0101005630036419,0.0035446464571274,4.67861616936715e-05,0,0.000195193219929589,0.0129428129336898,0.0147147977229396,0,4.96933305086074e-05,0.000353824229102372,0.000339253842450028,0.000250956131147677,0.0037234441181964,3.02849201744928e-05,0,0.000248985887924883,0.000167637090363233,0.000352621186190776,0.00427821314651835,0.0911244440272062,0.00380573560994028,6.74093377115567e-05,0.000721629019111469,0,0.00182142860970093,0.0540986092920966,0.0365697126174385,0.00995554414365415,0.000855852024381942,0.00406104074872344,0.0817705957753268,0.00326401159284467,0.000272032505045515,0.000723590591702762,0,0,0.000225462906350679,0.00152927176013653,0.0224033503403425
0.0221061389286485,0.231748230109534,0.00826574331901279,4.73172990828937,0,0.0474651707452869,0.431480325814066,0.0364738121931337,6.21732116764853,0.216510468409337,0.00074113172166769,2.81990140862103,0.00534750113056777,0.00926262047199939,0.00921319532076497,0.809824082026481,0.00785793284768141,0.000250350167158487,0.00621346149202201,1.4126725383003,0.0206615794510649,1.98254330497576,0.0351557942724145,0,0.0623984552216108,0.00782816082426137,0.254212542850407,3.57397811134084,0.0234286767818668,0.0187736523195437,0.000300144646921039,0.000165594383867083,0.0174133829638726,0.0525541104958642,0.00467037417195268,0.180467495476138,0.0923657548196405,0.0886790510307138,0.0554206328304927,0.0669453420534633,0.0018333324068642,0.00040635625114302,0.0679607098897826,0.0142663264263369,0.0376136303611042,0.0261662800634707,0.0359399246915636,0.00028369763186133,7.52097016899693e-05,0.0531799072841643,0.00788035389865266,0.0128106903481103,0.0202096990982903,0,0.00621474586067529,0.0400723566501697,0.0253154321100638,0.497662187593822,0.0313524988984376,0.000368345265936603,0.0289886791856002,0.000243666661795604,0.0279993987179755,0.00205394754309986,0.0716379258760096,0.00163726032264539,0.000227901229806382,0.000586467685487911,0.0123708826604175,0.00524513578806084,0.0403287527544787,0.0114999025232919,0.579809041415877,0.00133187679576346,0.00452736894611349,0.0192475719689136,0.225614378688261,0.0408997187020702,0.0284557471330739,0.000110113775837499,4.27762630814143e-05,0.00861030838201456,0.0258604229796139,0.00209629402078566
0.000703224528078509,2.92169303441102,0.00187990450253588,0,0,0.0024782938512329,0.000739460871629397,0.000686071883626366,0.132201571036519,0.000382545495988984,0.207774398105263,5.70659786272359e-05,2.45689658162651,0.00014394829785634,0,0.00935164129327571,0.0011295276349724,0.00249442915280211,0.0135860127823802,0,0.000458394576073507,0.304794891541002,0.000140009473323376,0.0623984552216108,0,0.146035634129651,0.667877417094191,0.00259474401337237,0.00141128481043977,0.000113026240952824,0.193976635275283,0.00032903141016395,0.000824803975814979,0.0356780733279002,0.000106494651011823,0.00687870523313112,0.681300141237468,0.545782232695676,0.00972244398779096,0.00418205771498874,0.000514983829890396,2.40934935007521,0.00390296136152535,0.0435231577381851,0.00882648815495912,0.00260678169695835,0.000291861653558818,0,0.0149463701905375,0,0.0892740193106627,0.0015073406016434,0,0,0,0,7.2317843945631e-05,0.000810404343732024,0,0.0535976995071126,0,0.163415736779994,0,0,0.000759123746297639,0.000702878703110508,0.00452721477854619,0.00233318942221267,0,0,0.000800575901786757,0,0.000377252633563308,0.75434587587786,0.120972972260256,0.173724212460508,0.000226261673860552,7.53624925518438e-05,0,0.123697897658605,0,0,0.00137621165528015,0.000125538461439363
0.00449423283690225,0.0238043821648091,1.71514383742528,6.78832407522813e-05,0.000203604515168342,0.00613827244191583,0.0139141759166764,0.00750126652172552,0.00519154555167636,0.00280998679173094,1.53853642268586,0.000514603354528347,0.204265253135979,0.00589622723947509,0.00152359203339151,0.00582316344913597,1.28690147441878,0.848423258561933,1.86279335825044,0.000898538448266436,0.0150472234050324,0.00777215123696574,0.0882691822068586,0.00782816082426137,0.146035634129651,0,1.6819093994987,0.0124427808312465,0.0112493849433024,0.0138077927803285,0.124794657625057,0.00152263757572851,0.000652558118047296,0.313283215082383,0.0111178788043367,0.373678963014392,1.34422700186997,1.21342375923719,0.191666699069701,0.0243806582327318,0.00106544034403317,0.0398736092706942,0.0149296953293059,0.0283763534464597,0.0187483525245883,0.00665409634383416,0.00166584726792251,0,0.00115047000549066,0.000205289792508966,0.0702829803343792,0.00672357649076799,0,0,0,0.000125018157756753,5.56616083011402e-05,0.000971608050840047,0,0.0147703713067395,0.000172638831267866,0.0788000296769825,6.55777973158466e-05,0.00318448592910862,0.00167648841769421,0.00308144974733564,0.00137524098624878,0.00883665381631945,0,0.000123887992242049,0.00321269735980375,0.000630403949501822,0.00236390842228141,0.116135446794221,0.200947930604978,0.294413314232721,0.000254646633797895,7.27729943734014e-05,9.31409280979199e-05,0.0439259579917905,0,0,0.00152566193175643,0.00677182864481117
0.00404035455508451,1.09176094197437,1.58875727466169,7.15398354930151e-05,0,0.00155784461279128,0.093739437749626,0.00809519683644869,0.0995109972657403,0.00191205874412146,0.0444147342891572,0.000113031126217305,0.697943820310175,0.0047918025038795,0.00181205668401788,0.602510270079596,0.425517735305112,0.0182107693119691,0.177506151841759,0.000121946609223743,0.0717270162771033,0.552735210248966,0.971079517130905,0.254212542850407,0.667877417094191,1.6819093994987,0,0.198612900687643,0.00490444928879244,0.0215089525082743,0.165976526689414,7.65163098451747e-05,0.00178710424645779,0.281213836157683,0.0298818920420875,0.451176579467554,0.841146594801124,0.762948058026132,0.228245458020976,0.0315999673095046,8.73064214257911e-05,0.00746705249919762,0.0505672016297029,0.0721888119240908,0.0656216440911677,0.0302034846590803,0.00306875770671872,8.17969303346078e-05,0.000753284395344674,0.000232957318702383,0.330109718616779,0.102551625894978,0,0,0.000175448575210365,0.00120041812753728,0.000342218771347403,0.00652836209081322,0.000164827735161469,0.00654931768169463,0.000109477901582581,0.0583934931534315,0.000555301056471324,0.00394641375887129,0.0977481685637214,0.026295446118163,0.000937717288346145,0.0185991166711358,3.67100476676577e-05,0.00223221418475521,0.116150859767722,0.0841454955496127,0.0253160230438494,0.200862113479137,0.305203363510267,1.069557759772,0.00474554455144379,0.000620361844995644,0.00153444487110811,0.0225505675262137,0,6.243692131597e-05,0.0101205145100474,0.017980227836564
0.0545101274538437,0.0157695132811675,0.103306243327663,2.6909066086363,0,0.103288800708951,4.31969846867025,0.103843582866646,0.316762768037446,2.07739910469088,0.000735424115838348,0.0425083274213915,0.00124595983496722,0.0342272311103452,0.00784599426518877,0.933680664281091,0.0425733935359268,0.000303834707681694,0.00688393152304924,0.683849981151549,0.93317212575688,0.136712136100341,0.676513949703842,3.57397811134084,0.00259474401337237,0.0124427808312465,0.198612900687643,0,0.0581286509546321,1.60935771174742,0,0.000307556599844197,0.043616481377112,0.237808571820916,0.019371056246979,0.459762633631915,0.208875771693187,0.272183126902981,0.167712592167939,0.0750236769850217,0.00227076905096502,0.00108911803516645,0.03195404638941,0.00934776979868721,0.0128001448094301,0.0129966668283186,0.0107952852797583,0.000106558807961776,0,0.0188682621131632,0.00293053287958205,0.00767594512855588,0.0104704856543859,0,0.00346922275425227,0.0191041436724371,0.00979483670626603,0.148451859627666,0.0159157477869379,7.93059937262083e-05,0.0156640145888269,0,0.00973472975041634,0.00201736704087962,0.0304067404183626,0.00054590089060591,0,0.000438598859050977,0.00648041417650552,0.00422781472217754,0.0140360487341951,0.00878142918347699,0.226336833967276,0.000255959098206023,0.00188030690632435,0.0107055358246539,0.111711991544999,0.0180228606731765,0.0152159246368872,0,0.00016254130389111,0.00396262816997637,0.0106121946455063,0.00571468316583528
2.39602190464126,0.000543580967178,0.00381541057483354,0.00161453808213031,0.212180365204997,0.471439696357808,0.125885079378905,0.470429667706719,0.0106531455457635,0.0640204020053774,0.0136271660867379,0.0125822887274371,0.00233158856998112,3.37178039934906,0.000641885785735358,0.00153065976596177,0.0172374481608148,0.00199084705306586,0.00666435851075909,0.00873583197966524,0.190028160054017,0.000431679043194233,0.0219823575776942,0.0234286767818668,0.00141128481043977,0.0112493849433024,0.00490444928879244,0.0581286509546321,0,1.29253982180217,0.000768423424630354,0.276851663415741,3.28925175283907,2.19611827483018,0.000705754857460363,0.0257652814114962,0.0114613100010162,0.256356313384626,0.022951944572136,0.189394351960114,0.16700367915758,0.00131132180658261,0.00150985869330065,0.000260129298269006,0.000813673479141104,0.00085968618017389,0.000326639124502003,0,0,0.0012025766488815,8.85757714151527e-05,5.90254618723337e-05,0.000294168560815572,0,0.000159570265494032,0.000836849582943946,0.000765860772870509,0.00412451694039102,0.000540609919508753,3.20866992494333e-05,0.000283409454634535,0.000173645262017652,0.000711724329009544,8.97907347479528e-05,0.000213194150936867,7.29361410911917e-05,0,0,0.000177512511877759,0,0.000343473853588188,0.000107276219950334,0.011451293702316,0.000206327840655196,0.000265384554471382,0.000667539328012892,0.00466045916479938,0.00123462124581835,0.000488407912494884,9.6141240136443e-05,0,3.61116732072923e-05,0.000432768077720364,0.000234545162192291
0.930763375411416,0.00154123190470401,0.0907741436803332,0,0,0.00113318609520142,1.79286194000681,0.0775906367062074,0.00455024097183801,0.00290316318931273,0.000532506392101949,6.87159747874222e-05,0.000392041586602046,0.166628996551968,0.00234296966496165,0.0198132954723952,0.175196502483831,0.000255014809190888,0.0127020178390792,5.45650179163497e-05,2.50365126337506,0.00396780247905794,0.908374141833426,0.0187736523195437,0.000113026240952824,0.0138077927803285,0.0215089525082743,1.60935771174742,1.29253982180217,0,6.198282708203e-05,0,0.385722673660326,0.911024016003189,0.00834642067740982,0.191730717052871,0.0815516926332199,0.218883086492085,0.106584493864588,0.0279121508391912,0.000320752494331559,0.000419399066713622,0.00296677130454996,0.000904836691039641,0.00123592335949867,0.00151712312962526,0.000490060617473623,0,0,0.000970656544878479,0.00088920527586044,0.000540101541720119,0.000130475530774166,0,0,0.000812733871137752,0.000192647063501196,0.0102416994817278,0.000183560748794487,0,0.000113158584464782,0,0.000171850401432251,0.000366859953214471,0.00288402328605821,0.000413010191522744,0,0.000119069323203116,0,0.000433356832681548,0.00218469551694075,0.00110953346792477,0.00875714526490541,0,0.000392610785524152,0.00293233179837208,0.00345588255824874,0.000679968599055081,0.000348330874240133,0,0,0.000449894094026876,0.000421717968674013,0.00231507708170887
