0,0.00168240675778232,0.0118658234731949,0.0157413769115949,0,0.0033431131311329,2.01016323695321,0.282258509363215,0.128215653841428,0.0475489869562035,0.000143230344278789,0.00105874510573958,0.00240381401751355,3.21724713581734,0,0.0185957228423888,0.0175200215830884,0,0.00031540034285341,0.031369236632827,0.0409085536274411,0.0131884374712865,0.0500402208301013,0.114188299532849,0.000759397323950714,0.000634073314126783,0.00663579088035888,0.170178039870091,1.25579269538678,0.820091259995932,0,0.0044572773537152,0.494273576394433,0.205411868708966,0.00586248948847753,0.177065432432891,0.0348943057785451,0.285791108093005,0.271622815032173,0.0420010436258599,0.00336896439879625,0.00344312028435963,0.0128926882151635,0.0012497859466717,0.00214239159862401,0.00805861855558622,0.000702940407607343,0.000518302763595834,0.0012294172546487,0.00366777222340575,0.00121760354202965,0,9.29271976780081e-05,0.000192231037147352,0,0.00485508382864863,0.000515602171448143,0.0102897322292514,0,0.000226302137715852,0.000124124855532202,0,0.00273099699461164,0,0.00218695087193644,0,0,0,0,0,0.00292620702696911,0.000267510709600793,0.0138659258872898,0,0,0.000437199663138639,0.0123769163293622,0.00123809714868656,0.00187048159609545,0,0.0001651027989054,0.00383319346503407,0.00139654033811804,0.00242681666472004
0.00168240675778232,0,0.156425706291433,0,0,8.44158824396721e-05,0.00218092081624099,0.00022225682521184,0.111029481142839,0.000163994713892853,0.00627823932802396,0,0.113987590811819,0.00103420591358387,0,0.199198304777472,0.242416892632116,0.000750297688891864,0.0756015505573242,0,0.00349023124510987,2.12215158884163,0.0237147615502494,0.0829177161976355,1.46200269507836,0.278623198057591,1.64030038128514,0.0127611172575595,0.00118591125139421,0.00388062486772819,0.024744010421195,0,0,0.0763156316165572,0.000659697217051811,0.0752258063360886,0.0676023976933572,0.0983624992337093,0.0363280725750574,0.00188533094877853,0,0,0.0592770739121478,0.0739557616923409,0.105662351648984,0.0383925507181248,0.000971511602002373,0,0.00346352875969594,0.00159097715753853,2.03600871134608,0.0567800450871955,0,0,7.87057737294422e-05,0.00204466530927692,0.000162339465279058,0.0128763157927951,5.31442376516776e-05,0.00239720997354232,0.000258733582015239,0.00244455355277424,0.000986298418199602,0,0.0410683908293468,0.080279623097476,0.00454500916312429,0.0381170467576322,0,0.00189992723756841,0.338822958827725,0.0172353653227232,0.00969362527852642,0.24907409444258,0.0954577591133399,0.280699225259267,0.00301591685246455,0.000503320341011748,0.00126049763302747,0.00246541394033752,0,0,0.0242990159660522,0.000899784305556436
0.0118658234731949,0.156425706291433,0,0,0,0,0.0153430447904131,0.00224954189621903,0.00345794698605887,0.000141759237077405,0.00111485831181623,0,0.0020381470276018,0.00450672113591672,0,0.0523863883717708,1.98472329090881,0.000256604289339627,0.0250641467650903,0,0.174829137798948,0.110668335914242,2.86337218870829,0.0114389555442905,0.00166598270339437,1.27149285895554,2.30592060572218,0.056264416282293,0.000393360076443679,0.07987182138841,0.000760710018273787,0,0.000641460534155533,0.0807223692316883,0.00146325851998811,0.0804859939774654,0.0750953074426703,0.108545347611986,0.0493052282318193,0.00308213990697706,0,0.000141229021192303,0.0110309956720082,0.00754069311709368,0.0133485172175775,0.0108768045638556,9.41242675774282e-05,8.15172688554966e-05,0,0.000559228053844132,0.029060731779537,0.00859946638881628,0,0,0,0.00101148947850406,0,0.00085186986005524,0.000167832909848063,0.000277762902062407,0.000146551334560846,8.40939306148564e-05,0.000338211428057084,0,0.0138480347301824,0.00729980314422991,0.000292630088840876,0.000955568971353704,0,0.000624616962723279,0.053919205822656,0.0130708088340374,0.00319905335759238,0.00320692432267993,0.00436933462777782,0.0495743499638632,0.000709352256870143,0.00010614803538125,0.000476510200800109,0,0,0,0.00271963731170903,0.00106212945735719
0.0157413769115949,0,0,0,0,0.0566847713510241,0.746066926177126,0.0317620623575047,0.270639923710757,4.97048188960596,0,2.85373498750081,0,0.0257491599813867,0,0,0,0,0,9.54143092600146,0,0.000168633795935314,0,5.50482759022138,0,0,0.000102695312963596,6.91296607398267,0.00827666007414431,0.00226027746495536,0,0.000186534979025391,0.0131126804803698,0.0021241965464227,0.000124114052824845,0.00204110614781427,0.000841180905302365,0.00402114359728025,0.00635665376562925,0.000147191264424543,0,0,0.000446822933396192,0.000104600441288277,0.000622132686330545,0.00204544222971318,0.000436198524554029,0,0,0.0018583749043701,0,0,1.40887567005021,0,0.000106591376949762,0.00149012313419681,0.000596898464865084,0.00283122891019782,0.036669109545734,0,0.0114346283791497,0,0.0019680313001245,0,0.000303548759386429,0,0,0,0.301562693425171,0,0,6.09193272271091e-05,0.0171748499762314,0,0,0.000141345571693039,0.0188810805861255,0.00102701272171698,0.000201208927063913,0,0,0.000564617298913467,8.16178607161632e-05,8.59059537867937e-05
0,0,0,0,0,0.148308909731686,0,0.0182086538586311,0,0,0.00480109185660323,0,0,0.00830820563498269,0.00230481126345694,0,0,0,0,0,0,0,0.000108730988817363,0,0,0,0,0,0.0487724308961547,0,0,0.544231218526614,0.000248347762452111,0.416542852170002,0,0,0.0003340396426686,0.0013157327824425,0,0.00087680518351128,2.55344220512423,0,0,0,0,0,0,0,0,0,0,0,0,0,0,0,0,0,0,0,0,0,0,0,0,0,0,0,0,0,0,0,0,0,0,0,0,0,0,0,0,0,0,0
0.0033431131311329,8.44158824396721e-05,0,0.0566847713510241,0.148308909731686,0,0.113998208320267,0.71575707961649,0.0102422684066216,1.29212121268846,0.00013400319408172,2.14894102390365,0,0.0656384544894734,0.730107611314785,0.000273382473861812,0,0,0.000325120495380259,0.250129151309456,0,7.66967172439992e-05,0.000251620384013017,0.112050500578382,0.000323588859188668,0,8.91989400711541e-05,0.0292330448051109,0.206017774475864,0.000722065728569286,0,0.147668970440992,0.00287907061883556,0.187908919130064,0.413251673684726,0.00296214712947257,0.000541079367921633,0.0339604655049184,0.00162298005276222,0.37079281925794,0.945749531896834,7.92940568195444e-05,0.000529631618107942,8.43002180172065e-05,0.000227189026985257,0.000503644518342547,0.000149851338816859,0,0,0.000243557273274605,0,0,0.000152701833644966,0.00110615409198293,0.000501601818819059,0.000137945356170578,0,0.000705641755231416,0.000146673362780482,0,0.00163888691977378,0,0.000105753002115306,0.00080892936226758,0,0,0,0,8.65130044010957e-05,0,0,0,0.000197169298667381,0,4.76210851123107e-05,0.000119033262685289,7.32278348834384e-05,0,0,0,0,0,0,0.018801609056379
2.01016323695321,0.00218092081624099,0.0153430447904131,0.746066926177126,0,0.113998208320267,0,0.321821854635436,0.516018734568453,1.76985484398303,0.000174868811546284,0.00139549732872123,0.000719119084984238,1.38452449378223,0,0.0328843921819941,0.0100199523292441,0,0.000152813591179044,0.0539098996755253,0.0656427523060832,0.0262492942358448,0.0517198389669257,1.47082012584676,0.000827207889899544,0.00116465182063197,0.00788905738981888,6.04769920199919,0.0690898504513783,2.42446041343572,0,0.000126842999881857,0.057083556198017,0.0603441915363987,0.00734826272242709,0.184782605255048,0.0301949839619234,0.0742137268674789,0.0784508441303045,0.0206872547523546,0.000342426301677648,0.000286832739425903,0.0423037384652341,0.00419581133501055,0.0198844322385857,0.0400055050588214,0.00107120612444411,0.00264399329189545,0,0.0184620512734891,0.000879182045910963,0.000935973692679938,0.00548491665132576,0.00024457079619989,0.00252005003246405,0.0725440957769489,0.00622543804560741,0.0486085862624524,0.00453848933060755,0.000102669678221865,0.00206930862419893,0,0.0235051899179875,0.000111072533297831,0.00922371851683365,0.000393533972612276,0,0.000125312740097045,0.00126484941229669,0.00100922434986319,0.00385502120690728,0.00261060112570995,0.0909841889811182,0.000200140598331167,0.000490219538530712,0.00139208241259443,0.0833884031445861,0.0174848386030148,0.00622567023043375,0,0.000326434092656286,0.0119584963969129,0.00874206981577495,0.00379011111517608
0.282258509363215,0.00022225682521184,0.00224954189621903,0.0317620623575047,0.0182086538586311,0.71575707961649,0.321821854635436,0,0.0873273701027896,0.726826880568075,0.000513952262663789,0.0575478316829789,0.000619796538423659,2.18507379629963,0.0331551644034169,0.00471476798574522,0.00217563381831642,5.9635459304585e-05,0.000433315153026914,0.202884758240045,0.00751901729072835,0.00324805444362736,0.0119755721177553,0.148770896176393,0.000199721777328402,0.000375793543713842,0.00164927456270283,0.102273587304183,0.347278153863775,0.0486786776823561,0,0.0804285501751717,0.019676946109811,0.175003550879635,0.0022675244042908,0.0416930112448115,0.00613556910913663,0.0886421554944525,0.0283968015977844,0.0754463785110032,0.121008805571986,0.000330779412949287,0.00739549004622195,0.00119019360088895,0.00324756043061383,0.00552858689437841,0.000257992088608055,0.000333753870147722,0,0.00319878408928188,0,0,0.00092033349047816,0,0.000120851849691383,0.00997092925291933,0.000396716283847295,0.00811659724679775,0.000952318018669594,4.75867045161144e-05,0.000555730809629975,0,0.00454997170017062,0,0.000980560993176007,5.20597903371639e-05,0,0,0.000101080775370141,0.000298572958138881,0.00126630834962555,0.000713963331024678,0.0159297677334122,0.000370164777765414,9.1419081812765e-05,0.000289090740109392,0.0130631235703347,0.00283856895911079,0.000606748135317263,0,0,0.0021253822009965,0.00147098548823783,0.00180426065538517
0.128215653841428,0.111029481142839,0.00345794698605887,0.270639923710757,0,0.0102422684066216,0.516018734568453,0.0873273701027896,0,0.10693686761054,0.000357629498847489,4.35214078488699,0.0132019428529605,0.0782946278169778,1.18601370900574,0.0307999640407581,0.0063843147481992,0,0.00115734317333737,0.232509297470563,0.00241455932763215,1.34277315189697,0.00385009461103105,7.16811850220266,0.101105596926102,0.00281478528118068,0.0145881648646461,0.285134264038311,0.0527303619980599,0.153367536852858,0.000368189865698563,8.77540999545297e-05,0.0940512679909535,0.0162860021334771,0.0625428735788108,0.0699298143569359,0.00845560936791315,0.0267865407009577,0.040735769132373,1.56803410506188,0.000404107344578193,0,0.0638733772313918,0.0102028729777778,0.026065510229256,0.0637596997585343,0.00268045091068004,0.00457038461015621,0.000347904036317619,0.0430348335975717,0.0182500879322309,0.00215075352928894,0.00667631151285004,0.000201353345582113,0.00119868750029945,0.0878074173907492,0.00829872497850316,1.21600832877668,0.00695095227655532,0.000509689596732851,0.00702591659081755,0,0.0249824403694566,0.00145573204482118,0.0212369960064142,0.00109388412958366,0.000668114795676788,0.00136958580414411,0.00125023934796753,0.00160179452372205,0.0520796527652889,0.00372976447111825,0.286319675426675,0.00765007890384394,0.00250521109322509,0.00734094383317519,0.110183749436282,0.0180316857305773,0.00786879321275213,0,0.000457920782014211,0.0403683877087867,0.00927499837057853,0.0298211889588516
0.0475489869562035,0.000163994713892853,0.000141759237077405,4.97048188960596,0,1.29212121268846,1.76985484398303,0.726826880568075,0.10693686761054,0,0,0.92287832323416,0,1.57927714318387,0,0.000842875724381712,0.000101410770590978,0,0,4.83405820242073,0.000348631253923647,0.00157279703003463,0.000395896951623945,0.333742476781241,0.000108513767102382,5.38542618534646e-05,0.000139089584258182,2.1506249960412,0.0410741917597497,0.00854533326127443,0,0.000317592276829905,0.0274087321549146,0.0118442607766033,0.00470522727715378,0.00636109369048685,0.000232392685592134,0.0238607428280606,0.0190953282360261,0.00278267460361986,0.000446599804227284,4.06688777009564e-05,0.00324824550022795,0.000757432693239048,0.000922809209633633,0.00280827562900183,0,0,0,0.00242606846356792,0,0,0.000357510566795278,0,0.000207366846895074,0.00792292070536994,0.000628671755372229,0.00703726546251197,0.000578335679994777,0,0.000197909840133048,0,0.00196543002488217,0,0.000450611861744564,0,0,0,0.000304409480733741,3.7312428497728e-05,0.000784590226048858,9.06683818536957e-05,0.00949944423208192,0,0,8.47742078636318e-05,0.00774148628984825,0.0017232317779606,0.00018591849784948,0,0,0.000306725890945616,0.00046482570524984,0.000280058182656226
0.000143230344278789,0.00627823932802396,0.00111485831181623,0,0.00480109185660323,0.00013400319408172,0.000174868811546284,0.000513952262663789,0.000357629498847489,0,0,0.000161048289649211,2.08366974048851,0.00189240556181418,0,0.000161945947094312,0.0182863394235854,0.945199717098062,2.00220557056003,0,0.000146482805010399,0.000759699075386019,0.00105188422621258,0.000255057961425097,0.796010062092014,1.20320128152346,0.0591116505618765,3.8714736163778e-05,0.00511874318838646,7.4366381188253e-05,0.34492395464496,0.000871913250993733,0.000626193944571057,1.2707852261774,0.000467159345608238,0.0603005730173699,0.843375212789398,0.775548436804151,0.0527315909065904,0.000196016209349508,0.0758320574273196,0.105098584464236,0.000737426468527192,0.025383538562415,0.00990556880037913,0.00168790447222008,0.000484192173405996,0,0.00682875136453678,0,0.0010145828134123,0.000198354542638945,0,0,0,4.84893271078968e-05,0.000312112437849318,0,0,0.0304972350044641,0,0.0483346965020474,0.000194292024210844,0,0,0,0.00455960396909753,0.00225297589646268,0,0,0.000295547488468135,4.25746496244552e-05,0,0.0624886154055288,0.0260920961830164,0.0139630613562598,0,0.000195206951810321,0,0.0051443687235252,0,0,0.00194362012538458,0.000311040601490849
0.00105874510573958,0,0,2.85373498750081,0,2.14894102390365,0.00139549732872123,0.0575478316829789,4.35214078488699,0.92287832323416,0.000161048289649211,0,4.166451639003e-05,0.127173105182251,0.71735430569604,0.000155329344023916,0,0.000179692367082124,0,12.8134477821183,7.54456641345156e-05,0,0.000342694524539938,4.02245715168926,0,0,0,0.000994289284382117,0.0171441069298416,0.000402343291390032,8.41569737761345e-05,0.00228499058059879,0.00547518889326041,0.0194112019983868,0.697945534399642,0.00489701402642529,0.000765817201955777,0.0289110193825419,0.00599524350785532,0.647044117344499,0.00149793867914822,0,0.000695063774212483,0.000248531821523793,0.00024303323430272,0.000388795764383776,0.00043507266148509,0,0,0,0,0,0.01104353512249,0.00215960058880171,0.00226950685262919,0,0,0,0.000271903022023512,0,0.29449424632515,0,0,0.00396396953072124,0.000208969624474458,0,0,0,0.223371231956971,0,0,0,0.00043230255058758,0,0,8.21456227639277e-05,0,0,0,0,0,0,0,0.0384626740638212
0.00240381401751355,0.113987590811819,0.0020381470276018,0,0,0,0.000719119084984238,0.000619796538423659,0.0132019428529605,0,2.08366974048851,4.166451639003e-05,0,0.00164636750873412,0,0.00705592453992249,0.00906987639852243,0.0385460803579304,0.104672187372832,0.000217187833323534,0.00139888565369046,0.0371524657198681,0.00655178279144893,0.0105277510335978,2.74728429175816,0.716118379889009,0.629847689285769,0.00392352316456106,0.004257435957294,0.00241367627712592,2.43785773057089,0,0.00507761522449423,0.125387297834253,0.000530300652616062,0.155635355674754,0.890234240991842,0.440957414115828,0.26144377870987,0.000561572867702722,0,0.685926466298882,0.0502557727374892,0.0774803284379352,0.0362026163425718,0.122248061067141,0,0.00160760978022312,0.0161213892174955,7.18555017960331e-05,0.0174656743067492,0.000777286834036842,0,0,0,0,0.0003049098022493,0.000480586256219565,0.000183736585620792,0.125527087642002,4.91550649888584e-05,0.132465488398521,0.000625764129600597,0,0.000236539352546335,0.000531748439111591,0.0131539000731094,0.00411657364336378,0.000570706515832832,5.05264563070897e-05,0.00223218632588291,0.00114097481488056,0.000497460168969253,0.120025247394901,0.0398566562698792,0.0267562199082883,0.00024799223329142,0.000252347644693548,0.000112839433428415,0.0128140742235478,0.00021800776199485,0,0.00232260810286806,0.000442324867133996
3.21724713581734,0.00103420591358387,0.00450672113591672,0.0257491599813867,0.00830820563498269,0.0656384544894734,1.38452449378223,2.18507379629963,0.0782946278169778,1.57927714318387,0.00189240556181418,0.127173105182251,0.00164636750873412,0,0.000959364427667989,0.00546699212107672,0.00440529374623301,0.000575119306432226,0.00245146786006003,0.292332179915573,0.014563965534594,0.00438063833967726,0.0219587597156861,0.191867912465212,0.00244770761316003,0.000949863090080784,0.00338826943362752,0.101121591851043,4.95515082918761,0.165275251118751,5.85806272335081e-05,0.261653274415893,0.10638585453092,0.694855816085074,0.00305202412977627,0.0490611962994483,0.0162301576981047,0.443724975938885,0.068139925895186,0.00909413690874078,0.104162676959472,0.00104143783901497,0.00621540982906026,0.000548424855034368,0.00157424840042386,0.00369790228143199,9.7503200556342e-05,0,0,0.00215916589822781,0.000123326714581914,0.000204475427360293,0.000515951198440433,0,0.000390163694314646,0.00649743672006033,0.00050632200339816,0.00730926026326113,0.000395261936270656,0.000145949116193858,0,6.07483987141444e-05,0.00238817289783928,0,0.000676776675746084,0.0002068673873667,0,0,0,0.000132751478999747,0.000956184071169697,0.000504524991209605,0.0124737342009982,0.000355579709980763,5.08033986911581e-05,0.000301709732968575,0.00911105840991474,0.00194963767569207,0.000586420900629445,0,0,0.00202759364656346,0.000954260124625401,0.00123138201213005
0,0,0,0,0.00230481126345694,0.730107611314785,0,0.0331551644034169,1.18601370900574,0,0,0.71735430569604,0,0.000959364427667989,0,0.000542178785340669,0,0,0,0.00121826523867133,0.000149120123520034,0,0.000885514602143887,0.0179703587990197,0,0,8.00315936534679e-05,0.000543492770447299,0.00138388069025626,0.000474189569824437,0,0.000757818832475431,0.000222909087259776,0.00187850691498659,0.327913568713293,0.0126600727258306,0.000484785324291054,0.00238936515465447,0.00123072172125491,0.513780692906713,0.00177708813524408,0,0.000917833392874573,0.000659814761754293,0.000993545153285362,0,0.00682048595075338,0,0,0,0,0,0,0.0170032400760953,0,0,0,0,0,0,0.000469356552210157,0,0,0.00551183444136869,0,0,0,0,0,0,0,0.000100996349712583,0,0,0,0,0,0,0,0,0,0,0,0.0247139793840053
0.0185957228423888,0.199198304777472,0.0523863883717708,0,0,0.000273382473861812,0.0328843921819941,0.00471476798574522,0.0307999640407581,0.000842875724381712,0.000161945947094312,0.000155329344023916,0.00705592453992249,0.00546699212107672,0.000542178785340669,0,0.0393592782439916,0,0.00224445670371308,0.000121196301672207,0.54698432195459,7.50918232432385,3.69982816127494,3.67671092254972,0.0181516269710443,0.00896983243195638,1.28274687591981,0.604426657847369,0.00598161562894447,0.11359897968693,0.000120583141805655,0,0.0130536413366822,0.101207617814082,0.0153340798948402,0.627494616467796,0.248843096349411,0.162890379790202,0.203933221954381,0.0924510553433998,0,0.00267521535356488,0.204403837813301,0.0649710193359015,0.0720058582672342,0.150540928985841,0.0166944680642148,0.001398292355318,0.000825808862622721,0.0116135789271664,0.0543158444788662,0.00264954796781462,0.000348078814174108,0.00164476586490411,0,0.00670242666837726,0.000846127772974357,0.0724706259349523,9.40578160652256e-05,0.00128881688379011,0.000313119257416088,0.000244454097593521,0.00426338591182149,0.00265114756605918,0.783355374743686,0.00828113270190269,0.000460973006418921,0.00269226375493519,0,0.0151033815212619,0.232276735743173,0.0418164549460382,0.124872811888056,0.0175509687037327,0.00644103212900747,0.0469626602121723,0.0599635757219826,0.00883665593134947,0.0272539518174796,0,0,0.0180214541975708,0.0139617154568068,0.0129535418613712
0.0175200215830884,0.242416892632116,1.98472329090881,0,0,0,0.0100199523292441,0.00217563381831642,0.0063843147481992,0.000101410770590978,0.0182863394235854,0,0.00906987639852243,0.00440529374623301,0,0.0393592782439916,0,0.00569039786204933,1.03967661023402,0,0.107028221626163,0.0653732510407945,2.36635048462024,0.0148519574043434,0.0123069245321405,1.52811301505796,0.707958624191154,0.0200332575463867,0.00137674917153853,0.0737283331557884,0.00204785165477511,0,0.00179745285196075,0.606192161546884,0.00217242607878538,0.165157226640227,0.458836964888652,0.339730791351144,0.0634819572329268,0.00271671969206942,0,0.000973050058177424,0.0130218123590834,0.0135924712874082,0.0205061662503236,0.0117290926890208,0.00045286484842888,0,0.000137086937752096,0.000412365681072808,0.0705971334372429,0.0163937395594502,0,9.25077764571446e-05,0,0.00106427382245053,3.30573504852736e-05,0.000935198457278116,6.98126356128747e-05,0.000953790569225499,0.000140219340206038,0.00130642391385669,0.000331914890101406,0.000277296108482827,0.0106847506874293,0.0155193726138716,0.00051064950566179,0.00751714910191076,0,0.000908821165708368,0.032994753876566,0.005767516487234,0.00278959481602343,0.00556791895485078,0.0232962481389448,0.0566636427237267,0.00138813294014981,3.66000956751431e-05,0.000539406216000238,0.000194687122823483,0,0,0.00366963414794547,0.00188762256718775
0,0.000750297688891864,0.000256604289339627,0,0,0,0,5.9635459304585e-05,0,0,0.945199717098062,0.000179692367082124,0.0385460803579304,0.000575119306432226,0,0,0.00569039786204933,0,4.10433602353566,0,0,0,0.000171149874091248,0.000218625817324141,0.128381657120253,0.692692852936378,0.0170728041431144,0,0.00102437263778654,0,0.0199784363023101,0,0,0.088081860652818,4.40809829605118e-05,0.00424035498752245,0.0552276141564309,0.0945122805298453,0.0117386612039131,0,0,0.014575998890804,0.000683496529260523,0.0229991823542185,0.014209322167045,0.001594127306541,0,0,0.0070285127526848,0,0.00125068189976769,0,0,0,0,0,0.000128566140790217,0,0,0.0254496342712133,0,0.0497548813865885,0.000211561113811478,0,0,0,0.00608361683682123,0.00164066791239201,0,0,0,0,0,0.0695837158881112,0.019134871766939,0.00897743142769096,0,8.0226310902441e-05,8.72000459489178e-05,0.0107442252059358,0,0,0.000786031618401311,1.36896548961316e-05
0.00031540034285341,0.0756015505573242,0.0250641467650903,0,0,0.000325120495380259,0.000152813591179044,0.000433315153026914,0.00115734317333737,0,2.00220557056003,0,0.104672187372832,0.00245146786006003,0,0.00224445670371308,1.03967661023402,4.10433602353566,0,0.000453254164056216,0.000616482075553599,0.00691607020734428,0.00699154550335043,0.00154289304544394,0.203750873470382,2.27969546072072,0.284065513603793,0.000824175737475061,0.00545662548870703,0.00103365732267423,0.0502195778485691,0.000465819746887353,0.00112156060289462,1.98425768490947,0.0005738003701473,0.0816570327289394,0.230880295205898,0.585667958254905,0.102968077390748,0.000121918171720565,0,0.00737436080057317,0.00548348807647724,0.0417791651265837,0.0213303045787587,0.00685707145606231,0.000103837160574667,0,0.00705771116047332,0,0.0260882225264108,0.000802028992123591,0.000189999630421434,0,0,0.000157678896453329,0.000250595103848093,0.000751249688351399,7.79149929704581e-05,0.030636893511114,0.000146663059173529,0.0497161676817473,0.00047976772214842,0,0.00077784586210574,0.00236054485983961,0.0151729019180303,0.0164294113319885,0,0,0.000760554363591944,0.000581354050400554,0.000231345503452672,0.0674880790085264,0.0609265478714404,0.0576346890185886,7.99541977565587e-05,0.000540255188101638,0.000109072287186485,0.0129922516466256,0,0,0.00467727289648411,0.00042250369783456
0.031369236632827,0,0,9.54143092600146,0,0.250129151309456,0.0539098996755253,0.202884758240045,0.232509297470563,4.83405820242073,0,12.8134477821183,0.000217187833323534,0.292332179915573,0.00121826523867133,0.000121196301672207,0,0,0.000453254164056216,0,0.000239717385889003,0,0.000229622814121081,1.29669303974958,0,0.000241423779295184,2.24110137080028e-05,0.11359581117012,0.0631988852133556,0.0034860214481012,0,0.00302209137148461,0.0403236609509226,0.04273474446552,4.18125390795802e-05,0.00204119713263441,0.0001227734714158,0.0868195491343294,0.017764536186868,0.000284651805000242,0.00453825162124997,0,0.000287875352303124,0,0,0,0,0,0,0.000912788468667644,0,0,0.00827367016587123,0,0,4.88435418663615e-05,0,0,0.00120678496106032,0,0.0163794430183645,0,0,0,0,0,0,0,0.294165345153025,0,0,0,0.000473238142309206,0,0.000133535710978724,0,0.000160215711699756,0,0,0,0,0,0,0.000122416321486261
0.0409085536274411,0.00349023124510987,0.174829137798948,0,0,0,0.0656427523060832,0.00751901729072835,0.00241455932763215,0.000348631253923647,0.000146482805010399,7.54456641345156e-05,0.00139888565369046,0.014563965534594,0.000149120123520034,0.54698432195459,0.107028221626163,0,0.000616482075553599,0.000239717385889003,0,0.0102713778171415,7.48762169955879,0.0867625980739156,0.000200357885880055,0.0119707869110031,0.0525612483162506,1.43035608032025,0.0192741875922735,2.59631445892042,0,0,0.0606559718006268,0.131586753091901,0.0127157807385576,0.369649332009271,0.115622223246269,0.168461946971689,0.146859306486145,0.0532889155059522,0,0.00077187260096288,0.0110041939846055,0.000955951957171762,0.00424352790670151,0.00695753826925716,0.000197384856002152,0,0,0.000777771696570028,0.00164082749065749,0.000176544653915759,0,0.000315681147171638,0,0.000386137823890092,0,0.00189945279186518,0,0.000222297620462251,0,0,0.000126047334087898,7.28917834933781e-05,0.0227016845182543,0.000248320373439214,0,7.91542611210793e-05,0,0.000885854187145053,0.00669134167595884,0.00137125635082195,0.00465029245339728,0.000154941109727857,0.000476245024078458,0.00384393125793538,0.00247335694314741,0.000369784476252591,0.00137199984166156,0,0,0.000553647029091774,0.000853696539735585,0.00540712975165774
0.0131884374712865,2.12215158884163,0.110668335914242,0.000168633795935314,0,7.66967172439992e-05,0.0262492942358448,0.00324805444362736,1.34277315189697,0.00157279703003463,0.000759699075386019,0,0.0371524657198681,0.00438063833967726,0,7.50918232432385,0.0653732510407945,0,0.00691607020734428,0,0.0102713778171415,0,0.0639488672442218,2.14976003920652,0.357716163997899,0.0205522592036947,1.16216157204334,0.130156018177634,0.00572992356931742,0.0311998452584669,0.00344817012287228,0.000108255475246139,0.00921387363111775,0.0356328916904136,0.00278438061354242,0.107241034581472,0.0356672003748662,0.0572019145088947,0.0313738406999868,0.00916436362829389,0,0.000594258707896379,0.073355444231634,0.0286192388427627,0.0500412917976834,0.0486023323887557,0.00424304975713204,0.000485172419810446,0.000940802173276134,0.00839644042478958,0.285918832285,0.0130056620865865,8.05703466407849e-05,0.000256462669973697,0,0.00517587486940246,0.000970183961481212,0.321872365070295,0.000225013542459411,0.000274139222952049,0.000573711372899962,0.000531820253790231,0.00391747272963839,0.000752687455535403,0.189328254936468,0.0162131398600714,0.000418588898487282,0.00587367062405125,8.08482880039121e-05,0.00659983847824718,0.926353158304269,0.0308720318944861,0.0654706570676942,0.054822804064739,0.0169158099271683,0.0999028511967934,0.023948586650471,0.00392442323646845,0.0120219096285505,0.000939261270169831,0,0.00838938992491159,0.00794154167970463,0.00301569082622434
0.0500402208301013,0.0237147615502494,2.86337218870829,0,0.000108730988817363,0.000251620384013017,0.0517198389669257,0.0119755721177553,0.00385009461103105,0.000395896951623945,0.00105188422621258,0.000342694524539938,0.00655178279144893,0.0219587597156861,0.000885514602143887,3.69982816127494,2.36635048462024,0.000171149874091248,0.00699154550335043,0.000229622814121081,7.48762169955879,0.0639488672442218,0,0.0306328553667707,0.00131876407854085,0.0836185747942517,1.67857586956142,0.638776682997869,0.0293566180265851,0.455488689371479,0,0.00011270231964014,0.0131873887767923,0.34733970822039,0.0410288834704658,0.974134354440619,0.482092756301302,0.507524285824806,0.357528476531994,0.136456975871694,0,0.00291872245973921,0.0449302640949784,0.0110959587580312,0.0164705352192052,0.0324631989812985,0.00509788317675715,0.000346811297570545,4.2866281554808e-05,0.000802060310354427,0.0124839445556115,0.00263370555471084,0,0.00164784267811895,0.000134488278859229,0.00091144081395476,0.000102263955390501,0.00183671627013914,0,0.000562580500753357,0,0,0.00053137244185631,0.00119493695511955,0.133229670065714,0.00232586402158832,0.000158364729748579,0.000478757780251377,6.16017897785755e-05,0.00377697294890548,0.0499760653282202,0.0157352585793252,0.0118222469515504,0.00343283284543524,0.00306501372387941,0.0311791000634356,0.00603015117287829,0.000724440807984961,0.00285805762579925,4.73589515250471e-05,0,0.000521189241188945,0.00325224642588905,0.0231483246818783
0.114188299532849,0.0829177161976355,0.0114389555442905,5.50482759022138,0,0.112050500578382,1.47082012584676,0.148770896176393,7.16811850220266,0.333742476781241,0.000255057961425097,4.02245715168926,0.0105277510335978,0.191867912465212,0.0179703587990197,3.67671092254972,0.0148519574043434,0.000218625817324141,0.00154289304544394,1.29669303974958,0.0867625980739156,2.14976003920652,0.0306328553667707,0,0.0421586678179881,0.00704518782431342,0.0988689169046579,6.69901565201509,0.0831032194552737,0.185970331679315,0.000709527962237017,0.000933261785751739,0.0683049988516388,0.0402429894382646,0.00519528406250061,0.125319368824447,0.0242458902857344,0.0604783183445886,0.0480922823906789,0.0172357642885707,0.00167931296942299,0.000539659344750594,0.0908548576801277,0.0141652047582658,0.0266040584984229,0.0457044756203683,0.00239980414627796,0.00116694873303045,0.000407223195525741,0.0238498934771582,0.00824947087688643,0.00282204395555374,0.11802365934648,0,0.000330005795479804,0.0422704379544228,0.00472067055693344,0.126803303182706,0.00307990374915372,0.000497308048806153,0.00139493693444277,0.000149610110862649,0.0219226243547265,0.000161541481982178,0.0727943553460951,0.00287199134832168,0.000122668182824277,0.000579049540769829,0.00168916885127749,0.00489776667915514,0.0366674944520969,0.00882332848221243,0.299407900021872,0.00188346333880978,0.00139349181512867,0.0121292958391424,0.120649458481519,0.0217377316851606,0.0190316284054877,0.00015746488212348,0,0.0213213771407677,0.00812345419909436,0.00420680570654726
0.000759397323950714,1.46200269507836,0.00166598270339437,0,0,0.000323588859188668,0.000827207889899544,0.000199721777328402,0.101105596926102,0.000108513767102382,0.796010062092014,0,2.74728429175816,0.00244770761316003,0,0.0181516269710443,0.0123069245321405,0.128381657120253,0.203750873470382,0,0.000200357885880055,0.357716163997899,0.00131876407854085,0.0421586678179881,0,0.510554731987663,1.06183016269131,0.00541376884098273,0.00233382581903382,0.00260951207846636,0.301883551384582,0,0.0014752248184346,0.113830659284997,0.000150532763994722,0.0140525422177022,1.61907664276128,0.520489396104782,0.0490263657668824,0,0,0.918284305758182,0.00871564907437942,0.108668136319365,0.0736352251378657,0.00912881104910981,5.09698613946285e-05,0,0.0516262856435938,0.000112875789373084,0.141165313978814,0.00103594713035295,0,0,0,9.9851901403652e-05,0.000374354098598463,0.000664912036900837,0,0.0781748873660758,0.000152215096469288,0.154797692565668,0.000710142681683558,0,0.00177103933364121,0.00286526104684684,0.0191746857100697,0.0139874004406664,0,3.07891392121989e-05,0.00746858784230664,0.00162577313205448,0.000724540562056369,0.660475142812716,0.0877483990343207,0.115513542351038,0.000894073508847406,0.00175632177607195,0.000272229429205562,0.0259839698045126,0.000176172442746134,0.0004164587458577,0.0100157365242405,0.000107444193272452
0.000634073314126783,0.278623198057591,1.27149285895554,0,0,0,0.00116465182063197,0.000375793543713842,0.00281478528118068,5.38542618534646e-05,1.20320128152346,0,0.716118379889009,0.000949863090080784,0,0.00896983243195638,1.52811301505796,0.692692852936378,2.27969546072072,0.000241423779295184,0.0119707869110031,0.0205522592036947,0.0836185747942517,0.00704518782431342,0.510554731987663,0,2.9852498587429,0.0062513569639205,0.00167845130331792,0.0057315684924032,0.725626547544926,0.0001353032039118,0.000283063535478442,0.2320710494656,0.000653699644671881,0.0469628066692288,0.167039801863035,0.236301389892501,0.0294576654802773,0.000730702206993767,0,0.0146836059766186,0.0220737938439435,0.121984202277197,0.0685399608690115,0.0166871005578239,0.000335071627430221,0.000287924403286677,0.00989170162508154,0.000216700560767522,0.0882606602103642,0.00823412339648286,0,6.03083556282788e-05,0.000176231896382496,0.000442935248584294,0.000895967139985899,0.000871233569804408,4.80427603377246e-05,0.106824021762121,0.000495894811342834,0.129293402730155,0.00244335127582332,5.18307519985304e-05,0.00223235561987216,0.0103987231535296,0.0446975525340061,0.0570090214210904,0.000152078903977554,5.0220271508639e-05,0.00839255195207726,0.00172190179777045,0.00121344546163582,0.124326763429246,0.329421980934431,0.317402318728722,0.000609890051640483,0.0013333926805175,0.000304511825786807,0.0231929622783717,0.000209301392328359,0.000107238001226052,0.0188187259686896,0.000856927922388688
0.00663579088035888,1.64030038128514,2.30592060572218,0.000102695312963596,0,8.91989400711541e-05,0.00788905738981888,0.00164927456270283,0.0145881648646461,0.000139089584258182,0.0591116505618765,0,0.629847689285769,0.00338826943362752,8.00315936534679e-05,1.28274687591981,0.707958624191154,0.0170728041431144,0.284065513603793,2.24110137080028e-05,0.0525612483162506,1.16216157204334,1.67857586956142,0.0988689169046579,1.06183016269131,2.9852498587429,0,0.048140965945795,0.00251058096201055,0.0274461736539985,0.300312044418745,5.42936160464547e-05,0.00204195121620705,0.275252712075462,0.0101523085651411,0.303466221875187,0.187720787904993,0.321151642893322,0.0951291958574452,0.0116386651601638,0,0.00181749533462354,0.0482600998018133,0.0644598419258381,0.0777571269612971,0.0336054677637924,0.00232657002912946,2.76836976009032e-05,0.00330183855297502,0.00042295250013058,0.192769920208902,0.0321514383579368,0.000138423378901306,0.00012468461033252,0.000255762720206881,0.00164468202799027,0.000868182222041894,0.00414954444448177,0,0.0302670389735326,0.000420863858186766,0.0360409186590685,0.00198203105721301,0.000403800595415279,0.105316664740313,0.0310843497764001,0.0158804722175243,0.0350980843458041,0.000104231294256073,0.00347962561240279,0.0865408297057966,0.0412113743494791,0.0131426153186845,0.0709085218504394,0.206029869603734,0.415825500513489,0.00441293037434333,0.00088694097863415,0.00195491469278265,0.00758823753826505,9.30236936989588e-05,0.000142867608728189,0.0200767745321496,0.00670800188143036
0.170178039870091,0.0127611172575595,0.056264416282293,6.91296607398267,0,0.0292330448051109,6.04769920199919,0.102273587304183,0.285134264038311,2.1506249960412,3.8714736163778e-05,0.000994289284382117,0.00392352316456106,0.101121591851043,0.000543492770447299,0.604426657847369,0.0200332575463867,0,0.000824175737475061,0.11359581117012,1.43035608032025,0.130156018177634,0.638776682997869,6.69901565201509,0.00541376884098273,0.0062513569639205,0.048140965945795,0,0.0813737671614677,1.588412618341,0,0.000353055192637066,0.0963717821840664,0.18741139812487,0.0350897453705383,0.608909354594557,0.149235957741465,0.16749742834542,0.187233635453674,0.0698254326620383,0.000532176036278845,0.00303540506836466,0.0847471298006387,0.0156192509606361,0.0179121422685048,0.0406544942387889,0.0016489619372555,0.00112296078343619,0.000160610992742141,0.0217102706002239,0.00501333322256597,0.000987694713343236,0.00138981443979434,0.000788862376074025,0.000668505416581465,0.0433978609469089,0.0053086112182485,0.0807649347168937,0.00266928906202818,0.0004466522843525,0.00166938840064564,0.000237050627770833,0.0213610166063744,0.00131476580386429,0.0667680326571469,0.000637447536823196,0,0.000211589552931536,0.000539021998879288,0.0044217986528745,0.0199857433442671,0.00849164438694107,0.148016531169,0.00176793372571556,0.000970017480373102,0.00656649651013634,0.0944650900385497,0.0206532318082409,0.0166442858641889,0,0,0.0166161240593829,0.00864560687265453,0.0148438274793638
1.25579269538678,0.00118591125139421,0.000393360076443679,0.00827666007414431,0.0487724308961547,0.206017774475864,0.0690898504513783,0.347278153863775,0.0527303619980599,0.0410741917597497,0.00511874318838646,0.0171441069298416,0.004257435957294,4.95515082918761,0.00138388069025626,0.00598161562894447,0.00137674917153853,0.00102437263778654,0.00545662548870703,0.0631988852133556,0.0192741875922735,0.00572992356931742,0.0293566180265851,0.0831032194552737,0.00233382581903382,0.00167845130331792,0.00251058096201055,0.0813737671614677,0,2.82867631654037,0.0002004454092535,1.33726552802794,3.63125119519573,2.48471107496084,0.00662473764091922,0.0500061784294592,0.0178657471257521,0.787473996147148,0.178982087678545,0.0275041231483958,0.372183904082762,0.00290872969924044,0.0059124018289313,0.00131419066701909,0.00228500945179062,0.00460940836983585,0.000631244324314928,0.000255705864721932,0,0.00161384138824199,0,0.000123099411780061,0.000167686370626134,0,0,0.00457881669896773,0.000349263477293964,0.00567344248910465,0.000143742729550141,0.000487177276085588,0.000194125184372534,9.41351083038797e-05,0.00181844709559819,0.000496988983250943,0.000782691876414504,8.59482695592952e-05,0,0,0,0.000105881690613454,0.000553234618470627,0.000302913217745259,0.0113043834020663,0.000148970744066512,0.000182363424257659,0.000477686142726187,0.0065418158405817,0.00151067178455691,0.000767102038333613,0,0,0.000673446751280584,0.000481720069416877,0.00335720046264076
0.820091259995932,0.00388062486772819,0.07987182138841,0.00226027746495536,0,0.000722065728569286,2.42446041343572,0.0486786776823561,0.153367536852858,0.00854533326127443,7.4366381188253e-05,0.000402343291390032,0.00241367627712592,0.165275251118751,0.000474189569824437,0.11359897968693,0.0737283331557884,0,0.00103365732267423,0.0034860214481012,2.59631445892042,0.0311998452584669,0.455488689371479,0.185970331679315,0.00260951207846636,0.0057315684924032,0.0274461736539985,1.588412618341,2.82867631654037,0,0,0.000758599609039826,2.60584025216818,0.49669028563788,0.0190192929028899,0.398641447736303,0.0969606327720651,0.228478878993913,0.214998598908426,0.062020610414138,0.00102313295701182,0.00111525289877584,0.0227304868393192,0.00289774645783647,0.00433520286237728,0.0126707753446003,0.00108150418295784,0.000154717592273007,9.98971059498286e-05,0.00489849175639961,0.00028736247746169,0.000537495034909187,9.01359865182472e-05,0.00075602343770022,0.000257190952353527,0.0117028298283764,0.00111631450703871,0.0167555813208924,0.000292447977439658,0,9.41960033191058e-05,3.64797492319237e-05,0.0060195827452429,0.000710793226401337,0.0109702492597705,9.9137628874521e-05,0,0,0,0.000682212697078027,0.00439347094152683,0.00123134830543718,0.032095919683232,0.000710121151832801,0.00060998303539782,0.00313348653931434,0.0244660668796989,0.00418931041481002,0.00324903276631672,0,0.000643253573603748,0.00405115256840337,0.00251210491190175,0.00882993532611265
0,0.024744010421195,0.000760710018273787,0,0,0,0,0,0.000368189865698563,0,0.34492395464496,8.41569737761345e-05,2.43785773057089,5.85806272335081e-05,0,0.000120583141805655,0.00204785165477511,0.0199784363023101,0.0502195778485691,0,0,0.00344817012287228,0,0.000709527962237017,0.301883551384582,0.725626547544926,0.300312044418745,0,0.0002004454092535,0,0,0,0,0.0193899628803355,0,0.00199570235723416,0.0491997194185006,0.0594685506017204,0.00339205997360772,0,0,0.0248450757472824,0.000625586451132826,0.00897597671132739,0.00597125934691882,0.000759619815005847,0.000218352517366682,0,0.00323208144869061,0,0.00642577619190163,0,0,0,0,0,0,0.000220253323406132,0,0.00856314255311186,0,0.0149651080288804,4.06027225553283e-05,0,0.000125398479373369,0,0.00581449400116479,0.00311988569030863,0,0,0.000171696836570204,0,0.000183114001201648,0.050263211750562,0.00871717266665598,0.00669045261482511,0,8.10123132304833e-05,0,0.00964166586687741,0,0,0.000424141011899668,8.48596605018616e-06
