0,0,0.000665558706435779,0.00480750687945827,0,0,1.14861371032586,0.00014563460717909,0.0121142859584301,0.00541892322049204,0,0,0,2.3268412001825,0,0,0,0,0.000133452105317396,0.0086091861061936,0.0602298846652583,0,0.0083315324777656,0.00272447149013118,0,0.000130139921013757,0.000369117928593846,0.0170389102801444,3.57058192322515,0.182644677854323,0,0.000970316405473536,0.0604253007935048,0.051347686075403,0,0.0144533140330405,0.0012612932843695,0.0208361356235652,0.022812202357885,0,0,0,0,0,0,0,0,0,0,0,0,0,0,0,0,0,0,0,0,0,0,0,0,0,0.00127192124130681,0,0,0,0,0,0,0,0,0,0,0,0,0,0,0,0,0,0,0
0,0,0.0813926965477998,0,0,0,4.72380687941928e-05,0,0.0900083516416322,0,0.00431373117390152,0,0.0672920023245913,0,0,0.0635608166472243,0.0242334099883938,0,0,0,0.00173104147529964,0.747053779801647,0.0121024669808697,0.0355668768452013,1.78479066251245,0.0136355465025313,1.44330715288949,0.0038179111178779,2.69547023747669e-05,0.000179531707523813,0.00163630150322443,0,0,0.012346098325294,3.94627484646796e-05,0.010676480849103,0.031297904932391,0.00438864884350002,0.00344754752064818,0,0,0.0147877907346998,0.000207784648987776,0.000475244153204154,0.00030118113454854,0.000407229664522762,0,0,0,0,0.829533171869467,0.000132959125576885,0,0,0,0.000153796983136011,0,0.0411474783648704,0,0.000476735313219876,0,0.00924250661367816,0,0,0.0134695236839633,0.000553396980518484,0,0,0,5.36151774717386e-05,0.556631413455445,0.00380316477980622,0.00379357740597773,0.307491787181462,0.00618741865977578,0.247209910270936,0.000578278607409795,0,9.23698237811953e-05,0.000372775580610808,0,0,0.00023992602012135,0
0.000665558706435779,0.0813926965477998,0,0,0,0,0.0171457418398053,0,0.00263541765930456,0,0.000736506470520892,0,0.000990947481831981,0.000571679831418375,0.000151512133794104,0.0168098820154868,3.74325856567627,0,0.00740916944449613,0,0.16316015497763,0.0327083125016986,4.19713866536839,0.00565280759537254,0.00112928846626888,1.82251089281406,2.66141516580149,0.0504586849164525,3.6287589277699e-05,0.0107707978733715,0,0,0.00113676121152551,0.306051336893313,0.00072546650594662,0.114438813739911,0.437264344574928,0.0532268739460268,0.0262169065478204,0,0,0.000189201190618937,0.00542385567688996,0.000975058847974256,4.13769204440412e-05,0.0010922458309517,0,0,0,0,0.00825274110105257,0,0,0,2.66429659686873e-05,0,0,0.000234269144188838,0,0,0,0,0,0.000412562804567106,0.00035064687086804,0,0,0,0,0,0.0100196548275184,0.000334821998255715,4.62076263029396e-05,0.00131231657017267,0.000172223287445039,0.00603911275018386,7.58946714173149e-05,0,0,0,0,0,0,0.000248661886013516
0.00480750687945827,0,0,0,0,0.000210073134191803,0.0818523606491578,0,0.0517329233335512,0.251110932819416,0,1.33821088186198,0,0.00995567269145285,0,0,0,0.000184133063055553,0,9.07269808409762,5.01372892136864e-05,0,0.000204619402744695,5.04576762654506,0,0,0,2.91802468264183,0.0045262159263627,0.000455234719663189,0,0,0.00798373033096317,0.00415068607368134,0,0.000373931097171014,0,0.000777634780848748,0,0.000109505529894596,0,0,0,0,0,0,0,0,0,0,0,0,2.97105301453289,0,0,0,0,0,0,0,0.0212022703551794,0,0,0,0,0,0,0,0.045374307996704,0,0,0,0,0,0,0,0,0,0,0,0,0,0,0
0,0,0,0,0,0.00252655509064183,5.96039067381751e-05,0.0244622883384968,0,0,0.00751517781499026,0,0,0.0431283898827754,0,0,0,0.00023235334729787,0,0,0,0,5.5498849904136e-05,0,0,0,0,0,0.0889870807513986,0,0,0.712879910910179,0,0.206326228781484,0,0,0,0.00603491151092291,0,0.27124126687801,0.194072108422703,0,0,0,0,0,0,0,0,0,0,0,0,0,0,0,0,0,0,0,0,0,0,0,0,0,0,0,0,0,0,0,0,0,0,0,0,0,0,0,0,0,0,0
0,0,0,0.000210073134191803,0.00252655509064183,0,0.000312087574247336,0.111509159550912,0.000583439940366796,0.0254691243226851,0,0.6931229564333,0,0.0786859047072462,0.152042229967226,0,0,0,0,0.00726717363477421,0,0,0,6.99188749909555e-05,0,0,0,6.02581085999698e-05,0,0,0,0.024243093517699,0,0,1.16342535332605,5.62683942305984e-05,0.000354976729903447,0,0.000341630552078837,0.000568842343350837,0,0,0.000784927648832092,0.000383505748088736,0,0.000963609966469579,0,0,0,0,0,0,0,0,3.76248004137068e-05,0,0,0,0,0,0,0,0,0,0,0,0,0,0,0,0,0,0,0,0,0,0,0,0,0,0,0,3.75405262490946e-05,0.00235415029919749
1.14861371032586,4.72380687941928e-05,0.0171457418398053,0.0818523606491578,5.96039067381751e-05,0.000312087574247336,0,0.00271531622710928,0.0554560636737487,0.554995199113617,0.000209751469462287,0.000179680622981656,5.36664547572123e-05,1.41487173521404,0,0.00120930022622132,0.00339858819752814,0.000547595793084587,4.21870855309816e-05,0.0550851154316436,0.310284219676836,0.00197268425900409,0.0791526231490511,0.0887624484130838,0,0.00319367520849531,0.00719288558281009,7.89893829577921,0.198115216552845,1.32235828471134,0,0,0.0929797655012177,0.0809697766509007,7.01716395520888e-05,0.0579140658279926,0.00758477920341992,0.0275936820726806,0.0326527416753815,0.00373077991708005,0,0,0.00032116831444592,0,0,0,0,0,0,0,0.000102249587488669,0,0.00107597310991484,0,0,0,0,0,0,0,0,0,0,0,0.000304395410291924,0,0,0,0,9.14490277247691e-05,0.000468023759364559,1.36622296961156e-05,0,0,9.6931723308118e-05,9.07564742420432e-05,0,0,0,0,0,0,0,6.51665265796861e-06
0.00014563460717909,0,0,0,0.0244622883384968,0.111509159550912,0.00271531622710928,0,0,0.00157381555221755,0.000220728094978979,0,0,0.306800477673139,0,0,0,0,0,0,0,0,0,0,0,0,0,0,0.0785353874235378,0,0,0.185224440660577,0,0.000234788124845564,0,0,0,0,0,0,0,0,0,0,0,0,0,0,0,0,0,0,0,0,0,0,0,0,0,0,0,0,0,0,0,0,0,0,0,0,0,0,0,0,0,0,0,0,0,0,0,0,0,0
0.0121142859584301,0.0900083516416322,0.00263541765930456,0.0517329233335512,0,0.000583439940366796,0.0554560636737487,0,0,7.44918886753775e-05,5.43400350696763e-05,0.654885175975416,0.000722403126832705,0.0038653711089482,0.788857198551954,0.00541661170744377,0.00174130870967547,0,0,0.0463035453722348,0.00268591041687979,1.87732169549392,0.00321883851596977,4.50539392444786,0.00652343720510352,0.000439020433230912,0.0282002870434394,0.391771185743882,0.0246279952392077,0.0142298822796663,0,0,0.0145087410758281,0.00651353377438114,0.056449960207794,0.0830266099856008,0.00130831481154728,0.00273725783181938,0.00118956412041822,0.692898451274785,0,0,0.000494210661416966,0.000243252519939521,0,0.000120807070603395,0,0,0,0,0.0316423223471494,0.000178775743996162,0,0,0.00337298968892655,0.00442797607618557,0,0.169599452031584,0,0,0.00401850199335897,7.9576275961655e-05,0.000552482865247401,0.00531182809585803,0.0341119916565422,0.000333936432338313,0,0,0,0.00236060126320865,0.153744592991157,0.012137435119539,0.0191990092526828,0.00172932130956681,0,0.0154328749223827,0.0266042172353738,0,0.00348415150939775,0,0,0,0,0.00972449013923762
0.00541892322049204,0,0,0.251110932819416,0,0.0254691243226851,0.554995199113617,0.00157381555221755,7.44918886753775e-05,0,0,0.0033969960546037,0,0.429856686953086,0,0,0,0.000173269971906521,0,0.289289365789263,4.12231045310329e-05,0,0.000237827575197873,0.125517120516154,0,0,0,0.467885898430915,0.00708107514266697,0.000381226550800561,0,0,0.00527707969611255,0.00557516180524066,0,0.000924208280877554,0,0.000454869294796323,0,0.000168909559686596,0,0,0,0,0,0,0,0,0,0,0,0,0.000279574510567455,0,0,0,0,0,0,0,0,0,0,0,0,0,0,0,0,0,0,0,0,0,0,0,0,0,0,0,0,0,0,0
0,0.00431373117390152,0.000736506470520892,0,0.00751517781499026,0,0.000209751469462287,0.000220728094978979,5.43400350696763e-05,0,0,0,2.85308353083696,0.00246731748878497,0,0,0.0011449134308789,1.72014828272799,0.199817804577014,0,2.68629498523937e-05,0.000103739398911914,0.000608219121552226,5.02073245466318e-05,0.165966815556489,0.412578636758336,0.0218648895070919,2.09695745760174e-05,0.110235038467228,3.91717477537378e-05,0.847683070267831,1.04844645499823,0.000576693685757339,1.10905151133988,6.25117113693049e-05,0.00568866636267843,1.31004635678957,0.536191691342945,0.00421847831303785,0,0.00536029406205189,0.0731303774673336,0.000408679343363211,0.000490242942427371,0,0,0,0,0,0,6.00343020472132e-05,0,0,0,0,0,0,0,0,0,0,0.000968045310632075,0,0,0,0,0,0,0,0,7.33560244887028e-05,0,0,0.000424820168923388,2.76157055326687e-05,0.000257981217526736,0,0,0,0,0,0,0,7.20132902516939e-05
0,0,0,1.33821088186198,0,0.6931229564333,0.000179680622981656,0,0.654885175975416,0.0033969960546037,0,0,0.000353095722548102,0.000181920223519575,0.814714364217455,0,0,0,0,5.38470814838215,0,0,0,1.05814522820391,0,0,0,0.00424481747953372,0.000171183299199257,0,0,0,0,0,0.760413544353134,0.00162211152192956,0,0,0,0.00560798363570571,0,0,0,0.000244071738264073,0.000173483620378445,0,0,0,0,0,0,0,0.0798737187697694,0,0.00161327598383718,0,0,0,0,0,0.0295797702481939,0,0,0.00131227505160011,0,0,0,0,0.0963421649519234,0,0,0.000205479654230812,0,0,0,0,0,0,0,0,0,0,4.37627298470493e-05,0.0276726876076971
0,0.0672920023245913,0.000990947481831981,0,0,0,5.36664547572123e-05,0,0.000722403126832705,0,2.85308353083696,0.000353095722548102,0,0,0,9.50670382129305e-05,4.37135276404805e-05,0.0096012551617027,0.00158978838160208,0,0.000495873059874826,0.00373987671674069,0.00505936343305123,0.000658081561399603,5.65328148266947,0.38213933291402,0.654061128131484,0.000557489037878771,0,0.000363389610442503,4.65825629451111,0,0,0.00413281156648707,0.00183583532935704,0.217451626883663,1.18243190630439,0.20297427335676,0.0298351813322319,0,0,0.180583846365543,0.0199178525061225,0.00224925350672104,0.000395224698647098,0.00183830789790547,0,0,0,0,0.00545303020023106,7.32313220559075e-05,0,0,0,0,0,0.000192894789231681,0,0.000404040845959939,0,0.22364999682844,0,0.000302250820481673,0,0,0,0,0,0,0.0010003924337054,2.05709067338197e-05,0,0.0438189575526834,0.0047214354401181,0.00545407848808972,0,0,0,0.00171775257989526,0,0,0.00035003121312434,0.000281432274421095
2.3268412001825,0,0.000571679831418375,0.00995567269145285,0.0431283898827754,0.0786859047072462,1.41487173521404,0.306800477673139,0.0038653711089482,0.429856686953086,0.00246731748878497,0.000181920223519575,0,0,0,0,0.000411670836942981,0.00158547941597551,0,0.0422999077609962,0.00880394835648108,0,0.00440355192194713,0.00319367370839959,0,0.000166580651024754,0.000316473882069496,0.0250944266729853,1.94600561016685,0.0330496449256595,0,0.627973038209418,0.0229105143339367,0.0609913923383337,0,0.00728141797293993,0.000871185774545973,0.00486793619678773,0.00259532951076208,0.000109228358999051,0,0,8.09744024777917e-05,0,0,0,0,0,0,0,0,0,0,0,0,0,0,0,0,0,0,0,0,0,0,0,0,0,0,0,0,0,0,0,0,0,0,0,0,0,0,0,0,0
0,0,0.000151512133794104,0,0,0.152042229967226,0,0,0.788857198551954,0,0,0.814714364217455,0,0,0,0,0,0,0,0,0,0,0,0,0,0,4.6246680605364e-05,0,0,0,0,0,0,0.000212197195002692,0.875797939577034,0.00623246531714504,0.00484878690724912,0.00120923300675175,0.00214973082071964,0.418258640307998,0,0,0.0030111814034947,0.00591497962159238,0.00240658152189481,0.0146287855788494,0.00197689151755503,0,0,0,0,0.00118648764330548,0,0,0.00391754390817579,0,0,0,0,0,0.00512997363982874,0,0,0.00238560670524219,0.000110979991510553,0,0,0,0,0,0.000124339620196164,0.000216603564898109,0,0,0,0.000218185328767992,6.3936853268394e-05,0,0,0,0,0,3.82498311478287e-05,0.0517369776231075
0,0.0635608166472243,0.0168098820154868,0,0,0,0.00120930022622132,0,0.00541661170744377,0,0,0,9.50670382129305e-05,0,0,0,0.00738114615357929,0,0,0,0.833625694188157,4.52493700078003,0.776959789077499,1.23300940214189,0.00301427521279756,0.00146106230522486,0.714451602577479,0.598831150077674,0.000439029953130937,0.00687332926140938,0,0,0.00110300067377375,0.0129629391337394,0.000120987565359575,0.0709675179576311,0.0248219621872964,0.0238397252294892,0.0563512308741393,0,0,0,0.00140614841649907,0.00072528096246588,0,0.000475729277248343,0,0,0,0,0.0145445593277907,0.000234795960321558,0,0,0,0.000915732498970663,0,0.0213041719840658,0,0,0,5.03356553154064e-05,0,0,0.130195606802769,0.000196632525583714,0,0,0,0.00434285566779243,0.287033389370132,0.0184878626313657,0.0116129844522892,0.00119864371059604,8.03559738706103e-05,0.0107718920294681,0.00327557091037814,0,0,0,0,0,0.000154495252939198,0
0,0.0242334099883938,3.74325856567627,0,0,0,0.00339858819752814,0,0.00174130870967547,0,0.0011449134308789,0,4.37135276404805e-05,0.000411670836942981,0,0.00738114615357929,0,0,0.756258217006882,0,0.0235550878995093,0.0154990097846036,2.87935709195408,0.00342840375531537,0.00127940004442144,1.35677750769232,0.412593163491329,0.00711730377505198,0.0386967882180011,0.00271748296888464,0,0,0.000733025643611773,0.887117567358817,5.78529208656127e-05,0.0196175250777008,0.0908549424564966,0.0388437266552269,0.00265662320812185,0,0,0,0.000552348573059226,0.000100143841647285,5.99929191905991e-05,0.000145238939507927,0,0,0,0,0.00297445865450746,0,0,0,0,0,0,0.000902733277646593,0,0,0,0,0,0,0.000978065948442718,0,0,0,0,0,0.00691030131041473,0.000131650697051242,0,0.000109297137082687,0,0.00184821721920473,0,0,0,0,0,0,0,0
0,0,0,0.000184133063055553,0.00023235334729787,0,0.000547595793084587,0,0,0.000173269971906521,1.72014828272799,0,0.0096012551617027,0.00158547941597551,0,0,0,0,0.66021173168623,0,0,0,0,0,0.000110821202100089,0.66377922808288,0.00273636980787162,4.45200887877486e-05,0.142783353519216,0.000358242488659342,0.00790286300596937,0.00376592152623566,0.0049317700695882,0.0718447641311213,0,0,0.0199031519261708,0.00534561295266983,0,0,0.000662886137553276,0,0,0,0,0,0,0,0,0,0,0,0,0,0,0,0,0,0,0,0,0,0,0,0,0,0,0,0,0,0,0,0,0,0,0,0,0,0,0,0,0,0,0
0.000133452105317396,0,0.00740916944449613,0,0,0,4.21870855309816e-05,0,0,0,0.199817804577014,0,0.00158978838160208,0,0,0,0.756258217006882,0.66021173168623,0,0,0.000156263002831162,0,0.001459175075398,0,0.00073601566751584,2.34202891522648,0.0144257800945511,0,0.0172757728878063,0,0.00526434204928389,0,0,1.17709516347312,2.33150770238412e-05,0.00142249677812416,0.0217349361393969,0.0316671000475285,0.000229105834678112,0,0,0,0.000148067755500357,0,0,0,0,0,0,0,0,0,0,0,0,0,0,0,0,0,0,0,0,0,0,0,0,0,0,0,0,0,0,0,0,0,0,0,0,0,0,0,0,0
0.0086091861061936,0,0,9.07269808409762,0,0.00726717363477421,0.0550851154316436,0,0.0463035453722348,0.289289365789263,0,5.38470814838215,0,0.0422999077609962,0,0,0,0,0,0,0,0,0,1.56747619614982,0,0,0,0.171420019117057,0.00686943166412824,0,0,0,0.0143521252122769,0.00439908426481244,0,0.00231963980949592,0,0.00107816651464432,0,0.000464516512372531,0,0,0,0,0,0,0,0,0,0,0,0,0.109244333837642,0,0,0,0,0,0,0,0,0,0,0,0,0,0,0,0.00290130450705467,0,0,0,0,0,0,0,0,0,0,0,0,0,0,0
0.0602298846652583,0.00173104147529964,0.16316015497763,5.01372892136864e-05,0,0,0.310284219676836,0,0.00268591041687979,4.12231045310329e-05,2.68629498523937e-05,0,0.000495873059874826,0.00880394835648108,0,0.833625694188157,0.0235550878995093,0,0.000156263002831162,0,0,0.0710512148292306,7.59905657330885,0.508077025269846,7.05706119881928e-05,0.0207465566939463,0.0789988211991399,2.32917751063968,0.148579100721535,3.63825648267823,0,0,0.364669883526951,0.35524684292244,0.000555565089321694,0.30506536475246,0.072951038765245,0.115921724528864,0.187296398076707,0,0,4.81946783055386e-05,0.00345397566071208,0.000135043299286405,7.24054067862481e-05,0.000159704472889241,0,0,0,0,0.000283348688868948,0,0,0,0,0,0,0.000427645685306685,0,0,0,0,0,0,0.00900830804076018,0,0,0,0,0,0.0133748508528775,0.00196242679610947,0.0020235142491235,0,0,0.000457347653162624,0.000663012417986952,0,0,0,0,0,3.06088776716147e-05,8.35123366562198e-05
0,0.747053779801647,0.0327083125016986,0,0,0,0.00197268425900409,0,1.87732169549392,0,0.000103739398911914,0,0.00373987671674069,0,0,4.52493700078003,0.0154990097846036,0,0,0,0.0710512148292306,0,0.235723357828468,2.45263969196724,0.0536685122189109,0.00377304797994881,0.782855509658129,0.231969066779313,0.000371198781974955,0.0091999479162231,0.000908636055357557,0,0.000597631431034954,0.0214731429232211,1.68161569297763e-05,0.0809678160168307,0.0195746507610627,0.0339660583892009,0.0788131976761534,0,0,0,0.00217508910844146,0.00176589006961716,0.00120780829983323,0.00345940039823285,0,0,0,0.00312707547489193,0.288639633500632,0.00145612254947081,0,0,0,0.0136917041098852,0,0.278550352540466,0,0,0,0.000381356452365646,0.00111085991731509,0,0.888753134791232,0.00170837845957752,0,5.53091344865494e-05,0,0.0508867034092188,2.80354012017434,0.189998674365963,0.176740862897673,0.019072703981756,0.00271635725273331,0.285680186416664,0.190323597836231,0,0.00879179807465889,0.000298595029198344,0,0,0.00310680852314042,1.94092097631275e-05
0.0083315324777656,0.0121024669808697,4.19713866536839,0.000204619402744695,5.5498849904136e-05,0,0.0791526231490511,0,0.00321883851596977,0.000237827575197873,0.000608219121552226,0,0.00505936343305123,0.00440355192194713,0,0.776959789077499,2.87935709195408,0,0.001459175075398,0,7.59905657330885,0.235723357828468,0,0.117361091540859,0.000290508476691468,0.134587425532894,2.06605467227021,0.397449107599588,0.500967883463873,0.132772027136464,3.35827067448073e-05,0.000214486829610477,0.521246797646593,0.369503047841109,0.00256166381317131,0.793245652724344,0.37481234657596,0.169091086098966,0.372528432950717,0,0,0.00140422560618972,0.0146226543329224,0.00216853965669108,0.000548913462283529,0.00169780139272076,0,0,0,0,0.0018905371839304,0,0,0,0,0.00039586095098053,0,0.00436439788721253,8.78204247657362e-05,3.22756885681708e-05,0,0,0,0,0.0293525357135005,0,0,0,0,2.37867142877055e-05,0.0742167627765976,0.00970667161795795,0.0034759933475678,4.3861708231948e-05,0,0.00486019060102288,0.00210500364278906,0,0,0,0,0,0,0.000542627218664416
0.00272447149013118,0.0355668768452013,0.00565280759537254,5.04576762654506,0,6.99188749909555e-05,0.0887624484130838,0,4.50539392444786,0.125517120516154,5.02073245466318e-05,1.05814522820391,0.000658081561399603,0.00319367370839959,0,1.23300940214189,0.00342840375531537,0,0,1.56747619614982,0.508077025269846,2.45263969196724,0.117361091540859,0,0.00272906192931636,0.000870153478144924,0.0554330603365716,5.63895949848575,0.00672496052636418,0.0131162405255421,0,0,0.00359480191447574,0.00666915519463969,2.22824973635481e-05,0.0155946232899106,0.00393738585375617,0.00593379829725597,0.00940156848195543,0.000874009613138316,0,0,0.000277788260714339,0.000104846789199483,0,0.000643518367855934,0,0,0,0,0.0137728280445136,0.000228768019780069,0.268165559365866,0,0,0.000698324287920309,0,0.0136913887591357,0,2.85571625286605e-05,0.00114912863259942,0,0.000180652074109405,0,0.134205638757235,5.98804743807192e-05,0,0,0.0273179453581286,0.00722489693147022,0.140696537479053,0.0397077662398421,0.0256369951753259,0.00146646371705982,0.000423882299611911,0.0113017179609753,0.0446198921857757,0,0.000201883776722391,0,0,0,8.19448015609132e-05,0
0,1.78479066251245,0.00112928846626888,0,0,0,0,0,0.00652343720510352,0,0.165966815556489,0,5.65328148266947,0,0,0.00301427521279756,0.00127940004442144,0.000110821202100089,0.00073601566751584,0,7.05706119881928e-05,0.0536685122189109,0.000290508476691468,0.00272906192931636,0,0.0430841856182786,1.62368656049817,0.000503043665936637,0,0,0.528097653674976,0,0,0.000494126962293555,0,0.0155741914110868,0.640314591995251,0.0236048089253764,0.0032300967297588,0,0,0.366463414193709,0.000648764876335044,0.0271300213565228,0.00205446129552985,0,0,0,0.000163317072107479,0,0.318098099252446,0,0,0,0,0.000137002410951,0,0.0040240254385833,0,0.00633941604003765,0,0.394383736242852,0,0,0.00101764403659351,0,0.000464067565329922,0.000479718285864272,0,0,0.0449546924016648,6.91737061046735e-05,0.000650514085873369,2.22131669501408,0.201808471642525,0.195448634904872,0.000228292502857206,0,0,0.102364401147742,0,0,0,0
0.000130139921013757,0.0136355465025313,1.82251089281406,0,0,0,0.00319367520849531,0,0.000439020433230912,0,0.412578636758336,0,0.38213933291402,0.000166580651024754,0,0.00146106230522486,1.35677750769232,0.66377922808288,2.34202891522648,0,0.0207465566939463,0.00377304797994881,0.134587425532894,0.000870153478144924,0.0430841856182786,0,3.61762291907506,0.0061399891742819,3.98500741332166e-05,0.00274728599592509,1.0394385611163,0,0,0.382990875891395,0.000617551705215812,0.055875558741921,0.809452439215138,0.0911557739282101,0.00411422187461428,0,0,0.000233861178153294,0.0016259151871371,0.00011833865473591,2.77150273414318e-05,0.000432529334164379,0.000102869140449653,0,0,0,0.00104695061594739,0,0,0,0,0,0,0,0,0,0,0.000620605044999266,0,0,9.1043932662687e-05,0,0,0,0,0,0.000778354149014512,0,2.10370956663499e-05,0.0026093152518499,0.000254813556669171,0.00171890735667855,1.76413823241528e-05,0,0,0.000284078473069417,0,0,0,0.000309838440148496
0.000369117928593846,1.44330715288949,2.66141516580149,0,0,0,0.00719288558281009,0,0.0282002870434394,0,0.0218648895070919,0,0.654061128131484,0.000316473882069496,4.6246680605364e-05,0.714451602577479,0.412593163491329,0.00273636980787162,0.0144257800945511,0,0.0789988211991399,0.782855509658129,2.06605467227021,0.0554330603365716,1.62368656049817,3.61762291907506,0,0.0570583289616006,0.000193830150631611,0.00510955784876933,0.582089203339911,0,6.19271645835339e-05,0.333065114184982,0.00267547647472687,0.25009105445273,0.385506032760337,0.115804519105098,0.0597099202423913,0,0,0.00200340593142847,0.0103445508401068,0.0020695860620641,0.000449066703173246,0.00120646007533073,6.90075863502746e-05,0,0,0,0.0777604941491553,0.000274561962593145,0,0,0,0.000227905707527809,0,0.00855764307736561,0,0.000370260765705989,0,0.0129524698066946,1.86835918264405e-05,0,0.0038938789627147,0.000215274011438206,0,0,0,9.57758408697486e-05,0.101572190340743,0.00157993539031619,0.000972634259005095,0.0852669575524616,0.00859578600801203,0.115702955064264,0.00100316616604839,0,0,0.00140242683895057,0,0,7.45284667339104e-05,0.000788354916392334
0.0170389102801444,0.0038179111178779,0.0504586849164525,2.91802468264183,0,6.02581085999698e-05,7.89893829577921,0,0.391771185743882,0.467885898430915,2.09695745760174e-05,0.00424481747953372,0.000557489037878771,0.0250944266729853,0,0.598831150077674,0.00711730377505198,4.45200887877486e-05,0,0.171420019117057,2.32917751063968,0.231969066779313,0.397449107599588,5.63895949848575,0.000503043665936637,0.0061399891742819,0.0570583289616006,0,0.0235042229236473,1.88535191474327,0,0.000114106004263373,0.0164238898457079,0.0473796509486516,0.000253713246153192,0.12339296620418,0.0276264096906329,0.0448357772626503,0.0534930472747548,0.000309394314176661,0,9.34312790862764e-05,0.00202304994034642,0.000552284406703614,0.00026724265887993,0.000637424120134076,0,0,0,0,0.00108404587968665,0.000253475117818472,0.0553151640301699,0,0,0.000148150754422118,0,0.00177301850373922,0,2.21892936477989e-05,0,0,0,0,0.0286535939268495,2.82015121425797e-05,0,0,0,0.00375585933699806,0.036937044230631,0.00898631444493754,0.00391233674093774,0.000118349765494811,0,0.00261479639823211,0.170209392453959,0,0.000199325838129657,0,0,0,0.000186917104358765,5.84398499630192e-06
3.57058192322515,2.69547023747669e-05,3.6287589277699e-05,0.0045262159263627,0.0889870807513986,0,0.198115216552845,0.0785353874235378,0.0246279952392077,0.00708107514266697,0.110235038467228,0.000171183299199257,0,1.94600561016685,0,0.000439029953130937,0.0386967882180011,0.142783353519216,0.0172757728878063,0.00686943166412824,0.148579100721535,0.000371198781974955,0.500967883463873,0.00672496052636418,0,3.98500741332166e-05,0.000193830150631611,0.0235042229236473,0,2.12685024679865,0,1.70687903716146,2.52077968725573,3.65704627299858,0,0.0136534081876418,0.00135877396641282,0.265298002759465,0.00916567326378815,0.00757032572967153,0.0292940468855448,0,0,0,0,0.000209857354566891,0,0,0,0,0,0,0,0,0,0,0,0,0,0,0,0,0,0,3.05086046788489e-05,0,0,0,0,2.39732572144254e-05,0.000304073232868452,0,0,0,0,1.85991145355176e-05,0,0,0,0,0,0,0,0
0.182644677854323,0.000179531707523813,0.0107707978733715,0.000455234719663189,0,0,1.32235828471134,0,0.0142298822796663,0.000381226550800561,3.91717477537378e-05,0,0.000363389610442503,0.0330496449256595,0,0.00687332926140938,0.00271748296888464,0.000358242488659342,0,0,3.63825648267823,0.0091999479162231,0.132772027136464,0.0131162405255421,0,0.00274728599592509,0.00510955784876933,1.88535191474327,2.12685024679865,0,0,0.000169624618035378,1.82254465206623,0.96493613909579,5.68207581326226e-05,0.0601461028674179,0.00758898892829397,0.134707162353919,0.0456540216059204,0,4.41609010100998e-05,0,0.000681206142178446,5.17061120753398e-05,0.000100207440871598,0.000127692136746363,0,0,0,0,0,0,0,0,0,0,0,0,0,0,0,0,0,0,0.00147995350192531,0,0,0,0,0.000180849582520912,0.00100741753401959,0.000212444268274169,0.000853232611077242,0,0,0,0.000112287591788878,0,0,0,0,0,0,4.11048504316567e-05
0,0.00163630150322443,0,0,0,0,0,0,0,0,0.847683070267831,0,4.65825629451111,0,0,0,0,0.00790286300596937,0.00526434204928389,0,0,0.000908636055357557,3.35827067448073e-05,0,0.528097653674976,1.0394385611163,0.582089203339911,0,0,0,0,0,0,0.00340231448466228,6.60351536351032e-06,0.000677420685255906,0.346408769133101,0.0635563989684016,0.000333031008170521,0,0,0.00690209511046444,0,0.000274896545839877,0,0,0,0,0,0,0.000573718064662511,0,0,0,0,0,0,0,0,0,0,0.0172700203416533,0,0,0,0,0,7.17752441205277e-05,0,0,0.000144485402212978,0,0,0.0134778403940023,0.00131679725341233,0.000597849728183276,0,0,0,0.00187207055796896,0,0,0,0
0.000970316405473536,0,0,0,0.712879910910179,0.024243093517699,0,0.185224440660577,0,0,1.04844645499823,0,0,0.627973038209418,0,0,0,0.00376592152623566,0,0,0,0,0.000214486829610477,0,0,0,0,0.000114106004263373,1.70687903716146,0.000169624618035378,0,0,0.00296083358705199,0.868263977188764,0,0.00113606538046863,0,0.0664524091596903,0.000322377199376837,0.000835950446259393,0.127426781649307,0,0,0,0,0,0,0,0,0,0,0,0,0,0,0,0,0,0,0,0,0,0,0,0,0,0,0,0,0,0,0,0,0,0,0,0,0,0,0,0,0,0,0
0.0604253007935048,0,0.00113676121152551,0.00798373033096317,0,0,0.0929797655012177,0,0.0145087410758281,0.00527707969611255,0.000576693685757339,0,0,0.0229105143339367,0,0.00110300067377375,0.000733025643611773,0.0049317700695882,0,0.0143521252122769,0.364669883526951,0.000597631431034954,0.521246797646593,0.00359480191447574,0,0,6.19271645835339e-05,0.0164238898457079,2.52077968725573,1.82254465206623,0,0.00296083358705199,0,1.50423957437266,5.08484273228516e-05,0.0641140984364837,0.000779390266865039,0.134720180725361,0.0107363563623809,0.00324405417148704,0.00303954334232354,0,0,0,0,0,0,0,0,0,0,0,0,0,0,0,0,0,0,0,0,0,0,0,0,0,0,0,0,0,0,0,0,0,0,0.000117411223974049,0,0,0,0,0,0,0,0
0.051347686075403,0.012346098325294,0.306051336893313,0.00415068607368134,0.206326228781484,0,0.0809697766509007,0.000234788124845564,0.00651353377438114,0.00557516180524066,1.10905151133988,0,0.00413281156648707,0.0609913923383337,0.000212197195002692,0.0129629391337394,0.887117567358817,0.0718447641311213,1.17709516347312,0.00439908426481244,0.35524684292244,0.0214731429232211,0.369503047841109,0.00666915519463969,0.000494126962293555,0.382990875891395,0.333065114184982,0.0473796509486516,3.65704627299858,0.96493613909579,0.00340231448466228,0.868263977188764,1.50423957437266,0,0.0021840809492232,0.327297206836597,0.230155747404186,4.98174722097298,0.244569276181715,0.174012903700559,0.545802932993821,0.00610276308348866,0.00537789653864739,0.00149557894014966,0.000652146819792034,0.00270254403400974,0.000988002915705045,0,0,0,0.00220479732509937,0.000359164409609459,0,0,3.26526369009983e-05,0,0,0.000636125954991152,0,8.20309993887652e-05,0,0,0,0,0.00185550988875498,0,0,0,0,7.34008513620862e-05,0.00439373920552474,0.000963252866296053,0.000733010701737234,4.82806883861854e-05,0,0.00185012672155575,0.00028105870353487,0,0,0,0,0,0.000348933759167031,0.00176906776995312
0,3.94627484646796e-05,0.00072546650594662,0,0,1.16342535332605,7.01716395520888e-05,0,0.056449960207794,0,6.25117113693049e-05,0.760413544353134,0.00183583532935704,0,0.875797939577034,0.000120987565359575,5.78529208656127e-05,0,2.33150770238412e-05,0,0.000555565089321694,1.68161569297763e-05,0.00256166381317131,2.22824973635481e-05,0,0.000617551705215812,0.00267547647472687,0.000253713246153192,0,5.68207581326226e-05,6.60351536351032e-06,0,5.08484273228516e-05,0.0021840809492232,0,0.0426448021160039,0.0284660785177732,0.0120315294454171,0.00960431985459312,0.0158286517179436,0,9.63822306998801e-05,0.0244233309232441,0.0208086191553772,0.00952960138907114,0.0313154994954099,0.013349904796807,0,0.000110640716843401,8.37718283224781e-05,0,0.00447551196413343,0,0,0.0133958947803957,0.000219148196270725,0,0.000271229043978609,0,0.000145203660815547,0.0361212898441339,0,1.58138216624819e-05,0.00299834224071405,0.000784809429035021,0.000182775162110575,0,6.55146748795632e-06,0,0.000286435613571893,7.86408428274713e-05,0.00630048491201052,4.97073935553649e-05,0,0.000881003019493151,0.00621081906791651,0.000279919150305368,0,0.000159549975051053,0,0,0,0.00463420479090752,0.552153966813435
0.0144533140330405,0.010676480849103,0.114438813739911,0.000373931097171014,0,5.62683942305984e-05,0.0579140658279926,0,0.0830266099856008,0.000924208280877554,0.00568866636267843,0.00162211152192956,0.217451626883663,0.00728141797293993,0.00623246531714504,0.0709675179576311,0.0196175250777008,0,0.00142249677812416,0.00231963980949592,0.30506536475246,0.0809678160168307,0.793245652724344,0.0155946232899106,0.0155741914110868,0.055875558741921,0.25009105445273,0.12339296620418,0.0136534081876418,0.0601461028674179,0.000677420685255906,0.00113606538046863,0.0641140984364837,0.327297206836597,0.0426448021160039,0,4.74774103125281,1.37073814673418,1.54185747310681,0.378199752473821,0.0143492180808038,0.0805111583099242,0.462328953517546,0.0931095655389666,0.0157611044478648,0.0434609228522861,0.00839042420456857,0,7.69501918656407e-05,0,0.000426059798926706,0.00317366470726466,0,0,0.00128395226957999,2.70970061447672e-05,0,0.00307689498571022,0,0.00031018695914614,0.0010647683341694,0.000247838202915055,0,0.00180481177992148,0.0356349859923003,0.000484153743064658,0,0,0,0.000428194658408367,0.0322435912437843,0.00900684223410963,0.00478056495713661,0,0.00081939285929047,0.0039785167697927,0.00280024697997759,5.98010990186327e-05,6.88934870191338e-05,0,0,0,0.00587962054885999,0.0160095611747461
0.0012612932843695,0.031297904932391,0.437264344574928,0,0,0.000354976729903447,0.00758477920341992,0,0.00130831481154728,0,1.31004635678957,0,1.18243190630439,0.000871185774545973,0.00484878690724912,0.0248219621872964,0.0908549424564966,0.0199031519261708,0.0217349361393969,0,0.072951038765245,0.0195746507610627,0.37481234657596,0.00393738585375617,0.640314591995251,0.809452439215138,0.385506032760337,0.0276264096906329,0.00135877396641282,0.00758898892829397,0.346408769133101,0,0.000779390266865039,0.230155747404186,0.0284660785177732,4.74774103125281,0,2.29650825467517,1.16241410180807,0.000346478329252491,0,1.68443084734733,0.222288434379116,0.036878818867216,0.0103611048184759,0.0410625489054041,0.00443916469359013,0,0,0,0.00210641113162193,0.000681853512113756,0,0,0.00156758215429317,0.000110091206510613,0,0,0,0,0.000373471652600191,0.00286688211060593,2.24138738603543e-05,0.00234611951028545,0.00137924857702185,0,0,0,0,9.55647738047367e-05,0.00486005794514574,0.00220557153977975,0.000738512417247178,0.00764537342835813,0.000536900335535426,0.00259353342878867,0.000261862078055085,0,0,0,0,0,0.00211462353345078,0.0128206605333789
0.0208361356235652,0.00438864884350002,0.0532268739460268,0.000777634780848748,0.00603491151092291,0,0.0275936820726806,0,0.00273725783181938,0.000454869294796323,0.536191691342945,0,0.20297427335676,0.00486793619678773,0.00120923300675175,0.0238397252294892,0.0388437266552269,0.00534561295266983,0.0316671000475285,0.00107816651464432,0.115921724528864,0.0339660583892009,0.169091086098966,0.00593379829725597,0.0236048089253764,0.0911557739282101,0.115804519105098,0.0448357772626503,0.265298002759465,0.134707162353919,0.0635563989684016,0.0664524091596903,0.134720180725361,4.98174722097298,0.0120315294454171,1.37073814673418,2.29650825467517,0,3.472595399407,0.321574564935768,0.707715100243689,0.413978815838284,0.0293323356718124,0.0068398702492086,0.00257790361979465,0.0105639753324631,0.00175190370549935,0,0,0,0.000272107738463414,0.0004177031172181,0,0,3.80393273951185e-05,0,0,0.0028231149558326,0,0,5.26080374128662e-05,0,0,0,0.00709753013517445,0,0,0,0,0.000785095708955323,0.00789665236330265,0.0016806840634273,0.000840765490752547,0.00160181475100936,8.72151406620691e-05,0.000979016414162648,0.000570694264050981,0,0,0,0,0,0.000762493166027952,0.00751602581196179
0.022812202357885,0.00344754752064818,0.0262169065478204,0,0,0.000341630552078837,0.0326527416753815,0,0.00118956412041822,0,0.00421847831303785,0,0.0298351813322319,0.00259532951076208,0.00214973082071964,0.0563512308741393,0.00265662320812185,0,0.000229105834678112,0,0.187296398076707,0.0788131976761534,0.372528432950717,0.00940156848195543,0.0032300967297588,0.00411422187461428,0.0597099202423913,0.0534930472747548,0.00916567326378815,0.0456540216059204,0.000333031008170521,0.000322377199376837,0.0107363563623809,0.244569276181715,0.00960431985459312,1.54185747310681,1.16241410180807,3.472595399407,0,0.39316382535632,0.458142208182108,0.0665171666179055,0.0337550301151813,0.014500264339311,0.00375180499658862,0.0191070044563497,0.00207026673243888,0,0,0,0.000912550500217268,0.000587888966107994,0,0,0.000885302554877786,0.00014690152939561,0,0.00497929218857993,0,0,0.000291993541423671,0,0,0.00372581543738904,0.0187523172267601,9.57608110384654e-05,0,0,0,0.00144072185985892,0.019204259189504,0.00447849067652711,0.0032661973057669,0,0.0001170804776039,0.000999789105814201,0.000668528782567903,0,0.000136195423708253,0,0,0,0.00175076755054132,0.014059743682398
0,0,0,0.000109505529894596,0.27124126687801,0.000568842343350837,0.00373077991708005,0,0.692898451274785,0.000168909559686596,0,0.00560798363570571,0,0.000109228358999051,0.418258640307998,0,0,0,0,0.000464516512372531,0,0,0,0.000874009613138316,0,0,0,0.000309394314176661,0.00757032572967153,0,0,0.000835950446259393,0.00324405417148704,0.174012903700559,0.0158286517179436,0.378199752473821,0.000346478329252491,0.321574564935768,0.39316382535632,0,5.12412938190107,0,0.000472975190378758,0.00280533616450494,0.00259885119662818,0.0168088856811566,0.0077537896907026,0,0,0,0,0.000486617949310704,0,0,0.00122116997531214,0,0,0,0,0,0.000399061017063679,0,0,0.000250880094169435,0,0,0,0,0,0,0.000484273364231069,0.000219113604407162,0,0,0.000102839083410584,0.0001331458271935,0,0,0,0,0,0,0.000738794478813441,0.0140594414733016
0,0,0,0,0.194072108422703,0,0,0,0,0,0.00536029406205189,0,0,0,0,0,0,0.000662886137553276,0,0,0,0,0,0,0,0,0,0,0.0292940468855448,4.41609010100998e-05,0,0.127426781649307,0.00303954334232354,0.545802932993821,0,0.0143492180808038,0,0.707715100243689,0.458142208182108,5.12412938190107,0,0,0,0,0,0,0,0,0,0,0,0,0,0,0,0,0,0,0,0,0,0,0,0,0,0,0,0,0,0,0,0,0,0,0,0,0,0,0,0,0,0,0,0
0,0.0147877907346998,0.000189201190618937,0,0,0,0,0,0,0,0.0731303774673336,0,0.180583846365543,0,0,0,0,0,0,0,4.81946783055386e-05,0,0.00140422560618972,0,0.366463414193709,0.000233861178153294,0.00200340593142847,9.34312790862764e-05,0,0,0.00690209511046444,0,0,0.00610276308348866,9.63822306998801e-05,0.0805111583099242,1.68443084734733,0.413978815838284,0.0665171666179055,0,0,0,0.00501269430345716,0.000706795178739755,9.81028353537541e-05,0.00226948833891957,0,0,0,0,0.000220589525724471,0,0,0,0,0,0,0,0,0,0,0.000179100093772561,0,0,0,0,0,0,0,0,0,0,0,0.00105310746608311,5.5101244069598e-05,0.00020094012319667,0,0,0,0,0,0,0,1.81619507913697e-05
0,0.000207784648987776,0.00542385567688996,0,0,0.000784927648832092,0.00032116831444592,0,0.000494210661416966,0,0.000408679343363211,0,0.0199178525061225,8.09744024777917e-05,0.0030111814034947,0.00140614841649907,0.000552348573059226,0,0.000148067755500357,0,0.00345397566071208,0.00217508910844146,0.0146226543329224,0.000277788260714339,0.000648764876335044,0.0016259151871371,0.0103445508401068,0.00202304994034642,0,0.000681206142178446,0,0,0,0.00537789653864739,0.0244233309232441,0.462328953517546,0.222288434379116,0.0293323356718124,0.0337550301151813,0.000472975190378758,0,0.00501269430345716,0,4.62476230263381,1.45192865490325,0.813813473898198,0.465729761855431,0.00018879016482347,0.0286843811003952,0.00579092045179999,0.000983357956903063,0.351941446133365,0.000812748414410203,0,0.00686394525622348,0.0121735430550211,0,0.00763004270389799,0.000128863154514491,0.00575376401429592,0.00330047230183375,0,0.00141031149089557,0.00522657699825601,0.0890851087473904,0.033326624147781,7.31828029869115e-05,0.00331612037710242,0.000427031494667607,0.0232614537003777,0.019433295448439,0.36182784178087,0.00620359130845845,0,0.0849606774089219,0.225677280217217,0.0227803164512103,0.0190516639256516,0.0267104874100336,0,0,0.0902946604759844,0.615996640077574,0.0633989666911504
0,0.000475244153204154,0.000975058847974256,0,0,0.000383505748088736,0,0,0.000243252519939521,0,0.000490242942427371,0.000244071738264073,0.00224925350672104,0,0.00591497962159238,0.00072528096246588,0.000100143841647285,0,0,0,0.000135043299286405,0.00176589006961716,0.00216853965669108,0.000104846789199483,0.0271300213565228,0.00011833865473591,0.0020695860620641,0.000552284406703614,0,5.17061120753398e-05,0.000274896545839877,0,0,0.00149557894014966,0.0208086191553772,0.0931095655389666,0.036878818867216,0.0068398702492086,0.014500264339311,0.00280533616450494,0,0.000706795178739755,4.62476230263381,0,2.80088883453668,0.779753123309567,0.00157896004415161,0,0.713867105265285,0.00317567960893828,0.00712356802530672,0.69497490169245,0,0,0.00592295455805173,0.00695726413330597,0,0.00215133933117106,0,1.03446967731185,0.00298913740558832,0.74456777029634,0.000551349382058789,0.00358316638419722,0.0413495746613948,0.157409869766594,0.0923913163603969,0.126171495480246,0,0.00923044214780875,0.0131687176054621,0.201170854751666,0.00163839076086646,1.03796172515253,0.987912703432651,0.42502570674069,0.00708368423080094,0.000632713535154928,0.00660143986066079,0.484327181247042,0,0.00417252382810208,0.551088751841605,0.0433229243320734
0,0.00030118113454854,4.13769204440412e-05,0,0,0,0,0,0,0,0,0.000173483620378445,0.000395224698647098,0,0.00240658152189481,0,5.99929191905991e-05,0,0,0,7.24054067862481e-05,0.00120780829983323,0.000548913462283529,0,0.00205446129552985,2.77150273414318e-05,0.000449066703173246,0.00026724265887993,0,0.000100207440871598,0,0,0,0.000652146819792034,0.00952960138907114,0.0157611044478648,0.0103611048184759,0.00257790361979465,0.00375180499658862,0.00259885119662818,0,9.81028353537541e-05,1.45192865490325,2.80088883453668,0,0.889160557546742,0.166097330995331,0.173547563985007,0.00562850727180127,0.0177583067724818,0.000676034672283965,0.226027109446328,0,0,0.000928118671205725,0.0146985852505443,0,0.00115579600496422,0,0.739171494803867,0.000360060260564983,0.0891748854764984,0.00104788894205826,0.000185840315610353,0.0617230283016055,0.0759167896055127,0.0140397977066719,0.021630734737652,0,0.0489402140433436,0.0153972824225128,0.261705622259522,0.00434397646547365,0.00969002080163093,0.135353950414294,0.10606070912032,0.0262746094754974,0.045438215076451,0.0860915221276242,0.0986624801936205,0.000513038056265638,0.109402826129337,2.52866511017876,0.0129132561560133
