0,0.0114496512213252,0.185428968235676,0.0497160281097529,0.000292924070263354,0.127276803103979,2.6658790541679,1.08932254417022,0.0547862774400243,0.162771996502525,0.00207608520103359,0.0234424707625658,0.00053859865936573,7.01424672311198,0.0122370187133087,0.00929047515241452,0.0755431498774507,0.000994352718191125,0.0160795089816622,0.113371881883245,0.0280842636209623,0.012095173380436,0.0822797167907712,0.0653968277802232,0.00246624605944038,0.0294766525102487,0.0392253632509486,0.178439729501244,1.35564587234728,0.426507354582411,0.00102817907375544,0.00743361090777563,0.026404013808944,0.0625655087342165,0.000518034704711461,0.0260574141032422,0.00969598687305595,0.0612917468044405,0.0398788191458939,0.00430984363453204,0.00496116989194778,0.00218268178938913,0.00448581608037371,0.00188357759411504,0.00413759631564881,0.00467176367100531,0.000784919388685359,0.000422121440161211,0.000451494792805315,0.000617415555992172,0.0040686147957717,0.000102265047653297,0.00490935526540008,0,0.000194326482806692,0.00343061780109078,0.00063997922537448,0.0367136079499257,0.000724717138302695,0.000287804317573789,0.000587442793020048,0,0.00150199987102693,0.000286543624074681,0.0018924930946541,9.40858271262146e-05,0,0,0.00170472547594363,0.00130014229958196,0.00401687291238565,0.000977302077162824,0.0156155917669588,0,0,0.00204900152016139,0.0150362700904022,0.00276935316221135,0.00107774395333383,0,0.000278739952417296,0.00234537957645401,0.00161241624811483,7.67890135627283e-05
0.0114496512213252,0,0.207260229523976,0,0,0,0.00746945980544457,0.000826541867937236,0.380418797905193,0.000729630153228941,0.0144340523211165,0,0.048572284927675,0.00596248080271239,0,0.22483481985631,0.1787351804774,0.00438641896322011,0.0303711422498696,0,0.0131337158447753,3.63131787807989,0.047233079191583,0.156833594463578,1.30078778360678,0.127585707463136,1.04660319425189,0.0135357127224029,0.00963250156721798,0.00969158368396348,0.0323269214685615,0.000909646011349352,0.00417794063879649,0.0898697567162639,0.00203062660179971,0.0860407793877278,0.0581245809366565,0.22598223011471,0.125454261987888,0.0136953928846818,0.000569779522649798,0.00358849447719091,0.051676543733446,0.075524729219485,0.0847076159825085,0.0543383610054024,0.00217000403032194,0.000593591010398034,0.00149573858543632,0.000421959174434161,0.656119425740957,0.204161291789653,0,0,0.000188951555814261,0.00444801476104254,0.000970924816982117,0.0164468202634967,0.000121269159496151,0.00353823876336159,0.000458417730442268,0.00382210864032964,0.00116070259204686,0.00129360045408242,0.00630234455237489,0.0512012048851438,0.00113507837389232,0.0148383022445159,0,0.00493894259311806,0.148957909195594,0.0256963038507715,0.0062122800408877,0.0202297350344679,0.0341719605396076,0.260794100546672,0.00496121929714607,0.00148061704242561,0.00255432325803238,0.00344445274226608,0,0,0.0162281461688781,0.00149259527220038
0.185428968235676,0.207260229523976,0,0.000749639715245443,0,0.00460651526706568,0.234401118929302,0.0178069245410987,0.0165531731636875,0.00727548967576588,0.00495475916426633,0,0.0039196789154857,0.0887047184205543,0.0017622978037562,0.0208522569755286,2.88981087625247,0.00509772912060571,0.12231937657615,0.00173506656634071,0.334104734428772,0.0320621398187698,3.50956027330397,0.0221104389165641,0.018057650748554,2.34124049919018,1.79829778576339,0.113097009967945,0.0713800998400199,0.173158085947042,0.00482175909884309,0.00268477705763993,0.0162577220992799,0.222798414074836,0.0062135544812128,0.150685429305005,0.0534363643849513,0.453943403269173,0.265415459014955,0.00739472027510648,0.000942053484598781,0.0010038610753496,0.0210422955627523,0.0148924951101504,0.0190468582860396,0.0113158351603523,0.00202168561764178,0.000482106933670746,8.10072817582566e-05,0.000874643627456293,0.0615771739662263,0.0370608328888321,9.7290907422715e-05,0,0.000339629564751735,0.00256047223964967,8.43335833467047e-05,0.00742097014918865,0.000242121943571687,0.000308721135846159,0,0.000583545758467514,0.00135204712088052,0.00150613415770332,0.0100810955408553,0.010420186922455,0.000436275752014839,0.00342373271515463,8.150032581086e-05,0.00343330757085477,0.0279363684370596,0.0178932911929671,0.00595008558857915,0.000836427521451226,0.00807152125859446,0.0712641582427,0.00520398977111796,0.00121268055562981,0.00262438037887671,0.000253285026822619,0,0.000683037733110569,0.00355649245341652,0.00503390164078742
0.0497160281097529,0,0.000749639715245443,0,0,0.0450837853634821,0.0306335018543646,0.0324746393894096,1.01967262854249,3.15364564502327,0.000605597066335305,6.01523336142306,0.000409477868130249,0.0671661275855927,0.0102996129586794,0.000431612031624125,0.000320453419150983,0,9.04888182465449e-05,15.3066282622198,0.00121463753698388,0.00170569479997093,0.000745262497714276,8.12923468032057,0.000392130727369974,0.000292341056553997,0.000564986989314687,3.09575212695067,0.039594748388101,0.0022503664565123,0,0.00639887244875537,0.00513354245443232,0.0230835409117588,0.000490902037388508,0.0457264590428592,0.00267871576615287,0.0261287235905038,0.0378294802945819,0.0365335446674789,0.00609598181741185,0.000456269353622335,0.00147221129341996,0.000189459243914669,0.000269051285634713,0.00135864144223692,0.00246191481981846,0.000339748559910265,0,0,0,0,2.98841925661591,0,0.00182030351491314,0.0034937127901615,0.000243161041338716,0.0373360683225981,0.00735053606846188,0,0.12288290926718,0.00014999559207394,0.000448505508061463,0.000945721015222127,0.000448061124923417,0,0,0,0.165340229010024,0.000260677622394567,0.000665609695739991,9.09446048260459e-05,0.0171218952805276,0,0,0.000104487426623055,0.200498107480268,0.000840253083855391,6.65908187156843e-05,0,0,0,0.00112802759624899,5.03681026794859e-05
0.000292924070263354,0,0,0,0,0.969018989253599,0,0.0939221238312203,0,0,0.108513583406044,0,0,0.00859501476443164,0,0,0,0,0,0.00258263867542449,0.000110074446024284,0,0,0.000375332440581581,0,0.000156847397754214,3.97246466077978e-05,0.000279245531505807,0.0728580367834577,0.000193376845272278,0,0.879877167418495,0.00516265432141733,0.459627919626252,0,0.000417884988841627,0,0.0042443600896885,0.000793858430971565,0.373640802716152,4.95019761163098,0,0,0,0,0,0,0,0,0,0,0,0,0,0,0.000135300475297425,0,0,0,0,0,0,0,0,0,0,0,0,0,0,0,0,0.000222024119272049,0,0,0,0,0,0,0,0,0,0,0
0.127276803103979,0,0.00460651526706568,0.0450837853634821,0.969018989253599,0,0.27217745612931,3.51471100708463,0.0323285176397872,1.52759635985674,0.00120079970644647,3.34534126556126,0.000278711981412624,0.562145779610585,1.5812145059904,0.00051281694871046,0.000759064837726088,0,0.000253336767120675,1.17207059084089,0.00193947822264394,0.00126802415428424,0.00469400526871741,0.0374269125716408,0.000123765347579373,0.000591035051401181,0.00218672237077903,0.168064476498184,0.357955673487497,0.00491343863638317,0,0.0510688784663082,0.00365246438162417,0.143433328058236,1.63528800912704,0.00997728085820583,0.00206091413664458,0.017785581212613,0.0101294123933666,2.31672012410494,0.188238635907571,0,0.00118803271462698,0.000571551100168096,0.000933845636771658,0.00100946660785878,0.000614186739521579,0,0,0,0,5.51642960241981e-05,0.00621655446929568,0,0.000722856570426194,0.00252400193063349,0.000932732622913529,0.00886220455171224,0.00190850440036463,0,0.00271702134426354,0,0.000211718951135308,0.00250327841506248,0.000282228362079834,0,0,0,0.00344126552249076,7.14428429087494e-05,0.000519184621939584,0.000248662968049129,0.00908799024234143,0,0,0.000210889747162225,0.00700168378652193,0.000275554003383281,0.000247793819991647,0,0,0.000322666310141377,0.00019829704305394,0.00686154242821953
2.6658790541679,0.00746945980544457,0.234401118929302,0.0306335018543646,0,0.27217745612931,0,0.471659722437514,0.266774129538619,3.96221540359823,0.00128674281393725,0.0125791009640902,0.000858229252456443,1.96589787687223,0.00127548139339094,0.0103818224213035,0.0306841570055397,0.000165226399802292,0.00393564469218412,0.0287473477823933,0.144332491736755,0.0257567136556489,0.266935858070044,0.782274265094004,0.00137092477759279,0.0195801935042394,0.0691726529692133,6.12498769838281,0.313954998734901,2.52697463574961,0.000253705637286328,0.00571486293741394,0.0282119224400928,0.0821083079750215,0.00265046848436331,0.0979335093666547,0.0143252331613397,0.0975141037666082,0.0702913832405995,0.01510013540239,0.00366547017901881,9.35195883891805e-05,0.0125356192555044,0.00191396012408785,0.0051375738345522,0.00593352422501759,0.00152265750026576,0.0010959518021422,0,0.0012546722494468,0.00229217986517838,0.00214850045290287,0.0222715657592755,0,0.00175643234773957,0.0207920764749934,0.0040531435245915,0.101759841572464,0.00681749787837517,0.000415116285359437,0.00241587334548339,0.000239201030223051,0.00501559709295672,0.00114475398587072,0.00346728596766937,0.000838583698089323,0,0.000177225385306189,0.00963470824384629,0.00230275443934221,0.00396231615142528,0.00293514282766988,0.0681475508930204,0.000162450008363071,0.000191038703679425,0.00159233783867483,0.0591270699003619,0.00732281494726504,0.00538239958186344,0,0.000213946579369315,0.00230171898810994,0.00496509581449281,0.000331157655642464
1.08932254417022,0.000826541867937236,0.0178069245410987,0.0324746393894096,0.0939221238312203,3.51471100708463,0.471659722437514,0,0.0269135925864111,1.00320470773533,0.000692196150396129,0.062068558888929,0.000194442714437325,5.09612913150423,0.0120082224864914,0.00177489708193878,0.00308778782395348,0.000108028133853933,0.000513015891631099,0.192946397324785,0.00638854460130325,0.00164705677444968,0.0157674917563941,0.0516954606929608,0.000106802471908841,0.00260402654852351,0.00694791823365667,0.116629641535149,0.403858947569644,0.0214851877880398,0.000117064790277102,0.268206674839081,0.00784193425585421,0.0564140899972566,0.03559981490226,0.0103228040765022,0.00351271296429865,0.0196000467412229,0.0103523930944702,0.0643226046763684,0.0172323535532716,0,0.00262396853885406,0.000753937694299373,0.000769432465207887,0.000382078294696442,0,0,0.000144205430257699,0.000253056851791458,0,0.000119909290984535,0.00558539003082411,0,0.000489768865872784,0.00451170274568575,0.000502075823684055,0.0153910621609311,0.0012394544510741,5.71811344505422e-05,0.000698804732107271,0,0.000352345975241676,0.000230571856680233,0.000544733788059011,7.75570881267167e-05,0,0,0.00253309915773076,0.000903368162782794,0,0.000130744257752778,0.013282552040046,0,0,0.000348890851455554,0.0105767100092225,0.000849950187338716,0.000697338407893344,0,0,0.000455817009398178,0.000769221142594243,0.000396521124342392
0.0547862774400243,0.380418797905193,0.0165531731636875,1.01967262854249,0,0.0323285176397872,0.266774129538619,0.0269135925864111,0,0.250917780643376,0.00370607419215505,3.48196392509223,0.0108994189242085,0.0478099180619794,0.95461899120282,0.122305123561744,0.00387396667783791,0.00153956401011097,0.00227738270086379,1.28460223135416,0.0125582599726037,2.94876261686776,0.0184437211020894,6.97896262941363,0.117309090710784,0.0111139465247843,0.102874286378923,0.482696854633747,0.0582238113381483,0.050955640085413,0.00840043919964076,0.00345300357115552,0.0486848260431891,0.039268556569682,0.091253153311179,0.132239147699459,0.0497920361986759,0.0687954439487199,0.0741848311363396,2.86012043732868,0.0015786360048689,0.00218630817007149,0.0433703780319109,0.00491824430858484,0.0185241433141922,0.0270674063111064,0.0464987087878352,0.0037709263344223,0.000469934705177533,0.00389332256218195,0.0109623741359126,0.00409725985761979,0.068849220298849,0,0.0135366468323501,0.0294961879209451,0.00972594883850963,0.947669908108328,0.0312190089842038,0.000989142856520003,0.112338697110244,0,0.0066205291939664,0.00490965435792941,0.0332445849264767,0.00161043990054937,0,0.000668712746568981,0.154749102680267,0.0126092463167455,0.0434788127721607,0.00744233189032614,0.221422902600234,0,0.00172457841007167,0.00507070749039558,0.147027177976737,0.0143209755040757,0.0132860904385708,0.000850374757363345,0.000368720315309344,0.00523819673694268,0.0150509489292114,0.038814300702405
0.162771996502525,0.000729630153228941,0.00727548967576588,3.15364564502327,0,1.52759635985674,3.96221540359823,1.00320470773533,0.250917780643376,0,0.00202673836980934,1.38041989191233,0.000701565930506697,0.614589109643405,0.00310456880489706,0.00169889997671662,0.000875540090954261,4.35173645846653e-05,0.000565304819090914,4.92594539099159,0.00519103206066147,0.00166044615033388,0.0105796183523473,0.180789751521785,0.000552807309058844,0.0010893786512183,0.00428266708379216,2.02213786873546,0.136449288428446,0.010251646343623,0,0.00799618762941203,0.0165874427486523,0.063408915621237,0.570658242286394,0.0770035612556186,0.0066229689151467,0.066962055674839,0.0559876632969033,0.00995086209370546,0.00263992860070554,0.000472888765105915,0.00341093422367344,5.30815263629627e-05,0.000591342449042954,0.0013644785170723,0.00225214834804436,0.000161774178731972,0,0.000191102243545745,0,0,0.245826003366271,0,0.00524202437550605,0.00720132562347654,0.00216921065377822,0.0486958188673667,0.0141764083548903,4.05775805212795e-05,0.00977080488707384,0,0.00104946804915369,0.00032044237854534,0.000557917267358021,0,0,0,0.0396580863318277,0.000459052743596231,0.000277737243830692,0.000493510089371631,0.038930607247531,0.000183266651550371,0,0.000118390053340609,0.0496559507754357,0.00163366118787259,0.000421137023386538,0,0,0.000513436848396224,0.00119224834278533,0.000679719154671372
0.00207608520103359,0.0144340523211165,0.00495475916426633,0.000605597066335305,0.108513583406044,0.00120079970644647,0.00128674281393725,0.000692196150396129,0.00370607419215505,0.00202673836980934,0,0.000187822513110054,2.58661169410316,0.00428475392033018,0.000107163912823452,0.0011112979863369,0.088289395271374,3.56740734765744,2.35637446341631,0.0024305364657323,0.00281925541669785,0.00600009986276432,0.00372073186403685,0.00245346612274183,1.35364722133986,1.19347282052533,0.0787266662587532,0.00239520394276571,0.0220188252633456,0.00151311966220726,0.593875584752743,0.00635627664807444,0.00163638463616587,3.29327850340256,0.000919660028878626,0.0631044742186365,1.0093122697809,1.70646834254064,0.177487143406867,0.00978548858766715,0.33860911382094,0.197676439493865,0.00223878491905303,0.00898314237676295,0.00210505004372296,0.0017282597517038,6.20899433246827e-05,0,0.000979932577969571,0,0.00145448868647744,0.000314487141836198,0,0,6.95653467940992e-05,0.000190474502520036,0,0.000317373003280426,4.42711460476447e-05,0.00379473613202015,0,0.0250678400797676,0,0,0.000331593670842446,0.000431355168252765,0.00163200794025409,0.00111144072342835,0,0.000353288487527983,0.000604240955140984,0.00031327997065251,0.000117995314145051,0.0225097091996933,0.0138465053280921,0.0075150059585025,0.000521076102057096,9.2030826360865e-05,0.000145852106567035,0.00721817690943804,0,0,0.000638624933010812,0.000200627892811671
0.0234424707625658,0,0,6.01523336142306,0,3.34534126556126,0.0125791009640902,0.062068558888929,3.48196392509223,1.38041989191233,0.000187822513110054,0,0.00014674279765084,0.0792002411146056,1.38394292008299,0.000511438851190298,0,0,0.000282559113486177,14.4104488413243,0.000465896706873764,0.000593418185902413,0.000735357719343602,1.4724539076367,0,9.35242555509476e-05,0.000594066401895744,0.0724085910234192,0.0430743377249825,0.000503430564043332,0,0.00380427974140291,0.00131346926695243,0.0173666270873077,2.5863794679886,0.00760082400134494,0.00189486007455443,0.0128624758616477,0.00907064686979556,0.698150883755067,0.00210029308657698,0,0.000584886488957478,0.000503058315204764,0.00145969797948415,0.00206387968128066,0.000949309064861589,0,0,0.000115592855238229,0,0,0.0309189236080557,0.000814630214612852,0.000574302801703796,0.00085490330969102,0.000300481334162245,0.00741719656703946,0.00102569736047014,0,0.195608312959974,0,0,0.00613759280253534,0.000137258948920124,0,0,0,0.0038973188813121,0,0.000172283360707931,0.000474218993834874,0.00202686259123377,0,0.000124399881512054,0.000325903554234474,0.00403744035215925,0,0,0,0,0,0.000372603782667902,0.0703881722455535
0.00053859865936573,0.048572284927675,0.0039196789154857,0.000409477868130249,0,0.000278711981412624,0.000858229252456443,0.000194442714437325,0.0108994189242085,0.000701565930506697,2.58661169410316,0.00014674279765084,0,0.00138548307833936,0.000245386493723954,0.00465467779504754,0.00425657872304269,0.0367306259112395,0.0234491024165864,0.0019261941778875,0.0015078024602333,0.0240080618043202,0.00467206595033443,0.00812804936182643,3.48303409549993,0.137387980840446,0.542235711907515,0.00379175463322153,0.00583708040412845,0.000905040197740604,2.39255405580305,0.000891212950569205,0.000243745831155016,0.101906559785051,0.000811166503130523,0.582503383920409,2.48138359823699,0.719267688862212,0.950680440034204,0.000457854811040673,0.00759475047004859,1.17607546151309,0.119900497672297,0.126666735151007,0.025975844667854,0.0573575138861767,0.000488856716886846,0.0029529028550227,0.175940077369691,0,0.00275872978430834,0.000467400924888165,7.55259435975195e-05,0,0.000329256771464245,0.000170432981174066,0.000104913776163802,0.00158630247856336,0.000156201108132094,0.022291757575156,0,1.02088313045164,0.00085993638723085,0,0.000979712235563388,0.000642199688734825,0.00355603278100596,0.000600053854929394,0.000635569587767795,0.000690094191604449,0.00136691133160932,0.00121402569525619,0.00121728532514746,0.0393255642440991,0.0196036387195957,0.00948610865642807,0.00136285529116256,0.00178447878212367,0.000204719078643307,0.198938398683819,0.000224100175452163,0,0.127574988129087,0.000650883913323447
7.01424672311198,0.00596248080271239,0.0887047184205543,0.0671661275855927,0.00859501476443164,0.562145779610585,1.96589787687223,5.09612913150423,0.0478099180619794,0.614589109643405,0.00428475392033018,0.0792002411146056,0.00138548307833936,0,0.00664004593792696,0.00511346629196317,0.0500644071539134,0.00147168102146334,0.0129115137568363,0.437222643048278,0.0254747347559751,0.0103419911306555,0.0714723647562836,0.11966582999406,0.00166948688685376,0.0253256455947097,0.0390252069871567,0.190587409236308,5.86496933783141,0.219230263284042,0.000117551688908557,0.65058189055265,0.0425337787143998,0.230345916056998,0.000634264517450981,0.022431478766905,0.00813744272869991,0.122013693551414,0.0381308225319695,0.0253296701944032,0.0436754928978426,0.000157821318371698,0.00569911069804105,0.000735039169230105,0.0018625120567144,0.00311837126299314,0.000897242671333482,0.000830406094282088,0.000125317438836895,0.00117864476106093,0.00172543097678016,0.000382206493940787,0.00653875208305062,0,0.00058152485901658,0.00487738917309043,0.00102175553777081,0.0248351031267322,0.000921509257843553,0.000250312078827239,0.00186706491474425,0,0.00146666505643722,0,0.00210747038721107,0,0,0.000142610641822971,0.00197758830619165,0.00247408599993122,0.000961612674278517,0.00168009582562845,0.0195990793562009,0.000231477226886417,0.000150099723342034,0.00155842619827278,0.0205635482465649,0.00375303805725461,0.00178984436272247,9.29114809200948e-05,8.13485991223092e-05,0.000832071701770756,0.00229454328936928,0.000210872447842084
0.0122370187133087,0,0.0017622978037562,0.0102996129586794,0,1.5812145059904,0.00127548139339094,0.0120082224864914,0.95461899120282,0.00310456880489706,0.000107163912823452,1.38394292008299,0.000245386493723954,0.00664004593792696,0,0.00528911592262796,0,0,0,0.0543923735777786,0.00257160814189929,0.00296965144166074,0.00485482623328216,0.0290984303957502,0.00085850717015061,9.00270252009909e-05,0.00231618891208299,0.00445246304652102,0.00258887270486777,0.000569001684147463,0.000596062172501605,0.000461080847940203,0,0.00179783381920745,0.682805422745543,0.101818776550705,0.0216939044880373,0.00691348109449077,0.0238075583519904,1.04144734792893,0.000734571404399809,0,0.0213780268719076,0.0211403148420752,0.0103162994827937,0.0306289930331224,0.00516973142982857,0,0,0,0.00136244461788664,0.00110963750059806,0.000382840807745748,0.00349572215418004,0,0.000163898198708202,0.000290446904294098,0,0.000115912830495074,9.55817619359908e-05,0.00167428541495069,8.54966210536321e-05,0.00061622474152871,0.0807375395376005,0.00424698848459878,0.000415050163861948,0,0,0.00138968459466254,0.00044186847890957,0.00150878638923934,0.00424055763854288,0.001406576647949,0,0.000238315684508281,0.00359319866629924,0.00209366491717713,0.000123899058482327,0.000121640714605546,0,0,0,0.000101227976541799,0.0415058654760312
0.00929047515241452,0.22483481985631,0.0208522569755286,0.000431612031624125,0,0.00051281694871046,0.0103818224213035,0.00177489708193878,0.122305123561744,0.00169889997671662,0.0011112979863369,0.000511438851190298,0.00465467779504754,0.00511346629196317,0.00528911592262796,0,0.00560827721600366,0.000320210477541494,0.00348199954532559,0.000432764046710398,0.97002290222537,5.91133592267209,1.70855016473176,2.44016429678867,0.0315357575901816,0.00614284301758115,1.47117461711373,0.270754839691587,0.00849986945560367,0.0436455838574844,0.00031446063949082,0.00076184347748638,0.012415836050676,0.0583981828284587,0.0164123511743659,0.460733840452704,0.192066502637077,0.25981663866485,0.295953845964813,0.0542844607842076,0.0023471636940365,0.00181091678149067,0.139708131820564,0.0722829596922747,0.0417151308714601,0.0536557618009673,0.0240359540578442,0.00479116573128717,0,0.00186109585842869,0.00529859231193086,0.00456788755397071,0.000435753265721796,0,0.000435546372286149,0.0046635558089068,0.00107622000856613,0.0364909851927694,0.00039936300479371,0.000554635390490886,0,0.00107059284781561,0.0039657529222031,0.00474331795164733,1.94549710147994,0.00305100476936448,0.000185953722807525,0.000781078178789556,0.000395983588355228,0.0596192507276836,0.351360866549364,0.140217560237636,0.0281375551009785,0.000466446811080157,0.0017090484763845,0.0344256212883111,0.0267130005519895,0.00894853590642117,0.0360981315168871,0.000121941041940996,0.000117080188179672,0.0055254033656348,0.0200178111425189,0.0087966929706009
0.0755431498774507,0.1787351804774,2.88981087625247,0.000320453419150983,0,0.000759064837726088,0.0306841570055397,0.00308778782395348,0.00387396667783791,0.000875540090954261,0.088289395271374,0,0.00425657872304269,0.0500644071539134,0,0.00560827721600366,0,0.0619669379419878,4.69414822678913,0.00032348086567731,0.078691820397366,0.0102015062305787,1.8495582408573,0.00632028659447066,0.0269752002210043,1.89437356765824,0.519519173621719,0.0193266291568438,0.0685537776714523,0.121519103545567,0.00522254446285158,0.00113434141040663,0.0166302653626669,0.659872460994815,0.000357069638658281,0.0137042857246933,0.0356586318016669,0.205632637200259,0.0352439256921317,0.000954941632841377,0.000235878598943223,0.00421644775940166,0.00598102178421757,0.00600717309071732,0.00757734773509996,0.00659812067146493,0.000114821346361296,0,0,0,0.0406257166472986,0.0182023251867852,0,0,0,0.000984729155242979,0.000162456486009197,0.00103871614300418,0,0.00016340966882418,0,0.000579813436856478,0.000329614335806999,0,0.00184167820850793,0.00593015505111166,0.000395460173948817,0.00176628870118652,0,0.000602247198059396,0.00997576892062249,0.00318084444395774,0.00120446545363018,0.00275331999223004,0.00549618227881932,0.0371590298257659,0.000945240822067432,0.000296896468292099,0.000593404022780633,0.000344352563057926,0.000272545737038318,0,0.00220886505395835,0.000342310351599522
0.000994352718191125,0.00438641896322011,0.00509772912060571,0,0,0,0.000165226399802292,0.000108028133853933,0.00153956401011097,4.35173645846653e-05,3.56740734765744,0,0.0367306259112395,0.00147168102146334,0,0.000320210477541494,0.0619669379419878,0,5.75469587029747,0.000178185695736844,0.00120083169494028,0.004601774429196,0.00268519687298203,0.000540008108881363,0.268274001198093,0.54188970077596,0.0522347728961241,0.000542310501271486,0.00352974511897514,0.00142376872159961,0.0625265135130657,0.000798329431495309,0.000386896424530488,0.200519232376688,8.82347638186903e-05,0.0139767269131755,0.0694481247402836,0.191480829745651,0.0313301034070345,0,0,0.00302911462958279,0.00125627457609324,0.00344842106257687,0.00383291440548093,0.00184668353221129,0,0,0.000500694162022114,0,0.00154147153160332,0.000171461321279154,0,0,0,0,0,0.000479097217519556,0,0.00262687998938905,0,0.0082851054022148,0,0,0,0.000339125864666043,0.00378998276454781,0.00325329136264998,0,0.000126982088059683,0.000519804009956335,0.000182547759011754,0,0.0151325043092094,0.0113174784035505,0.00740539818018148,0.000104581959875378,0,0,0.00833370894381574,0,0,0.000966361522613475,8.1300758443339e-05
0.0160795089816622,0.0303711422498696,0.12231937657615,9.04888182465449e-05,0,0.000253336767120675,0.00393564469218412,0.000513015891631099,0.00227738270086379,0.000565304819090914,2.35637446341631,0.000282559113486177,0.0234491024165864,0.0129115137568363,0,0.00348199954532559,4.69414822678913,5.75469587029747,0,0.00199810550048671,0.00889990465260551,0.0101102890790123,0.0404674910736475,0.00339265885987912,0.177692408108583,2.54839872328715,0.195466064135216,0.0030456327469417,0.0219560536338841,0.0169169234962939,0.0408000481420525,0.00293001476628533,0.00640831763650434,1.41889345507263,0.000365831522651395,0.0197600544992437,0.0778059467754148,0.322876017110871,0.0545939390173853,0.000622564098378998,0.000215689727548363,0.0017189134822089,0.00380822651664775,0.00242500435075878,0.00859715883284941,0.00330233176265598,0,0,0.000578251704326085,0,0.0215420212051764,0.00190332812320796,0,0,0,0.000382116552844996,0,0.000641751406662238,0.000108716403383242,0.00106237825634176,0,0.00506950922661929,0.000129355737978156,0,0.000668155004385407,0.00238130815241024,0.00217939244698215,0.00464966490448174,0,8.48566589355363e-05,0.00216057898947512,0.000562177548046238,0.000810061660867512,0.0150167421825936,0.0141884607032542,0.0187670530001148,0.000331515285016957,0,0.000583229558948697,0.0039446382671162,0,0.000357764487635241,0.00175368588199835,0.000161856522322346
0.113371881883245,0,0.00173506656634071,15.3066282622198,0.00258263867542449,1.17207059084089,0.0287473477823933,0.192946397324785,1.28460223135416,4.92594539099159,0.0024305364657323,14.4104488413243,0.0019261941778875,0.437222643048278,0.0543923735777786,0.000432764046710398,0.00032348086567731,0.000178185695736844,0.00199810550048671,0,0.00282807855958539,0.000221002450543689,0.00432141147867397,1.30651463118971,0.00140935237123271,0.00051886070132636,0.00127491262333098,0.398378408388004,0.248126666512132,0.0035929238604929,0.000504310980393909,0.0321979793758104,0.0214652528847799,0.121190677915918,0.000150225790106018,0.0450470978857191,0.00509049910425037,0.0935075227193343,0.0741324578217908,0.0812343828943947,0.020353725451997,0,0.000317673772010795,0,0.00013466252813768,0.000396079370818396,0.00377565136718357,0.000786544356445942,0,0.000843709781914113,0,0.000354290842527489,0.497486683225152,0,0.00104557052110037,0.00322360881789713,0.000471298199558119,0.0332310760333495,0.00565427085850653,0,0.282802445398472,0.000185971015619457,0.000517537320824434,0.000967045400864622,0,0,0,0,0.0259207564975117,0.000186660259714559,0,0,0.0157001697918075,0,0,0,0.0232615919204902,0.000287342292109215,5.23849582228239e-05,0,0,0.000481864528065565,0.000571483612962858,1.92329064748076e-05
0.0280842636209623,0.0131337158447753,0.334104734428772,0.00121463753698388,0.000110074446024284,0.00193947822264394,0.144332491736755,0.00638854460130325,0.0125582599726037,0.00519103206066147,0.00281925541669785,0.000465896706873764,0.0015078024602333,0.0254747347559751,0.00257160814189929,0.97002290222537,0.078691820397366,0.00120083169494028,0.00889990465260551,0.00282807855958539,0,0.0864830537757426,7.92940708239578,0.374830084845222,0.00272293988649467,0.0311325300853969,0.153933863981401,2.10004870323529,1.00061828425214,4.05508649893366,0.000350168866704061,0.00333174932367166,1.06755579198739,0.431006256122996,0.0168020547747304,0.281295991623267,0.0665940010923947,0.395470694026188,0.185282865231952,0.0364640211259245,0.00296186586808628,0.000263137320107433,0.0464076014936929,0.00966207615129608,0.0168991257465171,0.0148851438549906,0.00362124584698434,0.0015246454571232,0.000435396794153625,0.00110032568697957,0.00185030479162107,0.00214991250782377,0.000383565294592481,0.000308256941405842,0,0.00281380462185618,0.000778911278375629,0.0157164939425784,0.000375749644092534,0.000539723937823644,0.000423144416647797,0.000714987130123262,0.00239466739441137,0.000293532711087285,0.265094038703765,0.000559691242267721,0.00011960090436847,0.000188705149592225,0.00037117209033505,0.027703687397607,0.0280342557478264,0.0212711630137104,0.0197511925612675,0.000250991650939412,0.000548503826810818,0.0060068492584169,0.0227739701052318,0.00758331314527926,0.0190994104302225,0,0.000115474689286389,0.00288320994267413,0.0108580213109085,0.00715902073281161
0.012095173380436,3.63131787807989,0.0320621398187698,0.00170569479997093,0,0.00126802415428424,0.0257567136556489,0.00164705677444968,2.94876261686776,0.00166044615033388,0.00600009986276432,0.000593418185902413,0.0240080618043202,0.0103419911306555,0.00296965144166074,5.91133592267209,0.0102015062305787,0.004601774429196,0.0101102890790123,0.000221002450543689,0.0864830537757426,0,0.141362665420556,2.36458616996397,0.343223962080873,0.0189901492814102,0.966766423147336,0.0928982022678376,0.0175978281595709,0.0470024342106582,0.01583250727718,0.000754745344739176,0.0169504506837988,0.0551374571756109,0.0057841912278317,0.205966318929587,0.0895906688708539,0.196116831379812,0.144796237521477,0.0323510520237599,0.00292898397952317,0.00262817652425536,0.0889063055849663,0.0358979606831439,0.0541941513550239,0.0420195009245285,0.0112674940417653,0.0033484698938191,0,0.00431505538225295,0.0499730210034422,0.0178149259016634,0.000182322901431839,0,0.000193256549728509,0.00343017260912579,0.00181596337714233,0.108066222148771,0.000742301821685484,0.000805349970725445,0.000457969732496964,0.000287930109680434,0.00341605989716109,0.000455744877496198,0.157474723515674,0.00595922345666988,0.000273687049475304,0.00177066594085852,0.0003845528442456,0.0421147541648948,0.992254112122701,0.087165426280919,0.031560542522434,0.00242012736888269,0.0026468498208699,0.0462105750047835,0.0271698437415253,0.00726017980144191,0.0188638138265815,0,0,0.00534046465578102,0.0145503592973873,0.00444140285260827
0.0822797167907712,0.047233079191583,3.50956027330397,0.000745262497714276,0,0.00469400526871741,0.266935858070044,0.0157674917563941,0.0184437211020894,0.0105796183523473,0.00372073186403685,0.000735357719343602,0.00467206595033443,0.0714723647562836,0.00485482623328216,1.70855016473176,1.8495582408573,0.00268519687298203,0.0404674910736475,0.00432141147867397,7.92940708239578,0.141362665420556,0,0.163507181786775,0.0037199556559014,0.191807299854397,1.61657629619782,0.568820814652154,0.784485615662401,0.592021348333427,0.00081109763153168,0.00497580974028229,0.094716581708615,0.388060838506047,0.0467958930319359,0.581013048412143,0.169001517857046,0.804024203066357,0.466133102026773,0.0874199634824738,0.00304950447635993,0.0016651828926876,0.0645878763742128,0.0245773585775291,0.0241759962267846,0.0229705003321335,0.00840730608818983,0.000955179085235388,0.000523288690427507,0.00113703114454013,0.00758337418285044,0.0117654723834092,0.000445994488420542,0.000140229069544782,3.47052075888588e-05,0.0040409357291647,0.000712927477416602,0.0109391724853212,0.000359673481214454,0.000529160031258534,0.000326980041120799,9.185166343468e-05,0.0018042598559993,0.00393275314176959,0.467628066280273,0.00273862843497352,9.13782391892791e-05,0.000549424247573913,0.000286678443013547,0.0154300372404144,0.0870910858020675,0.0811115149534784,0.0163232645501545,0.000176531363322398,0.0016183767103089,0.0399330859610239,0.0168725182235726,0.00437376312341048,0.00956928121073149,8.92039594952293e-05,0.000209916031751667,0.00148505112087176,0.00624180692351879,0.0225389255575054
0.0653968277802232,0.156833594463578,0.0221104389165641,8.12923468032057,0.000375332440581581,0.0374269125716408,0.782274265094004,0.0516954606929608,6.97896262941363,0.180789751521785,0.00245346612274183,1.4724539076367,0.00812804936182643,0.11966582999406,0.0290984303957502,2.44016429678867,0.00632028659447066,0.000540008108881363,0.00339265885987912,1.30651463118971,0.374830084845222,2.36458616996397,0.163507181786775,0,0.0261642021287429,0.00755658465048952,0.206998358821017,4.23706109518295,0.134709414791022,0.151216990863143,0.00263042187837236,0.00689263823263865,0.0574049047822897,0.0946678397808518,0.00662242420783604,0.25405977306517,0.075628252062641,0.126437590197498,0.108046248464338,0.238667376058218,0.00250584182113921,0.000574041785979882,0.0958626460716368,0.0136212310070943,0.0304711639704047,0.0377318501025718,0.0139444040307604,0.00646297150583119,0.000481874709863498,0.00529711299817245,0.00331002122407498,0.00400353300092658,0.367095516158678,0,0.00545720899919927,0.0416912464046559,0.011845278418275,0.276439287720236,0.0135549772768205,0.00128639113863652,0.0113627693718289,0.000648811428156508,0.0130132292050712,0.00206013778913656,0.0699360421201803,0.00163512177829169,0.000178433517947833,0.000446477805575425,0.0345558075728147,0.035549875516566,0.0610655337977458,0.0261569586755841,0.36815750071456,0.000814433677097973,0.00145241874203143,0.00903572170871952,0.266792634113793,0.0332119661216581,0.0370683772907581,6.82679667432205e-05,0.00143361586869168,0.0136093735518226,0.0308955349345224,0.0025760634938744
0.00246624605944038,1.30078778360678,0.018057650748554,0.000392130727369974,0,0.000123765347579373,0.00137092477759279,0.000106802471908841,0.117309090710784,0.000552807309058844,1.35364722133986,0,3.48303409549993,0.00166948688685376,0.00085850717015061,0.0315357575901816,0.0269752002210043,0.268274001198093,0.177692408108583,0.00140935237123271,0.00272293988649467,0.343223962080873,0.0037199556559014,0.0261642021287429,0,0.606624236668918,1.12355372106187,0.00202593649222276,0.00284525299344473,0.00273026099041552,1.31121968340543,0,0,0.112215113992546,0.000639350085484691,0.0552665342508025,1.65243762735809,0.426847448334736,0.107718740867888,0.00211938478945581,0,0.402030537511189,0.0294423444824405,0.376259860493172,0.114898398263262,0.042888315312004,0.000350187187127104,0.00100502419313269,0.146743291611015,0.000274903747308798,0.170458933961069,0.0047299552849904,0,0,8.10325330981559e-05,0.000377955286541983,0.000802582220988425,0.00567201031719651,0.000223765528176846,0.181322588466138,0.00019526075324814,0.817334705420389,0.000140125763857235,0,0.00238985084289591,0.0133383919605691,0.0526436707911664,0.0632630032312293,0.00172812963697716,0.00205938535947691,0.0189327163214407,0.0032532803839688,0.00209045063119194,1.20359239944096,0.237110096975838,0.211935877114094,0.000867032509521442,0.00134397879580578,0.00225092114360706,0.35281866607927,0,0.00205385356898577,0.0243224283630992,0.000304677969175081
0.0294766525102487,0.127585707463136,2.34124049919018,0.000292341056553997,0.000156847397754214,0.000591035051401181,0.0195801935042394,0.00260402654852351,0.0111139465247843,0.0010893786512183,1.19347282052533,9.35242555509476e-05,0.137387980840446,0.0253256455947097,9.00270252009909e-05,0.00614284301758115,1.89437356765824,0.54188970077596,2.54839872328715,0.00051886070132636,0.0311325300853969,0.0189901492814102,0.191807299854397,0.00755658465048952,0.606624236668918,0,2.12325144351223,0.00937316733375363,0.040144587099386,0.0398972396494688,0.35397274776729,0.00140132509244312,0.00550681155138841,0.304416308117034,0.00225798925153598,0.0719887320800473,0.151275663504885,0.379083508312837,0.0992404399733734,0.000573805936707174,0.000203848078519371,0.00611214667153064,0.0117331386929982,0.0144279391088971,0.0277000220977222,0.01139826349036,0.000176930894696765,0.000186526957451857,0.00131533328447135,0.000217602212100002,0.0695310759653128,0.00855751540679914,9.11557218765801e-05,0,0.000105161710560353,0.00142253948046859,2.41704971098598e-05,0.00243250267748158,0,0.00916980535894229,5.39484832311147e-05,0.0277096648153303,0.000579964896946699,0,0.00204417770556236,0.0117383578706604,0.00941461437270125,0.0232130276872344,0.000102534875408067,0.00122403295232679,0.00596839902036938,0.00299379618338543,0.00223357115833917,0.0389001127448772,0.10557125788783,0.136563509412661,0.00109082806568618,0.000110882010819833,0.00103777307050734,0.016542262979513,0,8.07128198497128e-05,0.00723199021957355,0.00118492010739356
0.0392253632509486,1.04660319425189,1.79829778576339,0.000564986989314687,3.97246466077978e-05,0.00218672237077903,0.0691726529692133,0.00694791823365667,0.102874286378923,0.00428266708379216,0.0787266662587532,0.000594066401895744,0.542235711907515,0.0390252069871567,0.00231618891208299,1.47117461711373,0.519519173621719,0.0522347728961241,0.195466064135216,0.00127491262333098,0.153933863981401,0.966766423147336,1.61657629619782,0.206998358821017,1.12355372106187,2.12325144351223,0,0.107730218921924,0.0538220063380386,0.0644916833023002,0.516873909912606,0.00112168390344184,0.00964730272124779,0.410275955981161,0.0301343006931473,0.449927143131281,0.195311743650919,0.820925966685018,0.449103859953214,0.0263956478058494,0.00131930470813501,0.00299523473344288,0.0962725226809594,0.0607544899148372,0.0926180570122356,0.0474290930842495,0.0073421731059572,0.000403125384061905,0.000713633810622357,0.00131874356170008,0.210865402935272,0.114510939001119,4.01530061327968e-05,8.65785254162274e-05,0.000157756753783909,0.00801621506224114,0.00202323909365142,0.00761953066051198,0.000301251052138683,0.00581235444459521,0.000246954177900205,0.0180279942256509,0.00333013294484107,0.00189436079673422,0.0619347265348386,0.0381390234736786,0.00608285295684063,0.0285534510662266,0.000115467174550621,0.0137239273806929,0.153117108313056,0.131456654662502,0.0143016145403166,0.044873988691208,0.12291718443327,0.447320766105257,0.0125345550825843,0.00362534199203529,0.00806424876711975,0.00752515223420075,0.000315074091204169,0.000729718523507254,0.0198214425747842,0.0226330991402928
0.178439729501244,0.0135357127224029,0.113097009967945,3.09575212695067,0.000279245531505807,0.168064476498184,6.12498769838281,0.116629641535149,0.482696854633747,2.02213786873546,0.00239520394276571,0.0724085910234192,0.00379175463322153,0.190587409236308,0.00445246304652102,0.270754839691587,0.0193266291568438,0.000542310501271486,0.0030456327469417,0.398378408388004,2.10004870323529,0.0928982022678376,0.568820814652154,4.23706109518295,0.00202593649222276,0.00937316733375363,0.107730218921924,0,0.1712259792409,2.10274308046194,0.000333433317494145,0.00726581961238865,0.0946007657259766,0.18508580807352,0.0105392767309714,0.326636106965479,0.0718038496486066,0.218727447751587,0.168029168913333,0.0276665192642819,0.00529628484606673,0.00117099811724565,0.0519284918183275,0.00675666104185488,0.0167900555342461,0.0191980688229051,0.00492103538051233,0.00271215211131339,0.000405391572989401,0.00264739722581221,0.00111701545043163,0.00244931031732074,0.498650790435329,0,0.00626186295949945,0.0327191946511006,0.00662516209813279,0.13771060349362,0.0152395979955915,0.000399460158965644,0.00912599531087788,9.01549890507643e-05,0.00888758824821215,0.00115218862223251,0.0269397292284294,0.000663958429922065,0.00021556467221433,0.000511025140305264,0.0286571470369458,0.0202367355319402,0.0116583360321822,0.00982354915453513,0.157130045195425,0.000298888107577334,0.00104782324885862,0.00465904744911715,0.380074183617213,0.0213058546786867,0.0209565554115476,3.22231305459526e-05,0.00088309692107013,0.00657899165121985,0.0177747006429287,0.00369408083157878
