0,0,0.00550967175505356,0.000374175895800712,0,0.000254779860814638,3.07713932982321,0.284322976140161,0.00636621629314563,0.0764653791971825,0.000166956663873034,0,0,1.96445331546262,0,0.000858342105851288,0.000539825114451269,0,0,0.0229907620803998,0.00934031822837794,0.0021433109615769,0.0094154985195827,0.0232278720175916,0,4.67143017322614e-05,0.000346409211684278,0.114073654455292,2.49494980308769,0.879122166063457,0,0.000297399739788595,0.0940135096361223,0.0555533674940165,8.88770453082068e-05,0.0286544829821225,0.00400693024577196,0.0251433978187823,0.0377398739016082,0,0,0,0,0,0,0,0,0,0,0,0,0,0,0,0,0,0,0,0,0,0,0,0,0,0,0,0,0,0,0,0.000889380692393749,0,0.00141520921729539,0,0,0,0,0,0,0,0,0,0,0
0,0,0.00653616660154058,0,0,0,0.000237705948258442,0,0.26829197691082,0,0.0060729040100855,0,0.148865141736649,0,0,0.169463163746269,0.00763086501633681,0.00171280384396943,0.0118814809932949,0,0.00217940878436678,1.16434653312809,0.00213510294701447,0.120332144598153,1.54142535952648,0.0490891133872269,2.54019392409349,0.0115915826393398,3.636592757204e-05,0.00114434181872427,0.0315637252528057,0,0.000329033075323388,0.00675105275672628,3.2288542748526e-05,0.00474733653640475,0.0671642086266998,0.00873046275106271,0.00394101105374331,0,0,0.00584049157401422,0,0.000809343406160762,0.000836523828258495,0,0,0,0,0,0.118875550208607,0.000346998118111008,0,0,0,0.000143189600750067,0,0.0581370884237524,0,0,0,0.00317789407142669,0,0,0.00239952959494689,0.00127198849226176,0,0.000958401912461714,0,4.05314314953784e-05,0.215069387394141,0.000488963622818217,0.00993153190146352,0.0476739901057596,0.00190619213101275,0.0206396258991237,0.00038199044768524,0,0,0,0,0,0.00134175070475661,5.6182648856398e-05
0.00550967175505356,0.00653616660154058,0,0,0,0,0.0365666625500528,0.000711564152387621,0.00617842356789701,0.000164586336488302,0.000995249127184085,0,0.00036257362388803,0.00139391688112326,0,0.0176858156932991,1.80860777779779,0.00204272006296614,0.00952346918711821,0,0.218558375361792,0.00812070130207184,5.4349271749417,0.0299664814306264,0.000293222330564012,1.66976176513257,3.8189523062142,0.158592929918301,0.00103474718158006,0.0846575848359669,0.000148765377571379,0,0.000673916430356336,0.230866474352841,0.00191907713173413,0.122557087095274,0.235210969779312,0.279961653445312,0.0922966335970161,0.000242789086344109,0,0.000388285410257419,0.000908223300141567,0,0,0.000610077213614928,0,0,0,0,0,0,0,0,0,0,0,0.00111204493226588,0,0,0,0,0,0,0,0,0,0,0,0,0.000609959310315506,0,0.00155129899723759,0,0,0.000115028558450899,0.000688235225342052,0,0,0,0,0,0,0.00118067546947563
0.000374175895800712,0,0,0,0,0,0.042007819299827,0.000625475681667556,0.298257219499222,1.98153486799346,0,1.59372541306774,0,0.000217746192117832,0,0,0,0,0,7.99320218128925,0,0,0,5.71270042162831,0,0,0,3.81896811720894,0.00135891502423126,0.000483332645500627,0,0,0,0,0,0,0,0,0,0.00315227327897718,0,0,0,0,0,0,0,0,0,0,0,0,0.472753262190017,0,0,0,0,0,0.00668009745041104,0,0,0,0,0,0,0,0,0,0,0,0,0,0.0006169791476246,0,0,0,0.0146850198588024,0,0,0,0,0,0,0
0,0,0,0,0,1.14436348166587,0,0.844563808555973,0,0,0,0,0,0.0418063137098725,0,0,0,0,0,0,0,0,0,0,0,0,0,0,0.174934025255669,0,0,5.73668797029004,0,0.0254090571475858,0,0,0,0,0,1.13622901469741,1.6150203121395,0,0,0,0,0,0,0,0,0,0,0,0,0,0,0,0,0,0,0,0,0,0,0,0,0,0,0,0,0,0,0,0,0,0,0,0,0,0,0,0,0,0,0
0.000254779860814638,0,0,0,1.14436348166587,0,0.00548219937211654,0.228108402533152,0,0.249538074458846,0,0.59936092112311,0,0.00809048551678723,0.0583539360819992,0,0,0,0,0.0132489503020259,0,0,0,0.0104230977732437,0,0,0,0.00105966568876437,0.0204087954605577,0,0,0.471538331454943,0,0.00301414000421863,0.4765432856601,0.000324699298360605,0.000550207498273053,0.000156809245234728,0,0.305404557336658,0.0442003898482377,0,0,8.10345967045059e-05,0,0.000444734070752364,0,0,0,0,0,0,0,0,0,0,0,0,0,0,0.00075592174097153,0,0,0,0,0,0,0,0,0,0,0.000174271819005151,0,0,0,0,0,0,0,0,0,0,0,0.00490357989862475
3.07713932982321,0.000237705948258442,0.0365666625500528,0.042007819299827,0,0.00548219937211654,0,0.55579423844981,0.0369759598296054,3.37611091432073,3.56897960372845e-05,0.00178878667520802,0,1.41994237492499,0,0.00114844038761104,0.000754579556066182,0,6.61853456076049e-05,0.324437997511044,0.0527306808499107,0.00314021392659151,0.0606460766819823,0.485404527234602,0,0.00031437893888256,0.00712018962089379,6.22091146893505,0.531614486664795,1.15291711845801,0,6.99030779090317e-05,0.0813324071016192,0.0491706378616057,0.000214503778748134,0.0387326842798359,0.00928690683390706,0.018074849105734,0.0279294281439214,0,0,0,0,0,0,0,0,0,0,0,0,0,0,0,0,6.35626918112581e-05,0,0.00133491620631977,0,0,0,0,0,0,0,0,0,0,0,0,0.000721332616917696,0,0.00464408600443816,0,0,0,0,0,0,0,0,0,0,2.37529357878016e-05
0.284322976140161,0,0.000711564152387621,0.000625475681667556,0.844563808555973,0.228108402533152,0.55579423844981,0,0.00184765726416558,0.777500152599376,0.000668579712424133,7.22308856485176e-05,0,1.549647218898,0,0,0,0,0,0.00709600838488261,0.00245079328845552,0.000469349727180728,0.00297435652739802,0.0129864338587515,0,0,0.000177028858818637,0.0298105933242096,0.225183628674873,0.0393893463062996,0,0.147074238358121,0.00766369436568382,0.0186004068492369,0,0.00245508224267157,0.000671015914605497,0.00137480557065644,0.00154668321871259,0.171699690666809,0.16869096021605,0,0,0,0,0,0,0,0,0,0,0,0,0,0,0,0,0.000410644228677233,0,0,0,0,0,0,0,0,0,0,0,0,4.65456702762298e-05,0,0.000174895670388177,0,0,0,0,0,0,0,0,0,0,0
0.00636621629314563,0.26829197691082,0.00617842356789701,0.298257219499222,0,0,0.0369759598296054,0.00184765726416558,0,0.00128283473684756,0.000437274638632385,1.36120416680763,0.00722312547099994,0.00149205110564519,0.626709559206225,0.0131073359556414,0.000433628023788647,0.0003708443190509,0.000371167551875567,0.189932390331909,0.00707583276696524,1.95933729469206,0.00485254156840363,8.20267597384894,0.0686098084699985,0.00217930593399046,0.0278331199840494,0.443138420493733,0.00157849375954387,0.0383777811382591,0.00199599068311501,0,0.0020725104099252,0.00495497178614652,0.000417647623208599,0.0131379219325386,0.0049226008730523,0.00611552569874751,0.00626277847196699,1.75768725669037,0,0.000149287937988343,0.000177563551278861,0.000159495508970258,0,0,0,0,0,0,0.0673035344965745,0,0,0,0,0.00126429199532722,0,1.49530191005854,0,0,0,0.00224148261261516,0.00147927592801859,0,0.00370436454888652,0.000594463181915975,0,0.00010751844658759,0,0,0.934449403559531,0.00037147337581708,0.434475268307008,0.0111098739537124,0.000186236824942449,0.00815855674330411,0.0373298488147277,0,3.4921796380134e-05,0,0,0,0,0.000697151895121263
0.0764653791971825,0,0.000164586336488302,1.98153486799346,0,0.249538074458846,3.37611091432073,0.777500152599376,0.00128283473684756,0,0,0.515611115641186,0,0.642219022084513,0,0,0,0,0,4.20509258289966,0.000499402405941211,5.27122134830905e-05,0.000524450679261959,0.0488663762790858,0,0,1.90681610682665e-05,3.01118906815636,0.0793271940262038,0.00910055054526933,0,0.00012063251232532,0.00324535276029457,0.00382883414778519,0,0.000749486190149891,0.000265890932289713,0.00044572804878036,0.000379842217448061,0,0,0,0,0,0,0,0,0,0,0,0,0,0.00281779806981013,0,0,0,0,0,0,0,0,0,0,0,0,0,0,0,0,0,0,0,0,0,0,0,0,0,0,0,0,0,0,0
0.000166956663873034,0.0060729040100855,0.000995249127184085,0,0,0,3.56897960372845e-05,0.000668579712424133,0.000437274638632385,0,0,0,3.04219794843068,0.00886149746896417,0,0.000468268669526961,0.000239031981085366,0.241667725939836,1.66622784087166,0,0.000403146150355638,0.00113065767439052,0.000756514530652807,0.000459534052629204,0.760764603086522,0.423280830983173,0.0769507408821295,0.000291811404142958,0.0688173134778621,0.000683491150474138,0.95061947135155,0.0144753422190447,0.000441640441678824,1.59530022847331,0.000907597964812372,0.0128511000623171,1.52507240341641,0.586688746615984,0.0439730254429929,0.000907570418471406,0,0.0113273070334822,0.000301651294722521,0.00363991679767583,0.000617975085984043,0,0,0,0,0,0.00137139970585006,0,0,0,0,0,0,0,0,0.00201298017710746,0,0.00217319133785954,0,0,0,0,0.000562121376959477,0.00237499713416201,0,0,0.000314001582194594,0,0,0.0130645814257979,0.00743960982694291,0.00739626382355632,0,0,0,0.000457130408967968,0,0,0.000760865460853971,0.000271873345194669
0,0,0,1.59372541306774,0,0.59936092112311,0.00178878667520802,7.22308856485176e-05,1.36120416680763,0.515611115641186,0,0,0,0,0.69841036568192,0,0,0,0,6.74512530708222,0,0,0,2.13839886815592,0,0,0,0.00828902330865439,8.64212945551682e-05,0,0,0,0,0,0.343785247536673,0.000303859583803532,7.60683089252546e-05,0,0,0.287535029793763,0,0,0,0,0,0,0,0,0,0,0,0,0.00395806099515304,0,0,0,0,0,0,0,0.000751771331542025,0,0,0,0,0,0,0,0,0,0,0,0,0,0,0,0,0,0,0,0,0,0,0.00530520461778431
0,0.148865141736649,0.00036257362388803,0,0,0,0,0,0.00722312547099994,0,3.04219794843068,0,0,0,0,0.00199201471319147,6.74467107636533e-05,0.00303846819897873,0.0067019466734634,0,0.000653504047349533,0.0211733640453878,0.000823519904401082,0.00427810355898621,4.75432407242662,0.207524827835907,0.641747915488467,0.000875665138124506,0,2.58923673726911e-05,3.68148173839027,8.63383291621906e-05,0,0.0119481699930289,7.37487472415559e-05,0.0416661131184326,0.822109762658658,0.0676305640782939,0.0286654371283179,0,0,0.887915568183809,0.000104084521910887,0.0035191506200373,0.000222920572574776,0.000336991005656651,0,0,0,0,0.00931613576191169,0,0,0,0,0,0,0.00190524043298729,0,0.0025757156829761,0,0.0962949505794708,0,0,0,0,0.000426188866319619,0.00055459559300617,0,0,0.00241039875766624,0,0.000449327346032528,0.0202594197718587,0.00878006596156798,0.00916466451629739,0,0,6.79367165941818e-05,0.000316254876000327,0,0,0.000336516304987591,1.19117479857995e-05
1.96445331546262,0,0.00139391688112326,0.000217746192117832,0.0418063137098725,0.00809048551678723,1.41994237492499,1.549647218898,0.00149205110564519,0.642219022084513,0.00886149746896417,0,0,0,0,0,0,0,0.000263245035898446,0.0118136469712557,0.00266967594821778,0.000581382918787302,0.00254711766489542,0.00806014354027666,0,4.24211415131844e-05,0.000168337509418666,0.0325087833866134,4.96832524096528,0.134626493210943,0,0.717129705364477,0.0177337564475796,0.392248454678844,7.51764400939829e-06,0.00348547731814654,0.000136571183609907,0.00687728562081864,0.00387458479981268,0.0199971171254778,0.00908269512671893,0,0,0,0,0,0,0,0,0,0,0,0,0,0,0,0,4.70502522764051e-05,0,0,0,0,0,0,0,0,0,0,0,0,7.1418465485279e-05,0,0,0,0,0,0,0,0,0,0,0,0,0
0,0,0,0,0,0.0583539360819992,0,0,0.626709559206225,0,0,0.69841036568192,0,0,0,0.00070769447099504,0,0,0,0,0,0,5.96772224780414e-05,0.000254903050462354,0,0,0,0,0,0,0,0,0,0.000718552666666357,0.461493370699412,0.000883338133368217,0.00142626109595617,0.00406527345296029,0.00253682884560383,1.19339679135196,0,0,0.00038786070017887,0.00290961139761961,0.00179894062412255,0.00287647857780865,0,0,0,0,0,0,0,0,0,0,0,0,0,0,0.000915334799192064,0,0,0,0,0,0,0,0,5.58400598751783e-05,0,0,0,0,0,0,0,0,0,0,0,0,0.000864641271110765,0.0286656887876572
0.000858342105851288,0.169463163746269,0.0176858156932991,0,0,0,0.00114844038761104,0,0.0131073359556414,0,0.000468268669526961,0,0.00199201471319147,0,0.00070769447099504,0,0.00175502872025512,0.000231618417234827,0.000457721955519581,0,1.50835023804894,3.14234079533739,3.00931116941987,1.24953759465123,0.017167221883539,0.0023004999081024,1.33292341582816,0.700279821385004,0.00038405388728445,0.0174019686361218,0.00103181377420311,0,0.00227293740807079,0.0755594784353116,0.00453977300110227,0.402774671048327,0.2180844850138,0.171641999838271,0.313839809182683,0,0,0.0001772688203069,0.00338697077456213,0.00174071627591202,0.000390890807372484,0.000807750545707845,0,0,0,0,0.0169372542602647,0,0,0,0,0,0,0.00472519355634964,0,0,0,0,0,0,0.000292646302092452,0,0,4.12835590118676e-05,0,0,0.0524544420567706,0.000291776400721465,0.00142724765827725,0.00401717559479628,2.38737258622451e-05,0.00289666690084011,0.000446492902280396,0,0,0,0,0,0,0.00132636298986187
0.000539825114451269,0.00763086501633681,1.80860777779779,0,0,0,0.000754579556066182,0,0.000433628023788647,0,0.000239031981085366,0,6.74467107636533e-05,0,0,0.00175502872025512,0,0.000130316629970595,1.25405045116364,0,0.00244867500167601,0.000953229517501472,2.65026720480226,0.000382502369736394,0.000820688430330525,2.73949275306506,0.237408083585568,0.00156392170811205,0.054125833009213,0.00268218785408517,0.000315969997612657,0,0,0.109903462546685,0.000370857271016859,0.00835069254584064,0.174795168437618,0.0740390136260874,0.0328433004856159,0,0,0.000636195442158226,0,0,0,0,0,0,0,0,0,0,0,0,0,0,0,0,0,0,0,0,0,0,0,0,0,0,0,0,0,0,0,0,0,0,0,0,0,0,0,0,0,0.000208421430935842
0,0.00171280384396943,0.00204272006296614,0,0,0,0,0,0.0003708443190509,0,0.241667725939836,0,0.00303846819897873,0,0,0.000231618417234827,0.000130316629970595,0,4.12184471978265,0,0,0.000396503662492805,0.000200659364326044,8.05676359618089e-05,0.0286461822470215,0.478322626535059,0.0259680616344059,0,0,0,0.00480238038158197,0,0,0.0043570294252164,5.69975255909037e-05,0.00186631432418931,0.0359907200260449,0.00652528801813343,0.00345095005429687,0,0,0,0,0.00116059720906005,0,0,0,0,0,0,0.000737559154592515,0,0,0,0,0,0,0,0,0.000488200173943515,0,0.00169045792755062,0,0,0,0,0.000199350437901491,0.000917682346375069,0,0,0,0,0,0.00812886435335131,0.00178851699224466,0.00266513906531366,0,0,0,0.000224109286447241,0,0,0.000228383870130809,2.6151933776858e-05
0,0.0118814809932949,0.00952346918711821,0,0,0,6.61853456076049e-05,0,0.000371167551875567,0,1.66622784087166,0,0.0067019466734634,0.000263245035898446,0,0.000457721955519581,1.25405045116364,4.12184471978265,0,0,0.000269550828451604,0.00146684148008281,0.00183474398407071,0.000349502408236288,0.082828510379013,3.61124968067405,0.137732637430622,6.39846170974172e-05,0.000318493646852002,0,0.00992563177797705,0.000371946910529032,0,0.967936901925004,0.00123886595503506,0.0352933726236002,0.430371339543702,0.269195044320514,0.151425997948755,0,0,0,0.000552697467571979,0.00156331139131471,0.000158216470559221,0.000726249475557757,0,0,0,0,0.000909508483734466,0,0,0,0,0,0,0,0,0.000453952270234787,0,0.00198164964905645,0,0,0,0,0.000361468122835568,0.00211245566793987,0,0,0.000386545562529187,0,0.0002129247292172,0.0207153773025818,0.00428788791578532,0.0059531017370039,0,0,0,0,0,0,0.000567839569671279,0.000598173678408849
0.0229907620803998,0,0,7.99320218128925,0,0.0132489503020259,0.324437997511044,0.00709600838488261,0.189932390331909,4.20509258289966,0,6.74512530708222,0,0.0118136469712557,0,0,0,0,0,0,0,0,0,1.36598127500148,0,0,1.87522957867314e-05,0.905825191568571,0.0585990156562284,0.000364579242337183,0,0,0.00138463398655095,0.00151049603769455,0,0,0,0,0,0.00288257159216282,0,0,0,0,0,0,0,0,0,0,0,0,0.0301555724050954,0,0,0,0,0,0,0,0,0,0,0,0,0,0,0,0,0,0,0,0,0,0,0,0,0,0,0,0,0,0,0
0.00934031822837794,0.00217940878436678,0.218558375361792,0,0,0,0.0527306808499107,0.00245079328845552,0.00707583276696524,0.000499402405941211,0.000403146150355638,0,0.000653504047349533,0.00266967594821778,0,1.50835023804894,0.00244867500167601,0,0.000269550828451604,0,0,0.0737479504019443,8.46011630535189,0.489435744429272,0.000450009688638044,0.00103138952265507,0.0605907415396536,2.70330404648918,0.817872067781294,2.85575214817779,0,8.49989079581785e-05,0.669429815924247,0.109101219606128,0.00364885359122329,0.32675172328574,0.132856716367985,0.0923669066165385,0.191204025014798,0.000147960345639814,0,0.000523950246521387,0.0012785604750236,0.000416653821695605,0,0.000717082168821922,0,0,0,0,0.000226362475107672,0,0,0,0,0,0,0.00649803351702592,0,0,0,0,0,0,5.67184187541666e-05,0,0,0,0,0,0.00600019932987077,0,0.000762437098871368,0,0,0.000117396690578222,0,0,0,0,0,0,0,0.00140643674648037
0.0021433109615769,1.16434653312809,0.00812070130207184,0,0,0,0.00314021392659151,0.000469349727180728,1.95933729469206,5.27122134830905e-05,0.00113065767439052,0,0.0211733640453878,0.000581382918787302,0,3.14234079533739,0.000953229517501472,0.000396503662492805,0.00146684148008281,0,0.0737479504019443,0,0.0151293991734484,2.08848686411841,0.154452535441439,0.00822863644299469,1.03092046656052,0.143075464197108,0.000521261954141063,0.0227467356582638,0.00360459924492634,0,0.00264336049064288,0.0274983636407808,0.000638579558966646,0.0805539940601614,0.0356626315954982,0.0344424350646273,0.0540517370711279,0,0,0,0.000743941311651503,0.000790516613850753,0.00183823800168395,0.00232913211054588,0,0,0,0,0.534498986707614,0.00018182386847827,0,0,0,0.000112377429332562,0,0.96618124422563,0,0.000404226917420654,0,0.00608768920030302,0,0,0.00948749528623653,0.000652380742800435,0.00015406407242797,0.000272841368492149,0,0,2.55127329173636,0.00423677122377165,0.112456116654897,0.118256877510219,0.00149950843070412,0.0618109099272546,0.00368438337454603,0,0.000153812658528901,0.00115570215530256,0,0,0.00113288215346162,0.000170723723091989
0.0094154985195827,0.00213510294701447,5.4349271749417,0,0,0,0.0606460766819823,0.00297435652739802,0.00485254156840363,0.000524450679261959,0.000756514530652807,0,0.000823519904401082,0.00254711766489542,5.96772224780414e-05,3.00931116941987,2.65026720480226,0.000200659364326044,0.00183474398407071,0,8.46011630535189,0.0151293991734484,0,0.0488191127923229,0.000404896046490196,0.0363061095944157,1.62513516973978,0.565730090016675,0.30867344155867,0.304531718358522,2.3429235135152e-05,0,0.0600195653612664,0.231111668393074,0.0178920615809154,0.707577601857423,0.504749614570534,0.402306079345692,0.412136362871715,0,0,0.00178387641277192,0.0045256238578614,0.00182078334053583,0.000400052256385841,0.000997441407265734,0,0,0,0,0.00089759962897522,0,0,0,0,0,0,0.00243967259405056,0,0.000106105121981336,0,0,0,0,0,0,0,0,0,9.24043278935829e-05,0.000528293893903081,0.000306081720954948,0.00143176551891906,3.80403260474903e-05,0,0,0.000225739500840794,0,0,0,0,0,0,0.00671407750494637
0.0232278720175916,0.120332144598153,0.0299664814306264,5.71270042162831,0,0.0104230977732437,0.485404527234602,0.0129864338587515,8.20267597384894,0.0488663762790858,0.000459534052629204,2.13839886815592,0.00427810355898621,0.00806014354027666,0.000254903050462354,1.24953759465123,0.000382502369736394,8.05676359618089e-05,0.000349502408236288,1.36598127500148,0.489435744429272,2.08848686411841,0.0488191127923229,0,0.0297805818309488,0.00269375112768906,0.131760023841926,4.86460921520707,0.0178243246097635,0.124174974056611,0.00111017831525086,0,0.0049471861537846,0.0262726638536023,0.00540805348552682,0.0601182938631051,0.0187314112348474,0.0228031535690402,0.0354251818399385,0.0473637570154896,0,0,0.000158999118482228,9.61246568931462e-05,0,0,0,0,0,0,0.0184233858469143,3.78741561025964e-05,0.0128615831981161,0,0,0.00141911654722185,0,0.363195437748474,0,0,0,0.0002042613771434,0,0,0.000539421256676276,0,0,5.0929395678077e-05,0.0015598981872075,2.36417450701913e-05,0.218057626578605,7.2279611312434e-05,0.337975121946034,0.00467341426973784,0.000100531011643135,0.0030101210622003,0.0290202081981692,0,0,0,0,0,0,0.00391312286336832
0,1.54142535952648,0.000293222330564012,0,0,0,0,0,0.0686098084699985,0,0.760764603086522,0,4.75432407242662,0,0,0.017167221883539,0.000820688430330525,0.0286461822470215,0.082828510379013,0,0.000450009688638044,0.154452535441439,0.000404896046490196,0.0297805818309488,0,0.477192770989416,2.18690963856786,0.00220108663127051,0.000213049249802442,0.000109741589494517,0.897879331022526,0,0,0.0404350561280757,0,0.0106701440380685,2.51086941064874,0.191375279802338,0.00641723438529379,0,0,1.10180390252348,0.000480072343390813,0.033342217581296,0.00906700363106263,0.00178850030103425,0,0,0.000778644515535692,0,0.171070314920769,0,0,0,0,0,0,0.0107127625711577,0,0.0301109062739875,0,0.0885200507003872,0,0,0.000161720505319911,0,0.00556976438484541,0.0204295405793697,0,0,0.0381263388750828,0.000409406604694905,0.00223248948238314,0.680480155150586,0.0856005704164241,0.120594937450004,0.00024551856744409,0,0,0.0157219699004995,0,0,0.00345214211640323,9.03237590860779e-05
4.67143017322614e-05,0.0490891133872269,1.66976176513257,0,0,0,0.00031437893888256,0,0.00217930593399046,0,0.423280830983173,0,0.207524827835907,4.24211415131844e-05,0,0.0023004999081024,2.73949275306506,0.478322626535059,3.61124968067405,0,0.00103138952265507,0.00822863644299469,0.0363061095944157,0.00269375112768906,0.477192770989416,0,3.4723710393753,0.000788922791988629,0,0.000321027657062996,1.57149942852876,0,0,0.0819200525017865,0.000869782924621299,0.031442144214137,0.292368467258013,0.0730527816192008,0.0225639098888146,0.000146565510123625,0,0.00137755560888009,0.00048026505211829,0.0100206380280476,0.001300220381532,0.000398092043594549,0,0,0,0,0.00278633061199648,0,0,0,0,0,0,0.000352348886687466,0,0.00804944459669998,0,0.0131913446645173,4.20029649353367e-05,0,0.000217461702553899,0,0.00168922245050097,0.00515519219713544,0,0,0.00183388426473683,0,0.000279077838944461,0.04853123020662,0.0356865164199772,0.0334755063035065,0,0,0,0.00160626027108402,0,0,0.001600298692732,0.000335849547813387
0.000346409211684278,2.54019392409349,3.8189523062142,0,0,0,0.00712018962089379,0.000177028858818637,0.0278331199840494,1.90681610682665e-05,0.0769507408821295,0,0.641747915488467,0.000168337509418666,0,1.33292341582816,0.237408083585568,0.0259680616344059,0.137732637430622,1.87522957867314e-05,0.0605907415396536,1.03092046656052,1.62513516973978,0.131760023841926,2.18690963856786,3.4723710393753,0,0.0781489818543214,0.000331828703754632,0.0125381729104848,0.923394328074544,0,0.000118457499533897,0.184428080686095,0.00474503662781881,0.122392982604439,0.205356506440425,0.204045206723917,0.0780253644393973,0.000285600876436072,0,0.00119836337100114,0.00147765927004782,0.0114222667958187,0.00217056905663456,0.00110664520060393,0,0,0,0,0.0434730413530473,0,0,0,0,0,0,0.00879598107930281,0,0.00744541845712792,0,0.0190987727782755,0,0,0.000404889747754973,0,0.00221608833713948,0.00918769258874756,0,0.000189701928759375,0.0538963100947614,0.000751978603499857,0.00267947783429583,0.079069637927364,0.0453242981111312,0.0723071370445326,0.000228651508828922,0,0,0.00198510051597108,0,0,0.00213338332088104,0.00209063199746855
0.114073654455292,0.0115915826393398,0.158592929918301,3.81896811720894,0,0.00105966568876437,6.22091146893505,0.0298105933242096,0.443138420493733,3.01118906815636,0.000291811404142958,0.00828902330865439,0.000875665138124506,0.0325087833866134,0,0.700279821385004,0.00156392170811205,0,6.39846170974172e-05,0.905825191568571,2.70330404648918,0.143075464197108,0.565730090016675,4.86460921520707,0.00220108663127051,0.000788922791988629,0.0781489818543214,0,0.139141363244158,3.03417271049874,0.000110681538653291,0.000106126452014688,0.0762559158541938,0.106868235494601,0.00173423306447569,0.178788922348259,0.0584875190367451,0.0644413704148549,0.101783510502295,0,0,0.000263598913365535,0.000427347605665854,0.000273433631672468,0,7.12773190867863e-05,0,0,0,7.2158384319369e-05,0.00198140203620836,0,0.0333842327798897,0,0,0.000201150205322411,0,0.066724094777116,0.00630546327948053,0,0,2.62175647078589e-05,0,0,0,0,0,0,0.00078195467063126,0,0.0316968318253411,6.4291329475868e-05,0.0493811314655539,0.000202261694219199,0,0.000314968940393334,0.0153925669226169,0,0,0,0,0,0,0.000779716105936228
2.49494980308769,3.636592757204e-05,0.00103474718158006,0.00135891502423126,0.174934025255669,0.0204087954605577,0.531614486664795,0.225183628674873,0.00157849375954387,0.0793271940262038,0.0688173134778621,8.64212945551682e-05,0,4.96832524096528,0,0.00038405388728445,0.054125833009213,0,0.000318493646852002,0.0585990156562284,0.817872067781294,0.000521261954141063,0.30867344155867,0.0178243246097635,0.000213049249802442,0,0.000331828703754632,0.139141363244158,0,2.90678601298594,0,2.01539789783737,3.85895937979262,3.3630802779129,3.91854278190148e-05,0.0251188257415013,0.00155834577651453,0.0491673119807099,0.0190987835530029,0.315214150767519,0.0384550707304236,0,0,0,0,0,0,0,0,0,0,0,0,0,0,0,0,0.00031268602501907,0,0,0,0,0,0,0,0,0,0,0,0,7.41442485664929e-05,0,9.4819550823699e-05,0,0,0,0,0,0,0,0,0,0,6.32486771216085e-06
0.879122166063457,0.00114434181872427,0.0846575848359669,0.000483332645500627,0,0,1.15291711845801,0.0393893463062996,0.0383777811382591,0.00910055054526933,0.000683491150474138,0,2.58923673726911e-05,0.134626493210943,0,0.0174019686361218,0.00268218785408517,0,0,0.000364579242337183,2.85575214817779,0.0227467356582638,0.304531718358522,0.124174974056611,0.000109741589494517,0.000321027657062996,0.0125381729104848,3.03417271049874,2.90678601298594,0,0,7.06024782798661e-05,2.29260905595287,1.01097727837895,0.000516847520032115,0.101782096370914,0.0157776040492514,0.0767063499408671,0.0706779399914524,0,0,6.14625288718113e-05,0,0,0,0,0,0,0,0,9.2272026585849e-05,0,0,0,0,0,0,0.0117590939608545,0,0,0,0,0,0,2.77754745168146e-05,0,4.92385430395262e-05,0,0,0,0.00660465668488494,0,0.0109341904807902,0,1.90294030820265e-05,5.17048966663705e-05,0.00116249505998347,0,0,0,0,0,0,0.000122887728134823
0,0.0315637252528057,0.000148765377571379,0,0,0,0,0,0.00199599068311501,0,0.95061947135155,0,3.68148173839027,0,0,0.00103181377420311,0.000315969997612657,0.00480238038158197,0.00992563177797705,0,0,0.00360459924492634,2.3429235135152e-05,0.00111017831525086,0.897879331022526,1.57149942852876,0.923394328074544,0.000110681538653291,0,0,0,0.000220244615874103,0,0.0139758396848233,2.57573082406565e-05,0.00344613682687268,0.312258479772731,0.0840623131697991,0.00129870594871766,0,0,0.00911410340832096,0,0.00254661643773429,0.000988279281868384,0,0,0,0,0,0.00491898134444439,0,0,0,0,0,0,0.00103348207723648,0,0.0012538369153546,0,0.00112642044542853,0,0,0,0,0.000899507198102554,0.0013761615304691,0,0,0.000705190453659445,0,0,0.0132718604839322,0.0054370149522328,0.00310613600244689,0,0,0,0,0,0,0.000411939817022603,0
0.000297399739788595,0,0,0,5.73668797029004,0.471538331454943,6.99030779090317e-05,0.147074238358121,0,0.00012063251232532,0.0144753422190447,0,8.63383291621906e-05,0.717129705364477,0,0,0,0,0.000371946910529032,0,8.49989079581785e-05,0,0,0,0,0,0,0.000106126452014688,2.01539789783737,7.06024782798661e-05,0.000220244615874103,0,0.00203414781708865,1.32128497555372,0,0.000176877361802734,0,0.00244345777095043,0,0.0378430854124625,0.306988695896866,0,0,0,0,0,0,0,0,0,0,0,0,0,0,0,0,0,0,0,0,0,0,0,0,0,0,0,0,0,0,0,0,0,0,0,0,0,0,0,0,0,0,0
0.0940135096361223,0.000329033075323388,0.000673916430356336,0,0,0,0.0813324071016192,0.00766369436568382,0.0020725104099252,0.00324535276029457,0.000441640441678824,0,0,0.0177337564475796,0,0.00227293740807079,0,0,0,0.00138463398655095,0.669429815924247,0.00264336049064288,0.0600195653612664,0.0049471861537846,0,0,0.000118457499533897,0.0762559158541938,3.85895937979262,2.29260905595287,0,0.00203414781708865,0,0.84526999232656,0,0.0076578209329479,0.00108688126045017,0.0676550422489908,0.0247020047105342,0,0,0,0,0,0,0,0,0,0,0,0,0,0,0,0,0,0,0,0,0,0,0,0,0,0,0,0,0,0,0,0,0,0,0,0,0,0,0,0,0,0,0,0,0
0.0555533674940165,0.00675105275672628,0.230866474352841,0,0.0254090571475858,0.00301414000421863,0.0491706378616057,0.0186004068492369,0.00495497178614652,0.00382883414778519,1.59530022847331,0,0.0119481699930289,0.392248454678844,0.000718552666666357,0.0755594784353116,0.109903462546685,0.0043570294252164,0.967936901925004,0.00151049603769455,0.109101219606128,0.0274983636407808,0.231111668393074,0.0262726638536023,0.0404350561280757,0.0819200525017865,0.184428080686095,0.106868235494601,3.3630802779129,1.01097727837895,0.0139758396848233,1.32128497555372,0.84526999232656,0,0.00823516460446875,0.562736698288118,0.94588454600875,5.71729269957659,1.29232475900166,0.035656986595761,0.0278585368354575,0.0108077299223636,0.00223400754665292,0.00146154666181154,0.00126113410104829,0.000964417880600869,0,0,0,0,0.00014864824076968,0,0,0,0,0,0,6.6406714279542e-05,0,0.000159200673050825,0,0.000365552617150443,0,0,0,0,6.46610341193824e-05,0.000174440733471255,0,0,0.0017968147349361,0.00014106036029812,0.00176274433963848,0.00157967120203967,0.00174033826004849,0.00136437578005501,9.11820443631186e-05,0,4.56477009026096e-05,0,0,0,0.00019147281189257,0.00335053286328177
8.88770453082068e-05,3.2288542748526e-05,0.00191907713173413,0,0,0.4765432856601,0.000214503778748134,0,0.000417647623208599,0,0.000907597964812372,0.343785247536673,7.37487472415559e-05,7.51764400939829e-06,0.461493370699412,0.00453977300110227,0.000370857271016859,5.69975255909037e-05,0.00123886595503506,0,0.00364885359122329,0.000638579558966646,0.0178920615809154,0.00540805348552682,0,0.000869782924621299,0.00474503662781881,0.00173423306447569,3.91854278190148e-05,0.000516847520032115,2.57573082406565e-05,0,0,0.00823516460446875,0,0.119483916522061,0.064343312379922,0.0333862745389955,0.0175727871966,0.0017665156544601,0,0.000240943235996875,0.0173851564911507,0.0319550301274711,0.0126269451925621,0.0113978248455529,0.000419775149995757,0,0,1.83727480815943e-05,3.28491297636275e-05,0.000431015525829234,0,0,0.00117412527003299,3.08205558990667e-05,0,0.00013889684282852,0,9.54764702782102e-05,0.0134451920569299,8.20896068347315e-06,3.21763828514026e-05,0.00808187076156704,0.000772378206098315,0.000143601713197378,0,0.000290809800018338,0,0.000992685801416774,0.000196473733252055,0.00359872485357304,4.46366367281025e-05,0,0.000422362280893267,0.000657663174732266,0.000610549169664184,0.000123850345504592,0.000343926683406012,0,0,0.000135882143084743,0.00247784882671096,1.30524944379642
0.0286544829821225,0.00474733653640475,0.122557087095274,0,0,0.000324699298360605,0.0387326842798359,0.00245508224267157,0.0131379219325386,0.000749486190149891,0.0128511000623171,0.000303859583803532,0.0416661131184326,0.00348547731814654,0.000883338133368217,0.402774671048327,0.00835069254584064,0.00186631432418931,0.0352933726236002,0,0.32675172328574,0.0805539940601614,0.707577601857423,0.0601182938631051,0.0106701440380685,0.031442144214137,0.122392982604439,0.178788922348259,0.0251188257415013,0.101782096370914,0.00344613682687268,0.000176877361802734,0.0076578209329479,0.562736698288118,0.119483916522061,0,4.44638091121524,1.11241573318397,0.775605691006986,1.91989458711723,0,0.103510557420029,0.139314597744963,0.129628665193047,0.0176895265008074,0.0316781942391174,0,0,0.000249732510892244,0.000359867164228221,0.000389202445603839,0.000596734028650797,0,0,0,0.000210054934991433,0,0.0013865174979894,0,0.00049833192361335,0,6.87191133382811e-05,3.57333759649098e-05,0.000346924864074866,0.00498391020622268,0,5.54264705341923e-05,0.000445133793212536,0,0.0045508608583464,0.0038008493593059,0.015520293660959,0.00225918290277535,0.00019914428015705,0.000708667557110123,0.00214995393545296,0.00423065626067894,0.000794813296454568,0.00213604991474363,8.84568645213241e-05,0,0.000481490472975694,0.00409399861433879,0.0316323973906504
0.00400693024577196,0.0671642086266998,0.235210969779312,0,0,0.000550207498273053,0.00928690683390706,0.000671015914605497,0.0049226008730523,0.000265890932289713,1.52507240341641,7.60683089252546e-05,0.822109762658658,0.000136571183609907,0.00142626109595617,0.2180844850138,0.174795168437618,0.0359907200260449,0.430371339543702,0,0.132856716367985,0.0356626315954982,0.504749614570534,0.0187314112348474,2.51086941064874,0.292368467258013,0.205356506440425,0.0584875190367451,0.00155834577651453,0.0157776040492514,0.312258479772731,0,0.00108688126045017,0.94588454600875,0.064343312379922,4.44638091121524,0,3.41822178941846,2.14636670391068,0.000572750386288722,0,2.99671432109573,0.0353435383612251,0.0281876360794862,0.00597634201796427,0.0132113777862253,0.000959091414486191,0,0,0,0.00427141668513534,0,0,0,0,0,0,0.000659891085319853,0,0.0026648511142889,0.000160705013716837,0.00537378092007282,0,0,0.0012612746776204,0,0.000760889138165926,0.00230488873015048,0,0.000440183067454416,0.00494577091498351,0.00170344745270631,0.000654184242395072,0.0151980905740998,0.00863230942646238,0.0089101114005458,6.68578600071818e-05,0.000471337902207512,0.000661653474453469,0.000297063390759134,0,0.00149670218323879,0.00122727938897318,0.0239073339831372
0.0251433978187823,0.00873046275106271,0.279961653445312,0,0,0.000156809245234728,0.018074849105734,0.00137480557065644,0.00611552569874751,0.00044572804878036,0.586688746615984,0,0.0676305640782939,0.00687728562081864,0.00406527345296029,0.171641999838271,0.0740390136260874,0.00652528801813343,0.269195044320514,0,0.0923669066165385,0.0344424350646273,0.402306079345692,0.0228031535690402,0.191375279802338,0.0730527816192008,0.204045206723917,0.0644413704148549,0.0491673119807099,0.0767063499408671,0.0840623131697991,0.00244345777095043,0.0676550422489908,5.71729269957659,0.0333862745389955,1.11241573318397,3.41822178941846,0,3.12468033677174,0.00115135764995163,0,0.329894806192616,0.0178889482987462,0.0214903787261358,0.00549659422000384,0.00903034843195073,0,0,0,0,0.00127981613864448,0,0,0,0,0,0,0.00258644079357799,0,0.000939083712722739,8.25567421109319e-05,0.00123546183798372,0,0,0.000366758215934924,0,0.000129477045205509,0.000538831387481095,0,0.000486489186042845,0.0036775470273915,0.00166149834116215,0.00120536131652036,0.00413319923561731,0.00144076962839194,0.00244864123627952,0,0,0,0,0,0,0.00154238553712938,0.0162460858906296
0.0377398739016082,0.00394101105374331,0.0922966335970161,0,0,0,0.0279294281439214,0.00154668321871259,0.00626277847196699,0.000379842217448061,0.0439730254429929,0,0.0286654371283179,0.00387458479981268,0.00253682884560383,0.313839809182683,0.0328433004856159,0.00345095005429687,0.151425997948755,0,0.191204025014798,0.0540517370711279,0.412136362871715,0.0354251818399385,0.00641723438529379,0.0225639098888146,0.0780253644393973,0.101783510502295,0.0190987835530029,0.0706779399914524,0.00129870594871766,0,0.0247020047105342,1.29232475900166,0.0175727871966,0.775605691006986,2.14636670391068,3.12468033677174,0,0.0337451945976299,0,0.135889052301393,0.00709066158827987,0.0137334466795588,0.00322170224415721,0.00363232907179871,0,0,0,0,0.00174207985975745,0,0,0,0,0,0,0.0030179409090849,0,0,0,0.000467371680047266,0,0,0,0,0,0,0,0.000624152174177189,0.00333262145849243,0.00161361060802872,0.000794460334217198,0.000621945141144543,9.11418139811003e-05,0.000710589330333647,0.000640130299024727,0,0.000160757361423068,0.000455113738319218,0,0,0.00227352418639312,0.0120907287618972
0,0,0.000242789086344109,0.00315227327897718,1.13622901469741,0.305404557336658,0,0.171699690666809,1.75768725669037,0,0.000907570418471406,0.287535029793763,0,0.0199971171254778,1.19339679135196,0,0,0,0,0.00288257159216282,0.000147960345639814,0,0,0.0473637570154896,0,0.000146565510123625,0.000285600876436072,0,0.315214150767519,0,0,0.0378430854124625,0,0.035656986595761,0.0017665156544601,1.91989458711723,0.000572750386288722,0.00115135764995163,0.0337451945976299,0,2.78131147438717,0,6.25961314750637e-05,0,0.000278769587959334,0.000632836361169453,0.00158784932951309,0,0,0,0,0,0,0,0,0,0,0,0,0,0,0,0,0,0,0,0,0,0,0,0,0,0,0,0,0,0,0,0,0,0,0,0.000522903955141457,0.00130996893959656
0,0,0,0,1.6150203121395,0.0442003898482377,0,0.16869096021605,0,0,0,0,0,0.00908269512671893,0,0,0,0,0,0,0,0,0,0,0,0,0,0,0.0384550707304236,0,0,0.306988695896866,0,0.0278585368354575,0,0,0,0,0,2.78131147438717,0,0,0,0,0,0,0,0,0,0,0,0,0,0,0,0,0,0,0,0,0,0,0,0,0,0,0,0,0,0,0,0,0,0,0,0,0,0,0,0,0,0,0,0
0,0.00584049157401422,0.000388285410257419,0,0,0,0,0,0.000149287937988343,0,0.0113273070334822,0,0.887915568183809,0,0,0.0001772688203069,0.000636195442158226,0,0,0,0.000523950246521387,0,0.00178387641277192,0,1.10180390252348,0.00137755560888009,0.00119836337100114,0.000263598913365535,0,6.14625288718113e-05,0.00911410340832096,0,0,0.0108077299223636,0.000240943235996875,0.103510557420029,2.99671432109573,0.329894806192616,0.135889052301393,0,0,0,0,0.0010060927232739,0.00169794750339411,0,0,0,0,0,0,0,0,0,0,0,0,0,0,0,0,0,0,0,0,0,0,0,0,0,0,0,0,0,0,6.99165631307275e-05,0,0,0,0,0,0,0,0.00011612818862898
0,0,0.000908223300141567,0,0,0,0,0,0.000177563551278861,0,0.000301651294722521,0,0.000104084521910887,0,0.00038786070017887,0.00338697077456213,0,0,0.000552697467571979,0,0.0012785604750236,0.000743941311651503,0.0045256238578614,0.000158999118482228,0.000480072343390813,0.00048026505211829,0.00147765927004782,0.000427347605665854,0,0,0,0,0,0.00223400754665292,0.0173851564911507,0.139314597744963,0.0353435383612251,0.0178889482987462,0.00709066158827987,6.25961314750637e-05,0,0,0,5.5445970111056,0.874820702823387,0.661482547435536,1.89355538445943,0,0.099026501359599,0.0171764905469452,0.00106078768655904,0.0342101214531296,0,0,0,0.0230811773676984,0.000361937562589934,0.00428573021077934,5.55895725866088e-05,0.0328661485885013,0,0.0144367805359039,0.00462667397344017,0.00200078413059968,0.30864461392751,0.00593283669945207,0.000158002210797442,0.0117333572268102,0,0.277489106443813,0.052634012667743,0.660425490011561,0.03030118905039,0.00455512151974603,0.0182659406927108,0.0581261855660511,0.17965930018334,0.0902761581048712,0.158930696015553,0.00432097795021775,0,0.131103596709073,0.259791725198014,0.107503764604661
0,0.000809343406160762,0,0,0,8.10345967045059e-05,0,0,0.000159495508970258,0,0.00363991679767583,0,0.0035191506200373,0,0.00290961139761961,0.00174071627591202,0,0.00116059720906005,0.00156331139131471,0,0.000416653821695605,0.000790516613850753,0.00182078334053583,9.61246568931462e-05,0.033342217581296,0.0100206380280476,0.0114222667958187,0.000273433631672468,0,0,0.00254661643773429,0,0,0.00146154666181154,0.0319550301274711,0.129628665193047,0.0281876360794862,0.0214903787261358,0.0137334466795588,0,0,0.0010060927232739,5.5445970111056,0,4.37629373796049,3.59534649815732,0.01892358292349,0,3.54159715915952,0.00977955791084575,0.00722892230137391,0.0353261287499534,0,0,0.00057983814688542,0.0121706309755093,6.64086925386202e-05,0.000548985600017093,6.4855500319367e-05,2.61826966688368,0.000637236667105481,1.06206462156608,0.00109769800118375,0.0028207959414114,0.11795703225553,0.31302647396064,0.0183526064687289,0.217350565622968,0,0.117602628857355,0.0309003893247966,0.401676572122143,0.0109655199045046,2.42223437317414,0.412372709138749,0.1525602845785,0.0723408886839325,0.0193406951389056,0.053171969562214,0.647509525217003,0,0.0339082212101251,0.750052726138257,0.124404699493335
0,0.000836523828258495,0,0,0,0,0,0,0,0,0.000617975085984043,0,0.000222920572574776,0,0.00179894062412255,0.000390890807372484,0,0,0.000158216470559221,0,0,0.00183823800168395,0.000400052256385841,0,0.00906700363106263,0.001300220381532,0.00217056905663456,0,0,0,0.000988279281868384,0,0,0.00126113410104829,0.0126269451925621,0.0176895265008074,0.00597634201796427,0.00549659422000384,0.00322170224415721,0.000278769587959334,0,0.00169794750339411,0.874820702823387,4.37629373796049,0,5.11073918063616,0.0236915898048465,0,0.945770278297471,0.0206187009507739,0.00828510094441587,0.108099093605076,9.376662763359e-05,0.000612164432471848,0,0.0213620725904924,0.000487928363828425,0.000936897738902683,0,0.929671898743138,0.000443084388842732,0.0472509065522345,0.00545580562861042,0.000762184864538218,0.133187899612263,0.402236525600464,0.00499764342426217,0.298435007928157,0,0.479703486717966,0.048790784941629,0.548097155716578,0.0169410155399227,0.0485293452655742,0.194887615328532,0.162678187303071,0.090706914178033,0.179821647865496,0.153498311423849,0.0485646549746066,0.00746716068496632,0.37570144880314,6.23487481612382,0.0341110225312556
