0,0,0,0.00161556876648265,0.000439221381052912,0.00951394695924182,1.7157154549801,0.0716469536610763,0.00231083064877127,0.0420110401002373,0.000637951462885411,0.00489851587906866,0.000316971878798339,2.83040076772745,0,0,0.00411210854932377,0.000177551535764653,0.000211361081611256,0.0418866398670755,0.00629066967239916,0,0.00655869876000915,0.000742401883818113,0.000509993909198691,0.000783372187199635,0.000219754824722603,0.0130350354234103,3.12280783119456,0.768244993465916,0,0.0044688587770355,0.058427852238528,0.0915247775443583,5.03966964195835e-05,0.00548865416274169,0.00787812641897179,0.0391992420120845,0.0160007334818209,0.000954776676607153,0,0,9.21197295554316e-05,0,0,0,0,0,0,0,0,0,0,0,0,0,0,0,0,0,0,0,0,0,0,0,0,0,0,0,0.000140583387222663,0,0,0,0,0,0,0,0,0,0,0,0,0
0,0,0.0452097357255521,0,0,0,0,0,0.0358855517379419,0,0.00446292456271966,0,0.0927580970224481,0,0,0.062661607471375,0.0146805428795858,0.00157818495076671,0.00420737712834009,0,8.19613248538424e-05,1.45493712362829,0.00290680184998086,0.0130648758655926,1.49623006866414,0.0585229784588699,2.71005548641895,0.00134239623934132,0.000208895033066607,6.76158020114226e-05,0.0062793989757315,0,0,0.00285750167848342,4.03820646075676e-05,0.00244308034198019,0.0163548720031655,0.00540378847403274,0.00277885730520185,0,0,0.00493050189487279,0.00307958052094549,0.020256601339855,0.00948983425817241,0.0021120919742682,0,0,0,0,1.25350123138411,0.000309142459228844,0,0,0,0,8.83428478644973e-05,0.00762278892879928,0,0.000958576640094601,0,0.00174339240049724,0,0,0.00924315230464824,0.000162277248186661,0.00247878579934274,0.0152541582482721,0,0.000211244468814016,0.183713698681738,0,0.00424146943365097,0.299779933798748,0.0629146355910085,0.255307759408507,0,0.000295481331544041,0,0.00429446864906259,0,0,0.00617317159048322,1.64564876726885e-05
0,0.0452097357255521,0,0,0,0,0.000376839071397477,0,0.00264670634871504,0,0.000350442468214347,0,0.000113544831924742,0,0,0.0101571601686982,1.574063953549,0.000468728415752161,0.0231826380370622,0,0.100159713343492,0.0173896109376055,4.08923522371798,0.0030273546740366,0.00294356077980884,2.6520174566437,3.25880809669065,0.034507760400245,0.00020644296741407,0.00656576465846864,0.000117238591052586,0,0.000342488918862138,0.0187676508604677,0.00176119053244579,0.0549520226951291,0.314270049559599,0.0353841710729788,0.0273721692765533,0,0,0.0011075635169415,0.000849689806773832,0.000554175115402858,0.000104465406975257,0.000499654229824079,0,0,0,0,0.0100625750086812,0,0,0,0,0,0,0,0,0,0,0,0,0,0.00048168599305777,0,0,0.00031827245589775,0,0,0.000575412200809445,0.000155137478981757,0,0.00168451637826425,0.000198234009520022,0.00385768401118342,0,0,0,0,0,0,0,0.000422154124765968
0.00161556876648265,0,0,0,0,0.00462268791235807,0.209373962994865,0.00207855238988839,0.388050087845019,1.27361743900291,0,0.633543905463286,0,0.00249348880693434,0,0,0,0,0,8.24734127898844,0,0,3.70913666106159e-05,2.92860926071084,0,0,0,1.80212559858522,0.00178507671030317,0.000318728275548017,0,0,0.000336700563093456,0.00029290835840742,0,0,0,8.14500711430279e-05,0,0.00598645210716181,0,0,0.000113046462936439,0,0.000956422200446197,0,0,0,0,0.000918737331547698,0,0,4.94348125241644,0,0.000600541370160888,0.00432249430257503,0.000842130241446155,0.000622090739440764,0.127033942808922,0,0.141747725853333,0,0.00367788717451802,0,0,0,0,0,0.713346025116936,0,0,0,0.218288915130075,0,0,0,0.144722540353045,0.00114859094475344,0,0,0,0.000362402838666211,0.000731208963425344,0
0.000439221381052912,0,0,0,0,0.394917372647468,6.77616562704663e-05,0.00289529948439003,0,0,0.113484687203972,0,0.0208852613409158,0.003890024560977,0,0,0,0.000269915652609155,0,0,0,0,0,0,0,0,0,0,0.0763101141717137,5.19732723849805e-05,0,2.94299000923818,0,0.408360912046523,0,0,0,0.00901631844934804,0,0.664449976457218,5.51146339934389,0,0,0,0,0,0,0,0,0,0,0,0,0,0,0,0,0,0,0,0,0,0,0,0,0,0,0,0,0,0,0,0,0,0,0,0,0,0,0,0,0,0,0
0.00951394695924182,0,0,0.00462268791235807,0.394917372647468,0,0.118075210529244,2.16699921122117,0.00176030095036602,0.947645536370353,0.00024598466481988,1.97262793606136,5.10492674002739e-05,0.0716752966987459,0.507687786914752,0,7.36930454771616e-05,0,9.43911341544997e-05,0.152503335198033,0.000748619177801978,0,0.000175205818486968,0.0117271952364337,0.000112394331104199,9.10314303776737e-05,3.01335213356768e-05,0.0340887226910539,0.376037692445459,0.0021633880328995,0,0.626640612055058,0.000574150859354223,0.0175167549446509,1.31217377901768,0.00338451179535711,0.0055414288578137,0.00458527967820621,0.00236234605502578,1.21358104013384,0.272583490018835,0,0.00184229306247935,0.00051177587383044,0,0.0016673876604819,0,0,0,0,0,0,0,0,0.000833165550162979,0,0,0,0,0,0.00212533766180585,0,0,0.000393644710059464,0,0,0,0,0,0,0,0.000138486929120126,0,0,0.000118952829737272,2.04468856981864e-05,0,0,0,0,0,0,0,0.0160367840196304
1.7157154549801,0,0.000376839071397477,0.209373962994865,6.77616562704663e-05,0.118075210529244,0,0.367549781189323,0.0741083313831892,3.83179699761352,0.000372388244039533,0.0174914888779529,4.35882824116191e-05,1.85024711628486,0.000223124026015135,0,0.00219571495440803,0,0.000452488007616104,0.0905095218931331,0.0152097801581345,0.000220386909066322,0.0111340110834802,0.533144781675244,8.00951810778954e-05,0.000537585006521307,0.000327713116093122,4.84568355115301,0.201469708460764,4.70309536119691,5.53392344664777e-05,4.37042013366837e-05,0.0238475119816983,0.0361165498744998,0.000156489510858731,0.00791161843398772,0.0058605370466517,0.0176433824850263,0.0128779137263896,0.000289639986734156,0,0,5.32156366669576e-05,0,0,0,0,0,0,0,0,0,0,0,0,6.31212245625528e-05,0,0.00172814940978361,0,0,0.000123958712751573,6.8465196100289e-05,0,0,0,0,0,0,0,0,0.000199257120221848,0,0.00121756402715315,0,2.93175077611251e-05,0,0.000712923310607545,0,0,0,0,0,0,4.36110541215972e-05
0.0716469536610763,0,0,0.00207855238988839,0.00289529948439003,2.16699921122117,0.367549781189323,0,0.000705899146379467,0.505793144664712,0.000811850742119353,0.00239046890602494,9.66084756995889e-05,2.62906983193401,0,0,9.81158358966724e-05,0.000145770152537108,7.68583643614082e-05,0.0308924444903941,8.05920348472683e-05,0,0.000259585720667341,0.00330718572989525,0.000152257553130698,0.00018263552127143,6.85849908321124e-05,0.0222306864228609,1.35680524062582,0.0150258980949304,0,0.214592286518113,0.00091774532443733,0.0179958215120938,0.0647597002756215,7.21434938612013e-05,0.000548073628138955,0.00662359651421489,0.000626712744786115,0.00295926477137809,0.00100014150774722,0.000132642633889801,0,0,0,0,0,0,0,0,0,0,0,0,0,0,0,0,0,0,0,0,0,0,0,0,0,0,0,0,0,0,0,0,0,0,0,0,0,0,0,0,0,8.13754868588315e-05
0.00231083064877127,0.0358855517379419,0.00264670634871504,0.388050087845019,0,0.00176030095036602,0.0741083313831892,0.000705899146379467,0,0.00331899239886524,0.000480940772548896,1.80215703335727,0.00795609350108122,0.00039063734010865,0.397438428652965,0.102801908200416,0.000978600068213892,0.000442076586861247,8.30535485743765e-05,0.70430633006909,0.00371551055173393,1.19601921441761,0.00993792964468924,3.90817237420114,0.0344060711680626,0.00214755358527403,0.017805714972928,0.0271772372993745,0.00206106407059062,0.00294509768397488,0.00172692278086011,0.00046902816913795,0.000208792804242307,0.00503145223017306,0.0350783710107103,0.445740955270926,0.103184123911256,0.00339309052069452,0.0113556508892928,1.20177174666473,0,0.000388390185398262,0.101212988030923,0.0756515115823222,0.00537614767958416,0.0223619775726611,0,0,0,0,0.0056103084882369,8.46103096685796e-05,0,0,0,0.00125344636695622,0,1.02468871094401,0,7.86778154211877e-05,0.000783611169150183,0.000145754245642971,0,0,0.00804522503200248,0,0,0.000325125546495703,0.000122457806585303,0.00166732296194874,0.257744752581987,0.00516003919911755,0.163144857568876,0.000926325224871098,0.000377284986970273,0.00204618023281638,0.0191887186043834,0,0.000363344519086708,0,0,0,0.000656427764574065,0.00373704898854204
0.0420110401002373,0,0,1.27361743900291,0,0.947645536370353,3.83179699761352,0.505793144664712,0.00331899239886524,0,0.000354232825210407,0.384471142444424,0.000105579344115273,0.265569190205791,0,0,0.000119645069251953,4.10111458136559e-05,6.10521094369289e-05,2.72718336414942,0.00105158849147906,0,0.000734726522870553,0.0635044041352951,0.000336678100178786,0.00034775542776374,4.08580099444468e-05,1.9883459068151,0.0731132708638479,0.0148272693440252,0,0.000138564531124469,0.00767554039713479,0.0237894386034879,0.13391001923557,0.000648687771755727,0.000849364457787649,0.00792818497406995,0.00269886514268282,0.000356334167775263,0,0,2.75460700936735e-05,0,0,0,0,0,0,0,0,0,0.0125868302948589,0,0,0,0,0,0.00609033380849075,0,0,0,0,0,0,0,0,0,0,0,0,0,0.000138239461146827,6.49223655707918e-05,0,0,0.00059059340861909,0,0,0,0,0,0,0
0.000637951462885411,0.00446292456271966,0.000350442468214347,0,0.113484687203972,0.00024598466481988,0.000372388244039533,0.000811850742119353,0.000480940772548896,0.000354232825210407,0,0.000196212497291643,1.85675359592208,0.00647641090459428,0,0,0.00551106322246128,1.27614954978814,1.25956108202531,0.000768563253308916,0.000727215772233059,0.00135354588314501,0.000369798204442168,0,0.343174919762075,0.227940380695705,0.0282359441384952,0.000131730508923563,0.111460953309483,0.00119314348203599,0.0978149464063502,0.920738510975115,0.00156360734962373,0.935044142357609,0.000134451091522968,0.00349137722520485,1.16247570392396,0.416827800622456,0.0160425315542244,0.00209282419326685,0.0100393805716606,0.0197182454969515,6.76202495435534e-05,5.61261296739262e-05,0,4.75382250770245e-05,0,0,0,0,0,0,0,0,0,0,0,0,0,0.000169433180005557,0,0,0,0,0,0,0.000161318418721202,0.00013937977534663,0,0,0,0,0,0.00251950469760556,0.000431473246994877,0.000594957450725641,0,0,0,0.000353138398976119,0,0,0,2.00464179966348e-05
0.00489851587906866,0,0,0.633543905463286,0,1.97262793606136,0.0174914888779529,0.00239046890602494,1.80215703335727,0.384471142444424,0.000196212497291643,0,0,0.010823672225109,0.880674197951777,0,0.00041681924276923,0,0.000136071425609279,10.1356267262926,5.0872882191454e-05,0,0.000142270857064386,0.628752033396627,0.000138771420244113,2.58458229532884e-05,5.77770286861774e-05,0.00373122134416492,0.0230702681493685,0.0012782874512107,0.000151600720876934,0.000922715661316875,0.000946349832806807,0.0155310753611059,0.707303317867068,0.00459662150509926,0.00217560083258181,0.00373909806141419,0.00219325227054398,0.801589847413712,0,0,0.00176347719622365,0.0005058516818024,0,0.000489060850568084,0,0,0,0,0,0,0,0,0.00129586994614848,0,0,0,0,0,0.00817078251339935,0,0,0.00018695687766284,0,0,0,0,0,0,0,0.00010065795833399,0,0,0,5.78662605258476e-05,0,0,0,0,0,0,0,0.0239905131478663
0.000316971878798339,0.0927580970224481,0.000113544831924742,0,0.0208852613409158,5.10492674002739e-05,4.35882824116191e-05,9.66084756995889e-05,0.00795609350108122,0.000105579344115273,1.85675359592208,0,0,0.00189883684920914,0,0.00229311476333314,0.000787610373160017,0.0224107053002198,0.0170799043866334,0.000272731653107901,3.74713376383533e-05,0.0548334880090857,0.000499174075179516,0.00140169507459762,6.5817239037546,0.600099272958789,1.04786089903704,0.000322391949099633,0.00773261755831782,0.000440802782626609,4.53277928438584,0.00107413505808809,0.00123577618089363,0.0867469781104829,0.000379687724578748,0.259537968659806,0.942308262641137,0.285694092054638,0.292252439036539,0.0779690417350656,1.19611397407347,0.331224121568172,0.00244517520896758,0.00175933704902387,0.000761200422292846,0.00100320893137509,0,0,0,0,0.00174467957488322,0,0,0,0,0,0,0,0,0.00191985940059913,0,0.0440158271120691,0,0,0,0,0.00020322498686054,0.000200483644652326,0,0,0.00408358777998375,0.000136825994893406,4.79637098275533e-05,0.0130050365163155,0.00212279572241316,0.00276290912161664,0,3.33609140911724e-05,0,0.00598230927644794,0,0,0.000186293057353175,4.35842358046815e-05
2.83040076772745,0,0,0.00249348880693434,0.003890024560977,0.0716752966987459,1.85024711628486,2.62906983193401,0.00039063734010865,0.265569190205791,0.00647641090459428,0.010823672225109,0.00189883684920914,0,0,7.71842972924069e-05,0.0155244631127118,0.000549427548017026,0.00230061735109666,0.0729853353216973,0.00498790707903529,0.000278998820410252,0.004232145422199,0.00283347213143238,0.0010526552550636,0.0028221383910995,0.000449048879805572,0.023847353461486,6.55516639797384,0.229889017228075,0,1.01816702399405,0.0903121486934548,0.401624961797056,0.000136313128294954,0.00913471889947999,0.0136066226916176,0.0985168196176453,0.0171300268264861,0.00135031397940071,0.0030550671550493,0.000560341790872328,0.000129677801220531,0,0,0,0,0,0,0,0,0,0,0,0,0,0,0,0,0,0,0,0,0,0,0,0,0,0,0,0,0,0,0.000155809370734453,0,0,0,0,0,0,0,0,0,0.00013685761092116
0,0,0,0,0,0.507687786914752,0.000223124026015135,0,0.397438428652965,0,0,0.880674197951777,0,0,0,0.00031917767602696,0,0,0,0,0.000310049790500027,0,0.000657298181980412,0,0,0.000119331982396599,9.61145216741175e-05,0.000211334356288597,4.85679122010333e-05,0.000611947689719053,0,0,0,0.000427710844686763,0.560947184138608,0.0290455765765574,0.00928146956190902,0.00349396960695763,0.00569880938948217,0.797699826081141,0,0.000366742324064862,0.00509432588648426,0.000710459127761618,0,0.00520688525974678,0,0,0,0,0,0,0,0,0.000733387970721328,0,0,0,0,0,0.00474133587796645,0,0,0.00244148061250838,0,0,0,0,0,0,0,0,0,0,0,0,0,0,0,0,0,0,0,0.0210930730869725
0,0.062661607471375,0.0101571601686982,0,0,0,0,0,0.102801908200416,0,0,0,0.00229311476333314,7.71842972924069e-05,0.00031917767602696,0,0.00198128840024957,0,0,0,0.0239959758778033,4.75235359781134,1.76577812646853,1.9733504817365,0.00492033092091857,0.00149268646543697,0.787300035131049,0.296798235110031,0.000595659038278473,0.00169778068386257,0,0,0,0.00383048489759156,0.000462881140984177,0.0145980123141292,0.0135024738422867,0.0110309858763652,0.00753486640743092,0,0,0,0.00213204242273722,0.00103727290859639,0.00107502698118838,0.00128524370786975,0.000760534926311625,0,0,0,0.0207761205065313,0,0,0,0,0,0,0.0582368615638637,0,0,0.000932323420859748,9.94493598018703e-05,0,0,0.244364902359434,0,0,0,0,0.0176240552949038,1.12090340221259,0.0545050799436221,0.0331486792345048,0.00161494424366082,0.000159496033836213,0.0142942686626675,0.00102796219798698,0,0.000281844636378996,0,0,0,0,0.000244758075272293
0.00411210854932377,0.0146805428795858,1.574063953549,0,0,7.36930454771616e-05,0.00219571495440803,9.81158358966724e-05,0.000978600068213892,0.000119645069251953,0.00551106322246128,0.00041681924276923,0.000787610373160017,0.0155244631127118,0,0.00198128840024957,0,0.00166844078526431,0.810425746142593,0.00245754719194348,0.0759490333794817,0.00662441477368648,1.9488187568931,0.000485558692886488,0.00497315923998178,1.41056120289277,0.178112233132913,0.00612534908037225,0.785903595776591,0.0324346182829939,0,0.00073823449378424,0.0672301400414196,0.215308172874048,0.000900438007175356,0.0550871170290684,0.789406195228032,0.0720600171251795,0.0565670444370438,0.000217073982688304,0,0.00083470354639454,0.000545111493486673,0.000351239239451597,0.000114657821573161,0.000579783467800344,0,0,0,0,0.00483554825138933,0,0,0,0,0,0,0,0,0,0,5.99131195531165e-05,0,0,0,0,0,0,0,0,0.000506488915398035,0,7.86839109270382e-05,0.000170214916504026,0.00023931322644694,0.00157977041577962,0,0,0.0002395758755772,0,0,0,0,0.000468497691215188
0.000177551535764653,0.00157818495076671,0.000468728415752161,0,0.000269915652609155,0,0,0.000145770152537108,0.000442076586861247,4.10111458136559e-05,1.27614954978814,0,0.0224107053002198,0.000549427548017026,0,0,0.00166844078526431,0,1.85828762014305,0.000120208122238452,0,0.00064507695769862,0.000336621938802558,0,0.0895035930843426,0.407305260618089,0.0134754939894271,0,0.0043637089216292,0.000439818344658479,0.00353051049118775,0.000911669263810644,0.000193679436036865,0.0368216179106315,2.45911554311446e-05,0.00465616662946776,0.0668535606768059,0.057097389962349,0.0166481663044296,0,0.00029665564575489,0.00197578724127612,0.000128624103350032,0.000350843032802303,0,0,0,0,0,0,0,0,0,0,0,0,0,0,0,6.976997963116e-05,0,0,0,0,0,0,0,0.000175868309193916,0,0,0,0,0,0.00821136990151263,0.000703015350418369,0.000319659096569341,0,0,0,0,0,0,0.000340981900526257,2.21528679977868e-05
0.000211361081611256,0.00420737712834009,0.0231826380370622,0,0,9.43911341544997e-05,0.000452488007616104,7.68583643614082e-05,8.30535485743765e-05,6.10521094369289e-05,1.25956108202531,0.000136071425609279,0.0170799043866334,0.00230061735109666,0,0,0.810425746142593,1.85828762014305,0,0.000887007476884069,0.00110993329539445,0.00102217386629317,0.00600157742472327,0.000127184605839571,0.0675587863825371,2.79379027238146,0.0277699401897344,4.31508485022984e-05,0.0112496609365535,0.00109969298864374,0.00248735024552244,0.00306896896754629,0.00151685920520862,0.550749704642231,0.000277073991588801,0.0101077027958793,0.202783128466389,0.127503468306827,0.0514048779365937,0,0,0.00264514070656668,0.000144023698762727,0.000627420883521349,0,0.000270219628030307,0,0,0,0,0,0,0,0,0,0,0,0,0,0.000110856352373255,0,0.000188976131144422,0,0,0,0,0.00016002060389667,0.000125801645121609,0,0,0,0.000105250765088815,0,0.00843063864031057,0.00114581491510195,0.000864811131970222,0,0,0,0.000306764046796842,0,0,0,5.47652669222742e-05
0.0418866398670755,0,0,8.24734127898844,0,0.152503335198033,0.0905095218931331,0.0308924444903941,0.70430633006909,2.72718336414942,0.000768563253308916,10.1356267262926,0.000272731653107901,0.0729853353216973,0,0,0.00245754719194348,0.000120208122238452,0.000887007476884069,0,0.000971248070024949,0,0.000824232107942395,0.766219661901148,0.000299840083129513,0.000189837963444138,0,0.223086344338074,0.105650346696574,0.00474574701610534,0,0.0011073673158592,0.0159997466015457,0.0512275617270875,4.93640431219102e-05,0.000682552113189475,0.002060627169873,0.0189754353844683,0.00498917549080184,0.0390316321642125,0.000469653720721455,0,0,0,0,0,0,0,0,0,0,0,0,0,0,0,0,0,0,0,0,0,0,0,0,0,0,0,0,0,0,0,0,0,0,0,0,0,0,0,0,0,0,0
0.00629066967239916,8.19613248538424e-05,0.100159713343492,0,0,0.000748619177801978,0.0152097801581345,8.05920348472683e-05,0.00371551055173393,0.00105158849147906,0.000727215772233059,5.0872882191454e-05,3.74713376383533e-05,0.00498790707903529,0.000310049790500027,0.0239959758778033,0.0759490333794817,0,0.00110993329539445,0.000971248070024949,0,0.0129787613756312,4.75891163543672,0.0253045595062971,0.000439633107760314,0.00965955343736477,0.0240490013193565,2.21633970183093,1.33438734229361,3.48192885797342,0,5.26693536833903e-05,0.53565679809225,0.179386596980835,0.00965853952824165,0.226188681570065,0.193626718510005,0.187271734916681,0.176802744903938,0,0.000396182558772225,0.000464545830817505,0.00420965413075064,0.00115372609342288,8.27292427264857e-05,0.00158983296305587,0,0,0,0,0,0,0,0,0,0,0,0,0,0,0.000371851078464697,8.65775043390302e-05,0,0,0,0,0,0,0,0,0.00352339041323095,7.62406580474074e-05,0,0,0,5.85592113866635e-05,0,0,0,0,0,0,0,0.00270544724956519
0,1.45493712362829,0.0173896109376055,0,0,0,0.000220386909066322,0,1.19601921441761,0,0.00135354588314501,0,0.0548334880090857,0.000278998820410252,0,4.75235359781134,0.00662441477368648,0.00064507695769862,0.00102217386629317,0,0.0129787613756312,0,0.0833871603805146,1.17713341621836,0.334822924881392,0.0103747112982045,1.41673875321761,0.048253931684914,7.30339823549319e-05,0.000674477804642627,0.00102132844901314,0,0,0.00352629445144045,0.000194582284855669,0.0139691458570886,0.0246162014745207,0.00786841420630938,0.00704402693517945,0,0,0,0.00169259577279045,0.000889059999988149,0.000234684919990409,0.00201709696075537,0,0,0,0,0.231272153171326,0,0,0,0,7.8368310726609e-05,0,0.180882329146752,0,0,0,0.000349485797440107,0,0,0.128979438142895,0.000130174377767781,0,0.000860461139063127,0,0.000687840824860992,1.57297865556149,0.000128487986690327,0.0388305307100908,0.0250279113562316,0.00379543515083481,0.0777212896631998,0.000690624347705919,0,0.000606683364408606,0.00045049174367176,0,0,0.000211943839732996,1.07533937686829e-05
0.00655869876000915,0.00290680184998086,4.08923522371798,3.70913666106159e-05,0,0.000175205818486968,0.0111340110834802,0.000259585720667341,0.00993792964468924,0.000734726522870553,0.000369798204442168,0.000142270857064386,0.000499174075179516,0.004232145422199,0.000657298181980412,1.76577812646853,1.9488187568931,0.000336621938802558,0.00600157742472327,0.000824232107942395,4.75891163543672,0.0833871603805146,0,0.0385284647343372,0.00177558469233421,0.0950326254349536,1.95065866978908,0.290209986209262,0.653710995527968,0.230968244526877,0,0.000300805343108754,0.0640379382790224,0.189399126407133,0.0222086658626686,0.363371059026974,0.539028159192668,0.288444667995033,0.258928973492839,8.14850851463354e-05,0.000118764722289999,0.00161349033311666,0.00726941661909729,0.00148007496657954,0.00079936566770208,0.00335519609964227,0,0,0,0.000117227131590545,0.00128387397257151,0.000155825576988492,0,0,0.000440002217919089,0,0,0.000873699626732695,0,0,0,0,0,0,0.0423611667311805,0,0,0,0,0.082520325293465,0.0507143759825963,0.0384412055015559,0.000238156426620985,0.000363760606931732,0,0.00321184365062484,0.000823292835831342,0,0.000322638081143809,0,0,0,0.000141078210773431,0.00798186261697453
0.000742401883818113,0.0130648758655926,0.0030273546740366,2.92860926071084,0,0.0117271952364337,0.533144781675244,0.00330718572989525,3.90817237420114,0.0635044041352951,0,0.628752033396627,0.00140169507459762,0.00283347213143238,0,1.9733504817365,0.000485558692886488,0,0.000127184605839571,0.766219661901148,0.0253045595062971,1.17713341621836,0.0385284647343372,0,0.00435763939496014,0.000544110966328038,0.023508271540233,4.33597079455001,0.00189953310790341,0.00223727310044709,0,0,8.41395202786904e-05,0.00102753252800816,4.25710935533993e-05,0.000613006288801795,0.00109684913272085,0.00144380128492648,0.000513635999759308,0.0740876319330885,0,0,0.000118342180604308,0,0.000105730825014218,0,0,0,0,0,0.000653647016371857,0,0.0386636490430405,0,0,0.000189762609838856,0,0.0146378485188902,0.000139208087515944,0,0.000338880929622682,0,0,0,0.00383400798713642,0,0,0,0,0,0.073059266660797,9.23515009642363e-05,0.235806031306767,0,0,0.000662574243640101,0.00262201675439454,0,0,0,0,0,0.000205008032216035,0
0.000509993909198691,1.49623006866414,0.00294356077980884,0,0,0.000112394331104199,8.00951810778954e-05,0.000152257553130698,0.0344060711680626,0.000336678100178786,0.343174919762075,0.000138771420244113,6.5817239037546,0.0010526552550636,0,0.00492033092091857,0.00497315923998178,0.0895035930843426,0.0675587863825371,0.000299840083129513,0.000439633107760314,0.334822924881392,0.00177558469233421,0.00435763939496014,0,0.359006452136639,1.50629055446198,0.000323311727329805,0.0142880599375597,0.00165505186894942,0.118682089809379,0.00434232467562625,0.000694740958231818,0.0596236074415906,0.00037662495227475,0.144084623803816,2.5759823312862,0.417202559292111,0.209172770522344,0,0,1.80048571043825,0.0528888338757885,0.158705735534306,0.021439629375274,0.0723367715434221,0,0,0,0,0.0696153989709647,0.000166677995485796,0,0,0,0.00012539338769292,6.89936667495027e-05,0.0030541809541128,0,0.0106051874851453,0,0.0441410787557341,0,0,0.00114021947373485,0,0.0069423967053049,0.0114132133768494,0,0.000268107178329354,0.0234609085986367,0.00111996594396261,0.000151988999782847,0.610129570509946,0.0790635996943858,0.0628703128572296,6.52993718486547e-05,0.000339805273380007,0.000416287917883295,0.0129185916180498,0.00101523749247855,0.000495899907898778,0.0051866607740855,0.000257184592787331
0.000783372187199635,0.0585229784588699,2.6520174566437,0,0,9.10314303776737e-05,0.000537585006521307,0.00018263552127143,0.00214755358527403,0.00034775542776374,0.227940380695705,2.58458229532884e-05,0.600099272958789,0.0028221383910995,0.000119331982396599,0.00149268646543697,1.41056120289277,0.407305260618089,2.79379027238146,0.000189837963444138,0.00965955343736477,0.0103747112982045,0.0950326254349536,0.000544110966328038,0.359006452136639,0,2.90928587998898,0.00286637040555813,0.017485587631086,0.00308239837217848,0.853772918135231,0.00196091872896511,0.000618626905043237,0.146175506459519,0.00234987995412282,0.0522628806489679,0.51651733031397,0.203761524721911,0.101020506565378,0,0,0.00682531384664788,0.00155497035521304,0.00325488158175589,0.00110904575398833,0.000872980101358741,0,0,0,0,0.00909254308855622,0,0,0,0,0,0,0,0,0.000795063922541455,0.00013419285086497,0.00313653942190974,0,0,0,0,0.000564408647389006,0.000991643522426628,0,0,0.00062924876474575,2.41319185533828e-05,0,0.0410388862249497,0.0159418758133576,0.0168502325755751,0,0,0,0.0011099423175403,0,0,0.000360460204313783,0.000823502680720149
0.000219754824722603,2.71005548641895,3.25880809669065,0,0,3.01335213356768e-05,0.000327713116093122,6.85849908321124e-05,0.017805714972928,4.08580099444468e-05,0.0282359441384952,5.77770286861774e-05,1.04786089903704,0.000449048879805572,9.61145216741175e-05,0.787300035131049,0.178112233132913,0.0134754939894271,0.0277699401897344,0,0.0240490013193565,1.41673875321761,1.95065866978908,0.023508271540233,1.50629055446198,2.90928587998898,0,0.0139228861822704,0.00339484916192969,0.00415478480401811,0.399710563896897,0.000443825380703516,0.000303663046829808,0.0445700039396073,0.0044580583121339,0.072717981624183,0.20644118969559,0.0655139401386937,0.0446969515776161,0,0,0.00305735956354263,0.00529354276911327,0.0162709330616385,0.00779789194955755,0.00382847437694441,0,0,0,0,0.176475385815493,0.000106166476136358,0,0,0,0,0,0.00143799125051939,0,0.0023369010341923,0,0.00696048822663524,5.25592144634069e-05,0,0.0187680510980607,0.000330241252819878,0.00318087100511411,0.00880236225993093,0,0,0.136547852197921,0.000338603219014416,0.00120963650318947,0.172986180944819,0.0996278259147267,0.212872810334,0,0.000125772230159349,0,0.00427623151679353,0,0,0.00404415778033174,0.00162649623661684
0.0130350354234103,0.00134239623934132,0.034507760400245,1.80212559858522,0,0.0340887226910539,4.84568355115301,0.0222306864228609,0.0271772372993745,1.9883459068151,0.000131730508923563,0.00373122134416492,0.000322391949099633,0.023847353461486,0.000211334356288597,0.296798235110031,0.00612534908037225,0,4.31508485022984e-05,0.223086344338074,2.21633970183093,0.048253931684914,0.290209986209262,4.33597079455001,0.000323311727329805,0.00286637040555813,0.0139228861822704,0,0.020086493071113,2.34782221485906,0,6.27124174061439e-05,0.00636552261748802,0.0337135548051535,0.00292669091669287,0.0479058752591806,0.0253911107870397,0.0453656294954947,0.0402488979398738,0,0.000194599771198194,0,0.00130832696078297,0.00010243519086716,4.29079679865885e-05,0.000602435843697915,0,0,0,0,0,0,0.325906478147016,0,9.00922099665309e-05,0.000604637666793365,5.16780121845853e-05,0.00170758791988807,0.0345190154012308,0,0.000879845301873362,0,0.000451584168333109,0,0.000929624383601602,0,0,0,0.00789849375621425,0.000177510658001681,0.00949594065065852,0,0.0164587510152226,0,2.10681257462612e-05,0.000102526941603039,0.0744741809938414,0.000368455070327778,0,0,0,0,3.24430402893574e-05,0.00107206849955693
3.12280783119456,0.000208895033066607,0.00020644296741407,0.00178507671030317,0.0763101141717137,0.376037692445459,0.201469708460764,1.35680524062582,0.00206106407059062,0.0731132708638479,0.111460953309483,0.0230702681493685,0.00773261755831782,6.55516639797384,4.85679122010333e-05,0.000595659038278473,0.785903595776591,0.0043637089216292,0.0112496609365535,0.105650346696574,1.33438734229361,7.30339823549319e-05,0.653710995527968,0.00189953310790341,0.0142880599375597,0.017485587631086,0.00339484916192969,0.020086493071113,0,2.93548125640305,0.000799649470873054,2.84711805322387,2.93839887512322,2.96329894293041,0.00158873506288087,0.0932532864413586,0.0913981940174201,0.815935545610397,0.242822793656584,0.0740995739967297,0.377956025298463,0.00531390392017447,0.00085923109732264,0.000288484452680843,0,6.58673744097591e-05,0,0,0,0,0,0,0,0,0,0,0,0,0,0,0,0,0,0,8.00473815048275e-05,0,0,0,0,0,0.000147599556215345,0,0,0.000350255625818356,8.02040326927447e-05,3.45014264642291e-05,0,0,0,0,0,0,0,0.000569820964059758
0.768244993465916,6.76158020114226e-05,0.00656576465846864,0.000318728275548017,5.19732723849805e-05,0.0021633880328995,4.70309536119691,0.0150258980949304,0.00294509768397488,0.0148272693440252,0.00119314348203599,0.0012782874512107,0.000440802782626609,0.229889017228075,0.000611947689719053,0.00169778068386257,0.0324346182829939,0.000439818344658479,0.00109969298864374,0.00474574701610534,3.48192885797342,0.000674477804642627,0.230968244526877,0.00223727310044709,0.00165505186894942,0.00308239837217848,0.00415478480401811,2.34782221485906,2.93548125640305,0,0.000134577730554662,0.00134416320023396,0.358608875041569,0.461577586115268,0.0107408246611369,0.227839106693842,0.110058418332147,0.298936174900538,0.261645439849456,0,0,0.000728439505097364,0.00273892218891694,0.000248154084901536,9.22703962201875e-05,0.00108791376973082,0,0,0,0,0,0,0,0,0,0,0,0,0,0,5.66166277978699e-05,0,0,0,8.10402024413828e-05,0,0,0,0,0,0.000997572119424124,5.00625568031175e-05,0,0,0,0.000103950638887036,0,0,0,0,0,0,0,0.00313638474465006
0,0.0062793989757315,0.000117238591052586,0,0,0,5.53392344664777e-05,0,0.00172692278086011,0,0.0978149464063502,0.000151600720876934,4.53277928438584,0,0,0,0,0.00353051049118775,0.00248735024552244,0,0,0.00102132844901314,0,0,0.118682089809379,0.853772918135231,0.399710563896897,0,0.000799649470873054,0.000134577730554662,0,0,0,0.00201204496791641,0,0.00119155840331461,0.0321179917514352,0.0100097898411576,0.00654494285810741,0,0,0.0022871647262572,0,0.00017456470745442,0,0,0,0,0,0,0,0,0,0,0,0,0,0,0,0,0,0.195182759449099,0,0,0,0,0,0,0,0,0,0,0,0.00161200559251748,0,0,0,0,0,0.0381646468599399,0,0,0,0
0.0044688587770355,0,0,0,2.94299000923818,0.626640612055058,4.37042013366837e-05,0.214592286518113,0.00046902816913795,0.000138564531124469,0.920738510975115,0.000922715661316875,0.00107413505808809,1.01816702399405,0,0,0.00073823449378424,0.000911669263810644,0.00306896896754629,0.0011073673158592,5.26693536833903e-05,0,0.000300805343108754,0,0.00434232467562625,0.00196091872896511,0.000443825380703516,6.27124174061439e-05,2.84711805322387,0.00134416320023396,0,0,0.00321716693470935,1.3479281380126,0,0.00049879472713155,0.0131925707701646,0.185488941527509,0.00598178878937118,0.133596995765334,1.35428583649466,0.00100349612184114,0,0,0,0,0,0,0,0,0,0,0,0,0,0,0,0,0,0,0,0,0,0,0,0,0,0,0,0,0,0,0,0,0,0,0,0,0,0,0,0,0,0
0.058427852238528,0,0.000342488918862138,0.000336700563093456,0,0.000574150859354223,0.0238475119816983,0.00091774532443733,0.000208792804242307,0.00767554039713479,0.00156360734962373,0.000946349832806807,0.00123577618089363,0.0903121486934548,0,0,0.0672301400414196,0.000193679436036865,0.00151685920520862,0.0159997466015457,0.53565679809225,0,0.0640379382790224,8.41395202786904e-05,0.000694740958231818,0.000618626905043237,0.000303663046829808,0.00636552261748802,2.93839887512322,0.358608875041569,0,0.00321716693470935,0,0.715614575258952,0.000588852439843551,0.0740664682798508,0.0186127448609374,0.204362288428459,0.172393722384046,0,0,0.000670083640039662,0,0.000244506889439883,0,0,0,0,0,0,0,0,0,0,0,0,0,0,0,0,0,0,0,0,0,0,0,0,0,0,0,0,0,0,0,0,0,0,0,0,0,0,0,5.60448321240657e-05
0.0915247775443583,0.00285750167848342,0.0187676508604677,0.00029290835840742,0.408360912046523,0.0175167549446509,0.0361165498744998,0.0179958215120938,0.00503145223017306,0.0237894386034879,0.935044142357609,0.0155310753611059,0.0867469781104829,0.401624961797056,0.000427710844686763,0.00383048489759156,0.215308172874048,0.0368216179106315,0.550749704642231,0.0512275617270875,0.179386596980835,0.00352629445144045,0.189399126407133,0.00102753252800816,0.0596236074415906,0.146175506459519,0.0445700039396073,0.0337135548051535,2.96329894293041,0.461577586115268,0.00201204496791641,1.3479281380126,0.715614575258952,0,0.00693389848528701,0.675325707141138,1.14820628357124,3.80731582017555,0.740110237336543,0.0413371249921296,1.14366826010854,0.0150610386238086,0.00301045716823491,0.0013153595421155,0.000535078324889061,0.000998079812831532,0,0,0,0,0,0,0,0,0,0,0,0,0,6.88450301938133e-05,0,8.32674298895976e-05,0,0,0,0,0,9.34622392067411e-05,0,4.79324189702982e-05,0.000289582607432746,4.14007637748303e-05,0,0.00548639130649503,0.00129809485344194,0.00093744358973697,0,0,3.29550507297124e-05,0.00015470230664767,0,0,4.70442641871916e-05,0.00168689382130685
5.03966964195835e-05,4.03820646075676e-05,0.00176119053244579,0,0,1.31217377901768,0.000156489510858731,0.0647597002756215,0.0350783710107103,0.13391001923557,0.000134451091522968,0.707303317867068,0.000379687724578748,0.000136313128294954,0.560947184138608,0.000462881140984177,0.000900438007175356,2.45911554311446e-05,0.000277073991588801,4.93640431219102e-05,0.00965853952824165,0.000194582284855669,0.0222086658626686,4.25710935533993e-05,0.00037662495227475,0.00234987995412282,0.0044580583121339,0.00292669091669287,0.00158873506288087,0.0107408246611369,0,0,0.000588852439843551,0.00693389848528701,0,0.125167078987555,0.091200329824811,0.0221479176172694,0.0394011027338019,0.00367894380000188,0,8.80930700745139e-05,0.0554308044888698,0.0238427568546647,0.00394532830181016,0.019991033991562,0,0,0,4.51107242845394e-05,0,0.000179588732790349,3.391660539095e-05,0,0.0126647586393657,0.000121850965794465,8.90649398562968e-06,0,0,1.6217843242061e-05,0.0459644884163666,0.00020544769236778,7.37988634692856e-05,0.0119426976701818,0.00122269167337504,0.000114651280233016,0,5.43961406207637e-05,0,0.00131934401280812,0.000231866469358663,0.00557304826721814,6.75800767017606e-05,7.117312991725e-05,0.000357510538268787,0.000659438006032944,0.000558169712047227,5.12498887463922e-05,0.000243128916189375,4.30281818911355e-05,0,0,0.00068061846814765,1.45618578446786
0.00548865416274169,0.00244308034198019,0.0549520226951291,0,0,0.00338451179535711,0.00791161843398772,7.21434938612013e-05,0.445740955270926,0.000648687771755727,0.00349137722520485,0.00459662150509926,0.259537968659806,0.00913471889947999,0.0290455765765574,0.0145980123141292,0.0550871170290684,0.00465616662946776,0.0101077027958793,0.000682552113189475,0.226188681570065,0.0139691458570886,0.363371059026974,0.000613006288801795,0.144084623803816,0.0522628806489679,0.072717981624183,0.0479058752591806,0.0932532864413586,0.227839106693842,0.00119155840331461,0.00049879472713155,0.0740664682798508,0.675325707141138,0.125167078987555,0,3.99268673019656,0.453310587356183,1.12884115964867,0.459597120802364,0,0.28134671921856,0.125987872038899,0.064097740127807,0.00466674704605716,0.0217460026824587,0,0,0,0.000712412991225169,0.00114321571003058,0.000567113393854787,0,0,0.000415770087278252,2.54940828739838e-05,0,0,0,0.000318735058151127,0.000854297595505777,0.00140987423181415,0,0.000771927563934828,0.00231726244592188,0.000142801940804778,0.000131913846774715,0.000121080278393692,0,0.00171086226599454,0.00326690040391161,0.00665388813795045,2.91711174832312e-05,0.00237334380048541,0.00144942735844192,0.00133976484595957,0.000751897027462608,0.00010107737677107,7.51550836376102e-05,0.000207830441903353,0,0.000112258860248651,0.00104722927293175,0.0305993034780297
0.00787812641897179,0.0163548720031655,0.314270049559599,0,0,0.0055414288578137,0.0058605370466517,0.000548073628138955,0.103184123911256,0.000849364457787649,1.16247570392396,0.00217560083258181,0.942308262641137,0.0136066226916176,0.00928146956190902,0.0135024738422867,0.789406195228032,0.0668535606768059,0.202783128466389,0.002060627169873,0.193626718510005,0.0246162014745207,0.539028159192668,0.00109684913272085,2.5759823312862,0.51651733031397,0.20644118969559,0.0253911107870397,0.0913981940174201,0.110058418332147,0.0321179917514352,0.0131925707701646,0.0186127448609374,1.14820628357124,0.091200329824811,3.99268673019656,0,3.37915678400109,2.07156785752428,0.000244342382248203,0.0014097686704191,3.27598920421531,0.0756625690972939,0.0216876659492208,0.00446348050349207,0.0229625923483603,0,0,0,0,0.00203690620252661,0,0,0,0.000179355476382024,0,0,0,0,0.000464901731081187,0.00137903847301997,0.000798976955247075,0,0.000955361380723316,0.00141699167142113,0,0.000250758903408317,0.000618840015608289,0,0.00032732472470112,0.00462120116126119,0.00242456952061694,8.48989844899062e-05,0.0288425787990317,0.00541167908195384,0.00373265266512535,0.000341035648348494,0,0.000429482493960074,0.00121622023610059,0,0,0.000557992791263159,0.0373921131531962
0.0391992420120845,0.00540378847403274,0.0353841710729788,8.14500711430279e-05,0.00901631844934804,0.00458527967820621,0.0176433824850263,0.00662359651421489,0.00339309052069452,0.00792818497406995,0.416827800622456,0.00373909806141419,0.285694092054638,0.0985168196176453,0.00349396960695763,0.0110309858763652,0.0720600171251795,0.057097389962349,0.127503468306827,0.0189754353844683,0.187271734916681,0.00786841420630938,0.288444667995033,0.00144380128492648,0.417202559292111,0.203761524721911,0.0655139401386937,0.0453656294954947,0.815935545610397,0.298936174900538,0.0100097898411576,0.185488941527509,0.204362288428459,3.80731582017555,0.0221479176172694,0.453310587356183,3.37915678400109,0,2.75569388584514,0.00126024654115433,0.141874350242967,0.816596236845435,0.0121114399725657,0.00334982310288469,0.00109286663305087,0.00763900245872234,0,0,0,0.000538383690807526,0.00122383677853903,0,0,0,5.86282850185364e-05,0,0,0,0,0.00025306154769365,0.000638219000200493,0.000339250040346413,0,0,0.00101328374466849,0,0,0.000102558943751899,0,0.000325554807212773,0.00292528537701077,0.000699592033837253,0,0.0068607133905395,0.00140854780715497,0.0008933454150224,0,0,4.52452318421687e-05,0.000186588959096448,0,0,0.00061622943071562,0.0118071113179291
0.0160007334818209,0.00277885730520185,0.0273721692765533,0,0,0.00236234605502578,0.0128779137263896,0.000626712744786115,0.0113556508892928,0.00269886514268282,0.0160425315542244,0.00219325227054398,0.292252439036539,0.0171300268264861,0.00569880938948217,0.00753486640743092,0.0565670444370438,0.0166481663044296,0.0514048779365937,0.00498917549080184,0.176802744903938,0.00704402693517945,0.258928973492839,0.000513635999759308,0.209172770522344,0.101020506565378,0.0446969515776161,0.0402488979398738,0.242822793656584,0.261645439849456,0.00654494285810741,0.00598178878937118,0.172393722384046,0.740110237336543,0.0394011027338019,1.12884115964867,2.07156785752428,2.75569388584514,0,0,0.000690865734476145,1.25007960608631,0.0219802342568109,0.0120465132034352,0.0019733766164992,0.00910216750499535,0,0,0,0,0.000338197773422172,7.15117406009588e-05,0,0,0.00110783842716565,0,0,0,0,0.000155580635745301,0.00219431217273046,8.66401798820249e-05,0,0.00115980039335649,0.000516189254214313,0,0,0,0,0.000253500927092178,0.0033174503250466,0.00242724107212449,0,0.00296356701627792,0.00112260184326696,0.000413361613796098,0,0,0,0,0,0,0.00027392918143355,0.0209069837583906
0.000954776676607153,0,0,0.00598645210716181,0.664449976457218,1.21358104013384,0.000289639986734156,0.00295926477137809,1.20177174666473,0.000356334167775263,0.00209282419326685,0.801589847413712,0.0779690417350656,0.00135031397940071,0.797699826081141,0,0.000217073982688304,0,0,0.0390316321642125,0,0,8.14850851463354e-05,0.0740876319330885,0,0,0,0,0.0740995739967297,0,0,0.133596995765334,0,0.0413371249921296,0.00367894380000188,0.459597120802364,0.000244342382248203,0.00126024654115433,0,0,4.77023972498115,0,0.000373922705081582,0,0,0,0,0,0,0,0,0,0,0,0,0,0,0,0,0,8.51572891635778e-05,0,0,0,0,0,0,0,0.000158307436762567,0,0,0,0.000796512884056716,0,0,0,0.000234080884664653,0,0,0,0,0,0,0.000240554627607405
