0,0.000734966175191604,0.1532538677403,0.000320570298260206,0.000935506590809069,0.0100803026418568,1.38869063887039,0.180643926423794,0.00603446617867551,0.0594688506109965,0.000236660390787104,0.000458646644383817,0.000152726908316192,2.01524761032803,0.000171324437503466,0.00203958018678087,0.148286633474787,0,0.00110834430374289,0.0143636584474158,0.0574995551034583,0.00214166952520924,0.137812849865277,0.00350666415157761,0,0.0149039195187907,0.0178528147195395,0.0400380777360991,1.05397567775563,0.374347221692301,0,0.00246028794486837,0.0363044762116355,0.114699412884574,0.000287793926754111,0.0121116099156129,0.00935529702860679,0.0727157495336302,0.0294389271604376,0.00182145792189875,0.00490157517108562,0,0.00031746114186916,0.000106383933252165,0.000322160641778271,0.000393154945119165,0,0,0,0,0.00055901474431632,0,0,0,0,0,0,0.00283934606312221,0,0,0,0,3.94819911389219e-05,0,0.000650328966978041,0,0,0,0,0.000769500862963661,0.000483947318489783,0,0.00123855975740779,0,0,0.000387880594558855,0.000456195667744375,0,0.000159092722718407,0,0,0,9.12234017813561e-05,0
0.000734966175191604,0,0.0599678955292282,0,0,0,0.000101682246868446,0,0.273312264309084,0,0.00625414486803423,0,0.00212526785293344,0.000205471191238788,0,0.039322336129505,0.0448876984195754,0.00135584607538986,0.00532745826782435,0,0.000407108771926438,1.92542562809632,0.0034566040357792,0.0667152319605559,0.931137545771802,0.0760169391490771,0.975052165547354,0.00327018554445525,0.000125053063860474,0.000601171772724134,0,0,0,0.0241267122913257,0.000280219047751168,0.029849011051344,0.0409463407194671,0.109846987539627,0.0512138458443277,0.000300953251455956,0,0.00135404564614226,0.00207816288299515,0.0026767043440421,0.00910638750114423,0.0101254488112195,0,0,0,0.000379944823498977,0.826376115757322,0.0111406386339958,0,0,0,0,0,0.0242937471340625,0,0.000118467419815808,0,8.41254851882325e-05,0,0,0.030143703254024,0.012457598036087,0.000393389585905929,0.001721618215489,0,0.00113205094710264,0.265959832858608,0.00171015484682493,0.00242368734518392,0.0137931892048186,0.0275785018295092,0.242566485093769,0.000544800719433511,0,0.000420005519821307,0,0,0.00116865585218278,0.00184401334639745,0.000365754472731424
0.1532538677403,0.0599678955292282,0,0,0,0.000241527008512983,0.114824584806079,0.0148315719591329,0.0215716930325927,0.00147478632450454,0,0,0.000117651842635373,0.070045418549125,0.000207397948900553,0.0423034434752464,1.69589108583112,0,0.00717897595667199,0,0.175256131826297,0.0284934385637182,4.39223473478793,0.0344847632367112,0,1.58390530417086,2.43326125620138,0.186304397597135,0.0243146122903011,0.108832983162723,0,0,0.00170843954510437,0.0807186923264666,0.00233337911221797,0.0731742322827374,0.249768631661822,0.194276544266941,0.135176363865373,0.00153607681048333,0.0010424261722207,8.76366126355277e-05,0.00202654069411169,0.00157882890644974,0.000647256324920485,0.000898624041596064,5.02281894731787e-05,0,0,7.04748556813639e-05,0.0303826972954057,0.000906926003892765,0,0,0,0,0,0.00540023701339404,0,0,0,0,0,0,0.0042816477185828,0.00100955741932481,0,0,0,0.00157000760942251,0.00783744156565105,0.000485204761814162,0.00306706715965854,0.000521055862605325,0.00200964970006403,0.0337561708137074,0.00152487648707656,0,0.000655971488031509,0,0,0.000262296106173759,0.000922598927110803,0.000678975029831371
0.000320570298260206,0,0,0,0,0.001084798667834,0.03791289991568,0.000603986164810013,0.0244802284177662,0.689345281326819,0,0.879944322242808,0,0.00048652772514882,0,0,0,0,0,9.63777210131482,0,0,0,5.39268258038925,0,0,0,2.73577153183384,0.00102801226213855,0,0,0,0.000289059547335102,0.000380135933875615,0,0.000458596368408819,0,0.000289636228140655,0,0.000185140253026798,0,0,0,0,0,0,0.000248577042221712,0,0,0,0,0,0,0,0,9.28311815405255e-05,0,0,0,0,0,0,0,0,0,0,0,0,0.00269575934989948,0,0,0,0,0,0,0,0.000215479851537678,0,0,0,0,0,0,0
0.000935506590809069,0,0,0,0,0.282900885659185,0.000140339947300928,0.0380351288920192,0,0.000136216603476001,0,0.000330586141651767,0,0.00263618952063172,0.00394013256300772,0.000137509325757266,0,0,0,0,0,0,6.96865475002732e-05,0,0,0,0,7.7906514058014e-05,0.0859816783423436,0,0,1.86862769908674,0,0.324516843839365,0,0.00440712993229546,0.00128457356108651,0.0468973507415258,0.008567925226355,0.168019104329773,3.04247113725308,0.00147250700205546,0,0,0,0,0,0,0,0,0,0,0,0,0,0,0,0,0,0,0,0,0,0,0,0,0,0,0,0,0,0,0,0,0,0,0,0,0,0,0,0,0,0.000164990147890733
0.0100803026418568,0,0.000241527008512983,0.001084798667834,0.282900885659185,0,0.0341648321367985,3.44823816809098,0.000145334471908396,0.942472217548248,0.000776633634998249,0.797770041373374,0.000160052875686445,0.103610420201532,1.98319789892744,0,9.39763393346359e-05,0,0,0.0549276152726221,0,0,0.0004352361042142,0.00253972595111418,0,3.44898532757777e-05,0.000146828065485599,0.0493162571100627,0.234979503907521,0.000600593212863,0,0.730306243745356,0.00215911332569969,0.0425932821748385,0.0188052611918759,0.00753266186245649,0.000924309431221276,0.0419808166096534,0.0115255089611194,0.384162946507561,0.371872759382171,0.000308343390751364,0,0,0,0,7.31081067904126e-05,0,0,0,0,0,0,0,0,0,0,0.00020953278361015,0,0,0,0,0,0,0,0,0,0,0,0,0,0,0.000150984984043047,0,0,0,0,0,0,0,0,0,0,9.85851345594226e-05
1.38869063887039,0.000101682246868446,0.114824584806079,0.03791289991568,0.000140339947300928,0.0341648321367985,0,0.0928764038553472,0.009195062407089,3.54791219332701,8.68150496009081e-05,0.00033754706270111,7.08753294560716e-05,0.929067876752761,0,0.00129234522436213,0.022215790961474,0,6.26248284853054e-05,0.0116295249851518,0.14945948378895,0.00184754809873885,0.225490528843881,0.345925781001648,0,0.00961856420021536,0.0124637436469617,5.30251378978127,0.0784599498420578,2.40599174936657,7.87233435955602e-05,0.000582197896045675,0.0206340641362642,0.0442850153063442,0.000764559199204363,0.0145559311456436,0.00498247484249294,0.030335707336158,0.0196543997462986,0.000667666391603826,0.000267704345919764,0,0.000497538954001347,0,0,0.000354371521732329,0,0,0,0,6.11228253856871e-05,0,0,0,0,0,0,0.0013918466836976,0,0,0,0,2.95680730692269e-05,0,0.000270762320496649,0,0,0,0,0.0003022242064199,6.95791819458297e-05,4.13184835635046e-05,0.00235001096195026,0,0,0.000156154767762969,0.000996202938480051,0,0,0,0,0,3.66927641344214e-05,0.000100001980411416
0.180643926423794,0,0.0148315719591329,0.000603986164810013,0.0380351288920192,3.44823816809098,0.0928764038553472,0,0.000529235835157584,0.508747924105703,0.000738569589753236,0.0405981057367895,0.000791294230933723,2.07932921997086,0.0605915203594842,0.000178939873551096,0.0076613701267914,0,0.000116420157781697,0.0236716395735213,0.00710138754851155,0.000582430008585814,0.0192768437574757,0.00314861771112373,0,0.00243840521975764,0.00271041494789693,0.0160102588390854,0.349297939427764,0.0138373845369496,0,0.310364660111988,0.00263035654715591,0.109185791803166,0.000268735659047061,0.0177880951023513,0.00172731641516882,0.0902636931738292,0.0323713075256191,0.0341682282916235,0.223773813575338,0.000159358222121342,0,0.00012636108417264,0,3.42589515995341e-05,0,0,0,0,0,0,0,0,0,0,0,0.000215087944932264,0,0,0,0,0,0,0,0,0,0,0,3.22659961506534e-05,0,4.55022528084897e-05,2.19863993274284e-05,0,2.44929757172775e-05,0,0.000232359636819118,4.65157197522817e-05,8.38225278485942e-05,0,0,0,0,3.66024110447409e-05
0.00603446617867551,0.273312264309084,0.0215716930325927,0.0244802284177662,0,0.000145334471908396,0.009195062407089,0.000529235835157584,0,0.00105042215585607,0.00108101768472876,1.81583043945249,0.000651710300562353,0.00320414393943744,0.0399596993712198,0.270263986845845,0.0116498489756131,0.000318710787387766,0.000343203340497755,0.358609577810723,0.0107489910191949,2.09948114441013,0.0120796712604436,5.72002004140423,0.105679648336327,0.0109348778757439,0.141769921176743,0.126639631452267,0.00410469398177948,0.021052948494037,0,0,0.00590945323313563,0.0146666030500616,0.00722691908266351,0.0762774433418438,0.0169715035346125,0.030568319878951,0.0192541006599663,1.82501824838748,0,0.000220802332946343,0.0183236288634913,0.0043641207298094,0.00652752692527214,0.00483845807744409,0.0139149650497022,0,0,0.0014314362994664,0.0127649861692778,0.000790786742599248,0.000114445505894123,0,0,0.00810457733090307,0.000343039202876032,0.905274067825663,0.000470197173735349,0,0.0175903229612254,0,0.00066233678986495,0.000497128084370822,0.0749149960923272,0.000803880066779457,0.000151242110984565,0,0.000107757664084568,0.0126222753509708,0.154315085502919,0.00466495095711123,0.234008074932725,0.000736243828308942,0.00079424017091434,0.00500619470566401,0.0387992335438012,0.000991138322088194,0.00688096786830007,0,0,0.00233281881518763,0.001653214355207,0.00140885000403425
0.0594688506109965,0,0.00147478632450454,0.689345281326819,0.000136216603476001,0.942472217548248,3.54791219332701,0.508747924105703,0.00105042215585607,0,0.000197274196172611,1.0176803312009,0,0.367601478446349,0,5.67715902266841e-05,0.000896374563638469,0,0,1.8941564316792,0.00152984031828998,0.000332838481034011,0.00283354111437195,0.0201880920724927,0.000124266316338745,2.78412499655047e-05,0.000446443342872514,2.53915151986344,0.0549271123255423,0.00336376931138229,0,0.000282906648827677,0.00651226129328736,0.0398630519162768,0.000166364375662413,0.0134926106388244,0.00247370873978729,0.0301674366660343,0.0166776985782567,0.000428856851947219,0.00133234382128651,0,0,0,0,0,0,0,0,0,0,0,0,0,0,0,0,0.000246581996751617,0,0,0,0,0,0,0,0,0,0,0,0,0,0,0.00022061273267161,0,0,3.39928214970185e-05,0.000246102975634407,0,0,0,0,0,0,4.33900719645816e-05
0.000236660390787104,0.00625414486803423,0,0,0,0.000776633634998249,8.68150496009081e-05,0.000738569589753236,0.00108101768472876,0.000197274196172611,0,0.00015496636041297,5.561636975505,0.00139601316134888,7.89163808631779e-05,0.000207256725435836,0.00465289849427729,2.65418134286847,0.839606142610481,7.96295891826821e-05,0,0.00289736523125215,7.16835831165714e-05,0.000377398487642515,2.14544254191776,1.58571627730836,0.0723839723376579,0.000264833275302502,0.00484937913253747,0,1.24479262093559,0.00252300024260014,0,0.356744922470427,3.11716905638389e-05,0.00980478005183146,1.21910372269336,1.0754863340227,0.1029042004707,0.00012022245683293,0.00172264253894989,0.435385605303887,5.39465542290533e-05,0.005195547840561,0.00348898576260635,0,0,0,0,0,0.000783324480748367,0,0,0,0,0,0,0,0,0.00271668833751521,0,0.015986893126527,0,0,0,0,0.000795222907999948,0.00337366791570105,0,0,0.000133673005852262,0,0,0.103327563765636,0.00980550433608891,0.00477102075090447,0,0,0,0.00273961624185588,0,0,0.000668852176996003,4.82173706290598e-05
0.000458646644383817,0,0,0.879944322242808,0.000330586141651767,0.797770041373374,0.00033754706270111,0.0405981057367895,1.81583043945249,1.0176803312009,0.00015496636041297,0,6.54539042403246e-05,0.00718721825702366,0.124192884078802,0,0,0,0,9.02377217813894,0,0,0,1.15948607522611,0,0,0,0.00708627330784912,0.0122569751751517,0,0,0.00216462433190102,0.000218381258327582,0.0101425995090478,0.143640492553828,0.00305256436440592,5.59248760371349e-05,0.00937751621590114,0.00320667834637479,0.128974039449469,0.00164789392877191,0,0.00357077397983284,0,0,0,0.00520303242035651,0,0,0,0,0,7.66434370145196e-05,0,0,0.000314319152209791,0,0.00461470083432465,3.21560573578695e-05,0,0.00675967505922452,0,0,0.000502771947418143,0,0,0,0,0.000440496422080619,0,0,0,0.0208029896279064,0,0,0,0.0014843899376233,0,0,0,0,0,0,0.000542733202874984
0.000152726908316192,0.00212526785293344,0.000117651842635373,0,0,0.000160052875686445,7.08753294560716e-05,0.000791294230933723,0.000651710300562353,0,5.561636975505,6.54539042403246e-05,0,0.000358543120483418,0,0,0.000369449830047453,0.00739837452535312,0.00170259570371276,0.000101267017958368,7.19807719361601e-05,0.00268107305839147,0.00172954332673185,0.000270498945763376,4.03803257120852,0.394761596579796,0.921749724575343,0.000217695651753959,0.00132789302938013,6.91153286561438e-05,3.91921909695475,0.000301259421811931,0,0.087837018660162,0.00188458616941667,0.221507310273209,0.767527530111077,0.299706873515822,0.335762247332632,0.00071545130727893,0.00186149321707668,1.31426702425922,0.00341875616918234,0.00400275485522875,0.001674464485228,0.0141290060428434,0.000421601846139277,0,0,0,0.00222174205227266,0.000287917186945546,0,0,0,0,0,0.00019956708683741,0,0.00159417463981953,0,0.0199292119358961,5.95719998889854e-05,0,0,0,0,0.000642029664302737,0,0,9.52064878723636e-05,4.35399323018692e-05,0,0.0794026006339822,0.00347799412938302,0.00190787997920994,5.43364144520164e-05,0,0,0.00875007263141596,0,0,0.0422733568206283,0.000971836319744529
2.01524761032803,0.000205471191238788,0.070045418549125,0.00048652772514882,0.00263618952063172,0.103610420201532,0.929067876752761,2.07932921997086,0.00320414393943744,0.367601478446349,0.00139601316134888,0.00718721825702366,0.000358543120483418,0,0.0038910648354812,0.000702344867449364,0.0495191957162252,0,0.000121526890138636,0.0195512286351253,0.0330431765539013,0.00165632473102184,0.0786725201824972,0.00232773763989033,0,0.00901675553692993,0.012043492724681,0.0329688801424135,5.06675298962048,0.0787798249004765,0,0.204142456596876,0.0190258045260386,0.314629831575625,0.000724659594027065,0.035140036164501,0.00537429078311157,0.148072322887635,0.0397927094293471,0.01874107292758,0.0260471097948944,0.000181619152599989,0.000207787603641396,0.000122134435875857,0.000130048729068015,6.91664584479175e-05,0,0,0,0,0.000238481193290491,0,0,0,0,0,0,0.000278788599794445,0,0,0,0,2.38709930692187e-05,0,0.000571705856844152,0,0,0,0,0.000603338836213344,0.000507598235156745,2.35820020526862e-05,0.000637482501368447,0,5.85579975345626e-05,0.000315817077571596,0.000527480632455471,0,0.000174814301935717,0,0,0,7.71048687611339e-05,2.66955627124084e-05
0.000171324437503466,0,0.000207397948900553,0,0.00394013256300772,1.98319789892744,0,0.0605915203594842,0.0399596993712198,0,7.89163808631779e-05,0.124192884078802,0,0.0038910648354812,0,0,0,0,0,0,0.000137126673287996,0,0.00111205313687832,0.000159078087405037,0,0,0.000416124352415382,0.000434212874177602,0.0165667613971553,0.000552458552699643,0,0.0199271885409176,0,0.00581331562737279,0.116075732148832,0.00324193520107893,0.00450822766098412,0.0114974585400298,0.0239118444311263,1.5985476803224,0.0326626419818201,0,0.000832097033115358,0.00583343856802673,0.00326040991288504,0.00624756396884562,0.00184360872978692,0.00113330534226042,0,0,0,0,0,0,0.00064508552789333,0,0,0,0,0,0,0,0,0.000734402656342656,0.000411098946053278,0.0004901994650801,0,0.000354982302772228,0,0.000410722296860913,0,0,0.000172907976139966,0,0.000155069339585138,0.000155545279515718,0.000282338980924869,0,0.000320646484193145,0,0,0,0,0.0124561490602896
0.00203958018678087,0.039322336129505,0.0423034434752464,0,0.000137509325757266,0,0.00129234522436213,0.000178939873551096,0.270263986845845,5.67715902266841e-05,0.000207256725435836,0,0,0.000702344867449364,0,0,0.0175954051886328,0,0.000225212245274255,0,0.589226538158985,6.14968448663036,1.53794450082162,1.40195181693291,0.00581979468435417,0.00672767857756078,1.31607895158567,0.132470162201175,0.00343397727065473,0.0138079451792007,0,0,0.00409803933066412,0.0299087206418777,0.00381888350517363,0.108144477321249,0.0438896651558204,0.118146058609149,0.11719173576684,0.000392929284943992,0.000265949366328948,0.000601764918724851,0.00826137788757609,0.00176890670316554,0.00139727797003915,0.00209324071212792,0,0,0,0,0.00771149819198333,0.000646976598671511,0,0,0,5.80628682671953e-05,5.52763827928082e-05,0.0162510731275126,0,0,0,0,0.000224551308391582,0,0.0588583394394064,0.000166167838515639,0,0,0,0.00568253104592653,0.121085296963887,0.00381284917239152,0.011649750092667,0.000105581078700101,0.000139081354999008,0.00440607759057789,0.00532653447695279,0.000182472745698046,0.00173424875855724,0,0,0.000168880799853055,0.000624259466533578,0.00054857833692723
0.148286633474787,0.0448876984195754,1.69589108583112,0,0,9.39763393346359e-05,0.022215790961474,0.0076613701267914,0.0116498489756131,0.000896374563638469,0.00465289849427729,0,0.000369449830047453,0.0495191957162252,0,0.0175954051886328,0,0.0015253478750164,1.77163578956586,0.000351413140529831,0.14381351090526,0.0193449918010559,1.46333800004953,0.00770533699245995,0.0012518673382174,1.17951339897055,0.484984343671699,0.0190924034314425,0.0581190081668255,0.0749390226620553,0,0,0.00922022279618652,0.516046213169122,0.00163373848595397,0.052965143165471,0.066159235093956,0.175128065892677,0.0921102658371893,0.00150595279307888,0.000825120806215577,0,0.000654081157620963,0.000227820891045205,0.000204110841485403,0.00118924829860322,0,0,0,0,0.0189074449251102,0.00109381147856879,0,0,0,7.26466255452814e-05,0,0.000914827432605753,0,0,0,0,0,0,0.00145276081248983,0,0,0,0,0.000119738093976642,0.00554877364100926,9.76851872812128e-05,0.000717459667164216,9.18203434749527e-05,0.0018343588472019,0.0173600097847143,9.97489996915589e-05,0,0,0,0,0,0.000347491586660466,0.000313844866445471
0,0.00135584607538986,0,0,0,0,0,0,0.000318710787387766,0,2.65418134286847,0,0.00739837452535312,0,0,0,0.0015253478750164,0,2.59822444792913,0,0,0.000286661964713162,0,7.50583429461743e-05,0.0297185680678624,0.961553596810523,0.0141309981233214,9.77075192280016e-05,0,0,0.000817878315782332,0,0,0.000285621543693684,0,0.00039835849409239,0.0451560051627119,0.0140268136948833,0.00438155632227294,0,0,0.00875168313237988,0,0.00111062362900912,0.000757037895152178,0,0,0,0,0,0.000198015973524498,0,0,0,0,0,0,0,0,0,0,0.000869167017036562,0,0,0,0,0,0.00103843557776628,0,0,0,0,0,0.00772128143540734,0.00135918559694307,0.000995685520613002,0,0,0,0,0,0,0.000120224984618091,0
0.00110834430374289,0.00532745826782435,0.00717897595667199,0,0,0,6.26248284853054e-05,0.000116420157781697,0.000343203340497755,0,0.839606142610481,0,0.00170259570371276,0.000121526890138636,0,0.000225212245274255,1.77163578956586,2.59822444792913,0,0,9.64345303162712e-05,0.000948746598494945,0.00244970843555708,0.000617984418963772,0.00663669123064663,2.65208581302749,0.046937612551578,8.90754295502227e-05,0.000206582375233445,0.00021838811265161,0,0,0,0.231869719873463,1.20885724302509e-05,0.00128945182813789,0.00932241859140326,0.0779127188526638,0.00944176697195724,0,0,0.00101965678973158,0,0,0.000162042069037555,0,0,0,0,0,0.00565629874811235,0,0,0,0,0,0,0,0,0,0,0.000436002255675303,0,0,0,0,0,0.000387730459822447,0,0,0.000103715282328922,0,0,0.00401957370563027,0.000928124727459494,0.00175578712986108,0,0,0,0,0,0,0,0
0.0143636584474158,0,0,9.63777210131482,0,0.0549276152726221,0.0116295249851518,0.0236716395735213,0.358609577810723,1.8941564316792,7.96295891826821e-05,9.02377217813894,0.000101267017958368,0.0195512286351253,0,0,0.000351413140529831,0,0,0,5.01236495224679e-05,0,0.000163797166132027,1.21259707387191,0.000165643965358557,0.000110902654651263,0.000106731680828939,0.731649074584315,0.0245017890965696,0.000354883813768712,0,0.00120981322718874,0.00482410565212586,0.0287839065144098,0,0.00674427861357191,0.00178234170462259,0.0230195326582193,0.0107988752009557,0.00162103793077028,0.00166994124856734,0,0.000634533380752182,0,0,0,0.000665503818639723,0,0,0,0,0,0,0,0,0.000274650125937925,0,0.000891474004906032,0,0,0.00103208746676511,0,0,0,0,0,0,0,0.00534798664289169,0,0,0,0.0045197441314897,0,0,0,7.25206329721569e-05,0,0,0,0,0,0,3.54226935217888e-05
0.0574995551034583,0.000407108771926438,0.175256131826297,0,0,0,0.14945948378895,0.00710138754851155,0.0107489910191949,0.00152984031828998,0,0,7.19807719361601e-05,0.0330431765539013,0.000137126673287996,0.589226538158985,0.14381351090526,0,9.64345303162712e-05,5.01236495224679e-05,0,0.0233182528266787,8.31568251050834,0.0410309373185318,0.000254718664675121,0.00663695777348799,0.0989770495007443,1.81947280628598,0.659052954187154,3.11878083068404,0,3.82570425698191e-05,0.235871681242954,0.559829568275201,0.00536756889437416,0.0829159330504498,0.0368638765613275,0.147758149167681,0.0893250400104899,0.00113550358479515,0.000647777013914385,0.000214262616771915,0.00311975677492684,0.00083947904676112,0.000654483995941965,0.000941113964385704,0,0,0,7.14172579706204e-05,4.35859266262086e-05,0.000152405103011365,0,0,0,0.000147750760678008,7.76535213449754e-05,0.00594957893484033,0,0,0.0001288825635836,0,0.000239757100297672,0,0.00509467065327324,6.81799315446936e-05,0,0,0,0.00488500125362096,0.00689808808962726,0.000886216035422135,0.00570907408882288,0,7.45490287617223e-05,0.000497161957956193,0.00485262391612687,0.000537575349959429,0.00138518121304158,0,0,0.000248364487819871,0.000214229431428702,0.000857094767129611
0.00214166952520924,1.92542562809632,0.0284934385637182,0,0,0,0.00184754809873885,0.000582430008585814,2.09948114441013,0.000332838481034011,0.00289736523125215,0,0.00268107305839147,0.00165632473102184,0,6.14968448663036,0.0193449918010559,0.000286661964713162,0.000948746598494945,0,0.0233182528266787,0,0.0416223507850608,1.29013050786114,0.41071103186844,0.0294674569775188,1.06912791572711,0.0962044891287877,0.00464954985762862,0.0140964559000721,0.000577055554900813,0,0.00375110276470636,0.0284933378885602,0.00127908863418336,0.0646131164154059,0.030299671523876,0.0907426319625082,0.0596233231961975,0.00117985292363887,0.000212179376195484,0,0.0132349340269626,0.00722029594359814,0.00530405612323504,0.00344838276054461,0.000154084017556255,0,0,0.000521415586055821,0.110382846320022,0.00155362264358492,0,0,0,0.000112640903217904,0,0.177482912037654,0,0,0,0.000421158209687838,0.000145206674491906,0,0.344297358246721,0.00106930862627562,0,0.000117045391886281,0.000188472177488772,0.0128582880527941,1.1270599930679,0.00917871581092304,0.0305021369492341,0.00144637074664584,0.0015823242977632,0.0611220944448445,0.010795254759368,0.000655824769106509,0.00367338510161926,0,0,0.000248277809938033,0.00267441302184146,0.000503969319541875
0.137812849865277,0.0034566040357792,4.39223473478793,0,6.96865475002732e-05,0.0004352361042142,0.225490528843881,0.0192768437574757,0.0120796712604436,0.00283354111437195,7.16835831165714e-05,0,0.00172954332673185,0.0786725201824972,0.00111205313687832,1.53794450082162,1.46333800004953,0,0.00244970843555708,0.000163797166132027,8.31568251050834,0.0416223507850608,0,0.0709354534365354,0.00102719147036581,0.0792966324843328,1.55205566241646,0.629171452704164,0.213287154730013,0.637825773705179,0,0.000112982369988468,0.0520673624362425,0.43475632102602,0.0215489888871711,0.290194973642395,0.214819751715378,0.48321922887116,0.37189036633468,0.00732562388495409,0.00157934401080744,0.0007613662456076,0.00412859293482244,0.00227604883501337,0.000409644343548135,0.00230681294496217,0,0,0,0.00019634183255568,0.00533935701341627,0.000133017487482342,0,0,0,0.000121341915846913,0,0.00402465954299204,0,0,0,0,5.34172466273158e-05,0,0.00537332347779402,0,0,0,0,0.00184844519211612,0.0135272041743004,0.00095750980253588,0.00244628916971381,0,0.000679998165329196,0.0135252532732753,0.00156706277189807,7.61137620625314e-05,0.000432530406688743,0,0,5.27741556566063e-05,0.000247612618343138,0.00366824243926761
0.00350666415157761,0.0667152319605559,0.0344847632367112,5.39268258038925,0,0.00253972595111418,0.345925781001648,0.00314861771112373,5.72002004140423,0.0201880920724927,0.000377398487642515,1.15948607522611,0.000270498945763376,0.00232773763989033,0.000159078087405037,1.40195181693291,0.00770533699245995,7.50583429461743e-05,0.000617984418963772,1.21259707387191,0.0410309373185318,1.29013050786114,0.0709354534365354,0,0.0105895024995619,0.0053720124340233,0.210646044088315,3.77158725365734,0.00520111745810271,0.0343498020408099,0.000125143916207583,4.47448952250666e-05,0.00341482825460557,0.0204347698135476,0.00131933976425851,0.0343337737065386,0.0145695058956266,0.0306413305791766,0.0258399368799452,0.00209029855325108,0.000185568556405023,0,0.0203024933217489,0.00450739239589579,0.00701768793687447,0.00489995578015295,0.00839285908347455,0,0,0.00399632079728429,0.00303239953394283,0.00147787563526929,0.00169286013610639,0,5.74259983262887e-05,0.0179355759641116,0.000547150017259218,0.163225394421626,0.00049133790774444,8.25559183685511e-05,0.0116456730414933,0,0.00103221853888558,0,0.0270095656031931,0.000997471633179671,0,6.96934801186766e-05,0.000575069777322008,0.0190634964192678,0.0293934368816833,0.00649795642754637,0.257224445865332,0,0.000821322718455194,0.0032634892005116,0.0706522616945653,0.00215165095013022,0.0127816229086832,0,0,0.00192233648653208,0.0036510490853591,0.000434387066128383
0,0.931137545771802,0,0,0,0,0,0,0.105679648336327,0.000124266316338745,2.14544254191776,0,4.03803257120852,0,0,0.00581979468435417,0.0012518673382174,0.0297185680678624,0.00663669123064663,0.000165643965358557,0.000254718664675121,0.41071103186844,0.00102719147036581,0.0105895024995619,0,0.684222620408106,1.14872302950344,0.00126230965653906,0.000327498738309195,0.000276306743853159,0.370786776759143,0,0.000429260833712412,0.0161636304283351,0.00046154201879865,0.0402556113696215,1.49346507153519,0.343524911905077,0.0856369535143982,0,0,2.09648884588639,0.00166796371528492,0.0337091802089074,0.0145470186077737,0.00179493886730232,0,0,0.00146570944565245,0,0.190678327287515,0.000628868980051992,0,0,0,0,0,0.00425555905865474,0,0.00798550924203338,0.000241372621241492,0.0542828003349529,0.00018496404206142,0,0.0044759765133893,0.000363572674954016,0.0134122531151588,0.0467138118581267,0,0,0.0277878184405975,0.000410164894409338,0.000472211300543839,0.422976581351879,0.106011829547663,0.112920083095302,0.000387088737672208,0.000184884333541533,0,0.0107378842053574,0,0,0.00441076719811118,9.99400106279124e-05
0.0149039195187907,0.0760169391490771,1.58390530417086,0,0,3.44898532757777e-05,0.00961856420021536,0.00243840521975764,0.0109348778757439,2.78412499655047e-05,1.58571627730836,0,0.394761596579796,0.00901675553692993,0,0.00672767857756078,1.17951339897055,0.961553596810523,2.65208581302749,0.000110902654651263,0.00663695777348799,0.0294674569775188,0.0792966324843328,0.0053720124340233,0.684222620408106,0,2.11165385620669,0.0125459575649175,0.00798004469305742,0.00872075913544824,0.543156864389201,0.000162548661482073,0.00105880871431636,0.076302969853669,0.0013769731211586,0.0827388486129913,0.609375179612982,0.272672816566895,0.111125604806308,0.000436967408936392,0.000493472194233421,0.0249147180047987,0.000796744087704558,0.00572581639193951,0.00481946846999605,0.00104277076369824,0,0,0.000633128904627507,0,0.036619002682165,0.0004278555971797,0,0,0,0,0.00011174378753922,0.000766539570528842,0,0.0040021077887248,0,0.0313255267455265,3.22812963625024e-05,0,0.000883754659115443,0.000972407765144594,0.0040391616038666,0.0118612655659569,0,0.000121840826953731,0.00271367205962586,0.000257037768441318,0.000389915203149183,0.228756835299024,0.0461446904136558,0.0699084951813898,0.000421637268978542,0.000120606764453242,2.76446364626867e-05,0.00202924054059387,0,0,0.00181250709536073,0.000623498673885151
0.0178528147195395,0.975052165547354,2.43326125620138,0,0,0.000146828065485599,0.0124637436469617,0.00271041494789693,0.141769921176743,0.000446443342872514,0.0723839723376579,0,0.921749724575343,0.012043492724681,0.000416124352415382,1.31607895158567,0.484984343671699,0.0141309981233214,0.046937612551578,0.000106731680828939,0.0989770495007443,1.06912791572711,1.55205566241646,0.210646044088315,1.14872302950344,2.11165385620669,0,0.162375277044985,0.00969293999564766,0.0168310006363493,0.700628438131801,0.000134232699226843,0.000859597117466488,0.236556371861614,0.0167259684953203,0.281756127932874,0.235550503035799,0.591306570288512,0.405040787143511,0.00737519059463675,0.00365352489556731,0.00904797718076048,0.00587138421448545,0.00593050289638642,0.00927612965781506,0.00565698623135568,0,0,0,2.25334562211374e-05,0.318771013806252,0.00330578101139739,0,0,0,0,0,0.00579072550150118,0,0.00366462601620021,0,0.017001001792541,0.000148582423844287,0,0.0300269778919929,0.00373494698320684,0.00190846227093452,0.0120740118170338,0,0.00105798128029717,0.0871593789921451,0.0036411284990338,0.00264264462846687,0.205284418404294,0.105415668820187,0.388380914881663,0.00101503747039089,7.87956543763695e-05,0.000365705368942391,0.00181708673995773,0,0.000112493938004715,0.00512086602429358,0.00405032674245871
0.0400380777360991,0.00327018554445525,0.186304397597135,2.73577153183384,7.7906514058014e-05,0.0493162571100627,5.30251378978127,0.0160102588390854,0.126639631452267,2.53915151986344,0.000264833275302502,0.00708627330784912,0.000217695651753959,0.0329688801424135,0.000434212874177602,0.132470162201175,0.0190924034314425,9.77075192280016e-05,8.90754295502227e-05,0.731649074584315,1.81947280628598,0.0962044891287877,0.629171452704164,3.77158725365734,0.00126230965653906,0.0125459575649175,0.162375277044985,0,0.0359408093854906,1.12136238472843,0,0.00015354016761949,0.0226362923507497,0.116699723031802,0.00480203161168942,0.10595613093147,0.0295563278260361,0.104265907034227,0.0743559461672769,0.00117804338237002,0.000744659418874732,0.000441103269285518,0.00776238844689482,0.00216546384771948,0.00299562478520699,0.00165926973251222,0.000132544562932728,0,0,0.00142704874869545,0.000391100292339443,0.000622384923805056,0,0,6.5891609342381e-05,0.000853655674885358,0,0.0389165272921062,4.18629929044723e-05,0,5.3799601357863e-05,0,0.000391511537772891,0,0.0133890668005456,9.41315204083088e-05,0,0,0,0.0131619297010225,0.010836056987542,0.0040023906485833,0.0353284646815753,4.81125673517432e-05,0.000254729501125613,0.00109720070547939,0.0212745120708891,0.00118980171507556,0.00491573514775667,0,0,0.00122275070086185,0.000895739289609753,0.00097851008218775
1.05397567775563,0.000125053063860474,0.0243146122903011,0.00102801226213855,0.0859816783423436,0.234979503907521,0.0784599498420578,0.349297939427764,0.00410469398177948,0.0549271123255423,0.00484937913253747,0.0122569751751517,0.00132789302938013,5.06675298962048,0.0165667613971553,0.00343397727065473,0.0581190081668255,0,0.000206582375233445,0.0245017890965696,0.659052954187154,0.00464954985762862,0.213287154730013,0.00520111745810271,0.000327498738309195,0.00798004469305742,0.00969293999564766,0.0359408093854906,0,3.31544323816283,0.000185788410564932,1.1513549626732,1.87049817418366,2.55004694614498,0.00142843378467837,0.0876167010867633,0.0110707014346264,0.439625608285367,0.10176853234852,0.0388846798420805,0.266432301791083,0.00136225171776125,0.000862221837564245,0.000294470322628484,0.000143327919978935,0.000113067502835908,0,0,0,4.89919506365516e-05,0.000150628560271248,0.000203085390905648,0,0,0,2.79875614467295e-05,0,0.00291183027323625,0,0,0,0,2.63506430977847e-05,0,0.00132719886838616,0,0,0,0,0.00205284511717365,0.00201980896136298,0.000612056060505672,0.00206048125740156,0.000197489875980129,0,0.000202127494799829,0.0014701470354178,0.000133287679456621,0.000349685262674969,0,0,0,0.000149470813176392,0.000287898896452765
0.374347221692301,0.000601171772724134,0.108832983162723,0,0,0.000600593212863,2.40599174936657,0.0138373845369496,0.021052948494037,0.00336376931138229,0,0,6.91153286561438e-05,0.0787798249004765,0.000552458552699643,0.0138079451792007,0.0749390226620553,0,0.00021838811265161,0.000354883813768712,3.11878083068404,0.0140964559000721,0.637825773705179,0.0343498020408099,0.000276306743853159,0.00872075913544824,0.0168310006363493,1.12136238472843,3.31544323816283,0,0,9.95740037645181e-05,0.584031031848668,0.903186231884081,0.00172716504275667,0.0445326696595499,0.0167901356252214,0.102192739827027,0.0577124241399822,0,0.000106193993882283,0,0.00192452060075424,0.000828981532233804,0.000191758567314045,0.000994135518163778,0,0,0,0.00078640843344001,0,0.000432832817828865,0,0,0,0.000111268910556957,0,0.00893825155835276,0,0,0,0,0.000180929887817372,0.000450393795847881,0.00291347364071491,0,0,0,0,0.00319533184368721,0.0028486794577113,0.000566672698504807,0.00507276267108461,0,5.15141277961169e-05,0.000298229446493104,0.00401711287818764,0.00051645436474864,0.000712223348801612,0,0,0,0.000328114025410892,0.00032355692142089
0,0,0,0,0,0,7.87233435955602e-05,0,0,0,1.24479262093559,0,3.91921909695475,0,0,0,0,0.000817878315782332,0,0,0,0.000577055554900813,0,0.000125143916207583,0.370786776759143,0.543156864389201,0.700628438131801,0,0.000185788410564932,0,0,0,0,0.00113503955548604,1.87989892553458e-05,0.0069158048041809,0.148020217057487,0.0461293995224453,0.0153385868389545,0,0,0.0903334015813961,6.39060582137397e-05,0.00129722125119757,0.00153952881797235,0,0,0,0,0,0.00149772301053439,0,0,0,0,0,0,0,0,0.000261695380331698,0,0.00582537546952959,0,0,0,0,0.000240499762462192,0.000551667889494333,0,0,0,0,0,0.0308353117367662,0.00113904953125231,0.000245882223496215,0,0,0,0.0242126375395739,0,0,0,1.78778723735854e-05
0.00246028794486837,0,0,0,1.86862769908674,0.730306243745356,0.000582197896045675,0.310364660111988,0,0.000282906648827677,0.00252300024260014,0.00216462433190102,0.000301259421811931,0.204142456596876,0.0199271885409176,0,0,0,0,0.00120981322718874,3.82570425698191e-05,0,0.000112982369988468,4.47448952250666e-05,0,0.000162548661482073,0.000134232699226843,0.00015354016761949,1.1513549626732,9.95740037645181e-05,0,0,0,0.965025219154644,3.74679183833933e-05,0.014277892215563,0.00287055918600067,0.141955449843567,0.0383005189797089,0.137974564732435,3.08010134909196,0.00133046291623871,0,0,0,0,0,0,0,0,0,0,0,0,0,0,0,0,0,0,0,0,0,0,0,0,0,0,0,0,0,0,0,0,0,0,0,0,0,0,0,0,0,0
0.0363044762116355,0,0.00170843954510437,0.000289059547335102,0,0.00215911332569969,0.0206340641362642,0.00263035654715591,0.00590945323313563,0.00651226129328736,0,0.000218381258327582,0,0.0190258045260386,0,0.00409803933066412,0.00922022279618652,0,0,0.00482410565212586,0.235871681242954,0.00375110276470636,0.0520673624362425,0.00341482825460557,0.000429260833712412,0.00105880871431636,0.000859597117466488,0.0226362923507497,1.87049817418366,0.584031031848668,0,0,0,1.65260458555659,0.000523597883594539,0.0149275911412865,0.0010136349834351,0.162918275103651,0.0389730506977362,0.000161220415256277,0.000307193997390442,0,0.000805105875288897,0.000352957065190604,0,0,0,0,0,0,0,0,0,0,0,0,0,0.0022622282116801,0,0,0,0,0.000112292979428931,0,0.000931745011025397,0,0,0,0,0.000730879899711614,0.00041032723275001,0.00034731147817856,0.00104479776651385,0,0,5.61047847222069e-05,0.000703931591250951,0,0.000182837578481806,0,0,0.000514532524939215,8.43763506863729e-05,3.04477965030038e-05
0.114699412884574,0.0241267122913257,0.0807186923264666,0.000380135933875615,0.324516843839365,0.0425932821748385,0.0442850153063442,0.109185791803166,0.0146666030500616,0.0398630519162768,0.356744922470427,0.0101425995090478,0.087837018660162,0.314629831575625,0.00581331562737279,0.0299087206418777,0.516046213169122,0.000285621543693684,0.231869719873463,0.0287839065144098,0.559829568275201,0.0284933378885602,0.43475632102602,0.0204347698135476,0.0161636304283351,0.076302969853669,0.236556371861614,0.116699723031802,2.55004694614498,0.903186231884081,0.00113503955548604,0.965025219154644,1.65260458555659,0,0.00331562615685322,0.246899024552723,0.273663385866575,3.46629463585191,0.462637183744389,0.0378839408376814,0.839620311674209,0.158743886252723,0.00219748989092525,0.00187870391817911,0.00117046022813741,0.00754663781281654,0,0,0.000464939982353911,0.000187902056937301,0.0130463562151751,0.000364164732481679,0,0,0,6.90796125417045e-05,0,0.00681561951844792,0,0,0,0.000754876374665968,2.71440483569851e-05,0,0.00472640852181693,0.000192852051090344,0.000362697940331123,0,0,0.00214800945542648,0.0107664589166328,0.00110468715875932,0.00323177091642745,0.00446403432547605,0.00171241718176958,0.0158793565873019,0.00221093064881428,0.000166919478368403,0.000668313632849609,0.000139667595435169,0,0.000443913485140418,0.0160783515272462,0.000802906630049686
0.000287793926754111,0.000280219047751168,0.00233337911221797,0,0,0.0188052611918759,0.000764559199204363,0.000268735659047061,0.00722691908266351,0.000166364375662413,3.11716905638389e-05,0.143640492553828,0.00188458616941667,0.000724659594027065,0.116075732148832,0.00381888350517363,0.00163373848595397,0,1.20885724302509e-05,0,0.00536756889437416,0.00127908863418336,0.0215489888871711,0.00131933976425851,0.00046154201879865,0.0013769731211586,0.0167259684953203,0.00480203161168942,0.00142843378467837,0.00172716504275667,1.87989892553458e-05,3.74679183833933e-05,0.000523597883594539,0.00331562615685322,0,0.0773242910366875,0.0659205636438643,0.0635119967186861,0.0845763087523702,0.0247717613906342,0.00272212656517877,0.000739375238887687,0.0245952381651696,0.041429011242261,0.0151576690771509,0.0333373726960631,0.00425871452131381,0.000753723544641208,0.000261633432096615,9.94744152766004e-05,0.000199290706436966,0.00235099596182477,0,0,0.000562141764552015,8.72912273741464e-05,2.3736421618431e-05,0.000282702533379326,6.81291420211623e-05,0,0.00272155413487803,3.24393281316794e-05,7.19811739379448e-05,0.00187095844033699,0.00147247251133644,0.000233675766429936,0,9.12013886812527e-05,0,0.00225153828760943,0.000781093595936732,0.00614459455477303,0.00152588775751849,2.62460744699378e-05,0.00115352948295952,0.00565425961234175,0.00162218812334267,0.000226156712906158,0.000343867343911375,0,0,6.51472415658084e-05,0.000527365304463359,0.863461090882463
0.0121116099156129,0.029849011051344,0.0731742322827374,0.000458596368408819,0.00440712993229546,0.00753266186245649,0.0145559311456436,0.0177880951023513,0.0762774433418438,0.0134926106388244,0.00980478005183146,0.00305256436440592,0.221507310273209,0.035140036164501,0.00324193520107893,0.108144477321249,0.052965143165471,0.00039835849409239,0.00128945182813789,0.00674427861357191,0.0829159330504498,0.0646131164154059,0.290194973642395,0.0343337737065386,0.0402556113696215,0.0827388486129913,0.281756127932874,0.10595613093147,0.0876167010867633,0.0445326696595499,0.0069158048041809,0.014277892215563,0.0149275911412865,0.246899024552723,0.0773242910366875,0,3.87311724496594,0.988481669652709,1.10847983471706,0.210781497953236,0.0326903865695306,0.109377559484106,0.063081214492329,0.0495073670074328,0.0119011441679619,0.0341664559313875,0,0,0,7.56778331582331e-05,0.0174984947381905,0.00293913205830929,0,0,0,0.000176622855861632,3.98483008227902e-05,0.01477987303098,5.17485156933083e-05,0.000164456784093096,0.000608449264097366,0.000892413557527479,0.000161291577700046,0,0.014362360277813,0.000818900248479357,7.88285487766218e-05,0.00112591680276022,0,0.0109864847214723,0.0259627703704658,0.00658805931176042,0.00782379893314447,0.0085291107220648,0.00225041140006243,0.0247146860233152,0.00691154643769486,0.000451651852455205,0.00252616075825889,0.000213211969246965,0,0.000255648419980759,0.00977227907666692,0.0213887937747545
