0,0.00129445893440386,0.222426707159635,0,0.000808085610295987,0.00987782223855152,1.31485283097231,0.558202216832543,0.0120799819581513,0.016068749946833,0.00301745872412595,0.000504524160354056,0.00118628793765354,4.21473776130839,0.000267923054244723,0.00332812991969903,0.212483655751987,0.00477920614277201,0.0528554808124704,0.00033649648218048,0.0499044061697364,0.00510721406549844,0.130241583278424,0.0176985054917334,0.000361933827167682,0.0217756921614284,0.0119124673264011,0.0743065819022991,0.802279113155654,0.32524223470073,0,0.0023830781503167,0.166091812693699,0.2105968274635,0.00131755281188145,0.0692321640317193,0.023087609514934,0.124883336442582,0.0438603464270365,0.00414206512479336,0.00253760874468043,0.00389592965518859,0.00795132177636339,0.00339368532745428,0.00522003795744682,0.0052799492630511,0.00194886376368246,0,0,0.00298256289977256,0.000799762145195601,0,0.000188132169258205,0,0,0.000973598476826036,0.000264103543514968,0.011120495108777,0,0,0.000228400799623871,0,0.00250273259793188,0.000565655623195243,0.00106016707497125,0.000196187043913401,0,0.000249368477399073,0,0.000517407143431601,0.00106804527134775,0.000286708563346593,0.0111230304841067,0,0.00021980833894512,0.000813196796524372,0.00636677280317399,0.00374531408162239,0.00248816676376445,0.00041798311492626,0,0.0038311477478372,0.00215413031893141,0.000811300772020782
0.00129445893440386,0,0.0402570274032629,0,0,0,0.000298525477171255,0,0.269019650154496,0,0.06487737290482,0.000108378870702609,0.11287700635075,7.81758543721978e-05,0.0012202196388617,0.105421054504877,0.040327330958984,0.0410791762582442,0.0482496422037993,0,0.00392679161381735,1.9664280075151,0.0056274986443952,0.274997099981237,1.67476955211001,0.106454341673379,1.36990160379455,0.00832171211638574,0.00142495433183173,0.00120845846584559,0.0795103391583699,0.000633377640911811,0.00163845802534263,0.0408546667105168,0.000642882025744859,0.0291147423623172,0.0521100085557437,0.103255721132745,0.0401813070001062,0.00720600893479701,0.000432741000664316,0.00936597460761554,0.0520092442201236,0.377031132650548,0.0537478655304326,0.0415810121535461,0.00161776740361411,0.000308676171572476,0.00239586092938344,0.00122991965114398,0.45983674532013,0.0161702345519227,0,0,0,0.00164009947693344,0,0.00385179047547973,0.000316157167740229,0.0073062923270222,0,0.00480131268129105,0.000663788170680172,0.000315689803472134,0.0124088987899154,0.115391256290048,0.00426703370203782,0.119694079868401,0,0.00209335022442586,0.0755295116305394,0.00851133003383103,0.00756986889406955,0.0242980372983886,0.0765133436785778,0.351856649281141,0.00124494435829842,0.000466792586141942,0.00188986548472864,0.00349078258761366,0,0.000337819324176562,0.0212745653698044,0.000751217388831405
0.222426707159635,0.0402570274032629,0,0,0,0.000134153210699685,0.244298032263182,0.0082281311749075,0.00653852268103739,0.000387199286717857,0.00463112919551293,0,0.00132138308906938,0.0417511697737503,0,0.0112683614065312,0.926233519777089,0.00924423684771129,0.145401738307942,0,0.286791234786977,0.0153566424426066,2.60951795379672,0.0202568549563286,0.00161212738917942,2.28308574037015,1.47679543946485,0.277259176481316,0.0204211345189432,0.225289775370829,0.000278101258972143,0,0.00597463569097753,0.199829465231829,0.00257170948310513,0.0937064052174739,0.115242457157173,0.319027972075596,0.108364557847447,0.00396724830235377,0.000936923291368083,0.00034763936716744,0.00675144796581182,0.0200235135381312,0.00644334690561229,0.00518073961504578,0,0,0,0.000142487663259243,0.0192490190471304,0.00251883229738395,0,0,4.96685885170243e-05,0.00011145625699359,0,0.00175057558529978,0.000118714076413629,0.000346936865901936,0,0.000202961720413749,0.000184511804749317,0.000336836492508341,0.00786282218245452,0.00640001749854535,0.000842387577361268,0.0040143031298965,0,0.00224823242021119,0.0132493391197044,0.00405774907710184,0.00422983959156857,0.0010854260944788,0.00528457032968537,0.045154487490936,0.00161255833057118,0.00031573157819036,0.00139169853648169,0.000121331376980194,0,0.000126348298341124,0.00222775892066947,0.00154535146171008
0,0,0,0,0,0.00801802394495465,0.0206810941637737,0.00152472478325184,0.196632185319097,1.26623230808563,0,1.18865163962635,0,0.000292915245717342,0.00175239992857797,0,0,0,0,9.24371394580618,0,0,0,3.95320540610373,0,0.000100240416609894,0,2.19475076532248,0.000454237300099236,5.41727747723985e-05,0,0,0,0.000324841636022854,0,9.73028340463047e-05,0,0,0,0.00327979232291516,0,0,0,0,0.000697211066002564,0.000181950661416887,0.00413933287970834,0.000133961926828538,0,0,0,0,0.00739670534449202,0,0.000228745794020302,0.00012578832665307,0.000931721175269105,0.00434911950834474,0.00293511527489795,0,0.00428638252240544,0,0,0.00104970756416717,0,0,0,0,0.00104196560811659,0,0,0,0.00698727567153195,0,0,0,0.00202639328458923,0.000139778417285512,0,0,0,0.000207299481295716,0,0
0.000808085610295987,0,0,0,0,1.64308488648711,0.00017896937909725,0.795829065945224,0.00164315847602379,0.000175194831659139,0.00369892537162505,0.000305995499773492,0.00352757160781057,0.00717825563482672,0.36012263628729,0,0,0,0,0,0,0,0.00020074040743728,0.000107817809539201,0.0012101299168158,3.94566819596417e-05,6.76671000872098e-05,0,0.0556923815498274,8.92067594968956e-05,0,2.01570220845703,0,0.144102488117392,0,0.000822501455402562,0.00278459318086597,0.0327833582298433,0.00988799226301589,4.12792732722225,1.98328561626886,0.00432269596684838,0,0,0,0,0,0,0,0,0,0,0,0,0,0,0,0,0,0,0,0,0,0,0,0,0,0,0,0,0,0,0,0,0,0,0,0,0,0,0,0,0,0
0.00987782223855152,0,0.000134153210699685,0.00801802394495465,1.64308488648711,0,0.173840526972294,2.68641238061639,0.0364861218453467,1.81030112887907,0.0151310495122662,0.589906814391079,0.00940859673069654,0.0949665393167761,0.399544378010682,0,0.000404124530436027,0.000703694283136248,0.000522761938941814,0.0401374729702263,0.00028206341167944,0,0.000547575541213065,0.026117809798379,0.00350966804282913,0.00138286946157354,0.000628673197117732,0.0961966767722796,0.207400034187497,0.000500993542464461,0.000122105806747397,0.503132685369169,0.000937164093217143,0.110650098057133,0.00524004335741503,0.0173324871643548,0.0126586143230852,0.207783922302306,0.0410335375438671,1.03073375322827,0.117770492962339,0.010903237992175,0.000273253795708008,0.00015133329476381,0.000313021972981886,5.13706575143822e-05,0.00628464802129424,0,0,5.06179189410224e-05,0,0,0.000769482417102606,0,0.000230687584572255,0.000250381899818291,8.05459796017641e-05,0.00131547036845311,0.00129690348625214,7.10882467065306e-05,0.00382792503446344,0,0.000220883142254839,0.000381508100300642,0.000156152718582252,0,0,0,0.000475410322648306,0,0,5.36006518282403e-05,0.00330864814794955,0.000183388344094247,0,0.000117242904424789,0.00101129662592855,0.000248304292705296,0,0,0,0,0,0
1.31485283097231,0.000298525477171255,0.244298032263182,0.0206810941637737,0.00017896937909725,0.173840526972294,0,0.33591827977811,0.0110723433654598,2.63412174092541,0.00032950829227419,0.00594131220411428,0.00024610257644474,1.04658561039909,0.000302864276279218,0.00211650289152552,0.0248994645329324,0.000222514460027387,0.00433550249355398,0.00510127111834478,0.0831750049951213,0.00200389120996625,0.191127875143764,0.191320027790452,0,0.0104647902945142,0.0241579859594084,3.51587568840203,0.0423867849180961,1.47739623866919,0,0.000173835403525219,0.00626502563595536,0.0243703114266453,0.000854069827877819,0.0179887251343125,0.00989445042581403,0.0209059579085787,0.00974993421473666,0.00317139573012695,0,0,0.0047397924070579,0.0019348753766051,0.00254684103715991,0.00192151886114748,0.00104966667739643,0,0,0.00144040483282289,5.38491878037447e-05,8.03782357238561e-05,9.00720834508557e-05,0,0,0.000983690892082517,0.000184362008592638,0.00485459376538863,0.000145808366820209,0,0.000407185432503974,0,0.00087742942120651,0.000616355759388468,0.00144216291245469,0.000191462189699274,0,0.000229632151593408,0,0.0012049791134834,0.00146574608869471,0.000623595876327101,0.00932255124209716,0.000107799086868225,8.28937865698365e-05,0.00142928493347305,0.00407530372028542,0.00138277542399143,0.00154811164971083,0,0,0.000314064887557501,0.000973919209427618,0.00034463879095917
0.558202216832543,0,0.0082281311749075,0.00152472478325184,0.795829065945224,2.68641238061639,0.33591827977811,0,0.00194363142760802,0.321419202110623,0.0176528920569684,0.0172301751043792,0.00628692850099005,1.90568278564851,0.00225958457834468,0.000156239488968486,0.00456198450966076,0.00115737457473608,0.00171120882958615,0.00519502560589873,0.00242648440172681,0.000333011978450669,0.00681042738976561,0.00432706075801385,0.00286898441464047,0.00258880783961894,0.00143554781796543,0.0196520135022155,0.664772099052532,0.00743923440771798,9.27644772658505e-05,0.489993655076751,0.00304550307141486,0.117979350943307,0.000393838154451037,0.0270037531873297,0.0145625230306961,0.2058386904004,0.0348421750241819,0.0229545784477244,0.0222667482665164,0.0108220567991993,0.000260369158707248,0,0.000129694344041965,0.00031996250230247,0.000454363729548388,0,0,0,0,0,0,0,0,0.000113720634042209,0,0.000642554522507438,3.46857034963369e-05,0,0,0,0.000196050329954055,0,0,0,0,0,0,0,7.23281352044353e-05,0,0.000810613409382732,0.000112167785199138,0.000106683205337142,0.000327410367594716,0.000864406676500252,0.000262659721377083,9.68988246508372e-05,7.79161937681386e-05,0,0,0,9.447993676785e-05
0.0120799819581513,0.269019650154496,0.00653852268103739,0.196632185319097,0.00164315847602379,0.0364861218453467,0.0110723433654598,0.00194363142760802,0,0.00385533191469076,0.00924250719225555,3.76173932130543,0.00955674748803717,0.00165619180448895,0.731983132106616,0.00562678399807269,0.00326161106185604,0.00761417327606569,0.0090588419743859,1.13347984771049,0.0011220945938293,1.91864486905394,0.00236298555884013,4.62170946362362,0.046220515491077,0.0263802774712822,0.0776543240686511,0.131728788298416,0.0089974393609265,0.0158252500289065,0.00926891158682679,0.000141842676895092,0.00948418159483645,0.012805213949726,0.000848736825626827,0.0660509420046127,0.0107082144839259,0.016150714927531,0.0105489566853175,1.80917100431692,0.00114117274298584,0.0014180667775276,0.0292311195337634,0.0102425290665147,0.0161802550906024,0.0102223118646233,0.106271008305281,0.00059492145714022,0,0.00787561745551341,0.00553674586784548,0.000494565824367278,0.0474128295572707,0,0.00503785184248853,0.00447741581873961,0.00379205109810066,1.44168612165752,0.0305467320987857,0.000539896251227175,0.0809261475626891,0.00013660008401898,0.00830293269135754,0.0106308921550504,0.00864565785690066,0.00119401585217266,0,0.00226532956976924,0.0146213503613896,0.00189472889944218,0.0403939687296017,0.000696551899018958,0.198851529049295,0.00153492132478578,0.000905688541786983,0.00471233950482918,0.0411177977805963,0.0098147063074103,0.00894574282405348,0,0,0.00700799600022349,0.00906124294339342,0.000327881069455776
0.016068749946833,0,0.000387199286717857,1.26623230808563,0.000175194831659139,1.81030112887907,2.63412174092541,0.321419202110623,0.00385533191469076,0,0.000483394839437891,2.44214666844491,0.000227564873682486,0.140011280280329,0.00313791676547465,0,0.000365174728597195,0,3.45381515664649e-05,1.45450464666253,0.00011118179151027,0,0.000245494780432497,0.0226512695922665,6.44083762038556e-05,0.000103022839650869,2.62544142432715e-05,1.68647012246581,0.0104295563217955,0.000268754493360299,0,0.000529558484020417,5.95590897774483e-05,0.00653749120318338,0.00138207397401166,0.00142829635148117,0.000247612342808672,0.00698992161245937,0.000566632149988351,0.009833160647429,0.000439079883176504,8.36791857784635e-05,0,0,0,0,0.000153064056960105,0,0,0,0,0,5.49229375668894e-05,0,0,0,0,0.000129787189244028,0.000139798823788536,0,7.43856004283478e-05,0,0,0.000197746421016251,0,0,0,0,0,0,5.7163254785139e-05,0,0.000143466070097215,0,0,0,7.31363256686955e-05,5.80151313113288e-05,0,0,0,0,0,0
0.00301745872412595,0.06487737290482,0.00463112919551293,0,0.00369892537162505,0.0151310495122662,0.00032950829227419,0.0176528920569684,0.00924250719225555,0.000483394839437891,0,0.000149356227791941,3.25685672855551,0.018010967891082,0,0.000983307077970097,0.0172825425118106,2.50261233073202,1.45848074612457,0,0.00125691163683415,0.0173231451504472,0.00244036551646174,0.00621531307788657,1.80163998499728,1.09334090399114,0.137969668958637,0.000559117095712437,0.0762257046841334,0.00129188907067692,0.181575765393624,0.0305752855929903,0.000946968031856604,0.87308434688101,0.00244445992146234,0.109256618921585,1.38600632057193,1.76108385930097,0.18237452195608,0.00187933921579764,0.0031693970003762,0.40084695842742,0.00151626858772992,0.0337866796278729,0.0150199339612342,0.00239997396789085,0,0,0,0,0.0123932813827554,0,0,0,0,0.000126494403476316,0,0.000386468725741716,0,0.0312391603498403,0,0.0394825780561624,6.99935405229332e-05,0.000300688461456295,6.98128655318127e-05,0.000594140260821989,0.00923357959273586,0.00800601364582853,0,0,0.000453853817299187,0.000282499586449291,0.000320642334171243,0.355408570471686,0.0361412052416287,0.0337712234663433,6.0075325123914e-05,0.000533206676907941,0.000175887737887709,0.0563042098392888,0,0,0.00237454484068468,0.00128785107402622
0.000504524160354056,0.000108378870702609,0,1.18865163962635,0.000305995499773492,0.589906814391079,0.00594131220411428,0.0172301751043792,3.76173932130543,2.44214666844491,0.000149356227791941,0,4.75581105600789e-05,0.00252512342854753,1.35862057305949,0,0,0.000159650616093318,7.7351303915122e-05,10.8196200822849,0,0.000373865856077763,0,1.29245938485302,0,9.44348679021334e-05,0.000327826685403469,0.0881381041557918,0.00449646239564504,0,0,0.000303340012674121,0.000208140979571572,0.00323755147774096,0.16187761509158,0.0174790717406428,0.000259251937283543,0.00407425157176389,0.000436507378028323,0.594179179474847,0.000215165067236709,0,0,0,0,0,0.010118461122767,0.000468481788445144,0,0,0,0,0.00407446479589078,0,0.00058593692273458,0.000197486349575721,0.000416184173025974,0.00564947332812397,0.00360674593705961,0,0.00799543941185096,0,0,0.000780117195228641,0,0,0,0,0.00111527102926709,0,0,0,0.00533268166897308,0,0,0,0.00190273711611116,0.000412592505977547,0,0,7.80174610060993e-05,0.000137444344752788,0,0.00187117829932478
0.00118628793765354,0.11287700635075,0.00132138308906938,0,0.00352757160781057,0.00940859673069654,0.00024610257644474,0.00628692850099005,0.00955674748803717,0.000227564873682486,3.25685672855551,4.75581105600789e-05,0,0.00224199813065101,0,0.00357064608023857,0.00208344835168328,0.019465315514226,0.00980154520903903,0,0.00234963243153593,0.0258112780600464,0.0048473760806769,0.00806867659008137,2.73818576999741,0.411793881382915,0.850481957167463,0.0013260051561672,0.0121788744655032,0.00113941765997481,6.04006970860595,0.0141136753878438,0.00142760892103711,0.0265669174578602,0.00309025847885626,0.810370691695403,0.403358823855753,0.391978113823383,0.411497550074234,0.00269681161927407,0.0464986075635846,1.44542602301947,0.0124780518704811,0.00925864763337248,0.00510430587648286,0.00339549944879666,0,0,0.000597900138320276,0,0.00503048173539879,0,0,0,0,0,0,6.59883771221832e-05,0,0.0341326492305187,0,0.0306726074608071,0.000114710160382263,0,0.000758732579338142,0,0.00466343179556501,0.00440472363931312,0,9.36022852584401e-05,0.000167940920727038,0.000296627760253495,0.00036408931153181,0.130766115747418,0.0133348816070132,0.0126789005536412,0.000373297506578946,9.64901428351333e-05,0,0.0209578052244633,0,0,0.000965492818096564,0.00138333607420384
4.21473776130839,7.81758543721978e-05,0.0417511697737503,0.000292915245717342,0.00717825563482672,0.0949665393167761,1.04658561039909,1.90568278564851,0.00165619180448895,0.140011280280329,0.018010967891082,0.00252512342854753,0.00224199813065101,0,0.000817168566918068,0.000749243839255447,0.0271404921023633,0.00143757323436846,0.00783813409273585,0.00067351251214743,0.0113468148808943,0.000930848606287234,0.0355302738868744,0.00547285029362015,0.00231931878338097,0.00527962138794123,0.00379726742618821,0.0220762489011866,2.91063635812563,0.0472388675146099,5.32669176457469e-05,0.246562037205925,0.0155604558351227,0.214624811173896,0.000585498717649363,0.0173684374310646,0.0117677237674606,0.129255851609291,0.018889492505081,0.00571230682819532,0.00786475084177882,0.00524576559950911,0.00146284010630664,0.000618513178494859,0.000724886827885268,0.00146332283562286,0.000203554821958623,0,0,0.000941634990406383,0,0,0,0,0.000140483375092261,0.000703229302736097,0.000184904928271212,0.00176649543973559,3.85216077596043e-05,6.13825127300121e-05,0,0,0.000424618802463208,8.91543066913227e-05,0.000249785463582646,0,0,0,0,0.00015339314043288,0.000292745564446252,2.72097991410596e-05,0.00340024449693474,0.000250195573634615,8.58785984879738e-05,0.000961030143442517,0.001799023727034,0.000826694661116241,0.000614039238443138,8.26628969618397e-05,0,0.000661365978334966,0.000321878654818439,0.000114952066612376
0.000267923054244723,0.0012202196388617,0,0.00175239992857797,0.36012263628729,0.399544378010682,0.000302864276279218,0.00225958457834468,0.731983132106616,0.00313791676547465,0,1.35862057305949,0,0.000817168566918068,0,0,9.0170696103814e-05,0,0.000113555357896655,0.111415895595882,0.000618840191829136,0.000422619532514282,0.000365369404210489,0.0535949367074062,0.000454575542972027,0.000145298535745528,0.000904498666223774,0.000567131770260145,0.00221827103875487,0,0,0.0118856895247872,0,0.00140590565722333,0.168395356793707,0.0335535757774705,0.00108732594731533,0.00891786918086757,0.00517407173619816,3.5962048630376,0.101877251145884,0,0.00211252046149631,0.00406618683714268,0.00595335606881914,0.0055153745243954,0.0168273217706655,0,0,0,0,0.000162479439649777,0.00355147436888865,0.00030573153330915,0.000860603490750691,0.000140611743895731,0.000290943725335427,0.00505335007511764,0.00204453645985522,0.00015375085901746,0.00687041083466743,0,0.000308003101485176,0.0302056329363751,0,0.000298607503606482,0.000282404095566818,0.000991113350969838,0.00117252746244446,0.000185967463827029,0,0.000627610471629091,0.00561287073101667,0,0.000143410667131881,0.000350402125856152,0.0019629304994168,0.000300946936067268,5.81752501265468e-05,0,0,0,0,0.0297032169447894
0.00332812991969903,0.105421054504877,0.0112683614065312,0,0,0,0.00211650289152552,0.000156239488968486,0.00562678399807269,0,0.000983307077970097,0,0.00357064608023857,0.000749243839255447,0,0,0.00630550303556618,0.00159651523615007,0.00509848295441011,0,1.19044886065195,1.77815882305104,2.27430380111212,0.72513051369609,0.00546975487230147,0.00422536007104033,1.02936737617643,0.396693997783935,0.00386753741422847,0.0398847120478297,0.000346375937051729,0.000137112157837557,0.00694644529332757,0.0464707983134025,0.0079870159847113,0.287482951601143,0.144610193722736,0.0975109874771664,0.10891778910489,0.0286662921610442,0.00112458518382369,0.000238002682092411,0.0727787061457976,0.0834547547415724,0.0255212157144869,0.0498882819985193,0.00731800602479532,0,0,0.00335901496177079,0.00404532502339533,0.00386223843700467,0,0.000260182098664819,0,0.00133241289150003,7.10262080458558e-05,0.00853721252842255,0.000108663599111398,0.000104980984406854,0.00016416335125027,0,0.00156547748976737,0.00436323959680797,0.294619089644845,0.00423636338298446,0,0.00176110820849323,0,0.0339674119645885,0.236527279933469,0.0433105149504838,0.0399275465876192,0.000347312633617939,0.00200373206444104,0.018743873761431,0.0188330269198348,0.00334981339609877,0.0251370585925061,0,0,0.00466235203766896,0.0209501401225814,0.00509630665435404
0.212483655751987,0.040327330958984,0.926233519777089,0,0,0.000404124530436027,0.0248994645329324,0.00456198450966076,0.00326161106185604,0.000365174728597195,0.0172825425118106,0,0.00208344835168328,0.0271404921023633,9.0170696103814e-05,0.00630550303556618,0,0.0333398543345548,3.84794838955974,0,0.165463280924137,0.00827060300732376,1.54217008280734,0.00760117272923141,0.00404912874898406,0.929633615384172,0.254053211522806,0.0159650308084841,0.13843567389216,0.193734661632138,0.000638766204129518,0.000228094413624098,0.0384776413999501,1.23035223603329,0.0021743729232362,0.119109530779264,0.340381395143774,0.538236132508265,0.181802912329087,0.00476711555730614,0.000897028875894153,0.000159384776278505,0.00371865220592423,0.00992825791099868,0.00432241347626634,0.00187739894631278,0.000528648704132951,0,0,0.0003993869178631,0.0164156529220021,0.000446523583967079,0,0,0,0.000232960203928807,0,0.000139724351021229,0,6.68595635442636e-05,0,0.000430238274825,8.70769132079482e-05,0.000142662614125023,0.00188754244767429,0.00364776878006023,0,0.00474630841649678,0,0.000947195498540243,0.00550079492194603,0.00155607513202161,0.00136666761928744,0.00228216661784166,0.00388539896586512,0.0211776905633412,0.000538779786432344,0.000210540144301778,0.000742647425974539,0.00120804629664592,0,0,0.000960309148160689,0.00134689375359219
0.00477920614277201,0.0410791762582442,0.00924423684771129,0,0,0.000703694283136248,0.000222514460027387,0.00115737457473608,0.00761417327606569,0,2.50261233073202,0.000159650616093318,0.019465315514226,0.00143757323436846,0,0.00159651523615007,0.0333398543345548,0,4.14313993129569,0,0.000721473097284235,0.0110435966602359,0.00273614290246379,0.00350624568447684,0.220031104472261,0.615884439251106,0.0748087121684288,0.000273420548189147,0.0062881452744387,0.0019535125695866,0.00259978868291176,0.00126098726500145,0.00153772442688936,0.0559867308520491,0.000968776254392623,0.0422088448741934,0.128996206257441,0.240981881859935,0.113925081185438,0.00101629230556078,0,0.00575491292051211,0.000880772074387799,0.0216666337367384,0.00696715098523268,0.00276746584041683,0,0,0,0,0.0101183568209209,0,0,0,0,9.40502655308491e-05,0,0.000216233389579296,0,0.0132051773074067,0,0.0204096750978293,0,0.00060865194584564,0.000157591114730246,0.000629401352239572,0.00853082677384986,0.0110740703883641,0,0.000121669860336376,0,0,3.83946808356394e-05,0.133184630916502,0.0155167865706451,0.0197917961925617,0,0.000133367007755819,0,0.037269419972325,0,0,0.00137699711613221,0.00063451820194788
0.0528554808124704,0.0482496422037993,0.145401738307942,0,0,0.000522761938941814,0.00433550249355398,0.00171120882958615,0.0090588419743859,3.45381515664649e-05,1.45848074612457,7.7351303915122e-05,0.00980154520903903,0.00783813409273585,0.000113555357896655,0.00509848295441011,3.84794838955974,4.14313993129569,0,0.000488117850743191,0.0237370292224904,0.00776001217077642,0.0496172056686482,0.00590079193892752,0.0793464861722903,1.37135726745996,0.172502912154412,0.00305263626860439,0.0397217452083743,0.0277658264605619,0.00144666359344764,0.00150116418570519,0.0165671104729365,0.709741217709263,0.00138954929370716,0.0890599800277711,0.18460662687612,0.58237259836475,0.188763950637337,0.00142278103165456,0,0.00273129113710691,0.00446001222848862,0.0294869825191907,0.0130252268154168,0.00361528498790056,0,0.000363021408205417,0.00105227495687876,0.000179324004787451,0.0250986369888202,0.000138958930638005,0,0,0,0,0,0.000847791798436887,0,0.0139925743496848,0,0.016231958589424,7.32187495712132e-05,0.000118661591726304,0.000813547558716071,0.00180229891074724,0.0139291882462572,0.0203467387464742,0,9.10316790174795e-05,0.00115530034615634,0.000550251814339424,0.00129571746727325,0.0824157067788212,0.0251693833612205,0.0409629338452518,0.000137555883538538,0.000229680722848812,0.000216296133697101,0.0184723200438794,0,0,0.00164881295280299,0.00105643521893188
0.00033649648218048,0,0,9.24371394580618,0,0.0401374729702263,0.00510127111834478,0.00519502560589873,1.13347984771049,1.45450464666253,0,10.8196200822849,0,0.00067351251214743,0.111415895595882,0,0,0,0.000488117850743191,0,0,0,0,1.58121616625311,0,0,0,0.315115314090255,0.00135506788849364,0,0,0,0,0.000807433707432213,0,0.000771250583334708,0,0.000689949465119719,0.00063561540688406,0.0884806890515858,0.000479891623209786,0,0,0,0,0,0.00563016050641811,0,0,0,0,0,0.00187105866768851,0,0,0,0,0.0015804524210733,0.000728171498166892,0,0.00516667001769413,0,0.000103367212062146,0.000566355728654315,0,0,0,0,0.00018300820347707,0,0,0,0.0021068850154205,0,0,0,0.000990432139341509,0,0,0,0,0.000305450767235142,0,0
0.0499044061697364,0.00392679161381735,0.286791234786977,0,0,0.00028206341167944,0.0831750049951213,0.00242648440172681,0.0011220945938293,0.00011118179151027,0.00125691163683415,0,0.00234963243153593,0.0113468148808943,0.000618840191829136,1.19044886065195,0.165463280924137,0.000721473097284235,0.0237370292224904,0,0,0.0435421579063003,5.8628504470265,0.113023940142788,0.000307408907600615,0.00630223700515995,0.0912381388066761,0.968448256299563,0.194473604539831,2.56158128419489,0.000164110118243245,0,0.0672764278156525,0.961528963552805,0.0202739741423733,0.28535661017044,0.0730046935293473,0.454451476206291,0.196709556611993,0.0313633563972333,0.00131590015826845,0.00123272123452072,0.0198054885441759,0.0124329819793065,0.00731706279009672,0.0110773219413816,0.00176553441028766,0,0,0.0018616095504325,0.000139465113086264,0.00179540356149563,0,0,2.40235234245881e-05,0.00159138934884896,0.00027930268453999,0.00354742577168048,7.37745022289008e-05,0.000199859083440751,0,9.93121864987685e-05,0.00115714270428015,0.00108732330638581,0.0282007153822404,0.000292810574781255,0,0.000342006892935701,0,0.0128082196968794,0.0309715988705306,0.00470422640220562,0.0175693211706098,0.000104027727182307,0.00045193783059742,0.00348700832889051,0.0125862653716689,0.00305886724618845,0.00985644761482562,0,0,0.00143179387366648,0.0049058677258846,0.00926156155736183
0.00510721406549844,1.9664280075151,0.0153566424426066,0,0,0,0.00200389120996625,0.000333011978450669,1.91864486905394,0,0.0173231451504472,0.000373865856077763,0.0258112780600464,0.000930848606287234,0.000422619532514282,1.77815882305104,0.00827060300732376,0.0110435966602359,0.00776001217077642,0,0.0435421579063003,0,0.0758237652847842,1.60191136444902,0.124542747414455,0.0368808005983483,0.672261642203742,0.0681925639813555,0.00379487768611139,0.0300887206504265,0.0168153490539977,8.4666501946884e-05,0.00375556081789912,0.0319048310815563,0.00291935979241525,0.0947646401809784,0.0475194718569558,0.0621264088478091,0.037384672347779,0.0181582022011272,0,0.00137418551904187,0.0566068555166277,0.0709829872541318,0.0343932961654112,0.0362172007857159,0.00472681708240731,0.000174485121716482,0,0.00554785409619324,0.0294567144829504,0.00328802914929227,0,0,0.000160370299134651,0.00162134791728033,0.000592078281484229,0.0836230045394844,3.1875842859728e-05,0.00047856969724977,0.000189381309917561,0.000117248447076612,0.00150384345943889,0.00150461374363595,0.276884762436013,0.0073924542126149,0.000289655622247909,0.00313706192312747,0,0.0169977591861415,0.630066976230327,0.0375287860432143,0.0502852475616685,0.00417347090827903,0.00276254416783323,0.0672703680935227,0.0130161342592948,0.00616129237935584,0.0155294163620514,0.000561546277970497,0,0.0045875326849407,0.0156327429404359,0.00254369606922727
0.130241583278424,0.0056274986443952,2.60951795379672,0,0.00020074040743728,0.000547575541213065,0.191127875143764,0.00681042738976561,0.00236298555884013,0.000245494780432497,0.00244036551646174,0,0.0048473760806769,0.0355302738868744,0.000365369404210489,2.27430380111212,1.54217008280734,0.00273614290246379,0.0496172056686482,0,5.8628504470265,0.0758237652847842,0,0.065817318228666,0.000237144050360771,0.0513892809573222,1.02553104363232,0.323997039976015,0.028337954647278,0.53584950227742,0.000132576134739596,0.00043680906004397,0.00562194803184328,0.561789010517474,0.0377392357625655,0.605581304801115,0.261032949035206,0.792117906017992,0.495571465145152,0.0935908826792705,0.00217531322308233,0.000607339028068643,0.0312931081120275,0.0274127999195095,0.0102674148910566,0.020929036858115,0.00292268893087211,0.000264363513942968,0,0.000535241012112359,0.00193944303979965,0.0011565441729927,0,0,0,0.000861798839087751,4.57511257379029e-05,0.00254555362878485,4.21363535380234e-05,7.72889224853407e-05,8.50045893796732e-05,7.30850459595566e-05,0.00053806935995585,0.00150955417650066,0.120471485011465,0.000978138573308045,0,0.000405769104866996,0,0.0123668934041923,0.0570778122881871,0.0269966543881008,0.0163916353777563,0.000212614839446658,0.00105765010083928,0.0314143986922143,0.00593573897265027,0.00105164443177463,0.00705821613069883,0,0,0.00039463405393083,0.00540286889748239,0.0217189282484937
0.0176985054917334,0.274997099981237,0.0202568549563286,3.95320540610373,0.000107817809539201,0.026117809798379,0.191320027790452,0.00432706075801385,4.62170946362362,0.0226512695922665,0.00621531307788657,1.29245938485302,0.00806867659008137,0.00547285029362015,0.0535949367074062,0.72513051369609,0.00760117272923141,0.00350624568447684,0.00590079193892752,1.58121616625311,0.113023940142788,1.60191136444902,0.065817318228666,0,0.0323415564721865,0.0166449969860275,0.287678667991518,3.19037396227635,0.0193880071224344,0.051553533135607,0.00188684893766234,0.000187249845477262,0.0127240649584139,0.0400299900318205,0.00421920556412592,0.0958662519962272,0.0251317277548642,0.0367685671726858,0.0250245742127835,0.178740903634561,0.000121227981331067,0.000587199529428494,0.0794412109920777,0.0205931681928409,0.0433627148042952,0.0331912064694597,0.0553691295568759,4.35474708134257e-05,5.64030734650093e-05,0.0156439607131983,0.00385773348677831,0.0020541616504557,0.049747431331697,0,0.00910508574104067,0.0130811973976464,0.0120403078279397,0.284401264563035,0.0449328221637632,0.000924670963799775,0.0417047581619955,6.98878287122649e-05,0.0210608897017519,0.00800639806213226,0.0407226429397716,0.00121582789730626,0.000119370446090752,0.00172235556585996,0.00746011568356701,0.0101279566303851,0.0635005576409276,0.0096970914687684,0.277926084214326,0.00137649294862091,0.00194399659600622,0.0128449417492489,0.0831783964071398,0.0250751387472485,0.0210583261494845,0.000403728655371684,0.000198894893082755,0.0104901183163118,0.0140335429214186,0.00256825182583678
0.000361933827167682,1.67476955211001,0.00161212738917942,0,0.0012101299168158,0.00350966804282913,0,0.00286898441464047,0.046220515491077,6.44083762038556e-05,1.80163998499728,0,2.73818576999741,0.00231931878338097,0.000454575542972027,0.00546975487230147,0.00404912874898406,0.220031104472261,0.0793464861722903,0,0.000307408907600615,0.124542747414455,0.000237144050360771,0.0323415564721865,0,0.466854850906304,0.904399487491751,0.00124544756799579,0.00725379776553694,0.000197821980100892,0.47655522971538,0.0042381305664326,0,0.0466966262264069,0.000590970555848945,0.0313646603193278,1.45547197830832,0.386732456301602,0.0736767913602805,0.00167428054532537,0.00141660276537139,1.30401164580839,0.00192647014724849,0.0810336808670405,0.0201700203634134,0.00631836075686582,0,0,0.00494237189748556,0,0.122623245403318,0,0,0,0,0.000186885291603093,0,0.00152772876856529,0,0.029103177016127,0,0.0278364001221373,0,0.000224900384577799,0.000236884219932157,0.000375541041063765,0.0160031601158347,0.0254191039448085,0,0,0.00091697417548844,0.000122206604665755,0.000187182682154095,0.558701771346258,0.0372385440038461,0.0512454079142161,8.97907287574114e-05,0.000529597797332761,0,0.0456240968269527,0,0,0.00484388850549991,0.000357093020087237
0.0217756921614284,0.106454341673379,2.28308574037015,0.000100240416609894,3.94566819596417e-05,0.00138286946157354,0.0104647902945142,0.00258880783961894,0.0263802774712822,0.000103022839650869,1.09334090399114,9.44348679021334e-05,0.411793881382915,0.00527962138794123,0.000145298535745528,0.00422536007104033,0.929633615384172,0.615884439251106,1.37135726745996,0,0.00630223700515995,0.0368808005983483,0.0513892809573222,0.0166449969860275,0.466854850906304,0,1.79981091176981,0.0141038908854114,0.0136065608421988,0.0163309355602691,0.248973267313182,0.00106739685219375,0.00172240604173111,0.11063974536595,0.00517623924018914,0.143247050233453,0.33629735367964,0.311506329651232,0.153786004895925,0.00132196498996762,0.000383886058758775,0.00724276819672285,0.00735964088835488,0.0629378951715759,0.0230801589432706,0.0075742684664509,4.61470053570827e-05,0,0.00092365784735366,0.000187033964761897,0.0351632119821857,0.000296769753429601,0,0,0,0.0002261178014108,6.69653514781543e-05,0.000683857894860174,0,0.0474629077533974,0,0.0489315157004319,4.71318649920265e-05,0.000186987691659366,0.000961995715745961,0.00402958477803946,0.0266504481420707,0.0375316640048765,0,0.000433910713807182,0.00174295858611397,0.000661061745819871,0.00132756790504373,0.225767069287832,0.0866727334520734,0.149918974684272,0.000323514188584538,0.000474409589738447,0.000441512453046976,0.0340260443636154,0,0,0.00364333181944129,0.00345116533193329
0.0119124673264011,1.36990160379455,1.47679543946485,0,6.76671000872098e-05,0.000628673197117732,0.0241579859594084,0.00143554781796543,0.0776543240686511,2.62544142432715e-05,0.137969668958637,0.000327826685403469,0.850481957167463,0.00379726742618821,0.000904498666223774,1.02936737617643,0.254053211522806,0.0748087121684288,0.172502912154412,0,0.0912381388066761,0.672261642203742,1.02553104363232,0.287678667991518,0.904399487491751,1.79981091176981,0,0.197915481799201,0.00779455278379473,0.0268190916829718,0.365894421924777,0.000261113572500609,0.00162289643677006,0.337593487297459,0.0135116204688888,0.291840609349002,0.182087424547906,0.63243119911725,0.268439072426624,0.0156753704177461,0.00295694792749255,0.00138681174609998,0.0432106780275745,0.105862280931745,0.0421536938586206,0.029162673374241,0.00144812795592417,0.000510288984283091,0.00063996170347446,0.000504258175546895,0.140576051282316,0.00912743371362991,0,0,0,0.00175089341551057,8.12072632059057e-05,0.00576662856623304,5.81958172625719e-05,0.02170090304268,0,0.0176700780267193,0.000705145977762724,0.000827971619903314,0.0621086654526304,0.0343993813953795,0.0139193697381568,0.0496212219679774,0,0.00552206996889307,0.08272228543874,0.0432610931642018,0.0117171567966058,0.105489846926154,0.094251966651416,0.424723462889572,0.00447292758147074,0.000521372697866616,0.00274577812514823,0.0102630882557891,0,0.000138249372424402,0.00829620774798584,0.00987016555357924
0.0743065819022991,0.00832171211638574,0.277259176481316,2.19475076532248,0,0.0961966767722796,3.51587568840203,0.0196520135022155,0.131728788298416,1.68647012246581,0.000559117095712437,0.0881381041557918,0.0013260051561672,0.0220762489011866,0.000567131770260145,0.396693997783935,0.0159650308084841,0.000273420548189147,0.00305263626860439,0.315115314090255,0.968448256299563,0.0681925639813555,0.323997039976015,3.19037396227635,0.00124544756799579,0.0141038908854114,0.197915481799201,0,0.0783215507338078,1.2524838617322,0,0.000259186801609293,0.0492604021676242,0.173103459270177,0.00938111112131847,0.153774595591172,0.0342816200816039,0.119624254762868,0.067721451781049,0.0114976433922267,0.000355081488133539,0.00059598031141579,0.0329092875901457,0.0124723210983633,0.0159839357854829,0.0140417800310861,0.00396453370125198,4.38406811713392e-05,0,0.0107508639715383,0.000881299208883034,0.00124562220631002,0.000636583908896449,0,5.8632238819168e-05,0.00705728293263918,0.00237093525552395,0.0412003874994293,0.000333741126763423,0.000326054247083149,0.000187179907674518,4.37421138831271e-05,0.00882175219915432,0.00209203399741684,0.0194026775963888,0.00109315512276507,4.32904136158973e-05,0.000357704409658124,0,0.00918191100827252,0.022372095304558,0.00401120111746593,0.0671807407084895,0,0.00114645612120873,0.00608760906522006,0.0263090776654456,0.0119663015343424,0.0133907887778513,0,0,0.00464869052548593,0.00629553617386251,0.00443226769642401
0.802279113155654,0.00142495433183173,0.0204211345189432,0.000454237300099236,0.0556923815498274,0.207400034187497,0.0423867849180961,0.664772099052532,0.0089974393609265,0.0104295563217955,0.0762257046841334,0.00449646239564504,0.0121788744655032,2.91063635812563,0.00221827103875487,0.00386753741422847,0.13843567389216,0.0062881452744387,0.0397217452083743,0.00135506788849364,0.194473604539831,0.00379487768611139,0.028337954647278,0.0193880071224344,0.00725379776553694,0.0136065608421988,0.00779455278379473,0.0783215507338078,0,1.76827249876414,0.000500663511343006,1.27802040739606,3.86772551309862,2.32044404166499,0.00180080781362694,0.0994410262250002,0.0413157685315413,0.52165779717422,0.0891707977759706,0.0573970116687117,0.17586725044514,0.01769686786884,0.0104374358173342,0.0030818907960899,0.00533454831399888,0.00385626717222756,0.00103206266406987,0,0,0.00307683579760681,0.000441600950328014,0.000218740407517709,6.95854716935766e-05,0,4.10577954235646e-05,0.001102034997154,0.00052057050333767,0.00493681010262791,0.000363334399989309,0.000108480350356958,0,0.000114808483409783,0.00184044124134207,0.000249559672284735,0.00103572343026781,4.55081005129587e-05,0,0.000333974879209616,0,0.000751899362123401,0.00183612351409336,0.0004559698648509,0.0146677810856988,0.000436629607063579,0.000397231454221547,0.000678827779658172,0.00717164110866053,0.00384833316751403,0.00234040000900025,7.53420536035256e-05,0,0.00183224671489879,0.00147424006445842,0.000716641325528226
0.32524223470073,0.00120845846584559,0.225289775370829,5.41727747723985e-05,8.92067594968956e-05,0.000500993542464461,1.47739623866919,0.00743923440771798,0.0158252500289065,0.000268754493360299,0.00129188907067692,0,0.00113941765997481,0.0472388675146099,0,0.0398847120478297,0.193734661632138,0.0019535125695866,0.0277658264605619,0,2.56158128419489,0.0300887206504265,0.53584950227742,0.051553533135607,0.000197821980100892,0.0163309355602691,0.0268190916829718,1.2524838617322,1.76827249876414,0,0.000117248335375019,4.82471188843815e-05,0.193740018723906,0.794952288374209,0.00544702381026676,0.0875505560764875,0.0269484423616864,0.117608245211506,0.0540038715103054,0.00467039746423563,0,0.000423072469509788,0.02981818549073,0.00614298137340308,0.0127382515844353,0.0108626972570304,0.00421307120355244,0,0,0.00493043453073565,0.000369970616881463,0.000885607310518462,0,0,4.58226324850227e-05,0.00258424474405611,0.00102802412563862,0.00854046547522754,0.000494050043119744,0.000401751111273014,5.14358232331161e-05,0,0.00348855644886713,0.00168334516354038,0.00751486245681726,0.000532980669534161,0,0.000443035480353224,0,0.00606761071181571,0.0164372772040338,0.00101934402552201,0.0350576331742104,0.00017540192972541,0.000435198145595641,0.00198276100500634,0.0191725452443254,0.0085306954633518,0.00950064885738072,0,0.000242144455760568,0.00347318468166639,0.00469945937148145,0.00250070462734503
0,0.0795103391583699,0.000278101258972143,0,0,0.000122105806747397,0,9.27644772658505e-05,0.00926891158682679,0,0.181575765393624,0,6.04006970860595,5.32669176457469e-05,0,0.000346375937051729,0.000638766204129518,0.00259978868291176,0.00144666359344764,0,0.000164110118243245,0.0168153490539977,0.000132576134739596,0.00188684893766234,0.47655522971538,0.248973267313182,0.365894421924777,0,0.000500663511343006,0.000117248335375019,0,0,0,0.00163534820996753,9.3946551953067e-05,0.0119396195011101,0.086025207435603,0.029519378324332,0.0183906696645502,0,0,0.0168144711470187,0,0.00292410814547246,0.00185624619211369,0.000268294847157385,0,0,0,0,0.00129724113757357,0,0,0,0,0,0,0,0,0.00350229737152171,0,0.00910855089589445,0,0,0.00018508972950557,0,0.000844525158574371,0.000670747811765712,0,0,0,0,0,0.0912476449923996,0.00273319913948773,0.0023999231085414,0,0,0,0.0213033427649393,0,0,0.000307871427853916,8.88920938596654e-05
