0,0.00149831210242495,0.0267660104907937,0.000208904784387863,0,0.00466249934206035,1.05927431387005,0.0288375872612775,0.0246231243107124,0.0168095188563391,0.00114490522899925,0.000316895574901277,0.000649894122877685,2.48104357651193,0.000324291736744087,0.00197101407140248,0.0187597171982245,0.000917360022074917,0.00569348657615328,0.000460278446526812,0.00885391143939768,0.0029481270911623,0.0201120244300248,0.0549535178939596,9.87853655306722e-05,0.0059719227621836,0.00391790871813664,0.042749256665927,0.584845841873193,0.167492650758782,0,0.000224720804592585,0.0406516103035054,0.0578235994491655,0.000585944466766348,0.0210368788013436,0.0111224638616448,0.0629099127283792,0.0308957229479338,0.0074672297471838,0.00136342868893704,0.000114920303371045,0.00177043118794003,0.000308271767028696,0.00151238180994311,0.000461913596806428,0.000317132548799145,0,0.000792417771079523,0.00761969799166334,0.0011677424743943,0,0,0,0,0.00138758834011931,0.000170096468422585,0.0113949200083809,4.15278553378912e-05,0,0,0.000171839386330364,0.000733589115146479,0.000164147271080901,0.000384346832338553,0.000283190926470825,0,0.000496311971357771,0,5.73942926463782e-05,0.00422237361811343,0.000112873343528238,0.0153082974421605,0,0,0.000750685884004474,0.00393047868660992,0.00134819749585016,0.00108938684434542,0.000450463064186644,0,0.00489431859566573,0.00099755083348887,0.000192946774992325
0.00149831210242495,0,0.0498106825213157,0,0,0,0.000953250312721386,0.000216998043161306,0.0728744906608216,0.000280657517007413,0.00879087555554325,0,0.0773651405350366,0.000934942999826511,0,0.0487497269741333,0.0250203059226217,0.00120758349302569,0.00966572488480011,0,0.000652179959872492,1.11682380806756,0.00632947944126978,0.0492861713620907,1.38175974616889,0.0457696394949466,1.1459572596468,0.0024976889529701,0.000913979983512803,0.000935545155050233,0.00818206909244493,0.000161882020655962,0.000146801095023722,0.0043487918183213,0.000386533480747672,0.040313369802401,0.11720801767722,0.0951630847090186,0.0181448679229067,0.000172023379149001,0.000185831899376593,0.0930190480880719,0.0222671590600237,0.0579218537535922,0.03399940410863,0.016543281590906,0.000756515122390552,0,0.00157672436250549,0.00155028952514777,0.585132984274688,0.00827770951374924,0,0,0,0.000570277664590759,0,0.00652770097638753,0,0.00108289440073995,0,0.004113447824268,0.000214957417502964,0,0.0091375231787099,0.0393015722051808,0.00126403168051768,0.016849270776507,0,0.00100763753015081,0.0542778484646218,0.00421320926169441,0.00404417908254935,0.160090390748691,0.0268088334559601,0.101835659942999,0.00123537114120393,4.42758022065849e-05,0.000185201454634083,0.00191258489749755,0,0,0.0065722848581001,0.000658124489367864
0.0267660104907937,0.0498106825213157,0,0,0,0.000675377116532562,0.148091341227468,0.0169226392276654,0.00214486748711209,0.0230694971252858,0.000520023045903363,0,0.000620029251598907,0.0706653105995717,0.000591289360042991,0.0176591792461836,0.451042557658926,0.000764764276860924,0.0248285425150469,0,0.0755906439630829,0.0252406451499254,1.91503424586204,0.00886943221527287,0.000473706378589253,1.28190102096969,1.25387682028188,0.0762587939965869,0.00479062477740067,0.044044504952681,0,0.000118516763087176,0.00235586868295611,0.0288980745546115,0.00210804747076734,0.102066187566651,0.345775569630929,0.158557911750256,0.0571296830855844,0.00300179499756828,0,0.000531894695040266,0.00782200336017291,0.00994185720574235,0.00611415593051473,0.00560308465119159,0.000436807070628164,0,0,0.00081227888476483,0.0231877548506889,0.00579525518259665,0,0,0,0.000263611051792781,0,0.00161828893494007,0,0.00021112146824577,0,0.000360959850502792,0.000107444644864977,0.000616604365004492,0.0049362772286967,0.0127307491374925,0,0.00235835155474517,0,0.000267248956978793,0.0134004134324011,0.00498638026368131,0.00362005534626923,0.0018287633180895,0.00699228341176498,0.0419732773565174,0.000816504490909753,6.22527854273244e-05,0.00033931452101513,0,0,0,0.00290703679546249,0.00149130447513299
0.000208904784387863,0,0,0,0,0.00938678013200776,0.00086670312600663,0.000344270663176867,0.0302138221707266,0.838436484356671,0,1.41469964939497,0,0.000517694540103654,0,0,0,0,0,5.36174028981164,5.68572725658262e-05,0,0,5.42275538336776,0,0,0,1.56093516967866,0.000282373720137417,8.27815940536263e-05,0,0,0,0.000155119668816071,0,0.000367657896430531,0,8.27678427259611e-05,0,0.0038113399291913,0,0,0,0,0,0,0,0,0,0,0,0,0.294620392924509,0,0.000108782392937009,8.50927493034562e-05,0,0,0.00336374215110241,0,0.000298586304600577,0,0.000153396665153767,0,0,0,0,0,0.0112792770611909,0,0,0,0.0115647044244206,0,0,0,0.0010579348175415,0.000318588508722684,0,0,0,0,0,0
0,0,0,0,0,1.16072701564062,0.00020204025303615,0.156645460987582,0,0.000116834755715519,0.00108073403687658,0,7.83478783434981e-05,0.00373569160969266,0,0,0,0.000369176545865789,0,0,0.000142256128296528,0,0,0.000107038071585924,0.000355458550103591,0.000294317903893747,4.42347719915928e-05,0,0.0378522328341281,0,0,2.06613048859552,0,0.280058920882245,1.27340502683205e-05,0.000463967527441519,0.000715171995658856,0.0426733038793182,0.00283654336486259,0.593147982976081,2.27405830482743,0,0,0.000135974098170099,0,0,0,0,0,0,0,0,0,0,0,0,0,0,0,0,0,0,0,0,0,0,0,0,0,0,0,0,0,0.000536320903517629,0,0,2.65664522844367e-05,0,0,0,0,0,0,0
0.00466249934206035,0,0.000675377116532562,0.00938678013200776,1.16072701564062,0,0.023680121819239,2.78129435571746,0.0262820960272233,1.80932904371514,0.00117835782425231,2.68999660103178,0.000425888528814324,0.193050736561648,0.632683503786189,0.000466513237884412,0.000298965424911981,0.000733964178352338,0.00147037154496635,0.107266393350838,0.000210966660477158,0,0.00104112252992367,0.0509042580972341,0.000412343507321541,0.00184513360012285,0.000517240042263225,0.0357138760952122,0.146855296250477,0.000933593361665194,3.79532688157343e-05,0.101824358509711,0.00224902757329542,0.0209384742774403,0.587192055794519,0.00165271186482068,0.00152320945138829,0.0452214238880005,0.0031179484929998,0.662009027558992,0.0633529016608589,0.000105486008458359,0.0010120159934149,0,0.00087428809847886,0.000287224136427362,0.000182644511748946,0,0,0.000740766374385997,0,0,0.000136689926486433,0,0.00028192710230956,0.000844710487518205,3.08214072916124e-05,0.00122561804936744,0.00137141566984118,0,9.25477341336073e-05,7.40094751469356e-05,0.000178170829557584,0.000659639983212153,0,0,0,0,0.000348929534497461,0,0.000138463141747834,0,0.00559807411191569,0.000194920531196106,0.000105146657441459,0.000125828747717239,0.000803361420422295,0.000188734485271435,0.000289892746828493,0,0,0.00022937371017813,0.00012379378125156,0.00608637852335581
1.05927431387005,0.000953250312721386,0.148091341227468,0.00086670312600663,0.00020204025303615,0.023680121819239,0,0.144718812838391,0.0679357610233783,3.82690437464415,0.0010970346230022,0.000347700273420515,0,0.467865002584001,7.04850029914356e-05,0.00704212250258211,0.022328223474845,0.000138599690564307,0.00455142706712744,0.00101120755608454,0.0886828728028807,0.0124162699535079,0.204118757377532,0.411571762989004,0.00017751188703709,0.0264215133471442,0.0211871057398088,2.27220576693057,0.123816898651778,1.59344443207436,0.000192220364642891,0.000263243259993258,0.022246316441053,0.0431064239424641,0.00157248705268708,0.0623774418640139,0.0243795287702364,0.0835969446239254,0.0351380896335312,0.00991467167283049,0.000362246071527646,9.84129621540465e-05,0.00232558649385726,0.000701814625552574,0.00287159633718266,0.00350945478732251,0.00309253357039593,0,0,0.00561056511217011,0.00139809698253535,0.000363310670505566,0,0,0.000520074599175593,0.0032005157720118,0.000622499149281033,0.0151072185416022,0.00146020298887267,0.000187004883297569,0,0,0.00267814379734322,7.05619483901132e-05,0.00358405030908233,0.00030950112207221,0,7.6092006326911e-05,0,0.000276568415032093,0.00975175046054081,0.00119430322466883,0.0459541572585524,0,0.000204475909553271,0.0036043974213352,0.0113133644222663,0.00312197786001376,0.00286754498009362,0,0,0.00123204259808018,0.00191384433905067,0.000735067370127168
0.0288375872612775,0.000216998043161306,0.0169226392276654,0.000344270663176867,0.156645460987582,2.78129435571746,0.144718812838391,0,0.00753875645349452,1.01212723223948,0.00344482558075698,0.0203487576129891,0.000804453642827238,3.20204901301215,0.000152170212436705,0.000181376160757529,0.00273123041267461,0.00169102652321585,0.00308988480202926,0.00186256775254377,0.00434309529772449,0.00051606426006109,0.0113568924918626,0.0213002262664207,0.000427061598759805,0.00716082872368049,0.00295663771960205,0.0121816435695328,0.156475336000379,0.0016843235068518,0.000355771645535295,0.0744609245269152,0.00133517395953565,0.0305576369193174,0.00527701127122736,0.00516118488794703,0.0037371067731692,0.07163722324734,0.00729401947309631,0.133712906341935,0.022926228847386,0.000142982313685407,9.1595070871926e-05,0.000456155297962146,0.000120595553945338,5.87950218160693e-05,0.000306026301573526,0,0,0.000423531242375115,9.02682512453849e-05,0,0,0,5.04109776088752e-05,0.000153766047114212,0,0.00309205569801557,0.000273062497939037,5.69186354152963e-05,0,0,0.000385138040857943,0,0.000102293766373421,6.12883717178766e-05,0,0,0.000181549076313715,0,0.000458896225836322,8.99317140625605e-05,0.00665435365378569,0.000311788466442517,9.45278760951895e-05,0.000332501960722396,0.00125670111170937,0.000431487063787781,0.000226810242361767,0,0,0.000318521868122517,0.000219182460386028,7.2129254243694e-05
0.0246231243107124,0.0728744906608216,0.00214486748711209,0.0302138221707266,0,0.0262820960272233,0.0679357610233783,0.00753875645349452,0,0.109010871837468,0.00231410268591851,2.02902033272039,0.0109039287971019,0.0192282249099761,0.00655065165138831,0.00953647929341636,0.00374868916739836,0.000317551415725318,0.00115084266629497,0.111517169386152,0.00146608374927968,1.31464053021764,0.00248550502378434,3.16951818557604,0.0619571997486495,0.00305447649623059,0.0524143104316539,0.104888232482204,0.0146804072332734,0.0159846846560796,0.00152789675117565,0.000377340361275376,0.0111528820995374,0.00776124415578308,0.000369504828550229,0.0283213672642987,0.0152003089022506,0.0297812509411034,0.0161217785564554,0.78961574693105,0,0.00645255609214683,0.0118402611390415,0.00449318359517287,0.013133316526435,0.0105154993123712,0.0141564669807257,0,0.00163623857239653,0.027003639310722,0.00905179330097809,0.00135355765855197,0.000374902146432239,0,0.00353403527525695,0.0157923589944368,0.00322335451606039,1.08584035401726,0.0083617083175802,0.000308817320443392,0.00267148909495109,0.000719770037185233,0.00940890681188433,0,0.0311345395974997,0.00138032681742715,0.000517612856150059,0.0008187404731554,0.00175622892501892,0.00074480284716677,0.174596539505329,0.00219091586882905,0.28377174584596,0.00301484520519982,0.00190359717321085,0.00621763386912749,0.0337112674265968,0.0095070120349372,0.00785144227092987,0.000381126444540465,0,0.00713158136159715,0.0147412582484501,9.03627759818236e-05
0.0168095188563391,0.000280657517007413,0.0230694971252858,0.838436484356671,0.000116834755715519,1.80932904371514,3.82690437464415,1.01212723223948,0.109010871837468,0,0.000579721030812864,1.72048924986545,0.000117315863378542,0.460568442470154,0,0.000734006499150475,0.00234294099118343,0.000484486251838844,0.00190294712779234,2.02600045484293,0.00909298121825984,0.00164429918151739,0.0285403622194145,0.20214974246042,0.000104941222395977,0.00420692715769158,0.00436171537057557,1.30959790567143,0.0446167351553128,0.00683808404699533,2.77801980489883e-05,0.000274651612749654,0.00817191990725873,0.0269209750178638,0.143755834124321,0.0119941877966874,0.00494568504567702,0.034236776831755,0.00761082384628729,0.0491888924635869,0.000635665431758807,0,0.000974060312071416,0.00026733550526133,0.00145241070047693,0.000310582316976673,0.00257964420320909,0,0,0.00140610640870794,0,0.000190680936075667,6.50558244944741e-05,0,0.00166338300786964,0.00187857728279593,0.000595792853031447,0.00423689031255183,0.00593428213828009,3.59396205692709e-05,0.00159764477485366,0,0.00168072392334968,0.000572156795696821,0.000675503051453512,0,0,0.000106640357981867,0.00166887530177108,0.000286257407312858,0.00181045996574876,0.000235721666468214,0.0276479078849807,0,0.000127129840167399,0.000626447972472703,0.00534974219183715,0.00143074027519744,0.00128574083747657,0,0,0.000190795411168024,0.00105896877845413,0.000321816978895578
0.00114490522899925,0.00879087555554325,0.000520023045903363,0,0.00108073403687658,0.00117835782425231,0.0010970346230022,0.00344482558075698,0.00231410268591851,0.000579721030812864,0,0.000265482905843217,2.14336403991669,0.00972820140926281,0,0.000134147161453131,0.00487969742327169,0.341798564951901,1.07254304221018,0.000205878674998288,0.000804531670231008,0.00394726802541454,0.00146093178478569,0.00158931891541921,0.204331169349062,0.281734288737018,0.0165822796227357,0.00052738817714064,0.0273273829651886,0.000302082428952474,0.0833922004399,0.00441097222031432,0.00124596429650171,0.763679571629388,8.29313166958932e-05,0.0113799641178135,0.431949645462861,0.703715502956221,0.0297201549777881,0.00445661394302454,0.00402689952523361,0.122783260641793,0.000344697923362797,0.00561009014226718,0.00198109458340268,0.000299501056060626,0.000176756604970997,0,8.98800624209066e-05,0,0.0016106168457617,0,0,0,0,0,0,9.48088812849747e-05,0,0.00252108560714751,0,0.00845406571677396,7.89987356614417e-05,0,0.00022701512393722,0.000266298178028731,0.00100820880431717,0.000150876307912629,0,0,0,0,0.000157468525274071,0.00485331184108228,0.00548127416406097,0.00391120916613273,0,0.000102432313904902,0,0.00619286357589709,0,0,0.000405306242364684,2.69014930166464e-05
0.000316895574901277,0,0,1.41469964939497,0,2.68999660103178,0.000347700273420515,0.0203487576129891,2.02902033272039,1.72048924986545,0.000265482905843217,0,0.000195803733980285,0.00500214250932849,0.0326273943646441,0,0,6.52203997865679e-05,0.000187787797956914,8.7448169327482,0,0,9.95352324614507e-05,1.98429216056691,0,5.58094122628094e-05,5.21779014248545e-05,0.107301023091266,0.00198931268486208,0,0,9.02888446919995e-05,0,0.00216427700823576,0.0919169625854686,0.00356529440489125,0.000148046888472148,0.00359153560800524,0.000320738486540312,0.674561947183307,0.00064023301828682,0,0.000169420974105501,0,0,0,0.000365905825009231,0,0,0,0,0,0.0567329345929201,0,0.000837710211365988,0,0.000144138101823871,0,0.00117720118054411,0,0.0799906334791443,0,0.000137344575334292,0.000532975263505708,0,0,0,0,0.130689718761989,0,0,0,0.00141406018781238,0,0,0,0.00042499512529931,0,0,0,0,0,0,0.00114334861723203
0.000649894122877685,0.0773651405350366,0.000620029251598907,0,7.83478783434981e-05,0.000425888528814324,0,0.000804453642827238,0.0109039287971019,0.000117315863378542,2.14336403991669,0.000195803733980285,0,0.00153288133349352,0,0.000323561827334142,0.000277162243415481,0.00448390197920985,0.00654620238216214,6.90956495186896e-05,0,0.0385445095439149,0.000189337465222973,0.00409504566346114,4.40684886470991,0.199535520866407,0.257328050822383,0.000266976361210449,0.00505307463427516,9.15264456970363e-05,1.48260559381341,0.00113321670720454,0.000158347642120808,0.0146019921860841,0.000183511382415918,0.182809428636276,0.57276483830393,0.347176882754213,0.247532437437766,0.00126826820339253,0.00313794377945925,0.777268742142241,0.0154614878118926,0.029816147472193,0.00625437010087199,0.00247649036838926,0.000158316307841613,0,0.000920348475260738,0,0.00390736024508929,0,0,0,0,0,0,0.000632132714230551,0,0.0387058663107445,5.80534773696054e-05,0.0445641594116197,4.90664684348922e-05,0,0.000135443383867575,0,0.00162959456759834,0.00279648069469719,0,0.000103145720020306,0.00110779931735977,0.000225244726336835,0.00025706722337759,0.0202321693559085,0.0138509171885746,0.0138642309131235,0.000148545246781268,0.000196426519070558,0,0.0177567528132567,0,0,0.00161421581640133,2.7018662099379e-05
2.48104357651193,0.000934942999826511,0.0706653105995717,0.000517694540103654,0.00373569160969266,0.193050736561648,0.467865002584001,3.20204901301215,0.0192282249099761,0.460568442470154,0.00972820140926281,0.00500214250932849,0.00153288133349352,0,0.000568890257979278,0.00120311678837999,0.0192693415132845,0.00458145600618511,0.0109751634127811,0.00262753529504019,0.0178086392982904,0.00220363202828441,0.0463606475056305,0.0623466298238562,0.00163379124380126,0.0236124127756413,0.0116543498094629,0.0455548471792185,4.45138721373641,0.0193203188634671,0.000923511432366194,0.479782310242051,0.00936794210869797,0.0951488717446524,0.00109679450007805,0.0213763945789621,0.0135581594520651,0.134973716750406,0.0191159096963521,0.097366831629539,0.0163667214961806,0.000657124039257356,0.000907640892872089,0.000511393550822059,0.00135453091324824,0.000859815711141996,0.000985305843609341,0,0,0.00143773676731623,0.000127655123346608,5.98663795022621e-05,0.000119158925403383,0,0.000138020052829438,0.000841102101184314,8.64474641379849e-05,0.00802574356695538,0.000676201586258036,0.000288004027363165,0,0.000154138748715204,0.00174611729253921,0.00012977574854084,0.000511839095081875,4.81530140862734e-05,0,0.000221681083963168,0,0.000266076508172872,0.00297047114613776,0.000379270189404691,0.0192870505108387,0.000362284875320049,0.000196238201852665,0.00206328852003425,0.00449113564942284,0.00174917991015974,0.00135290030664839,0.000144640092020561,8.78417550384258e-05,0.000497600482464731,0.000633533902533853,0.00042474910409394
0.000324291736744087,0,0.000591289360042991,0,0,0.632683503786189,7.04850029914356e-05,0.000152170212436705,0.00655065165138831,0,0,0.0326273943646441,0,0.000568890257979278,0,0.00373898651654753,0.000111572944941352,0,0,0,0.00234822536071352,0.000721675695314311,0.00306721254256671,0,0,0.000281145570553957,0.000565813129540055,0.0024181346806218,0.000109730517230159,0.000209133531319156,0,0.000824535023497937,0,0.000346778169657717,0.264792107293408,0.0123756479111482,0.0133280010155361,0.00960025004013248,0.0324515563188228,0.895141088449281,0.00364844347608105,0,0.00176540359425017,0.00434744795059959,0.00434551005052835,0.0113696153163131,0.0035912802909728,0.00183749509816628,0,0,8.66178088720134e-05,0,0,0,0.00142168280430521,0,0,0,2.83508828366947e-05,0,0.000426999279866478,0.000102430154468138,0,0.0463738559678149,0.000995499533542316,0,0.000308670300609489,0,0,9.23294621774009e-05,0.000559769416839107,0.000143406259461402,0.000304300024977066,0,0,0.000348846442714954,4.76407048560726e-05,0.000159472605651958,0,0,0,0,0,0.0237892413568761
0.00197101407140248,0.0487497269741333,0.0176591792461836,0,0,0.000466513237884412,0.00704212250258211,0.000181376160757529,0.00953647929341636,0.000734006499150475,0.000134147161453131,0,0.000323561827334142,0.00120311678837999,0.00373898651654753,0,0.0106956597431823,0.000608358623309193,0.00325993906013167,0,1.10490767208459,4.43618239232808,1.36856685490623,0.584674983414534,0.00667888566300842,0.00496091977385622,0.634443283296388,0.359760360841671,0.00215111145230662,0.00913843721151775,0,0,0.00280986886938286,0.028171222790466,0.00801835991640449,0.258689138988226,0.204554028158163,0.140470040986819,0.131775240074472,0.0300209661541642,0,0.00166098829397243,0.0202808952087944,0.0276258346284537,0.0171068503346664,0.021843697699833,0.00264330506086939,0,0,0.00429797787580177,0.0163198705057459,0.00321224450750026,0,0,3.62466129560273e-05,0.00127942153665328,0,0.0468373169158748,0.00014066909419822,0.000223351113914722,8.18695477735531e-05,0.000311194222714416,0.000878655000686244,0.00306505546113014,0.445482769780889,0.00229276266615654,0,0.00198112825977243,0,0.00906523581905117,0.578656690363312,0.0410945500706603,0.0727730588715121,0.00289437925792331,0.00321170220296216,0.0256442490150131,0.0218514735097765,0.00175025685531989,0.00676371544450029,0,0,0.00166297656262093,0.00643804332019293,0.00323533687472073
0.0187597171982245,0.0250203059226217,0.451042557658926,0,0,0.000298965424911981,0.022328223474845,0.00273123041267461,0.00374868916739836,0.00234294099118343,0.00487969742327169,0,0.000277162243415481,0.0192693415132845,0.000111572944941352,0.0106956597431823,0,0.00145395831070503,2.10331003930842,0,0.0217059458134116,0.010619822550218,1.2748163286303,0.00609791904255612,0.001190013645426,0.429207211128353,0.195678887245691,0.0171126903014647,0.0873708153291569,0.0169407445063596,0.000700036320208828,0,0.0113423157439282,0.0735117514140446,0.00121340995847493,0.06205477137594,0.339778862996501,0.17187584855628,0.0395784448254124,0.00250673521417361,0.000176577562100865,0.00150800113591447,0.00341121008194893,0.00654777675916462,0.00337763262937385,0.00437492040453018,0.000281712730998079,0,0,0.000110490583095764,0.0132256837287114,0.00234865894860044,0,0,0.000485332423191809,7.13070486803458e-05,0,0.000660360150807338,0,0,0,0.000542645378996761,0,0.000206282389948326,0.000972018080032522,0.00758225578326577,0,0.00195023663777343,0,0.000353187161655979,0.00407020389605187,0.00187064099915363,0.000808576472582014,0.00134655540529633,0.0038803089438742,0.0189806648718988,0.000509087798330912,0.000214069194808965,0.000154586439049296,0.000355470879912039,0,0,0.000628546390456491,0.00064339610947124
0.000917360022074917,0.00120758349302569,0.000764764276860924,0,0.000369176545865789,0.000733964178352338,0.000138599690564307,0.00169102652321585,0.000317551415725318,0.000484486251838844,0.341798564951901,6.52203997865679e-05,0.00448390197920985,0.00458145600618511,0,0.000608358623309193,0.00145395831070503,0,2.59425532787555,0.000193142841923673,0.000121517005225356,0,0.000316625282848043,0.000379481932974414,0.00747825409569292,0.337399727261345,0.00777568492107697,0.000190190636660124,0.00845309634916554,7.16881753619857e-05,0.00190855816794406,0.00121636118468321,0.000332241103983687,0.0416269938909853,0.00024377116980331,0.0221147726935796,0.113262557949456,0.128769357710485,0.0207007187980624,0.00200112317680337,0.00171362455072912,0.00299156967303854,0.000286206377673225,0.00242790507933603,0.000988753047203071,0.000523983929873127,0,0,0,0,0.00123096778524201,0,0,0,0,0,0,0,0,0.000804043960964703,0,0.000861281248271315,7.71367662571586e-05,0,0,0,0.000534506760207654,0,0,0,0.000191996382194356,0,0,0.00278872003499526,0.00227817480583869,0.00305969512838668,0,0,0,0.000974207189164734,0,0,0.000279643221254367,7.4411196451634e-05
0.00569348657615328,0.00966572488480011,0.0248285425150469,0,0,0.00147037154496635,0.00455142706712744,0.00308988480202926,0.00115084266629497,0.00190294712779234,1.07254304221018,0.000187787797956914,0.00654620238216214,0.0109751634127811,0,0.00325993906013167,2.10331003930842,2.59425532787555,0,0,0.00282489077047211,0.00218142075986612,0.0117801646481448,0.0011291071698485,0.0126398436477448,1.7581601462314,0.0462475442369263,0.0025853566810332,0.0217267482636049,0.00179032139335524,0.00465869659966968,0.00269635064241304,0.00410539049532492,0.547711690775734,0.000455562958480079,0.0505399892893289,0.282809382819976,0.471815013474167,0.038618716700431,0.00559407660812917,0.00291468969270882,0.00205300428767891,0.00127910452649495,0.00325240366915629,0.00331429257942911,0.00124570016386535,0.000332736903297059,0,0,0,0.00581711365599587,0.000217485414914451,0,0,0,0.000104860447365564,0,0,0,0.00136312614649469,0,0.00177188255843498,7.26014319405209e-05,0.000272258373325561,0.000242540214124072,0.00034540592574589,0.000112677672087304,0.00187644806431842,0,9.87992098167821e-05,0.000495651208925769,0.000115965573475238,0.00041462275889939,0.00529073589935364,0.00602905691290193,0.0084440236108849,9.23030903824209e-05,0,2.87910988954333e-05,0.00312034856826069,0,0,0.00222774996013968,0.000222495098291872
0.000460278446526812,0,0,5.36174028981164,0,0.107266393350838,0.00101120755608454,0.00186256775254377,0.111517169386152,2.02600045484293,0.000205878674998288,8.7448169327482,6.90956495186896e-05,0.00262753529504019,0,0,0,0.000193142841923673,0,0,0,0,0,1.15717027813502,0,3.24243487929369e-05,0,0.358819356342938,0.00114147181562073,0.000167074619328328,0,0.000105562528728786,0.000914408848595921,0.00138631755701031,0,0.0012574335129128,0,0.00243427323820129,0.000698570842977465,0.0212055411196633,0,0,9.62103730256262e-05,0,0.000265035223523675,0,0.000185818044937096,0,0,0.000935243571597001,0,0,0.00011202455132537,0,4.77597242019021e-05,0.000121792340763125,0.000283284637653031,0.000502965183711221,0.0010551297755394,0,0.000265385193934488,0,0.000274249368898574,0,0,0,0,0,0.000803998122882552,0,0,0,0.00359008241314847,0,0,0,0.00011369592114025,0,0,0,0,0.000538400688278491,0,0
0.00885391143939768,0.000652179959872492,0.0755906439630829,5.68572725658262e-05,0.000142256128296528,0.000210966660477158,0.0886828728028807,0.00434309529772449,0.00146608374927968,0.00909298121825984,0.000804531670231008,0,0,0.0178086392982904,0.00234822536071352,1.10490767208459,0.0217059458134116,0.000121517005225356,0.00282489077047211,0,0,0.0225097895566462,3.7397804123038,0.0214388761968902,5.44283933296449e-05,0.00937326062198609,0.0235884148979662,1.06790698364034,0.336818174698437,1.52255583365565,0,4.48089565032363e-05,0.904681560618551,0.142780593092861,0.00825341562386598,0.171466070982258,0.0663721566028901,0.157630904536292,0.0905320089501425,0.0206463606014415,5.82095316472623e-05,0.00017243693461011,0.00251267904350976,0.000991407512615254,0.000917006282546907,0.00157895316378949,0.000240051740904542,0,0,0.000231305830557066,0.00114429139062906,4.99327393291868e-05,0,0,7.84758044310684e-05,0.000468234072653564,0,0.00256623463702447,0,0.000101515435189532,0,0,0.000211506699226855,0.00165026523124993,0.0102978857013201,0.000267958407952567,0,2.84641399787553e-05,0,0.000718731695283148,0.022155721612718,0.000830351478810445,0.00821117036116228,0.000181094269891978,0.000132984927747261,0.00276594160162881,0.0042130790708083,0.000484901106808696,0.00083714510772791,5.96552722336857e-05,0,0.000375963167316766,0.000568537142958302,0.00319165608595544
0.0029481270911623,1.11682380806756,0.0252406451499254,0,0,0,0.0124162699535079,0.00051606426006109,1.31464053021764,0.00164429918151739,0.00394726802541454,0,0.0385445095439149,0.00220363202828441,0.000721675695314311,4.43618239232808,0.010619822550218,0,0.00218142075986612,0,0.0225097895566462,0,0.152637253033598,1.0399391312326,0.226689188332021,0.00874174121384539,0.856517640185625,0.0614981855443353,0.00228932235331523,0.004101725721349,0.00318703758447624,0,0.00210041580504884,0.00962385820991281,0.00212383590826831,0.0580774715227082,0.0874510874324657,0.0756055568591406,0.0329156522212636,0.00479707777820845,0,0.0333206835483454,0.0385124800615608,0.052221837959047,0.0263358764539868,0.0336353945093222,0.00317885985266722,0,0.000382516339484686,0.00316306932737461,0.134289834089002,0.0090185145874545,0,0,9.66518206228185e-05,0.00240233911539946,0,0.195639733839182,6.61187196157563e-05,0.0010949336698164,0,0.00157269189576189,0.00136348408487814,0.000574864407535147,0.436389949279342,0.0094779549544629,0.000223108480752077,0.00318993428571695,9.53702990139811e-05,0.00900805132014597,2.67389524493121,0.0652740375776277,0.0858833499354907,0.014845081594397,0.00789258270446021,0.0695269461179518,0.0165196411093329,0.00287649620616153,0.00671648075087927,0.00190333450172769,0,0.00281993747052748,0.00765434519093107,0.00212934399172863
0.0201120244300248,0.00632947944126978,1.91503424586204,0,0,0.00104112252992367,0.204118757377532,0.0113568924918626,0.00248550502378434,0.0285403622194145,0.00146093178478569,9.95352324614507e-05,0.000189337465222973,0.0463606475056305,0.00306721254256671,1.36856685490623,1.2748163286303,0.000316625282848043,0.0117801646481448,0,3.7397804123038,0.152637253033598,0,0.0185288580151586,0.000715918947226539,0.0961931398289602,0.802965308829014,0.369246717678118,1.16230606942515,0.131721939442379,0.000109445381608164,0,0.145406264806897,0.113602779177261,0.0254037010760125,0.353816900323867,0.284509738243855,0.372384875877283,0.181180096913934,0.0464489009338457,0.000343574467727674,0.00126627616816293,0.00515364619169225,0.00501736956316705,0.00318891004056384,0.00578578465406854,0.000362863932418722,0.000494856344707188,0,0.0006141432476411,0.00518030314617469,0.00249454751845026,0,0,0.000150147509685117,0.000436284565580636,0,0.00239263432813998,4.70339638110819e-05,0,3.7681992755547e-05,0.000115928792440795,0.000317809768815591,0.00362586583830354,0.0379496094587337,0.000793386976918302,0,0.000721642865987312,0,0.000989384334927698,0.067621919082257,0.0115829266941017,0.00739433029472664,0.000620173587548282,0.00207257553082055,0.0277119492882023,0.0028021211404964,0.000334514729794063,0.00102069461687935,0.000131876270822575,0,0.00017518435789455,0.000873404495824448,0.0104723124587785
0.0549535178939596,0.0492861713620907,0.00886943221527287,5.42275538336776,0.000107038071585924,0.0509042580972341,0.411571762989004,0.0213002262664207,3.16951818557604,0.20214974246042,0.00158931891541921,1.98429216056691,0.00409504566346114,0.0623466298238562,0,0.584674983414534,0.00609791904255612,0.000379481932974414,0.0011291071698485,1.15717027813502,0.0214388761968902,1.0399391312326,0.0185288580151586,0,0.0276398364505301,0.00489671394770285,0.117784649679887,3.09502742479251,0.0589954874391453,0.048474923198787,0.000286424267014732,0.000133120634323115,0.0256458352922514,0.0347994082507483,0.0016657287511366,0.0616332786951998,0.0193183721138752,0.0629533565394762,0.0269350648596396,0.0187628523220512,0.000231121255883357,0.00129418177980866,0.019539296944299,0.00461559143676083,0.0156871445205339,0.011717059852817,0.0122330181788456,0.000236050359056901,9.91189010120658e-05,0.0338757174624907,0.00508785338864249,0.00194549839286035,0.00131704960948971,0,0.0042601613383695,0.0183380086040534,0.00258622599375119,0.19836489369163,0.0138926228144069,0.000440659209780686,0.00160579919469132,0.000426281874772572,0.0153403488299309,0.000234174166688665,0.044103548740908,0.00160546415098026,0.000667712434930501,0.00065585118066651,0.00410302601920268,0.00363632373162117,0.0946594456405317,0.00571539417406669,0.291852722721752,0.000737107809884785,0.00228593778638378,0.00946575198717134,0.0669492499355266,0.0209991532518377,0.0228018684784805,5.24931761964474e-05,0,0.00765901687113101,0.0143364508124719,0.00106184695141696
9.87853655306722e-05,1.38175974616889,0.000473706378589253,0,0.000355458550103591,0.000412343507321541,0.00017751188703709,0.000427061598759805,0.0619571997486495,0.000104941222395977,0.204331169349062,0,4.40684886470991,0.00163379124380126,0,0.00667888566300842,0.001190013645426,0.00747825409569292,0.0126398436477448,0,5.44283933296449e-05,0.226689188332021,0.000715918947226539,0.0276398364505301,0,0.0824887528456629,0.717895955676892,0.0010890715046718,0.00208289111325033,0.000168247782498249,0.113201068157146,0.00112727059427724,0,0.0163068987511275,0.00017450185700534,0.0605416290520694,0.714907958056805,0.199387494184548,0.031905481978918,0.00112165577667817,0.00155201423377727,0.755329376646389,0.0143823186704384,0.0401438946410396,0.0166766983788437,0.00272017276999943,0.000779530713799961,0,0.00154367620483488,0,0.0487607268299864,0.000101986546371079,0,0,6.42078528632828e-05,6.64364719777967e-05,0,0.00264034842502671,0,0.00452818903894298,0,0.0207748286074193,5.52442057566546e-05,0.000192956449417277,0.00102618343489315,0.000654053561004587,0.00441567807735353,0.00393302584646833,0,0.000212841505515775,0.0139168919964842,0.000351808433188642,0.00170157293391882,0.240582924857117,0.0226236935602328,0.0509780666414813,2.19547374240791e-05,0.00052073676448919,0,0.0210292394993414,0,0,0.00257727740619036,3.87957423507537e-05
0.0059719227621836,0.0457696394949466,1.28190102096969,0,0.000294317903893747,0.00184513360012285,0.0264215133471442,0.00716082872368049,0.00305447649623059,0.00420692715769158,0.281734288737018,5.58094122628094e-05,0.199535520866407,0.0236124127756413,0.000281145570553957,0.00496091977385622,0.429207211128353,0.337399727261345,1.7581601462314,3.24243487929369e-05,0.00937326062198609,0.00874174121384539,0.0961931398289602,0.00489671394770285,0.0824887528456629,0,1.42171172509144,0.0129684226050247,0.0235180613169912,0.00791011288376419,0.290417313962223,0.00194216333753257,0.00129765192028782,0.0733872985969689,0.00270064872558383,0.165452884916418,0.59767761532886,0.434097590455866,0.0521665244123524,0.00539800630488824,0.0020177401381508,0.0118036805001097,0.00939083049141034,0.0310233562008353,0.0181992373669632,0.00550830923343922,0.000807003901715062,3.57729604890113e-05,0.000843635828815205,0,0.0221450373797529,0.000906356386971922,0,0,5.12442835360299e-05,0.000121943195665553,0,0.000850510328909281,2.77812190609169e-05,0.00675579364272074,0,0.0221072245142442,0.000462688668828105,0.000743706667726315,0.00117171524851448,0.0041232181786032,0.0037694168788342,0.00967207873993508,4.76154941625353e-05,0.000309218082467661,0.00336469036132956,0.00122029537081636,0.00116083126550572,0.0245842117029441,0.0473288228846703,0.0946150277684635,0.000612075422307994,0.000161907261635743,0.000183354555305964,0.0127590068259192,0,0,0.00395167812368324,0.00129441839049527
0.00391790871813664,1.1459572596468,1.25387682028188,0,4.42347719915928e-05,0.000517240042263225,0.0211871057398088,0.00295663771960205,0.0524143104316539,0.00436171537057557,0.0165822796227357,5.21779014248545e-05,0.257328050822383,0.0116543498094629,0.000565813129540055,0.634443283296388,0.195678887245691,0.00777568492107697,0.0462475442369263,0,0.0235884148979662,0.856517640185625,0.802965308829014,0.117784649679887,0.717895955676892,1.42171172509144,0,0.067642008411255,0.00829305791831995,0.00939593060388095,0.1186055455831,0.000569551558645326,0.0009503375871672,0.0600156492844477,0.0114394587524508,0.220590879218759,0.313208492670858,0.419816585043188,0.0874980234764516,0.00578742364583791,0.00036462337854738,0.00377486689500063,0.0497302457523259,0.0872151104218639,0.0628203776918299,0.0285938667298292,0.00286380464124554,0.000121631644257012,0.00109608025401954,0.000811601512036358,0.139251810376286,0.018955750340512,0,0,0.000144950727973925,0.00217392527668156,0.00012134273482293,0.00602784273588366,0.000310119289179866,0.00861935863045737,0.00011785889382817,0.0243079404255617,0.0011414743503844,0.00164051739002081,0.0453264968873128,0.0395183181979685,0.00496579900766274,0.0227843698293535,0,0.00320771057164235,0.0966100915117002,0.0425018706349269,0.0101350388364836,0.0656681504381638,0.114849270119113,0.437882117360963,0.00449328528157909,0.00142613631809931,0.00140185969443826,0.0130944315833436,0.000184400689936907,0.000148325172768036,0.0131053561295579,0.00649578214913909
0.042749256665927,0.0024976889529701,0.0762587939965869,1.56093516967866,0,0.0357138760952122,2.27220576693057,0.0121816435695328,0.104888232482204,1.30959790567143,0.00052738817714064,0.107301023091266,0.000266976361210449,0.0455548471792185,0.0024181346806218,0.359760360841671,0.0171126903014647,0.000190190636660124,0.0025853566810332,0.358819356342938,1.06790698364034,0.0614981855443353,0.369246717678118,3.09502742479251,0.0010890715046718,0.0129684226050247,0.067642008411255,0,0.064628041822524,1.23044320633141,0,0.000332321182546797,0.0336729288017297,0.0878594132697845,0.00692471836355897,0.159413286326268,0.0479632096018396,0.137460457617004,0.0646740272175917,0.0173589027552963,8.41859457243656e-05,0.000524112930623851,0.00921307911191804,0.00311675337035093,0.00658365682326716,0.00406928262635462,0.00198140458045704,0,0,0.0129659346729543,0.00173512777554247,0.00107894375676885,0.000215963014749345,0,0.000638889248914928,0.00662936239359107,0.000768164455741677,0.040435074328915,0.00589865129495074,8.80167473446596e-05,0.000447076540058228,0,0.0049956359801076,0.00142431776400383,0.0224739204672948,0.000268730003349781,0.000103742509136487,0.000138183440285341,0.000986626569177271,0.00178602033846837,0.0567354488969518,0.00267064586787732,0.107986593881426,0.000241463915408077,0.000537343258999043,0.00586871819109493,0.0345344288043801,0.00980175720838589,0.0119714371128375,5.84608226443226e-05,0,0.00388092078013115,0.0073350471209378,0.00255906156183255
0.584845841873193,0.000913979983512803,0.00479062477740067,0.000282373720137417,0.0378522328341281,0.146855296250477,0.123816898651778,0.156475336000379,0.0146804072332734,0.0446167351553128,0.0273273829651886,0.00198931268486208,0.00505307463427516,4.45138721373641,0.000109730517230159,0.00215111145230662,0.0873708153291569,0.00845309634916554,0.0217267482636049,0.00114147181562073,0.336818174698437,0.00228932235331523,1.16230606942515,0.0589954874391453,0.00208289111325033,0.0235180613169912,0.00829305791831995,0.064628041822524,0,1.88002059605205,0.00123650907153536,0.67553840128619,1.94252465496684,1.2742523618829,0.000494728082859706,0.0274406158193204,0.014813293463022,0.383712874410948,0.0293426570474764,0.129682567792655,0.143097971024522,0.00140420124744527,0.00187822323496585,0.00086488231012017,0.0012001513829991,0.00085376987613864,0.000569985288624413,0,5.03136732604367e-05,0.00363134697955553,0.000549813307788592,6.28375414762359e-05,0,0,2.37859168323775e-05,0.00193738888660936,7.56148570822792e-05,0.00719516212098521,0.000462187516136288,0.000140275277970083,5.56887966146097e-05,0.000561677683052462,0.00141491892707457,0.000239792948697963,0.000679337434802083,0.000170460550538151,0.000193508757956416,5.53663422602942e-05,9.58631092029777e-05,8.42540879076291e-05,0.0028569032221179,0.00031326689977571,0.0212864387387315,0.00109455354718518,0.0010562819051416,0.00228980221498493,0.00659153707710227,0.00223051321582644,0.00158687515141144,0.000385360932186709,0,0.00048389250439682,0.00116819129727256,0.00025357810546919
0.167492650758782,0.000935545155050233,0.044044504952681,8.27815940536263e-05,0,0.000933593361665194,1.59344443207436,0.0016843235068518,0.0159846846560796,0.00683808404699533,0.000302082428952474,0,9.15264456970363e-05,0.0193203188634671,0.000209133531319156,0.00913843721151775,0.0169407445063596,7.16881753619857e-05,0.00179032139335524,0.000167074619328328,1.52255583365565,0.004101725721349,0.131721939442379,0.048474923198787,0.000168247782498249,0.00791011288376419,0.00939593060388095,1.23044320633141,1.88002059605205,0,0,0,0.704599012536337,0.562410666713843,0.00181409855374028,0.0549078068622613,0.0140110487040821,0.0882230638233601,0.0335846512266436,0.00364656048015415,4.44691963762166e-05,5.21458388785452e-05,0.00327262973224429,0.000491890560886109,0.00150481503751189,0.000952810761052419,6.88150833250394e-05,0,0,0.00401383046371018,6.70179557410999e-05,0.000126417022850513,0,0,4.97545005234798e-05,0.000721112534916236,4.0108750966361e-05,0.00606087385324032,0.000307100534117264,2.15989690363952e-05,0,0,0.000653802424332104,0.000744263163148421,0.00145947159275669,9.86040875648048e-05,0,0,0,0.000192352014598247,0.00794171516539472,9.79284501302371e-05,0.0166205761432374,0.000299079644546551,9.57942656230554e-05,0.00100173736986923,0.00681679659587843,0.00138367389648981,0.00200469392662308,0,0,0.00103513249904881,0.000745582934730793,0.000536346608747079
