0,0.00702211172220933,0.194950420316935,0.0123410793754123,0,0.00572942880022927,1.590605317592,0.099730834721951,0.116495836887224,0.039551736250912,0.00112679848006588,0.000928247546295778,0.00116938239143719,3.19946427925114,0,0.00710960764137142,0.0881572093644723,0.00016829963392883,0.00517041464612911,0.0183000923066483,0.077821707808782,0.0135994329159212,0.177593712192713,0.0850144505186788,0.000165796762610559,0.0161048844546231,0.0215592782992921,0.104718631233489,0.854390982317201,0.346813112508316,0,0,0.0534836146781321,0.0555181347831253,0.00127086568324196,0.0301613120798312,0.0237700745810192,0.0731142998708298,0.0247282618606139,0.0048187549093755,0.00447070161868738,0,0.0140225980405797,0.0039913074723167,0.0118285200209931,0.0110989835657374,0.00699959215876494,0.000930042329490021,0,0.00637482015830992,0.00118887626666458,0.00452587024188941,0.000640053508524667,0,0.000372478479681614,0.00150323284037706,0.000808216282578983,0.00823474005631613,0.000309039079342592,0,0.000847890597857201,0,0.00456977484486866,0.00438163125758199,0.00148153463947825,0.0020760805576901,0,0.00105093460925387,0.000513803644837768,0.000817361913500107,0.00139095685616573,0.00200505063365005,0.0109763593448775,0,0.000411143708315446,0.0028309076612744,0.0118855727158379,0.00336102125464628,0.00169791047170675,0,0,0.00107971616112977,0.00456701423583276,0.000793404755531861
0.00702211172220933,0,0.211911304212083,0,0,0.000310565367157768,0.00133981887902447,0.00145172639090467,0.0711709723056103,3.56576922981094e-05,0.0154164251349049,0,0.0784098267574393,0.00214717761186846,0,0.0241644835636184,0.245344532914341,0.0133815084697069,0.0712765312449357,0.00106987055621447,0.00503362117593659,1.77396551378413,0.0351015498191197,0.0337986151675018,3.32217600773437,0.125884633980743,1.3904565195976,0.00289666422681431,0.00265242200538801,0.00331625418236265,0.0502570684605602,0,0.00148421399375158,0.0960982906123154,0.00222726135274136,0.11397165473308,0.142509892186822,0.33953703434468,0.0761822111502351,0.00169388589295933,0.00220228184271813,0,0.0594286946957043,0.0835789371986488,0.153696173808259,0.0368303555969786,0.000829446641013044,0,0,0.00170484541756952,0.780375626084832,0.127297140108425,0,0,6.70431878155337e-05,0.00413449945336406,0.000132666278290379,0.00958964953301502,6.66728035156167e-05,0.00170076428368707,0,0.00231193452730185,0.00196977952013463,0.000912707916585556,0.00955964212913859,0.11655926993537,0.00455968920563388,0.0598617080131502,0,0.0029901307430938,0.131530655082156,0.0171301115351397,0.00304699078450188,0.0542056181788385,0.0692289447489959,0.125543229496359,0.00180987787260984,0.000450419259936485,0.00177417884353253,0.00275679791551768,0,0,0.031231704255053,0.001899872574696
0.194950420316935,0.211911304212083,0,0.000660059354964472,0,0.00286310908178196,0.12837750889534,0.0403922809933887,0.0238365512992041,0.00408510272672442,0.00256058183815455,0.000369855157942994,0.0010025673382811,0.0973492485271202,0,0.0269059018328405,1.9450166925999,0.00310758574675363,0.0991875724588908,0.000780456531496816,0.215062801415676,0.116408469888785,3.15765267091174,0.0200021791743459,0.00116877018370125,1.82411476909531,2.1379959592028,0.0614101461618078,0.0382945666026492,0.106029930204303,0,0,0.0103984087526774,0.0970043505706744,0.00311628668300606,0.167019930732548,0.560304637448119,0.30144642228155,0.0712772746884079,0.00313361903851983,0.00164829508819612,0.000350520049819366,0.052722268127792,0.0751616071838143,0.107426036555655,0.0286393999414252,0.00263369124483359,0,0,0.002960354428198,0.0890575280922596,0.144620831944789,8.41180308956517e-05,0.000134041012200169,0.000177040038283245,0.00385074380471022,0.000178679280309622,0.00170845509742955,0.00029326827217483,0.000647617354285094,0,8.2743566434825e-05,0.00197690711511091,0.00188855391909803,0.0139903148721169,0.0573893047637824,0.00017779565607833,0.0148751916243919,0.000146526549831806,0.00404037974345777,0.0359693566695376,0.033789553180344,0.00466350702211576,0.000717353339788136,0.0163414696446157,0.104974513257782,0.0040564006784094,0.0009097866271136,0.00107124638248019,0.000430645624181648,0,0.000355979223686075,0.0189052122902977,0.00419567160428582
0.0123410793754123,0,0.000660059354964472,0,0,0.0284507005302182,0.0188332620928321,0.0409331373969653,0.113876441096691,1.00312383510514,0.000185499880327071,0.6112444797149,0.000463083826817363,0.0259697018394668,0.00731761174428099,0.000121499171217686,0.000588307759864803,0.000121424053862985,0.000469204999695463,10.6680893097055,0.000672619779487605,0.0007211076814596,0.000571265568070482,4.07315915281364,9.11114864755765e-05,0.000160171678937436,0.000239025105674574,2.05369528327543,0.0133669877477149,0.000516154808202184,0,0.000283091212637976,0.00281231826974482,0.0100744833101067,0.000379907265203987,0.0153550460613416,0.00188451738858853,0.0157974654302462,0.0079530110948879,0.0057748305328009,0.00292559539321599,0.000198431296895422,0.00448413903869443,0,0.00357676374719876,0.00248742918424107,0.00621945106512669,0.000580895516869538,0,0.000342965776013868,0,9.17551738730347e-05,3.60340622973055,0,0.00493138855843194,0.00163995002635846,0.00351790354912589,0.0107179844759074,0.0190729752959558,0.000196225848831874,0.568582309686193,0,0.00760768167233791,0.000199775887550248,0,0,0,0,0.651337390858019,0,0.000339015072711845,2.85109287461484e-05,0.0316383582849,0,7.43637769449763e-05,0,0.0484401888897564,0.00413562724516232,0.000364306282410449,0,0.000470537000793358,0.000303517072574793,0.00194478315693374,0.00015271626723985
0,0,0,0,0,0.42320680454908,8.83878197883011e-05,0.0214522462621984,0.00343882428766796,5.82622819320119e-05,0,0.00384256068985774,0.000215604556220614,0.00256163364702594,0.799526265366944,0.00090900196454325,0,0.000175829720216514,0,0,0.000576407866041815,0.00048697933482969,0.00204017516358776,0,0.000305481408171236,0,3.31401342215437e-05,0.000299588121373887,0.0544084241103867,0.00017468010053796,0,0.365912497666765,0.001205250710649,0.0162033241146907,0.0081499196415993,0.000847491584710695,0.00127705031199948,0.00183548460102605,0.00159331358455608,6.98481923336889,4.08624705705138,0,0.00223497019910857,0.00168373295239647,0.00125032027344919,0.0107721108414758,0.0048253876592454,0,0,0,0,0,0.000461273019068325,0.00150967100348742,0,0,0,0,0,0,0,0,0,0.0337313331814772,0.000382951470636959,0,0,0,0,0.000537412724281289,0,0,0,0,0,0.00030616367298898,0,0,0,0,0,0,0,0.00849041484217742
0.00572942880022927,0.000310565367157768,0.00286310908178196,0.0284507005302182,0.42320680454908,0,0.159209044697063,3.90146749030362,0.0240560191207166,2.20795816709161,0.00566247408571027,2.5694330759102,0.00442315156422089,0.0980357710021117,0.0766321847841392,0.000341452951457392,0.00112892660380794,0.00134716735005381,0.000813835096722371,0.254025853270624,0.00141512047419631,0.000606800975296429,0.00335007637860828,0.0848309169279968,0.00176927979929618,0.00206125249132242,0.00113972395607407,0.142274524604788,0.250619329072629,0.0025111189569499,0.000474514968602479,0.328522577187439,0.00344616354510638,0.0442412759632505,0.125772263218072,0.0171096964168683,0.00283042542070632,0.0420232203264517,0.0133787866499308,0.295761634067302,0.170539368628254,0.000741935505392709,0.00202671162548498,0.000581178768491505,0.00193241853384021,0.00102711068431199,0.00268041143882725,0.000304190770805025,0,0.000353999371706955,0,6.09800539407368e-05,0.00216844595356428,0.000302485676409659,0.000278911179506162,0.00184328254717577,0.00174431940455654,0.00254871740749561,0.00146384672477517,0.000296730552464707,0.00189550668366973,7.8990384929211e-05,0.00340549215498457,0.000245941019028103,0,0,0,0,0.0028156231418979,0,9.06969746852842e-05,0.00010092629939467,0.00811078668950522,0,0,0.00017218691211563,0.00621426334590929,0.00236330075911767,0.000298563160985692,0,0,0.000276729734798753,0.00169789821470415,0.000932477099552087
1.590605317592,0.00133981887902447,0.12837750889534,0.0188332620928321,8.83878197883011e-05,0.159209044697063,0,0.359287785459082,0.146178319307213,1.69825904077452,0.00127138754367662,0.00220975680032157,0.00140538802648741,1.3519374694504,0.000111780086165993,0.0101182069549186,0.0223934775421848,0.000433497831826642,0.00178461263443404,0.00662435536372075,0.116083557463823,0.0187786242898791,0.23489661677221,0.671971399190018,0.000351805672782786,0.0164765729122797,0.026509841888766,3.85496977089625,0.284534371284166,2.21046977514866,0,7.3067087058822e-05,0.0135291114533776,0.0442378451182328,0.00343862710351094,0.0810678524780443,0.0150068387514655,0.0776149677954976,0.036508284982865,0.0104852367488125,0.00483461773910733,0.00012250196372428,0.0208838404033546,0.00234166215474579,0.0125731809303965,0.0112581196726983,0.0115872738225269,0.00142029879830047,0,0.0064412821921281,0.000418592856904687,0.00228290400613653,0.00262051221578823,0,0.000656348839727915,0.00198781760458904,0.00442466540555287,0.00986166907515941,0.00180952640320724,0.000152978152669294,0.00210049011691366,9.76733019197665e-05,0.00852775622878886,0.000532089480348655,0.00407935509785541,0.00084551252760654,0.000223885733131953,0.000182532528785084,0.00312810146868703,0.000823959036454519,0.00218158965089717,0.0019925547410197,0.0221860332417484,0.000100570965114308,0.000165825632467153,0.00337723442630861,0.0210319562018075,0.00835215494303911,0.00250045386905486,0,0,0.00121518514134988,0.00547845814912126,0.00235381067090785
0.099730834721951,0.00145172639090467,0.0403922809933887,0.0409331373969653,0.0214522462621984,3.90146749030362,0.359287785459082,0,0.0763365559307445,0.889231344422585,0.0127812613167847,0.170236769342698,0.0130006459114129,4.04887538792507,0.0161135071363709,0.00192341514816457,0.017868427066499,0.00173243183402096,0.00216726285608067,0.140083789114588,0.0194257585571748,0.0035636564627819,0.0448775396613807,0.135411623724711,0.00364146621865719,0.00953324026267454,0.00913221393368359,0.151086468091396,0.595372630646008,0.0360166519722082,0.000479949468855019,0.3256582724337,0.00479069536638528,0.108000277384205,0.00141452090381453,0.0471065466280252,0.0104891608982337,0.126626432090032,0.0427529410774534,0.157848993340719,0.240394769084167,0.00138171421655825,0.0122479091729153,0.00162179112518671,0.00902542586460681,0.00624337296303578,0.00894022826398498,0.000382256032414267,0.000133386161759214,0.00306709735213013,5.40667045863044e-05,0.000795479458200646,0.00174033544428785,0,0.00157329774735855,0.00422745202159948,0.0040871811283946,0.0102241838583299,0.00194847246115707,0.000366531012432929,0.00291200318856572,0.000101550014321425,0.00765675569635712,0.00012540962769054,0.000914810396609881,0.000268388787044751,0,4.81295305739004e-05,0.00251447970596809,0.000417743122411115,0.000874833696033131,0.00104342777574757,0.0252172444001341,0.00014210737450321,0.000336652226179239,0.00130445687263894,0.0205049555228509,0.00666068918846292,0.00123658363404446,0,0.000240078408156897,0.000895358212013434,0.00476656631950927,0.00104101753169285
0.116495836887224,0.0711709723056103,0.0238365512992041,0.113876441096691,0.00343882428766796,0.0240560191207166,0.146178319307213,0.0763365559307445,0,0.0596034300222924,0.00207556962755638,2.29611298981134,0.00388504874634401,0.101946217072675,0.19452446253241,0.209831272566521,0.0325648437203638,0.000495552801258448,0.00488095350002162,0.478405787267089,0.0590066450284592,1.8451624188272,0.0288982110828086,5.53985298078431,0.0131425180977087,0.00626839026712973,0.0822803418532761,0.307037823073425,0.11349610002069,0.198952484638565,0.00133927672828819,0.000139868750561577,0.0710119031863692,0.0736082235777353,0.00626916631191594,0.287446043023397,0.037135101948162,0.135619025603249,0.0667382398283268,1.50789613159686,0.00692431517704464,0.000187360551341387,0.124589762138328,0.0177320505255395,0.0766993932139017,0.0632414240643882,0.12177467295813,0.00842627915838137,0,0.0736442539849474,0.00453085435866327,0.00484498912835217,0.215904905483526,0,0.0168450837431242,0.0391314857070286,0.0312352568538512,1.67060719110668,0.0942332474289389,0.00203216495983779,0.158377155972801,0.0011255601264348,0.067440866325508,0.00237403281450213,0.0340993060576639,0.00516493696064548,0.000402548910189683,0.00133992348392122,0.170447187207865,0.0115522789863545,0.0580695246279943,0.00684957519374913,0.479140572352963,0.000700700434179437,0.00183124034896172,0.00635087164194316,0.205303555326018,0.0615509269085423,0.0313444506308473,0,0.000639182355338178,0.0248161746446118,0.0475370982549412,0.00429447878571865
0.039551736250912,3.56576922981094e-05,0.00408510272672442,1.00312383510514,5.82622819320119e-05,2.20795816709161,1.69825904077452,0.889231344422585,0.0596034300222924,0,0.00710706489910583,1.06420496728861,0.00338034851360067,1.0493617386069,0.000192164583098309,0.000637068072663253,0.00090552145869303,0.00160166059522402,0.000933962728740447,3.90813084772242,0.00240083590234104,0.000748220122423652,0.00573303094060428,0.216287801881206,0.0011659761008998,0.00265515825051646,0.00195918444087676,2.11104501205936,0.122862633173486,0.0054026226909844,0.000249506767378291,0.00134399948711318,0.0106031807017881,0.070703851193912,0.00195602781239072,0.0708243061705273,0.00515069271790873,0.0824543291868296,0.0330890170585648,0.0161458861540695,0.0103614346964634,0.000825795272598508,0.00433864424807265,0.000163791512841197,0.00335278660724208,0.00302592179376301,0.00932598140899682,0.000365509932320947,0,0.00135106534819822,0.000213505730184759,0.000155646035206116,0.00719830452172239,0,0.00178148705126922,0.00203757475250721,0.00288027517165015,0.00504496736929207,0.0067533175675916,9.74158250492891e-05,0.00949980917839275,0,0.00581372797498018,0.000161955690533824,0.000579671208280222,3.78330494940687e-05,0,0,0.00576114997649691,0.000105864192532386,5.13805698953394e-05,0,0.0125733798268421,0,0.000145337917160174,0.000253566209964904,0.00927761337468373,0.00342412614735272,0.00045346046608916,0,0,0.000147813677419693,0.00270093012896082,0.0012378418037475
0.00112679848006588,0.0154164251349049,0.00256058183815455,0.000185499880327071,0,0.00566247408571027,0.00127138754367662,0.0127812613167847,0.00207556962755638,0.00710706489910583,0,0.00845917517941613,3.66229905919027,0.0146883826351315,0.000250665014795079,0.00124995920067294,0.0345516643627861,1.33531376094193,1.59001961608059,0.00952672578363509,0.00126213374886101,0.00403463378923657,0.00407467086244455,0.00171539584798804,1.44005165291101,0.675084825481063,0.0818696665544981,0.00182958058240387,0.110151450363376,0.000808278985795881,0.0896868114586476,0.0156152941086052,0.00608207014606964,1.26744415144359,0.000376709672788129,0.0362890680096674,0.760211899601217,1.08537031491239,0.0734770663505612,0.00239897683312419,0.0155717025808064,0.48192929527704,0.00336727635176797,0.0573554103534941,0.0227113888207281,0.00268067887562162,0.000617219538948438,0.000120431365620026,0.00139811792868359,0,0.00546055110539485,0.00136062335673918,8.36759787623161e-05,0,4.4947985780348e-05,0.000187369972686244,2.57706760986073e-05,0.000404107254506205,2.74660296818556e-05,0.0592833120270401,0.000218980509787656,0.0584017815770308,0.000198973971746679,0.00039289803325818,0.000137569916002032,0.000962365642474309,0.0225804581650897,0.0115018061023871,0.000117295372474096,0.000102007898388742,0.000337362109899297,0.000214855589577179,0.000518717068200985,0.0360682801955424,0.0558669417862716,0.0225269701381929,0.000558889741797791,0.000165766784114658,8.44259356160091e-05,0.0253994062473133,0,0,0.00233529806736029,0.000246772597361682
0.000928247546295778,0,0.000369855157942994,0.6112444797149,0.00384256068985774,2.5694330759102,0.00220975680032157,0.170236769342698,2.29611298981134,1.06420496728861,0.00845917517941613,0,0.00764921159630957,0.0866309067691811,0.799152290092304,0.000324729363589889,6.87720591995775e-05,0.00211591571209421,0.00142009817018159,12.2959337539044,0.000492532972929165,0.000632422966907586,0.000533489239505323,0.766936935290517,0.00246994548689875,0.00225113597407622,0.000827579561620078,0.00987026019584605,0.0857609328329441,0.000501183803100668,0.00059852244423221,0.00355537566806598,0.00271241169235941,0.0819330461324588,0.379512598664756,0.0576260785776874,0.0047556983465434,0.0776253072650925,0.0291889553775686,0.815711260364021,0.0281307678338746,0.00258260950205223,0.00373844005431788,0.000825055208793742,0.00280724873011286,0.00259532167145301,0.024777071777263,0.000609568904278298,0,0.00089190160256423,0,7.61479867939611e-05,0.0291573858310564,0.000150900397586968,0.0018605164056846,0.0012464238654169,0.00219713720473238,0.00969813671705431,0.00587881353958502,0.000464029619754752,0.522480573618576,0.000603810694002838,0.00540691560233415,0.000169575908393168,4.58353960832067e-05,0.000312095795237721,0,7.44571134640992e-05,0.52041179857385,0.000106421584624994,0,4.58372439941725e-05,0.0131574185336922,0.000139729965784846,0.000114456989464789,2.4271923770003e-05,0.00651102862360422,0.00201646896862943,5.64208468368109e-05,0.000147901432897193,8.62536735775112e-05,0.000181836567399512,0.00141903767626653,0.00282794685898532
0.00116938239143719,0.0784098267574393,0.0010025673382811,0.000463083826817363,0.000215604556220614,0.00442315156422089,0.00140538802648741,0.0130006459114129,0.00388504874634401,0.00338034851360067,3.66229905919027,0.00764921159630957,0,0.009911437894848,0.00059496367819011,0.00375053971106906,0.00109353868914325,0.0218269773214111,0.0136435606960221,0.00628822910811203,0.00298025095914238,0.0214544641518551,0.005026335574358,0.00218506633963178,3.20910326591317,0.168247007461969,0.729614033334132,0.00301174074359338,0.0417800820990705,0.00193821138493088,2.12615591136786,0.00353260891772898,0.00458473528527296,0.0938499123588687,0.000480610417646526,0.307188479290433,0.812271043972121,0.549887004092457,0.784882931303897,0.00981321968837046,0.077620910700769,0.983987970752297,0.109304176972919,0.0961423399255563,0.0504138469358201,0.152659345849289,0.00449433264727926,0.00261418264912423,0.00389992813285107,0.000174023955584478,0.00694231832200571,0.000415289189737821,0.000506693401998156,0,0.000146172434902246,0.000832801462161159,0.000250138240962721,0.000563703054648428,0.000102251947557023,0.129764986768229,0.000409535319431737,0.246257915325566,0.00107525218352631,0.000531867662454897,0.00109774751789907,0.000818043364462381,0.030996558177295,0.0144074761696764,0.000558988618493995,0.000569064211728867,0.00330883861534899,0.000824182718951101,0.00131689372000434,0.0576879503497386,0.0814922901113526,0.0319786485640246,0.00125544325222215,0.00223711606517255,0.000465499135020879,0.0382009821716843,0,0,0.00411973653139458,0.000936350290680941
3.19946427925114,0.00214717761186846,0.0973492485271202,0.0259697018394668,0.00256163364702594,0.0980357710021117,1.3519374694504,4.04887538792507,0.101946217072675,1.0493617386069,0.0146883826351315,0.0866309067691811,0.009911437894848,0,0.00293688313721799,0.00359309757898853,0.0469887232345347,0.00156093513779504,0.00397926294111104,0.101058206193561,0.0521538041100277,0.00896831364655893,0.119887739511457,0.150824847852013,0.00268981502855295,0.0160791301621573,0.0186480282781316,0.174280297727675,3.02139187141274,0.160122771679957,0.000447314799674574,0.0687644105034921,0.0203914019968106,0.170971531073526,0.002547855231689,0.0618106989275747,0.0143768320072897,0.138999683975176,0.0400633729221456,0.0291709136542953,0.0830335137007587,0.00255842284487203,0.0158766920531362,0.00246073794265337,0.0130477941127348,0.00721510178097016,0.00738015674732087,0.00119044562562302,0,0.00608387714714869,0.000495639350166166,0.00188599726375531,0.00164452426503124,0,0.00040502383912676,0.00253270337640318,0.00275190938650762,0.00882782766203285,0.00117053607387641,0.000926767384308868,0.00130213253576234,0.000918904681864997,0.00811711723739181,0.000833611434028944,0.00200800909940758,0.000912299031561422,8.50178271118562e-05,0.000182103742148715,0.000721364845892749,0.000761478090854095,0.00153653706443425,0.00215417012605413,0.0228721226874126,0,0.000402216801682557,0.00238099841771619,0.0222822613785569,0.00919419872939102,0.00285648361182706,0.00012336845109111,0.000221699435948861,0.00172308104233286,0.00497247119036508,0.00168846580832425
0,0,0,0.00731761174428099,0.799526265366944,0.0766321847841392,0.000111780086165993,0.0161135071363709,0.19452446253241,0.000192164583098309,0.000250665014795079,0.799152290092304,0.00059496367819011,0.00293688313721799,0,0.000932321319514269,0.000132435025557792,0,0.000141279080623296,0.0172711200889628,0.000495027298520819,0,0.000807921152695709,0.0042926014045797,0.000272049984905223,9.73957631056881e-05,0.000339714970792107,0.000324908931615089,0.00476911062969786,0.000296663700043338,0,0.00144759118730851,0,0.00135777172312131,0.089998026950406,0.046361166885728,0.0012758106193463,0.0024004277893231,0.00816667779191227,3.5347741094872,0.0427029882395538,0.000302146585187239,0.000851972122887533,0.00474200153482449,0.0120245451039299,0.0209868943869231,0.00658134216435637,0,0,0,0,0,0,0.00407617629711965,0,0,0.000182864700181688,0.000226998949261226,0,5.23659378139105e-05,0.000251783387141092,7.99848138428646e-05,0,0.0545454034864917,0.000839811601663311,0,0,0,0,0.000121287359568067,0.000680976950296786,0.00213241498912414,0.000516249372166086,0.000493335157464695,0.000145501526659121,0.000539521413391508,0.000242180872317985,0.000127908265273424,0.000355974701314522,0,0,0,0.000216303878899968,0.0105422272302354
0.00710960764137142,0.0241644835636184,0.0269059018328405,0.000121499171217686,0.00090900196454325,0.000341452951457392,0.0101182069549186,0.00192341514816457,0.209831272566521,0.000637068072663253,0.00124995920067294,0.000324729363589889,0.00375053971106906,0.00359309757898853,0.000932321319514269,0,0.0541228445449804,0.000590874142135494,0.00558114488404386,0.000604303379077391,2.3172507592147,4.65632260067504,2.9645111616859,1.00451692216218,0.00143352235535616,0.00832684728488616,0.563923476239245,0.675271259905768,0.00841766295917925,0.139098049154038,0,0,0.00834984876557809,0.0624345388952193,0.0224853343520312,0.743298780055943,0.203673729810405,0.31198880460443,0.163320940227871,0.054306044534238,0.00552074222733323,0.0012102929758524,0.168039350132933,0.0652420684374528,0.086341545078779,0.106214754892949,0.0180136203141913,0.000492849506210969,0.000287237322652199,0.0090549411720787,0.00258942437166421,0.00687005596659209,0.000422988459690334,0.000375706719103595,0,0.00166638612782286,0.000252950162144014,0.0161938905057936,5.55188904908729e-05,0.000784587461188277,0.000435368645368826,0,0.00312824538217196,0.015543532773863,0.639498541545318,0.00506633467448416,0.000641949861670448,0.00145729745509447,0.000133736363092491,0.0387204267008743,0.170821544965086,0.0985428765276986,0.0421365925152097,0.000544940024824853,0.00207365802518259,0.0193560470728834,0.0375865779804657,0.00672444207444056,0.0294976493953632,0,0.000115192214175748,0.0039390463996135,0.0163274741646984,0.0171447261243068
0.0881572093644723,0.245344532914341,1.9450166925999,0.000588307759864803,0,0.00112892660380794,0.0223934775421848,0.017868427066499,0.0325648437203638,0.00090552145869303,0.0345516643627861,6.87720591995775e-05,0.00109353868914325,0.0469887232345347,0.000132435025557792,0.0541228445449804,0,0.0301344074080107,2.6451244999817,0.000479233530126083,0.116009979457825,0.140259272702496,2.0822112923561,0.0195070515690601,0.00760909255982733,1.25548838121332,0.80847996435467,0.0175900682180503,0.0688324386398553,0.106537564890068,0,0.000132026042377678,0.0484255319449508,0.497556969240539,0.0035147130666554,0.155884005439777,0.303328310106636,0.473452284663538,0.0963894897984262,0.0049025375406506,0.00127576863483288,0.000781978695577001,0.0355852802548577,0.051079607717503,0.0879027530705088,0.0282546645131812,0.00197591930248499,0,0.000369186007479701,0.00157634545661892,0.0653992989691146,0.0744576352015042,0,0,0,0.00197792777628032,0.000141701821771881,0.0021173765889945,0,0.00102101705805867,0,0.00108368710819039,0.00134601324311007,0.000571184194486324,0.0105422214388128,0.0488691661544577,0.00152677314966058,0.0390101167098207,0,0.00316384807117562,0.0203865980796434,0.0139004391617444,0.00276346203155173,0.004771533932373,0.0491767603673,0.0745207904057947,0.00275912439475324,0.000659804729184796,0.00111689077723068,0.000381673849429158,0,0,0.0155952940051117,0.00359227549807307
0.00016829963392883,0.0133815084697069,0.00310758574675363,0.000121424053862985,0.000175829720216514,0.00134716735005381,0.000433497831826642,0.00173243183402096,0.000495552801258448,0.00160166059522402,1.33531376094193,0.00211591571209421,0.0218269773214111,0.00156093513779504,0,0.000590874142135494,0.0301344074080107,0,2.88448720004633,0.00313298207789863,0.000697582140125416,0.00436664875812776,0.00133527485046207,0.000716659828034424,0.0768309566087547,0.870671003485999,0.06496334426586,0.00058365974535267,0.0111635634418052,0.00023013195272123,0.0295684637350361,0.00131146181958042,0.000950958830199591,0.125540117765731,0.000235056469267381,0.0162165323677828,0.205728693252536,0.321569103177913,0.0301700216596022,0.000420165152194877,0.00440228706569287,0.0180077183131872,0.00158678976606875,0.0163321341202622,0.0120929905677143,0.0041871873277407,0.000296044015616843,0,0,0,0.00172001032224269,0.000836819947190662,0,0,0,4.75380486849382e-05,0,0,4.33316854644115e-05,0.00907412258392969,0,0.00869023312877106,0.000106113385754468,0.000150127303487558,0,0.000484328450104349,0.0111090036175717,0.00952953089876263,0,0.00016858333576724,0.000261501025376708,0.000340820999863042,0.000126071585855514,0.0182447253042467,0.0274976920823464,0.0130323437941685,7.70375387164179e-05,8.03573348689447e-05,0,0.0066884304153526,0,0,0.00138737513475021,0.000256762215782117
0.00517041464612911,0.0712765312449357,0.0991875724588908,0.000469204999695463,0,0.000813835096722371,0.00178461263443404,0.00216726285608067,0.00488095350002162,0.000933962728740447,1.59001961608059,0.00142009817018159,0.0136435606960221,0.00397926294111104,0.000141279080623296,0.00558114488404386,2.6451244999817,2.88448720004633,0,0.0013678058924136,0.00432590479744052,0.0271951804488496,0.0417971739406587,0.00264888577789724,0.0524954946878365,2.23050666344165,0.301866584232773,0.00250695026068023,0.0103602723471488,0.00368249469028008,0.0167767252142629,0.00109351402227167,0.00270651901042407,0.979246296692494,0.00121044615073514,0.0834033199300543,0.283057950385067,0.862037052848074,0.100093812841768,0.00058453018443215,0.00143597322241791,0.0103150014592017,0.0157790935835442,0.0361273046417109,0.0684767192067534,0.0154234537870454,0,0,0.00133869977086429,0.000635189061833722,0.0267142948706387,0.0100629394723307,0,0,4.92328537414488e-05,0.000526190941403821,0.00011383438292434,0.000707657759165357,0,0.00700656435664625,0,0.00586057972209362,0.00086804905207957,0.00099386068539394,0.00129363972824264,0.0162821709591587,0.0182779157757605,0.052984010784547,0,0.000561293594148566,0.00299462454626046,0.00296643200654066,0.000588791998071142,0.0270781405279462,0.0736455255317681,0.053849538872727,0.000700099162619788,0.000127148392848756,0.000471772308518151,0.00248200229078382,0,0.000100454480489307,0.0137722849330611,0.000920358818782714
0.0183000923066483,0.00106987055621447,0.000780456531496816,10.6680893097055,0,0.254025853270624,0.00662435536372075,0.140083789114588,0.478405787267089,3.90813084772242,0.00952672578363509,12.2959337539044,0.00628822910811203,0.101058206193561,0.0172711200889628,0.000604303379077391,0.000479233530126083,0.00313298207789863,0.0013678058924136,0,0.000898534449476704,0.000407453824024705,0.000710257202067063,1.99078484496837,0.00136714521463941,0.00200257309886299,0.000567066865882914,0.393758071452113,0.0913325963157352,0.00111740674040582,0,0.00153475757157361,0.0141617291245206,0.0860080563730617,0.0010842484385645,0.0773197547121452,0.009437718785566,0.104879512048499,0.0573429001450016,0.0442585150590491,0.0376787040250321,0.00186631251589083,0.0050635865633713,0.000485852437245325,0.00450632754628013,0.00616212923376996,0.0162355490321789,0.000297206200875214,0.000328285109729709,0.00131164332751701,0.000150159594062543,0.000127890538579911,0.0126621443040143,0.00017511064915408,0.00141268397120335,0.00210624676741202,0.00257488803556197,0.0146049991724369,0.00602018495899459,0.000285315514015731,0.0496508722141757,0,0.00531934551057749,0.000922743579396425,0,0,0.000106885704780898,0.000107477140049197,0.129697820246155,0.000252729800314017,0.000103906980410684,0.000162873408440234,0.011767160234126,0.000185080739954394,0,4.66191661567285e-05,0.00917887907883393,0.00267775943824684,9.2988616294152e-05,0.000196285425560985,0,0.000240223267847107,0.00331663453654477,0.000218588006119032
0.077821707808782,0.00503362117593659,0.215062801415676,0.000672619779487605,0.000576407866041815,0.00141512047419631,0.116083557463823,0.0194257585571748,0.0590066450284592,0.00240083590234104,0.00126213374886101,0.000492532972929165,0.00298025095914238,0.0521538041100277,0.000495027298520819,2.3172507592147,0.116009979457825,0.000697582140125416,0.00432590479744052,0.000898534449476704,0,0.149086452512119,4.94293149332082,0.0199430145646739,5.58934543349963e-05,0.0140619139843428,0.055124402069861,1.12952381111184,0.0536029836771475,2.64495564167854,0.00013437992598494,0.000172742254287051,0.0417545044022364,0.388647937812574,0.0252012013912932,0.466002326244469,0.118072820544443,0.466351945990177,0.168400958780416,0.0580653365730596,0.0045291659800038,0.00037686430118046,0.0349853742339116,0.0105840070618354,0.0153835628188158,0.0242864758167612,0.00304049953911327,0.000161867217625327,0,0.00195143374425139,0.000722384758243213,0.00321631107509244,0.000110820615667957,0.00096648054342441,0.000143163229531815,0.000730678607902507,3.05209702716675e-05,0.00243351900619298,0,9.47289203837237e-05,0,0,0.00126476088682769,0.00856238347333218,0.0473013513448741,0.000759891818902497,0,0.000376576253833447,0,0.0105341941009798,0.0197131872125116,0.00877117485598197,0.0107030334173767,0.000196678989658609,0.000823975634353408,0.00637102794612296,0.0107756283530374,0.00174190023751137,0.00933371459494056,0,0,0.00160065254732051,0.00529469655937732,0.0173747799264135
0.0135994329159212,1.77396551378413,0.116408469888785,0.0007211076814596,0.00048697933482969,0.000606800975296429,0.0187786242898791,0.0035636564627819,1.8451624188272,0.000748220122423652,0.00403463378923657,0.000632422966907586,0.0214544641518551,0.00896831364655893,0,4.65632260067504,0.140259272702496,0.00436664875812776,0.0271951804488496,0.000407453824024705,0.149086452512119,0,0.529550999204543,1.41459804349848,0.215984539073498,0.0447110920375845,1.43344701073575,0.128438741548433,0.00993755873184637,0.0875511022314058,0.00742490952380772,0,0.00804789705844543,0.0912998433398048,0.0142665483019173,0.47688498920517,0.214504811270728,0.354586162816303,0.145956729908021,0.038276064118054,0.00368582341387158,0.00432979677341724,0.181328355877274,0.0893294915547045,0.141514033528674,0.105594640121003,0.0135042683556924,0.000318913925347849,0.000852649570644848,0.00830612568232567,0.0525120005775013,0.0447829552855275,0,0,5.45915416929506e-05,0.00439737230403556,0.000751608383830015,0.0371414423658354,0.00049801590162841,0.000312849805675561,0.00037965913723758,0.00122085831863343,0.00482995697064496,0.00561545495225722,0.667003392635359,0.0217722014077842,0.000618658520494818,0.00759327317677654,0,0.0526345460457285,0.546924190545223,0.161736886829855,0.0348912800455263,0.00996910252262728,0.00896277657876329,0.121041383051718,0.0246023491577751,0.0050712858729277,0.032274482219402,0.000313939351876534,0,0.00276445873259168,0.0329795227763448,0.0152797934131108
0.177593712192713,0.0351015498191197,3.15765267091174,0.000571265568070482,0.00204017516358776,0.00335007637860828,0.23489661677221,0.0448775396613807,0.0288982110828086,0.00573303094060428,0.00407467086244455,0.000533489239505323,0.005026335574358,0.119887739511457,0.000807921152695709,2.9645111616859,2.0822112923561,0.00133527485046207,0.0417971739406587,0.000710257202067063,4.94293149332082,0.529550999204543,0,0.0798819750422484,0.00063082722830524,0.17637484837783,1.4605754271209,0.608672444263328,0.0900688876898688,0.522053579785143,0,5.18980325057124e-05,0.0251931753343241,0.305600482986338,0.0633449586349021,0.898781993455336,0.677317033425788,0.926826690480145,0.316391088425291,0.0961234826954506,0.00888487863501436,0.000543819951370488,0.0869329916755779,0.045693943555676,0.0780298995004843,0.0649372903963108,0.00876469004473973,0,0.000184665092769934,0.00318849618122877,0.0111327426853807,0.0355667993104534,0.000100625776722703,0.000567989162594261,0.000291729166187609,0.00382881995927188,0.000687832778221394,0.00537227252801071,0.000149663655508334,0.000678813226316104,9.18462317527735e-05,0.000233957064896406,0.0034219532806964,0.0158952105799216,0.219796450146263,0.0108578225752828,0.000402841826455611,0.00397214973877057,0,0.0120049556031417,0.0597721083430258,0.111803041972839,0.0119079626049413,0.000823763335438288,0.00484102303440581,0.101070385301661,0.0106410119358729,0.00289947588181281,0.00513366209632805,5.17926565379422e-05,0,0.000662148627906729,0.0104324935445144,0.049444636878681
0.0850144505186788,0.0337986151675018,0.0200021791743459,4.07315915281364,0,0.0848309169279968,0.671971399190018,0.135411623724711,5.53985298078431,0.216287801881206,0.00171539584798804,0.766936935290517,0.00218506633963178,0.150824847852013,0.0042926014045797,1.00451692216218,0.0195070515690601,0.000716659828034424,0.00264888577789724,1.99078484496837,0.0199430145646739,1.41459804349848,0.0798819750422484,0,0.0034631014525013,0.0077674542629691,0.0959492134402823,3.74040299054057,0.144662813571636,0.182845214580961,0.000172821207065292,0.000684551221548684,0.0520096682042627,0.074264875136907,0.00774597057034413,0.177029283425456,0.0205973945444224,0.105297313869661,0.0486690062511597,0.0800858502164448,0.00488797783340936,0.00018803746861807,0.0994241756762912,0.00820958965540781,0.0537125092960929,0.0411817146085641,0.0603891937458721,0.00448228586359725,7.36759987217724e-05,0.0242812676237825,0.000991407051954571,0.00373914468127006,0.685264780311367,0,0.00890843674802163,0.0209394130547641,0.0253530169009982,0.10996628338721,0.0285411448056188,0.00138052701065395,0.0347868647080754,0.000715198101931785,0.0592817272777095,0.00207883735638837,0.0383833771972339,0.00134600360988744,0.000448579648954162,0.000768400864657953,0.0906049371156574,0.00794677132681945,0.0164999656890706,0.00964266156192589,0.197449728049576,0.000583668931526662,0.00158428739975013,0.00683914638750267,0.133890655830569,0.0477901070844237,0.0191698469090728,0,0.000727125291689624,0.00715583440665257,0.0346157711743682,0.00441753170383149
0.000165796762610559,3.32217600773437,0.00116877018370125,9.11114864755765e-05,0.000305481408171236,0.00176927979929618,0.000351805672782786,0.00364146621865719,0.0131425180977087,0.0011659761008998,1.44005165291101,0.00246994548689875,3.20910326591317,0.00268981502855295,0.000272049984905223,0.00143352235535616,0.00760909255982733,0.0768309566087547,0.0524954946878365,0.00136714521463941,5.58934543349963e-05,0.215984539073498,0.00063082722830524,0.0034631014525013,0,0.209978070050825,0.877924589677284,0.000402174372515674,0.0198318158948808,0.000120051634393097,0.605426394450279,0.00513518695084095,0.00132782996810081,0.0979117186485478,0.000111432442599331,0.0282391022438661,1.75439177637333,0.409703733203214,0.0894417298807981,0.000595969063310586,0.00502389225431886,2.16760518408645,0.0108476830431243,0.056375374422004,0.0768114685072547,0.0115298418751541,0.00104213244882781,0.00112825512486303,0.00387669582880279,0.0003412383419048,0.0943352560716448,0.00272366598973605,0,0,0.000366260426482381,0.000353356318285303,0,0.00186864136763174,0,0.0733723753694047,0,0.104167563699926,0.000432565440643266,0,0.000520930178048704,0.00365419214631197,0.031643724057233,0.0399082162183916,0,0.000329432411882923,0.00632731495552055,0.000539459528695004,0.000215876043107716,0.403946776452554,0.0920444775192966,0.065154576368494,0.000565235502062693,0.000833952786596326,4.1763985751047e-05,0.0555800487323619,0,0,0.011774404655066,0.000188081257838623
0.0161048844546231,0.125884633980743,1.82411476909531,0.000160171678937436,0,0.00206125249132242,0.0164765729122797,0.00953324026267454,0.00626839026712973,0.00265515825051646,0.675084825481063,0.00225113597407622,0.168247007461969,0.0160791301621573,9.73957631056881e-05,0.00832684728488616,1.25548838121332,0.870671003485999,2.23050666344165,0.00200257309886299,0.0140619139843428,0.0447110920375845,0.17637484837783,0.0077674542629691,0.209978070050825,0,2.4666841490379,0.0086556881537032,0.0240550188603206,0.0132306460212589,0.528659410133576,0.00150024447706692,0.00347866073116592,0.186571296532751,0.00337216983388084,0.172218003818945,0.849961649638072,0.661399747710946,0.128482573080174,0.00113299003259614,0.0027284689122187,0.0293525233245732,0.0422431347026238,0.0988452402208092,0.142838713641146,0.0225480831156404,0.000909249163376752,0.000138408116155317,0.00123530396726579,0.000733970432317523,0.0605024349273437,0.0353033759359246,8.32712394748325e-05,0,2.10308280533802e-05,0.00296111925767546,0.000276363033758353,0.0019851403321742,0.000116225291591483,0.0328201813868106,0.000227167466150245,0.0379239616291021,0.0015008951213245,0.00239324909990246,0.00228853991900524,0.0391806477367396,0.0390917676922081,0.107232488366113,3.20454198176516e-05,0.00178796890647264,0.00993410671265772,0.00543374000006502,0.001993325664319,0.0605757553535579,0.255963273258396,0.18741108082457,0.00160695400530006,0.000216829226744982,0.00185641567134006,0.0108061770914649,9.13422324128532e-05,6.39315646314728e-05,0.0283546713862363,0.00361199945429729
0.0215592782992921,1.3904565195976,2.1379959592028,0.000239025105674574,3.31401342215437e-05,0.00113972395607407,0.026509841888766,0.00913221393368359,0.0822803418532761,0.00195918444087676,0.0818696665544981,0.000827579561620078,0.729614033334132,0.0186480282781316,0.000339714970792107,0.563923476239245,0.80847996435467,0.06496334426586,0.301866584232773,0.000567066865882914,0.055124402069861,1.43344701073575,1.4605754271209,0.0959492134402823,0.877924589677284,2.4666841490379,0,0.0697879526590865,0.0174425481606066,0.0292077719538798,0.286554519035283,0.000277745234012542,0.00366932452826632,0.315506568557097,0.0260646725300953,0.455524138843307,0.530638179570521,0.951115111891763,0.188236266746034,0.00943280272347776,0.00304031591099745,0.00482113829279173,0.11306720880697,0.14449821715256,0.252554078307364,0.0612824740308402,0.00399423790987754,8.47389236662346e-05,0.000594775027362296,0.00284414315985119,0.118247640788732,0.156243772009984,0.000121344357827376,0.000218767711315254,0.000217051546157404,0.0092909816990611,0.00111914127721803,0.00476393463919497,0.000602922254975624,0.0246943196525253,0.000290155771721262,0.0233086604581417,0.0055444490177524,0.00372605723067544,0.0924206702427064,0.0695860495319532,0.0345047959134695,0.110109818175296,0.000250828529021001,0.0131830237529564,0.0902738350633408,0.122109840318626,0.00908188745667824,0.0738555146833337,0.290701603460585,0.421891911405029,0.00751078469866982,0.00156550637174506,0.00454054933504545,0.007683229938347,0,0.000411743979429028,0.0445427742675035,0.0250132455056846
