0,0.00156176973165911,0.112304519389799,0.00141908452739927,0,0.0259530661023441,0.712698598636616,0.392642405451446,0.0185493179558129,0.00643367089650953,0.00192774696632334,0.00146241220558759,0.00113697184532045,3.22175918122809,0,0.000738947840964996,0.0568124468063571,0,0.00915083942788376,0.00769055145828678,0.0396699138713839,0.00428901677125557,0.0266304761528142,0.0127401553861581,0.000221977397579006,0.0315081289485434,0.0123703393190866,0.0317316904262998,1.68366902040475,1.81322433784809,0,0.0202952586008031,0.0584949196649227,0.167429544579195,0.000281033451393423,0.0168839571668125,0.0189664841466008,0.193362301809832,0.0399600678586433,0.0480760497514578,0.0584568106362773,0,0.00113364996838434,0.000307027309634398,0.00311221716110705,0.00274689694606071,0.000477376458041212,0,0,0.00025689120996149,0.000554869926804778,0,0.000184860234444026,0,0.000335775926646653,0,0.000136804469057577,0.00266139844044004,0.000146925016836923,0,0,0,5.00052200000183e-05,0,0.000407138453174352,0,0,0,0.000338042781273806,3.36069593773964e-05,0,0.000215941181481765,0.0052226843008484,0.000116534181325567,0,9.57168839428157e-05,0.00260399227240489,0.00236982951536492,0.00056845393083207,0,0,0.000925058099537079,0.00122738832897311,2.97217993506842e-05
0.00156176973165911,0,0.00293863786040996,0.000393707168185619,0,0.000311629037629458,0.0104191892963532,0.00238546144933065,0.431820418068412,0.000941106263386544,0.00728149191451049,0.000381148431870489,0.0831128083996997,0.00154916336081678,0.00134786170492036,0.362813464415929,0.014892062987484,0,0.00674811104876855,0.00132470158390524,0.0176407964338977,2.43418535083636,0.0167171973487877,0.417362487591378,3.38390489514531,0.0169046526302632,1.47168623714501,0.0400828928386009,0.00194902777584861,0.013713840241116,0.000959080701910434,0.000413215477108217,0.00305505437907842,0.00307320921483178,0.000219781178335356,0.0196155622020477,0.0825760620294608,0.0305170625268534,0.022492725818447,0.00407220555996301,0.00117463996094993,0.0787858571954565,0.00396605248265202,0.0242458271504733,0.0110403168481572,0.00794264999522081,0.000535192324974722,0,0.031013442355341,0.000592099732799924,0.911313587428499,0.0812098058439084,0.00102650297865325,0,0,0.000326940769306304,0,0.0104276900255993,0.000306611741007976,0.00169729145775473,0,0.0194751347703522,0.000224028557177692,0,0.0149299985638255,0.00222767893709069,0,0.00574795174521629,0,0.000143011001973239,0.0837980757624591,0.00246929728836459,0.00590956448257289,1.01898530403998,0.0385225272348908,0.459207060167297,0.00122754679218024,0.000468483151831847,0.000608302796733825,0,0,0.000790270703035847,0.00250049533180082,8.75055709449279e-05
0.112304519389799,0.00293863786040996,0,0.000374672843194151,0,0.0126798479259109,0.195678867627015,0.125914116507723,0.0328267446611833,0.00188916969582243,0.00199727081291885,0.000145796820856487,0.00613033740449847,0.131099278287116,0.00012653391881944,0.00862766803982577,1.74976369522752,0,0.162390630550286,0.000623075741583786,0.597342504589314,0.0364722811108745,3.95950818040768,0.00870068968036139,0.00350040176251656,2.67961652027259,1.09181201160665,0.0821018799162219,0.0283227017313924,0.371174371250178,0.000950661986979384,0.00161789914011285,0.00588370608486671,0.277113120760877,0.00303831306185636,0.210653304397557,0.218486434611472,0.901800011187896,0.35747167147067,0.0227439924503216,0.00874271666089055,0.0036222097595085,0.00780669296108491,0.00175715884853728,0.00388821926656541,0.00763823537304148,0.00013913073909734,0,0,0.000275154004536298,0,0.00081360068271843,0,0,6.47764359463406e-05,0.000300949193033913,2.83231805859616e-05,0.0062323968022148,0.000125378574230544,3.6975642633898e-05,0,0,0.000241716576458956,0,0.00945959919836312,0,0,0,0,0.00184220800796752,0.00953298810636727,0.00144225960536676,0.00948285219412125,0.000259031642898568,0.000125816900105669,0.00652586593431539,0.00379077371026801,0.00108070458138961,0.00201702309975726,0,0,0.000713455653674704,0.00236638152193551,0.0005754103171416
0.00141908452739927,0.000393707168185619,0.000374672843194151,0,0,0.0451567094903056,0.0482194639807935,0.0214895228108822,0.750926511016127,2.1771914139073,0.000180273023162824,0.642522111844739,0.00018745957825703,0.00633422405505982,0.0476639258546443,9.94484741925613e-05,0,0,0,20.3703280295365,0.000283902018435416,0.00161998570427375,4.7292444974421e-05,1.4597399779259,9.77257770268984e-05,8.87332612057108e-05,0.000311474649625799,2.53814837142799,0.00480832722458489,0.000223025451131509,0,0.00162328539209507,0.00106400955678074,0.0050443379166157,0.000355999288006514,0.0180825525350754,0.00263345778944535,0.0187994132821663,0.0179299221278752,0.116603538826584,0.0184889716813054,0,0.00281696458824697,0.000659236504088989,0.00407883109406786,0.00339149077257711,0.0190570922796857,0,0,0.00356587443817567,0.000184432099551629,0,0.676173536707404,0,0.00335163368294066,0.00230744289690515,0.00415643573367434,0.18020171864804,0.0180217449970943,0,0.0251907831723535,0,0.00542372454932232,0.00279357774710251,0,0.000402389107499485,0,0,0.742066828978594,0.000388670798532652,0,0.000115768364088633,0.10805969641304,0,0,0.000155020618482566,0.033470647134174,0.00610734066688516,0.000159657464617669,0,0,0,0.00461882450563408,1.91431198514118e-05
0,0,0,0,0,0.741287237586476,5.21929514229465e-05,0.131488296991784,0,0.000172901501471101,0.00170412182342261,0.000125330110990182,0,0.000301735798732203,0.00263486404293929,0,0,0,0,0,7.46110564211165e-05,0,0,0.000166504316232975,0,0,3.33117428231735e-05,3.6724780744176e-05,0.0364537908740173,0.000152396006353733,0,3.88487735430509,0,0.355526084380335,0.00220776925602014,0,9.27329527475916e-05,0.00561979144160226,0.000140309600007056,0.336340282886019,3.82923330612428,0,0,0,0,0,0,0,0,0,0,0,0,0,0,0,0,0,0,0,0,0,0,0,0,0,0,0,0,0,0,0,0,0,0,0,0,0,0,0,0,0,0,0.000189348827695445
0.0259530661023441,0.000311629037629458,0.0126798479259109,0.0451567094903056,0.741287237586476,0,0.347706796441248,2.55462950928522,0.0878894961658603,2.68507316350589,0.00023122606714397,2.18200040306088,0.000605963953432998,0.114782599616708,0.322916675102787,0.000442226366114172,0.00363493129580413,0,0.000627793837099037,0.37651035492809,0.00508209008450491,0.00184988484260413,0.00408636266013383,0.118036334053018,0.000177011834587028,0.00509137279138686,0.00352317181136682,0.151862655528437,0.0384159409379449,0.0300783130113761,0,0.695362041903007,0.00189141066680005,0.121729658260574,0.00834037244777654,0.0161431064703297,0.00592582888299759,0.0394710811001232,0.0112721230227421,0.641819408333977,0.155565583375952,0.000107975003195711,0.00471230856466952,0.00119020398878501,0.00480594177746399,0.00402663894491442,0.00543795274991596,0.000900971358463161,0,0.0023779830529635,6.89142969647538e-05,0.000189917624400062,0.0105710669877508,0,0.00124410090442648,0.00252486013835954,0.00406879037837783,0.0321126293361121,0.00908061765268596,2.90671310181406e-05,0.0023807552980677,0,0.00511833727141672,0,0.000504816145495243,0,0,0,0.00318993274552865,0.000369035420303622,4.35801819662924e-05,0.00068444168319163,0.072524288991421,0.000195056915198111,9.14002372976659e-05,0.000168886161054296,0.0234970414266219,0.0111713663059929,0.00103228003499173,0,0.000134377842479594,0.00160643311477584,0.0106769820768955,7.42392174243357e-05
0.712698598636616,0.0104191892963532,0.195678867627015,0.0482194639807935,5.21929514229465e-05,0.347706796441248,0,0.90179118977236,0.265525558973335,1.83083806630152,0.00244888665340216,0.0269412421446207,0.0031611605229082,1.49984734460862,0.00520182443664636,0.0165211744404979,0.0250795183438429,0,0.00404800785254015,0.0280867942032139,0.140737866385732,0.0345828667069023,0.0939510032604274,0.404844713570945,0.00440872231321908,0.0504676395735902,0.0875012796913673,4.00555619516944,0.172327182980594,1.47069513393982,0.000259129565600856,0.00956616814841273,0.029276869514254,0.115251878609229,0.00700174079742875,0.275000635348329,0.0759350563053248,0.324773452522793,0.285041281863503,0.246438321455866,0.110898010250081,0.00349631832416515,0.0193411371918332,0.00453619069568047,0.0149143875297125,0.0160118868367355,0.00420669671860061,0.000649044540421505,0,0.00453255850845456,0.000153220333464873,0.000532169139873132,0.0131906382267283,0,0.00312592276719966,0.00415558226074485,0.00595457005574065,0.0431189561419049,0.0108548421085958,0.000251720475933665,0.00208284228997481,0,0.00682822852088041,0.000315298637015154,0.00764794105795756,0,3.01402245285239e-05,3.48879432483112e-05,0.00450397221987362,0.00157438872739199,0.000745524803264495,0.00341999705104037,0.102523358453738,0.000584462614848374,0.000320866828459094,0.00236545882726401,0.0380502705681321,0.0212813375133793,0.00394772442813469,0,0,0.00378552737891415,0.0185072154380817,0.000986989806650497
0.392642405451446,0.00238546144933065,0.125914116507723,0.0214895228108822,0.131488296991784,2.55462950928522,0.90179118977236,0,0.0645486368432513,0.615177898224802,0.00119575452978921,0.131778774969387,0.00034247061453914,3.00096941085187,0.0691085333825126,0.00200023953458711,0.033718094558891,0,0.00446272499333759,0.169118523153858,0.0448427263622601,0.00878994954160361,0.0385627925874829,0.123206266668916,0.00136643642823401,0.0447320828252302,0.0197954822778167,0.224640585871425,0.14389911783012,0.31251647842119,0.000180212886570993,0.20595902073904,0.00864099627559556,0.0731464195852726,0.00123897172284284,0.0386157190608624,0.0258102011240915,0.0724139473018657,0.0388880513279509,0.243953938273349,0.0243591668951397,0.000381359339584018,0.0154558070961158,0.00409438516403196,0.0136935784480936,0.00809880658170762,0.00327389254964261,0.00061708906104723,0,0.00357293295499653,0.00023952413321033,0.000263947993941441,0.00614112283304696,0,0.00128451661953955,0.00315178514680294,0.00417289530323647,0.0173552851648567,0.00466116838578173,3.92457755606962e-05,0.00116597002291744,0.000111338974881437,0.00688836660155774,0.000115427240222166,0.00154647392390844,0,0,0,0.002731718383684,0.000758184313874725,0.000329050636822976,0.0014266961271576,0.0891948820492466,0.000293397204963183,9.98684059486373e-05,0.000498354840065648,0.0317153140027222,0.0210964637263585,0.0034806610951758,0,0,0.00447379856272074,0.0222136937610858,0.000273357167143592
0.0185493179558129,0.431820418068412,0.0328267446611833,0.750926511016127,0,0.0878894961658603,0.265525558973335,0.0645486368432513,0,0.386327741871726,0.000910289428156903,0.871544792852907,0.010222591925942,0.0253847174988324,0.959724170243546,0.0249291407449906,0.00558826520723296,0,0.00154616742890987,1.0012942558077,0.0331420530096808,2.43642942127246,0.0188879982852541,4.74488931118774,0.187725096661228,0.00530925152295064,0.0438402497948533,0.547845245126691,0.0317103405416914,0.179609923169435,0,0.00116255155953406,0.0313891211226806,0.0162804769679324,0.00179006745848759,0.186057463255419,0.187957732963267,0.0699973703541499,0.0973352332103765,0.713069953582716,0.0248720368014823,0.0201363667002918,0.0461931263302475,0.0150043659318082,0.0527707012964758,0.0468345714184861,0.0482275735674668,0.00241853843475202,0.00832315927222782,0.0141148182614298,0.16104480013159,0.00404059866342897,0.065867163871411,0,0.00535061124111751,0.00821982205097107,0.0112643443955413,1.13112238498823,0.0313865167045348,0.000440077606403512,0.0381565556309482,0.00340693985842426,0.0161521106362876,0.0139488757322785,0.105144260946734,0.00113628812765674,0,0.000226573967144032,0.0329802605407834,0.010451085308118,0.125875048526446,0.0088871615046916,0.403077030905676,0.139511687188956,0.00571328978338767,0.036304446676112,0.0967786726231149,0.045853966389458,0.0166711584621699,0,0,0.0288873085161447,0.0540000346938478,0.00042810509608999
0.00643367089650953,0.000941106263386544,0.00188916969582243,2.1771914139073,0.000172901501471101,2.68507316350589,1.83083806630152,0.615177898224802,0.386327741871726,0,0.00098319868624069,2.23534672724802,0.00118356430215861,0.140528805446969,0.024064883712406,0.00135804974361259,0.000425183100559923,0,0.000311070401875095,4.98157337454104,0.0030482472462105,0.00225351656928519,0.00160972083777876,0.353547187458344,0.000531890561379313,0.000845405519668756,0.00327912023517668,1.35661684111613,0.0493684265465163,0.00369653812004805,8.33730892376566e-05,0.00675938745242934,0.00317979962863937,0.0548168501801382,0.00164620285599569,0.10158925037496,0.0168937525481891,0.142577904200979,0.0945264956419744,0.342175146779044,0.063792739321156,0.00106861953038907,0.0107128080980531,0.00231686708794679,0.00614685415904325,0.00624227239949196,0.013561321185793,0.000256232725957529,0,0.00254732319342361,7.30786637795043e-05,0.000172177354737752,0.0320599745388759,0,0.00514396565213013,0.00511931081021699,0.00839023369772419,0.123507908909336,0.0212272440666451,0,0.0117669038054844,0,0.00749057583709097,0.00140346472112759,0.0013533013319054,0,0,0,0.0127344879912312,0.000829925674540563,0.0004003877319527,0.00127486506780066,0.143847985287812,3.63299548679602e-05,0.000125322542391677,0.000464383202573688,0.0524903830839525,0.0112603881460273,0.000871811747045075,0,0,0.00221664418479859,0.00945651480008857,0.000282307633538206
0.00192774696632334,0.00728149191451049,0.00199727081291885,0.000180273023162824,0.00170412182342261,0.00023122606714397,0.00244888665340216,0.00119575452978921,0.000910289428156903,0.00098319868624069,0,5.49495770468811e-05,1.36779955458572,0.00246200320614286,0,0.000217489917118584,0.000350734254648164,0,1.96090929989509,0.000936066729600162,0.000671336287198989,0.000522414137997952,0.00358617944713056,0.000704813504472403,0.379722986887802,0.163400033611755,0.126897227675882,0.00104143311644722,0.0740778051171956,0.00127124294804608,0.02220772879401,0.106442220413824,0.00460849061376572,1.05301463226357,7.86006226768033e-05,0.0157874386219443,1.01463352012871,2.54329170125336,0.127764260513638,0.00133271551209509,0.00217868874301254,0.219285711523092,0.000996044167282224,0.00450444894690983,5.0201004542969e-05,0,0,0,0.000933932880517949,0,0,0,0,0,0,0,0,0,0,0.00183148209148415,0,0.00452296156107653,0,0,0,0,0,0.000334311368675457,0,0,0,0,0.000113001147561669,0.00940537056452467,0.00396841766555256,0.00269671623354879,0.000153722744565554,1.6340336835962e-05,3.5682028483669e-05,0,0,0,3.85355857466813e-05,0
0.00146241220558759,0.000381148431870489,0.000145796820856487,0.642522111844739,0.000125330110990182,2.18200040306088,0.0269412421446207,0.131778774969387,0.871544792852907,2.23534672724802,5.49495770468811e-05,0,7.5548877452133e-05,0.0179310387943865,1.20541023659928,0,4.71181814043606e-05,0,0.000247040302258804,13.3033125021316,0.000263344273923752,0.000805588974175063,2.8318814134877e-05,0.583359597071069,0.000163640413967346,0.000305104150690377,0.000491960881082747,0.146934845501342,0.0105498936496413,0.000791103442160754,0,0.0026700549213812,0,0.0182006097007569,0.00112772920761932,0.0118958838984842,0.00172158234059168,0.0419501707032905,0.0131231514895522,1.57309987740896,0.0180211934251485,0,0.00230245728765757,0,0.00152704801437811,0.00109636123109277,0.0128278125604918,0,0,0.00075948125194191,0.000206767740535105,0,0.0143203603803243,0,0.0087415145094074,0.000686964120845098,0.00283993909869741,0.0631766658666765,0.00690071634502461,0,0.206863387765237,0,0.001265668785871,0.00176946300006008,4.60649777454557e-05,0,0,0,0.0738264221754713,0,0,0.00014756784766813,0.0260166539618912,0,0,0,0.00911632080306336,0.00289820222139874,0.000398927643873725,0,0,8.87065250300368e-05,0.0027541057902339,1.57876259391414e-05
0.00113697184532045,0.0831128083996997,0.00613033740449847,0.00018745957825703,0,0.000605963953432998,0.0031611605229082,0.00034247061453914,0.010222591925942,0.00118356430215861,1.36779955458572,7.5548877452133e-05,0,0.00108946303751421,0,0.00365603299191757,0.00121230234723077,0,0.044150399971063,0.000498525457511673,0.00583766954381548,0.0126921382434889,0.0180704215669401,0.00545293998568993,6.25157230650926,0.622814343509247,0.705654772167496,0.00361099060243378,0.0014841615731949,0.00198199555061983,0.17290169228962,0.000356914231696877,0.00189906280478243,0.0569487857643563,0.00179969531733579,0.933894163102457,1.60912054008249,1.42101880640278,0.562756945746795,0.00897838050437906,0.00293900692657233,3.90139154447749,0.0618253447432198,0.0473469003170183,0.00324609254958981,0.00294897731707393,0,0,0.011711024360554,0,0.00975589511133456,0,0,0,8.04151058297906e-05,0,0,0.000447575339448314,0,0.0218961354676181,0,0.132628554421976,0,0,0.000386438770931132,0,0,0.00554516671265205,0,2.87108728794921e-05,0.00166295374419283,0.000169393057322646,0.00148833909380235,0.100040109797437,0.0445958677925046,0.037094913249276,0.000118968123669041,7.37786353954164e-05,0,0.00142687106847244,0,0,0.000657901947887863,0.000113171879232748
3.22175918122809,0.00154916336081678,0.131099278287116,0.00633422405505982,0.000301735798732203,0.114782599616708,1.49984734460862,3.00096941085187,0.0253847174988324,0.140528805446969,0.00246200320614286,0.0179310387943865,0.00108946303751421,0,0.00181117243889298,0.00187180625862057,0.0406723533571623,0,0.00764190645245226,0.0488750455716934,0.0517752502017795,0.00331036200036651,0.0416488105655048,0.0441741313402156,0.000501287801916474,0.0479018218917378,0.019646970832209,0.132988416676911,1.94597770399437,0.505519255628257,6.25671281152605e-05,0.125045179024479,0.00791595095954428,0.148994858776705,0.000927327241537663,0.0318305236735141,0.0206931618003642,0.144197493280526,0.0374244232560074,0.109217772777032,0.0425286111595249,0.000308021385390136,0.00629096542361928,0.00186376366958808,0.0057850928674199,0.00482295301418871,0.000580942792799254,0.00024128920065444,0,0.000888714302528287,0,0.000214035571199714,0.00176517594717959,0,0.000768742308438843,0.000718240294735172,0.00158237632278999,0.00700169629486863,0.00137386432058601,0,0.000162828905172248,0,0.00235851667567134,0.000140026128216762,0.000548893072612718,0,0,4.09749380030514e-05,0.000684728594418147,0.000666849723577089,7.06508251792043e-05,0.000802486545482014,0.0221976842556543,3.6935283695548e-05,5.13117766067391e-05,0.000331390634642092,0.0114875119900833,0.0065968067386935,0.00116489278087888,0,0,0.00184233549246007,0.00826207289578882,0.000226715685476519
0,0.00134786170492036,0.00012653391881944,0.0476639258546443,0.00263486404293929,0.322916675102787,0.00520182443664636,0.0691085333825126,0.959724170243546,0.024064883712406,0,1.20541023659928,0,0.00181117243889298,0,0.000717575578120699,0,0,0,0.13645232144513,0.000284269082873548,0.0054120844183165,3.96865150648117e-05,0.0997992615907926,0.000483629733250828,4.68633448945299e-05,0,0.0128893468184398,3.45167398772364e-05,5.97299759691784e-05,0,0,0,0.000376285843262698,0.0417094534322925,0.00110727487826539,0.000399024523027734,0.0015397859988843,0,2.93640550535796,0.00489074607285416,0,0.000321130416582729,0.00110615232484281,0.000521851983408117,0,0,0,0,0.000122432028603201,0.00019716435156375,0,0.000682434002501433,0.00020821934467527,0,0,0,0.0121367542342967,0.000680648859002374,0,0.000744722592707246,0,0,0,0.000214417677303487,0,0,0,0,0,0,0,0.000868597527727669,0,0,0.000136918742385104,0.000443385837386262,0,0,0,0,0,0.000113864261993752,0.00114201607540321
0.000738947840964996,0.362813464415929,0.00862766803982577,9.94484741925613e-05,0,0.000442226366114172,0.0165211744404979,0.00200023953458711,0.0249291407449906,0.00135804974361259,0.000217489917118584,0,0.00365603299191757,0.00187180625862057,0.000717575578120699,0,0.0100460324542329,0,0.00179892113708852,0.000161588751984507,1.35256829183373,2.79123003147308,1.91027245837012,2.06711146713864,0.0910910460800462,0.00193709250564738,1.50871015524589,0.852170805591205,0.00418171785313871,0.0563866486878904,0,0.000330764906926906,0.00428263123874752,0.0108983465379885,0.00458284012780423,0.35978611237399,0.372628722619134,0.0643597648124421,0.188386714999452,0.0349053962437075,0.00523990308040423,0.00803019320040524,0.0193017934021871,0.00420975337038646,0.0108828432883214,0.0259567418704335,0.0010385137504127,0,0.000230729755445719,0.000102197043850998,0.0112328692156169,0.00261870316003813,0.000118592803556456,0,0.000367786773531616,7.43107864670045e-05,0.000195546827860267,0.0095048126934985,0.000155499559429449,0,0,0.000159975887757192,4.8726502250272e-05,0.000230045328617048,1.07676182018569,0.000217385183256091,0,0,0,0.0166982862810559,0.0499286761193049,0.0713219177783333,0.0272944192969425,0.0148817380727197,0.00123076795130589,0.0412846132653679,0.00975739523484999,0.000921705375280078,0.00210665576320855,0,0,0.000397438124388055,0.00263397589172143,0.000563749026441814
0.0568124468063571,0.014892062987484,1.74976369522752,0,0,0.00363493129580413,0.0250795183438429,0.033718094558891,0.00558826520723296,0.000425183100559923,0.000350734254648164,4.71181814043606e-05,0.00121230234723077,0.0406723533571623,0,0.0100460324542329,0,0,2.33510822239375,0.000651300029793547,0.454063293130817,0.0110910018356664,1.85790934299431,0.00283458519096209,0.0012001266688549,1.52494736531248,0.648283599402339,0.0208208697197904,0.103679637756244,0.295811867537384,0.00052291916849498,0.000774804602511822,0.0113711891085379,0.317598947720758,0.000330283148101442,0.0115147071444965,0.479531299270741,0.0664698395045287,0.0218628885413103,0.00309418070873105,0.00294195458960779,0.000393793350679517,0.000910898017254984,0.000234150945369507,0.000553192248140751,0.00114045747286781,0,0,0,0,0.000474045506413848,0.000549881733364615,0,0,0,0,0.000127325493851233,0.00134153585059382,0,0,0,0,0,0,0.00473358414624732,0,0,0,0,0.000622017123682915,0.0026694428677731,0.000142033084768913,0.0025647030110301,0,0,0.00208885998628143,0.000403290602118928,0.000412102443314063,0.000340696045619185,0,0,0.000181830579022367,0.000460418468849644,1.86700064016953e-05
0,0,0,0,0,0,0,0,0,0,0,0,0,0,0,0,0,0,0.755441608574493,0,0,0,0,0,0,0.0890591193581591,0.000219237840560736,0,0,0,0,0,0,0,0,0,0,0.000835203775100928,0,0,0,0,0,0,0,0,0,0,0,0,0,0,0,0,0,0,0,0,0,0,0,0,0,0,0,0,0,0,0,0,0,0,0,0,0,0,0,0,0,0,0,0,0,0
0.00915083942788376,0.00674811104876855,0.162390630550286,0,0,0.000627793837099037,0.00404800785254015,0.00446272499333759,0.00154616742890987,0.000311070401875095,1.96090929989509,0.000247040302258804,0.044150399971063,0.00764190645245226,0,0.00179892113708852,2.33510822239375,0.755441608574493,0,0.000730158478326904,0.0127627862238901,0.00301316651838381,0.0399640237335116,0.00163037462789988,0.167325012649401,4.92064857319727,0.417693769419451,0.00295345289444133,0.00488556689658281,0.0236490157716272,0.0215361051722076,0,0.00310016417081487,0.397030218356535,0.000158314449352735,0.0379266829144355,0.735095114742836,0.807788559924641,0.0790522181117916,0.00188498761536825,0.00217460796298283,0.00523237623149273,0.000411807551363688,0.00038563900981309,0.000157429513317725,0.000387843843288053,0,0,0,0.000102264693007934,0.00162702216958643,0,0,0,0,0,3.44730783127583e-05,0.000118912489174745,5.16321601904905e-05,0.00120098100284915,0,0.00194412895753132,0,0,0.000663418178208249,0,0,0,0,3.81345822660084e-05,0.000262538935708205,0,0.000365828924457301,0.0115186032845665,0.00285705857243865,0.00334609063177246,0,0,0,0,0,0,4.17438900054811e-05,0
0.00769055145828678,0.00132470158390524,0.000623075741583786,20.3703280295365,0,0.37651035492809,0.0280867942032139,0.169118523153858,1.0012942558077,4.98157337454104,0.000936066729600162,13.3033125021316,0.000498525457511673,0.0488750455716934,0.13645232144513,0.000161588751984507,0.000651300029793547,0,0.000730158478326904,0,0.00109538903768808,0.00024040244377846,0.000702474239372654,1.41861549462159,0.000178793695609929,0.000330912535840481,0.0010851215984672,0.99811418910978,0.0247149535448514,0.00163031664346767,0,0.0101946031313576,0.00448694642184387,0.0416567225729299,0.000363954564027469,0.0770856307239679,0.0122528473511165,0.130821805859625,0.0889734769301842,0.885791950297322,0.0946985667260625,0.000295945638048946,0.00470182737205182,0.00212069928943344,0.00787882611862794,0.00509497972208356,0.033139778832303,0.00180169269715966,0,0.0051704633051863,0,0.000137827319303761,0.0595311119750089,0,0.00428061010183572,0.00396180312800785,0.00525895761807144,0.350242089188062,0.0275673666367262,0,0.0195880603616941,0,0.00773871248571844,0.00180662522773985,0.000655239119438706,0,0,0,0.0167918826624371,0.000202193259129509,0,0.000579250452988095,0.156054315103625,0,0,7.61503324637696e-05,0.0484730275299021,0.00922495530930943,0.000412937648807787,0,0,0.00199808772498141,0.0102726599328131,2.60601097537803e-05
0.0396699138713839,0.0176407964338977,0.597342504589314,0.000283902018435416,7.46110564211165e-05,0.00508209008450491,0.140737866385732,0.0448427263622601,0.0331420530096808,0.0030482472462105,0.000671336287198989,0.000263344273923752,0.00583766954381548,0.0517752502017795,0.000284269082873548,1.35256829183373,0.454063293130817,0,0.0127627862238901,0.00109538903768808,0,0.163921649194954,6.78987938567611,0.302127102255275,0.0080951539678741,0.0775530960503532,0.178088819378641,1.43884128229984,0.0967976163993425,3.69475514782436,0.000172252021086283,0.00104199705263111,0.238109524237938,0.726765624104704,0.0253894708664066,0.754027637814592,0.601134099832278,0.830597235739047,0.780070489865884,0.0834143101652516,0.0355754064161037,0.0135674649818842,0.0445310220418968,0.00997451452224959,0.0162363793573055,0.0475389409717925,0.00132762906330622,0.000204799365338848,0.000257385762721413,0.000468075487073454,0.000691561840177575,0.00284599473982229,0.000168514394327773,0,3.2902815593391e-05,0.000471315026075102,7.9058046342311e-05,0.00913223380164336,0.00020606770395965,0.000134541268566567,0,0.000158457316605319,0.000482506719204754,0,0.0871592509718983,0.000301809308252116,0,0.000125917327685106,5.28305246890546e-05,0.0154933515046833,0.010097989226864,0.0143368229209508,0.0270749544589482,0.00140876245758414,0.000615517735572145,0.00431936213297771,0.0143221896800523,0.00237464518832998,0.00520917756684976,0,0,0.00073342207157616,0.00493677373868633,0.00282810525682824
0.00428901677125557,2.43418535083636,0.0364722811108745,0.00161998570427375,0,0.00184988484260413,0.0345828667069023,0.00878994954160361,2.43642942127246,0.00225351656928519,0.000522414137997952,0.000805588974175063,0.0126921382434889,0.00331036200036651,0.0054120844183165,2.79123003147308,0.0110910018356664,0,0.00301316651838381,0.00024040244377846,0.163921649194954,0,0.363396163127974,2.7867213867545,0.319682973238433,0.00815275132609827,0.851902087731347,0.234762865488194,0.00761017797090679,0.0937868010217271,0.000252296453446405,0.000277398012484692,0.00810236153427722,0.0107106246322808,0.00111838403529708,0.0870773332588127,0.0908078684794272,0.0292113529425907,0.0592482925406985,0.0155376315595311,0.00486124000054745,0.00980626320301443,0.0239680624791142,0.0127356767077802,0.0190599241612693,0.0203094490658799,0.00264332016535157,0.000473420946669564,0.0123307317844607,0.000162219219529007,0.31805583831747,0.0129075197134813,0.000236445965755002,0,0.000541220524694565,0.00127619384267588,0.000756841718415149,0.0343201090609593,0.00025364895008875,0.000408491701009406,0.000316317665373378,0.00517619806327298,0.000994245434076273,0,0.47242727861004,0.00116717604512699,0,0.00015564128355102,0.000300397826960177,0.0297264062628152,0.278308188672917,0.0318452547446437,0.0507868111901777,0.287135277068858,0.0084627461372947,0.135290537682773,0.0250091090499715,0.00331246259081013,0.0109258895124282,0,0,0.00211302951596581,0.0105197937692627,0.000426108647629271
0.0266304761528142,0.0167171973487877,3.95950818040768,4.7292444974421e-05,0,0.00408636266013383,0.0939510032604274,0.0385627925874829,0.0188879982852541,0.00160972083777876,0.00358617944713056,2.8318814134877e-05,0.0180704215669401,0.0416488105655048,3.96865150648117e-05,1.91027245837012,1.85790934299431,0,0.0399640237335116,0.000702474239372654,6.78987938567611,0.363396163127974,0,0.109269815555303,0.00983444664797913,0.20507952160426,1.11439696595783,0.492971359047241,0.127347277409167,0.388646809167416,0.00044753895995353,0.000486057975392214,0.0546439124565495,0.454017848154327,0.0524336430455598,1.12879675617564,1.57857764668674,1.33573613546397,1.75649940937267,0.162120575422909,0.0399602925470603,0.0315975786431653,0.0536535820264937,0.0168752649405661,0.0180336152594893,0.0509648620064958,0.00184867774024384,5.18499978333043e-05,7.94903726244875e-05,0.000213087275593676,0.00117242468987417,0.00112655411840571,0,0,8.60732948615855e-05,0.00022501206263076,4.18922642954019e-05,0.00511861561575331,0,0.00022283437477516,0,0.00015519709111804,0.000366490350963185,0,0.15514339497509,0.00012313800273138,0,8.34258548441957e-05,0,0.00363197242525349,0.015574263534861,0.0178487660954335,0.0108815601830209,0.000352950731878975,0.000748354745696273,0.035295534337383,0.00374385721804938,0.00105433330541805,0.0018796767697568,0,0,0.000720972514285657,0.00161777325126609,0.00821745860330093
0.0127401553861581,0.417362487591378,0.00870068968036139,1.4597399779259,0.000166504316232975,0.118036334053018,0.404844713570945,0.123206266668916,4.74488931118774,0.353547187458344,0.000704813504472403,0.583359597071069,0.00545293998568993,0.0441741313402156,0.0997992615907926,2.06711146713864,0.00283458519096209,0,0.00163037462789988,1.41861549462159,0.302127102255275,2.7867213867545,0.109269815555303,0,0.197485941215011,0.00373321612859619,0.235059299037546,5.94273589475961,0.0467738482900401,0.097926961555438,5.64678594170472e-05,0.00225700682612446,0.0220507532079698,0.0308553464020459,0.00409961964683504,0.234558703180297,0.0842186762764702,0.0885162552162466,0.118431798101741,0.279570820908478,0.0352438617262929,0.00653768358112115,0.0463484571826733,0.0106492516283812,0.0399129354161517,0.0355514557454388,0.0240057518578104,0.00106201776184666,0.00137316844132151,0.0090912336324543,0.0307979918793533,0.00365305978684999,0.0363685287318514,0,0.00655274004404852,0.00941110591594634,0.0159398352655957,0.174415814396988,0.0260083115072329,0.000270382259001691,0.00770868647953695,0.000491638279095812,0.0207099131004709,0.0013240531739464,0.102986518772475,0.000583454378477868,0,0.000531966122031324,0.0131050438457856,0.0123076660215454,0.0106402161839117,0.0115542129967754,0.266784904060685,0.0471136250464155,0.00414979836402157,0.0297858497380149,0.0981441944052603,0.0507053435884231,0.0157174412869663,0,0,0.0146041834595402,0.0541673555239563,0.000576162997750147
0.000221977397579006,3.38390489514531,0.00350040176251656,9.77257770268984e-05,0,0.000177011834587028,0.00440872231321908,0.00136643642823401,0.187725096661228,0.000531890561379313,0.379722986887802,0.000163640413967346,6.25157230650926,0.000501287801916474,0.000483629733250828,0.0910910460800462,0.0012001266688549,0,0.167325012649401,0.000178793695609929,0.0080951539678741,0.319682973238433,0.00983444664797913,0.197485941215011,0,0.22879926422111,1.7753742588709,0.017579402786455,0.00108775381194495,0.00524293685320004,0.113484206796351,0.000246795670610389,0.001143327978058,0.0198445656837068,0.000170539785584979,0.062537441594432,2.95062748417822,0.623819373123717,0.446009572364501,0.00210920965252417,0.00108474844304913,4.20833214207867,0.00591160076430962,0.207298447062116,0.0118467724196208,0.00782516297274394,0,0,0.0345027002734375,0,0.116252212128408,0.000817582178367637,0,0,0,0,6.18128262379596e-05,0.00456326997730564,0,0.0605354020330268,0,0.149822131865595,0.000468810856434375,0,0.00301369590180374,0,0.000486320173744975,0.0438288248223805,0,0.000194847848092414,0.0164128302685156,0.000429099423530986,0.00215328091271948,1.02484965910468,0.217519064665262,0.238243017695046,0.000732329647864081,0.000181633092267268,0.000167238749311243,0.00292833813123249,0,0,0.000859571555002032,2.54124033533944e-05
0.0315081289485434,0.0169046526302632,2.67961652027259,8.87332612057108e-05,0,0.00509137279138686,0.0504676395735902,0.0447320828252302,0.00530925152295064,0.000845405519668756,0.163400033611755,0.000305104150690377,0.622814343509247,0.0479018218917378,4.68633448945299e-05,0.00193709250564738,1.52494736531248,0.0890591193581591,4.92064857319727,0.000330912535840481,0.0775530960503532,0.00815275132609827,0.20507952160426,0.00373321612859619,0.22879926422111,0,2.16137536848569,0.0164721132406459,0.0176861151954227,0.0930841425428889,0.0627514145020211,0.000559573013855097,0.00337238022502163,0.1136214287369,0.000622658358519798,0.0367492700892196,0.227634635813923,0.381747920092223,0.0464799214354084,0.00467495751508866,0.00206883185039246,0.00147621525614283,0.00153372083329401,0.000815735123294783,0.000969807305998792,0.00107555362325693,7.35038750650745e-05,2.78299551103346e-05,0.000132682354677043,7.39538566567159e-05,0.000616208523416328,4.61799040287807e-05,0,0,0,0,2.2318470746564e-05,0.00202443710318169,6.8664992120453e-05,7.66185940296693e-05,0,0.000693417786874416,0,0,0.00182908238703385,0,0,4.62354559881677e-05,0,0.000445404869870175,0.000181018589392925,0.000278823869382305,0.00231095887611949,0.006633339908692,0.00188554718385778,0.00282425536368834,0.000914681724778824,0.000165172878718486,0.000462509845526935,0,0,5.2314945404178e-05,0.000351524173801444,3.45566574609852e-05
0.0123703393190866,1.47168623714501,1.09181201160665,0.000311474649625799,3.33117428231735e-05,0.00352317181136682,0.0875012796913673,0.0197954822778167,0.0438402497948533,0.00327912023517668,0.126897227675882,0.000491960881082747,0.705654772167496,0.019646970832209,0,1.50871015524589,0.648283599402339,0.000219237840560736,0.417693769419451,0.0010851215984672,0.178088819378641,0.851902087731347,1.11439696595783,0.235059299037546,1.7753742588709,2.16137536848569,0,0.338389466291777,0.0191497409577031,0.0599422504564111,0.0781765251054511,0.000511975051077582,0.00491834478614593,0.325175888699335,0.0155668341045892,0.533524021172504,0.859915888581621,1.41464035764488,0.542090193799043,0.0323615973593359,0.00694603387647356,0.0120310487862918,0.0182872565911162,0.00669566730806088,0.00805789066854482,0.0147295143631324,0.000815674170562844,7.98701976007484e-05,0.00231732952792918,0.000221849485061966,0.061888424439265,0.0140431305612166,6.28008241163984e-05,2.77436030425983e-05,3.90813058480689e-05,2.24970353089235e-05,0.000188841258808511,0.00547430933945947,0.000288443790480693,0.00129030637748742,0,0.00232911122510212,0.000326515092119921,0,0.202075675512081,0.000434939002517536,0,0.000476313778267227,0,0.00173583350837331,0.0964219909356808,0.0212183745877049,0.0170666357645815,0.0532920959739873,0.0139256607177305,0.368632872819202,0.00353354134837209,0.00141686518723139,0.00134157677607723,0.0001516217480932,0,0.000567560242824929,0.00250610980069042,0.00233099585669836
0.0317316904262998,0.0400828928386009,0.0821018799162219,2.53814837142799,3.6724780744176e-05,0.151862655528437,4.00555619516944,0.224640585871425,0.547845245126691,1.35661684111613,0.00104143311644722,0.146934845501342,0.00361099060243378,0.132988416676911,0.0128893468184398,0.852170805591205,0.0208208697197904,0,0.00295345289444133,0.99811418910978,1.43884128229984,0.234762865488194,0.492971359047241,5.94273589475961,0.017579402786455,0.0164721132406459,0.338389466291777,0,0.111300911733705,1.57476327837817,3.57383391285794e-05,0.00216575679230536,0.0686747054608229,0.198834947073186,0.0166003605638509,0.578430356025545,0.177147957562531,0.342831155898853,0.379695451542816,0.203959154739731,0.0573937722895668,0.00911161699913515,0.0506410208431983,0.0106302732200223,0.0303275609348642,0.0456640662822717,0.0106566327096634,0.000906342891425076,0.000138595774915402,0.00578372988374508,0.00143973337191494,0.00270225613383448,0.0186283716522624,4.30291791782889e-05,0.00365003526958075,0.00649716621982197,0.00865721454251921,0.100772487295778,0.0171424058371664,0.00018957135731008,0.00673246124930295,3.98286605208945e-05,0.0122824001541905,0.000412641391601509,0.0535687854625106,0.000184477701795629,0,3.02039770979376e-05,0.00662332760848267,0.00912609098695226,0.00432212464603526,0.0106733050608563,0.168419714591136,0.00205984852739534,0.000816123231982598,0.0066599929566661,0.0663762236038175,0.0331491394077992,0.0151835679998233,0,0,0.0070335906977992,0.0335315025432139,0.00247705076780256
1.68366902040475,0.00194902777584861,0.0283227017313924,0.00480832722458489,0.0364537908740173,0.0384159409379449,0.172327182980594,0.14389911783012,0.0317103405416914,0.0493684265465163,0.0740778051171956,0.0105498936496413,0.0014841615731949,1.94597770399437,3.45167398772364e-05,0.00418171785313871,0.103679637756244,0,0.00488556689658281,0.0247149535448514,0.0967976163993425,0.00761017797090679,0.127347277409167,0.0467738482900401,0.00108775381194495,0.0176861151954227,0.0191497409577031,0.111300911733705,0,0.900065030824947,0.000337182244258368,1.95131432845076,3.81817673821138,2.04627345921213,0.00243471669274967,0.0670063632177925,0.0229721368922351,0.380780947920597,0.0918351367305975,0.108683775160763,0.155993199320323,0.00206737069262808,0.00769653212020667,0.00281499879217309,0.00774834657098202,0.00570630966869481,0.000955070221690885,0.000356635582211365,0,0.00132402657688603,8.02714315403102e-05,0.000321577813151238,0.000907890830299554,0,0.000247260053607198,0.00111466810465216,0.00057083644469459,0.0059645372872631,0.000964772713305885,9.02363128883511e-05,8.06703640119407e-05,0,0.0012833412362559,0,0.00240682238992668,5.25837989877147e-05,0,6.54660840807494e-05,0.000345055003159637,0.000893131764919852,0.000186126151177684,0.000997868080177702,0.0238202475771587,0.000227586687649641,0.000241422989644247,0.00050715240553482,0.0101359009961928,0.007021390632414,0.0023750317558441,0,0,0.002238786664163,0.00673864161551463,0.000227269470017774
1.81322433784809,0.013713840241116,0.371174371250178,0.000223025451131509,0.000152396006353733,0.0300783130113761,1.47069513393982,0.31251647842119,0.179609923169435,0.00369653812004805,0.00127124294804608,0.000791103442160754,0.00198199555061983,0.505519255628257,5.97299759691784e-05,0.0563866486878904,0.295811867537384,0,0.0236490157716272,0.00163031664346767,3.69475514782436,0.0937868010217271,0.388646809167416,0.097926961555438,0.00524293685320004,0.0930841425428889,0.0599422504564111,1.57476327837817,0.900065030824947,0,0.00040027687784189,0.00849547774346888,0.198533871471526,0.822761948953974,0.00484735484583979,0.189908552492589,0.123011442765354,0.271951399974538,0.203123262776555,0.0502064959878268,0.0350755562214186,0.00349242606377257,0.0246473799562569,0.00426928284505186,0.0226389401869101,0.0191959093527918,0.00116394825416566,0.000235201488220163,0.000249976002679293,0.00228960619473208,0.00111534957254637,0.000933054167200201,0.000418552461534169,0,0.00047272600738355,0.00197182847241888,0.00135616631913471,0.0349012255931601,0.00033887897989679,8.71633766134155e-05,2.91071682235089e-05,0,0.00270493614735151,9.17815468808383e-05,0.0245782655556661,0.000311292904944295,0,5.47175688972532e-05,0.000287992205979162,0.00573766078605549,0.00254105957113733,0.00475829179337832,0.0660859329041568,0.00119020606466323,0.00019825676090073,0.0013448270288852,0.026352784552573,0.0184470164448297,0.0132480045732013,0,6.48918788041801e-05,0.00723871328380815,0.0228723794722946,0.000690042370875633
0,0.000959080701910434,0.000950661986979384,0,0,0,0.000259129565600856,0.000180212886570993,0,8.33730892376566e-05,0.02220772879401,0,0.17290169228962,6.25671281152605e-05,0,0,0.00052291916849498,0,0.0215361051722076,0,0.000172252021086283,0.000252296453446405,0.00044753895995353,5.64678594170472e-05,0.113484206796351,0.0627514145020211,0.0781765251054511,3.57383391285794e-05,0.000337182244258368,0.00040027687784189,0,0,0.000402335695878156,0.008701998361931,0,0.00288227809474141,0.0386449067205953,0.059564306056446,0.0168030338067683,0,0.00156442017760128,0.0010909891342411,6.58689471827074e-05,0.000633100205269306,0,0,0,0,0,0,0,0,0,0,0,0,0,0,0,0,0,0.00043886886828488,0,0,0,0,0,0,0,0,0,0,0,0.00561079497804716,0.000474383423312569,0.000165908003159392,0,0,0,0,0,0,0,0
