0,0.00130725333145184,0.0437596762835624,0,0.00169919590446849,0.00424184113713171,2.13188354946993,0.310588999500403,0.000515430050451499,0.0256756332086513,0.00190361371647855,0,0,2.24280729552563,0.00110992483212043,0.00209892397072677,0.0869487312392647,0,0.00587095940202363,0.00250987678413481,0.0576580151707274,0.000401113393936436,0.110716089048524,0.0017473561342023,0.000381860519329764,0.00674344052957646,0.00912996216507454,0.0292503286505932,0.720884034868737,0.414281962325939,0.000233376681011425,0.00395839757914507,0.0257172017437643,0.101109236255953,0.000188041403105043,0.0134831528839823,0.00872890095126986,0.133180013485276,0.0448077132487321,0.00062060232077087,0.0073377336114474,0.000232646650037849,6.20958637351683e-05,0,0,0,0,0,0,0,0,0,0,0,0,0,0,0,0,0,0,0,0,0,0.000153908831807084,0,0,0,0,8.63037870840757e-05,0.00068329554699462,0,0.000196327491665291,0.000437450492088307,4.34884643283695e-05,0.000162070914231753,0.000245302339530829,0,0,0,0,0,0,0
0.00130725333145184,0,0.0326836784339471,0,0,0,0.000162069546446623,0.000144421815842131,0.111019634159099,0,0.0346529283334461,0,0.0335962896856277,0.000299336676151209,0,0.121826698374956,0.0657081722458508,0.00355027546615141,0.0246371936701492,0,0.000380333538818159,1.76710602410755,0.00302815875379353,0.0799039164645012,1.70061763022916,0.0614636739787028,0.868857392828638,0.00260566856370568,0.000220915457996025,0.000975225011718814,0.0566328436552303,0,0,0.032049683076411,0.000256283653048374,0.0297458510509294,0.0658864444154799,0.149280880633724,0.0620512643774415,0.000263422590759503,0.000640176850153384,0.00357984889828496,0.00218532506019914,0.0160561663991473,0.0224389330495393,0.0105958195145464,0.000171706514292044,0,0,0,0.961546622843656,0.0106758225646772,0,0,0,0,0,0.00516361831645333,0,0.00309747784065122,0,0.00457196661359451,7.61986231474351e-05,0,0.0101572635103864,0.00930914890774049,0.00269284895966978,0.00854679467443228,0,0.000604787011203707,0.17936940174199,0.00212561983007985,0.00355387040295339,0.0601444408445748,0.0352981501994414,0.163882218375368,0.000344114661861722,0,0,0.00224272786795504,0,0,0.00681762828883143,0.000303210686099423
0.0437596762835624,0.0326836784339471,0,0,0,0,0.0325276698333844,0.00116385794112709,0.00076577234924639,0.000241238664825283,7.27957552889239e-05,0,0,0.0149232687887169,0,0.0130802589505432,1.84089214192639,0.000132433803667387,0.0224314074013988,0,0.0893564522893498,0.00608914703630076,4.8076068606084,0.00786089275196802,0.00024172985247647,1.65662192399679,2.90784030775642,0.0826003260962539,0.00542626212065391,0.0558078117457306,0.000120543226946442,0.00010169250212394,0.000845538605275364,0.0513926240122056,0.000823129774549019,0.0501561835660298,0.166393788440321,0.161687436226625,0.0597506728443876,0.00170018948649445,0.000393301188468434,0,0.00014982553978048,0.000125275594095031,0.000587409090271091,5.93966152858325e-05,0,0,0,0,0.00517556569957959,0.000110558754833227,0,0,0,4.15006228144743e-05,0,0.000288651511246658,0,0,0,0,0,0,0.000271483392007894,8.72630606639831e-05,0,0.000298289334154021,0,0.000167279350873359,0.00388220243974892,0.000332134184516205,0.000300344294928992,6.71167549810689e-05,0.000454017918689375,0.00622113254529218,6.98040475865525e-05,0,0,0,0,0,0,0.000299561646600673
0,0,0,0,0,0,0.00463927708433447,0,0.110061977774796,0.427937212314057,0,0.509225112758302,0,0.000208395532728957,0,0,0,0,0,8.40364921104577,0,0,0,4.92626168946728,0,0,0,3.44565581791952,0,0,0,0,0,0,0,0,0,0,0,0,0,0,0,0,0,0,0.000179141916843631,0,0,0,0,0,0.167591392114181,0,0,0,0,0,0,0,0.0161426988957484,0,0,0,0,0,0,0,0.0707370148995813,0,0,0,0.00101995268310649,0,0,0,0.000159671465586708,0,0,0,0,0,0,0
0.00169919590446849,0,0,0,0,0.73355326664144,0.000269853925591706,0.0489006411644715,0,0.000178673836428122,0.00299155960312962,0,8.11132697656155e-05,0.00701052658414493,0.00170887204282044,0,0,0,0,0,0.000155350161417027,0,0.000158529048111518,0,0.000342886209188188,0.000336674626477556,6.07654929964674e-05,5.17228835667893e-05,0.062271721081984,0,0.00033139719921832,2.50654900976149,0.000385245275760355,0.305878184132543,3.20644893951848e-05,0.00426267680232636,0.000793312721440804,0.0599585187992963,0.0143880965838464,0.54695899184928,2.78280285842917,0.000856357262830114,0,0,0,0,0,0,0,0,0,0,0,0,0,0,0,0,0,0,0,0,0,0,0,0,0,0,0,0,0,0,0,0,3.25336248344892e-05,3.82469925935406e-05,0,0,0,0,0,0,0,0
0.00424184113713171,0,0,0,0.73355326664144,0,0.074048925598942,3.34564677563772,0,0.751421922055161,0.00131387266926953,1.22048202217608,0,0.0304875520011259,2.25142143397276,0,0,0,0,0.0303102211422803,0.000273283874119259,0,0.000106712891132694,0.000250528496564983,6.24413352686912e-05,2.2950630949512e-05,0.000153712841797492,0.020815575368434,0.0947296442646228,7.91211277437875e-05,0,0.251496994765118,0.000334110596890143,0.0336276298190431,0.321415319650408,0.00591338545256723,0.000150558486520368,0.0320926936504144,0.0103115790060529,0.821472402354081,0.118067519589863,0.000111439033390091,7.91898509700821e-05,8.65081176308451e-05,0,0.000547950984681651,0,0,0,0,0,0,0,0,0,0,0,0,0,0,0,0,0,0,0,0,0,0,0,0,0,0,0,0,0,5.40879884657237e-05,0,0,0,0,0,0,0,0.000569366491832917
2.13188354946993,0.000162069546446623,0.0325276698333844,0.00463927708433447,0.000269853925591706,0.074048925598942,0,0.0745179692846837,0.00277185935443696,4.02023514416603,0.000482048353160708,0,0,1.04561134085831,0.000150208385572411,0.000579447869132874,0.01505146435533,0,0.000533282173953539,0.00264645055644228,0.165032449921953,0.000668054691956746,0.132674615083177,0.0807384698100563,8.29519805976356e-05,0.00175778033892748,0.0073459498876133,6.18416136896291,0.0682777577427468,1.57740928540211,0,0.000620641814949542,0.00720974597346937,0.0352484570025155,0.000124883435006298,0.00965092071587246,0.00340248577575332,0.0332773125445959,0.0126799996386782,0.000320632474650646,0.00141704110530178,0,0.000114181977470047,0,0,0,0.000121704311473912,0,0,0,0,0,0,0,0,0,0,0.000902675225730013,0,0,0,0,0,0,0.000129930223120324,0,0,0,0,0.000213166058982672,0.000383132251150365,0,0.00198504814612132,8.7094660047856e-05,0,0.000121670566495573,0.000232677566296375,0,0,0,0,0,0,0
0.310588999500403,0.000144421815842131,0.00116385794112709,0,0.0489006411644715,3.34564677563772,0.0745179692846837,0,0,0.929120324624047,0.00646561079568445,0.0154756447886682,5.65321988127555e-05,2.65912198500979,0.0671244338599691,9.25061094976297e-05,0.00312608631582798,7.16729969570573e-05,0.000312212717506533,0.000553790714117423,0.00285215227420188,9.32647223145658e-05,0.0063342781846985,0.000384303382187536,0.00116000782318856,0.000834943492245278,0.00111300733917092,0.00524371576506488,0.42871747294954,0.00746805024470021,0.000106302351152102,0.0911262186645782,0.00152485935933504,0.137796133243689,0.00204008313299334,0.00897834441754279,0.00246034956237123,0.0810858226011665,0.0125959249068934,0.0841258784850373,0.090720445607012,0.000669863417056899,0,0,0,6.41959044775484e-05,0,0,0,0,0,0,0,0,0,0,0,0,0,0,0,0,0,0,0,0,0,0,0,0,0,0,0,8.22820247791049e-05,4.36762400181818e-05,2.36814778255532e-05,3.1711911900794e-05,0,0,0,0,0,0,0
0.000515430050451499,0.111019634159099,0.00076577234924639,0.110061977774796,0,0,0.00277185935443696,0,0,0.00126543001719005,0.00187921039465998,1.48754606176511,0.00184247070429748,0.000364180958113318,0.347516279558857,0.0592189238645393,0.00351139240009716,0.000437693368403044,0.00131319745681042,0.315959101515468,0.00475971288989979,1.71851464610576,0.00227694449549593,5.54045588577655,0.0309837438793601,0.00508322875543733,0.0454322480615771,0.098086825813486,3.75837649365753e-05,0.00296809135580866,0.00200884076953408,0,0.000584276649817353,0.00672862694852598,0.00808966752847912,0.0773112721751544,0.0230868132900332,0.0262791063273636,0.0110748586895559,1.44393239884316,0,0.00122573518400466,0.00228540126196603,0.0015223746368418,0.0054735934464022,0.00309944114065423,0.0075290786399334,0,0,0.000276388123050903,0.0109032727122459,0.000218587515975552,0,0,0,0.00335779091904913,0.000142668069818662,0.658353269235892,0.000374431192631221,0,0.00274270953501468,0,0,0,0.0274332646346337,0,0,0,0,0.00825688329478716,0.131935669748898,0.00497447474271413,0.112476450434287,0.00181807547988598,0.000622539459961005,0.00336951996366791,0.0270591695775757,9.55733103547886e-05,0.00237094239628011,0,0,0,0.00132262410638879,0.00328382174520752
0.0256756332086513,0,0.000241238664825283,0.427937212314057,0.000178673836428122,0.751421922055161,4.02023514416603,0.929120324624047,0.00126543001719005,0,0.000198623274786621,0.632387327362438,0,0.409899295402911,0,0,7.35585650166182e-05,0,6.41523741378072e-05,2.03953746912227,0.000244766752381251,6.48548814187648e-05,0.000724034884699481,0.0114820135479718,0,6.49655872957244e-05,0.000142216067556155,3.14309794292741,0.0157471933175878,0.00123210766447618,0,0.000243986738975707,0.000447866868087705,0.014097304256069,0.0534690848991379,0.000960972269571784,0.000416301867896884,0.00920370240526736,0.00147595869463111,0.000243647761721782,0.000955347664105934,0,0,0,0,0,0.000140542877000578,0,0,0,0,0,0,0,0,0,0,0,0,0,3.35075740619702e-05,0,0,0,0,0,0,0,0,0,0,0,0.000265683505177819,0,0,0,5.17036072987392e-05,0,0,0,0,0,0,0
0.00190361371647855,0.0346529283334461,7.27957552889239e-05,0,0.00299155960312962,0.00131387266926953,0.000482048353160708,0.00646561079568445,0.00187921039465998,0.000198623274786621,0,0,4.36479062508459,0.00480557762248398,7.42320307866272e-05,0.000679584196357377,0.00715235705248863,3.89197470035484,0.748086472349636,5.7800359446169e-05,0,0.0120881909034363,0.000367330785585375,0.00135967269767912,1.54739841476416,1.53247042307345,0.0777425599471063,0.000241587885716558,0.0125572378261877,0.000339516176451511,0.809989176734379,0.0100060756423077,0.000403995407216513,0.619231701786916,0,0.0108626122019558,0.357561997212446,1.5519043003097,0.0132762811524917,0.00136370548062585,0.00432910554728544,0.522031856545229,9.79063567695172e-05,0.0012319385083872,0.00066376078320586,0.000134512871124808,0,0,0.00014246902481483,0,0.00185568111338126,0.000175795190332367,0,0,0,0,0,0,0,0.00358772614849698,0,0.0105862001577963,0,0,0,7.32613201047173e-05,0.00262334609802729,0,0,0,0.000451998014950329,0,0,0.113145222105273,0.00790693821457407,0.00669276718301753,0,0,0,0.00168564387090117,0,0,0.000699603450430176,0.000145191040057261
0,0,0,0.509225112758302,0,1.22048202217608,0,0.0154756447886682,1.48754606176511,0.632387327362438,0,0,0,0.000403268360992348,0.352094488520848,0,0,0,0,7.03527687987171,0,0,0,1.10836411498086,0,0,0,0.00762788953164136,0.0003077537559915,0,0,0.000113569973212779,0,0.000634051001544766,0.692190415513962,0.0018306245661712,0.000497843465986211,0.000712353216095012,0.000698674835767618,0.145272399673148,0.000499089717345191,0,0.000271497457083228,0,0,0.000136373382707946,0.00427633900273265,0,0,0,0,0,0,0,0,8.49019937830811e-05,0,0.000255695910261867,0,0,0.00280125053704159,0,0,0,0,0,0,0,0,0,0,0,0.00291240665608734,0,0,0,0.000152440388491155,0,0,0,0,0,0,0.0147000730571812
0,0.0335962896856277,0,0,8.11132697656155e-05,0,0,5.65321988127555e-05,0.00184247070429748,0,4.36479062508459,0,0,0.000170442024128133,0,0.000489481836770082,0.000130188848676861,0.00936282732967126,0.0015149016709954,0,0,0.0121443079400282,8.40288943566112e-05,0.00100235403439115,4.27523642615984,0.0447079265597611,0.643048327709021,7.73726622567243e-05,0.000390822838584859,0,5.12874802895001,0.000270659815182917,0,0.0150588889656243,3.01034958307919e-05,0.0118498709513909,0.355076281976299,0.24301085440494,0.00339375247045404,0,0,1.1041998494082,0.000119048216012636,0.000883928291295111,0.000619751461728102,0,0,0,0.000170557569480695,0,0.00320549961461379,0,0,0,0,0,0,0,0,0.00122065249232018,0,0.0124473774261205,0,0,0,0,0.00165791216178584,8.42490932011393e-05,0,0,0.00112936655788373,0,0.000166499870569659,0.0921905086959782,0.00553608428659054,0.00389396958692057,0,0,0,0.00309870807566886,0,0,0.000239769676319858,5.2920201973514e-05
2.24280729552563,0.000299336676151209,0.0149232687887169,0.000208395532728957,0.00701052658414493,0.0304875520011259,1.04561134085831,2.65912198500979,0.000364180958113318,0.409899295402911,0.00480557762248398,0.000403268360992348,0.000170442024128133,0,0.000855883854016086,0.000170897937840101,0.0215770414528934,0,0.00090586206283229,0.00084580464886148,0.0225126308150322,0.000226470070042785,0.0428986835222123,0.000502229279069151,0.00078374120672721,0.00157265926447819,0.00481028589632266,0.0161429236748103,5.60191415764744,0.0827844892596045,0.000164666629126506,0.28167004542529,0.0269309881659378,0.254326581856449,0.000295158178365096,0.0151383030429289,0.00258827702238357,0.0798226147540837,0.0118993355118084,0.00526055292101347,0.0169752269603732,0.000626972487730797,0,0,0,0,0,0,0,0,4.42093525731581e-05,0,0,0,0,0,0,0,0,0,0,0,0,0,0,0,0,0,0,0,0,0,3.31451080339234e-05,0.000258064434557601,5.91972696418863e-05,8.38113618221688e-05,0,0,0,0,0,0,0,0.000101745766980142
0.00110992483212043,0,0,0,0.00170887204282044,2.25142143397276,0.000150208385572411,0.0671244338599691,0.347516279558857,0,7.42320307866272e-05,0.352094488520848,0,0.000855883854016086,0,0,0,0,0,0,0.000213825479591723,0,0,0.000181989878134546,0.000231987170763776,0,4.06592849037963e-05,0,0.00301855998481924,7.55378046873121e-05,0,0.00400099792422625,0,0.00252278521473991,0.0975709607443955,0.0134054633963294,0.00187885923162534,0.00858398253153302,0.0133815550551932,0.854314092776315,0.00376938904559113,0,0.00160676864593646,0.00326507894497359,0.000902443442274591,0.00445268616121785,0.00343678714057227,0,0,0,0,0,0,0,0,0,0,0,0,0,0.000594619268099693,0,0,0.000796199780565911,0,0,0,7.66511389619579e-05,0,0,0,0,0,0.000276010827293671,0,4.07780682778885e-05,0,0,0.00043064056260661,0.000183988136255919,0,0,0,0.0135917490558804
0.00209892397072677,0.121826698374956,0.0130802589505432,0,0,0,0.000579447869132874,9.25061094976297e-05,0.0592189238645393,0,0.000679584196357377,0,0.000489481836770082,0.000170897937840101,0,0,0.0142794559218854,0.000190467967064664,0.00164841612978237,0,0.0608339894229365,5.252635617421,1.8008673586572,1.87581922173488,0.00951789522029273,0.00441905988231411,1.22857795157946,0.338664590603477,0.000153925715639164,0.00543908269267179,0.000477755783590579,0,0.00034456273772146,0.0240474260097675,0.00233642699413752,0.0800685602310381,0.0337677244851245,0.102599545665764,0.0791078455740359,0.00238930924320259,0,0.000225895259762486,0.00456853196695766,0.00293783168294993,0.00276199278037967,0.00273263794633767,0,0,0,0.000185365822034378,0.00483768594311873,0.0008735932071291,0,0,0,0.000134878835951905,0,0.0167658711916752,0,0,0,0,0,0,0.0432372752414639,0.000312568210324776,0,0,0,0.00935362532383345,0.199576274472236,0.00540704814384593,0.02189311203273,0.000431907174426312,0.000213359449496739,0.00278187249943108,0.0133902683153575,3.6932665377124e-05,0.00153328676874622,0,0,0,0.00165151033312026,0.000574651182093137
0.0869487312392647,0.0657081722458508,1.84089214192639,0,0,0,0.01505146435533,0.00312608631582798,0.00351139240009716,7.35585650166182e-05,0.00715235705248863,0,0.000130188848676861,0.0215770414528934,0,0.0142794559218854,0,0.00469405355829251,2.63546914382432,0,0.0422004534563536,0.0121505736081488,2.59311060554709,0.00504536545107036,0.00187987768436379,0.786977039792483,0.365275058387796,0.0272781161144554,0.0215409311958527,0.0506676619236937,0.000211114648987603,0,0.00386946559418718,0.364411375407782,0.000487864720520475,0.0282397579920938,0.204179948864311,0.129871384121338,0.0699891384514487,0.000967224960118871,0.00139162784993833,0.000205050270353183,4.26502184499248e-05,0.00103136608913693,0.00101827483058163,0.000259013484658603,0,0,0,0,0.0176169850040388,0.000868602546361569,0,0,0,0,0,0,0,0,0,0.000167492523869705,0,0,0.00123061686805973,0.00024704165950966,0,0.000319797976527175,0,0.00030315465509025,0.00395862286817638,9.98449242342603e-05,0.000179110270564857,0.000774679945272369,0.00140827716833365,0.0105846275935212,0.000130407980406142,0,0,0,0,0,0.000177474176102086,8.01350437945377e-05
0,0.00355027546615141,0.000132433803667387,0,0,0,0,7.16729969570573e-05,0.000437693368403044,0,3.89197470035484,0,0.00936282732967126,0,0,0.000190467967064664,0.00469405355829251,0,1.70811479138604,0,0,0.00104910681678524,0,0.000186371698992769,0.0599657100458856,1.22698982528601,0.00816950666522183,0,0,0,0.0217841275249857,0,0,0.00219509274640126,4.77475881403453e-05,0.00148324729283097,0.0424810863978615,0.0206316037280789,0.00191535271877156,0,0,0.0064015355730134,0,0.00103885849743868,0.000140736950161001,0,0,0,0,0,0.000411236185898639,0,0,0,0,0,0,0,0,0.00461147407901398,0,0.00639527830474307,0,0,0,0,0.00537803887705006,0,0,0,0.000145026772756377,0,0,0.0493827684536469,0.00488760574368561,0.00241845299329943,0,0,0,0.00569484886405397,0,0,0.00018666222298638,0
0.00587095940202363,0.0246371936701492,0.0224314074013988,0,0,0,0.000533282173953539,0.000312212717506533,0.00131319745681042,6.41523741378072e-05,0.748086472349636,0,0.0015149016709954,0.00090586206283229,0,0.00164841612978237,2.63546914382432,1.70811479138604,0,0,0.00180379052524385,0.00487544771951072,0.0153737023313615,0.000866045254911753,0.00717938191546832,2.09983175877546,0.0730122827395344,0.00123076339278689,0.00176820544563516,0.00185661211003956,0.00150571797199144,0.000243749136577829,0,0.344958919030078,2.71318080961554e-05,0.00335833142021334,0.0615972248986808,0.0926444294408421,0.015534302870793,0.000326782990789858,0,0,0,0,0.000757200951624087,0,0,0,0,0,0.00842868929624203,5.41166134824492e-05,0,0,0,0,0,0.000157175011896599,0,0.000462988144539015,0,0.00080696065966913,0,0,0.000216084128960237,0,0.00122106167158419,0,0,0,0,0,0,0.0044563816337095,0.00310882965577969,0.00504390314237386,0,0,0,0.000139310116101495,0,0,0.000312409005645636,1.82743966934583e-05
0.00250987678413481,0,0,8.40364921104577,0,0.0303102211422803,0.00264645055644228,0.000553790714117423,0.315959101515468,2.03953746912227,5.7800359446169e-05,7.03527687987171,0,0.00084580464886148,0,0,0,0,0,0,0,0,0,1.43056347832605,0,0,0,0.362911183150119,0.00113760316501742,0,0,0,0.000491443885868456,0.00076375491479374,0,0,0,0.00175564619906724,0,0,0.000644745348810899,0,0,0,0,0,0.000749249432659797,0,0,0,0,0,0.0102372032617829,0,0,6.20752404332115e-05,0,9.90906976700069e-05,0,0,0.000237245816682879,0,0,0,0,0,0,0,0,0,0,0,0.000898876095492749,0,0,0,0.000110732680414782,0,0,0,0,0,0,0
0.0576580151707274,0.000380333538818159,0.0893564522893498,0,0.000155350161417027,0.000273283874119259,0.165032449921953,0.00285215227420188,0.00475971288989979,0.000244766752381251,0,0,0,0.0225126308150322,0.000213825479591723,0.0608339894229365,0.0422004534563536,0,0.00180379052524385,0,0,0.0184999013301494,9.31506524148956,0.0757236075046431,5.09265979290732e-05,0.00419735765783299,0.0618513216587094,1.92226676029819,0.683476004861844,4.23937810440457,0,0,0.24147517831531,0.536653012395808,0.00385687887836595,0.124971582897635,0.0341405567158988,0.189527834661148,0.0780226169857116,0.000873694116464303,0,0,0.000691058622955032,0.000491847218479211,4.1295836614207e-05,0.000672355190474874,0,0,0,0,0.000138781492020625,6.8821805688575e-05,0,0,0,0,5.32807247017675e-05,0.00280167167854291,0,0,0,0,0,0,0.00660779953827482,0,0,0,0,0.00205439380096816,0.0114355769093082,0.00115210919356783,0.00400681755483063,0,0,0.000302834587386344,0.00264561532994836,0,0.000563539169028216,0,0,0,0.000365879648628831,0.00103593747073947
0.000401113393936436,1.76710602410755,0.00608914703630076,0,0,0,0.000668054691956746,9.32647223145658e-05,1.71851464610576,6.48548814187648e-05,0.0120881909034363,0,0.0121443079400282,0.000226470070042785,0,5.252635617421,0.0121505736081488,0.00104910681678524,0.00487544771951072,0,0.0184999013301494,0,0.0151321683368605,1.34209083409992,0.239407587092648,0.0197595341418176,0.848713074867003,0.0541699558953905,0.000241198911302118,0.00519994304593923,0.0144049811677397,0,0.000967871503924449,0.0214435273902683,0.000557412071378978,0.0406284499102291,0.0304695601540556,0.0546184251148903,0.0281564486006904,0.000445555800088641,0,0.00195308088560931,0.00790126922260474,0.00647133129484433,0.00958330172037485,0.00456365356000891,0.000199445931583758,0,0,0,0.217040660473949,0.00477067498758062,0,0,0,0.000198633928634784,0,0.159937289019929,0,0.000377308290742038,0,0.00157180094036042,0.000368800802262852,0,0.198788862457914,0.00206087850549295,0,0.00135440269472367,0,0.00942016194105597,1.20051647935406,0.0151849215809754,0.0411678019561824,0.00976316238719054,0.00482153225574251,0.0355294303821028,0.00995342770755539,0,0.00134521455395213,0.000308673211029391,0,0,0.0030973825968497,0.000679739570773106
0.110716089048524,0.00302815875379353,4.8076068606084,0,0.000158529048111518,0.000106712891132694,0.132674615083177,0.0063342781846985,0.00227694449549593,0.000724034884699481,0.000367330785585375,0,8.40288943566112e-05,0.0428986835222123,0,1.8008673586572,2.59311060554709,0,0.0153737023313615,0,9.31506524148956,0.0151321683368605,0,0.0374020075492189,0.00117375670520051,0.0649168874602464,1.96086379147649,0.320197090436563,0.22455148239237,0.39940745343315,5.3713105074221e-05,4.55565087932961e-05,0.0361859145874181,0.46530748920345,0.0138151947563316,0.224663328786431,0.311234630087334,0.568949032027762,0.318727572932358,0.00794222990783457,0.000444421346520047,0.00053542885060634,0.00190995958897366,0.00121353245306949,0.000469544553105243,0.000560243119479314,0,0,0,0,0.00115615162254638,0,0,0,0,0,0,0.000553429991343545,0,5.85658632883401e-05,0,0,0,5.81228130203029e-05,0.00286594744947202,7.18781726768958e-05,0,5.708836393193e-05,0,8.8988572931001e-05,0.00886566055471503,0.000561358538347635,0.00118627784717915,0,0.000155626161850371,0.00392998469632483,0.00103681135014343,0,0.000113335857821013,0,0,0,0.000145245311545806,0.0034505398672124
0.0017473561342023,0.0799039164645012,0.00786089275196802,4.92626168946728,0,0.000250528496564983,0.0807384698100563,0.000384303382187536,5.54045588577655,0.0114820135479718,0.00135967269767912,1.10836411498086,0.00100235403439115,0.000502229279069151,0.000181989878134546,1.87581922173488,0.00504536545107036,0.000186371698992769,0.000866045254911753,1.43056347832605,0.0757236075046431,1.34209083409992,0.0374020075492189,0,0.0125502399401646,0.00367471033477015,0.1128056237943,3.4009712696962,0.00142637619347829,0.0103153883793988,0.00117036373672318,0,0.00133861519811524,0.0211829605787028,0.000846461879691045,0.0415689245427156,0.0109634427524547,0.0301167905976021,0.0169806945418448,0,0.000201679063506426,7.52911481198236e-05,0.00837355431240648,0.00197944379085116,0.00435282462861109,0.00365784055013986,0.0163978652239703,0,0,0.000883839595343582,0.00550497040031002,0.00107775851865825,0.00331724701440796,0,0,0.00541156032087402,0.000151460827089661,0.142871354280454,0.000364590529161191,0,0.00721599659215499,0.000157518963858439,0.000254010029444441,0,0.0355492136494802,0.000357783289077547,8.33422498011682e-05,0.000196218936213788,0,0.0135027599441532,0.084594905262995,0.00616217978455653,0.21496912756553,0.000620821325031942,0.000505396145182639,0.00360950857982403,0.0736971100771373,0.000402677233114335,0.00869658306230836,0,0,0.000226456571253194,0.0043477166657816,0.000548418824677608
0.000381860519329764,1.70061763022916,0.00024172985247647,0,0.000342886209188188,6.24413352686912e-05,8.29519805976356e-05,0.00116000782318856,0.0309837438793601,0,1.54739841476416,0,4.27523642615984,0.00078374120672721,0.000231987170763776,0.00951789522029273,0.00187987768436379,0.0599657100458856,0.00717938191546832,0,5.09265979290732e-05,0.239407587092648,0.00117375670520051,0.0125502399401646,0,0.293684599571005,0.826842099406688,0.000373275003673612,0.00140319318315081,0,0.727215127472912,0.000715666719489846,0.000555212199529103,0.167741283376951,0.00129948254676785,0.274426886442247,1.51802866369659,0.424195286017122,0.0511877188583823,0.000558806883458267,0.000238619851905431,1.4108302800828,0.00172843361716364,0.0177640077631191,0.0151400685160844,0.00169652477811795,0,0,0.00872725572828158,0,0.113619997308013,0.000858040895861797,0,0,0,0,0,0.00230846297066382,0,0.0375035905660987,0,0.065068531803433,0,0,0.00190724099008534,0.000587495213784506,0.0419706256484899,0.00564688318599241,0,6.37156442902173e-05,0.0176963651198521,0.000339292559201076,0.000924104827376602,0.302260108381477,0.11529405178052,0.0891852153614338,0.000244916815980026,7.22618568071067e-05,0.000286589963097768,0.0284874517985325,0.000685179410251684,0,0.00346787909509561,0.000716960683455555
0.00674344052957646,0.0614636739787028,1.65662192399679,0,0.000336674626477556,2.2950630949512e-05,0.00175778033892748,0.000834943492245278,0.00508322875543733,6.49655872957244e-05,1.53247042307345,0,0.0447079265597611,0.00157265926447819,0,0.00441905988231411,0.786977039792483,1.22698982528601,2.09983175877546,0,0.00419735765783299,0.0197595341418176,0.0649168874602464,0.00367471033477015,0.293684599571005,0,2.07604310077939,0.00744099114913819,0.00283464950281897,0.00713811300739469,0.623431419428958,0.000449222116144466,0.000119685392470238,0.0512504205646662,0.000467542351565537,0.0358529400044089,0.318510028197803,0.233853946697497,0.0443725299085409,0.000418113886401088,0.000111612699076773,0.0181755588498175,0.000300148768648959,0.00238687890633599,0.00207402150462691,0.000673545336868332,0,0,0.000402580127252464,0,0.0173584667522829,0.000357046362157776,0,0,0,0,2.98001378740149e-05,0.000110837643059027,0,0.00710980040920669,0,0.0187758785813177,3.29115319763632e-05,0,0.000271785310022249,0.000274148101656386,0.00722970082205289,0.00130112705844062,0,0,0.00185057207935632,0.000334990409241376,0.000126142569404368,0.0957426826702772,0.0297274129271861,0.0392076139400427,5.29196250101281e-05,6.01346555306314e-05,0,0.00506986835996763,0,0,0.00186160564618952,0.00049336049580389
0.00912996216507454,0.868857392828638,2.90784030775642,0,6.07654929964674e-05,0.000153712841797492,0.0073459498876133,0.00111300733917092,0.0454322480615771,0.000142216067556155,0.0777425599471063,0,0.643048327709021,0.00481028589632266,4.06592849037963e-05,1.22857795157946,0.365275058387796,0.00816950666522183,0.0730122827395344,0,0.0618513216587094,0.848713074867003,1.96086379147649,0.1128056237943,0.826842099406688,2.07604310077939,0,0.0932147207715433,0.00486764836045181,0.0126811062397837,0.522685700382187,0.000335170189184777,0.000638820171708518,0.192759483713977,0.00689952281016408,0.171902099590336,0.174290716519949,0.476611918469599,0.236517351559709,0.00484059312906427,0.00202002925417393,0.00446307886682881,0.00370349326074331,0.006419054396888,0.0123314786785701,0.00423281654719401,0.000108742257752981,0,0.000235585200473023,9.94560231773428e-05,0.181758685795196,0.00536295774904449,0,0,0,3.37131497791902e-05,8.62597621146138e-05,0.00498299176984885,0,0.00838226837704022,6.01660469928731e-05,0.0163029942688834,5.76791470211383e-05,0,0.0220989621060745,0.0035739454948214,0.00981517011110513,0.00548418601836459,0,0.00051261489909673,0.105494075443494,0.00384492141980408,0.00451337464417581,0.142579394690239,0.0943457695623497,0.278538289165631,0.00111750119592329,0.000198843567421472,0.000377155883642555,0.00503731752633626,0,2.10775669396285e-05,0.00566461462029275,0.00313942460919994
0.0292503286505932,0.00260566856370568,0.0826003260962539,3.44565581791952,5.17228835667893e-05,0.020815575368434,6.18416136896291,0.00524371576506488,0.098086825813486,3.14309794292741,0.000241587885716558,0.00762788953164136,7.73726622567243e-05,0.0161429236748103,0,0.338664590603477,0.0272781161144554,0,0.00123076339278689,0.362911183150119,1.92226676029819,0.0541699558953905,0.320197090436563,3.4009712696962,0.000373275003673612,0.00744099114913819,0.0932147207715433,0,0.0164047799210011,1.61549753279473,0.000100910234854985,0.000300708089835244,0.0247123730191825,0.108166685655554,0.00382201480412602,0.108111832433521,0.0239018812862353,0.107183482167019,0.0611022028349418,0.00112505230005969,0.00069997312167422,5.01087247956611e-05,0.00267801620516603,0.000816342117311232,0.00114074442493749,0.000866345913090572,0.000475144907390633,0,0,0.000231927397915528,0.000374786501303737,0.000193491078472746,0.00742289507529207,0,0,0.00193699523118973,0.000101819588680147,0.0239115212262827,5.54728393596274e-05,0,3.26799379764819e-05,4.87125250544021e-05,0,0,0.0113010398902573,0,0,0,0,0.00536907772714189,0.025255076245599,0.00145069205858377,0.0510442109828499,0,4.70972548968877e-05,0.000651072545347348,0.0221988308841369,5.9241097529689e-05,0.0027428844713066,0,0,0.000171411657214246,0.000735986055553104,0.000873780946523328
0.720884034868737,0.000220915457996025,0.00542626212065391,0,0.062271721081984,0.0947296442646228,0.0682777577427468,0.42871747294954,3.75837649365753e-05,0.0157471933175878,0.0125572378261877,0.0003077537559915,0.000390822838584859,5.60191415764744,0.00301855998481924,0.000153925715639164,0.0215409311958527,0,0.00176820544563516,0.00113760316501742,0.683476004861844,0.000241198911302118,0.22455148239237,0.00142637619347829,0.00140319318315081,0.00283464950281897,0.00486764836045181,0.0164047799210011,0,3.8120589890181,0.000138296145044792,1.13515357231768,1.74938154555643,2.21817444951373,0.000322247441647338,0.0570511158195565,0.00965617866571475,0.248622004420777,0.0433231847409768,0.0469104273890997,0.244205854645636,0.00116477047809564,0.00012217838221938,0,0,0,0,0,0,0,0.000133993536210474,0,0,0,0,0,0,0,0,3.27037916550053e-05,0,5.75339814616934e-05,0,0,0.000194656483784309,0,0.000118436793823617,0,0,0,0,0,0.000150693969694205,0.00021446268403142,0.000102070338589448,0.000163332230250155,2.05227731324128e-05,0,3.26932396341995e-05,0,0,0,0,0.000195639044612556
0.414281962325939,0.000975225011718814,0.0558078117457306,0,0,7.91211277437875e-05,1.57740928540211,0.00746805024470021,0.00296809135580866,0.00123210766447618,0.000339516176451511,0,0,0.0827844892596045,7.55378046873121e-05,0.00543908269267179,0.0506676619236937,0,0.00185661211003956,0,4.23937810440457,0.00519994304593923,0.39940745343315,0.0103153883793988,0,0.00713811300739469,0.0126811062397837,1.61549753279473,3.8120589890181,0,0,0,0.606779209478353,0.779363447423005,0.000706604860488505,0.0308115191559704,0.0111380385864682,0.0829062024196979,0.0299450078092496,0.000211613866529084,0.000113815140547025,0,0.000288510793221843,6.97843587827945e-05,0,0.000115883653622139,0,0,0,0,0,0,0,0,0,0,0,0.000361561287262331,0,0,0,0,0,0,0.00103884713712876,0,0,0,0,0.000429465061293913,0.00186637654607691,2.89377840794445e-05,0.00136791000319342,0,0,0,0.00047412341553651,0.000108879245248441,0.000211586483935933,0,0,0,9.66229419995905e-05,0.000155928741789748
0.000233376681011425,0.0566328436552303,0.000120543226946442,0,0.00033139719921832,0,0,0.000106302351152102,0.00200884076953408,0,0.809989176734379,0,5.12874802895001,0.000164666629126506,0,0.000477755783590579,0.000211114648987603,0.0217841275249857,0.00150571797199144,0,0,0.0144049811677397,5.3713105074221e-05,0.00117036373672318,0.727215127472912,0.623431419428958,0.522685700382187,0.000100910234854985,0.000138296145044792,0,0,0.000142503198258906,0,0.00107464468515348,0,0.00417062341840336,0.106298045749346,0.069823585570892,0.00479625656747418,0,0,0.0657903140459,0,0.000176030272968789,0.000788679802663249,0.000174674052292578,0,0,0.000516230005610865,0,0.00379664706072441,0,0,0,0,0,0,0,0,0.00243074439268039,0,0.00636555954536751,0,0,0.000176986118561372,0,0.00422660477213428,9.97086951984305e-05,0,0,0.00186689726805687,0,0,0.111987782269537,0.00323806719456705,0.00292329674468478,0,0,0,0.00176304351348802,0,0,0.000112329280038649,0
0.00395839757914507,0,0.00010169250212394,0,2.50654900976149,0.251496994765118,0.000620641814949542,0.0911262186645782,0,0.000243986738975707,0.0100060756423077,0.000113569973212779,0.000270659815182917,0.28167004542529,0.00400099792422625,0,0,0,0.000243749136577829,0,0,0,4.55565087932961e-05,0,0.000715666719489846,0.000449222116144466,0.000335170189184777,0.000300708089835244,1.13515357231768,0,0.000142503198258906,0,0,1.01193119261886,1.7742746628736e-05,0.0071903371759151,0.00278597329699074,0.0952732972164999,0.0200700853575978,0.137905111938429,2.73981861558806,0.000794485631996298,0,0,0,0,0,0,0,0,0.000111010719601651,0,0,0,0,0,0,0,0,0,0,0,0,0,0,0,0,0,0,0,0,0,0,0.000240959042144256,0.000178761843606918,0,6.47592839712885e-05,0,0,0,0,0,0,0
0.0257172017437643,0,0.000845538605275364,0,0.000385245275760355,0.000334110596890143,0.00720974597346937,0.00152485935933504,0.000584276649817353,0.000447866868087705,0.000403995407216513,0,0,0.0269309881659378,0,0.00034456273772146,0.00386946559418718,0,0,0.000491443885868456,0.24147517831531,0.000967871503924449,0.0361859145874181,0.00133861519811524,0.000555212199529103,0.000119685392470238,0.000638820171708518,0.0247123730191825,1.74938154555643,0.606779209478353,0,0,0,1.51906465440331,9.38212428370296e-05,0.0107728406217196,0.000991793177756575,0.0847872043669766,0.0142594048840074,0.00029776432930044,0.00183905048869413,0,0,0,0,0,0,0,0,0,0,0,0,0,0,0,0,0,0,0,0,0,0,0,0,0,0,0,0,0,0,0,0.000332861663595479,0,0,0.000126713837335793,0,0,0,0,0,0,0,2.05478787542591e-05
0.101109236255953,0.032049683076411,0.0513926240122056,0,0.305878184132543,0.0336276298190431,0.0352484570025155,0.137796133243689,0.00672862694852598,0.014097304256069,0.619231701786916,0.000634051001544766,0.0150588889656243,0.254326581856449,0.00252278521473991,0.0240474260097675,0.364411375407782,0.00219509274640126,0.344958919030078,0.00076375491479374,0.536653012395808,0.0214435273902683,0.46530748920345,0.0211829605787028,0.167741283376951,0.0512504205646662,0.192759483713977,0.108166685655554,2.21817444951373,0.779363447423005,0.00107464468515348,1.01193119261886,1.51906465440331,0,0.00483217768667902,0.363714922529339,0.406215689975515,2.87245007899846,0.24306867774501,0.0564988474067517,0.790155132421023,0.0189844594247318,0.00261435700551196,0.00199008020977874,0.00156237633474521,0.00051066142724231,0,0,0,0.000234356661916901,0.0113317072353926,0.000362510822245747,0,0,5.47064921010846e-05,0,0,0.000973761832944781,0,0.000582821597104894,0,0.000612871432063066,0,0,0.00280295061256603,7.98154642129463e-05,0.000555060808723535,0.000297263073081314,0,0.000779600157165259,0.00671650269842971,0.000882379833827528,0.00313306425138023,0.00826106880046187,0.00347220820686816,0.00950626827034476,0.00128925469776002,0,0.000394278974677476,0.000953855924494056,0,0,0.00029500736015823,0.00221168697318382
0.000188041403105043,0.000256283653048374,0.000823129774549019,0,3.20644893951848e-05,0.321415319650408,0.000124883435006298,0.00204008313299334,0.00808966752847912,0.0534690848991379,0,0.692190415513962,3.01034958307919e-05,0.000295158178365096,0.0975709607443955,0.00233642699413752,0.000487864720520475,4.77475881403453e-05,2.71318080961554e-05,0,0.00385687887836595,0.000557412071378978,0.0138151947563316,0.000846461879691045,0.00129948254676785,0.000467542351565537,0.00689952281016408,0.00382201480412602,0.000322247441647338,0.000706604860488505,0,1.7742746628736e-05,9.38212428370296e-05,0.00483217768667902,0,0.104304281906856,0.0472687784294459,0.0358105860019063,0.0379616391204449,0.00698687073307015,0.000262749077976041,0.000670836661655844,0.0203733110224594,0.0244689894337056,0.010290812642439,0.011474716564122,0.00366240655931316,0.000621231030868896,7.3190233562696e-05,0.000165523804669328,2.47701713114684e-05,0.000316622428777831,0,0,0.000862801771523752,3.90096025634796e-05,0,0.00411785989968213,0,0.000123581365076735,0.00882692129373173,5.58467811986735e-05,4.44556137396269e-05,0.0015413837558408,0.000245560341447938,0.000191577831653684,8.75141487240634e-05,2.74127263981483e-05,0,0.000563368145702854,0.000533443155184688,0.003651691248742,0.00161518710584915,1.59058426034323e-05,0.000310392713044563,0.00127259256149782,0.000909236307961789,0.000105118664082784,0.000681566522483962,0,0,1.22638458450346e-05,0.000589976426842336,0.950267820861815
0.0134831528839823,0.0297458510509294,0.0501561835660298,0,0.00426267680232636,0.00591338545256723,0.00965092071587246,0.00897834441754279,0.0773112721751544,0.000960972269571784,0.0108626122019558,0.0018306245661712,0.0118498709513909,0.0151383030429289,0.0134054633963294,0.0800685602310381,0.0282397579920938,0.00148324729283097,0.00335833142021334,0,0.124971582897635,0.0406284499102291,0.224663328786431,0.0415689245427156,0.274426886442247,0.0358529400044089,0.171902099590336,0.108111832433521,0.0570511158195565,0.0308115191559704,0.00417062341840336,0.0071903371759151,0.0107728406217196,0.363714922529339,0.104304281906856,0,3.32543540919933,0.861457391655819,0.733411589029919,0.159158153290945,0.0252808252252697,0.163495296339425,0.0602302409311112,0.0349040693722502,0.0100140989352869,0.0141176907134742,0.000729461880106495,0.000276345993135993,0,6.57564071390171e-05,0.00905643108233787,0.00084623618530834,0,0,0,0.00030821474705441,0,0.0032425279412532,0,0.000923770973048996,0.000233254718233198,0.00142277634443431,0,0.000156666853804843,0.00741143461039297,0.000624751895910205,0.00111480615084143,0.000479480793140949,0,0.0038719299079677,0.014747473985789,0.00555863392501189,0.00658584357800262,0.00795683010323139,0.00275655706061088,0.0118222358412412,0.00512085467629047,0,0.00215294083261604,0.000769808599881372,0,0,0.00139197621325974,0.0361001485259285
0.00872890095126986,0.0658864444154799,0.166393788440321,0,0.000793312721440804,0.000150558486520368,0.00340248577575332,0.00246034956237123,0.0230868132900332,0.000416301867896884,0.357561997212446,0.000497843465986211,0.355076281976299,0.00258827702238357,0.00187885923162534,0.0337677244851245,0.204179948864311,0.0424810863978615,0.0615972248986808,0,0.0341405567158988,0.0304695601540556,0.311234630087334,0.0109634427524547,1.51802866369659,0.318510028197803,0.174290716519949,0.0239018812862353,0.00965617866571475,0.0111380385864682,0.106298045749346,0.00278597329699074,0.000991793177756575,0.406215689975515,0.0472687784294459,3.32543540919933,0,2.49668704795106,2.17616229359815,0.0838643941011242,0.0170508146319292,0.984051912193135,0.0195463618595881,0.0100597789796286,0.00685690275219733,0.00760612029178863,0.000812934287279115,0.000145832674020035,0.0017203599471958,0,0.0177462966219604,0.00103640814221425,0,0,0.000269378646914741,0,0,0.000504922539978654,0,0.00446176663125693,0.000399655051431195,0.0164849242719757,0,0,0.00218695661098828,0.00156726892060848,0.00579680720739435,0.00091431150040025,0,0.000772924885829077,0.00480320643779332,0.000861190002475581,0.00146976075161817,0.146218692124178,0.0139672597217768,0.0166121693647209,0.000877134199491736,0,0.000104564838189752,0.00716957468370749,0,0,0.00105105178211821,0.021776010539033
0.133180013485276,0.149280880633724,0.161687436226625,0,0.0599585187992963,0.0320926936504144,0.0332773125445959,0.0810858226011665,0.0262791063273636,0.00920370240526736,1.5519043003097,0.000712353216095012,0.24301085440494,0.0798226147540837,0.00858398253153302,0.102599545665764,0.129871384121338,0.0206316037280789,0.0926444294408421,0.00175564619906724,0.189527834661148,0.0546184251148903,0.568949032027762,0.0301167905976021,0.424195286017122,0.233853946697497,0.476611918469599,0.107183482167019,0.248622004420777,0.0829062024196979,0.069823585570892,0.0952732972164999,0.0847872043669766,2.87245007899846,0.0358105860019063,0.861457391655819,2.49668704795106,0,2.67277438138722,0.117226158127605,0.25876874701535,0.655845640447501,0.0129374535227519,0.0075029439922411,0.00489829407105234,0.010424256756914,0.000658512482763274,0,0.000418455681027489,0,0.0449901995667966,0.00123149964037419,0,0,0,0,0,0.00223886931659261,0,0.00584271556185575,0.00119672832011464,0.00775190362820182,0,0,0.00338079715368502,0.00103059012858506,0.00783540487213938,0.00147430761443511,0,0.000541395200660516,0.0206727760098687,0.000919898481100662,0.00240944782051221,0.0822124750067152,0.0199643986712967,0.0315658790178657,0.00127290178201156,0.000185792708164411,0.000423952502701747,0.00486727951672533,0,0,0.000955580768999357,0.0188621486493014
