0,0,0.000559333544590044,0.00377964366893026,0.000979061134815159,0.00566056565320623,0.95278798243369,0.126523473521308,0.0106770652814817,0.0177108367248484,0.00175344515662537,0.0013441422073958,7.46906331567706e-05,2.12356839660039,0,0.000248917777553974,0.012416033042728,0.00023319346907576,0.00440544003204993,0.00365623504576095,0.00948677383971842,0.00295480090339765,0.00990425060887527,0.0153687823825466,0.000307206697135299,0.000764859119512727,0.00100717281047622,0.026169664694768,3.34102997513817,0.243772145199946,0.000168935475219421,0.00107911659651307,0.0662789870130051,0.0672928760995237,0.000240868724642713,0.0138990956152118,0.00586851944430319,0.0503154523550013,0.00757163220622874,0.00992426496528422,0.00460339990316681,0.00124931329133997,0.00053434169989666,0.000107588591104277,0.00133326253874294,0.000290823497808182,0.000657033953676882,0,0,0.000878927458292433,0.000110057009663454,0.000305876751151072,0.000529013363103747,0,0,0,0.000493863791521343,0.00316056414039364,0,0,0,0,0.000132499683871777,0.00067189050322522,0.00136020127599464,0,0,0,0,0.000558361925809886,0.000461270878299317,0.00020011474809377,0.00250811596817877,0,0.000149062765737576,0,0.00217269666602428,0.00147784168732393,0.000877352183597604,0,0,0.00159775564543719,0.000549455940718189,0.000192723768758412
0,0,0.0154398081098685,0,0,0,0.000629189736511034,4.37130821936242e-05,0.189081103859371,0,0.00425976218373779,0,0.0192774194886976,0.000185397588511938,0,0.0481937930595466,0.0773270788288776,0.00249276141533275,0.0149103493031708,0.000121887046372589,0.00175544465571131,1.90175087858134,0.00628964929729887,0.0454151344394501,1.34523976216245,0.0402267428476804,0.881908006440287,0.00164132213752674,0.000726580508408135,0.0012910192744655,0.0157829281801964,0,0.000710777922518816,0.014736097334338,0.000582914754459262,0.0151660719578365,0.0436624373970083,0.0549666475567951,0.0125800740087519,0.00169585311399852,0.001456904257489,0.00100857633441948,0.00366392962174867,0.00803568245402242,0.00627040937118263,0.00268441199649265,0.000113046373436239,0,0,0,0.794449486336713,0.00634925746428637,0,0,0,0,0,0.0014459614279166,0,0.000330351381219816,0,0.00114528722288617,0,0,0.00191360183236235,0.00318761050081438,0.000346435324471983,0.000920573164627552,0,7.76701626870793e-05,0.0761047327648257,0.00211542735931613,0.000713118315040865,0.0139110239194585,0.0063420329484157,0.102556695396799,9.42454989530622e-05,0,0,0.000464375481482461,0,0,0.00125783987569866,0.000125342675886221
0.000559333544590044,0.0154398081098685,0,0,0,0,0.0111696391806518,0.000183213425420166,0.00111260978041811,0.000566767705012438,0.0014655534737968,5.78643533121898e-05,8.75942109595596e-05,0.00067520202878021,0,0.0058274819329634,1.03791119796131,0.00106459720238217,0.065320213927435,0,0.090392272265438,0.0073895779124823,2.35939685625349,0.00550304695309439,0.000223298706925707,1.35435587961811,1.5499051673176,0.0502038288083225,0.00187956045393621,0.0128554987131715,0.000219833759882344,0,0.00100419020117626,0.0466490838235743,0.00253189176104551,0.0541117593766683,0.132961697898241,0.121433965028812,0.0508140716610679,0.00770077680437012,0.00395597324317334,0,0.00240151553154135,0.0033333154794225,0.00167353149611171,0.00119045074466763,0.000551786068757488,0,0,0,0.050532426069854,0.00396601147032873,0,0,0,0,0,6.25872648268213e-05,0,4.69821210966402e-05,0,0.00036839402079121,0,0,0.00162448699770315,0.000743058576741697,0,0,0,0.000139447110820166,0.00314217436494082,0.00168855878240008,0.000364913928182129,0,0.00165851225974812,0.0273287110683601,0,0,0,0,0,0,0.000201915498903877,0.00107409999139
0.00377964366893026,0,0,0,0.000478773810243138,0.0100788259702306,0.0304144369620221,0.0113279857885181,0.335831699972384,1.52870061146947,0.000321108453409833,1.17466931127543,0.000248949516650443,0.00622214410932774,0.000388380459418827,0,0.00012933581493778,0,0,8.25107143867181,6.52303058269058e-05,0.000229713343988091,4.78415892828459e-05,4.54458516120997,0,4.24488008309125e-05,0,1.96914838734103,0.00777273980616813,0.000145676566377364,0.000228439186302946,0.000572452540394237,0.00063130754093586,0.00585460600078959,0,0.00857678797783366,0.0016167506537564,0.0114399775646441,0.0031761495204084,0.0134213750036728,0.00433965897245929,0.000251490541178526,0,0,0.000117008450151295,0,0.00224198002482751,0,0,0.0012706046560941,0,0,3.77168821041278,0,0.000339496143255756,0.00148133044422986,0.000563971859410789,0.0514079446678386,0.0627876988524046,0,0.0450449422210414,0,0.00180586435345744,0,0,0,0,0,0.0104271193999223,0,0,0,0.0103676819365822,0,0,0,0.00399051894669598,0.000432798112483148,0,0,0,0,0,5.82869188381276e-05
0.000979061134815159,0,0,0.000478773810243138,0,0.173726012155763,0.000514973325571013,0.145488785960839,0,0.000952315285491449,0.00499911861263473,0.00167561688513634,0.000979909860877502,0.00479500905496933,0.407280574699069,0.000271871189357871,0.000185239738644011,0.000476560181358776,0.000490776293615445,0.00118051356896216,0.000122893819131445,0,0,0.00010360554768563,0.000277466868248699,0.000173721901310171,5.58031432636719e-05,0,0.146223036862975,3.855221267821e-05,0.000549354350767126,3.88386045965052,0.000225742281574598,0.297224101760256,9.72724317031565e-06,0.000875750763606079,0.000979577630525041,0.0310549776979499,0.0106526722040855,3.42906750296588,3.40425991552101,0.0059299533496858,0,0,0,0,0,0,0,0,0,0,0,0,0,0,0,0.000475123154622122,0,0.000173450323670621,0,0,0,0,0,0,0,0,0,0,0,0,5.06388335687032e-05,0,0,0,0,0,0,0,0,0,0.000178834871805667,0
0.00566056565320623,0,0,0.0100788259702306,0.173726012155763,0,0.139776944421901,2.65909004100075,0.0348830207661742,1.584801489095,0.00404040716601899,3.99697868954489,0.000781731686992497,0.106260299878732,1.08032063925889,0.000120763509233793,0.000291755855418953,0.000186093173989031,0.000548111129924783,0.118671958320663,0.000599421220781977,6.80394609176519e-05,0.000682733613695638,0.0376386119834506,0.00034143791294805,0.000681060972039535,0.000266688273871811,0.0586999861777265,0.0996241621274481,0.00148879963826078,0,0.403364766097095,0.000775819035407545,0.0652118577163173,0.782394571813798,0.00895408131363241,0.00191188707767151,0.0472491175453395,0.0103056589591234,0.328642725577741,0.147165582944351,0.00603099758881265,7.52151494192096e-05,0.000381712646839338,0.0012663608196806,0.000108094743521654,0.00315099946421886,0,0,0.000919329596267291,0,0,0.0017466082897151,0,0.000534079591785699,0.00147851262176515,0.00123552488593825,0.00591263178205275,0.0034528368091169,0,0.00172994569810958,0.00010009429800657,0.00217354190391253,0,0,0,0,0,0.000629990250302721,0,0,4.85754329926122e-05,0.00619006998187386,0,0,0,0.00603011471847319,0.000550387336020692,0,0.000138130928804686,0,0.000517344273298968,0.000569576433717338,0.000738000160481138
0.95278798243369,0.000629189736511034,0.0111696391806518,0.0304144369620221,0.000514973325571013,0.139776944421901,0,0.297258977952806,0.0557386623752859,1.51635814359967,0.00155341686081052,0.0535468112356887,0.000185352766147462,1.26021637171857,0.00119234501298721,0.00189619510826987,0.0184428238066538,0.000222972826136727,0.00375391570556185,0.0207183515941436,0.0474299619355141,0.00141083029935693,0.0539007356463447,0.202919388382717,0.000130055819480513,0.00222140989749938,0.00361455399982692,3.78167175284142,0.157556889804595,1.50389777517984,8.72587836921179e-05,0.00126110356268143,0.0189582856016008,0.0594101245213243,0.0016260772020536,0.0683231901088759,0.01167129869408,0.0982222812835442,0.0260200420434283,0.0503453012267063,0.0129525934479217,0.00238371076824229,0.000605369588034403,0.000588386476366053,0.000649094695974158,0.000845399697721336,0.00137491394707915,0,0,0.000666585611766882,0.000336672808208467,0,0.00147643387681915,0,0.00093648210109513,0.00219904843690542,0.00115673113040804,0.00832231002477459,0.00225334340153978,0.000125765739451873,0.000686592904761329,0,0.00276766401888142,0,0.000284863105341578,0,0,0,0.000637927968490062,0.000250798145711526,0.000313343593176356,0.00032696799400094,0.0086192295603176,0,1.85903338199738e-05,0.000378798549103795,0.00586530535719159,0.00140429601344177,0.000302962688746918,0,0,0.000209654758048135,0.000292940959565808,0.00096328596413585
0.126523473521308,4.37130821936242e-05,0.000183213425420166,0.0113279857885181,0.145488785960839,2.65909004100075,0.297258977952806,0,0.0179309498185564,0.454263283790805,0.0135464311439073,0.0738339596028498,0.00138766061399149,3.6914051909376,0.0182703873558439,0.000128353739043477,0.00220492245639917,0.000591020923811046,0.0024003648119665,0.078367079992237,0.00501917931282663,0.000637963735212648,0.00524406990524269,0.0391860549214361,0.000483888100301691,0.000822863614498406,0.000642493245087547,0.0356064560782055,0.290998105728494,0.0208588668600131,0.000100163747030855,0.154846224666093,0.00388079620744829,0.160229411128087,0.00147524458846447,0.0179923556892689,0.00549078248873685,0.116765730043705,0.0198819838443257,0.330794232809101,0.25497552167331,0.00969197977053613,0.000392694436924604,3.53899371392163e-05,0.000775679435123835,0.00025535735122624,0.00314246437831473,0,0.000308152601598412,0.00141203583888963,0,0,0.000253465180548049,0,0.00096272841639564,0.00049605573210625,0.00102569721581209,0.00530609697953132,0.00165414973938215,0,0.00084393318945479,0.000251886055631277,0.00249269882546755,0,0,0,7.44921568135142e-05,7.25485998024911e-05,0.000413631891639254,4.37635610790505e-05,0,0,0.0091324598374877,0,0.000121022372891501,1.76868542666286e-05,0.00542014117086733,0.00134378278058498,0.000199285724118188,0,0,0.0001392516604031,2.95830097303748e-05,0.000183044988880172
0.0106770652814817,0.189081103859371,0.00111260978041811,0.335831699972384,0,0.0348830207661742,0.0557386623752859,0.0179309498185564,0,0.222713686842016,0.000566094601936575,2.7217068808458,0.0017957271801407,0.00911031921018462,0.426342172459249,0.00703446954564434,0.00487656046286201,0,0.00106336142824641,0.658122747255645,0.00103359807852334,1.74137472386992,0.000497874464647755,3.41016801804344,0.0593911396598196,0.00428184747985316,0.0559919018215848,0.15485347259995,0.014292336015206,0.00579983422835583,0.00220327825522279,9.22956209288375e-05,0.00653308847648014,0.00878335124167811,0.000298631824502785,0.0154189278533536,0.00723800426680562,0.0189445202039196,0.00624643297723512,0.889389832084729,0.00433935389639243,0.00194783967715747,0.00591078946856377,0.00117429038320591,0.0142197263242035,0.0055519923751308,0.0405655590321493,0,0,0.0128298121494177,0.00567972533237281,0.00101654816586008,0.0136989578836132,0,0.00331458516900698,0.00552307366091798,0.00283463326122211,0.469015842122814,0.0140145156647252,0.000126324247162811,0.171950921740823,0.000143168574050369,0.00837930083598348,0.00111959773588689,0.0377372513406249,0.000144594470480652,0,0.000150497476641498,0.011594426161909,0.0031405870745957,0.0570994419982543,0.00200828383476368,0.125830407785884,0.000820789390115415,0.000125929692869367,0.0036805267579432,0.0677237928809595,0.0200198332154255,0.0153057193126813,0.000168608176184545,0,0.0212236341672939,0.00482948598106555,0.000103704600608275
0.0177108367248484,0,0.000566767705012438,1.52870061146947,0.000952315285491449,1.584801489095,1.51635814359967,0.454263283790805,0.222713686842016,0,0.00245176050956444,1.98158232166608,0.000204491556464657,0.12816033146249,0.00296475356816486,0.000315258611844639,0.000458907400183377,9.39533098590745e-05,0.000462328603737078,2.43371589993627,0.00108774969438584,0,0.00267083932671533,0.226442705044644,0.000348427911796177,0.000510556529521611,0.000486802625047306,1.20892909481167,0.0710605641303615,0.00344355481357906,0.000164822313841451,0.00298436817219649,0.00326244861444999,0.041399815078409,0.129305916383011,0.0378792096158606,0.00324078374890479,0.051184586564049,0.0119350361619949,0.0717037027425831,0.0110091135877299,0.00309639879101148,0.000734316534057684,0,0.000584441565125092,0.000287019731627061,0.00393488509476817,0,0,0.00139293830507789,5.67295184373141e-05,0,0.0298798276262411,0,0.00254182364541552,0.00476524231806172,0.00226586596059759,0.0545128256897422,0.0157254222513841,0,0.00406852383696724,6.8857900772208e-05,0.00636937505364512,9.43290405328425e-05,0.000159668724174014,0,0,0,0.00363392669578539,0,0,0,0.0182843731778128,0,0,5.42003884107592e-05,0.013666137027015,0.000688939296099499,0.000135977737677703,0,0,0,0.00078088434130853,0.000249704571225238
0.00175344515662537,0.00425976218373779,0.0014655534737968,0.000321108453409833,0.00499911861263473,0.00404040716601899,0.00155341686081052,0.0135464311439073,0.000566094601936575,0.00245176050956444,0,0.00158629190769078,6.26443833006359,0.00563302194690745,9.84914439861803e-05,0.000109557746261185,0.0487479448464295,1.95373508123856,0.782105381813605,0.00193393428180515,0.00209074067568084,0.00221492805444942,0.00409126536018547,0.000867972565618509,0.82837269375092,0.957425073923796,0.0480552261178309,0.000866024328905781,0.0205772582546204,0.00256584651648207,0.866748175032834,0.0131833424005666,0.00167088337769651,1.36174486181319,0.00117554626677145,0.0164442808709663,0.488594238394787,0.921222354629728,0.0437689654918953,0.0105983322618202,0.0143588127356316,0.422462641237205,0.000481009796478234,0.0156569186202134,0.00676245553482555,0.000860282227445403,9.91960510192381e-05,0,0.00693002592483723,0,0.00169975663956122,0,0,0,0,0,0.000134557547738139,0.000178265033041291,0,0.0599232585057251,0,0.135309018923581,0,0.00012205737343484,9.39734503738795e-05,0,0.00852496314388213,0.000367035410472216,0,0,0.000112074086134489,0,0.000124747980407579,0.0604205976048601,0.0240400342045776,0.00384193590761252,0.000141674410617305,0.000212744677097062,0,0.0459437904899522,0,0,0.00297214713534904,0.000632570546934381
0.0013441422073958,0,5.78643533121898e-05,1.17466931127543,0.00167561688513634,3.99697868954489,0.0535468112356887,0.0738339596028498,2.7217068808458,1.98158232166608,0.00158629190769078,0,0.000107110247186706,0.0246861067249363,0.377164215603231,0,0,8.87494808505807e-05,0.000428859331062575,9.4369737468432,0.000146352921765206,0,0.000307712388249942,1.0253570336578,0.000140905848798004,0.000134205069647177,0,0.0452417156326186,0.019277924947491,0.0001557337637208,0,0.00269898252503331,0.000117650052196762,0.0193032126590529,0.213808456248657,0.00542945336392876,0.0013865528810243,0.0204038391262514,0.00491809384066254,0.40561146281665,0.00891026140179995,0.0024493142671443,0.000192963899782373,0,0.000313915190589271,0,0.00390038244987201,0,0,0.000499528353685063,0,0,0.590264518957659,0,0.00017785221618481,0.000526698291564009,0.00120805664827603,0.0172094488320712,0.0025834686183436,0,0.41660839257636,0,0.00220148089845132,8.53440946525699e-05,0,0,0,0,0.0457133606964762,0,0,0,0.00242800410736887,0,0,0,0.00179195817861687,0.00027015700174476,0,0.000122644478383591,0,0,0.000271530577932739,0.000281285154574433
7.46906331567706e-05,0.0192774194886976,8.75942109595596e-05,0.000248949516650443,0.000979909860877502,0.000781731686992497,0.000185352766147462,0.00138766061399149,0.0017957271801407,0.000204491556464657,6.26443833006359,0.000107110247186706,0,0.000364732265466631,0,0.000113759564296323,0.000100860741198066,0.0322042358678066,0.00147942548696573,0.000281354597720509,6.87810225064288e-05,0.00754649770566433,0,0.000382082460066762,3.44404999835704,0.106410640010774,0.415293423087427,0.00012499771580149,0.00269820507966094,4.6655256775498e-05,2.41836303569523,0.00132470452787498,0.000301994256519098,0.242869865552676,0,0.000474560511331062,0.315142520318472,0.200595273827072,0.000894522332222022,0.00164778816788796,0.00224022676622524,2.01348519578572,0.000557373164419422,0.0193765512178684,0.00683453171006798,0,0,0,0.00536140340614826,0.000130436644279509,0.00205865133928787,0,0,0,0,0,9.7358789342597e-05,0,0,0.0623376437704021,0,0.203715137277795,0.000100794222113471,0,0,0,0.0156638515857598,0.000461106448530743,0,0,0,4.60341494054673e-05,0,0.138984485552799,0.036815052241037,0.00544430329935819,0,0,0,0.0933662565970357,0,0,0.00307823702463584,0
2.12356839660039,0.000185397588511938,0.00067520202878021,0.00622214410932774,0.00479500905496933,0.106260299878732,1.26021637171857,3.6914051909376,0.00911031921018462,0.12816033146249,0.00563302194690745,0.0246861067249363,0.000364732265466631,0,0.00444194493719906,0.000256849013920669,0.00577306768302444,4.95544395953842e-05,0.00204454686402582,0.0371673899335554,0.00852716030853592,0.000822092716264796,0.0100080782772727,0.0263042445589755,0.000696252549836789,0.00126580293428524,0.00119329701844811,0.0338359235580674,1.48239558913571,0.0805921319959909,6.81914711453315e-05,0.133390351097507,0.010839639239928,0.126295498391141,0.000524738683990889,0.0238234819193173,0.00593751259251566,0.0836927396148248,0.0115056979817723,0.0949339892874071,0.0232708811624956,0.00414197209450472,0.000221958700829198,0.000119090188839609,0.000325403995571663,0.000335625882604549,0.000426832518996211,0,0.000656462437023414,0.000591609895654117,0.000276342655120277,0,0.000412536861242855,0,6.27889339432724e-05,0.00020344965358195,0.000161652391960369,0.0015291193159769,0.000529209441400595,0,0.000222233581841575,0,0.0012652646752063,0,0.000635197110204713,0,0,0,0.000247702055491246,4.21713911632673e-05,0.000452620928926947,0.00032665030165943,0.00376155296731926,0,4.20805657599423e-05,0.00015677170394442,0.00294934547909188,0.00130553750127266,0.000385637753045521,0,0,0.000374843942085947,0.000427593624683989,0.000171178699404338
0,0,0,0.000388380459418827,0.407280574699069,1.08032063925889,0.00119234501298721,0.0182703873558439,0.426342172459249,0.00296475356816486,9.84914439861803e-05,0.377164215603231,0,0.00444194493719906,0,0,0,0.000187579443366981,0,0.00585870108086265,0.000870195063137046,0,0.000523704083011386,0.00147915012911418,0.000803377575339114,0,0.000269584002303771,0.000180657682692836,0.0038022138529066,0.000142772194047604,0.000213834827515549,0.00717382920541283,0,0.00474357433602318,0.00619175231876905,0.0156573303261085,0.00419069990217529,0.00653610803258275,0.00678132825027798,7.68713285069275,0.0173027585635571,0.00200245047143441,0.00214066174307328,0.00665600976512913,0.00429018643004957,0.0109429581270671,0.0073062653152441,0,0,0.000797401987213675,0,0,0,0.000317622381425417,0,0,0.000204928961898165,0,5.42795862021501e-05,0,0,0.0001256759969702,0,0.00582880951031742,0.000160555417960742,0,0,0,0,5.82945860899686e-05,0,0.00160299016397118,0.000171122343980354,0,0.000129084835679173,0.000208217013316752,0.000367396006616789,0,4.45195325157648e-05,0,0,0.00103292372299585,0.000558864784933066,0.00580398740548158
0.000248917777553974,0.0481937930595466,0.0058274819329634,0,0.000271871189357871,0.000120763509233793,0.00189619510826987,0.000128353739043477,0.00703446954564434,0.000315258611844639,0.000109557746261185,0,0.000113759564296323,0.000256849013920669,0,0,0.00405280587801636,0,0.00134206726830564,0,0.670533909086211,2.815598776132,1.7941917776294,1.25530443403161,0.0044449088943744,0.000694001527488984,0.368048171171214,0.192595967573732,0.00135348725823492,0.00786351651571102,0,0,0.00303077645877475,0.00929332804743778,0.00495682897650218,0.166438401444383,0.10522248174612,0.0479141237661775,0.0279900184358758,0.0253669505238353,0.00381331890141651,0.000447398835137598,0.0207689408537295,0.0122617122796645,0.00639626498538357,0.00988530607590646,0.00212642373561905,0.000381677957436544,0,0.000398985510716078,0.00901567831555654,0.00204799380186399,0,0,0,0.000899039574556217,0.000182220828287621,0.00368673236405009,5.13503669350417e-05,6.96026081075784e-05,0,0.000135330765068571,0.000131051060003429,0.00083824244752214,0.235711138653791,0.000447304209103233,0,8.21910213013588e-05,0,0.0108538325190449,0.256213267892449,0.0248254430734358,0.0065237323024306,0.00292089561590646,0.000436132081497936,0.00854611476804297,0.00434477138800644,0.00407037943364137,0.0074965608607181,0,0,0.00524241857372588,0.00375312091658266,0.00234708533024503
0.012416033042728,0.0773270788288776,1.03791119796131,0.00012933581493778,0.000185239738644011,0.000291755855418953,0.0184428238066538,0.00220492245639917,0.00487656046286201,0.000458907400183377,0.0487479448464295,0,0.000100860741198066,0.00577306768302444,0,0.00405280587801636,0,0.0351372948632089,2.18808134429597,0.000250399963520075,0.0770573308494276,0.0085012295757039,1.85224749998748,0.00228810772888164,0.00694886575899739,0.619853816933838,0.308052989373338,0.0119390614261224,0.0178752605322257,0.0874751499301534,0.000840989783557608,0.000729351589543643,0.00863578624865509,0.482967011823152,0.001638961004691,0.0394062786998115,0.620221681553215,0.268874257520854,0.0594014941421367,0.00998694931648934,0.00400949987902287,0.00137816934911111,0.00133915627186593,0.00154037921397396,0.00125297594395296,0.00167813541688613,0.000116327379898556,0,0,0,0.133651988082478,0.000770130740772054,0,0,0,0,0,0,0,0,0,0.0011186707274752,0,0,0.000444029822634164,0.000535203414427346,0,0.000139276805396119,0,0,0.00177914821451662,0.000623418614915749,0,0.000624071107766706,0.00223330791731518,0.014805111958747,0.000121577111445411,0,0,0.00065068191325483,0,0,0.000313786727924523,0.00121694750010915
0.00023319346907576,0.00249276141533275,0.00106459720238217,0,0.000476560181358776,0.000186093173989031,0.000222972826136727,0.000591020923811046,0,9.39533098590745e-05,1.95373508123856,8.87494808505807e-05,0.0322042358678066,4.95544395953842e-05,0.000187579443366981,0,0.0351372948632089,0,1.63141970427344,0,0.000572027390712134,0.000288744762435296,0.00173161679880923,0.000169050252783855,0.0716779885368033,1.02885723198493,0.00986676696293221,0.000167962588836426,0.00122483046962545,0.00100632238730326,0.065724160908273,0.00104127690367328,0.00117730243453585,0.0728653267150484,6.82886411142533e-05,0.00160388699200838,0.0452845806895228,0.0508741025389219,0.00761609090392118,0.000784081756514943,0.00118675553811295,0.0114621824372824,0,0.00131475068197284,0.000735412137842756,0.000269416694140625,0,0,0.000315702570098273,0,0.00186804467849398,0,0,0,0,0,0,0,0,0.00382014244524358,0,0.0232111456429876,0,0,0,0,0.00165825441142369,0.000302652183839722,0,0,0,0,3.60202946426639e-05,0.0171705082993013,0.00513331261577175,0.00176381790016122,0,4.85696687103406e-05,0,0.0100670192628268,0,0,0.000168305673613514,2.73388749476303e-05
0.00440544003204993,0.0149103493031708,0.065320213927435,0,0.000490776293615445,0.000548111129924783,0.00375391570556185,0.0024003648119665,0.00106336142824641,0.000462328603737078,0.782105381813605,0.000428859331062575,0.00147942548696573,0.00204454686402582,0,0.00134206726830564,2.18808134429597,1.63141970427344,0,0.000377816539833812,0.0132540642419591,0.00566444058698246,0.053728308320128,0.00114523575920424,0.0501418308429989,1.27678367533635,0.0874576033473703,0.00254020651840255,0.0107668400427998,0.0186763446243946,0.00678368289993655,0.00136761666745499,0.00670362172773489,0.520696705545869,0.000967511030733461,0.0129131148169381,0.212683279016779,0.378242085227921,0.030463819822991,0.0032050865796512,0.00538329020008953,0.0017124202664077,0.000481064876272459,0.00194887793923403,0.00205687337489855,0.00120615235686725,0,0,0.000375061465456902,0,0.0321405985940147,0,0,0,0,0,0,0,0,0.000643689782636131,0,0.00593597852793023,0,0,0,0,0.000700662701590292,0.00206096657064049,0,0,0.00066775869561192,0,5.42057754096374e-05,0.0129032402849943,0.0122959480137512,0.0183722136927256,8.56535440892298e-05,0,0,0.00154391805179256,0,0,0.000944051354450607,0.000488578614653798
0.00365623504576095,0.000121887046372589,0,8.25107143867181,0.00118051356896216,0.118671958320663,0.0207183515941436,0.078367079992237,0.658122747255645,2.43371589993627,0.00193393428180515,9.4369737468432,0.000281354597720509,0.0371673899335554,0.00585870108086265,0,0.000250399963520075,0,0.000377816539833812,0,0.000219859278986983,0,0.000350932637252548,1.11387088802092,0.000173913080171787,0.000153485653939855,0.000130542686909489,0.252866265688014,0.0348054226028547,0.000164901952042028,0,0.00231779146153253,0.00224768567992628,0.0280108485524822,4.03943518517465e-05,0.0104737844135186,0.00263818122276748,0.0357862127707626,0.00974454663905793,0.0703374005628165,0.0138501247557252,0.00227679588747706,0.00040938466159672,0,0.000360523861626207,0.000164844353808353,0.00958649365451951,0,0,0.00127651290308548,0,0,1.2556012032384,0,0.00164013138709217,0.00337622968284255,0.000963408577831156,0.0770708404333753,0.0103000545758396,0,0.256197655758326,0,0.00383787884891407,0.000136908052043166,0,0,0,0,0.108186163415009,0,0,0,0.0118895514836354,0,0,0,0.00739140124612259,0.000404429999765461,0,0,0,0,0.000397906867864978,5.64119595698898e-05
0.00948677383971842,0.00175544465571131,0.090392272265438,6.52303058269058e-05,0.000122893819131445,0.000599421220781977,0.0474299619355141,0.00501917931282663,0.00103359807852334,0.00108774969438584,0.00209074067568084,0.000146352921765206,6.87810225064288e-05,0.00852716030853592,0.000870195063137046,0.670533909086211,0.0770573308494276,0.000572027390712134,0.0132540642419591,0.000219859278986983,0,0.0283845222573878,5.39772649837137,0.10025021423899,0.000134070383553397,0.00708443674901641,0.0250518677276766,0.898747274950811,0.0206523024831332,2.0760680087138,0,0.000873474773533467,0.0626733334360518,0.393032559526485,0.0126112885209445,0.239067936135356,0.119115876894169,0.363333091347099,0.0857781187256926,0.0646454710027633,0.00972489736479286,0.00154859838023575,0.00238947321510867,0.00151243697619762,0.00350104026688157,0.00293887467294939,0.0006491938683589,7.09151479622093e-05,0,0.00016250979054616,0.000630263206435858,0,0,0,0,0.000333760375174561,0,0.000417202001482708,0,0,0,6.15482805873787e-05,3.35558152866275e-05,0.00123597587893348,0.00924688317600373,0,0,3.78437439607152e-05,0,0.00164168610933568,0.0088189421968783,0.00356927692493845,0.000882139153477604,4.07987608045529e-05,0,0.00158907865918905,0.00084658015784939,0.000617412234902383,0.00159733940394224,0,0,0.00132125607954391,0.000447223998505577,0.00690812769519011
0.00295480090339765,1.90175087858134,0.0073895779124823,0.000229713343988091,0,6.80394609176519e-05,0.00141083029935693,0.000637963735212648,1.74137472386992,0,0.00221492805444942,0,0.00754649770566433,0.000822092716264796,0,2.815598776132,0.0085012295757039,0.000288744762435296,0.00566444058698246,0,0.0283845222573878,0,0.0891869608363291,1.02366521819123,0.213243615165299,0.00875365562537948,0.469863922649348,0.0253545656419388,0.00381361271446196,0.0085309850545815,0.00632323708219201,0,0.000677030027728155,0.00686448398140462,0.000949876086196271,0.0279659230021601,0.0342658398409044,0.0272462394108734,0.0142730072344015,0.00403738654220603,0.000709493180037157,0.000563356508268519,0.0336478394371835,0.0329701351118825,0.0204672978963597,0.0176919269014969,0.00444028738579562,0.00140804849292579,0,0.00228404983945113,0.0719138899315162,0.00667488633606951,0,0,0,0.000590375747503495,7.21109788925749e-05,0.0228878449609446,0,0,0,0.000496388404069183,7.21072864467986e-05,0.000132443201179048,0.284490338871763,0.00286598430664993,0.000253406381201058,0.000494937799019515,0,0.0141311046633959,0.813641639762653,0.0340321879312927,0.0130888563145481,0.00849971453612039,0.00154214149814214,0.0781162469422139,0.00851574971000922,0.00341942499203283,0.00826592810300985,0.000104689820951854,0,0.00611859731428854,0.00718399271969244,0.00126151204859961
0.00990425060887527,0.00628964929729887,2.35939685625349,4.78415892828459e-05,0,0.000682733613695638,0.0539007356463447,0.00524406990524269,0.000497874464647755,0.00267083932671533,0.00409126536018547,0.000307712388249942,0,0.0100080782772727,0.000523704083011386,1.7941917776294,1.85224749998748,0.00173161679880923,0.053728308320128,0.000350932637252548,5.39772649837137,0.0891869608363291,0,0.0348781872548563,0.000595377243843027,0.133759375178344,1.17825361866975,0.202424901952681,0.017610252987672,0.226910762532823,5.80656965939452e-05,0.000250374594661734,0.00690050805313291,0.354654104491669,0.0367187625668964,0.472350486242895,0.533902839826202,0.614048339051002,0.265161870027256,0.152957134753742,0.0162734298293191,0.00246969717581454,0.00687279888740763,0.00525501507490507,0.00528558372341198,0.00784140039751911,0.00138146870637973,0.000441361141484617,0,5.02331352296402e-05,0.00421060539660412,0.00330204507529475,0,0,5.04659882280198e-05,0.000307121385048115,3.78719564191044e-05,0.000464297713562547,9.93126064738822e-05,3.27260514574761e-05,0,0.000117277212312385,9.30539440623015e-05,0.00102433964799902,0.01090387704319,0.000529099362854882,0,9.58653322701754e-05,0,0.00109030148595515,0.0217828540363744,0.0045543446591033,0.000710894212947347,0.000350888197917465,0.000966881536932831,0.0249610497722019,0.000935879862637511,0.000516147894404633,0.0013272252692848,0,0,8.99086572517787e-05,0.000755345745606116,0.0190012162280516
0.0153687823825466,0.0454151344394501,0.00550304695309439,4.54458516120997,0.00010360554768563,0.0376386119834506,0.202919388382717,0.0391860549214361,3.41016801804344,0.226442705044644,0.000867972565618509,1.0253570336578,0.000382082460066762,0.0263042445589755,0.00147915012911418,1.25530443403161,0.00228810772888164,0.000169050252783855,0.00114523575920424,1.11387088802092,0.10025021423899,1.02366521819123,0.0348781872548563,0,0.0133142081426376,0.00232917354742498,0.05541432759103,3.00693102031814,0.0463976130433726,0.0179783297769182,0.000649944206668964,0.000759971309616301,0.0105577899112064,0.0225645658238629,0.00131061147809631,0.0561724029418979,0.0132035071393194,0.0480205615573682,0.0153616724857707,0.0372164876502123,0.0069073599014768,0.00121040784358943,0.00877026860420264,0.00244461194075903,0.0122052143219168,0.00334963172707507,0.0146209271264327,0.000370825137651778,0,0.00846602947495195,0.00248984794070921,0.00105296681629894,0.471843398809479,0,0.00406599703582191,0.00790925349334733,0.00639346823992941,0.161378725896663,0.0148262924338706,9.61276594887966e-05,0.0543404411213518,0,0.0175857156437243,0,0.0281236474957492,0,4.16633453956712e-05,0.00014032374837207,0.00673954543176292,0.00530120821772009,0.0280352898035526,0.00626866547841513,0.142799438065854,0.000463883020962036,0.000298697695548791,0.00305185677944783,0.069775854326597,0.0211887466193003,0.0104992334503998,0,0,0.00891583941442722,0.00688356685651563,0.000884630340123
0.000307206697135299,1.34523976216245,0.000223298706925707,0,0.000277466868248699,0.00034143791294805,0.000130055819480513,0.000483888100301691,0.0593911396598196,0.000348427911796177,0.82837269375092,0.000140905848798004,3.44404999835704,0.000696252549836789,0.000803377575339114,0.0044449088943744,0.00694886575899739,0.0716779885368033,0.0501418308429989,0.000173913080171787,0.000134070383553397,0.213243615165299,0.000595377243843027,0.0133142081426376,0,0.163380153437827,0.464136318421556,0.000508404663337466,0.00224804778954626,0.000418119562439201,0.61531012834901,0.00110975401946365,0,0.0735072185649948,7.56038713011446e-05,0.0157037079601551,0.540138815646923,0.155537880721476,0.00486787258396693,0.00394965610960393,0.00182389012873493,0.959216727986193,0.0198284014958361,0.103563031709059,0.0295900714491087,0.00154071149493197,0.000175806697227075,0,0.0664306527910895,0,0.157856782240606,0,6.7558085419854e-05,0.000505054566486432,0,0,0.000123400101971162,0,0,0.190431553055145,0,0.397614242156166,0.000374806005235025,0,0.000312549097950541,0.00103300961870828,0.0375406298399951,0.00826329011391928,0,0,0.000355176412586287,4.04105149518904e-05,0.000208724020392469,0.552390488836993,0.0819638084610058,0.0543548444984218,0,0.000157570335855407,0,0.135046986524394,0.000288530222715385,0,0.0103958533338545,0
0.000764859119512727,0.0402267428476804,1.35435587961811,4.24488008309125e-05,0.000173721901310171,0.000681060972039535,0.00222140989749938,0.000822863614498406,0.00428184747985316,0.000510556529521611,0.957425073923796,0.000134205069647177,0.106410640010774,0.00126580293428524,0,0.000694001527488984,0.619853816933838,1.02885723198493,1.27678367533635,0.000153485653939855,0.00708443674901641,0.00875365562537948,0.133759375178344,0.00232917354742498,0.163380153437827,0,1.53464452817008,0.00496066517324313,0.00368849609709944,0.00585097460223884,0.719153072139172,0.00101729964053046,0.00116504373017975,0.147701096234744,0.00133966814763608,0.017662802938094,0.150632504886182,0.266712933378322,0.0231186992431285,0.00278736958268354,0.00195542924796037,0.0142099202458584,0.00060970387011855,0.00561494038239621,0.00587711918006475,0.000838355406572266,5.19232814629386e-05,0,0.000496990511914916,5.06023398246973e-05,0.0768375029518245,0.000283090835240197,0,0,0,0,0,4.29168289385207e-05,0,0.00931811508901384,0,0.0448996753852293,5.91750379755323e-05,0.000159022137549376,0.000115181519607454,0.000317299870708903,0.00703727906786274,0.00349830692160727,0,7.73776137130834e-05,0.000953446898154871,0.000311435210417954,0.00021089267028475,0.0483494521277483,0.0515326585137582,0.0634995054069721,0,0,0,0.0144759718606721,0,0,0.00134046663120875,0.000842255404312697
0.00100717281047622,0.881908006440287,1.5499051673176,0,5.58031432636719e-05,0.000266688273871811,0.00361455399982692,0.000642493245087547,0.0559919018215848,0.000486802625047306,0.0480552261178309,0,0.415293423087427,0.00119329701844811,0.000269584002303771,0.368048171171214,0.308052989373338,0.00986676696293221,0.0874576033473703,0.000130542686909489,0.0250518677276766,0.469863922649348,1.17825361866975,0.05541432759103,0.464136318421556,1.53464452817008,0,0.0288471519390105,0.00355589030774616,0.00705518311915303,0.498120173967401,2.63411353967971e-05,0.00176722239799973,0.151968699946168,0.0130940907682798,0.126185990417765,0.179037992335075,0.328646952558562,0.09686696731613,0.0202061660198379,0.00737781418072275,0.00185400125752699,0.0110846761294388,0.017211215979524,0.0170803590058375,0.00754170108711508,0.000986710113571058,0.00046894698425766,4.73718502838139e-05,0,0.277146173400836,0.0140150553688072,0,0,0,0.000322313298580404,0,0.000835112497087728,0,0.00277523849565151,5.67000032520152e-05,0.0338136382797478,0,0.000617121794148353,0.0824941017274888,0.00410362600237972,0.00548487279269623,0.00413113603611924,0,0.000699380127856571,0.0456456200089197,0.028321424784687,0.000637673971698969,0.0498349720915055,0.0644174297528229,0.254990186793849,0.000819428067831952,9.34297821137873e-05,0.000129868145201072,0.00766192573703617,0,0,0.00463656237936024,0.00743305699057386
0.026169664694768,0.00164132213752674,0.0502038288083225,1.96914838734103,0,0.0586999861777265,3.78167175284142,0.0356064560782055,0.15485347259995,1.20892909481167,0.000866024328905781,0.0452417156326186,0.00012499771580149,0.0338359235580674,0.000180657682692836,0.192595967573732,0.0119390614261224,0.000167962588836426,0.00254020651840255,0.252866265688014,0.898747274950811,0.0253545656419388,0.202424901952681,3.00693102031814,0.000508404663337466,0.00496066517324313,0.0288471519390105,0,0.0943549235567324,1.19372677732757,0,0.000843376952710869,0.0494349818581033,0.0814855724148006,0.00699033245257661,0.147452148843372,0.033596503735326,0.150547503533339,0.0398711399816611,0.0460633454144679,0.0124898908523485,0.00169781857578164,0.00223127318467255,0.000659713411328424,0.00438179036608573,0.00133509093893302,0.00325779816673565,0,2.72565519806368e-05,0.00144177896946853,0.000208805766313827,0.00013657644477778,0.0269132156052611,0,0.000620804594017703,0.00206276585948301,0.00184667359332053,0.0271747817497583,0.00504125145976058,3.45578144549173e-05,0.000945620431481199,4.39241602230038e-05,0.00451049726066918,0.000348631017346567,0.00665447207035238,0.000181032074024235,0,0.000119828282396798,0.000860179104452093,0.00119618680486175,0.00506582276865104,0.00140624249677658,0.0239325143626134,2.560787875413e-05,5.3713668322259e-05,0.000637789822134028,0.0162859746402419,0.00527914735514284,0.00431929286796238,0,0,0.00321284087531206,0.0014041338546761,0.00327756776751753
3.34102997513817,0.000726580508408135,0.00187956045393621,0.00777273980616813,0.146223036862975,0.0996241621274481,0.157556889804595,0.290998105728494,0.014292336015206,0.0710605641303615,0.0205772582546204,0.019277924947491,0.00269820507966094,1.48239558913571,0.0038022138529066,0.00135348725823492,0.0178752605322257,0.00122483046962545,0.0107668400427998,0.0348054226028547,0.0206523024831332,0.00381361271446196,0.017610252987672,0.0463976130433726,0.00224804778954626,0.00368849609709944,0.00355589030774616,0.0943549235567324,0,1.1460160697958,0.000538257697261036,0.475619473117388,1.89352597726181,1.07514872255016,0.000620555331300988,0.0473113853131351,0.0141264650638247,0.39525166455808,0.0255442069566201,0.127580614525212,0.155092594073131,0.0114079879681965,0.00121016487718199,5.95760162274339e-05,0.00229631861533746,0.000255852297569726,0.00100949718140377,0,0,0.00110315608796899,0.000753513495196529,0.000140397296042413,0.00028598493726323,0,0.000172716134388983,0.000380698072635689,0.000459269703417597,0.00304120941361978,0.000553577651821482,5.59209522674534e-05,0.000129971848103864,4.06656761652037e-05,0.00161412319394242,0,0.00105689259497515,0,3.87114114736931e-05,0,0.000114482189177609,0.000625803807320902,0.000877430304925902,0.000116613344944117,0.00726073594910254,6.80456263438874e-05,0.000156466617901757,0.000204999203936221,0.00791314032036241,0.00294078804315297,0.00118927603614752,0,0,0.001285395752776,0.00100005208308715,0.000515796784190859
0.243772145199946,0.0012910192744655,0.0128554987131715,0.000145676566377364,3.855221267821e-05,0.00148879963826078,1.50389777517984,0.0208588668600131,0.00579983422835583,0.00344355481357906,0.00256584651648207,0.0001557337637208,4.6655256775498e-05,0.0805921319959909,0.000142772194047604,0.00786351651571102,0.0874751499301534,0.00100632238730326,0.0186763446243946,0.000164901952042028,2.0760680087138,0.0085309850545815,0.226910762532823,0.0179783297769182,0.000418119562439201,0.00585097460223884,0.00705518311915303,1.19372677732757,1.1460160697958,0,0,0.00037904435611882,0.166174095365188,0.505555517341918,0.00328606469256873,0.0900070002930737,0.0341390138729567,0.18778142755915,0.0334000042693979,0.0228188232877246,0.00836682751028759,0.000421050816007868,0.00114988677774225,0.000196778987154619,0.00185903000245016,0.00105371997956739,0.00015525590923806,0.000146212973529834,0,0.000132986257073381,0.000920628592336182,0,0,0,0,0,0.000177273818955676,0.000515854137062503,7.29309350619954e-05,0,0,0,5.22918895954684e-05,0,0.00113890116918426,0,7.08166518897518e-05,0,0,0.000142307824779296,0.000285748067228059,0.000476937886207242,0.00157427639183372,0.000190389378123959,7.64662636347426e-05,0.000823356380605496,0.0021252814452891,0.000543657343607937,0.00033287116613972,0,0,0.000263148175326226,0.000455029169617513,0.0012998506827634
0.000168935475219421,0.0157829281801964,0.000219833759882344,0.000228439186302946,0.000549354350767126,0,8.72587836921179e-05,0.000100163747030855,0.00220327825522279,0.000164822313841451,0.866748175032834,0,2.41836303569523,6.81914711453315e-05,0.000213834827515549,0,0.000840989783557608,0.065724160908273,0.00678368289993655,0,0,0.00632323708219201,5.80656965939452e-05,0.000649944206668964,0.61531012834901,0.719153072139172,0.498120173967401,0,0.000538257697261036,0,0,0.000244576718527753,0,0.0173184303142504,0.000101001875713555,0.00102852570203363,0.135877878723514,0.0559940370880346,0.00549105461546728,0.000105890198148816,0.000601910009475369,0.0906297695547438,0.000550834379268459,0.00869244458594644,0.00556388876200815,0.000724312973786704,0,0,0.00337390344287164,0,0.00176730013228682,0,0,0,0,0,0,0,0,0.0203589247797913,0,0.0992555664227642,0,0,0,0,0.0181619457072439,0.000965835449159743,0,0,0.000131745111794672,0,0,0.116479714190784,0.0282880902792364,0.00637902549672401,0,0,0,0.0701888029274764,0,0,0.00106567030161698,1.41718040678123e-05
