0,0,0.0228335802320973,0.006834517226799,0,0.00362139979303378,1.8764251943725,0.0834342522410447,0.0415110419403516,0.0304097741680767,0,0.000502607054659848,0,4.15897369866473,0,0.000347340326860599,0.100609642074502,0.00132917418280154,0.00919937512949491,0.00297388276567392,0.0291555349245469,0.00102529299403427,0.0447655895292843,0.0353678624393471,0,0.0105895223275779,0.00362058064929692,0.0695019854392372,0.521689495651897,0.382924058371214,0,0,0.0609457255777158,0.0743455773385282,0.000812131500256972,0.0429108503208006,0.0145878823134084,0.0462803578116349,0.0314403089238403,0.0419827031843522,0.00207451407665871,0.000399005324510555,0.00124262252058286,0,0.00123482548553021,0.000675523397391234,0.0010577582233282,0,0,0.00325537422616757,0.000224229898752914,0,0.000853860526847505,0,0.000368677734932565,0.000968305770413559,0.00154396113185468,0.00349089704762858,0.00102609459240553,0,0,0,0.000601661727019677,0,0.000919383563309669,0.000157929654076259,0.00023594643687623,0,0.000601715360955556,0.000192378124744341,0.0019237671794827,0.000122952365814334,0.00988644295009912,0,4.97321826537188e-05,0.000126858998011454,0.00859513974017435,0.00190998213028572,0.000567415630234094,0,0,0.0011418341688255,0.000504995001273845,0.000223383355776896
0,0,0.191996880850149,0,0,0,0.00148785831971317,0.000151781002269018,0.208528673285611,5.43139561619919e-05,0.00805272515406978,0,0.0125176460116102,0.000278321378136029,0,0.230410795034058,0.0398002321454452,0.00926787128607233,0.0180761796234722,0,0.00203712349113429,3.00875577412673,0.0128614678566387,0.165054242100792,2.33224490419965,0.116392632158702,1.34552079960168,0.0156294715854634,0.000725119840902094,0.000930555304449272,0.0111969848361101,0,0,0.0125027792527033,0.000760548678968026,0.0261739010815857,0.135930692777021,0.0422518920218037,0.0137090053642999,0.00148413301510143,0.000222341239336545,0.000401425862571475,0.0265310106945392,0.223785868960081,0.0406630233352139,0.0195897401932197,0.00175608900992242,0,0,0.000993560918784924,0.965728284522297,0.11766894252849,0,0,0,0.00118712721798683,0,0.0051038112431446,9.87600137938305e-05,0.00188226468737503,0,0.00295933352045881,0.000421565076725648,0.00191370540579431,0.0185204437994402,0.0777182942539048,0.00153317053846135,0.0163339093064178,0,0.00200852488333548,0.0608844749419499,0.0273919378459748,0.00573961238834432,0.109889187186454,0.0519052964262522,0.42723192307707,0.000804364775213104,0.000222055914760695,0.0009047090580625,0.00148255801998696,0,0,0.0102738094609234,0.000792443160815611
0.0228335802320973,0.191996880850149,0,0.000110903590406454,0,0.000476606353097687,0.0721722491108136,0.0172734690482403,0.0129646398598357,0.00106899034257972,0.00246972709905702,0,0.00173875537211961,0.0189982294898826,0.000987958146203084,0.0275879219235044,2.17428092873489,0.00440944211543619,0.0563841739132538,0.000166937149914363,0.390937609851369,0.0352511943990012,2.94698410089802,0.0124185967874468,0.000509229521632684,1.73501624151448,1.87729531703183,0.167470307658954,0.0078883063194092,0.111427048213388,0.000316213983837072,0,0.00232655861134094,0.24246177765549,0.0150641323060786,0.454938285528592,2.50461239777318,0.575164340872554,0.163813921222019,0.0246828900905725,0.0065751189711233,0.000693075153673585,0.0141617508644202,0.100506115373372,0.016565224892438,0.00875865498511613,0.00119001002353311,0.00019123449491102,0,0.000137906930021603,0.0810221427236826,0.0592679565882491,0,0,0,0.000583638101215513,0,0.0021245789815325,0,0.000439710477372645,0,0.000280731238160468,0.000489576517935263,0.000798496460552842,0.0125212253634571,0.0305057553621584,0.000240579157005603,0.00546604907871428,0,0.00191809865296013,0.0385781408738709,0.0158975009944757,0.00464406755115103,0.0075935038942234,0.0302941216068111,0.185530870937869,0.00236924258703063,0.000626199965937838,0.000583941181729687,9.97303219645198e-05,0,0.000329690517132799,0.00295379948241786,0.0105619293853864
0.006834517226799,0,0.000110903590406454,0,0,0.0140211636812457,0.0587364640883813,0.034318947792206,0.428210878449457,1.20793388371505,0.000369709944108762,0.982122115936033,7.90885739999411e-05,0.0148131049327038,0.0010865540616623,0,0.000308531638224728,0.000116044583113872,0.000819516074725716,5.82585705548936,0.000183369918433039,0,0.000318595017482641,6.06814333898487,0,0.00014427300461007,8.79513382431875e-05,3.64782407647981,0.016822357735708,0.000518741181139858,0,0,0.00406594402797154,0.0219935571343497,5.29036839769341e-05,0.0384560869163727,0.00125269824223454,0.018071401631084,0.004857409698958,0.113042188280766,0.000952199411088633,0.000169577549422522,0.00411689982547641,0.000100848404593143,0.00135382263922062,0.000840091472904293,0.00466149685930619,0,0,0.0015260823820203,0,0,0.0177402940559954,0,0.00218469114471602,0.0033081853140587,0.00422045556795075,0.0201246340070312,0.0139802553882161,0,0.000803880743875274,0,0.00248211287988459,0.000243221050487512,0.000165519528509846,0,0,0,0.0045174037378334,4.31963772559458e-05,0,0,0.0344900380075595,0,0,0,0.0231574990864122,0.00163437294048431,0.000318152301876496,0,0,0.000387952950690044,0.00150234249005374,0
0,0,0,0,0,0.746085164631911,0,0.0324328495021786,0,0.000268277340290365,9.86322097224004e-05,8.80495662159446e-05,0,0.0615822434483235,0.0369593120531262,0,0,0.000547102530167095,0.000323390268179544,0.00130493583312773,5.02149278307162e-05,0,0.000147603438120559,0.000165477423717236,0,7.0304769615101e-05,0.000116538676007397,0.000226699218105831,0.275798083441603,9.19634377027061e-05,0,2.08878492649852,0.00169819466201392,0.579373522293665,0.00726700968338681,0.000909489645914474,0.00137663364237282,0.0403621316798362,0.0140860140465878,0.726385262622217,2.91879434716708,0,0,0.000557874966010594,0.000101841885101627,0.00081109133236279,0.000925041589828202,0,0,0,0,0,0,0,0,0,0,0,0,0,0,0,3.16661003208103e-05,0,0,0,0,0,0,0,0,0,0,0,0,0,0,0,0,0,0,0,0,0.00382994109670001
0.00362139979303378,0,0.000476606353097687,0.0140211636812457,0.746085164631911,0,0.0617977611662076,1.83935284509636,0.0146761833666693,0.946938452921206,0.00134544723751867,0.343369920438006,0.000496528445634739,0.207889276744261,0.522413038876045,0,0.000510064745524233,0.00076724698981278,0.00300126221049037,0.178633188024935,0.000441015543538134,9.11205576442226e-05,0.000218371767528903,0.057287562414552,0,0.00134681404349675,0.000331659728051391,0.0765927695428376,0.221428554806785,0.00291397888850764,0,0.129315340809111,0.00327332687031846,0.102007215125342,0.0022639907768977,0.00759155261872895,0.00343999632556119,0.109528540470398,0.0261559300313539,1.91188992014346,0.215322644471646,0.000423782990432906,0.000406719665246036,0,0.000161964908753532,0.000294238587963734,0.000318158054819682,0,0,0.000571719439614844,0,0,0.000548392427281593,0,0.000253009906050613,0.000752999782647945,0.00036730513906344,0.00285364685316064,0.000524258211357567,0,5.04168687785276e-05,0,0.000955441644958095,0,0,0,0,0,0.000139570577112725,6.19467334862403e-05,0,0,0.00395734725095836,0,0.000113891772772305,6.27635613233844e-05,0.00374305121988404,0.000373034086696483,0.000210278304695669,0,0,0.000297473944288443,0.000212682825588408,1.90946780468e-05
1.8764251943725,0.00148785831971317,0.0721722491108136,0.0587364640883813,0,0.0617977611662076,0,0.657292882306252,0.361525599810364,2.18777866956526,0.000992588770410452,0.00299007538437836,0.000402219194464433,1.45740858126672,0.00182077611731987,0.00432444420461983,0.0550922378718855,0.000945574503598457,0.00515946304838588,0.00872933549778857,0.181481400230522,0.0121297840175927,0.10559898725556,0.669642422892707,0.000119709457094818,0.0178282925866511,0.0194392201291371,4.59760226253334,0.358548538776233,2.12436245580407,5.80820772331679e-05,0.000423655753321658,0.140418992183339,0.190983378532008,0.0100413697196035,0.312490162428403,0.0942634971747187,0.211987937631636,0.0994371590527597,0.192082201295608,0.00455949627202941,0.000716305323243256,0.02405401216657,0.00235866940949408,0.016846868614529,0.00897655686315466,0.0127325481181387,0.00101411846444545,0,0.0304274215841709,0.000229921090519423,0.00153650946937358,0.00163494847966306,0,0.0019607571513032,0.0345808126515012,0.00996593791350089,0.0775993012687379,0.0110168961409943,4.54317268634456e-05,0.000325759314168496,0,0.0256820894794843,0.000628888412697218,0.0136470468110052,0.000857868022377289,5.82150432427652e-05,0,0.00222776240250799,0.00393308691812585,0.0376883167705592,0.00457806566338459,0.169047301885291,0,0.000383451468028916,0.00232428162316696,0.164356091697656,0.0225758040871655,0.0215750011179838,0,0,0.00720927273197782,0.01068964613556,0.00384823014329539
0.0834342522410447,0.000151781002269018,0.0172734690482403,0.034318947792206,0.0324328495021786,1.83935284509636,0.657292882306252,0,0.0536293837155119,0.796286449069107,0.00381243234842184,0.0466268228664971,0.00141007428688075,2.25346449894064,0.0065145286234444,0.000323454876162694,0.0385441997794979,0.00226124146653926,0.00854117494849984,0.161096497991467,0.0241948509032708,0.00116872237832465,0.0233221463105729,0.094144656343126,5.29340637846314e-05,0.0105674283264648,0.00430600387948701,0.160482433881993,0.379049320320805,0.0991685196828319,0,0.122733095799085,0.012075823304494,0.202208681570763,0.00175863870319198,0.0376193466990342,0.0157240089657112,0.23005629271862,0.067506388183039,0.62029272295693,0.145313846797389,0.00102486219760973,0.00332372773984946,0.000263358072870312,0.00236737344891625,0.00151318890120387,0.00156029035471217,0.000207896941967994,0,0.00390092295836049,0.000148227265069883,2.80667339762457e-05,0.00106698465511537,0,0.000595149661329151,0.00665172312114756,0.00313920068525135,0.0091877928586638,0.00420716511690364,8.09954196173725e-05,0.000127608855781007,0,0.00371757660117679,0.000114596535691101,0.000356418900241469,0,7.40416192447201e-05,0,0.000264259431253001,0.000180220982935315,0.00161346641574988,7.06526646164455e-05,0.0289086583817024,0,0.000159449196391389,0.000268365696525982,0.0251439716307954,0.00275124538397156,0.00251310812824598,0,0,0.000353459801177939,0.00122586092760813,0.000757783697873797
0.0415110419403516,0.208528673285611,0.0129646398598357,0.428210878449457,0,0.0146761833666693,0.361525599810364,0.0536293837155119,0,0.143046062336813,0.00129325490097488,4.09012616903643,0.00158443422669548,0.0336128771793178,0.523362630779013,0.0448725148419908,0.00413295343024179,0.000738270100702432,0.00141282692827324,0.767507864743981,0.0167260938228948,1.23147645306279,0.00847273036630268,7.17996871521636,0.0469699970164441,0.00654331678728273,0.0860362514267355,0.565212775890282,0.0539065258735445,0.0604713949714791,0.00104643966428314,0.000204815471160128,0.0659021714442835,0.0418763294695323,0.0012495318715562,0.193973893570215,0.030773275817865,0.0572280627162515,0.0404514968621694,1.60733103182635,0.00292386478399992,0.000810837233564225,0.0390642249777766,0.00467635801241095,0.031351439219365,0.0167588284682798,0.0161810811249632,0.00148829861202344,0.000568240693184539,0.0895636230664994,0.00955098032581608,0.00233609774693477,0.00857336855276659,0,0.00303521665430237,0.044552369454178,0.0152207434532457,1.93956726439676,0.0250729985397771,8.07492517170506e-05,0.00506748412562877,0,0.0330332957907941,0.00434171160191698,0.0725910466370461,0.00106137757610358,0.000293198371444855,0.000423880526150531,0.0045843951974325,0.005927739919492,0.180708394126345,0.00707738023504176,0.516836204643386,0.000306435047348674,0.000693418888622771,0.00828216165379928,0.216312857050127,0.0315841609193857,0.0427667168683916,0,0,0.0267432939451339,0.0211450381529805,0.000927694177232462
0.0304097741680767,5.43139561619919e-05,0.00106899034257972,1.20793388371505,0.000268277340290365,0.946938452921206,2.18777866956526,0.796286449069107,0.143046062336813,0,0.00126072233968447,1.27017851261718,0.000241308728782083,0.445405617257298,0.00110953690899008,0,0.000934851850880226,0.00162448953119656,0.0023668945299517,3.142948686036,0.00198254875701584,0.000228989919565273,0.00182309895125796,0.420362529669976,0.000295104771456817,0.00175656943982103,0.00098050394955585,2.77824210972066,0.158156350954223,0.0107904015196068,0,0.000918041626534985,0.017946596016588,0.140997846742971,0.00109897136985189,0.0787371180556184,0.00640741857326008,0.0895490414315193,0.0246373709537057,0.233959793669165,0.00209863326015005,0.00010432589671578,0.00411398107855082,8.34767951229387e-05,0.00123451352939149,0.000481963874131989,0.00660856186564945,0,0,0.00160326699346927,0,5.39581029269827e-05,0.00439588394165178,0,0.00184077582231589,0.00584208147252152,0.0043615848534425,0.0074754446463846,0.0140779291979366,2.49513417253393e-05,0.000846441465245399,0,0.00379244457480009,0.000229465606979802,9.38618543351588e-05,0,0,0,0.00239047354909777,0.000163728270661326,0.00101196728318245,3.47685704172019e-05,0.0378325372394826,6.55149232719901e-05,0,0.000175267892440857,0.0287576524871281,0.00153769295770951,0.000739334666749763,0,0,0.00021592218406235,0.00128435718341076,0.000312411195406552
0,0.00805272515406978,0.00246972709905702,0.000369709944108762,9.86322097224004e-05,0.00134544723751867,0.000992588770410452,0.00381243234842184,0.00129325490097488,0.00126072233968447,0,8.35074648025879e-05,4.47565617352309,0.00343582148421581,0.000419481553236929,0,0.0205248754287396,1.88358817645009,1.92460568832404,0.000820483715619351,0.000375636582405372,0.000494606150333142,0.00149119400622703,0.000870561518567972,1.35345023036803,1.55068718116878,0.0640770700154813,0.000866855853703025,0.00887589075690703,0.00100624915745352,0.392291762909379,0.00085865112113522,0.00138000360469182,0.56998331152076,0.00112074315615238,0.0472704948572504,1.33977314078812,1.56649152555776,0.182411295942748,0.00643467631741456,0.00200988469047476,0.629690289600619,0.00245310314022378,0.0719102203120471,0.0161169384994412,0.00286952489144024,0.000270373856571149,0,0.0182354733514613,0,0.00100361532733127,0.000566690156507486,0,0,0,4.16382197656402e-05,0,0.000121478154726004,0,0.105254917135409,0,0.156777519652972,5.77629905985804e-05,0.000158817855923314,0.000226188322404504,0.000443119613566007,0.0135100164280221,0.0100914851296897,0,0,7.27063182786205e-05,0.000216258205266366,0.000186151340824074,0.284817236019881,0.064700923084034,0.0425940351792407,2.60577520520836e-05,5.80645021351599e-05,0,0.0734248378636204,0,0,0.00148241488545419,0.000723322923484794
0.000502607054659848,0,0,0.982122115936033,8.80495662159446e-05,0.343369920438006,0.00299007538437836,0.0466268228664971,4.09012616903643,1.27017851261718,8.35074648025879e-05,0,0,0.0100266983610784,0.343563193550926,0,0.00010512206718305,0.000323692993653745,0.00101292838581891,12.6680432436727,0.000311904420482897,0,0.000108759199787317,2.83169978929444,0,0.000357604702282382,5.23638342831598e-05,0.0259083064489605,0.0156159814244352,0.000603018498482865,0,0.000664530676760245,0.000795109235980104,0.0176728066011925,0.0337326083509958,0.0757249864235846,0.000621549878333863,0.0166173231640532,0.00359829564707633,1.21456901044908,0.000782254240949786,0,0.000292131701522822,0,0,0.000296647677131131,0.00011799465978434,0,0,0,0,0,0.199387720293581,0,0.000118659238418147,0.000457319350491252,0.000247559999734528,0.00113444107809684,0.000736648987183062,0,0.0137395195875334,0,5.8719986667725e-05,0,0,0,0,0,0.0867155968349918,0,0,0,0.0198337299122676,0,0,0,0.00196840876236561,2.70561364435658e-05,0,0,0,0,0,0
0,0.0125176460116102,0.00173875537211961,7.90885739999411e-05,0,0.000496528445634739,0.000402219194464433,0.00141007428688075,0.00158443422669548,0.000241308728782083,4.47565617352309,0,0,0.000613352088673343,0,8.43001606644078e-05,0.00202058079884989,0.0155281441066141,0.0161394297827839,0,0.00137917646015904,0.00768887279181016,0.00309080515845309,9.26559346740275e-05,7.53271311424006,0.124806688726784,0.80230073098352,0.00102659778936981,0.00108880881458529,0.000905643924817276,3.19487661398866,0.000490787690207866,0.000491290692942258,0.0931873539791992,0.0012228172608983,0.684358909764368,0.772043137165481,0.525340106810348,0.400081247711243,0.00432063206080618,0.0817719909317041,1.38022750624764,0.165175972891504,0.0262733224478495,0.00782249371835755,0.0304413579998784,0,0.0141251070612195,0.00286197632236798,0,0.00313793788330987,0,0,0,0,8.70140420457187e-05,4.17793668436404e-05,0,7.96507229403071e-05,0.0483905597329887,0,0.0980799224369817,0,0,0,0.000925819427862476,0.010841277212094,0.00495016817471945,0,0.000114260071444194,0.00700576305496477,0,0.000133005452734782,0.249387572263858,0.0491982250476659,0.0309357614063355,5.67911684724071e-05,0.000146249872621851,0,0.0632646239237797,0,0.000123114793383414,0.00763218353799435,0.000643618874971808
4.15897369866473,0.000278321378136029,0.0189982294898826,0.0148131049327038,0.0615822434483235,0.207889276744261,1.45740858126672,2.25346449894064,0.0336128771793178,0.445405617257298,0.00343582148421581,0.0100266983610784,0.000613352088673343,0,0.00209948058577318,0.000219475501059429,0.0613993911985759,0.00257353331312287,0.0111327022797718,0.0530039850362979,0.0276078173936234,0.000525925233956507,0.034748420207643,0.0470293684601164,0,0.0123039198049239,0.00554057438543536,0.112426061837331,2.84556481366423,0.232594723363094,0,0.444019033319931,0.0337512116324895,0.370730092691183,0.0016119483227779,0.0422308132489011,0.0189932651832034,0.205187360210404,0.0445172147802776,0.199498030035331,0.0492690441315796,0.000704879890265547,0.00230026493724154,0.0004787011760025,0.00142662740244957,0.000408580059020135,0.00142267790709225,0,0,0.00240654572004679,0,0.000201170155357729,0.000164085714109588,0,0.000346042625526496,0.0025491967530772,0.00182033562626317,0.00601621897623523,0.00221902593341042,0,0,0,0.00235139539017121,0,0.000549894830795358,0,0,0,0.000464332395506669,7.89873478645182e-05,0.00118950466968655,0.000279262022190301,0.014539009237593,0.000181201559253614,0.00018993979404503,0.00050808054188512,0.015873438707055,0.00151327055980086,0.00141506522899028,0,0,0.00049477687952381,0.000838266936071599,0.000451038333587282
0,0,0.000987958146203084,0.0010865540616623,0.0369593120531262,0.522413038876045,0.00182077611731987,0.0065145286234444,0.523362630779013,0.00110953690899008,0.000419481553236929,0.343563193550926,0,0.00209948058577318,0,0.000588236933554436,0.000735646538805186,0.000152882403960386,0.000329779802166782,0.0125873280808992,0.00520715735599821,0.00016539468949835,0.00443976066247468,0.0234658322984153,0,0.000658413128817194,0.00104899278718099,0.00368117872320268,0.00311700171096257,0.00396719929924091,0,0.0129453769421018,0.000644544458454181,0.00647610908637953,0.097616804100386,0.137608034033112,0.0150191370848812,0.00755595584003982,0.00738044809022129,6.30952006283468,0.0303256449183163,0,0.00159645286168569,0.00513445991023706,0.00763707714833149,0.0206256458453069,0.012837280398137,0.000501074171094039,0,0,0,0.000752362304555399,0,0,0.000249149789832703,0,0,0.000383573788114766,0,0,0.000542358260254304,0,0.00018942776879749,0.00382748597732065,0.000355107688322837,0,0.000466945398270857,0,0,0.000225047798894365,0.0006173389917122,0.000687685445438489,0.00015350861115318,0,7.42007200584911e-05,0.000320855423760491,0.000168304297487082,0,0.000193330647749355,0,0,0,0.000174506404710095,0.0364594854344271
0.000347340326860599,0.230410795034058,0.0275879219235044,0,0,0,0.00432444420461983,0.000323454876162694,0.0448725148419908,0,0,0,8.43001606644078e-05,0.000219475501059429,0.000588236933554436,0,0.019322764190412,0.000374047828023936,0.000974566825515694,0,0.454772604436235,4.53255168912923,2.02041597519993,1.32768268813178,0.00569849915380428,0.00752413975041904,1.33935906270303,0.786743938092678,0.000248262767938079,0.00791558681664127,0.000350979370985958,0,0.000563244324920595,0.0152290832093952,0.00364438671000485,0.12529915474672,0.164351261810343,0.0986154425799744,0.0548355362345841,0.0204894446891773,0.00294909124218154,0.000167965784932653,0.0154983287820974,0.0146988781310201,0.0141760474632195,0.0146615242298178,0.00363256007047996,0.000904287868295064,0,0.000548577746165927,0.00821474730647771,0.00978501278756522,0,0,0,0.00113747163680468,0.000114794601878178,0.00559813888374204,0.000177088042580216,0,0.000105029044521546,0,0.000388917761460833,0.000424814045223865,0.509505924793,0.00132488080939646,0,0.000251841164535201,0,0.0258343290395159,0.843767769286284,0.075783030285471,0.0607577026767708,0.000681495661739489,0.00176437111440354,0.042130846122009,0.0235820778174756,0.00139453879055975,0.0199276161108694,0,0,0.00289830008765481,0.0161245920682997,0.00298649964296396
0.100609642074502,0.0398002321454452,2.17428092873489,0.000308531638224728,0,0.000510064745524233,0.0550922378718855,0.0385441997794979,0.00413295343024179,0.000934851850880226,0.0205248754287396,0.00010512206718305,0.00202058079884989,0.0613993911985759,0.000735646538805186,0.019322764190412,0,0.0234219294679288,1.6685723554244,0.000884205094852684,0.124419069093522,0.0113257079178102,1.77952142141983,0.00771374152315373,0.000384454979522325,0.928120877916493,0.461846519033665,0.065084730691215,0.0374374257497049,0.163278322391199,0.000141165799971123,0.000242752287193693,0.00795671505971394,0.635125614608084,0.00939223504920256,0.380232830406405,1.08690141028843,0.892780376712564,0.245419215365002,0.0222458138325513,0.010710027037091,0.00169020111756648,0.00878967413655087,0.0146751832994247,0.00306463931551367,0.00646543660876045,0.00109921412792813,0,0,0.000390833775495437,0.017252636429071,0.00719694175089576,0,0,0,0.000111094388459076,2.77124937533759e-05,0.000186573149093561,0,0.000717549260541908,0,7.43387494729661e-05,5.97761499369096e-05,0.000827472531994916,0.00204698358813257,0.00493688768450057,0.000248509100452031,0.000953743939646869,0,0,0.00609711857720568,0.00106749399476073,0.00170611356661882,0.00193361109364547,0.00687119165445542,0.028490086535524,0.00155320224036262,0.000265301196831776,0.000658003215508612,0,0,0,0.000953826601204694,0.00696029652868057
0.00132917418280154,0.00926787128607233,0.00440944211543619,0.000116044583113872,0.000547102530167095,0.00076724698981278,0.000945574503598457,0.00226124146653926,0.000738270100702432,0.00162448953119656,1.88358817645009,0.000323692993653745,0.0155281441066141,0.00257353331312287,0.000152882403960386,0.000374047828023936,0.0234219294679288,0,4.26732168988696,0.00217417537114128,0.0011427227115056,0.00050646225645698,0.00244890067107823,0.000507095394022105,0.0535443604849496,0.757365772640933,0.0511008887074846,0.0014677777281752,0.00745029099641999,0.00134817211568701,0.0139701592327501,0.00114887142103182,0.00171131127046205,0.100088799489506,0.00146691642564441,0.0704260413114204,0.384279310420616,0.532473294959873,0.165711387750418,0.00468004375039058,0.00241204703133549,0.0327356490672787,0.00155693715414714,0.0103504347756155,0.00734696133729342,0.00183488636198047,0,0,0.00119105716007452,0,0.00163399099497138,7.31961709959416e-05,0,0,0,0,0,0,0,0.00756291690576678,0,0.0081121122640273,0,0,0,0.000700752583166321,0.009237426743052,0.00934500528170723,0,0,0.000342239375247999,8.74594810939102e-05,0.000288849914988016,0.0181839018508227,0.0220199348711772,0.0222157498626617,0,0,0,0.00795256956822792,0,0,0.000533716708743692,0.0010021464487024
0.00919937512949491,0.0180761796234722,0.0563841739132538,0.000819516074725716,0.000323390268179544,0.00300126221049037,0.00515946304838588,0.00854117494849984,0.00141282692827324,0.0023668945299517,1.92460568832404,0.00101292838581891,0.0161394297827839,0.0111327022797718,0.000329779802166782,0.000974566825515694,1.6685723554244,4.26732168988696,0,0.00556558351709225,0.00718125664435621,0.00189958837887298,0.0277880323387438,0.00135187510189253,0.0146429345101171,1.00524529232241,0.136585087038649,0.00767005484080742,0.0165247593576753,0.0103365086263763,0.00314478096486873,0.00166489525776004,0.00230966560902236,1.0495785434661,0.00348973985376759,0.184851251555906,0.474949397658554,0.984738023232449,0.185339879533184,0.0118217739370451,0.00178379197476282,0.0104548657210946,0.00337911059015928,0.0174907248573808,0.00154222181907005,0.00310049065136123,0.000284803045239883,0,0.000657629807367943,0,0.00830091034417574,0.00238683887890421,0,0,0,0,0,0.000187205864598304,0,0.00135267956972514,0,0.00170764489325226,0,0,0.00041120828500156,0.00160591578122134,0.00171057157330435,0.00544735545525005,0,0.000139698708485274,0.00101955865302397,0.000175196111324321,0.000960170405451366,0.00917725541160768,0.0147254850850991,0.0243211975488839,0.000514674034762967,0,0,0.00160338827066901,0,0,0.00049550966144524,0.00255840067551025
0.00297388276567392,0,0.000166937149914363,5.82585705548936,0.00130493583312773,0.178633188024935,0.00872933549778857,0.161096497991467,0.767507864743981,3.142948686036,0.000820483715619351,12.6680432436727,0,0.0530039850362979,0.0125873280808992,0,0.000884205094852684,0.00217417537114128,0.00556558351709225,0,0.000597941074596221,0,8.80777013467574e-05,2.22272971259404,0,0.00108557404376973,0.000496990514275233,0.254623784549225,0.0741139792544314,0.00225390802120658,0,0.00111780813647216,0.0102899783133653,0.0828114680821627,4.34315334449996e-05,0.0527365813230002,0.00389549904498466,0.0794690989154291,0.0189067543269608,0.72999681641745,0.00365131544468837,0.000771597556992444,0.0009157496238119,0,9.58842199270792e-05,0,0.00187370853813851,0,0,0.000455715077674593,0,0,0.00130093768662804,0,0.000191450594266412,0.000901675059454803,0.000713938100216898,0.00439365987981034,0.00347894059618181,0,0,0,0.000655356030833317,0,0,0,0,0,0.00204063683755519,0,0.000135641114187227,0,0.00769754865962089,0,0,0,0.00528105088601852,0.000342914280608196,0,0,0,0,0.000185265724412157,3.59384964612585e-05
0.0291555349245469,0.00203712349113429,0.390937609851369,0.000183369918433039,5.02149278307162e-05,0.000441015543538134,0.181481400230522,0.0241948509032708,0.0167260938228948,0.00198254875701584,0.000375636582405372,0.000311904420482897,0.00137917646015904,0.0276078173936234,0.00520715735599821,0.454772604436235,0.124419069093522,0.0011427227115056,0.00718125664435621,0.000597941074596221,0,0.0606604708010797,6.24136362794237,0.148171705322382,0.000321132183699253,0.0404703254407481,0.107451669198191,1.12484841201842,0.047473027392012,2.79226593126554,4.80866275441283e-05,0.000423902510680826,0.505793824886656,0.79215277792146,0.0495035029387169,0.857291939735988,0.47867829315577,0.650245699042571,0.311693439479874,0.116974017177819,0.0124750306355464,0.00198070875959535,0.0141709220607296,0.00429537689058992,0.00725620597412015,0.00829254155426888,0.0024913007331521,0,0,0.00163180004670126,0.000532361353440709,0.00222968490148321,0,0,0,0.0022563185918293,6.17034677928021e-05,0.00311677581738616,0.000118089643389897,0,0,0.000172276917774876,0.00113936148009739,0.000901508781540304,0.0826890021349704,0.000503862927412435,0,0,0,0.0184307163401729,0.183572385729151,0.00992293446291719,0.0461941229251553,0.0001126932561416,0.000615768557963892,0.00623224568140887,0.0228026432773572,0.00295036619465007,0.0200265570683916,0,0,0.00210389240308049,0.00635243441146179,0.0200896888475836
0.00102529299403427,3.00875577412673,0.0352511943990012,0,0,9.11205576442226e-05,0.0121297840175927,0.00116872237832465,1.23147645306279,0.000228989919565273,0.000494606150333142,0,0.00768887279181016,0.000525925233956507,0.00016539468949835,4.53255168912923,0.0113257079178102,0.00050646225645698,0.00189958837887298,0,0.0606604708010797,0,0.274843711692199,1.57179505963047,0.156998310542199,0.0155969578690889,1.22898849302568,0.171925332347667,0.00157799272645518,0.00816359213096515,0.00103492500558855,0,0.00166928201063817,0.00768840964116397,0.00152229077383637,0.0774219219223522,0.0829309916453947,0.0354748755471931,0.015483262281218,0.00444143957064148,0,0.000523283938672792,0.0523928580004885,0.0558563680850695,0.0261648030751966,0.0329828904727363,0.00407436869625005,0,0.000410620715027357,0.0163000034926205,0.244918560709023,0.0238834105375609,0,0,0,0.00590608221004079,0.000317105218798583,0.330657569495959,0.000207301056267269,0.000816237802818615,0,0.0153039970928212,0.00259704882297049,0.00125244833410218,0.890471358594522,0.0137297238544593,0.000725927685687459,0.00219624024838234,0,0.0360916435992599,2.45803741387753,0.123317484587425,0.164621351725166,0.0089274642544696,0.0092385631963897,0.182504207730886,0.0447272654155399,0.00783794285803254,0.0339366105564717,0.000400234319008257,0,0.00890107568418249,0.0236376740356149,0.00200449484718485
0.0447655895292843,0.0128614678566387,2.94698410089802,0.000318595017482641,0.000147603438120559,0.000218371767528903,0.10559898725556,0.0233221463105729,0.00847273036630268,0.00182309895125796,0.00149119400622703,0.000108759199787317,0.00309080515845309,0.034748420207643,0.00443976066247468,2.02041597519993,1.77952142141983,0.00244890067107823,0.0277880323387438,8.80777013467574e-05,6.24136362794237,0.274843711692199,0,0.0220493556568361,0.0010633704317811,0.140236762452025,1.06872527474549,0.580993840729919,0.0241356719655239,0.369903932312887,0,0,0.00674733470118969,0.531300236972339,0.0675535325173461,1.07763944597601,1.24956198774497,1.01112435787417,0.468479019714327,0.185965851317055,0.0245131954513522,0.00384933603148721,0.017419005371244,0.0173450370467912,0.00921554497236383,0.0136549355658481,0.00502317686709876,0.000367181481274428,0,0.000537257273663121,0.00302531512173073,0.00554109316160843,0,0,4.87583624087726e-05,0.000540372388644153,9.60429684329221e-05,0.000768860719746942,3.90693672575938e-05,3.24777568598378e-05,8.71680297303574e-05,3.61366932427902e-05,0.000398767191574667,0.000864089472834679,0.184807129913843,0.00254996235008301,0,0.00016416550949628,4.77209999275299e-05,0.00844451627801945,0.301838639334536,0.0442352762564832,0.0153115347025867,0.000254098456683137,0.00188902815518919,0.0410240077890939,0.0073964749636763,0.000230510290884492,0.00367258614327262,0,0,0.000528801445969665,0.00371101852907965,0.038969077594295
0.0353678624393471,0.165054242100792,0.0124185967874468,6.06814333898487,0.000165477423717236,0.057287562414552,0.669642422892707,0.094144656343126,7.17996871521636,0.420362529669976,0.000870561518567972,2.83169978929444,9.26559346740275e-05,0.0470293684601164,0.0234658322984153,1.32768268813178,0.00771374152315373,0.000507095394022105,0.00135187510189253,2.22272971259404,0.148171705322382,1.57179505963047,0.0220493556568361,0,0.00917550294658932,0.00591440755256363,0.148713444172602,4.19663721812057,0.0729245511040893,0.120233558466499,0,6.19202347571998e-05,0.04102662576902,0.0576787118720579,0.00317116490548718,0.241541758161491,0.0319272852274966,0.0671735896270717,0.0252525754024839,0.542374915218149,0.00244662055396119,0,0.0542353284985601,0.0104196438832461,0.0374999938723079,0.0183611863396386,0.0276274281571018,0.0006758025011027,8.2559054327894e-05,0.070869217216977,0.00421403251715679,0.00469954108694546,0.0110826041362981,0,0.00507104019145659,0.0724380163251589,0.0268998026099171,0.280738605985363,0.0498983655907373,0.000453249497898989,0.00384917880066047,0,0.0483123172408856,0.00249154993722387,0.116086994670269,0.00126305742954624,0.000160871398009492,0.000261727995538555,0.00707016414150285,0.0177650640734678,0.179984503390166,0.0162178582197261,0.513468983712253,0.000380837237427603,0.00118903927416128,0.0203467055012845,0.338903957952522,0.0480607961477164,0.0711512292989123,0,0,0.015243619313768,0.0265917196341047,0.00227807136523049
0,2.33224490419965,0.000509229521632684,0,0,0,0.000119709457094818,5.29340637846314e-05,0.0469699970164441,0.000295104771456817,1.35345023036803,0,7.53271311424006,0,0,0.00569849915380428,0.000384454979522325,0.0535443604849496,0.0146429345101171,0,0.000321132183699253,0.156998310542199,0.0010633704317811,0.00917550294658932,0,0.254392417592109,1.37136985450276,0.0013974338135122,0.00021021649364036,0,1.30541732566999,0.000254284701116167,0,0.0155434840372271,0.000316461720726095,0.0119792097835498,1.01226516450918,0.229531423042135,0.0437980787591624,0.000261383294188179,0.000560658368233664,2.68028156752447,0.00372967987278487,0.088282340857309,0.0280670424775822,0.00384571535538505,0,0,0.0346279804244433,0,0.0394702143341866,0.000784959577925171,0,0,0,7.02913665474028e-05,4.85498501903454e-05,0.00214738505090366,0,0.0616697236037192,0,0.0885707331815765,6.04279478439379e-05,0,0.000283433208510214,0.00153012855685383,0.0140850005983159,0.00877757237292931,0,0,0.00268145729597013,0.00101631856077524,0.000293529698736771,0.949871942594234,0.0438713600672692,0.0750235296530309,0.000136886063314035,0.000134463337209491,0.000138408500423488,0.050386372701689,0,0,0.00151068438722852,0.000205090718268706
0.0105895223275779,0.116392632158702,1.73501624151448,0.00014427300461007,7.0304769615101e-05,0.00134681404349675,0.0178282925866511,0.0105674283264648,0.00654331678728273,0.00175656943982103,1.55068718116878,0.000357604702282382,0.124806688726784,0.0123039198049239,0.000658413128817194,0.00752413975041904,0.928120877916493,0.757365772640933,1.00524529232241,0.00108557404376973,0.0404703254407481,0.0155969578690889,0.140236762452025,0.00591440755256363,0.254392417592109,0,2.26675768276938,0.0317285356657855,0.0142712129895839,0.032040922638543,0.369102512945813,0.000878276841353851,0.00179849998268829,0.226906572669079,0.0145673955143164,0.441363093114031,1.80323884553066,0.785419855362968,0.180736875432361,0.0125801989863719,0.00344264233778102,0.0576308149610923,0.0161963549726158,0.116588240504401,0.028963342617646,0.0100307053387764,0.00087886588821311,0.000390917955420469,0.00215984633685612,0.000302631069721768,0.0578292843167252,0.0228062183337959,0,0,0,0.000361441585752976,0.000126500879250692,0.000480650236652424,0,0.0438226924096293,0,0.0862342461302947,0.000211578814956294,0.000441766922891975,0.00159036686083881,0.0201650716886953,0.0331672117060811,0.0518094379211029,5.82344486253056e-05,0.0010641793791612,0.00576523595853417,0.00369951572983022,0.00146645948164081,0.114944549269679,0.225188707335623,0.362591063621186,0.000975190965313429,0.000186979446109023,0.00014551544267989,0.0342236147931061,0,0,0.00722775596985421,0.0105065601865466
0.00362058064929692,1.34552079960168,1.87729531703183,8.79513382431875e-05,0.000116538676007397,0.000331659728051391,0.0194392201291371,0.00430600387948701,0.0860362514267355,0.00098050394955585,0.0640770700154813,5.23638342831598e-05,0.80230073098352,0.00554057438543536,0.00104899278718099,1.33935906270303,0.461846519033665,0.0511008887074846,0.136585087038649,0.000496990514275233,0.107451669198191,1.22898849302568,1.06872527474549,0.148713444172602,1.37136985450276,2.26675768276938,0,0.166621034935646,0.00496142144488899,0.0238502997608678,0.380130652550906,0.000236910660823455,0.00081917849970348,0.222973654903377,0.0250541627326381,0.458634274316766,1.24806822772084,0.609616541986572,0.152053419535811,0.0264722461867523,0.00689902378264596,0.00346129299817693,0.0455886051570284,0.246885010560514,0.0664373967701234,0.0246321874862739,0.00360263207122138,0.000181086942223706,0.00152027477645394,0.000610742665610891,0.210589809597659,0.113311516861494,0,3.97957343916777e-05,3.16787013986796e-05,0.00141597952535788,0.000288136744120843,0.00219850218978504,0.00021121182516592,0.0240332148255881,0.000215829298259747,0.043640695910832,0.000836844558626769,0.000384243656843331,0.0715720504862405,0.0495774290787514,0.0262375368202116,0.0599029088989151,0,0.00736616980885807,0.157576755750371,0.0739564497068544,0.00783623577693227,0.160021835293456,0.317529172872419,1.2358758011658,0.00369372397573047,0.000439959022278807,0.000529334995623613,0.0173807357147112,0,0.00010064678341054,0.0149756531169932,0.0197400205188019
0.0695019854392372,0.0156294715854634,0.167470307658954,3.64782407647981,0.000226699218105831,0.0765927695428376,4.59760226253334,0.160482433881993,0.565212775890282,2.77824210972066,0.000866855853703025,0.0259083064489605,0.00102659778936981,0.112426061837331,0.00368117872320268,0.786743938092678,0.065084730691215,0.0014677777281752,0.00767005484080742,0.254623784549225,1.12484841201842,0.171925332347667,0.580993840729919,4.19663721812057,0.0013974338135122,0.0317285356657855,0.166621034935646,0,0.196774510174917,1.13717064798732,0,0.000218396998821923,0.105859087212222,0.260076704296342,0.021007902137776,0.567856739534692,0.205157007431022,0.304307237064078,0.150622806783836,0.185390100377526,0.00576956343099469,0.000631425984597498,0.043501513000535,0.00891206000392399,0.0266950962636881,0.0137953625547592,0.0184501383886647,0.000353195660222471,0,0.0542097174148283,0.0019340832882337,0.00544965873469572,0.00676901299918456,0,0.00361955587917306,0.0524073420201267,0.0153583352194257,0.115218356933535,0.0241623899234316,0.000118312627093963,0.000665016343993706,0,0.0360502026471907,0.00224747125975686,0.120315330645831,0.0019909266147882,4.59337872502231e-05,0.000275501758708061,0.00383697128203476,0.0227602917771208,0.204328909623587,0.0168103844812593,0.358604930927683,0.000232340400610424,0.00125462922919893,0.0134144022849676,0.269152476368024,0.0406049906927915,0.07753666462528,0,8.53342227441212e-05,0.0154006709168957,0.0259874260741921,0.00986694663864777
0.521689495651897,0.000725119840902094,0.0078883063194092,0.016822357735708,0.275798083441603,0.221428554806785,0.358548538776233,0.379049320320805,0.0539065258735445,0.158156350954223,0.00887589075690703,0.0156159814244352,0.00108880881458529,2.84556481366423,0.00311700171096257,0.000248262767938079,0.0374374257497049,0.00745029099641999,0.0165247593576753,0.0741139792544314,0.047473027392012,0.00157799272645518,0.0241356719655239,0.0729245511040893,0.00021021649364036,0.0142712129895839,0.00496142144488899,0.196774510174917,0,2.33962884502822,0.000263006759997722,0.730883769152038,3.6091144830776,1.80486795991907,0.00455148733005577,0.123772239316147,0.0280242816347361,0.628972391634465,0.124279908215413,0.301330907784289,0.108083278264463,0.00110012824674838,0.00418932609874825,0.000158699715342929,0.00233164322016677,0.000991176268279942,0.00185008229203255,0.000299550148191023,0,0.00424223444249888,0,0.000200807392870216,0.0001649699256139,0,0.000440899405546076,0.00409258487788806,0.00155651244836521,0.00885821847506345,0.00174716285086435,0,8.78154733458536e-05,5.52606819431353e-05,0.00303445974331192,0.000147361628357046,0.00114396195595325,0.000104816992712538,0.000271006415165182,0,0.000111255381322073,0.000739352847279191,0.00272099752854482,0.000445552729758922,0.0264148083921868,7.99699892414431e-05,0.000182791793423225,0.000705959502709972,0.0224138222476671,0.00278062403232535,0.00299070607100421,0.00011463666808259,3.62779657954431e-05,0.00112801367143338,0.00160160682366542,0.00190914001566254
