0,0.00496235564432679,0.219979619787091,0.0067257941865531,0,0.0223178840398595,2.0777358584932,0.305606377889999,0.257012805420435,0.113585766643555,0.00359552266864161,0.000461098200516892,0.00165552784352807,2.9945419591241,0,0.0009465356401864,0.129481438068479,0,0.0278785518264341,0.0157399725244866,0.00991947899701454,0.0131814991196633,0.0561484296818008,0.0697868465763958,0.00150588115051209,0.00787052503986372,0.0418680621130811,0.234251342905753,1.29210593958109,2.46790922615504,0,0.00110732407746063,0.196215798045162,0.333169205989085,0.000130886059709671,0.0199302299882994,0.00854688166328563,0.0563701466622338,0.0236595356813405,0.00361265924140062,0.00359761745164155,0,0.00694277667806325,0.000348947370854509,0.0157837910834147,0.00222217945441365,0.000133470584093673,0.002899889060694,0,0.0103878445771415,0.00184107233113522,0.000391163834966402,0,0,0.000704349451006168,0.00131254146991457,0.00167890377053158,0.299167209220896,0.00033216021748006,0.000332773474892578,7.11666152581479e-05,0,0.00630080722267781,0.000909879581975553,0.00227149905143235,0.000348485459489029,0,0,0.000374019984985471,0.000690145480225626,0.000422572312004156,0.000540513495489779,0.0133874683430898,0,0.000817898045794015,0.000103009814700948,0.00468930284346151,0.00991887938334732,0.00167196303736716,0,0.00149373456489679,0.00884375924122935,0.00761245534068231,0
0.00496235564432679,0,0.0399751295319331,0,0,0.000164343977592288,0.00652060442203333,0.0011996544058527,0.722549862680079,4.82877015379555e-05,0.0470858037824619,0.00371145178604009,0.105255987636555,0.00374862958314364,0.000119989238217668,0.0559992954791449,0.268253899423988,0.00345553985138816,0.445448056824273,0,0.00268735874316678,3.41685258138365,0.0103585988511023,0.228509785028442,2.5993378176915,0.0895096199028591,1.09443120836231,0.0354352935922628,0.00478024043258053,0.00432045306005418,0.00378127610481456,0.00121807825010839,0.00191312376954565,0.148398470598529,0.0030962942953228,0.154970809633723,0.124119036422962,0.515752159105092,0.146973049835143,0.0213212214168288,0.00184762145916301,0,0.0596855282496876,0.0650728500366707,0.130998398078112,0.0929748155528564,0.00123625135062574,0,0,0.00979474500007941,0.506368008643545,0.416819498799375,0,0,4.306373009753e-05,0.00263042744920564,0.00033713964869612,0.0125791973326538,0,0.00304734287149973,8.38283724657824e-05,0.0071344648476392,0.00337908799901249,0,0.00920677097546151,0.0775408154251205,0.00515033214543756,0.0870181104140399,0,0.00245441962730888,0.203859059807097,0.0153688964238611,0.00435999006017466,0.0255000702251755,0.179014683522954,0.200398535962691,0.00035935573741064,0.00491405851666743,0.00206621986326086,0.000761953887030931,0,0.00194767939507254,0.0372603521734393,0.00145618354543211
0.219979619787091,0.0399751295319331,0,0.00117635455444803,0,0.00432800670987008,0.94775881028557,0.0676283370320431,0.0111952897990468,0.0293696115955717,0.0820405299463211,0,0.00266072423525672,0.177629738476241,0.000881015509395469,0.00954800891339876,2.74024106104123,0.0033274827835467,0.23622888080298,8.35294015026425e-05,0.383811181711519,0.0202813513556534,3.79138600355313,0.0180003346948744,0.00535564709017085,1.87634831552,2.00974572383984,0.263771679366881,0.0287838702750619,0.354067622643359,0.00114124462084057,0,0.00434954800358893,0.401904019340244,0.00139959750713714,0.0973721003625031,0.433887650597226,0.358161936034551,0.119582269524074,0.0012920710954548,0.000609079799850803,0.00041758202415694,0.00264239597194148,0.00195893004743989,0.0044654091534043,0.00210565190974094,0,0,0,5.87779853485188e-05,0.0088632117885592,0.00196568662048156,0,0,0,0.000110622453896617,0,0.00737270000307235,0,0.000112719479578729,0,0.000430684786040857,0.000345280591712294,0,0.000363134592477141,0.00152728228423404,0.000583448692984177,0.000510833066625027,0,0.000158602566984238,0.00584348193432029,0.001425411853842,0.000994307838599058,0.00113379284816654,0.00124338736638138,0.00155553293105706,0.000253473655078159,0.000398835487724951,0,0,0,0.000453420168796667,0.000890452813320741,0.000830180306130761
0.0067257941865531,0,0.00117635455444803,0,0.000455298816495378,0.0335994781180525,0.0210845644915002,0.0157283365868368,0.212230629881547,2.16014902430146,7.79335729774867e-05,1.32046621494995,0.000812297139254885,0.0200118761984831,0.00311550889811817,0,0.000394066909864166,0,0,11.5289967460251,0,0.00423515535029353,0.000121435126756164,2.45126728613915,0,3.27977898180124e-05,0.000280039155568061,3.03364602617717,0.0110170989731981,0.000534341228485631,0,0.00030970300331154,0.00177361980770841,0.00752928904109828,0,0.00249920711358447,0,0.00701205176598086,0.00417781018188457,0.0117074852202775,0.00045880254758679,0,0.000193849121717271,0.000122931200397018,0.00221140131549526,0,0.00128412482362954,0.000260483306786952,0,0,0,0,0.849112855835935,0,0.000574806166828702,0.00092452035796891,0.0026715137633489,0.085846864781335,0.000860907101111064,0,0.00750655002122437,0,0.00240313581460433,0.000781391697894207,0,0,0,0,0.0923407526937096,0,0,0,0.016829019326777,0,0,0,0.0145767393240681,0.00133395764721023,0,0,0.000372524103227663,0,0.00063021958033597,0
0,0,0,0.000455298816495378,0,2.23042292454956,6.441342050872e-05,0.605133656793199,0.000355950367513722,0.000687010418874286,0.00037165657924175,0.000121464123281055,0,0.0723707953750952,0.0386664233199367,0,0.000434640631844022,0,0.00164997783836708,0,0,0,0.000391600864951127,0,0.00142700767504489,0,0.000133229284550133,0,0.313677357208822,7.63720332903582e-05,0,0.457893878307164,0,0.0210275545972818,0,0,0.00173776482791664,0.0172250705047245,0.00146111842751373,1.13769379234752,0.107081259646406,0,0,0,0,0,0,0,0,0,0,0,0,0,0,0,0,0,0,0,0,0,0,0,0,0,0,0,0.00026395257955459,0,0.000841627906532222,0,0,0,0,0,0,0,0,0,0,0,0,0
0.0223178840398595,0.000164343977592288,0.00432800670987008,0.0335994781180525,2.23042292454956,0,0.247629238010687,2.09197928303616,0.221978463736501,2.17887757317944,0.00198846145911198,3.1902036012331,0.000377369378380721,0.536117601480191,1.88605281328104,7.26444507814943e-05,0.00165210064689605,0.000471174299187378,0.00182097202487841,0.366302266440809,7.97826627529858e-05,0.000511391956227655,0.00146002521853995,0.0727621672904831,0.000277406206861111,0.00124145337366117,0.00167542324458807,0.0720009812400882,0.892245515255194,0.00152535124436004,0,0.179808649674726,0.00154991787287029,0.0996954086627151,0.390926690464983,0.001590939700355,0.00167522737853605,0.0380947309153387,0.00311117644693025,3.04518816432876,0.106598391748896,0,0.00242557782411325,0.000164215361284401,0.00128098569066292,0.00109471619605826,0.00648880763793582,0,0,0.000609620241471567,0.000151252760731424,0.000307909320203191,0.00299423390967294,0,0.00128031433716758,0.00189048209314274,0.00312273928815399,0.107871092189711,0.00361422991531481,7.42159776920001e-05,0.00861391194945073,0,0.00382109599694496,0.00259163239585426,0,0,0,0,0.00534051376318164,0,0,0,0.0349169287190253,0,0.000107911857103273,4.31864714577068e-05,0.00493960481868639,0.00299991762350512,7.17422646436885e-05,0,0.00032520251317568,0.000589284529802114,0.000741078002653136,0.00126694994913577
2.0777358584932,0.00652060442203333,0.94775881028557,0.0210845644915002,6.441342050872e-05,0.247629238010687,0,0.526435981673334,0.306664103721033,4.40338267312597,0.00949291626310898,0.0016090975991028,0.00381121792695122,1.45395157878174,0.000426183900604392,0.00830191004628229,0.108159195526781,0.000561467217921783,0.0208494658125527,0.0477559929510668,0.183708595643663,0.0223947446353314,0.508233493249085,0.301345713801965,0.00192703591859649,0.0463714346692837,0.0949264050701269,4.13497784285548,0.241235617522025,2.06896598683685,0,0.000714862698990751,0.045016575231089,0.154575290963805,0.00203548177094942,0.0973108774918325,0.0222143347002093,0.117587627447892,0.0929015136520396,0.0194565640967032,0.00512982582110192,0.000239814563831008,0.00619824426114649,0.000643787071696995,0.00711594600851327,0.00105764791356403,0.000708562817291391,0.00126191123037971,0,0.00258787162743643,8.61004763214892e-05,4.42444299311173e-05,0.000172471697916025,0,9.87677374249072e-05,0.000540820011001508,0.00337761925044207,0.18054150764356,0.00142853204612504,0.00032230748883541,0.000735033049318778,9.24175932787534e-05,0.0082842275237396,0,0.00245201331139409,0,0.000224532153676334,0.000189815007068748,0.000791101979699935,0.000583081459567007,0.00163291948399318,0.000838264720466554,0.0216658828555522,0.000295508255440044,0.0005669528038993,0.000895798975265724,0.00888624093976648,0.00452038624282779,0.000453611938111704,0,0.000380282260146229,0.00153119481918637,0.00259067457084922,0.000786057869594267
0.305606377889999,0.0011996544058527,0.0676283370320431,0.0157283365868368,0.605133656793199,2.09197928303616,0.526435981673334,0,0.124379171108749,1.33634849952599,0.00611173480551151,0.00196529826618311,0.00101403876486957,4.06389950051017,0.0053513094525721,0.000791576951842205,0.0227263137159748,0,0.00574494436701388,0.225247825551771,0.00453926387368631,0.00300878803689898,0.0178184992516773,0.0743831911753686,0.00112688849397855,0.00654912584120682,0.0156422736113268,0.153428018177566,1.23374405273606,0.0402744976884401,0,0.181607994526925,0.00298016416176514,0.252818783806236,6.19482625339104e-05,0.0038123154543987,0.00161128638960828,0.0793251161601564,0.00414216130804282,0.251656260064224,0.105751444985992,0.000345185621468057,0.00350384452484618,0.000251208011956672,0.00476093880240278,0.000965509225862351,0.000967531493458315,0.000863984928127404,0,0.00208964351451062,0.000475916439101757,0.00056808876369745,0.000205583670883701,0,0.000144905841801233,0.00129470545526563,0.00272005372382733,0.16006928261508,0.000746975412469076,6.22003551011699e-05,0,0.000210004022535429,0.00703553265286243,0,0,0.000207040077058046,0,5.26040794987565e-05,0,0,7.51360972463329e-05,0.00029105005652104,0.021917300734533,4.07231859851139e-05,0.000438735217695405,0.000341638701103748,0.00937642322335834,0.00409497536701698,0.000233491830218006,0,0,0.00184431162343211,0.0023798259745814,0.00011639495654397
0.257012805420435,0.722549862680079,0.0111952897990468,0.212230629881547,0.000355950367513722,0.221978463736501,0.306664103721033,0.124379171108749,0,0.277109011245929,0.0112196383926092,3.28876113485546,0.0320299054781778,0.212037976928796,2.39896884672265,0.0268352023593804,0.00793822761484553,0.00180476873151503,0.0102723055927539,0.682990128852513,0.00270811710393193,3.14675626562164,0.014292759180649,6.50527028475316,0.379186356066204,0.014041183482785,0.075176979138277,0.965657990947969,0.183347991081926,0.0261458740526784,0.000947517897851989,0.000759496068727966,0.172055268378773,0.119494027496952,0.00270118322184021,0.245055450937285,0.0295288803872065,0.134090060700284,0.18999855518419,2.69670678914186,0.0100051009517767,0,0.013950703290047,0.00351150473090703,0.00994742059836361,0.00418339721242092,0.0349149495241865,0.00282876268753447,0,0.00251011324054519,0.0209392772700473,0.00101319379948724,0.0112024238639475,0.000186548680209958,0.00878132698167951,0.0116155097516613,0.0127555537770965,2.26735952149154,0.0162476251892875,0.000811872843978575,0.0425975949331644,0.0003649832328865,0.00847495671733192,0.0322089500860919,0.0200906832476035,0.00161155110031612,8.01208875299657e-05,0.00148032415595385,0.0462324919504797,0.00623301527725803,0.069160213699427,0.00154849854034002,0.263124622726643,0.000513895999706415,0.00182430755455491,0.00154420023460532,0.0157264635107107,0.00371760868419746,0.00118029102125002,0,0.000818406316111831,0.00558471735547004,0.00641920127508373,0.000699568457509413
0.113585766643555,4.82877015379555e-05,0.0293696115955717,2.16014902430146,0.000687010418874286,2.17887757317944,4.40338267312597,1.33634849952599,0.277109011245929,0,0.000259112979085346,2.04352609813754,0.000819155963504431,0.563498090208858,0.0013734799541247,5.7831923954069e-05,0.00189071519367426,0,0.000790657801939119,6.35188549664741,0.00259721031188588,0.000541036136221688,0.00906943654603321,0.338869999112554,0,0.00142099864069703,0.00200379704125693,3.15931152422181,0.104223765812403,0.00410279037270144,0,0.000762324701191883,0.0017972099845002,0.0464226928184035,0.0177643960684822,0.0102110191654741,0.0011637271277714,0.0245173217896692,0.0108127387931046,0.031851460983611,0.00207932225425065,6.36623683920065e-05,0.00297834853645972,0.000250840932874781,0.00251443405808295,0.000300247650199936,0.00106793879578476,0.00184554883353001,0,0.00147539751639963,0,7.69779251656444e-05,0.0223980568146901,0,0.00125932195005692,0.00270415096083063,0.00469159423140756,0.16026130958504,0.00220174682454347,0.000289035363871509,0.00136810274763893,0,0.00728212146653848,0.000486054723532241,0,0,0,0.000154676168289252,0.00187833784784503,0,0,0.00024805763382812,0.0407522625295207,0,6.70169346279736e-05,0,0.00904667934419073,0.00167923040082923,0.000110847063870308,0,0,0.000852970340618528,0.000695504516729571,5.04735413987649e-05
0.00359552266864161,0.0470858037824619,0.0820405299463211,7.79335729774867e-05,0.00037165657924175,0.00198846145911198,0.00949291626310898,0.00611173480551151,0.0112196383926092,0.000259112979085346,0,0,4.08840508307918,0.00834786035247527,0,0.00208002582004849,0.0248906287471892,0.537374146980492,2.96132202307981,0.000227779341300824,0.00154261205790613,0.017375752348662,0.010121707284749,0.0091885585432171,1.23551773082815,2.15291501347613,0.501841050341425,0.00733740431309467,0.0375759074017512,0.0032481019931492,0.649640182354783,0.00341737277755849,0.000617400318650803,1.57493537484406,0.00126910821013353,0.10826377614607,0.748084219207467,1.59288601966228,0.195736153662615,0.0010458636964516,0.0136917433219128,0.126140108103273,0.00363888950638132,0.00398966004503443,0.00664726829898283,0.00199900580093799,0,0,0,0.000119471550389278,0.00819131162668396,0.00330647748939142,0,0,0,2.62987068886111e-05,0,0.00221556303852978,0,0.00132235084142007,0.000132307400290271,0.00132927462021708,0.000126415613137596,0,0.000718900016737908,0.000635797317064082,0.0088167775418769,0.00503076592264018,0,5.80525733489753e-05,0.000955467344948983,9.39919749782811e-05,0,0.0213386098396103,0.0298078091010777,0.00960643932776044,2.05561132711409e-05,0.000897231306788847,0.000186804139743891,0,0,0.000350963226842915,0.00276869330123113,0.000480901391032678
0.000461098200516892,0.00371145178604009,0,1.32046621494995,0.000121464123281055,3.1902036012331,0.0016090975991028,0.00196529826618311,3.28876113485546,2.04352609813754,0,0,0,0.003149147308984,0.826544952447794,0,0.000217651783598912,0,0,11.7777426391339,0,0.000973469622331698,0,1.13111363404441,0.000644476602970293,0.000101507984608157,0.000466840492981471,0.267781943332575,0.00145789638756655,0,0,0.000133238218968417,0,0.000557756423706807,0.534540096777197,0.000398662913805669,0,0.000273142168383738,0.00042801481872164,0.318790380051665,0,0,0.00192105530576457,5.34043842923178e-05,0.00133563007551939,0.000627623211127051,0.0101918873719172,0.00036337803080993,0,0.000210325519902719,0,0,0.218710565921233,0.000145607271080896,0.00156241929758386,0.00296797577999906,0.0033942580636365,0.0851992303498753,0.00408742142970736,0.000289537063322956,0.138026540644423,0,0.00242964165762477,0.00510141346895555,0,0,0,0,0.0298227552669321,0,0,0,0.0410723556290203,0,0,0,0.00468531738760775,0.00169481187822273,0,0,6.5194025608208e-05,0,0.000634793072576044,0.00653666160615987
0.00165552784352807,0.105255987636555,0.00266072423525672,0.000812297139254885,0,0.000377369378380721,0.00381121792695122,0.00101403876486957,0.0320299054781778,0.000819155963504431,4.08840508307918,0,0,0.00165190265530938,0,0.0143601157949154,0.00156045980736746,0.00451468885203425,0.0552984373136165,0.000279376848078609,0.00305573924712255,0.0595506639243364,0.00870746268140269,0.0149654345665605,1.07138030810454,0.850504477881238,0.837873951220637,0.0116435021467018,0.0112762665363214,0.00117976143946451,2.50651210034748,0.000767885486334972,0.000984532739677232,0.0491724718364755,0.000775858550021064,0.760209773082255,0.99510117495446,0.424778892052253,0.66519771801795,0.00630015310542202,0.0443095191585795,0.94896168982458,0.137267016495675,0.152964659679127,0.0199631345128205,0.0324824716962959,0.00910167777771287,0.0542556796778017,0.0372443609061805,0.00162772647266142,0.00574891060000052,0.000777718834850135,0.000406956932195182,0,0.00118421956360025,0.000720081287486892,0.00373478096274272,0.0146996168665744,0.000850585007803594,0.0610932232281792,0.00112662219808416,0.00788138146274078,0.00307490938812439,0.00101749090675603,0.00150459721982909,3.79255681595436e-05,0.0039367245470007,0.00272207206527505,0.000997192993107863,0.000523121404914507,0.00326417944120861,0.000548207820628191,0.004078919959645,0.0129084938640592,0.00912562175849618,0.00329923328494118,0.00401682700931132,0.00487368967818184,0.000632576891701968,0.00159254903564095,0.00467964018355946,0.00045871580256363,0.00243929437966029,0.000250384292713522
2.9945419591241,0.00374862958314364,0.177629738476241,0.0200118761984831,0.0723707953750952,0.536117601480191,1.45395157878174,4.06389950051017,0.212037976928796,0.563498090208858,0.00834786035247527,0.003149147308984,0.00165190265530938,0,0.000493719366871683,0.000540423042350146,0.0749274738350985,0.000270264881339462,0.0202521850624599,0.0630316808776691,0.00771300633810709,0.00908872071983456,0.0469376687629929,0.0903438059215949,0.00140202901611911,0.0132062399985143,0.0401022979242984,0.31431018019522,4.81305488254288,0.251412785021892,0,0.0470158015912313,0.00736650683006475,0.542972794600894,0.000284989240321661,0.0136784001962228,0.00307614834621905,0.149632743671707,0.0165719216907548,0.0816583355254881,0.0534614759595625,9.61417204410446e-05,0.00778907009635927,0.000387294945514436,0.00980859102032222,0.00337820615378326,0.00136880234812713,0.00157482413449329,0,0.0105579096281833,0.000506838818704146,0.000521232543167368,0.000898444921382316,0,0.000651197693711513,0.00167149671472866,0.00614657456857987,0.281151292320386,0.000623926734692139,0.000763804989094077,0.000344754160014753,0.000305221653993382,0.011354187039955,0,0.000917305693415072,0,0,0.000192958931730982,0.00058948329000252,0.000838069893282163,0.000449354773907855,0.000539722862793603,0.0312734496733363,0,0.000678250482445959,0.000655507155309269,0.0133121658450198,0.0127414330650385,0.0010815291967648,0,0,0.00394004947471778,0.00796504284846098,7.66724042213333e-05
0,0.000119989238217668,0.000881015509395469,0.00311550889811817,0.0386664233199367,1.88605281328104,0.000426183900604392,0.0053513094525721,2.39896884672265,0.0013734799541247,0,0.826544952447794,0,0.000493719366871683,0,0.0336721601499744,0,0,0,0.0297311797404724,0.0210177973820399,0.0169642572192942,0.0280052221030664,0.00956753730614731,0.000497546770803971,4.38846506099202e-05,0.00270884790713099,0.0135263060838153,0.00377850119266302,0.00175751569923512,0,0.004854505962681,0,0.00925443064990257,0.125850235147729,0.0288084229669001,0.00296972264544262,0.0106591241815174,0.0081408978836885,3.44658531623578,0.00877138104579298,0,0,0.00183191020398881,0.00010051885934086,0.000350712047421705,0.000819103010386988,0,0,0,0,0,0,0,0,0.000179089486246275,0.000310638341402923,0.0127121349906317,0,0,0,0,0.000339400264930337,0.000234180868282471,0.00579050019340527,0,0,0,0.000599223888397039,3.48656830947564e-05,0.00225120860234175,0.000500205889876901,0.00202468139491401,0.000254621805040395,0,0,0,4.33908753227647e-05,0,0,0.000100218109309162,0,0,0.00572811272809471
0.0009465356401864,0.0559992954791449,0.00954800891339876,0,0,7.26444507814943e-05,0.00830191004628229,0.000791576951842205,0.0268352023593804,5.7831923954069e-05,0.00208002582004849,0,0.0143601157949154,0.000540423042350146,0.0336721601499744,0,0.0125847945482775,0.000363625928987366,0.00407988929431367,0,0.931337819588265,3.74264935500903,1.79928326247951,1.47071514479356,0.0199199557855494,0.00593827217250931,0.824481414339035,0.575746544984947,0.00366250086132017,0.0192559987268876,0,0,0.00130928811890869,0.110252630037825,0.0370487610906718,1.49153570905042,0.257931033180613,0.585027003843187,0.47638149771654,0.0688436064685223,0.000905073643729725,0.00056526925675698,0.0650075956053695,0.0776107839362015,0.0570291882399424,0.0492283257203305,0.0116751066756031,0.00255964975431727,0,0.00110980257799747,0.00253766992129491,0.000700695283034486,0,0,0,5.92261183319461e-05,0.000465917107503932,0.126769807963423,0,0.000515507445354106,0,0.00110196780065312,0.00117582039139329,0.000492602551591947,1.10259642324345,0.00163003776814932,8.58658980291485e-05,8.70161226714725e-05,0,0.03863153399809,0.22921972006486,0.0420770910237538,0.0105297515136249,0.000243677631654067,0.000361564257100593,0.0186962379804187,0.00443995864296342,0.00235065642650722,0.00305956360305516,0,0,0.00315036386697834,0.00687837220031857,0.0123384710599766
0.129481438068479,0.268253899423988,2.74024106104123,0.000394066909864166,0.000434640631844022,0.00165210064689605,0.108159195526781,0.0227263137159748,0.00793822761484553,0.00189071519367426,0.0248906287471892,0.000217651783598912,0.00156045980736746,0.0749274738350985,0,0.0125847945482775,0,0.127553336649069,2.52724689787726,0,0.262528503680973,0.0337653874455671,1.93823436605465,0.0302502845254812,0.0100257285697238,1.68667111945012,0.699767301666857,0.023582709957304,0.0152282769972083,0.0313930088264183,0.000270692161213709,0.000125649512822734,0.00260678724622277,0.823375316868845,0.000428062222394029,0.0233127821250881,0.0224914929519026,0.166440246321706,0.0538822780388822,0.000504284212866209,0,0,0.00364320671595165,0.00294698013076558,0.00698159356714791,0.00547205709351834,0,8.08189026809993e-05,0,0.00190804561049113,0.0599110644061405,0.0643755260097386,0,0,0,0.000480295974249616,0,0.0027173370957136,0,4.67237814542009e-05,0,0.000570781375165095,0.00034853780281714,0,0.00120388548102315,0.00489970348230642,0.000233084985329824,0.00295135035152793,0,0,0.00118270553654979,0.000634550131287177,0.000263980023130235,0.000891148191769209,0.0174571019034803,0.0176636139627423,0.000275208305954315,0.00044372789132708,0.000304758811529412,0,0,0,0.000857319022664286,0.000239094200242348
0,0.00345553985138816,0.0033274827835467,0,0,0.000471174299187378,0.000561467217921783,0,0.00180476873151503,0,0.537374146980492,0,0.00451468885203425,0.000270264881339462,0,0.000363625928987366,0.127553336649069,0,1.88478693163124,0,0,0.000248129154602362,0.000252995977793763,0.000145603896806637,0.0483812714215229,0.553559290856993,0.0133451081226345,0.000104223625589164,0.000335429473653223,0.000150239795670665,0.00125381708781723,0.000673220156994364,0,0.0207471875063685,0,0.00173191508439481,0.00688697984846934,0.0309360227900443,0.0076007582815391,0.000174742578246193,0.000695967533038053,0,0.000317862617356755,0,0.0015659906183351,0.000300183780548497,0,0,0,0,0.000262808901035586,0,0,0,0,0,0,0,0,0.000202183946703023,0,0,0,0,0,9.66414346460168e-05,0.00194211270981832,0.00184808041350692,0,0,0,0,0,0.00569706423899897,0.00332041596615732,0.00121986936627258,0,5.65686475441571e-05,0,0,0.000313064500176673,0,0.000592975603283238,1.85504798641345e-05
0.0278785518264341,0.445448056824273,0.23622888080298,0,0.00164997783836708,0.00182097202487841,0.0208494658125527,0.00574494436701388,0.0102723055927539,0.000790657801939119,2.96132202307981,0,0.0552984373136165,0.0202521850624599,0,0.00407988929431367,2.52724689787726,1.88478693163124,0,0,0.00520678743731099,0.0164540189151512,0.0409756855855897,0.00958563510195908,0.286690171874986,3.1458406436595,0.662219324609498,0.00641494800439546,0.0312075840081175,0.00682418575778762,0.0202238584419056,0.00257578312094753,0.00119488024172329,0.643327218844396,0.00157705917125407,0.107966522016795,0.25338314437948,1.56988441927431,0.439945592046597,0.00166719513279992,0.0163627725247546,0.00361419755528612,0.0116703963251227,0.0224900108638101,0.0569219514167387,0.022643980145546,0,0.000780867213246328,0,0.00189561669966635,0.126869509739938,0.0126541964143178,0,0,0,0.000878681009309505,0.000286270910452253,0.00378779986968144,0.000100017964085574,0.00651695404283552,5.76748494091283e-05,0.00454424596566052,0.00128088042950235,0,0.00062722405469666,0.00668628682068702,0.0123283694580304,0.0418656335932011,8.37248944426505e-05,0.000437699920342767,0.00173632672914007,0.00158617512563991,0.000924708711702344,0.0524438294125003,0.0713534737907066,0.064834421243707,0.000261073271729481,0.00194174147422055,0.00156286645160721,0.00252973317800096,0.000121599378527574,0.000562220118531735,0.0185009854897303,0.000993665675002136
0.0157399725244866,0,8.35294015026425e-05,11.5289967460251,0,0.366302266440809,0.0477559929510668,0.225247825551771,0.682990128852513,6.35188549664741,0.000227779341300824,11.7777426391339,0.000279376848078609,0.0630316808776691,0.0297311797404724,0,0,0,0,0,0,0.000136431615596018,0.000101432244351972,0.84686627724145,0.000682640457288809,0,9.32503733742885e-05,0.895447057495764,0.0318047319028634,4.89501921224086e-05,0,0.000555960080264283,0.000300045404841383,0.0127774130065062,0,0.000597104412629113,0,0.00845078991856862,0.00102718551676199,0.0370545550942196,0.00134782336664094,0,0.000201208015080201,0,0.00060695619477788,0,0.00195764705921394,0,0,0.000330897841006705,0,0,0.373185659290304,0,0.00062511102530686,0.000773923699740061,0.00151438126824635,0.0606492116164511,0.00129260574301442,0.000101005919574272,0.0362078118569906,0,0.000991754391930482,0.000471556905167744,0,0,0,0,0.00191209131912246,0,0,0,0.0154789289866728,0,0,0,0.000751390273820106,0.000522013650362806,0,0,0,0,0,3.56233603128371e-05
0.00991947899701454,0.00268735874316678,0.383811181711519,0,0,7.97826627529858e-05,0.183708595643663,0.00453926387368631,0.00270811710393193,0.00259721031188588,0.00154261205790613,0,0.00305573924712255,0.00771300633810709,0.0210177973820399,0.931337819588265,0.262528503680973,0,0.00520678743731099,0,0,0.0430964007987936,6.55328793451197,0.0381376707627929,0.00063402741892195,0.00952421316412133,0.0688056721105609,1.52117999448706,0.18485781765406,3.26540580462575,0,0.000231739896407958,0.116134644885857,0.451546602399386,0.0311757649390895,0.509529753368358,0.0470033292178542,0.420582932336808,0.194544250200305,0.0237530605052736,0.000736605597396286,0.000480907451902971,0.00924002574184851,0.0062368690957157,0.00293424012145623,0.00460193930870514,0,0.000196198342478193,0,0.000233899753940944,0.000748115914465351,0.000307102996730738,0,0,0.00011135359574472,3.0177880757311e-05,0.000213720306230882,0.0185864652652344,0,0,0,4.92169217464998e-05,0.000272704222471291,0,0.0224677185181236,0,0,7.24321882446715e-05,0,0.00753899967141705,0.011514821467276,0.00218968030632307,0.000983517186955984,0,0.000146811290163368,0.00297861567121859,0.000934769723526303,0.000669614172585568,0,5.49632743710327e-05,0,0,0.000669057756836085,0.00832047468845632
0.0131814991196633,3.41685258138365,0.0202813513556534,0.00423515535029353,0,0.000511391956227655,0.0223947446353314,0.00300878803689898,3.14675626562164,0.000541036136221688,0.017375752348662,0.000973469622331698,0.0595506639243364,0.00908872071983456,0.0169642572192942,3.74264935500903,0.0337653874455671,0.000248129154602362,0.0164540189151512,0.000136431615596018,0.0430964007987936,0,0.215597412529749,3.68875077864359,0.641253278428502,0.0248814117108733,0.697981313427615,0.551305644875844,0.0118069359805692,0.0296884309005304,0.00364186526835293,0,0.013182087465774,0.122633459252341,0.0269254620100234,0.785616153207402,0.280500080648468,0.514777992326863,0.30850401557418,0.0607581587108024,0.00286398967363668,0.000795411919513225,0.110519189437109,0.153894736468076,0.088967676019366,0.109235096984721,0.013496066287599,0.00191276241431388,0,0.00311878626098391,0.130897858579125,0.00901606790704368,0,0,0,0.00252434960711536,0.00026299670084556,0.203560505352222,0,0.00186595471911071,4.77775482224591e-05,0.00279002747183822,0.00292397252640561,0,0.621667045156839,0.0177371224191812,0.000182629370366479,0.00360536545406655,0,0.0141949492761848,0.608880330656689,0.21160355988657,0.0172137087749997,0.00454885336249697,0.0028611160980338,0.153708500239905,0.00240145200532022,0.00152352070474518,0.00147092978850605,0.00124363826397281,0.000111599589900804,0.00423430441970653,0.00945054768319072,0.00894183993143226
0.0561484296818008,0.0103585988511023,3.79138600355313,0.000121435126756164,0.000391600864951127,0.00146002521853995,0.508233493249085,0.0178184992516773,0.014292759180649,0.00906943654603321,0.010121707284749,0,0.00870746268140269,0.0469376687629929,0.0280052221030664,1.79928326247951,1.93823436605465,0.000252995977793763,0.0409756855855897,0.000101432244351972,6.55328793451197,0.215597412529749,0,0.142072852800964,0.00282150198426674,0.095739151003658,1.49822986916146,1.12824049794193,0.147927174649791,0.89876446938024,0,0.000227874006568722,0.0407515331422308,0.707459191890228,0.0813111127967307,1.07108085053773,0.316364938880528,1.34430063438269,0.825492556451874,0.083574297253511,0.0016769209836151,0.000179485325517613,0.0358111363725024,0.0528120511592559,0.0293496983010709,0.0225016750921271,0.00233064936742747,0.000731113662644608,0,0.00125092616814166,0.00255790210998908,0.000625380304877001,0,0,4.22308896453789e-05,0.00024843584116704,0.000933308196718607,0.0402328826359353,1.91759506420148e-05,0.000594303655763553,0,0.000229650594483648,0.00178563900568965,0,0.118964694927055,0.00256516351093526,0,0.000363869631739042,0,0.00623624932402124,0.0590626035242142,0.0292741258551236,0.00303235430107717,5.97567479896127e-05,0.00105360182413641,0.0274224400921824,0.00133377444310794,0.00248058989880707,0.00214456681101006,0,0,0.00100128057136025,0.00374654038507168,0.025552774698573
0.0697868465763958,0.228509785028442,0.0180003346948744,2.45126728613915,0,0.0727621672904831,0.301345713801965,0.0743831911753686,6.50527028475316,0.338869999112554,0.0091885585432171,1.13111363404441,0.0149654345665605,0.0903438059215949,0.00956753730614731,1.47071514479356,0.0302502845254812,0.000145603896806637,0.00958563510195908,0.84686627724145,0.0381376707627929,3.68875077864359,0.142072852800964,0,0.108601018446692,0.0188395240481219,0.277125057851334,4.59946008617988,0.0849780654917873,0.0380127952569022,0.000394490069050137,0.000141469458759341,0.0433512086165677,0.0984287828255837,0.00554796696299505,0.269413901310949,0.035139203437667,0.112749343891834,0.0872148252580171,0.0452444377595151,0.00262447567317746,0.000301719817183549,0.0784508887852203,0.00455553197227485,0.077844675924824,0.0220651953201449,0.0143800232894705,0.0116437030067752,0,0.0320448579869188,0.00455124120657657,0.00307200234974681,0.0118515055896186,0.000459219439889313,0.00752928634997424,0.0145778134016769,0.032771624400187,1.65129407478684,0.0148790181743022,0.00347337679046368,0.0173981392867453,0.000650879671880943,0.0598367100365516,0.00611488746273535,0.153197745340532,0.00123176824140616,0.000187520509891878,0.000410218908296218,0.0177596849455512,0.030457929888832,0.0639245717313701,0.00874398532580554,0.358150766083624,0.000600776832966122,0.00139282497016825,0.00249684407423788,0.0574733284330224,0.0607935846429957,0.0118937194253713,0.00015760705135881,0.000565839833194981,0.0397657886755378,0.0427890553921391,0.00294547596059453
0.00150588115051209,2.5993378176915,0.00535564709017085,0,0.00142700767504489,0.000277406206861111,0.00192703591859649,0.00112688849397855,0.379186356066204,0,1.23551773082815,0.000644476602970293,1.07138030810454,0.00140202901611911,0.000497546770803971,0.0199199557855494,0.0100257285697238,0.0483812714215229,0.286690171874986,0.000682640457288809,0.00063402741892195,0.641253278428502,0.00282150198426674,0.108601018446692,0,0.930199689292912,1.45292094909567,0.0154861641936426,0.0109067824253167,0.00144364269513044,0.201398329716047,0.00113479422212107,0.00181629388597847,0.107731916320859,0.000866056274412311,0.0908695278665382,0.390588150297811,0.40445127176067,0.111079157973475,0.00653976868655351,0.00772120918357587,0.0251386064007003,0.00684843295855788,0.0170700181434924,0.0342420321633945,0.0189591324158312,0,0,0,0.000287272171448083,0.219787276966467,0.00790336647001197,0,0,0.000143856258787496,0.000196313593337916,0.000424299908954956,0.00251991002073353,0,0.0071274272922672,0.000180818116606109,0.00705137651978012,0.000960533983440084,0,0.00127302679883637,0.00194201316941304,0.0315175994059715,0.0237929705742249,0,0.000408683773373074,0.0346376665134588,0.00172406241377868,0.00074660601051265,0.300379961317139,0.0666505499307985,0.0359236265615214,0,0.000593278949542612,0.000120215988435068,0.00533883481704142,0.000257592789446389,0,0.016396756365338,0.000531222670383013
0.00787052503986372,0.0895096199028591,1.87634831552,3.27977898180124e-05,0,0.00124145337366117,0.0463714346692837,0.00654912584120682,0.014041183482785,0.00142099864069703,2.15291501347613,0.000101507984608157,0.850504477881238,0.0132062399985143,4.38846506099202e-05,0.00593827217250931,1.68667111945012,0.553559290856993,3.1458406436595,0,0.00952421316412133,0.0248814117108733,0.095739151003658,0.0188395240481219,0.930199689292912,0,2.66747397687688,0.0237368654373384,0.0195537402396531,0.0103636080262476,0.958409388523738,0.00101270729382624,0.000412971693736872,0.20935422321527,0.00155239368257485,0.0737118607311114,0.198729697860104,0.527383902992695,0.122717479310308,0.00157909983676214,0.0035812143020289,0.0032026228596306,0.00825497745573062,0.0134811144062571,0.0348636588505184,0.00936080292272179,0,0,0,0.000486611547593808,0.0387937822291227,0.00562314179951545,0,0,4.96771627884203e-05,0.00026699580965327,0.000656993520923368,0.00202924617789015,0.00021703613492231,0.00810660433608035,0.000105197521735571,0.00465916389511329,0.00103634546020562,0,0.000675894861109543,0.00321429379013167,0.034714285703513,0.0254799376330869,6.69641959043373e-05,0.000335553630846004,0.000627734383051061,0.000596493483200912,0.000298504434478299,0.0888918402612389,0.122806836636965,0.0458010138864052,0.000327883034146238,0.00149063299706775,0.000278028944492174,0.00116533406456689,0.000246367922639316,8.86202658659629e-05,0.0132215304048323,0.00132603081866334
0.0418680621130811,1.09443120836231,2.00974572383984,0.000280039155568061,0.000133229284550133,0.00167542324458807,0.0949264050701269,0.0156422736113268,0.075176979138277,0.00200379704125693,0.501841050341425,0.000466840492981471,0.837873951220637,0.0401022979242984,0.00270884790713099,0.824481414339035,0.699767301666857,0.0133451081226345,0.662219324609498,9.32503733742885e-05,0.0688056721105609,0.697981313427615,1.49822986916146,0.277125057851334,1.45292094909567,2.66747397687688,0,0.320346167089409,0.028024356024426,0.0265773252076882,0.3210920102256,0.000395187731693796,0.00261416002959615,0.786449092835296,0.0378962606959341,0.812256317363106,0.211314136038249,1.65224138308952,0.55859072783185,0.0180899260436086,0.00278154059727688,0.0017477223452882,0.0297303144681727,0.0336117225538647,0.0636299047186487,0.0241551524592628,0.000960742597264295,0.000613642335393867,0,0.00205669377967123,0.138951769108091,0.0284540194131484,0,0,0.000115925602012792,0.00173702299568185,0.00159104239611106,0.0251558385801092,0.000304450446151983,0.0116483822747888,8.16468933837484e-05,0.0113024865672911,0.00285603235226873,0,0.0339986301811957,0.00722006527390668,0.0229941911045178,0.0406633298472356,0.00026700751663924,0.00279794027872404,0.0202955905156244,0.0153318643042913,0.00172487056609495,0.105583477725995,0.161151022151878,0.119014781001415,0.00125677505915696,0.00326931154309128,0.000958626273231632,0.00150313003344949,0.000728528841365397,0.0011916279952444,0.0294552411687943,0.0153718149919637
0.234251342905753,0.0354352935922628,0.263771679366881,3.03364602617717,0,0.0720009812400882,4.13497784285548,0.153428018177566,0.965657990947969,3.15931152422181,0.00733740431309467,0.267781943332575,0.0116435021467018,0.31431018019522,0.0135263060838153,0.575746544984947,0.023582709957304,0.000104223625589164,0.00641494800439546,0.895447057495764,1.52117999448706,0.551305644875844,1.12824049794193,4.59946008617988,0.0154861641936426,0.0237368654373384,0.320346167089409,0,0.375361308007163,3.29295706394452,5.99136159366437e-05,0.00145023818685643,0.250092103908052,0.590526749966274,0.0396834587052953,0.89300244481619,0.104621677227164,0.289849341805726,0.277524807814658,0.0465140324651306,0.00918979219004895,0.00022983005566414,0.0817415970110787,0.00991280975381115,0.0691675172269887,0.0206431308525488,0.00929289591694177,0.00539418472803674,8.54507958505382e-05,0.0311536988538188,0.00154227363264116,0.00365223856781207,0.0223105421122463,0,0.00303998862395377,0.00578500927061739,0.0213380275364783,0.906590338238746,0.00332978675389268,0.00286411179614333,0.00165359804143255,0.00079005186495695,0.0483579298518846,8.24049276206039e-05,0.114165314065902,0.000950497333152272,0.000102892338020833,0.000972442202632911,0.00229019794734382,0.0302149340450426,0.0146864797857898,0.0100144512071216,0.112051071708361,0.000141148769684344,0.00121637521668607,0.0030216544142198,0.0365344252386269,0.0618173280460459,0.0107853293957876,0,0.00173753526893269,0.0237202650859575,0.0412274857488616,0.00956744412662976
1.29210593958109,0.00478024043258053,0.0287838702750619,0.0110170989731981,0.313677357208822,0.892245515255194,0.241235617522025,1.23374405273606,0.183347991081926,0.104223765812403,0.0375759074017512,0.00145789638756655,0.0112762665363214,4.81305488254288,0.00377850119266302,0.00366250086132017,0.0152282769972083,0.000335429473653223,0.0312075840081175,0.0318047319028634,0.18485781765406,0.0118069359805692,0.147927174649791,0.0849780654917873,0.0109067824253167,0.0195537402396531,0.028024356024426,0.375361308007163,0,3.37871147560711,0.000846171647261224,1.13838142267697,3.06412498280098,2.89226995557895,0.00103111036314107,0.0570922011905121,0.00954851463853085,0.817434337432729,0.061677062564511,0.47254433590845,1.33442497311595,0.00146023651971475,0.0121775750283404,0.00244390455827073,0.0166235838829745,0.00414508134696128,0.00158579031855023,0.00161928792045431,0,0.0099632269193442,0.00237227659532805,0.000367047548786198,0,0,0.000191572325080929,0.000910518684844522,0.0045601516670881,0.253542232131169,0.000415918438104629,0.000416906800728669,3.85031319669023e-05,0.000549822931597174,0.0140041221908325,0.000542568226367113,0.00507830441219483,0,0.000354631749006368,0.000782706650227826,0,0.00155171068069377,0.000351712046791984,0.000830813981197905,0.0233674845593118,0.00113548525116429,0.00327927879442976,0.000770315075436159,0.0123503360570771,0.0148209841068391,0.00193509671743524,0.000171893312575531,0,0.00895341883897907,0.00896252966407486,0.000121283545046102
