0,0,0.000567240973551224,0.00173970487563002,0,0.00125196885665622,0.512351620246985,0.399307486519601,0,0.0118542022712908,0.000237641313435302,0.000745935984920576,0,2.88903902548645,0,0,0.00132613464021768,0,0.00032652782616381,0.00485860590135339,0.00217479655086731,0,0.00333563886947529,0.00086728132467662,0,3.88232762205485e-05,0,0.00462769381842306,1.67545701662175,0.0347433755507583,0,0.00804782682836716,0.0123985702848786,0.00779452388122534,0,0.000920637918112345,0,0.00606944410742203,0.00094846522750832,0.000218168817329788,0.00205456731724718,0,0,0,0,0,0,0,0,0,0,0,0,0,0,0,0,0,0,0,0,0,0,0,0,0,0,0,0,0,0,0,0,0,0,0,0,0,0,0,0,0,0,0
0,0,0.0060261928489482,0,0,0,0,0,0.0334442662752699,0,0.113441744644729,0,0.0982283126739222,0,0,0.0188880221839885,0.0162856025518807,0.0185233925636167,0.0527165144875073,0,0.00016888156477788,1.75475517107785,0.00132325476199995,0.0122540376967495,1.51966412200267,0.0650454813920513,0.594450414069704,3.9344809328296e-05,0,4.29973799908161e-05,0.079460759839669,0,0,0.0314804824376564,1.99278632314111e-05,0.00515183119134392,0.0471293682361723,0.0579466704030053,0.01118097978887,0,0,0.047896650208465,0,0.00179622826472837,0.00096009946754105,0.000244286782041352,0,0,0.000289725148845579,0,0.465949430598276,0.0002565855351081,0,0,0,0,0,0.00391067281670357,0,0.000686772079713226,0,0.00318133906174969,0,0,0.00275473934191544,0.000330566182660044,0.000998937683276737,0.0036907177045077,0,0,0.118527765230265,0.000241723424840463,0.00169363609484658,0.0489025728495031,0.0061683261639764,0.103950423868715,0,0,0,0.003204408851596,0,0,0.000686524407658941,8.20361984466418e-06
0.000567240973551224,0.0060261928489482,0,5.11539831199439e-05,0,0,0.0115171952491374,0.000609731526160131,0.000465570365411642,0.000141024840102831,0.00453003101027639,0,0.00139218859656599,0.000500012973674917,0,0.0228510352184511,0.751783314049804,0.00313749562424028,0.0660114038948024,0,0.104392763190067,0.00301299811302106,3.71088751168776,0.000507467230360677,0.000879149039248205,1.40004391198988,1.1517786688479,0.0384614388304623,0.000896129550280685,0.027212445502442,0.00180598701078112,0,0.000141457409867035,0.195316453801119,0.000377253472288368,0.0172617756961691,0.22115266541566,0.364440305401971,0.022397925627383,0.0013175556463834,0.000328798747111381,0,0.000172374875161485,7.25095837596831e-05,0,0.0002997237078863,0,0,0,0,0.00265326184809223,0,0,0,0,0,0,0,0,0,0,0.00013843540910979,0,0,0,0,0,0,0,0,0,0,0,0.000489863291743661,0,0.00128863424530752,0,0,0,0,0,0,0,0.00081897958125986
0.00173970487563002,0,5.11539831199439e-05,0,0,0.0166302248789819,0.0235841953483973,0.0107726259880535,0.00698127327835921,0.495197364191439,0,0.181177334675668,0,0.00539909866623939,8.86766076939366e-05,0,0,0,0,4.98766400564027,0,0,0,2.02176052018925,0,0,0,1.69164005617508,0.00243510472099375,9.01592144734072e-05,0,0.000248151862727903,0.00029224519253928,0.0018854019217978,0,0.000557112586486445,0.00019205295441843,0.000621953204951243,0.00102068840787459,0.00011065412859721,0.000823347972918494,0,0.000204374396634122,0,0.000488781202445659,0,0,0,0,0,0,0,1.81807710158933,0,0.000541979645188515,0.000359232298956441,0.000294407594129638,0.000294813013869853,0.0160943049873874,0,0.00437729228189971,0,0.000376892081905398,0,0,0,0,0,0.0882413206825917,0,0,0,0.022439191653313,0,0,0,0.0502977561722752,0.000266431380064644,0,0,0,0,0,0
0,0,0,0,0,0.347827706887862,0,0.0194791032684512,0.0107721615551236,0.000131089622889521,7.65300991974194e-05,0.00422409688177559,0,0.00927585069228544,0.904011071996262,0,0,0,0,0.00108028909175693,0,0,0,0.000135220927513172,0,0,0,0,0.012161661243789,0.000102196483969558,0,3.03652294671011,0,0.0058338928077311,0,0.0024987926695102,0,0.00254478134725081,0.00320719928592824,3.71035757938894,2.31772134550123,0,0,0,0,0,0,0,0,0,0,0,0,0,0,0,0,0,0,0,0,0,0,0,0,0,0,0,0,0,0,0,0,0,0,0,0,0,0,0,0,0,0,0
0.00125196885665622,0,0,0.0166302248789819,0.347827706887862,0,0.034665307506528,2.8205101488515,0.0121215626863355,1.28678697770409,0.000271198650666704,0.531185993177421,0.000183692984353322,0.122289215401179,0.468408363190724,0,0,0,0,0.157364571198799,0.000191108228188858,0,0,0.0762422980671648,8.13929220785186e-05,0,0,0.0398633568524628,0.0530237182879821,0.000573017880262185,0,0.360844152371614,0.00157217782723994,0.0287961196606266,0.000649839826273785,0.00848674530566901,0.000676552824353804,0.0119067502292185,0.00519712262914611,0.461173056930932,0.028621399758123,0,3.39255849245888e-05,0,0,0,0.000124929247942245,0,0,0,0,0,0,0,0,0,0,0.000207340869264346,0,0,0,0,0,0,0,0,0,0,0,0,0,0,0.000483445017143702,0,0,0,0,0,0,0,0,0,0,0
0.512351620246985,0,0.0115171952491374,0.0235841953483973,0,0.034665307506528,0,0.376986087245638,0.000709683796082917,1.63191191324698,0.000192489192056297,0.0025274194459242,6.60532397754286e-05,0.752590213870331,0.000280277251290409,0.000821600500489688,0.0192918957312306,0,0.00132174893267417,0.0222596424986223,0.0330511966402823,0,0.0580209010748241,0.0732747832565737,0,0.000590952207438837,0.000325564741693734,3.32620551153423,0.197133131041702,2.78647026820231,0,0.00632815059214599,0.00365347300756245,0.0232232830337188,2.00965235872323e-05,0.00650035424665293,0.00358485296101448,0.00857333569205369,0.00173492343564309,0.000727707854833681,0.0022120860681336,0,2.63023507919439e-05,0.000101655302739319,0,0,0,0,0,0,0,0,0,0,0,0,0,0,0,0,0,0,0,0,0,0,0,0,0,0,0,0,0,0,0,0,0,0,0,0,0,0,0,0.000125819450574824
0.399307486519601,0,0.000609731526160131,0.0107726259880535,0.0194791032684512,2.8205101488515,0.376986087245638,0,0.00063739680736683,0.445600581747264,0.00081381094856891,0.105696154900417,0,2.87895907506946,0.015883152018374,0,0.000728965237378246,0,0,0.143434573468763,0.00112652891041811,0,0.00152135926753029,0.0472440230798291,0.000251077732957993,9.82858515408908e-05,4.00770716296049e-05,0.046819724536225,0.184623649477717,0.00462979100596663,0,0.400558882535694,0.00350932714352689,0.0617629962785504,9.72435060682655e-05,0.019030684756923,0.000792646107985284,0.0301092685614863,0.0133261716479492,0.0181656123502415,0.051940268984378,9.75151285991793e-05,2.31554097710135e-05,0,0,0.000166639052510704,9.63919879613845e-05,0,0,0,0,0,0,0,0,0,0,0,0,0,0,0,0,0,0,0,0,0,0,0,0,0,9.62286248962357e-05,0,0,0,0,0,0,0,0,0,0,6.7763482733185e-05
0,0.0334442662752699,0.000465570365411642,0.00698127327835921,0.0107721615551236,0.0121215626863355,0.000709683796082917,0.00063739680736683,0,0.00295409732201825,0.000431186796739627,1.66635768067009,0.000183136223878561,0.000205365187095446,1.1752158521959,0.00510653714878399,0.000426422843483112,8.34797259599736e-05,0.00138036084973339,0.142049985338453,0,1.02020035682383,0,3.8326039996755,0.00365775080708492,0.00152982865803044,0.0118560259308365,0.0150627952515803,0,0.000163089388853632,0.000612567801994215,0,0,0.00117097448621362,0,0.0206756218879559,0.00104291384417903,0.00108558107850328,0,1.80871557977373,0.00016669839687716,0,0,0,0,0,0.0888958546689236,0,0,0.00014527114781184,0.00252956868978995,0,0.00327647239449516,0.00110138504105117,0.00240870594280432,0,0,1.91990688037538,0.00118406782711471,0,0.0443164175337386,0.000128815754178487,0,0.00511534049652235,0.00298626127790646,0,0,0,0.0150517968836645,0,0.027929136991096,0,0.720965672153238,0.00164499377032563,0.000113074544527652,0.0012435834619805,0.000701332716597052,0,0,0,0,0,0,0
0.0118542022712908,0,0.000141024840102831,0.495197364191439,0.000131089622889521,1.28678697770409,1.63191191324698,0.445600581747264,0.00295409732201825,0,0.000152246150139192,0.756479689489287,0,0.235499869599367,0.000325643320342287,0,0,0,0,1.31461991494808,0.00020629429506418,0,0.000104500225624422,0.100795677483833,0,0,0,0.974255636641389,0.0177990103580663,0.00064085464909281,0,0.00347558949142018,0.000963331634206884,0.0103261925271791,8.17983256447253e-05,0.00606536913931609,0.000297473733323137,0.0047596419410387,0.00263979833293367,0.0017197028532342,0.00178509313524819,0,0,0,0,0,0.000119993781958331,0,0,0,0,0,7.67055445198405e-05,0,0,0,0,0.000327664729159225,0,0,5.1071559670335e-05,0,0,6.5660530364939e-05,0,0,0,0,5.9443278446719e-05,0,0,0,0.000204449449822127,0,0,0,0,0,0,0,0,0,0,7.61127872550542e-05
0.000237641313435302,0.113441744644729,0.00453003101027639,0,7.65300991974194e-05,0.000271198650666704,0.000192489192056297,0.00081381094856891,0.000431186796739627,0.000152246150139192,0,3.9901818075816e-05,4.06364510406139,0.00122383925307314,0,0.000934323744726083,0.0424645453768752,2.99147193682514,0.555962986961127,0,6.17050873337151e-05,0.0173327588811508,0.00116687503245442,0.000617967569761504,1.1924598156218,1.24870571284799,0.137149530897281,0,0.00811648862671956,0.00035851816292615,0.393643994646052,0.00533628394712648,0,1.17398418328609,0.000191558943353232,0.0163104313733767,0.667875794397052,0.841493722469164,0.019647569676297,0.000367945175799855,0.00478994846973011,0.405950925693906,0.000358493222140158,0.0106546166121043,0.00277866596612783,0.000125529297035961,0,0,0.00291528082840154,0,0.00502969591506561,0,0,0,0,0,0,0,0,0.028282811569645,0,0.0528449226533565,0,0,0,0.000152593100791517,0.00516476505810564,0.00509430855583016,0,0,0,0,0.000104799976035395,0.29903321170091,0.0191895113118363,0.0125579683340347,0,0,0,0.014328123428852,0,0,0.00218333461050681,1.28782926465692e-05
0.000745935984920576,0,0,0.181177334675668,0.00422409688177559,0.531185993177421,0.0025274194459242,0.105696154900417,1.66635768067009,0.756479689489287,3.9901818075816e-05,0,0,0.0155850831082202,1.4191775115406,0,0,0,0,6.69064844035293,0.000108044097011473,0,8.7535441636085e-05,0.686266353644912,4.6610827170836e-05,3.09419947279151e-05,0,0.00351351070315839,0.012225057497117,0.00012529059558069,0,0.011009582312921,0.000792570855447632,0.00899816745992984,0.0899239612037599,0.00345561731123231,6.96416440186358e-05,0.00554864653534286,0.00148347694092891,0.573569883937348,0.00429985542345378,0,0.000431479160722187,0,0,0,0.000942343853617605,0,0,0,0,0,0.128650761500095,0,0.000465497445798496,0,0.000149594667965714,0.00365177200433469,0.00199514660493127,0,0.544921768324684,0,0.00022649433939208,0,0,0,0,0,0.385595101323626,0,0,0,0.00556359558808353,0.00011594422000244,0,0,0.000289833786908941,0,0,0,0,0,0,0.000263155241533766
0,0.0982283126739222,0.00139218859656599,0,0,0.000183692984353322,6.60532397754286e-05,0,0.000183136223878561,0,4.06364510406139,0,0,0.000489312010395856,0,0.000431757673090196,0.000726934319645592,0.0186759547680052,0.0048369920575804,0,4.241904476259e-05,0.0137292555712626,2.58224215895677e-05,0.000148089280622953,3.1975831541259,0.136829231282335,0.893094577493545,0,0.00112690368018995,0.000155291771679302,4.03255956990653,0.000438523147104973,0,0.252961700259286,0.00553584837489697,0.539302276820117,0.469310466141751,0.374253254336478,0.0399550699795377,0,0.00150935575985973,2.03758841704813,0.00360119423093192,0.0118049455687223,0.00456309825846417,0.0030123853396527,0,0,0.00382762552457484,0,0.00141619927266695,0,0,0,0,0,0,0,0,0.0191259228861909,0,0.0287231881164416,0,0,0,0,0.00456615209656169,0.00110743290743188,0,0,0,3.76842865052315e-05,0,0.205477472671177,0.0101395647870829,0.00535973152014033,0,0,0,0.00974949972631633,0,0,0.00136852934749994,0.00284835757412161
2.88903902548645,0,0.000500012973674917,0.00539909866623939,0.00927585069228544,0.122289215401179,0.752590213870331,2.87895907506946,0.000205365187095446,0.235499869599367,0.00122383925307314,0.0155850831082202,0.000489312010395856,0,0.00129206164670376,0,0.00110704207293014,7.17367973030207e-05,4.12632210952204e-05,0.0269487621435623,0.00167534689265583,0,0.00245300158976404,0.00590683579303847,0.00026248022360525,0.000108399854664214,0,0.0155896225389312,2.20026240008585,0.0163254373249612,0,0.384616044046009,0.013471660754545,0.0859352214791567,9.81451480424483e-05,0.0183526579665872,0.000685288357088355,0.0336515021236952,0.0121575739493844,0.0125386085615361,0.0562126619903479,0,0,0,0,0,0,0,0,0,0,0,0,0,0,0,0,5.44895608410307e-05,0,0,0,0,0,0,0,0,0,0,0,0,0,0,0,0,0,0,0,0,0,0,0,0,0,0
0,0,0,8.86766076939366e-05,0.904011071996262,0.468408363190724,0.000280277251290409,0.015883152018374,1.1752158521959,0.000325643320342287,0,1.4191775115406,0,0.00129206164670376,0,0,0,0,0,0.0451679712267859,0,0.00171958654745453,0,0.011909511510769,0,0,3.42771497799284e-05,3.29061894530566e-05,0.00123281253713982,0,0,0.00636558288752934,0,0.00188355043169433,0.0561471091426263,0,8.22432269262114e-05,0.000185912868234286,0.000254298625357845,5.57020907474119,0.00164082632897151,0,0,0,9.90604831452944e-05,0,0.00129262343915332,0,0,0,0,0,0,0,0.000140339519564028,0,0,0.00200262256947994,0,0,0.000512362154366409,0,0,0,0,0,0,0,0,0,0,0,0.00249999335230424,0,0,0,0,0,0,0,0,0,0,0.00127723373390388
0,0.0188880221839885,0.0228510352184511,0,0,0,0.000821600500489688,0,0.00510653714878399,0,0.000934323744726083,0,0.000431757673090196,0,0,0,0.00105470127518231,0,0.000862174241803143,0,0.145791599376419,2.25897994456641,0.910906658630279,0.853315509789641,0.00129622023796836,0.00245995434742192,0.370178026394545,0.0748752709231563,0,0,0,0,0,0.00232482104466228,2.32719990305196e-05,0.000285249248417819,0.00211060097491277,0.0040348154943061,0.000857993717600425,0,0,0,0,0,0.000184917038743369,0,0,0,0,0,0.00134636089407497,6.99124505330346e-05,0,0,0,0,0,0.015740631352717,0,0,0,0,0,0,1.03869758259156,0,0,0,0,0.152518295334994,0.119309753211544,0.00817789031501569,0.00315926552671186,0,2.78657924307375e-05,0.00135213173441416,0.00158285818402213,0,0,0,0,0,0.00014689263142386,0
0.00132613464021768,0.0162856025518807,0.751783314049804,0,0,0,0.0192918957312306,0.000728965237378246,0.000426422843483112,0,0.0424645453768752,0,0.000726934319645592,0.00110704207293014,0,0.00105470127518231,0,0.0243478365568749,4.77336465379602,0,0.0685057101939722,0.00699325037747368,2.03681430646584,0.000393577731362499,0.000660357201442202,0.632420475904936,0.0916786506543271,0.0131280388703204,0.00533519437282223,0.0849574782865122,0.000504907828137911,0,0.000703164329741365,1.01719795439493,0.000181940200623276,0.00479832990441954,0.557629458411235,0.188447370717699,0.0155330226147162,0.000325642261423769,0.000201170453171712,0,0,0,0.000322786984764414,9.59211870960623e-05,0,0,0,0,0.00846640813069875,0,0,0,0,0,0,9.62703794423411e-05,0,0,0,0.00034783528042851,0,0,0,0,6.14278145848759e-05,5.60115535543895e-05,0,0,0,0,0,0.000639340868637098,0.000604686362749131,0.00381585128630591,0,0,0,9.9005395470135e-05,0,0,7.67704309294218e-05,0.000127948597428415
0,0.0185233925636167,0.00313749562424028,0,0,0,0,0,8.34797259599736e-05,0,2.99147193682514,0,0.0186759547680052,7.17367973030207e-05,0,0,0.0243478365568749,0,2.4764871781131,0,0.000131520599546748,0.00210607761899549,0.000910384920369418,0,0.080754648123862,1.03095071662776,0.0330798230641133,4.37302927159082e-05,0.000482176517110943,0.000393713216372327,0.118559323902385,0.000481925287778785,0,0.0367302319359202,0,0.00123451544777911,0.064240897930356,0.101947208976435,0.00252101322109113,0.000234165602920833,0.000185364916344121,0.0117507401936022,0,0.00105404220860914,0,0,0,0,0,0,0.00111593052216307,0,0,0,0,0,0,0,0,0.00156323637043307,0,0.00513652101902105,0,0,0,9.01854927953145e-05,0.00197437625048731,0.00171348589753455,0,0,0,0,0,0.0411745874603959,0.00401288234167491,0.00264410266582711,0,0,0,0.00142481589429963,0,0,0.000107832940371953,0
0.00032652782616381,0.0527165144875073,0.0660114038948024,0,0,0,0.00132174893267417,0,0.00138036084973339,0,0.555962986961127,0,0.0048369920575804,4.12632210952204e-05,0,0.000862174241803143,4.77336465379602,2.4764871781131,0,0,0.00706787241481721,0.0113295600115333,0.0297432500726029,0.000509616041398452,0.031072064833529,2.20357038443202,0.112543735160637,0.00143136343397551,0.000765099721430202,0.00841859040713328,0.0168658709001978,0.000357671527606591,0,0.474692551350973,0.000102620705016586,0.0105207258647503,0.251898643718865,0.226473500162928,0.0282733799202133,0,0,0.00191891441979021,3.83077318076115e-05,0.000776947873737683,0.000584915962262289,0.000289860728304794,0,0,0,0,0.0183321104358764,0,0,0,0,0,0,0,0,0.000252515635603395,0,0.00119140798704984,0,0,0.000257750520585493,0,0.000317424141912934,0.00268573376437473,0,0,0.000259382737411388,0,0,0.029102453366395,0.00245742737584082,0.00946192676423277,0,0,0,0,0,0,6.03464543039705e-05,8.09756238280275e-06
0.00485860590135339,0,0,4.98766400564027,0.00108028909175693,0.157364571198799,0.0222596424986223,0.143434573468763,0.142049985338453,1.31461991494808,0,6.69064844035293,0,0.0269487621435623,0.0451679712267859,0,0,0,0,0,0,0,5.18152816426475e-05,0.94724977995011,0,0,0,0.293567781609835,0.015412248400136,0.000410601915635006,0,0.00883331751797609,0.00147119005944728,0.0118073749675074,0,0.00597478553374822,0.00018700227884888,0.00867146561341164,0.00749897221739815,0.0269477503982616,0.0079234373550335,0,0,0,0,0.000285067626079615,0.00118996293905902,0,0,0,0,0,0.00947983484042961,0,7.16055776728212e-05,0,0,0.00608778179695241,0,0,0.0013095870976961,0,0,0.000167238872381445,0,0,0,0,0.00124101072721924,0,0,0,0.00618207327401045,0,0,0,0,0,0,0,0,0,0,1.06387824088313e-05
0.00217479655086731,0.00016888156477788,0.104392763190067,0,0,0.000191108228188858,0.0330511966402823,0.00112652891041811,0,0.00020629429506418,6.17050873337151e-05,0.000108044097011473,4.241904476259e-05,0.00167534689265583,0,0.145791599376419,0.0685057101939722,0.000131520599546748,0.00706787241481721,0,0,0,7.06966511016908,0.00645755219064522,0,0.001836223229721,0.00391265549682447,2.66819837999764,0.0219354630186611,1.96732517044394,0,0.000600762435991192,0.00601635985929586,0.526176588024851,0.00284864067587394,0.0132372433529173,0.114746166200501,0.268895178247647,0.033026732934996,0.0110939264504087,0.00332633582347996,0,0.000458251724648457,0.000914325153924444,0.00013736751983737,0.000971218858191647,0,0.000179738540225793,0,0,0,0,0,0,0,0,0,0,0,0,0,0,0,0,0,0,0,0,0,0,0.000168538250842134,0,0,0,0,0,0,0,0,0,0,0,0,0.00215686453533047
0,1.75475517107785,0.00301299811302106,0,0,0,0,0,1.02020035682383,0,0.0173327588811508,0,0.0137292555712626,0,0.00171958654745453,2.25897994456641,0.00699325037747368,0.00210607761899549,0.0113295600115333,0,0,0,0.00596345546878521,0.338309279359326,0.052248969615934,0.0213616077593963,0.368612137869087,0.00202317991303647,0,0,0.0162631529260479,0,0,0.00778037410674815,0,0.00120755254159032,0.0120982922214077,0.0129913588471327,0.00218282261206071,0.00155366087956139,0,0.00304630581363767,0.000276658829367338,0.000306937470433893,0.00130386864209454,0,0.00127150203789879,0,0,0,0.0432111715072971,0.000496310992225855,0,0,0,0,0,0.273197952608202,0,0,0,0.000881898546794533,0,0.000325950064562371,0.180422946660119,0,0,0.000148218055245022,0,0,1.90602194493823,0.000943405136346927,0.0158932017752471,0.0048759738160551,0.000259216444801991,0.0298695313861069,0,0,0,0.000180760147554511,0,0,0,0
0.00333563886947529,0.00132325476199995,3.71088751168776,0,0,0,0.0580209010748241,0.00152135926753029,0,0.000104500225624422,0.00116687503245442,8.7535441636085e-05,2.58224215895677e-05,0.00245300158976404,0,0.910906658630279,2.03681430646584,0.000910384920369418,0.0297432500726029,5.18152816426475e-05,7.06966511016908,0.00596345546878521,0,0.00348977293385569,7.57380408294233e-05,0.0370551155440504,0.374921080019658,0.465487363789964,0.0142759870532486,0.437851139960302,9.19304551855811e-05,0.000151793689445763,0.00227221405797849,0.444978523940235,0.00406141505941205,0.0168148801593335,0.543579430099482,0.390081223045555,0.031932784777515,0.0105112326603651,0.00156848831897107,0,0.000809848351769355,0.000356414346680099,0.000344067088349843,0.00136986348382515,3.09213559058633e-05,0.000319684967498159,0,0,0.000244745559380458,0,0,0,0,0,0,0,0,2.73852702585408e-05,0,0,0,0,0.0117750708435009,4.64516532286314e-05,0,0,0,0.000772947210613655,0.0015642969034885,0.000197307986420117,0,5.41423513716766e-05,0,0.000322178759328317,0,0,4.02340759583569e-05,0,0,0,7.27795965287659e-05,0.00317470485504653
0.00086728132467662,0.0122540376967495,0.000507467230360677,2.02176052018925,0.000135220927513172,0.0762422980671648,0.0732747832565737,0.0472440230798291,3.8326039996755,0.100795677483833,0.000617967569761504,0.686266353644912,0.000148089280622953,0.00590683579303847,0.011909511510769,0.853315509789641,0.000393577731362499,0,0.000509616041398452,0.94724977995011,0.00645755219064522,0.338309279359326,0.00348977293385569,0,0.000457602215321212,0.00101610109978141,0.0124143233019199,1.27358317801754,0.00328733383324123,0.000722702562118406,0.000109532073742575,0.00118529496667386,9.01191215547416e-05,0.00439596758594355,8.25242460894722e-06,0.0012642954688734,0.000319695824225445,0.00193668352882801,0.000990888911148336,0.0208832876934146,0.00103651782080449,0,4.06757419853148e-05,0,0.000105051010068451,0,0.00858603518245378,0,0,0,0.000460184648773592,0,0.277590737979031,0,0.000587162050768946,0.000169845941093172,2.90751592949435e-05,0.0245197325429734,0.000336516986690347,3.07381261879422e-05,0.0342291235103641,3.06801061147042e-05,0.000151081043937911,0.000257088249530468,0.000487163702512151,0,0,0,0.0264563947632803,0,0.00439772537226934,0,0.280943752324573,4.28265562403434e-05,6.80980591659833e-05,0.000483339716273991,0.00705383541749659,0.000133648758802513,0,0,0,0,0.000100648789336111,0
0,1.51966412200267,0.000879149039248205,0,0,8.13929220785186e-05,0,0.000251077732957993,0.00365775080708492,0,1.1924598156218,4.6610827170836e-05,3.1975831541259,0.00026248022360525,0,0.00129622023796836,0.000660357201442202,0.080754648123862,0.031072064833529,0,0,0.052248969615934,7.57380408294233e-05,0.000457602215321212,0,0.134370021993923,0.649810601956235,3.75448366911435e-05,0.000963334975396803,0,0.370674787831635,0.000383030739753847,0,0.0797734422873708,0,0.00165937651587986,0.361545837105101,0.150991406435384,0.0046848015075593,0,0,1.63353595156233,0,0.0333018307426449,0.00844801086523584,0.000236079245943626,0,0,0.0327305071037082,0,0.0523990974135476,0.000210990612512509,0,0,0,0,0,9.45523472863086e-05,0,0.0531675340560696,0,0.100861986293901,0,0,0,0.000399665239802669,0.014676226180079,0.0132332226153321,0,0,0.000565026199941022,6.01624005389309e-05,0,0.738808600371592,0.0397083023050871,0.0280809427056654,0,0,0,0.0305923366674555,0.000321845724681365,0,0.00267062327875761,0
3.88232762205485e-05,0.0650454813920513,1.40004391198988,0,0,0,0.000590952207438837,9.82858515408908e-05,0.00152982865803044,0,1.24870571284799,3.09419947279151e-05,0.136829231282335,0.000108399854664214,0,0.00245995434742192,0.632420475904936,1.03095071662776,2.20357038443202,0,0.001836223229721,0.0213616077593963,0.0370551155440504,0.00101610109978141,0.134370021993923,0,1.43847328341667,0.000735805863574798,0.000505653646293138,0.00151471518008174,0.492516725449747,0.000355553620410597,0,0.078890286425565,0.000104677009384077,0.00566043438028135,0.157964519155853,0.119276942781679,0.00845750768560166,0,0.000353870476109288,0.00422872070196063,2.88764024511086e-05,0.00222188647452855,0.00112480541407898,0,0,0,0.000126322062156837,0,0.0196753935337183,0,0,0,0,0,0,0,0,0.00425028933855327,0,0.0126570436959244,0,0,0.000114040024846553,0.000715159161231776,0.00339637170600044,0.00582307073911265,0,0,0.000290189915599356,0,3.52092155678683e-05,0.0971092757250748,0.021155417315603,0.0324447527743822,0,0,0,0.00280487659132121,0,0,0.000428255605521338,5.88225878908095e-06
0,0.594450414069704,1.1517786688479,0,0,0,0.000325564741693734,4.00770716296049e-05,0.0118560259308365,0,0.137149530897281,0,0.893094577493545,0,3.42771497799284e-05,0.370178026394545,0.0916786506543271,0.0330798230641133,0.112543735160637,0,0.00391265549682447,0.368612137869087,0.374921080019658,0.0124143233019199,0.649810601956235,1.43847328341667,0,0.00556733768133777,0.000154840950489083,0.00117792564469755,0.284221023295898,0,0,0.0924506645458551,0.000213353984286537,0.00914730306447747,0.122416634647399,0.123700849613749,0.0124471033960307,0,7.73492370843604e-05,0.00277873907977459,2.86804904617299e-05,0.00283104803749125,0.00135223259545153,6.3076341846728e-05,0,0,3.14928486942756e-05,0,0.103286080957929,0.000153047316883816,0,0,0,0,0,0.00100271313065126,0,0.00494648342818921,0,0.0111057539443693,0,0,0.00334119857812394,0.000395127696401734,0.00295157997295946,0.00610735468325069,0,3.73613155961877e-05,0.0144839366058289,0.000130912233239019,0.000296848969836175,0.101695735539667,0.0243444727946657,0.129375117754506,0,0,0,0.00241817824593595,4.43605160699474e-05,0,0.00108924536559113,0.000228421672999158
0.00462769381842306,3.9344809328296e-05,0.0384614388304623,1.69164005617508,0,0.0398633568524628,3.32620551153423,0.046819724536225,0.0150627952515803,0.974255636641389,0,0.00351351070315839,0,0.0155896225389312,3.29061894530566e-05,0.0748752709231563,0.0131280388703204,4.37302927159082e-05,0.00143136343397551,0.293567781609835,2.66819837999764,0.00202317991303647,0.465487363789964,1.27358317801754,3.75448366911435e-05,0.000735805863574798,0.00556733768133777,0,0.00936287156174495,0.727867249399781,0,0.000720915837566583,0.000964608482527932,0.0386329795107154,0.00130575608647454,0.00617053598564881,0.0053795141439953,0.0451466842743834,0.00411734449595211,0.00218035351040933,0.000843294442747127,5.90877609304387e-05,0.000218449116812948,4.28793738052958e-05,0,2.764250667291e-05,0,0,0,0,0,0,0,0,0,0,0,0.000159793390300049,0,0,0,0,0,0,0,0,0,0,0,0,0,0,0.00182956478805659,0,0,0,0.00370255213472415,0,0,0,0,0,0,0.000514663710974544
1.67545701662175,0,0.000896129550280685,0.00243510472099375,0.012161661243789,0.0530237182879821,0.197133131041702,0.184623649477717,0,0.0177990103580663,0.00811648862671956,0.012225057497117,0.00112690368018995,2.20026240008585,0.00123281253713982,0,0.00533519437282223,0.000482176517110943,0.000765099721430202,0.015412248400136,0.0219354630186611,0,0.0142759870532486,0.00328733383324123,0.000963334975396803,0.000505653646293138,0.000154840950489083,0.00936287156174495,0,2.05753294128705,5.57927291440219e-05,0.677143931737548,2.30112600275509,1.22106436374367,0.00192622474521245,0.116918506164214,0.00728666884048998,0.23844823451798,0.0657191580134727,0.0356790607237215,0.221651880756853,0.000815242542531814,0.000203098490585689,0.00099426709990154,4.72910979078265e-05,0,0,0,0,0,0,0,0,0,0,0,0,0,0,0,0,0,0,0,0,0,0,0,0,0,0,1.81192233202985e-05,0,7.25689237411828e-05,0,9.73438140762191e-06,0,0,0,0,0,0,0,0.000570858291997214
0.0347433755507583,4.29973799908161e-05,0.027212445502442,9.01592144734072e-05,0.000102196483969558,0.000573017880262185,2.78647026820231,0.00462979100596663,0.000163089388853632,0.00064085464909281,0.00035851816292615,0.00012529059558069,0.000155291771679302,0.0163254373249612,0,0,0.0849574782865122,0.000393713216372327,0.00841859040713328,0.000410601915635006,1.96732517044394,0,0.437851139960302,0.000722702562118406,0,0.00151471518008174,0.00117792564469755,0.727867249399781,2.05753294128705,0,0,0.00280082290450688,0.287881478174468,0.886489098315595,0.00394958735208072,0.0520962710635938,0.0320550947509318,0.179520991167002,0.0198733498387484,0.00922001298193096,0.00653042583498108,0,0.000286244400473968,0.000656730165161106,6.0994786689134e-05,0.000399801180768979,0,0,0,0,6.40910857495347e-05,0,0,0,0,0,0,0,0,0,0,0,0,0,0,0,0,0,0,0.000105886190484672,0,0,0,0,0,0,0,0,0,0,0,0,0.000110683393011115,0.00169236063801334
0,0.079460759839669,0.00180598701078112,0,0,0,0,0,0.000612567801994215,0,0.393643994646052,0,4.03255956990653,0,0,0,0.000504907828137911,0.118559323902385,0.0168658709001978,0,0,0.0162631529260479,9.19304551855811e-05,0.000109532073742575,0.370674787831635,0.492516725449747,0.284221023295898,0,5.57927291440219e-05,0,0,0,0,0.0162442939419072,0,0.000191449997645009,0.0610016105835557,0.0494339263316887,0.000689980285898808,0,0,0.0160244526663384,0,0.00251825314693764,0.000453137467381215,0,0,0,0.00200116875760999,0,0.00278839041116386,0,0,0,0,0,0,0,0,0.00616554476321617,0,0.0166767426350815,0,0,0,0,0.00452515079895053,0.00169233212303038,0,0,0,0,0,0.160756666222075,0.00835227143978027,0.00542992631359784,0,0,0,0.0139420496767169,0,0,0.000520687122383931,0
0.00804782682836716,0,0,0.000248151862727903,3.03652294671011,0.360844152371614,0.00632815059214599,0.400558882535694,0,0.00347558949142018,0.00533628394712648,0.011009582312921,0.000438523147104973,0.384616044046009,0.00636558288752934,0,0,0.000481925287778785,0.000357671527606591,0.00883331751797609,0.000600762435991192,0,0.000151793689445763,0.00118529496667386,0.000383030739753847,0.000355553620410597,0,0.000720915837566583,0.677143931737548,0.00280082290450688,0,0,0.0111328192730786,0.505914854611287,8.35506377648027e-05,0.0254911089136176,0.00250719404308884,0.0805207479593379,0.0289087181594383,0.0334399330509017,2.00426780421809,0.00280215202198453,0,0,0,0,0,0,0,0,0,0,0,0,0,0,0,0,0,0,0,0,0,0,0,0,0,0,0,0,0,0,0,0.000173802388041591,0,0,0,0,0,0,0,0,0,5.70793932947976e-05
0.0123985702848786,0,0.000141457409867035,0.00029224519253928,0,0.00157217782723994,0.00365347300756245,0.00350932714352689,0,0.000963331634206884,0,0.000792570855447632,0,0.013471660754545,0,0,0.000703164329741365,0,0,0.00147119005944728,0.00601635985929586,0,0.00227221405797849,9.01191215547416e-05,0,0,0,0.000964608482527932,2.30112600275509,0.287881478174468,0,0.0111328192730786,0,0.807260297038991,0.00025279042552318,0.0123972020995191,0.00130871184788786,0.114927813718256,0.027275237199986,0.00807089567737406,0.0288496544795809,0,0,0.000205700272396428,0,0.000131487077703079,0,0,0,0,0,0,0,0,0,0,0,0,0,0,0,0,0,0,0,0,0,0,0,0,0,0,0,0,0,0,0,0,0,0,0,0,0,0.000254290908196077
0.00779452388122534,0.0314804824376564,0.195316453801119,0.0018854019217978,0.0058338928077311,0.0287961196606266,0.0232232830337188,0.0617629962785504,0.00117097448621362,0.0103261925271791,1.17398418328609,0.00899816745992984,0.252961700259286,0.0859352214791567,0.00188355043169433,0.00232482104466228,1.01719795439493,0.0367302319359202,0.474692551350973,0.0118073749675074,0.526176588024851,0.00778037410674815,0.444978523940235,0.00439596758594355,0.0797734422873708,0.078890286425565,0.0924506645458551,0.0386329795107154,1.22106436374367,0.886489098315595,0.0162442939419072,0.505914854611287,0.807260297038991,0,0.00646164125097219,0.237361530533918,0.769901525688235,4.04215296263888,0.144363387370166,0.0581700876941811,0.835668754492099,0.100042917505012,0.0017159324177575,0.00282730708056964,0.000424818021294431,0.0012158862993821,0,0,0.000205151535031398,0,0.00917079584472087,0,0,0,0,0,0,0,0,0.00256047473674878,0,0.0037489245873504,0,0,0,0,0.000354724725661915,0.000841356643110675,0,0,0,4.35740545522904e-05,0,0.0225528430304481,0.00165202470399695,0.0064391088106628,0.000111817940506359,0,0,0.000889463061273755,0,0,9.02537279671815e-05,0.00248850509106438
0,1.99278632314111e-05,0.000377253472288368,0,0,0.000649839826273785,2.00965235872323e-05,9.72435060682655e-05,0,8.17983256447253e-05,0.000191558943353232,0.0899239612037599,0.00553584837489697,9.81451480424483e-05,0.0561471091426263,2.32719990305196e-05,0.000181940200623276,0,0.000102620705016586,0,0.00284864067587394,0,0.00406141505941205,8.25242460894722e-06,0,0.000104677009384077,0.000213353984286537,0.00130575608647454,0.00192622474521245,0.00394958735208072,0,8.35506377648027e-05,0.00025279042552318,0.00646164125097219,0,0.103230589099154,0.107790322910817,0.0128106330695031,0.0172633572946451,0.00315208004105995,0.000413609900265857,0.000759745688155341,0.0283008575871728,0.0683068684462491,0.0283722931478541,0.043233845723157,0.010205649203148,0.00291644427264933,0.000599916568355663,0,0,0.000146091728177412,3.32301910794327e-05,0,0.000678990297218274,4.66698161174157e-05,0,0,3.76779701362763e-05,0.00155854081341901,0.00408793555857041,0,0,0.000947663474028738,7.03715941408924e-05,0.000106877960156219,6.74701755410843e-06,0.000406599535895579,7.00912742148821e-05,0.000396456646114124,0,0.00137180644572056,4.98761778532255e-05,0,0.000231732856567122,0.000384837670710679,0.00011621236624455,0.000158185383105741,0.000442870058191466,0,0,4.85874247354732e-05,0.00122169146467841,1.30034756021182
0.000920637918112345,0.00515183119134392,0.0172617756961691,0.000557112586486445,0.0024987926695102,0.00848674530566901,0.00650035424665293,0.019030684756923,0.0206756218879559,0.00606536913931609,0.0163104313733767,0.00345561731123231,0.539302276820117,0.0183526579665872,0,0.000285249248417819,0.00479832990441954,0.00123451544777911,0.0105207258647503,0.00597478553374822,0.0132372433529173,0.00120755254159032,0.0168148801593335,0.0012642954688734,0.00165937651587986,0.00566043438028135,0.00914730306447747,0.00617053598564881,0.116918506164214,0.0520962710635938,0.000191449997645009,0.0254911089136176,0.0123972020995191,0.237361530533918,0.103230589099154,0,4.69044201237903,0.503899875283421,0.455080940201123,0.258802769630835,0.0890189125642393,0.1201658138878,0.0727540137885334,0.074636518739454,0.0188851108922995,0.0292729876478,0.00137582546063089,0.000304323024883756,0.00153288880001823,7.54902400126184e-05,0.00149110563890865,0.000258228180946152,0,0,0,0,0,0,0.000136593464195998,0.00159676434018107,0,0.00010637983576495,0,0,0,0.000207184020296021,0.000104503005229349,0.000557088472900874,0,0.000492426403472237,4.56631072474731e-05,0.000849146469686867,0.000143496089536052,0.00146016064994563,0.000563075135058846,0.00130691163678982,0.000239084469714941,2.61857330054963e-05,6.07006095795825e-05,0,0,0,0.00090393232423734,0.0365542322186244
0,0.0471293682361723,0.22115266541566,0.00019205295441843,0,0.000676552824353804,0.00358485296101448,0.000792646107985284,0.00104291384417903,0.000297473733323137,0.667875794397052,6.96416440186358e-05,0.469310466141751,0.000685288357088355,8.22432269262114e-05,0.00211060097491277,0.557629458411235,0.064240897930356,0.251898643718865,0.00018700227884888,0.114746166200501,0.0120982922214077,0.543579430099482,0.000319695824225445,0.361545837105101,0.157964519155853,0.122416634647399,0.0053795141439953,0.00728666884048998,0.0320550947509318,0.0610016105835557,0.00250719404308884,0.00130871184788786,0.769901525688235,0.107790322910817,4.69044201237903,0,4.81915691625869,1.60594370384262,0.202655898112464,0.030801987730171,0.755334474123804,0.0351916899416714,0.039843101329977,0.0119640590521794,0.050260707556584,0.00408037472282352,0.00200308364357742,0.00390473589729416,0,0.0119114494890197,0.000256097159483169,0,0,0,0,0,0,0,0.0203624090002227,0,0.0223388354834947,0.000102486313639696,0,0,0.000350713933285295,0.00260330902135017,0.00246680102384053,0.000287774672038613,0.000720535006986647,0.000828405290350869,0.000769928058916259,0,0.140153030710341,0.00737052245218071,0.00967309784537262,0.000151495804659401,7.84295590868652e-05,0.000126578840332418,0.0043017791537972,0,0,0.00214171122412198,0.0849781537514805
0.00606944410742203,0.0579466704030053,0.364440305401971,0.000621953204951243,0.00254478134725081,0.0119067502292185,0.00857333569205369,0.0301092685614863,0.00108558107850328,0.0047596419410387,0.841493722469164,0.00554864653534286,0.374253254336478,0.0336515021236952,0.000185912868234286,0.0040348154943061,0.188447370717699,0.101947208976435,0.226473500162928,0.00867146561341164,0.268895178247647,0.0129913588471327,0.390081223045555,0.00193668352882801,0.150991406435384,0.119276942781679,0.123700849613749,0.0451466842743834,0.23844823451798,0.179520991167002,0.0494339263316887,0.0805207479593379,0.114927813718256,4.04215296263888,0.0128106330695031,0.503899875283421,4.81915691625869,0,1.84539281526751,0.106178495458147,0.27058140902101,0.595554186693121,0.00411739326804047,0.00834564380764424,0.00251613399245558,0.00941555369361951,0.00197621840442326,0.000791982648908507,0.00151904120031243,0,0.0193191390519292,5.21956018795146e-05,0,0,0,0,0,0,0,0.00379463290770859,0,0.00793845020292898,0,0,0,0.00020954082915743,0.00216100067903235,0.00323231468923934,0,0,0.000373075917989383,6.52367121503126e-05,0,0.0618887276420137,0.00589276535585197,0.0115057789264651,0,0,0,0.00185525536934312,0,0,0.00028225109381062,0.0128014903520138
0.00094846522750832,0.01118097978887,0.022397925627383,0.00102068840787459,0.00320719928592824,0.00519712262914611,0.00173492343564309,0.0133261716479492,0,0.00263979833293367,0.019647569676297,0.00148347694092891,0.0399550699795377,0.0121575739493844,0.000254298625357845,0.000857993717600425,0.0155330226147162,0.00252101322109113,0.0282733799202133,0.00749897221739815,0.033026732934996,0.00218282261206071,0.031932784777515,0.000990888911148336,0.0046848015075593,0.00845750768560166,0.0124471033960307,0.00411734449595211,0.0657191580134727,0.0198733498387484,0.000689980285898808,0.0289087181594383,0.027275237199986,0.144363387370166,0.0172633572946451,0.455080940201123,1.60594370384262,1.84539281526751,0,0.192544149220216,0.323716555008741,0.0341478393525169,0.0106042519051291,0.0140443823097739,0.00591237070584072,0.00785951645325801,0.00183523712106858,0.00235784944276957,0.000341246117701116,0,0.00444653111954506,0,0,0,0,0,0,0,0,0.000354623823860534,0,0,0,0.00325513375588852,0.000512018590048065,0,0,0.000123212642307885,0,8.07999725085237e-05,0,5.34475056136567e-05,0,0.00134180703931918,0.000270586408199316,0.00148644052938558,5.04504514788713e-05,0,0,0,0,0,0.000204581168597034,0.0174332292392678
0.000218168817329788,0,0.0013175556463834,0.00011065412859721,3.71035757938894,0.461173056930932,0.000727707854833681,0.0181656123502415,1.80871557977373,0.0017197028532342,0.000367945175799855,0.573569883937348,0,0.0125386085615361,5.57020907474119,0,0.000325642261423769,0.000234165602920833,0,0.0269477503982616,0.0110939264504087,0.00155366087956139,0.0105112326603651,0.0208832876934146,0,0,0,0.00218035351040933,0.0356790607237215,0.00922001298193096,0,0.0334399330509017,0.00807089567737406,0.0581700876941811,0.00315208004105995,0.258802769630835,0.202655898112464,0.106178495458147,0.192544149220216,0,0.514916386216319,0,0.000137976169214061,0.00158526197051652,0.000163078286280461,0.00332466453097929,0.0031629167534937,0,0,0,0,0,0,0,0.000150909032094527,0,0,0.0043787778228959,0,0,0.00124525456208942,0,0,0.00115750414113877,0,0,0,0,0.000327334746477344,0,0,0,0.00298997220477582,0,0,0,0,0,0,0,0,0,0,0.00526954883418425
0.00205456731724718,0,0.000328798747111381,0.000823347972918494,2.31772134550123,0.028621399758123,0.0022120860681336,0.051940268984378,0.00016669839687716,0.00178509313524819,0.00478994846973011,0.00429985542345378,0.00150935575985973,0.0562126619903479,0.00164082632897151,0,0.000201170453171712,0.000185364916344121,0,0.0079234373550335,0.00332633582347996,0,0.00156848831897107,0.00103651782080449,0,0.000353870476109288,7.73492370843604e-05,0.000843294442747127,0.221651880756853,0.00653042583498108,0,2.00426780421809,0.0288496544795809,0.835668754492099,0.000413609900265857,0.0890189125642393,0.030801987730171,0.27058140902101,0.323716555008741,0.514916386216319,0,0.000671272436695569,0.00012047551367608,0.000132122329460284,0.000664600354115079,0.00152382166678426,0.00219981063559235,0,0,0,0,0,0,0,0,0,0,0,0,0,0,0,0,0,0,0,0,0,0,0,0,2.91351125980099e-05,0,0,0,6.89373045430959e-05,0,0,0,0,0,0,0,0.00142189698474087
0,0.047896650208465,0,0,0,0,0,9.75151285991793e-05,0,0,0.405950925693906,0,2.03758841704813,0,0,0,0,0.0117507401936022,0.00191891441979021,0,0,0.00304630581363767,0,0,1.63353595156233,0.00422872070196063,0.00277873907977459,5.90877609304387e-05,0.000815242542531814,0,0.0160244526663384,0.00280215202198453,0,0.100042917505012,0.000759745688155341,0.1201658138878,0.755334474123804,0.595554186693121,0.0341478393525169,0,0.000671272436695569,0,0.000958916120195996,0.00787409987644133,0.00234826358491883,0.00135424925934,0,0,0.030761081378022,0,0.00139660165197692,0,0,0,0,0,0,0,0,0.0143040167833266,0,0.0166508772651732,0,0,0,0,0.00323483635944884,0.000179320211451863,0,0,0,0,0,0.14051795172256,0.00285269062191259,0.00136997602419782,0,0,0,0.00786706043511942,0,0,0.00178136588831103,8.27136493370588e-05
