0,0.00262431032333164,0.0192589460558494,0.0144048912817745,0.000718109171887653,0.0233328669696907,2.34451785469296,0.405885769795611,0.0474214227590529,0.0823170307071368,0.00251228923771288,0.0014598317621627,0.00019948577729403,4.31629925378304,0,0.00386210581018348,0.027758239229967,0.0020839381159537,0.00322383068897104,0.0140427228015555,0.0234240666454205,0.0147108551938191,0.0205619945460454,0.0685392230674659,0.00098837023907659,0.00630128783524034,0.00622789403557717,0.0841802447336437,0.468116373043365,0.99504821740165,0,0.00325875759586021,0.0543277684510277,0.116692722633607,0.0013280084929381,0.0518475771641317,0.019173746504286,0.0929561572671027,0.0334217836100574,0.00369356056864097,0.00731442048794012,0.00180173343925404,0.00116711500795403,0.0011203284153374,0.00198572881198931,0.00191917822304127,0.0011033997147358,0.000201489689494322,0,0.00426064778803092,0.000219866060405857,0.000287999979677919,0.000962895737629345,0,0,0.00632156680142375,0.000321986983316543,0.0129178521679492,0.00115372018769913,0,0.000993871672612302,0,0.0011216538141831,0.000188872230299644,0.00283247025724075,0.00024795746516886,0,0.000307344213387158,0.000480956492528893,0.000682970032122374,0.0014630070097836,0.000388999039600438,0.015602866365111,0,0.000184582930641924,0.000556211156488946,0.0179850389525478,0.00214297501672981,0.00604380995752343,0,0,0.00113665768316687,0.000710310163729152,0.00023816516419583
0.00262431032333164,0,0.0376554006380171,0,0,7.43895939318501e-05,0.00216277557511599,0.000638810974034557,0.164035027189838,0.000172952553629994,0.0147265654214404,0.000208521023933352,0.193280052796952,0.00129086481106929,0,0.209523204115937,0.0957483823349667,0.0265138968717432,0.102156180099849,0,0.00899184870212739,3.33032091069352,0.0101677695580995,0.0947292254663483,2.37672655760212,0.0856115207564273,1.62430896520353,0.0122130595051194,0.00218880442975666,0.00694492668894886,0.00744693948149775,0.000103189681488902,0.00289427970377003,0.0615206794492324,0.00152936645736058,0.0473025094349484,0.0768230956641519,0.160428793842717,0.0690148152871433,0.00934250567536865,0,0.00100315494333561,0.0298268770035489,0.075170520816344,0.0591673635499696,0.0327754609625104,0.00129809372719554,0,0.000417731322400874,0.00378238530225949,0.649408205449916,0.0622958445045987,0.00024014854013004,0.00019243590998275,0,0.00261710066584151,0.000631818129804671,0.0110446062751665,0.000282799460852594,0.00228363054423128,0.00034715849178716,0.00944392264714431,0.00158826150964627,0,0.0157556998670705,0.0441217017104776,0.0019770661220619,0.0331273414781018,0,0.00388386056732699,0.081518952282216,0.00777542520805004,0.00330913655575495,0.18583142949978,0.0653293101063057,0.171373709128336,0.00135037690996398,0.00159739981533327,0.00233533857786867,0.000744875024598357,0,0.00145592899978715,0.0134344609147181,0.00167437816921084
0.0192589460558494,0.0376554006380171,0,5.09806622644212e-05,0,0.000625735831277323,0.0777715676974412,0.00635417451395438,0.00817837007362565,0.00284900334154428,0.0040426106668479,0,0.00131496575608539,0.00526847293909977,0.000386384501211263,0.0180357050548266,1.66756460111223,0.0145998166585636,0.0560233174550243,0.000187479379953125,0.305245169253717,0.0218645597852187,3.19959526211312,0.0343603041797235,0.00321965764868015,2.05317507076368,1.65130174664224,0.158933272396848,0.00383000541362007,0.0632529084070495,0.000154519249265456,0.000244135133581525,0.000622809282794808,0.139182060933531,0.00399418827630004,0.0932740559219172,0.465878020706066,0.288907365360395,0.0951773862410217,0.000421920574195279,0,0.000698845484656402,0.00345640855250775,0.00417199159358638,0.00286043985813257,0.00133010700737995,0.000145738315767089,5.42643581729577e-05,0,0.000304194039804813,0.0214560146511303,0.00481039539697327,0,0,0,0.00172264367087289,0.000260897364084581,0.00187065788363954,2.40267313741532e-05,0,0.000123446525185845,0.000140302424014683,0.000313608962221036,0,0.0014830721512486,0.00348684456022112,0.00016120008547546,0.00116176410843941,0,0.00091611111857088,0.00625635625779932,0.00345158451549992,0.00241910658159538,0.00327193746785703,0.00266488875891817,0.0178693383853501,0.00338551128861872,0.000603198549786601,0.00185129606751184,0,4.63158561572188e-05,7.48576770881037e-05,0.000754204728247017,0.00189290940633574
0.0144048912817745,0,5.09806622644212e-05,0,0.000340574035325454,0.0112838165448329,0.0475106881055973,0.0106762771548635,0.105369960978997,1.84186152066333,0.000390666301530851,1.17331524794309,0,0.00725263728130167,0,0.000903828443515791,0.000434033435171496,0,0.000135949658405133,8.51380963942576,0.000680823232541504,0.00105867972333778,0.000545545846334261,4.86499994720122,0,0.000345028084401389,0.000526243577034682,2.37271388124542,0.0073340828204142,0.00202092983385417,0,0.000208458168652084,0.00151048521671141,0.0059865712497365,0.000104950209952997,0.00363632154137202,0.000671382983597348,0.00723344881403491,0.0054079874921683,0.0076812794683606,0.000384531951991653,0,0.000728784415657656,0,0,0,0.000393562792937882,0,0,0.000478130740491553,0,0,0.00932775943141597,0,0,0.000678762506012605,0.000113825352610637,0.0073537328030526,0.000728903363407785,0,0.0133135350396964,0,0.000190090940436378,0,5.55519034661639e-05,0,0,0,0.0297447452510167,0,0,0,0.00309601176962535,0,4.1606087450817e-05,0,0.000467670917779616,0,0.000262298415697618,0,0,0,0,3.67715576481522e-05
0.000718109171887653,0,0,0.000340574035325454,0,1.02296102616286,0.0017846345856407,0.3361708927666,0,0.000388806164108767,0.000518276834118742,0.0045870626648686,0.000178316723591152,0.0182623729598674,0.0461839626766725,0,0,0.000228558392719505,0,0,0.000114229296307984,0,4.40899510349567e-05,0.000505396940982228,0,4.41826998498073e-05,0,0.000390631137149561,0.0399327689175032,0.000257646260846803,0,2.88678061776196,0.00329180807092634,0.197256513669573,1.46547831839848e-05,0.00153413850010416,0.00038572514445089,0.0384602005359518,0.00358350193276182,0.886978986672933,4.53419127733447,0,0,0,0,0,0,0,0,0,0,0,0,0,0,6.09085146308121e-05,0,0,0,0,0,0,0,0,0,0,0,0,0,0,0,0,0,0,0,0,0.000103293736870894,0,0,0,0,0,0,0
0.0233328669696907,7.43895939318501e-05,0.000625735831277323,0.0112838165448329,1.02296102616286,0,0.0353712039361028,3.53549123764047,0.00519186961316269,1.75396394705531,0.00219303773924865,1.70504992499088,0.00011449915899316,0.117835174222574,0.913876080826776,0,0.000601249410090053,0.000857678656854106,0.000403504196678559,0.0384015934038698,0.00033672433580823,0.00043591192634505,0.000369530877495187,0.0272149062817146,0.000147957934892681,0.000375039761487433,0.000248548323016927,0.030100262714357,0.0828281278065252,0.00381863837634105,0,0.549160354516876,0.00130715473988074,0.108311192250465,0.237790215238653,0.0029474721321413,0.000664769275038522,0.0481533283112722,0.00434542367964304,0.499523205347978,0.151775154533332,0,0.000127065501014411,0,0.00018720541107684,0,0.000389186194732133,0,0,0,9.43801379203225e-05,0,0.000300647118538604,0,0,0.000333234586244787,0,0.00130837110804006,0.000208575075030817,0,0.000283122426534627,0,8.7564601782315e-05,0,4.10072405400202e-05,0,0,5.17851273886113e-05,0,0,0,0,0.00111553701788586,0.000167853585418876,2.84932885376019e-05,7.11551571454163e-05,0.000952277717727294,9.93938066958624e-05,0.000128252289367816,0,0,0,0,0.00138678115754197
2.34451785469296,0.00216277557511599,0.0777715676974412,0.0475106881055973,0.0017846345856407,0.0353712039361028,0,0.288511143863225,0.066677262149957,2.77914282593618,0.00153800432632313,0.00553412898795806,0.000619070097596301,1.0868955057857,0,0.00917797531140544,0.0354177961294453,0.00177495039939565,0.00443928514236791,0.0216312033380601,0.079351710499205,0.0193091988938518,0.0684118192436117,0.241276961730468,0.000930631971912078,0.0178045175327499,0.0240257562245421,3.99278294161056,0.105551524290027,2.03487756638387,9.54674026419789e-05,0.0019433660415124,0.0245597957176801,0.0950840405758818,0.00389749490162825,0.0929820227291105,0.0306766081888961,0.132209499553525,0.0517526536441992,0.00620058508320396,0.00603127141169993,0.000237630425346466,0.00292936302234433,0.000617428358013193,0.00164797670544431,0.00254744526051992,0.00069701508456546,0.000443052460789684,0,0.0012708788833486,0.000653093023614416,0.000701122675701815,0.00327083956749219,0,0.000419522399993293,0.00888853028394676,0.00124380193070193,0.0171551934347216,0.0013714936202049,0,0.00238092282082343,0,0.00143751232589658,0.000158447240379792,0.00509946086360756,0.00024309540445914,0,9.88613168737083e-05,0.000546303403633143,0.0014058513606921,0.00276622269943939,0.0010270093427255,0.0204711337008064,0.000580763692070191,0.000266239669839065,0.000920503607430301,0.0186790128940826,0.00369718053683473,0.006065676667042,0,0.00017227701740774,0.000122189822463066,0.00099801794363138,0.00128443405709377
0.405885769795611,0.000638810974034557,0.00635417451395438,0.0106762771548635,0.3361708927666,3.53549123764047,0.288511143863225,0,0.0120343757033166,0.503952842666414,0.00388965147879328,0.0423847590304166,0.000526905758214827,2.76082725658404,0.00416749604023076,0.000851828436885397,0.00469897787135314,0.000706445036913559,0.000909893362449123,0.0146813859319824,0.00446707217923831,0.00173505053875758,0.00484706945135165,0.0341176348088819,0.000471790745195079,0.0029501676729269,0.00245206291175011,0.0641724046806572,0.263709870282453,0.0697935375990106,0,0.557669172079948,0.00680174536053927,0.190728436005633,0.000623570825561415,0.0167003126976457,0.00391067124988587,0.103181344778847,0.0120665304000459,0.0667509746104785,0.191657009925938,7.67943043578807e-05,0.000359695874156439,0.000158632611421232,0.000543173114154343,0.000412028075248705,0.000662969208699163,0,0,0.000129581036176316,0.000270607793067092,0,0.000339350892411494,0,0.000394899113174724,0.00203396734023307,0.000103709643724299,0.00417249806302466,9.77330290053563e-05,0,0.000982017379344783,0,0.000283249591707746,0,0.000196685154233197,4.82397535391142e-05,0,0,6.5817169579872e-05,0.000210680479406091,0.000217960595394029,3.14139751378718e-05,0.00377409109640962,0.000103232836696368,3.5993274833205e-05,0.00028197373060771,0.00490533046182776,0.000959171293740186,0.00177694728782807,0,0,0.000143168314817737,0.0001689899148005,0.000176275881892253
0.0474214227590529,0.164035027189838,0.00817837007362565,0.105369960978997,0,0.00519186961316269,0.066677262149957,0.0120343757033166,0,0.0263381683049859,0.000937684385463422,4.78680819487445,0.00832105593219175,0.0148134086011925,0.659687025703846,0.0586826288110859,0.00878567831189402,0.00240673246036092,0.0074014116867591,0.331158887961784,0.00780156984698993,2.51479040288118,0.00484755412205097,5.14814274584746,0.0320983899892327,0.00674217516678832,0.0649219704417856,0.11563945796979,0.036222418429334,0.0603882273642325,0.000228916480559636,0.000384138873224804,0.0191841145853559,0.0229648262445037,0.0109308589936239,0.0535764926300391,0.0233396056022511,0.0367460858064447,0.0341163857633091,1.67676130575368,0.00169442496153382,0.00147934914743411,0.0159701485179766,0.00436868235090154,0.0125056747591585,0.0114730917457383,0.0221988696467953,0.000338474468012476,0,0.0145070494717512,0.0200707308340883,0.00323860502167303,0.0099526788412496,0,0.00171586704812499,0.0366115207206981,0.00406104227514874,0.889261229373014,0.00922957156184839,0.000409331663118621,0.0347168720709876,0.000224810339965579,0.00995427957121656,0.000201466249408477,0.0581985073629619,0.00221818950063725,0,0.000382511890779967,0.00995122622456811,0.0153004633126179,0.0511505255451602,0.00630521208124026,0.134838248688502,0.00639604480244757,0.000951861394218271,0.00488605410391693,0.108628753776985,0.0187150990611495,0.0713231219341379,0,0.000352669117056191,0.0128936993252809,0.00863613087339296,0.00135678260356046
0.0823170307071368,0.000172952553629994,0.00284900334154428,1.84186152066333,0.000388806164108767,1.75396394705531,2.77914282593618,0.503952842666414,0.0263381683049859,0,0.00300388618839077,1.32893078341687,0.000205408822052546,0.101079203233821,0.000281866613335191,0.00063046975461262,0.00102911281381119,0.000417949950312049,0.000865727809237213,2.13034416871168,0.0016781022144623,0.00240570943965589,0.00178872867850946,0.368692893088794,0,0.000742197960021637,0.00185685764345082,1.96418789460374,0.0631918327843455,0.00797138752658798,0,0.00446219627909042,0.00722694443360461,0.117011832340042,0.00360161651982371,0.0274577654219584,0.00357518613142992,0.0658834020244181,0.0246959495327117,0.025906954642595,0.0114958554871114,0,0.000391241867941063,0.000171651831133914,0.000529269530548703,0.00026749727820951,0.00102781307788841,4.06691073504949e-05,0,0.000138345716807245,8.67150223837331e-05,0,0.000603266906936359,0,0.000192919315082943,0.0010996689170263,9.28841824078899e-05,0.00567719336939509,0.000424769706495708,0,0.00234148724609803,0,0.000497120145370369,4.17815714708189e-05,0.000387251782735684,0,0,0,0.000437598501209157,6.38796979532757e-05,0.000131794263171295,0.000155806705048286,0.00323400551712598,0,2.70363035331336e-05,0.00029948011381709,0.00239400323922083,0.000195254733975212,0.000880180422373852,0,0,0,0.000275422071045108,0.000359345525545715
0.00251228923771288,0.0147265654214404,0.0040426106668479,0.000390666301530851,0.000518276834118742,0.00219303773924865,0.00153800432632313,0.00388965147879328,0.000937684385463422,0.00300388618839077,0,0.000902905017468795,1.80340499465574,0.00670867911021531,0,0.000803876437228995,0.00561488296508207,1.48964647539559,1.3810041463813,0.000781766166493142,0.0013662997491122,0.00711696973507572,0.00271825523715813,0.00159740853588282,1.53466300182001,0.603506259552923,0.0702947287652705,0.00144257214844584,0.0233300794331093,0.00175656476667571,0.380210870524431,0.0040423986575273,0.00172929942313646,0.933531713525192,0.00100535012395225,0.0726845941578818,0.842071910881425,1.94236012457057,0.111267238194292,0.000664100266356245,0.0013949878368805,0.778086690069693,0.00151880879617787,0.00259100745258855,0.00300025532115281,0.000620075976511376,0,0,0,0.000207113424011538,0.00315638765500233,0.000150286486944304,0,0,0,0.000241355505291171,0,0.000111323518010588,0,0.000705442069738742,0,0.00192888112623003,0,0,0.000234961425662717,0.000443268277874158,0.00132988825703623,0.00438089708300072,0,0,8.35115414886795e-05,0,0.000166041225163619,0.0194770524756275,0.00801109003710345,0.00885368314803907,0.000161251333992245,0,0.000245339849557552,0.000167061712478348,0,0,0.000597330771303737,0.000356315013163861
0.0014598317621627,0.000208521023933352,0,1.17331524794309,0.0045870626648686,1.70504992499088,0.00553412898795806,0.0423847590304166,4.78680819487445,1.32893078341687,0.000902905017468795,0,0,0.0192952718473249,0.252538366267959,0.000114803613206959,0,0.00012960963006893,0.00017409755423346,8.52949657907767,5.044499184278e-05,0.00227885150271944,9.88554204334642e-05,2.98074942151589,5.84289103982808e-05,8.12643027296228e-05,0.000549627868480304,0.0625196387950489,0.0204704578229913,0.000692527984183428,0,0.00931243916418167,0.000740826917375967,0.052107777307121,0.778673408872444,0.00233661826313843,0.000196734600140479,0.0161722922052812,0.00251938456138834,0.464208210000911,0.00999136549461231,0,0.00137127725620294,0.000287899135673017,0.000555996196749288,0.000792182364118398,0.0242382829545433,0,0,0.000442170340415694,0,0,0.0261517472246467,0,0.000907332266581592,0.00506959796669149,0.000881989315904129,0.0210001801660067,0.00163414490013248,0,0.156443644723136,0,0.00047238989930723,0.000277516826489082,0.000146206254391474,0,0,0,0.126743565422244,0.000267385087748868,0,0.000115005154919136,0.0288046162827117,0,0,0.000183626257897649,0.00655088721042177,0.000740175318895325,0.0015331436715308,0,0,0.000207161373152298,0.000125817016907204,0.0172373647536112
0.00019948577729403,0.193280052796952,0.00131496575608539,0,0.000178316723591152,0.00011449915899316,0.000619070097596301,0.000526905758214827,0.00832105593219175,0.000205408822052546,1.80340499465574,0,0,0.0003462562785658,0,0.00353401602017228,0.00158255574679266,0.0331836257659198,0.0105874818747532,0,0.00170023065963676,0.0489468619160674,0.00202702646741316,0.00398153753293594,1.96418869351217,0.200211259361013,0.896931302508437,0.00159804537177712,0.0010388498386831,0.00159765354277637,4.38749454375446,9.76557097615884e-05,0.00012216051966464,0.0127482567424497,0.00129538902643972,0.429322183477042,0.550383593600272,0.564426731073626,0.263818795833658,0.000285484045537021,0,3.10343838418731,0.00276645376961986,0.00179418677182825,0.0016950045185271,0.00185058437411088,0,0,0,0,0.013902791325444,0.000144789832017867,0,0,0,0,0,0.00056663427085368,0,0.000555742696148779,0,0.000681589627551959,0,0,0.000881006496845735,0.000394723432103573,0.000306518522554731,0.0043040500817448,0,0.000101500680562284,0.00372186981112173,0.000214784222343918,0.000245915115767155,0.0171974637735047,0.00563059456302571,0.00619199031186186,0.000220774546906748,0.000137353430867921,0.000105031989258302,0.000955142435070264,0,0,0.0014132480908919,0.000468465308173677
4.31629925378304,0.00129086481106929,0.00526847293909977,0.00725263728130167,0.0182623729598674,0.117835174222574,1.0868955057857,2.76082725658404,0.0148134086011925,0.101079203233821,0.00670867911021531,0.0192952718473249,0.0003462562785658,0,0.000266405859453513,0.00141728605542438,0.0059719615910793,0.00124007244387703,0.00210905357712523,0.0100917638697759,0.00698986536067206,0.00320897992764018,0.00451349467521548,0.0345503605727318,0.00103020287193551,0.00298601607096844,0.00239410996826532,0.039810976774826,3.665914516036,0.218677109338041,0.000183529216184102,0.0742939674977854,0.0125764082781551,0.279624604669562,0.000496625555698017,0.0223271449895782,0.00525047766089766,0.145533180769585,0.0190608916462869,0.0123251235394367,0.0760223457724099,0,0.00206544844428819,0.000236895772357897,0.00151689185404505,0.000704616851328565,0.00030068092542043,0,0,0.000596803234690638,0.000445821268147704,9.06008745334488e-05,0.000592520450239922,0,0.000116829897573616,0.00409720209733117,8.23346523626685e-05,0.00389654858430627,0.000203265344427848,0,0.000717904233200957,0,0.00105632879355649,8.21846501613873e-05,0.00129405033638268,0.000102908834742222,0,0,0.000319390018741774,0.000719809499420354,0.000208872986802247,0.000167573770746384,0.007058664312692,0.000260526896675942,0.000277415235852256,0.000361637597586625,0.0103219758774839,0.00151515360385482,0.00347176723458183,0,0,0.000627234367988751,0.000521645793437808,0.000188467025061544
0,0,0.000386384501211263,0,0.0461839626766725,0.913876080826776,0,0.00416749604023076,0.659687025703846,0.000281866613335191,0,0.252538366267959,0,0.000266405859453513,0,0,0,0,0,0.00422230784023071,0.00134138822852894,0.00101030394142648,0.00113333448578341,0.00453069111612159,0,0,0.000100510439834943,5.04423633736137e-05,0.000130390779038795,0,0,0.00685635561379278,0,0.00121533150724281,0.143185710105088,0.00341422569474104,0.000868120901619127,0.00299405587051776,0.00458687552369413,2.99073015128794,0.030574850717571,0,0.00102704496732983,0.00268494908975642,0.00131429952575972,0.00245855894690431,0.000609349760840781,0,0,0,0.000473984147651728,0,0,0,0.000792528051911638,0.00030770546860372,0,0,0,0,0.000449475184432002,0,0,0,0,0,0,0.000925386360298326,0.000205395057329142,9.9266788411172e-05,0.000475650953065898,0.000546778881172758,7.06554597388036e-05,0,0,0.00039453453072371,0,0,0,0,0,0,0,0.0081044041261959
0.00386210581018348,0.209523204115937,0.0180357050548266,0.000903828443515791,0,0,0.00917797531140544,0.000851828436885397,0.0586826288110859,0.00063046975461262,0.000803876437228995,0.000114803613206959,0.00353401602017228,0.00141728605542438,0,0,0.0179588192847744,0.00149256759834833,0.00724221228865586,0,1.00635346101589,4.55162286546371,2.25577960300573,1.54920237583556,0.0136475738692778,0.0073688471498091,0.984120559510844,0.302672328448163,0.00267063731196143,0.0458875951797654,0.000192101037990916,0,0.00338445548369749,0.0784173974223916,0.0126405817287279,0.340023829540506,0.153307271439649,0.135829184184612,0.0841242276562154,0.00304080985236259,0,0.00407144007021714,0.02483203285769,0.00857734150186146,0.0129462467895942,0.0129630207341674,0.00159391145537953,0.000223939445150366,0,0.00396490446961342,0.0230775639836391,0.00425240262857506,0.000348618256221893,0,0,0.00376752887988128,0.000382875517844517,0.0465655365931074,0.0003573420748186,4.55713393017194e-05,0.000137628882918239,0.000247389540795334,0.00212439545826495,0.00126812233884927,0.225492831315752,0.00204409468249103,0,0.000488072580198684,0.000280313794292213,0.025311429730106,0.196292506376163,0.0276304362065999,0.0258136265212191,0.00190466526513487,0.00188811760636286,0.0191128794581016,0.0243444928564971,0.00355635981522141,0.0256974879756237,0,0,0.00113979990840899,0.00347879200793553,0.00342087557088788
0.027758239229967,0.0957483823349667,1.66756460111223,0.000434033435171496,0,0.000601249410090053,0.0354177961294453,0.00469897787135314,0.00878567831189402,0.00102911281381119,0.00561488296508207,0,0.00158255574679266,0.0059719615910793,0,0.0179588192847744,0,0.0459942477146828,2.45682233191231,0.000142223963139222,0.249905939708206,0.0461265879136559,1.85692161052242,0.0140188104655735,0.00773324261420245,0.822064644682804,0.339423193070046,0.035347277258503,0.00316492092270887,0.0704919125272071,0.00068688766568204,0,0.000784487078769356,0.416201029276948,0.00125975196230664,0.0285507891543474,0.498744252606098,0.0986358896653105,0.0295446103353093,0.000857091512058872,0,0,0.00625952968816562,0.00788411318875884,0.00558404602971581,0.00368176812651751,0,0,0,0.000988954148672005,0.0477728653204492,0.00915554207021252,0,0,5.47300462470542e-05,0.000691592611123898,0.000270592545380134,0.00105694244842722,6.88798676303096e-05,0,7.67291207893761e-05,0.000541322166441392,0.000161707315842584,0,0.00243394399343315,0.00496564565485365,0,0.00266953964078905,0,0.000321778831631596,0.00557616089512526,0.0026628272723496,0.00128014777628634,0.00769609851704007,0.0072639773996289,0.0241435410211251,0.00133029403158204,0.000271031185288577,0.00119717771233701,0.000161820190314105,0,0,0.00204607711831468,0.000648116872038391
0.0020839381159537,0.0265138968717432,0.0145998166585636,0,0.000228558392719505,0.000857678656854106,0.00177495039939565,0.000706445036913559,0.00240673246036092,0.000417949950312049,1.48964647539559,0.00012960963006893,0.0331836257659198,0.00124007244387703,0,0.00149256759834833,0.0459942477146828,0,2.205073823361,0,0.0051450928426377,0.0094583418598325,0.0062715147335357,0.00141080499803148,0.580575744224504,0.699395520676372,0.0664790831535826,0.00181255726914895,0.00394921663516033,0.0037716202215963,0.0130548370407921,0.000524530616424726,0.000803535709401122,0.0412457155536728,0.000974628618267782,0.0462035281678528,0.285916728345667,0.338007524840396,0.139600679498807,0.00147428228219353,0.000566978547075769,0.0262224772142707,0.00159376673284449,0.0104002698077139,0.00875023547127173,0.00669612389111598,0,0,0.000490950598724657,0,0.00689249754140556,0.000166270459096173,0,0,0,8.47578259089276e-05,6.079846546492e-05,0.000831922994752973,0,0.00378633653606902,0,0.00870793337842541,0.000233011449163221,0,0,0.00160241996190925,0.0115469202810809,0.0210276983575428,0,0.00013987897225687,0.00235264323439382,0.000243836693237113,0.000115741799445072,0.0919511771959996,0.0223237832165841,0.026232317092799,0.000250967761333674,0.000142757076596051,0.0001879381449597,0.00331347791761671,0,0,0.00125350306709048,0.000345875738801873
0.00322383068897104,0.102156180099849,0.0560233174550243,0.000135949658405133,0,0.000403504196678559,0.00443928514236791,0.000909893362449123,0.0074014116867591,0.000865727809237213,1.3810041463813,0.00017409755423346,0.0105874818747532,0.00210905357712523,0,0.00724221228865586,2.45682233191231,2.205073823361,0,0.000126662894634431,0.0201898901118372,0.0326198855948907,0.0531634477140883,0.00375423713387565,0.12447843653987,1.3813554173783,0.242736010254436,0.00629001458812885,0.00589497638402379,0.00945246674658208,0.0073244252946938,0.000364590471664539,0.00196993667479634,0.272289016219089,0.000693497420945129,0.0292260603887827,0.416781344659988,0.370365163271675,0.0825531314278097,0.000701732629181308,0.00117390146982613,0.00196142864405742,0.00519014990597849,0.00828470825503281,0.0181269860279096,0.00545095118006237,0.000116569963407568,0,0,8.24733993124993e-05,0.05652231089672,0.00201092633147701,0,0,0,0.0003695697964656,9.26891104655429e-05,0.00127038537131391,8.0642968074353e-05,0.00212828405551656,0,0.0064260824650607,0.000156494378652252,0,0.000295690431054191,0.00536414189577724,0.00520028060936932,0.0262825282452247,0,0.000141268861535338,0.00292966494630823,0.000738757760093954,0.000113405193019309,0.0561763413798861,0.0348830486063293,0.0423190779705751,0.000483080823648613,0.000287329533591027,0.000486606854908526,0.00165366270738131,0,0.000456742081208356,0.00381917065716043,0.000405002133898171
0.0140427228015555,0,0.000187479379953125,8.51380963942576,0,0.0384015934038698,0.0216312033380601,0.0146813859319824,0.331158887961784,2.13034416871168,0.000781766166493142,8.52949657907767,0,0.0100917638697759,0.00422230784023071,0,0.000142223963139222,0,0.000126662894634431,0,0,0,0.000121639596354318,0.773363366817725,0,0.000182768384288302,0.000114511649585983,0.249015540659655,0.00702226864334774,0.000556809803998155,0,0.000817034361177291,0.00307504218625258,0.0137520507584273,0,0.00429621411419433,0.000335909032838949,0.00851847917271409,0.00466404455290081,0.0170830487574809,0.0010069373762225,0,0.000269916403610941,0,0.000275653366752619,0,0.00503628817503952,0,0,0,0,8.30568122303921e-05,0.00103750904463676,0,0.000303483108220595,0.000688833580766201,5.89061455351864e-05,0.00344886684131534,0.000148677712351592,0,0.00447319059517171,0,0.000111209300453993,0,0,0,0,0,0.0040250567296852,0,0,0,0.00376013727870531,0,0,0,0.000887349886163525,0.000434018394917943,0.000167412602823584,0,0,0,0.000295565649487827,0
0.0234240666454205,0.00899184870212739,0.305245169253717,0.000680823232541504,0.000114229296307984,0.00033672433580823,0.079351710499205,0.00446707217923831,0.00780156984698993,0.0016781022144623,0.0013662997491122,5.044499184278e-05,0.00170023065963676,0.00698986536067206,0.00134138822852894,1.00635346101589,0.249905939708206,0.0051450928426377,0.0201898901118372,0,0,0.0978474645071926,4.97423210188578,0.0789617651638299,0.00226090556735741,0.0460140333245016,0.0941034360750389,2.16610062884784,0.135782962131335,2.78124808187625,0,0.000502898297366608,0.513394614984398,0.570968397865116,0.0199615573002845,0.31881503914585,0.112963899811161,0.319423974314379,0.105098202140407,0.000476463666719273,0.000145489131199385,0.00140873425828336,0.00701125227789034,0.00200051367128089,0.0034489094523165,0.00235299142225086,0.000198257513114624,0.000260444120987188,5.62859238171089e-05,0.00109557308165791,0.00208553964403214,0.0010121817108768,0.000225017204605997,0,0.000240528653709737,0.0018117564121783,0.000168581791815564,0.00515233905280797,0.000295090447764038,0.000166489132568462,0,4.49429307762511e-05,0.000866685913841341,0,0.0323910286943248,0.00073940233670701,0,0.000429520258272032,0,0.00995600093166564,0.011987180644278,0.00501347937629533,0.00910292233548951,0.000209322908305278,0.000548170460590035,0.00314201080432773,0.0116238707574999,0.00185491464797868,0.0127899605468162,0,0,0.000421377915729773,0.00098047741810116,0.00547243918357606
0.0147108551938191,3.33032091069352,0.0218645597852187,0.00105867972333778,0,0.00043591192634505,0.0193091988938518,0.00173505053875758,2.51479040288118,0.00240570943965589,0.00711696973507572,0.00227885150271944,0.0489468619160674,0.00320897992764018,0.00101030394142648,4.55162286546371,0.0461265879136559,0.0094583418598325,0.0326198855948907,0,0.0978474645071926,0,0.0798194668620674,1.82872357968173,0.189826346123189,0.0313145796748533,1.06871978538113,0.130262176344271,0.0164468234122809,0.0739889136130451,0.00275257227423775,0.0001293150557268,0.0119970365907316,0.0668618582149962,0.00363011377909692,0.116004674785373,0.0871170511175927,0.118295474142666,0.0605793504430589,0.0271614046191108,0.00140672002083965,0.00307229253250252,0.0301934476340699,0.0264544665587298,0.0273275292785546,0.0218583024055053,0.00296690002684207,0,0,0.00302952848091156,0.185248268695598,0.0165316215214587,0.000652201257123152,0,0.000193466417563425,0.00543988932157022,0.000649050219578167,0.0734891556226873,0.000483928962474464,0,0.000353238447482522,0.000871424688023295,0.00159455870688066,0.000356925018830754,0.278187823108028,0.00869934505437452,0.000631148516133932,0.00264997284693806,0,0.0346725141962449,0.311720608430345,0.0465834246875836,0.0262618003070788,0.0214010891500654,0.00738775167308934,0.0877562236891974,0.0253524708137126,0.00461870017977524,0.0276922620657184,0.000248282219500956,0,0.00336880721657239,0.00712790518915616,0.00195758593905922
0.0205619945460454,0.0101677695580995,3.19959526211312,0.000545545846334261,4.40899510349567e-05,0.000369530877495187,0.0684118192436117,0.00484706945135165,0.00484755412205097,0.00178872867850946,0.00271825523715813,9.88554204334642e-05,0.00202702646741316,0.00451349467521548,0.00113333448578341,2.25577960300573,1.85692161052242,0.0062715147335357,0.0531634477140883,0.000121639596354318,4.97423210188578,0.0798194668620674,0,0.0459679080236362,0.00293546243985326,0.104040348084831,0.938585035494257,0.271155349512543,0.153333639622381,0.160449148097583,0.000275143188106487,0.000297434610853797,0.0201685768639302,0.438852006147655,0.0462472068002874,0.58666284294875,0.592943834540444,0.542539668740641,0.246359372733864,0.00165266789239758,0.000415979384792591,0.00161928606551795,0.0166244093500517,0.0048386787249264,0.00507652801672354,0.00651874296012447,0.000625578861495259,0,0,0.000243871725862784,0.00559678988795282,0.00273050027274367,8.85629375075952e-05,0,4.72658145832686e-05,0.00120172419205364,0.000221825046224234,0.00336744527845859,7.54846573229547e-05,0,0.000177305662593741,0,0.000210723019722664,0.00130230843200051,0.0238427823761313,0.00128429697645409,0,0.000357173724085575,0.000176182790654675,0.00507820362818604,0.0217544281715373,0.00881317969761363,0.00427843978983874,0.000915767824776699,0.00136218172176112,0.0179888703110051,0.00471654422004888,0.00063972880074527,0.00414855172255489,0,0,0.000129250636226162,0.00114115335987637,0.0143017534734319
0.0685392230674659,0.0947292254663483,0.0343603041797235,4.86499994720122,0.000505396940982228,0.0272149062817146,0.241276961730468,0.0341176348088819,5.14814274584746,0.368692893088794,0.00159740853588282,2.98074942151589,0.00398153753293594,0.0345503605727318,0.00453069111612159,1.54920237583556,0.0140188104655735,0.00141080499803148,0.00375423713387565,0.773363366817725,0.0789617651638299,1.82872357968173,0.0459679080236362,0,0.0103030335314974,0.00914375369425086,0.145965395295901,3.48761182667179,0.0987675027308498,0.186861429602428,7.71088600649648e-05,0.0014357111685539,0.0392254862097462,0.0743100405298957,0.00500287752501832,0.178914669634846,0.0762066532818743,0.106927811750986,0.0636554985961537,0.0819390621108169,0.00305506556203929,0.00155243851100678,0.0180264474785541,0.00388585999456744,0.0189708814901385,0.0081303071175893,0.0220880182749075,0.00086354201761529,0,0.0149459117091242,0.00518827393555916,0.00298998070386058,0.0217337865552317,8.08912530422599e-05,0.00449615310100019,0.0627598941371119,0.00839828923766195,0.294428846261211,0.0171554490649436,0.000203358636762409,0.0627979840901515,6.65420031528696e-05,0.0124841087666389,0.000806448755798525,0.0386484191271967,0.00220492655328069,0.000101042042652905,0.000478130072926604,0.0106741014738451,0.0116819348228872,0.0194285837253799,0.00635025600945674,0.161330344779791,0.00193175437867494,0.00125945943276681,0.00568696906784217,0.125569340054444,0.0233932652202927,0.045299642367063,0,0.000278028779831102,0.00544266305388941,0.00701934528479254,0.00250029520738869
0.00098837023907659,2.37672655760212,0.00321965764868015,0,0,0.000147957934892681,0.000930631971912078,0.000471790745195079,0.0320983899892327,0,1.53466300182001,5.84289103982808e-05,1.96418869351217,0.00103020287193551,0,0.0136475738692778,0.00773324261420245,0.580575744224504,0.12447843653987,0,0.00226090556735741,0.189826346123189,0.00293546243985326,0.0103030335314974,0,0.52370704893212,0.844137286505449,0.00228211059721613,0.0023622222178718,0.00252230725909376,0.496500664514038,0,0,0.0257772115537264,0.000686585541503532,0.242311859366442,0.934756993395685,0.410317659272014,0.0667770423507329,0.00164155329700607,0.0011870980572353,1.46405838996489,0.031190713854599,0.0157113014130432,0.0245664014747787,0.0124349889032851,0.000457556936629626,0,0.00183183442064575,0.000719890790416025,0.157917794869799,0.00112166646733429,0.000112974312918741,0,0.00010974875504569,0.000153443261306614,0,0.00400889894091616,0,0.0120400664897201,0,0.023070577813471,6.98125780406525e-05,0,0.00210410906001822,0.00530832654755137,0.0161132342805604,0.0379136835676712,0,0.000267955398172332,0.0280238801168111,0.000740359939276028,0.0004992174957158,0.793610695542773,0.0512485339725348,0.0692892920234327,0.000262717354575763,8.24550912102602e-05,0.000529982305199962,0.0119909079508674,0,0,0.00776926133028717,0.000347262195961173
0.00630128783524034,0.0856115207564273,2.05317507076368,0.000345028084401389,4.41826998498073e-05,0.000375039761487433,0.0178045175327499,0.0029501676729269,0.00674217516678832,0.000742197960021637,0.603506259552923,8.12643027296228e-05,0.200211259361013,0.00298601607096844,0,0.0073688471498091,0.822064644682804,0.699395520676372,1.3813554173783,0.000182768384288302,0.0460140333245016,0.0313145796748533,0.104040348084831,0.00914375369425086,0.52370704893212,0,2.14494772920981,0.025341735348511,0.00526741343130336,0.0178481480698429,0.159104095591864,0.000276998740381946,0.000289477380644514,0.110577611880928,0.00363431373010789,0.0855878260992168,0.346187014810001,0.337310035229246,0.0878551071365153,0.000476870033077143,0.000248959426563743,0.0106460475203494,0.00904971305135806,0.0118748846028605,0.0207803522771919,0.00679290616308555,0.000266599923446804,0,8.84968536327725e-05,0.000337596685657767,0.0371215211449802,0.00205172243486147,0,0,0,0.000602359566173948,6.18950488537134e-05,0.00092212358415096,4.7898309481352e-05,0.00616652173752062,4.22903582764722e-05,0.00997068378099997,0.000178746309627149,3.31067320996441e-05,0.000778789605195131,0.00429636399376134,0.00775370091539277,0.0326940899541587,0.000128286272801236,0.00029641424072922,0.0020404914402495,0.000986320758047987,0.000671957269987158,0.0759788881603471,0.0712500817257215,0.082573254559808,0.000875574181642437,0.000194861672948623,0.000709802319888545,0.00122117407127272,0,5.16653751200802e-05,0.00503646644148112,0.00213114954758745
0.00622789403557717,1.62430896520353,1.65130174664224,0.000526243577034682,0,0.000248548323016927,0.0240257562245421,0.00245206291175011,0.0649219704417856,0.00185685764345082,0.0702947287652705,0.000549627868480304,0.896931302508437,0.00239410996826532,0.000100510439834943,0.984120559510844,0.339423193070046,0.0664790831535826,0.242736010254436,0.000114511649585983,0.0941034360750389,1.06871978538113,0.938585035494257,0.145965395295901,0.844137286505449,2.14494772920981,0,0.101979337929507,0.0067532441602056,0.0252514473278602,0.372230199294349,0.000240926672807559,0.00162460101573639,0.287461691274368,0.0211914496070904,0.257585590800502,0.207353798363755,0.611561294812734,0.187946726190594,0.00487768880529071,0.000428354284349591,0.00453585082972345,0.0292601459273345,0.0364223511815686,0.0434934937295239,0.0182391914517418,0.00116040889611838,0.000153084239792545,0.000267152726985674,0.000793769223757334,0.143879419645808,0.0406902879890235,4.71882691927298e-05,0,5.60905469294577e-05,0.00275780719719128,0.000408380920407125,0.00489820713675001,0.000318304446537468,0.00478430273092683,0.000234986218253471,0.0112514569019755,0.00112532043567356,0.000138027299624712,0.0211623466933893,0.0178760784312389,0.00589789783992557,0.0354253408874301,7.80457084393043e-05,0.00534978299194677,0.0498697427545982,0.0319059742402978,0.00446361097466548,0.07060957907726,0.0905736650418249,0.252698655938873,0.00527987860270538,0.00118960756537763,0.00325612843530638,0.00262877620828334,7.19437836343602e-05,6.03339423843391e-05,0.0117691064364086,0.010715212261991
0.0841802447336437,0.0122130595051194,0.158933272396848,2.37271388124542,0.000390631137149561,0.030100262714357,3.99278294161056,0.0641724046806572,0.11563945796979,1.96418789460374,0.00144257214844584,0.0625196387950489,0.00159804537177712,0.039810976774826,5.04423633736137e-05,0.302672328448163,0.035347277258503,0.00181255726914895,0.00629001458812885,0.249015540659655,2.16610062884784,0.130262176344271,0.271155349512543,3.48761182667179,0.00228211059721613,0.025341735348511,0.101979337929507,0,0.102644686354583,1.755766812989,5.45914908287159e-05,0.000642709400318884,0.0430942411388927,0.221586432190112,0.0151287874860564,0.312461382965971,0.110914093997603,0.212315906044597,0.0971160680832117,0.00663097330317217,0.0037661138246874,0.00187176866176784,0.0129626833173916,0.00235619380505753,0.0100821487846514,0.00585786471620177,0.00306654696020177,0.000346868045996537,0,0.00611151992426232,0.00225038584541341,0.00143190955134491,0.0021751564145581,0,0.000875185263872154,0.0250589700981599,0.00192738208287771,0.040950222014529,0.00303210156081833,5.65700706727709e-05,0.00681482693398918,0,0.00510208748293876,0.000707744458699676,0.0275580264586845,0.00162379728717812,0,0.000539288309013334,0.000978362948870722,0.0101890025865654,0.0098326263353851,0.00484970752006139,0.0547018461056351,0.000503742476130783,0.000777380910962184,0.00265315125772082,0.0703300920757079,0.013235716364158,0.0378275547580841,0,0.000183598617437409,0.00237401554670269,0.00468051131952365,0.00432405568599248
0.468116373043365,0.00218880442975666,0.00383000541362007,0.0073340828204142,0.0399327689175032,0.0828281278065252,0.105551524290027,0.263709870282453,0.036222418429334,0.0631918327843455,0.0233300794331093,0.0204704578229913,0.0010388498386831,3.665914516036,0.000130390779038795,0.00267063731196143,0.00316492092270887,0.00394921663516033,0.00589497638402379,0.00702226864334774,0.135782962131335,0.0164468234122809,0.153333639622381,0.0987675027308498,0.0023622222178718,0.00526741343130336,0.0067532441602056,0.102644686354583,0,2.27082096327532,0.000364469640496525,0.981912289487751,3.21769034464871,2.33456612263315,0.00200211713056051,0.0656511541288599,0.0198681414290018,0.496819987544315,0.0671090776658233,0.0268153726455215,0.396623550642006,0.00147470457961466,0.00398309808501529,0.000717422061313668,0.0032417839633187,0.00126486951895036,0.00122553478913776,6.47710168306536e-05,0,0.0022729474958826,0.000212265648902497,0.000663680595842818,0.000901033876272315,0,0.000546607215929888,0.00831557307449105,0.000942215231257981,0.0124416522843325,0.000849253558753916,0,0.00211973101403454,4.10988107166404e-05,0.00157059270401927,0.000223168923164561,0.0038274461668818,0.00070615970685033,0,0.000325127466319655,0.000327003874924608,0.00229241243658954,0.00108350359255579,0.00100928131322242,0.0190079493625803,0.000342156102157459,0.000308021578284279,0.000851289186057779,0.0267927861268894,0.00381559464791663,0.0118452428355528,0,0,0.00100097878148383,0.00108678577919832,0.00100855512672744
