0,0.000189882775342265,0.00325963636518943,0.000978557706633694,0.00021874475466422,0.00406133506042941,0.74297315010528,0.902911634285788,0.00557682668788831,0.0264853386978677,0.000801261685185844,0,0.000467153665245462,4.15968539009446,0.00072911460243077,0.000298911620909471,0.00013185368719428,0,0.000265138571964614,0.0017326153170835,0.000286419890208914,0.00013878675191952,0.00244903036330108,0.00518041539928923,0.000387373104208896,0.000489021579223716,0.000271224422451633,0.0163542926459429,1.412274155427,0.339241823163319,0,0.00127080689715066,0.267600482498066,0.0943967798806828,0.000184684879259681,0.00892036621329896,0.00185193471188486,0.0476380307679141,0.0152089271654805,0.0105014531296695,0.00585478921962466,0,6.18490248469935e-05,0,0,0.000142621955149309,0,0,0.00101198610524314,0,0,0,0,0,0,0,0,0.00130007512385802,0,0,0,0,0,0,0.000501959343456333,0,0,0,0,0,9.06388875461604e-05,0,0.00103632378762981,0,0,3.40956064099149e-05,0,0,0,0,0,0,0,2.21389738737118e-05
0.000189882775342265,0,0.0571862601433431,0,0.000146930874807489,0.000436823545849298,0.000209839720471993,0.000421877573844793,0.381079583206293,0,0.00938152727438032,0,0.0202540878356444,6.58189725404024e-05,0.000425880791837752,0.0880224280199662,0.0966647014269845,0.0213287832161401,0.0993422873569134,0.000181760947083665,0.00187675659942265,2.47724758506754,0.00596081396397942,0.0768443790877024,1.20763471784172,0.192450178515582,0.589450464256952,0.0098840644143793,0.00164813409571424,0.00212242981182293,0.00441663435364133,0.000155467241661419,0.000501142666489726,0.058654038900926,0.000276399813894007,0.0270742835995436,0.125590135668079,0.169895775067438,0.0351595901521011,0.00234123992509356,0.000409419364732345,0.110075402595419,0.00496107238582009,0.0343263812741136,0.0137450156249683,0.00651840353872771,0.00012325586311677,0,0,0,0.941524030386843,0.0161457388382299,0,0,0,0.000273320455180456,0,0.00355169954988068,0,0.00339228535962866,0,0.00505657716349959,0,0.000467762048736886,0.0199021106603878,0.016481025245006,0.000196406215888445,0.0139646338663485,0,0.000709530030137226,0.0388667360429968,0.00159640988654474,0.00116203211665518,0.261700963669394,0.0295666766474509,0.17427598877906,5.21282203289741e-05,0,0.000101628072099734,0.0017290827771137,0,0,0.00352556585953223,0.000254793038883164
0.00325963636518943,0.0571862601433431,0,0,0,0.000142083526089299,0.0566319608331547,0.00255297023986204,0.0109973404788797,0.000222278462824888,0.000707795630885815,0,0.000941912824003356,0.00175275291846211,0.00150717198171568,0.0463463999175899,0.936497925851032,0.00106668450376696,0.0169013528467837,0,0.0845824730603862,0.0637948352886154,1.82900452712513,0.0251669949669542,0.0002888920354818,1.10114953308942,1.38833925664093,0.129915695351546,0.00225371061285336,0.17689978365247,0,5.63058018929752e-05,0.000339942374143266,0.267536868951354,0.0025921608935801,0.0529316637620093,0.60978036173895,0.185601108457148,0.0496347731242009,0.00791075122107686,0.000560473846425913,0.000347327385935541,0.0022073910077709,0.00565498885116405,0.00166434927465331,0.00360394561367675,0.00023884655919653,0,0,8.76064453863082e-05,0.0425073901934142,0.00423665015330451,0,0,0,0.000224070420589575,0,0.00107836008391853,7.86108295637742e-05,0,0,0,0.000151626556537937,0,0.00275139139285648,0.00184762260806693,0,0.000122416816302279,0,0.000138875185977588,0.010418439162962,0.000817607973895149,0.00229219020354418,0.000391631383378041,0.00107482617996334,0.0365611698600253,0.000404039888053977,0.000234949352442226,0.000297851082161116,0,0,0,0.000725439178056107,0.00142677891281677
0.000978557706633694,0,0,0,0,0.0162349862044422,0.161393638060996,0.00172026130115972,0,1.05617570351003,0,0.767077855863169,0,0.000511087519584664,0,0,0,0,0,10.49217940201,0,0,3.52098709734752e-05,0.566856694723647,0,0,0,3.24467121931352,0.000316470822945347,0.000130948817722755,0,0,0,6.61952398626777e-05,0,0,0,0.000113010778692588,0,0,0,0,0,0,0,0,0,0,0,0,0,0,0.0698600565145729,0,0,0,0,0,0.00124516622111838,0,0,0,0,0,0,0,0,0,0.0671578703655984,0,0,0,0,0,0,0,0.00116980163054319,0,0,0,0,0,0,0
0.00021874475466422,0.000146930874807489,0,0,0,0.479986370419357,0,0.0383271153916035,0,0,0.0013658198809171,0,0.000802678181566296,0.0137777482986258,0.0701155241282136,0.000457656459418223,0,0.000137431109782675,0,0,0,0,0,5.13719480985907e-05,0.000239942397445889,0.00130626014216882,0.000330091714761979,0.000238920646939977,0.107000503765351,4.82877699637856e-05,0.000208623824402107,1.36314948853811,0.000856045748300456,0.220831872724287,0.00245043654323922,0.000150137933061935,0.00126241882579769,0.0441245684650143,0.00400698618334499,2.01881407398,4.88372623916637,0.00112156966844978,0.000441151602559625,0.0129445363512214,0.00203318770451514,0.0124626396684593,0.00484503447548082,0.00185211509549225,0,0,0,0.000737495264399018,0,0.000151937757240543,0,0,0,0,0,0,0,0,0,0.000832945185528485,0.000102303968968973,0,0,0,0,0,0,0.000184436609551959,0,0,0.000138211331839379,0.000412659458996059,0,0,5.19691860554486e-05,0,0,0,0,0.00582627762518365
0.00406133506042941,0.000436823545849298,0.000142083526089299,0.0162349862044422,0.479986370419357,0,0.116668053021774,1.81482885526071,0.0351222729413236,1.51783654038674,0.00256392228623169,0.975472314020993,0.000680407105427991,0.104729495045881,0.787452945445494,0.000331461230545661,0,0.000535861228716491,0.000696604330838689,0.795742261933427,8.72285243488126e-05,0,0.000712055113302183,0.238297410156563,0.000590858020991517,0.00231422321235367,0.000620750941456683,0.0644717651924651,0.0959182371415141,0.001190594486827,5.99614751400392e-05,0.071064226801702,0.00158485888619544,0.0623964781610895,0.00377738426170075,0.00143467299118565,0.00201081917526043,0.0817617598407233,0.0120319630363435,0.79682653347132,0.155225462515114,8.10602564334422e-05,0,0,0,0,0,0,0,0,0,0,0,0,0,0,0,0.000267789768292359,0,0,0,0,0,0,0,0,0,6.28553887363492e-05,0,0,0,0,0,0.00013275175388389,3.77631217217595e-05,0,0,0,0,0,0,0,0,0
0.74297315010528,0.000209839720471993,0.0566319608331547,0.161393638060996,0,0.116668053021774,0,0.521434860960519,0.00351886456961465,1.95001247928434,0.000799525544986363,4.34304259528879e-05,0.000485077429368144,0.8299787278589,0.001252162414136,0.00115386806513808,0.000560659710902699,6.03292210723558e-05,0.000384900715065648,0.0147648743918699,0.0398820553943565,0.00146835878292121,0.177663882291279,0.428037104358858,0.000121697336173211,0.000945804553242363,0.00370355068567192,2.37947278567717,0.31272647890726,2.81611843066024,7.55550629433577e-05,0.000772724617391883,0.0363224058555405,0.109469066663503,0.00176662536693311,0.0214307177134727,0.00376813982517296,0.0726509756319102,0.026407143984442,0.014705622021042,0.00377476422379282,0.000111935963359612,0.000157450264947236,0.000560132941397476,0.000130554576579017,0.000118438515517223,0,0,0,0.000166212590109925,0,0,0,0,0,0,0,0,0,0,0,0,0,0.000211381851080404,5.20047446701459e-05,0,0,0,0,0,0.000195783225227165,0,0.000935417313684636,0,5.7533564185848e-05,8.97268182352537e-05,0,0,0,0,0,0,0,0.000350247042145507
0.902911634285788,0.000421877573844793,0.00255297023986204,0.00172026130115972,0.0383271153916035,1.81482885526071,0.521434860960519,0,0.00183946067706842,0.620126746392772,0.00460279472393032,0.0178697331910874,0.000767001522842435,2.71551930180988,0,0.000677028866937223,0.0001163631022067,0.00101601288423681,0.00118049377458945,0.091661100990623,0.000465403317587222,0.000190759408444787,0.00372270150561249,0.0409177506904218,0.000656060788502797,0.00467890944232111,0.0014247327889354,0.0231909933406848,0.253580051027572,0.0293803114736312,0.000186505527755064,0.0738288919019385,0.00425720941728892,0.11605183641949,4.1725652809234e-05,0.0049379115592459,0.00392033235803236,0.126532944789198,0.0141430431134298,0.129015736810507,0.166779752015158,0.00140544945275619,0,0,0,0,0,0,0,8.7200794898469e-05,0.000238050643618348,0,0,0,0,0,6.30920755258098e-05,0,0,0,0,3.59030326613514e-05,0,0,0,0,0,0.000126192815570631,0,0,5.28708396967362e-05,0,0.000247798488444113,0,5.552744358483e-05,0.000112765170693575,0,0,0,0,0,0,0,0
0.00557682668788831,0.381079583206293,0.0109973404788797,0,0,0.0351222729413236,0.00351886456961465,0.00183946067706842,0,0.000506348489259092,0.00029522986951901,1.73951818633941,6.04640600529115e-05,0.00295449568864736,1.50723392391615,0.143379236717386,0.00518807096968946,0.000113267285605113,0.000793118956853999,0.0273853962464177,0.00549917936603331,2.06815999555137,0.00646369820532304,2.40185071823123,0.00590841201278707,0.0049639887235791,0.0366263035587857,0.184502117980223,0.0130217727032761,0.0285796226553868,0,0.000218274135157571,0.0106411305636437,0.026080799084535,0.000654543353199707,0.0181223592155816,0.00713876944143139,0.0265468182651439,0.0152883273513053,1.11150473365832,0.00187925960844055,0.00187923640471617,0.0202241841374903,0.00419660551928429,0.0103650216803195,0.00923348342062853,0.001346194631545,0,0,0.00700497173200389,0.00842929184884415,0.000289337750501164,0.00208204135898034,0,0.00255996855208739,0.00697790876696614,0.0051420905716457,1.12635687804707,0.00838792876727396,0,0.00695461869229115,0,0.00191368412586127,0.0043802952437912,0.0448679783936166,0.000445550087029394,0,0,0.00881490173436226,0.000265585313465753,0.189489173098677,0.00357871345757499,0.386148922390213,0.00144620574484112,0.000208662907171878,0.0024722118596782,0.0382667541616186,0.00687361124445211,0.00413566639221618,0,0,0.00597069746552405,0.00485621723552952,0.000146951682390218
0.0264853386978677,0,0.000222278462824888,1.05617570351003,0,1.51783654038674,1.95001247928434,0.620126746392772,0.000506348489259092,0,0.000329530748366851,1.66455107828381,6.22308880300609e-05,0.393911812800044,0.000425377368721558,7.12350878788784e-05,0,0,8.14656939006806e-05,3.34510305263042,0.000200377484177137,0.000169905104096448,0.000882235708162117,0.0665529107120529,0.000161179662210558,0.000405529061516837,0.000244706832626679,1.29827241625392,0.0162026801956708,0.00288202759689466,0,0.000254312919306991,0.00122892392264258,0.0136595949387947,4.48275218889166e-05,0.000491381541788273,0.000117527798766323,0.00834244317299022,0.00102766573780662,0.0115253220577587,0.000995635375007092,0.000104340786112017,0,0,0,8.91233879104711e-05,0,0,0,0,0,0,0,0,0,0,0,0,0,0,0.000102323511244728,0,0,0,0,0,0,0,0,0,0,0,0,0,0,0,0,0,0,0,0,0,0,0
0.000801261685185844,0.00938152727438032,0.000707795630885815,0,0.0013658198809171,0.00256392228623169,0.000799525544986363,0.00460279472393032,0.00029522986951901,0.000329530748366851,0,3.82611276548202e-05,1.49269897822706,0.00447020964330594,0,0.000189001442606032,0.00856629814553304,1.35484490779447,1.15400655728853,0.00101695436853303,0,0.000708784377105655,0.000142016125409761,0.000175639264544069,0.252771320103032,1.37521570164924,0.0401133992684527,0.000186449871556616,0.0353731373677512,0.000272292794311293,0.170703858196603,0.00877409503230187,0.000665244996086567,0.170270243861673,5.8320233793107e-05,0.0101236000682042,0.347461408546518,0.725050859029828,0.0451934427758773,0.00572830814771146,0.002703056530756,0.377812612094509,0.00010225856964351,0.0427534936799952,0.0070802821282073,0.000488899631214887,0.000113470387566929,0,0.00927270082681029,0,0.00104932824240257,8.02370572170526e-05,0,0,0,0,0,0,0,0.0194835254773701,0,0.04810305439981,0,0,0,0.000192449402540243,0.00472217440310061,0.00814847182939366,0,0,0,0,0,0.136830598704744,0.0219816201681752,0.0125359312551892,0,5.09819357284984e-05,3.87868652955755e-05,0.0077827475778257,4.82031993980486e-05,0,0.00129351481459889,2.56005773092425e-05
0,0,0,0.767077855863169,0,0.975472314020993,4.34304259528879e-05,0.0178697331910874,1.73951818633941,1.66455107828381,3.82611276548202e-05,0,0,0.00209808708771218,0.725600735226023,0,0,0,0.000116698702936117,8.31699617977807,0,0,0,1.16398135780477,0.000101365103135341,3.10829656995234e-05,0,0.00256948128795406,0.00241672697761773,7.31925309579934e-05,0,0,0.00047758269964608,0.00242581825367559,0.000669651653903737,0.000414722954379569,0,0.00229574724934222,0.000477270812866165,0.0879557790533259,8.33770095932827e-05,0,0,0,0.000112212868860068,0,0,0,0,0,0,0,0,0,0,0,0,0.00113447084881557,0,0,0.00400600379531535,0,0,0,0,0,0,0,0.0209115407936118,0,0,0,0.000396884978529035,0,0,0,9.38187432127716e-05,0,0,0,0,0,0,0
0.000467153665245462,0.0202540878356444,0.000941912824003356,0,0.000802678181566296,0.000680407105427991,0.000485077429368144,0.000767001522842435,6.04640600529115e-05,6.22308880300609e-05,1.49269897822706,0,0,0.000748138694919571,0.000434086212015104,0.00403191927667298,0.000186422351099409,0.00468229595786166,0.00472214122352592,0,0.00133683448202711,0.00137168161549405,0.00600817299380979,0.000819108886836261,1.88103198465099,0.473412830565086,0.647659867092636,0.00184110548907668,0.00197900527946059,0.000746204851754204,1.93174085282246,0.00101825813592402,0.000328128257760022,0.0252039753902643,0.00157127538889223,0.240096695551171,0.463940226996528,0.307621050978669,0.331009980208526,0.00194617290314239,0.0699628496226926,1.2203278273901,0.0135562392113178,0.048642548351603,0.00619763118952871,0.0148738368469304,5.7198154422896e-05,0,0.00991512138073541,0,0.000887772210560234,0,0,0,0,0,0.000123735544445108,0,0,0.0434465949499507,0,0.132305477844475,0,0,0.000490451484741639,0.00010494551686583,0.00225067660008773,0.00827591365211498,0,0,0,2.93659206992095e-05,4.89313031711638e-05,0.177757672797992,0.0179459226893773,0.00786370005583527,0,0.00013785913286376,0,0.00838002516440504,0,0,0.00176268438391977,0.000616043450258608
4.15968539009446,6.58189725404024e-05,0.00175275291846211,0.000511087519584664,0.0137777482986258,0.104729495045881,0.8299787278589,2.71551930180988,0.00295449568864736,0.393911812800044,0.00447020964330594,0.00209808708771218,0.000748138694919571,0,0.000345221597412572,0.000936994070394446,0.000162743646432231,0.000378510409274494,0.00173897224957273,0.0152328019026254,0.000521614747339063,4.97873917694978e-05,0.00150723732098589,0.00826353537180012,0.00111123766360454,0.00366485647597389,0.00105943754619484,0.0135497678571533,1.78482598928145,0.0418930179665362,0,0.204611968287486,0.037914624569863,0.187095740216494,5.06869165690154e-05,0.00377756109563237,0.00419527941095214,0.117600096639755,0.0102791499498102,0.0951582851683346,0.0353522991168753,0.000668190890442122,0,7.22102669157582e-05,0,0,0,0,0,0,0.000235310787723105,0,0,0,0,0,0,0.000614327157992097,0,0,0,0,0,0,0.000107063959494044,0,0,0,0,0,0,0,0.000670300126382277,0.000161659150539601,0,2.51475553125465e-05,0,0.000140248994672243,0,0,0,0,6.88570310844201e-05,5.1970685604985e-05
0.00072911460243077,0.000425880791837752,0.00150717198171568,0,0.0701155241282136,0.787452945445494,0.001252162414136,0,1.50723392391615,0.000425377368721558,0,0.725600735226023,0.000434086212015104,0.000345221597412572,0,0.00970560396293665,0,0,0.00012261546992862,0.00319286944890693,0.00293281638858465,0.00039414599192393,0.007506006662546,0.00816552681097512,0,0.00017639390687504,0.0015493315344757,0.00302494690618589,0.00143331871810534,0.00218629435059942,0,0.00164861481764325,0,0.00408092597940412,0.108974669578033,0.0125673633440048,0.0213872983523258,0.0129918359549911,0.0161944459188318,3.08574708094145,0.0123630910686642,0,0.00343637770204178,0.0487580294597681,0.00738155848797548,0.0512814462073714,0.021790315064389,0.00231217452096139,0,0,0,0.00236977106865923,0,0,0,0,7.06839044772034e-05,0.0103808039716805,0,0,0.000105720731925522,0,0,0.00316364697106309,0.00307210306359602,0,0,0,0,0,0,0.00163349790396119,0.00246336532410519,0.000135229751100827,0.000145894407195859,0.00221278017673832,0.000747150528237759,0,0.000594418029854139,0,0,0,7.65215657841218e-05,0.0404575765353474
0.000298911620909471,0.0880224280199662,0.0463463999175899,0,0.000457656459418223,0.000331461230545661,0.00115386806513808,0.000677028866937223,0.143379236717386,7.12350878788784e-05,0.000189001442606032,0,0.00403191927667298,0.000936994070394446,0.00970560396293665,0,0.00490346101314141,0,0.00167411597660746,0.000362967993815522,2.04569180833195,2.69127773324886,2.65612818972035,0.610691536124008,0.000995856058271113,0.00202397914041116,0.744522114170541,0.444011665914573,0.00159022721374096,0.0725775671000796,0,0,0.00184089419113151,0.0939955237528765,0.0131128788540106,0.244666089853976,0.100360419101898,0.184129923631054,0.178330098359047,0.0597401498722432,0.00625661171012363,0.00151641480085314,0.0250530192414076,0.0126285214127768,0.00310822510064908,0.0106668880314584,0.00286810106689045,0,0,0.000129598757981653,0.00876355340859143,0.0010496516576814,0,0,0,0,6.83795269523107e-05,0.0171617901750355,0.000111943074666239,0.000362118460635491,0,0.000790890414551573,7.9280894253006e-05,0.000694594319842199,0.23613725258346,0.000109879158550047,0,0,0,0.000633501881901084,0.253169892901349,0.013774694646068,0.0251265561016183,0,0.000112182081473331,0.00494651235333113,0.00230749962284037,9.85998749693604e-05,0.00205357855178526,0,0,0,0.00210267675307343,0.00465902770224451
0.00013185368719428,0.0966647014269845,0.936497925851032,0,0,0,0.000560659710902699,0.0001163631022067,0.00518807096968946,0,0.00856629814553304,0,0.000186422351099409,0.000162743646432231,0,0.00490346101314141,0,0.00844358591945739,4.61352441060627,0,0.0414309795277768,0.0172383939015666,0.946120991074805,0.00251644127793438,0.00288194318976112,1.12592010948824,0.387519445595033,0.00195181049288815,0.00063199725132721,0.0136991662615738,0,0.000209984387057396,0,0.486425245952278,0.000353855118635611,0.0138713590043085,0.104942694419366,0.14166801048252,0.0217760564495097,0.000672097468954265,0,0.000402803483405708,0.000307587044075417,0.00204954056610898,0.00183831993995044,0.000199130747147109,0,0,0,0,0.0552686798821311,0.00435363238297891,0,0,0,0,0,0.000186321501888759,0,0.000174508850712476,0,0.000250930841941104,0,0,0.000820890992472742,0.00212829020666473,0,0.00174878913718695,0,0,0.00191428286465531,0.000316208741280293,0.000399570258578365,0.00513904019267818,0.00388036881669101,0.0251159649057,5.29028666299025e-05,0,3.68540718049398e-05,0,0,0,0.000539638779983027,0.000233474528084847
0,0.0213287832161401,0.00106668450376696,0,0.000137431109782675,0.000535861228716491,6.03292210723558e-05,0.00101601288423681,0.000113267285605113,0,1.35484490779447,0,0.00468229595786166,0.000378510409274494,0,0,0.00844358591945739,0,3.30340869153008,9.8120924421948e-05,0,0.00113698970903003,3.49718010655927e-05,0.000117459667490383,0.031501807075369,0.966299453470991,0.0224209935807874,0,0.00165258999548755,0.000129287128622381,0.000633856879975098,0.000447514071311689,0.000435274358507182,0.00522274186779195,0,0.0013564124265775,0.036890606719473,0.0833412494026265,0.00835989572105185,0.000582185711921444,0.00140127900017974,0.00706607557065577,9.69767176471903e-05,0.00421327989671778,0.000620786462422788,0.000742838004537454,0,0.000310564062447304,0,0,0.00235413447803889,0.000125779626149208,0,0.000145834831001729,0,0,0,0,0,0.00228414235783913,0,0.00497558033236379,5.07184262689697e-05,0,0,0,0.000543569930161039,0.00331938445329315,0,0,0,0,0,0.0501529582811426,0.00358897919365228,0.00313982173627631,0,0,0,0.00276468744334106,0,0,9.09067628319937e-05,0
0.000265138571964614,0.0993422873569134,0.0169013528467837,0,0,0.000696604330838689,0.000384900715065648,0.00118049377458945,0.000793118956853999,8.14656939006806e-05,1.15400655728853,0.000116698702936117,0.00472214122352592,0.00173897224957273,0.00012261546992862,0.00167411597660746,4.61352441060627,3.30340869153008,0,0,0.000140320134857328,0.00444921903099435,0.0061151110184315,0.000578682869830489,0.0315930094339646,1.67798638420415,0.174168163667998,0.000601667780888476,0.00360640704740811,0.000246255025695133,0.000427434328754018,0.0018118941882721,0.000235247962028971,0.120452942139821,0.000125613168896578,0.0118223105463129,0.239377675685464,0.317676522871987,0.0355860788776829,0.00210825266085229,0.00170475960988242,0.00727452809200029,0.000452108970377417,0.00307416162219865,0.0016243084917492,0.000817861634685588,0,0.000272169039991388,0.000637798819403512,0,0.0602876067034403,0.000420682268977495,0,0,0,0,0,0,0,0.00179509639338082,0,0.00398997409108667,6.3078277746543e-05,0,0.000107095188016401,0.000658837588976783,0.000861826446532779,0.0122223406103435,0,0,0.000860281414369534,0.00016076923006772,0,0.0504375828495563,0.0124513416228818,0.025195821809847,0,0.000108484276549938,0,0.000206248964988776,0,0,0.00113529696549663,4.09100542143394e-05
0.0017326153170835,0.000181760947083665,0,10.49217940201,0,0.795742261933427,0.0147648743918699,0.091661100990623,0.0273853962464177,3.34510305263042,0.00101695436853303,8.31699617977807,0,0.0152328019026254,0.00319286944890693,0.000362967993815522,0,9.8120924421948e-05,0,0,0,0,0.000202954349782142,1.53612816078034,0.000246692319764309,0.000339442564992922,0.000164357875165292,0.61092902484836,0.0169372235812535,0,0,0.000433850651207351,0.00141352466197521,0.013715276539081,0,0.000310029610519644,9.92152647708005e-05,0.00966809775675338,0.000862118456006578,0.0304151814198583,0.00203502944613488,0,0,0,0,0.000237559163460429,0,0,0,0.000278822170772389,0,0,0.000823782567983336,0,0.000330256321670976,0,0,0.00761269745303948,0.000472675393562647,0,0.000184998859177847,0,0,0,0,0,0,0,0.0489968113677052,0,0,0,0.00614604869668929,0,0,0,0.00027017313876438,0,0,0,0,0,0,0
0.000286419890208914,0.00187675659942265,0.0845824730603862,0,0,8.72285243488126e-05,0.0398820553943565,0.000465403317587222,0.00549917936603331,0.000200377484177137,0,0,0.00133683448202711,0.000521614747339063,0.00293281638858465,2.04569180833195,0.0414309795277768,0,0.000140320134857328,0,0,0.0226310037973836,3.1555059022063,0.0306716140562418,9.49224077646119e-05,0.00144744365503546,0.0153337142833919,1.28518685641919,0.0266048271462827,2.18573408297266,0,0,0.00271238947870447,0.222942149916938,0.00448958971974705,0.042076947186759,0.00950772818630279,0.0891735995610178,0.0533572879987177,0.0134974038289711,0.00234934546096469,0.000520677252447071,0.00190374357905956,0.000716783325587224,0.000144523795115054,0.000678227815425434,0.000125141194224163,0,0,0.000166623822592114,0.000100111961914388,0,0,0,0,0,0,0.00207882818341927,0,0,0,0.000134391606411448,0,0,0.00388119439752723,0,0,0,0,8.80580222381881e-05,0.00789565048559586,0.000378972355812503,0.0025652266280862,0,0,9.36973695084151e-05,0.000467787461428178,0,7.2080107182064e-05,0,0,0,0.00017799617688038,0.00140042485455724
0.00013878675191952,2.47724758506754,0.0637948352886154,0,0,0,0.00146835878292121,0.000190759408444787,2.06815999555137,0.000169905104096448,0.000708784377105655,0,0.00137168161549405,4.97873917694978e-05,0.00039414599192393,2.69127773324886,0.0172383939015666,0.00113698970903003,0.00444921903099435,0,0.0226310037973836,0,0.063863520890753,1.37265495218571,0.0189481641522638,0.0154731903460525,0.560044099545373,0.089313555544674,0.000843770272968242,0.013189522963869,0,0,0.000661846856882569,0.0600385230975091,0.00170158640178765,0.0494615963154369,0.0478379966216704,0.115909560058529,0.0445267287707851,0.00286723279509766,0.00143508034998335,0.00355428388333354,0.0324202773598795,0.0152563359762237,0.0159879104506303,0.0165914424025705,0.000648545876404787,0.000683351947759771,0,0.00144291766078711,0.0609008643423574,0.00650604922767154,0,0,0,0.000908094551937387,0.00014585220415082,0.0474223159763356,0,0.00037483878933925,0,0.000152758276367043,0.000188194863659525,0.000727360598670118,0.370276629695301,0.00170230555224534,0,0.000172675846123902,0,0.00177285761232499,0.630805007504763,0.0314013104849387,0.0239494643577165,0.0056342971529264,0.00117807372134557,0.0519910781078215,0.00279590879916462,0.000348085397783982,0.00158492552434305,0,0,0,0.00514846199605466,0.00142759326932014
0.00244903036330108,0.00596081396397942,1.82900452712513,3.52098709734752e-05,0,0.000712055113302183,0.177663882291279,0.00372270150561249,0.00646369820532304,0.000882235708162117,0.000142016125409761,0,0.00600817299380979,0.00150723732098589,0.007506006662546,2.65612818972035,0.946120991074805,3.49718010655927e-05,0.0061151110184315,0.000202954349782142,3.1555059022063,0.063863520890753,0,0.0312090255486753,0,0.0276880331544962,0.722245015667263,0.592174456410643,0.00318681238834275,0.774744240362667,0,8.1097991152055e-05,0.000797526393650262,0.589187793215366,0.0311087104959774,0.213947363673989,0.183800907535812,0.467948309546813,0.282423409127289,0.084485840172229,0.00733486779515807,0.000930138718952702,0.0083647848256455,0.00444970592437088,0.00127615247808124,0.00983994468390737,0.00176509374260539,4.83930197690864e-05,0,0,0.0028852606634729,0.000265036203548223,0,0,0,0.000111555863432334,0,0.000448145160694592,0,0.000135019230799993,0,0.00030343165242046,0.000183032184057337,0.000669418318372468,0.0100800596121744,0.000138259564637439,0,0,0,0.000209058355984872,0.0142157990470745,0.00226445773167571,0.0018243219403157,4.31684978891614e-05,0.000112535677332538,0.00774027315211492,0.000771723627999044,0.000248233793482423,0,0,0.000190343693916427,0,0.000211884366591852,0.0123667043739941
0.00518041539928923,0.0768443790877024,0.0251669949669542,0.566856694723647,5.13719480985907e-05,0.238297410156563,0.428037104358858,0.0409177506904218,2.40185071823123,0.0665529107120529,0.000175639264544069,1.16398135780477,0.000819108886836261,0.00826353537180012,0.00816552681097512,0.610691536124008,0.00251644127793438,0.000117459667490383,0.000578682869830489,1.53612816078034,0.0306716140562418,1.37265495218571,0.0312090255486753,0,0.00120412900778493,0.00196426307226697,0.0523543610657485,4.62972894712768,0.0134920136898256,0.0917363701222061,0,0.000575835919282467,0.0052792664810329,0.039208921896864,0.00220674294484379,0.0365883469734516,0.00960311396218688,0.0391494804835293,0.0202048779713885,0.0234049410047928,0.00222952008266688,0.000286293019074641,0.0110679587913227,0.00237912922751279,0.00245882794271596,0.00258847912211844,0.00026968152062988,0,0,0.00201672410778302,0.000737646482379505,0.000109488542892707,0.0021634138758858,0,0.000612449217412012,0.00147411716206262,0.00201030186850855,0.072018126118182,0.00205020741361306,0,0.000124364091563646,0,0.000491663234652592,0.000475760186183624,0.0401342251745564,0,0,0,0.00131424351221946,0.000599312307044089,0.0692184779838729,0.0019337604482455,0.0788517579891602,0.0002058855185493,0.000158713998644052,0.00150044963085652,0.00849226972153534,0.00119266720075251,0.002676529206071,0,0,0.000121326414890398,0.00236712030753949,0.000907393254668665
0.000387373104208896,1.20763471784172,0.0002888920354818,0,0.000239942397445889,0.000590858020991517,0.000121697336173211,0.000656060788502797,0.00590841201278707,0.000161179662210558,0.252771320103032,0.000101365103135341,1.88103198465099,0.00111123766360454,0,0.000995856058271113,0.00288194318976112,0.031501807075369,0.0315930094339646,0.000246692319764309,9.49224077646119e-05,0.0189481641522638,0,0.00120412900778493,0,0.246514233265398,0.684357768228477,0.000303525201778639,0.00176234769620532,0.00015146843922723,0.0942801518453003,0.00120896198503687,0.000106550000364139,0.00626062337433753,0,0.00281259611747052,0.284962119541913,0.127134094236558,0.0375977575760421,0.0013394725029313,0.000978229003035735,2.18178778869426,9.97454913383364e-05,0.066238123050191,0.00633300445608896,6.88576684653988e-05,0,0,0.0156603407532425,0,0.0282205084889392,0.00104587493198249,0,0,0,0,0.00017947074704247,0.000867259505849691,0,0.0162570451957752,0,0.0563621745726083,4.07145739648343e-05,0,0,0.000639378986190146,0.00357435224815162,0.0110212827769241,0,0,0.000232528860486537,0,0,0.632280565549751,0.0165446516668969,0.016561475648983,0,4.96702416422773e-05,0,0.0114402341526361,0,0,0.00261348991179141,0
0.000489021579223716,0.192450178515582,1.10114953308942,0,0.00130626014216882,0.00231422321235367,0.000945804553242363,0.00467890944232111,0.0049639887235791,0.000405529061516837,1.37521570164924,3.10829656995234e-05,0.473412830565086,0.00366485647597389,0.00017639390687504,0.00202397914041116,1.12592010948824,0.966299453470991,1.67798638420415,0.000339442564992922,0.00144744365503546,0.0154731903460525,0.0276880331544962,0.00196426307226697,0.246514233265398,0,1.19363831192219,0.00136018395510182,0.0117095429126983,0.00353494536005662,0.318052146519203,0.00409535046021867,0.000522065772674441,0.247288760852076,0.00177123543869551,0.0628430861060711,0.41284337724958,0.605417568825503,0.100837653846139,0.003867417222001,0.00303745737242725,0.0318189270582873,0.00100531956462982,0.0252441326278837,0.00673264689698753,0.00111305157904132,0.000121962375895976,0.000169093423084981,0.00116337933655963,0,0.0534696092172184,0.00114957156942596,0,0,0,0,4.91840667426763e-05,0,4.54183628278498e-05,0.0181248039003139,0,0.037204461653521,0.000133591179204081,0,0.000167599553027914,0.00171332502970667,0.00633418075962544,0.0290523489193416,0,0,0.00103817997320892,8.85086357756974e-05,0.000143763497150204,0.278204191259587,0.0683854338146968,0.104493973471237,4.18411662275204e-05,0.000241468197362803,0,0.00542324520965121,0.000289723702055127,0,0.00342389840623687,0.000829171123869161
0.000271224422451633,0.589450464256952,1.38833925664093,0,0.000330091714761979,0.000620750941456683,0.00370355068567192,0.0014247327889354,0.0366263035587857,0.000244706832626679,0.0401133992684527,0,0.647659867092636,0.00105943754619484,0.0015493315344757,0.744522114170541,0.387519445595033,0.0224209935807874,0.174168163667998,0.000164357875165292,0.0153337142833919,0.560044099545373,0.722245015667263,0.0523543610657485,0.684357768228477,1.19363831192219,0,0.0375094479592036,0.00299829083809441,0.0112447872620813,0.351706081950946,0.000961859608223167,0.000379360344107755,0.424215650512388,0.0142163158432425,0.1932932620024,0.286750202383202,0.637207416355042,0.158109934707312,0.0113194414279135,0.00114267249527711,0.0146982135767,0.0071255689687692,0.0161777746226186,0.0053543910554808,0.00901789656880695,0.000818212494415299,8.53264388220505e-05,0.000383508697031681,0,0.116830968169462,0.0103147681792576,0,0,0.000104675460805304,4.05985968746563e-05,6.09724471632407e-05,0.00121883085445772,0,0.00885597518126341,2.72708915110467e-05,0.0171498281155598,8.18627139489533e-05,0.000544818877176043,0.0179294617674679,0.00293778602287519,0.00283400108682601,0.0136883830706812,0,0.000469271220682821,0.0319512085634755,0.00537235073252621,0.00111882060984451,0.155956061353403,0.0427568079880715,0.154572104209826,0.000526490071770263,0.000235906795200134,0.000166043665914361,0.00244105781797673,1.76792132740612e-05,0,0.00217102511640741,0.00795994691611816
0.0163542926459429,0.0098840644143793,0.129915695351546,3.24467121931352,0.000238920646939977,0.0644717651924651,2.37947278567717,0.0231909933406848,0.184502117980223,1.29827241625392,0.000186449871556616,0.00256948128795406,0.00184110548907668,0.0135497678571533,0.00302494690618589,0.444011665914573,0.00195181049288815,0,0.000601667780888476,0.61092902484836,1.28518685641919,0.089313555544674,0.592174456410643,4.62972894712768,0.000303525201778639,0.00136018395510182,0.0375094479592036,0,0.0352193583280708,1.94855355558438,0,0.00018921485201735,0.0209546578926993,0.146158178391824,0.00848840906437887,0.0875842577412249,0.0210234368043884,0.11189902320663,0.0614964003683858,0.0147217502026653,0.00504828031508957,0.000581512731681992,0.00642153031887634,0.00151441375625756,0.00110202089693114,0.00284090080363895,0.000111795909810904,0,0,0.00161597881763063,0.000222759370743743,0.000194682860863925,0,0,0,0.000306315584036401,0.000337412409291018,0.014100127041823,0,8.30994502618032e-05,0,0,0.000265987804604949,0.000265985753183052,0.0138826931561517,0,0,0,0,0.000135486682239971,0.0179850410007579,0.000364375267067723,0.022266092302338,6.92164959765602e-05,0,0.00047279944196616,0.00416228943260816,0.00144484130107334,0.00220042472073756,0,0,0.000253851340034087,0.00230737030840591,0.00220197645761637
1.412274155427,0.00164813409571424,0.00225371061285336,0.000316470822945347,0.107000503765351,0.0959182371415141,0.31272647890726,0.253580051027572,0.0130217727032761,0.0162026801956708,0.0353731373677512,0.00241672697761773,0.00197900527946059,1.78482598928145,0.00143331871810534,0.00159022721374096,0.00063199725132721,0.00165258999548755,0.00360640704740811,0.0169372235812535,0.0266048271462827,0.000843770272968242,0.00318681238834275,0.0134920136898256,0.00176234769620532,0.0117095429126983,0.00299829083809441,0.0352193583280708,0,0.705702938817843,0.000211089278169213,1.37280208663286,2.68127297145786,1.5936616909654,0.000915303924349107,0.0249283005759683,0.010501696512741,0.368053102427981,0.0499253883809027,0.136910174867674,0.324861508054281,0.00156526948435945,0.00076070161009059,0.00025927598077753,0.000435722659556563,0.00048910968371136,0,0,0,0,9.13567132678986e-05,0.000140947680983012,0,0,0,0.000123174536148792,6.75063788454231e-05,0.00102591810189164,0,4.34254993790391e-05,0,0,0.000142230647782573,0,0.000106491625762052,0,0,0.000141878698528162,0,0,0.000357261256194855,2.20531376926799e-05,0.00494729898393551,0.000944120720601349,9.67520010962293e-05,7.2842154031456e-05,0.000926168309187832,0.00014178698020441,0,0,0,0,0,0.000146631516321692
0.339241823163319,0.00212242981182293,0.17689978365247,0.000130948817722755,4.82877699637856e-05,0.001190594486827,2.81611843066024,0.0293803114736312,0.0285796226553868,0.00288202759689466,0.000272292794311293,7.31925309579934e-05,0.000746204851754204,0.0418930179665362,0.00218629435059942,0.0725775671000796,0.0136991662615738,0.000129287128622381,0.000246255025695133,0,2.18573408297266,0.013189522963869,0.774744240362667,0.0917363701222061,0.00015146843922723,0.00353494536005662,0.0112447872620813,1.94855355558438,0.705702938817843,0,0,0.00020021888526971,0.0956330085792528,0.454527235835867,0.00330553330337744,0.0416662896953332,0.00617802949478083,0.107329488727348,0.0453981621054748,0.0120201638427199,0.00484121324025447,4.95012516734741e-05,0.00270467259820825,0.000319229907438375,0.0017995366225464,0.00117175190952206,9.79480034650447e-05,3.83416867200202e-05,0,4.84180855236439e-05,0,0.000107775511634474,0,0.000125271416302362,0.000164043701337599,9.00128216468786e-05,0.00016457541755308,0.0045397278440069,0,0.000200086853260085,0,0,7.0981901148807e-05,0,0.00163816230239411,0.000234014975253542,0,0,0,0.000153363437964214,0.00321101290780418,0.000302162819051925,0.00796880341799262,0,2.94377352944371e-05,0.000324339262478168,0.00206678226554709,2.65522036994284e-05,0.000385973879188646,0,0,0,0.00091066605413386,0.000954809572324046
0,0.00441663435364133,0,0,0.000208623824402107,5.99614751400392e-05,7.55550629433577e-05,0.000186505527755064,0,0,0.170703858196603,0,1.93174085282246,0,0,0,0,0.000633856879975098,0.000427434328754018,0,0,0,0,0,0.0942801518453003,0.318052146519203,0.351706081950946,0,0.000211089278169213,0,0,0.000225943002746139,0,0.000505198328996949,1.35474379736817e-05,0.0016903669809723,0.0480542624875291,0.0362603675852129,0.0120323600948232,0,0.000542501199848777,0.0359058605073043,0,0.005942832173883,0.000646951065259999,0,0,0,0.00296892910187505,0,0,0,0,0,0,0,0,0,0,0.00290227253343645,0,0.00703145559002259,0,0,0,0.000216284135215617,0.000420166025971724,0.00206833475157838,0,0,0,0,0,0.034334331391996,0.00206653858715367,0.00120432096344447,0,0,0,0.00075570619331438,0,0,0.000203874519528307,0
0.00127080689715066,0.000155467241661419,5.63058018929752e-05,0,1.36314948853811,0.071064226801702,0.000772724617391883,0.0738288919019385,0.000218274135157571,0.000254312919306991,0.00877409503230187,0,0.00101825813592402,0.204611968287486,0.00164861481764325,0,0.000209984387057396,0.000447514071311689,0.0018118941882721,0.000433850651207351,0,0,8.1097991152055e-05,0.000575835919282467,0.00120896198503687,0.00409535046021867,0.000961859608223167,0.00018921485201735,1.37280208663286,0.00020021888526971,0.000225943002746139,0,0,0.653125496508967,0,0.00126502814239458,0.00435365262069854,0.160440532635402,0.0129000293521926,0.171570139145621,2.33270335561697,0.00189472168465557,0,0,0,0,0,0,0,0,0,0,0,0,0,0,0,0,0,0,0,0,0,0,0,0,0,0,0,0,0,0,0,0.000352020793616073,8.66051461793256e-05,3.13175602407343e-05,0,0,0,0,0,0,0,0
0.267600482498066,0.000501142666489726,0.000339942374143266,0,0.000856045748300456,0.00158485888619544,0.0363224058555405,0.00425720941728892,0.0106411305636437,0.00122892392264258,0.000665244996086567,0.00047758269964608,0.000328128257760022,0.037914624569863,0,0.00184089419113151,0,0.000435274358507182,0.000235247962028971,0.00141352466197521,0.00271238947870447,0.000661846856882569,0.000797526393650262,0.0052792664810329,0.000106550000364139,0.000522065772674441,0.000379360344107755,0.0209546578926993,2.68127297145786,0.0956330085792528,0,0,0,0.682448520378082,0.000501839130933503,0.0225451381169726,0.0036461902918241,0.13234033588784,0.0427000458747836,0.0198667793574712,0.0118784771455094,0.000455078702387368,0.000841999252877281,0,0.000174729425158192,0.000146195380547883,0,0,0,0,0,0,0.000300950999224701,0,0,0,0,0,0,0,0,0,0,0.000431447491920329,0,0,0,0,0,0,0.00189137371857207,0,0.00278676207423902,0.000484039372436323,0,0,0.000688243405591731,5.14342994295293e-05,0,0,0,0,0,9.31925931341171e-05
0.0943967798806828,0.058654038900926,0.267536868951354,6.61952398626777e-05,0.220831872724287,0.0623964781610895,0.109469066663503,0.11605183641949,0.026080799084535,0.0136595949387947,0.170270243861673,0.00242581825367559,0.0252039753902643,0.187095740216494,0.00408092597940412,0.0939955237528765,0.486425245952278,0.00522274186779195,0.120452942139821,0.013715276539081,0.222942149916938,0.0600385230975091,0.589187793215366,0.039208921896864,0.00626062337433753,0.247288760852076,0.424215650512388,0.146158178391824,1.5936616909654,0.454527235835867,0.000505198328996949,0.653125496508967,0.682448520378082,0,0.00559897917922067,0.141212857773916,0.29249558775354,3.31117800412405,0.254331017759749,0.128373587411055,0.940830736207818,0.0274089403409558,0.00199800904969233,0.00197993060115757,0.000842830813276104,0.00186903610970193,0.00115756466341609,0,0,0.000325391930595539,0.0404413042400042,0.0027244178013487,0,0,0,2.56134001994622e-05,0,0.0046584869905317,3.46849531614561e-05,0.000231779373174625,8.2009852903249e-05,0.000493765454759876,2.9225477954955e-05,0.000206369755980193,0.0024538893189621,0.00106847433905142,5.70176188432682e-05,0.000384936926559143,0,2.7483793690578e-05,0.0124536600080962,0.00063272422787463,0.00852880039314312,0.00392188124784849,0.00237331315802482,0.0236820858994704,0.00151049842066431,0.000209105448798823,0.000605753465841721,0,0,0,0.000289644623631046,0.00159633162857413
