0,0.00149588361451131,0.119258780556678,0.00162781452316414,0.00179602135029016,0.00538037144900818,1.15177228227834,0.107850893652079,0.00776799176607906,0.0286111753622912,0.00730999521629276,0.00111367533575028,0.0047047909680576,2.27367068549105,0.00137499802490041,0.0016192919606501,0.191829672248041,0.0140103780131503,0.0456739690747226,0.000608304248630853,0.0517107617702003,0.00194490437376462,0.0918861794877539,0.012367692957949,0.00105082374429265,0.0235586983610363,0.00920550455249413,0.0485566402160829,0.880027452341378,0.728210954870154,0.00125633565436393,0.0244469797855026,0.0278384987621754,0.0547867601726833,0.000335851657967789,0.0114132157936021,0.0078816640990386,0.0658571684157598,0.0225433267036027,0.00587514332403301,0.00800011929262675,0.00184572679437517,0.00202873889361549,0,0.000948937789020939,0.000365635206229196,0.000102342741098826,0,0,0,0.000327178420272911,0.000214689789827399,0,0,0,5.10951366772061e-05,5.76659095810794e-05,0.00037755159033755,0.000113067539185947,4.52137158501122e-05,0.000144064581813026,0.000278623339191424,0.000243034122734314,0,0,0.00120397772857756,0,0,0,7.83762052204056e-05,0.0012465750213743,0.000145678873780392,0.000804352893122898,0.000819090869266952,0.000713989706898289,0.000530264658911726,0.000519885274810061,0.000287844903905663,0,0.000219683317368678,0,0,8.59162328501551e-05,0.000281140795624379
0.00149588361451131,0,0.327580857137934,0.000502824723020011,0.00862689011646225,0.00044848390672799,0.00178709875953411,0.000523292534634694,0.958651104634474,0.000285212933351124,0.0177348261968323,0.000767242024898983,0.101935632821431,0.0017660449634498,0.0200337256961403,0.156313583860717,0.0673660760589396,0.0168567097180701,0.0674323106304891,0.00122307944287978,0.00761444639037502,3.234522300364,0.0272623852780609,0.263729535288857,2.58111289699301,0.116167311885555,1.61164338282791,0.00767480625731845,0.00176555568146571,0.0021474216132594,0.13003798506162,0.000974092150930608,0.00123407242771837,0.0237757730074981,0.000486432591639736,0.0724283033927937,0.139173060309675,0.059990614155173,0.064326767008509,0.0406364312762465,0.00824537447883725,0.0115418447823647,0.0149096929533731,0.0270238270525221,0.0139060148588438,0.0151836862064262,0.00180929588196492,0,0.00191900035020448,0.00153570268823057,0.573492864785004,0.0538833015476441,0,0,0,0.000684198586772932,0.000484284958370389,0.00922890633857438,0.000241557565981689,0.00377915127747652,0.000115737445856891,0.00624954222194567,0.000215104135828079,0.00238266720806024,0.0125516785631613,0.0314572184655638,0.00377102600443519,0.0110152334054148,0.000412463658657033,0.000665883596184772,0.0716906236729055,0.00944316825434071,0.0145466627709488,0.0419384303388985,0.0280264891334147,0.108178840252972,0.000852919477896838,0.000229835750555178,0.00152035190922664,0.0121650594715284,0,0.000783255807721539,0.00454838445538029,0.000993362478062287
0.119258780556678,0.327580857137934,0,0.000544860247369611,0.000538342021726229,0.0024917531514561,0.132789630428737,0.0499922443350192,0.0108296048295043,0.00466727411469099,0.00734956185287113,0.000952449497013124,0.00721604105355962,0.139950958450136,0.00291289742203939,0.0262097121172831,2.05494320428866,0.0246967137884024,0.236733986779507,0.000169714935671132,0.227271105041092,0.0629549936055236,3.08876398324521,0.0284921741507294,0.00311754609650994,1.82523182253438,1.56586694693511,0.116808346783565,0.0453704850014647,0.137139475299803,0.00192097668628061,0.00937737692683367,0.00499803433461782,0.185554166135379,0.008383104659129,0.342571976874407,0.732208649264525,0.430394940926292,0.279547914894502,0.022115648402394,0.0190892101304114,0.00122073136643798,0.069238571275406,0.160926852014276,0.053774955918836,0.0520640391845384,0.00443453335156948,0.000544953632657904,0,0.00436492119264716,0.260333886529511,0.339325673642063,0,0,9.27483500712599e-05,0.00350707417283625,0.0034613797307028,0.00496602911873466,0.000630233747203151,0.00235712214636959,0.000380878637039368,0.00102551038107305,0.00486681795115117,0.00682972811185731,0.0343004529664503,0.108243882175507,0.00299056305489615,0.0267557597080643,0.000171226736821462,0.00566536953330001,0.0659914135650852,0.103336341090667,0.0130490360633785,0.00358422173747958,0.0347414888426865,0.312291127045382,0.00540353582374521,0.00378544489194736,0.00501270910227116,0.000125006359632271,0.00034177039998709,0.00180601456717618,0.0143155092607868,0.00995904442996536
0.00162781452316414,0.000502824723020011,0.000544860247369611,0,0.0110851633813767,0.0787111428370534,0.0147135296764454,0.0223657568239308,0.398875913680674,1.60653902891976,0.00352314357413632,3.72752880601084,0.00572647401861723,0.0213137215041835,0.0766930171685933,9.65671537802651e-05,0.000235730533929453,0.0026689564227827,0.00107791005751084,15.7721812265141,0.000220191196185051,0.00522324006962412,0.000520762753373483,2.34260522349763,0.00141766313361513,0.00114869764509759,0.000636535956893308,1.94683547506019,0.0143453334430194,0.00116042442469462,0.0012995777798654,0.0119874601192191,0.000178345577255684,0.0110444306333032,0.0229801373298573,0.0346853458843193,0.0032805089497652,0.0172378457979958,0.0120340076018186,0.0857408684570137,0.016787082079138,0.000428014482106248,0.0131902933341344,0.00101267268197331,0.0125988714294714,0.0063339917657307,0.0254468271875618,0.00242552004486321,0.000340064919387557,0.00090751478463851,0.000379660509567344,0.000520958680220323,4.59376374412557,0.000785016817766993,0.00737446707449529,0.0165292635609598,0.00453321401763805,0.0480720380903939,0.03951772441727,0.000480535815715592,0.399403063174609,0.000807943201271423,0.0074162747834412,0.00584077765661692,0,0,0.00116652834354836,0,0.90239633083198,0.000155584322211917,0.00150529007941748,0,0.0538166532991447,0.00041792248496585,0.000185165566058826,0.000332749238928908,0.0391011144047271,0.00746342626260271,0,0,0.0010128246772674,0.0018621915070262,0.00953457217773096,3.66261017727913e-05
0.00179602135029016,0.00862689011646225,0.000538342021726229,0.0110851633813767,0,0.976114791421713,0.00729088673375775,0.0681718537035821,0.225307394458752,0.0101653713339994,0.0259254913087045,0.0915379560761018,0.0206564127159393,0.0130149264464309,3.74511267475274,0.000510638111473728,0.0018899608781632,0.00768777817220945,0.00552446139843311,0.0249745473759678,0.00253726697946248,0.011405553120034,0.00686477021659984,0.0455486460877609,0.00922205845792532,0.00368785146068233,0.0024007143398389,0.00830699679812516,0.0494555087952265,0.00216073830997762,0.0048745453215101,3.85691527427734,0.00325279249589638,0.301380635402829,0.00546510602004291,0.0239504817838798,0.0122492984214688,0.0664868114682037,0.0201650259834984,8.31562439641088,6.32447227458853,0.00940320264370819,0.00151005652363248,0.000146804406011936,0.000229698413034815,0.000210824095027585,0.000642012851121972,0.000266325708486949,0,0,0,0.00014693329217349,0.000769413057302323,0,0.000825749828209238,0.000498780110135168,0,0.00257283658668189,0.000997940500771607,0.00014561858483876,0.00255760701150906,0.00111122535601606,0.000286547496221165,0.0016184413077101,0.000247758473633796,0,0,0,0.00130769593790931,0,0.000587821433068569,0,0.00189991498654167,0.000940075634771748,0,0.00028057150297022,0.000535145080243615,0.000269111740702821,0,0.00097018658217065,0,0,0,0.000522871358914736
0.00538037144900818,0.00044848390672799,0.0024917531514561,0.0787111428370534,0.976114791421713,0,0.145699545375827,3.33716232838597,0.0638954708076433,2.53348371373858,0.0111548119491889,1.74337137960454,0.0128990157230487,0.277193762495727,0.90770461545577,0.000476382640808392,0.00420820976517924,0.00662917624469888,0.00209190750834919,0.220885191488117,0.00334858557269486,0.00066357084980146,0.00490801609590922,0.0949992475246,0.00251190214385419,0.00562396076626076,0.00198942821469805,0.176435551966087,0.0522544926124578,0.00628601129148898,0.0011396130891941,0.822322375978528,0.00382199703292386,0.0387245213405806,0.321442705026594,0.0650168755234322,0.00553051658711281,0.0250428580825773,0.0119101402820709,1.4397342551101,0.262564213164628,0.00356334621400502,0.0085035717613423,0.000326497730719421,0.00223879693550497,8.43833865288605e-05,0.00927796985407612,0.000559771816952831,0,0.00123395228605702,4.5269629569071e-05,0.000352902372472494,0.0121618252335117,7.61032741078763e-05,0.00177794537446789,0.00504081869696839,0.00101303863425934,0.0054455302497395,0.00774799709724964,0.00036515130364701,0.0201450239088973,0.000486211582067572,0.00107874518785515,0.00257325235290314,0.000149703748437296,0,0,0,0.0091183071564439,0,0.000748024097272646,0.00020572119998161,0.0153690901826627,0.00044988653561913,7.01655171746537e-05,0.000300795530771194,0.00791927421679178,0.00232053334661397,0,0.000254132533981908,0.000255938577282672,0.000218843631299343,0.00243187751715239,0.000506458268767766
1.15177228227834,0.00178709875953411,0.132789630428737,0.0147135296764454,0.00729088673375775,0.145699545375827,0,0.543617377435764,0.24400422400989,2.08403659677876,0.0116404690279667,0.0140073453339245,0.0128948602292436,1.58434718049272,0.0270399968888528,0.00985040442013939,0.0894077987409263,0.00778844228922194,0.0211073016303522,0.00598555246585803,0.203168329858614,0.0214569625633254,0.211195654386977,0.251863429396565,0.00225806490746679,0.0377362091268251,0.0452541811337366,3.93692715832638,0.196885920891666,2.1382775866151,0.00165434500431322,0.0333451639180314,0.0242892493637981,0.0743336897197401,0.00543615869363027,0.101322554847754,0.0311836655048271,0.11879553588922,0.0778901277361257,0.0876880379948925,0.0311388227044776,0.00247051709140869,0.0127794814185071,0.00352850160668765,0.00639262908203271,0.00391036139801592,0.00716824743099245,0.00265687281390142,0.000396424303605604,0.0021715769570699,0.00158001291600059,0.00258736365719599,0.00364774933812783,0.000214488907648744,0.00204524990035133,0.0109588702120611,0.00154111853016591,0.0145994842198547,0.00630987585588995,0.00125077344127924,0.00383769673058731,0.000843261431666766,0.00431547169719314,0.00234472369045345,0.00552983732849814,0.000807408072220455,0.000362896582971054,0.000263448172260278,0.00567336783587013,0.00103057825286957,0.00656721317137566,0.00516229383223692,0.0297544189890131,0.000976532263489121,0.000735973098838032,0.00399773937118213,0.0140889914686973,0.00857900126724273,0.00143340336538361,0.000350984054219421,0.00233118941052204,0.00157157918729695,0.00572400075493153,0.00333692190844272
0.107850893652079,0.000523292534634694,0.0499922443350192,0.0223657568239308,0.0681718537035821,3.33716232838597,0.543617377435764,0,0.0711350858592097,0.508871603304447,0.0274640097353679,0.0837812460160797,0.0208049590617661,4.33081355711409,0.0356692038281641,0.00353153002846174,0.0657381699335214,0.0146871154409995,0.0171791585185833,0.0525805949347823,0.031177210294093,0.00297163195188176,0.0599754075445109,0.0782809904665834,0.0047173803256299,0.0277956436213119,0.0161708958724422,0.161408587970929,0.246188241606988,0.0650228528697726,0.00337084651276027,0.961762029167814,0.00836469281523208,0.0957412411791101,0.00678895682128294,0.0593285887758068,0.0134771456286157,0.0783576656825852,0.032678036646293,0.358495527942368,0.0707936935794422,0.00242376554091318,0.00668619158627105,0.00131592396536329,0.00446538245117385,0.00212670832197919,0.00687160860923672,0.000908576946354091,0,0.00113876711636576,0.000355629241792877,0.000655020756719127,0.00417538754629372,0.00020728570700255,0.000943882933429202,0.00540003342992012,0.00125959965948205,0.00578454304219868,0.00437484260460752,0.000597328449076653,0.00338382088750333,0.000903367998643194,0.00241915934582555,0.000795279540870939,0.00113985220795577,0.000190918144914362,0,3.41933297144589e-05,0.00292650320596817,0.000339504512489008,0.000829694438861511,0.000723943817308556,0.0115400761771778,0.000619003852597349,0.000569288471988163,0.00115870500843037,0.00821443916043501,0.00481684608127811,0.000835241773161566,0.000469260204177189,0.0003478887482194,0.00045248233511039,0.00356369884416089,0.000903486376105032
0.00776799176607906,0.958651104634474,0.0108296048295043,0.398875913680674,0.225307394458752,0.0638954708076433,0.24400422400989,0.0711350858592097,0,0.238730025988175,0.0102819844227073,0.651773362159651,0.0324484687479021,0.0866298156773253,1.33871169699958,0.0811964094273374,0.013571619777458,0.0109000434891539,0.00931035135187326,0.488182759829158,0.00891751308587715,3.46439711691498,0.0101416218601273,5.87096332077224,0.1871271977603,0.0154457361638083,0.087666727582327,0.322639696850987,0.108541741104852,0.0518346628776855,0.0178702293458153,0.0540123794415329,0.0388387964680236,0.0662687510235955,0.00531237137577736,0.453954808496492,0.087957049806457,0.111466668723683,0.146788451382056,1.08251054400012,0.126789361293386,0.0163107841878563,0.155279070255674,0.0146925958624241,0.0453063985521009,0.0129142353048051,0.099070070154622,0.0138646731074798,0.00419477834697843,0.012780753442792,0.00195684370273103,0.00302780911181842,0.112074071165003,0.00560142822001026,0.0148456575280619,0.039965729363766,0.00967504666999557,0.525422677655234,0.0774035020350378,0.00401710429284248,0.128786651421173,0.00128351325021098,0.0184062403557231,0.0406891176453899,0.0216647568509498,0.0012798319552168,0.00354424566308468,0.00149807806119047,0.150440040309197,0.00637416714497793,0.0472447872706818,0.00832850189869058,0.423308771841191,0.00514528079714989,0.00160351883209429,0.00554283097774008,0.0937563379076388,0.0290018509303651,0.00669623901261817,0.00168264530969252,0.0119561729749855,0.0201924119342226,0.0236999177979068,0.00246460475731671
0.0286111753622912,0.000285212933351124,0.00466727411469099,1.60653902891976,0.0101653713339994,2.53348371373858,2.08403659677876,0.508871603304447,0.238730025988175,0,0.0243192913849567,2.09156728706679,0.0290054963678808,0.533194282510958,0.0439146963053893,0.00170328486722897,0.00411663055306311,0.0147174880613678,0.00690265837300317,3.79230710806674,0.0054732648102694,0.0029988668772058,0.00722064609078354,0.302722798020802,0.00314413344341577,0.0117520179856047,0.00605599524902938,2.17215817182293,0.0880414679045821,0.0085927444221082,0.0037788502564703,0.0604680067278764,0.00358605008958491,0.0493389100422086,0.0402521779013042,0.09743718977611,0.0164518142672473,0.0735767881673801,0.0358583508477796,0.176283138479791,0.0515084980358941,0.00554813680122875,0.0225242401959557,0.00116601374679429,0.0157154607133991,0.00296077665302223,0.0238201219152031,0.0055409701519283,9.32332064804108e-05,0.00508514153346074,0.000320916469658461,0.000144608041191731,0.180892589006086,0.000586788918435641,0.00880763758437215,0.0389952430845798,0.00497824266330367,0.0362060235504057,0.0454764875151517,0.00131248851768187,0.0450496800808939,0.00129295188248216,0.0125433305040532,0.00522891005246729,0.00131919820477261,0.000148043991213872,0.000493480364007065,0,0.0435041842990575,0.00016926785096626,0.00147989115662109,0.000765177769410201,0.0771071851445637,0.000795599948841288,0.00054249807610827,0.000540828241588699,0.0525195667342786,0.0179114408170701,0.00102281583893195,0.000278319855868401,0.00433393694013575,0.00173680993370206,0.0114892311886628,0.000573946576745122
0.00730999521629276,0.0177348261968323,0.00734956185287113,0.00352314357413632,0.0259254913087045,0.0111548119491889,0.0116404690279667,0.0274640097353679,0.0102819844227073,0.0243192913849567,0,0.00931650601472391,3.53845245230013,0.0620662499099993,0.000416231679465306,0.00306381275555272,0.0778853085872206,3.09571202949784,0.760946830362589,0.0104865731181613,0.0119849485670434,0.0030077740669548,0.0191511098992783,0.0102251916804461,0.687932797051426,1.2762853538194,0.0688776762286532,0.0121920133841489,0.117170321647563,0.00724083248989854,0.542480567674398,0.203830835554119,0.00854126525294304,1.97091486382831,0.0010992695922454,0.125458206375388,0.331904270155219,0.860383999446678,0.112381118492698,0.0320631290171638,0.0394588739925868,0.537468410925932,0.0114611038859174,0.0346347988404228,0.0246721582693416,0.00390709909505184,0.00139867366117169,0.00116120804865138,0.0134958382017358,0.000360902719678486,0.0027843480228097,0.000772031608179658,0.000593379273660009,0.000349898875239913,5.71373236751412e-05,0.000814151937967994,0.000236791726311091,0.00150616971182565,0.00010003546648229,0.0641932156099625,0.000172772344728786,0.149052507725203,0.000792480519838381,0,0.000102270307529279,0.000415115155711127,0.0056575044062617,0.000566940998234318,7.33570872825736e-05,0,0.00105862218968729,0.000481347111061718,0.00103784350983784,0.255696100928673,0.0329897345627624,0.0187298813192196,0.000818710775267322,0.00207886501957366,0.000135677907495301,0.0921022119720935,0.00224508917356726,0.000212961889879441,0.00597725577205539,0.000762502727041898
0.00111367533575028,0.000767242024898983,0.000952449497013124,3.72752880601084,0.0915379560761018,1.74337137960454,0.0140073453339245,0.0837812460160797,0.651773362159651,2.09156728706679,0.00931650601472391,0,0.0106515869291406,0.0294896525884041,2.72555373489209,9.84673159275915e-05,0.00048997261336948,0.0047043925303338,0.00241449242972037,7.71579201341145,0.000505017231114687,0.00146150284550861,0.00088581388294815,0.700010016189824,0.00190507599620149,0.00380730511810273,0.000996433356685882,0.340944720523338,0.0152572083980803,0.000502953381752005,0.001135819930881,0.0279168965814036,0.000448788407493735,0.0156626725495204,0.524083690615198,0.143192254824417,0.00363952168715464,0.0204307239644741,0.00842032253672132,0.591813247645619,0.022839015873368,0.00335739041225511,0.0304875069583784,0.000244987819288153,0.005488706609641,0.00129177948130904,0.0432585081033707,0.00246577281224889,0,0.00226890342195377,0,0.000176299920017467,0.595585306503094,0.00317567149411969,0.0100104593653413,0.0131601907851438,0.00241093491458772,0.0352678233966951,0.0548539473029143,0.00069221312261366,1.45556390734168,0.00055535645539562,0.00382634285081087,0.0166697066826043,0.000167162253277555,0,0.000364135734239948,0.000152449611576558,0.139406223524527,0.000156680879876284,0.000272606875420876,3.7004907731784e-05,0.0940334431193905,0.00016286512111904,0.000220884588235246,0.00049006286309238,0.0365266730856824,0.00422682902556793,0.000440767467689064,0.000262089318011523,0.00113376291880718,0.000329696184298158,0.00250938163484173,0.00203302681336296
0.0047047909680576,0.101935632821431,0.00721604105355962,0.00572647401861723,0.0206564127159393,0.0128990157230487,0.0128948602292436,0.0208049590617661,0.0324484687479021,0.0290054963678808,3.53845245230013,0.0106515869291406,0,0.0281827287044909,0.00288253303216133,0.00619790179742946,0.00890835633601235,0.0277207682138118,0.0111765778506098,0.01587210972929,0.0140070086589777,0.01968751833229,0.0242818827909984,0.0230908946373713,5.32481032135576,0.171403129908503,0.761190089246116,0.0167518026330079,0.0457631592417458,0.00594895223807985,4.66458774784565,0.160528158363102,0.0114435811862627,0.811036409534483,0.00269603544349067,0.629033577647199,0.502126389768019,1.02182460646501,0.135334961638278,0.157752019228412,0.528302217208051,1.55041761661326,0.119057152887257,0.0569237491854235,0.0291642747000373,0.00687078705193352,0.00166410821638347,0.000945539833773816,0.0232397168572779,0.00100023788687236,0.00379238764393985,0.000972890378431729,0.000219348731679076,0.000232478128396282,0.000301238690646253,0.00192137567328157,0.000448207918973545,0.00514153182923499,0.000625212224203409,0.115382738854004,0.000330166336134918,0.55144003558952,0.00133284268109578,0.00175722907686672,0.0019408643648878,0.000915712326026706,0.0152279362758007,0.00131525351006738,0.000408045014685108,0.0008531302635071,0.0023611909931608,0.000845797937172113,0.00346677767786124,0.545849026490482,0.0623879155106627,0.0384431507010003,0.00197195910592167,0.00342825326798153,0.000584612673253156,0.280010915790316,0.00446176524516272,0.00130257941572203,0.00968086871410785,0.0017590290267908
2.27367068549105,0.0017660449634498,0.139950958450136,0.0213137215041835,0.0130149264464309,0.277193762495727,1.58434718049272,4.33081355711409,0.0866298156773253,0.533194282510958,0.0620662499099993,0.0294896525884041,0.0281827287044909,0,0.00527364867224746,0.00497875460199738,0.224223084720576,0.0397250251618788,0.0642849476844761,0.0395936031091327,0.0818091642103583,0.00528901215884245,0.154251946208711,0.0901909591989848,0.00837511475786166,0.0689995180454859,0.0295641002575288,0.191057096624577,1.84634659104576,0.272229055613333,0.00668003515746503,0.92549725711031,0.0266809281001774,0.263264220605276,0.00356139547200187,0.085253430055515,0.0268543513682624,0.199985609458375,0.0563547648858704,0.0778991362167394,0.0400143567868317,0.00603441535169321,0.00987335823394909,0.00128869279600488,0.00519069299298263,0.00132138110163146,0.00665942606200632,0.00112489974117298,0.000165734034954893,0.00126911356327946,0.00108853101245549,0.00145174163333198,0.0022043917174833,0.000385668641808417,0.000493112699483677,0.00397897713155071,0.000472178110119739,0.00598339434086903,0.00236563194077549,0.00082430749909276,0.00229599880878953,0.00101345279221603,0.00189398222403033,0.00132078064522447,0.00170887276727275,0.000381303401141091,0.000256679701412955,0.000383905830591592,0.00178795538494514,0.000170088531526683,0.00139383948928715,0.00132903383114931,0.0120197158468068,0.0013461042705133,0.00111077919121892,0.00237657233824431,0.00707344072145748,0.00613976283498578,0.000464770899518182,0.000498560739327194,0.000422371981306898,0.000725758434224728,0.00459941714197856,0.00141208056598472
0.00137499802490041,0.0200337256961403,0.00291289742203939,0.0766930171685933,3.74511267475274,0.90770461545577,0.0270399968888528,0.0356692038281641,1.33871169699958,0.0439146963053893,0.000416231679465306,2.72555373489209,0.00288253303216133,0.00527364867224746,0,0.00833259031598756,0.000364533688117881,0.000255997234871738,0.000834431275868477,0.150582456936035,0.0102697424768361,0.0293911810779191,0.0180793313662431,0.222335942629821,0.00384500461365069,0.0013260254636389,0.00326425644899481,0.0350224258338455,0.00322174339751376,0.00274120433260585,0.000915107858582512,0.0594363344704911,0.000630692646462049,0.0065055373526085,0.0889847562416816,0.0850931617670786,0.011233836075343,0.00590258116315289,0.00871415401867914,5.50939014744534,0.194362161002058,0.000662656758228439,0.0142937720555652,0.012741220985535,0.017030748116584,0.0493050016685986,0.0218026174183308,0.00234997657538849,0.00164106422642207,0,0.00226092547259163,0.00291145121867314,0.0128275198821029,0.0393296510983515,0.000940778800652119,0.000334210444742553,0.000694623117391846,0.00760058922176919,0.0052398190685415,0.000407568744109496,0.0263462369453251,0.000402940399217169,0.00118985097863657,0.177852602468661,0.00769891544079519,0.00075113978252174,0.000550102169897714,0.00152146752585251,0.0149090652058525,0.00172397937951914,0.0037025074612773,0.00526660396704615,0.0136561160494663,0.000720375168036488,0.00327639395195242,0.00830955263157299,0.00484490363633734,0.00122848988563437,0.000120480983368906,0.00168194401186926,0,0,0.00157958372039824,0.0570048270788483
0.0016192919606501,0.156313583860717,0.0262097121172831,9.65671537802651e-05,0.000510638111473728,0.000476382640808392,0.00985040442013939,0.00353153002846174,0.0811964094273374,0.00170328486722897,0.00306381275555272,9.84673159275915e-05,0.00619790179742946,0.00497875460199738,0.00833259031598756,0,0.047277356129741,0.00309234158578879,0.0119925328191984,0,1.15789000101011,2.92769965160453,1.61958342037658,2.88323655791072,0.0242417159298353,0.0146330104881008,1.41793322317084,0.278956622707999,0.0117479469762456,0.0304331011894234,0.00108872734049424,0.00922262512912511,0.00689781719390703,0.0450242553372726,0.0138183980530412,0.460086738515783,1.07385994571923,0.169960728886047,0.143662836098663,0.107934206564454,0.0438002431522737,0.00185753372112654,0.0920453125584836,0.113564236216137,0.0300542947372284,0.0342634995805008,0.011117950416862,0.00204361652484824,0,0.00114072081394933,0.0117065248509831,0.0343915331666888,0.000459671517335034,0.00162051746667708,0.000159691810624309,0.00147886721160835,0.00081798921061042,0.0097862251645633,0.000251601468765301,0.000629425156740951,0,0.000274456169369141,0.0023032850944894,0.0115985394721906,1.64502759857558,0.00239425564054461,0.000458746705827941,0.00188927282114044,0.0013397561894774,0.0245309452118031,0.225061689440623,0.109265106111825,0.0223243310804067,0.000326239360134168,0.00244655616276254,0.0570395013653227,0.0114412445247498,0.00207243460955653,0.00253964259627614,0,0.00109564256045554,0.00394573389072977,0.0105304488896809,0.00919286144554353
0.191829672248041,0.0673660760589396,2.05494320428866,0.000235730533929453,0.0018899608781632,0.00420820976517924,0.0894077987409263,0.0657381699335214,0.013571619777458,0.00411663055306311,0.0778853085872206,0.00048997261336948,0.00890835633601235,0.224223084720576,0.000364533688117881,0.047277356129741,0,0.123894173131865,2.17574341395388,0.00104625702235274,0.33418837721502,0.0384148433181038,1.78017052082991,0.0320213183032855,0.00849252431986566,0.95337855536121,0.923872623643626,0.0918117021227593,0.177015752756521,0.395179631297871,0.00467872786192208,0.0217109808761595,0.0457629012570716,0.952989289360258,0.00623114035454085,0.223734125767088,0.38230251882465,0.566278927780977,0.290850041668205,0.0170412741776553,0.0156905934692586,0.00418587838806406,0.0103732425141451,0.0224141710227174,0.00664971404529666,0.0079164451501112,0,0.000117793757256145,0.000320189728024611,0,0.0418496362782202,0.027610536323553,7.58661146875589e-05,0.00153008888121667,0,0.000496439389204626,0.000377560860380968,0.00142321760039632,0,0.000474607300105345,0,0.000372825924670028,0.000192161680962692,0.0011527651245781,0.00500579685532478,0.00922948416116384,0.00102333998632985,0.0103550983555667,0.000287798280605937,0.000653894918594923,0.00920752432050357,0.0074924416091684,0.00189188397756699,0.00310225397551583,0.0177153240431803,0.0456734602384727,0.000732368727797044,0.000588741437372269,0.00113892788397205,0.00139076154544321,6.28544346992378e-05,0,0.000732559290016574,0.00827124331714485
0.0140103780131503,0.0168567097180701,0.0246967137884024,0.0026689564227827,0.00768777817220945,0.00662917624469888,0.00778844228922194,0.0146871154409995,0.0109000434891539,0.0147174880613678,3.09571202949784,0.0047043925303338,0.0277207682138118,0.0397250251618788,0.000255997234871738,0.00309234158578879,0.123894173131865,0,2.47615881329564,0.00869389779839431,0.0120132004952115,0.0053711755033412,0.0268908779734988,0.00837712638549815,0.113350354754147,0.897655568310446,0.168479925879506,0.00950820318426219,0.0470135823500771,0.0115332277856575,0.25962564621164,0.0554549699945189,0.0123509307262615,0.506956693923924,0.00208923022157493,0.174748903063064,0.413777180091331,0.767723865457892,0.262907496115527,0.0121837980070387,0.0117787765266412,0.0194152421725303,0.00500009727302352,0.0144266873909392,0.00402332050194842,0.00547376399413215,0,0,0.00163100607551832,0.000224907782882218,0.00816950202488667,0.00179567345187446,8.45994099645669e-05,0,4.23537423994876e-05,0.000306286652691791,0,0.0013316883181963,0,0.00229518551209226,0.000234391848358308,0.0257813231908519,7.91733451339016e-05,0.000383823642590517,0.000661082688862513,0.00088456065921047,0.00466891340751931,0.00488933655506707,0,6.48194207661557e-05,0.000793875322290981,0.000578306392846832,0.000845900530899726,0.0533881465755764,0.0316174079192095,0.0317294420274727,0.000434793023899191,0.000164957616745724,0,0.0315553621032601,0,0.000401008724049606,0.000530703917897903,0.0030667463946708
0.0456739690747226,0.0674323106304891,0.236733986779507,0.00107791005751084,0.00552446139843311,0.00209190750834919,0.0211073016303522,0.0171791585185833,0.00931035135187326,0.00690265837300317,0.760946830362589,0.00241449242972037,0.0111765778506098,0.0642849476844761,0.000834431275868477,0.0119925328191984,2.17574341395388,2.47615881329564,0,0.00165413663838851,0.047126063705068,0.0189338379374191,0.153613702810558,0.0123594386431323,0.0638997998013721,1.32232316192864,0.40535248769989,0.0188993613459906,0.0593015793916948,0.0618475134917621,0.01438778537557,0.0192653850701078,0.0216494577392916,0.80218752783985,0.00315296596513667,0.239711441067503,0.299803678598697,0.805442707931687,0.358241176314306,0.00732987123864349,0.00779798052726511,0.00576533086154398,0.00660868667695342,0.0211823127223961,0.00402780352289527,0.00521974761329839,0.000744356383964456,0,0,0.000456410177527932,0.0554727553502112,0.0083393258167683,8.51222734950525e-05,0,0,0.000516095440261642,0.000100606513107255,0.00141910259913692,0,0.00117379475731322,0,0.00466802885610702,0.000258890598142744,0.00162774864255159,0.0023953774906401,0.00739575005065421,0.00272020695148917,0.0129677915253475,0,0.000599582657091319,0.00160429672279019,0.00218748038308327,0.00190399217066174,0.0290298776265412,0.0335487769834185,0.0476299171934227,0.000511714750101264,0.00023565570637589,0.000117434861858747,0.00404586920114717,0,0,0.00171215883913613,0.005825734137955
0.000608304248630853,0.00122307944287978,0.000169714935671132,15.7721812265141,0.0249745473759678,0.220885191488117,0.00598555246585803,0.0525805949347823,0.488182759829158,3.79230710806674,0.0104865731181613,7.71579201341145,0.01587210972929,0.0395936031091327,0.150582456936035,0,0.00104625702235274,0.00869389779839431,0.00165413663838851,0,0.000613262564025631,0.000814631867900737,0.000932602892139646,1.737257594256,0.002549171177496,0.00287891353627071,0.000985721168568214,0.639487519538874,0.0222204992599392,0.000734157206681627,0.00285868574241922,0.0351888312544659,0.00188233399406824,0.0208261544176955,0.0611504968745434,0.0586180801764119,0.00611335412893614,0.0377554900209151,0.0179402822140005,0.175268412326673,0.0428195068332506,0.00527658760268364,0.0249457225595246,0.00181862259055776,0.0146174524029434,0.00223222915289459,0.039446059867157,0.00730602254607483,0.000343206010885786,0.00379436969661319,0,0.00010987014328376,2.38060954092059,0.000861903901148323,0.00825486032919901,0.0222136514819294,0.00423996319558342,0.0604228334154779,0.0421586686752409,0.00138296852532981,0.341371198204028,0.000746420754011625,0.00666549031920935,0.00749289321815516,0.000454022513176305,0,0.00188379872982659,0.000612248852331524,0.67448837689927,0.000402505423640342,0.000977316586801129,0.000288907280021639,0.0664860222015922,0.000973695862500838,0.00025785471877494,0.000327763992133921,0.0427139751679158,0.00922157584892314,0.000952966081871693,0.000401845242020601,0.00677188324605053,0.00231723946557214,0.0119124541480499,0.000162581293501882
0.0517107617702003,0.00761444639037502,0.227271105041092,0.000220191196185051,0.00253726697946248,0.00334858557269486,0.203168329858614,0.031177210294093,0.00891751308587715,0.0054732648102694,0.0119849485670434,0.000505017231114687,0.0140070086589777,0.0818091642103583,0.0102697424768361,1.15789000101011,0.33418837721502,0.0120132004952115,0.047126063705068,0.000613262564025631,0,0.109447617447234,4.90981336896458,0.218759686938385,0.00180128399926176,0.0427050213660756,0.0936528152012092,1.56515260740249,0.123193028610492,2.10853021215933,0.001235621783751,0.0307618471422451,0.0631768077190866,0.682672167755687,0.0215706246852948,0.324426292018553,0.106574011553189,0.438933611878462,0.222484884768365,0.152271560230446,0.0670439735589711,0.00344010877289856,0.0217360359729103,0.013877088727202,0.00235972852268917,0.00633293440093942,0.00278591452736399,0.000250929852379914,0,0,0.000278851721017806,0.00485667788217887,0,0.00181057627470507,4.6192608832576e-05,0.000630796375402773,4.99149725517979e-05,0.00192962275341161,0.000176353681024873,7.71993039582601e-05,3.66934457383342e-05,0.00059851693222235,0.000240340320282023,0.00562334782684877,0.0429176918766551,0.000488476367812608,0,0.000787849381833736,0.000175041806690184,0.00652260562032622,0.0310234080635552,0.0119355351137878,0.00630184070178274,0.000151726042490351,0.00134751848759936,0.00596194846497353,0.00229970320578862,0.00073729546227378,0.000395875061770697,0.000308054552013884,0.000289272839437407,0.000646235765258862,0.0016145037828579,0.0127933821579244
0.00194490437376462,3.234522300364,0.0629549936055236,0.00522324006962412,0.011405553120034,0.00066357084980146,0.0214569625633254,0.00297163195188176,3.46439711691498,0.0029988668772058,0.0030077740669548,0.00146150284550861,0.01968751833229,0.00528901215884245,0.0293911810779191,2.92769965160453,0.0384148433181038,0.0053711755033412,0.0189338379374191,0.000814631867900737,0.109447617447234,0,0.321382905941126,2.42449715005977,0.208934575077372,0.0245315296269527,0.873428822037373,0.0828082346450762,0.00752366273190318,0.0226769215850943,0.0172930943902107,0.00645869236430439,0.00793922256560774,0.0261563287868031,0.00561225037795497,0.257082229145951,0.501594095038265,0.112533869065075,0.0793744456649089,0.100549961362996,0.01898339611332,0.00141494283706081,0.154769765907182,0.222675658222791,0.0407686709835247,0.0419701781373313,0.0198966417075723,0.00158363401959962,0.000624735763458867,0.000890166905893308,0.0337319349659373,0.0247931396053908,0.00149832327491368,0.000479039128930461,0.000482884650180664,0.00202241038293765,0.000320848066504248,0.027161675511111,0.00112719099388385,0.000984263245279875,0.00044021292196324,0.00134096601529499,0.00117528436569874,0.00622187843374202,0.443726339612196,0.00477869290741761,0.000561514097697908,0.00272805047701403,0.00142884515423395,0.0384609221237726,0.817153908182727,0.139623566822926,0.0934763426599763,0.0034980971815705,0.00483257742725287,0.0658028440862396,0.0146750697000128,0.00219893587046353,0.00244353798278016,0.00347725778340043,0.000498211276695445,0.00409233185928627,0.0126498476881088,0.00689746953481424
0.0918861794877539,0.0272623852780609,3.08876398324521,0.000520762753373483,0.00686477021659984,0.00490801609590922,0.211195654386977,0.0599754075445109,0.0101416218601273,0.00722064609078354,0.0191511098992783,0.00088581388294815,0.0242818827909984,0.154251946208711,0.0180793313662431,1.61958342037658,1.78017052082991,0.0268908779734988,0.153613702810558,0.000932602892139646,4.90981336896458,0.321382905941126,0,0.0836549390467446,0.00635714381610135,0.241667230711564,1.76757887203197,0.476940300363996,0.103964784412919,0.586134759649848,0.00165237198559218,0.0493672082826874,0.0327228726213449,0.791086522304116,0.0687562239132005,0.903910274437683,0.831320025823416,1.05072575691428,0.592113927016989,0.302862686720187,0.133405961644013,0.00816299807815178,0.0428210550414287,0.0642585680372593,0.0229517329060265,0.0291169099313449,0.0038645050936357,0.00038360000055436,0.000855746541664897,0.000584228655470625,0.0151659946306533,0.0755878120767784,0,0.00290858959972671,0.000117299526946852,0.00244720869745437,0.000652095449189043,0.000637771465091828,0.000194288124782938,0.00126998612089295,0,0.00101342009537766,0.000838928676969553,0.0123938225819305,0.232825533635775,0.00647423650792224,0.000981088302245321,0.00217659266978968,0,0.00882773994432957,0.0867376937199254,0.148144231545857,0.0109010181141889,0.000617576639355636,0.00513427583509104,0.0899464063376904,0.00507639520519313,0.000920398872076233,0.000923889401096478,0.000134845420412269,0,0.000212757104022381,0.00591109257947243,0.0477034037476792
0.012367692957949,0.263729535288857,0.0284921741507294,2.34260522349763,0.0455486460877609,0.0949992475246,0.251863429396565,0.0782809904665834,5.87096332077224,0.302722798020802,0.0102251916804461,0.700010016189824,0.0230908946373713,0.0901909591989848,0.222335942629821,2.88323655791072,0.0320213183032855,0.00837712638549815,0.0123594386431323,1.737257594256,0.218759686938385,2.42449715005977,0.0836549390467446,0,0.0400121775808503,0.0235844338085185,0.212748449696364,2.93752900501703,0.118813589253886,0.137701071674894,0.00272518048638356,0.0353448543521745,0.0272911535190236,0.087883110520668,0.0160001258286929,0.348626505770373,0.175906837430891,0.13575520871356,0.117187091190571,0.350781792463782,0.060740972586793,0.00395074006617185,0.0964933951879506,0.0243155604679522,0.0325712646005477,0.0134300910269514,0.0412749473253148,0.0064095749661233,0.000123073187367377,0.00439406606477946,0.00314706654227238,0.00865882190995378,0.125497485305048,0.00167719749538678,0.00832892050583215,0.0316287588420598,0.00835929266194696,0.0849324939126064,0.0523622977039432,0.0020231988570796,0.0810948826952494,0.0012267216848951,0.0125740109968324,0.0118724408005871,0.0497789343734251,0.000850370166069747,0.000707778356602496,0.00195228403026778,0.0792726874777511,0.0157305125383563,0.0587099033668673,0.0310847128426081,1.66959687919423,0.0010088509760226,0.0017496259947433,0.0141579537083015,0.0788166009452904,0.0208243506021009,0.0041949886795603,0.00123943478621062,0.00486857666655921,0.00779829209251813,0.0185311747357175,0.00744865658067604
0.00105082374429265,2.58111289699301,0.00311754609650994,0.00141766313361513,0.00922205845792532,0.00251190214385419,0.00225806490746679,0.0047173803256299,0.1871271977603,0.00314413344341577,0.687932797051426,0.00190507599620149,5.32481032135576,0.00837511475786166,0.00384500461365069,0.0242417159298353,0.00849252431986566,0.113350354754147,0.0638997998013721,0.002549171177496,0.00180128399926176,0.208934575077372,0.00635714381610135,0.0400121775808503,0,0.272344354820904,1.31234815065479,0.00267110731097833,0.0113802543701348,0.00169694512717244,1.29775472425515,0.0482718151229452,0.00108039951733843,0.181882254266117,0.000770302313214921,0.189633041449098,0.534685493563162,0.567334130501621,0.0731228029729849,0.0183002042993148,0.0418139520732562,1.56068421316882,0.11151988738084,0.0962469852761227,0.0371308658678921,0.00798179615574,0.000511799728488862,0.00156379784041775,0.0913701920030647,0.00061897959310802,0.143888167963964,0.0017691718738424,0.000326880781840873,0,0.000138348078736101,0.00033267621447758,0.000453556419209903,0.00421446519685667,0.000177554180613726,0.068222336310021,0.000259771647651222,0.316980194969138,0.000887379989755542,0.000157722018041866,0.00158195099789202,0.00166241387000943,0.0130166120639563,0.00841205169951621,0.000415494389814641,0.000179325848133727,0.00118866687101203,0.000480389074524991,0.00377687073802231,1.35272303784849,0.082591964905016,0.107522319532184,0.00076144188988124,0.0025461851712072,0,0.177292304364857,0.00359708661200252,0,0.00956956861996727,0.000378518668093786
