0,0.000249452604202539,0.0859277439715762,0.00531045020623336,0.00255150559830745,0.177148625820052,1.63624352744668,0.556592852580967,0.00710125444739535,0.0846689174753648,0.00364043626832252,0.00775553164802219,0.00236322259120345,3.1871347945126,0.00393961551399381,0.00173558407439627,0.180717256458083,0.00100771957112167,0.0115632515343071,0.0377962633462433,0.0828410950842435,0.00512692338087139,0.0543619953644952,0.00361078193650637,0.000791155320536575,0.00366519896359581,0.0083450047522502,0.0715234061469263,1.21538803272077,0.69868030712488,0.000438559214744065,0.0133915466729852,0.0290362088009192,0.110116021428902,0.00023133315024994,0.0161152389009224,0.0304427923055906,0.0702019316100961,0.0170945475420023,0.0410869189112679,0.0298243212900855,0,0.000842470653942815,0.000281541857395205,0.000921526679925344,0.000286753689935609,0,0,0,0,0,0,0,0,0,9.45390407343016e-05,0,0.000673545043134646,0,0,0,0,0,0,0.00158459099176484,0,0,0,0,0.000622716106334545,0.000860852584473548,0,0.00124330578607089,0.000187658998201402,0,0.000443822891166617,0.000505385002058334,0.00115148707721542,0.000571862864634511,0,0,0,0,0.000209104115425781
0.000249452604202539,0,0.0457216245416479,0,0.000136763067717011,0,0.000843775053416594,0.000400942892409621,0.184385472094527,5.86108481143649e-05,0.0675130176742593,0.000218892549922904,0.40218889631316,0.000543850227406324,0.000274460040286445,0.325347237177095,0.0353817734196431,0.00833114686353602,0.023024152141205,0,0.0178927813905772,2.8470717741662,0.0308613699077723,0.115367235428098,2.72303071874359,0.0587887945491014,1.72042458866009,0.0224629140052907,0.00139642810159059,0.00301743971860529,0.153635960558733,0.00112334178023468,0.00109489412207022,0.0336507048764111,0.00061096277934737,0.0219931939917398,0.029539093461673,0.104733270224976,0.039545618366538,0.00580570596006661,0.00371928263783486,0.00785378864551031,0.00551441624230355,0.0127101389681139,0.0160042644612171,0.00775523841395247,0,0,0,0,0.5295132482928,0.00473282431087733,0,0,0,0,0,0.00588141768325643,0,0.00382476749662855,0,0.0225944613483251,8.54778561198482e-05,0,0.0149151424097849,0.0278444278510362,0.00233566847555884,0.0156069868604294,0,0.000507449734562541,0.0690397490928105,0.00266625947285631,0.00201437750048339,0.0400304843922708,0.0162466343512093,0.0758236957447174,0.0007339714016035,0.000318272188468872,0.000215380988606545,0.0137480273897,0,0,0.00717074820289977,0.000999013782099287
0.0859277439715762,0.0457216245416479,0,0,0.000317127870925294,0.00293743514535624,0.044673034227499,0.0103029616357771,0.00258287458958193,0.00107164054608529,0.0155921639843687,0,0.00445468693237843,0.0195916141858336,0,0.00614573495209035,2.54250293018364,0.0144448574129537,0.153411301309254,0.000347973982162395,0.280567253640741,0.00705333817071723,3.33452592072148,0.00295942630553267,0.00799269482315652,1.57713092220536,2.34988572836951,0.0513463472206697,0.0179010702399625,0.188625217079151,0.00521928703838943,0.00294759912871779,0.00332045102915334,0.148888718201034,0.00592100114602922,0.0707337407607697,0.638134542427019,0.486091347297079,0.189267185598416,0.00427341565264064,0.0253080241947632,0.000928513742881758,0.00444101000337882,0.00123514423009792,0.00128452710028728,0.00340969268231268,0.00072662972626249,0.000142967868831886,0,0,0.0143411940412595,0.000236166185918832,0,0,0,0,0,0.00161933016291958,0,0.000320659737000118,0.000113929395076443,0.000564288807325972,0.000396063795665641,0.00012013433902528,0.00766498716241643,0.00140961321955484,0.000621977304769358,0.000798548461669428,0,0.000414988228973823,0.0075185729186564,0.00128884820364702,0.00161204854867777,0.00174401749127751,0.00104769539130551,0.0110977355503172,0.000619023847729462,0.000530537192537967,0.000264981561840703,0.000284346249982206,0,0.000145235640234463,0.00102516418352848,0.00767596863071892
0.00531045020623336,0,0,0,0.000194308261248296,0.00943324317122062,0.245527423496129,0.00664863022889587,0.228087176451414,1.45098641288408,0.00041310050584509,0.997637118314469,7.63684485683321e-05,0.00345218372469057,0.0125259464784847,0,0,0,0,12.9920261333634,0.000107967588081875,0,0.000147662451190115,4.72692421827463,0,0,0,3.04489898757707,0.0050910863532888,0.00183847729693179,0,0.000622122179179587,0.000754108025264738,0.00143229061296479,0,0.00535155975240695,0.000284168600382242,0.00246760866547908,0.000583468489720306,0.0408344309242073,0.0041315416765948,0,0.000348366498201513,0,0.00035226783930686,0.000869935361451933,0.0053317394993488,0.000284178438457921,0,0.000893938883902004,0,0,2.84934870465421,0,0.000697886542041781,0.00123169175356405,0.000606238418513238,0.00713662049640723,0.023507833488515,7.02684678094544e-05,0.428680710746235,0,0.00297801381360889,0,0.000373947542251257,0,0,0,1.45525682782187,0,0.000843626556196735,0,0.349842584735133,0,5.65150016068215e-05,6.31911732405233e-05,0.033649263958082,0.0008489440301516,0,0,0,0,0.00106035901903414,0
0.00255150559830745,0.000136763067717011,0.000317127870925294,0.000194308261248296,0,0.428468621816422,0.00192841393973207,0.153222010660768,0.000787201250356882,0.000218144121758523,0.0200359264700784,0.000879810959846239,0.004758026835158,0.0637370914780644,0.416784672194645,0,0.000152519987918669,0.000858927860591791,0,0.00243537562948176,0.000627192295166517,0.000418592909780213,0.000270538847571588,0.000295590007911092,0.00110512269719306,0.000637336633732472,0.000781854267508065,0.000834624704720396,0.192650187652409,0.00205153770902773,0.000795423810342477,3.26461481244931,0.00614939152022357,0.158858823564074,4.26310114848925e-05,0.0011100638807198,0.00374778533392323,0.0850872928096597,0.00560793392075406,0.999366797821463,2.24966684168778,0.000417027114377889,0.000125851995854557,0,0.000335403668086671,0,0,0,0,0,0,0,0,0,0.000187885809373317,0,0,0.000382381745948839,0,0.000121270438828312,0,0,0,0,0,0,0,0.000126285988507896,0,0,0,0,0,0,0.000237183042069797,0,0,0,0,0,0,0,0,0
0.177148625820052,0,0.00293743514535624,0.00943324317122062,0.428468621816422,0,0.399529649830874,3.05701247489737,0.024777588942106,0.823959525696171,0.0267803222961064,1.17647640826045,0.00833502979846418,0.382078279246619,0.916988993665912,0.000155443537221966,0.00195700243085675,0.00187955597814341,0.000393318420865285,0.217698046243091,0.00376270978504375,0.000797856998638467,0.00256390696106648,0.0214012814927537,0.00140580559295435,0.000945337534933197,0.00172350372399676,0.0376379952066168,0.173534483233604,0.03038529994536,0.00130176999094638,0.793078909964999,0.0162678535792734,0.123273329806603,0.119449516563667,0.0114100962661728,0.00676597478699346,0.0885700496197617,0.0134174410162734,0.431979275071389,0.358193696805621,0.000797904069776952,0.0016259039560548,0,8.12357250123789e-05,9.30463492510754e-05,0.00295467141903521,0,0,0.000258624094904718,7.74934331404728e-05,0,0.000723571186126652,0,0,0.000101944247358432,0,0.000579664192844205,8.43773244525855e-05,0.000180042511252503,0.00108823625882715,4.16303000636796e-05,0.000149118839509177,0,0.000336132218797139,0,0,0,0.00144416007234143,0.000146686985211494,8.67691675131921e-05,6.02552590218365e-05,0.00377099138992285,8.30696588301561e-05,2.86185902384287e-05,8.55359664735833e-05,0.00101098202982429,0.00031802478349322,8.81500358889307e-05,0,0,0,5.7035475011315e-05,0.000311717658409826
1.63624352744668,0.000843775053416594,0.044673034227499,0.245527423496129,0.00192841393973207,0.399529649830874,0,0.423773899878237,0.107118058751995,3.87502467396687,0.004389680748694,0.0396278465463889,0.00437833257862317,1.32522983936543,0.00339154651312503,0.00126156861722341,0.0122039163935468,0.000472535698585842,0.0017513985758753,0.140092087733768,0.0443996010075839,0.00230108248995451,0.0288998254627309,0.264460377212361,0.00054698716916587,0.00161493306737103,0.00610198843598391,4.78175789104044,0.19165493575371,2.72455524916602,0.000634875773494161,0.00847042217520335,0.0184690169031633,0.0375582997170429,0.00134716753293911,0.093607417039771,0.0126497419612111,0.0751552489135814,0.0250538532195822,0.0810580641387405,0.0583080403026049,7.69928656450371e-05,0.00241632878372684,0.000437316619956334,0.000686749334152617,0.000786293143501977,0.000431096862724522,0.000383209060736313,0,0.000194768544162227,3.74861037779162e-05,0,0.00024704712591632,0,0,0.000236721124546582,0.000171900632386321,0.00168050096143247,0.000272103397757969,3.91571459599483e-05,0.000183444173925783,4.73631805935934e-05,0.000434888720837376,0.000103036403837665,0.0011829567516147,0,0,3.92382663408665e-05,0.000373712545338037,0.000493601050669325,0.000154273655464767,0.000278290209705753,0.00359155402640217,6.42405992008523e-05,0.000214015614131081,8.46652139040154e-05,0.00114434502152699,0.000883928243764528,0.000341944874516449,0,0,0.000433676858383731,0.000246624241545326,0.00155001256227336
0.556592852580967,0.000400942892409621,0.0103029616357771,0.00664863022889587,0.153222010660768,3.05701247489737,0.423773899878237,0,0.0107349858248272,0.915474475505068,0.00637548903853228,0.0810908496188793,0.00299987751076259,3.65661815458044,0.00805262408710773,0.000534725718162033,0.0117563971111366,0.000255339099193077,0.00082467537774472,0.131948693478762,0.0109895484531726,0.000443790487287353,0.00877142947480343,0.0129819014766434,0.000365573536635189,0.0011236634267777,0.0018862126025406,0.0413091456291818,1.26734452547449,0.0871752771206128,0.000467266106125168,0.418671840402878,0.0855823379551597,0.0776294565217006,0.000189133812695827,0.00733004751653533,0.00460411455400168,0.0430345064215439,0.00669727268062294,0.0871550846231583,0.0503700775379311,0.000155783914775424,0.00109936116427655,0,0,0.00069688649854554,0.00117639161601611,0.000331626532395057,0,0.000962980226708168,8.65693080259605e-05,0,0.000318020562523118,0,0,4.92252794893878e-05,6.30183004779461e-05,0.000556754797088634,6.77756488509694e-05,0.000198007454076778,0.000126124733504567,4.98756089951048e-05,0.000222109280556759,0,0.000701217656664014,0,0,5.28709404680298e-05,0.000778124385808408,0.000155363736412353,6.90969736959314e-05,0.000177369699002224,0.0020545040913893,0,3.24495036267904e-05,0,0.00028458834634483,0.000220022905438107,0.000367767725723278,0,0,0.000343516899290399,0.000326224769851377,0.000144337951723052
0.00710125444739535,0.184385472094527,0.00258287458958193,0.228087176451414,0.000787201250356882,0.024777588942106,0.107118058751995,0.0107349858248272,0,0.00987034987259491,0.0110033094397214,2.68811996484523,0.0302796440474673,0.00475611305339065,0.799474165708283,0.0829510409840599,0.00235350795675808,0.000757686009195307,0.0015409145950148,0.730997027849491,0.0467574432273461,2.22932989452473,0.00597862302872346,5.68851635033475,0.0697139206294699,0.00329947043529275,0.0276061782614731,0.695717236003573,0.0231677011538853,0.0654499532261153,0.0181788443240757,0.00106502577986878,0.0256476577521004,0.0179562053211546,0.103954098197514,0.177772155442065,0.0152392750703861,0.0329904101760903,0.0166157281791761,1.67242370043873,0.0235218692055277,0.00166346413837072,0.031739949703895,0.00232437700152719,0.0253280625034542,0.0153582858719292,0.0928385612084898,0.0109833132564626,0,0.0322710785211484,0.00704364559871562,0.000642295531684059,0.0130526963392789,0.000344432888087004,0.00538561024731347,0.00512123817752414,0.00151917257771506,0.730716359204766,0.00188520052915739,0.000793869047377772,0.0152717132340251,0.00211486989741144,0.0156035959534999,0.000665188536974351,0.0404264160974064,0.00218293670566059,0.000505436714645507,8.91383306802045e-05,0.0224097572489951,0.00510838114384535,0.051716591946976,0.00275436607523381,0.431533418816103,0.00102233940115679,0.000580328946486902,0.00163353313964868,0.0588481667137038,0.0281486405744985,0.0196945200313881,0.00228961486787266,0,0.0121534020582712,0.0170531898735847,0.0155893047297914
0.0846689174753648,5.86108481143649e-05,0.00107164054608529,1.45098641288408,0.000218144121758523,0.823959525696171,3.87502467396687,0.915474475505068,0.00987034987259491,0,0.00310560332727456,0.631438687859054,0.00190583351676459,0.198880782112532,0.00833243399121254,0,0.000205276213233291,0.000186049892647477,0.000123126093648963,3.08919196636197,0.000484553442346337,0,0.000438669945716425,0.0249182095642228,0,0.00018700229243522,0.000260151784353439,2.10395116403372,0.0665548212402265,0.00731369272774284,8.92809188404835e-05,0.00540346665979584,0.00300225286367826,0.0161613042654048,4.86742992733715e-05,0.0118960942160472,0.00142967166119837,0.0226297601677462,0.00365594039360994,0.0468280759667033,0.0181279394442088,6.09189781333452e-05,0.000258676542487733,0,4.5206244510234e-05,3.37812484512889e-05,0.000200742265318529,0,0,0,0,0,0.000306580217593192,0,0,0,0,0,0,0,6.49569505591086e-05,5.05180818001424e-05,7.81616064783738e-05,0.00016579075739007,0,0,0,0,0.000124923509644198,5.39412882004523e-05,0,0,0.00071858120971364,9.26392354271954e-05,0.00015063735205896,0,8.28180968564032e-05,0,7.00987261404783e-05,0,0,0,8.49319893481658e-05,0.000236560226593257
0.00364043626832252,0.0675130176742593,0.0155921639843687,0.00041310050584509,0.0200359264700784,0.0267803222961064,0.004389680748694,0.00637548903853228,0.0110033094397214,0.00310560332727456,0,0.00112926936967938,4.12892392634117,0.0103874988111007,5.05657383274207e-05,0.00257422970062343,0.0596173321471151,4.62921738357692,0.915743868776866,0.00425683166638734,0.00458425788510758,0.0388001818904918,0.00759097422627448,0.00418571286294812,1.18071621708252,2.40352510784616,0.215846359962514,0.002521169010558,0.0527190555655743,0.00371128412117439,0.881462330956084,0.0700032088295913,0.00524742911865136,2.0414730079665,0.00117724242043416,0.118141718565229,0.871575776067882,0.882241262646356,0.198068068324578,0.0173778156952426,0.0349677833399555,0.46907355651143,0.0184668605294191,0.00496817838648054,0.0121430560915135,0.00634304136672792,0.000379147076889384,0.000958330677955855,0.00431267729538972,0.000227969372758747,0.00665328504713932,0.000327704967578151,0,0,0.000756585320916526,0,0,0.00145509382375236,0,0.189297201140807,0,0.122641918838231,0,7.17362167366844e-05,0.000607339962180919,0.000307834712852817,0.0200494642735843,0.00394765725511169,0,3.68730665034102e-05,0.00190889124239284,7.59137894519382e-05,0.000373547701244775,0.404984651835776,0.0504017143819111,0.0194140502272964,3.10501212758569e-05,0.000259709048804267,0,0.0565067379042538,0,0,0.00886483586053558,0.00154525407367067
0.00775553164802219,0.000218892549922904,0,0.997637118314469,0.000879810959846239,1.17647640826045,0.0396278465463889,0.0810908496188793,2.68811996484523,0.631438687859054,0.00112926936967938,0,0.000271664466074509,0.0111183757928706,0.701016761220002,0,0,5.56820519952844e-05,0,7.24500838871303,7.50945149872182e-05,0.000129679970529727,9.30811544574454e-05,2.01591841866616,9.41369378983448e-05,0,0.000177227321979913,0.0417440946817593,0.00921984583716821,0.000958436137266701,6.43318492646247e-05,0.00353930994974129,0.00031409495750685,0.00496659630671266,0.532432388150476,0.00926187233090675,0.000318621080835281,0.00706782692797204,0.000408358722895954,0.682532977401827,0.00725668758845213,0.000116113448229028,0.00159873479391946,0.000981324988034489,0,0,0.0172205672577341,0,0,0,0,0,0.157857361656009,0,0.00136062658293868,0.000883054770914663,0.000422479595544613,0.00858732825388085,0.00112633673251262,4.16444730067839e-05,0.514903869616681,6.73530869274705e-05,0.00110388936303952,0.00035043063606631,0.000489194442390636,0,0,0,0.94252554778828,0,0,0,0.0250546253896449,8.96339656480949e-05,0,0,0.00370239239448107,0.000434115546143699,0,0,0,0,0.000378478711538494,0.0343069603061042
0.00236322259120345,0.40218889631316,0.00445468693237843,7.63684485683321e-05,0.004758026835158,0.00833502979846418,0.00437833257862317,0.00299987751076259,0.0302796440474673,0.00190583351676459,4.12892392634117,0.000271664466074509,0,0.00501741772478551,0.000107012987210601,0.00997094230757097,0.0024293744402843,0.097236755987203,0.0125022648810928,0.00331852764352067,0.0112494426285277,0.169593317799754,0.0126268706316866,0.0129059671022537,6.56149860238717,0.257968547524042,0.488969923973212,0.00512886605012847,0.0166914261658059,0.0039304520628697,2.62632309389978,0.0175143315934648,0.00351641130935442,0.548599815797212,0.00316348704329015,0.654971013934346,0.809242525749841,0.672157349672606,0.225223436307744,0.0258975862715266,0.641618805657065,1.64560703291035,0.0481929613119566,0.0118329190516858,0.0472459597830993,0.0067797699724061,0,0.00759287009886419,0.0232517912371101,0,0.0057448202391243,0,0,0,0.00109734788650911,0,9.47393434391486e-05,0.000467167975432511,0.000165505158648216,0.279753383269354,0,2.17135679311376,0.000419540684460681,0,0.000762893800603679,0.000444400355893464,0.0230455719478512,0.00167410994748753,9.42667347266302e-05,0.000147158404029221,0.00167314919343789,4.02180395935997e-05,0.000689626028900504,0.617010059562228,0.0686353623330598,0.0502460329764015,0.000512778713197372,0.000723451295709279,0.000150037927469943,0.472499845756483,0,0,0.0110580039994351,0.00130855505225911
3.1871347945126,0.000543850227406324,0.0195916141858336,0.00345218372469057,0.0637370914780644,0.382078279246619,1.32522983936543,3.65661815458044,0.00475611305339065,0.198880782112532,0.0103874988111007,0.0111183757928706,0.00501741772478551,0,0.000553066864332874,0.0014465260426371,0.0443836691541261,0.00053423235138462,0.00357442086290445,0.0412916926827094,0.03547302463087,0.00137216489364936,0.0200579510595707,0.00602340146170775,0.000759851211100386,0.00202435023532717,0.00374552488761405,0.0405661092371449,1.91777577851388,0.297934071953407,0.000403691192379322,0.457722403846898,0.0355970436600889,0.102543883322968,0.000248537928434474,0.00894972215271925,0.0103334188883986,0.0748428028845955,0.00663699645812056,0.0528020367867769,0.108682462318272,0.00040363499058832,0.000853342102904747,0,0.000300725279928811,0.000250759186197799,0.00024489353728368,0.000184855516375496,9.11732857001336e-05,0,0,0,0,0,0,7.99360080399186e-05,9.42753753973534e-05,6.41471437597611e-05,0,7.11439909820491e-05,0,0.000134414002865894,0.000225126874977751,0,0.000759649994453243,0,0,0,9.80496413860443e-05,0.000882230856052864,0.000542924961661017,0,0.0014729318329127,0.000175711910688235,0.000150587349755297,0.000292806959715504,0.000509304663058178,0.0010848280195843,0.000431793135791619,0,0,0,0.000204560331481183,0.00021574562796068
0.00393961551399381,0.000274460040286445,0,0.0125259464784847,0.416784672194645,0.916988993665912,0.00339154651312503,0.00805262408710773,0.799474165708283,0.00833243399121254,5.05657383274207e-05,0.701016761220002,0.000107012987210601,0.000553066864332874,0,0,0,0,0,0.0445654266670478,0,0.00553906770651804,0.0001480410992907,0.0487726552272917,0,0,0.000275714428121238,0.00387004024486263,0.000422259031350816,0.000110791751617677,0,0.000330186901811671,0,0,0.195875822771129,0.0735082911798176,0,0.000477116546651508,0,7.47204677095894,0.00178779775127985,0,0.000668967785925966,0,0,0,0.00205911438762144,0,0,0,0,0,0.000845590324840621,0,0,0,0,0.000487877773113134,0,0,0.000353868020516179,0,8.16604533969232e-05,0,0,0,0,0,0.000911795276053534,0,0,0,0.00255274359944402,0,0,0,0.000162989720596473,0.000174483045504881,0,0,0,0,0,0.00281393686672154
0.00173558407439627,0.325347237177095,0.00614573495209035,0,0,0.000155443537221966,0.00126156861722341,0.000534725718162033,0.0829510409840599,0,0.00257422970062343,0,0.00997094230757097,0.0014465260426371,0,0,0.00311569345244525,0.000197769647064164,0.000272497085646028,0.000347168615516966,0.721481623034563,2.92598876959251,2.12394920275529,1.2414711118717,0.0339015997838545,0.00161281974961524,1.05677837273781,0.395171627055451,0.00520178494753421,0.026577969368375,0.00258737225930686,0,0.00893560753498297,0.00959196774274559,0.00170970861456913,0.06866620565925,0.0249762509295406,0.0215335942037558,0.0209885585498381,0.00817033237492066,0.0112707909829306,0,0.0296116714965906,0.00457133394272886,0.0332812084059661,0.0293946108301667,0.002779394994981,0.00408735182440655,0,0.00148469041546513,0.0141417984784892,0.00720586930686166,0,0,0.000221834903425004,0.000422725177021257,0.000251135659675916,0.0162170193974278,0,0.000844023820631728,5.98482614202001e-05,0,0.00111092476921603,0.00184450711425962,2.42330664212142,0.0007106015837067,0,0.000745316653640519,0,0.119427509767451,0.115258729457176,0.438693965974571,0.0261999703470616,0.000340462192218893,0.000822280210132087,0.0250011501205046,0.0119589590347091,0.00406856672129337,0.0121681241261661,0,0,0.00314804228008939,0.0187183418472528,0.00306340829708092
0.180717256458083,0.0353817734196431,2.54250293018364,0,0.000152519987918669,0.00195700243085675,0.0122039163935468,0.0117563971111366,0.00235350795675808,0.000205276213233291,0.0596173321471151,0,0.0024293744402843,0.0443836691541261,0,0.00311569345244525,0,0.108716163994107,4.07358478070125,0.000712525260274923,0.233287805717553,0.00331346289094898,3.60288305945022,0.00156362057763584,0.0149467524050923,1.04714400316047,0.210430911246314,0.0179481559830996,0.0595860390641762,0.207446208970221,0.0105496818995699,0.00161641633810519,0.0113797207317324,1.38750173629185,0.00155535741372984,0.0426645816759982,0.757394131419115,0.339489392549282,0.0756260469258505,0.00272775722722408,0.0094659345094679,0.000234955917668353,0.00297150228548844,0.000141629563491289,0.000196946685007583,0.0010417066683316,0,0,0,0,0.00827067151822069,0,0,0,0.000264791652075637,0,0,0.000136325392316337,0,0.000567418567493511,0,0.000106558200087953,0.000108359520204805,8.84230078943026e-05,0.0014046338145658,0.00100771350452867,0.000551898647153869,0.000426048551183198,0,0.000220397926872978,0.00357376609093248,0.00042608382478957,0.000719156674508781,0.00458611471146003,0.00160963925030407,0.00519404721109886,0.000531678504834014,0.000387166433366724,6.79422310295606e-05,0,0,0,0.000592602861214887,0.00228617356651368
0.00100771957112167,0.00833114686353602,0.0144448574129537,0,0.000858927860591791,0.00187955597814341,0.000472535698585842,0.000255339099193077,0.000757686009195307,0.000186049892647477,4.62921738357692,5.56820519952844e-05,0.097236755987203,0.00053423235138462,0,0.000197769647064164,0.108716163994107,0,3.42905459893535,0.000700918781286928,0.000562418422102017,0.00193876322170015,0.00108255460528341,0,0.0805718192015806,1.18619442992071,0.0591777770753478,0.000451738342353295,0.00370996344758626,0.000510175427347011,0.283331640790815,0.00406922579173227,0.00146506826562699,0.117752032919529,6.88469471966276e-05,0.00608339725326025,0.0637066615983733,0.138203467219054,0.047111176672008,0.00154311833543322,0.00211764791679463,0.00851812045179964,0.00110021485902497,0.000424697891895455,0.00318843751457903,0.00172573034511047,0,0,0,0,0.0031901474681828,0.000113824355055317,0,0,0,0,0,0.000703926249573123,0,0.0113570840736481,0,0.00676733259051121,0,0,0.000199404485253608,8.75323003291105e-05,0.00678547966887864,0.00104880777441479,0,0,0.000259272752190778,0,0,0.040202997528472,0.00914471582475752,0.00483228040083324,0,0,0,0.00897982927246777,0,0,0.000511454641262949,8.32356301495705e-05
0.0115632515343071,0.023024152141205,0.153411301309254,0,0,0.000393318420865285,0.0017513985758753,0.00082467537774472,0.0015409145950148,0.000123126093648963,0.915743868776866,0,0.0125022648810928,0.00357442086290445,0,0.000272497085646028,4.07358478070125,3.42905459893535,0,0,0.0139330130992929,0.00260351794578017,0.0387955494500262,0.000490675500758304,0.0507125038784275,1.94764336666668,0.150468072340027,0.0019598621287762,0.00809484485571267,0.0152191081775876,0.10812401586652,0.0021876121779801,0.00123705118972674,0.362330853216657,0.000302651635017317,0.0167003444429891,0.289243618758015,0.15587676041204,0.0456013220295618,0.00112844874134278,0.000957456569265756,0.000765370989793231,0.00158652875425359,0.000600674793546283,0.00272898236676629,0.00107070866403339,0,0,0,0,0.0162292080470455,0.000247095023160122,0,0,0,0,0,0.000800237707876185,0,0.00430078439223394,0,0.0018521898074236,0,0,0.000483369402087398,0.00122617889792779,0.00442369887481942,0.00442393269175178,0,0,0.00522273753475257,0,0.000133041547542896,0.0149485823822235,0.0087290314408608,0.0100739441695962,0,4.65958431940423e-05,0,0.00117599483396132,0,0.000649542785102986,0.00191975829234478,0.000554432646534609
0.0377962633462433,0,0.000347973982162395,12.9920261333634,0.00243537562948176,0.217698046243091,0.140092087733768,0.131948693478762,0.730997027849491,3.08919196636197,0.00425683166638734,7.24500838871303,0.00331852764352067,0.0412916926827094,0.0445654266670478,0.000347168615516966,0.000712525260274923,0.000700918781286928,0,0,0.000602756403891252,0.000259055150620413,0.000216195303857213,2.27984673061045,0.000344046035959888,0.000160959912856765,0.000163624804218778,0.702813311243736,0.0488956151140725,0.00170698946376853,0.000450767223635027,0.0107210982777785,0.00744109974069618,0.022086396863639,9.12755683120658e-05,0.0126778713625524,0.0019000656152658,0.0329585740552947,0.0122846175272469,0.238298056190416,0.0562376867269252,0.000332013116155442,0.00322552488272441,0,0,0,0.025800182360855,0,0,0,0,0,0.0571384248570607,0,0.000984321699425313,0.000729091077124447,9.00406683047796e-05,0.00689469285978185,0.00102286621501372,0,0.0179106868242137,0,0.000804173253700753,0.00026138292256607,0,0,0,0,0.0854064808155193,0,0.000371629466576595,0,0.0257711426815892,0.000200850351801028,6.15516997501397e-05,0,0.00588113173663411,0.000270230304416225,6.48155431155727e-05,0,0,0,0.000106402869426244,0.000139042124458654
0.0828410950842435,0.0178927813905772,0.280567253640741,0.000107967588081875,0.000627192295166517,0.00376270978504375,0.0443996010075839,0.0109895484531726,0.0467574432273461,0.000484553442346337,0.00458425788510758,7.50945149872182e-05,0.0112494426285277,0.03547302463087,0,0.721481623034563,0.233287805717553,0.000562418422102017,0.0139330130992929,0.000602756403891252,0,0.215497891148139,7.5897204869999,0.124029970709662,0.00164816328680122,0.00422535541992252,0.307592835964901,1.82703595282634,0.341390677788016,3.73671033962524,0.000638153212622311,0.00549574485317091,0.126570195878287,0.716609912024854,0.0252477804548208,0.407263863807005,0.125804768825196,0.567610641190423,0.197232135506559,0.107895387528055,0.0881077663045049,0.000484424842059,0.0393782474233874,0.00584597681095448,0.00667550128504737,0.0114023040471728,0.000831725537143958,0.00203250044661924,9.16265760681342e-05,0.00189224349853553,0.00108845570511131,0.000253937507633673,0.000181614069839771,0,0.000214337595099635,0.000534932786222612,0.000174033439794084,0.0107090436446627,7.79240308950609e-05,0.000709961823103433,4.61024326645744e-05,0.000213962416824809,0.00155702650718679,0.000385915092305612,0.0547075684860749,0.000188670529310386,6.95317711080631e-05,0.000129110975957813,0.000213783128347068,0.0191737652745857,0.0360315389998043,0.010233395283532,0.0228321390386052,0,9.27093290883918e-05,0.00291404467155756,0.00677056531096891,0.00944447645526914,0.0109531364813338,0,0,0.00296806036812584,0.00548603718969568,0.0294494898893063
0.00512692338087139,2.8470717741662,0.00705333817071723,0,0.000418592909780213,0.000797856998638467,0.00230108248995451,0.000443790487287353,2.22932989452473,0,0.0388001818904918,0.000129679970529727,0.169593317799754,0.00137216489364936,0.00553906770651804,2.92598876959251,0.00331346289094898,0.00193876322170015,0.00260351794578017,0.000259055150620413,0.215497891148139,0,0.177071414348826,0.991327300151429,0.252753767024652,0.0125176894381005,0.67997573895998,0.217205929953038,0.00633609146305466,0.0303340504287244,0.0775401434944001,0.000883618143434311,0.00690869575954494,0.0162803337484163,0.00404271260462326,0.17593107232043,0.0425618970639027,0.0617994625030127,0.0532428789856483,0.047700066639337,0.0217813734328454,0.00438313352401944,0.0371317278764678,0.00379411742531728,0.0104905386740805,0.0140889893515204,0.00172374251372787,0.0024643218806685,0,0.00151604850252918,0.0635065129482072,0.000980963969000317,0,0,0,0.000432166382898566,0.00012268642430617,0.0638186106602852,5.72667985828355e-05,0.00202739341609249,0,0.00560085954830016,0.0012156015980236,0.000623353310806471,0.240392657927572,0.00343542576237596,0.000162023538408248,0.00197531004323377,0.000463671106313998,0.0129716985190534,0.911645369492178,0.00928364625902211,0.030278462853158,0.00790978482753942,0.000842717103535841,0.0310556508477431,0.00613947711008543,0.00956657222048043,0.0115664111194432,0.00503096942791809,0,0.00605569138788603,0.00902635483089466,0.00618294970865338
0.0543619953644952,0.0308613699077723,3.33452592072148,0.000147662451190115,0.000270538847571588,0.00256390696106648,0.0288998254627309,0.00877142947480343,0.00597862302872346,0.000438669945716425,0.00759097422627448,9.30811544574454e-05,0.0126268706316866,0.0200579510595707,0.0001480410992907,2.12394920275529,3.60288305945022,0.00108255460528341,0.0387955494500262,0.000216195303857213,7.5897204869999,0.177071414348826,0,0.114437099189051,0.00323149299525077,0.0265608205688513,2.21528079087548,0.174197073667232,0.580688085422002,0.475691354481137,0.000723358401663991,0.00126459355104351,0.269774231196638,0.59172850438345,0.0468872120221201,0.414029429945442,0.619230150524816,0.911859606774198,0.395737981540673,0.0542537835686947,0.103605044275217,0.000952245421674773,0.0295172790212027,0.00602605024541597,0.00352644124661498,0.0130709647980706,0.00118535432812185,0.00213596039172411,0.000142427381034618,0.000210959253618335,0.00331738145363651,0.000670395565516669,0,0,0.000113219008953622,0.000140104397177927,0,0.00185723484886386,4.59489881974074e-05,0.000840962293786984,0,0.000411088899868816,0.000253365340988456,0.00158299067966904,0.0296931115766573,3.44196810054057e-05,0.000205454927888105,0.000131839589610442,0,0.00467502416270402,0.0293973640034489,0.00418508768496048,0.00577267396234889,0.000308096226247223,0.000459770642592501,0.0107157872641785,0.00120126434781368,0.00184621167596309,0.00387920488018729,0.000159631758773863,0,0.000427596741500134,0.00250144782733641,0.0584283156725822
0.00361078193650637,0.115367235428098,0.00295942630553267,4.72692421827463,0.000295590007911092,0.0214012814927537,0.264460377212361,0.0129819014766434,5.68851635033475,0.0249182095642228,0.00418571286294812,2.01591841866616,0.0129059671022537,0.00602340146170775,0.0487726552272917,1.2414711118717,0.00156362057763584,0,0.000490675500758304,2.27984673061045,0.124029970709662,0.991327300151429,0.114437099189051,0,0.0235041335272038,0.00211287796694286,0.05279323194413,4.52695627605501,0.0143259485110981,0.0622026601261674,0.00484320751307154,0.000868351966854121,0.0075983092122917,0.0121910119523538,0.00137322506481007,0.0654955521480414,0.0116812806442892,0.0221237828575114,0.00863065432142458,0.0979743432837863,0.0118092456959314,0.000212152542368518,0.0134765923474401,0.00166579724400034,0.00964138249670566,0.00664657175669481,0.0166726865647028,0.000738713784315205,5.75892843529616e-05,0.00331666737381753,0.0052316994196917,0.000681156341506732,1.49062171961451,0,0.0022650305433565,0.00882904261877986,0.00251042539972586,0.150868404738775,0.00482925339358809,0.000664853973845332,0.217388293195349,0.000218268246599607,0.00728270837679242,0.000562173918362482,0.076967299571656,0.000462431356245052,5.52188101561116e-05,0.000499522573701768,0.339295859227019,0.0108711690516231,0.0277852183531027,0.00594819063239774,2.6091803817792,0.00055434365040869,0.000331568761333839,0.00399758963515334,0.211985747102297,0.00754437329381542,0.00697901059562327,0.000506330942933465,0,0.00249783450516865,0.00722571902028759,0.000819184215796617
0.000791155320536575,2.72303071874359,0.00799269482315652,0,0.00110512269719306,0.00140580559295435,0.00054698716916587,0.000365573536635189,0.0697139206294699,0,1.18071621708252,9.41369378983448e-05,6.56149860238717,0.000759851211100386,0,0.0339015997838545,0.0149467524050923,0.0805718192015806,0.0507125038784275,0.000344046035959888,0.00164816328680122,0.252753767024652,0.00323149299525077,0.0235041335272038,0,0.302159391915014,0.932154694295036,0.00298731011977647,0.00243910620490479,0.000804376657801255,0.750250067240703,0.00593646657885354,0.000306193776362991,0.064243971780822,0.000231826238693922,0.0407726598429423,0.142484955728881,0.167115286343315,0.0587073425793834,0.00203571683893102,0.0135908046621784,0.353579968216884,0.0140761596960521,0.016769850514665,0.0608723269006139,0.0205383825349224,0,0.00031152328366759,0.0133063821390196,0.00037719681607349,0.220558502134785,0.00147263333393745,0.000349251912190892,0,0.000455879602108834,0,8.39103213275908e-05,0.00571071322859495,5.67963601980186e-05,0.214128066657102,0,0.28034749483847,0.000617463192814055,0.000416131984302098,0.00300483904821493,0.00191577336964898,0.100167080705662,0.0321457919287441,0.00015311388994,0.000463826729581768,0.0301797826477835,0.000705909713253953,0.00164499605506505,0.68389197257941,0.167178152891976,0.0988480652576546,0.000322400350971968,0.000316826950614783,7.48347795878901e-05,0.139564772132561,0,0,0.0283953018708754,0.000206970759467604
0.00366519896359581,0.0587887945491014,1.57713092220536,0,0.000637336633732472,0.000945337534933197,0.00161493306737103,0.0011236634267777,0.00329947043529275,0.00018700229243522,2.40352510784616,0,0.257968547524042,0.00202435023532717,0,0.00161281974961524,1.04714400316047,1.18619442992071,1.94764336666668,0.000160959912856765,0.00422535541992252,0.0125176894381005,0.0265608205688513,0.00211287796694286,0.302159391915014,0,2.64046130540169,0.00144410034070328,0.00398582037506032,0.00702678615749457,1.05707923628564,0.00211972333724013,0.00040921873612291,0.0863033721085089,0.000462379584137988,0.0130042771449067,0.122666589864063,0.123139419581947,0.032168506408876,0.000548635144409667,0.000663723077019103,0.0039701459822377,0.00440583580771666,0.00406735256687622,0.0188717147896276,0.0114696645942786,0.000275696104002306,0.000270499639603867,0.00100589465204276,0,0.0453931855187138,0.000657133000514732,0.00010097826155623,0,4.7380218620577e-05,0.000110271419876806,0.000190762426444706,0.00403542070532429,0,0.126480537049614,3.93454050258502e-05,0.0395962285984057,0.000301041458463414,0.000153033161272732,0.00213269852427022,0.000985328884821139,0.042565077438094,0.0204923414797918,0.000177188669724909,2.64751682867099e-05,0.0125848149363468,0.00031293854610941,0.001147922155046,0.132603465742342,0.123701895425957,0.0788223902299092,7.9568239936633e-05,0.000308480435584641,0.000211706543664273,0.0342874407013433,0,0,0.0108698928747275,0.000820079100294175
0.0083450047522502,1.72042458866009,2.34988572836951,0,0.000781854267508065,0.00172350372399676,0.00610198843598391,0.0018862126025406,0.0276061782614731,0.000260151784353439,0.215846359962514,0.000177227321979913,0.488969923973212,0.00374552488761405,0.000275714428121238,1.05677837273781,0.210430911246314,0.0591777770753478,0.150468072340027,0.000163624804218778,0.307592835964901,0.67997573895998,2.21528079087548,0.05279323194413,0.932154694295036,2.64046130540169,0,0.0943612159490423,0.00739420425271707,0.0250030856450525,0.920418762356844,0.00381109176872367,0.00121269648341415,0.190885179800343,0.0278661658936844,0.237963453706606,0.193085088021829,0.56291477141349,0.273003379402179,0.00850971746149583,0.0348924054024419,0.00193918300755505,0.0170585218135571,0.0122678113558119,0.0141579741766333,0.0145496304982858,0.000617084827577455,0.000474163364344391,2.63068315175086e-05,8.95992293692459e-05,0.168764161746649,0.00574221272346599,0,0,4.42863416588463e-05,0,0.000100423224594695,0.00355293012650911,0,0.0193543096615692,0.000202027061772447,0.0178255179082335,0.000104511275906495,0.000327814981784168,0.102257374539255,0.018412203139982,0.0126821515270318,0.0168476174379425,0,0.00261735946435176,0.0603018615417148,0.0188392313490943,0.00306112705594752,0.0384528292050467,0.0485181782570226,0.478395230170027,0.00042463728106833,0.000289760969014501,0.000748232700825867,0.015907285555744,0,0.000142239207752811,0.0104382802171811,0.0377347731778329
0.0715234061469263,0.0224629140052907,0.0513463472206697,3.04489898757707,0.000834624704720396,0.0376379952066168,4.78175789104044,0.0413091456291818,0.695717236003573,2.10395116403372,0.002521169010558,0.0417440946817593,0.00512886605012847,0.0405661092371449,0.00387004024486263,0.395171627055451,0.0179481559830996,0.000451738342353295,0.0019598621287762,0.702813311243736,1.82703595282634,0.217205929953038,0.174197073667232,4.52695627605501,0.00298731011977647,0.00144410034070328,0.0943612159490423,0,0.0956830092801852,2.63976017039771,0.000395305886908041,0.00324535195420359,0.0435299399383221,0.0666090545834528,0.00800116947854892,0.190488811519099,0.0418400890755071,0.129104209827184,0.0461230177826126,0.0558968584580088,0.0395055916743674,0.000120756919356024,0.0191560444326034,0.00379117228678668,0.00585463705733349,0.00692504416232763,0.00583293500380219,0.00175525001352494,0.000262285347235075,0.00448733301244838,0.0019852282694389,0.000306160029652002,0.00457421323063136,0,0.000493945755817254,0.00305855220142693,0.000275014116154189,0.0279079007059158,0.00121973517215255,0.000515160753631762,0.00110965945928847,0.000454288230845896,0.00351700626390397,0.00025528166992095,0.0324742887241188,0.000130572904350033,0.000195574324990419,0.000237411566852397,0.00243642545090633,0.010424394937541,0.0194214823245079,0.00438749997653561,0.32973377754074,4.57557286687007e-05,0.000252063300459575,0.00196654232275126,0.102636139539361,0.014460298184805,0.010183409317685,5.51932562722402e-05,0.00014195368575529,0.00228603462661434,0.00746871656832075,0.00710040454437688
1.21538803272077,0.00139642810159059,0.0179010702399625,0.0050910863532888,0.192650187652409,0.173534483233604,0.19165493575371,1.26734452547449,0.0231677011538853,0.0665548212402265,0.0527190555655743,0.00921984583716821,0.0166914261658059,1.91777577851388,0.000422259031350816,0.00520178494753421,0.0595860390641762,0.00370996344758626,0.00809484485571267,0.0488956151140725,0.341390677788016,0.00633609146305466,0.580688085422002,0.0143259485110981,0.00243910620490479,0.00398582037506032,0.00739420425271707,0.0956830092801852,0,2.74311062111643,0.00238299259225457,1.99748641556479,3.1064925116118,1.49572779122082,0.00195778447192508,0.0535044547781945,0.0211520554927634,0.692051372716452,0.0496487074776773,0.105186865039529,0.444799522993002,0.000676499386092199,0.0035282973752087,0.000375671352173833,0.00216917460298689,0.00222798151680024,0.000481891322597543,7.3833381370938e-05,0,0.00152004775247815,0.00039452240554624,2.92342374320291e-05,0,0,0,6.97672125316614e-05,0.000192580069452692,0.00174869613207387,0,0.000380980488453331,3.20328924967158e-05,0.000292570919907387,0.00119168700867922,0.000352887297334648,0.0042526019889368,0,6.21659842541915e-05,0,0,0.00165196937105062,0.00115484357115825,0.000339660177100631,0.00801550380419127,0.000482247788053159,0.000434152347952941,0.000437029140073429,0.00164146086638856,0.00306754719426594,0.00195316363362621,0.000184058572679892,0,0.000377424634389449,0.00109850170747248,0.0023162398179701
