0,0,0.00629731378809121,0.00582962635785336,0.000204543712097742,0.00460126759638902,1.42197960537059,0.0541795353010054,0.0269277409246855,0.00389023454485211,0,0.00105985288976078,0.000293862446967382,1.33777218008202,0,0.00105123468492689,0.000658784460881333,0,0,0.00680075387922655,0.00279569103491911,0.00181950199775957,0.00135002007119429,0.0369186404681741,0,0.000869703451246125,0.000846904597419651,0.0174363241250785,2.00571851491946,0.480197848583776,0,0.000389877727685074,0.0440679298277108,0.056109233075695,0,0.0132260351524725,0.00215953048094686,0.0233122692956933,0.0158115607351088,0.00714753182040237,0.000665365411859579,0,0.000937590241564441,0,0.00100688754205689,0.00121975233611051,0,0,0,0.000119609177575045,0.000821582218531619,0,0,0,0.000264190230226972,0.0013613781032881,6.12370131216158e-05,0.00652281181569149,0.000258250663345071,0,0,0,5.13473507573305e-05,0,0.00109920637438272,0,0,0,0,0.000133728843679612,0.0028987568949691,0.00014145773574166,0.00386287921847921,0.000125318567044497,0,0.000214643898515984,0.0024033006424625,0.00123728927467424,0.00134380198186012,0,0,0,0.000662995819107478,0
0,0,0.0331695709411645,9.33054227058444e-05,0.000623881507436308,0.000259045223543,0.000845334582724022,8.94903515567813e-05,0.14012306237095,8.85167893705362e-05,0.00336557186538982,0,0.0763227732411478,0.000154978967772732,0,0.0707386062398906,0.0320149478743326,0.0015022296109692,0.00453905517158132,0,0.00290697688601453,1.18465636772333,0.00223344370146216,0.0448510302449456,0.871267707875073,0.0659065882266099,1.99946960555126,0.00295638751122702,0.00170624484404574,0.00272074460639092,0.00649191563501167,0.000194459643548958,0.0013988922720041,0.0152356638459415,0.000270567505779353,0.0416116865312446,0.431118196036412,0.0864982321589285,0.0905424207098558,0.000731061777482202,0.000213818425158135,0.00725104104855791,0.0020179854751178,8.53520186641426e-05,0.000776301347716793,0,0,0,0,0.000233280923757301,0.345974566873422,0,0,0,0,0,0,0.0131558035868258,0,0,0,0.0117724817655722,0,0,0.00689248766083851,0,0,0,0,7.71152107597755e-05,0.298033436426743,0,0.0028048594669545,0.123173112296597,0.00145013044808686,0.0177449183177496,4.56690397837812e-05,0,6.44020341836831e-05,0,0,0,0,0.000270188236966902
0.00629731378809121,0.0331695709411645,0,0.000358344142885849,8.89633859659836e-05,0.00286919927804598,0.110193749975785,0.00406439706086936,0.00561481309175723,0.00113689976602147,0.00224085169620302,0.000217143094711068,0.00259059308028471,0.00324943149571832,0,0.0459444758458868,0.685481864280895,0.000388606588432102,0.00398578827853754,0.00032992869039639,0.252363507104094,0.00532955005620223,4.48775002500861,0.024736892339351,0.00174631189145718,1.4867746582166,3.30652365942042,0.103171795742959,0.00404278370229263,0.0794659360441911,0,9.30323740429731e-05,0.000960032294330102,0.058773789908821,0.000876561517162857,0.12775341417542,0.485431132926742,0.336441182348273,0.212395953409525,0.00146972366139825,0.000823165049936854,0.00177838461529317,0.00407429377243959,0.000142744866738095,0.00127151977527432,0.000711798143297086,0.000360685894482352,0,0,0.000584771386269785,8.53759371712967e-05,0,0,0,0.000118455747222446,0.00112736867131321,0,0.00231142566923338,0,0,0,0.000186493791230861,0.000217273735854329,0,0.000739034274835955,0,0,0,0,0,0.00158489375200467,6.09382552930072e-05,0.00348230038400339,0.000609494607777287,0,1.2564700300452e-05,0.00161256783926453,0.00039163474364778,0.00133800551513191,0,0,0.000104897708930914,0.000617206108787322,0.000625552961244615
0.00582962635785336,9.33054227058444e-05,0.000358344142885849,0,0,0.0164200294021568,0.0565633151617177,0.00442765138594415,0.207491896668632,1.23179634150595,0,1.15768179640317,0,0.00825761982227481,0.00805300617785004,0,0,0,0.000154220716088601,12.8649259101649,0.000229737437488853,0,0.000162686540467982,5.0819225471775,0,3.41871384202156e-05,5.68455248675355e-05,1.58141149665966,0.01527299516477,0.000631822462268523,0,0.00056860151643621,0.00871428257813839,0.00458251999111525,0,0.00363370744006973,6.35357094355528e-05,0.00157249913581936,0.000751911454185371,0.0363014929124972,0,0,0,0,0,0,0,0,0,0,0,0,0.118703310365565,0,0,0,0,0,0,0,0.00373323254841133,0,0,0,0,0,0,0,0.0473570414517146,0,0.000125198588061315,0,0.0649061028947558,0,0,0,0.000368452704150365,0,0,0,0,0,5.36713147954002e-05,0
0.000204543712097742,0.000623881507436308,8.89633859659836e-05,0,0,0.808341384046506,0,0.0122869071968663,0.000643135432954849,5.15991041865737e-05,0.00254058164710597,0,0.0364066929315294,0.0021303402607723,0.00196910318913121,5.65108892390254e-05,0,0,0,0.000131924630556108,6.22970663224837e-05,0,0.000177501730847728,3.9455721072377e-05,0,0,0.000160730100285423,0.000126319572492746,0.0555443141277286,0.000196480474996902,0,1.76842599470704,0.00459612056388686,0.289074977221703,0.00275913437390198,0,0.00123128059925744,0.0404921290347159,0.00578801147997885,1.61522040542486,5.5421921532629,0,7.75908092298899e-05,0,0.000211891643887033,0,0,0.00180944618855457,0,0,0,0,0,0,0,0,0,0,0,0,0,0,0,0,0,0,0,0,0,0,0,0,6.90408150925172e-05,0,0,0,0,0,0,0,0,0,0,0.00102660177201082
0.00460126759638902,0.000259045223543,0.00286919927804598,0.0164200294021568,0.808341384046506,0,0.159139990236279,3.32749563436918,0.0239349915408241,1.67739197111835,0.00066798607609445,3.27226627220507,0.000734044760657287,0.0908994351999791,2.43900471921358,5.7686258062027e-05,0.000278986134156015,0,0,0.0550429833081541,0.00061220268523519,0.000254600583254474,0.00109386768659872,0.0410893036875105,6.63382261570991e-05,0.000385770696972839,0.00064142148544489,0.0473373586424296,0.143790749203785,0.00142024950512165,0,0.782889149662508,0.00331605641782921,0.147467262787405,0.988174227371362,0.00554910285801941,0.00330728888021791,0.0292621595158522,0.00124678982056566,1.80725768376823,1.35267311320793,0.000138028064294556,0.000463886786703106,9.16817171639668e-05,0.000808974207414921,0.000333532484106681,0.000330674821177303,0.000283570662422027,0,0.000304123962466265,6.1474641338548e-05,0,0,0,0,0.000566651130044929,0,0.000650922959881367,0,0,0.000118399209446798,0,0.000280017225049903,0.00196136937656989,5.17569125313769e-05,0,0,0,0.000431170737791163,0,0.000449089665223484,7.28838833314385e-05,0.00113557834078515,6.09973529117061e-05,0,0,0.000910520266709494,0.000129106643397684,0.000649318091625961,0,0,0.000218464438458147,0.000239766589241876,0.0142312561953842
1.42197960537059,0.000845334582724022,0.110193749975785,0.0565633151617177,0,0.159139990236279,0,0.103667123160144,0.0806383860521342,1.4255437679463,9.3741906036001e-05,0.0206792022799641,0.000172198621703808,0.75705272017882,0.000633930385384014,0.00688930114566921,0.00336830746571206,0,4.48287114179768e-05,0.0494108348127282,0.0716368610596378,0.00397687290823064,0.0697429871731598,0.278260456807223,0.000254738332465764,0.00977906367512598,0.0234357928223318,3.17700019785583,0.117901179482589,0.967258871396858,0,0.000218220467162284,0.0161211193689462,0.0182801865717767,4.42211903749845e-05,0.0193703426276119,0.00902272249012709,0.0276735397938778,0.0198416317004086,0.0202983608668799,0.000186308557422412,0,0.00362343424344447,0,0.00145958152926041,0.000513088775199745,0,0,0,0.00181952048329848,0.000110642783498456,0,0.000212165918585763,0,0.000288699868529627,0.00536731165339082,0,0.00444303829110669,0,0.000236674516234027,0,0.000123654237147058,0.000602889877637757,0,0.00209703230647698,0,0,0,0.000353192825988327,0.00026527360661232,0.00269335482635561,6.21634078281788e-05,0.0159472742324559,6.22445131463604e-05,9.9202068552795e-05,0.000161307541117174,0.00587628860211542,0.00081793182299352,0.00421302141748266,0,0,0.000487903702377834,0.00133386952397635,7.41426883340678e-05
0.0541795353010054,8.94903515567813e-05,0.00406439706086936,0.00442765138594415,0.0122869071968663,3.32749563436918,0.103667123160144,0,0.0189279174564141,0.995382314963924,0.000272261431819076,0.061921718964287,0.000487079846895342,3.07030278428429,0.0141940557953574,0.000466614497857722,0.00035803103878906,0,0.000231491567405042,0.0127360416448489,0.00170172841521012,0.00116387163015742,0.00107493774012122,0.0177173737394433,0,0.00148788642441332,0.000658602841144086,0.0131707616990762,0.247543524725161,0.0132451587097621,0,0.061781757754317,0.00162821191459887,0.0450396276399365,0.0292073086392374,0.00318146971660408,0.00309936068485605,0.0166901881497383,0.00399335338849911,0.0965545030094291,0.0588802853936013,6.26944511468545e-05,0.00266798747780211,0,0,0,0,0,0,0.000561156008021156,0,6.9382441713315e-05,0,0,6.58580249140307e-05,0.00148019735119029,3.86911884483929e-05,0.00103602560020995,0.000121458930857293,0,0,0,0,0,0.000507011249371842,0,0,0,0,0.00020396933294409,0.000986001262784319,0,0.00494998429938258,0,0,0,0.00121998438170791,0.000244099816044105,0.000562995321306351,0,0,3.21424534523371e-05,0.000210717726346459,0
0.0269277409246855,0.14012306237095,0.00561481309175723,0.207491896668632,0.000643135432954849,0.0239349915408241,0.0806383860521342,0.0189279174564141,0,0.0432189312443673,4.27514280934922e-05,1.81995562356223,0.00233792596226878,0.00905636058610147,0.512467628843683,0.0703200105544604,0.000318507298689765,0.000115204842688597,0,0.75861246972719,0.00415178205883075,1.87700018193315,0.00508694795873779,5.73971754444125,0.0179363505011798,0.000633612621921234,0.0220413649362994,0.105290275740046,0.0243738732020837,0.0389774608530043,0,0,0.0231518700612915,0.0341155966884353,0.00909768513792053,0.0292936726848437,0.00231392699603642,0.0113479327889474,0.0091604029585627,1.08290728866753,0,0,0.00417040101897938,0.000288450610707005,0.00840936135254056,0.0027243392135308,0,0,0,0.00699452268499545,0.0763913203100918,0.000459858315627105,0,0,0.000282504724365439,0.00941074327247076,0.00026812841383967,0.474012170825155,0.000711623203708421,5.90498719523565e-05,0.00018503565572634,0.00201222331203078,0.00157869495850806,0,0.0442240932755051,9.63509614447695e-05,0,0.000191734851937908,0.00033464530050226,0.00290920156033653,0.765195998242976,0.00160455819316178,0.115133136973231,0.0138538576877327,0.000720698097645651,0.00806694569437439,0.0150136493751652,0.0056358479489981,0.0156366270162513,0,0,0.00740502394298111,0.00463262003154882,3.92211022427479e-05
0.00389023454485211,8.85167893705362e-05,0.00113689976602147,1.23179634150595,5.15991041865737e-05,1.67739197111835,1.4255437679463,0.995382314963924,0.0432189312443673,0,5.96661678099455e-05,0.893666073019162,0,0.0881512965337267,0.00448931864553881,3.66700638544414e-05,7.69615236574719e-05,0,0,3.00611679590909,0.000429937026899058,5.87040297158579e-05,0.000709665192622747,0.109021177857201,0,0.000358745349286827,0.00031085657758346,1.59872868015305,0.0209335844287803,0.00099512079719022,0,4.05316170658627e-05,0.00519547642792333,0.00739125792268606,0.00149561503173845,0.00918667547693838,0.000452584492370281,0.00584051896033253,0.000282313506373231,0.0850720443941586,0,0,5.48045790627807e-05,0,9.84634361239894e-05,0.000139458693889818,0,0,0,0,0,0,0,0,0,0.000527585342343234,0,0.000143785960977669,0,0,0.000161386197672521,0,9.97712105386436e-05,0,7.19396184556747e-05,0,0,0,0.000441107087428068,0,9.7396483500406e-05,0,0.00108577128849732,0,0,2.26050422103194e-05,5.05983494234106e-05,8.09029594623903e-05,0.000180941843834229,0,0,0,0,0
0,0.00336557186538982,0.00224085169620302,0,0.00254058164710597,0.00066798607609445,9.3741906036001e-05,0.000272261431819076,4.27514280934922e-05,5.96661678099455e-05,0,0,1.35874387448695,0.00138604268228609,0,0.000626820060500161,0.000982401078376627,0.389014675602968,1.18761318700668,0,0.000596099108942425,0.000203589599785402,0.000887769625789553,0.000278526678455556,0.596306191672656,0.19072080638819,0.0147695504194326,0.000275188949955549,0.00906254659414497,0.00014425589000337,0.00260451465327433,0.00771886619405527,0,0.644520837187621,0.000106933370007326,0.0501596314145223,0.691801327091767,0.52367324118477,0.0306292149125926,0.000225160958817073,0.0140897872356277,0.237023725778823,0.0042506068510401,0.000396988739156424,4.98754926438741e-05,0.000268782135611571,0.000115344210374457,0,0,0,7.996461892955e-05,0,0,0,0,0,0,0,0,0.000328106258907612,0,0.00431921418398309,0,0,0,0,0.000165396414360142,0,0,0,0,0,0,0.106093387209505,0.00116963909617785,0.000557497925022523,0,0,0,0,0,0,0.00127636086707995,8.54188841678475e-05
0.00105985288976078,0,0.000217143094711068,1.15768179640317,0,3.27226627220507,0.0206792022799641,0.061921718964287,1.81995562356223,0.893666073019162,0,0,0,0.00757816527309725,1.50557129249,0,0,0,0,8.17948069914035,0,0,4.64503631492487e-05,0.896902607622802,0,0,0.000137193013931063,0.035360273385006,0.0144768131445626,0.000203361165805932,0,0.000563533820437958,0.00178647366144739,0.00552851638579523,0.252711064225456,0.0721479288252089,0.000171445301282596,0.00768294532817416,0,1.07547891902653,0.000694983795946063,0,0.000411144554794723,0,0.000408243658416383,0.000186420745078316,0,0,0,0,0,0,0.00221390702012921,0,0,0.000262924115392429,0,0,0,0,0.0913064186370225,0,0,0.000999718352513099,0,0,0,0,0.133708725742722,0,0,0,0.0038739785852695,0,0,0,7.90076384738635e-05,0,0,0,0,0,0,0.00404787894266433
0.000293862446967382,0.0763227732411478,0.00259059308028471,0,0.0364066929315294,0.000734044760657287,0.000172198621703808,0.000487079846895342,0.00233792596226878,0,1.35874387448695,0,0,0.000595167291847909,0,0.00288172977658634,0.00025399180416582,0.00690247055074567,0.00164790730174619,0,0.000857266281158429,0.00647353500906449,0.00121875716495217,0.00112557558439652,3.68125233583715,0.0424826025620329,1.26257942889739,0.000128384352153075,0.00614657430414286,0.000509300581694941,3.26742548356312,0.0228673826621352,0,0.600816578387078,0.000170205787715818,0.14960783592275,0.969055102807359,0.367384503586157,0.419435388087969,0.0223987776053746,1.35663777293893,0.532922227714215,0.0139502199528085,0.00168276940480995,0.0012012000870001,0.000523793966998615,0,0,0.0864316995082458,0,0.00413914180349085,0,0,0,0,0,0,0.000284693578372073,0,0.00184259526945195,0,2.15495012698208,0,0,0,0.000524301370574229,0.000298479583973565,0.00114399783609066,0,0,0.0042571453592873,8.88416854848864e-05,0.000102229549057654,0.843025399674434,0.0119784041535701,0.0514845024348624,2.69540363109274e-05,0,0,0.0464904204603365,0,0,0.270879445766766,6.20265042281546e-05
1.33777218008202,0.000154978967772732,0.00324943149571832,0.00825761982227481,0.0021303402607723,0.0908994351999791,0.75705272017882,3.07030278428429,0.00905636058610147,0.0881512965337267,0.00138604268228609,0.00757816527309725,0.000595167291847909,0,0.00011453862095537,0.00131032228847002,0.000456265144337875,0,0.000351303375856631,0.0149170417457025,0.00127441836957611,0.000731726930617593,0.00145734521562428,0.023414444386164,4.99624024480894e-05,0.000825818989172262,0.000562411462468488,0.0203924346517014,3.02335947734288,0.0588893320495686,0,0.0424744777058016,0.0116936701181098,0.17978534064361,0,0.00367725628150367,0.00488591633998812,0.0875315010631855,0.00635851199130528,0.019262717798111,0.0377636074420075,0.000147651909023085,0.00116970835453295,0,8.28764920781377e-05,0,0,0,0,0.00021862680227823,0,8.60796572423935e-05,0,0,0,0.000617274340877993,0,0.000710868381294124,0.0001465316071064,0,0,0,0.000147866728549784,0,0.00068757244741785,0,0,0,0,0,0.000943628548622441,0,0.00211912644733615,0.000123955560780253,0,1.39693648162607e-05,0.00109139959304284,0.000189725020928996,0.000280001330215648,0,0,8.69115768598054e-05,0.000274197649942461,0
0,0,0,0.00805300617785004,0.00196910318913121,2.43900471921358,0.000633930385384014,0.0141940557953574,0.512467628843683,0.00448931864553881,0,1.50557129249,0,0.00011453862095537,0,0,0,0,0,0.0323835719207206,0,0,0,0.0140696378327397,0,0,0,0.00096718445645555,0.000265963276488874,0,0,0,0,0.00106251085681323,0.279517985867407,0.012099841979895,0.00048146165141354,0.000300921722513871,0.000427982807410392,4.29612992383157,0,0,0.000663658339689507,0,0.000136659657420046,0.000715904884294517,0.00129077658076558,0,0,0,0,0,0,0,0.000252704173449492,0,0,0.000475858684410694,0,0,0.000998799498146333,0,0,0.0102167231318483,0,0,0,0,0,0,0,4.62982460621673e-05,0,0,0,0,0,0,0,0,0,0,0,0.0200221178634896
0.00105123468492689,0.0707386062398906,0.0459444758458868,0,5.65108892390254e-05,5.7686258062027e-05,0.00688930114566921,0.000466614497857722,0.0703200105544604,3.66700638544414e-05,0.000626820060500161,0,0.00288172977658634,0.00131032228847002,0,0,0.00297636347430014,0,0,0,0.645569693144579,5.01236763992332,1.67725367651491,2.56015367826971,0.0054890595071887,0.00644959896337069,1.27175599069479,0.439480826937383,0.00277413933116195,0.0354570952766035,0,0.000590652674320543,0.00254711736960866,0.0213806480519889,0.00176141625784538,0.534393460123386,0.11962593252933,0.253472041245218,0.39924738297588,0.000139648765251164,0.000120570851634349,0.000557540656319695,0.00984788161388075,0.000562529007333882,0.00227473716384511,0.000636510541081308,0.000397890743800172,0,0,0.00115113741487855,0.0159402675541122,0,0,0,0,0.00118990545283689,0,0.0459864181671567,0.000408975461773462,0,0,0.000124610045983802,0.000149683696347553,0,0.0317442894841084,0,0,0,0.000115178284816662,0.000605609720965165,0.246196349967539,0.000192835303344692,0.0233270226088663,0.00208338094866494,0.000224812936762559,0.00260093639035112,0.00350029951829724,0.000784014999065739,0.00255840048913116,0,0,0.000242358778105699,0.00083379978149793,0.000858344709119767
0.000658784460881333,0.0320149478743326,0.685481864280895,0,0,0.000278986134156015,0.00336830746571206,0.00035803103878906,0.000318507298689765,7.69615236574719e-05,0.000982401078376627,0,0.00025399180416582,0.000456265144337875,0,0.00297636347430014,0,0.0010706949059472,2.18808192174295,0,0.0140487135418463,0.00203349216786904,2.2212230160384,0.00081501727470322,0,1.71042008235781,0.106468932223718,0.00313603534907155,0.378916291693556,0.00399331406783021,0,0,0,0.411666116872901,1.98087000191083e-05,0.00851232321739543,0.0913817270163661,0.119374994482194,0.0256442867749133,0,0,0,0.000202525352443842,0,0.000251729880153997,0,0,0,0,0.000152848101991061,0.000128114064872604,0,0,0,0,0,0,0.000333548235460623,0,0,0,0,0,0,0,0,0,0,0,0,0.000398606816659011,0,0,9.75275533979616e-05,0,2.32420785405926e-05,6.72413021657464e-05,0,0,0,0,0,0,5.81433266301479e-05
0,0.0015022296109692,0.000388606588432102,0,0,0,0,0,0.000115204842688597,0,0.389014675602968,0,0.00690247055074567,0,0,0,0.0010706949059472,0,1.4708745085367,0,0,0,0,0,0.0323640663451958,0.910668534174615,0.0215006441822243,0,0.000353054980790251,0,0.0198069403268357,0,0,0.00195276897028281,1.87450107837298e-05,0.00427551799536612,0.073018836808056,0.0225784715194666,0.007718313248022,0,0.000874665204214904,0.00218302137585857,0.000497929361462029,0.000378846688714651,0,0,0,0,0,0,0.00162815030998166,0,0,0,0,0,0,0,0,0.000149779552869815,0,0.000867336847904284,0,0,0,0,0,0,0,0,0,0,0,0.0794281783271785,0.001377363184779,0.000796325631262473,0,0,0,0,0,0,0,4.41471081674494e-05
0,0.00453905517158132,0.00398578827853754,0.000154220716088601,0,0,4.48287114179768e-05,0.000231491567405042,0,0,1.18761318700668,0,0.00164790730174619,0.000351303375856631,0,0,2.18808192174295,1.4708745085367,0,0,9.8253113325235e-05,6.23481216205069e-05,0.00123400975398301,0,0.00363098927813236,1.46437732545016,0.0155404018352262,9.66607355879084e-05,0.00151144567711305,4.05879526995572e-05,0.00237595807586065,0.000282735951115434,0,0.135123352769645,5.48706748215678e-05,0.00219376054376765,0.0200348243879277,0.0488338469730282,0.0079116927542376,0,0.000437941101949293,0.000409657243989,0.000277556176004581,0.000102009004251035,0.000255920410062031,0,0,0,0,0,0,0,0,0,0,0,0,0,0,0,0,0.000172685325192237,0,0,0,0,0.000195934440878776,0,0,0,0,0,0,0.00961942511645685,0.000126273090762347,0.000265417029560048,0,0,0,0,0,0,0,0
0.00680075387922655,0,0.00032992869039639,12.8649259101649,0.000131924630556108,0.0550429833081541,0.0494108348127282,0.0127360416448489,0.75861246972719,3.00611679590909,0,8.17948069914035,0,0.0149170417457025,0.0323835719207206,0,0,0,0,0,0.000347506794768417,0.000183400645553635,0.000131639836625538,1.81820221393129,0,0.000134924356145247,0,1.06966602168921,0.0272350523231044,0.000942054860760645,0,0.000183668080001004,0.00937814208907072,0.00780313693332439,0,0.0194500581923081,0,0.00988300051969682,0,0.186596402824717,0.000190186049533306,0,0.00107079583338949,0,0,0,0,0,0,0,0,0,0.0632878357354772,0,0,0,0,0.000620574067015302,0.000152207214004958,0,0.0199774778974046,0,0.000210480084768953,0,0,0,0,0,0.089759894542834,0,0,0,0.0424864561511049,0,0,0,0.00030087886301851,0,0,0,0,0.00061142220269263,6.6986714533293e-05,0
0.00279569103491911,0.00290697688601453,0.252363507104094,0.000229737437488853,6.22970663224837e-05,0.00061220268523519,0.0716368610596378,0.00170172841521012,0.00415178205883075,0.000429937026899058,0.000596099108942425,0,0.000857266281158429,0.00127441836957611,0,0.645569693144579,0.0140487135418463,0,9.8253113325235e-05,0.000347506794768417,0,0.0161190116994789,6.42720630652295,0.165454986117785,0.000484998491865521,0.0174993493242455,0.0294782612234107,3.12706562462369,1.11548585502359,3.39927978624315,0,0.000270126425459889,0.57512556471839,0.639460343980396,0.000399305234363324,0.232648170264869,0.0813909140342697,0.151677056670083,0.171896167719699,0.000372505659147072,0.000589628614878525,0.000176260070200029,0.00287537276516249,0.000147527613567369,0.000416916913066588,0.000525370511406626,0,0,0,0.000644044182425421,0.00129416262140391,0,0,0,0,0.000735522399169627,0.000114993926207639,0.00460194815859277,0.00025672987415832,0,0.000242889131430434,2.43658540899326e-05,0.000104969248811179,0,0.00438868276232591,0,0,0,0,0.000213657030263522,0.0118207566040644,0.000307371811534453,0.00628370351725077,0.00016837409867368,0,0.000203550314666584,0.00310447988824779,0.000336233335343833,0.00131839991994922,0,0,0.00013711863212187,0.000432512865014477,0.000181157903070014
0.00181950199775957,1.18465636772333,0.00532955005620223,0,0,0.000254600583254474,0.00397687290823064,0.00116387163015742,1.87700018193315,5.87040297158579e-05,0.000203589599785402,0,0.00647353500906449,0.000731726930617593,0,5.01236763992332,0.00203349216786904,0,6.23481216205069e-05,0.000183400645553635,0.0161190116994789,0,0.0135009545447869,1.12047098995564,0.0518372882822732,0.00145388886031398,1.34159007721997,0.0220132694637389,0.00367065772247987,0.0320313794409464,6.73904739573921e-05,0.000169634630167033,0.00421211243486979,0.0103739783859129,0.000144285801196746,0.0637004776581911,0.0201150225969601,0.047480014122278,0.0598524397426316,0,0,0,0.00641163819513336,8.43635755884333e-05,0.00124881281087465,0.000549153549885951,0,0,0,0.00147952913237171,0.331739909880867,0,0,0,0,0.00136940588846035,0.00014896079819135,0.160655783583987,0.000106519068423972,0,0,0.00292594095924995,0.000226561104197678,0,0.0440050685644043,0,6.83401166078246e-05,0,0.000606447368763838,0.00137582757794738,2.33121718628115,0.000538568544822699,0.0320113215580125,0.0389038421819062,0.00139084008490961,0.0317365002418789,0.0028337788386461,0.000194101352905301,0.00197571288765395,0,0,0,0.000960583640886555,6.88516690920747e-05
0.00135002007119429,0.00223344370146216,4.48775002500861,0.000162686540467982,0.000177501730847728,0.00109386768659872,0.0697429871731598,0.00107493774012122,0.00508694795873779,0.000709665192622747,0.000887769625789553,4.64503631492487e-05,0.00121875716495217,0.00145734521562428,0,1.67725367651491,2.2212230160384,0,0.00123400975398301,0.000131639836625538,6.42720630652295,0.0135009545447869,0,0.053904331738829,0.000824353454843286,0.141907609165028,0.865323449926839,0.253360988605786,0.504210076195612,0.10391518789223,3.64201164591016e-05,0.000355011224221202,0.101659045163205,0.778215247629926,0.0028434559831965,0.43184088163423,0.282204251672291,0.438803386962296,0.332377832875188,0.000517725682651384,0.00119237026639697,0.00095254869433609,0.0088044189895323,0,0.000775077101720831,0.000348935466193604,0,6.7332766903733e-05,0,0.000454321879316791,0.000477813822882534,0.000137538289845559,0,0,0,0.000829417910978625,0,0.00212368413700675,0.000177737715246658,0,0,6.80125401461775e-05,0.000162385412537757,0,0.00170547016708335,0,0,0,0,0.000359050100914041,0.00403489259960445,0.000138849109530777,0.00500570120489619,0.00018405548168497,0,0.000258211487826493,0.00167136659003076,0.000293748110072612,0.000828447539221579,0,0,0.000174884879267382,0.000769884382020213,0.00186266094664625
0.0369186404681741,0.0448510302449456,0.024736892339351,5.0819225471775,3.9455721072377e-05,0.0410893036875105,0.278260456807223,0.0177173737394433,5.73971754444125,0.109021177857201,0.000278526678455556,0.896902607622802,0.00112557558439652,0.023414444386164,0.0140696378327397,2.56015367826971,0.00081501727470322,0,0,1.81820221393129,0.165454986117785,1.12047098995564,0.053904331738829,0,0.00523988179728294,0.00348880385820348,0.0900057540890467,2.31823758006241,0.0866821694939021,0.179442625782761,3.73877973375756e-05,0.000368651898649593,0.0588986087840837,0.0909865832504172,0.000129591719996236,0.0878678319575221,0.0160959210418115,0.0754034839122782,0.0568352042654279,0.0337806256576096,0.000460943304439892,0.000293493515132006,0.011619663606209,0.000560183005016093,0.0109688668051493,0.00357704770884313,0,0,0,0.00778196002317361,0.0133467393872578,0.000326043607649437,0.040584522179121,0,0.000560562718353284,0.0116305258687131,6.42200765478048e-05,0.0770283616626889,0.00146685827321504,0,0.00144912759716882,0.000403602375064599,0.00241389640348826,0,0.0302165548786932,0.000393529805480263,0,0,0.000237352561954438,0.00214471827085512,0.150661870207081,0.00106804601981085,0.306025683256232,0.00260940685872881,0.000387907799792826,0.00332695440217635,0.0260152489068094,0.00574322096538514,0.0170631287312708,0,0,0.00152452351660791,0.00578425045140983,9.794062829883e-05
0,0.871267707875073,0.00174631189145718,0,0,6.63382261570991e-05,0.000254738332465764,0,0.0179363505011798,0,0.596306191672656,0,3.68125233583715,4.99624024480894e-05,0,0.0054890595071887,0,0.0323640663451958,0.00363098927813236,0,0.000484998491865521,0.0518372882822732,0.000824353454843286,0.00523988179728294,0,0.0826633758587386,1.12533401578743,0.00032174380026275,0.000764729359792217,0.000535462180070445,0.0735669786842593,0.000146191155686525,0,0.00352619000570495,4.94924752718445e-05,0.0543364128010458,0.963382508814327,0.213893588664475,0.0316002673411666,0,0.000151598594002338,1.00697473832661,0.00763142417256922,0.0116282976264903,0.0343951923616084,0.00592508727422134,0,0,0,0,0.0602229598631091,0.00089249930091862,0,0,0,3.53374294263988e-05,0,0.00210604123350409,0,0.0148574824687209,0,1.04854748969069,0,0,5.88168713505166e-05,0,0.0122588574450135,0.00988779446944475,0,0.000343621400627745,0.0305195504908661,0.000322070923715128,0.000307609063684984,3.4450641618749,0.186159104572634,0.0698290170478784,3.42214733706752e-05,0,0,0.0107134381521437,0,0.000558063679952654,0.0297989975294155,6.92462930532783e-05
0.000869703451246125,0.0659065882266099,1.4867746582166,3.41871384202156e-05,0,0.000385770696972839,0.00977906367512598,0.00148788642441332,0.000633612621921234,0.000358745349286827,0.19072080638819,0,0.0424826025620329,0.000825818989172262,0,0.00644959896337069,1.71042008235781,0.910668534174615,1.46437732545016,0.000134924356145247,0.0174993493242455,0.00145388886031398,0.141907609165028,0.00348880385820348,0.0826633758587386,0,2.59613698957519,0.00651368637335554,0.00192332165507341,0.010620052597423,0.382396199012522,0.000314583962534765,0.000126002074318958,0.0163465203237404,0.000556282142580216,0.0512072364983854,0.408946461469872,0.102952141345346,0.0562029546355039,0.000181480056616042,0.000548926151343063,0.00330742501047513,0.00195906191754548,0.000886265534824221,0.000585475392239763,0.000430288428752662,0.00021590218744485,2.72623862632886e-05,0,0,0.00144569600291957,0,0,0,0,9.35473509995066e-05,0,2.18480344518447e-05,0,0.000223308125818553,0,0.00273204467520791,0,0.000143373938154773,0,0,0.000285592336408344,0.000344031545143281,0,0,0.000222551165776407,2.93628664647157e-05,0.000317503535497365,0.106929127783338,0.00615687141760205,0.00257181418416251,0,0,1.95098478827888e-05,0.000484111385326827,0,0,0.000216503496800625,0.000289540936953892
0.000846904597419651,1.99946960555126,3.30652365942042,5.68455248675355e-05,0.000160730100285423,0.00064142148544489,0.0234357928223318,0.000658602841144086,0.0220413649362994,0.00031085657758346,0.0147695504194326,0.000137193013931063,1.26257942889739,0.000562411462468488,0,1.27175599069479,0.106468932223718,0.0215006441822243,0.0155404018352262,0,0.0294782612234107,1.34159007721997,0.865323449926839,0.0900057540890467,1.12533401578743,2.59613698957519,0,0.0324622359968784,0.00338692839680364,0.00987870220750034,0.411980379664265,0.00042570545780467,0.000461478181753386,0.0756829193814788,0.00238470639638777,0.202835283066425,0.719667342908731,0.466811684864451,0.271168395851579,0.00136854815329896,0.00175839888607364,0.00445869770028662,0.00655467539163485,0.00064940590675445,0.00125785342000637,0.00103522586440529,0.000191108816311795,0,2.75548547644202e-05,0.000355049211744157,0.0908570667948052,3.16662815461315e-05,0,0,5.28194203229266e-05,0.000433327737113769,0,0.00600071524701676,6.803785646276e-05,0.00109156397665233,0,0.118343793846161,4.84154851868373e-05,0,0.00183770444325075,0,0.000407767932021439,0.000396769573440479,0,2.74716406162695e-05,0.0898741007587739,3.56139747988865e-05,0.00297990107293546,0.19148264358032,0.00878210938611535,0.119923867784146,0.000797910564641067,5.10099842711932e-05,0.000434240561230197,0.00879187283817586,0,4.5011230891087e-05,0.000542840847690002,0.0021912389560971
0.0174363241250785,0.00295638751122702,0.103171795742959,1.58141149665966,0.000126319572492746,0.0473373586424296,3.17700019785583,0.0131707616990762,0.105290275740046,1.59872868015305,0.000275188949955549,0.035360273385006,0.000128384352153075,0.0203924346517014,0.00096718445645555,0.439480826937383,0.00313603534907155,0,9.66607355879084e-05,1.06966602168921,3.12706562462369,0.0220132694637389,0.253360988605786,2.31823758006241,0.00032174380026275,0.00651368637335554,0.0324622359968784,0,0.0631104359293479,1.58369973008281,0,0.00025445150629468,0.0283412171730435,0.0623635692143426,0.00012388152921305,0.0915607603757485,0.0157076972205639,0.0770031960316772,0.0640098831432954,0.0279532270827491,0.000535727283498412,3.38100658066006e-05,0.00720618840415919,0.000170378514623683,0.00498572809801789,0.00134775591689033,0.000366987051382942,0,0,0.00225589647610077,0.00135111978532829,0.000152717378646982,0.000313992469912748,0,6.65628391851112e-05,0.0111518227723709,0.000506524114645341,0.0202073975194268,0.000428434198992729,0,0,0.000132919994056977,0.00313142673356515,0,0.00978080308307775,0.000218172941038246,0,0,0.000353084905530944,0.00131618296431626,0.0167546421712055,0.000172640104513035,0.0397501909067425,0.000232428793896238,0.000252515112388474,0.00049942676025599,0.0181273367851277,0.00372716450364003,0.00965389722609563,0,0,0.000748721790159079,0.00288809786243244,7.07325562440282e-05
2.00571851491946,0.00170624484404574,0.00404278370229263,0.01527299516477,0.0555443141277286,0.143790749203785,0.117901179482589,0.247543524725161,0.0243738732020837,0.0209335844287803,0.00906254659414497,0.0144768131445626,0.00614657430414286,3.02335947734288,0.000265963276488874,0.00277413933116195,0.378916291693556,0.000353054980790251,0.00151144567711305,0.0272350523231044,1.11548585502359,0.00367065772247987,0.504210076195612,0.0866821694939021,0.000764729359792217,0.00192332165507341,0.00338692839680364,0.0631104359293479,0,3.49940349068303,6.0119426948467e-05,1.24513846395872,1.22283803405515,2.39869889557151,9.05593941778055e-06,0.0188008754924315,0.0241504442744947,0.854685358116288,0.0338539606381424,0.0743071439546488,0.274779025179233,0.000499636357320726,0.00251001241082766,0,0.000941572034685503,0.000442617195695568,0,0,0,0.00159047712298448,0,0.000229906037529305,2.27856312239321e-05,0,0,0.00245309778489213,0.00018776685237322,0.00286454396028407,0.000168944927955002,0,0,0,0.000546485668208655,0,0.00189384234968008,0,0,0,0,0.000362481816344164,0.00408844532948728,0.000198706204189754,0.00839352355325042,0.000240631755289536,6.20085996132129e-05,0.000277038035047812,0.00404195369733926,0.000614804017577126,0.00213821557997298,0,0,0.000249154531546913,0.000646470348614071,5.89698318652571e-05
0.480197848583776,0.00272074460639092,0.0794659360441911,0.000631822462268523,0.000196480474996902,0.00142024950512165,0.967258871396858,0.0132451587097621,0.0389774608530043,0.00099512079719022,0.00014425589000337,0.000203361165805932,0.000509300581694941,0.0588893320495686,0,0.0354570952766035,0.00399331406783021,0,4.05879526995572e-05,0.000942054860760645,3.39927978624315,0.0320313794409464,0.10391518789223,0.179442625782761,0.000535462180070445,0.010620052597423,0.00987870220750034,1.58369973008281,3.49940349068303,0,0,0.00178822919327268,0.914190165475624,0.730984848254642,7.85623332200363e-05,0.0609633102659672,0.0141351081886098,0.115060394632845,0.0492158692604143,0.000905019466428334,0.00117971948840371,0,0.00514127987165012,0,0.00286123105778421,0.000406631874520507,0,0,0,0.00165736393915254,0.00134919845359023,4.32443389396953e-05,0.000420831967582608,0,0,0.0047193915324549,0,0.0184239055085301,0.00036202502917336,2.75107066937172e-05,0,4.74690731344768e-05,0.000978478516823761,0,0.00865700420919149,0,0,0,0.000461699429021006,0.000525319304496282,0.014517000947565,0.000246578347412956,0.0262707404179939,7.22744066926906e-05,4.06281775101342e-05,0.000812413910074751,0.0104145562380259,0.00174009804350787,0.00682353177234391,0,0,0.000357998532621818,0.0025990021020157,2.78673267069198e-05
0,0.00649191563501167,0,0,0,0,0,0,0,0,0.00260451465327433,0,3.26742548356312,0,0,0,0,0.0198069403268357,0.00237595807586065,0,0,6.73904739573921e-05,3.64201164591016e-05,3.73877973375756e-05,0.0735669786842593,0.382396199012522,0.411980379664265,0,6.0119426948467e-05,0,0,0,0,0.000353675111614913,1.19204140815504e-05,0.00184722500548456,0.0209824894296991,0.0039676231746759,0.00270501379853956,0,0,0.00907592404374169,0.000131556020232039,0,0,0,0,0,0,0,0,0,0,0,0,0,0,0,0,0.000274921071538314,0,0.278995997766227,0,0,0,0,0,0,0,0,0,0,0,0.0644253591252447,0.000305993160995246,0.0376765077982426,0,0,0,0.314085151934154,0,0,8.28731869188803e-05,0
0.000389877727685074,0.000194459643548958,9.30323740429731e-05,0.00056860151643621,1.76842599470704,0.782889149662508,0.000218220467162284,0.061781757754317,0,4.05316170658627e-05,0.00771886619405527,0.000563533820437958,0.0228673826621352,0.0424744777058016,0,0.000590652674320543,0,0,0.000282735951115434,0.000183668080001004,0.000270126425459889,0.000169634630167033,0.000355011224221202,0.000368651898649593,0.000146191155686525,0.000314583962534765,0.00042570545780467,0.00025445150629468,1.24513846395872,0.00178822919327268,0,0,0.00383308474555292,0.722854477761562,0,0.000693216235772335,0.0064275966331421,0.149534319644587,0.00852627989018545,0.0706967997057303,2.45956316145278,0,0.000114015393001578,0,0,0,0,0,0,0,0,0,0,0,0,0,0,0,0,0,0,0,0,0,9.70063848214613e-05,0,0,0,0,0,0,0,6.73738560306412e-05,0.000197103760513746,0,0,0,0,0,0,0,0,0,0
0.0440679298277108,0.0013988922720041,0.000960032294330102,0.00871428257813839,0.00459612056388686,0.00331605641782921,0.0161211193689462,0.00162821191459887,0.0231518700612915,0.00519547642792333,0,0.00178647366144739,0,0.0116936701181098,0,0.00254711736960866,0,0,0,0.00937814208907072,0.57512556471839,0.00421211243486979,0.101659045163205,0.0588986087840837,0,0.000126002074318958,0.000461478181753386,0.0283412171730435,1.22283803405515,0.914190165475624,0,0.00383308474555292,0,1.20127616749173,0,0.0101243516080285,0.00157835723163053,0.255809417571658,0.0243272462642249,0.000103841325191922,0.000630792231437506,0,0.000200605585142268,0,0.000542294345473656,0.000385632427749937,0,0,0,0.00171828482525863,0.000170535289215857,0,0,0,0,0.00088668403988414,0.000103130396169555,0.00309360484921162,0.000284355013469447,0,0,0,7.40826264653998e-05,0,0.00125703812112871,0,0,0,0,0,0.00492353505675609,0.00013302388958599,0.0059240889185839,0,0,0.000205646457156706,0.00249961655161892,0.000503103196468235,0.00171130013021736,0,0,0.00028410450581294,0.000433288489685713,0
0.056109233075695,0.0152356638459415,0.058773789908821,0.00458251999111525,0.289074977221703,0.147467262787405,0.0182801865717767,0.0450396276399365,0.0341155966884353,0.00739125792268606,0.644520837187621,0.00552851638579523,0.600816578387078,0.17978534064361,0.00106251085681323,0.0213806480519889,0.411666116872901,0.00195276897028281,0.135123352769645,0.00780313693332439,0.639460343980396,0.0103739783859129,0.778215247629926,0.0909865832504172,0.00352619000570495,0.0163465203237404,0.0756829193814788,0.0623635692143426,2.39869889557151,0.730984848254642,0.000353675111614913,0.722854477761562,1.20127616749173,0,4.50789618881395e-05,0.0511423115973237,0.268353002291349,4.88040330378633,0.268001167890067,0.133030660260941,1.24131788398013,0.00338016986283478,0.00430393164951569,7.78282382876585e-05,0.00114642706556833,0.00030499279874324,0,0,0,0.000748397971323234,0.000469551981422663,8.38748918845639e-05,0,0,0,0.00229974244080261,0.000184439002912187,0.00862102821036477,0.000244235935397306,0,0,0,0.000645044064509956,0,0.00210896904140761,0,0,0,0,0.000159542978685048,0.00561832588277026,0.000358710400453696,0.0144916356074752,0.00181194148918291,1.77354940290125e-05,0.000214085855700281,0.00542688749972263,0.00115482630283219,0.00242299210334829,0,0,0.000239276230840158,0.000280613316263982,4.80799068260538e-05
0,0.000270567505779353,0.000876561517162857,0,0.00275913437390198,0.988174227371362,4.42211903749845e-05,0.0292073086392374,0.00909768513792053,0.00149561503173845,0.000106933370007326,0.252711064225456,0.000170205787715818,0,0.279517985867407,0.00176141625784538,1.98087000191083e-05,1.87450107837298e-05,5.48706748215678e-05,0,0.000399305234363324,0.000144285801196746,0.0028434559831965,0.000129591719996236,4.94924752718445e-05,0.000556282142580216,0.00238470639638777,0.00012388152921305,9.05593941778055e-06,7.85623332200363e-05,1.19204140815504e-05,0,0,4.50789618881395e-05,0,0.0315728170745725,0.0178498497957281,0.00565875629506475,0.00773337356211386,0.00330048367787112,0,0.000146651440048099,0.008431031966143,0.00528707019913182,0.0092602210566155,0.0153753341166318,0.019540137716302,0.00684901477242676,0,0,5.97611491777331e-06,0.000123652632885398,0,0,0.00569948072573903,6.67267941801647e-05,0,0.00170604680128988,0,8.25860476507461e-05,0.0147205114744939,6.35016657322648e-06,5.23610683402691e-06,0.0179542367165083,0.000564828388613272,0.000211914104335132,0,2.74161296721694e-05,0,0.00041754638052999,6.19861347323358e-05,0.00221941437506694,0.0029116505824442,8.65473004583593e-06,7.41324536443423e-05,0.000542965140504484,0.000259131518437018,0,0.000125200987850796,1.5083191980371e-05,0,0,0.00188476656999206,1.63469000908516
