0,0,0.0389610681347633,0.0012565452306336,0.00180036920679597,0.0037033167218669,0.747799036131207,0.151584745947151,0.0408988832821097,0.0103004310702981,0.000880791317365219,0.00116521621508857,0.000368285537081341,2.89209096238836,0,0,0.0600970511332189,0,0.00597902400027417,0.0103185015927384,0.00378951979509834,0.00151336809322799,0.0173536382024174,0.0243034958256506,0.000165560486536437,0.0122009745458396,0.00410552868866186,0.0299505403807211,1.26141139447681,0.155211432578766,0,0.00259058634114831,0.00552667459201116,0.0504122105749865,0,0.0012539658673146,0.00460878286416111,0.0381592934712714,0.00665281646990155,9.81445856445325e-05,0.000355346511270768,0.0011022198347091,0,0,0.000628179085845493,0.00121599820089821,0,0.000558735656611983,0,0.00213878556350617,0,0,0.000367438162957683,0,0,0.000218349407134833,0.000788774086648915,0.020453904941195,0.000409580752126505,0,0,0,0,0,0,0,0,0,0.000119754798415391,0.000229157981389552,0,0,0.00497722170842981,0,0,0,0.00144157501597184,0.00089115939640316,0.000508466599721552,0,0,0.000577202679343011,0.000837901799072409,5.08676551328868e-06
0,0,0.000476966564911808,0,0,0,0.000221024630732023,0,0.137423873403887,0,0.0157933934387951,0,0.244374633509006,0,0,0.172851678653551,0.00177314453046608,0.00361821357007615,0.00780602537431228,0,0.000306569888018519,2.02571828841189,0.00062893449879003,0.0608674980812681,1.79208907699729,0.0418311251319372,1.6168852031444,0.00258044903490377,0.000281840736355597,0.00110746559549714,0.0409024092055735,0,0.0016393293356001,0.00271080799143204,4.83410926142318e-05,0.002797426608976,0.0136816538138982,0.00779782465458734,0.00638700416116337,0.000339177783555404,0,0,0,0.00195711084891329,0.000781258839147037,0.000240222826305703,0,0,0,0,0.517821432176032,0,0,0,0,0,8.89129964101775e-05,0.000150036733980591,0,0.000163497390782167,0,0.0103830559263412,0,0,0.000520647055771771,0,0.00157070075353549,0.000137809361830403,0,0,0.0507774418488198,0,0.000948490780331537,0.142862898997803,0.010339554723221,0.12033771878666,0,0,0,0.00272380957807102,0,0,0,3.57284143665638e-05
0.0389610681347633,0.000476966564911808,0,0.00065698003800708,0,0.00144673755543475,0.249565127484954,0.0167313242290129,0.00435588049471889,0.00969612738475671,0.00282358651886608,0,0.00135942263980428,0.0229817654222739,0.000689572170668118,0.00517049521057793,1.14149222141004,0.000950748738029202,0.03841899447772,0.000121220622180965,0.288580310664762,0.00111556354310783,3.58079267506628,0.0303135430081392,0.000703307869093213,1.51850800438096,2.03926795414162,0.249285507332588,0.0137019688738756,0.125352787299376,0.00287547626135115,0.000173896534100229,0.00251235679652473,0.064869580811597,0.000515325070512196,0.0146954580032722,0.13105280019983,0.129936233411818,0.0343920613269588,0.000610763402658231,0.000401491716990941,0.000633525818677374,0.000387483249406594,4.66564572507329e-05,0.00012675010452106,0.000159940135822915,0,0,0,0.000185537313272169,8.94838469648815e-05,0,0,0,0,2.28945488026215e-05,0,0.0034433023798355,0,0,0,0,0.000142799695546893,0.000304948292905534,0,0,0,0,0,0,0,0,0.000377202260780406,0,0.000115699196683595,0.000279073344108896,2.54876547433761e-05,0.000105556609589824,0,0,0,0,0,0.000329415172199292
0.0012565452306336,0,0.00065698003800708,0,0,0.0211104138604188,0.0279235187329203,0.00712025706626366,0.138382822689192,1.36337221731453,6.10492763771578e-05,0.904577767768885,0,0.00406981407092438,0,0,0,0,0.000353260339643632,10.3729485033094,0,0,0,4.03532453423889,0,0,3.34163380706354e-05,3.04183872440226,0.00734393425767783,0.000344719558625674,0,0.00033729120539748,0.00169330458584652,0.00773208443277705,0,0.00179656901657599,0.000232239682425309,0.0103794559660559,0.00364790233778471,0.00147395100231339,0.00066769648114292,0,5.50860351743523e-05,0,0.000684542072552107,0.00011751042146711,0.00235499196543586,0,0,0.00185126417007337,0,0,0.834521176189418,0,0.0016276914273336,0.00108624345295231,0.0007037380724841,0.0238713252440329,0.00710612099553671,0,0.162369713737586,0,0.000496459909804336,0.00126301943270391,0,0,0,0,0.420899757719306,0,0,0,0.0431321902454682,0,0,0,0.0150320134884339,0.000266565709383728,0,0,0.000353235026281336,0,0.000432693872461015,2.9065635782668e-05
0.00180036920679597,0,0,0,0,1.2774062222502,0.000231903444852194,0.492710887663356,0.00112796572273066,0.000488800854600481,0.00205018970331444,0.00315340425784321,0.000321601770071345,0.0616535338808736,0.083427682330678,0,0.000182151663312972,0,0,0.00143146477719898,0,0,0,0.000136064933984473,0,9.11797149973342e-05,0.000106042690272207,0.000228058864035759,0.0679361502510907,0.000140309346904292,0,2.18642773378779,0,0.0575281458304867,0,0,0.000668976282835021,0.010428354920901,0.000898696387212516,0.733433616249763,4.64883512084339,0,0,0,0,0,9.70874128147616e-05,0,0,0,0,0,0,0,0,0,0,0.000536717799772652,0,0,0,0,0,0,0,0,0,0,0,0,0,0,4.98243900527791e-05,0,0,0,2.71322994556313e-05,0,0,0,0,0,0,0
0.0037033167218669,0,0.00144673755543475,0.0211104138604188,1.2774062222502,0,0.11830764676339,2.00974838107235,0.131940264596617,1.93409424587673,0.00175482224391644,1.61778546826818,0.000174622254788264,0.126122958242546,3.3738538265082,4.04312129264001e-05,6.73029404941543e-05,0,5.7357560789055e-05,0.295503977797307,0.000383791989736604,0.000268489115513512,0.00034669835386054,0.0914121435296128,7.49549242305171e-05,0.00017073240981216,0.000224625199301818,0.0577752182419046,0.107949692142241,0.00066556109707431,0,0.152558399189264,0.00116523653165381,0.0276576109015099,0.416082377137885,0.00518947100686501,0.00229147003939603,0.0346523238738226,0.00282234042783153,0.695649502702756,0.116425664200065,0.000415344470243852,0.000544276147324857,0.000293533907935974,0.00140378202350263,0.000546372116869656,0.00411904139545595,0,0,0.00148788773379277,0,0,0.00332780113663384,0,0.00308798256621701,0.00306886623527847,0.00188409669249673,0.057590451343987,0.00353342047719218,0,0.00406184727973435,0,0.00203232833417564,0.000203429962413529,0,0,0,0,0.0025109224760415,0,0,0,0.0340824106590127,0,0,1.78238407319981e-05,0.00301867301649609,0.00110909444966059,0.000233552270228757,0,0.000408247096406353,0.000349957274477734,0.00104681172148357,0.00087038968316992
0.747799036131207,0.000221024630732023,0.249565127484954,0.0279235187329203,0.000231903444852194,0.11830764676339,0,0.14941035625133,0.125347918494564,2.29777012241126,0.00102418453835564,0.00626150662156512,0.000313406782410275,0.829134005353485,0.000606280716028006,0.000899626567554815,0.0418073499028494,4.14501585904075e-05,0.00233269365073199,0.0196052925079191,0.0637546550127483,0.00249135632840075,0.107557728535287,0.22185923193582,0.000133731995227366,0.0261529326052642,0.0159816567583337,3.52959458399397,0.0853693492504111,1.13131394271732,0.000136453639355277,0.0012594629266797,0.00984136651481222,0.0539277991660645,0.000232669861898149,0.0105855946682889,0.0115270896848307,0.0658323365627219,0.0228047744538241,0.000587313968028271,0.00169603704588459,7.95629898948562e-05,0.00115189296632622,0.000326616529805217,0.00154300581308819,0.00173296048872541,0.00139634736693154,0.000115014835027127,8.85870532816588e-05,0.00177147657603206,0,4.43802520827237e-05,0.00125831821040825,0,0.00163874324387001,0.00170067290504143,0.00166114265263015,0.0479281818230148,0.00209348050308104,0,0.000453315178677825,0,0.00260027390121718,0.00058538196113852,3.74991315198209e-05,0,0,0,0.000671219636510331,0,4.33132578787237e-05,0,0.0147668820317152,0,1.74104152197043e-05,0,0.00184101616814391,0.00218596105428277,0.000722313226534286,0,4.15555300117749e-05,0.00061518731365611,0.00161510865093312,0.000199169462262957
0.151584745947151,0,0.0167313242290129,0.00712025706626366,0.492710887663356,2.00974838107235,0.14941035625133,0,0.0440525979231351,0.360811211142225,0.00343077781591692,0.0232953128838238,0.000235209280355858,3.46564878138492,0.00707214414782011,0.000170594704102797,0.0100354335305849,0,0.000782557055199773,0.0251714763837077,0.00139831641128825,0.000138349113526943,0.0076411060232693,0.0333792905096232,0.000493740912398521,0.00368887876909132,0.00139733656411935,0.0449542172543517,0.277548709907852,0.0186523951439534,0,0.348346770729621,0.000922968416284181,0.0679113784454258,7.57029108172403e-06,0.00155619727625639,0.00234214012078303,0.0387336608964549,0.00352453938294539,0.0248819702390003,0.110535555246286,0,0.000323040473502604,0,0.000620822208255311,0.000995635065601701,0.00145460738578662,0.000192505007555872,0,0.00111573647404207,0,0,0.000999858672212697,0,0.000599970028568629,0.00133730322281948,0.00137543172442546,0.0330397722283454,0.000623224716092867,0,0.000467042251445519,0,0.00131751439035299,0,4.25171420422236e-05,0,0,0,0.000835447784377171,0.000127741975432786,0,0,0.0148772243160472,0,0,5.29352669857396e-05,0.00251919346396089,0.00126445139604114,0.000394132124392322,0,0,0.000118828980947203,0.00124961488278778,5.10853718950575e-06
0.0408988832821097,0.137423873403887,0.00435588049471889,0.138382822689192,0.00112796572273066,0.131940264596617,0.125347918494564,0.0440525979231351,0,0.109392385447885,0.00277398280165406,2.06500131409703,0.0133644481648821,0.0371992795096359,0.0915513230114888,0.0380773358676678,0.000766375197834956,0.000795029469822387,0.000439144447534397,0.600999875617979,0.00428301620651901,2.95736349024836,0.00251052379219858,4.91876006159449,0.0448752142401764,0.00747088246380021,0.0878861757652778,0.25378441022225,0.100093318756788,0.0617504096187621,0.00827577445375733,0.00249045664906996,0.0987663411060403,0.0959694110726411,0.0353592396018152,0.251407106022578,0.0115613271900062,0.115682860878733,0.138713366759123,1.00043264884466,0.00321599331793336,0.00149691589112378,0.00808114961918559,0.00213739420137464,0.0142245607835931,0.0204116979881038,0.0374159975124738,0.00176979010692861,0,0.0131400223282549,0.000663565068846659,0,0.0259104719411977,0,0.00973682895618721,0.00378949535760373,0.00677485640940065,0.644193796076443,0.0143350432709763,0.000647739509052347,0.0220655103842538,0.000115465908588791,0.00570537849165512,0.0038215632058218,0.00862276926247564,0,0.000116909141033027,0,0.0299574898774727,0.000975342740448395,0.0108004147125618,0.000310907052663793,0.075402038206609,0.000270490822627006,0.000165563294464647,0.000917829247517182,0.0174350402548217,0.0114816000452261,0.00762071767976481,0,0.000881150738922737,0.00687026606836186,0.0136120507687075,0.000549182424830222
0.0103004310702981,0,0.00969612738475671,1.36337221731453,0.000488800854600481,1.93409424587673,2.29777012241126,0.360811211142225,0.109392385447885,0,0.00128222584362679,1.37681202958315,0.000756795997611626,0.20018799461927,0.00278812528122769,5.01200652519461e-05,0.000387995324374069,0,0.000260958584443471,3.09987900018727,0.00112263969864716,8.08885293000004e-05,0.00252348783632216,0.200016419727576,0,0.000656049366131986,0.000450366972345926,1.27673411504461,0.0615177219428704,0.00213600871587305,4.1851297218295e-05,0.00227593679768543,0.00459264475385136,0.0507070685773727,0.0152780972275432,0.00709858800379479,0.00256719125794848,0.059511737198673,0.0239039379728636,0.00433403841132048,0.00249284381762103,0.000105926860866315,0.000625858639672078,0.000276828045349379,0.00173577566709163,0.00104324782576057,0.00204366578640616,7.10934475031981e-05,0.000140188733042893,0.00454737939635847,0,0.000235887579941038,0.00201902183042192,0,0.00278898007604731,0.00206022753810621,0.00224795465236938,0.0514374072637959,0.00224416047930585,6.6482098749474e-05,0.00228825654686586,0,0.00195970124735851,0.000275415127125164,9.36219953765263e-05,0,0,0,0.00302147687723154,0,5.40871702859012e-05,0,0.0261557090144006,0,0,0,0.00272774118777387,0.00191489945222326,2.97214084764453e-05,0,0.000682856524888143,0.000508522544024851,0.00163657552830632,0.000197063723684807
0.000880791317365219,0.0157933934387951,0.00282358651886608,6.10492763771578e-05,0.00205018970331444,0.00175482224391644,0.00102418453835564,0.00343077781591692,0.00277398280165406,0.00128222584362679,0,0.000410092790698305,2.43613584211518,0.0093521804224906,0.00151007088533929,0.000332694888774196,0.00541368223645761,1.92802134983625,0.765390397208109,0.000214582123882845,0.000740201868513325,0.00956449025430962,0.00133405715202041,0.000573175842794899,0.964301178530174,0.397534258057871,0.0822276158606296,0.000706561871803553,0.0510683092192976,0.000553304039109002,0.347330947464162,0.0360990716603722,0.00034404751263295,1.57507181864499,0.00057237939037629,0.0281060340163815,0.874668279764477,1.12844395854493,0.0950465202388863,0.000621062200002489,0.0188504265247191,0.92814314064668,0.000411051502716259,0.00354344001213627,0.00130016953885817,0.000701478430414645,0,0,6.42849969678281e-05,0,8.01505336912468e-05,0,0,0,0,0,0,0.000177292469891615,0,0.000625623981879324,0,0.00775548151812498,0,0.000695154353486559,0,0,0.00322070477504852,0.00091773703968563,0,0,0.000188753442209887,0.000106916561581773,3.82090208308882e-05,0.00231529966649774,0.0100696004706042,0.00633558723992043,1.57471220381265e-05,7.8787582745995e-05,0,0.0028809060056036,0,0,0.000376882915424489,0.000443575947693663
0.00116521621508857,0,0,0.904577767768885,0.00315340425784321,1.61778546826818,0.00626150662156512,0.0232953128838238,2.06500131409703,1.37681202958315,0.000410092790698305,0,5.39443905550586e-05,0.0159481865387664,0.204624149586641,0,0,0,0,8.15514316475639,0.000107650170810304,0,2.53288760311293e-05,0.853207088069968,0,0,0.000132858560472339,0.0559681660331941,0.0197329236336485,0.000292804788718133,8.22501755951936e-05,0.00481312441127211,0.000398469466191821,0.0106428868542146,0.660792807156961,0.0137680224892781,0.000273637037059486,0.0155343406474674,0.00532706600274917,0.679304201701124,0.00356598134429815,0.000133415450409088,0.000506421151366806,0.000133677984590875,0.000531135339276846,0.00173641032750613,0.00486884958519586,0.000341096001604906,0,0.00174933260168559,0,0,0.0045148396333649,0,0.00173426356009775,0.000286377168650122,0.000472644435776765,0.0164469439357261,0.00167439566760318,0,0.141823392300475,0,0.000765530433330101,0.000933575709435813,0,0,0,0,0.0355196660983169,0,0,0,0.00643681398559409,0,0,0,0.000994036115920774,0.000484610393305703,0,0,0.000116677368609246,0,0.000687771218202661,0.00779894550251491
0.000368285537081341,0.244374633509006,0.00135942263980428,0,0.000321601770071345,0.000174622254788264,0.000313406782410275,0.000235209280355858,0.0133644481648821,0.000756795997611626,2.43613584211518,5.39443905550586e-05,0,0.0014182216924052,0.00462485728486262,0.00558073149936612,0.000202914251918506,0.0182689703401065,0.0117416039125773,0.00155212860315437,0.000879497848385936,0.105768251885753,0.00176863494212184,0.00417983983449351,2.44421756926803,0.48653688686064,0.470804360582679,0.00116144889171273,0.00513666396005723,0.000616878302440475,1.85443517837795,0.00356553484773521,0.000406384665647517,0.0433558387120504,0.00208156822673815,0.363927539582514,1.05470993435158,0.492088927756145,0.784150714538476,0.00137688978607707,0.00377411221862137,1.33186474770705,0.0453872816458088,0.0268632887735022,0.0078052021561644,0.0120596181665179,0,0.000709103408300951,0.00200100705952284,6.97579691739192e-05,0.0039558090929058,4.75230144189294e-05,0.000345279221371786,0,0,9.99393504977727e-05,0.000322861345418701,0.00123041171623172,8.96373165239172e-05,0.00418423313426843,4.79143696429235e-05,0.0222890045247088,8.36314924680089e-05,0.0020661891672757,0,0,0.0062951064782317,0.00362792753185377,0,0,0.00143774972305572,8.36757945389885e-05,0.000167207645381893,0.0122183349618905,0.0310060155647107,0.0239635932037563,0.000141272239799202,0.000203658550821783,8.37465916134041e-05,0.0075561769877972,9.44488367153763e-05,0,0.00227187889888876,0.000732476400580317
2.89209096238836,0,0.0229817654222739,0.00406981407092438,0.0616535338808736,0.126122958242546,0.829134005353485,3.46564878138492,0.0371992795096359,0.20018799461927,0.0093521804224906,0.0159481865387664,0.0014182216924052,0,0.000369760643151335,0.000106380883911489,0.0193441496601287,0.00021765499189488,0.00142824090304206,0.01699931896002,0.002468035324892,0.00142199613001379,0.0104840271193093,0.0332001423073541,0.000281234216431905,0.00648765146189439,0.00264119748834704,0.043861921194456,4.9571885682162,0.0626734839846877,4.82218832311282e-05,0.263717438115057,0.0131496359155656,0.204476748265572,3.30683996541195e-05,0.00267069736732616,0.00859682424882284,0.110533921387772,0.00734884647308414,0.0124349297107994,0.060326060352703,0.000331881995705082,0.000223060347962186,7.33112226697294e-05,0.00200471496785079,0.000765106779138285,0.00185394153983287,0,0,0.00124904644874593,0,3.76239288861916e-05,0.000170535361791279,0,0.000952421883354655,0.000839322216121512,0.00138490384534939,0.02348799251641,0.000344907111112339,6.06187443880513e-05,0.00080672883182536,0,0.000409938028639043,0,0.000137427433014251,0,0,0,0.000401351873122475,0,0,0,0.0103070699769165,0,0,0,0.0016575387211746,0.000931295797645588,0.000456090720034954,0,0.000377837030687068,0.000155143339673557,0.00130417021111798,6.47511926580598e-06
0,0,0.000689572170668118,0,0.083427682330678,3.3738538265082,0.000606280716028006,0.00707214414782011,0.0915513230114888,0.00278812528122769,0.00151007088533929,0.204624149586641,0.00462485728486262,0.000369760643151335,0,0.000785069419115061,0,0.000272299018051574,0,0.00121509648692851,0.00410246493490105,0.000126388842371095,0.00928822819706764,0.00115218539136488,0.000114452945741687,0.000921526692033777,0.00137795432919741,0.00182491940766805,0.00138883947344437,0.000149405021657509,0.000256060508884349,0.00344663409497936,0.00048732954548384,0.00226722654429328,0.27573345277123,0.11063237756506,0.159270175362474,0.0545953824152809,0.0446221404804292,0.750542154365141,0.0126602769960334,0.00440597138466584,0.031183947973335,0.0942628762305084,0.0411679179333553,0.0489753089210916,0,0,0.0028819443677373,0,0,0.00135338724747311,0,0,0.000538045237305282,0,0,0.00452024368242307,0,0.0010767973693427,0.00140388407979674,0,7.6555405231942e-05,0.132026704430942,0.00156704299137583,0,0.000293623899598017,0.000664549435873477,0,0.00185496953102534,0.000633152296504527,0.00259157824321415,0.000515924147686609,0,0.000198148514532717,0.000485718293034142,0.000434248372562865,0.000285531013845081,0,0,0,0,0.00407968575248122,0.0361864413470634
0,0.172851678653551,0.00517049521057793,0,0,4.04312129264001e-05,0.000899626567554815,0.000170594704102797,0.0380773358676678,5.01200652519461e-05,0.000332694888774196,0,0.00558073149936612,0.000106380883911489,0.000785069419115061,0,0.000798846053589454,0.000270504468073482,0.000873192943778145,0,0.823256157620101,3.59348204468875,1.86621443965559,2.26473178720294,0.0108795068162751,0.00256449918145608,0.825501119249968,0.234017314150583,0.00120917848501919,0.00887867502251439,0.000501756765817641,0,0.000858361067070356,0.00714565661958788,0.000392023857544731,0.0335431119177987,0.0086199211155366,0.0281981409829559,0.0128993020274026,0.00136400740087375,0,0,0.0121148294134685,0.00524881236542259,0.00127796327056478,0.00221646995679677,0.000577746538853369,0.000864177297119004,0,0.000338343338854878,0.00126719391607982,0,0,0,0,9.07567480091119e-05,0.000176710340419701,0.00352363457309166,0.000109335875514709,0,0,0,0,0.000764790051836274,0.380485166510821,0,0,0,0,0.0119757625390764,0.181311411337136,0.00130639329266252,0.0158193300837916,0.000465295010387834,0.000329385423462307,0.0026418950955214,0.00599776816908217,0.000329199767129237,0.00325028143828093,0,0,0.000457995757170808,0.00200929536707581,0.000249839171918874
0.0600970511332189,0.00177314453046608,1.14149222141004,0,0.000182151663312972,6.73029404941543e-05,0.0418073499028494,0.0100354335305849,0.000766375197834956,0.000387995324374069,0.00541368223645761,0,0.000202914251918506,0.0193441496601287,0,0.000798846053589454,0,0.000783414522658295,2.24958292758757,0,0.0375564060515766,0.000562722311356496,1.02163360866481,0.00109265254927558,0.000567903323175849,1.81673946929722,0.129044473436667,0.0117043401632616,0.0375299301146454,0.0724046526319488,0.000920845161229152,0,0.00672691946908419,0.243961483394148,3.06189935683847e-05,0.0022202955410492,0.244569951824179,0.0520266862853282,0.00666789606387024,0,0,0,0,0,0,0,0,0,0,0,0.000420113466918021,0,0,0,0,0,0,0.000217383263848242,0,0,0,0,0,0,0,0,0,0,0,0,0,0,0,0,0,0.000528051017851047,0,0,0,0,0,0,0.000230663695041152,0
0,0.00361821357007615,0.000950748738029202,0,0,0,4.14501585904075e-05,0,0.000795029469822387,0,1.92802134983625,0,0.0182689703401065,0.00021765499189488,0.000272299018051574,0.000270504468073482,0.000783414522658295,0,4.98064733157422,0,0.000154950155770499,0.00385618107493477,0.000198983253264442,9.11389835458699e-05,0.0499202216575635,0.635876281004378,0.0229032451423166,5.88641127520317e-05,0.000717898202486033,5.11052184753928e-05,0.034036132061342,0.00088912253256739,0,0.0379115597996957,2.66358581522009e-05,0.00391259081329949,0.0603998606517013,0.0507537665418232,0.0276199720609125,0,0,0.000343673588545857,0.000541944683247876,0.000569996303000531,0.000999964595445019,0.000298825960072913,0,0,0,0,0,0,0,0,0,0,0,0.000403514273056745,0,0,0,0.00130765053929855,0,0.000156598551857734,0,0,0.00098801037500644,0.00164716852358929,0,0,0,0,0,0.00292255940955185,0.00375531603809329,0.00366255711143542,0,0,0,0.000503195909509795,0,0,0.000499293262161526,2.25324570131113e-05
0.00597902400027417,0.00780602537431228,0.03841899447772,0.000353260339643632,0,5.7357560789055e-05,0.00233269365073199,0.000782557055199773,0.000439144447534397,0.000260958584443471,0.765390397208109,0,0.0117416039125773,0.00142824090304206,0,0.000873192943778145,2.24958292758757,4.98064733157422,0,0,0.00465528499313194,0.00284528312826173,0.0180924313544663,0.000389722246122039,0.0383360480214386,2.64659232161233,0.0894830090370436,0.00143048326468963,0.00545713791079884,0.00533491292786209,0.0292066606492391,0.00119173556256328,0.00189464641698562,0.865033956194166,6.54038190552933e-05,0.0104873895564762,0.561759344739682,0.336595835612604,0.05666600393294,0,0.000131943413505973,0.00105903044087147,0,0.001865153234379,0.00192446119684512,0.000182975498844605,0,0,0,0,0.00137835204604379,0,0,0,0,0,0,0,0,0.000157786964879569,0,0.00119995418635916,0,0.000824799681573036,0,0,0.000371249850743494,0.00121930449977253,0,0,0.000333143762846523,0,0.000179899559222494,0.00359722249367388,0.00277019493017255,0.00559958628118198,0,0,0,0.00132415637261332,0,0,0.000311612083971854,6.63028958086252e-05
0.0103185015927384,0,0.000121220622180965,10.3729485033094,0.00143146477719898,0.295503977797307,0.0196052925079191,0.0251714763837077,0.600999875617979,3.09987900018727,0.000214582123882845,8.15514316475639,0.00155212860315437,0.01699931896002,0.00121509648692851,0,0,0,0,0,0.000562761396403094,0,3.17409561886486e-05,1.06484668472251,0,8.29285083362302e-05,0.000113929262671827,0.362923033092224,0.0280462486409046,0.000115633607565749,0,0.00277204931097465,0.00317466850089873,0.0302767980764557,0,0.00515469440052315,0.000210251746169954,0.039017558016537,0.0246289061625143,0.0139716625102809,0.00271744408169735,0.000675049435944257,0.000408797625666994,0,0.00115439902914528,0.000815824150925713,0.00181493348987366,0.00107907167497398,0,0.00329975582842952,0,0,0.0384063255928972,0,0.00113516331568858,0.000331017885308121,0.00119978298687226,0.0293557724954293,0.00235539632703483,0,0.0726537483637677,0,0.000787506692300193,0.000579662426050863,0,0,0,0,0.0106418224247973,0,0,0,0.0108366656803203,0,0,0,0.000964830813394589,0.000512863594522869,4.16183653281267e-05,0,0,0.000286452429306507,0.00129453491915962,1.70999514572583e-05
0.00378951979509834,0.000306569888018519,0.288580310664762,0,0,0.000383791989736604,0.0637546550127483,0.00139831641128825,0.00428301620651901,0.00112263969864716,0.000740201868513325,0.000107650170810304,0.000879497848385936,0.002468035324892,0.00410246493490105,0.823256157620101,0.0375564060515766,0.000154950155770499,0.00465528499313194,0.000562761396403094,0,0.0193705073230864,6.32878354098882,0.179792342220396,5.09325455885336e-05,0.0164166292202132,0.0512325739999597,1.8000292287054,0.224393471938399,3.60712868448043,0.000119622056437908,0.000447155559788527,0.667048190271912,0.343995109745563,0.00266335818048515,0.154652335057711,0.0941932195557359,0.285305920144464,0.0869912270445282,0.00532616883878339,0.00126429109931321,0.000501220017078027,0.00163796300131435,0.000581429386799484,0.00111611641057139,0.000622520120936024,0,0,0,0,0,0,0,0,0,3.821815318399e-05,0,0.000525356645381943,0,5.73620426212885e-05,0,0,0,0.00217725539536488,0.00240561042155916,0,0,0,0,0.00164067217151396,0.000568648151494442,0.000141635947447484,0.000785204653495289,0,0.000116733639938141,1.79100222765386e-05,0.000512558195835398,8.2663543037498e-05,0.000390103014917294,0,0,4.99383273523703e-05,0.000311781619828765,0.00105565866472329
0.00151336809322799,2.02571828841189,0.00111556354310783,0,0,0.000268489115513512,0.00249135632840075,0.000138349113526943,2.95736349024836,8.08885293000004e-05,0.00956449025430962,0,0.105768251885753,0.00142199613001379,0.000126388842371095,3.59348204468875,0.000562722311356496,0.00385618107493477,0.00284528312826173,0,0.0193705073230864,0,0.00813824812941683,1.0084536411332,0.349558929909923,0.0261319614864539,0.710967943082612,0.0715627034621801,0.00790895936047053,0.0300285949391754,0.0259183763821212,0.000185349701687576,0.00821350403051577,0.0123397917914874,0.000202118341106027,0.029561448744486,0.01201253690208,0.0189693375142389,0.0317368066792924,0.00479442749192241,0.000292089691050115,0,0.0151732571428534,0.00760034689803096,0.00280463248462546,0.00224520857935135,0,0,0,0.000566621982501441,0.097748438379483,0,0,0,0.000134173494743437,8.68852042143313e-05,0.000229475359452442,0.00805373687592575,0,0,0,0.00190655899172045,0.000130601659821595,0.000553345072189342,0.555153710441326,0,0.000276220406892928,0,0,0.0238747415947419,0.948499974444879,0.004662575130768,0.0263920089875662,0.021832687616203,0.00172314910796854,0.0806985828373352,0.0135356161552113,0.0012650086100735,0.00723368632261315,0,0,0.00138748038271239,0.00131962026738224,7.39600517737069e-05
0.0173536382024174,0.00062893449879003,3.58079267506628,0,0,0.00034669835386054,0.107557728535287,0.0076411060232693,0.00251052379219858,0.00252348783632216,0.00133405715202041,2.53288760311293e-05,0.00176863494212184,0.0104840271193093,0.00928822819706764,1.86621443965559,1.02163360866481,0.000198983253264442,0.0180924313544663,3.17409561886486e-05,6.32878354098882,0.00813824812941683,0,0.0692867792819983,0.00047784413225245,0.0881692140717544,0.983680867042357,0.446379057755267,0.224661807366252,0.184625075163063,0.000180039064266767,0,0.0206905369135443,0.458556492734539,0.00799546942697914,0.213312268497902,0.564483140888697,0.623851965687764,0.0763081077981562,0.00641368745967348,0.000824270847431771,0.000255744241636817,0.00383497381686769,0.000937435685176733,0.00067587428993651,0.00191117476156168,0,0,0,0,0,0,0,0,0,0,0,0.00136559116353105,0,0.000159295930109965,0,0,0,0.00290116477190757,0.00103895187602033,0,0,0,0,0.000685925380423487,0.000711177115798236,0,0.000460824023971255,0,5.17963589263381e-05,0.000110588188368342,0.000280800947730921,0.000108819728932841,0.000160402716775917,4.43575430586485e-05,0,0,3.22825889575863e-05,0.00430961125407009
0.0243034958256506,0.0608674980812681,0.0303135430081392,4.03532453423889,0.000136064933984473,0.0914121435296128,0.22185923193582,0.0333792905096232,4.91876006159449,0.200016419727576,0.000573175842794899,0.853207088069968,0.00417983983449351,0.0332001423073541,0.00115218539136488,2.26473178720294,0.00109265254927558,9.11389835458699e-05,0.000389722246122039,1.06484668472251,0.179792342220396,1.0084536411332,0.0692867792819983,0,0.00825356702974822,0.00305152167155757,0.179910781742724,3.2776523373618,0.0578859928146052,0.0584424530460681,0.00153190056390831,0.00126472071764927,0.0207907106962727,0.063099458959407,0.000459940428323973,0.0640243153448097,0.00857971918596143,0.0865473385978071,0.0719607744385103,0.0105389048745704,0.00133865976586347,0.000357040010033624,0.0112695097977327,0.00200373704362527,0.0158031846812469,0.00876804387049337,0.00424023586158311,0.00141868849156684,0,0.0145051140081152,0.000635646570196768,0.000266721724108585,0.0632335395906072,0,0.00758646234652689,0.00497344615578617,0.00733571073107922,0.302796710147485,0.0063686786422018,0.000454103141973283,0.0129755183771351,0.000437838496328516,0.00667596522292868,0.000541740433740322,0.0180729340701363,0,5.16630283408561e-05,0.000108948166098832,0.00840095905909673,0.00299352070762966,0.00930329308540656,0.000363056792234773,0.0617748869874244,0,2.72820453833705e-05,0.0008988028859,0.0108231577422213,0.0109049327096007,0.00788838430735572,0,0.000943974669890464,0.000724162020567665,0.0118051030087045,0.000544212776633634
0.000165560486536437,1.79208907699729,0.000703307869093213,0,0,7.49549242305171e-05,0.000133731995227366,0.000493740912398521,0.0448752142401764,0,0.964301178530174,0,2.44421756926803,0.000281234216431905,0.000114452945741687,0.0108795068162751,0.000567903323175849,0.0499202216575635,0.0383360480214386,0,5.09325455885336e-05,0.349558929909923,0.00047784413225245,0.00825356702974822,0,0.315625504190103,1.1298515777442,0.00034710378329102,0.00130488400398377,0.000317115846065979,0.629344727014883,0.00148270971861299,0,0.0330405041935553,0.000237438045808233,0.0159456672310941,0.351605961922183,0.113445392321939,0.0339729676146957,0.000155777088177836,0.000818391873099093,0.654046946793617,0.00150584996707869,0.0145773020877236,0.00619617409931946,0.000952617081280839,0,0,0.000801201757955672,0,0.0596336875764059,0,0,0,0,0,0,0.000540123430457853,0,0.0016056924333629,0,0.0143933178768593,0,0.000232956595996682,0.000545280215101859,0,0.00980117085190448,0.0025132595583133,0,0,0.0129482566443489,0,0.000106673496729375,0.0826511981905887,0.0261438898440379,0.0829165065456577,6.42211887195692e-05,0,0,0.00617173868332861,0.000248672499232959,0,0.00152297552813558,0.000168565703735281
0.0122009745458396,0.0418311251319372,1.51850800438096,0,9.11797149973342e-05,0.00017073240981216,0.0261529326052642,0.00368887876909132,0.00747088246380021,0.000656049366131986,0.397534258057871,0,0.48653688686064,0.00648765146189439,0.000921526692033777,0.00256449918145608,1.81673946929722,0.635876281004378,2.64659232161233,8.29285083362302e-05,0.0164166292202132,0.0261319614864539,0.0881692140717544,0.00305152167155757,0.315625504190103,0,2.67081643966706,0.0122230802234101,0.00927593127638059,0.0192188636973203,0.7371326350674,0.000957512822138892,0.000723764242985238,0.0938075178686409,0.000775030033780679,0.0303646360405691,0.318243178130195,0.155909807360571,0.0560189667199867,0.000421551612222176,0.000296603854511399,0.0012872939304097,0.00127983755647896,0.00981634404224864,0.00436047868622179,0.00106752736819424,0,0,0,0.00018268974728214,0.00234693345235351,7.18571199038506e-05,0,0,0,1.42030893354088e-05,0.000106263944034866,0.000136244489944018,7.54827475321126e-05,0.00334678147407143,0,0.0160626796025007,0.000105033186413743,0.000271519502551706,0,7.40083231214501e-05,0.00593714746880295,0.00381981800199948,0,0,0.000578583281092943,0,6.40468100459907e-05,0.0136853390013073,0.0364537512850216,0.0577166614250864,0,4.18427441968724e-05,0,0.00498536837315783,7.17067160444194e-05,0,0.00176668648752714,0.00052714136132016
0.00410552868866186,1.6168852031444,2.03926795414162,3.34163380706354e-05,0.000106042690272207,0.000224625199301818,0.0159816567583337,0.00139733656411935,0.0878861757652778,0.000450366972345926,0.0822276158606296,0.000132858560472339,0.470804360582679,0.00264119748834704,0.00137795432919741,0.825501119249968,0.129044473436667,0.0229032451423166,0.0894830090370436,0.000113929262671827,0.0512325739999597,0.710967943082612,0.983680867042357,0.179910781742724,1.1298515777442,2.67081643966706,0,0.109642128330083,0.00412582299154233,0.0106928697658034,0.488114760409107,0.00039463569249889,0.00117202567490635,0.104192043877586,0.00174065776503694,0.0630415214111523,0.158605233348109,0.221808658089915,0.0724633916848313,0.00127009939794509,0.000409753629411204,0.000986300131973804,0.00157684236571227,0.0102703385036443,0.00551471176397196,0.00180227519456874,0,2.96698055615458e-05,4.15946176484726e-05,3.54514725128189e-05,0.0463072986504514,5.38530382826266e-05,0,0,1.66392536088754e-05,3.90431576728308e-05,0.000111755537225157,0.000637025205632268,0,0.00172951071363119,1.10672621294523e-05,0.0123536507391235,0.000105479454037072,0.00124101028030706,0.00280788802745645,7.00299791154234e-05,0.00581001686195808,0.00193479952430727,0,0.000112112337560201,0.022387303244279,0.00027281319810464,0.0024515253692591,0.0250092149542415,0.0460165864744486,0.275843234302183,8.61235906771809e-05,0.000195748539080544,9.649396159151e-05,0.00425813463297841,2.50284632456691e-05,2.12770064607201e-05,0.00233490397502281,0.00123037721102321
0.0299505403807211,0.00258044903490377,0.249285507332588,3.04183872440226,0.000228058864035759,0.0577752182419046,3.52959458399397,0.0449542172543517,0.25378441022225,1.27673411504461,0.000706561871803553,0.0559681660331941,0.00116144889171273,0.043861921194456,0.00182491940766805,0.234017314150583,0.0117043401632616,5.88641127520317e-05,0.00143048326468963,0.362923033092224,1.8000292287054,0.0715627034621801,0.446379057755267,3.2776523373618,0.00034710378329102,0.0122230802234101,0.109642128330083,0,0.0639074074364048,1.24067417433596,3.37275838133582e-05,0.00110065515370082,0.0279185971863643,0.144605254664053,0.00132216866102768,0.0888090577439409,0.0191415528585015,0.191994910328233,0.0839818261190937,0.00200245099739579,0.00155115675627965,0.000696403058404236,0.00453104907684524,0.00021563665187521,0.00632722926388643,0.00654165388385862,0.00203715216866261,0.000579896578216112,0,0.00342007524435827,0,0,0.0428199434772839,0,0.00215045003582993,0.00297902896318634,0.00240874778906065,0.0669911474363309,0.00345001877183423,2.16061297256221e-05,0.00300970951523431,2.85963346385286e-05,0.00279184950466246,0.000655967543054071,0.0033038485988977,0,0,0,0.0105662949920185,0.00155027076471783,0.00322219907835839,0.000542296596320547,0.0264186966562009,0,3.33857960071165e-05,0.000220301884099407,0.010260615522474,0.00724027520553912,0.00406936622871528,0,0.00110109253762989,0.000898228695472143,0.00630455827830398,0.000834302605452702
1.26141139447681,0.000281840736355597,0.0137019688738756,0.00734393425767783,0.0679361502510907,0.107949692142241,0.0853693492504111,0.277548709907852,0.100093318756788,0.0615177219428704,0.0510683092192976,0.0197329236336485,0.00513666396005723,4.9571885682162,0.00138883947344437,0.00120917848501919,0.0375299301146454,0.000717898202486033,0.00545713791079884,0.0280462486409046,0.224393471938399,0.00790895936047053,0.224661807366252,0.0578859928146052,0.00130488400398377,0.00927593127638059,0.00412582299154233,0.0639074074364048,0,3.02059009337268,0.00109743287774408,0.853269478835839,2.80183117560249,1.75234753157044,0.000151375949920949,0.0125742998979378,0.0304669780619884,0.603378363303838,0.0665614166674823,0.0126038999502047,0.12935758323541,0.00727494201914775,0.00108007356276986,0.00054591619322549,0.00203780960050873,0.00256854063866702,0.00108172169781961,4.46150790247481e-05,0,0.00235840290950631,0,0,0.000524354389634897,0,0.00125437539906404,0.00224944895796622,0.00095613022969027,0.0350014678934654,0.00113492400785006,3.05268135695155e-05,0.000775955741205106,0,0.00131663609076868,0.000317820253703659,0.000184737203686898,0,0,0,0.000703485087636234,0,0.000378100419868081,6.76925547199525e-05,0.0187073522968457,7.82156886853444e-05,4.28487303149455e-05,2.77910422502329e-05,0.0033953158102882,0.00232579465139753,0.000831245988401326,0,0.000588575366486093,0.000554681020175318,0.00115467922256171,5.2748352121877e-05
0.155211432578766,0.00110746559549714,0.125352787299376,0.000344719558625674,0.000140309346904292,0.00066556109707431,1.13131394271732,0.0186523951439534,0.0617504096187621,0.00213600871587305,0.000553304039109002,0.000292804788718133,0.000616878302440475,0.0626734839846877,0.000149405021657509,0.00887867502251439,0.0724046526319488,5.11052184753928e-05,0.00533491292786209,0.000115633607565749,3.60712868448043,0.0300285949391754,0.184625075163063,0.0584424530460681,0.000317115846065979,0.0192188636973203,0.0106928697658034,1.24067417433596,3.02059009337268,0,0,0.000492913005192437,0.812087032990555,0.386619318335386,5.49892692287858e-05,0.0126896539902654,0.0115551495988125,0.09936806891451,0.0337397073046135,0.00092788992915997,0.000270472381128629,0.000103627852807969,0.000705607815193262,0.0002599991479622,0.000985484362962089,0.000481120036665468,0.000261274229055341,0.000227849600558508,0,0.00085771627385439,0,3.92840447643525e-05,0,0,0.000154283282262738,0.000274740845206506,0.000214656059601436,0.00633684799529387,0,0,0,0,0.000157043877404861,0,0.000281289919583699,0,0,0,0,0,0.000535588916484969,0.000115100783360795,0.00139683528121341,0,0,0,0.00163723273039645,0.00141543207133475,0.000948672816901097,0,0,9.69585151237567e-05,0.000453746670788609,0.000183976261353247
0,0.0409024092055735,0.00287547626135115,0,0,0,0.000136453639355277,0,0.00827577445375733,4.1851297218295e-05,0.347330947464162,8.22501755951936e-05,1.85443517837795,4.82218832311282e-05,0.000256060508884349,0.000501756765817641,0.000920845161229152,0.034036132061342,0.0292066606492391,0,0.000119622056437908,0.0259183763821212,0.000180039064266767,0.00153190056390831,0.629344727014883,0.7371326350674,0.488114760409107,3.37275838133582e-05,0.00109743287774408,0,0,0.00270213072137032,0,0.0113250390775411,6.04715859789141e-05,0.00859608106357648,0.179578279873523,0.0399780897168064,0.024755019672458,0.00100652459496627,0.0015666600836807,0.00890920475888839,0.000478224488411802,0.00611090724319804,0.00176620804236476,0.000819230983253915,0,0,0.000995631267124153,0,0,0,0,0,0,0,0,0,0,0.00131576548314681,0,0.00755454561886786,0,0.000854964753370447,0,0,0.00278004357259588,0.0023653961989975,0,0,0,0,0,0.00530734434252152,0.00998917803067264,0.00496568858113944,0,0,0,0.00785540173969199,0.000162094814041712,0,0.000980479960645785,0.000197028413599552
0.00259058634114831,0,0.000173896534100229,0.00033729120539748,2.18642773378779,0.152558399189264,0.0012594629266797,0.348346770729621,0.00249045664906996,0.00227593679768543,0.0360990716603722,0.00481312441127211,0.00356553484773521,0.263717438115057,0.00344663409497936,0,0,0.00088912253256739,0.00119173556256328,0.00277204931097465,0.000447155559788527,0.000185349701687576,0,0.00126472071764927,0.00148270971861299,0.000957512822138892,0.00039463569249889,0.00110065515370082,0.853269478835839,0.000492913005192437,0.00270213072137032,0,0.00305116226502698,0.881462964826549,0,0.000569175081488321,0.0177676394810882,0.198338308994741,0.012799602164157,0.153944760790407,2.95625716407919,0.00401761518558573,5.75992475097299e-05,0,0,0,7.86515717426097e-05,0,0,0,0,0,0.000305114514496772,0,7.75445727176174e-05,7.32036196818926e-05,6.07850989220145e-05,0.002657404164415,3.87313430906637e-05,0,0.000150541549841616,0,0,0,0,0,0,0,0.000108485782014691,0,0,0,0.000401042639478908,0.000154270964308643,8.33471573616759e-05,0.000132290058755681,2.68785132298858e-05,5.32379998680697e-05,0,0,0,0,0,0
