0,0.00115101880098664,0.107472951120614,0.0266908332418204,0.000208871104979972,0.0670962654231435,1.49597222433895,0.389424310598862,0.234125856403469,0.116582565961076,0.00608787378770562,0.0154635728602918,0.000117890533508381,5.86769168943672,0.00110758470757213,0.0110335523458244,0.117986369655624,0.00152831264427401,0.0233165182876878,0.0269976195820182,0.0477069000387151,0.010661943545234,0.0897405911075879,0.126570230224271,0.00121911362084293,0.0313199415636829,0.00437791740095034,0.231505975462792,0.443161849702217,0.443406105045529,0,0.00232052191103182,0.0983590204307897,0.116883504672942,0.000871172439002918,0.0205858047380507,0.00909732870548876,0.0574816008444258,0.0189171100955145,0.00509130150687327,0.00240839896021006,0,0.030592039850014,0.0022259785141905,0.0205050640532493,0.0206021826584,0.00171667984750184,0.00441929599121801,0.0014152317173876,0.0102359441331702,0.000149434493857242,0,0.00306983017726372,0,0.00263315767788757,0.00716727518570013,0.00691786924979178,0.0308098374354612,0.00454352757421901,0.000391348231618555,0.0016748289756854,0.00062193300019246,0.0143478421711277,0.000418021541076913,0.00773717276595532,0.000146928350127176,0,0,0.00229188083914991,0.00360023036158529,0.00615892039263667,0.00107789889931619,0.0470287187961321,0.00087873619721528,0.000546075237096381,0.00110301541939613,0.0277239299251166,0.0187594013549296,0.00755534250724194,0,0.00172934886548163,0.0150823245790418,0.0117229580109184,0.00086132695439715
0.00115101880098664,0,0.0789426708236805,0,0,0,0.00160493549867512,0.000961609303174837,0.449432098902704,0.000385041944451305,0.027796856863497,0.000237626748356432,0.253429501256496,0.000616150634688143,0,0.252494383975151,0.0709131690389299,0.0108111484229098,0.0854813009945294,0,0.00373341703378185,3.00880102905216,0.016628123040412,0.158873671823212,2.21802293422752,0.343127333867605,2.10127425491884,0.00780699502616258,0.00122499066098703,0.00456375042125787,0.0334440563201923,0,0.000515772689368914,0.0712478979420708,0.000588856387355612,0.0314848401827999,0.0741495242278207,0.0765504619064257,0.0207214374244669,0.003190433532647,0,0,0.0231939754731206,0.0538629549297416,0.0862725420964168,0.025143516182337,0.000307858156735124,0,0.000870491849189331,0.00246052769024187,1.93084912478532,0.0533698420115234,0,0,0,0.00144677458586025,0.000245357690100258,0.029049941382918,0,0.00155697010532261,0,0.0439462352285874,0.000315138500545409,0,0.0289401333513592,0.0783913211943536,0.0025375733448908,0.0552866350390627,0,0.0025350668190652,0.218620629262103,0.00572889127999231,0.0131024197339723,0.662040215600527,0.073962967062171,0.252498025886868,0.00280050435284348,0.00106957719420699,0.00471736040511622,0.00515137070675103,0,0.000889730876632435,0.0279734348370174,0.00133863506888624
0.107472951120614,0.0789426708236805,0,0.000791437350195626,0,0.00315212514471928,0.310044513335215,0.0346985305710271,0.0294993315566926,0.0126937932022259,0.00931086956501272,0,0.000797335257270763,0.0445351201278547,0,0.0452435189944588,3.09615482669649,0.0103569071584564,0.0766837209907448,0.000734213353373374,0.359182599521869,0.0518712636842709,4.22447632279812,0.0269912766614117,0.00910322341577501,2.38217472922966,2.34467424448765,0.172545636327611,0.0216211445044831,0.157468806339801,0.00158635225572485,0.000391907190618298,0.0101445137647102,0.178315668142448,0.00436855715310869,0.116252802515419,0.210989544111078,0.397923895120801,0.0883809928055736,0.00267887270626193,0,0,0.0132039048437054,0.00686172547793575,0.0105955816475369,0.00952108280062342,0.000178228805240665,0,0,0,0.0527827309478682,0.00431358421654193,0,0,0,0.000960621723879573,3.43719792024176e-05,0.00365834498142579,0.000186535639895041,0,0,0.00150425570544756,7.99807453414417e-05,0.000386141303059574,0.01528196083056,0.00427039774069816,0.000117867914247545,0.000435484186051693,0.000232415065203627,0.00208944760990127,0.0408078490749697,0.00543026356935572,0.00621789902666722,0.00643877568317534,0.00241102419468551,0.0361920036156627,0.00190208788669552,0.00102754810229897,0.00153272326349511,0.00031296303451793,0,0.000660556655043054,0.00277688893349235,0.003958974467514
0.0266908332418204,0,0.000791437350195626,0,0,0.0374288207940242,0.0241864168124252,0.0544914759527943,0.550992202210624,2.06269656940728,0,1.6717520048335,0,0.0245951913834157,0.00236477067277118,0.000216723241425357,0.00030881263905172,0,0,12.4097588126493,0.00036810105957176,0.00036070749178113,0.000949201019834409,4.56913957191139,0,0,0.000308266472707188,2.73150095141893,0.0267687638691911,0.00138138203246509,0,0.00111994289743537,0.00419069584952101,0.0136914324414825,7.8525630683503e-05,0.00683592838073763,0.00167071719729253,0.0100983920149641,0.00469950209697353,0.00888829461841022,0.000299712141640988,0,0.00172434678116906,0.000329202168668538,0.000981022178263291,0.00237521637653704,0.00723659155810763,0,0,0.000582515646344854,0,0,0.0102375501427781,0,0.00793387952674355,0.00308293978609392,0.00337817914878885,0.0118503183355413,0.0200717476790166,0,0.00752308807455666,0,0.00345029237666587,0,0.000538179195226842,0,0,0,0.0140134337655811,0,0.000221371931445058,0.000178170653239648,0.0162768879271889,0,0,0,0.00665571059353383,0.00191006406662577,0,0,0.00135730635540229,0.00106800783498807,0.000977679023322625,2.17158097385647e-05
0.000208871104979972,0,0,0,0,1.70718308372842,5.66432940697576e-05,0.993836279908998,0.00161466868668186,0.000903312531269317,0,0.00603137636824403,0,0.0338019224914925,0.0258120409648929,0,0,0,0,0.00159581034885926,0,0,0,0.000502144521197236,0,0,0,8.00379468770889e-05,0.0763595128732291,0.000187793225978833,0,2.37719504413486,0.00343234793148983,0.185543453931958,0,0,0,0.013695267662115,0.00103695525510296,0.176743937117306,2.36871123847394,0,9.25949424622017e-05,0,0.000234983034189066,0,0.00044786568297096,0,0,0,0,0,0,0,0,0.0002563069805846,0,0,0,0,7.67996740782227e-05,0,0,0,0,0,0,0,0.000198389116511682,0,0,0,0.000100695643553578,0,0,0,0,0,0,0,0,0,0,0
0.0670962654231435,0,0.00315212514471928,0.0374288207940242,1.70718308372842,0,0.145161846781227,2.68276772575824,0.119396863698162,1.95221669222601,0.00067885964125111,1.34507592992832,0,0.136818036007416,0.985515149218973,0.00016658539682625,0.000567951784095845,0,0.000408650927020634,0.13873052969882,0.0015762958076508,0.000394361741619515,0.00215873899959805,0.0619426106061815,0,0.000681334822006915,0.000125570504080627,0.0966215758244601,0.0919780643844434,0.00132707424804926,0,0.182266663619899,0.00161208128220401,0.0233294255536547,0.51707480234617,0.00257330093542821,0.000327815847631066,0.0142393847552179,0.00202758295392673,0.663184598611753,0.0251504074683463,0,0.00480737488251125,0.000215681357590726,0.00330588903022492,0.00256409539400701,0.00878489369807476,0.000731580596773251,4.91913405146565e-05,0.00293393646878484,0,0,0.00871129126146417,0,0.00808654400580181,0.00808730792628733,0.00841565119407197,0.00849147695035277,0.0297562880049511,0.000157264699135531,0.00844728540600566,0,0.011423509395127,0.000616831739768106,0.000596936885396729,0,0,0,0.0073688465343439,0.000214818956122478,0,0,0.0174367510951937,0,0,0.000262676442649966,0.010170945110996,0.00473401252688508,0.000267014860675125,0,0.00097779057958681,0.000458402659174126,0.00563110367705924,0.0042871456252298
1.49597222433895,0.00160493549867512,0.310044513335215,0.0241864168124252,5.66432940697576e-05,0.145161846781227,0,0.373695940754344,0.256071803700444,2.70973523175233,0.0020994296763619,0.00407198289614506,0.000333844014188017,1.22111622375402,0.000470034502290467,0.0111263202931834,0.0654188597256717,0.000815036468941794,0.00623431339713401,0.00565954314870617,0.287789126853989,0.00477695190127204,0.326117764136211,0.350017697179444,0.000782552546572458,0.0591001367648386,0.0238749695639379,4.07847569636464,0.0803612736262186,1.61999165194619,0.000128962614199604,0.000775115320045442,0.0180773637509017,0.0664911272274963,0.00192894835638072,0.029042491356768,0.0162448046079963,0.0873073999816575,0.0278946708023821,0.00256418072947989,8.42001244133516e-05,0,0.0246782950696515,0.00142722616786115,0.0122969570907501,0.0122578278407217,0.0017810731041875,0.000878507799179203,0.000236375543923634,0.0060431583388937,0.000948360312584841,0.000472727742712587,0.00261080466149564,7.69592456273116e-05,0.00797442013782845,0.00879648249798219,0.00990391460856208,0.0197667434535107,0.0103354611769253,7.05370723303733e-05,0.00193197726933406,0.000536059914680911,0.016569483887594,0.000562280282185598,0.0090269164616841,0.000162238089956622,8.16804654316661e-05,0.000686658854313065,0.00212679242683357,0.00329330408575005,0.00485704042981254,0.00194139331432479,0.0374161552663282,0.00077265251043645,0.000239051527052957,0.0018221156790549,0.0203768285060048,0.0147392224301774,0.00432867852100222,0,0.00174796021765233,0.00242497084113415,0.0107196702837166,0.00124493375676862
0.389424310598862,0.000961609303174837,0.0346985305710271,0.0544914759527943,0.993836279908998,2.68276772575824,0.373695940754344,0,0.213509306054173,0.620189707205286,0.00411469662032688,0.280028672187315,0.000232496646252744,3.54152204816744,0.0150155582450869,0.00336968320000297,0.0179496390300224,0.000306427263617449,0.00408351224415709,0.111087294543675,0.0217622175444307,0.00184581006014893,0.0309760145157164,0.103100933261213,0.00119133980437605,0.0112458922822702,0.00230370126568606,0.206953667874928,0.807391068836217,0.0398726851013168,0,0.754296683961107,0.0115159254126852,0.185097991004089,0.000511069336769364,0.00694518174768521,0.00628570929561589,0.121821715024341,0.0122706201078386,0.148723370981349,0.0530634016002744,0.00037338983756624,0.0181357015786447,0.0024520443587125,0.0126938040662211,0.0148945674996935,0.0105434768494606,0.00107014391178763,0.000179492950142792,0.0125964781082468,0.000347014025758192,0.000509431818226186,0.00828056804330783,0.000248304382312628,0.0179845771883599,0.0177579157731598,0.0190960655504819,0.0156930331609508,0.0266634633365815,0.000430468075360985,0.00858791979957782,0.000759794972168776,0.0299357938819636,0.00132790003847823,0.00190730367968675,0,0,0,0.00634386617029063,0.00111874171412957,0.00248295386602371,0.00114825286114577,0.0586592852712264,9.98691162248135e-05,0.000116122547780782,0.000717385929644408,0.0308893953402327,0.0209345027711292,0.00410142255789395,0,0.00426682957616694,0.0051299238362661,0.0135340389505218,0.000524694836471113
0.234125856403469,0.449432098902704,0.0294993315566926,0.550992202210624,0.00161466868668186,0.119396863698162,0.256071803700444,0.213509306054173,0,0.324600515251066,0.00769484517330904,5.12239890317728,0.0504670301458213,0.143655275251363,1.50591404385912,0.0795966079260278,0.00826544620607879,0.0014739886067916,0.00560660331950686,0.984843758684737,0.0682747673846499,2.41082579307024,0.0379375034381728,4.93640448381483,0.124046115937107,0.0257488826597537,0.0945152615611344,0.487971851372431,0.201504201306036,0.125534225901226,0.00591637797521203,0.00759114322914651,0.167975406376699,0.126725251572837,0.00630103864955576,0.216384129374229,0.063934170287352,0.157948641605155,0.126522818647001,2.56872532127445,0.00447922827182863,0.000328365137049896,0.143162839559842,0.0185118979331476,0.0796467288117548,0.089343484698078,0.276381266620345,0.00412712829650391,0.000261171776121533,0.0455189120699539,0.0448816422885983,0.0032841036090028,0.0694182320846419,0.00313863451096487,0.033554733184384,0.0402316278965771,0.0326452376267332,0.924870324598263,0.0937183580504476,0.00150568259937419,0.183193564180856,0.0032706493404846,0.0539239554405407,0.0126693228211729,0.100413835127193,0.00185951042908929,0.000711135499274424,0.000599183928306806,0.101079875632097,0.0391425843245194,0.170342274996763,0.0124055755791719,0.304828567326124,0.018457855630902,0.000557378752369228,0.00693059735614782,0.12403109179505,0.065871094173343,0.0380798919233223,0,0.00851455136379893,0.0538411610967355,0.046033124392565,0.00538459490671922
0.116582565961076,0.000385041944451305,0.0126937932022259,2.06269656940728,0.000903312531269317,1.95221669222601,2.70973523175233,0.620189707205286,0.324600515251066,0,0.00134935750135278,1.32015044747304,9.9751450426816e-05,0.45481184821209,0.00208853027311866,4.4710257686095e-05,0.00145414345377596,0.000149685931554245,0.000244312297435002,3.98281045601282,0.00677140154129006,0.000706090634660965,0.00763291546986008,0.326423256357615,0.000363730360856363,0.00282543706964314,0.000873829430049304,1.83192502118762,0.127206032904418,0.00482531275667416,0,0.00599607249491516,0.00948602959954738,0.057858370340649,0.00358856588726457,0.0197065694789582,0.00317345646177787,0.0445448282404159,0.0176107853677971,0.00916440826034524,0.00204775785809567,0,0.00717438290288869,0.000824911450203892,0.00704114877262817,0.00264891784487279,0.00697946247073188,0.000335767902826592,0,0.00516829945238944,6.6225008456715e-05,3.58079543168036e-05,0.0183792643369418,0.000167053274332203,0.016410797090471,0.00939768219241296,0.00918190276452254,0.0155005057154751,0.0528573069861375,0.000444256601970572,0.011014055076309,0.000235915676964683,0.0103903327988845,0.00156240397158075,0.000844613665922846,3.95223165384332e-05,0,0,0.0148407128562638,0.000401809039927582,0.00027990523456911,0.000240666562103975,0.0367522723218508,6.30893212655477e-05,0,0.000188609277022855,0.0175138632311767,0.00682633126028116,0.000548497666908853,0,0.000851715879223864,0.000909002469363189,0.0074219200091958,0.000140504313052617
0.00608787378770562,0.027796856863497,0.00931086956501272,0,0,0.00067885964125111,0.0020994296763619,0.00411469662032688,0.00769484517330904,0.00134935750135278,0,0.000846054612598175,2.48750037587917,0.00430543281242608,0,0.00356907414010018,0.0315374673976217,0.571853358263811,4.5753099576349,0.000543327835559318,0.0058766133630655,0.00843232623928328,0.00682398493608526,0.00488024309767386,1.32115253745842,1.14339636820456,0.165447305110033,0.00228869299940659,0.0252996172030309,0.00914350829305693,0.9023330473258,0.00823164232582523,0.0025757381022191,2.59865594115282,0.00066408646718748,0.0723936929165798,2.05570147321574,1.35586264329365,0.1880806855649,0,0.00118272056621847,0.22782606646189,0.00178471198164134,0.0214851925469663,0.00943608025786972,0.000890920168992571,0,0,0.000236091616414448,0.000259032934854887,0.00223628986493337,0.000366732055908564,0,0,8.26484214483808e-05,0.000303349203426154,0,0.000759532341284914,0,0.0165343854200316,6.11809942289705e-05,0.0332158706104276,0.000203707546019856,0,0.000413442435320665,0.00021504083978953,0.0182700201718937,0.00779400366490231,0,0.000121532606684836,0.000241498579697796,0.000405577025019051,0.000640857356482838,0.286298715809723,0.0444778473521806,0.029691573232021,0.000103363673416635,0.000100988057128775,0.000265237253013987,0.0133031866364956,0,0.000278909461186791,0.001507265621221,0.000549614613842419
0.0154635728602918,0.000237626748356432,0,1.6717520048335,0.00603137636824403,1.34507592992832,0.00407198289614506,0.280028672187315,5.12239890317728,1.32015044747304,0.000846054612598175,0,0.000451691938880054,0.0366174814472573,0.433567362115996,0.000182525617287987,9.20805426764893e-05,0,0,12.7122477129231,0.000168442414473261,0.00114924275138031,6.27139999492266e-05,1.98531263992873,0,0.000107866341855184,0.000174237954571947,0.163776551743676,0.0718711061782017,0.000695932725988237,0,0.0104074546656091,0.00125052285207899,0.040374084835454,0.487819837713622,0.0155058790891423,0.000445106527323376,0.0308350148301954,0.00329705554807181,0.610738789898478,0.000348072731207141,0,0.00794886443446784,0.000192191439273558,0.00438148812602289,0.00181283430224736,0.0539610809983811,0.00022855875987271,0,0.000451687507452983,0,0,0.0146665638680072,0.000327192795677978,0.0101239001068419,0.00134988209217629,0.00370862079935752,0.0282162318779764,0.0247925901074071,0,0.0502977219721085,0.000136835262410226,0.00392135416710406,0.0025803072566386,0,0,0.000107201176263491,0,0.0350141953114373,0.000234583958476872,0.000163525308464267,0,0.0110154984765656,0,0,0,0.0086000329142735,0.00238550935205875,7.90992089334374e-05,0,0.00136149482306569,0.000355098791415633,0.00436347939627957,0.0160417301627904
0.000117890533508381,0.253429501256496,0.000797335257270763,0,0,0,0.000333844014188017,0.000232496646252744,0.0504670301458213,9.9751450426816e-05,2.48750037587917,0.000451691938880054,0,0.000412078510768563,0,0.00453860994539784,0,0.00484401475918373,0.00270803323539007,0,0.000698764920640584,0.0781232613830749,0.000542995262668631,0.0148983061138157,1.16902932608718,0.316976599561447,0.41662484179242,0.000583157506883388,0.00103195784339386,0.000429707083963235,1.4565499805504,0.00034067087842371,0.000252244125309529,0.04710536712608,0.000685135030117865,0.0659722964806716,1.19837477911762,0.330435858795548,0.479140462947115,0.000482367572341106,0,0.354308596830689,0.0471083845813913,0.0208671284764917,0.00583913491754656,0.0101193882448063,0,0,0.00432358576909851,0,0.0101258181313577,0,0,0,0,0,0,0.000316546349168195,0,0.00990936471042095,0,0.262720512356272,5.53817300052682e-05,0,0.00123026512245808,0.00068248941169604,0.0082157275903749,0.00215160928351831,0,0.000352486721670498,0.00220328846214844,0.000719614454403494,0.000535561676545174,0.0912653945981026,0.0163867046454462,0.010831068331119,2.38419412528722e-05,5.87527812148311e-05,0.000215959612767496,0.00465100480536672,0,0,0.000920512665861066,0.000121599481844126
5.86769168943672,0.000616150634688143,0.0445351201278547,0.0245951913834157,0.0338019224914925,0.136818036007416,1.22111622375402,3.54152204816744,0.143655275251363,0.45481184821209,0.00430543281242608,0.0366174814472573,0.000412078510768563,0,0.00110103020198493,0.00398684226455105,0.0261781675877458,0.000521923604346774,0.00649675182670086,0.0304509072273086,0.0252041347384742,0.0032103193287404,0.0416995252626684,0.105114464736538,0.000495488592262117,0.013478264450455,0.00287930808711196,0.192724273942943,3.56257790298172,0.128162616465787,0.000121867686490914,0.185175136553793,0.132092439793828,0.226939589223822,0.000740074469100803,0.0101445685598796,0.00738951446759249,0.115855322030844,0.0140282909914016,0.0167381821109952,0.00863712065460512,0,0.0195637394450268,0.00242555107131247,0.0154823953794829,0.0119774741767215,0.00162605609850127,0.00124719703423226,0.000268559884243347,0.0124277462542474,0.000271409358409216,0.000201058566953968,0.00246224301020419,0,0.00653800433532028,0.00974910254873312,0.00990160458105206,0.0172514619888841,0.00883181840775088,0.000606901163581158,0.00155152872469725,0.000555981553954704,0.0157713590889544,0.000501926487720197,0.00428696276130971,0.000263309730300705,0,0,0.00133429709366418,0.00197279238344629,0.00197486103897712,0.000966259140976579,0.0495666780304873,0.000265127201091702,0.000136257348721362,0.000280343224037002,0.0285648167302438,0.0160823906335062,0.00581681376566783,0,0.000742818259373966,0.00626870045023082,0.0112706215407263,0.000314898490647928
0.00110758470757213,0,0,0.00236477067277118,0.0258120409648929,0.985515149218973,0.000470034502290467,0.0150155582450869,1.50591404385912,0.00208853027311866,0,0.433567362115996,0,0.00110103020198493,0,0,0,0,0,0.0112535822066555,0.000232562043861718,0,0.000441753972465458,0.00692052772586472,0,0,4.60597006510276e-05,0.000298209836562991,0.00212958810187653,0,0,0.000562349786074882,0,0,0.193659898510643,0.00159730652022929,0.000394945340518904,0,0.0014256772711188,1.04941531212231,0,0,0.000598686709663821,0.0034644028832801,0.000638111430910472,0.00254229875665242,0.00171967756640264,0,0,0.000215768525701002,0,0,0,0,0.000165772183597673,0,0,0.000613811540726067,0.000204397197031829,0,0.000822100232104689,0,0,0,0.00171014141172332,0,0,0,0.000315379123175152,0,0.000174134522592439,0.000262410342307458,5.35090181125065e-05,0,7.32919348381701e-05,0,0,0,0,0,0,0,0,0.0105912509720306
0.0110335523458244,0.252494383975151,0.0452435189944588,0.000216723241425357,0,0.00016658539682625,0.0111263202931834,0.00336968320000297,0.0795966079260278,4.4710257686095e-05,0.00356907414010018,0.000182525617287987,0.00453860994539784,0.00398684226455105,0,0,0.025675289002373,0,0.0052344514919993,0,0.989325597227054,5.30003044937698,2.46780844438953,1.70304271621619,0.00936223063408682,0.0170710773262288,0.810084377528295,0.564549767037931,0.00838852051578068,0.0527420772379546,0.00069149696560962,0.000430011768341707,0.00862153875608724,0.162724288463631,0.0223473315608781,0.37638749875781,0.34056327025306,0.358037466786331,0.197932490917944,0.0245390704985494,0,0,0.117593504987016,0.0487250712193324,0.0873545385925499,0.0687417944332023,0.000831967429812092,0.00196119654102312,0.000779037630529587,0.00264629324493633,0.0323162931243062,0.00406859399366674,0.000307588815770532,0,0,0.00210549581332931,0.000421630827248328,0.0306292418905436,0.000169461661971589,0.000345383225676188,0,0.000870670546883927,0.00156040616008056,0.000778032303691899,0.661485163768768,0.00165603403821783,0.000334603838361073,0.000393808541839864,0,0.0460718780853918,0.295813170880988,0.0717307133219158,0.0409032227312924,0.00661571250816188,0.00129642438031182,0.0363063426484991,0.0189029256558762,0.00402715606727496,0.0171671483449135,0.00010457124664387,9.01165661616309e-05,0.00243227162307801,0.0120368000411213,0.0162555998257901
0.117986369655624,0.0709131690389299,3.09615482669649,0.00030881263905172,0,0.000567951784095845,0.0654188597256717,0.0179496390300224,0.00826544620607879,0.00145414345377596,0.0315374673976217,9.20805426764893e-05,0,0.0261781675877458,0,0.025675289002373,0,0.00612706510219186,3.33698591667589,0,0.102299913046476,0.0159574461859321,2.26698794380675,0.00813751705641661,0.00247565864612278,1.45895638402238,0.281607558170697,0.0193677644057877,0.0275013680734785,0.164145293581924,0,0,0.0115659359149395,0.752228316310404,0.000568054726765167,0.040650980103373,0.292996280043782,0.149351522574956,0.0151794885132433,0,0,0,0.00238333566839819,0.00238439797909351,0.0053789688428049,0.00279243117746051,0,0,0,0.000507193534136412,0.0355392121598863,0.00285870200201871,0,0,0,0.000182468835979069,0,0.00125377833938638,0,0,0,0.00101918416862036,0.000207227404168513,0,0.0028704414025474,0.00447746242025702,0,0.000780649625393107,0,0.000785056097922567,0.00762444972024723,0.00131307368093454,0.00117599359331918,0.00970221566781841,0.00322978315780941,0.012895350367761,0.000587003650250301,0.000275005911371147,0.000121857679629268,0,0,0.000376087435195904,0.000758727307786865,0.00060282537182094
0.00152831264427401,0.0108111484229098,0.0103569071584564,0,0,0,0.000815036468941794,0.000306427263617449,0.0014739886067916,0.000149685931554245,0.571853358263811,0,0.00484401475918373,0.000521923604346774,0,0,0.00612706510219186,0,2.42411307366528,0,0.000634779703610692,0.00101256720400894,0.000620384414960253,0.00061895947072183,0.0712163304881952,1.3441101288057,0.0239651485891582,8.11674033976938e-05,0.000759682581750135,0.00159889634638581,0.0120605192320794,0.000181019041477994,0,0.0306531249485692,6.55497648106018e-05,0.00181170744008648,0.0428916678965357,0.0325937651180856,0.00345630481880004,0,0,0,0.000111590048881283,0.00810142063166532,0.00213116878390237,0.000667666173084593,0,0,0,0,0.00113796289055828,0.000572279126500264,0,0,0,0,0,0.000246612102508224,0,0.00448537903358115,0,0.00773403886598333,0.000149207403562631,0,7.11476784899406e-05,0,0.00374916132199034,0.00113887397357371,0,0,0.000131658097712994,0.000126952309737131,0,0.102503472875381,0.0121354559230499,0.00749124304935921,0,0,7.49283259388069e-05,0.00800143921830137,0,0,0.000942732302767754,1.99532787393333e-05
0.0233165182876878,0.0854813009945294,0.0766837209907448,0,0,0.000408650927020634,0.00623431339713401,0.00408351224415709,0.00560660331950686,0.000244312297435002,4.5753099576349,0,0.00270803323539007,0.00649675182670086,0,0.0052344514919993,3.33698591667589,2.42411307366528,0,0,0.0159870150173147,0.00331937759755839,0.0208789054682357,0.00342757459762307,0.125046322553958,2.47135212121706,0.0998806751121812,0.00389887590505418,0.0118377104817846,0.027872193651599,0.0142334912404096,0.000452145176621819,0.00480016448799832,2.04761238141006,0.000523876654861208,0.0265693498365885,0.22737188934706,0.447074620752725,0.0459511313529341,0.000203195299156283,0.0013132746519335,0,0.000827306686225153,0.0119713707057704,0.00557954394737077,0.000725132784717985,0,0,0.000142953720853822,0.00060887477855065,0.0221375016668734,0.000769584955642994,0,0,0,0,0,0.000116582514042289,0,0.00604975304145096,0,0.0119218396051253,0,0,0.000641298067134539,0.000724978216855039,0.00723921263523736,0.00676245636225238,0,0.000119132993120413,0.000976349592196231,0.000131614381634164,0.00029961921408215,0.182768944832872,0.0204317162457316,0.0174001857164875,0.000227930811156156,0.00017556246145566,8.95292904033898e-05,0.00707758125868077,0.000390749209163281,0.000132264723516191,0.00155491160037193,0.000451148621274749
0.0269976195820182,0,0.000734213353373374,12.4097588126493,0.00159581034885926,0.13873052969882,0.00565954314870617,0.111087294543675,0.984843758684737,3.98281045601282,0.000543327835559318,12.7122477129231,0,0.0304509072273086,0.0112535822066555,0,0,0,0,0,0.00065605591310329,0,0.000259322469983406,1.84280717933561,0,0,8.75257361758813e-05,0.484343299280333,0.040044064847574,0.000900984880310969,0,0.00495297423159652,0.00313424880941632,0.0188132113154517,4.72644322991322e-05,0.00395836636572608,0.000267657647179442,0.0188250452426721,0.0030502926904042,0.0153913615319,0.000337330747730825,0,0.00179571216655367,0,0.000858208886689827,0.000907474735014791,0.0126811982283941,0,0,0.000427513088598371,0,0,0.00819923867662528,0,0.0056938856474741,0.00191428866647784,0.00189141187036807,0.0169725060684792,0.0182009550504165,0,0.0143359762086031,0,0.00290808228960717,0.00231376974863352,0,0,0,0,0.0162943602155135,0,0,0,0.0103927239354623,0,0,0,0.00572383711031762,0.00202542818460267,4.62271427188092e-05,0,0.0010784862699033,0,0.00163346521081813,0
0.0477069000387151,0.00373341703378185,0.359182599521869,0.00036810105957176,0,0.0015762958076508,0.287789126853989,0.0217622175444307,0.0682747673846499,0.00677140154129006,0.0058766133630655,0.000168442414473261,0.000698764920640584,0.0252041347384742,0.000232562043861718,0.989325597227054,0.102299913046476,0.000634779703610692,0.0159870150173147,0.00065605591310329,0,0.0695504363861627,5.48018856301204,0.0987669349045079,0.00105538675361349,0.0569888496319832,0.0602159661839721,1.6894451033522,0.153681014210611,3.24570059511106,0.000422470374784387,0.000621065115354936,0.665841617446346,0.53931403588823,0.0329547518105134,0.24499501888204,0.135135796603364,0.470419842854989,0.118532978229565,0.0156707286746571,0.000868973515214528,0.000570600141147088,0.0375318666734399,0.00737921526346826,0.0242055280471025,0.0175369527072589,0,0.000171111138126833,4.35644413553898e-05,0.00116327819107886,0.00289049339145715,0.000671889877408846,0.000221931394272457,0,8.83949977644669e-05,0.00127836558054618,0.000392874768205643,0.00764418453346182,0.000224975773199429,0.000363589665775053,0,0.00028511437586289,0.00192394918488688,0,0.0647517511817976,0,0,0.000254794493954712,4.82737531015956e-05,0.0195679578084833,0.0245647768436344,0.00875503717090763,0.00952290127884458,0.000221314919970047,0.000270609715946675,0.00596991466194741,0.0128136652963984,0.00534178939162946,0.0114758547336327,0,0.000397707703228422,0.00220618594087,0.00629350467504446,0.0129188151705146
0.010661943545234,3.00880102905216,0.0518712636842709,0.00036070749178113,0,0.000394361741619515,0.00477695190127204,0.00184581006014893,2.41082579307024,0.000706090634660965,0.00843232623928328,0.00114924275138031,0.0781232613830749,0.0032103193287404,0,5.30003044937698,0.0159574461859321,0.00101256720400894,0.00331937759755839,0,0.0695504363861627,0,0.12685821287578,1.9139527186561,0.273317509432034,0.0344908058613823,0.518020871486208,0.081250101842872,0.00845554021491922,0.0278212495549472,0.0123367240396766,0,0.0197033766242747,0.0553035106959338,0.00628915636950174,0.102891806285782,0.0672609655848481,0.108900948162823,0.0422528420519888,0.0108890244042609,0,0,0.0879765927223408,0.0530512294644229,0.0856830180847417,0.0464347429501943,0.000558971168319385,0.000712990230723874,0.00137671880368194,0.0041407431395649,0.620100938480736,0.011605167700792,0.000448774095448346,0,0.000171876879848183,0.00285374181502151,0.000226390573237179,0.0979434327558316,0.000343039500741049,0,0.000172666671101936,0.00717289575144645,0.00301021510354274,0,0.570150577219115,0.00894167823046312,0,0.00238846559104514,0,0.0479650910044983,1.05453376601669,0.0649858011345591,0.0354503024664239,0.0724648233182715,0.00344201196310076,0.101725323585174,0.0204920970769764,0.00831966265131636,0.0218521930623185,0.00243270206537359,0.00053915237185195,0.00408055337071494,0.0117851881267951,0.00837994621663314
0.0897405911075879,0.016628123040412,4.22447632279812,0.000949201019834409,0,0.00215873899959805,0.326117764136211,0.0309760145157164,0.0379375034381728,0.00763291546986008,0.00682398493608526,6.27139999492266e-05,0.000542995262668631,0.0416995252626684,0.000441753972465458,2.46780844438953,2.26698794380675,0.000620384414960253,0.0208789054682357,0.000259322469983406,5.48018856301204,0.12685821287578,0,0.106959126688188,0.001781814685091,0.140079387068264,1.49224800252315,0.553850191921588,0.0345224552540272,0.43105938683676,0.00011946593320784,0.000832316613772836,0.0214149303791538,0.614711018497653,0.0455116843204004,0.444832408563882,0.599467616533817,0.88339519748745,0.25001994071464,0.0207522312815631,0.000214879724308816,0,0.053520834026368,0.0196804746525843,0.0402887627038032,0.0215082911361153,5.75811153092007e-05,6.18694801925706e-05,0.000121822701882025,0.0011616522074917,0.0297010896789533,0.00325812332579317,0.000102191042987898,0,0,0.00160010304524244,0.000233660373677076,0.00914600375151718,0,8.88705653016332e-05,0,0.00108950440867148,0.00152746675829676,0.000233632396251965,0.219579949582855,0.00183329805919126,5.17952851671537e-05,0.000392203235531382,0,0.0146854768965306,0.142379139024973,0.0458593414773607,0.0185975230729822,0.00147474091772445,0.00111521647225635,0.0935056992325638,0.0121314768529018,0.00301287542834345,0.00635850588002409,5.01120430640841e-05,0.000154681325114981,0.00108307693409357,0.00459859252437234,0.0203226370061999
0.126570230224271,0.158873671823212,0.0269912766614117,4.56913957191139,0.000502144521197236,0.0619426106061815,0.350017697179444,0.103100933261213,4.93640448381483,0.326423256357615,0.00488024309767386,1.98531263992873,0.0148983061138157,0.105114464736538,0.00692052772586472,1.70304271621619,0.00813751705641661,0.00061895947072183,0.00342757459762307,1.84280717933561,0.0987669349045079,1.9139527186561,0.106959126688188,0,0.023065340504663,0.0202406763811535,0.211239013808347,2.88571269357921,0.186502479593855,0.117604486651473,0.00134391600777765,0.00489644332173474,0.0909338610369757,0.112888443035404,0.011915374348784,0.174329746408671,0.0473831908291929,0.150230893219597,0.081393115888243,0.0505293306205355,0.00200517950450907,0,0.108417245874788,0.00974498988732412,0.072425358743121,0.0617043272019481,0.0168592543531106,0.00575917583316816,0.0014263764188252,0.0218784494778624,0.00922442836900421,0.00148791737704234,0.0310021371584224,0.000695154794740737,0.0207304244713623,0.0261337380927848,0.0239546802730194,0.104251331870844,0.0741846933747161,0.00123431764217501,0.0360762080137319,0.00202838825261801,0.0459923896929125,0.0014427759859359,0.063599234596844,0.00191037550280393,0,0.000201312339556571,0.0366663532307078,0.0154303946379731,0.0411827436667439,0.0104838962890387,0.151995786990354,0.00164089488784053,0.000671156589833878,0.0111203975980648,0.101270376407645,0.0596365979762973,0.0262286005655901,0.000107148129272689,0.00561380127643808,0.0198216677145741,0.0342972726015128,0.00610455300006111
0.00121911362084293,2.21802293422752,0.00910322341577501,0,0,0,0.000782552546572458,0.00119133980437605,0.124046115937107,0.000363730360856363,1.32115253745842,0,1.16902932608718,0.000495488592262117,0,0.00936223063408682,0.00247565864612278,0.0712163304881952,0.125046322553958,0,0.00105538675361349,0.273317509432034,0.001781814685091,0.023065340504663,0,0.593885221546767,0.414552354425955,0.00112541624416279,0.00206096197558337,0.0010288819161497,0.424327208339234,0,0.0010382920067684,0.112031232873945,0.000202707783910717,0.0300704405679274,0.613092884910151,0.236417368905368,0.0782183256975373,0.00182649023594555,0,0.0209488717037549,0.00790917004893686,0.206525651740906,0.0487452561131417,0.00275374528266025,0,0,0.0910362323314408,0,0.112867723745694,0.00228207577359299,0,0,0,0.00021324137907543,0.000250198534187141,0.00612813680312628,0,0.15563507140171,0,0.270698921201947,0.000473282810756074,0,0.000595880075846155,0.00413853237509189,0.0627581272090828,0.0438255100995509,0.000194038302395953,0.00033580065488716,0.0150393881438845,0.000809015189427139,0.00117323758822712,1.92801938597943,0.103700066440272,0.0907911755738075,0.000437762334406485,0.000512813435545524,0.000155453242216753,0.105698670419097,0.00108273448697034,0,0.0110269617975099,0.000127402027056807
0.0313199415636829,0.343127333867605,2.38217472922966,0,0,0.000681334822006915,0.0591001367648386,0.0112458922822702,0.0257488826597537,0.00282543706964314,1.14339636820456,0.000107866341855184,0.316976599561447,0.013478264450455,0,0.0170710773262288,1.45895638402238,1.3441101288057,2.47135212121706,0,0.0569888496319832,0.0344908058613823,0.140079387068264,0.0202406763811535,0.593885221546767,0,4.0722568871716,0.0224632972862663,0.011715653232698,0.0586561521722004,1.08975611693668,0.000242082651407027,0.00210490728333902,0.378520692602215,0.00128289507698898,0.0594556364778236,0.369779328915043,0.313459657738333,0.0348884835708343,0.00027407266196965,0.000223185890143722,0.0015703953282782,0.00396404312376541,0.0356769170052278,0.0187965608313704,0.00134346576258107,0,0,0.000532308868593064,0.000137992539000674,0.0967470675772447,0.00493961452835216,0,0,0,0.00024890348421138,6.09746781960905e-05,0.0010062186441389,0,0.0169969490181574,0,0.0397139159645524,0.000141211284277794,0,0.00190936307520585,0.00568770335394814,0.0221470593810079,0.0273663235283551,0,0.000243696636783199,0.0055826399694738,0.000896045593122549,0.0013114752864014,0.364011965266634,0.097646906132814,0.104408345887269,0.000315283735602046,0.000106050049981799,0.000335781802121804,0.0116555164265488,0.000304290950691544,6.75318769256666e-05,0.00552634179119297,0.0015565962332905
0.00437791740095034,2.10127425491884,2.34467424448765,0.000308266472707188,0,0.000125570504080627,0.0238749695639379,0.00230370126568606,0.0945152615611344,0.000873829430049304,0.165447305110033,0.000174237954571947,0.41662484179242,0.00287930808711196,4.60597006510276e-05,0.810084377528295,0.281607558170697,0.0239651485891582,0.0998806751121812,8.75257361758813e-05,0.0602159661839721,0.518020871486208,1.49224800252315,0.211239013808347,0.414552354425955,4.0722568871716,0,0.161443940116751,0.00500129244291721,0.0172774856484863,0.37738741131232,0.000212057012765316,0.00145390413969657,0.290783064170645,0.0105139850647559,0.157632478703575,0.196013809199494,0.500986870959896,0.0840826310199206,0.00200140128858521,0,8.18614578576536e-05,0.0279252287111214,0.0355679890334964,0.0576378479376634,0.0127695234964155,0.000448454395838629,6.71545290870552e-05,0.00037703839357256,0.00161560490963577,0.287870158473353,0.029630466890468,0,0,2.14629553181474e-05,0.0016212009928835,6.53561306573477e-05,0.0074948271836526,5.8991986572911e-05,0.0083274010112768,0,0.0221052958423741,0.000413503935916234,0,0.0711168424710191,0.0262569157978663,0.0122461236227269,0.0113256834165201,0,0.00580783672168269,0.115350136250242,0.0328720632105533,0.0141299579277572,0.188363818570085,0.0716180538501232,0.281922646652348,0.00491883181350926,0.00133588054865666,0.00388799521003743,0.00654595981315621,0.000158191775152811,0.000326627354935662,0.0158061139009079,0.00779700846168723
0.231505975462792,0.00780699502616258,0.172545636327611,2.73150095141893,8.00379468770889e-05,0.0966215758244601,4.07847569636464,0.206953667874928,0.487971851372431,1.83192502118762,0.00228869299940659,0.163776551743676,0.000583157506883388,0.192724273942943,0.000298209836562991,0.564549767037931,0.0193677644057877,8.11674033976938e-05,0.00389887590505418,0.484343299280333,1.6894451033522,0.081250101842872,0.553850191921588,2.88571269357921,0.00112541624416279,0.0224632972862663,0.161443940116751,0,0.273582261266761,1.55250331933624,7.43286296955858e-05,0.0047610183129156,0.153776039247311,0.2291667439836,0.0205343815202407,0.199460639160646,0.0665328799386582,0.24524872861484,0.0973662731797754,0.012975064624934,0.00204914472597296,0,0.0701254390674671,0.00779039043623812,0.0415890771413709,0.0302458046725418,0.00435790599815702,0.00239822548149875,0.000679844251567917,0.0147719824920761,0.00266134854501996,0.000272670828487278,0.0111088465446037,0.000159964229479738,0.0114354133525605,0.0193894652539915,0.0154150074939357,0.0423220730343386,0.0277200272951002,0.000687126302765631,0.00551286683250185,0.001051102382187,0.0269499530502787,0.000431144840523614,0.0482083947112622,0.000362071789408511,0.000239913187317032,0.000192890117607104,0.00558087118125024,0.0159878120139366,0.0215142562135187,0.0092116698940266,0.0909417349477444,0.000786698364578287,0.00024253070210032,0.00977701912546959,0.0748656297680115,0.0436580620046462,0.0247029636809908,0,0.00293655368830223,0.013683288054654,0.0217695903708606,0.00812944486310656
0.443161849702217,0.00122499066098703,0.0216211445044831,0.0267687638691911,0.0763595128732291,0.0919780643844434,0.0803612736262186,0.807391068836217,0.201504201306036,0.127206032904418,0.0252996172030309,0.0718711061782017,0.00103195784339386,3.56257790298172,0.00212958810187653,0.00838852051578068,0.0275013680734785,0.000759682581750135,0.0118377104817846,0.040044064847574,0.153681014210611,0.00845554021491922,0.0345224552540272,0.186502479593855,0.00206096197558337,0.011715653232698,0.00500129244291721,0.273582261266761,0,2.66371155602726,0.000482056224788514,1.59934115264039,3.30925673147421,2.66388784986458,0.00340090373336462,0.0916378246825422,0.0279591301216433,0.857190315471617,0.0822863476327055,0.0462970252197942,0.230368192063799,0,0.0422019093280702,0.0040520792227748,0.0282939400251729,0.0249135274195791,0.00216025200436756,0.00201737823305972,0.000377395455280187,0.0175683268873604,0.000976845808364985,0.000189431742528287,0.00258764118609351,0,0.00791928988689348,0.0132001630431374,0.0131252755745353,0.0270706672281667,0.00880267730752407,0.000896860068700354,0.00264357531505869,0.000823254526011475,0.0241801551461119,0.000830263177924058,0.0104757530446091,7.68991193847825e-05,0,0,0.00165647803156626,0.00587483628316799,0.0067182693362762,0.00182261135662678,0.0798548373296214,0.000941787952577759,5.28706726054006e-05,0.00145997558964121,0.0577708837081823,0.0322328676395512,0.0130129615665191,0,0.00281439688858822,0.0119766542756275,0.0161540055278317,0.00229285934497846
