0,0.000610431825384228,0.0238290667502065,0,0,0.00453392678589179,1.86243100387249,0.225349571505106,0.0068561654267321,0.0204737485467943,0,0.000489687269457019,0,3.38326884454745,0,0,0.00577847218245292,0,0.000180184175705745,0,0.00287441236162188,0,0.0159120202264235,0.00153501930597601,0,0.00190214515004991,0.00179886845780226,0.00796233376686676,1.11118007753948,0.697274293265103,0,0,0.0420223047115917,0.0875746284853938,6.52367963027809e-05,0.00127535469941649,0.000613270163207997,0.0100869887964616,0.00354165210644068,0.000488424802147256,0,0,0,0,0.000231915152545158,0.000399376793888104,0,0,0,0,0,0,0,0,0,0.000108292197979754,0,0.00122527167784773,0,0,0,0,3.75023387664077e-05,0,0,0,0,0,0,0,0,0,0.000841147249684869,0,0,0,0.000351112109260659,9.65621757274609e-05,0,0,0,0,0,0
0.000610431825384228,0,0.03214475559167,0,0,0,0.000466456720894604,0.000112114102198605,0.239935245265172,0,0.00789104879173505,0,0.00713728038343282,0,0,0.157633889607815,0.0188359551736065,0.000239221511174781,0.0280499134259047,0,0.00128222629124771,1.72716364668435,0.00119743146141827,0.110384356829632,1.58331528932501,0.0684281068671128,1.29959463287324,0.0045654235870437,0.000839110221572636,0.00219315258336072,0.000261167361037821,0,0.00152371874892472,0.0411684999572754,0.000302449420821847,0.0166386463479952,0.096956379066751,0.15918045534988,0.0251482256285935,0.000252511826078496,0,0,0.0251001691145626,0.084225604010816,0.0870357036349261,0.0459810906429241,0,0.000218432693496711,0,0.000567441142421327,1.49180254798011,0.0331944002160407,0,0,0,0.000561964720241645,0,0.0501047254043658,0,0.0111333633178122,0,0.0309871260349523,0.000126353140189027,0,0.0197032611729457,0.0267289273358441,0.00392025789910141,0.0436792840096396,0,0.0002809969559527,0.509512267097547,0.00208469117114566,0.00817516235471644,0.336496135660733,0.103909286843937,0.173084912496512,0.000613344432609138,0.00056182779680522,0.00134372579802464,0.00230253127362824,0,0.000305107662575618,0.0181997548426681,0.000480093744574734
0.0238290667502065,0.03214475559167,0,0,0,0,0.102207114535531,0.0499354122386603,0.00123302679013169,0.000938328667704621,0.00228254336101287,0,0.000339620617660167,0.0100906815951457,0,0.00732471839379327,3.21202878197205,0.000420656934303715,0.028785302224475,0,0.127706097421421,0.00653282477267291,3.41979759832572,0.00620856028614308,0.00141350789583683,1.68975326192483,2.22432041302868,0.141985300481298,0.00416812164171135,0.0883179089703416,0.000350337855056816,0,0.00172815317423534,0.076054157217088,0.000728832272972508,0.039677661131637,0.277315236360349,0.3398944087014,0.0597122460865285,0.000995640550341662,0,0,0.000836082217927116,0.000723195785161861,0.00226454805729256,0.000475436211095109,0,0,0,0,0.00766905853815797,0.000702809427553132,0,0,0,0,0,0.000175810875962351,0,0,0,0.000359477745334409,0,0,0.000549799266431913,0.000477643814926581,0,0.000220790541664783,0,0.000129451167622495,0.00256345649443282,0,0.000791921978788565,0.00183958631161803,0.00093462890136256,0.00442714916154365,3.44088514690668e-05,6.14208835847017e-05,0.000175533814671237,0,0,0,0.000464320900579254,0.000515524445158829
0,0,0,0,0,0.000283631102241926,0.00892837601659972,0.000317528881630945,0.417693689894477,1.2747872187987,0,1.15906402087268,0,0,0,0,0,0,0,13.7363015469287,0,0,0,5.02367307717914,0,0,0,1.94457464540308,0.000183001768770043,0,0,0,0,0,0,0,0,0,0,0.000910339584104615,0,0,0,0,0,0,0,0,0,0,0,0,0.97364553799544,0,0,0,0,0,0.00162450798527111,0,0.00205423201522813,0,0,0,0,0,0,0,0.0607015097594984,0,0,0,0.00762829360617018,0,0,0,0.00231189858319867,0,0,0,0,0,0,0
0,0,0,0,0,0.140634246768336,0,0.000839634796142102,0,0,0,0,0,0.000749969536893934,0.00452944112475961,0,0,0,0,0,0,0,0,0,0,0,0,0,0.000451235418637857,0,0,0.123729255574603,0,0.035267728241809,0,0,0,0.000448727173329132,0,0,0.043435906301933,0,0,0,0,0,0,0,0,0,0,0,0,0,0,0,0,0,0,0,0,0,0,0,0,0,0,0,0,0,0,0,0,0,0,0,0,0,0,0,0,0,0,0
0.00453392678589179,0,0,0.000283631102241926,0.140634246768336,0,0.0278725569663171,0.917302955660936,0.00023242657679893,0.755510162855984,0,2.33425747235439,0,0.424893781039017,2.15630373325043,0,0,0,0,0.00226712662473712,0,0,0,0.000739976804669393,0,0.000476948486727543,0.000175835457680092,0.00943366356245015,0.229446042867843,0,0,0.557412307367804,0.0011639897433582,0.0995264742796531,0.166767115752794,0,0.000271863578815368,0.0175365273865142,0,0.0953626864731234,0.0989918054581939,0,6.0402507285103e-05,0,0,0,0,0,0,0,0,0,0,0,0,0,0,0,0,0,0,0,0,0,0,0,0,0,0,0,0,0,0,0,0,0,0,0,0,0,0,0,0,0.000204413750969515
1.86243100387249,0.000466456720894604,0.102207114535531,0.00892837601659972,0,0.0278725569663171,0,0.633078573283666,0.0556882412336358,3.35126703002059,0.000192123330587515,0.00110262940746152,0,1.29911079941358,0,0.00390280080552959,0.00665284071784994,0,0.000308982723090414,0.0258183307432523,0.0667258356805992,0.00108868220775383,0.159087267039131,0.113319753801381,3.65923958396627e-05,0.00677628295176173,0.0255095189616312,4.3686688704496,0.143658643563424,1.92322976217058,0,0.000523066745184656,0.0613474250570961,0.100777398021151,0.00122613574795302,0.0213850914606907,0.00794679828757709,0.0712054312756264,0.0310635966785786,0.00222104850232279,0.000227838905581059,0,0.000680699588324518,0.000516657826463179,0.000443282084616441,0.000973169758905567,0,0,0,0,0.000207206279602898,0,0,0,0,0.000291290854000294,0,0.00229598598382685,0,0,0,0,0.000567351496993472,0,0.000110548588389572,0,0,0,0,6.92461611667941e-05,0.000567517416898722,0,0.00815427762027861,0,0,1.57793919215721e-05,0.00245591910250183,0.00067561213768625,0.000861656276260799,0,0,0.00018913028470801,0.000222393464633474,0.000525632595111931
0.225349571505106,0.000112114102198605,0.0499354122386603,0.000317528881630945,0.000839634796142102,0.917302955660936,0.633078573283666,0,0.000706096540931142,0.783444602661526,0.000304056720607382,0.00814588178178227,0,3.81439835661359,0.000872355251233938,0.000154886831126619,0.0101076860883637,0,0.00074655511011248,0.000733582031510517,0.00494329923312671,0,0.0244747026065748,0.00075605677016825,0,0.00688045519194921,0.00643439811272698,0.0226200893803494,0.138963075470387,0.0679586901431022,0,0.00580485665333998,0.00249016891439748,0.0713934861916175,0.00020089409838188,0.00191753602812413,0.00300119080645167,0.0190597044955927,0.00229701291147358,0.00175058153897951,0.00822671852237668,0,9.2338763576609e-05,0,0,0,0,0,0,0,0.000158086172530859,0,0,0,0,0,0,0.000208266892615854,0,0,0,0,0,0,0,0,0,0,0,0,0,6.59629778427032e-05,0.000113442739354558,0,0,5.19728151817129e-05,0.00018968256601989,3.01482998264924e-05,0,0,0,0,0,7.91753686449012e-06
0.0068561654267321,0.239935245265172,0.00123302679013169,0.417693689894477,0,0.00023242657679893,0.0556882412336358,0.000706096540931142,0,0.00304258701834588,0.00119085024188546,1.37808356537591,0.000168554296932188,0.00307270233448875,0.00316578496499878,0.0140916423069228,0,0,0.00113772783504137,0.710876326682268,0.000841891795120593,1.08374284705588,0.00103381962623063,7.22858755777366,0.234202627455218,0.00609205504451276,0.0479801963206569,0.177933153102298,0.0140709511680628,0.0435534300535064,0.000358521518723908,0.000595276610827582,0.0413080669998609,0.0290106338091074,0.00525483498570628,0.037514528124431,0.0126867655293663,0.0255807014326488,0.0304107934252687,1.2751562533008,0,0.000303244440978493,0.0119428611234782,0.00445219039599789,0.0106158912773089,0.0117443271446973,0,0,0,0.00506009891872045,0.0815835529520781,0.00117098289852496,0,0,0,0.00115710478327648,4.84788186618946e-05,0.598746310928042,8.12663643063793e-05,0,0,0.00201591874433894,0.00100640867315688,0,0.0377083507470976,0.00206691900686066,0,0,0,0.00132618762190087,0.734842972394942,0.000798814121911895,0.135282286951962,0.0292244911206843,0.00190227394026987,0.00736126068054735,0.0211475297853871,0.00383599613751277,0.00726819522399289,0,0,0.00303409479591912,0.00555365243736118,0.000367745834751376
0.0204737485467943,0,0.000938328667704621,1.2747872187987,0,0.755510162855984,3.35126703002059,0.783444602661526,0.00304258701834588,0,0,0.496388701745568,0,0.833477430436247,0,0,0.000118845209427254,0,0,3.00218643752568,0.000286978933514099,0,0.00102329582060106,0.0179076613731434,0,5.41361836440797e-05,0,3.00849088107145,0.0312718604619739,0.000930808458624176,0,0,0.0135681029600278,0.0195751472861152,0.0113843519813999,0,0,0.00231645801612348,0.00102702646289391,0.00243060677588794,0,0,0,0,0,0,0,0,0,0,0,0,0.0027633532610911,0,0,0,0,0,0,0,0,0,0,0,0,0,0,0,0,0,0,0,0,0,0,0,0,0,0,0,0,0,0,2.93393294865767e-05
0,0.00789104879173505,0.00228254336101287,0,0,0,0.000192123330587515,0.000304056720607382,0.00119085024188546,0,0,0,0.915550336410045,0.000322186116216058,0,0.000210443593964146,0.0158101947467524,0.525095245412733,2.64010737928028,0,0.000640190038691788,0.00110622190399551,0.00117268200665878,0.000402742388749885,0.636520959859727,0.459313695576696,0.0584883907634829,0.000441105748082494,0.00214295449584025,0.000104241426931665,0.0447936588549986,0.00012610404774153,0,0.74635938391854,9.43090738366561e-05,0.0280648435002655,1.01498295546935,1.02574289311732,0.0165675103204868,0,0.00035060858807065,0.0671027541853175,0.000738380100933261,0.00152848593342428,0.000833780454308434,0,0.000240048572011309,0,0,0,0.00194113445121735,0,0,0,0,0,0,0,3.76380816946228e-05,0.000322599993412824,0,0.00146056290438847,0,0,0,0,0,0.0012498793252668,0,0,0.000383548628856057,4.26240548572084e-05,0,0.00249481001751376,0.00485837846134506,0.00387378522839935,0,0,0,0,0,0,9.34387254064202e-05,0.000123012290468284
0.000489687269457019,0,0,1.15906402087268,0,2.33425747235439,0.00110262940746152,0.00814588178178227,1.37808356537591,0.496388701745568,0,0,0,0.00253701217573814,0.295888553253927,0,0,0,0,9.46824773456749,0,0,0.00010046955251146,0.952052709271853,0,0,0,0.0506140880985561,0.0020689749966452,0,0,0,0.000139327457640598,0.000175315393000237,0.227396459278183,0.0075345248014051,0.00016844355102566,7.86982864063434e-05,0,0.36801030792057,0,0,0,0,0,0,0,0,0,0,0,0,0.00127595151676902,0,0,0,0,0,0,0,0.00120983412022765,0,0,0,0,0,0,0,0.00478917305942472,0,0,0,0,0,0,0,0,0,0,0,0,0,0,0.00883440155140441
0,0.00713728038343282,0.000339620617660167,0,0,0,0,0,0.000168554296932188,0,0.915550336410045,0,0,0,0,0.000303239657874016,0.000169783790768198,0.000864624570484892,0.000667198206245583,0,0.000104210118062511,0.0031125515778788,0,0.000891201910723883,4.43110974024664,0.436561249061569,0.836044871440397,8.95799019313994e-05,0.000126494393209414,0.000258134993580704,0.905932660923613,0,0,0.00223486186167864,1.52659232993726e-05,0.124977660313019,0.578973833683374,0.085208071960606,0.00605356642254129,0,0,0.832567101250136,0.000437481426578739,0.00308721760762922,0.000377541183325708,7.55530551124275e-05,0,0,0.00119033502003669,0,0.000938078003383046,0,0,0,0,0,0,0,0,0.000239216943956316,0,0.000476141333107364,0,0,0,0,0,0.000915891021517057,0,0,0.000430045020816602,0,0,0.00191122087167032,0.00366191457627771,0.00263641326711739,0,0,0,0,0,0,0,7.76153120593034e-05
3.38326884454745,0,0.0100906815951457,0,0.000749969536893934,0.424893781039017,1.29911079941358,3.81439835661359,0.00307270233448875,0.833477430436247,0.000322186116216058,0.00253701217573814,0,0,0.000845697740260066,8.0098348418405e-05,0.00326609129487631,0,0.00106326429477464,4.02585387634597e-05,0.000925100936128392,2.88483387605272e-05,0.00900203040999398,0.00279499041046176,6.56187760337754e-05,0.00211793285328984,0.00130617197970817,0.0123262631970439,4.95825489867853,0.684115043451093,6.67746370278579e-05,0.0279551586490277,0.00615337555892981,0.233172770584792,6.53310436097566e-05,0.000326008753462784,0.000704554357636005,0.032346343841963,0.00165087383159984,0.00899343224976921,0.0329534706741185,0,7.9186387132123e-05,0,0.000163564565525661,0.000148155540534638,0,0,0,0,0,0,0,0,0,0,0,0.000907248116258395,0,0,0,0,0,0,0,0,0,0,0,0,6.46293663288976e-05,0,0.000302957451638348,0,0,0,0.000165962688898646,3.22297061077122e-05,0.000196962039922734,0,0,0,0,1.97589717013461e-05
0,0,0,0,0.00452944112475961,2.15630373325043,0,0.000872355251233938,0.00316578496499878,0,0,0.295888553253927,0,0.000845697740260066,0,0,0,0,0,0,6.93411772968587e-05,0,0.00021257453659369,0,0,0,0,0,0.000749655653340762,0,0,0,0,0.000410343510257188,0.0672949681552315,0.00035855361108335,0,0,0,0.00219846904328061,0,0,0.00112336891996909,0.000167663524084522,8.69804935643703e-05,0,0,0,0,0,0,0,0,0,0,0,0,0,0,0,0,0,0,0,0,0,0,0,0,0,0,0,0,0,0,0,0,0,0,0,0,0,0,0.00107464885846381
0,0.157633889607815,0.00732471839379327,0,0,0,0.00390280080552959,0.000154886831126619,0.0140916423069228,0,0.000210443593964146,0,0.000303239657874016,8.0098348418405e-05,0,0,0.00722990643420242,0,0.00337466514374546,0,0.733124909875953,6.65928107352648,1.90014202598094,2.83184035030149,0.0328061024414775,0.00728362598947056,0.784216931579331,0.270288973495261,0.000127938032227896,0.00562610541981031,0.000120494887240136,0,0.000677998017736818,0.0301008209515793,0.00181887650731782,0.0448810771021142,0.0214234238964255,0.0968634588059602,0.0586322690238002,0.000189840110185649,0,0.000587458768232789,0.00309110493138892,0.0025393892549242,0.00217132273312088,0.00282788628239437,0,0,0,0.00032906272012716,0.019276551080067,0.000944784086746832,0,0,0,0.000119678806188186,0,0.0263111744640688,0,0,0,0.00184566277879744,0,0,0.0306028767614087,0.000214302613387077,0,0,0,0.000179152032227003,0.0821167275556666,0.000787927407022088,0.0162033034424851,0.00395368755660599,0.00125299764861616,0.00482819191399127,0.00188502103290452,0.000845268749118664,0.00104475883192212,0,0,0.000845497493647707,0.00106441230437444,0.00131167120245045
0.00577847218245292,0.0188359551736065,3.21202878197205,0,0,0,0.00665284071784994,0.0101076860883637,0,0.000118845209427254,0.0158101947467524,0,0.000169783790768198,0.00326609129487631,0,0.00722990643420242,0,0.000925173778362647,1.48462483922188,0,0.040866004036017,0.00699320610039128,1.24263490432661,0.00451902466790183,0.00046011184023256,1.53863833464786,0.198467973890639,0.0158230551802979,0.00630020848101399,0.0232012961322694,0,0,0.00245263222289449,0.604242809732227,0.000134511631389671,0.00210532724911537,0.0999846991064257,0.0361404901129,0.00677733934662958,0,0,0,0.000209004090994564,0.000754901438169838,0.000423041581345141,0.000274062145006094,0,0,0,0,0.00240519298947667,0.000119213194294347,0,0,0,0,0,0.000634369048084331,0,0,0,0,0,0,0.000348291189433872,7.95073339306552e-05,0,0.000265433139518545,0,0,0.00157159112173548,0,0,0.000824169405512936,0.000354329999566169,0.00231839279343337,3.53665947975005e-05,0,0,0,0,0,0.000692668554611907,0
0,0.000239221511174781,0.000420656934303715,0,0,0,0,0,0,0,0.525095245412733,0,0.000864624570484892,0,0,0,0.000925173778362647,0,1.41696163294057,0,0,0,0.000138354628577451,0,0.0435765310072898,0.555943665009165,0.00253103163000025,0,0,0,0.000187597049214101,0,0,0.00338443451891767,3.72413437045699e-05,0.00167887138268399,0.0304506013878228,0.0301701969210588,0.00205008543696223,8.89658198649067e-05,0,0.000330507778621389,0,0.00051863624154198,0.000335189303466696,0,0,0,0,0,0.000712660550986406,0,0,0,0,0,0,0,0,0.000464450878468506,0,0.00088824467541021,0,0,0,0,0,0,0,0,0,0,0,0.00140259026294513,0.000896693861981556,0.000408630456591447,0,0,0,0,0,0,0,5.50350509879709e-05
0.000180184175705745,0.0280499134259047,0.028785302224475,0,0,0,0.000308982723090414,0.00074655511011248,0.00113772783504137,0,2.64010737928028,0,0.000667198206245583,0.00106326429477464,0,0.00337466514374546,1.48462483922188,1.41696163294057,0,0,0.00170633260417149,0.00543290102701337,0.00773823432931727,0.00130390374575229,0.0552905711426987,2.64098108770217,0.0790823014008624,0.000884228059467848,0.00531420604352685,0.000701499251453024,0.00113109367585246,0.000589968056665344,0.00103773298758564,1.0827707389409,0,0.00542552876802171,0.124719239994261,0.377292374458738,0.00884602299295681,0,0.000489884783859648,0.00127759248324019,0.000274701015603096,0.0064975380306523,0.0020352255249634,0.000442781856254994,0,0,0,0,0.0057901774333655,0,0,0,0,0,0,0,0,0.000580197924051623,0,0.00209220184275426,0,0,0,0,0.00104147369201804,0.00236110435981908,0,0,0.00126387666772418,0,0,0.0114982667742771,0.0111004652541718,0.00589445691145284,0,0.000123274924384532,0,0.000210702266813023,0,0,0.000427382600716649,1.28233034519475e-05
0,0,0,13.7363015469287,0,0.00226712662473712,0.0258183307432523,0.000733582031510517,0.710876326682268,3.00218643752568,0,9.46824773456749,0,4.02585387634597e-05,0,0,0,0,0,0,0,0,0,1.19505497540748,0,0,0,0.424673799036717,0.000172560839507251,0,0,0,0,0.000254305471584317,0,0,0,0,0,0.0121711480196145,0,0,0,0,0,0,0,0,0,0,0,0,0,0,0,0,0,0,0,0,0,0,0,0,0,0,0,0,0,0,0,0,0,0,0,0,0,0,0,0,0,0,0,0
0.00287441236162188,0.00128222629124771,0.127706097421421,0,0,0,0.0667258356805992,0.00494329923312671,0.000841891795120593,0.000286978933514099,0.000640190038691788,0,0.000104210118062511,0.000925100936128392,6.93411772968587e-05,0.733124909875953,0.040866004036017,0,0.00170633260417149,0,0,0.0120389772925429,5.12782446645977,0.00420211994746369,0.00104056226142348,0.0137528476476519,0.0519311583611987,1.6121610327508,0.609162814932017,2.68873692930907,0,0,0.184291804138806,0.330021386126361,0.0139618515903296,0.182359008296326,0.0552424268112222,0.507513167373355,0.229853293058048,0.00234635257961808,0,0.000361374349455387,0.0112218041098387,0.00449546944153725,0.00323296797722833,0.00235707059884473,0,0,0.000125515406245078,0.000118614789030321,0.000372919334443951,5.12232124413418e-05,0,0,0,5.47986630671353e-05,0,0.00360247358232342,0,2.93951860126835e-05,0,0,1.66185345267363e-05,0,0.00280339333873634,0,0,0,0,0.000721768081945536,0.00358505753342354,0.000757384866665833,0.00410750276421013,5.34212723368593e-05,0.000144738636801982,0.000293842780061987,0.000722955044503999,0.000252194961829773,0.000482100545476861,0,0,0,5.74735788555387e-05,0.00597471619832882
0,1.72716364668435,0.00653282477267291,0,0,0,0.00108868220775383,0,1.08374284705588,0,0.00110622190399551,0,0.0031125515778788,2.88483387605272e-05,0,6.65928107352648,0.00699320610039128,0,0.00543290102701337,0,0.0120389772925429,0,0.00927604989611789,1.47987663130501,0.506281805635777,0.0154557455453078,0.889823706274181,0.0544703595903932,0.000675912159201661,0.0104430514599243,0,0,0.00181314438174046,0.0192787119238818,0.000552627200248051,0.0156204766161043,0.0224175205222326,0.0478953851755997,0.0158393927073013,0,0.00036519675007067,0,0.0135502548413401,0.0140482519875063,0.0183449285453782,0.0172241852510964,0,0,0.00021170488823585,0.00426361940950213,0.480670004966667,0.00856100170363129,0,0,0.000137349430890112,0.0014171017152552,4.99986748882927e-05,0.45973024710717,0,9.13903122030163e-05,0,0.00527842806082955,0.000610810791773286,0,0.0938822009705716,0.00579737259652199,0.000483454287232826,0.000797947205327058,0,0.00259063348910537,1.88068930537019,0.00212249130837508,0.104156494205554,0.107791138394652,0.0049748720555681,0.0458104805754821,0.0103091640811865,0.00153726209695343,0.0044288347313901,0.000209052570581937,0,0.00482072043300795,0.00445133024263593,0.00031436539331611
0.0159120202264235,0.00119743146141827,3.41979759832572,0,0,0,0.159087267039131,0.0244747026065748,0.00103381962623063,0.00102329582060106,0.00117268200665878,0.00010046955251146,0,0.00900203040999398,0.00021257453659369,1.90014202598094,1.24263490432661,0.000138354628577451,0.00773823432931727,0,5.12782446645977,0.00927604989611789,0,0.0137380888315411,0.000464457633031071,0.102001838145562,1.72750969204767,0.477140577969728,0.11750039800586,0.404846753817311,0,0.000115518952364321,0.00157403902967876,0.218625596106055,0.0100519982304281,0.187112818090936,0.182267533633866,0.892099438104594,0.497806716974852,0.0049457435287679,0,0.000284821713834831,0.00710775214859695,0.00298017642845328,0.00143897027508242,0.00191767319482673,3.62117340339495e-05,0,5.06243010041808e-05,0.000108471477051426,0.000958580468065889,3.29272379611637e-05,0,0,0,0,0,0.00104786011250719,0,0,0,4.47919076369124e-05,0,0,0.00109189470315545,0,0,0,0,0.000421442175922195,0.0015910145826655,0.000681728957889354,0.001033248048522,0.000294123163637651,0.000121524121390028,0.000439043217884071,0.000275525900283136,5.79068435643381e-05,0.000176035627011236,0,0,0.000148466370106497,0.000109693489797898,0.00618893749970774
0.00153501930597601,0.110384356829632,0.00620856028614308,5.02367307717914,0,0.000739976804669393,0.113319753801381,0.00075605677016825,7.22858755777366,0.0179076613731434,0.000402742388749885,0.952052709271853,0.000891201910723883,0.00279499041046176,0,2.83184035030149,0.00451902466790183,0,0.00130390374575229,1.19505497540748,0.00420211994746369,1.47987663130501,0.0137380888315411,0,0.0660459396562211,0.00870767329309834,0.15064178473186,2.89242267132085,0.00737363627183405,0.0349032259019343,0.000273134398074017,0,0.0126388692999461,0.0239829704754431,0.00161289088786932,0.0258297656362253,0.0145456593761366,0.0384324039352306,0.0199756231163156,0.00680734616630765,0,0.000109741309001599,0.0179374611403974,0.00449591786257642,0.0146495089777774,0.0183874450417186,0.000262662984588345,7.07978319262558e-05,0.000260959568794159,0.0179840933359106,0.010546343570231,0.000690321635684844,0.0314141595812517,0,4.71560685523023e-05,0.00706726865245007,0.000792240415101026,0.176530395261276,0.000164658467414064,0.000209017858949952,0,0.000129068488992019,0.00355867814153914,0,0.0235039204024934,0.00017337264760177,0,0.000104300342775755,0.000248023333748871,0.00245672793822852,0.116088937364581,0.00107362821646564,0.450276045837804,0.00359610843433788,0.000811311886174747,0.00408267649927151,0.0575144753087417,0.0118200226818957,0.0170890296679207,0,0,0.00506888037994141,0.00999448246488101,0.00110631103973225
0,1.58331528932501,0.00141350789583683,0,0,0,3.65923958396627e-05,0,0.234202627455218,0,0.636520959859727,0,4.43110974024664,6.56187760337754e-05,0,0.0328061024414775,0.00046011184023256,0.0435765310072898,0.0552905711426987,0,0.00104056226142348,0.506281805635777,0.000464457633031071,0.0660459396562211,0,0.554504773723022,0.763816426374659,0.00426164989191884,0.000393104845937089,0.00218416517675663,0.136644781026329,0,0.000486710461584691,0.00954265081206541,6.3935376467938e-05,0.0127792616761247,0.839850681622905,0.20670014607629,0.0139245896114076,0,0,0.856431037297464,0.00961215599202197,0.064255513258386,0.0269132218960958,0.011899246874451,0,0.000444564911090642,0.00455317087576791,0.00041105034374401,0.330016241855503,0.00476303616362847,0,0,0,6.75446521328921e-05,0,0.0227826392367932,0,0.00315901422421645,0,0.0281827329975619,0,0,0.00258301541483958,0.00269974874643573,0.00392050286528162,0.0204497908232109,0,0.00044322385188502,0.167763891678174,0.000301364236257031,0.00547377892063547,0.349248686475728,0.0751122822155219,0.065938095069956,0.000171404448803804,0.000407535377505438,0.000688763895239499,0.00166530236048017,0.000152898515672503,0,0.00386162580992093,0.000193217738173354
0.00190214515004991,0.0684281068671128,1.68975326192483,0,0,0.000476948486727543,0.00677628295176173,0.00688045519194921,0.00609205504451276,5.41361836440797e-05,0.459313695576696,0,0.436561249061569,0.00211793285328984,0,0.00728362598947056,1.53863833464786,0.555943665009165,2.64098108770217,0,0.0137528476476519,0.0154557455453078,0.102001838145562,0.00870767329309834,0.554504773723022,0,1.90774278884808,0.00745757993253044,0.00546080871271868,0.00523028752519945,0.181849848671876,0.000212026922299505,0.000363134164588339,0.122720803794404,0.000937063631128203,0.0509561698134292,0.566475825126495,0.555019395280463,0.0300386302635087,0.000146742271161224,0.000123490051456677,0.00392526885146651,0.00500734435150731,0.0245973089723472,0.0140472414453403,0.00307722357096045,0,0,0.000726531879445659,0,0.021856495950331,0.000395358808215215,0,0,0,0,0,0.00170707692193689,0,0.00608693300877331,0,0.0151407108511106,0,0,4.01180763183843e-05,0.000612200225049488,0.00210409145864046,0.0156983655979152,0,3.91568162389356e-05,0.00407025782198368,9.50910927226441e-05,0.0008481136509895,0.0418691798611791,0.0711022159254028,0.0450789329443505,4.38098214478634e-05,0.000382269744078102,3.40158502690397e-05,0.00072252183279362,0,0.000111522635643738,0.00251733847133268,0.00033425276162564
0.00179886845780226,1.29959463287324,2.22432041302868,0,0,0.000175835457680092,0.0255095189616312,0.00643439811272698,0.0479801963206569,0,0.0584883907634829,0,0.836044871440397,0.00130617197970817,0,0.784216931579331,0.198467973890639,0.00253103163000025,0.0790823014008624,0,0.0519311583611987,0.889823706274181,1.72750969204767,0.15064178473186,0.763816426374659,1.90774278884808,0,0.192738668982485,0.00367039143745236,0.0120928605619366,0.154601601937793,0.000127318908055943,0.000303711987456577,0.202808202245871,0.00391427726458442,0.101573503301521,0.22254462842236,0.814265397390065,0.144475003646644,0.00192727120794873,0,0.000936228951590431,0.0123747975609807,0.0254235191267192,0.0265876391486797,0.00801108693622305,0,3.01341379660945e-05,0.000294832663212584,0.000220057951685448,0.14161653504439,0.00629720000598002,0,0,0,0.00016254353868265,0,0.00854386747154904,0,0.00275465621862349,0,0.0139305770580909,0.000274880125297565,0,0.00946416767441479,0.00526513067418091,0.00145578012498102,0.0168544948349711,0,0.000289844504923618,0.0988189197088664,0.00107372163869706,0.00661234386292492,0.0635780943478567,0.0882367547079584,0.13030931109864,0.000280302335914634,0.000398274432255825,0.000407282344842784,0.000580412898145098,0,0,0.0061223991777338,0.00371696138710408
0.00796233376686676,0.0045654235870437,0.141985300481298,1.94457464540308,0,0.00943366356245015,4.3686688704496,0.0226200893803494,0.177933153102298,3.00849088107145,0.000441105748082494,0.0506140880985561,8.95799019313994e-05,0.0123262631970439,0,0.270288973495261,0.0158230551802979,0,0.000884228059467848,0.424673799036717,1.6121610327508,0.0544703595903932,0.477140577969728,2.89242267132085,0.00426164989191884,0.00745757993253044,0.192738668982485,0,0.0399379942839486,2.32007758450867,0,0.000149147705217071,0.0619415855393738,0.230543871232585,0.00971594371049998,0.127618553582553,0.0494980801590744,0.232750256113095,0.142662261373924,0.00192012490896141,0,0.000703672237803247,0.0193058895304321,0.00421829531090759,0.00885554716047788,0.0105367017984243,5.1813750719124e-05,0,0,0.0102553789554573,0.000979091773647532,1.80735441655485e-05,0.00300808660794931,0,0,0.00762590153547403,0.000272063517083375,0.0583065555242902,0.000192241329703198,7.75983633587293e-05,0,4.36776569446385e-05,0.00407489420608582,0,0.00822629705381454,0.00015992220828069,0,8.69166706295491e-05,0,0.00135409048097846,0.0149067748843115,0.00114327939312388,0.134763662605268,0.000302619662840257,0.000359961238771635,0.000648411112627136,0.0454559890560094,0.00744282608257123,0.0158981113212543,0,0,0.00362772128768818,0.00691350639804112,0.00371915062928358
1.11118007753948,0.000839110221572636,0.00416812164171135,0.000183001768770043,0.000451235418637857,0.229446042867843,0.143658643563424,0.138963075470387,0.0140709511680628,0.0312718604619739,0.00214295449584025,0.0020689749966452,0.000126494393209414,4.95825489867853,0.000749655653340762,0.000127938032227896,0.00630020848101399,0,0.00531420604352685,0.000172560839507251,0.609162814932017,0.000675912159201661,0.11750039800586,0.00737363627183405,0.000393104845937089,0.00546080871271868,0.00367039143745236,0.0399379942839486,0,2.99985602515613,8.64731064441036e-05,0.953430235105452,1.80524200036589,2.72673496996466,0.000315014246936597,0.00682834608436867,0.00428568855221043,0.239394763214105,0.00591619282879902,0.0168999059326365,0.188326101925873,6.4759744747222e-05,0.000191036695983061,6.82371202251682e-05,0.000414414098148414,0.000178487874742407,0,0,0,0.000106099569107107,0.000101831664046648,0.000175963348825702,0,0,0,0.000379623290841808,2.21531385004407e-05,0.00404430883480314,0,3.99526844886595e-05,0,0,0.000104589963927252,0,0.00031412419594957,0,0,0,0,0,0.000116315640347967,4.05793399045045e-05,0.0054135538452709,0.000180432611422889,0.000161846251446562,0.000145275314407996,0.00215958216619554,9.60766628259697e-05,0.000807184611095198,0,0,0.000103952651236171,0.000100335936371114,0.00011625184377479
0.697274293265103,0.00219315258336072,0.0883179089703416,0,0,0,1.92322976217058,0.0679586901431022,0.0435534300535064,0.000930808458624176,0.000104241426931665,0,0.000258134993580704,0.684115043451093,0,0.00562610541981031,0.0232012961322694,0,0.000701499251453024,0,2.68873692930907,0.0104430514599243,0.404846753817311,0.0349032259019343,0.00218416517675663,0.00523028752519945,0.0120928605619366,2.32007758450867,2.99985602515613,0,0,0.000449764262827343,0.522375555730414,0.289201422988992,0.000532005453407521,0.021300435076003,0.00665952728796408,0.0349279896370481,0.0184210999477511,0,0.000530542528289248,0,0.00482771086167568,0.000846169115548796,0.003894401465282,0.00456487584091521,0,0,0,0.00470045986015849,0.000225862545322462,0,0,0,0,0.00201467623595963,0.000145531502744439,0.0309035937533397,2.10083093080994e-05,0,0,0,0.00151788218728601,0,0.00124876018384284,0,0,2.19414751928527e-05,0,0.00053967941320821,0.00362801895600907,0.000239632517548986,0.0473330179362089,0.000165402610088698,5.99317164978094e-05,0.000112692021741141,0.0158075648574765,0.00361420656229256,0.00570285027293114,0,0,0.00216102759764542,0.00213354683780967,0.000521762261765894
0,0.000261167361037821,0.000350337855056816,0,0,0,0,0,0.000358521518723908,0,0.0447936588549986,0,0.905932660923613,6.67746370278579e-05,0,0.000120494887240136,0,0.000187597049214101,0.00113109367585246,0,0,0,0,0.000273134398074017,0.136644781026329,0.181849848671876,0.154601601937793,0,8.64731064441036e-05,0,0,0,0,0.000670822816488892,0,0.00118748968540552,0.0412014592549271,0.0177519345648061,0.000859482048897266,0,0,0.00240738085744398,9.68390610970921e-05,0.000727871208012799,0.000220733654340097,0,0,0,0,0,0.000569461084575128,0,0,0,0,0,0,0,0,0.000145862313932623,0,0.000186874742542665,0,0,0,0,0,0.000170098548987647,0,0,0,0,0,0.000765386009509914,0.000455179045291322,0.000439844386263121,0,0,0,0,0,0,0,0
0,0,0,0,0.123729255574603,0.557412307367804,0.000523066745184656,0.00580485665333998,0.000595276610827582,0,0.00012610404774153,0,0,0.0279551586490277,0,0,0,0,0.000589968056665344,0,0,0,0.000115518952364321,0,0,0.000212026922299505,0.000127318908055943,0.000149147705217071,0.953430235105452,0.000449764262827343,0,0,0.00516619598936998,0.914573447999442,4.26446902361075e-05,0,0.000469708893741363,0.0290711457541049,0,0.0143431702506619,1.72173628489092,0,0,0,0,0,0,0,0,0,0.000130574828037803,0,0,0,0,0,0,0,0,0,0,0,0,0,0,0,0,0,0,0,0,0,6.86243313979505e-05,0,0.000158115302286153,0,0,0,0,0,0,0,0,0
0.0420223047115917,0.00152371874892472,0.00172815317423534,0,0,0.0011639897433582,0.0613474250570961,0.00249016891439748,0.0413080669998609,0.0135681029600278,0,0.000139327457640598,0,0.00615337555892981,0,0.000677998017736818,0.00245263222289449,0,0.00103773298758564,0,0.184291804138806,0.00181314438174046,0.00157403902967876,0.0126388692999461,0.000486710461584691,0.000363134164588339,0.000303711987456577,0.0619415855393738,1.80524200036589,0.522375555730414,0,0.00516619598936998,0,1.39174253625265,0.00018454706494753,0.0115590414193237,0.0077112443181213,0.0903615993238323,0.0246671390271878,0.000217637269619564,0.00273850426485091,0,0.00122611184833944,0.000129938852163624,0.00134535186966573,0.000228752522970973,0,0,0,0.00223556664993256,0.000720281830126471,0.000180154443846225,0,0,0,0.00111634566038846,0,0.0131675532040045,0,0,0,0,0.000107187354542052,0,0.000338985366993255,0,0,0,0,4.07304324115398e-05,0.00104500557799549,4.12227467533987e-05,0.00802780878414555,0,0,0,0.00227283237981823,0.000399796098350834,0.00108157942792052,0,0,0.00136877284250335,0.000860465426420772,0.000196674368510109
0.0875746284853938,0.0411684999572754,0.076054157217088,0,0.035267728241809,0.0995264742796531,0.100777398021151,0.0713934861916175,0.0290106338091074,0.0195751472861152,0.74635938391854,0.000175315393000237,0.00223486186167864,0.233172770584792,0.000410343510257188,0.0301008209515793,0.604242809732227,0.00338443451891767,1.0827707389409,0.000254305471584317,0.330021386126361,0.0192787119238818,0.218625596106055,0.0239829704754431,0.00954265081206541,0.122720803794404,0.202808202245871,0.230543871232585,2.72673496996466,0.289201422988992,0.000670822816488892,0.914573447999442,1.39174253625265,0,0.00256210747239514,0.0431534603805641,0.142874319094395,3.62138345965491,0.0770132825701812,0.0283081198775025,0.840835347125245,0.000489517561156772,0.00325417768446624,0.00306452652314594,0.00286186118233119,0.00268778961452139,0,0,0.000281710811353154,0.00124950210863575,0.0117326175264544,0.000201311463255536,0,0,0,0.000731028233040412,9.4076561796305e-05,0.0146037317756325,0,0.000145703011639893,0,0.00117424847319343,0.00075804565926374,0,0.00135411174224704,0.000329694526383611,0.000466036348204107,0.00102851460415577,0,0.000321945444317387,0.00636570368246634,0.000106360205201846,0.0198100881472071,0.00262188221862212,0.00411034719431406,0.00585908993554918,0.00496022757226811,0.000965011144678016,0.00232835047407154,0.000111309776944343,0,0.000214570612178687,0.00119155029496507,0.0004653180643055
6.52367963027809e-05,0.000302449420821847,0.000728832272972508,0,0,0.166767115752794,0.00122613574795302,0.00020089409838188,0.00525483498570628,0.0113843519813999,9.43090738366561e-05,0.227396459278183,1.52659232993726e-05,6.53310436097566e-05,0.0672949681552315,0.00181887650731782,0.000134511631389671,3.72413437045699e-05,0,0,0.0139618515903296,0.000552627200248051,0.0100519982304281,0.00161289088786932,6.3935376467938e-05,0.000937063631128203,0.00391427726458442,0.00971594371049998,0.000315014246936597,0.000532005453407521,0,4.26446902361075e-05,0.00018454706494753,0.00256210747239514,0,0.0437413450750554,0.0430502198289856,0.0403943705341099,0.0310700279763343,0.0252599636330928,0,2.92398237883842e-05,0.0251464585406857,0.0200558837893109,0.0191087993508276,0.00952227791027533,0.000118223018549657,0,0.000162495998656494,2.70771104570748e-05,0.000240436064134784,0.000402520691584705,0,0,0.000166979667678759,9.81610904151616e-05,0,0.000468023290366663,9.43933833577604e-06,7.85627845403464e-05,0.012242511873308,5.91358341020606e-05,6.65208463981296e-05,0.000135132685662967,0.00260411225537427,1.35553077832381e-05,0,0,0,0.0024310292814906,0.000291080602063658,0.00350013139702756,0.00209807415795026,0.000118231889936966,0.000472166984542018,0.0016960872823769,0.00124644283170462,0.000164624217547295,0.000202102374947925,0,0,4.51988401159442e-05,0.000679701371651741,0.96044890106802
0.00127535469941649,0.0166386463479952,0.039677661131637,0,0,0,0.0213850914606907,0.00191753602812413,0.037514528124431,0,0.0280648435002655,0.0075345248014051,0.124977660313019,0.000326008753462784,0.00035855361108335,0.0448810771021142,0.00210532724911537,0.00167887138268399,0.00542552876802171,0,0.182359008296326,0.0156204766161043,0.187112818090936,0.0258297656362253,0.0127792616761247,0.0509561698134292,0.101573503301521,0.127618553582553,0.00682834608436867,0.021300435076003,0.00118748968540552,0,0.0115590414193237,0.0431534603805641,0.0437413450750554,0,3.20175697479935,0.980351796252449,0.671294821939367,0.677587590485082,5.8835681155881e-05,0.170468082002578,0.12412552613156,0.0725941699198821,0.0398925124729281,0.0222766789680491,0.000163178721746891,0,0.00212563717871069,0.00338408462670528,0.00480127458929897,0.000949049153785949,0,0,0,0.00236365241065023,2.44120782848453e-05,0.0183097038446576,4.82816100226041e-05,0.00142286327474788,0,0.000619547633641473,0.000820366448872491,0,0.0132228695609336,0.00025908872272114,4.1406520665773e-05,0.00105532746679995,0,0.00729930318637753,0.00533299465599955,0.0111124058542003,0.0294862778755022,0.00238218465820055,0.00364909452728843,0.00494758086238222,0.00970500943703025,0.0016248022901909,0.00412364798482744,4.19039029168383e-05,0,0.000478733355036133,0.00270790014167124,0.0312502217279637
0.000613270163207997,0.096956379066751,0.277315236360349,0,0,0.000271863578815368,0.00794679828757709,0.00300119080645167,0.0126867655293663,0,1.01498295546935,0.00016844355102566,0.578973833683374,0.000704554357636005,0,0.0214234238964255,0.0999846991064257,0.0304506013878228,0.124719239994261,0,0.0552424268112222,0.0224175205222326,0.182267533633866,0.0145456593761366,0.839850681622905,0.566475825126495,0.22254462842236,0.0494980801590744,0.00428568855221043,0.00665952728796408,0.0412014592549271,0.000469708893741363,0.0077112443181213,0.142874319094395,0.0430502198289856,3.20175697479935,0,4.46393419354059,2.49396537833373,0.0375808709672979,0.000441662140904728,2.72467793470224,0.0565348203002873,0.0306114770449339,0.0199506165775464,0.019371481764376,0,0,0.00151482975488726,0.000619913795975827,0.0229119943997845,0.000684394789837886,0,0,0,0.000119363194354244,0,0.00928645598583092,2.59835487173468e-05,0.0014807129798496,0,0.00505920340726378,6.76700694102429e-05,0,0.00477785682434463,9.33053618617907e-05,0.00064422328598566,0.00430103986267267,0,0.00214089345744049,0.00425603595121228,0.00327712278384003,0.00847472287416618,0.0207067821121143,0.0178284680630425,0.014602622307825,0.0036433881625569,0.000762829256892445,0.000689238632389402,0.000175747713244244,0,0.000524652597322949,0.00334750110334547,0.0324445667604149
0.0100869887964616,0.15918045534988,0.3398944087014,0,0.000448727173329132,0.0175365273865142,0.0712054312756264,0.0190597044955927,0.0255807014326488,0.00231645801612348,1.02574289311732,7.86982864063434e-05,0.085208071960606,0.032346343841963,0,0.0968634588059602,0.0361404901129,0.0301701969210588,0.377292374458738,0,0.507513167373355,0.0478953851755997,0.892099438104594,0.0384324039352306,0.20670014607629,0.555019395280463,0.814265397390065,0.232750256113095,0.239394763214105,0.0349279896370481,0.0177519345648061,0.0290711457541049,0.0903615993238323,3.62138345965491,0.0403943705341099,0.980351796252449,4.46393419354059,0,3.97337128813674,0.120117577235978,0.0350212815151903,0.83747258554622,0.0391553900663395,0.0208912845595016,0.0180852229882288,0.019573831928835,6.83096045362083e-05,0,0.000916599655133282,0.00230619287460877,0.0410385627994429,0.00101248041350297,0,0,0.00041413854446179,0.00109375425840425,0.000160099585459256,0.0140543086672437,0,0.00167730114637263,5.63765915303333e-05,0.00219246658425415,0.000256751345107429,0,0.00492342238772624,0.00191111366377654,0.000223798719251669,0.00440560228281427,0,0.00161489176322098,0.0106807696408546,0.00178991420909978,0.0154756356219522,0.014301231821367,0.0156322756409335,0.0202633087080928,0.00514642255444308,0.00154022831898562,0.00244752010617658,0.000139731719546719,0,0.000817513964077324,0.00306783467979869,0.0340354454304056
