0,0,0.129358493880794,0.00426211918369435,0,0.00636806943405675,0.288451439213466,0.626878343672696,0.0463903655423062,0.00413957912479438,0.00259203321616046,0.000170643267386026,0.000101516429574441,3.96806994428047,0.000172177043433527,0.00114533877525999,0.190719682011772,0.00175274015925009,0.0308509617028185,0.00368809120576852,0.0452847701480505,0.00162134099194525,0.121177493619627,0.0460622370672259,0,0.0131890735084728,0.0106233392538769,0.0426578039966407,0.752518370710543,2.22059509654247,0,0.0015957176166205,0.0202508484226597,0.101389992813757,5.98357407094671e-05,0.00506111409307212,0.0133256342129058,0.0215787827959735,0.00429893729990612,0.00443308201327056,0.000364939388419971,0,0.00405924110196846,0,0.00299874759447144,0.00055164501206288,0.00234379073954302,0.00104627626162715,0,0.000939553506625983,0.000131187424308569,0,0,0,8.58771096533192e-05,0.000222370248183083,0.00080655011336662,0.00773441644884885,0,0.00069631382048022,7.63801987625004e-05,0,0.0011200999295906,0,0.00863694568455208,0.000452266324171755,0,0,0.000274463308865602,8.75581490251921e-05,0.000288225047258471,0.00100059386171315,0.00764347034029793,0,0,0.000794412269507312,0.000541424429798447,0.00244718181177745,0.00158009642697723,0,0,0.00193648167967092,0.000287513588911674,3.44398542396693e-05
0,0,0.00490059070617417,0,0,0.000158083342560261,5.42835668403672e-05,0.000469709506280398,0.274124186712863,4.32728637458357e-05,0.129615887822668,0,0.274305492875265,0.000437937791346123,0.00152773627553747,0.0665135513303256,0.00715132683006633,0.0367836772787734,0.0250423837599353,0,0.000627559036060439,3.73611289691073,0.00528994923399116,0.138686936358609,3.44689708753792,0.0940301936532548,2.11340022433736,0.00255015692193616,0.000664339536509524,0.00162174885440952,0.0335133812991227,0.000188734441569639,0.000980214473954532,0.0167703890176954,0.000847971640066654,0.0154146036699668,0.0546999790506537,0.0369329780914583,0.0175400929032838,0.00487729896818432,0,0.00473450007980133,0.0520314348334953,0.393321697054324,0.0431317840665431,0.0150358482025937,0.000674073019375707,0,0,0.00272684594573381,0.778622778768018,0.101510065738232,0,0,0,0.000608853685489534,0.000305385870513842,0.0188503974554097,0,0.00122675129987223,0,0.00317349216962876,0.000262323611329323,0,0.0206865689187773,0.041251734358889,0.00828661680228546,0.0894985555950638,0,0.000896148263339617,0.160588598099264,0.00499719001667917,0.00858127418159373,0.193079402494282,0.160598303681393,0.952155303460764,6.83061025990523e-05,0.000552996243455808,0.00199446404671917,0.00214172597135343,0,0,0.00196173283449407,0.00026170503208285
0.129358493880794,0.00490059070617417,0,0.000327867348703777,0.00138887278941831,0.00355911034366159,0.0500729195809597,0.0985056417978879,0.00961832687187607,0.00156173601656141,0.010623829674148,0.000352676729365483,0.0203075693002044,0.068444075138818,0.00082863727341755,0.037337156386787,1.83452454338656,0.0089189282065145,0.132302827943594,0.000927280233385349,0.151001626450288,0.0133035487006747,3.50625313090055,0.04654424785463,0.000670743022670769,1.61988444392124,1.09256111814164,0.0679558147696074,0.076650039001131,0.209937788562275,0,0.000853612778711398,0.0238062060680373,0.484350726371651,0.00551476846869202,0.254479199106325,0.818672599633092,0.779339721890027,0.226614934645472,0.00873168210881088,0.00580026377446008,0.00310392382390993,0.00831219226932797,0.00500246041278358,0.00117963898862849,0.00260441046133582,0.00120064375552865,0.000368511795707654,0,0,0.0021517188304629,0.00303656009126307,0,0,4.25173840540179e-05,0,0,0.00246391720733252,0,4.41122222379665e-05,0.000138916422610147,0.000133143718742368,0.000298946427739576,0,0.0189870314233138,0.000484069272027905,0,0,0,0.00377151622617661,0.00824801434175299,0.00579129228695943,0.00181997517584622,0.000741927841475531,0.00024605231019724,0.0185311915233102,0,0.00165066036683604,0.000264246176130018,0,0,0.000398668673028093,0,0.00491476348619313
0.00426211918369435,0,0.000327867348703777,0,0.000388024490359726,0.0417489735766655,0.1004166660746,0.0475172290215247,0.70455494643264,1.14669751255972,0.000924892824889627,1.72629360417595,0.00227565149399374,0.0222314816741906,0.00464858932543943,0,0,0.000366412019263118,0.000339097982536425,14.6776520402397,0.00043997851394406,8.93794587641808e-05,0.000443196904779954,6.00529808735074,0.000656481293577031,0.000133853807414284,0,1.48246622122833,0.0238827637346897,0.00100459473119953,0.000163862889501255,0.00230520220057433,0.00834572020709135,0.0259350303631745,1.00365728344064e-05,0.0146948665812263,0.000214169564423106,0.0203370081664806,0.00609778029911267,0.0225418949370595,0.00982788369427471,0,0.00510947184119566,0.00027931752954273,0.00149825469659174,0.000446570980444649,0.0113184200936361,0.000795083257245125,0,0,0,0,0.00759789721726974,0,0.00418594443041818,0.00420342246126514,0.00438900828036952,0.0781209822645914,0.0172271623527203,0,0.0151972273238658,0,0.00179020373488899,0.00194829857084501,0,0,0,0,0.021212792855785,0,0,0,0.112168972014881,0,3.52440329575562e-05,0.000138292482803649,0.00355341435010295,0.000649026952610684,0.000559578657861235,0,0.000248266130544628,0,0.000281578348735571,7.25059434619405e-06
0,0,0.00138887278941831,0.000388024490359726,0,0.508077838812788,0.000124629348073208,0.0019699018274446,0.0063917768113488,0.000201215041261248,0.00722635511979732,0.00085686951426792,0.00422222892211544,0.00484445065682274,0.709714485962939,0.0088050319935248,0.00278119326647897,0.000197796326563389,0.000728181670213166,0.000768735498740795,0.00981019022876433,0.00289988836142478,0.017872109972886,0.00135205832733371,0.00249547080379145,0.00125619625767932,0.00386372213336705,0.00350865334434289,0.0702263931186932,0.000496293769235175,0,3.9021220738619,0,0.305091511808871,0.0333922478531175,0.00514376568504457,0.0231405710830861,0.0497100805342217,0.0426199738750934,4.10889408617136,2.5053524320663,0.00212996198666655,0.010816339074941,0.059562927912626,0.0135002517834765,0.0236990822190902,0.00814557306416596,0.00427370112290756,0,0.00122402200331592,0.000610061679594587,0.00821104121006546,0.000153742618486774,0,0.000195192916665649,0.000420896505667523,0.000452423111192193,0.000282802617946944,8.23981216674097e-05,0.000925668669931354,0.000310766688358414,0.000175205177128671,0.000518815405779657,0,0.0195398675168516,0.000907288870123379,0.0013073022483797,0.00174751299943228,0,0.00187882411714866,0.00180924740591009,0.0144121458132226,0.00110036560404211,0,0.000728484356221791,0.00840522684702478,4.52363690168532e-05,0.000668910217209504,0.000713466583802219,0,8.49511120701069e-05,0,0.000119456504064194,0.0587079579352214
0.00636806943405675,0.000158083342560261,0.00355911034366159,0.0417489735766655,0.508077838812788,0,0.535779422261662,3.60168236386102,0.140258395486099,3.14094649910337,0.0113191559125868,3.94383769049112,0.0108317461286171,0.185505469335526,0.913183010181702,0.000281769401441328,0.00057297044489143,0.0017266278455633,0.00084746503841907,0.221430792585208,0.00226195640383319,0.000478850765687496,0.00492720454330524,0.0876642603727618,0.00128314339187094,0.00231330569063307,0.00154598742989441,0.111257993588865,0.0750188333118236,0.00442080841330634,0.000190670880688675,0.725148871566158,0.00221100352761356,0.146864136429075,0.0186157729343009,0.0228056858899892,0.000962077792203412,0.0749956275070886,0.0152522931737576,1.94556760431382,0.19474250912176,0.00213725053115534,0.00962452576233028,0.000212171542201321,0.00847126663023512,0.00256034077751351,0.0145188883268732,0.00389784353206673,0.00128563158368884,0.00481858301977875,9.82652565813136e-05,0,0.000836511340913236,0,0.00954600207514943,0.0097579889330287,0.00821798373184331,0.0332125679268107,0.0184884378519147,0.00102308778375077,0.0163308709483255,0.000455621091012983,0.00810032684322774,0.000655674436094544,0.00246811000007797,0.000214642669240801,0,5.56488419568876e-05,0.00906718988970566,4.6890054812258e-05,0.000854809358265461,0.000392789508209074,0.0428965288288707,0.000328477666822351,0.000139172300584489,0.000436686062827584,0.00945985052145312,0.011290018812156,0.00717961583415082,0.000299179600144105,0.000897453165762907,0,0.00225302585658801,0.000262900146516521
0.288451439213466,5.42835668403672e-05,0.0500729195809597,0.1004166660746,0.000124629348073208,0.535779422261662,0,0.904408888228413,0.245797648760985,2.57036488848519,0.00563196636463585,0.0196398401360048,0.00319741312359813,0.949504063882903,0.00223567883778165,0.000358619969004766,0.00306037223202223,0.000884804752583521,0.00150530019515018,0.086417027785849,0.0370119705684406,0.000674856752393648,0.0948125800109898,0.603091283229571,0.000168676277888356,0.00586066957828612,0.0228985935112589,3.92041785247581,0.105060337666151,1.39656566266687,0,0.00832246069454221,0.0126280737890314,0.0951834445490886,0.000779982797101785,0.060693465915066,0.00755313237151261,0.0633106976536264,0.0208798748872486,0.0365447290398836,0.0151080779582347,0.000602443532855073,0.010308093161272,0.000481601460196567,0.0104322198405815,0.00413290914179897,0.00713848453379951,0.00242032067036207,8.24953166547954e-05,0.00221156058175313,0.00038909594731437,0,0.00229174320813979,0,0.0066071918190948,0.0082228240647765,0.00786552104083589,0.0412204021283655,0.0249187665329731,0.000276715896427061,0.0154259068705346,4.95305362024079e-05,0.00970131217047161,0.000360601437753226,0.00246177563443442,0.000353514176074214,0,0,0.0113290045654389,6.64872041731494e-05,0.000578202959794341,0.000911312662173358,0.040951870306755,0,0,0.00074449632643363,0.00714661081614545,0.0093666381816947,0.00298606034481116,0,0.000938953412528956,0.000351217666180738,0.00170405824553273,0.000623041931753806
0.626878343672696,0.000469709506280398,0.0985056417978879,0.0475172290215247,0.0019699018274446,3.60168236386102,0.904408888228413,0,0.099629128926958,0.837410694903372,0.0234041199068617,0.349826881644707,0.00909015980934801,2.28517981859765,0.0239788700119352,0.0010750792713275,0.0619894805693826,0.00323438767588354,0.00748364971938859,0.223518883894098,0.0377211053777387,0.00139453798443516,0.124411104088727,0.108463621048936,0.00124426644898508,0.0114263056881221,0.0114319162265682,0.139395187744436,0.209829764046671,0.22209135718242,0.000520053581792657,0.697569730736997,0.0035098721571988,0.29188739058673,0.000670841686682606,0.0288481426380792,0.00685806754735963,0.140809230913443,0.0188089671789335,0.0283533600945202,0.0321944966186327,0.00166016044590787,0.0112316178713309,0.000694289404844571,0.00600659586265627,0.00120938985965021,0.00907609263014955,0.00194846970648519,0.000464878940665238,0.00610640894535803,6.73841128282339e-05,9.49741783358394e-05,0.0014440796734651,0,0.00297903069846411,0.00803379888060798,0.00985747569372918,0.0206955864507533,0.010130889874659,0.000419195687340788,0.0091514855593782,0.000138705094194971,0.0120646689945079,0.000734228150072999,0.003846865614543,0,0,0,0.00509711620192712,0.000568650091685623,0.00120382980992588,0.000867726076841841,0.0450147375558239,0.000376132800943042,0.000320395774858864,0.000864460605101171,0.0112777835439775,0.0173885460387815,0.00682337533414524,0,0.00104356567391766,0.00114151158359995,0.00139135945208379,0.000253875356407392
0.0463903655423062,0.274124186712863,0.00961832687187607,0.70455494643264,0.0063917768113488,0.140258395486099,0.245797648760985,0.099629128926958,0,0.14918663103934,0.0290333403220167,2.13306280821536,0.030017406993998,0.0407334999118907,1.27961139006559,0.0146807001219344,0.00578658311119368,0.00501535475570325,0.0039179052913381,0.729790987220011,0.00641648189929797,2.26179377354389,0.0123040454563185,4.41083852708443,0.0830939404077979,0.0234321562523054,0.182364369100053,0.394360631519113,0.0723852362466774,0.125471901616387,0.00484725133043412,0.00873237327797932,0.0422053474521644,0.0881332210633876,0.000898161647998851,0.165969787307463,0.0369204791234976,0.0706904377520353,0.0287380057240816,1.79306601712286,0.0217508372482133,0.00213972186282482,0.0415073356708088,0.00445889010533759,0.0166564531653551,0.00357731637442004,0.0711409028679988,0.00608278238346912,0,0.00793873855056555,0.0110071125261572,0.000635319223484906,0.0146534880666041,0,0.0100346559880176,0.00675915554622013,0.0077390807803189,0.709633615436828,0.0348649135010987,0.00164973381854541,0.0515084447122904,0.00111232362997021,0.00891463435136585,0.00808869055303124,0.070790944631558,0,0.000344587717038892,0.000121679614342602,0.040741334556264,0.00430199211250733,0.0758324097406896,0.00380826366214121,0.0830787171869807,0.00121275582376493,0.000757084983286614,0.0147959508579838,0.00886596740066626,0.0124838430509831,0.00761103714046701,0,0.000595894975278448,0.00178094810276819,0.00160391512067924,0.000267026553995999
0.00413957912479438,4.32728637458357e-05,0.00156173601656141,1.14669751255972,0.000201215041261248,3.14094649910337,2.57036488848519,0.837410694903372,0.14918663103934,0,0.00876267291903399,1.79034383002169,0.00338241404016082,0.204577419796611,0.00371915481696246,0.000121011863602379,0.000812204649023119,0.000956514394956052,0.0019291361231913,2.85165970199414,0.00156681562451632,0.000189256329674952,0.00168653626898957,0.124220332054488,0.000623325368622528,0.00216386638206304,0.00111842131066723,1.32225960594566,0.0658623202628701,0.0020496476925243,0.000147553828456911,0.0107404767217663,0.00368982446549858,0.0970596603274098,0.0186928334399876,0.0418101185980648,0.000402052595907531,0.0619486401539458,0.0104009153940096,0.0317103270288751,0.012888774029399,0.00078429826532961,0.00859808393352241,0.000119373160465841,0.00249081254240349,0.00157493792176439,0.0152455568728472,0.000693004048075402,0,0.00082424273890911,6.97832025176228e-05,0,0.00392341038871399,5.9790534247291e-05,0.00793048732758343,0.00966263008883309,0.00937189320501266,0.0479243849027615,0.033228186217279,0.000863891256346104,0.0290725390701035,0.000393712140836685,0.00562778511512371,0.001346375452998,0.00053335713165727,0,0,0,0.0151792649980379,4.46736451724973e-05,7.21077248536615e-05,0,0.0392059555336503,0.000229878833954914,3.32797435274824e-05,9.08644593239152e-05,0.00982365623059713,0.00407659311905261,0.00193052516904416,0,9.40060219092632e-05,0.000216620133820914,0.000958976237871552,0.000200521619765944
0.00259203321616046,0.129615887822668,0.010623829674148,0.000924892824889627,0.00722635511979732,0.0113191559125868,0.00563196636463585,0.0234041199068617,0.0290333403220167,0.00876267291903399,0,0.0102680706659458,2.50208718364044,0.0296230471008218,0.00111848581194977,0.00335702546508016,0.00938016584324385,2.47280585903234,0.370218937300322,0.00466614025356392,0.00156632918539576,0.0525006202086271,0.00434353505145835,0.0151698559223071,3.69393891746063,1.08147406357816,0.273951354964602,0.00528085519151315,0.0936906650945306,0.0026079990365023,0.438856557038326,0.0765256639736573,0.00267725488717317,2.09926633081227,0.00195105986928655,0.133566155366309,1.02692516817297,0.713347196223527,0.0596097353112616,0.0035413494731221,0.00605958711157006,0.455818872258485,0.00315203421420008,0.0155524748232634,0.00606600857359115,0.00143420152946702,0.000779609718120728,0,0.00560483597407575,0.000162114961720103,0.00520298348597091,0.000175251886583985,0,0,0.000202233345864332,0.000554265022446352,0.000415193600850617,0.000809711781718384,0.000303838694522296,0.0839553344544904,0.00016938307435114,0.107517169678068,0.000303858897220977,0,0.00160521426715159,0.000314136172300796,0.0123009045121701,0.000543231671381757,0,0.000130494352886187,0.00228452026479521,0.000704264117221744,0.00198095134355387,0.316620011238385,0.0812175936724779,0.0523170430202779,0.000903204810437711,0.00154239520368679,0.000317370052915364,0.210382715097667,0,0.000192001551963645,0.000855345765352445,0.00101938863140588
0.000170643267386026,0,0.000352676729365483,1.72629360417595,0.00085686951426792,3.94383769049112,0.0196398401360048,0.349826881644707,2.13306280821536,1.79034383002169,0.0102680706659458,0,0.00272486352984372,0.072521842794666,1.64151263536171,0,0.000187995380903525,0.00188371774611617,0.00154330687049339,10.3446742085734,0.00119723290195284,0.000756995317189586,0.000880242230524775,1.25589232949966,0.000571080597258607,0.00219880136503847,0.000564145179692534,0.0388548924610901,0.0289477301915511,0.000597682852973778,6.41518341836541e-05,0.0206061647571485,0.000627968354336486,0.068801907274542,0.0282646476123072,0.0719039737783726,0.000778075944707877,0.0428827013974356,0.00456427422597929,0.533928310872241,0.00574176451311763,0.000252663969004139,0.0416317956972046,0,0.00103920869855768,0.000776854805637641,0.0644709759210497,0.00048070072116621,0,0.000669264239072287,0,0,0.00970417594158876,0,0.00618907794426225,0.00449533755082311,0.00359479180721463,0.125782069483375,0.0337433751117804,0.000475506949614594,0.0715307020780558,0.000215658732448123,0.00209018138023107,0.00361903141605312,0.000101495638658539,0,0,0,0.0369015517826458,3.30220729612802e-05,0.000364137559419157,0,0.0303220723554872,0,0,2.59261718254852e-05,0.00614676780466185,0.0022271362754672,0.00129466966585487,6.73270747771613e-05,0.000178341561491361,0,0.000106546612904845,2.07291210490032e-05
0.000101516429574441,0.274305492875265,0.0203075693002044,0.00227565149399374,0.00422222892211544,0.0108317461286171,0.00319741312359813,0.00909015980934801,0.030017406993998,0.00338241404016082,2.50208718364044,0.00272486352984372,0,0.00721908811306636,0.000211892192758328,0.0311282849266042,0.00608255853594152,0.0209722557780566,0.0126084374065339,0.00376652978769643,0.026235881820154,0.0739072454082852,0.0660127744793472,0.0275667381607462,2.70102288721632,0.590216050979979,1.19451105438413,0.0166901235481542,0.0148604645520988,0.00439693763043704,3.66585385531232,0.0317585847762247,0.00152890857432136,0.316207142817448,0.0117868115270787,0.750365072546255,1.04571866817877,0.37166640950375,0.185834805229231,0.00777228565849227,0.144687600564503,1.75886217672406,0.0248644561068458,0.0566246773688901,0.012420198265675,0.00328662324884638,0.00265179056473646,0.0143262757293846,0.0439667168741602,0.000297159310822324,0.0183476324648919,0.00386091006556838,9.15150604827858e-05,0,0.000221266688636,5.40311282092249e-05,0.000458495829665619,0.00335673008731026,0.000378532011538133,0.117003704502847,0.000719157795282177,0.207653391247109,0.000843774523132683,9.44416779403122e-05,0.0222651794126157,0.000383008043232054,0.00802355465371039,0.000959501810412927,0.000134732332467353,0.0016993759464433,0.00608464647262899,0.00928627469263225,0.00409670267144646,0.0974911937280659,0.0291131157108611,0.0427601535254322,0.000953809444964929,0.00204367593986567,0.000739476573608195,0.042327804286756,0,0,0.001009183333066,0.0101737158434956
3.96806994428047,0.000437937791346123,0.068444075138818,0.0222314816741906,0.00484445065682274,0.185505469335526,0.949504063882903,2.28517981859765,0.0407334999118907,0.204577419796611,0.0296230471008218,0.072521842794666,0.00721908811306636,0,0.00931970198996378,0.000657322960771418,0.0600556899246389,0.0059696713629881,0.0141929857788093,0.0702079679062449,0.0214476471483626,0.00103587609842607,0.0747461721420004,0.0693170781700193,0.000601583583014853,0.0112253335079961,0.0104516212317612,0.07901051624151,3.20070072368474,0.186528905475249,0.000195315078270526,0.431629330836698,0.0301881413435038,0.430077576773973,0.00020875441255091,0.0377211156905969,0.00950195051349002,0.13905883842677,0.0116032958161663,0.0305470150565861,0.0219963712507506,0.00086895539057298,0.00609594369393373,0.000168310775500541,0.003791363565761,0.000861414461869903,0.00397913170123831,0.000904098805156302,0.000884798599735671,0.00375276102158887,0,0.000105783957421636,0.00045841366043727,0,0.000935246443621233,0.00296775515687848,0.00336767886389593,0.00850403165454103,0.00276074797639559,0.000358545921762934,0.00313360411339795,0.000300302379813074,0.00512584120590284,0.00093885073272478,0.00572289080874198,0.000374555854757578,0.000202608113830167,0,0.00245174927761273,0.000233900474308643,0.000187403192926803,0.000622681901919339,0.0209924052994275,0.000200769936807928,0.000258303913233822,0.00117036074883301,0.00298340469823438,0.00947973443905723,0.00494837261611323,6.08109732230522e-05,0.000427941301325389,0.000305430539429334,0.0014169303474841,0.000242104775085956
0.000172177043433527,0.00152773627553747,0.00082863727341755,0.00464858932543943,0.709714485962939,0.913183010181702,0.00223567883778165,0.0239788700119352,1.27961139006559,0.00371915481696246,0.00111848581194977,1.64151263536171,0.000211892192758328,0.00931970198996378,0,0.0016426719154993,0.00098582563306035,0.000120644694405807,0.000123855722015048,0.030554747744992,0.00202307914434093,0.00303643198319607,0.00448551171926855,0.0310513557851298,0.00039917732154876,0.00134165656828108,0.0025755085775103,0.00270299598488859,0.00291534941219362,0.00027458375391986,0,0.0151661890945671,0.000228181563824134,0.00766776908500363,0.140672233192347,0.0852719950676692,0.00709388250755878,0.0159991379997718,0.0152566209816424,4.81885492487923,0.0707801277741363,0,0.025287542178186,0.0384177797380344,0.0125363497181946,0.0159542391165052,0.0349766368825311,0.00122605514293407,0,0.00221071561227713,0.000751763961215346,0.00250917390987428,0.00268892653920217,0,0.00199464343455233,0.000718214224896228,0.00036876368755154,0.0323994666950314,0.00720350899299081,0.000406796042631406,0.0209767824208808,0.000125542906737552,0.000247413191550699,0.00342993591568916,0.00441946219212944,0.00185964010274652,0.000341971087082673,0.000735830486851044,0.0142940144012466,0.000428044967830624,0.000118088016748556,0.00787755739842224,0.00474284736757599,0,0.000923834362580037,0.00396486956825919,0.000517571047239997,0.000373614053392713,0,0,0,0,0.000559568641519919,0.0529276506815149
0.00114533877525999,0.0665135513303256,0.037337156386787,0,0.0088050319935248,0.000281769401441328,0.000358619969004766,0.0010750792713275,0.0146807001219344,0.000121011863602379,0.00335702546508016,0,0.0311282849266042,0.000657322960771418,0.0016426719154993,0,0.0246115772515488,0.00103840949947883,0.0121544000300395,0.000126224068435294,0.525273631485385,1.62531360746874,1.71911689808694,0.908167457198188,0.0044533679076867,0.0212200798793567,1.19334895514004,0.148458932252551,0.00233080641924557,0.0208431513857779,0.000518546131383225,0.000695919687680194,0.000159524972816159,0.0554339135477308,0.0161859295404154,0.481622163578942,0.580768373235386,0.18795568074305,0.117539114038727,0.0428639171434935,0.0123228195686173,0.00216006532430694,0.0657734724184284,0.0676903078701327,0.0192803582924868,0.00905703211734036,0.0094524833483884,0.00530378729190791,0,0.00284653739789296,0.0144461526029995,0.0192010193062824,0,0,0.000272548482134318,0.000476439577439845,0.000700889624148761,0.0122944586871763,4.4535155823644e-05,0.00209545895855801,0,0.000230424425202829,0.00256502777098543,0,0.683001572538508,0.00642711460844481,0.000533823467020595,0.00209271508200845,0,0.0494217615199304,0.299028553926548,0.143943238464148,0.0217175108312647,0.0005412524153525,0.000567875553477456,0.135660557979484,0.00059656489633745,0.0137869411915553,0.0122116531544441,0.00011446106520244,0.000266814870809981,0.00246556040157687,0.00123627114831613,0.00628852219065111
0.190719682011772,0.00715132683006633,1.83452454338656,0,0.00278119326647897,0.00057297044489143,0.00306037223202223,0.0619894805693826,0.00578658311119368,0.000812204649023119,0.00938016584324385,0.000187995380903525,0.00608255853594152,0.0600556899246389,0.00098582563306035,0.0246115772515488,0,0.0133950831931826,2.07258073916125,0.000155760327915477,0.187628850443166,0.0190247827409495,2.50078134016534,0.0241705732028113,0,0.945217751074662,0.462700366454836,0.032661756764462,0.164670651732005,0.251857621355523,0.000167297563297554,0.00153732422390431,0.0662882641698081,0.715133470632979,0.00145705184040276,0.0909620466614353,0.523933917557643,0.300151344813439,0.0792697085853623,0.00820009557139365,0.00371865362268979,0.000970205842871618,0.00230355063209502,0.00243531887370226,0.00115199115984716,0.00103139680080921,0,0.000109251845004234,0,0.000646498601219051,0.00424874786857102,0.00235122945737379,0,0,0,4.04322330475118e-05,0.000133044457358112,0.00263953366120456,0,0,0,0,0.000138005722713226,0,0.00526478007495187,0.000115270215389884,0,0.000631942168369853,0,0.000146818971604793,0.00481481080170257,0.0016975587583365,0.000896370316097744,0.000457021450912049,0.000117310305762706,0.0136187514371542,0,0.000277915912864477,7.28281023349027e-05,0,0,0,0,0.000528834440540812
0.00175274015925009,0.0367836772787734,0.0089189282065145,0.000366412019263118,0.000197796326563389,0.0017266278455633,0.000884804752583521,0.00323438767588354,0.00501535475570325,0.000956514394956052,2.47280585903234,0.00188371774611617,0.0209722557780566,0.0059696713629881,0.000120644694405807,0.00103840949947883,0.0133950831931826,0,2.327354553872,0.00212751385702489,0.000305778826523242,0.0121492282784429,0.00161676615253097,0.00254783047969879,0.140655358716326,0.776481856129715,0.114105949066158,0.000702667294052694,0.0106654086327057,0.000543504720296704,0.0278846367102607,0.0137779786267242,0,0.141323950747027,0.00051329054309799,0.0593122746021377,0.267344752982401,0.348556607539916,0.0577989571452709,0.000886523215114125,0.00103402363331645,0.0159885418494212,0.00120220762661155,0.00787873224727836,0.00285654155780921,0.000307362757422923,0.000519399910852286,0,0.000750197335888297,0,0.0031239889148674,0,0,0,0,0,0,0.000653744724307369,0,0.00801120557396504,0,0.0222199079412031,0,0,0.00032973971884794,0,0.0170651075838331,0.0012837957907201,0,5.08050462076745e-05,0.000204933710311078,0.000362559536673057,0.000114465587556152,0.108688298829692,0.0431763153332716,0.0378578748091547,0.000100842911709631,8.79245371759249e-05,5.45086519447222e-05,0.0594227972666028,0,0.00131881247029516,9.93324768695791e-05,0.00037136766844329
0.0308509617028185,0.0250423837599353,0.132302827943594,0.000339097982536425,0.000728181670213166,0.00084746503841907,0.00150530019515018,0.00748364971938859,0.0039179052913381,0.0019291361231913,0.370218937300322,0.00154330687049339,0.0126084374065339,0.0141929857788093,0.000123855722015048,0.0121544000300395,2.07258073916125,2.327354553872,0,0.00164429268681335,0.010054228603231,0.0175785154229831,0.0417637354492619,0.00868648299758675,0.0140984107670521,3.00171843537808,0.34435494159396,0.00679732403990805,0.0308735955309478,0.016210030781425,0.00276979421370768,0.00591892748431336,0.0147002263428518,0.716957705210919,0.00176459548875364,0.14633832847385,0.353510785524356,1.27763381962174,0.237091291324594,0.00130495819806747,0.00196093068989252,0.00708885511955854,0.00113604818994421,0.00228106731249952,0.0010637119181024,0.000255597310813878,0.000335176792447309,0.000121267826014161,0,0,0.00788311279907601,0,0,0,0,3.34568464921536e-05,9.81805571455613e-05,0.000122007796228141,0,0.000726765445060621,7.1158864329051e-05,0.00160661800203384,0,0,0.000751090290430226,0.000629576844659859,0.00156472500235792,0.00102776331890081,0,6.35871331103755e-05,0.000784385494930965,0.000602131902198155,0.000585781169405372,0.00715249064348113,0.00668124516177398,0.0112185891085133,0,0.000202318947693379,0,0.00242696604255833,0.000166245137215703,0,9.85958626149031e-05,0.00112597648492258
0.00368809120576852,0,0.000927280233385349,14.6776520402397,0.000768735498740795,0.221430792585208,0.086417027785849,0.223518883894098,0.729790987220011,2.85165970199414,0.00466614025356392,10.3446742085734,0.00376652978769643,0.0702079679062449,0.030554747744992,0.000126224068435294,0.000155760327915477,0.00212751385702489,0.00164429268681335,0,0.00105485574238944,0,0.00128898151057731,2.36237955757002,0,0.000892887227255418,0.000778622322193358,0.487382376317694,0.038060422099713,0.00139032530087074,0,0.010614902063417,0.00396080016618412,0.0665911464369999,0.00121529972260695,0.0306221243153602,0.000906975889802958,0.0540301872955427,0.0120890046291496,0.0592183799198175,0.0109543622922809,0.0005976810011157,0.0105046173721033,0.000439758555101998,0.00545205707868793,0.00199392775309081,0.0235963433533733,0.00157188026527544,0.000592876942076923,0.000307512945080253,0,0,0.00763718188226576,0,0.00975552523507611,0.008672189504773,0.00731853798609733,0.127864847251163,0.0346815069072664,0,0.0423942391388656,0.000833392320496655,0.0036838593763251,0.00188541676876661,0.000939844467094819,0,0,0,0.0310498884511483,0,0,0,0.0609068253092482,0,0,3.26834107673313e-05,0.00678901609276859,0.00261438767877385,0.000886410138358384,0.000152706917879497,0.000294174065350308,0,0.00037632930067467,0.000101859286716788
0.0452847701480505,0.000627559036060439,0.151001626450288,0.00043997851394406,0.00981019022876433,0.00226195640383319,0.0370119705684406,0.0377211053777387,0.00641648189929797,0.00156681562451632,0.00156632918539576,0.00119723290195284,0.026235881820154,0.0214476471483626,0.00202307914434093,0.525273631485385,0.187628850443166,0.000305778826523242,0.010054228603231,0.00105485574238944,0,0.0349846161095256,7.63472497131312,0.127799658207326,0.000211075935098109,0.0135267291526512,0.106069784624029,0.920042319494525,0.0397977731544061,2.88738352813183,0,0.00366061198678307,0.00699747081859027,0.970559160187176,0.0283675313294967,0.70584224079473,0.233029415901624,0.463141199808209,0.0873388661785874,0.1865659062755,0.0274532112178889,0.00201504427243459,0.0379717363486504,0.014900840720116,0.00776831532713853,0.00144577622295551,0.00269813075574778,0.00220768529687092,0,0.0026031181630309,0.00087611053136067,0.00324565916569823,0,0,6.5031947890766e-05,0.000429545702249144,0.00102234811411679,0.00612213727369127,0.000128944660205133,0.000262187603817576,0,0.000546968085189586,0.00289058730812827,0.000143586181087067,0.139305281108952,0.00163540719683744,8.45487796866137e-05,0.000686097261631161,0,0.0252573451202378,0.0497860850006527,0.0335483609892153,0.0109711585999427,0,0.000491133750974793,0.00863239246172127,0.000473423679958449,0.00949143007734365,0.0128311182894577,0,0.000369169048228469,0.0023405988810453,0.000816935084508098,0.00885319140679324
0.00162134099194525,3.73611289691073,0.0133035487006747,8.93794587641808e-05,0.00289988836142478,0.000478850765687496,0.000674856752393648,0.00139453798443516,2.26179377354389,0.000189256329674952,0.0525006202086271,0.000756995317189586,0.0739072454082852,0.00103587609842607,0.00303643198319607,1.62531360746874,0.0190247827409495,0.0121492282784429,0.0175785154229831,0,0.0349846161095256,0,0.0625567939297628,2.08972969932082,0.289847022591099,0.0548614943877516,1.13181630122281,0.0302605609354323,0.00130591257709102,0.0121184510766061,0.00992097727129464,0.000409215974916788,0.00274881138704116,0.0307791500649649,0.00299058897749629,0.164430927083927,0.141855970898759,0.0930768690852647,0.0540636820086849,0.0281888283031086,0.00397899797478609,0.00292099664778044,0.0233195285204107,0.02702210783086,0.00841162002341987,0.00360570844881235,0.00233249804147931,0.0021185674705869,0,0.00105613504413351,0.14591299140215,0.00418746996387198,0,0,0,0.00042517322869466,0.000265091713451461,0.0122090511284956,7.37082338875816e-05,0.000538402507383438,0.000405397834769666,9.09301865085858e-05,0.00129583915443333,0,0.14774979401797,0.00245274763996744,0.000373188948914567,0.00166228353745574,0,0.0088924461303019,0.263149184035441,0.0211602181187728,0.00882415133424918,0.0162559249966583,0.00522826841698459,0.0964457940116829,4.49877048554676e-05,0.00729173050596161,0.00452199563765553,0.0011060864670926,0.000160034805829204,0.00173039269378096,0,0.00154335744719643
0.121177493619627,0.00528994923399116,3.50625313090055,0.000443196904779954,0.017872109972886,0.00492720454330524,0.0948125800109898,0.124411104088727,0.0123040454563185,0.00168653626898957,0.00434353505145835,0.000880242230524775,0.0660127744793472,0.0747461721420004,0.00448551171926855,1.71911689808694,2.50078134016534,0.00161676615253097,0.0417637354492619,0.00128898151057731,7.63472497131312,0.0625567939297628,0,0.133206296623832,0.000109852158782308,0.0965331834007991,1.30807466013663,0.43176824593786,0.0952314020937331,0.942208385990218,0.00021109295350962,0.00524783287044586,0.0145273972192009,0.927583699144135,0.0733728751293759,0.914866691639771,1.13959688083783,0.994019830625368,0.448226476030037,0.0774251145100933,0.0263369129154857,0.00370357448198395,0.0475773492287522,0.0378733654782037,0.00868507239745188,0.00656953792841328,0.00249911440385553,0.000833717870235628,0.000370732796606335,0.000547228672537981,0.00756702859257059,0.0158517401926669,0,0,9.55201724191015e-05,0.000527204925518367,0.000573927713775338,0.00378524914124521,9.58541333022792e-05,0.00112642299565245,0.000317737554628281,0.000269558595989412,0.000627040291115217,0.000130981250300278,0.219354462312415,0.00241901901349837,0.000127531605212562,0.000785745997526724,7.99690672875835e-05,0.0171530443469478,0.0842715610085764,0.0842792605730362,0.00766625922805382,0.000349529500438422,0.000666427814649019,0.130859333618791,0.000491056025466,0.00391256674153339,0.00377579580445126,0,6.09046763384155e-05,0.000648728590033672,0.000662666218232035,0.0246273780720782
0.0460622370672259,0.138686936358609,0.04654424785463,6.00529808735074,0.00135205832733371,0.0876642603727618,0.603091283229571,0.108463621048936,4.41083852708443,0.124220332054488,0.0151698559223071,1.25589232949966,0.0275667381607462,0.0693170781700193,0.0310513557851298,0.908167457198188,0.0241705732028113,0.00254783047969879,0.00868648299758675,2.36237955757002,0.127799658207326,2.08972969932082,0.133206296623832,0,0.0302413612602638,0.0259695352503661,0.452019511317044,3.00770751824717,0.151149211943189,0.29478542666992,0.00184075900203796,0.00988126292109311,0.0548598489224887,0.163241048260065,0.00721001668171407,0.38717147912033,0.11797365857096,0.134014515210273,0.0534464005506513,0.132692289362441,0.0226020608377495,0.002119759924464,0.113890179200713,0.00970350248107982,0.0657677119349492,0.0191943630920869,0.0331215700491621,0.0222992987080112,0.000195043940633466,0.0262219640978432,0.00767793054100682,0.00353789181675346,0.00866347679679157,0.000363884973733773,0.0114200891410811,0.0144863097875511,0.0225325939347661,0.201715913766979,0.0332656897146364,0.00500895422996069,0.0287934777067925,0.00123991460113697,0.039179436907414,0.00068077702181395,0.215678437855843,0.00238398106487936,0.000412509586632639,0.000891884429025336,0.0177003084248154,0.017629070310075,0.0850854349224894,0.0316946866967625,0.168067749221189,0.00184890581390192,0.00174720443168043,0.0280679330650096,0.0189509531621099,0.0747766163861227,0.0424706953752588,0.000116369557609723,0.00367647024823429,0.0107987574877051,0.0133752755428859,0.00398608399687471
0,3.44689708753792,0.000670743022670769,0.000656481293577031,0.00249547080379145,0.00128314339187094,0.000168676277888356,0.00124426644898508,0.0830939404077979,0.000623325368622528,3.69393891746063,0.000571080597258607,2.70102288721632,0.000601583583014853,0.00039917732154876,0.0044533679076867,0,0.140655358716326,0.0140984107670521,0,0.000211075935098109,0.289847022591099,0.000109852158782308,0.0302413612602638,0,0.573328505774371,0.97470492189484,0.000584247259714306,0.00286506542171258,0.000121627513980038,0.502059875257804,0.00329685865462054,0,0.038268672429169,9.52267005873696e-05,0.0351193540479115,0.941505225337299,0.0837829028330248,0.0110631013854975,0.00423571292442634,0.00163157389550861,0.676508412644276,0.00239103272002746,0.0343065367571405,0.010936738174202,0.00135604573471533,0,0,0.0192039200340304,0,0.0442035062612706,0.000350612959104882,0,0,0,0,0,0.000787182938991132,0,0.0888375666721338,0,0.087534520934336,0,0,0.00185036737290728,0,0.0164100269596004,0.00143793085517575,0,0,0.017171179380528,0.000160011020926226,0,0.605144203833691,0.0734999740106093,0.0602892999957513,0,0,0,0.243822217470481,0,0,0.00178178724451347,9.1074232747906e-05
0.0131890735084728,0.0940301936532548,1.61988444392124,0.000133853807414284,0.00125619625767932,0.00231330569063307,0.00586066957828612,0.0114263056881221,0.0234321562523054,0.00216386638206304,1.08147406357816,0.00219880136503847,0.590216050979979,0.0112253335079961,0.00134165656828108,0.0212200798793567,0.945217751074662,0.776481856129715,3.00171843537808,0.000892887227255418,0.0135267291526512,0.0548614943877516,0.0965331834007991,0.0259695352503661,0.573328505774371,0,2.35153748670041,0.00953767807129456,0.0293492599787354,0.0148404238739126,0.562791135385723,0.00975006140442636,0.00255416716216652,0.342026841816881,0.00653942830052143,0.380239262100425,0.991567227290316,0.854850336506351,0.18735551929642,0.00132080170298488,0.000667627793931808,0.0196619362949403,0.00913984274950675,0.022525477963476,0.013058238133701,0.00283518546553103,0.000992743130826058,5.77156616927074e-05,0.00032890495404133,5.75251396244154e-05,0.019503560358508,0.000797580126241524,0,0,0,0.000116912020623433,0,0.00144205651013502,2.15399041651994e-05,0.0278262865874025,2.26834390094318e-05,0.0549192950542811,5.51864938333375e-05,0,0.00492945086879499,0.000360209744318307,0.0284010629644205,0.00343986801619715,5.3795165562788e-05,0.000553747796109059,0.00447664159372037,0.00227704704842322,0.00157606722753121,0.226948123255767,0.159541742057678,0.202272371812859,0.000319255104470374,0.000770603286816206,0.000587987848624095,0.0767337632711891,0,0,0.000564084545173708,0.00495982739029106
0.0106233392538769,2.11340022433736,1.09256111814164,0,0.00386372213336705,0.00154598742989441,0.0228985935112589,0.0114319162265682,0.182364369100053,0.00111842131066723,0.273951354964602,0.000564145179692534,1.19451105438413,0.0104516212317612,0.0025755085775103,1.19334895514004,0.462700366454836,0.114105949066158,0.34435494159396,0.000778622322193358,0.106069784624029,1.13181630122281,1.30807466013663,0.452019511317044,0.97470492189484,2.35153748670041,0,0.198708762867954,0.0178556003208013,0.0345819963285946,1.02766327633689,0.00239874065781431,0.00311410453657731,0.435335243028341,0.0318556739027842,0.627429028054783,1.13253133822927,0.973322296251855,0.350031483404282,0.0118804270144619,0.00311609516704189,0.00636106639960051,0.0503208677467813,0.128074249101257,0.0336905566683363,0.0114153439259756,0.00146659420637471,0.000676747329202465,7.74338124993903e-05,0.000681745674778774,0.22516141980932,0.056726551612958,0,0,5.90165546853383e-05,0.000717419464324203,0.000390104817885581,0.00663984545945849,5.30661534662686e-05,0.0101612589642472,1.62618297506636e-05,0.0109267337590945,0.00102937745688993,4.49627196348282e-05,0.131551826436249,0.0102917028115232,0.0216201886793408,0.0167291706318643,0,0.00621177256267753,0.1400763498251,0.0690192277444111,0.00893937991054507,0.171004902442109,0.159052722598919,1.0666066296758,0.000151934131952403,0.00152014613874281,0.00156391020721216,0.0201164815915318,0,8.13119392467304e-05,0.00119421857858035,0.0199588116431977
