0,0.00336575801663552,0.0880707594952636,0.0709371539671416,0,0.0214089469781399,2.25969140556619,0.908737366634704,0.114424618491914,0.0986536238379136,0.00466209842910514,0.0138697603011638,0.000124734785986912,4.89857794967599,0,0.00142813773998515,0.163570900331383,0.00282788112617559,0.0409506230800584,0.213081362128274,0.0154835729187972,0.00775864505616237,0.0923761890853011,0.140478105406595,0.00207791621168418,0.0642676001011907,0.0219797516570615,0.148861252952856,2.08767678798654,0.654805906898198,0.00207125265510887,0.00427351601248042,0.0313799468844381,0.0718700688952544,0.000131820682338899,0.00433849615621486,0.0190890359776795,0.0319293768737738,0.0114795864091007,0.000197991848407138,0.00207649337608798,0,0.00254457272174632,0.000160260162545777,0.0042117405354124,0.00203997592505437,0,0.000119246259426768,0,0.00263852071561976,0.00115308267309931,7.62936369786559e-05,0.00231589192129267,0,0,0.00594643367570735,0,0.0257231628725671,0,0,0,0,0.00149010844764048,0,0.00161631065878719,0,0,0,0,0.000643404190814739,0.00349497157225392,0.00127148534672357,0.0222254109069208,0.000245378168684781,0.000567750158783611,0.0014402830401742,0.0130892203361638,0.00292907602218453,0.00584114940793798,0,0.000444843892405018,0.0161644791142233,0.00422164897857379,0.000208167973681289
0.00336575801663552,0,0.0703785031934881,0,0,0,0.000892783988401504,0.000609686837661764,0.141977226176603,0,0.0167360202566477,0,0.117903102947798,0.000326541079257258,0,0.154324643629519,0.128324462585624,0.00380585943044875,0.115743466634022,0,0.0027895480261306,1.67072166402946,0.0168396980228241,0.0695114549306168,2.01087155931717,0.112204735945358,2.00884655592724,0.00381523779925062,0.00133249232861976,0.00307840067117448,0.0479700384371666,0,0.000740667001845877,0.0621804010890488,0.000517083027734182,0.0341809589311292,0.179304555685832,0.177785821350487,0.0236380346038097,0,0,0.00449541540234949,0.00880100574936095,0.0194977513899386,0.0246068327165401,0.0119843426211977,0,0.000208906498803951,0,0.00287486320262928,0.186941918415508,0.0293021718181335,0,0,0,0.000846065700962153,0,0.0179244450704625,0,9.54101106927863e-05,0,0.00220237304135261,0,0,0.00805094717569176,0.0217290531981605,0.000514416023044084,0.0153496899584957,0,0.00158781924367928,0.142417319596108,0.0050151306489964,0.00184428730525399,0.0856502873802843,0.0326404852252182,0.098568681687131,0.000690594752255667,0.000160350915965998,0.000580092264631421,0.00300867594775404,0.000234489572956444,0.00210463137156494,0.0101067595675888,0.000383995734051108
0.0880707594952636,0.0703785031934881,0,0.000532954999013301,0,0.000322861752344557,0.0620763271966451,0.0153329703609397,0.0029195305125197,0.000202000033796374,0.00789884948172325,0,0.00261711088886426,0.00885448573828276,0.000118575202132541,0.0517256964025556,1.68980847896628,0.00513823715623413,0.0493759521969273,0,0.249627467923978,0.0292136441058751,4.93546120737256,0.037928520384435,0.0103871443118754,3.01914634808853,2.9444795035805,0.160970288538209,0.00844859060016138,0.136288627105726,0.00597240676844811,0.000168780421361134,0.00188888302392567,0.235747191898388,0.00358284380845816,0.113208221615079,0.243908936945545,0.45134418184032,0.108700176546057,0,0,0.00326744168995222,0.00753556189796965,0.0043013601043881,0.0105016295600934,0.008721019411308,0,0.000435995892637096,0.000114137458803553,0,0.0394669238446961,0.0100240658037169,0,0,0,0.000903774748903296,0,0.00160557267694525,0,0.000172809634118736,6.37053140432171e-05,0.000276054263848155,0.000302245801227265,0.000486415740969647,0.00304496288610147,0.00406871416607385,8.42893264502986e-05,0.000403301705889918,0,0.00223273697525586,0.016497930993445,0.00538707911980644,0.00366995602834685,0.00588063060217993,0.00263388765490502,0.0308421518701992,0.00323621960993988,0.000210506824755707,0.00354929974271036,0.000734370316124997,0,0.0013004200741237,0.00334314970121269,0.00349331794633191
0.0709371539671416,0,0.000532954999013301,0,0,0.00622849445181011,0.198842247505027,0.0104071755336537,0.484420949448716,2.43046686232935,0.000707998866627035,1.61623098182832,5.93306501251349e-05,0.0413877310521655,0.00150552387942466,9.53245953706772e-05,0.000852436249997975,0,0,18.0464472460609,0,0.000375504576117722,0.000241790340769682,8.80124351900094,0,8.00994239264288e-05,0,4.21129716223653,0.0320977555626079,0.000784793169429617,0,0.00151219009077831,0.0179012750280415,0.0221093490535192,0,0.000561818815621236,0.000177500338790718,0.0144852402803483,0.0118710789637878,0.00841178039916977,0,0,0,0,6.44599351123862e-05,0,0,0,0,0,0,0,1.4797192714115,0,0,0,0,0,0,0,0.0168336302365115,0,0,0,0,0,0,0,0.0106610067313873,0,0,0,0,0,0,0,0,0,0,0,0,0,0.000369073394604687,0
0,0,0,0,0,0.88635507513553,4.829953193376e-05,0.337854629202431,0.00028607097668925,0,0.00842265351306502,0.000127250100873461,0.000546312339699054,0.0074982114776605,0.000294960315289385,0,0,0,0.00034582860546568,0,0,0,6.1138420033649e-05,0.000277255969198996,0,0.00051069112374607,0.000439592209738722,0,0.0401897511508511,0.000152493462529601,0,0.950812303195563,0.00267977517460841,0.297821496852346,0,0,0.000974547170463913,0.0142602677140816,0.00266469875069606,0.138605850148411,1.50450700560937,0,0,0,0,0,0,0,0,0,0,0,0,0,0,0,0,0,0,0,0,0,0,0,0,0,0,0,0,0,0,0,0,0,0,0,0,0,0,0,0,0,0,0
0.0214089469781399,0,0.000322861752344557,0.00622849445181011,0.88635507513553,0,0.336832450175163,3.15962178557999,0.0118176387777898,0.881155273862743,0.00842497963089372,6.85020983415568,0.000239617060628992,0.0396862565964641,2.80286098309714,0.000227274047999172,0.000839125621506835,0.00113672927070146,0.000574679952675114,0.797483837697247,0.000129882468524893,0,0.000566755315961769,0.209094469806574,0,0.000964783951874311,0.000460692992868138,0.0499950484229388,0.180260604916943,0.00254656573239647,0.000178956066740734,0.219531889191124,0.00147654578120669,0.0872463564220179,1.34318189760051,0.000603284966531684,0.000913154848404633,0.0166461496351631,0.00163644397057612,0.55166819197705,0.19625743204895,0.00118395170415403,0,0.000187489318835683,0.000214467742944976,0.000431704084338776,0,0,0,6.83199747430708e-05,0,0,0,0,0,0.000305565781311826,0,0.0022860048406983,0,0,0.000335671095099688,0,0,0,0,0,0,0,0,0,0,0,0.000312578013830912,0,6.19159872842969e-05,2.82543006212177e-05,0.00118108591943079,0,4.31404691701846e-05,0,0,0.000107024941910172,0,0.00584415774601265
2.25969140556619,0.000892783988401504,0.0620763271966451,0.198842247505027,4.829953193376e-05,0.336832450175163,0,0.581257960231295,0.168820465301605,2.60051078957795,0.00223037176247495,0.0242865319127309,0.000440539752557098,2.31039097352684,0.000213538957314404,0.00146946815752163,0.0379787843352343,0.000585467832059106,0.00576994556803525,0.0673993029979676,0.0690563620315078,0.00280018608387943,0.119954805478021,0.589756323874102,0.000315279533374763,0.0321370704786145,0.0111411792603485,5.06337089199106,0.174120569492786,2.34510718859274,0.000234950642370838,0.00471554013824194,0.0312570628929068,0.0809665145653837,0.00020834485198893,0.00844797586162098,0.00793805592437081,0.0499251656711218,0.0379954448318115,0.00850365948392929,0.000316243171591126,0.000413374164310725,0.00198946353385837,6.58831452693054e-05,0.00409803031669645,0.000898397216233036,0.000210938528082294,6.66376707458274e-05,0,0.00326285551075219,0.000415767466068777,0.000568343332967508,0.00093980924353106,0,9.44152320204754e-05,0.0128142225513196,6.13740362964245e-05,0.0245574673008781,0,6.56000257717292e-05,0,0.000217485077306202,0.00112341365615994,0,8.05488895944777e-05,0,0,0,3.60414801052044e-05,0.000205364591435209,0.000714767887382574,0.000435025553296571,0.0149825075756914,0.000108538376751442,8.06520809710038e-05,0.00111985190865556,0.0145692953233612,0.00342258793904467,0.00485837373066233,0,0,0.00563123974691446,0.00339047714746495,0.000214199863134204
0.908737366634704,0.000609686837661764,0.0153329703609397,0.0104071755336537,0.337854629202431,3.15962178557999,0.581257960231295,0,0.0173097586159652,0.701921019117053,0.0293115360330972,0.0650046468752232,0.000935090384252254,4.34947212870611,0.00515777377877626,0.000250059590639891,0.0196071728776892,0.00154501155975085,0.00706742528088087,0.197869119343451,0.00546536425725053,0.00084066074908587,0.0205303816405725,0.0603120112451195,0.0014215364815087,0.0164486747253741,0.0062138616660422,0.0331397891148995,0.441887346465325,0.0247938338291144,0.00114030557944941,0.984519881891269,0.00414810336243191,0.247589681307032,0,0.0010236366354387,0.00498112668091378,0.0518882704453751,0.00282150851450464,0.0370814894185703,0.213132173089171,0.000336558472014206,0.000108199089147253,0,0.000202913532347419,0.000507717897023923,0,0,0,0.0002362217075976,6.53436224836365e-05,0,0.000537213109457729,0,0,0.00135235896652336,0.000137085458518368,0.00335879014563507,0,0,0,6.1248927876385e-05,0.00012818165478085,0,0,0,0,0,0,0.00014101087616112,0.000226364310098722,4.82329768036445e-05,0.0014317126700103,0.00012552630493017,0.000145937862963159,0.000412658989667796,0.00261251598649231,0.000350269183724754,0.000588469074783072,0,9.53327896119319e-05,0.000446718484958643,0.000398151427110646,7.06349023523611e-05
0.114424618491914,0.141977226176603,0.0029195305125197,0.484420949448716,0.00028607097668925,0.0118176387777898,0.168820465301605,0.0173097586159652,0,0.0146374883812104,0.00598084411490916,3.03456583849642,0.0451169092049948,0.04443476483764,0.533970460358444,0.0164779598068971,0.00422487615078647,0.000690456187866596,0.00494175522544768,0.643735156116796,0.00456097530889245,1.85201329962507,0.00439244951318428,9.22905196442267,0.172992520782998,0.00658320888578748,0.0475732237871911,0.242529125291674,0.0720832025483534,0.0956539718802046,0.0270764828232481,0.00385792592309578,0.0785413537647786,0.0662000607561534,0.00897753980965891,0.0957738948024533,0.0128375654302264,0.0470262895390165,0.0579955329594486,3.35263938893482,0.000599456440213086,0.00129964453671343,0.0133582384940183,0.00728373105443881,0.0216232236497931,0.0105532970956337,0.000263547992791408,0.00074049531981208,0,0.0137282325619575,0.0152363004547778,0.00305572844849764,0.000281086303373358,0,0.000170483443559598,0.0267912159861809,0.000265428734432565,0.887977998501055,0.000279342924008755,0.00047959018850526,0,0.000414343775273506,0.00566251997382555,0,0.0349307087540658,0.000348498553021093,0.000203403103207038,0.00139482917558548,0.000354415942076827,0.00882487451912942,0.164606175935752,0.0121734248479637,0.0897840840238095,0.0107578995882966,0.00164777173773828,0.00586925243025263,0.0447809698175095,0.0100934859024207,0.0426900308137487,0,0.000510995341197655,0.0559122675149852,0.013142223478596,0.00105061709377721
0.0986536238379136,0,0.000202000033796374,2.43046686232935,0,0.881155273862743,2.60051078957795,0.701921019117053,0.0146374883812104,0,0.000330759731790299,0.34852235744241,0.000109995576216772,0.432999184534848,0,0,0,0,0,5.5481837538762,0.000178857966886957,5.41521877997497e-05,0.000204829829706721,0.356125729554163,0.000124482806245543,0.000244750176542797,0.000115955602984097,2.50417530703614,0.059777788380283,0.0022875574059634,9.26651393520096e-05,0.00165123878842418,0.00421783549041265,0.0224919427505141,0.0699544122193457,0.000140298244024229,0.000535079215813538,0.00926277875863707,0.00508782950817361,0.0201487907045719,0.000165834170825391,0,0,0.000124667704151607,0,0,0,0,0,0,0,0,0.0269396632649477,0,0,0.000548066323337224,0,0.000551108513234389,0,0,9.50962205345518e-05,0,0,0,0,0,0,0,0,0,0,0,0.000106587778565886,0,5.24559926409188e-05,0,0.000146833370390676,0,0,0,0,0,0,9.38884860313366e-06
0.00466209842910514,0.0167360202566477,0.00789884948172325,0.000707998866627035,0.00842265351306502,0.00842497963089372,0.00223037176247495,0.0293115360330972,0.00598084411490916,0.000330759731790299,0,8.11443046583845e-05,1.56163783309286,0.0283026363691027,0.000526851872165897,0.00394186609059938,0.027785671097709,2.67542617288841,2.65900120769975,0.00123442620320002,0.00266006453616091,0.0210167840997684,0.00483043350220945,0.00326247561286746,1.85504710754994,1.22276858780996,0.151474673092509,0.00177650674366384,0.155481730418614,0.00192574723870314,0.806462057927105,0.0912805409527346,0.00364255584955051,2.36421432698029,0.00102689169667695,0.08243329463248,1.15508253744282,1.32006075635937,0.0812891652621987,0.00194449324811658,0.0268698015867164,0.301252162392171,0.00233629189411665,0.00516437959116538,0.00308763100960388,0.0017987586811355,0,0.000110908308078601,0.00108261318158978,0.000420690128818145,0.00250197255343338,0,0.000149797982677589,0,0,0.000148858388914469,0,0.000581287339439684,0,0.0023321162973117,0,0.0136973405253085,4.31484783387183e-05,0,0.000671922458245509,0,0.00606894543044513,0.00222268637816512,0,0.000200696700974087,0.00278101272515308,0.000395890195122576,0.000725238247388036,0.0376330748705128,0.0220565425576364,0.0206197871858514,0.000307546702127361,0.000157106650586504,0.000138139025238603,0.0119027638416031,0,0,0.00115533119323774,0.000966700004622385
0.0138697603011638,0,0,1.61623098182832,0.000127250100873461,6.85020983415568,0.0242865319127309,0.0650046468752232,3.03456583849642,0.34852235744241,8.11443046583845e-05,0,6.54569081837628e-05,0.0178979056931921,1.00809706621265,0,0,0,0,11.2064381537675,0.00024873122969853,0.000219335371810354,0.000337238231901971,1.53975505106851,0,0.000104380044531121,6.52597535351796e-05,0.020877332402096,0.0205505109446796,0.000147713508777728,0,0.00117396410322904,0.000108231694154813,0.00646019238411142,1.18692623148229,0.00124005513046901,0.000642563521625065,0.00189633825890058,0.00061227411395421,0.938203366998981,0.00019171334698128,0,0.000163681798965965,0.00261298083083553,0.000505598193955477,0.000780240971760219,0.000670641807988058,0,0,0,0,0,0,0,0,0,0,0,0.000374466808323259,0,0.0685161202809601,0,0,0.000449660900552675,0.000153447933929469,0,0,0,0,0,0.000142241101018046,0.000210342764769104,0,0,0,0.00011615832862525,0,0,0,0,0,0,0,0.0247872453083554
0.000124734785986912,0.117903102947798,0.00261711088886426,5.93306501251349e-05,0.000546312339699054,0.000239617060628992,0.000440539752557098,0.000935090384252254,0.0451169092049948,0.000109995576216772,1.56163783309286,6.54569081837628e-05,0,0.00121538731951504,0,0.020311902941008,0.000626447334561506,0.0104243946398168,0.0117715521955154,0,0.00287220085137489,0.210139587247104,0.00528475902927987,0.0196745275136364,2.54789552206191,0.0666140813518676,0.702077540323135,0.00214986508114866,0.00604247805227939,0.0017197215429189,3.67592206781153,0.00194064504637347,0.000584779282713326,0.0463393274884697,0.00101520451107084,0.295898452714322,1.40128625513049,0.648051294120382,0.276791488820279,0.000204036634981836,0.0051314865269265,0.951934912306695,0.00230425924084902,0.0106116323037608,0.00524799025125727,0.000682717324291228,0,0,0,0.000291229687176413,0.00372862855992129,0,0,0,0,0.000128128813975927,0,0.00210401667221115,0,0.00498093373748895,0,0.012117957009479,0,0,0.00402523178064188,0.000267297786752385,0.00640432451992205,0.00251693060209519,0,0.000376195151915221,0.0112163178838177,0.00055690199070677,0.000550470298448109,0.0358856314621131,0.0227986963809663,0.0200030617131533,0.000108580002595195,9.80754605454772e-05,0.000318511088557991,0.0144832952120693,0,0,0.000497860813144242,0.000324680341822425
4.89857794967599,0.000326541079257258,0.00885448573828276,0.0413877310521655,0.0074982114776605,0.0396862565964641,2.31039097352684,4.34947212870611,0.04443476483764,0.432999184534848,0.0283026363691027,0.0178979056931921,0.00121538731951504,0,0.0082353366443621,0.000674243087269745,0.0266786695590707,0.0021363251079276,0.00957506953401746,0.133002691995456,0.00295661022386216,0.00218512567404558,0.0148865074926663,0.0932472239693771,0.00125172808431297,0.0168019454587554,0.00728834127008011,0.112860912633887,8.47343898000769,0.204850304256907,0.00120133621543343,0.357010090465025,0.0492725377740997,0.201497430330692,0,0.00141560199397695,0.00622266372030119,0.0890152284829684,0.00512968317538069,0.000907316955301607,0.0251011401697301,0.000240980760895862,0.0015000209529465,0.000246872502168884,0.00205575072687848,0.00102294644661965,0,0,0,0.00253903507456964,0.000269910130549714,3.45491403274303e-05,0.000451485266629199,0,0,0.00569502105135546,5.44892531976517e-05,0.0123479169056667,9.34945459321428e-05,0,0,0.000233307675085431,0.00124739605558873,0,0.000269502082670804,0.000210562524290944,0,0.000246885726396919,0,0.000388008462913247,0.000943751917156681,0.000745297322859583,0.0149441660156328,8.43335017656583e-05,0.000276321850799759,0.000674132020622639,0.00874859378482912,0.00127392551643691,0.00381321992514265,0,0,0.00501401939089488,0.00254287155112742,0.000103653324761
0,0,0.000118575202132541,0.00150552387942466,0.000294960315289385,2.80286098309714,0.000213538957314404,0.00515777377877626,0.533970460358444,0,0.000526851872165897,1.00809706621265,0,0.0082353366443621,0,0,0,0.000198788496834929,0,0.00198166409229125,0,0,0.000493796791582101,0.0190325645611901,0,0,0.000246728239395082,0.000499433591369578,0.0130632983819124,0,0.000245500070626001,0.00141388568309846,0,0.00647574653371299,0.309149894079884,0.000361293402776838,9.28240403589853e-05,0.00114699297217565,0.000538600478065542,0.866414611936822,0.00223320680618689,0,0.000163084324536532,0,0,0.000188586252884742,0,0,0,0,0,0,0,0,0,0.000324676437279486,0,0,0,0,0.000452472639199833,0,0,0.00315147430732351,0.000955851426376254,0,0,0,0,5.00458221744191e-05,0,0,0,0,0,1.73619083366176e-05,0,0,0,0,0,0,0,0.0139283485347132
0.00142813773998515,0.154324643629519,0.0517256964025556,9.53245953706772e-05,0,0.000227274047999172,0.00146946815752163,0.000250059590639891,0.0164779598068971,0,0.00394186609059938,0,0.020311902941008,0.000674243087269745,0,0,0.0219705024218268,0.000623601316659286,0.00238504278037716,0,0.331069116381421,7.43095030386514,2.3117543075812,3.66142756653189,0.0667350774097795,0.0180582476059298,2.11612770582254,0.876390281334633,0.00359997333548714,0.0598008143358125,0.00893807689863586,0.000851182837876851,0.00617116832748801,0.0620136454638261,0.0112950804145906,0.352616838195933,0.145734186147842,0.229610475268009,0.146128055419324,0,0,0.00436748957492003,0.0993744798607311,0.0441098892801647,0.0629199173937438,0.0531762290821673,0.000885319358384162,0.012016573249484,0.000778125890286384,0.00119346845710602,0.0198140883259468,0.00670498483482551,0,0,0,0.0024436897113727,0,0.0941565946774922,0,0.00033494411661256,0.000212640017398132,0.00145665077875573,0.00067720594222542,0.00105045359086842,0.387903726410997,0.00149559999397522,0.000528378849281204,0.000127389340752185,0,0.0922767300664656,0.471510744732136,0.125137592146463,0.0740787596066607,0.00504528048083804,0.00192109810401383,0.0234909638574652,0.0577260356539162,0.00334019390400561,0.0408402370901581,0.000486610844067313,0.000194796618917081,0.0181847864614858,0.0115688442450817,0.00897215065826287
0.163570900331383,0.128324462585624,1.68980847896628,0.000852436249997975,0,0.000839125621506835,0.0379787843352343,0.0196071728776892,0.00422487615078647,0,0.027785671097709,0,0.000626447334561506,0.0266786695590707,0,0.0219705024218268,0,0.00783844393364797,2.13512023203709,0,0.0468648255609044,0.0287439494100833,3.07863025114659,0.0104746687135473,0.0148348333090072,2.4762676287621,0.482316263686603,0.0195047265393018,0.0195299039086188,0.0829832741812465,0.00276112259903527,0.000828773101165546,0.00422968340068161,0.42369689266434,0.000225469288380907,0.0119260717147858,0.429654743683967,0.176149292022213,0.0136954563653243,0,0,0,0.00491841304651804,0.00213295460601477,0.00866646072690446,0.00479044955631645,0,0.000164243552194188,0.000185300919195009,0.000304751008295273,0.0633010672618919,0.0102770766619158,0,0,0,8.24813631130337e-05,0,0.00263198844424481,0,0,0,0.000402331362350794,7.48689483138845e-05,0,0.000658387233292293,0.00485975358452354,0,0.00233195932460882,0,0.000599658022705854,0.0137138486587114,0.0024680026549116,0.00175459250921792,0.00700213187890385,0.00470588255063947,0.0385413608997211,0.00120476406562111,0.000212385183199763,0.00171708332021052,0.000422407506651548,0,0.000305655485672469,0.00242940568321029,0.000360888693140015
0.00282788112617559,0.00380585943044875,0.00513823715623413,0,0,0.00113672927070146,0.000585467832059106,0.00154501155975085,0.000690456187866596,0,2.67542617288841,0,0.0104243946398168,0.0021363251079276,0.000198788496834929,0.000623601316659286,0.00783844393364797,0,4.25196043583578,0,0,0.00197002847790466,0.00112733603515369,0.000562566872709586,0.124054070934823,1.08040076950409,0.0534875129936245,0.000500843621626768,0.0111524202768573,0.000775321242164088,0.0625372939054613,0.00843159894960135,0.000699490711758281,0.0717995478414178,1.57113840270572e-05,0.00407131991880993,0.104681061405372,0.117153034110114,0.0136496655930665,0.000205871864091288,0.00172449274325394,0.00142737787200633,0.000215745135179952,0.00439086571928308,0.00169985413247257,0.000135523222802051,0,0,0,0,0.000602951175686952,0,0,0,0,0,0,0,0,0.00151008914485806,0,0.00815212107654579,0.000233456525583315,0,0,0,0.00507666175791242,0.000220515763113219,0,0,0.000143772919255655,5.05759126996803e-05,0,0.0208228367836947,0.0113564755016144,0.00933401360737107,0,0,5.87560028546177e-05,0.00410577186327469,0,0,0,6.30674047511104e-05
0.0409506230800584,0.115743466634022,0.0493759521969273,0,0.00034582860546568,0.000574679952675114,0.00576994556803525,0.00706742528088087,0.00494175522544768,0,2.65900120769975,0,0.0117715521955154,0.00957506953401746,0,0.00238504278037716,2.13512023203709,4.25196043583578,0,0,0.00411188606848443,0.0136985272478318,0.0295891144332099,0.00236546620814892,0.129883015185886,5.19739625840306,0.241554662767114,0.00335852263827661,0.0278068761894507,0.00858373085634678,0.0307078829556047,0.0101674491332806,0.00821381473532712,1.19014571587138,0.000128887781442815,0.00664849427255503,0.493378415878522,0.520203711284836,0.0147876646613411,0,0.00184675531242116,0.00232101267134242,0.00137860821477907,0.00892949001415778,0.00740292908149801,0.00397900005119197,0,0,0,0.000158920046900374,0.0358490925757759,0.00187514534174347,0,0,0,8.06448115581128e-05,0,0.00107235227307609,0,0.000671359911391266,0,0.00337991476436513,0.000258621977877116,0,0.000293744592569189,0.00164142805174102,0.00333234814324575,0.00717929497465687,0,0.000115943291126,0.00783033345230872,0.000481480023503643,0.00036814752817217,0.0417727210585076,0.0253968796982639,0.0395783209708617,0.000396197014913669,7.63587620550808e-05,0.000225820239084843,0.00555461266920288,0,0.000147394301366649,0.00286499582673637,2.4745170065506e-05
0.213081362128274,0,0,18.0464472460609,0,0.797483837697247,0.0673993029979676,0.197869119343451,0.643735156116796,5.5481837538762,0.00123442620320002,11.2064381537675,0,0.133002691995456,0.00198166409229125,0,0,0,0,0,0,0,0.000173354490042217,2.13500234251071,0,0.000105799759376613,3.24890394566666e-05,0.704556056344739,0.0834917655920106,0.000331906794965382,0,0.00414553130559273,0.00120519021645124,0.0309976973116059,0,0,0.000183856390428435,0.0115362221373966,0.00500074690919136,0.0718285755939875,0,0,0,0,0,0.000112758615896371,0,0,0,0,0,0,0.00335835089286127,0,0,5.31081217080209e-05,0,0,0,0,0.0819354325026177,0,0,0,0,0,0,0,0,0,0.000137481978455738,0,9.93537109407533e-05,0,0,0,0.000255904296850447,0,0,0,0,0,0,0
0.0154835729187972,0.0027895480261306,0.249627467923978,0,0,0.000129882468524893,0.0690563620315078,0.00546536425725053,0.00456097530889245,0.000178857966886957,0.00266006453616091,0.00024873122969853,0.00287220085137489,0.00295661022386216,0,0.331069116381421,0.0468648255609044,0,0.00411188606848443,0,0,0.0982329178467371,8.42210544129276,0.0919806715383899,0.00426381548138667,0.0342119244257034,0.0438301994417154,1.93722754567651,0.512930748357805,5.11295700605559,0.00103530697043126,0.0021002424513854,0.40133833068006,0.416733800509135,0.0100856907789898,0.234273794091338,0.0675091600353188,0.24031114550117,0.11357892765013,0,0,0.0014442922835742,0.0229870522586657,0.00909322215307492,0.0135994472855538,0.00825109684929444,0.000140955029195311,0.0012068426901944,8.00427671078553e-05,0.000301753463391877,0.00154156486652155,0.000527907183581439,0,0,4.30240788133023e-05,0.00138011673575555,0,0.0212192630345458,0,0.000205455281905035,0,0.000288295193108264,0.00031319126976268,0,0.0416251447045686,0.000112076495511291,0,0,0,0.0354780955412946,0.041722999846485,0.0331426574956483,0.0301361519814218,0.000546824365967811,0.000230830392554422,0.00228815086978501,0.042255857941264,0.00260627350287356,0.034662298040392,0,0,0.00633777166122245,0.00375817327818465,0.00564324985362682
0.00775864505616237,1.67072166402946,0.0292136441058751,0.000375504576117722,0,0,0.00280018608387943,0.00084066074908587,1.85201329962507,5.41521877997497e-05,0.0210167840997684,0.000219335371810354,0.210139587247104,0.00218512567404558,0,7.43095030386514,0.0287439494100833,0.00197002847790466,0.0136985272478318,0,0.0982329178467371,0,0.0759764151648629,2.99587296844817,1.12373108910508,0.0299471091906838,0.994314825771614,0.0968765512250968,0.00926305507209772,0.0954046978333699,0.0693026736156949,0.000572235516147692,0.0137090791189066,0.0537877394861514,0.00394400168364421,0.144851209502685,0.0890050294168583,0.129103023021077,0.0636916110757135,0,0,0.00308889221325742,0.0476240758053253,0.0260259434490455,0.0501374044981835,0.0357412666349875,0,0.00505044047579817,0,0.00391498620820038,0.181105790341179,0.0196451898890052,0,0,0,0.00253599013892724,6.88534512402533e-05,0.466936496567627,0.000213104379965244,0.00102484318947578,0,0.0061633450155027,0.00101130422469617,0.000458880680172837,0.196759195244955,0.0116800789281786,0.0012996736842426,0.00298707409529374,0.000166155220827621,0.0300342973387996,1.4545662819207,0.0561761759490166,0.0627313521575084,0.0510911684132589,0.00939770191082305,0.0926099014370929,0.0266108044160422,0.00395515054306212,0.0307391112316725,0.0017541581870599,0.000164685352766324,0.0247984878942555,0.0112109330870713,0.00303067700820315
0.0923761890853011,0.0168396980228241,4.93546120737256,0.000241790340769682,6.1138420033649e-05,0.000566755315961769,0.119954805478021,0.0205303816405725,0.00439244951318428,0.000204829829706721,0.00483043350220945,0.000337238231901971,0.00528475902927987,0.0148865074926663,0.000493796791582101,2.3117543075812,3.07863025114659,0.00112733603515369,0.0295891144332099,0.000173354490042217,8.42210544129276,0.0759764151648629,0,0.0671457782863649,0.00648369744908249,0.3573678014608,2.12650456883679,0.470108941629266,1.02564072055183,0.529697468898012,0.000997005024980479,0.00354034698971412,0.28058973709032,0.287562576365266,0.0422239159419383,0.521026461014565,0.411200211375204,0.912518811976477,0.345793564205097,0,0.000131348683986476,0.00447892627271367,0.0381823299216598,0.0188237395071873,0.0234710935014785,0.0177717558805135,0.00105360646567798,0.00340985668368513,0.000646699728074272,0.00113483993526758,0.00457563916612247,0.00571507094711481,0,0,0.000330975499199993,0.00145917563798277,0,0.0157790056539266,0,2.8245921029429e-05,0.00032238986282546,0.00048117502877129,0.000447419219580485,0.000334034049451305,0.0470746751843001,0.00206333643737935,7.00015819567038e-05,0.000199618933679448,0,0.0198619806348083,0.0668258807267661,0.0402450212447711,0.0147759953978404,0.00111093269498716,0.000973024060243789,0.0269056849781067,0.0164186461451141,0.000570708678003058,0.00943845145496515,0.000140554220542455,0,0.00248732923813019,0.00367068036963369,0.0289422559772343
0.140478105406595,0.0695114549306168,0.037928520384435,8.80124351900094,0.000277255969198996,0.209094469806574,0.589756323874102,0.0603120112451195,9.22905196442267,0.356125729554163,0.00326247561286746,1.53975505106851,0.0196745275136364,0.0932472239693771,0.0190325645611901,3.66142756653189,0.0104746687135473,0.000562566872709586,0.00236546620814892,2.13500234251071,0.0919806715383899,2.99587296844817,0.0671457782863649,0,0.0440565920401011,0.0142790341922192,0.115367499199533,5.5734462723756,0.123671342059224,0.161118030344821,0.00521063682604266,0.0039930802035854,0.0681914842869605,0.11019702585748,0.0017612897135271,0.0948283036238942,0.0342873458951912,0.0990576986267829,0.0635535297001231,0.0593921216970987,0.000596966961242989,0.00105462087941329,0.0402898648832908,0.0104655359990277,0.0478250007462439,0.0243095876384049,0.000147429559830426,0.0021087806226549,0.00030580603761679,0.0213405057850826,0.00558809296782944,0.00588356847283539,0.350319120556388,0,0,0.0479831212333407,0.000352362683615758,0.190519443358948,0.000211736264394258,0.0015319308107901,0.000438826657469513,0.000487875454869607,0.0110931032724441,0,0.0552669816591474,0.00140616619501439,0.000122428013130335,0.000306607249592533,0.00696386493531885,0.0387627407965999,0.105061614792651,0.0396501442562096,0.165216489887206,0.0045800388434754,0.0028337420427811,0.0108869817239158,0.139155564562072,0.0220140674527265,0.103475423557601,0.00013424878196319,0.000532459809315549,0.0854759765598803,0.0330993601746202,0.00174209894496365
0.00207791621168418,2.01087155931717,0.0103871443118754,0,0,0,0.000315279533374763,0.0014215364815087,0.172992520782998,0.000124482806245543,1.85504710754994,0,2.54789552206191,0.00125172808431297,0,0.0667350774097795,0.0148348333090072,0.124054070934823,0.129883015185886,0,0.00426381548138667,1.12373108910508,0.00648369744908249,0.0440565920401011,0,0.48159517097813,1.28150786868133,0.0029095700442495,0.00455548299873598,0.00369258460542284,1.46158772660038,0.00483120483037583,0.0016189958133889,0.0517138397448808,0.000444506207428582,0.0586833316446843,0.869016083005484,0.3072525432812,0.0610851972877746,0,0.000689833727172112,0.335912513706755,0.00562271688280518,0.106922207246372,0.033004640397789,0.00610149533050651,0.000139595994722769,0.000169610481079606,0.011102828252046,0.000826309807135932,0.056255375854189,0.00400314116144084,0,0,0,0.000236226672928559,7.80999455068758e-05,0.0143437406377366,0,0.0400548682012391,0,0.0950415722238113,0.000240964244759459,0,0.00835294115244259,0.000878539708097249,0.0353180009562044,0.0157493519597881,0,0.00125831432417499,0.105147672093663,0.0022910301286789,0.0019158696179662,0.461005050647235,0.0926530664007646,0.107948179849628,0.00105520543900644,0.00126051946685631,0.00115032087490618,0.12754716182627,0.000932500268692444,0,0.00556346282519443,0.000236003365479533
0.0642676001011907,0.112204735945358,3.01914634808853,8.00994239264288e-05,0.00051069112374607,0.000964783951874311,0.0321370704786145,0.0164486747253741,0.00658320888578748,0.000244750176542797,1.22276858780996,0.000104380044531121,0.0666140813518676,0.0168019454587554,0,0.0180582476059298,2.4762676287621,1.08040076950409,5.19739625840306,0.000105799759376613,0.0342119244257034,0.0299471091906838,0.3573678014608,0.0142790341922192,0.48159517097813,0,2.55648082188703,0.0313261814120684,0.0323122791416512,0.0533691299564993,0.561743508147088,0.00890052086283386,0.00232773482635408,0.197543761607231,0.00127496059272047,0.041576933356981,0.574481371243216,0.415043770994991,0.0393904762750262,0.000149451227498418,0.00125239221100403,0.00619058020881631,0.00293178772110042,0.0266619621950815,0.024559653093847,0.00533265968471505,0,9.26075482979532e-05,0.000426901525190183,0.00121282624510268,0.0451136325173778,0.00307818941666779,0,0,0,0.000585289277397601,0,0.00259466057174386,0,0.00878138911739615,0,0.035210729396226,0.000402303850771277,0,0.000489911552162487,0.0044204601738217,0.0220719218215517,0.015243790017638,0,0.00061674457190793,0.00836671315641208,0.00235764149156657,0.00106522097364287,0.126742725597181,0.135562604574285,0.165367256663039,0.000734127952103611,0.000591692986306639,0.000766668420176078,0.0284145914417576,0.000142097821003447,0.00010583941390368,0.00810066812732546,0.000769544044726359
0.0219797516570615,2.00884655592724,2.9444795035805,0,0.000439592209738722,0.000460692992868138,0.0111411792603485,0.0062138616660422,0.0475732237871911,0.000115955602984097,0.151474673092509,6.52597535351796e-05,0.702077540323135,0.00728834127008011,0.000246728239395082,2.11612770582254,0.482316263686603,0.0534875129936245,0.241554662767114,3.24890394566666e-05,0.0438301994417154,0.994314825771614,2.12650456883679,0.115367499199533,1.28150786868133,2.55648082188703,0,0.0749873672674934,0.0152287008440585,0.0203650994921523,1.02497033031772,0.003367877124165,0.00172313223761335,0.342013424510993,0.0141056028217572,0.227590517787187,0.408038435847124,0.716141734221246,0.145751263750937,0,0.000414605674095468,0.00388040161390887,0.0317605785094384,0.0464458741628426,0.0678837121466155,0.0251714860718224,0.000796706589206385,0.00155618711989471,0.000477129417509083,0.00100281490408566,0.151933782292115,0.0383644429137606,0,0,2.65178656064812e-05,0.00193483120574067,0,0.00825090580022858,0,0.00566835994135723,8.9848046719067e-05,0.0238996784566846,0.00109499622283333,0,0.0115969362201583,0.018694487424667,0.0133001411052415,0.0232325247165601,2.30570422735567e-05,0.00573481808582899,0.0772436502434026,0.0271197158116048,0.00535545731410011,0.149389881258776,0.142417306081843,0.394853943013307,0.00514883379697467,0.000779363287376396,0.0013839093469992,0.0192777831608066,0.000251399388572941,0.000394126796364701,0.0202362467099816,0.0117470345144048
0.148861252952856,0.00381523779925062,0.160970288538209,4.21129716223653,0,0.0499950484229388,5.06337089199106,0.0331397891148995,0.242529125291674,2.50417530703614,0.00177650674366384,0.020877332402096,0.00214986508114866,0.112860912633887,0.000499433591369578,0.876390281334633,0.0195047265393018,0.000500843621626768,0.00335852263827661,0.704556056344739,1.93722754567651,0.0968765512250968,0.470108941629266,5.5734462723756,0.0029095700442495,0.0313261814120684,0.0749873672674934,0,0.129566054800528,1.92774903287075,0.000527369353047781,0.0025033788786059,0.0727642111571133,0.151315407004186,0.00594292922994107,0.137679949030201,0.0310431603661364,0.159768878445802,0.0774502947112436,0.00465012967404264,0.00128176951588645,0.00148123033114059,0.0171420102251529,0.00533237626399427,0.0157740715589221,0.00732418209682012,5.01466872084733e-05,0.000472375911009048,0,0.00389052214444252,0.00104548105046933,0.00237594426181484,0.127868097352302,0,0,0.0155220216853551,0.000191989397569205,0.0393205895691086,0.000104011234799175,0.000112734712803382,0.000259127709372826,0,0.00336060390049942,0,0.0159695133800726,0.000293591283632282,8.86532517431911e-05,4.98035705260389e-05,0,0.02168384222058,0.0209263085264676,0.018783009536075,0.0424731310454445,0.000111977468654081,0.000733505457059588,0.00316041568149129,0.0526628327332877,0.00597373296134144,0.036029415933774,0,0.00033920541258343,0.0177135414982447,0.00897044454495956,0.00259899176871122
2.08767678798654,0.00133249232861976,0.00844859060016138,0.0320977555626079,0.0401897511508511,0.180260604916943,0.174120569492786,0.441887346465325,0.0720832025483534,0.059777788380283,0.155481730418614,0.0205505109446796,0.00604247805227939,8.47343898000769,0.0130632983819124,0.00359997333548714,0.0195299039086188,0.0111524202768573,0.0278068761894507,0.0834917655920106,0.512930748357805,0.00926305507209772,1.02564072055183,0.123671342059224,0.00455548299873598,0.0323122791416512,0.0152287008440585,0.129566054800528,0,4.85803908179085,0.0047644539923643,1.43353413678368,2.81036904263465,2.67991031290804,8.19824999874048e-05,0.00757132693878547,0.0205092650941369,0.622444166890916,0.0367833272068568,0.0669227883982423,0.177857426084123,0.00441772727258826,0.00309701001241091,0.000539983039345648,0.00559372947411614,0.00360053589329927,8.57322628341197e-05,0,0,0.00374362311638477,0,0.000479233968547427,6.32277528811449e-05,0,5.32895893034322e-05,0.0124788548996316,0.000263944886511189,0.0230595038032335,0.000103645276880268,0.000671901984318333,0,0.000201445089400492,0.00262003617513795,0,0.000637865662517095,9.98154500606897e-05,5.5809555548742e-05,3.75457493219692e-05,0,0.000819601134300757,0.00335600352163526,0.00179550528268098,0.033834429143712,0.00217521100185112,0.000925533441286592,0.00121621080608161,0.0308816847977907,0.00281162993381048,0.0145260405072826,0.000604711932096444,5.20977023744287e-05,0.0105197478355566,0.00568869175777279,0.000271527016092383
0.654805906898198,0.00307840067117448,0.136288627105726,0.000784793169429617,0.000152493462529601,0.00254656573239647,2.34510718859274,0.0247938338291144,0.0956539718802046,0.0022875574059634,0.00192574723870314,0.000147713508777728,0.0017197215429189,0.204850304256907,0,0.0598008143358125,0.0829832741812465,0.000775321242164088,0.00858373085634678,0.000331906794965382,5.11295700605559,0.0954046978333699,0.529697468898012,0.161118030344821,0.00369258460542284,0.0533691299564993,0.0203650994921523,1.92774903287075,4.85803908179085,0,0.00100740390304488,0.00457094297109052,0.742076742919507,0.433069745189386,0.00132820251167002,0.0406892846285682,0.0208031159150604,0.0911310389210906,0.0457797776160347,0,0.000451512979052087,0.00163680596540206,0.0174627270647964,0.00310807474355245,0.0211109481549877,0.010365975803751,6.03975002240087e-05,0.000170240167087121,0.000106726923843337,0.00858479092454189,0.00149051808786895,0.0029211880582567,0,0,0,0.0160055148029597,0.000257366809464791,0.0407107703290878,0.000399363991796185,0.000296065869311189,0,0.000271457330448056,0.00420030714677293,0,0.0106604287299043,0.000662401809737688,0,0.000217118257984533,0,0.0162158476572852,0.0189160328965275,0.0180294000776983,0.0778068893351023,0.000483696601230877,0.000559539415290792,0.00303970178360505,0.0750045223592236,0.00995295725981951,0.0563182613524903,0.000146999247000432,0,0.0308743035402786,0.0132039447049354,0.000636873905466388
0.00207125265510887,0.0479700384371666,0.00597240676844811,0,0,0.000178956066740734,0.000234950642370838,0.00114030557944941,0.0270764828232481,9.26651393520096e-05,0.806462057927105,0,3.67592206781153,0.00120133621543343,0.000245500070626001,0.00893807689863586,0.00276112259903527,0.0625372939054613,0.0307078829556047,0,0.00103530697043126,0.0693026736156949,0.000997005024980479,0.00521063682604266,1.46158772660038,0.561743508147088,1.02497033031772,0.000527369353047781,0.0047644539923643,0.00100740390304488,0,0.00528359396892907,0.000375497657038003,0.0331621914317623,0.000221500613017916,0.0182616835112273,0.2554472756017,0.141893730040828,0.0285223284563983,0.000271100341182738,0.00132293221006116,0.0424033727387646,0.00085274778179322,0.00344832633336589,0.00438342152028383,0.000830136038515667,0,0,0,0,0.00236356931185955,0.000236972909686255,0,0,0,0.00010087648566184,0,0.00138392898199169,0,0.0039383748150339,0,0.0137211265102596,0,0,0.000274295098193385,0,0.0093294469871238,0.00456370948357593,0,8.20049357279718e-05,0.0037790126556192,0.000107996496204463,4.3295643717735e-05,0.0577106887245387,0.027181921750301,0.0180964556229741,8.13205762158721e-05,0,8.20072145270093e-05,0.0222509331197693,0.000268401846176779,0,0.00298766431942599,0.000135180888856909
