0,0.00124337808638492,0.0213621999931384,0,0,0.000199356179087474,0.381218387580691,0.0882692508717115,0.00962204297304023,0,0.000432989596282223,0,0,1.41353774626517,0,0.000168286440630966,0.0212329809150714,0,0.000293660777280869,0.000856799547046642,0.0276718292325386,0.0019016627124695,0.0132979710118601,0.00438557141351431,0,0.00246967625694906,0.00258937916038166,0.00299062216891318,0.916684984582535,0.0761631575663213,0,0.0239612350551446,0.0851972367658109,0.099454537042729,0.000211319610022325,0.00680295963998186,0.00329646062341041,0.0285591202833329,0.0171512814253837,0,0.000823059123551267,0,7.96683712529257e-05,0,0.000721915048050765,0.000819041376514233,0,0,0,0.000627057531957458,0,0,0,0,0,6.5200808695555e-05,0,0,0,0,0,0,0,0,0.00029076090740124,0,0,0,0,0,0,3.86377850840809e-05,0.00255260890500516,0,0.000144564629274411,0,0.00123172256558557,0.000284170099033703,0.000242839168995227,0,0,0.000583884520462145,0.000639627423822372,0
0.00124337808638492,0,0.00157808822772945,0,0,0,0.000592560588723166,0,0.0964242189583094,0,0,0,0.000473886665822406,0,0,0.0974688694851327,0.00339339895887032,0,0.000423272831309093,0,0.00134627836029387,0.90547858122033,0.00433426699135273,0.0968978691603009,0.611112926275587,0.000368525057543063,0.459031513497912,0.00603039076572535,7.31096679471369e-05,0.00448054809584332,0,0,0,0.000912874876103697,0,0.00246457264757769,0.0119159427974072,0.00651400308345858,0.00423235487218311,0,0,0.000768399141742551,0.0011229647026745,0.00193220552131552,0.00136754305489954,8.76348715868648e-05,0,0,0,0.000151205496270863,0.224020951311512,0.0013943931074487,0,0,0,0,0,0.0014945106964497,0,0.000130193269905168,0,0,0,0,0.00166122382127872,0,0,0.00144169822670135,0,4.64794408202771e-05,0.0385363833604285,0.00110639857931069,0.000113140197664638,0.208252564993806,0.00118556645158664,0.0126665429079454,0,3.32280053978425e-05,9.52418545211008e-05,0,0,0,0.000384435019229091,1.23770738303991e-05
0.0213621999931384,0.00157808822772945,0,0,0,4.93739000097084e-05,0.043658837306545,0.0168783145073943,0,6.82957467762891e-05,0.000723758207036866,0,0.00150463722822279,0.00400939903768741,0,0.00172497341098665,0.320061074522475,0.000443707249312073,0.00698502958648267,0,0.104208564591215,0.00282445138982686,1.15554219486132,0.000349585382734222,0,0.624686294175702,0.564158298317729,0.048002203003631,0.00678916071121802,0.11485777251923,0,0.000337954371447253,0.000880420181212887,0.0831457528588377,0.000306088548945371,0.0350323714080811,0.0653161780354096,0.155385519609658,0.0298725595274523,0.000243672636433987,0,0.000368931281404325,0.000465918319369079,4.31485863106752e-05,0.000291620964838717,0.00117435812205386,0,0,0,0,0.00123395392617101,0,0,0,0,2.61832005632565e-05,0,0,0,0,0,0,0,0,0.0011566164282468,0,0,0,0,0.000216272885263311,0.00134143596311499,6.7642445823707e-05,0.00010011628612719,0,0,0.000511038249178716,8.17908977722897e-05,0,0,0,0,0,0.00015865357283933,3.89137846210572e-05
0,0,0,0,0,0.00317613498074456,0.00347986944975666,0.00085314672585851,0.000281192394748987,0.0945366463235942,0,0.25623626135789,0,0,0,0,0,0,0,4.42520275237512,0,0,0,1.23368339135672,0,0,0,0.274513750864377,0.000152068752104461,0,0,0,0,0,2.95439658647241e-05,0,0,0,0,0,0,0,0,0,0,0,0.000152743317853795,0,0,0.000346505008412063,0,0,1.73349338647991,0,0.00157062250487883,0.000835281311182665,0.00125588436627205,0.00167473014820513,0.00477824980153773,0,0.0557788879748547,0,0.000887278987845417,0,0,0,0,0,0.301758530074703,0,0,0,0.0138350427697475,0,0.000200074527430972,2.84440060132566e-05,0.00157978964892743,0.000582061425337538,0.000152192371855589,0,0,0,0.000366597132342647,0
0,0,0,0,0,0.297022905605335,6.7534466932178e-05,0.145769722761985,0,0.000119934038787623,0,0.000114353311529529,0,0.000145058604235004,0,0,0,0,0,0.000577196274139449,0,0,0,0,0,0,0,0,0,0,0,0.2687284773209,0,0,0,0,0,0,0,0.00371216958679521,0.0121342675419892,0,0,0,0,0,0,0,0,0,0,0,0,0,0,0,0,0,0,0,0,0,0,0,0,0,0,0,0,0,0,0,0,0,0,0,0,0,0,0,0,0,0,0
0.000199356179087474,0,4.93739000097084e-05,0.00317613498074456,0.297022905605335,0,0.198611235996697,1.55052900899176,0.00306378742174131,1.55649123286529,0,0.976269108727964,0,0.00706238084083795,0.65904743176909,0,0.000251434298483358,0,0,0.252406871144676,0,0.000159248778936855,0,0.0157683204454586,0,6.49896146181499e-05,4.35834959712001e-05,0.0210031712066141,0.00636777750380445,0.000339639616437214,0,0.0822151440672188,0,0.00337356789337645,0.055794799056031,0.00463960135772689,9.22604186976896e-05,0,0,0.216675876548282,0.0117071029104371,0,0,0,0,0,0,0,0,0,0,0,0,0,0,0,0,0,0,0,0,0,0,0,0,0,0,0,0,0,0,0,0,0,0,0,0,0,0,0,0,0,0,7.62207033065641e-05
0.381218387580691,0.000592560588723166,0.043658837306545,0.00347986944975666,6.7534466932178e-05,0.198611235996697,0,0.523931859239478,0.0271464339434951,1.21339433625798,0.000290510720989297,0.00709390886826304,0.000334899741666835,0.453946085230762,9.22818222593739e-05,0.0152354248652563,0.0121759384639013,0,0.000613213273739925,0.0541737990643204,0.0204070870791206,0.00312167863603738,0.0540554955354807,0.240927970928858,9.31305365517799e-05,0.00408543556265548,0.0117735759420978,1.08844495048577,0.0628660391577134,0.348734133148555,0,0.00659365323140401,0.016545829427906,0.0301399413178852,0.000695829970742023,0.0129077123745933,0.00487216886090303,0.0215827923740419,0.00894221802514171,0.005038575563026,0.000443356311371389,0.000479439459070904,0.00116635623450294,9.73045767490837e-05,0.00100915314219539,0.0023437659550221,0.00112273921223481,0,0,8.55359654631932e-05,0.000104992717421858,0,0,0,8.04320613349407e-05,0.000154532995461816,2.73696649394084e-05,0.000443631524804264,2.79193245974509e-05,0,0.000166872869879979,0,0.00040977805546894,0,0.000747497629140616,0,0,0,0.000262447982275999,0.000361547052687457,0.00035766973498465,0.000206254972218239,0.00486606532530908,0,0,0.000187615273728079,0.000941165381421431,0.0019973584430263,0.000285545602104389,0,0,0.000217775637988195,0.000984813376830422,0
0.0882692508717115,0,0.0168783145073943,0.00085314672585851,0.145769722761985,1.55052900899176,0.523931859239478,0,0.00895394738526659,0.395583135071232,0.000546540401283033,0.0376213512034073,0.000301880903100017,0.347834956336553,0.0094209486531848,0.000365789915087766,0.00994100270706781,0,0.000494503322333495,0.0967220607924594,0.00569378630539479,0.000437713246344584,0.0116160139120175,0.0119711271832776,0,0.00213368711104156,0.00247104831054812,0.00902835419800434,0.0938941789310262,0.0190045768384601,0,0.127788354955749,0.00825665193341477,0.152478073294908,0.000522784434358136,0.0125185581878178,0.003945140076765,0.0225781810530492,0.00755919299159781,0.00534416254575992,0.0168631791055655,0.000467392247295306,0.000563729449577408,0.000488012601537208,0.000604479425069832,0.00183489734833327,0.000391465745331193,0,0,0.000841688496397475,0.000118224654590979,4.35354297623127e-05,0,0,8.77234258333925e-05,0.000215925554473297,0,0.000753820544664885,0,0,0,0,0.000220951524449923,0,4.83412302017521e-05,0,0,0,0,0.00031822037083809,0,0.000121017500955219,0.00185921379134521,0,0,7.09279173778748e-05,0.000553471961652489,0.000993570905613845,0.00022437152381366,0,0,0,0.000119550181747512,0
0.00962204297304023,0.0964242189583094,0,0.000281192394748987,0,0.00306378742174131,0.0271464339434951,0.00895394738526659,0,0.00156081601855123,0,0.258619430184754,0.000405559524936861,0.00278071210000789,0.27884932537162,0.00257239679254394,0,0,0,0.152537517148558,0,0.440539639472673,0.000437206635654564,1.81341837011728,0.0122332057255622,0,0.0044514686719466,0.0546875961352251,0.016173213693781,0.0489316825165054,0,0.000224700598817955,0.00879239509109282,0.00304455022709454,0.00025220899964828,0.00871900279633228,0.00152004855136793,0.00351963227653051,0.00447284399078033,0.392406841967461,0,0,0.0109237471389247,0.001816833791732,0.0268536900185249,0.0271169700048132,0.017253468815405,0,0,0.0276334558658368,0.0151379204989541,0.00127094977581673,0.00653023019593355,0,0.00133779823076091,0.00946521347723163,0.00198681611393237,0.189654659277846,0.00271263791656904,0,0.00368129489442408,0,0.00659968299348182,0,0.00600513183504904,0,0,8.2351572281886e-05,0.00587415950263615,0.00185093640453393,0.0457855058640159,0.000625053043380046,0.184118465013193,0.0087444812039747,0.000464819909116262,0.00438169779249452,0.0259897827651199,0.0436078402173451,0.00903563910110383,0,0,0.0191535114328279,0.0175212409209409,0.000633189862774861
0,0,6.82957467762891e-05,0.0945366463235942,0.000119934038787623,1.55649123286529,1.21339433625798,0.395583135071232,0.00156081601855123,0,0,1.12574791256771,0,0.148171665711618,0.00100176605153753,0.000212822479788669,0,0,0,0.802088866976377,4.43695437010055e-05,0.000222852396877977,0.000178394002577187,0.0493562771453167,0,0,2.15102291874205e-05,0.240453034945215,0.00798337995793867,0.000857138166871704,0,0.00363885851354218,0.00160136524497184,0.00498953630509128,0.0208087258480865,0.000111533937251315,0.000242517151994047,0.00100870091851268,0,0.014414574449262,0.00015469738224579,0,0,0,0,0,0,0,0,0,0,0,0,0,0,3.34324734974425e-05,0,0,0,0,0,0,0,0,0,0,0,0,0,0,0,0,2.49788997003413e-05,0,0,0,1.94426059143717e-05,0,0,0,0,0,0,0
0.000432989596282223,0,0.000723758207036866,0,0,0,0.000290510720989297,0.000546540401283033,0,0,0,0,0.216589424632188,0.00100566205590739,0,0,0.000170740530229681,0.382450049843889,0.338596666608163,0,0.000133530725855762,8.82720050867647e-05,0.000218967708197515,0,0.00274299796861094,0.0254160653907944,0.0430959886802885,0,0.0014139718888062,0.0010888521314183,0.00138058471181799,0,0.0015170157747238,0.155164527158803,0,0.00244684161890807,0.446307886424655,0.571142994979971,0.026608276268015,0,0,0.0565303979359034,0,0,0,0,0,0,0,0,0,0,0,0,0,0,0,0,0,0,0,0,0,0,0,0,0,0,0,0,0,2.94995377281484e-05,3.01450919256152e-05,0,0,6.03333262792164e-05,0,0,0,0,0,0,0,0
0,0,0,0.25623626135789,0.000114353311529529,0.976269108727964,0.00709390886826304,0.0376213512034073,0.258619430184754,1.12574791256771,0,0,0,0.00101284295989668,0.115454221984526,0,0,0,0,2.96545533664513,0,0,0,0.141066234808157,0,0,0,0.00855119511240643,0.00170830368093441,0,0,0.00202063530491597,0,0.00145247891736126,0.0177631604626577,0.00584131157615821,0,0,0,0.28412445393429,0,0,0,0,4.32862879071265e-05,0,0,0,0,0,0,0,0.298314300329363,0,0.0024693699169701,0,0.000879888205255077,0,0.000571178639635489,0,0.23083840717457,0,0.000295044681053623,0.000279401224980869,0,0,0,0,0.0946930808887334,0,0,0,0.000424196448747109,0,0,0,0.00015569837991964,0.000203349774624315,0,0,0,0,0.000302001720523427,4.68821441302549e-05
0,0.000473886665822406,0.00150463722822279,0,0,0,0.000334899741666835,0.000301880903100017,0.000405559524936861,0,0.216589424632188,0,0,0,0,0.00158961544538977,0.000470771017680158,0.0084947652902634,0.0103557299282707,0,0.000941660094751936,0.000780181146102024,0.00321738173159485,0,0.789780274625145,0.0187249606337561,0.13618609281896,0.000259421957094028,0.000388682553224363,0.000103650667794956,0.0247784686701633,0,0,0.0197552067366525,0,0.460553000743614,0.782456991810614,0.258855713680853,0.24690197683453,0,0,0.315047226969222,0,0.00429297478883739,0.000966170813649098,0.00311880217829609,0,0,0,0,0,0,0,0,0,0,0,0,0,0,0,0.0417904011239245,0,0,0.000982741727591739,0,0,0,0,0,0,0,3.4770627322424e-05,0.00266593781452792,0,7.52204405884116e-05,0,0,0,0,0,0,0,0
1.41353774626517,0,0.00400939903768741,0,0.000145058604235004,0.00706238084083795,0.453946085230762,0.347834956336553,0.00278071210000789,0.148171665711618,0.00100566205590739,0.00101284295989668,0,0,0,0.000532567288256734,0.00361851878358234,0,0,0.00678588391649836,0.00496591957526244,0.000220371887671782,0.00304288149888299,0.00186091823012012,0,0.000673152483133493,0.000985171264317902,0.00255749964360031,0.888881459763688,0.0202379353357289,0,0.314760467897417,0.00917391959970758,0.243812804771875,0.00015232181232203,0.00151731420737649,0.00304261543268174,0.017687250962941,0.00252505119418749,0.000714842259991943,0.000711759532741957,0,0.000166856808179383,0,0.000645170608507958,0.000374690756298052,0,0,0,8.43660683793393e-05,0,0,0,0,0,0.000360409582682755,0,0,0,0,0,0,0.000390482931971577,0,0,0,0,0,0,0,0,0.00013629147585608,0.00179866944520536,0,0,0,0.000519706762460366,0.000494116590895884,0.000305960509971924,0,0,0.000412556387432844,9.65448642743184e-05,0
0,0,0,0,0,0.65904743176909,9.22818222593739e-05,0.0094209486531848,0.27884932537162,0.00100176605153753,0,0.115454221984526,0,0,0,0,0,0,0,0.00447538990333857,0,0,6.77366252052058e-05,0.000870173044181972,0,0,0,0,0,8.78794117838144e-05,0,0,0,5.76525802025527e-05,0.0418875247815268,0.00371381912161062,0,0,0,0.679902232032797,0.00280011941007693,0,0,0,0,0.000393377345955667,0,0,0,0,0,0,0,0,0,0,0,0,0,0,0,0,0,0,6.74844022838907e-05,0,0,0,0,0,0,0,0,0,0,0,0,0,0,0,0,0,0,0.000198041185261538
0.000168286440630966,0.0974688694851327,0.00172497341098665,0,0,0,0.0152354248652563,0.000365789915087766,0.00257239679254394,0.000212822479788669,0,0,0.00158961544538977,0.000532567288256734,0,0,0.00127763991267048,0,0,0,0.345559671981203,0.79585703010524,0.789181809266563,0.141024454979599,0.022258581343562,0.000525542826301803,0.41220021752119,0.180545141460923,0.00193316572045885,0.0701156925711795,0,0,0.00158303066148594,0.0136771479576862,0.00253721957968217,0.148316334985999,0.0916454812305686,0.0738618730206747,0.0515579000106594,0.000798356634277929,0.00254319809800882,0.00324876314855373,0.0141081647433107,0.00146009002802418,0.0116016761359285,0.0180391257660111,0.000850169957385665,0,0,0.000327020213501937,0.00304618539960008,0.000986637881174304,0,0,0,0.000129312201376598,0,0.00883021356519616,0,0,0,0,6.05457727820475e-05,0,0.243217973212328,0.00029329580744616,0,0,0,0.00548273817025881,0.0562727766103268,0.0115378926329758,0.0290582122611527,0.00769369746962028,0.000481022693734262,0.00657254761147875,0.00793299655361375,0.000659895345780748,0.0106832015397102,0,0,0,0.00393219975322907,0.000248830244439872
0.0212329809150714,0.00339339895887032,0.320061074522475,0,0,0.000251434298483358,0.0121759384639013,0.00994100270706781,0,0,0.000170740530229681,0,0.000470771017680158,0.00361851878358234,0,0.00127763991267048,0,0,0.12761146105321,0,0.0157484439105993,0.00140187047290965,0.547913571595615,0.00039065308494828,0,0.333127631467411,0.0948741564024175,0.00233795773211356,0.0342702166446755,0.0431167186909513,0,0.000604836657794029,0.00160661811681029,0.124832925681104,7.92150901655203e-06,0.00151048576520996,0.018188768064344,0.00954066290712973,0.00293586307829551,0,0,0,3.21399355784398e-05,0,5.45849950435323e-05,0.000581103847339109,0,0,0,0,0.00126676840013848,0,0,0,0,0,0,0,0,0,0,0,0,0,0.000105819170184596,0,0,0,0,0,0.000321455885376238,7.49716949285332e-05,4.00725491621888e-05,0,2.85104444451524e-05,3.81505924500016e-05,0,0,0,0,0,0,0,4.45694246838197e-05
0,0,0.000443707249312073,0,0,0,0,0,0,0,0.382450049843889,0,0.0084947652902634,0,0,0,0,0,0.364306125432804,0,0,0,0,0,0,0.038334613846762,0.00306216189350424,0,0,0,0,0,0,0,0,8.23061952253306e-05,0.0060389682712167,0.00300071208096911,0,0,0,0,0,0,0,0,0,0,0,0,0,0,0,0,0,0,0,0,0,0,0,0,0,0,0,0,0,0,0,0,0,0,0,0,0,0,0,0,0,0,0,0,0,0
0.000293660777280869,0.000423272831309093,0.00698502958648267,0,0,0,0.000613213273739925,0.000494503322333495,0,0,0.338596666608163,0,0.0103557299282707,0,0,0,0.12761146105321,0.364306125432804,0,0,6.66462668328111e-05,0,0.00162481207953563,0,0.000986546681200957,0.728525365979383,0.0156467281067755,0,0,0.000418562913261367,0.000412913077692423,0,0,0.0759766718785727,0,0.000511820868249534,0.128392031828724,0.203807870831871,0.0141572478837547,0,0,0,0,0,0,0,0,0,0,0,0,0,0,0,0,0,0,0,0,0,0,0,0,0,0,0,0,0,0,0,0,0,0,0,0,0,0,0,0,0,0,0,0,0
0.000856799547046642,0,0,4.42520275237512,0.000577196274139449,0.252406871144676,0.0541737990643204,0.0967220607924594,0.152537517148558,0.802088866976377,0,2.96545533664513,0,0.00678588391649836,0.00447538990333857,0,0,0,0,0,0,0,0,1.09687416486558,0,0,0,0.059660344715274,0.00679265027384406,0,0,0.0033568905272537,0.000707005648198134,0.00562953972079664,0.00027395196293897,0,0,0.000374074569653699,0,0.0517927787239033,0,0,8.28839467537654e-05,0,0.000277633748380573,0.000223070038218032,0.00138094752459465,0,0,0.000683624573121879,0,0,0.179195846641853,0,0,0.000404428407775362,0.000176143349285268,0.0042347975605875,0,0,0.000886699048816585,0,0,0,0,0,0,0,0.00600221405575208,0,0,0,0.00897107735580033,0,0,0,0.000744805906061153,0.000341366169661343,0.000158800234515216,0,0,0.00134996759225903,6.34065984610882e-05,0
0.0276718292325386,0.00134627836029387,0.104208564591215,0,0,0,0.0204070870791206,0.00569378630539479,0,4.43695437010055e-05,0.000133530725855762,0,0.000941660094751936,0.00496591957526244,0,0.345559671981203,0.0157484439105993,0,6.66462668328111e-05,0,0,0.00393719153754032,2.50763291976313,0.00336049818452831,0.000821474584681453,0.00385258232574801,0.0490606027786774,0.507143950981575,0.0968120743877892,1.12525658526297,0,0.000555746125697678,0.0250970169610466,0.0634880391153308,0.00490913136448834,0.134602705322077,0.0587913082239727,0.126845524155502,0.0601845070208072,0.00135106497152018,0.0018476627070297,0.00206485327173465,0.00459432522285776,0.000514340456923973,0.0033677576036298,0.00617763650130938,0.000371891819137557,0,0,0,0,9.00316394337015e-05,0,0,0,7.51659494071309e-05,0.000319882639854759,0.00168651395397622,0,0,0,0,0,0,0.0067783725849437,0,0,4.15776035642265e-05,0,0.000382428357013898,0.00320295913250327,0.0012331246257883,0.00296239618361394,0.000106839654970064,8.19542370263983e-05,0.000971405339096018,0.00175570376879187,0.000515084582092993,0.00173040689799306,0,0,7.22952586420791e-05,0.000759283312232097,0.000276703486609284
0.0019016627124695,0.90547858122033,0.00282445138982686,0,0,0.000159248778936855,0.00312167863603738,0.000437713246344584,0.440539639472673,0.000222852396877977,8.82720050867647e-05,0,0.000780181146102024,0.000220371887671782,0,0.79585703010524,0.00140187047290965,0,0,0,0.00393719153754032,0,0.0105818236540558,0.55019375014667,0.10373896109466,0.000229933381522879,0.279573139347514,0.0269161746588693,0.000553780935117528,0.0166080808854025,0,0,0.000214480691926842,0.00869848744852711,0.000371365608855206,0.0180882882083065,0.00795760612969272,0.021202856007636,0.0110859826401454,0,0.00100867188283213,0.00020362392599893,0.00657268356759119,0.00192835836899157,0.00807498287764274,0.00920056864330407,0.000409463803774076,0,0.000307645064180779,0.00106870498173077,0.168100896531017,0.00306646219878535,0,0,0,0.000245286989277907,2.90551523245107e-05,0.0205321803131237,9.97555466644706e-05,0.000327835515887775,0.000284714517202903,0.000928039348590563,0.000338651738159202,9.3606769301046e-05,0.0529633230930375,5.75274012525255e-05,0,6.16459082422713e-05,0,0.00180182803516375,0.0853185929988973,0.00418089152013747,0.0136693575458223,0.0870273042740734,0.000923292139404548,0.0262029529281938,0.00488398675197049,0.00307404548949421,0.00369461886345475,0,0,0.000546814262038509,0.0045841133547917,0.00011757965551489
0.0132979710118601,0.00433426699135273,1.15554219486132,0,0,0,0.0540554955354807,0.0116160139120175,0.000437206635654564,0.000178394002577187,0.000218967708197515,0,0.00321738173159485,0.00304288149888299,6.77366252052058e-05,0.789181809266563,0.547913571595615,0,0.00162481207953563,0,2.50763291976313,0.0105818236540558,0,0.000757624602822699,0.00142521398358616,0.0787205074847811,0.626835701454725,0.176277738560761,0.0301556165184448,0.2645583898667,0,9.26001186208033e-05,0.00174042844233576,0.096190446289761,0.00771374909061858,0.223118793947024,0.170229819890892,0.209627403017021,0.100105292794041,0.00102303718311158,0.00219063916372136,0.00510364882283981,0.0088934835153781,0.00113548915884929,0.00510587330789019,0.0158953884035098,0,0,0,0,0.000620098921031982,0.000519763548599932,0,0,0,0.00011193056892783,0,0.00061520193277246,4.06769903852639e-05,0,4.59537084089839e-05,9.75002218897084e-05,0,0,0.0292343905360169,6.93211824279295e-05,0,6.5237841096133e-05,2.8367326415745e-05,0.00128820146315088,0.0148353925379039,0.00608455353836867,0.00427971405645165,0.00072045665300803,0.00021589934085834,0.00979701198879621,0.00147358736613926,0.000342158930507168,0.00141628872194201,0,0,0,0.00127565580228335,0.000533811216807251
0.00438557141351431,0.0968978691603009,0.000349585382734222,1.23368339135672,0,0.0157683204454586,0.240927970928858,0.0119711271832776,1.81341837011728,0.0493562771453167,0,0.141066234808157,0,0.00186091823012012,0.000870173044181972,0.141024454979599,0.00039065308494828,0,0,1.09687416486558,0.00336049818452831,0.55019375014667,0.000757624602822699,0,0.0163276789924452,2.82565742293656e-05,0.0384720239557793,1.16442239953609,0.0096925473836435,0.0254526672856728,0,0.0011563855102434,0.00453157493381738,0.00267420789648545,0.000198219365157187,0.00845107501639023,0.00274450464618744,0.00620543797676208,0.00745908670101559,0.0187549985468467,0,0,0.00412228239186154,0.000283772396321881,0.00604171131278547,0.00393331261036698,0.0089166517555443,0,0,0.00300217676927513,0.00275859374983586,0.0001717805060671,0.00377655854084156,0,0,0.00120368521850873,0.000211128023260057,0.0258937041129735,0.000529433622583187,0,0.00222756086524575,0,0.00146865475961686,6.45137879000798e-05,0.0323016420473783,0,0,0,0.00184850486899627,0.00279926991420973,0.0110220172826358,0.00159368305745723,0.378376105167025,0.00457898277853808,0.000155930747930176,0.00258252588739453,0.0165396429067159,0.00643892866127357,0.00594385864844444,0,0,0.00194016472810348,0.00301242949828593,0.000246933441565389
0,0.611112926275587,0,0,0,0,9.31305365517799e-05,0,0.0122332057255622,0,0.00274299796861094,0,0.789780274625145,0,0,0.022258581343562,0,0,0.000986546681200957,0,0.000821474584681453,0.10373896109466,0.00142521398358616,0.0163276789924452,0,0,0.368003176163276,0.00113222121401549,0,0.000855188458262858,0.010100124496345,0,0,0.00111349354062533,6.79846458041247e-05,0.430713241273842,1.21129771463635,0.0801856285405684,0.214404429145949,0,0,0.934977866319148,0.00283399306700693,0.0360161989674566,0.000481352663484706,0.00328782081287887,0,0,0,0,0.0519282629561946,7.09808497117471e-05,0,0,0,0,0,0.00213914524075909,0,0.000149587828960129,0,0.0321434539866783,0,0,0.000246461645756063,0.000124648871444741,0,0.000981245537605618,0,0,0.00360654440429045,0.000117106197553802,4.77876654430341e-05,0.314975658830357,0.00255437793932221,0.00558111536713024,0.00015460452945491,0,0,0,0,0,0,0
0.00246967625694906,0.000368525057543063,0.624686294175702,0,0,6.49896146181499e-05,0.00408543556265548,0.00213368711104156,0,0,0.0254160653907944,0,0.0187249606337561,0.000673152483133493,0,0.000525542826301803,0.333127631467411,0.038334613846762,0.728525365979383,0,0.00385258232574801,0.000229933381522879,0.0787205074847811,2.82565742293656e-05,0,0,0.487889338080455,0.00151377145208997,0.0014182833507977,0.0108913679154629,7.87427568283228e-05,2.89995991066706e-05,0,0.00512879162578573,1.31519140687514e-05,0.00363999554061827,0.0360183114918623,0.0238022047775535,0.00124051339448113,0,0,0.000175970162696083,0,0,3.10076321847234e-05,6.70823831868481e-05,0,0,0,0,0,0,0,0,0,0,0,0,0,0,0,0,0,0,5.35216812394741e-05,0,0,0,0,2.36981353684933e-05,0,1.84159493620342e-05,2.33670118348207e-05,0,0,0,0,0,0,0,0,0,0,0
0.00258937916038166,0.459031513497912,0.564158298317729,0,0,4.35834959712001e-05,0.0117735759420978,0.00247104831054812,0.0044514686719466,2.15102291874205e-05,0.0430959886802885,0,0.13618609281896,0.000985171264317902,0,0.41220021752119,0.0948741564024175,0.00306216189350424,0.0156467281067755,0,0.0490606027786774,0.279573139347514,0.626835701454725,0.0384720239557793,0.368003176163276,0.487889338080455,0,0.0574420141617568,0.00153706185663003,0.0151946473192677,0.0086506922397934,4.89284315873088e-05,0.000272811132548148,0.0919120520387245,0.00159276107567341,0.1202198413564,0.284594929107258,0.340325844969062,0.0683549773997731,3.76806702887028e-05,0.000558739902342988,0.00315477789095979,0.00621260014123217,0.000871850564287752,0.00497271814287753,0.00596738200498627,1.18025252471102e-05,0,0,0,0.0141123370413923,0.00163761764398761,0,0,0,1.29521482436605e-05,5.91420729062608e-05,0.00136647407255145,0,0,0,0.000661402318457792,0,0,0.0285621059712359,2.74835461051741e-05,0,0,4.38741626901011e-05,0.00104242973431836,0.0321105217471374,0.0111439705074383,0.00176163940128745,0.0236133506305264,0.00068427600082691,0.0301710950992575,0.000556687896025862,3.01860128552713e-05,7.12139757355718e-05,0,0,0,0.00153630150284014,0.000354247486854533
0.00299062216891318,0.00603039076572535,0.048002203003631,0.274513750864377,0,0.0210031712066141,1.08844495048577,0.00902835419800434,0.0546875961352251,0.240453034945215,0,0.00855119511240643,0.000259421957094028,0.00255749964360031,0,0.180545141460923,0.00233795773211356,0,0,0.059660344715274,0.507143950981575,0.0269161746588693,0.176277738560761,1.16442239953609,0.00113222121401549,0.00151377145208997,0.0574420141617568,0,0.00356664108072732,0.643214611890707,0,0.000135298815739969,0.000800174612420716,0.0104318315260987,0.00109488646918941,0.0211461556613224,0.0054046430438704,0.0206064840599874,0.0106706014989905,8.54790886727942e-05,0.000191869786915497,0.000273782597760295,0.00141746637758168,7.72513467074028e-05,0.0018152427642331,0.00330104146504644,9.27606735463523e-05,0,0,0.00069393603219698,0.000125963240026863,0,0.0992151229944663,0,0,0.000241342971009323,0.000406224631546419,0.0010814065480209,5.8484741513481e-05,0,0.000133071110246154,0,8.56846344982846e-05,0,0.00625303709260863,0,0,2.37361065359607e-05,0.00538370742822394,0.000474305715809983,0.00365345698510068,0.00135382503851948,0.0105886927563632,0.000297880519048422,3.82438793294156e-05,0.00116361635464231,0.0142070562735309,0.00111980717526403,0.00177998026063457,0,0,0.000148095487333717,0.000628197318739351,8.27609117490832e-05
0.916684984582535,7.31096679471369e-05,0.00678916071121802,0.000152068752104461,0,0.00636777750380445,0.0628660391577134,0.0938941789310262,0.016173213693781,0.00798337995793867,0.0014139718888062,0.00170830368093441,0.000388682553224363,0.888881459763688,0,0.00193316572045885,0.0342702166446755,0,0,0.00679265027384406,0.0968120743877892,0.000553780935117528,0.0301556165184448,0.0096925473836435,0,0.0014182833507977,0.00153706185663003,0.00356664108072732,0,0.783225968918784,0,0.140894747390556,0.806127694735654,0.545337926788067,0.000815551011139721,0.00935133128594945,0.00263287773426218,0.11300868990699,0.0290082362180589,0.000227008059035949,0.0004340773323952,0.000400891893706947,0.000987401393906973,3.75744516279309e-05,0.0016696813949929,0.00165785487155813,0.000176770030327992,0,0,0.00125413040369617,0,3.6928586179706e-05,0,0,4.61774577882844e-05,0.000467926634618679,0.000186115645802541,0.000804622801458675,0,0,0,0,0.000277980148353812,0,0.000122506263884137,0.000168459487703897,0,0,0,0.000293745898470482,0,6.47391658836016e-05,0.00553883910695572,0,2.46612287869465e-05,3.500880933629e-05,0.00371380477732844,0.00491725816884385,0.000861063907173769,0,0,0.00114954415645093,0.00177629712031985,0.000218056796919046
0.0761631575663213,0.00448054809584332,0.11485777251923,0,0,0.000339639616437214,0.348734133148555,0.0190045768384601,0.0489316825165054,0.000857138166871704,0.0010888521314183,0,0.000103650667794956,0.0202379353357289,8.78794117838144e-05,0.0701156925711795,0.0431167186909513,0,0.000418562913261367,0,1.12525658526297,0.0166080808854025,0.2645583898667,0.0254526672856728,0.000855188458262858,0.0108913679154629,0.0151946473192677,0.643214611890707,0.783225968918784,0,0,0.00440957261644249,0.0919115782692443,0.280292949599436,0.00404757838663697,0.0481700984379602,0.00883350127352794,0.167475615342691,0.0843446167776583,0.00298276105812261,0.00130673282877953,0.000604149644925236,0.00520492825927762,0.00127072338224336,0.00908840287755622,0.00816261047137064,0.0024083294691429,0,0,0.0036766818812679,0.000476813683816121,0.000338106303685587,0,0,0,0.000835757240369601,0.000235236539840516,0.00784514950267498,0.000155513962138093,0,0,0,0.000890038155596117,0,0.00799617859955121,4.96941942704754e-05,0,6.22118406932563e-05,0.000504209431977726,0.00274833673688484,0.00276723638527754,0.00115798389582514,0.0185441739443603,0.000170319993125688,1.93702742972949e-05,0.000638404610604541,0.0121210122091215,0.00881018843507006,0.00637268578101608,0,0,0.00388738005250503,0.00489441590560732,0.000197646548358976
0,0,0,0,0,0,0,0,0,0,0.00138058471181799,0,0.0247784686701633,0,0,0,0,0,0.000412913077692423,0,0,0,0,0,0.010100124496345,7.87427568283228e-05,0.0086506922397934,0,0,0,0,0,0,0,0,8.25677908298525e-05,0.0107749374397577,0.00330339406310118,0.000841717080715901,0,0,0,0,0,0,0,0,0,0,0,0,0,0,0,0,0,0,0,0,0,0,0,0,0,0,0,0,0,0,0,0,0,0,0,0,0,0,0,0,0,0,0,0,0
0.0239612350551446,0,0.000337954371447253,0,0.2687284773209,0.0822151440672188,0.00659365323140401,0.127788354955749,0.000224700598817955,0.00363885851354218,0,0.00202063530491597,0,0.314760467897417,0,0,0.000604836657794029,0,0,0.0033568905272537,0.000555746125697678,0,9.26001186208033e-05,0.0011563855102434,0,2.89995991066706e-05,4.89284315873088e-05,0.000135298815739969,0.140894747390556,0.00440957261644249,0,0,0.0130635274658257,1.33620460160784,0,4.67145708852555e-05,0.000806408243771829,0.00676841524710104,0.000337007150872583,0.013839011656417,0.294488069948548,0,0,0,4.59909288118322e-05,0,0,0,0,0,0,0,0,0,0,4.52187712793109e-05,0,0,0,0,0,0,0,0,9.40236319297884e-05,0,0,0,0,0,0,0,0.000316595127222665,0,0,0,5.63007949181643e-05,0.000177967795733465,0.00019821665859965,0,0,0,0,0
0.0851972367658109,0,0.000880420181212887,0,0,0,0.016545829427906,0.00825665193341477,0.00879239509109282,0.00160136524497184,0.0015170157747238,0,0,0.00917391959970758,0,0.00158303066148594,0.00160661811681029,0,0,0.000707005648198134,0.0250970169610466,0.000214480691926842,0.00174042844233576,0.00453157493381738,0,0,0.000272811132548148,0.000800174612420716,0.806127694735654,0.0919115782692443,0,0.0130635274658257,0,0.195929597967185,0.000316874184496044,0.00384658378950445,0.00458781332300945,0.122750046025371,0.0866424948164757,0,0,0,4.45485184668885e-05,0,0.00125601736529188,0.00213783927330135,0.000339087197324055,0,0,0.00109662374282471,0,0,0,0,0,0,0,0,0,0,0,0,0,0,0,0,0,0,0,0.000185695420934008,0.000194163905893361,5.00531760602311e-05,0.00171619390660199,0,0,0,0.00107229742039398,0.000630338118898513,0.00048463512671449,0,0,0.00190757096196238,0.000311521733158682,8.94158428266806e-05
0.099454537042729,0.000912874876103697,0.0831457528588377,0,0,0.00337356789337645,0.0301399413178852,0.152478073294908,0.00304455022709454,0.00498953630509128,0.155164527158803,0.00145247891736126,0.0197552067366525,0.243812804771875,5.76525802025527e-05,0.0136771479576862,0.124832925681104,0,0.0759766718785727,0.00562953972079664,0.0634880391153308,0.00869848744852711,0.096190446289761,0.00267420789648545,0.00111349354062533,0.00512879162578573,0.0919120520387245,0.0104318315260987,0.545337926788067,0.280292949599436,0,1.33620460160784,0.195929597967185,0,0.00231221739499652,0.0655400451891172,0.352929123585924,2.32622159131524,0.185533315645613,0.00773950393395853,0.0396652404687778,0.0487232572148572,0.00241241656382337,0.000717563949759536,0.00279169121781291,0.00239110822669268,0.000113219769627416,0,0,5.2033557491791e-05,0.000543464933098664,0.000126850960675346,0,0,0,3.61966029836713e-05,0,0.000219635981742991,0,0,0,0,2.46868579094825e-05,0,0.00435112065634338,0,0,4.10683131426475e-05,0,0.000282312978668236,0.00463411880641362,0.00146388907645824,0.00276387023592969,0.000100444044800189,0,0.00260313009249189,0.000743342305225902,0.00102264877029844,0.000328115228867498,0,0,0,0.000681542880298424,7.37475670119317e-05
0.000211319610022325,0,0.000306088548945371,2.95439658647241e-05,0,0.055794799056031,0.000695829970742023,0.000522784434358136,0.00025220899964828,0.0208087258480865,0,0.0177631604626577,0,0.00015232181232203,0.0418875247815268,0.00253721957968217,7.92150901655203e-06,0,0,0.00027395196293897,0.00490913136448834,0.000371365608855206,0.00771374909061858,0.000198219365157187,6.79846458041247e-05,1.31519140687514e-05,0.00159276107567341,0.00109488646918941,0.000815551011139721,0.00404757838663697,0,0,0.000316874184496044,0.00231221739499652,0,0.00798436498733839,0.00624330843753144,0.0069579371525901,0.005596421982568,0.00092789315618525,0.000209478239498361,7.00482416993441e-06,0.00256870561771445,0.000894838939956381,0.00327690945507948,0.00705827134944319,0.000198527610585989,0.000204380321613745,0,3.99146689430132e-05,0,0.000233495771486959,0,0,1.16797582330611e-05,0.000108580565353294,0,8.17353349301135e-05,3.44153148067159e-05,0,2.67017610959043e-05,0,2.02212932343831e-05,0.000429345739834099,0.000962799612469479,1.77442291499248e-05,0,0,0,0.000535446765725433,0.000134719519697455,0.0015761485056163,0.000497271212324931,0,0,0.000374731160765669,0.000678428341382188,5.61171451668485e-05,0.00023969801014544,0,0,2.26371401571928e-05,0.000352526866144069,0.63189071061484
0.00680295963998186,0.00246457264757769,0.0350323714080811,0,0,0.00463960135772689,0.0129077123745933,0.0125185581878178,0.00871900279633228,0.000111533937251315,0.00244684161890807,0.00584131157615821,0.460553000743614,0.00151731420737649,0.00371381912161062,0.148316334985999,0.00151048576520996,8.23061952253306e-05,0.000511820868249534,0,0.134602705322077,0.0180882882083065,0.223118793947024,0.00845107501639023,0.430713241273842,0.00363999554061827,0.1202198413564,0.0211461556613224,0.00935133128594945,0.0481700984379602,8.25677908298525e-05,4.67145708852555e-05,0.00384658378950445,0.0655400451891172,0.00798436498733839,0,2.69305106581197,0.550490566672951,0.643416934090831,0.246065288727849,0.00331380810677836,0.748384377110696,0.0521988220989752,0.0442969842785981,0.0656727264572075,0.08015786924947,0.00150412024989379,0,0,0.000956886088420949,0.00341948512387566,0.00506810762123577,5.47703384308081e-05,0,0,0.000323831858050355,9.44264155995217e-05,0.00649374590886285,2.51012874550893e-05,0.000202252815908825,4.94932029493095e-05,0.0107393372134234,0.000249572867236974,0,0.0216432392294532,0.000233703868029735,0,0.00147710865465928,5.15808827274825e-05,0.00777244412955651,0.0110282895340127,0.0191901776192841,0.00771893403707775,0.00131801761543612,0.00134632442401208,0.00921279924521451,0.00602922725383297,0.00134687393166468,0.00436244737321416,0,0,0.00036995399722746,0.00655253923086515,0.0008402018278657
0.00329646062341041,0.0119159427974072,0.0653161780354096,0,0,9.22604186976896e-05,0.00487216886090303,0.003945140076765,0.00152004855136793,0.000242517151994047,0.446307886424655,0,0.782456991810614,0.00304261543268174,0,0.0916454812305686,0.018188768064344,0.0060389682712167,0.128392031828724,0,0.0587913082239727,0.00795760612969272,0.170229819890892,0.00274450464618744,1.21129771463635,0.0360183114918623,0.284594929107258,0.0054046430438704,0.00263287773426218,0.00883350127352794,0.0107749374397577,0.000806408243771829,0.00458781332300945,0.352929123585924,0.00624330843753144,2.69305106581197,0,2.50286528710851,2.14352842189869,0.0023741102032736,0.0059935683759374,1.4889184795739,0.024362383986613,0.0133367455214775,0.0156982047172652,0.0647733411037375,0,0,0,0,0.0025056536923409,0.000504227439508301,0,0,0,0.000240088578822439,3.70644228029813e-05,0.000330685545822241,3.03983004969013e-05,0,0,0.01182124151044,0,0,0.00831475380024121,9.06345243901624e-05,0,0.00100452747862695,0.000472879315478007,0.000782834007116466,0.00332362689025386,0.00400929410689829,0.0020899793544808,0.0197687962334777,0.000105521158409012,0.00188288690884831,0.00177493097820455,0,0.000755107256796719,0,0,0,0.000681100143208964,0.00112072420109789
0.0285591202833329,0.00651400308345858,0.155385519609658,0,0,0,0.0215827923740419,0.0225781810530492,0.00351963227653051,0.00100870091851268,0.571142994979971,0,0.258855713680853,0.017687250962941,0,0.0738618730206747,0.00954066290712973,0.00300071208096911,0.203807870831871,0.000374074569653699,0.126845524155502,0.021202856007636,0.209627403017021,0.00620543797676208,0.0801856285405684,0.0238022047775535,0.340325844969062,0.0206064840599874,0.11300868990699,0.167475615342691,0.00330339406310118,0.00676841524710104,0.122750046025371,2.32622159131524,0.0069579371525901,0.550490566672951,2.50286528710851,0,1.44220813179323,0.00854906943665851,0.00576045769762269,0.467915946091156,0.0089742202141431,0.00411150465258849,0.00825587422365128,0.0142295906061733,0.000644252980368284,0,0,0.000331435163147979,0.00162766157095468,0.000432556814692685,0,0,0,0.000138380227801034,0,0.00221426254814347,0,4.10874195048397e-05,0,0.0022924802405615,0.000174921976225685,9.2915483841825e-05,0.0129610391602595,0,0,0,0,0.000706714518394576,0.013764078956636,0.0039734113882156,0.00343967284600542,0.000788281122535825,7.61248246404177e-05,0.00769633105832064,0.000918982566756642,0.00157385330488424,0.00168361417852629,0,0,0.00117723377614862,0.00122749468630068,0.00111231743870046
0.0171512814253837,0.00423235487218311,0.0298725595274523,0,0,0,0.00894221802514171,0.00755919299159781,0.00447284399078033,0,0.026608276268015,0,0.24690197683453,0.00252505119418749,0,0.0515579000106594,0.00293586307829551,0,0.0141572478837547,0,0.0601845070208072,0.0110859826401454,0.100105292794041,0.00745908670101559,0.214404429145949,0.00124051339448113,0.0683549773997731,0.0106706014989905,0.0290082362180589,0.0843446167776583,0.000841717080715901,0.000337007150872583,0.0866424948164757,0.185533315645613,0.005596421982568,0.643416934090831,2.14352842189869,1.44220813179323,0,0,0.000825130732735768,1.17066860529881,0.00721329283351446,0.00176328731753584,0.0109679847824122,0.0143498639763606,0.000368695433179438,0,0,0.00468710030811831,0.000385506458664572,0.000869838634885833,0,0,0,0.000128287470158071,0.000269871782150006,0.00517099287406539,0,0,0,0.00210826068328002,0.000109283180993597,0,0.00938292267706209,0.000110779079885659,0,0,0.000653170338160165,0.000817459010353386,0.00951536213934531,0.00287792799274049,0.00501094326283534,0.00448339695781064,0.000152157806312378,0.00247535911560673,0.00253902891668193,0.00369274009043159,0.00287248431131895,0,0,0.00234109278627267,0.00351866170122056,0.000840682589947185
0,0,0.000243672636433987,0,0.00371216958679521,0.216675876548282,0.005038575563026,0.00534416254575992,0.392406841967461,0.014414574449262,0,0.28412445393429,0,0.000714842259991943,0.679902232032797,0.000798356634277929,0,0,0,0.0517927787239033,0.00135106497152018,0,0.00102303718311158,0.0187549985468467,0,0,3.76806702887028e-05,8.54790886727942e-05,0.000227008059035949,0.00298276105812261,0,0.013839011656417,0,0.00773950393395853,0.00092789315618525,0.246065288727849,0.0023741102032736,0.00854906943665851,0,0,0.774607749255885,0.00289241960892991,0.000275985299645764,0,0.000127219613383657,0.000186758801229315,0,0,0,0,0,0,0,0,0,0,0,0,0,0,0,0,0,0,0.000560849795627569,0,0,0,0,9.53730791074105e-05,0,6.6165605152256e-05,0.00185934516628024,0,0,4.13939598969662e-05,2.72453277503498e-05,0,0.000109398604570246,0,0,0.000127176453951971,0,1.35711841056772e-05
0.000823059123551267,0,0,0,0.0121342675419892,0.0117071029104371,0.000443356311371389,0.0168631791055655,0,0.00015469738224579,0,0,0,0.000711759532741957,0.00280011941007693,0.00254319809800882,0,0,0,0,0.0018476627070297,0.00100867188283213,0.00219063916372136,0,0,0,0.000558739902342988,0.000191869786915497,0.0004340773323952,0.00130673282877953,0,0.294488069948548,0,0.0396652404687778,0.000209478239498361,0.00331380810677836,0.0059935683759374,0.00576045769762269,0.000825130732735768,0.774607749255885,0,0,0,0,0,0,0,0,0,0,0,0,0,0,0,0,0,0,0,0,0,0,0,0,0.000207287486257354,0,0,0,0,0,0,5.28576090933408e-05,0,0,0,0.000110391392165465,0,0,0,0,0,0,0,1.12098897566541e-05
