0,0.000141593598285951,0.0204845838299869,0.00559593815523346,0.000808849014917276,0.0143061575798052,1.35966073648689,0.285560929840618,0.0364322611217913,0.0122706377382413,0.00551950779336185,9.31176060074814e-05,0.000657245927402328,3.61886551676045,0,0.00102932041054332,0.0708382645379445,0,0.0247399769898684,0.00315969249223558,0.0269310432000627,0.00340128917564233,0.0465555550547325,0.0294027663976795,0.00044254985989643,0.00883620351919788,0.00568099562600363,0.031059473385987,0.575907171414054,0.356490854140941,0.00033230300920311,0.0882979670648673,0.0374525873205415,0.112359135807654,0.000288610286361367,0.0140344893395698,0.00191461906499874,0.0494524135183394,0.0281192416679014,0.00148193126177257,0.0204702227395455,0.000959209193825507,0.00463084011666339,0,0.0066812936665371,0.00294703285658075,0.00110164793677507,0.000189345591978175,0,0.000301321265152588,0.000460206182819146,0,0.00014682796975576,0,0.000458290715279475,0.00155951922691509,8.25986611456683e-05,0.00889629258520977,0.00056295054638391,0,0,0,0.000101078738446586,0,0.000622951099996756,0,0,0,0.00022555739364916,0.00111919450381399,0.00132781729835738,0.000217839057781676,0.0104379366600331,0,0,7.80177250839045e-05,0.00260007991082473,0.0029352807753187,0.00244985934142192,0,0,0.00587296911210806,0.00164976771160004,7.09856694366779e-05
0.000141593598285951,0,0.0125976249485964,0,0,0,0.000965251831884124,0.000157874535662556,0.100412850234147,4.30974567559254e-05,0.00735843942596362,0,0.314092619278114,0.000297532665728708,0,0.207471032090533,0.00559391913473555,0.000223508765021651,0.0138281140887621,0,0.00335267506651873,2.12709098502803,0.00688167494734543,0.0944376982188383,3.68523609918915,0.0175763184462306,2.3338971966724,0.00467167071800997,0.00203674714784268,0.00320088047870785,0.00773904884025164,0,0.00197642048934452,0.015484225046747,0.000337107679548768,0.0269474672479012,0.107502756863204,0.0433081901599603,0.0251417576043281,0.00142777071289313,0.00423609438996994,0.226278790123919,0.00215981523485462,0.00983798977972407,0.0131936635483757,0.00328036929194522,0.000212352245774136,0,0.0129906513030858,0,1.78191180963788,0.0318129138434229,0,0,0,4.2997073917507e-05,9.01433690519765e-05,0.0133293309254685,0,0.00108315143352511,0,0.0202494896428651,0.000174695353909571,0,0.0184194433860919,0.00950697578687784,0,0.0114252591803963,0,6.10492380668862e-05,0.237328779382252,0.00259076981756879,0.00538738331358229,1.01812471462878,0.0131359420976189,0.161962330630488,0.000136655462073115,0.000124097951023134,0.000196584360864575,0.00270985258507929,0,0.00123556593750063,0.00301069113739164,0.000249611718858698
0.0204845838299869,0.0125976249485964,0,0.000444944818128192,0.000116827434851894,0.00203955588090591,0.0938307462915211,0.0196053411039388,0.00276205030076633,0.00447116841372863,0.0138041941835858,0,0.00205445499223706,0.0204604242360901,0,0.0392886479303922,1.92221207373829,0.0127924189568382,0.170182498895026,0.000188883838211014,0.187876092337645,0.0147045184480863,3.29602081827009,0.0140885418805716,0.00109099406416197,1.69776613758425,2.50828672771532,0.0750738031941595,0.0107574181610229,0.0550238605618857,0.00188231784359816,0.00345841514004653,0.00317101478895218,0.201083732296858,0.000811116728016431,0.0367381707859198,0.0319189409504436,0.236493472764262,0.0709194493387914,0.00185490397747201,0.00328726746432167,0.000500780491824946,0.00153419552441492,0,0.000597675226386242,0,0,0,0,0,0.00557495864886951,0.000612701484231036,0,0,0,0,7.17931988530917e-05,0.00144959358119058,0,8.40539193827459e-05,0,0,0,0,0.00149437315710247,0,0,0,0,0,0.00597533897345061,0.000309528196689332,0.00154804952307306,0.00236910684063346,0,0.00240666374082931,0.000179813823753434,0.000225645392228766,0.000425622335446171,0,0,0.000865880824549563,0.000351165321374608,0.000307894442297987
0.00559593815523346,0,0.000444944818128192,0,0,0.0320390922870393,0.0240916368593335,0.0662307580839338,0.417213130381266,1.439214186654,0.00158097100628477,0.57688497384475,0.000887103117965765,0.0107150676918654,0.00108922289640948,0.000924398903664098,0.000348603519652607,0,0.000246006211856733,13.8724755244806,0.00094515830817878,0.000782044673009108,0.00158065264759693,5.44671764324616,0.000279757043620491,0.000295453996413475,0.000283846284373267,1.74311110505676,0.0213578758042873,0.00314480241501641,0.00019095633378434,0.0130782926186508,0.0056558547469033,0.0281652487656195,1.3765111782853e-05,0.0157936160077546,0.000939914047535709,0.0280978251212068,0.0084185980608207,0.000594607236847417,0.011298126322304,0.000410967649453528,0.00223280999288442,0,0.00285399302508541,0.0012700484630428,0.00105700104159162,0,0,0,0,0,0.0888192592289902,0,0.000161654109222214,0.00112151721820015,0.000871823987448053,0.028997220705001,0.00269004416199489,8.8320492560353e-05,0.00118049341072735,0,0.000500240987651931,0,0.000534531836441308,0,0,0,0.00789924149986179,0.000202334910146236,0,0,0.00686603404111612,0,0,3.07239964710282e-05,0.00567863002959355,0.000729483263943891,0.000417003128100134,0,0.000677248075058978,0.000440209390863814,0.0003186394574592,0
0.000808849014917276,0,0.000116827434851894,0,0,0.188716778128934,0,0.0247975412025616,0.000811169980018842,0.000230577301493532,0,0.000425990766904739,0,0.00141576647453382,0,0,0.000186605534742139,0,0.000154801115656973,0,0,0,0.000196371888322797,0,0,0,0.000100943241877606,0,0.00252447927146585,5.40638181652986e-05,0,0.954012675923475,0,0.00334403098262032,0.0504420044589045,0.000147644314387615,0.0029005515895542,0.00228692063934644,0,0.00493979640305042,0.459977257909339,0,0.00043435826405297,0,0.000440735512345171,0,0.001214442429725,0,0,0,0,0,0,0,0,0,0,0.000275731083801894,0,0,9.80418813932241e-05,0,0,0.00477476914592672,0,0,0,0,0,0.00040345943115843,0,0,0,0,0,0,0,0,0,0,0,0,0,0.00625186779016088
0.0143061575798052,0,0.00203955588090591,0.0320390922870393,0.188716778128934,0,0.12011846579997,3.29407659111945,0.0654694904885695,2.29789364150981,0.00983636419648133,7.28862181604941,0.000485190092452955,0.0609076726947753,3.52814667819514,0.000214243170686097,0.00277204515906218,0,0.000666554611164537,0.8353391308151,0.00254954828909016,0.000661368670350716,0.00374190077101675,0.107245627503229,0,0.000931304295032336,0.000988440837997427,0.0984567108120416,0.0935877628344814,0.00745981519076472,0.000302986976778807,1.06487711816636,0.00248065173626048,0.0957065598951048,0.450281147707675,0.00361645220754583,0.000757172025463793,0.0113738808490919,0.0019294471442338,0.334258380726577,0.270698389069212,0.000177185075792095,0.0062195217869843,0.000659619187586419,0.00417112551290864,0.00144623012655785,0.00157421144879541,0.000458945477781761,0,0.000311624973280619,0,0,0.00427513883041172,0,8.90702319469514e-05,0.0077139009567245,0.002681267137868,0.0177007943827681,0.00317172227370931,0,0.00180940100291372,0,0.000372331726041734,0,0.000146921959731577,0,0,0,0.000374474164793769,0,0,0.000324690282603292,0.0173178991770562,0,0,0,0.0122267725502502,0.00228940216381857,0.00140027623028823,0,0,0.0012351014761912,0.00171774833835635,0.00218008549897927
1.35966073648689,0.000965251831884124,0.0938307462915211,0.0240916368593335,0,0.12011846579997,0,0.480274049171202,0.095117075175817,1.68045910926092,0.00848142168840384,0.00342766322840411,0.00312455191359034,1.06460145139567,7.94723762851226e-05,0.00851380539119449,0.0689731653920089,0.000955031834901393,0.0177011329344161,0.0221805916233261,0.192339614056064,0.00792527995891436,0.284697170681271,0.35365554674806,0.000796505856380129,0.0247320483440466,0.0263529487846282,3.69934671152565,0.169385039866729,2.12909443567482,0.000148844892963899,0.0399769963030456,0.0272439556136194,0.197710291758431,0.00153546291276885,0.0948266507053148,0.0102903150664851,0.149516996805802,0.072739323045162,0.00968829669195809,0.0321366512345063,0.00154180091824776,0.0127195665048197,0.00113191756604359,0.0163610045696028,0.0070308664850982,0.00300513645610978,0.00123163004179195,0,0.000870939497081164,0.00017558544132756,0,0.00309553976917047,0,0.000486139988377536,0.0092027291510393,0.00266250249690481,0.0259101375899143,0.00423511455533994,8.7068629259366e-05,0.000609216042591967,0,0.00258165925705644,0,0.00135347718351237,3.87216922592337e-05,0,0.000133330204763796,0.00135617921727725,0.00135119056112279,0.00155139138967945,0.000563836312287066,0.0311194480964801,0.000137693500627255,0,0.000615897989418006,0.0166075151868793,0.00983393068945605,0.00405668367173456,0,0.000400349936477251,0.00147951936900703,0.00790456093941961,0.000914364497996274
0.285560929840618,0.000157874535662556,0.0196053411039388,0.0662307580839338,0.0247975412025616,3.29407659111945,0.480274049171202,0,0.0913617951648945,1.07937170958223,0.0176759975981762,0.200986815428591,0.00138418638498633,1.89849142719921,0.000626680302364888,0.000470074874916585,0.0333702247990047,0.000240143117746131,0.00900868609023466,0.537410166284015,0.0323612406515695,0.00115568216118872,0.0435030340918846,0.133800103460819,4.93102583501398e-05,0.00841208074662749,0.00857851530317496,0.133118575685089,0.247382539147209,0.0860516457682877,7.89211547673752e-05,0.493262681301733,0.0109953726760705,0.175767776972911,0.0458644652629368,0.0184508781999161,0.00224645096047593,0.0449928184950029,0.0197677774361087,0.00310009164208851,0.0539701979052755,0.00038265290086264,0.00798542952993747,0,0.00686666741498593,0.00206745093466839,0.00317038548671652,0.00108485365312141,0,0.000249770143694101,0,0,0.00752444595882721,0,0.000868598327177714,0.00837317217869408,0.00210276252993653,0.0378335403822881,0.00290041098370208,0,0.00187189452555685,0.000125162673356724,0.00081211243470707,0,0.000396022211252301,0,0,0,0.00168869784913344,0.000264586156421146,0.000377580723935804,0.000140057986571872,0.0322413729336361,0,0,6.58691143004229e-05,0.0152958826868514,0.00508754215594141,0.0010815888191077,0,0.000248044269181222,0.00216603664899898,0.00166539409131922,0.00024754196386059
0.0364322611217913,0.100412850234147,0.00276205030076633,0.417213130381266,0.000811169980018842,0.0654694904885695,0.095117075175817,0.0913617951648945,0,0.186926318198117,0.00568040765773368,3.92797597973023,0.03916869450138,0.0261221362199329,1.54195126937837,0.0264080124962451,0.00289598987921863,0,0.00160153009851112,0.440226976297777,0.00498020017452185,1.84517799615536,0.00816126650061932,5.89377637474444,0.0805300850208963,0.00141954391919751,0.015135142601787,0.323491323987969,0.116758009485839,0.0374869020814962,0.000505103486377743,0.0401946305406034,0.0637716848314865,0.110329076599637,0.00256206208243281,0.159978920696405,0.0285284966462098,0.147130319237658,0.0435616010179252,1.67367892168412,0.0379398769145436,0.0147754108344806,0.0643647913454188,0.00313965240011337,0.0456318677265498,0.0344064979440794,0.012476605042435,0.00121922537287975,0.00188735137622567,0.00312809912203561,0.0563540729716007,0.00179484978507122,0.0219100486876695,0,0.00255966297596471,0.0188246611562951,0.00410743289219109,0.653827420254229,0.0127569008830358,0.000334073092145377,0.0133237652163497,0.000997308679744246,0.00312449469482822,0,0.0522217826779655,0.000887097842462263,0,0.000389795718336861,0.0096335364063747,0.00762513185121286,0.167112028798747,0.00359755794901193,0.168544462775614,0.0200996914378765,0.000129265237472399,0.00652362832477169,0.0466069550182006,0.0163672842125036,0.0212375924180494,0,0.000273154922782154,0.012332613956666,0.0130898432941788,0.000902604680659221
0.0122706377382413,4.30974567559254e-05,0.00447116841372863,1.439214186654,0.000230577301493532,2.29789364150981,1.68045910926092,1.07937170958223,0.186926318198117,0,0.00978536868395014,1.19309227710596,0.00245086278583983,0.538738257971226,0.000649586404956611,0.00129856380341115,0.00163323102154933,0.000159177405712321,0.00271615032041823,3.84759564848231,0.00916610454339144,0.00115384655444308,0.0109625211519428,0.283899418920496,0,0.00212882074185088,0.00228279542062675,1.42811221030732,0.0686379120691179,0.0131198220870768,8.44067938409361e-05,0.054637736347081,0.00841326385960491,0.123256051697013,0.0263185465055448,0.0307174905738418,0.00342374574645994,0.0426626469521603,0.0106017754072725,0.00334406211908856,0.0300273027780326,0.00112770563295339,0.00528899112564704,0.00022695706872377,0.00322088610549254,0.00259630117221289,0.0025409670173743,0.000408234095529364,0,0,0,4.69759055051529e-05,0.00655299231348508,0,0.000759931981798002,0.00368828716904989,0.00149136327289782,0.0305356509887879,0.00595666179414169,0.000227287145397371,0.00419790986469035,0,0.000894092732703005,0,0.000372749106710904,0,0,0,0.00254164831578903,3.06675146872909e-05,6.61746776600067e-05,0.000228002139482376,0.0190453291690953,0,0,3.74627069695795e-05,0.0115033762053589,0.00241595517119925,0.000913886239418149,0,0.000235085359431519,0.000146107820212911,0.00126665556272374,3.04614708326705e-05
0.00551950779336185,0.00735843942596362,0.0138041941835858,0.00158097100628477,0,0.00983636419648133,0.00848142168840384,0.0176759975981762,0.00568040765773368,0.00978536868395014,0,0.00269243375071597,1.12427112927425,0.00829217063631677,6.49101077557258e-05,0.00138345508785742,0.0101249681908769,0.822343818598579,3.23802534658622,0.00531533907635799,0.00294978844802598,0.00435841269483027,0.00561915608533566,0.00858832349855535,0.157481345099566,0.511561179533204,0.130384176091692,0.00744244084849644,0.066952749179258,0.0062991488174386,0.077050826368529,0.0769851867100087,0.0120037161441238,1.94751664089278,0.000303140870277661,0.056719293354971,1.00723066385745,1.49166068966473,0.0788060762500505,0.00110406382775072,0.174248612424713,0.281450121737738,0.00113120989286017,0.014307253838465,0.00163463650054461,0.000302511224149307,0.000151759598246375,0,0,0,0.0021658197543039,0.000129385611362519,0.000838338027883841,0,0,0.000518697226557078,0,0.00301024973177745,0.000619564654646796,0.00487750085238156,6.52396260324354e-05,0.0300366422581829,0,0,0.000264500002005848,0,0.000130727595022266,0.000197166740955775,0.000200668763928678,0,0.0010711165979928,0,0.00311760315263824,0.0377600228592182,0.00103590546375636,0.00553416275109592,0.00158254243071295,0.00077297750874299,0.000267399783832322,0.0020807474910526,0,0.000553158718333114,0.000273297326670516,0.000184770338732849
9.31176060074814e-05,0,0,0.57688497384475,0.000425990766904739,7.28862181604941,0.00342766322840411,0.200986815428591,3.92797597973023,1.19309227710596,0.00269243375071597,0,0.000299959306116551,0.00470087569455412,1.00542269990383,0,9.97386223316171e-05,0,0.000495084934992025,15.3873758473933,6.29886072022485e-05,0,0.000327396822220517,2.13706613517396,0,0.000249507607297182,0.00018272155071361,0.0369898505309505,0.0115611952076492,0,0,0.0264091407481443,0.00106750095346483,0.029586393394817,0.246429499781645,0.032746451112809,0,0.00574812468891187,0.00168712351818134,0.820550976288706,0.0096870978167508,0,0.0128881127996796,0.00100726375607947,0.00223196086167432,0.00131499799286059,0.00514648031109446,0,0,0,0,0,0.0345415105041297,0,0.000278555958853277,0.00217445883111839,0.000676128919180498,0.00576142915419264,0.0036151491886682,0,0.0854480428077351,0,0.000474729149157803,0.000404316465968453,8.113612831876e-05,0,0,0,0.113343964768927,0,0,0,0.00860507586748139,0,0,1.94461781557118e-05,0.00623193443574751,0.00092948251131129,0.000209103513000538,0,0,0,0.000479099507967708,0.00509883638541999
0.000657245927402328,0.314092619278114,0.00205445499223706,0.000887103117965765,0,0.000485190092452955,0.00312455191359034,0.00138418638498633,0.03916869450138,0.00245086278583983,1.12427112927425,0.000299959306116551,0,0.000660809532135646,0,0.0299162608399001,0.00177942343878932,0.00441628074294348,0.0321321011334934,0.00109878979489451,0.00352249553685544,0.180681893383041,0.00542116146541344,0.0319558405390025,4.58951419594272,0.22092286619214,0.743118679888421,0.00507908823272818,0.0026492285415908,0.00154935894334659,1.18458115968972,0.000752485800399152,0.00284469147930961,0.10913489897787,0.0026003676335421,0.704065288361371,1.31269856851293,0.54078946860146,0.38692723640638,0.000489930377539984,0.0224195300022716,2.01865448655737,0.0050602074268622,0.119997712568735,0.0136640134624131,0.0206316006091962,0,0,0.040095048950034,0,0.0338325495954149,0.000780279823595451,0,0,0,0.000251438444494452,0,0.00420099996285861,3.45810007949593e-05,0.0294720920448149,0.000342473653432988,0.169372722263588,0.000812503891303024,0,0.00291097104270615,0.000476208656165782,0.00144087922550602,0.00254328165170647,0,0.000282361147679666,0.0111085389278847,0.000449145453193533,0.00323951350950352,0.180431131806108,0.00928565275413615,0.0605382568498732,0.000726536609516247,0.000312806453125545,0.000953589150546102,0.0110992317581522,0,0.000378381264113825,0.000627913999089487,0.00137912079157289
3.61886551676045,0.000297532665728708,0.0204604242360901,0.0107150676918654,0.00141576647453382,0.0609076726947753,1.06460145139567,1.89849142719921,0.0261221362199329,0.538738257971226,0.00829217063631677,0.00470087569455412,0.000660809532135646,0,0,0.000500501354264284,0.0407587129493203,0.00012248152249619,0.0127882875271349,0.0126801320346539,0.0286426204365111,0.000987232244022808,0.0534646274203901,0.0305835441601617,4.84826342727674e-05,0.0102650253101641,0.00744375478539245,0.0532624448217573,3.65743342751278,0.138673518121457,0.000239669650373402,0.370080349290951,0.00945201511531122,0.101522536160669,0.00021749284127774,0.0139965491215472,0.00174695043569126,0.0319155156720296,0.0169234381499597,0.00170919497525191,0.0207454157823023,0.000323874888643109,0.00231694041759485,0.000163552144009609,0.00208604538427029,0.00276632743825981,0.000120611963015537,0,0,0,0,7.98193493806252e-05,0.000717643290754489,0,0,0.00145698310183308,0.000208950401674967,0.00682808666210797,0.00141771874871337,0,0,0,0.000217161957214483,0,0.000637770938083627,0,0,0,0,0.0004938483830393,0.000529994330776317,7.51941680311491e-05,0.00838189068593017,0,0,5.25001362865875e-05,0.00233955194245769,0.00169081343350175,0.00108738538233973,0,0,0.00241261129699076,0.00178745733223519,0.000236108370656352
0,0,0,0.00108922289640948,0,3.52814667819514,7.94723762851226e-05,0.000626680302364888,1.54195126937837,0.000649586404956611,6.49101077557258e-05,1.00542269990383,0,0,0,0.000386356909486152,0,0,0,0.0201438699468678,0,0,0.000176842191319929,0.0320472904228812,0,0,0.000165964742832703,4.94606696230804e-05,0,0,0,0,0,0,0.148861800595799,0.00221399701473571,0.00123136284396301,0.000920238351455115,0.00116052567841694,0.85560429171292,0,0,0.00159971706205405,0.00197353426994208,0,0.00311874407267229,0.00199243751429174,0.000700300278039745,0,0,0,0,0,0.00097588028786354,8.44645423260081e-05,0,0,0,0,0,0.000401775861087723,0,0,0.0148619953841352,0,0,0,0,0,0.00034449271282296,0,0.000185157376596606,0,0,0,0.000161032132226173,0,0,0,0,0,0,0,0.0138893647864156
0.00102932041054332,0.207471032090533,0.0392886479303922,0.000924398903664098,0,0.000214243170686097,0.00851380539119449,0.000470074874916585,0.0264080124962451,0.00129856380341115,0.00138345508785742,0,0.0299162608399001,0.000500501354264284,0.000386356909486152,0,0.0277059387619345,0.000190290666676352,0.00807465027822698,0.000151610830445978,1.09954820657948,4.80664564641132,2.42614626271625,1.21707251166586,0.0750579368510257,0.00843214455974966,1.17023538555677,0.350051792302296,0.00189672019088968,0.0323741453140764,0.000745996146024393,0.000599825957722217,0.00151620701167553,0.0768746230539076,0.00907893572601397,0.387236993099533,0.119995535552004,0.21270172162561,0.26412586657724,0.0361462595606471,0.0479945721226343,0.0115288145734873,0.0123763883081129,0.00266221411474679,0.00438984365371474,0.010106749913723,0.000757213762320494,0,0.000249733048471494,0,0.0254839885911586,0.00156702680500293,0,0,0,0.00019925801604954,0,0.0219064112025036,0.000181421396833118,0,0,0.000228649427112242,0,0.000639934011383569,0.271115861230138,0.000387423998074472,0.000124185448492922,9.14103221597495e-05,0,0.0021663201249959,0.300984198017224,0.0249788457398991,0.0241456135554345,0.0152278147575323,0.000609844712897227,0.0198637159969856,0.0029505141696526,0.000921517570361799,0.00216722241933304,0,0,0.000649297129785805,0.00217242465341927,0.00406607843386457
0.0708382645379445,0.00559391913473555,1.92221207373829,0.000348603519652607,0.000186605534742139,0.00277204515906218,0.0689731653920089,0.0333702247990047,0.00289598987921863,0.00163323102154933,0.0101249681908769,9.97386223316171e-05,0.00177942343878932,0.0407587129493203,0,0.0277059387619345,0,0.0141912453060911,1.19578730158082,0.000194553748045015,0.0922036899047706,0.00795083922688206,1.36315840959933,0.00733900443543,0,1.98715590319663,0.340813039905239,0.0430556859518008,0.0235986341731576,0.0994372141972735,0.000735972088015199,0.00656370213103582,0.0031708119574815,0.217642132256564,0.000113928178672998,0.00394432465950096,0.0929075263556051,0.0458351244603082,0.0130540673849109,0.000206202168695182,0.00296437203210688,0.000619945490652248,0.000216623255491023,0,0,0.00064842650802862,0,0,0,0.00036573937207067,0.00243420426983235,0.000972928942527537,0,0,0,0.000157296657219841,0,0.00102822738603167,0,0,4.77340697206926e-05,7.08010015556815e-05,0,0,0.000470320281273445,0,0,0,0,0,0.00233508238146073,0.000220900458137718,0.000508153712858598,0.00131126594537031,0,0.000424594784703405,0,0.000268218451195959,0.000198907392415539,0,0,0.000606400581249132,0,1.96178259420448e-05
0,0.000223508765021651,0.0127924189568382,0,0,0,0.000955031834901393,0.000240143117746131,0,0.000159177405712321,0.822343818598579,0,0.00441628074294348,0.00012248152249619,0,0.000190290666676352,0.0141912453060911,0,2.32996499577564,0,0.000638596067317192,0.000622160742855607,0.00224487892799792,0.000126417197417628,0.000429514084076571,1.51254361512896,0.0227171013515497,0.0005546066232879,0.00011353734168062,0.000235868410461233,0.0104166901819579,0.00129356274773445,0,0.0147602145818802,0,0.00043240359773899,0.0129722915564624,0.0532971757533816,0.00707634952041425,0,0,0.000591481525257717,0,0,0,0,0,0,0,0,0,0,0,0,0,0,0,0,0,0,0,0.00103469661639332,0,0,0,0,0,0,0,0,0,0,0,0.00141887042264884,0.000327857747977601,0.000110086382901405,0,4.56099551475139e-05,0,0,0,0,0,0
0.0247399769898684,0.0138281140887621,0.170182498895026,0.000246006211856733,0.000154801115656973,0.000666554611164537,0.0177011329344161,0.00900868609023466,0.00160153009851112,0.00271615032041823,3.23802534658622,0.000495084934992025,0.0321321011334934,0.0127882875271349,0,0.00807465027822698,1.19578730158082,2.32996499577564,0,0.000277172445868504,0.0208050331463802,0.00390903366210636,0.0540031172435313,0.00346860412795445,0.0102589038603028,3.30521144289215,0.405253603706373,0.014321425791221,0.0133754378110178,0.0151453678527187,0.0405218850597476,0.00758255294584842,0.00521230747821361,1.25131585397976,2.1947949513106e-05,0.00513217620187861,0.0547212980425327,0.491698421828362,0.028880610140412,0,0.00193847353401846,0.00324865087476016,0,0.000785516580208062,0,0,0,0,0,0,0.00636682227333428,0,0,0,0,0,0,0.000437664916812491,0,0,0,9.17695531387902e-05,4.60029672380829e-05,0,0.000661861336830284,0,0,0,0,0.00041235390383027,0.000279547765698618,0,0.000753205776501375,0.00375189708213049,0,0.000906670605636539,0.000148736110783714,0.000139346171491809,0.000362682865867553,0,0,0,0.000127577300965465,0
0.00315969249223558,0,0.000188883838211014,13.8724755244806,0,0.8353391308151,0.0221805916233261,0.537410166284015,0.440226976297777,3.84759564848231,0.00531533907635799,15.3873758473933,0.00109878979489451,0.0126801320346539,0.0201438699468678,0.000151610830445978,0.000194553748045015,0,0.000277172445868504,0,0.000300650475366859,0,0.000351286772310209,1.28257660081085,0,0.000844785774845321,0.000260729565958804,0.31362339146906,0.0225171817920733,0.000395627400303127,0.000450966283954468,0.0626511398202461,0.0038360591047892,0.0812078459614943,0,0.0112739857660847,0.00037178816158865,0.0253965730320603,0.00781368154694183,0.0282502814290455,0.0226691427701573,0.0019931784879918,0.00246234773271504,0.000172384867943222,0.000489844323780175,0.000237309591501794,0.00222198734692367,0.00134149019207115,0,0,0,0,0.0170031636582021,0,0.00071478587444861,0.000929421201497709,0.00040213309349396,0.0141568213652058,0.00200610310941417,0,0.00151701048795999,0,0.000187625024886196,0,0,0,0,0,0.00557636168401143,0.000156799686568537,0,0,0.00582752899230146,0,0,0,0.0037081799313813,0.000650273901560528,0,0,0,0.0014909918519454,0.000214137497712291,0
0.0269310432000627,0.00335267506651873,0.187876092337645,0.00094515830817878,0,0.00254954828909016,0.192339614056064,0.0323612406515695,0.00498020017452185,0.00916610454339144,0.00294978844802598,6.29886072022485e-05,0.00352249553685544,0.0286426204365111,0,1.09954820657948,0.0922036899047706,0.000638596067317192,0.0208050331463802,0.000300650475366859,0,0.0249764274848137,6.10835589344627,0.27129879491267,0.00275337235962766,0.0318034819099768,0.0443534586009635,2.09419608366027,0.228221654259968,2.97305863557852,0.000238724277052184,0.00353782450741938,0.41191970030727,0.502947603685488,0.00723026794872897,0.208788912325668,0.0238076465936747,0.341020724889274,0.192583716258785,0.0257729127512915,0.0472466488890715,0.00318964826631808,0.00897688789322614,0.00133445248001175,0.00377341244284713,0.00301312126778887,0.000634505688876711,0.000319389059514887,0,0.000650371010841866,0.00139251140699121,0.000312292418514938,0.000131841787061377,0,0,0.000460433667208663,0,0.0122703647337156,0.000135326180166098,0,0,0.000119314095754755,4.47990201007178e-05,0.000144219185674293,0.0111457557698596,0.000127387836256941,0,0,4.4095231094359e-05,0.00214437679768898,0.00779948268020293,0.00179746812179777,0.0150070493268107,0.000754039840178784,0.000184118155354462,0.000881735027431126,0.00224427423640378,0.00139504567118426,0.0039581687027175,0,0,0.000137166344839658,0.00138066135692576,0.00396260460707226
0.00340128917564233,2.12709098502803,0.0147045184480863,0.000782044673009108,0,0.000661368670350716,0.00792527995891436,0.00115568216118872,1.84517799615536,0.00115384655444308,0.00435841269483027,0,0.180681893383041,0.000987232244022808,0,4.80664564641132,0.00795083922688206,0.000622160742855607,0.00390903366210636,0,0.0249764274848137,0,0.0830413801864224,1.92785337953809,0.553956517183026,0.00441343374806144,1.17594039459357,0.0593472730823544,0.0114008448731851,0.0299102697176098,0.00415664158861077,0.0011800186958649,0.0056970849353372,0.0621224740443207,0.00364263531275321,0.233382238802942,0.126135755805467,0.148479321857285,0.140003927168015,0.00756968287642284,0.0154487383158251,0.0902881184999273,0.0347864843434067,0.00446669268652734,0.0242940706559411,0.0175506105076904,0.000976948858652432,0.000719467575205732,0.00782120750867248,0.000752454748879377,0.652241198759366,0.0312250250746124,0,0,0,0.00307194921844062,0,0.112982429176023,0.000113743922775536,0.00105532143234327,0,0.00871653348423812,0.000310488890878431,0,0.438115535354555,0.00424697437788368,0,0.00180068872399461,0,0.00883225693421856,1.10988861094697,0.0360081518709188,0.0559323852087833,0.281762817783413,0.00213995883171117,0.137442734775733,0.00926239503319909,0.00320203803595386,0.0070640785792904,0.000829993481560232,0,0.00251762911070152,0.00246686424140787,0.00232825617552664
0.0465555550547325,0.00688167494734543,3.29602081827009,0.00158065264759693,0.000196371888322797,0.00374190077101675,0.284697170681271,0.0435030340918846,0.00816126650061932,0.0109625211519428,0.00561915608533566,0.000327396822220517,0.00542116146541344,0.0534646274203901,0.000176842191319929,2.42614626271625,1.36315840959933,0.00224487892799792,0.0540031172435313,0.000351286772310209,6.10835589344627,0.0830413801864224,0,0.123461403326059,0.00290183400173978,0.201417751913122,1.20521925339159,0.612057348661259,0.0502269653177264,0.394698153658815,0.000141157160479225,0.00734745347563112,0.0111298340326787,0.590059678661371,0.0205160403815323,0.33121319228646,0.321563205928435,0.624055761043564,0.549039916125434,0.0691173994737991,0.0783990239394467,0.00482019851778431,0.00826806228867791,0.00101385896646604,0.00417365872611684,0.00754045893792299,0.00208124056040149,0.000337421055460471,0,0.000319563179379213,0.0051056470159473,0.00208562711904384,6.55606351954892e-05,0,0,0.000893920481313715,0,0.00628038292251392,7.76497295692513e-05,8.35759557182825e-05,0,2.46760079779902e-05,0.000281025901828559,8.99880621373604e-05,0.0143445971635431,0,0,5.01054215420581e-05,0,0.00114150451592454,0.0201427550376015,0.00408125338134936,0.0086901047587984,0.00169257552882787,9.79555652109521e-05,0.0122788363579999,0.00301202514130184,0.00185638323272172,0.00284022910275269,0,0,0.00106782273394215,0.00107761060998612,0.0105723346003833
0.0294027663976795,0.0944376982188383,0.0140885418805716,5.44671764324616,0,0.107245627503229,0.35365554674806,0.133800103460819,5.89377637474444,0.283899418920496,0.00858832349855535,2.13706613517396,0.0319558405390025,0.0305835441601617,0.0320472904228812,1.21707251166586,0.00733900443543,0.000126417197417628,0.00346860412795445,1.28257660081085,0.27129879491267,1.92785337953809,0.123461403326059,0,0.059921936968249,0.00446055414757383,0.0961035014899935,2.8169247118231,0.128895800234121,0.129453686412944,0.000622361419021396,0.0288439931063678,0.0573311778266363,0.148789043266604,0.00429013551899139,0.314205385854187,0.0596568204471589,0.175568346490591,0.0725871262525789,0.0617441931316438,0.04466534340239,0.0089796440712381,0.135083161363397,0.010331716014057,0.101424448390601,0.0460709594487797,0.0141414705282198,0.00367296685016293,0.00038568485615199,0.00489249261850061,0.0222267890084576,0.0048496787922306,0.0144650774473425,0,0.00245326473470053,0.0350720621917101,0.00822063084250447,0.252781709866512,0.0164399564868703,0.000508351098151847,0.00814417181847912,0.00113460198185392,0.0111567528848847,0.000242308727715173,0.0978691418146463,0.00035834170356135,0.000245532200383726,0.000541826532023166,0.00749233318717913,0.0166596338060863,0.0900481057783264,0.0107709705511192,0.262393019595822,0.0099571679386474,0.000614516509519194,0.00943812947286699,0.0843450338022644,0.0580814880231885,0.0549192198900809,0,0.00130780226738238,0.0233246118538261,0.0384539586153896,0.00324350323671359
0.00044254985989643,3.68523609918915,0.00109099406416197,0.000279757043620491,0,0,0.000796505856380129,4.93102583501398e-05,0.0805300850208963,0,0.157481345099566,0,4.58951419594272,4.84826342727674e-05,0,0.0750579368510257,0,0.000429514084076571,0.0102589038603028,0,0.00275337235962766,0.553956517183026,0.00290183400173978,0.059921936968249,0,0.0360541461319312,1.6915804678232,0.00309600645203233,0.000640404688159776,0.0021694284054105,0.0380865496486396,0,0.000160010450640382,0.0108164143392722,0.000136591024428311,0.0245828126563159,0.901252124107118,0.123151952722745,0.0182952946885191,0.00113560690143158,0.00383952957866346,1.83864059927572,0.000728773874440805,0.0259244361030005,0.0066863874323917,0.00117522846117264,0,0,0.00177246068341268,0,0.368077035429455,0.000707522071516542,0,0,0,0,8.54735113824771e-05,0.00751694448938877,0,0.00730919102797038,0,0.0583127925528674,0.000146272990406194,0,0.00544445448738595,0.000112810943701594,0.00188287498148418,0.00473178431347725,0,0,0.0736558334883692,0.000544423542788725,0.00209615402671659,0.490923028141187,0.00737019047032932,0.0831675129876268,0.000144429903299334,0.000115653041741874,9.73011215240236e-05,0.0119086619060628,0,0.000147638640741021,0.000210659224367677,1.13279929209893e-05
0.00883620351919788,0.0175763184462306,1.69776613758425,0.000295453996413475,0,0.000931304295032336,0.0247320483440466,0.00841208074662749,0.00141954391919751,0.00212882074185088,0.511561179533204,0.000249507607297182,0.22092286619214,0.0102650253101641,0,0.00843214455974966,1.98715590319663,1.51254361512896,3.30521144289215,0.000844785774845321,0.0318034819099768,0.00441343374806144,0.201417751913122,0.00446055414757383,0.0360541461319312,0,1.92947436111817,0.019185442544696,0.00723096071527404,0.018054335657225,0.400965416476761,0.0038381109618983,0.00143308743094918,0.190691999310173,0.000125509382481528,0.00915150197374509,0.0763142963351718,0.29529978332535,0.0238177085533367,0.000144408558859316,0.000753147441965908,0.00227003409525121,6.98207882418161e-05,0.00082291467783559,0.000195706805476014,0.000135833777530974,0,0,0.000126531670924955,0,0.00490709740809005,0,8.52764243817854e-05,0,0,2.23532833817843e-05,0,0.000393092883641689,6.83008573955177e-05,9.54566653191464e-05,0,0.00306167629010768,0,0,0.000175603536061456,0,3.51463193583616e-05,0.000313089037855028,0,0,0.00115062619608358,3.41943684784396e-05,0.000558309336723616,0.00908380473453528,0.00151284322581629,0.0126267071425564,0,0.000153778254236214,0,0.000213346814040283,0,6.66952556047746e-05,0,0.000104348280644284
0.00568099562600363,2.3338971966724,2.50828672771532,0.000283846284373267,0.000100943241877606,0.000988440837997427,0.0263529487846282,0.00857851530317496,0.015135142601787,0.00228279542062675,0.130384176091692,0.00018272155071361,0.743118679888421,0.00744375478539245,0.000165964742832703,1.17023538555677,0.340813039905239,0.0227171013515497,0.405253603706373,0.000260729565958804,0.0443534586009635,1.17594039459357,1.20521925339159,0.0961035014899935,1.6915804678232,1.92947436111817,0,0.0797851463678262,0.0078282479160689,0.0165048336956614,0.31631427916475,0.00302688280449983,0.00164873983187866,0.480104402654718,0.012443855078706,0.192994080888316,0.100191479153737,0.572294092817596,0.271756305258868,0.00740527610229141,0.00628967282182097,0.00854501035493769,0.00632801174354672,0.00199148622765318,0.00553499144282287,0.00378786545155576,0.000456224475642739,6.99753094997807e-05,0.00150261115682512,0,0.119879438058218,0.0110861140525385,0,0,0,0.000687681017625691,3.32898160071062e-05,0.0061297916750245,0.000244630223915469,0.000758031658599126,8.93198974615868e-05,0.00951366259457062,0.000127345708636758,0.000167888828824707,0.0190479547829469,0.0014231697122478,0.00047515765341344,0.00216557783005532,0,0.00136240294441631,0.0875573231576232,0.0117140929790413,0.0051863913621877,0.0586026975563791,0.00715238485257623,0.138062557328363,0.00189877121447796,0.000740346862125087,0.000574795895321235,0.00134903682138151,0,0.000195924985211506,0.00121758857573338,0.00704814753250157
0.031059473385987,0.00467167071800997,0.0750738031941595,1.74311110505676,0,0.0984567108120416,3.69934671152565,0.133118575685089,0.323491323987969,1.42811221030732,0.00744244084849644,0.0369898505309505,0.00507908823272818,0.0532624448217573,4.94606696230804e-05,0.350051792302296,0.0430556859518008,0.0005546066232879,0.014321425791221,0.31362339146906,2.09419608366027,0.0593472730823544,0.612057348661259,2.8169247118231,0.00309600645203233,0.019185442544696,0.0797851463678262,0,0.123502949930896,1.1522910214817,0.00023648844948548,0.0275871554090584,0.0557448521077392,0.281034353635528,0.00679517147226147,0.312038735890806,0.0440932547679931,0.275748885747404,0.116131525809441,0.0190166766905179,0.0487625823041792,0.00314248373295344,0.0492118055314208,0.00285010211824609,0.0494673765212178,0.0264819296943301,0.00520706798965646,0.0016801768037336,0.000200070285937479,0.00228090059793399,0.00118844083155244,0.00173625101468156,0.00552098075486744,0,0.00124177403109329,0.0272049717115995,0.00409407243072838,0.0742967256338377,0.00735129819602992,0.000642306376146649,0.00109265127267641,0.00035279353920865,0.00713077209972194,0.000330661786166128,0.0117824443976509,0.000275797188936763,0,0.000109669773331298,0.00157176852416859,0.00436607082326722,0.0121088219394209,0.00341828015437543,0.106276814693808,0.000830456278212298,0.000313261815914196,0.00131985727290218,0.0458498672405026,0.0334153218138665,0.0187151054333679,0,0.000620228240105314,0.0123962273816574,0.022727382517272,0.0028848250982563
0.575907171414054,0.00203674714784268,0.0107574181610229,0.0213578758042873,0.00252447927146585,0.0935877628344814,0.169385039866729,0.247382539147209,0.116758009485839,0.0686379120691179,0.066952749179258,0.0115611952076492,0.0026492285415908,3.65743342751278,0,0.00189672019088968,0.0235986341731576,0.00011353734168062,0.0133754378110178,0.0225171817920733,0.228221654259968,0.0114008448731851,0.0502269653177264,0.128895800234121,0.000640404688159776,0.00723096071527404,0.0078282479160689,0.123502949930896,0,2.52670411366932,0.000360712035729553,2.50192511254138,5.31226209713182,1.24874415586649,0.000430190749196571,0.0360016425927319,0.0026673389790232,0.157216530517594,0.0221583701489651,0.00228586544840621,0.0881429192339861,0.000292761661692654,0.018897045698903,0.00124951140247266,0.0209492433753623,0.00808703399437502,0.00200910974039488,0.00111290144700848,0,0.00110324713897821,0.000320841097680451,0.00048262008682366,0.00238772018245978,0,0,0.0127230586819993,0.00159314226993832,0.0360462763260798,0.00193483989617477,0.000244516218757912,0.00071015864216416,0,0.00266373939657115,0,0.00470187431887173,0.000338169375477229,0,0.000115443238117524,0.000394892122607821,0.00239024485081404,0.0017072531700901,0.00123270572590658,0.0561579225136808,0.000172794812997848,0,0.000505695588588893,0.0200310081648392,0.0185900431661565,0.00991925940681915,0,0.00021870695405274,0.00845603531632762,0.00677009159622169,0.000442766811029243
0.356490854140941,0.00320088047870785,0.0550238605618857,0.00314480241501641,5.40638181652986e-05,0.00745981519076472,2.12909443567482,0.0860516457682877,0.0374869020814962,0.0131198220870768,0.0062991488174386,0,0.00154935894334659,0.138673518121457,0,0.0323741453140764,0.0994372141972735,0.000235868410461233,0.0151453678527187,0.000395627400303127,2.97305863557852,0.0299102697176098,0.394698153658815,0.129453686412944,0.0021694284054105,0.018054335657225,0.0165048336956614,1.1522910214817,2.52670411366932,0,0,0.0303892820568624,0.749805658772903,0.597751220408586,0.000688531637971069,0.0523379830250002,0.00492658216321269,0.20306470815705,0.0513515529837295,0.00453290294028613,0.0259436977569242,0.000484999433596461,0.0256875022080731,0.0022501541311977,0.0217800325740301,0.00966599618798876,0.00117491948477299,0.000249912105083683,0.000166865198844172,0.00172780330957961,0.00168834239311689,0.000604089733773853,7.19470472115846e-05,0,0.000131243829405396,0.00469164090277589,0.00100043031279969,0.0225089064641838,0.000546979817681037,0.000181369633455468,0.000292310376754546,3.19241814149224e-05,0.00202190030310733,0,0.00878325872302921,0,0,0,0,0.00505160677040697,0.0102031853322265,0.00202938584908793,0.0580720022972615,0.000957899849068656,7.71952891549018e-05,0.000346855848157363,0.0129854169767104,0.0133120728271255,0.0193355636435414,0,0.000185689323656979,0.00684001325323844,0.00649861117342921,0.000308448343771396
0.00033230300920311,0.00773904884025164,0.00188231784359816,0.00019095633378434,0,0.000302986976778807,0.000148844892963899,7.89211547673752e-05,0.000505103486377743,8.44067938409361e-05,0.077050826368529,0,1.18458115968972,0.000239669650373402,0,0.000745996146024393,0.000735972088015199,0.0104166901819579,0.0405218850597476,0.000450966283954468,0.000238724277052184,0.00415664158861077,0.000141157160479225,0.000622361419021396,0.0380865496486396,0.400965416476761,0.31631427916475,0.00023648844948548,0.000360712035729553,0,0,0.00125435622312683,0.000311997673292833,0.0152379863503528,0,0.00175656213191545,0.0453272254757563,0.0841081646484188,0.0137475349045312,0,0,0.0103379515006783,7.60516525396757e-05,0.00165010968231497,0,0,0,0,0.000546695970100111,0,0.0043036633107979,0,0,0,0,0,0,0.000142758818224097,0,0.000125286797840093,0,0.0065724290560448,0,0,0.000120111096360767,0,0.000283420653669809,0,0,0,0.000930754340711201,0,3.9094451513089e-05,0.0071755744361763,0.00060229736812687,0.00438390619389853,8.09245039802555e-05,0,0,0,0,0,0,0
