0,0,0.0179403963636648,0.000763440491391406,0,0.0066056934087598,2.19870608504328,0.276548015148913,0,0.0766587586892725,0.000271851985156236,0.00166654445145255,0.000254732514703938,1.72871471968573,0,0,0.00318903633580864,0,0.00100401319305343,0.0485016165218039,0.00408911113686939,0,0.0155171520553878,0.00106641934104883,0.000161606405589673,0.00236331946228529,0.000570632668569247,0.0204335674364627,2.83428816763958,0.711363691025694,0,0,0.0567369823263572,0.0158460979193457,8.52254125171831e-05,0.00401376084580278,0.000616256339196208,0.0188412659746131,0.00700146263041441,0.00214320802201861,0.000776981389469837,0,0,0,0,0,0,0,0,0,0,0,0,0,0,0,0,0,0,0,0,0,0,0,0,0,0,0,0,0,0,4.36822278244973e-05,0,0,0,0,0,0,0,0,0,0,0,2.54223307090606e-05
0,0,0,0,0,0,0,0,0.27177103003891,0,0.00293149261003975,0,0.0139716938409143,0,0,0.0369031659705552,0,0.000810071608825506,0.00193472154665919,0,2.45975025502554e-05,0.306411487862761,5.35161858297949e-05,0.0323415304213442,1.25880404185068,0.020964707226229,0.51699777465808,0.000610019315390473,2.90124491368888e-05,0,0.00162837885251077,0,0,0.00130501557593728,0,0.000393081814672667,0.00851303091865038,0.00710812602266676,0.00112277917307501,0,0,0,0,0.000128360849742028,8.7791194440814e-05,0,0,0,0,0,0.0486542546773076,0,0,0,0,0,0,0.0367869414871976,0,0,0,0.00151636596762385,0,0,0.000135816949274739,0,0,0.000124917941459576,0,0,0.0776823492976542,0,0.00893992664897397,0.175979865726667,0.000291255925266826,0.00443592313905687,0.000218147200145583,0,0,0,0,0,0,0
0.0179403963636648,0,0,0.000119478607751539,0,0.000209579372399226,0.0695456653996053,0.00124387403719949,0.00534003270732602,0.00279669921096155,0.00240842273342343,0,0.00170242143887276,0.000721459078498477,0.000212025945704878,0.0208600638334735,0.967589975800038,6.41565211611621e-05,0.00489690367151658,0.00014049256354284,0.167427572884672,0.00139772483707142,2.68886799400583,0.0291039241056576,0.00095603101382201,1.73175681984019,2.24536743847918,0.163334342660062,0.00187644033683156,0.0964010073897325,5.66832899172483e-05,0,0.000770532448358181,0.0828748135798226,0.00530644995290108,0.0929977337492044,0.151866270532706,0.36722598197422,0.0902498736018857,7.83831899002028e-05,0,0,0.0023859359999638,0.000816694126224204,5.83644939131591e-05,5.01865397284189e-05,0,0,0,0,0,0,0,0,0,0,0,0.00114871946090926,0,0,0.000853247558297069,0,0,4.95838587670646e-05,0,0,0,0,0,0,0,3.76819420756687e-05,0.000937997543211361,6.80851694084827e-05,0,0,0.000785843888434989,0,0,0,0,0,4.78464896161109e-05,0.00299025304333724
0.000763440491391406,0,0.000119478607751539,0,0,0.000147199420718684,0.0289843450159816,0.000226060650179216,0.247637309771978,2.73014177037479,0,0.368961906357629,0,0.000139291446111379,0,0,5.80132663020546e-05,0,0,6.62853153475222,4.31030335249459e-05,0,3.86166807973213e-05,3.10331959854418,0,0,2.70010073475456e-05,1.84937670401392,0.000347501554449348,0.000298594998270796,0,0,0.000297212819261837,0,0,0,0,0,0,0,0,0,0,0,0,0,0,0,0,0,0,0,0.00281119092056428,0,0,0,0,0,0,0,0,0,0,0,0,0,0,0,0,0,0,0,0.000138941167890662,0,0,0,0,0,0,0,0,0,0,0
0,0,0,0,0,0.428496021851836,0,0.185828623945158,0,0,0,0,0,0.00220485847210232,0.697537533462073,0,0,0,0,0,0,0,0,0,0,0,0,0,0.0137840164102208,0,0,0.114322270998294,0,0,0,0.000121204250187856,0,0.000675844007421253,0,0.738190881324356,0.865311822766801,0,0,0,0,0,0,0,0,0,0,0,0,0,0,0,0,0,0,0,0,0,0,0,0,0,0,0,0,0,0,0,0,0,0,0,0,0,0,0,0,0,0,0
0.0066056934087598,0,0.000209579372399226,0.000147199420718684,0.428496021851836,0,0.00854587752818679,1.10517040811461,0.000169002005979418,0.359671240442649,0,2.37276624926869,0,0.0873248561369714,0.949890407772499,0,0,0,0,0.0286732755852713,0.000145247239670801,0,0.000821022166932135,0.00097250451744027,0,7.41511349660047e-05,0.000117057399904235,0.00149508599777527,0.2071347887118,0.000435565175743012,0,0.015661454334938,3.85974326419796e-05,0.00428725642549996,1.4990312170649,0.00275222887511272,0.00344238647794967,0.00213118947130217,0.000131952198202423,0.459942000647596,0.0832687800098724,0,0.00143528516016416,0.00329695339279003,0.000432345390266074,0.000191325741503715,0,0,0,0,0,8.89778998314269e-05,0,0,0.00123569802421325,0,0,0,0.000150899373418892,0,0.0133906337659638,0,0,0.00122410188600071,0,0,0,0,0,0,0,0.000251849702902469,0,0,0,0.000174181252431102,0.000130805362963077,0,4.017008340102e-05,0,0,0,0,0.0438017827488987
2.19870608504328,0,0.0695456653996053,0.0289843450159816,0,0.00854587752818679,0,0.0674584826347405,0.014182344612569,3.52532283516196,0.000218247379834842,0.0020232529716966,0,0.347464745279027,0,0.00204175460949337,0.00438974114487986,0,0.000872290722072585,0.113898722588364,0.099149453556436,0.00014217646267161,0.0627594207905453,0.238887091927391,0,0.00677247919776651,0.00358430023239587,3.80026385925106,0.169482002119072,1.58025854843918,0,0,0.0125154754571162,0.0140819378591875,0.000459539665436179,0.0203776330769169,0.00434865381449729,0.0344386943006512,0.00744919643475108,0.00411741477318851,0.00011354351448618,0,0.000255976722113402,0,0,0,0,0,0,0,0,0,0,0,0,0.000217844558556223,0,0.000552468607956214,0,0,0.000381374706572805,0,0,0,0,0,0,0,0,0,3.54808378944752e-05,5.07595225826139e-05,0.000781029072289435,0,0,3.71195768224739e-05,0.000430801173728338,0,0,0,0,0,0,0.000271922189881039
0.276548015148913,0,0.00124387403719949,0.000226060650179216,0.185828623945158,1.10517040811461,0.0674584826347405,0,6.27598095153956e-05,0.988812757565491,0,0.00733926009124357,0,1.99526101394693,0,0,0,0,0,0.0480067138281382,0.000424572504711028,0,0.000902454360698905,0.00154409140037379,0,8.33264534113795e-05,0,0.00381401445805766,0.689983186415144,0.00736446916070584,0,0.00385207584617645,0.00175960469505954,0.000738233389106913,0,0.00463820711431945,0.000172907628121074,0.000741990092575503,4.20586336106052e-05,0.0340789798899823,0.145554922577972,0,0,0,0,0,0,0,0,0,0,0,0,0,0,0,0,0,0,0,0,0,0,0,0,0,0,0,0,0,0,0,0,0,0,0,0,0,0,0,0,0,0,0
0,0.27177103003891,0.00534003270732602,0.247637309771978,0,0.000169002005979418,0.014182344612569,6.27598095153956e-05,0,0.0157269976804137,0.000162396131703779,0.689242867480578,0.00140942118616533,0,0.989900469639161,0.0520058580122607,5.27679053174464e-05,0,8.1988553164168e-05,0.433418613135694,0.00205675036837771,1.4212955718906,0.00824044181839029,6.67577926117386,0.0672176972059686,0.000972648398791055,0.0592650031923474,0.350245503233633,0.000177825271886339,0.00285585627810426,0,0,0,0.00151524835244001,0.00679512092131058,0.19320374295922,0.0961237493744554,0.0142125754486165,0.0182275689936209,0.990880790701877,0.000243803678252212,0,0.00347091325419964,0.00230151240740589,0.000228168765585256,0.000222305829260206,0,0,0,0.00507968050800998,0.0671881931445994,0.0012434574654294,0.000587680813858484,0,0.000776443255842204,0.0260914072755117,4.69361816889016e-05,0.640301095176407,0.00390739889477015,0,0.00641824405652083,8.89625777801572e-05,0.000134065720302249,0,0.000311544049277672,5.62433338126408e-05,0,0,0,0.000529751733569193,0.426796826785965,0.000162046600363617,0.284130885529947,0.00790596588300524,0.000220562667709319,0.00228020377117579,0.0610569223932924,0.0013666946366149,0.000704836022494051,0,0,0,0.000321725480471092,0.00341007477418352
0.0766587586892725,0,0.00279669921096155,2.73014177037479,0,0.359671240442649,3.52532283516196,0.988812757565491,0.0157269976804137,0,0,0.185465682777339,4.85704583448893e-05,0.200872255438642,0,0,0.000325626262358177,0,0,2.37710596324614,0.00166532735867714,9.95512625758376e-05,0.00403538974705659,0.0936194898519223,0,0.000294850560986166,0.000142886091013788,1.17267165851035,0.0339714982804499,0.0123765399593904,0,0,0.00135075513278662,0.000577172814439912,0.0551334890665084,0.00519495340676833,0.000349806016461378,0.00139447776380347,0.000519004281013986,0.00595737954919518,0,0,0,0,0,0,0,0,0,0,0,0,0,0,0,0,0,0.000121920347990688,0,0,1.60078539079168e-05,0,0,0,0,0,0,0,0,0,0,0,0.000280817154940311,0,0,0,2.83180719438531e-05,0,0,0,0,0,0,3.70900946485519e-05
0.000271851985156236,0.00293149261003975,0.00240842273342343,0,0,0,0.000218247379834842,0,0.000162396131703779,0,0,0,2.45755593833067,0.000108422508196564,0,0.000108173507465774,0.020096719105094,0.0509671106020785,2.27536790973239,0,0.000288140529772354,5.96669316384841e-05,0.00151070198818891,4.65803894822375e-05,0.260988339864463,0.481810839768688,0.0603535096670895,0.000171435866172876,0.000298545552736949,0.000206435977816233,0.255922496563916,0.0671053246569787,0.0001980912244462,1.61222757726796,0.000135906274570241,0.00721705209263491,0.612097839159495,0.933709942264125,0.053899948289168,0,0.110859961334624,0,0.000108916002783531,0.000283506960552546,0,0,0,0,0,0,8.07857754385739e-05,0,0,0,0,0,0,0,0,0,0,0.000304807818000914,0,0,0,0,0,0,0,0,0.000114736542421209,0,0,0.00821112536418348,0.000111158987577301,0.00163994794843244,0,0,0,0,0,0,0,4.32993034022482e-05
0.00166654445145255,0,0,0.368961906357629,0,2.37276624926869,0.0020232529716966,0.00733926009124357,0.689242867480578,0.185465682777339,0,0,0,0.00100502215693029,1.58914481705598,0,0,0,0,7.23999300169967,0.000152979048660953,0,0.0013075873268304,0.508168510938309,0,2.76030536372224e-05,4.58833881250092e-05,0.0036921024602144,0.00298286302699563,0,0,0,0.000321927718548776,5.18641187951551e-05,1.23378602489817,0.00553061715269354,0.00603538196252158,0.00235595099279901,0.00214692502425131,0.133700212277583,0,0,0.00366914066442683,0.00463740620046666,0.000567255479043224,0.000575723080879573,0,0,0,0,0,0,0,0,0.00105610251954347,0,0,0,7.24564779781998e-05,0,0.050859732426985,1.86675812718228e-05,0,0.000464705376360476,0,0.000218572263153284,0,0,0.00164143470885977,0.000238864373587666,0,0.00019987840810642,0,0,6.5503386166739e-05,0.000159421189631793,8.71952158541969e-05,0,0,0,0,0,0,0.0622527376881327
0.000254732514703938,0.0139716938409143,0.00170242143887276,0,0,0,0,0,0.00140942118616533,4.85704583448893e-05,2.45755593833067,0,0,0,0,0.000205025337564204,0.00039455208220755,0.000920745310613407,0.00208149727472632,0,4.39437078699036e-05,0.000389823957823043,0.00135134848716309,0.00028473378027814,7.61815326974932,0.609277603917305,1.06856904961718,2.72462345277246e-05,0,0,2.71728550471546,0,0,0.0134596486648428,6.31890599302831e-05,0.0688857958440871,0.700493380985694,0.106830379355597,0.0589650828587601,0,0,0.27906155073167,0.000760772053508493,0.00051117218582078,0,0,0,0,0,0,0.000160953949334846,0,0,0,0,0,0,0.0001789242595203,0,0,0,0.000989596512753319,0,0,0,0,0,0,0,0,0.000375448403481748,0,1.93574342737847e-05,0.0328322931475109,0.000297014626577149,0.00321194146158751,0,0,0,0,0,0,0,0.000177852526455474
1.72871471968573,0,0.000721459078498477,0.000139291446111379,0.00220485847210232,0.0873248561369714,0.347464745279027,1.99526101394693,0,0.200872255438642,0.000108422508196564,0.00100502215693029,0,0,0,0,0,0,0,0.0127738918382595,0.000127776375486839,0,0.00131139387760623,0.000120677577876031,0,0.000218092169467885,2.13757257512188e-05,0.00142562084670845,3.94816957346951,0.0380229152084665,0,0.00438396874345081,0.0255638819512558,0.00788591503399932,0,0.000853320122556425,0,0.00205292358023259,0.000141276717048029,0.0075796795596115,0.0206939072417001,0,0,0,0,0,0,0,0,0,0,0,0,0,0,0,0,0,0,0,0,0,0,0,0,0,0,0,0,0,0,0,0,0,0,0,0,0,0,0,0,0,0,0
0,0,0.000212025945704878,0,0.697537533462073,0.949890407772499,0,0,0.989900469639161,0,0,1.58914481705598,0,0,0,0.00024911976142065,0,0,0,0.00066551083010518,8.74209233327735e-05,0,0.000986959285428043,0.000792618377893427,0,3.59035626293185e-05,0.000176301406185399,0.000295331779401976,0,0.000103858638112643,0.00019544796165202,0,0,0,0.113465606540169,0.0135072142390187,0.0112186156244482,0.00348660260267698,0.000394021372154794,0.411805703744929,0,0,0.00254409591391993,0.00572165341596543,0.000279629532321096,0.000580605008294181,0,0,0,0,0,0.000159593994110901,0,0,0.000292466300770615,0,0,0,0,0,0.00725808254851307,0,0,0.00419453098531709,0,0,0,0,0,0,0,0.000256445521663178,0,0,0.000206797868344263,0.000335477261862439,0,0,0.00025095504945118,0,0,0,0,0.0186962650549939
0,0.0369031659705552,0.0208600638334735,0,0,0,0.00204175460949337,0,0.0520058580122607,0,0.000108173507465774,0,0.000205025337564204,0,0.00024911976142065,0,0.00123776548121597,0,0.000206499249894918,0,0.536587311657961,2.40679892787661,1.24879305802629,1.00305514180737,0.00459582086357575,0.00375225162784015,0.987855019883683,0.445269678851839,2.34548983733887e-05,0.00249682375400227,0,0,0,0.00407459960520536,0.00131219515799694,0.0728570781949174,0.0373526277008299,0.0464122814832999,0.0192777145862713,0,0.000470742707824079,0,0.000983527273690864,0.000323789429426763,0,0,0,0,0,0,0.00383731822843169,0,0,0,0,3.22006526964564e-05,0,0.0477577367747395,0,0,3.77052015314823e-05,3.12880608974761e-05,0,0,0,0,0,0,0,0,0.0351508969843122,0,0.0127284044700329,0.00223695710458592,0,0.000461031541981353,0.00123650257442369,0,3.8274476306063e-05,0,0,0,0,0.000943851438761647
0.00318903633580864,0,0.967589975800038,5.80132663020546e-05,0,0,0.00438974114487986,0,5.27679053174464e-05,0.000325626262358177,0.020096719105094,0,0.00039455208220755,0,0,0.00123776548121597,0,0.000170132965999326,0.67965163848214,9.88999168480935e-05,0.00368408673143444,3.08514304667878e-05,1.29543187600989,0.000881708990368321,0.00123482464646849,1.28745895411565,0.0472276783835058,0.00547701241178185,0.00182657583915969,0.00818345387907367,0,0,0.00116418373933714,2.23482298809227,8.36183394568976e-06,0.00127219859085008,0.0338455210083429,0.197158487214295,0.00349053636994111,0,0.00146720429635765,0,5.40941515329196e-05,0,0,0,0,0,0,0,0,0,0,0,0,0,0,0,0,0,0,0,0,0,0,0,0,0,0,0,0,0,0,0,0,5.12566193851e-05,0,0,0,0,0,0,0,5.8672440228809e-05
0,0.000810071608825506,6.41565211611621e-05,0,0,0,0,0,0,0,0.0509671106020785,0,0.000920745310613407,0,0,0,0.000170132965999326,0,1.74508110790371,0,0,0,0,0,0.0146728543426205,0.613785318399916,0.00560460302898932,4.43292988439307e-05,0,0,0,0,0,0.0136473654197136,1.23276956907665e-05,0.00039451625138334,0.00691791014630338,0.0123604869463344,0.00148205805742828,0,0,0,0,0,0.000308613592203077,0,0,0,0,0,0,0,0,0,0,0,0,0,0,0,0,0,0,0,0,0,0,0,0,0,0,0,0,0.00066381260866161,0,0.000332021595218164,0,0,0,0,0,0,0,1.59835755134622e-05
0.00100401319305343,0.00193472154665919,0.00489690367151658,0,0,0,0.000872290722072585,0,8.1988553164168e-05,0,2.27536790973239,0,0.00208149727472632,0,0,0.000206499249894918,0.67965163848214,1.74508110790371,0,0,0.000627252825438577,0.000181853956765378,0.00626123008187152,0.000215086434129123,0.0471538743410067,2.34430006546179,0.0243668697650775,0.00149198884250285,0.000844428173153312,0.00213974994794043,0.000676680322403388,0,0.000459106429808566,1.67994514738203,0.000275826669705792,0.00764898510759786,0.255735364139998,0.462329344261365,0.0325198037347436,0,0.000737130334761779,0,0.000445490962006787,0.0002341284322721,0,5.6335566796642e-05,0,0,0,0,0.000187344377174353,0,0,0,0,0,0,7.73215699548658e-05,0,0,0,0.000417016306531919,0,5.55179174571881e-05,0,0,0,0,0,0,0,0,0,0.0086155620250253,0.000138124805395963,0.00134997887618079,0,0,0,0,0,0,0,0.00034411517997613
0.0485016165218039,0,0.00014049256354284,6.62853153475222,0,0.0286732755852713,0.113898722588364,0.0480067138281382,0.433418613135694,2.37710596324614,0,7.23999300169967,0,0.0127738918382595,0.00066551083010518,0,9.88999168480935e-05,0,0,0,0.000111633540013645,0,0.000221495579792043,1.05323408077203,0,0,0,0.217698396326067,0.0232375240802255,0.00056090101175897,0,0,0.000462244874582782,0,0,0.00424190017188944,0,0.000206684653692722,0,0.00855172838192302,0,0,0,0,0,0,0,0,0,0,0,0,0,0,0,0,0,0.000236979788823028,0,0,0,0,0,0,0,0,0,0,0,0,0,0,0,0,0,0,0,0,0,0,0,0,0,0
0.00408911113686939,2.45975025502554e-05,0.167427572884672,4.31030335249459e-05,0,0.000145247239670801,0.099149453556436,0.000424572504711028,0.00205675036837771,0.00166532735867714,0.000288140529772354,0.000152979048660953,4.39437078699036e-05,0.000127776375486839,8.74209233327735e-05,0.536587311657961,0.00368408673143444,0,0.000627252825438577,0.000111633540013645,0,0.00219919068322276,3.19899919010428,0.129313350536484,5.38871932405014e-05,0.0069580122086328,0.0554271884375507,1.70641207976839,0.0199627077592357,2.59623249806235,0,0,0.0206835900683712,0.0859056897639391,0.00530895657095178,0.150278831428461,0.0321394483840028,0.129166683505335,0.0436242668559621,0,0.000443099447878528,0,0.00197198178169998,0.00055275894820049,2.69650735141955e-05,0,0,0,0,0,0,0,0,0,0,8.81902432511008e-05,0,0.000412337709035294,0,0,0.000278120961867129,0,0,0,0,0,0,0,0,0,0,9.47667325210716e-05,0.000564097138872015,0,0,3.76524739832027e-05,0.000190248024301738,0,0,0,0,0,0,0.00186588065932954
0,0.306411487862761,0.00139772483707142,0,0,0,0.00014217646267161,0,1.4212955718906,9.95512625758376e-05,5.96669316384841e-05,0,0.000389823957823043,0,0,2.40679892787661,3.08514304667878e-05,0,0.000181853956765378,0,0.00219919068322276,0,0.000519721196739481,1.44409955132107,0.0489815135032245,0.00110242502612113,0.677786343440788,0.0431752531063418,0,4.92337135219694e-05,8.88842086839061e-05,0,0,0.000156154643871176,0,0.00047010914532367,0.000705017365312545,0.000934297254216324,5.24254673484742e-05,0,0,0,0,0,0,0,0,0,0.000204926807666142,0,0.0706006014484663,0,0,0,0,0.000837173368658287,0,0.654981456976806,2.78344726668863e-05,0,0,0.000828736918715359,0,0,0.000797691699139446,0,0,0,0,0,0.454191201858586,0.000114689736781763,0.180324509633597,0.010987316981037,0,0.00473850325735558,0.00454752540269726,6.32571959092274e-05,3.43341929460125e-05,0,0,0,0,0
0.0155171520553878,5.35161858297949e-05,2.68886799400583,3.86166807973213e-05,0,0.000821022166932135,0.0627594207905453,0.000902454360698905,0.00824044181839029,0.00403538974705659,0.00151070198818891,0.0013075873268304,0.00135134848716309,0.00131139387760623,0.000986959285428043,1.24879305802629,1.29543187600989,0,0.00626123008187152,0.000221495579792043,3.19899919010428,0.000519721196739481,0,0.0415530876908174,0.00041807583924296,0.172869425418271,1.38942974837455,0.47466727498759,0.0152861809339317,0.126103953672664,0,0,0.00440303863720238,0.378128486217259,0.0467583993821736,0.630681250811671,0.346426548027273,0.624404407350706,0.166927524191926,0.000801927803874531,0.00171360291853073,0,0.01771845107174,0.00535508946394357,0.000308283003823803,0.00098084223711564,0,0,0,0,0,0,0,0,0.000142700869480148,0.000128676641536604,0,0.00182972083379104,0,0,0.0050525285768179,0.000148524991326351,0,0.000847774314286747,8.00024589641887e-05,0,0,0,0,0.00017387671295103,1.49297091531925e-05,0.000509177107438919,0.0015760503498586,3.95953253710165e-05,7.55795929015708e-05,9.90647899132193e-05,0.000369253436287175,0,0,0,0,0,0,0.0266978130340112
0.00106641934104883,0.0323415304213442,0.0291039241056576,3.10331959854418,0,0.00097250451744027,0.238887091927391,0.00154409140037379,6.67577926117386,0.0936194898519223,4.65803894822375e-05,0.508168510938309,0.00028473378027814,0.000120677577876031,0.000792618377893427,1.00305514180737,0.000881708990368321,0,0.000215086434129123,1.05323408077203,0.129313350536484,1.44409955132107,0.0415530876908174,0,0.0136309175230515,0.00415370509079394,0.100546222501118,2.21135353273011,0.00114759796432535,0.00936218360023873,3.0044358377442e-05,0,0.000437165923432542,0.00728837112694569,0.00859249485772566,0.0379494495429346,0.00877526627416543,0.0342254222715229,0.0101915868156317,0.000189070312374526,0.00012931584491054,0,0.000373135882529249,0.000177752205943299,6.25414274184315e-05,0,0,0,0,0.00278309845730069,0.00808843257861377,0.000315941689037209,0.00412595520179564,0,5.50324139795551e-05,0.0133476248264801,0.000336001839752813,0.297887410587795,0.0026119022697488,0,0.00158979657376651,7.13336431655799e-05,0.000403151199845392,0,0.00200109180247303,3.8872993538885e-05,0,0,0.000930348635772063,6.62026015593301e-05,0.0653686589575354,0.000110583466352975,0.659005660222853,0.000965247072933656,2.52631212388685e-05,0.000828205652986272,0.0728440912365816,0.000795678839356304,0.000695019568692508,0,2.72545979032516e-05,0.000218325225238691,0,0.00196693621245138
0.000161606405589673,1.25880404185068,0.00095603101382201,0,0,0,0,0,0.0672176972059686,0,0.260988339864463,0,7.61815326974932,0,0,0.00459582086357575,0.00123482464646849,0.0146728543426205,0.0471538743410067,0,5.38871932405014e-05,0.0489815135032245,0.00041807583924296,0.0136309175230515,0,0.389230107914299,1.00999705951296,0.000463758079700709,0,0.000227429121799776,0.167669851864775,0,0,0.0362690453745968,0.00030044190626469,0.0298126696831894,0.658289563276901,0.154549042044336,0.0309741800213988,0,0,0.235972485264636,0.00680404415433978,0.197595080224926,0.0192594069553114,0.0047296609690898,0,0,0.00261831135765679,0,0.0302207415465333,0.000598226233737328,0,0,0,0.000168352232477327,0,0.011270898127716,1.88181461204038e-05,0.00186971563788116,0.000276974708435912,0.647140643587368,0,0,0,0.000285845600160126,0.000429021660881282,0.00492886280929567,0,0,0.0314218727369129,9.03198877344707e-05,0.00294977483722987,0.84418270318532,0.0429667648747023,0.0903976908051995,5.59130894845605e-05,0.000419480640639043,3.70668086893634e-05,0.00617404949456284,0,0,0.00267920064476581,0.000382005523311324
0.00236331946228529,0.020964707226229,1.73175681984019,0,0,7.41511349660047e-05,0.00677247919776651,8.33264534113795e-05,0.000972648398791055,0.000294850560986166,0.481810839768688,2.76030536372224e-05,0.609277603917305,0.000218092169467885,3.59035626293185e-05,0.00375225162784015,1.28745895411565,0.613785318399916,2.34430006546179,0,0.0069580122086328,0.00110242502612113,0.172869425418271,0.00415370509079394,0.389230107914299,0,3.07525932108699,0.00979749370941176,0.000552183987552903,0.0104066842835506,0.531884366547938,0,0.000122764926259282,0.153953674974264,0.000922055421017786,0.0260223595022762,0.45568625234307,0.304527756933502,0.0528749632164581,4.33836034015875e-05,0.000155545241359953,7.40690912357459e-05,0.00144555077304082,0.00277437984576713,0.000914809784580693,0.000183792483989136,0,0,0,0,0.00209632347850118,0,0,0,0,0,0,2.00365552834904e-05,0,0,0.000369517570040233,0.00440015679347616,0,0,0,0,3.93601774075062e-05,0.000319036740536093,0,0,0.000574560213069054,0,7.91047623108767e-05,0.10656700952748,0.00331243376281721,0.0191888286244627,1.33150368228081e-05,0,0,0.000236599202865376,0,0,5.40325803526955e-05,0.000656170474717408
0.000570632668569247,0.51699777465808,2.24536743847918,2.70010073475456e-05,0,0.000117057399904235,0.00358430023239587,0,0.0592650031923474,0.000142886091013788,0.0603535096670895,4.58833881250092e-05,1.06856904961718,2.13757257512188e-05,0.000176301406185399,0.987855019883683,0.0472276783835058,0.00560460302898932,0.0243668697650775,0,0.0554271884375507,0.677786343440788,1.38942974837455,0.100546222501118,1.00999705951296,3.07525932108699,0,0.0768295926995098,0.000397085477000916,0.00277392812459473,0.343965860352282,0,0.000268884495033911,0.08954245292682,0.00525317201821825,0.0735366533020471,0.202460837964876,0.453461753602105,0.0844805565936778,0,0.000138584977843527,8.56813214643879e-05,0.00189013890490607,0.00156899917558135,0.000751261753767498,5.53493648329682e-05,0,0,0,0,0.035222431526764,0,0,0,6.74305535929543e-05,2.39507215364695e-05,0,0.0130182506155188,2.07259170586511e-05,7.41380151892098e-05,0.000534136371591664,0.0051601840740623,0,1.26267065571415e-05,5.21849494658895e-05,0,0,0.000378325333688302,0,0,0.0736384548552621,7.80378799884314e-05,0.00622206745781676,0.16873840303678,0.00219081482548382,0.0332981279561935,0.000358136606408162,0.000143459995450637,0,0.00013923069709508,0,0,0.000144089577897565,0.00410240612334363
0.0204335674364627,0.000610019315390473,0.163334342660062,1.84937670401392,0,0.00149508599777527,3.80026385925106,0.00381401445805766,0.350245503233633,1.17267165851035,0.000171435866172876,0.0036921024602144,2.72462345277246e-05,0.00142562084670845,0.000295331779401976,0.445269678851839,0.00547701241178185,4.43292988439307e-05,0.00149198884250285,0.217698396326067,1.70641207976839,0.0431752531063418,0.47466727498759,2.21135353273011,0.000463758079700709,0.00979749370941176,0.0768295926995098,0,0.00568188693119136,1.12675526767755,0,0,0.00589563306953729,0.0572128693367193,0.00709825465164923,0.184845612698399,0.037637059992099,0.173638513715814,0.0478813323578661,0.000626963905758341,0.000940590730866382,0,0.00257567009309761,0.00109566623908335,0.000165387290595153,0.000102059899921526,0,0,0,0.000383974362584363,0.000372386421401531,2.57085852972988e-05,7.52429599004461e-05,0,0,0.00277077397859572,0,0.0273260695913099,0.00026709580335988,0,0.000889167144245773,0,1.91689567438874e-05,0,0,3.30930340887558e-05,0,0,0,0,0.00196584166907347,0.000225529061479416,0.0339756178405281,4.10652406285959e-05,0,7.47203940976218e-05,0.0117684747788407,0.00014006078973811,0.000293123811074593,0,0,0,0,0.00378302363549419
2.83428816763958,2.90124491368888e-05,0.00187644033683156,0.000347501554449348,0.0137840164102208,0.2071347887118,0.169482002119072,0.689983186415144,0.000177825271886339,0.0339714982804499,0.000298545552736949,0.00298286302699563,0,3.94816957346951,0,2.34548983733887e-05,0.00182657583915969,0,0.000844428173153312,0.0232375240802255,0.0199627077592357,0,0.0152861809339317,0.00114759796432535,0,0.000552183987552903,0.000397085477000916,0.00568188693119136,0,1.3356582710174,0,0.563504386636004,2.87665873440118,0.284785599376352,0,0.0102550651002154,0.000927063960363448,0.0555052684476063,0.0032026387767115,0.32538371054926,0.957434988820996,0,0,0,0,0,0,0,0,0,0,0,0,0,0,0,0,0,0,0,0,0,0,0,0,0,0,0,0,0,0,0,0,0,0,0,0,0,0,0,0,0,0,2.79803246940155e-05
0.711363691025694,0,0.0964010073897325,0.000298594998270796,0,0.000435565175743012,1.58025854843918,0.00736446916070584,0.00285585627810426,0.0123765399593904,0.000206435977816233,0,0,0.0380229152084665,0.000103858638112643,0.00249682375400227,0.00818345387907367,0,0.00213974994794043,0.00056090101175897,2.59623249806235,4.92337135219694e-05,0.126103953672664,0.00936218360023873,0.000227429121799776,0.0104066842835506,0.00277392812459473,1.12675526767755,1.3356582710174,0,0,0,0.396267347281215,0.280397490048284,0.00161103380138797,0.0789793598438158,0.00813617990836132,0.104899534360793,0.0274882887901314,0.000570727172787756,0.000801252567203957,0,0.000545133216765667,0.000165293216066176,3.93031616073517e-05,0,0,0,0,0,0,0,0,0,0,0,0,0.000352827225334338,0,0,0,0,0,0,0,0,0,0,0,5.11466062299223e-05,2.99846890574095e-05,0,0.00014257901151479,3.61471171374968e-05,0,0,0.000124417660931824,0,0,0,0,0,0,0.000797630636651082
0,0.00162837885251077,5.66832899172483e-05,0,0,0,0,0,0,0,0.255922496563916,0,2.71728550471546,0,0.00019544796165202,0,0,0,0.000676680322403388,0,0,8.88842086839061e-05,0,3.0044358377442e-05,0.167669851864775,0.531884366547938,0.343965860352282,0,0,0,0,0,0,0.00105581759113557,0,0.00230390096791367,0.0525398610528937,0.00690256064738827,0.00327622216256645,0,0,0,0,0,0,0,0,0,0,0,0,0,0,0,0,0,0,0,0,0,0.000129987052393956,0,0,0,0,0,0,0,0,0,0,0,0,0.00517975189474215,0,5.5801997564284e-05,0,0,0,0,0,0,0,6.16725260987449e-06
0,0,0,0,0.114322270998294,0.015661454334938,0,0.00385207584617645,0,0,0.0671053246569787,0,0,0.00438396874345081,0,0,0,0,0,0,0,0,0,0,0,0,0,0,0.563504386636004,0,0,0,0.00199362783681598,0.0207144754601877,0,0,0,0.000949971408436721,0.000702461961084588,0.233731583661515,1.79762285785618,0,0,0,0,0,0,0,0,0,0,0,0,0,0,0,0,0,0,0,0,0,0,0,0,0,0,0,0,0,0,0,0,0,0,0,0,0,0,0,0,0,0,0
0.0567369823263572,0,0.000770532448358181,0.000297212819261837,0,3.85974326419796e-05,0.0125154754571162,0.00175960469505954,0,0.00135075513278662,0.0001980912244462,0.000321927718548776,0,0.0255638819512558,0,0,0.00116418373933714,0,0.000459106429808566,0.000462244874582782,0.0206835900683712,0,0.00440303863720238,0.000437165923432542,0,0.000122764926259282,0.000268884495033911,0.00589563306953729,2.87665873440118,0.396267347281215,0,0.00199362783681598,0,0.844167595016647,0,0.00808607712178787,0.00125064226408818,0.0571249712011047,0.00482169720393646,0.000848675625173878,0.0185080011182232,0,0,0,0,0,0,0,0,0,0,0,0,0,0,0,0,0,0,0,0,0,0,0,0,0,0,0,0,0,0,0,0,0,0,0,0,0,0,0,0,0,0,0
0.0158460979193457,0.00130501557593728,0.0828748135798226,0,0,0.00428725642549996,0.0140819378591875,0.000738233389106913,0.00151524835244001,0.000577172814439912,1.61222757726796,5.18641187951551e-05,0.0134596486648428,0.00788591503399932,0,0.00407459960520536,2.23482298809227,0.0136473654197136,1.67994514738203,0,0.0859056897639391,0.000156154643871176,0.378128486217259,0.00728837112694569,0.0362690453745968,0.153953674974264,0.08954245292682,0.0572128693367193,0.284785599376352,0.280397490048284,0.00105581759113557,0.0207144754601877,0.844167595016647,0,0.00197961414942911,0.154486752149648,0.286554892296495,3.89814773110868,0.124575715346386,0.0106243363040118,0.752678550674818,0,0.0016452192805011,0.000366388220138197,3.14222852616391e-05,5.7350191980491e-05,0,0,0,0,0.000544920072110705,0,0,0,0,0,0,0.000260820858001277,0,0,0.000314385345336477,0.000123552656881964,0,0.000107988483976206,0,0,0,0.000228618005384238,0,0,4.62391570121268e-05,7.50568470464139e-05,0.000138368411440492,0.00523830346461651,0.000247941585405588,0.000976934943059751,0.00010076961649189,0,0,0,0,0,0,0.00161150007281253
8.52254125171831e-05,0,0.00530644995290108,0,0,1.4990312170649,0.000459539665436179,0,0.00679512092131058,0.0551334890665084,0.000135906274570241,1.23378602489817,6.31890599302831e-05,0,0.113465606540169,0.00131219515799694,8.36183394568976e-06,1.23276956907665e-05,0.000275826669705792,0,0.00530895657095178,0,0.0467583993821736,0.00859249485772566,0.00030044190626469,0.000922055421017786,0.00525317201821825,0.00709825465164923,0,0.00161103380138797,0,0,0,0.00197961414942911,0,0.0907079415454572,0.12245348603387,0.0403374375836203,0.0105542427567144,0.0308056772473796,0,0,0.0430481281147736,0.0396911384760625,0.0122149876656669,0.00420391452445581,0,0,0,2.98010162094809e-05,0,0.000642181133591208,0,0,0.0139187861077564,0.000150158570440978,0,9.67270937762507e-06,0.000763900525918055,0.000107051570365172,0.129656179089706,2.05135347140828e-05,0,0.0051472960242606,0.000673411058987804,0.000120920770104728,0,6.39710880916674e-05,0,0.000953297545845058,0,0.00840902599848473,5.85361146726015e-05,0.000183745861592312,0.00129490939811134,0.00911248196058086,0.000888461063578718,0,0.000150766617675397,0,0,6.1886924514979e-06,0.00022363681448673,1.62721839608992
0.00401376084580278,0.000393081814672667,0.0929977337492044,0,0.000121204250187856,0.00275222887511272,0.0203776330769169,0.00463820711431945,0.19320374295922,0.00519495340676833,0.00721705209263491,0.00553061715269354,0.0688857958440871,0.000853320122556425,0.0135072142390187,0.0728570781949174,0.00127219859085008,0.00039451625138334,0.00764898510759786,0.00424190017188944,0.150278831428461,0.00047010914532367,0.630681250811671,0.0379494495429346,0.0298126696831894,0.0260223595022762,0.0735366533020471,0.184845612698399,0.0102550651002154,0.0789793598438158,0.00230390096791367,0,0.00808607712178787,0.154486752149648,0.0907079415454572,0,3.73453928733468,0.874299615189146,0.471157704935527,0.576067818279533,0.00025433304314345,0.000903854918288431,0.135236535266347,0.0806181806342878,0.00872155268607244,0.00612873682411352,0,0,8.52316732920062e-05,0,0,0.000777224507992263,3.02744246880406e-05,0,0.00108146037735734,9.64112875452127e-05,0,0.00499201728355783,0.000191881356981227,0,0.0197192988931338,0.00078340824197947,0,0.00402022420027101,0.00108856808798052,0.000172650952016114,0,0,0,0.00136747770101092,0.000284939506469315,0.00920951624615573,0.000492775466316721,0.00328017278462438,0.00109299982892241,0.00484179698563055,0.000751803627492547,0,0.000454580576556265,6.68003708837921e-05,0,0,0.000110057806817832,0.0474430084845605
0.000616256339196208,0.00851303091865038,0.151866270532706,0,0,0.00344238647794967,0.00434865381449729,0.000172907628121074,0.0961237493744554,0.000349806016461378,0.612097839159495,0.00603538196252158,0.700493380985694,0,0.0112186156244482,0.0373526277008299,0.0338455210083429,0.00691791014630338,0.255735364139998,0,0.0321394483840028,0.000705017365312545,0.346426548027273,0.00877526627416543,0.658289563276901,0.45568625234307,0.202460837964876,0.037637059992099,0.000927063960363448,0.00813617990836132,0.0525398610528937,0,0.00125064226408818,0.286554892296495,0.12245348603387,3.73453928733468,0,3.26333226348476,1.15410110473538,0.000620896238493746,0.000797185470805515,0.460389064302705,0.137521945617657,0.054639338535327,0.0080528248291371,0.00725838566220334,0,0,0,0,0.000299821188797672,4.84654648027095e-05,0,0,0.00193447572195743,0.000147296093586498,0,0.00359630527515411,0.000168156867926393,2.75054238722473e-05,0.0312476625287863,0.000747011661890351,0,0.00465368013719067,0.00161026044467625,0.000206712964620406,0,0.000133543477662104,0,0.000343256030497726,5.26676102517174e-05,0.00554559445616416,0.000165900450781664,0.0540117370582097,0.0013089989222934,0.00566732364188962,0.000488815571776159,5.82267022908077e-05,2.1570544823601e-05,0,0,0,0.000579902670877224,0.0891998395945661
0.0188412659746131,0.00710812602266676,0.36722598197422,0,0.000675844007421253,0.00213118947130217,0.0344386943006512,0.000741990092575503,0.0142125754486165,0.00139447776380347,0.933709942264125,0.00235595099279901,0.106830379355597,0.00205292358023259,0.00348660260267698,0.0464122814832999,0.197158487214295,0.0123604869463344,0.462329344261365,0.000206684653692722,0.129166683505335,0.000934297254216324,0.624404407350706,0.0342254222715229,0.154549042044336,0.304527756933502,0.453461753602105,0.173638513715814,0.0555052684476063,0.104899534360793,0.00690256064738827,0.000949971408436721,0.0571249712011047,3.89814773110868,0.0403374375836203,0.874299615189146,3.26333226348476,0,3.5935600626908,0.45310257671327,0.975847480130609,0.00149531344401205,0.0227494799341691,0.011679026445564,0.00275086103202404,0.00302837597392083,0,0,6.19598599339698e-05,0,0.00041861267013367,3.06647208812389e-05,0,0,0.00196198466954172,2.50187350097839e-05,0,0.00259444544558198,1.90051074735651e-05,0,0.00813174352955961,0.00103519346197178,0,0.00282511291946051,0.000268978244668698,0,0,0,0,0.000130144582175386,0.000191043741632244,0.00148371998387868,0.000671852855931724,0.0293207971278019,0.000343137703148299,0.00328343889304171,0.000143358678319372,0,0,0.000410406606101994,0,0,6.99719928050489e-05,0.0331517295768305
0.00700146263041441,0.00112277917307501,0.0902498736018857,0,0,0.000131952198202423,0.00744919643475108,4.20586336106052e-05,0.0182275689936209,0.000519004281013986,0.053899948289168,0.00214692502425131,0.0589650828587601,0.000141276717048029,0.000394021372154794,0.0192777145862713,0.00349053636994111,0.00148205805742828,0.0325198037347436,0,0.0436242668559621,5.24254673484742e-05,0.166927524191926,0.0101915868156317,0.0309741800213988,0.0528749632164581,0.0844805565936778,0.0478813323578661,0.0032026387767115,0.0274882887901314,0.00327622216256645,0.000702461961084588,0.00482169720393646,0.124575715346386,0.0105542427567144,0.471157704935527,1.15410110473538,3.5935600626908,0,0.288378986012218,3.03372081551095,0.00410869233359513,0.00482143446730094,0.0104045057399038,0.00181348145070866,0.000776288230220034,0,0,0,0,0.000340509395430441,0.000119901976824424,0,0,0.000322981065772229,0,0,0.000191235728456557,5.18935143305182e-05,0,0.00629591610255138,0,0,0.00191468354978307,0,0,0,0,0,0,0,0.000730725977803949,0.000540493349909397,0.012890214402478,3.85488445196435e-05,0.00121214631617348,0,0,0,7.07023627502523e-05,0,0,0,0.00972050837385668
0.00214320802201861,0,7.83831899002028e-05,0,0.738190881324356,0.459942000647596,0.00411741477318851,0.0340789798899823,0.990880790701877,0.00595737954919518,0,0.133700212277583,0,0.0075796795596115,0.411805703744929,0,0,0,0,0.00855172838192302,0,0,0.000801927803874531,0.000189070312374526,0,4.33836034015875e-05,0,0.000626963905758341,0.32538371054926,0.000570727172787756,0,0.233731583661515,0.000848675625173878,0.0106243363040118,0.0308056772473796,0.576067818279533,0.000620896238493746,0.45310257671327,0.288378986012218,0,7.5422109740868,0,0.00122722798772585,0.000228791593840181,0.00033456181491685,0,0,0,0,0,0,0,0,0,6.59944802858339e-05,0,0,0,0,0,0.00268207036197432,0,0,0,0,0,0,0,0,0,0,0,0,0,0,7.0283867623903e-05,0,0,0,0,0,0,0,0.00660294691481485
0.000776981389469837,0,0,0,0.865311822766801,0.0832687800098724,0.00011354351448618,0.145554922577972,0.000243803678252212,0,0.110859961334624,0,0,0.0206939072417001,0,0.000470742707824079,0.00146720429635765,0,0.000737130334761779,0,0.000443099447878528,0,0.00171360291853073,0.00012931584491054,0,0.000155545241359953,0.000138584977843527,0.000940590730866382,0.957434988820996,0.000801252567203957,0,1.79762285785618,0.0185080011182232,0.752678550674818,0,0.00025433304314345,0.000797185470805515,0.975847480130609,3.03372081551095,7.5422109740868,0,0,0,0,0,0,0,0,0,0,0,0,0,0,0,0,0,0,0,0,0,0,0,0,0,0,0,0,0,0,0,0,0,0,0,0,0,0,0,0,0,0,0,0
0,0,0,0,0,0,0,0,0,0,0,0,0.27906155073167,0,0,0,0,0,0,0,0,0,0,0,0.235972485264636,7.40690912357459e-05,8.56813214643879e-05,0,0,0,0,0,0,0,0,0.000903854918288431,0.460389064302705,0.00149531344401205,0.00410869233359513,0,0,0,0,0,0,0,0,0,0,0,0,0,0,0,0,0,0,0,0,0,0,0,0,0,0,0,0,0,0,0,0,0,0,0,0,0,0,0,0,0,0,0,0,0
0,0,0.0023859359999638,0,0,0.00143528516016416,0.000255976722113402,0,0.00347091325419964,0,0.000108916002783531,0.00366914066442683,0.000760772053508493,0,0.00254409591391993,0.000983527273690864,5.40941515329196e-05,0,0.000445490962006787,0,0.00197198178169998,0,0.01771845107174,0.000373135882529249,0.00680404415433978,0.00144555077304082,0.00189013890490607,0.00257567009309761,0,0.000545133216765667,0,0,0,0.0016452192805011,0.0430481281147736,0.135236535266347,0.137521945617657,0.0227494799341691,0.00482143446730094,0.00122722798772585,0,0,0,3.90040248137602,0.690180980877214,0.380287696315693,0.75827648472991,0.0253546846823706,0.0323289496033392,0.00605154009962806,0.000571587857097261,0.0729981953633917,6.07917669274037e-05,0,0.000150733114724172,0.0173337045963881,0.000338955747787322,0.275738631088891,6.83565769387545e-05,0.00646790333305115,0.0665916450216652,0.267327204263095,0.000757491513647395,0,0.176581238976744,0.0113053461114663,0.000910096492248325,0.00479956974372107,0,0.249015260589151,0.000764711556051926,0.846648863973593,0.0339979198895745,0.0242552107506536,0.0648072410680423,0.392636665731671,0.226623485924616,0.0030704199554933,0.0982729899490123,0.00210958774114696,0,0.00123976077970922,0.152508325928716,0.0903232900446339
0,0.000128360849742028,0.000816694126224204,0,0,0.00329695339279003,0,0,0.00230151240740589,0,0.000283506960552546,0.00463740620046666,0.00051117218582078,0,0.00572165341596543,0.000323789429426763,0,0,0.0002341284322721,0,0.00055275894820049,0,0.00535508946394357,0.000177752205943299,0.197595080224926,0.00277437984576713,0.00156899917558135,0.00109566623908335,0,0.000165293216066176,0,0,0,0.000366388220138197,0.0396911384760625,0.0806181806342878,0.054639338535327,0.011679026445564,0.0104045057399038,0.000228791593840181,0,0,3.90040248137602,0,2.72074881018857,1.57230971647483,0.000650839674552324,0.00105696391282187,0.749537212093,0.0043074156620123,0.00564812833497062,0.383745886228096,0,0.000615242485901724,0.000361514612685816,0.0061892884725018,4.2872076340393e-05,0.0657950932514712,0,1.17810883679556,0.0359304387761769,0.355438502484451,0.000641921543190639,5.72483846806205e-05,0.0228984902068737,0.0901104496378312,0.03226364512822,0.212897371840791,0,0.020120611777675,0.00127059848275147,0.248226443837136,0.00317380881076629,0.398089463248975,0.500768404309752,0.509943698859783,0.0230160124095191,0.0140567357330832,0.00937271782423133,0.0291443975110136,0.000137101053933131,0.00187800843922535,0.170494963839198,0.0666478402362498
