0,0,0.0236492500294144,0,0,0.000233966044715029,0.424949062933862,0.263243130176837,0.00224462131258152,0.000255316548418213,0.000137719590448632,9.62262828580578e-05,0,4.4140386439106,0,0,0.00718493994319142,0,0.000327223228155874,0,0.00658335800413011,0,0.0139607416329989,0.00433159393958512,0,0.00285118471480458,0.00148840356974352,0.00575513055821013,1.17974704210407,0.76583695422773,0,0.000131728120236202,0.00722889432475978,0.00568619587683859,0,0,0.00261381930817484,0.00183223902458713,0.000477791029068921,0,0.000375448965819945,0,0,0,0,0.000428136739939244,0,0,0,0,0,0,0,0,0,0.000268466172634542,0,0.000595094062408888,0,0,0,0,8.11843415797799e-05,0,0,0,0,0,0,0,0,7.40391292298175e-05,0.000674089494379495,0,0,0,0.000296580635031609,0.000629164397920878,0.000414542433450064,0,0,0.000288230678962106,0.000399357757167644,0
0,0,0.0184021773187756,0.000110275500267267,0,0,6.24955256062383e-05,0.000261983759105508,0.532827287797872,0,0.00552269947472088,0,0.0769055958385072,6.74421059164323e-05,0,0.117220810480349,0.00793787671828377,0.00240690264691296,0.00350279796309861,0,0.0018247909336812,1.33431329461634,0.00249876562429975,0.0932308171317475,1.75022166904104,0.0344876927055043,3.00673819192612,0.00160790467657085,6.72521521772234e-05,0.000394005642494423,0.0498155976093205,0,0,0.00601555416188855,0.000242117872880742,0.00994595137746079,0.0305178778239516,0.0264436575237389,0.011391985440152,0,0,0.00138911703132546,0.00821396683014169,0.00944919951750122,0.0157602549973703,0.00841377665576175,0,0,0,0,0.309247577105856,0.0023626200281112,0,0,0,0,0,0.00931520007182359,0,0.00106343235300574,0,0.0276914538154564,4.0738775157808e-05,0,0.00778676770194904,0.00386003760879211,0.00206334645778921,0.00224210403017299,0,0.000309209893308155,0.124266339737223,0.00152245922455095,0.0026264186256054,0.189761719672916,0.0258091305104593,0.215495465596832,0,0.000195573891510759,0.000291599091600076,0.00594813359530823,0,0,0.00161069841469165,0.000100711906368511
0.0236492500294144,0.0184021773187756,0,0.000253314385043621,0,0.00124302537226541,0.050262142355543,0.0247478727105377,0.00349170157778036,0.00154047460951901,0.00202549979221498,0.00016242029212317,0.00266167866026937,0.0797299606110674,0,0.0518982436927239,2.30454952171055,0.00153039706039999,0.0225959156864728,0,0.104713630210707,0.00873778259197665,4.24972484550523,0.0404831994275749,0.000591531498109941,1.38899065730595,1.65447909766322,0.0525685233588158,0.0347958924436648,0.100746068659976,8.49619099934705e-05,0.000689666540417854,0.0230612881668525,0.271542064127265,0.00299422620111465,0.132079858537972,0.196001407291833,0.851438539644832,0.193429717283289,0,0.000624499309072154,0.00072159479519973,0.00223104054848755,0.000485866434194737,0.000851121383520512,0.00134005864434204,5.64214790788201e-05,0,0,0.000421115815511575,0,0.000146386907891618,0,0,0,0,0,0.00220020849765412,0,0,0,8.63958206397835e-05,0.000746455848056688,0,0.00609004157204737,0,0,0,0,0.0015226814143683,0.00139185003621427,0.00301993190830251,0.00079097736296573,0.000439405906891167,0,0.00077121472100783,0.000172222226197339,0.000921330340492736,0.000587073719029229,0,0,0,0.000363634026352298,0.00177892046946172
0,0.000110275500267267,0.000253314385043621,0,0,0.00832641112895788,0.079177460326404,0.00588435781428302,0.23208675996943,0.665133987543663,0,0.973301404497554,0,0.0188846396707706,0.000544223117866699,0,0,0,0,9.73845150173626,0.000167495256591802,0,0.00036152105746697,8.70454133797629,0,0.000236388284707386,0.0001764545683342,1.73124377649936,0.0148658804976771,0.000306463051718739,0,0.000575662731643338,0.0113651539181061,0.0389792336291652,0,0.000370102716539389,0.000298696399886649,0.00839372488757104,0.000847929946573948,0.00356174340052201,0.000196181126878305,0,0,0,0,0,9.22266113069503e-05,0,0,0,0,0,0.08485856320961,0,0,0.000186275275424459,0.000131140458385626,0.00124243420798897,0,0,0,0,4.77819244669477e-05,0,0,0,0,0,0.00359441157037566,0,0,0,0.0593278340428233,0,0,0,0.000962784415152115,0,0,0,0,0,0,0
0,0,0,0,0,0.143708123215843,0,0.0144103571051608,0.000543166184575929,0.000431465492654137,0.00027347679084872,0,0,0.00147953797868731,0.0324646773953453,0,0,0,0,0,7.33629191686626e-05,0,6.60867155441525e-05,6.7372441112773e-05,0,0,0.000116152813555648,4.30040935098771e-05,0.0754441675420971,7.54123275575769e-05,0,1.44853104276951,0.000508354098303042,0.0929717658231562,0.0064780728791987,0,0,0.0084330862507761,0.00149798243005807,0.336799555357604,1.564826182869,0,0,0.00281100394721806,0.000459901173482988,0.00183575358289548,0.00318714380553591,0.00101861883253006,0,0,0,0.000181441360740968,0,0,0,0,0,0,0,0,0,0,0,0.000853712983775595,0.000491630535388858,0,0,0,0,4.19137435098487e-05,0.000143675204592817,0.00125937642142892,0,0,0,0.000550129114504015,0,0,0,0,0,0,0,0.0036720445818616
0.000233966044715029,0,0.00124302537226541,0.00832641112895788,0.143708123215843,0,0.094538592780625,2.09315396081156,0.0375972367232805,0.694559872748823,0.00185306194660461,1.74085289596947,0,0.142947473297052,1.14125447164592,0.000218076108937424,0.000102569024995794,0.000216187569897249,0.000317204326370229,0.034522647982672,0.000671010234409964,0,0.000826723870950783,0.0145409020704212,0.000232955436812153,0.000703029308973573,0.000783826061672401,0.0325506057168991,0.118556130632452,0.000482618642576188,0,0.418308154225832,0.00172079130713647,0.0772401159710421,0.732901534453757,0.000334238187961624,0.00136051644754373,0.0176993889293785,0.000229202887785264,0.421696484532918,0.00388369151272301,0.000329878493802171,0,0.00103187269365195,0.00114941742839186,0.000444209615347399,0.00182462336357736,0,0,0.000567209289185561,0,0,0,0,0.00132178491453964,0.00176655998571172,0.00114900384571207,0.0110984276525594,0.000657349776845262,0,0.000214759180225975,0,0.00343603821051298,0.000870195170893373,0.000208609690832716,0,0,0,0,0.000246358633972456,0,0.000405609455018216,0.00540550379677794,0,2.17624419755764e-05,4.17037343352182e-05,0.00287016928158272,0.00246410236391032,0.00068101917959681,0,0,0.00103783411415725,0.000961467114243829,0.0131428521208629
0.424949062933862,6.24955256062383e-05,0.050262142355543,0.079177460326404,0,0.094538592780625,0,0.376381314857165,0.0655104279018088,1.85043809135455,0.000923132435264444,0.00719792860984553,0.000116505608859733,1.33206420028324,0.00209193882725027,5.91719707954061e-05,0.00218533529231371,8.16619962284758e-05,0.00044711404121805,0.0258181503318857,0.0260403915169148,0.000170579412946301,0.0451207914601254,0.312219472323097,5.5736654513968e-05,0.00362113178880842,0.0147150133898752,4.74546224956618,0.0678753135177031,0.961247648903858,3.60406260871749e-05,0.00169925189027053,0.0297938885455638,0.128553522292435,0.000103052555658049,0.00850753673085208,0.00182660338646362,0.0379808701909368,0.00735225427329061,0.00202663145903258,0.000565263205134659,5.20132527275651e-05,2.99186589884674e-05,0,3.58677591627554e-05,0.000232694065003616,0.000836966870009126,0,0,0.00010127567645961,0,0,0,0,0.000477260308408917,0.000850583608791222,0.000376475627465844,0.00494361221215974,0.00022290050881395,0,0,0,0.00084460556830084,0,0.000272625508571406,0,0,0,0,0.000239924411464016,0.000283640441673841,0.00022579425518969,0.000769670927422551,0,0,0,0.000780042232820856,0.000828517995002159,0.000216696266577205,0,0,0.000221435586624789,0.000591849961341092,1.43049150563245e-05
0.263243130176837,0.000261983759105508,0.0247478727105377,0.00588435781428302,0.0144103571051608,2.09315396081156,0.376381314857165,0,0.0167900608166441,0.293835058897675,0.00280960484554682,0.0632251188554909,8.34811786599799e-05,1.81567337021567,0.00666747217958742,0.000331799086679371,0.00684224675615621,0.000449525621040298,0.000906846239720538,0.0181145109176305,0.00620522367698303,0.000124376128013829,0.0184304246296843,0.0157555388894748,0.000116111420624969,0.00392152866746617,0.00332420590987151,0.0287960208307699,0.183974568152669,0.0434796845213508,0,0.429316669778745,0.00316490279937872,0.137199796845073,1.03601444399868e-05,0.00052735072956306,0.00201787688121977,0.0257534236723985,0.000836648007930502,0.00675781645668355,0.003284524698899,0,0.000319463516820597,0,0.000131031971600266,0,0.000794395494710954,0,0,0.000616738949759835,0,0,0,0,0.000436675327928641,0.00159612961156946,0.000574499532184097,0.0046444093155421,0.000226984344398314,0,0.000214482506558639,0,0.00181697768286879,0,0.00047460318933363,0,0,0,0,0.000314454169102283,5.17495384311411e-05,0.000234356216322883,0.00383240599103321,0,2.9283775224299e-05,0.000183621990011511,0.00273187316040296,0.00193247513842765,0.00104090528725942,0,0,0.00106773693633842,0.000726983131163353,0
0.00224462131258152,0.532827287797872,0.00349170157778036,0.23208675996943,0.000543166184575929,0.0375972367232805,0.0655104279018088,0.0167900608166441,0,0.0241417133235908,0.00260813374074953,2.45658828831515,0.0522728000395563,0.0274379928979003,0.167948414679205,0.0250350419915,0.00220079820927149,0.000987121304926529,0.0026273069015188,0.590462058472526,0.00535547968200123,2.05414997416076,0.00383356506222333,4.65415419459296,0.32944487144648,0.0153797479982398,0.202300438063501,0.186096359104121,0.048363838727708,0.121379319931043,0.0201073603726298,0.00165752045425765,0.0915295041558621,0.169915268598648,0.000390358858255827,0.141528137158092,0.0147992424417323,0.0556990375078159,0.0751926292418648,2.68106466763764,0.00337782706079721,0.000174495166272771,0.00972459883158897,0.00210382074908309,0.00674128453151835,0.0073631650258487,0.00303202915035519,0,0,0.00772514459568717,0.0508215322947143,0.00405302029499084,0.0010778544678472,0,0.00184072183068453,0.00153500716746624,0.00190986219395665,0.449234205694477,0.00144031946253959,0.000638436714038929,0.00112224735447769,0.00408138049709289,0.00317951071904406,0,0.0878563622573967,0,0.000835048322557711,0,0.000537045545867657,0.0092310811910771,0.205307820717486,0.0124980480340376,0.0173082710940733,0.0198676733361696,0.00211160353768492,0.0156356246113217,0.00626879845674893,0.00744511080488965,0.00608966176490289,0,0,0.0115139870855719,0.00598144205102701,8.65964541803872e-05
0.000255316548418213,0,0.00154047460951901,0.665133987543663,0.000431465492654137,0.694559872748823,1.85043809135455,0.293835058897675,0.0241417133235908,0,0.000976009774591122,1.37765723099764,4.25717310079642e-05,0.181334103679994,0.000515773291762884,0,0.00010829928212162,0.000168088916059025,0.000197039651909285,3.68511369753644,0.000166954374793767,0,0.000962484816630377,0.0382070321825221,0,0.000265190671161239,0.000432123108294814,0.825017060969035,0.0414803527951782,0.000616552694734614,3.07071410030882e-05,0.00148498719595757,0.00466596010956903,0.066717346552469,0.00141229155848136,0.000177371161151938,0.00084247320937183,0.0155919210364347,0.000528774840544807,0.00494218157306328,0.000591667486449753,0,0,0,0.000250045852440935,0.00045715502144376,4.82237017040039e-05,0,0,0,0,0,0,0,0.000114386184252251,0.000323756355690638,0.000167026789378309,0.00229811615886045,2.97174937455148e-05,0,0,0,0.000203343980777156,0,0,0,0,0,0,0,0,0,0.000249131189372196,0,2.89658508712417e-05,6.57612632932666e-05,7.36297427215461e-05,6.63883254308647e-05,0.000138852657206364,0,0,8.95204703476645e-05,0,0
0.000137719590448632,0.00552269947472088,0.00202549979221498,0,0.00027347679084872,0.00185306194660461,0.000923132435264444,0.00280960484554682,0.00260813374074953,0.000976009774591122,0,0.000579421784745095,0.821718699742256,0.00542932099310759,9.53267043305363e-05,0.000545485881501943,0.0100321744266083,0.826340239800883,1.14922524830729,0.000433474371379776,0.000644740948378476,0.00188848174542964,0.00192310774822178,0.00136612977245401,1.91957711593777,0.584811922315533,0.106467169708883,0.00190143955819471,0.0293119723034336,0.0012127989931688,0.908536862973825,0.0086746966131662,0.00255417950047984,1.07447955693289,0.000496721877741313,0.033313072277789,0.755685485971201,0.433247405961045,0.0117289135782637,5.32349511565278e-05,0.00169883295804313,0.363733463561534,0.00108070039494246,0.00829894202821504,0.00332088171062955,0.000141609499262367,0.000357473218236197,0,0.000246708597988431,0,0.000195665442716146,0,0,0,0.000101751394111331,6.63443372248725e-05,0,0.00124910534139066,0,0.020118315969436,0,0.00451380279834137,0.000173140854715532,0,0.000102303625729359,0,0.00468899124716589,0.000833537948910768,0,9.56396529868979e-05,0.000597577089044571,0,0.00032516609168741,0.0207647328101966,0.0383068419059853,0.0162580711055158,4.20200298428147e-05,0.000258103189797582,0,0.0199285899475889,0.000350446830703233,0,0.00286131765264865,0.000156734394722558
9.62262828580578e-05,0,0.00016242029212317,0.973301404497554,0,1.74085289596947,0.00719792860984553,0.0632251188554909,2.45658828831515,1.37765723099764,0.000579421784745095,0,0,0.0114986400938957,0.389963516891405,0,0,0,9.43931581681599e-05,11.9448404561505,0,0,0,1.90389405399186,0,0.000145489826009581,0.000190064683885521,0.0164584375880662,0.0150656261762803,6.46708290701135e-05,9.152062773282e-05,0.00097451360284587,0.000248580488102644,0.0135335481097362,0.20307408419545,0.000669120912976249,0.000159826840344436,0.00398048445568793,0.000209271719016135,0.586826253208239,0.002974169109492,0,0.000151892596563785,0.00038327602759218,0.000617976951001206,0,0.00054600337994734,0,0,0,0,0,0.0833620069367023,0,0.000781293238447464,0.000852882708514917,0.000428653458832313,0.00370080808062183,0.000432210194939859,0,0,0,0.000381713576372021,0,0,0,0,0,0.0049021271786872,0,0,0.000321883222476761,0.0024549513976987,0,0,0,0.000377730032241848,0.000516131849710036,0.000238014245282367,0,0,0,0.000772534450283636,0.00592755087079609
0,0.0769055958385072,0.00266167866026937,0,0,0,0.000116505608859733,8.34811786599799e-05,0.0522728000395563,4.25717310079642e-05,0.821718699742256,0,0,5.60897687905577e-05,0,0.0135659968058546,0.00016449400148778,0.00710306675991559,0.00137256021782535,8.88102401513241e-05,0.00739095345298479,0.0448375754148841,0.0131134286341743,0.00805233428093653,3.65666175805337,0.248337961411683,0.87888275300284,0.00193411330155595,0.000182602020733913,0.000595986567373112,3.74962105481198,6.38957755500656e-05,0.000269847745320087,0.00698971671265894,0.00799237888733524,0.694200699665715,0.403171243423669,0.222291407350109,0.286971202782842,0,0,0.875423188925041,0.00776839872116762,0.0108997549369543,0.00417799979811957,0.00550773547015859,0.00096545498521864,0,0.000907812271035452,0,0.0107334456065672,0.00131285057627662,0,0,0,0,0,0.000594977236986143,0,0.00352668860755532,0,0.0391725715999504,0,0,0.00365585669689391,0,0.00158702043145466,0.000577310668394639,0,0.000780337891908938,0.00558922836818643,0.00342021166164023,0.000779517581046205,0.0327670574028157,0.0196803572203113,0.0241865409298519,0.000330609124211883,0.00066731956505333,0,0.00371799047746501,0,0,0.0013963517710609,0.0048210686786358
4.4140386439106,6.74421059164323e-05,0.0797299606110674,0.0188846396707706,0.00147953797868731,0.142947473297052,1.33206420028324,1.81567337021567,0.0274379928979003,0.181334103679994,0.00542932099310759,0.0114986400938957,5.60897687905577e-05,0,0.00190046974489451,0.000465560106919174,0.0184743002589877,0.00059993419359439,0.0019424063815312,0.0324607880891906,0.0217986805326989,0.000463724979851601,0.0538957594777884,0.0448596819393774,0.000160392197846176,0.0123160239730884,0.00955108375044163,0.069003753304223,5.21076519573146,0.207476821745626,6.10848212245028e-05,0.0934102671249799,0.0471841592359303,0.195779312447851,6.65943908180949e-05,0.00160266198723512,0.00621370677074076,0.0544941469867071,0.00148218535476689,0.00186117544414831,0.00181353204526966,0,9.32734125758186e-05,0,0.000313204337488636,0.000454411847316745,0.000125277666474773,0,0,0.00125906722148379,6.93251370148975e-05,0,0,0,7.04402832532106e-05,0.000905850234098138,0.000401761077119019,0.0133655918823248,0,0.000202769768532384,4.96513140575815e-05,0,0.00171852576181923,0,0.00134162071172588,0,0,0,0.000169456423768288,0.000432249436141677,0.000247959162645077,0.000514150316711531,0.00718413703030787,0,0,5.49806840926966e-05,0.00414949931429041,0.00262509131707371,0.0035000190607869,0,0.000125221604515607,0.00118844568957525,0.00133111662087863,0
0,0,0,0.000544223117866699,0.0324646773953453,1.14125447164592,0.00209193882725027,0.00666747217958742,0.167948414679205,0.000515773291762884,9.53267043305363e-05,0.389963516891405,0,0.00190046974489451,0,0,0,0,0,0.00423487797719439,0.000256776339347155,0,0.000159315272079701,0.00502545870242408,0,0.000318904255313324,0.000869739299342025,0.00037566568007515,0.000825266398440833,0.000281528053267329,0,0.000397266362064917,0,0.00227477474768801,0.264909528555823,4.2557040930832e-05,0.000333130924915414,0.00459822916490707,0.00696995848334048,0.513309142483092,0,0,0.000586848934803364,0.00752873994467588,0.00231724724283184,0.00299295720891165,0.00686431903762885,0.00102372157967402,0,0.000133839844104474,0,0.00119831273464943,0,0,0.000141696420590438,0,0,0.000232176585897803,0,0,0.000356392174274053,0,0.000116230397346179,0.00197925550132437,0.000803510920244214,0,0,0,0,0.000229710187180621,0,0.00241833254611218,0.000495163002939072,0,7.12866400777393e-05,0.00131712423799247,0.000676708249165744,0.000795920016128767,0.000122351963363008,0,0,0.000955247242030283,5.34218302539369e-05,0.0247609764182406
0,0.117220810480349,0.0518982436927239,0,0,0.000218076108937424,5.91719707954061e-05,0.000331799086679371,0.0250350419915,0,0.000545485881501943,0,0.0135659968058546,0.000465560106919174,0,0,0.0204189125341058,0.000328519525063083,0.00336637152999234,0,0.372835736117938,5.25648322617193,1.64289712596765,3.04473567845493,0.0147303903145952,0.0141397727621287,2.22900715062813,0.649347496908435,0.00115260051049633,0.00846193247530922,0.0023886367119679,8.36678585428435e-05,0.00221734226400383,0.0280318631932284,0.0087704117768558,0.531823524357665,0.134109589056709,0.205442761737003,0.371711668178884,0,0.000349753348128472,0.0178346689154254,0.0430511882223214,0.0201410815694573,0.0156175028744599,0.0320309116877424,0.00951792604752627,0.00103687269290479,0.000458330380462644,0.010032620921642,0.00324502585455366,0.0183404634870353,0,0,0,0.00219946379162009,0.00069940782950935,0.0212953958451196,2.61470799756188e-05,0.000616776909938393,0.000107061349432953,0.00100270892779716,0.00299563641133284,0,0.480750300668579,0.00197834783861889,0.000139432695817843,0.000742196951320438,0,0.0499700745961485,0.137613295380888,0.0851558475614189,0.0314581664994563,0.00199260727780204,0.000967857571856854,0.0801317102376551,0.00813867430709791,0.014311772978633,0.0184288798229151,0,0.000429038770048692,0.01341180170138,0.0104108145857394,0.00550657391133939
0.00718493994319142,0.00793787671828377,2.30454952171055,0,0,0.000102569024995794,0.00218533529231371,0.00684224675615621,0.00220079820927149,0.00010829928212162,0.0100321744266083,0,0.00016449400148778,0.0184743002589877,0,0.0204189125341058,0,0.00583214601161612,0.273714043908066,0,0.0147763023182864,0.0074228140962251,1.75039421560372,0.00836778402520126,0.000764084307491943,1.82874153451482,0.306160340714855,0.00320975548176556,0.0121198842231403,0.0117906272393527,0.00140566979216822,0.00064748475485386,0.0159605134579048,0.316806309447919,0.000372309491538829,0.01624653644083,0.0981707822742834,0.119940652860807,0.0279667706850439,0,0.000553904555167233,0.000779085859203117,3.20024667263615e-05,0,0.000360672815153435,0.000127795975381222,0,0,0,0,0,0.000103223122933543,0,0,0,0,0,0.00045336360834982,0,0,0,0,0.000113112658766781,0,0.000913074744727803,0,0.000234678838655382,0,0,7.63036148747143e-05,0.000405964986545053,0.000333081196476776,0,0,0,0.000543363576097687,0,0,0,0,0,0,0,0.000192946818088874
0,0.00240690264691296,0.00153039706039999,0,0,0.000216187569897249,8.16619962284758e-05,0.000449525621040298,0.000987121304926529,0.000168088916059025,0.826340239800883,0,0.00710306675991559,0.00059993419359439,0,0.000328519525063083,0.00583214601161612,0,2.09726267538812,0,9.39291689569907e-05,0.000987182115412023,0.000159596270106842,0.000461745216167106,0.0256055997554878,0.696211682195147,0.0310897973631488,0.00023172051050225,0.00311922181546088,8.60243576381865e-05,0.033676797660319,0.000927046407308795,0.000268488903360953,0.0349425489467844,0.000143033042624596,0.0124828266086599,0.160673497158597,0.0748418793649944,0.0144020471863115,0.000137933991229878,0.000652689982366127,0.00512257387890469,0,0.00339440445811106,0.00268279513838939,9.03121958164867e-05,0,0,0.000777145348048684,0,0.000119007519409761,0,0,0,0,0,0,0,0,0.00323957044163821,0,0.00128789878006283,0,0,0,0,0.00231155001091662,0.000942359977915421,0,0,0.000816768818969076,2.6603582129677e-05,4.09582666051993e-05,0.00705130827307218,0.011087449465396,0.00875472256947241,0,0,0,0.00637642987084156,0,0,0.000143696561555502,0.000188157807990288
0.000327223228155874,0.00350279796309861,0.0225959156864728,0,0,0.000317204326370229,0.00044711404121805,0.000906846239720538,0.0026273069015188,0.000197039651909285,1.14922524830729,9.43931581681599e-05,0.00137256021782535,0.0019424063815312,0,0.00336637152999234,0.273714043908066,2.09726267538812,0,0.00011988344756303,0.000438994156989149,0.00252148494708073,0.00512025515375908,0.00123251984545308,0.00824504194886202,2.50752785374971,0.119789425888467,0.000613543822865643,0.00997596392108966,0.000652911085677788,0.00465160729715741,0.00403899449661036,0.00253815430249624,0.865904607593942,0.000333130399378101,0.0346845780515735,0.408994657066502,0.788261501980075,0.087166879621541,0,0.000429902310761761,0.00284614092670088,0.000119568774859965,0.00206547572964593,0.000114452339029143,7.69180320152676e-05,6.36999102567055e-05,0.000134436934075039,0,0.000717210265103862,0,0,0,0,0,0,0,0,0,0.00143337337067744,0,0,0,0,0.000179965218953339,0,0.00215157479729836,0,0,0.00028429217683967,0.00033042462561234,0.000164690390723303,8.41254103993395e-05,0.000491705168655793,0.0053518780963167,0.00374287123954167,0,0.000133026619201056,0,0.00216052601413192,0,0,0,0.000264060467109805
0,0,0,9.73845150173626,0,0.034522647982672,0.0258181503318857,0.0181145109176305,0.590462058472526,3.68511369753644,0.000433474371379776,11.9448404561505,8.88102401513241e-05,0.0324607880891906,0.00423487797719439,0,0,0,0.00011988344756303,0,0,0,0.000167897858875911,2.51146152315593,0.000691571758246048,0.000204571171575276,0.000113606658490501,0.543736083502551,0.0266151839306186,0,0,0.00195585540421358,0.00270507069557594,0.0473740457288734,0,0,0.000273179648441438,0.0151788976698371,0.000405669940379641,0.0279165443643903,0.00115180863491364,0,0,0,0,0,0.000146518888210219,0,0,0.000272050273905852,0,0,0.101716394998696,0,0.000311612574430922,0.000149161460332494,0,0.00118132350044524,0,0,0.010130747946322,0,0,0,0,0,0,0,0.0153489109623529,0,0,0,0.00138304139640988,0,0,0,0,7.83035980619082e-05,0,0,0,0,0,0
0.00658335800413011,0.0018247909336812,0.104713630210707,0.000167495256591802,7.33629191686626e-05,0.000671010234409964,0.0260403915169148,0.00620522367698303,0.00535547968200123,0.000166954374793767,0.000644740948378476,0,0.00739095345298479,0.0217986805326989,0.000256776339347155,0.372835736117938,0.0147763023182864,9.39291689569907e-05,0.000438994156989149,0,0,0.0384275641075108,8.83544092429624,0.0648072421364758,0.000615522204854734,0.00690032276246425,0.0807167147097756,2.29763753041358,0.193631274455056,5.61205280528695,0,0.00257942973089181,0.0440524121464238,0.416402722078905,0.00719923846975057,0.523622458654148,0.0831299975120133,0.330426829755409,0.452539258216354,0,0.000904807340577934,0.00655305031478682,0.0111770941735428,0.00159118316311952,0.0081586008748122,0.00799170871669623,4.15855421202641e-05,0.000331685191229004,0.000118168894633359,0.00290115853277217,0,0.000979063848110744,0,0,0,0.00106506365491601,0.000303118027696819,0.00846582651229622,2.32860854806991e-05,0.000557592829538711,0,0.000471220300226559,0.00342644438877264,0,0.0560598196602483,0.000134827682743558,5.53669032801614e-05,0.000296506169376548,0,0.0202086431043349,0.0148973726004755,0.0109511809801974,0.0208928958538915,0,9.82822879251778e-05,0.00128969100869201,0.00602401182167558,0.0107593241008435,0.0121292091331629,0,0.000130658854910794,0.00374356667429684,0.00531457278555645,0.00282656762974167
0,1.33431329461634,0.00873778259197665,0,0,0,0.000170579412946301,0.000124376128013829,2.05414997416076,0,0.00188848174542964,0,0.0448375754148841,0.000463724979851601,0,5.25648322617193,0.0074228140962251,0.000987182115412023,0.00252148494708073,0,0.0384275641075108,0,0.0312705445932336,1.72297325482928,0.555090842339287,0.019527091277927,2.01385711362291,0.0273222661088882,0.00133630340884744,0.00962684211369425,0.0213071428805015,0,0.00230307726812798,0.0141960152199131,0.00106339919837981,0.155513378348116,0.0455995637304876,0.0470379890916366,0.0774574004090019,0,0.000165170685737688,0.00422359708471872,0.012752221223023,0.0129307602489476,0.00859623826615314,0.0120780508535739,0.00238503808602526,0,0,0.00109414673754041,0.143349739490248,0.00943045950893746,0,0,0,0.000130851901893251,0.000132844730904077,0.0176162989528205,0,0,0,0.00804164474840195,0.000343662046542143,0,0.0976153140776188,0.00153503216799901,0.000336803854559696,0.00147756311386169,0,0.00861020241866423,0.531143075896122,0.0221675475695951,0.00759729387845202,0.0586624533535317,0.00348879876031869,0.119241474160488,0.00082066187748153,0.00203624495545505,0.00223573963863493,0.000153814685853716,0,0.000562440727070207,0.0017177716204903,0.00109960090885179
0.0139607416329989,0.00249876562429975,4.24972484550523,0.00036152105746697,6.60867155441525e-05,0.000826723870950783,0.0451207914601254,0.0184304246296843,0.00383356506222333,0.000962484816630377,0.00192310774822178,0,0.0131134286341743,0.0538957594777884,0.000159315272079701,1.64289712596765,1.75039421560372,0.000159596270106842,0.00512025515375908,0.000167897858875911,8.83544092429624,0.0312705445932336,0,0.0723647865040909,0.000853216303335986,0.113555245552438,1.73411327685055,0.321829815772285,0.192772443417788,0.381010765655526,0.000214699594481621,0.00184155448821713,0.0140492090397715,0.299155967155082,0.0320421062932555,0.825038762072713,0.418830692166591,1.11517474057553,0.808681680761774,0,0.00234672255261596,0.00832152462126991,0.00942392999887584,0.00374899324013075,0.00340446279548529,0.00516101968801807,0.000678248026294193,0,9.98729555910013e-05,0.00109690413677329,0.00112838442739703,0.00191436404733687,0,0,0,0.000632700336533476,0.000245892997662047,0.0049081401694723,2.74322959597216e-05,0.000429621096214371,0,0.000189964902393635,0.00099401835494078,0,0.0563346000015493,0.000149955349214809,5.38076408731574e-05,4.97353800144496e-05,0,0.0109109052655264,0.0133228705468559,0.0124604187881617,0.00796494825735627,0.000144069182187533,0.000143239413586777,0.00667432377355138,0.0032334553855496,0.00372081692075794,0.00404504721718481,0,0,0.00191772806961492,0.00184178097465169,0.0157571604045691
0.00433159393958512,0.0932308171317475,0.0404831994275749,8.70454133797629,6.7372441112773e-05,0.0145409020704212,0.312219472323097,0.0157555388894748,4.65415419459296,0.0382070321825221,0.00136612977245401,1.90389405399186,0.00805233428093653,0.0448596819393774,0.00502545870242408,3.04473567845493,0.00836778402520126,0.000461745216167106,0.00123251984545308,2.51146152315593,0.0648072421364758,1.72297325482928,0.0723647865040909,0,0.0220007270633708,0.0105810089742143,0.391694211136585,3.62439242189983,0.0722690883858677,0.125835872722022,0.00297691566041139,0.00161150659806557,0.0732896700634637,0.181167913934132,0.00200843962217566,0.210114612408172,0.0399116132545859,0.0839074546904235,0.100119587124011,0.0312226640481784,0.00354458726681036,0.00503037417737236,0.0209309391489202,0.00157151547756695,0.0304964410085606,0.023051318171017,0.00167440717030254,0.0010460135578877,5.24968277006432e-05,0.0264274080967819,0.00320048111083809,0.00609138945587239,0.000613844963423753,0,0.000377810561885206,0.00496993980393125,0.00400631214929224,0.303120606942677,0.000575657280654851,0.000772019924362824,0.000190964688048536,0.000295111314585812,0.0283806392401311,0,0.134723592253088,0.000701589488558713,0.000125315929860956,7.62153883312588e-05,0.00042457183568338,0.0470736953835422,0.064682591853513,0.0316323596039012,0.206723876786248,0.002206993298316,0.000596940697602076,0.00871206505920623,0.0473557465026905,0.0632120704620398,0.0474513346376542,5.12010009945559e-05,0.000228602993388095,0.0441683293239326,0.0618078354177164,0.00135006524725646
0,1.75022166904104,0.000591531498109941,0,0,0.000232955436812153,5.5736654513968e-05,0.000116111420624969,0.32944487144648,0,1.91957711593777,0,3.65666175805337,0.000160392197846176,0,0.0147303903145952,0.000764084307491943,0.0256055997554878,0.00824504194886202,0.000691571758246048,0.000615522204854734,0.555090842339287,0.000853216303335986,0.0220007270633708,0,0.693584847915762,1.02327891980733,0.000438445401548294,0.000803537558058527,0.000964291353491874,1.09989551917612,0,0.00121708544361539,0.0145468068993096,4.31684243623585e-05,0.0382404743824584,1.49179734398515,0.134605281329785,0.0454022930201074,0,0.00135987413252089,1.98055226407705,0.00815207719357337,0.060029647074713,0.0289139430979194,0.00322178286245147,0,0,0.00441828911266068,0,0.19731307641554,6.80836781958953e-05,0,0,0,0,0,0.00609050786372339,0,0.0966627930877228,0,0.0769741547901546,0,0,0.007531992726708,0,0.0330114025902655,0.00454597777248074,0,0.000526799918529877,0.0388575621919384,0.00073899222369692,0.00043262870623989,0.482665133522153,0.110189555644951,0.181587305159438,8.65458269568163e-05,0.000807263800070183,0,0.0907500811655431,0,0,0.0101579176293656,0.000183948568723665
0.00285118471480458,0.0344876927055043,1.38899065730595,0.000236388284707386,0,0.000703029308973573,0.00362113178880842,0.00392152866746617,0.0153797479982398,0.000265190671161239,0.584811922315533,0.000145489826009581,0.248337961411683,0.0123160239730884,0.000318904255313324,0.0141397727621287,1.82874153451482,0.696211682195147,2.50752785374971,0.000204571171575276,0.00690032276246425,0.019527091277927,0.113555245552438,0.0105810089742143,0.693584847915762,0,2.65803483340842,0.00446803978734131,0.0147434188162249,0.00803037882362787,0.321642344717295,0.00251461472736148,0.00592730429037642,0.249506341563284,0.00443149069839081,0.209303407889443,1.05304613260537,0.588518238658691,0.117240245502971,6.32499427463858e-05,0.000625624091097931,0.0398168833511133,0.00734170046027044,0.027548883412888,0.0118492626571244,0.00461883611924741,0.000323138784969912,0,0.000769262815779383,0,0.00587837604350164,0.00014392419598419,0,0,0,0,0,0.000462670170879277,0,0.0412090830839654,0.000113342225256657,0.0109351284041502,0,0,0.00196281254237735,0.000485147098691036,0.0212267440206199,0.00155732366122506,0,0.000566052886627423,0.00275192866625178,0.000737220584302226,0.000656033234131138,0.0809649721367983,0.148805373760037,0.109489366901167,0.000169242804334904,0.000818583126844872,0.00020861780461832,0.0410073718524229,0,0.000281898609042657,0.00658294559556948,0.00321560689142826
0.00148840356974352,3.00673819192612,1.65447909766322,0.0001764545683342,0.000116152813555648,0.000783826061672401,0.0147150133898752,0.00332420590987151,0.202300438063501,0.000432123108294814,0.106467169708883,0.000190064683885521,0.87888275300284,0.00955108375044163,0.000869739299342025,2.22900715062813,0.306160340714855,0.0310897973631488,0.119789425888467,0.000113606658490501,0.0807167147097756,2.01385711362291,1.73411327685055,0.391694211136585,1.02327891980733,2.65803483340842,0,0.106416382090676,0.0109513174628956,0.0156997236612541,0.861120556341593,0.00111202431080331,0.00416562122475944,0.368746061172058,0.0220328298241863,0.541906690363277,0.67712452086151,1.25365575249512,0.420176761774008,0,0.000484496961390177,0.00749110516983687,0.020555673383715,0.0390619521814671,0.024257364424555,0.0108751593077599,0.00126894313862932,0.000317156362908141,0.000282506891150365,0.000343603644363294,0.092103231764451,0.00433329021932904,0,0,0.000145858216274424,0.000538981438605539,1.69563229695114e-05,0.00642789406294607,0,0.0104904632253353,0,0.0121571373812905,0.000359537257258567,0,0.0343014610691643,0.00107772661798796,0.0152044053087042,0.00494187941544502,0,0.00353929602986264,0.0704030132186729,0.0182746270440169,0.00902685497524563,0.0951308686618525,0.147107845457911,0.398695914731465,0.00141739060457545,0.00177576265721536,0.00106891287718128,0.0101132354534859,0,0.000873017448888827,0.00608859734046108,0.0155382814214057
0.00575513055821013,0.00160790467657085,0.0525685233588158,1.73124377649936,4.30040935098771e-05,0.0325506057168991,4.74546224956618,0.0287960208307699,0.186096359104121,0.825017060969035,0.00190143955819471,0.0164584375880662,0.00193411330155595,0.069003753304223,0.00037566568007515,0.649347496908435,0.00320975548176556,0.00023172051050225,0.000613543822865643,0.543736083502551,2.29763753041358,0.0273222661088882,0.321829815772285,3.62439242189983,0.000438445401548294,0.00446803978734131,0.106416382090676,0,0.106299752539912,1.54250161729918,7.82235050169084e-05,0.00336470113833358,0.0910996782131693,0.269163448516237,0.00278215774821761,0.267943793726466,0.0220863233702696,0.157641450583637,0.181985409566432,0.00161341037257775,0.00203945499417662,0.00273150595245605,0.00252005577921525,0.000194245654422975,0.0111323196847885,0.00481077718248134,0.00148752331953304,0,0,0.00896877220636717,8.72107629118599e-05,0.000652918596817562,0,0,0.00111448623084154,0.00354951542767243,0.0019483397039984,0.0813247393055066,0.000677296419897274,0.000301619262365151,0.000186928348393866,0,0.0163309834023751,0,0.0281957954879762,5.46515913367913e-05,0,0.000181045355846114,0,0.0130385139597674,0.0115728930751881,0.00555384413652683,0.0450938839819136,0,4.08992361501702e-05,0.00120327257690049,0.0245285227253211,0.0255617611069749,0.0161666078683631,0,0.00025543645905378,0.0145863693955813,0.0219989616129034,0.00142197737945792
1.17974704210407,6.72521521772234e-05,0.0347958924436648,0.0148658804976771,0.0754441675420971,0.118556130632452,0.0678753135177031,0.183974568152669,0.048363838727708,0.0414803527951782,0.0293119723034336,0.0150656261762803,0.000182602020733913,5.21076519573146,0.000825266398440833,0.00115260051049633,0.0121198842231403,0.00311922181546088,0.00997596392108966,0.0266151839306186,0.193631274455056,0.00133630340884744,0.192772443417788,0.0722690883858677,0.000803537558058527,0.0147434188162249,0.0109513174628956,0.106299752539912,0,2.55751152870875,0.000952187364736234,1.56419130083382,1.69625839234432,3.18176820661421,8.20507946927183e-06,0.00234420872194839,0.0174356263713753,0.537003108374221,0.0112923965187045,0.00639740633623977,0.0520100787491645,8.79317959882235e-05,0.000131169772638051,0,0.00189040537023881,0.000616053446710757,0.000197489660455075,0,0,0.00214665964577831,6.95983529999389e-05,0.000143102060800888,0,0,0.00025753946923399,0.00161426098639183,0.000650581608388761,0.0290113911754723,9.28763206504632e-05,0,0.000461506710782362,0,0.00295911998524679,0,0.00489072481234469,0,8.9183754348604e-05,0,0,0.00319002680583175,0.00130207847709414,0.000292744106254412,0.012016939700589,0.000160692611379798,0.000307878790224462,0.000403747003581936,0.0090848187502424,0.0042349286372058,0.00486624342304967,0,0,0.00388640403926763,0.00303053054485802,0
0.76583695422773,0.000394005642494423,0.100746068659976,0.000306463051718739,7.54123275575769e-05,0.000482618642576188,0.961247648903858,0.0434796845213508,0.121379319931043,0.000616552694734614,0.0012127989931688,6.46708290701135e-05,0.000595986567373112,0.207476821745626,0.000281528053267329,0.00846193247530922,0.0117906272393527,8.60243576381865e-05,0.000652911085677788,0,5.61205280528695,0.00962684211369425,0.381010765655526,0.125835872722022,0.000964291353491874,0.00803037882362787,0.0156997236612541,1.54250161729918,2.55751152870875,0,0.000107846200302654,0.00334327863857986,0.527150834276935,0.281633416185905,0.000363673938990425,0.0508992663255321,0.00745261356801194,0.0741919864650775,0.0581305262867841,0.000268727664992433,0.00210210551987539,0.000497257183488291,0.00417568095473147,0,0.00963974807905456,0.00493616695132823,9.75547230124777e-05,0.00047471187135144,0,0.0109156769982132,0.000163059010052569,0.000213796710619602,0,0,9.92566757613547e-05,0.00169213008792828,0.0012673982813537,0.0949152807538204,0,0.000305450966055327,2.93601633632977e-05,0,0.0116560858494251,0,0.0194753503243081,0,0,0.000194800944177419,0,0.0148910652507998,0.0121664289158755,0.00339302593779154,0.0383922712352408,0,0,0.000268900787275489,0.0225299267174273,0.0297798778040014,0.0141356312141426,0,0,0.0183967893179499,0.0254988957788866,0.00010654679008171
0,0.0498155976093205,8.49619099934705e-05,0,0,0,3.60406260871749e-05,0,0.0201073603726298,3.07071410030882e-05,0.908536862973825,9.152062773282e-05,3.74962105481198,6.10848212245028e-05,0,0.0023886367119679,0.00140566979216822,0.033676797660319,0.00465160729715741,0,0,0.0213071428805015,0.000214699594481621,0.00297691566041139,1.09989551917612,0.321642344717295,0.861120556341593,7.82235050169084e-05,0.000952187364736234,0.000107846200302654,0,0,0.000339861820106285,0.0105873929180256,2.98094855517233e-05,0.00702556317406317,0.115160390657424,0.0379363508872605,0.00740276811054733,0,0,0.0529607640455003,0.00179038314162256,0.00737030959158793,0.0026444505644256,0.000961346601097184,0,0,0.00159217355032021,0,0.00349332484482172,0,0,0,0,0,0,0.00119498541582338,0,0.00751036541158961,0,0.00380079771145378,0,0,0.000331330338623759,0,0.0102762901270732,0.00146621291163499,0,0.000278819394077708,0.00151387581856019,8.02307415592174e-05,9.3688254819045e-05,0.0618557212952874,0.0307309820233751,0.0270036708163123,0,0.000170434026879353,0,0.020373936433076,0.00016511620021549,0,0.00111415090991066,1.55181550505815e-05
0.000131728120236202,0,0.000689666540417854,0.000575662731643338,1.44853104276951,0.418308154225832,0.00169925189027053,0.429316669778745,0.00165752045425765,0.00148498719595757,0.0086746966131662,0.00097451360284587,6.38957755500656e-05,0.0934102671249799,0.000397266362064917,8.36678585428435e-05,0.00064748475485386,0.000927046407308795,0.00403899449661036,0.00195585540421358,0.00257942973089181,0,0.00184155448821713,0.00161150659806557,0,0.00251461472736148,0.00111202431080331,0.00336470113833358,1.56419130083382,0.00334327863857986,0,0,0.00998607797734222,1.81233293415016,0,0.000100094676023268,0.00551821906153063,0.190667182887959,0.00296082364742284,0.0718451918523841,1.18804542231612,0,0,0,0,0.000119748500365599,0,0,0,0,0,0,0,0,0,0,0,0.0022437145113437,0,7.52524581986921e-05,0,0,0.00011538789729571,0,0,0,0,0,0,0.000309487900276575,0.000176990214320882,0,0.000271803567992775,0,0.000107994695896889,3.21009437715596e-05,0.000401781370885809,0.000116134282243627,0.000202204715899412,0,0,0,0.000201417626573345,0
0.00722889432475978,0,0.0230612881668525,0.0113651539181061,0.000508354098303042,0.00172079130713647,0.0297938885455638,0.00316490279937872,0.0915295041558621,0.00466596010956903,0.00255417950047984,0.000248580488102644,0.000269847745320087,0.0471841592359303,0,0.00221734226400383,0.0159605134579048,0.000268488903360953,0.00253815430249624,0.00270507069557594,0.0440524121464238,0.00230307726812798,0.0140492090397715,0.0732896700634637,0.00121708544361539,0.00592730429037642,0.00416562122475944,0.0910996782131693,1.69625839234432,0.527150834276935,0.000339861820106285,0.00998607797734222,0,0.839505622419667,0,0.00318945833543761,0.00542068592014566,0.272394276025917,0.0255806768399451,0,0.00702355131433416,0,0.000422993105056724,0,0.00180737669909651,0.00271987083601525,0,0,0,0.00235340855864202,0,0,0,0,0,0.000431396142811971,0.000140100128702692,0.0425403134324261,0,0,0.000296451297920657,0,0.0018102819664958,0,0.0049209456585164,0,0,0,0,0.00235742425840402,0.00148378388514392,0.000343250117045037,0.0119979387910104,0,0.000142238177996051,0,0.00595121440524824,0.00577240482825242,0.0034469506645983,0,0,0.00763587195038847,0.00649209538297772,0
