0,0.000296620617163453,0.259859007451695,0.0322283300392635,0,0.0300922189178702,1.52296875956267,0.417800826189934,0.0595027292370232,0.135836462747334,0.00158845714049374,0.00106854776604518,7.56223237169257e-05,4.20377935906717,0.00182940309090385,0.00264982271675417,0.0728287588997537,0.0019338776248195,0.00962828965355898,0.0248068247245377,0.0580563424323757,0.0081332699032944,0.187187774603592,0.0383169448285737,0.000298431130102639,0.0392161193563446,0.00756318101340039,0.158337249930912,1.33339676899654,1.02528527981847,0.000382701759315728,0.000984360496963932,0.0582632890464143,0.0521314180167632,8.16950205752497e-05,0.0103187185785115,0.0115213480260696,0.0288314477291327,0.0159689496992785,0.00223268173625806,0.000467893381021822,0.000226615849350763,0.00126976371033599,0.000217063709650578,0.000812045762456672,0.000184125832690439,0.000763042967033833,0,0,0.00197763317940411,0,0.000408619208395591,0,0,0,0.00611894064527425,0,0.0063881094944343,0.000117560701985223,0.000137462788956549,0,0,0.00044970332283104,0,0.0052513824661595,0,0,0,0,0.0010184450632461,0.00419334613157012,0.000693754505731373,0.00815071273496698,0.000418421880838245,0.000131574482250328,0.000275046666119817,0.00560048881172642,0.000265024804688424,0.00192333208584682,0,0,0.00259559806091852,0.000421992131117873,7.78368915715391e-05
0.000296620617163453,0,0.0312502610660637,0,0,0,0.00103011861440679,0.000191165931327631,0.121700564342909,0,0.0724703963141982,0,0.162207401366009,0,0,0.0994947052258763,0.00574435982379476,0.000242298374637795,0.00161194265643903,0,0.000603594522202499,1.54622000562652,0.00920541975594846,0.0609271511250554,1.51472875978017,0.0118580097492236,1.74207553960899,0.00275781776483637,0.000401858934792183,0.000829848142601196,0.0365686111226724,0,0.000206203785980189,0.00535852816116413,0.000117012203668396,0.00960854546944554,0.10236807484641,0.0268658086541255,0.00568101482627585,0.00171659377732884,0.000451147676119534,0.149982621993548,0.00623442426157155,0.0244340355653371,0.00995000598593074,0.00634383730606955,0.000325823500150261,0,0.003886888175927,0,2.36564040509701,0.0382268216812228,0,0,0,0.000417839044323023,0,0.0121951233734863,0,0.00129725732438263,0,0.00728643980821971,0.000161529230581061,0,0.0192042513765192,0.00619002494855822,0.00512943027314984,0.0119527911468676,0,0.000719561119073029,0.088950488546641,0.00511360672573596,0.00607543264371987,0.16254314237612,0.0551046167424481,0.37845689286573,0.000181832433899739,4.59288179080084e-05,0.000659356274491209,0.00634875800127636,0,0,0.00466472233062309,7.96045715063631e-05
0.259859007451695,0.0312502610660637,0,0.00131009390039741,0.000230356293156972,0.00054329467429181,0.252723378737476,0.00979698395948518,0.00669890763133518,0.0033734641641728,0.0122151335031513,3.99848084434236e-05,0.00205130979746141,0.0503050651639707,0.00169802721426126,0.0206512907630805,1.87489676344687,0.0105696189772644,0.0545184333233133,0.000377867259132983,0.208309145360964,0.0227804023680135,4.28429986965559,0.0312414683912767,0.000898946108534686,2.35816421442295,1.923729905359,0.203169339327785,0.053219212227563,0.199056500790764,0.00167733905800392,0.00016305313358779,0.0184457013088483,0.289718252161844,0.00454335035430805,0.281695912343098,0.517599891019023,0.573815977666303,0.233628613492262,0.0116785783223307,0.00264343813512069,0.00682407874859386,0.00506885591180151,0.00155306606141647,0.00196163573290614,0.00241987266511449,0.000776831706693664,0,0,0.000160956638673951,0.0272667566413018,0.00366614102252371,0,0,0.000162200436171061,0.000992227040956116,0,0.00405919552800373,0,0,0,0.000127521699184696,0,7.43702636172017e-05,0.00555761368465424,0.000747035785664648,0,0.000534632791734345,0,0.00050886277485535,0.0108576866482068,0.00204602559307361,0.00249704239190788,0.00217532356489628,0.000409684154097298,0.0216223529144812,0.00171961845081266,0.000179080308703933,0.00123413368782112,0.000406324404168784,0,0.00127201773433841,0.000330999135851384,0.00245786613477707
0.0322283300392635,0,0.00131009390039741,0,0.000399577575697274,0.00422782626672148,0.0438236770562812,0.00177182121656195,0.273321829390723,1.90219102451102,0.000220345527722015,0.524037448313728,0.000119527821317278,0.00978341738838723,0,0,0,0,0,10.0623844508411,0.00213879577149239,0.00062924227390712,0.000802130718509994,6.26587950943253,0,0.000324910257821504,9.88200690981453e-05,2.87241487369303,0.031899108511547,0.018393706418289,0,0,0.0319356188420454,0.0140592579332773,1.33948687633771e-05,0.00125478798223826,0.00100505670662062,0.0106367029128184,0.00479577651859632,0.00332001773679839,0,0,0.000105987319558928,0,7.1775729210616e-05,0.00011362027678625,0.000133394668922388,0,0,0,0,0,0.278807547780607,0.000100414616185276,0.000630047118287543,0,0,0.00160728663572765,0.000525061988176431,0,0.1630097566423,0,0,0.000130215435582118,0,0,0,0,1.11264868963709,0,8.23730786890259e-05,0,0.00439974730550276,0,3.3490558540173e-05,0,0.000251410722042,0.000369685633450606,0.000763192510468937,0,0,0,0.000163506644260623,0
0,0,0.000230356293156972,0.000399577575697274,0,1.17991538146275,0.000357319551376686,0.397418510945618,0,5.63553136722493e-05,0.00835887983947897,0.000651732510606447,0.000285847630154476,0.0480556035644555,0.00463611899460046,0,0,0.00126533433053203,0.00101743709893964,0.00027018179017841,0.000231098956968469,0,0.000194175109170219,4.09944709627002e-05,0.00139890786095356,0.00075782265022529,0.000380880023638447,0.00037306832434552,0.0938079280645724,0.000299383980977681,0.000609363170534061,0.236010350444532,0.00322377528891339,0.0305325310012561,0.0100540998111693,0.00086280220972309,0.0035464331514162,0.0345182066273876,0.00486921575182123,0.362885685194758,0.522084378185777,0.00271707604533011,0,0,0.000604877708735838,0,0,0,0,0,0,0,0,0,0,0,0,0,0,0,0,0,0,0.00244227095083732,0,0,0,0,0,0,0,0,0,0,0,0,0.000368849229285798,0,0,0,0,0,0,0.00113297728849899
0.0300922189178702,0,0.00054329467429181,0.00422782626672148,1.17991538146275,0,0.218851759783139,4.72266600997154,0.0147901609411069,1.37257686933832,0.00788297190286238,3.15335015278925,0.000856057894394382,0.104590644114823,3.33240427204088,0,0.000173578314340781,0.000865646397683519,0.00144693206803768,0.0253480449841939,0.000417551183101698,0,0.000732956140315106,0.00794286808402906,0.000853917825306167,0.00156278990880118,0.000586043638792416,0.0373296177384992,0.206173043904614,0.000812667389813518,0.000427582231471045,0.187032753397787,0.0109928325841609,0.0609757493777489,1.18460345300548,0.00359051965385564,0.00477196326886926,0.0448250188002768,0.00328986906163966,1.26902763271193,0.365706052302132,0.00113493568344461,0.000326445232975844,0.000621148721748361,0.000120344079395332,0.000738983816971695,0.000347342290557081,0,0,0,0,0,0,4.19148913993498e-05,0.000147913414771489,0,0,0.000626741173532785,0,5.20763954450706e-05,0.000137293673930609,0,0,0.0023722291881657,0,0,0,0,0,0,0,0,0.000584047999975856,0,0,4.00211196984776e-05,0.000134445007756311,0.000124586733697515,0.000431410442810441,0,0,0,0,0.00943113550288158
1.52296875956267,0.00103011861440679,0.252723378737476,0.0438236770562812,0.000357319551376686,0.218851759783139,0,0.234586673457256,0.171474581833757,4.02851019295444,0.00261240764530425,0.00193843457318094,0.000390998330436246,0.380164686187406,0.0013255225917057,0.00353233322153643,0.01390614660011,0.000893604019623555,0.00350732165536684,0.0241852997378111,0.0906144234563944,0.0132351928612276,0.158826889660126,0.301167020791979,0.000367575282051468,0.0314634761401765,0.0142974228142008,5.51532904885768,0.175595679340225,3.63802807156125,0.000183039092280634,0.000371644066387544,0.135918583326512,0.103123476817176,0.001356865590042,0.0477871230141267,0.0180588432171955,0.102624683161698,0.0559746308374589,0.007133178237727,0.000655401490061015,0.00124049969714957,0.00325715858352858,0.000565796226323059,0.00178888383328464,0.00320813879997932,0.00175585483002572,0,0,0.00180143761360824,0,0.000311353362876157,0.000511086501772654,0,0,0.0116032922294399,3.7177905006775e-05,0.013272373714077,0.000487558102815218,0,0.00108093701111305,9.77620319817518e-05,0.00107889538265005,0,0.00522969822601073,0,0,0,0,0.00181972465046015,0.00701934699922017,0.00116383538122035,0.0139630989554715,0,0.000185670220607934,0.00228828072524924,0.0116528436904859,0.00196926827061272,0.00628598528818794,0,0,0.000436531538141592,0.00189425261115144,0.000528822578993918
0.417800826189934,0.000191165931327631,0.00979698395948518,0.00177182121656195,0.397418510945618,4.72266600997154,0.234586673457256,0,0.00582472205395975,0.656782546772762,0.00954255229835229,0.0313499864943938,0.000764839333322203,2.1812407535169,0.0521147845567224,0,0.00330498557093088,0.000970233617630912,0.00242069240366987,0.00257464652138378,0.00184587020230473,4.89985214697751e-05,0.00803080345819014,0.00417329013419883,0.000312548993931253,0.00363297625331948,0.000932005422870812,0.0155098219937251,0.445151725282061,0.0146871396524172,0.000508666874239893,0.517944697377546,0.00509569253248494,0.0567278889911596,0.0851634758498806,0.00139466457384102,0.00286710351253991,0.0339028103900544,0.00144792847933891,0.184614621338991,0.0333741653068388,0.000164047468799279,0,0,0,0,0,0,0,0,9.94824510006081e-05,0.000103891967447822,0,0,0,0.000153106645079501,0,0,0,0,0,3.73463761212502e-05,0,0,0.000112182545231404,0,0,0,0,0,0.000231923549279751,0,0.000356119752372449,0,0,0,0.000372879626177641,0.000185942869195056,0.000207374024103809,0,0,0,6.23317659340442e-05,0.000424323640494204
0.0595027292370232,0.121700564342909,0.00669890763133518,0.273321829390723,0,0.0147901609411069,0.171474581833757,0.00582472205395975,0,0.0266393658017132,0.00888154300393075,1.2532975149274,0.029240507873619,0.0180957329408208,0.361809953244147,0.0121053050931511,0.00115561575395028,0,0.00218406186125236,0.275664655357878,0.00670997298911436,2.27717867638871,0.00498403672827749,6.06374508594658,0.051545813191528,0.00392482356828457,0.112842861185002,0.198174872128531,0.0884501567115208,0.158733192547344,0.00748697451996778,0.000212528029470277,0.0978506462425202,0.0532890357930348,0.0713563774560856,0.122623075909282,0.0162469426253229,0.0424044559839545,0.033623339251257,0.686374149864527,0.00127162308972027,0.0140795452305488,0.00699407727735471,0.00235094279799602,0.00570717141047257,0.0103903436664992,0.00605504748368468,0,0.000416824164981455,0.00511421277466816,0.025681298227975,0.00228130797537405,0.000992665483130858,0.000206002605220596,0,0.038759486256531,0,0.548899914998734,0.000983900170920193,0,0.000313798963410459,0.000763820897655865,0.00195274887859278,0.0028878426562875,0.0378159588743622,0,9.72036774324488e-05,8.56039985057113e-05,0.000282719339023962,0.00533756949403039,0.130501035139956,0.002603099508183,0.11584601566933,0.00359575313169289,0.00126599930044567,0.00761879760152865,0.0358152907309227,0.0048194520624255,0.0132995282043769,0.00119872073964304,0,0.00666544259949043,0.00535525972648184,0.00414280432860286
0.135836462747334,0,0.0033734641641728,1.90219102451102,5.63553136722493e-05,1.37257686933832,4.02851019295444,0.656782546772762,0.0266393658017132,0,0.00124578406836494,0.34851698612722,0,0.059178833510147,0.00216099664679185,0,0.000348547111679887,0.000199712285389612,0.00026533744611385,2.40178879533476,0.00334766321835153,0.000181345716738325,0.00271848185324172,0.0798841457317765,0,0.000763911928314968,0.000260684815080582,1.5513488535619,0.100366052836977,0.0207603893610677,0,0.000248703127622466,0.102185034079494,0.0381776815635161,0.093356257884873,0.00205789840456489,0.000757246919653037,0.014786206731445,0.00283773701396485,0.0123879580598354,0.000539157889958841,0.000192930732509621,0.000283832435754415,0.000352924764281814,0.00018497244464943,0,0,0,0,0,0,0,0,0,2.94989130095965e-05,0.000620967997557348,6.37085147564276e-05,0,0.000122394106806418,0,0.000113139998058315,0,0,0.000204117017602098,0,0,0,0,0,0,0,0,0.000183204846696169,0,0,0,9.11343621417325e-05,0,0.000115775169359383,0,0,0,0,0.000415870577001004
0.00158845714049374,0.0724703963141982,0.0122151335031513,0.000220345527722015,0.00835887983947897,0.00788297190286238,0.00261240764530425,0.00954255229835229,0.00888154300393075,0.00124578406836494,0,0.000472873594302094,1.62463521743709,0.0161850658160421,0.000834477453734411,0.000869997381041645,0.0515806041379524,1.24922830902636,1.4801162125466,0.000377855434432979,0.00398276554415078,0.0316053710864884,0.00702500714726085,0.00543168889907627,0.656556660272598,0.865278263050421,0.148083484148471,0.00402873430447714,0.0695856826628057,0.00252853499792587,0.698722800106104,0.0341611180597934,0.0110448583048628,1.86265249584223,0.000555499956226981,0.0902206347182475,1.00121438688507,1.05319311492284,0.0882726076860572,0.00971125406832972,0.0598947907015923,0.41534388020333,0.00142050209900794,0.0165796790648179,0.00350471604809862,0.000812312655525315,0,0,0.00404777531326639,0.000181313689721293,0.00413964984413692,6.87016929903778e-05,0,0,9.23040315827794e-05,0.000143925382153977,0,0.000357521854284538,0,0.0068677380141203,0,0.0323193099563309,3.13324736890151e-05,0.000135444497281539,0.00106531679722337,0.000106355105343007,0.000298550885052685,0.000530745002560716,0,0,0.000685049637422712,4.9813027507113e-05,0.000529243150147872,0.0130257542758618,0.00466001593776033,0.00773330034705189,9.85562726977599e-05,0.000146990897975395,3.93204102125139e-05,0.0141830302203316,0,0,0.000461730792739073,0.000276568085529886
0.00106854776604518,0,3.99848084434236e-05,0.524037448313728,0.000651732510606447,3.15335015278925,0.00193843457318094,0.0313499864943938,1.2532975149274,0.34851698612722,0.000472873594302094,0,9.63544134698841e-05,0.0166847498620054,0.913277126792267,0,0.000471047245213012,0,0.000251157954393399,4.84045552452207,0.000210595452538568,0,0.000302907022407295,1.01801136080884,0,0.000134633649518735,0.000262100050975526,0.00237366644377303,0.0187996218430381,0.000100292614329111,0.000102089108620376,0.000482896169262169,0.00931460203865094,0.0235473537971006,1.47661907992863,0.00147942797343864,0.000274807569047588,0.00454669157284925,0.000475528064763715,0.35300101926607,0.000135561437862006,0.000319039713850507,5.425130893223e-05,0.00064361118133115,0.00076140104710111,0.00166206731648258,0.000698595172527045,0,0,0,0,0,0,0.000112089053375597,0.000924313341887661,0.000123077686819188,0,0.00119594880016084,2.36966778220704e-05,0,0.019005649407994,0,0,0.0023523746710786,0,0.000107886991824392,0,0,0,0,0,0.000688951142342412,0.000554661729590845,0,0,4.52243503308819e-05,0.000137110691087121,0,0,0,0,0,0.000165986663571406,0.041724822271794
7.56223237169257e-05,0.162207401366009,0.00205130979746141,0.000119527821317278,0.000285847630154476,0.000856057894394382,0.000390998330436246,0.000764839333322203,0.029240507873619,0,1.62463521743709,9.63544134698841e-05,0,0.000920337847828706,0.000232730484233151,0.00315471747737071,0.0016291701728953,0.00302839112566351,0.003429678838032,0,0.00231071763824094,0.0847782469175679,0.0048096337545369,0.0142698826943472,3.59862975887108,0.059644556966886,0.792382301056095,0.00166143881019033,0.00507607142339039,0.000987140008722764,1.9759972310021,0.0015105843381647,0.0022778341365997,0.0536070401612505,0.000702262766940298,0.181167018828725,0.648671947553293,0.285927078536883,0.316400616579922,0.00158327645646277,0.2084190949701,0.76739073956164,0.00292440632890748,0.0327265957352788,0.0149091495408864,0.00849252999415418,0,0.00019629619626989,0.0123479976662378,0,0.00650405458859957,7.74979449947874e-05,0,0,5.51595675954506e-05,0.000230897051815704,0.000133516640764728,0.000477870813716738,0.000275305136779612,0.0116039425517608,0,0.10852894747619,0.000377598317846641,0,0.00123684519392267,0,0.000541828155582822,0.000204359511986817,0,0.000362160215033671,0.00365817964870319,0.000240875732791541,0.000302990741879359,0.0288047177894866,0.0129050196257395,0.0219997109759901,0.000192890044212284,0.000921354004237583,0.000259081625046211,0.0490789489994446,0.000383785491905415,0,0.00179324228929632,0.000235107668287005
4.20377935906717,0,0.0503050651639707,0.00978341738838723,0.0480556035644555,0.104590644114823,0.380164686187406,2.1812407535169,0.0180957329408208,0.059178833510147,0.0161850658160421,0.0166847498620054,0.000920337847828706,0,0.00498655785848409,0.000392960143508767,0.0202386004295014,0.00248985000927732,0.00860934549819226,0.00968369759523053,0.0120907136514339,0.00138173553127629,0.0467240041054187,0.0160260256985317,0.000597286449254476,0.0160367787127877,0.00419541916036968,0.0504959442173606,6.04786173351699,0.258691245332064,0.000835698180603083,0.241203875907099,0.0498338566752367,0.269893010630677,3.5663176570389e-05,0.00366920601503228,0.00725982048570415,0.0773408053199275,0.0044650092926877,0.100324538023622,0.0368767695838628,0.00130959693740591,0.000626946964668717,0.000267614883630196,0.000350772670154442,0.000603280500213831,8.38278221182206e-05,9.70868087618888e-05,0,0.000617623256061543,5.81360012478094e-05,0,0,0,0,0.0028488702303198,0,0.00240771739968822,8.97444245754274e-05,0.000158838124729648,0,0,0.000154771837244883,0,0.00106974530668102,0,0,0,0,0.000362500629810017,0.000824533928882212,0.000186764851364809,0.00404019199935032,0,0,0.000102063913970053,0.00287931607232497,0.000833127475687299,0.00123823673062224,0,0,0.000634534025890611,0.000623001055179387,5.94729837431127e-05
0.00182940309090385,0,0.00169802721426126,0,0.00463611899460046,3.33240427204088,0.0013255225917057,0.0521147845567224,0.361809953244147,0.00216099664679185,0.000834477453734411,0.913277126792267,0.000232730484233151,0.00498655785848409,0,0.00043692491258635,0.0010421057743604,0.000456906146155572,0.000411235468094633,0.00245862013834482,0.00253331086672381,0.000428895261208196,0.00649346779103848,0.00143980707466262,0,0.0015378315877024,0.00212346525813043,0.00158858725158617,0.00587474800009425,0.000326958221405702,0,0.000566919269812532,0,0.00931986309261605,0.32421819181442,0.0632849994603275,0.0165238677868535,0.0148016105047063,0.0140371186892903,0.534688265470937,0.00443498742790934,0.00115488720149785,0.0036573050608339,0.00964764904539604,0.00381501778046493,0.00889600824241678,0.000626072293843094,0,0,0,0,0.00105211415505708,0,0.000158881821536179,0.00177316571863426,0,4.13315639080647e-05,0.000546769347955528,0.000191627096036991,0,0.0032441448546372,0.000125699836053192,0,0.0120951566505387,0.00073511139632782,0,0.000109481267116234,0,0,0.000188391001835976,0.000932064228480287,0.000269957396264522,0,0.000671855867758052,0,0.000235123010625364,0.000298878405617188,0,0.000172460566776436,0,0,0,0.000121653084471842,0.0156697039417369
0.00264982271675417,0.0994947052258763,0.0206512907630805,0,0,0,0.00353233322153643,0,0.0121053050931511,0,0.000869997381041645,0,0.00315471747737071,0.000392960143508767,0.00043692491258635,0,0.00869303631493293,0,0.00137319023522658,0,0.0597966478916265,5.48584568689753,1.48966818795012,2.00550668912166,0.00830836982636123,0.00378355799562161,0.932123711202136,0.235579161179838,0.00121703847206659,0.0168102079142538,0.00089100543810592,0,0.00272808250350928,0.0252744564885554,0.00123433056914343,0.0869893738497114,0.0531765000562614,0.0675867283270047,0.0770252774657854,0.00927485343209602,0.000511019909514417,0.00128958312692219,0.00373340852425666,0.00105718736880772,0.0018965079550431,0.00082083265270545,0,0,0.00120087028162903,0.00139437247992413,0.0173239165349381,0.00249587892460796,0,0,0,0.00131221531042151,0,0.0163208264341322,0,9.40651515956691e-05,8.6712842090178e-05,0.000936587619959036,0.000340933002260027,0,0.221858843255087,0.000987406081912657,0.000129469652550229,0,0,0.00862588820446445,0.243628351637971,0.0201009292295678,0.0213139334097278,0.00430374664471675,0.00101474143385856,0.0185042788108549,0.00725341382377057,0.000167767057690806,0.000552635928772524,0.000791249812940745,0,0.000939724891858111,0.000134121188185315,0.000418492735478105
0.0728287588997537,0.00574435982379476,1.87489676344687,0,0,0.000173578314340781,0.01390614660011,0.00330498557093088,0.00115561575395028,0.000348547111679887,0.0515806041379524,0.000471047245213012,0.0016291701728953,0.0202386004295014,0.0010421057743604,0.00869303631493293,0,0.0754384953407435,3.06384689041442,0,0.0433463513752317,0.00774213734929904,1.44123788885938,0.0061476684729615,0,1.93970665894763,0.305525983651815,0.0185752583191648,0.0416239011168013,0.0427356664330153,0.0017792788315279,0.00266253282802445,0.0214214840986234,0.65930298152404,0.00101791808122835,0.0785142213716284,0.24052032025731,0.223357594265148,0.0785320463018538,0.0033664560706616,0.00369012374005995,0.00447680229481118,0.000141030279115235,0.000241147507038034,0,0,0,0,0,0,0.00959155299866187,0.000184724504117481,0,0,0,0.000281336737474099,0,0.000546326878118761,0,0,0,9.75489502144516e-05,0,0,0.00133832325247185,0,0,0,0,0.000366041354415614,0.0008377563888676,0.000597824002632313,0.000775059664069979,0,0.000335571167044179,0.00318015765548336,0.000261265636419454,5.03068552166149e-05,0.00100827832053967,0.000499101831612638,0,0,0,0.000275390218728564
0.0019338776248195,0.000242298374637795,0.0105696189772644,0,0.00126533433053203,0.000865646397683519,0.000893604019623555,0.000970233617630912,0,0.000199712285389612,1.24922830902636,0,0.00302839112566351,0.00248985000927732,0.000456906146155572,0,0.0754384953407435,0,2.91771279146535,0,0.00121501465082304,0.000367247336301273,0.00511134531630688,0.000359466965280169,0.00218460938932869,0.404142208751044,0.0142481355914443,0.00142357278073037,0.00904257450940455,0.000999331403557358,0.0246338055102001,0.00712664587098913,0.0040160472337077,0.135043779598087,0.000356720893365484,0.0372507999594967,0.324059782964818,0.26126572010683,0.0593495961603672,0.00135483294669005,0.0108384145166959,0.00379603816290952,0.000277830495971196,0.00024818821155722,0.000417220727663429,0.000226036006397146,0,0,0,0,0.00110412553108574,0,0,0,0,4.79634873919248e-05,0,0,0,0.000104919265540883,0,0.00217792490053076,0,0,0,0,0,0,0,0,0.000153576220315189,0.000214517034671214,0,0.00310857287070515,0.000641732584940717,0.00063461813243585,8.3919525741371e-05,0,0,0.00138853073383809,0,0,0,6.08788280432881e-05
0.00962828965355898,0.00161194265643903,0.0545184333233133,0,0.00101743709893964,0.00144693206803768,0.00350732165536684,0.00242069240366987,0.00218406186125236,0.00026533744611385,1.4801162125466,0.000251157954393399,0.003429678838032,0.00860934549819226,0.000411235468094633,0.00137319023522658,3.06384689041442,2.91771279146535,0,0.000290640137586004,0.00688385943272709,0.00388211040764173,0.0246052236396377,0.00206894711101187,0.0034390434995421,1.56167233247445,0.0805926743342795,0.00413913782076981,0.0221587305359192,0.00697594014462206,0.0134251339204779,0.00905712161986586,0.0128264054451743,1.38306974398964,0.0008915628627905,0.0817306231419588,0.272649552876659,0.5388692398965,0.110565468034461,0.00331102781647374,0.0188637899881723,0.00380393312732818,0.000706720618987432,0.000550340755401408,0.000177487389554923,0.000203240249692808,9.12229542312931e-05,0,0,0,0.00161403689419868,0,0,0,0,9.21178024773824e-05,0,0,0,0.000213361865568603,0,0.00126779451572984,0,0,0.000923003349999664,0,0.000167995304460144,0,0,0,0.000547356064471916,0.0001390797948921,0,0.00180608341756513,0.000621627205302675,0.00219633136220455,0.000264588541776181,0,0,0.0004809771016967,0,0,0,0.000376957744226578
0.0248068247245377,0,0.000377867259132983,10.0623844508411,0.00027018179017841,0.0253480449841939,0.0241852997378111,0.00257464652138378,0.275664655357878,2.40178879533476,0.000377855434432979,4.84045552452207,0,0.00968369759523053,0.00245862013834482,0,0,0,0.000290640137586004,0,0.000461023303398768,0,0.000137300688016706,1.74297041537917,0,0.000290472800610129,0.000106915734671817,0.0145536346354173,0.0121624760448784,0.000357948501550031,0,0,0.0464147370572661,0.00893796420510203,0,7.49283778613509e-05,0,0.00352718073316048,0,0.0173196698485399,0.00104210886688088,0,0,0,0,0,0,0,0,0,0,0,0,0,0,0,0,0,0,0,0,0,0,0,0,0,0,0,0,0,0,0,0,0,0,0,0,0,0,0,0,0,0,0
0.0580563424323757,0.000603594522202499,0.208309145360964,0.00213879577149239,0.000231098956968469,0.000417551183101698,0.0906144234563944,0.00184587020230473,0.00670997298911436,0.00334766321835153,0.00398276554415078,0.000210595452538568,0.00231071763824094,0.0120907136514339,0.00253331086672381,0.0597966478916265,0.0433463513752317,0.00121501465082304,0.00688385943272709,0.000461023303398768,0,0.0494350141098683,6.86960250541792,0.0528538283904445,0.00052862483307504,0.0231535558964508,0.0796075449862479,2.92617240137776,1.13057943356176,4.05046218266357,0.000262412837279581,0.000529782881529529,0.9910597841504,0.394568264761675,0.010360028200635,0.407352031027172,0.129567189929199,0.331982768848348,0.267525167818232,0.0251758826352397,0.00241600850222786,0.003253549425971,0.00566135588743524,0.00178248024697571,0.00135307148927962,0.00284855633203339,6.12697406489138e-05,0,0.000414128696561739,0.000679889652648855,0.000536173787965274,0.000769428855352024,0,0,0,0.00212544876186223,0,0.00353380173810344,0,0,0.000152601991380024,6.9941042431635e-05,0.00033172215050379,0.000539100445534754,0.0237897787105929,0.000196723519170893,0.000165603642208067,0,0,0.00449466181416104,0.027669786450519,0.0028553036939168,0.0114296243739486,0.000488264454232458,0,0.00359319445529381,0.00648379609720215,0.000719920135881437,0.00213749644140057,0,0,0.00020221339765647,0.000340624127734266,0.00294948053730935
0.0081332699032944,1.54622000562652,0.0227804023680135,0.00062924227390712,0,0,0.0132351928612276,4.89985214697751e-05,2.27717867638871,0.000181345716738325,0.0316053710864884,0,0.0847782469175679,0.00138173553127629,0.000428895261208196,5.48584568689753,0.00774213734929904,0.000367247336301273,0.00388211040764173,0,0.0494350141098683,0,0.191044038741234,1.79592499935331,0.190840987834421,0.00653543540260679,0.976206057400951,0.11221366933743,0.0119799091417355,0.0648542716397141,0.0192371496162782,0.000368325258240342,0.0101561830052597,0.0323103802775736,0.000807311181762576,0.078734150090186,0.066258933809264,0.0620441682762813,0.0509218190561085,0.00557213715718794,0.000184813590008243,0.0399587234054662,0.0169708857343038,0.01857521498034,0.0113770141273841,0.0158700815719244,0.000417717136314619,0,0.00389201016676145,0.00257921927272935,0.142123452735467,0.0171351910383902,0,0,0,0.00712178878622069,0.000144902200941485,0.0764314421744568,0.000141835161417244,0.000397630736639724,0,0.00589402296135983,0.000721655253869795,0,0.659687440975786,0.00277733831977173,0.000657711904221069,0.000907650157648405,0,0.0281501062603477,0.98323919186389,0.0644150509989238,0.0853866193608963,0.0359332352334738,0.00518006653295301,0.148802033161699,0.0288928677879149,0.00276446030164917,0.0109143585701469,0.00385422282178741,0.000254931278656795,0.000738066764407574,0.00374223025455541,0.000333757136962788
0.187187774603592,0.00920541975594846,4.28429986965559,0.000802130718509994,0.000194175109170219,0.000732956140315106,0.158826889660126,0.00803080345819014,0.00498403672827749,0.00271848185324172,0.00702500714726085,0.000302907022407295,0.0048096337545369,0.0467240041054187,0.00649346779103848,1.48966818795012,1.44123788885938,0.00511134531630688,0.0246052236396377,0.000137300688016706,6.86960250541792,0.191044038741234,0,0.0578555468417674,0.00121772581679642,0.187190994479923,1.42665623007958,0.470343616819815,0.919905658938549,0.340256486630683,0.000375206084871261,0.00108750361771663,0.220808030377449,0.611821555466476,0.0195626682945903,0.615191788949875,0.379929264493803,0.767687107808495,0.489830166122287,0.0717372157302418,0.00266650458753188,0.00597362208420443,0.00917398293559897,0.00296110840773463,0.00251193524411134,0.00437582222465618,0.000585201607232488,0,0.000346684275673326,0.000490023506528153,0.00671189038288999,0.00234715954397833,0,0,9.71769953456575e-05,0.00150110813489399,5.84532449753291e-05,0.00250126826035684,8.35261496655811e-05,4.02056000694921e-05,0.000704893364236338,0.000541930167377203,4.37061676773071e-05,0.000243027669502645,0.0608981465706803,7.32034412375352e-05,0,0.00028727649437571,0,0.00181564023541798,0.0577670816893201,0.0121993607249051,0.00742185248987585,0.00139279418666304,0.000404166352090798,0.0323363965828327,0.00474182514816681,0.000625910087668461,0.00115351195189935,0.000135448728519655,0,0.00016537381166036,0.000502029116979177,0.00708514197152631
0.0383169448285737,0.0609271511250554,0.0312414683912767,6.26587950943253,4.09944709627002e-05,0.00794286808402906,0.301167020791979,0.00417329013419883,6.06374508594658,0.0798841457317765,0.00543168889907627,1.01801136080884,0.0142698826943472,0.0160260256985317,0.00143980707466262,2.00550668912166,0.0061476684729615,0.000359466965280169,0.00206894711101187,1.74297041537917,0.0528538283904445,1.79592499935331,0.0578555468417674,0,0.0241836107798004,0.00808860283055226,0.194069260026187,4.10518577210145,0.0868989081389325,0.237390504592687,0.00291414998005267,0.00020273724242049,0.0540700981806368,0.0784914637935079,0.00250159793484919,0.134490647441922,0.0504809241458634,0.0841045747359561,0.0676456078400698,0.047786157442325,0.00153544335482409,0.00376918112084779,0.0112937287230671,0.00431612855769267,0.00700418491975527,0.00679905713481741,0.00167777305387894,0,8.11733784059319e-05,0.00435138304155586,0.00891696898299577,0.00260988848697844,0.000366662057357252,0,0.00020193549822059,0.0209861416111675,0.000236332059009993,0.0451147867921648,0.000154919223362863,7.03341130448777e-05,0.000629264586412689,0.000606619731209783,0.00201307145751078,0,0.0896532268831048,0.000807449317587353,0.000185056786790522,0.000320034095128759,0.000222118995695892,0.013099599795684,0.131107866262998,0.0138792662985105,0.173040347344668,0.00317286999840215,0.000695052359122624,0.013245718851493,0.0431072882476535,0.00545213097884253,0.0209598552942159,0.000179631411914016,0,0.00472979544751873,0.00519667455242334,0.000543339549165686
0.000298431130102639,1.51472875978017,0.000898946108534686,0,0.00139890786095356,0.000853917825306167,0.000367575282051468,0.000312548993931253,0.051545813191528,0,0.656556660272598,0,3.59862975887108,0.000597286449254476,0,0.00830836982636123,0,0.00218460938932869,0.0034390434995421,0,0.00052862483307504,0.190840987834421,0.00121772581679642,0.0241836107798004,0,0.0469300202696504,0.8938064993792,0.00122030329908181,0.00283257891949033,0.000413760110901775,0.310314402232749,0.00223352011293693,0.00147369341363657,0.0281480217620113,0.000116881311477748,0.0933439494392257,1.03772516787114,0.289963603195884,0.0227056944973609,0.000716221816372077,0.00643706589768071,2.80056843399479,0.0642072223477227,0.186937754992469,0.0818024494755655,0.0667005649864858,0.000761562081516308,0.00850246107154827,0.690898400492123,0,0.0781605274027555,0.000538634588156657,0,0.000999664345374553,0.000269005688519008,0.000412337691192629,0.000196969818137742,0.0028349536016593,3.57048274081063e-05,0.0707810807104776,0,0.540085506907987,0.00162654931295596,0,0.00320944089361132,0,0.00328124630997314,0.000984421014390766,0.000235102936814289,6.14231039578611e-05,0.015125598853286,0.00103331587491268,0.00158225002535597,0.239554150934548,0.0236868768572369,0.0609380598335382,0.000899149642988751,0.00154443670311559,0,0.21563719174786,0.00109937719896603,0.00147386049271799,0.00948738853215453,7.69033476225815e-05
0.0392161193563446,0.0118580097492236,2.35816421442295,0.000324910257821504,0.00075782265022529,0.00156278990880118,0.0314634761401765,0.00363297625331948,0.00392482356828457,0.000763911928314968,0.865278263050421,0.000134633649518735,0.059644556966886,0.0160367787127877,0.0015378315877024,0.00378355799562161,1.93970665894763,0.404142208751044,1.56167233247445,0.000290472800610129,0.0231535558964508,0.00653543540260679,0.187190994479923,0.00808860283055226,0.0469300202696504,0,0.95732517709782,0.0260962476629078,0.0355327770473947,0.0344915473612891,0.400490734412908,0.00397414633769666,0.00806196420429185,0.357868278156541,0.00507291643315831,0.28607713220043,0.726301162351652,0.698233691459707,0.180449638341832,0.00671831328180523,0.00852881490008337,0.00722122121149567,0.0023583825124342,0.00587447673750082,0.00109805633302046,0.00060158050533103,0.000160566646486834,0,0.00117465880137037,6.05733619993476e-05,0.0158549747675198,0.000111535564470473,0,0,0.000176710224639106,8.72027535927058e-05,0,0.000379532229166311,5.59102452600893e-05,0.00358441948462995,0,0.0293237852358979,0.000145424326281375,0.000180278133818769,0.00125302767778749,7.36945361825853e-05,0.000659519908307638,0.000581406865895377,0,0.000501149465182951,0.00190212116967638,0.00030252540563545,0.000932907936479299,0.0373518613771195,0.0142380707421268,0.0393636567274456,0.000366872688966811,0.000162056704059642,0.000321357087579312,0.0177733751265789,4.4260773999689e-05,0,3.69860691365326e-05,0.00260357881397829
0.00756318101340039,1.74207553960899,1.923729905359,9.88200690981453e-05,0.000380880023638447,0.000586043638792416,0.0142974228142008,0.000932005422870812,0.112842861185002,0.000260684815080582,0.148083484148471,0.000262100050975526,0.792382301056095,0.00419541916036968,0.00212346525813043,0.932123711202136,0.305525983651815,0.0142481355914443,0.0805926743342795,0.000106915734671817,0.0796075449862479,0.976206057400951,1.42665623007958,0.194069260026187,0.8938064993792,0.95732517709782,0,0.0710947937487506,0.0108363197471777,0.0154985818980975,0.335924730354805,0.00121629418405856,0.00293796699729202,0.240987013700896,0.0140935451391146,0.398878625852343,0.573489814009956,0.612504238876804,0.234673062170351,0.0203273290880322,0.00290606593363237,0.00944229409689978,0.012839774372211,0.0237848488012068,0.0099844511043544,0.00537658106886284,0.000233894037923462,0.000172243384692188,0.00101730243004202,0.000380136807872114,0.29718493077111,0.0206963710052822,0,0,0.000174032602105628,0.00144045638170945,2.00044945177552e-05,0.00736661019937721,0,0.0126975742593266,0.000207547006467496,0.0947182593090914,0.000501464895630273,0.000347697878524852,0.0334933952189102,0.00322570691008018,0.00438067671156962,0.00669420591974235,0,0.00221617907848526,0.0940081096250027,0.0167144914030328,0.00955040586863618,0.158566841982706,0.10636312896863,0.590704825752999,0.0021540821785437,0.000613209775501331,0.000897950370977863,0.0539832226362662,0.000322860292374695,8.13042278833523e-05,0.00350767722926111,0.00727940678795463
0.158337249930912,0.00275781776483637,0.203169339327785,2.87241487369303,0.00037306832434552,0.0373296177384992,5.51532904885768,0.0155098219937251,0.198174872128531,1.5513488535619,0.00402873430447714,0.00237366644377303,0.00166143881019033,0.0504959442173606,0.00158858725158617,0.235579161179838,0.0185752583191648,0.00142357278073037,0.00413913782076981,0.0145536346354173,2.92617240137776,0.11221366933743,0.470343616819815,4.10518577210145,0.00122030329908181,0.0260962476629078,0.0710947937487506,0,0.152949287781611,1.58669166064355,0.000123604660636803,0.000573365891369299,0.103235405208015,0.208043289800031,0.00672311402747515,0.260993802635705,0.0663803133975052,0.249281642255879,0.162529200383484,0.00990251506171466,0.00241122790630064,0.0023003503071762,0.0146071311026679,0.00406838796560306,0.0063327979350453,0.00515207091795882,0.0021068240940221,0.000102375822115705,0.000139043919539125,0.00558932927337275,0.00189885609985082,0.00340000609026593,0.102289846914337,0,0.000116757068614677,0.0255237778294228,0.000372454523608441,0.0213099460899159,0.000923795351970642,0.000169304464946935,0.00074536350062882,0.000465898830046268,0.00410068204413098,0.000852591595599436,0.0428082346872505,0.000436898821535932,0.00011697040133769,8.56134877973667e-05,0.0166031375723747,0.0116947975609265,0.0644853670495507,0.00685506757365753,0.100362789390222,8.64249456051097e-05,0.000342875489220697,0.00399232718954666,0.0448132487193453,0.00528349819666625,0.0270267729299531,0,0.000218660789670025,0.00389034842524011,0.00527718071770965,0.00152216672604794
1.33339676899654,0.000401858934792183,0.053219212227563,0.031899108511547,0.0938079280645724,0.206173043904614,0.175595679340225,0.445151725282061,0.0884501567115208,0.100366052836977,0.0695856826628057,0.0187996218430381,0.00507607142339039,6.04786173351699,0.00587474800009425,0.00121703847206659,0.0416239011168013,0.00904257450940455,0.0221587305359192,0.0121624760448784,1.13057943356176,0.0119799091417355,0.919905658938549,0.0868989081389325,0.00283257891949033,0.0355327770473947,0.0108363197471777,0.152949287781611,0,3.75603679838088,0.00458725148906683,0.568181428944827,1.76238802226404,1.57199329989353,9.85709856524794e-05,0.0203241267018445,0.0317383154027439,0.398445830953338,0.0311069125004962,0.338743991731029,0.523382153016916,0.00918008553497461,0.00284019013173677,0.000734952975860791,0.00275088556765818,0.00158615120897381,0.00129793682010964,0,0,0.00311883100991855,0.000416361934118075,0.000488552810607437,0.000334372430679214,9.66942264575242e-05,0,0.0193960435830016,0.000284632792620716,0.0146640459233232,0.000736457209566821,6.05977667702405e-05,0.000266797871744715,0.000223929002068864,0.00162216179009955,0,0.00411338727493927,0.000127927688645464,0,0,0.000126205751303107,0.00252197761884884,0.00598543429355814,0.00174676442865467,0.0323188069504258,0,0.000229745427638883,0.000617550357153943,0.0200263149895353,0.00221092441678173,0.0109145791427629,0.000102641896565114,0.000169699288144476,0.00113249818627253,0.00125738510116023,8.34160100631714e-05
1.02528527981847,0.000829848142601196,0.199056500790764,0.018393706418289,0.000299383980977681,0.000812667389813518,3.63802807156125,0.0146871396524172,0.158733192547344,0.0207603893610677,0.00252853499792587,0.000100292614329111,0.000987140008722764,0.258691245332064,0.000326958221405702,0.0168102079142538,0.0427356664330153,0.000999331403557358,0.00697594014462206,0.000357948501550031,4.05046218266357,0.0648542716397141,0.340256486630683,0.237390504592687,0.000413760110901775,0.0344915473612891,0.0154985818980975,1.58669166064355,3.75603679838088,0,0.000467515853643694,0.000717839805308461,0.4550165579202,0.786724450536962,0.00192760599997216,0.115440323935244,0.0272297330689162,0.119148817716735,0.0681845381068727,0.00329741284150716,0.00364500872260636,0.00228618811733194,0.0135634974887436,0.00374390769879686,0.00794174249785118,0.00746894726832289,0.00320430841518826,0,0,0.00799302004126453,0.000433149804467787,0.00230446508933591,0.000256620115615765,0,0.000184682094830465,0.0304217107575642,0.000377236844706248,0.0250608957368274,0.000481519210651127,6.60505434953679e-05,0.000674699207084247,4.53744901461064e-05,0.00440755489268547,0,0.0304957092630101,0.00021166774232622,0.000170378204832483,0.000176905811001114,5.44235238467165e-05,0.0134458991350193,0.0449009706492677,0.00817036005321919,0.0855836809668162,0.000341256866028113,0.000455881870014527,0.00292607416598757,0.0546598523603797,0.0078500955481036,0.0317859537753958,0,0.000290239454490492,0.00480307689424673,0.00563410819979007,0.000779592568493634
