0,0.00231179104646564,0.0232104465061767,0.00884806350320254,0,0.00170217174990522,1.9947227839734,0.190541708713172,0.0420643104378329,0.019338345680287,0,0.000145194334827275,0.000198980757169395,3.79871256265369,0,0.00145397723585385,0.0316512797565926,0.00020458960948623,0.00107758618665311,0.00134253905022803,0.0137830081801281,0.00801996750537562,0.0181303787462394,0.0610733032669146,0.00144161904272547,0.00510773297674412,0.00295096365086133,0.0878119333470283,1.03100991215055,0.367024447112422,0,0.00175918191960069,0.0545732319061882,0.0693068424519216,0.000306061332359338,0.0321015353912755,0.00813057498711853,0.039491758844657,0.0279405439831717,0.00326982975818632,0.00106118138393953,0,0.0008510154573303,0.000510944129951865,0.00272139513451415,0.00430000419303175,0,0.00223364807973754,0,0.00107976850849371,0,0,0,0,0.00010763267580588,0.00326364503477393,0.000667382694818191,0.0129742741238678,0.000369386718922031,5.14282637440761e-05,0.000366240020399679,0,0.00176294922419527,0,0.000933223190392385,0.0001352043601472,0,0,0,0.000563211479837823,0.00174275976677568,9.63736144473926e-05,0.0132169121149788,0.0015208150038656,0,7.72613773789184e-05,0.0107777749803484,0.00262283935505331,0.00171223049437952,0,0,0.00239835467935186,0.00127505532156497,0.000130523653243433
0.00231179104646564,0,0.0296691259975421,0,0,0,0.00145273640331471,0.000138479289620646,0.159565643886148,0,0.00503480398983193,0,0.0654563696232609,0.000229853724520213,0,0.203234460446498,0.00939876269094731,0.0024498203035956,0.0414822635679038,0,0.00467250217125994,1.96331997830495,0.00559293204957062,0.05662879459656,1.8481880460013,0.0719135579123382,1.86247730343398,0.00823228383517185,0.00107702177350673,0.00187765266770315,0.00608021241765816,0,0.000800564121822924,0.0178760199631828,0.000273829939028213,0.0167264571157892,0.0543676758895803,0.0754488784202013,0.0165425434024632,0.0028225963932878,0.00113527608079804,0.00380963416469804,0.00696621144321328,0.013269616813553,0.0232176769027368,0.00491895180781297,0,0,0,0.0007211163659126,0.459645642334276,0.0248084879351776,0,0,0,0.00022246279946703,0.00031655309351243,0.0921540667061789,0,0.00026756345475349,0,0.00549880999835212,0.000115835430340306,0,0.029636178339979,0.0129680424730097,0.00117009896714534,0.00465174491315846,0,0.00286963702534146,0.379174744071306,0.00300370900066835,0.00684561243508501,0.208965010085889,0.0215894028120619,0.17114092232029,0.00244523221898175,0.000483877364454413,0.000609039494807103,0.0022218535946905,0,0.000224964110249299,0.00469706005540079,0.000210429513904114
0.0232104465061767,0.0296691259975421,0,0.000119500668049348,0,0.00131621008785093,0.0986122621959761,0.00964967488759417,0.00149533292720143,0.000303320742929471,0.000599448719759079,0,0.000832983402281268,0.0207140997513925,0,0.0446125246271152,4.2999660806503,0.000597740215796422,0.0388911663336247,0,0.280048751588388,0.00881033877068191,2.6495547919394,0.0157428092634666,0.00230455508920322,1.64667591056939,2.11103858660605,0.140003776140973,0.00596249978607613,0.0769679482450415,0,0.000331884374086232,0.00222940719000983,0.177063622348205,0.00254356797271868,0.0896020551671422,0.524597256559993,0.494145342181282,0.0981275941208454,0.00756978498562027,0.000561964318443145,0.00213922561664092,0.00279178639083275,0.00259015015256452,0.00190484425544589,0.00281703682454839,0.000287253605637833,0,0.000112025365243615,0,0.00682667882852051,0.000617315536023227,0,0,0,0.000163113420789595,5.69055728279547e-05,0.00192169298415349,0,0,0,0.000292264934269461,0.000107741231396387,0,0.00301986553186068,0.000330702020643541,0.000126655414448153,0.000406041322941215,0,0.00019091897578995,0.0060686225007292,0.000669738045239315,0.00177711105191865,0.00096227478220122,0.000448437504921232,0.0093787325000802,0.000923906135538659,0.000368900350642435,6.04019810795326e-05,0,0,0.000216290535720639,0.000117812103109238,0.000534142812077291
0.00884806350320254,0,0.000119500668049348,0,0,0.0360278249858606,0.0285442176616343,0.0176777339489274,0.344206192884078,1.99558427690292,0.000326363686282884,1.26988507563722,0,0.0122776862465739,0,0,0.000126115835433014,0,6.5321671641385e-05,10.5112416539216,0,0.000258722031715522,3.32299812416082e-05,6.52199055750932,0,0.00021170917201254,0,1.88741282507002,0.0221307362106171,0.000148593966192835,0,0.000841279629996743,0.00200467467008564,0.0267456701944368,0,0.00544414737201971,0.000407007181434902,0.0134131697516293,0.00567611856773163,0.0140516259732517,0,0,0.000432370385147409,0.00038260306878167,0.00131251820495698,0.00127372358930521,0.0024747930813543,0.000277757178108323,0,0,0,0,0.23648878135461,0,0.00115018408553973,0.00168509582881612,0.000878629599857797,0.0059569526734864,0.00284488469830547,0,0.0506153926097973,0,0.000543385149138447,0,0,0,0,0,0.273939361086401,0,0,0,0.00685668489542088,0,5.49610311896898e-05,2.15757848404264e-05,0.00244893108236656,0.00134175918043601,0,0,0,0,0.0018878086288705,0
0,0,0,0,0,0.000978487029386466,8.58531248999067e-05,0,0,0,0.00267332186939845,0.000245690836710912,0,0.000600304024189996,0,0,0,0,0.00037304327284922,0,0,0,8.70640342251145e-05,0.000202731086628489,0,0.000154425201067628,0,0.000127111348817632,0.0215305032663617,0.000157340880921444,0,1.6683621073057,0,0.194939068602474,0,0,0,0.00873093867428509,0.000231192357231427,0.176616373888892,2.52541313291439,0,0,0,0,0,0,0,0,0,0,0,0,0,0,0.000139540877741339,0,0,0.000113531361901349,0,0,0,0,0,0,0,0,0,0,0,0,0,0,0,0,0,0,0,0,0,0,0,0,0
0.00170217174990522,0,0.00131621008785093,0.0360278249858606,0.000978487029386466,0,0.200981353773572,3.25574887938504,0.0565539643745797,2.3954805906883,0.00190381955987085,2.28983281639644,6.98484914856074e-05,0.0662348629380353,3.79863429946172,7.68740586492567e-05,0.000217952317730271,0.000294837303014734,0.00210305513861381,0.136715235696743,0.000231709618541118,0.000288541019163161,0.000538449067154587,0.0503144702985128,6.57262809944039e-05,0.000834600623656895,0.000441600594545269,0.110008058332282,0.130107067516787,0.00109631877599931,6.55386316880699e-05,0.201011187693363,0.000579565411069197,0.112918439185789,0.713070341058988,0.00212263851842753,0.00190146007419297,0.0258304745117105,0.000737201555009033,0.495490252042254,0.00604477604393809,0,0.00101945470023918,0.000105362523767163,0.000647590424896862,0.000227471466091247,0.00195021351774937,0,0,0,0,0,0.00126975312685305,0,0.000662524105011655,0.00595976530868207,0.000895008684666995,0.00556100724900812,0.00344948386999174,7.95887902114295e-05,0.00067948687422157,0,0.000796110331989177,0.000230965260078226,0,0,0,0,0.00347335066963665,0,0,0,0.0119190719611342,0,0,0.000112679260067694,0.00950096766403154,0.00188978930841155,0.000231676443068162,0,0.000216248908367666,0.00012993735445847,0.0015587698526541,0.00121876365941275
1.9947227839734,0.00145273640331471,0.0986122621959761,0.0285442176616343,8.58531248999067e-05,0.200981353773572,0,0.590459705148015,0.26711179414996,1.27357178585006,0.000980651131791026,0.00116196645182754,0.000568033708323348,1.13515892677321,0.000292323159527972,0.00516188047875658,0.0437023276532384,0.00011403725719933,0.00151832109258091,0.00400228222733761,0.0430249893661596,0.0124333518530359,0.0970021672334793,0.46933110272491,0.000853045687089837,0.0119476408437488,0.0126663773408796,4.6191648534234,0.234994385108327,1.78688686546466,6.27030391633036e-05,0.00232060173002237,0.026982149917153,0.159353349279411,0.00225031616731605,0.188473060212114,0.0345191688659341,0.133683228040438,0.086645647730494,0.0120917285904961,0.00190484581745568,0.00119955193783575,0.00946098080518221,0.000394170657909712,0.00925874054988893,0.0106677227451934,0.00216314849253361,0.000230994988940003,0,0.00382586493710382,0.000672539872252946,0,0.000701950245086963,0,0.00134284221015899,0.0199350928334028,0.00455780073010551,0.0537184888738282,0.00511427052605516,2.97369852877971e-05,0.000155917539573021,0.000259589832861726,0.00406397415327509,0.000328299181311489,0.00180802011432082,0,0,0,0.002674630003415,0.00100554990250874,0.00118001374293403,0.000137696204153167,0.0629874396462452,0.00015278051090489,0.000288452713887429,0.000436673829153227,0.0457735703615609,0.01156560667617,0.00554883129134748,0,0.000254773665355571,0.00233345491966425,0.00605673340593423,0.000609640304622387
0.190541708713172,0.000138479289620646,0.00964967488759417,0.0176777339489274,0,3.25574887938504,0.590459705148015,0,0.0453729503938582,1.37441642604879,0.00721798626720984,0.122070049411695,0.000247356738968026,3.48968013904019,0.0459147974015186,0.000723911405300039,0.0105860011245027,0.000395587380270922,0.00848665856612635,0.0841985824953127,0.0039640609504426,0.00205337468357179,0.0100109891889069,0.0573660552659267,0.00080031097932648,0.0055465496287271,0.00400054041425775,0.0705453382625127,0.137618351987062,0.0580924475521021,0,0.414048053629309,0.00467417379425698,0.234615442983453,0.00015891442955954,0.0136038328282083,0.00565613025529727,0.0840689730973486,0.00787336518503374,0.0597343272044013,0.0145633773936378,0,0.00141424833134776,0.000131978299140606,0.00128539827582004,0.0023774056419486,0.00117480114678233,0,0,0.000618983006878359,0.000261909913773821,0,0.000461435833433751,0,0.000420792478180525,0.00881751220668574,0.00116808826977203,0.0103841428884324,0.00302523897912289,5.90699059833085e-05,0.000460087800348497,4.36311113660576e-05,0.000901435325862857,0,0.000609702335379555,0,0,5.51391366109583e-05,0.00214473360455414,0.00010197547352403,0.00047021583802103,0,0.017570495068639,0.000195597238573253,0.000425081509396902,0.000240139780467593,0.0127197752445676,0.0024176079001915,0.0023425815141304,0,0.000321945400571927,0.000412235658202482,0.00262267399254537,0
0.0420643104378329,0.159565643886148,0.00149533292720143,0.344206192884078,0,0.0565539643745797,0.26711179414996,0.0453729503938582,0,0.288364439469184,0.00246722714413804,2.98458146790949,0.0161924652646526,0.0336110843480228,0.0193570993966214,0.052189859072722,0.000267250639186284,0.000538659104954748,0.00589645750090394,0.450239900963979,0.0020632429576658,3.12155502661263,0.000836298408802406,4.7677643257231,0.169363662312327,0.0211665015935539,0.0612737869743008,0.305308446456462,0.0826823557200612,0.0244508577093478,0.00133040566242617,0.00180347477587068,0.0216445049202295,0.096948429124046,0.000247195325139505,0.139029045179825,0.00974484767204238,0.0601873627949358,0.0648330628647373,2.35295090092766,0.00332942919767802,0.00135804171739176,0.0177091332539826,0.0038907749235928,0.0237816854929961,0.037949290202255,0.0357510510316508,0.000797118946104562,0,0.00902114999699592,0.0740764777296876,0.00352785489598148,0.0150123723057887,0,0.00683320877537058,0.0518628612150769,0.00754585572531257,1.18554292118057,0.0373155642184329,6.98839610506498e-05,0.014395507790676,0.00252420047880581,0.00672057205817274,0.00175868746001395,0.163119449189256,0.00222074274972874,0.000224161863875763,0.000244446524912317,0.04667635605253,0.0264305855954646,0.311122010481325,0.00480702939305105,0.207188112922731,0.034091725992498,0.00222623372266544,0.0192271750412934,0.0911192076010227,0.0207002798082796,0.0205166894175378,0.000477505732445378,0.000333155165373715,0.00897656642507631,0.0225027704223328,0.000458168237556595
0.019338345680287,0,0.000303320742929471,1.99558427690292,0,2.3954805906883,1.27357178585006,1.37441642604879,0.288364439469184,0,0.00113021456999323,1.36987908002086,0.000172203162315939,0.375827178218513,0.000340002550091438,0.000128757601467466,0.00022898607552631,8.11669523337897e-05,0.00189409463533382,3.86536940134003,0.000530140165761699,0.000211431862288015,0.000434555676272966,0.337222505507673,0.00030703473432306,0.000552794581655153,0.000628823694094035,1.49100344661322,0.134162459916936,0.00183901990415289,0,0.00241139183120023,0.0036587424007698,0.151341520631925,0.000406624591016229,0.00917053092880321,0.00172514448207713,0.0400226361804545,0.00649538516069167,0.0417989156604153,0.000748292268831767,0.000317348683952728,0.00117315758136034,0.000115647122787724,0.00435584861729441,0.00302082874989555,0.0036415511084637,0.000583557622564141,0,0.000223204328578058,0,0,0.00712082120640746,0,0.00572572620607963,0.0122735404400317,0.00433943716021381,0.014263381341172,0.0129857600714013,8.9235449923988e-05,0.00405614185068053,0,0.00198213762649246,0,0.000129050513141393,0,0.000104571448573771,0,0.00699552090966652,0,0,0,0.0268312845426241,0,5.09665304345508e-05,3.6588504255387e-05,0.0155530915339651,0.00318014618682258,0.000238015881970036,0,0,0,0.00776951409940857,0
0,0.00503480398983193,0.000599448719759079,0.000326363686282884,0.00267332186939845,0.00190381955987085,0.000980651131791026,0.00721798626720984,0.00246722714413804,0.00113021456999323,0,0.000229963525818639,3.09114409770267,0.00314718031943231,0,0.00129139635136849,0,0.401231723182822,2.66279489040575,0.00130741277952608,0.000663663644504872,0.00658114151114527,0.00135667990414298,0.002706712916326,1.69801045486325,0.564826056452945,0.0804901004667457,0.00124232596263618,0.0143274729744258,0.000372225012543134,0.0695901694459581,0.510472374930705,0.000795021850136764,1.05507320587182,0.00060205841995487,0.0423402321032494,0.889386241886418,1.1216801947669,0.0585336560411202,0.000415195358182012,0.0504059035677924,0.247896340584628,0.000444902506484095,0.0132429255482571,0.0066529032833394,0.000982438115779406,0,0,0.000294836327500685,0,0.0011903065731862,0,6.74274157992528e-05,0,0,0.000285025124867298,0,0.000745341217245056,8.51340318062579e-05,0.00391750680783938,0,0.00454538136474395,0,0,4.08259954773641e-05,0.000165524990029879,0.00602237278696791,0.00247763326313296,0,0,0,0.000328477281973426,0.000360458540678963,0.0305502206317015,0.0242036684389726,0.0187346024199885,0.000295147401079125,0.000311214638352609,4.35376048263892e-05,0.00337641908781439,0,0,0.00122431748550699,0.000139051301601958
0.000145194334827275,0,0,1.26988507563722,0.000245690836710912,2.28983281639644,0.00116196645182754,0.122070049411695,2.98458146790949,1.36987908002086,0.000229963525818639,0,0,0.0126112603378292,0.379879005565905,0,0,7.36325345408674e-05,0.00132798796974197,8.56859196138187,0,0,0,3.19835880080378,0.000242032819224546,0.000584273197465636,0.000139828352644356,0.0484171345433266,0.0229742964209195,0.000161180621771471,0,0.00116779383083722,0.000657564134558549,0.0461753426395308,0.335758469349873,0.00690876774709328,0.00130099606276692,0.0141887597054878,0.000376549350685124,0.343817070581884,0.000357491752817718,0,0.00171146700909485,0.000219585460134014,0.00212435600889553,0.0022607333298642,0.00203952780668593,0.00139164370098707,0,4.49457280332112e-05,0,0,0.0013883886615159,0,0.00174581611581559,0.0036988205239199,0.000944157588004589,0.00712341502961486,0.00446741375406621,0,0.122162403761998,0,0.000970274842166208,0,0,0,0,0.000184128149665674,0.0566961648233673,2.44348243406457e-05,0,0,0.00751696645330036,0,5.49916637279071e-05,3.39500535705963e-05,0.00368610593103217,0.00120714784995891,4.05742722019709e-05,0,6.06412876577255e-05,0.000169236933336574,0.00232134918779935,0.00112258001624644
0.000198980757169395,0.0654563696232609,0.000832983402281268,0,0,6.98484914856074e-05,0.000568033708323348,0.000247356738968026,0.0161924652646526,0.000172203162315939,3.09114409770267,0,0,0,0,0.00902071331830721,0,0.00073740164468596,0.00349147250845042,0,0.00177627863928269,0.06163396657666,0.0028175568476809,0.0062541529620496,5.50226457806489,0.419761417354787,0.921635338236334,0.00146445619642092,0.00119175045551699,0.000823671489515597,1.3833581766577,0.000145799844745376,0,0.020165007270458,0.000925473716901607,0.220166686534942,0.585122373328893,0.161165009924664,0.083613552669625,0.000360345781293334,0,1.42668949352194,0.00699951294550348,0.00579916891624535,0.00438795892909225,0.000750065343584935,9.19516841039053e-05,0,0,0,0.00408952713876184,0.000194552248375321,0,0,0,0,0,0.00281596866372579,0,0.00172227783514407,0,0.0168820914152298,0,0,0.00338155478839463,0.000172452242463117,0.00279033519753907,0.00129964062143304,0,0.000111383793694696,0.00408222788434043,0.00016403407600607,0.000323602371888481,0.0342130301007967,0.012548947587945,0.0162994465829016,0.000433403967621866,0.00015564065354778,0.000247181624163083,0.00100497795682408,0,0,0.00121468631155874,0.000423249977115741
3.79871256265369,0.000229853724520213,0.0207140997513925,0.0122776862465739,0.000600304024189996,0.0662348629380353,1.13515892677321,3.48968013904019,0.0336110843480228,0.375827178218513,0.00314718031943231,0.0126112603378292,0,0,0.000125115501079008,0.00186528383813258,0.0301077246397262,0.000270126471550031,0.00577546851685659,0.0300683914067863,0.011111301162231,0.00459842523334101,0.0229921155771521,0.0588391925490933,0.0015476101669328,0.00707343692423357,0.00674657165783861,0.0928838001243676,4.89713602288544,0.11678899241367,0.000114968295085394,0.185283120221291,0.0228505721265419,0.293939809587786,0.000266856980704978,0.0335472063733483,0.00970713656612874,0.0930368613073787,0.019086364156769,0.0256358701248839,0.0188377879969867,0,0.00236905915694651,0.00011202252210258,0.00245601324892002,0.00371908320281181,0.000421915815125738,0.000310718934033052,0,0.00111297420317841,0.000158532757364004,0,0.000191283432847324,0,0.000254414018575238,0.00606932231452933,0.000857915084559752,0.00847529834475982,0.0013585673678287,0.000133333519559482,7.58515782128644e-05,6.94281960195013e-05,0.00150121712628203,0,0.00127754674292168,0,0,0,0.000394490691610666,0.000380226851972737,0.000603247097469581,4.07869229691032e-05,0.0197437707092163,0.000253984981109154,0.000122791451324933,0.0003586974537824,0.0113502237933452,0.00350894633449786,0.00207343357803924,0,0,0.00118867919734693,0.00166788696927743,3.59280382176875e-05
0,0,0,0,0,3.79863429946172,0.000292323159527972,0.0459147974015186,0.0193570993966214,0.000340002550091438,0,0.379879005565905,0,0.000125115501079008,0,0,0,0,0,0.000595174286301597,0.000118627245417384,0,0,0.000132996492828305,0,0,0,0.000378926499251641,0,0,0,0,0,0.00141374184784217,0.193276433213627,0.000990951286938386,0.00188611857127964,0.00252774667281224,0.00114267374451923,0.363817961344324,0,0,0,0.00199154906687605,0.00170955310588208,0.00319182729009349,0.00207944006180502,0,0,0,0,0,0,0,0.000826061208872478,0,0,0,0,0,0,0,0,0,0,0,0,0,0,0,0,0,0.000221514787809657,0.000818140141925647,0,3.35571946269921e-05,0.000294717826255923,0,0,0,0,0,0.000546663644909282,0.00755424365600001
0.00145397723585385,0.203234460446498,0.0446125246271152,0,0,7.68740586492567e-05,0.00516188047875658,0.000723911405300039,0.052189859072722,0.000128757601467466,0.00129139635136849,0,0.00902071331830721,0.00186528383813258,0,0,0.0110588376486643,0,0.00287595973220785,0.000100032577638087,0.629554773248309,5.2670210848076,1.45384010316918,2.2040206503412,0.0403243400503189,0.0112111901169461,1.23221237975329,0.32717875607811,0.00333344201427854,0.0615464432556918,0.00107413739709844,0,0.000379468791853428,0.0434178898696936,0.0145859328492406,0.549016177121182,0.306177383206838,0.230795899533503,0.303699151191988,0.0821113373657692,0.00121393238601358,0.0201442821341544,0.0169632966660517,0.00684336035755155,0.00539987956026658,0.0116677041593079,0.00263709458692325,0.000101851885217694,0.00099182630927061,0.000875266598340831,0.0183921208881605,0.00069424094761938,0,0,0,0.00362134631921227,0.000268797674436244,0.0250408761392543,0.000268934945639972,0,0,0.00150176044653792,0.000797537594605336,0,0.14409796348241,0.000901642509188201,0.000252112998165289,0,0,0.0276658619316713,0.0936930715899039,0.0077664927137011,0.0475237448235806,0.0193877798258638,0.00143291839199418,0.0139173269653947,0.03005086577036,0.00253873112104819,0.0102234258886367,0,0.000380110644153532,0.00058136083902665,0.00326524448468283,0.00503812720023218
0.0316512797565926,0.00939876269094731,4.2999660806503,0.000126115835433014,0,0.000217952317730271,0.0437023276532384,0.0105860011245027,0.000267250639186284,0.00022898607552631,0,0,0,0.0301077246397262,0,0.0110588376486643,0,0.00143268941734143,2.80950936424682,9.19335761376148e-05,0.0545503444561537,0.00621226936125133,1.86659741790827,0.00312241812530398,0.000500137644075349,2.03822112157357,0.213289509107515,0.0238134419015637,0.321205216089306,0.0580823823505562,0.000104767414708631,0,0.0236798975521033,0.132792978507641,0.000603386768972837,0.0272864604318814,0.243613036997159,0.0971739271333856,0.019725575113016,0.00140264843545634,0,0.000637016835982986,0.000500845003028556,0.000590730516502519,0.000785410997810631,0.000416453048425573,0.00030517576780131,0,0,0,0.00303220234615306,0.000426308038067027,0,0,0,0.000185810145075238,0,0.00032498393503556,0,0,0,0.000112496215926086,4.10522673475696e-05,0,0.000281744958717545,0,0,0.000170695374264301,0,5.50263359004998e-05,0.00297731609118908,8.56677969287081e-05,0.000367746239636133,0.000359517792269757,0.000347686099129604,0.00471119612031552,0.000595939928715691,5.97305506374515e-05,0.000106797264961208,0,0,0,0.000366015851564956,0.000219034887494305
0.00020458960948623,0.0024498203035956,0.000597740215796422,0,0,0.000294837303014734,0.00011403725719933,0.000395587380270922,0.000538659104954748,8.11669523337897e-05,0.401231723182822,7.36325345408674e-05,0.00073740164468596,0.000270126471550031,0,0,0.00143268941734143,0,2.00644265965459,0,0.000172827855102588,0.000127702317019307,0,0.000561656243322625,0.0460539436862253,0.333685663412119,0.021017508222411,0.000214769213819117,0.00130393845298171,6.44768742441085e-05,0.00237423991954538,0.000558690773871183,0.00014783124440104,0.02145185377816,4.51751449499696e-05,0.00493894156418562,0.063070127466632,0.0632615243356735,0.013261767392496,0.000110366002776169,0.000233386416529167,0,0,0.00443599957316525,0.00274053693690482,0.000746336508786766,0,0,0.000419370616986891,0,0.00166970852992587,0,0,0,0,0,0.000144772850856647,0.000762529484421693,0,0.00137017167224449,0,0.000760180183161197,0,0,0,0,0.00489600676294605,0.000523847250907105,0,0.00026962713379676,0,0.000132872803338915,0,0.0137969663406857,0.00908391251646478,0.00748503605745638,0.000188543823554634,8.625851377792e-05,0,0.00204924113944646,0,0,0.000270265235504403,0
0.00107758618665311,0.0414822635679038,0.0388911663336247,6.5321671641385e-05,0.00037304327284922,0.00210305513861381,0.00151832109258091,0.00848665856612635,0.00589645750090394,0.00189409463533382,2.66279489040575,0.00132798796974197,0.00349147250845042,0.00577546851685659,0,0.00287595973220785,2.80950936424682,2.00644265965459,0,0.000671201066156918,0.00171160851595029,0.0126765038140134,0.00968735479158349,0.00332978388162332,0.0704262369944819,3.22103678797691,0.249357840808266,0.00263580038349607,0.0256056931291989,0.00234271525387386,0.00140828003172977,0.00669338975103333,0.00135211686537575,1.01009737927341,0.000330993654628525,0.0241445058015545,0.317791788992625,0.751748139479889,0.0950687846536502,0.00188645409907373,0.00484434937401447,0.00353830297727246,0.000751067264303254,0.00487078662460053,0.00293827097992451,0.00151838729442932,0,0,0,0,0.0191383196600416,0.00108539533000459,7.57402359524949e-05,0,0,0,0.000188911909061239,0.00232818822567545,4.66793227109638e-05,0.00162883484940574,0,0.00323853665849957,0,0,0.000526350719067155,9.92510264967526e-05,0.00258125336224529,0.00306380387207453,0,3.99431703386722e-05,0.00248624967385484,5.96649685011413e-05,0.000428232415650502,0.033078395165402,0.0223587330817513,0.0349694159320609,0.000531897245194864,0.000126296379760143,0.000162102910204104,0.000933408833087845,0,0,0.00145572831973424,0.000269085392563941
0.00134253905022803,0,0,10.5112416539216,0,0.136715235696743,0.00400228222733761,0.0841985824953127,0.450239900963979,3.86536940134003,0.00130741277952608,8.56859196138187,0,0.0300683914067863,0.000595174286301597,0.000100032577638087,9.19335761376148e-05,0,0.000671201066156918,0,0.000100504866382967,0,0,1.13118239718349,0.000108116028829672,0.000779911470146929,0.000335318975620706,0.279509430114045,0.0608776397712407,7.47743129059218e-05,0,0.00268064776801633,0.00325755595410035,0.086897488638877,0,0.00127338088084296,0.000971672657319449,0.0333084045460543,0.000543906805638268,0.0865173304329317,0.00248628168644057,0,0.0029035408072899,0,0.00552370705970942,0.00300633586197177,0.00517198343964853,0.00137551618296052,0,0,0,0,0.0468874057667173,0,0.00358810325000766,0.00337584402948926,0.00267061841321257,0.0141581668999298,0.00700770254973273,0,0.0914005701569386,0,0.00171912605281704,0,0,0,0,0,0.10176532811266,0,0,0,0.0114363528109106,0.000375270579124686,0.000207546828200521,0,0.00717025175947639,0.00128049340724834,5.7648576296981e-05,0,0.000280412714639508,0,0.00395239304823991,0
0.0137830081801281,0.00467250217125994,0.280048751588388,0,0,0.000231709618541118,0.0430249893661596,0.0039640609504426,0.0020632429576658,0.000530140165761699,0.000663663644504872,0,0.00177627863928269,0.011111301162231,0.000118627245417384,0.629554773248309,0.0545503444561537,0.000172827855102588,0.00171160851595029,0.000100504866382967,0,0.0535923064333605,6.14761285218504,0.0612684675130868,0.0023316177593559,0.0126294639899022,0.0765743511411565,1.44658299956687,0.47641238945376,3.33502817268379,9.77323186922424e-05,0.000722688327149267,1.50910534497313,0.297209773602772,0.0130232223305772,0.429565106152149,0.113001717121409,0.438823587733196,0.219696618607347,0.0456476469662555,0.000335388004524373,0.00309598514053752,0.00570132742677654,0.00268532579935999,0.00135963135510679,0.00413359382552433,0.000734128539951313,0,0,0.000510969363436945,0.000988135954883626,7.84344024025961e-05,0,0,0,0.00179048072494636,0.000313020198191554,0.00378101288193359,0.000132643806432958,0,0,0.000162990324858656,0.000142640054682033,0,0.013245718678485,9.26150357237364e-05,5.33191631411079e-05,0,0,0.00394425656360128,0.00767964055327277,0.000865739085531333,0.0115707335020338,0.00108156215594231,0.000305829698973298,0.00109060807427841,0.00823420408388826,0.000330513971716878,0.00203654578357839,8.45237328520113e-05,9.70043342812003e-05,0.000348749814390534,0.00052534177006365,0.00359429100331469
0.00801996750537562,1.96331997830495,0.00881033877068191,0.000258722031715522,0,0.000288541019163161,0.0124333518530359,0.00205337468357179,3.12155502661263,0.000211431862288015,0.00658114151114527,0,0.06163396657666,0.00459842523334101,0,5.2670210848076,0.00621226936125133,0.000127702317019307,0.0126765038140134,0,0.0535923064333605,0,0.0340268632661753,2.07636519745038,0.572582414907063,0.0415724147318327,1.32923473626984,0.106242932965498,0.011322743495275,0.0353601201510763,0.00310700128466611,0.000285521611614881,0.00666886171004865,0.0230517814413173,0.00182286197419403,0.0970859161488851,0.0583178739752733,0.0679130797574271,0.0557030533285263,0.00686056862539104,0.000263806545984811,0.00411810795908916,0.0161090197654799,0.0123914889773313,0.0183391743704353,0.0150164638359783,0.00178023570112719,0.00152838290974217,0.000629212717670399,0.00448571644348419,0.256427302489155,0.0105926989026404,0,0,0,0.00674919555157496,0.00140857851806615,0.902755617363887,0.000222037079293411,0.000597724128778419,0,0.00854691428908996,0.00259316303005762,0,0.426052412165008,0.00360081684624601,0.000293463448657945,0.00139396600452695,0,0.0369922687051923,1.47407334895037,0.0182688075287423,0.101317561235082,0.0966117059055966,0.00771305601388271,0.0980454522006591,0.0389666567108004,0.0069877945527024,0.0139051784925674,0.000593492027839291,0.000517522875102261,0.00251138447662308,0.00672211720820728,0.000660708355394552
0.0181303787462394,0.00559293204957062,2.6495547919394,3.32299812416082e-05,8.70640342251145e-05,0.000538449067154587,0.0970021672334793,0.0100109891889069,0.000836298408802406,0.000434555676272966,0.00135667990414298,0,0.0028175568476809,0.0229921155771521,0,1.45384010316918,1.86659741790827,0,0.00968735479158349,0,6.14761285218504,0.0340268632661753,0,0.034077017080952,0.00158822146547221,0.0542456850026936,1.79075216690398,0.370658753972737,0.435447215809112,0.232802038615019,6.22573579748542e-05,0.000158210652970357,0.163799307415378,0.406048419847891,0.0355320699184056,0.568298751171245,0.860649298803326,1.14065249055862,0.495706788422648,0.121618486521621,0.000714187635456158,0.00510223136325573,0.0147526293706309,0.00595179329766051,0.00403851557203278,0.0057895597517628,0.00325761706981745,0,0.000123970451054545,0.000182486356540798,0.00337583793066094,0.00031395450956993,0,0,5.97179189101701e-05,0.000369969336769139,1.4891056849338e-05,0.00140841410095684,0.000113919515252358,3.87060090491029e-05,0,0.000124076313626917,0.000163703369287372,0,0.0103787766563462,0.000101015834221623,0,8.29191449725523e-05,0,0.00144075626078427,0.0100117713384776,0.00261540674561195,0.00238810794679634,0.00104355454207734,0.000568171874466904,0.0131615405491365,0.00156057537318364,0.000377440400981342,0.000415863210435998,0,0,0.00014843546223839,0.000448603902609409,0.013579231627426
0.0610733032669146,0.05662879459656,0.0157428092634666,6.52199055750932,0.000202731086628489,0.0503144702985128,0.46933110272491,0.0573660552659267,4.7677643257231,0.337222505507673,0.002706712916326,3.19835880080378,0.0062541529620496,0.0588391925490933,0.000132996492828305,2.2040206503412,0.00312241812530398,0.000561656243322625,0.00332978388162332,1.13118239718349,0.0612684675130868,2.07636519745038,0.034077017080952,0,0.0362013109664637,0.00951447772056346,0.104612895997162,2.6848599172653,0.165913290921766,0.0969851070951934,0.000540256128687273,0.00284114214507019,0.0283706720516712,0.14585547884013,0.00200794450390599,0.201183475981823,0.0397720288963667,0.120422540935921,0.0960283667901436,0.0374513101396204,0.00306456319369421,0.00158577290085623,0.0419342373702016,0.00290067678526988,0.0580108667421688,0.0679784721532078,0.00636753918205595,0.00575876003624983,5.65248805480222e-05,0.0145127419410934,0.0111791809758261,0.000637229323513341,0.00780205685217495,0,0.00528820645810687,0.0807952509458467,0.0148943254579041,0.271308546268345,0.0115539603326577,0.00104711994333691,0.00257088926804501,0.000694205424851518,0.0272863076102821,0,0.0779922209142298,0.000623600630606814,0.000447500632216877,0.000713731631922033,0.00612635575849037,0.0291478577326864,0.0486648662902781,0.00415554168752692,0.317898027513097,0.00530488521185318,0.00079432560726495,0.00882038241290834,0.209189701748339,0.0628113468041075,0.0391246639455392,0.000255924514486798,0.00082187735116064,0.0125938828541907,0.0433791000267903,0.000982891483863878
0.00144161904272547,1.8481880460013,0.00230455508920322,0,0,6.57262809944039e-05,0.000853045687089837,0.00080031097932648,0.169363662312327,0.00030703473432306,1.69801045486325,0.000242032819224546,5.50226457806489,0.0015476101669328,0,0.0403243400503189,0.000500137644075349,0.0460539436862253,0.0704262369944819,0.000108116028829672,0.0023316177593559,0.572582414907063,0.00158822146547221,0.0362013109664637,0,0.798193624595731,1.26536032889263,0.00416474301457217,0.00319645679073903,0.00195437027540737,0.155060393303139,0.000732505039252098,0.000345846929735116,0.0608757648353845,0.000257838338426335,0.0308870145435888,1.21533747103508,0.441030760780602,0.044055007984424,0.000713166923717657,0.000970855935511654,0.874895781991276,0.00257116831876531,0.0259498472630805,0.0158940185823703,0.00605016089153493,0.000674684575235748,0,0.00175844719060805,0,0.13783652012311,0.00402762441958922,0,0,0,0.000250277823515146,0.000213019393810352,0.0276683848451893,0,0.00793832366068555,0,0.0129777663199548,4.30505213506148e-05,0,0.0271091055603217,0.00210688703633689,0.0179747130751952,0.0150515500946903,0,0.00110520237963503,0.0753431169526333,0.000949004623684654,0.00459432067271018,0.439730962621583,0.069705792648714,0.141888704646604,0.00139808909826164,0.00106475721212589,0.000335092409735676,0.0111613871815112,0.00040957718234718,0,0.00398036602760424,0.000125745254495935
0.00510773297674412,0.0719135579123382,1.64667591056939,0.00021170917201254,0.000154425201067628,0.000834600623656895,0.0119476408437488,0.0055465496287271,0.0211665015935539,0.000552794581655153,0.564826056452945,0.000584273197465636,0.419761417354787,0.00707343692423357,0,0.0112111901169461,2.03822112157357,0.333685663412119,3.22103678797691,0.000779911470146929,0.0126294639899022,0.0415724147318327,0.0542456850026936,0.00951447772056346,0.798193624595731,0,2.36316189405347,0.0108590593437667,0.0108737961016244,0.0134826063087937,0.179715646677946,0.00225298367403704,0.00149898936824991,0.171268030553613,0.00195205077069038,0.094111829990509,0.878963613734199,0.502695677771454,0.0842599667214976,0.00174162818871739,0.00135534958998394,0.0170518161072832,0.00473119206980638,0.0304925398809104,0.022327313116293,0.00385367896245291,0.000714042539512183,5.27997558101879e-05,0.000703290184368598,4.63324605527041e-05,0.0313930396233519,0.000814934732044168,0,0,0.000137011192709295,0.000357426319245434,0,0.00478709227740995,0.00017977304187986,0.0108470895770595,5.05496930378337e-05,0.0144058641368381,0.000212523007644136,0,0.00223183639842639,0.00170463785857626,0.0173770416519918,0.0178481039063407,0,0.000471129232456119,0.00749057945687942,0.000746872094749555,0.00157956392858696,0.127285213165872,0.119270541358716,0.177015850960534,0.000735334009961612,0.000521043376020413,3.2701163690531e-05,0.00742614543176229,0.000221187544540665,0,0.00546220238291825,0.00112438870581306
0.00295096365086133,1.86247730343398,2.11103858660605,0,0,0.000441600594545269,0.0126663773408796,0.00400054041425775,0.0612737869743008,0.000628823694094035,0.0804901004667457,0.000139828352644356,0.921635338236334,0.00674657165783861,0,1.23221237975329,0.213289509107515,0.021017508222411,0.249357840808266,0.000335318975620706,0.0765743511411565,1.32923473626984,1.79075216690398,0.104612895997162,1.26536032889263,2.36316189405347,0,0.0611469498552133,0.00681779685151323,0.0158116029510866,0.274824475767249,0.00101501775231339,0.000442575588077921,0.300675879588631,0.0159910251447803,0.287796263318674,0.549913072874069,0.936471879022715,0.215948391687764,0.0258503399865231,0.00115290465601065,0.00677499959106678,0.0132379533950802,0.0234642068520231,0.028706974385257,0.00796282171571212,0.00121631686723975,4.93441529260089e-05,0.000645733572790855,5.46210646838984e-05,0.0960401900693888,0.0120756933481877,3.91846238027545e-05,0,0.000134859561255534,0.00101110222006148,0.000116593344067268,0.0140531917141024,5.24812524538313e-05,0.00606254171281861,0,0.00896865450209145,0.000229787835005052,0,0.0646221412880633,0.0054191516105582,0.0104019111234084,0.0123040131872468,0,0.00170064537825362,0.0662667786588944,0.00883637642835629,0.00580301464569269,0.094771919288817,0.10856848239445,0.347859527074973,0.00332829197469519,0.000714897999119191,0.000505877339759276,0.00429280457699574,7.62158973527365e-05,0,0.00672008018152346,0.00550973618380431
0.0878119333470283,0.00823228383517185,0.140003776140973,1.88741282507002,0.000127111348817632,0.110008058332282,4.6191648534234,0.0705453382625127,0.305308446456462,1.49100344661322,0.00124232596263618,0.0484171345433266,0.00146445619642092,0.0928838001243676,0.000378926499251641,0.32717875607811,0.0238134419015637,0.000214769213819117,0.00263580038349607,0.279509430114045,1.44658299956687,0.106242932965498,0.370658753972737,2.6848599172653,0.00416474301457217,0.0108590593437667,0.0611469498552133,0,0.231905032141399,2.06850035864644,3.29351775193321e-05,0.00309250468824961,0.0594212352387759,0.28284768244478,0.00891414951004348,0.427799969410777,0.0775820649729077,0.297061085989569,0.172847131932803,0.0255539695221733,0.00346120665084304,0.00351570645600967,0.0188669671828467,0.00256897057654483,0.0224336808567494,0.0278027469181381,0.00436173086292299,0.00153528275818346,0.000215651713870184,0.00691435158572867,0.00294187861414878,0.000407563810329912,0.0021415976411299,0,0.00203118637526725,0.0422384831314424,0.00766750711215738,0.0591297516096796,0.00639168159388932,0.000218434258483807,0.00134022456498082,0.000206296205061005,0.0146037291665181,0.000267019102001765,0.027954212757866,0.000313649795798635,0.000244789090503305,0.000157013013207493,0.00273969818889558,0.0134660125779909,0.0120450883911767,0.00206491543391317,0.144747945423525,0.000982759856265797,0.000415640676370511,0.00242904627484576,0.116103507440195,0.0274333366610069,0.0266861480673913,4.74059872774602e-05,0.000352719254386015,0.00698435929222951,0.01570867397434,0.00294619342955574
1.03100991215055,0.00107702177350673,0.00596249978607613,0.0221307362106171,0.0215305032663617,0.130107067516787,0.234994385108327,0.137618351987062,0.0826823557200612,0.134162459916936,0.0143274729744258,0.0229742964209195,0.00119175045551699,4.89713602288544,0,0.00333344201427854,0.321205216089306,0.00130393845298171,0.0256056931291989,0.0608776397712407,0.47641238945376,0.011322743495275,0.435447215809112,0.165913290921766,0.00319645679073903,0.0108737961016244,0.00681779685151323,0.231905032141399,0,2.28483582450961,7.37006215966876e-05,0.94860683523934,4.04995961020443,2.24128080482794,0.000510987925250572,0.05962138664927,0.0192818869481008,0.475850572306349,0.0452854406318787,0.0222632408439659,0.282588467356358,0.00047864062083685,0.00336065266119822,0.000220770320029103,0.00615860185724655,0.00554235311314323,0.00201893092506624,0.000757004827053658,0,0.00159848939909456,0.000726295825564813,0.000310498707534696,0.000305508762327395,0,0.000742769959753322,0.0175967954267634,0.00289633791785262,0.0302420019731186,0.0040799547047459,0,7.86776691818272e-05,0,0.00680083080953746,0,0.00150659911657211,0.000128986809242584,0.000255217738734451,2.71633222531857e-05,0.000664544286733742,0.00130569021163906,0.00143605499939082,5.61616593845694e-05,0.0537915109504229,0.000564981109646648,0.000415463932361754,0.000709023638660006,0.0354935428762991,0.00761456708419245,0.00733411459124356,0,0.000342054745307375,0.00168895892472055,0.00370185211361019,0.000113552265883215
0.367024447112422,0.00187765266770315,0.0769679482450415,0.000148593966192835,0.000157340880921444,0.00109631877599931,1.78688686546466,0.0580924475521021,0.0244508577093478,0.00183901990415289,0.000372225012543134,0.000161180621771471,0.000823671489515597,0.11678899241367,0,0.0615464432556918,0.0580823823505562,6.44768742441085e-05,0.00234271525387386,7.47743129059218e-05,3.33502817268379,0.0353601201510763,0.232802038615019,0.0969851070951934,0.00195437027540737,0.0134826063087937,0.0158116029510866,2.06850035864644,2.28483582450961,0,0,0.00201843523874446,0.615789006467784,0.425070484652967,0.00268327968745958,0.205355938416666,0.0355526853474278,0.148593919781217,0.086130851044328,0.0105771538944541,0.00245310486903698,0.00150273364813421,0.00502895929187863,0.000595775691389565,0.00434098878300117,0.00527624210615966,0.000467929834994463,0.000175969901957887,0,0.0010262311485934,0.00155894196093805,0,0,0,0,0.00953581209869121,0.000580971568784074,0.00856254153600648,0.000156418733603729,3.44505554086784e-05,3.22494977855877e-05,5.67564923608932e-05,0.0036515013274765,0,0.0112493214873216,6.91162973010138e-05,0,4.26958997978046e-05,0,0.00463567042538462,0.00636948582971776,0.000250610841210951,0.0370402619505041,0.00103067145178796,0.000120309048654961,0.00110065407233254,0.0287761326213741,0.00617005955258699,0.00726338795836073,0,0,0.00183835649100462,0.00432104989913616,0.000546571482512082
