0,0.0031742626809942,0.0858519517842685,0.00497465750205621,0.00033756103542059,0.0032477049901137,3.48355765744477,0.21860921828815,0.0401489080185044,0.0079753803816452,0.00402458720868183,0.000985770304183953,0.00137813808951271,3.36672149109531,0.000474791218619853,0.000211067590751083,0.077179404662207,0.000870565945971791,0.0368296372198574,0.00113057100027953,0.035679316903945,0.000450989775178601,0.0831116968061125,0.112884072408098,0.000439254425448316,0.00117663530215163,0.00222750791796373,0.0642607078662672,1.90765373859441,0.349819030517683,0,0.00231040414987293,0.0991620985879727,0.14794779653561,0.000431766165820021,0.00958254909830598,0.00158881167696574,0.0454189340338387,0.0117960819559762,0.00118376755328939,0.00445719010632356,0.000844147971484046,0,0.000165008097511654,0.000330843234617994,8.60512301600197e-05,0,0,0,0,0.000642413988036432,0,0,0,0.000246514266185101,0,0,0.00284868518366765,0,0,0,0,0,0,0.000185428968221095,0,0,0,0,0.000283988479173414,0,0.000226176355977029,0.00125210607180588,0,0.000118109979241965,0,0.000591832563390225,0,0,0.000159737867197066,0,0,0,5.59563376798482e-05
0.0031742626809942,0,0.364708354089246,0,0,0.000175303470312556,0.00290862509510685,0.00166249034854104,0.149429141029452,3.83527830424156e-05,0.0674562171497618,0.000850185226429325,0.0159186366450867,0.00174782040831462,0.000132179366168019,0.0138437694181175,0.695203252852365,0.0349656524738875,0.553634775272606,0,0.0119045533346876,2.61061124197993,0.0392512444348453,0.0452796124943518,1.32904292712862,0.327522120360771,0.659806497267887,0.00478852490093294,0.0025096051614497,0.00454982959899835,0.0150812814362402,0.000411893188479824,0.00247497639722542,0.242946290041832,0.00196470840604175,0.448933950168994,1.26374222527135,0.520650873080971,0.26134429389598,0.00187569013411702,0.000840565695304721,0.00574534288250845,0.0139932157002106,0.0638539756389199,0.0246392898449638,0.0140787782393623,0,0,0.000552971537997049,0,2.05710492928912,0.0322557203823151,0,0,0,0.000633118765944301,0,0.000515339200256967,0,0.00682043982251813,0,0.0298207248707419,0,0,0.00253337123831352,0.0240110207731379,0.00239281258902535,0.00507467221502527,0,0.000468452891730041,0.00546179422445735,0.00138487239414225,0.000217683157061524,0.0628295562255555,0.025404934426611,0.139906711867072,0,0,0.00013914920786812,0.0103788476651284,0,0,0.00280280333475719,0.00281274920551112
0.0858519517842685,0.364708354089246,0,0,0.000231325334958973,0.00194409303256853,0.100686312723343,0.0404745146659689,0.00576992808394361,0.000750161636858487,0.0471464321647185,0.000243977933148094,0.00364554870121959,0.0574246111300705,0.000390753872153879,0.0216791554969203,1.19910667519453,0.0288664680865467,0.362336841375845,0.000345787555782399,0.286657396705384,0.113605825297435,7.11503680362113,0.00883012692463564,0.00723814331107964,2.64750902340683,1.37968363989394,0.0804631351294502,0.0360891859211005,0.137397527265161,0.0017522047852175,0.000872307487116024,0.00781041170318066,0.257310771758768,0.00447772142972368,0.238744190961757,0.132988217005259,0.303202123862275,0.137203187524247,0.000871707153373659,0.00406088754401245,0.000327206770073312,0.00199233215052664,0.0019056406020995,0.00104530464625748,0.000999720351885239,0,0,0,0,0.0769052885652079,0.000282992390302862,0,0,0,0,0,0,0,0.000300990693067649,0,0.00216641724925166,0,0,0.000401994418876353,0.000504265504972845,0,0.000108056247443243,0,0,0.00126419935496911,3.2581580447623e-05,0.000169870384216664,0.00331828437481489,0.00152057937591981,0.0052709632405204,0,0,0,0.00074153860852215,0,0,0.000271938827859988,0.00384703860641086
0.00497465750205621,0,0,0,0.00110172376608538,0.0144173183523771,0.0412361656205857,0.0219406660534879,0.0260462946845414,0.394970555628595,0.000178117176593467,0.654988098638582,0.00115132415581357,0.0150900111986619,0.00280058854413119,0,0,0,0,4.78829549461925,0.000852216750871568,0,4.69459973247597e-05,2.10519576188042,0,7.19210115682255e-05,5.08284495028214e-05,2.70806305806784,0.0109326114206739,9.3899622682081e-05,0,0.000411272311570644,0.000211226551454604,0.0131797228132712,0.000123205806458968,0.024213176492074,0.000666411348423219,0.0230497760600799,0.00554328038151461,0.00427670051772772,0.00568386957790859,0.000119490360444188,0,3.49727644748149e-05,0,0,0,0,0,0,0,0,0.0381375160498439,0,0,0,0.000309303577151303,0.000780532553733827,0.000284805955036061,0,0.00154456075958009,0,0.000271300395800522,0.000289062000223161,0,0,0,0,0.00568721835846572,0,0,0,0.00673885316159836,0,0,0,0.00203189949951452,0,0,0,0,0,0,8.32080723469058e-06
0.00033756103542059,0,0.000231325334958973,0.00110172376608538,0,1.07140566516945,0.00564216545837713,0.44998711895376,0.0117243680324088,0.00388042985857061,0.0235065178157656,0.0160657138130126,0.0132731320090077,0.10539431612518,2.85945525159458,0,8.40758888391979e-05,0.00122364543498432,0.000353545041856508,0.00231973520356875,0.000824739810713525,0,0.000982257109172425,0.00867652440013078,0.00224935865964285,0.000981366840397476,0.000382959128989333,0.00231195653989191,0.198352514216145,0.00132180141270804,0.000970761485297289,1.78465959837152,0.0036063616906824,0.368708275928685,0,0.030456462800474,0.00762292154053309,0.1162412423319,0.0256037762484043,6.67449532722712,5.78166938623968,0.00781475353052534,0,0,0,0,0,0,0,0,0,0,0,0,0,0,0,0.000395114180122472,0,0,0.000276037600219697,0,0,0,0.000173053701157774,0,0,0,0,0,0,0,0.000313745610992735,0.0005659927954553,0,6.26968935077106e-05,0,0,0,0.000184014571324335,0,0,0,0
0.0032477049901137,0.000175303470312556,0.00194409303256853,0.0144173183523771,1.07140566516945,0,0.271018802274745,3.28884955094707,0.0126033711163836,3.13523900083662,0.00230883265431281,2.30340430403797,0.00297786042794294,0.168995066195057,1.57138267838508,0,0.00056124769792161,0,0.000481267609933706,0.153429769946658,0.00221026824354814,0,0.00269527719423936,0.0488158558336536,0.000271307878595031,0.000327942768998295,0.000353355280804118,0.0923318662177973,0.181477042470721,0.00314961861707561,0,0.237441805769517,0.000502341874401238,0.0402190463855078,0.966852622987732,0.0273732664906099,0.001854678584324,0.0423319061762508,0.00901794608093946,0.489482186866723,0.0362078960447489,0.00078684636632847,9.82537400099313e-05,5.13753222219572e-05,0.000324335880125766,9.43709469196463e-05,0.000904349254034075,0,0,0,0.000106129351445671,0,0.000305636941349075,0,0.000326969812959878,0,0,0.00208548750442445,0,0,0.000586449050132436,0,0,0.000274256978989062,0,0,0,0,0,0,0,0,0.00119682049080584,0,2.57428682094633e-05,0.000109364329283155,5.41208576256128e-05,0,0,0,0,0,0,0.0032999660611034
3.48355765744477,0.00290862509510685,0.100686312723343,0.0412361656205857,0.00564216545837713,0.271018802274745,0,0.781360999609545,0.0741014212548836,2.76275544068506,0.00353026115208676,0.00730840488347811,0.00587956569820448,1.40018773992592,0.00212523060041186,0.0013520431344211,0.0484808605971749,0.000438348328767328,0.0122079101145701,0.0089821859829034,0.227801319045991,0.000947287591171759,0.209229853250302,0.585835811187991,0.000313979690486605,0.00167333197310994,0.00211507092717549,4.03080021990338,0.428262562546272,2.96062209481211,7.95560634868427e-05,0.00865919365610638,0.0340161668514545,0.19175329520904,0.00157782843849869,0.150994782376428,0.00454779142286612,0.151826827488894,0.0392236151947984,0.00914575879965946,0.0233794742085818,0.000925794082240963,0.000318174229188913,0.000142729416875467,0.000112282701465141,4.93703714249914e-05,0,0,0,0,0.000124491392703582,0,0,0,0,0,0,0.00176126772485251,2.15440289489429e-05,0,3.65184378404346e-05,0,0,0,0.000324962237826784,0,0,0,0,0.00024711759197839,0.000119642398616772,8.40928540124563e-05,0.00250177344834987,7.04485833901026e-05,0,6.61069058695936e-05,0.00043462243158765,2.27547003209408e-05,0,0,0,0,0,0.000471096133335354
0.21860921828815,0.00166249034854104,0.0404745146659689,0.0219406660534879,0.44998711895376,3.28884955094707,0.781360999609545,0,0.00810293283688101,1.06775854009468,0.0146508885026171,0.177679342886431,0.0128004921377037,4.74584394586656,0.165484559070929,6.18814520564575e-05,0.0174834197597637,0.000803982508240729,0.00805491431690092,0.0932810520337041,0.023008691059819,0.000262088404047255,0.0472332203533517,0.148898557473737,0.000650288623265769,0.0018615462236186,0.00133260822993525,0.11667763200152,0.750411907644756,0.0477939399059984,0.000106511504041986,0.354716244572713,0.00462013970435925,0.168867649674839,0.000172075358321807,0.103732745437343,0.00917059332172972,0.188074131044156,0.0363938613077235,0.231137613539035,0.0919318594359348,0.00204687325709564,3.77777355560858e-05,0,0.000182088715584871,0,0.000356846426389659,0,0,5.07837015931577e-05,0.000479164157193722,0,0.000113678490930666,0,0,0,0,0.00134661747308366,4.65510061369901e-05,0,0.000110236663923645,0.000107913619639907,0,0.000588486922378271,0,0,0,0,0,3.56175775798884e-05,0,2.9964274612487e-05,0.00250545865223769,6.63309891813396e-05,8.55488382604744e-05,0,0.000285755038778618,0,0,0,0,0,0,3.56113218536496e-05
0.0401489080185044,0.149429141029452,0.00576992808394361,0.0260462946845414,0.0117243680324088,0.0126033711163836,0.0741014212548836,0.00810293283688101,0,0.000461316206835895,0.00485365603059797,1.94509299138878,0.00475514324036666,0.0136103211029274,0.711386507889685,0.254135411194399,0.0140079198793562,0.00555359579943505,0.016542766609986,0.255061172728749,0.00188899159710699,1.34286058057424,0.00359161099701389,10.4729258275092,0.0385020144297313,0.0151453088279672,0.0234929162836074,1.27073363099803,0.0547498837409232,0.0890212573597277,0.00187439629316588,0.00145121381945437,0.0203128544577583,0.0715878232914274,0.000563882384481668,0.180433504804457,0.0292799931067934,0.0522591881523481,0.0361787917982412,1.58906482661522,0.0113886970367145,0.00550498471033678,0.0161389128456622,0.00190010755706534,0.0200001583634618,0.01484890321867,0.0504146788274004,0,0,0.00268500270886028,0.00521822796603636,0,0.0395395716646321,0.00141433040778503,0.00982719366815178,0.0014299292016668,0.00178676677894757,1.87492081611778,0.0161848637661795,0.00133547048788626,0.096905004021803,0.00502618742399796,0.00279392731125672,0.0165080384105591,0.147142407487893,0,0,0,0.0255192970264941,0.0136744187972109,1.09228452893476,0.00496980873608382,1.00710865097924,0.00145174258266665,0.000525246243024328,0.0012885415075763,0.0618188700080063,0.00339027036335524,0.00051832182690045,0.00154607630092189,0.000905298484640469,0.000453367807229198,0.00539787686605983,0.000309289618879595
0.0079753803816452,3.83527830424156e-05,0.000750161636858487,0.394970555628595,0.00388042985857061,3.13523900083662,2.76275544068506,1.06775854009468,0.000461316206835895,0,0.0016618578258061,1.08848978542354,0.00475987232885563,0.379546840098599,0.00415755170369349,0,0.000721855713515839,6.47452157100025e-05,0.000303246532073687,1.91898976145523,0.0013700993878549,0,0.00124519903274325,0.107700183696108,0.000124143003492386,0.000272908826431128,0.000574549635941831,1.69862555009479,0.0619912111982685,0.00103325817077377,7.71665166685385e-05,0.00809333532440257,0.00137509705187774,0.0630011194908931,0.124593362471847,0.0801780609550507,0.003903208777769,0.096087758749823,0.0184065494282565,0.0128442562948192,0.0163913072519374,0.000980106615493788,0,0.000119343352702776,0,0,0,0,0,0,0,0,0.000257354760068936,0,0,0,0,0.000380635947801688,0,0,0.000236277316513417,0,0,0,0,0,6.99036429752976e-05,0,8.48097717034723e-05,0.000150808541112771,0,0,0.000224941849410947,0,0,7.49053374477027e-05,0,0,0,0,0,0,0,0.000469702750575044
0.00402458720868183,0.0674562171497618,0.0471464321647185,0.000178117176593467,0.0235065178157656,0.00230883265431281,0.00353026115208676,0.0146508885026171,0.00485365603059797,0.0016618578258061,0,0.00143961577709434,3.17989018161586,0.0104667956132984,0.000182114627127927,0.000672877612638265,0.150356062396846,2.86625800787224,1.60852028732526,0.000610905794087505,0.00944575409128345,0.0145099085458189,0.0118819578842043,0.00477338332389921,0.897070038846797,2.49424638712985,0.314399647570568,0.00161862427181718,0.0745879019988417,0.00488512469606658,1.36607167107669,0.052297710184948,0.000969978561378732,2.73170672638871,0.000144108731278949,0.0619955018008118,0.86048336282662,1.6403173043785,0.112074579483393,0.00502672656751995,0.135641201472165,0.647388084519244,0.00031009561703969,0.0185808592593835,0.00186596066750133,0.000356664901873813,0,0,0.00276641618701731,0,0.00813249612418139,4.39857890023321e-05,0,0,0,4.3514124908336e-05,0,0,0,0.0287184888539515,6.32152015187454e-05,0.215661253747198,0,0,0,0,0.00342090697002926,0.000748835525983631,0,0,0,0.00017812044033676,0,0.0906606437687548,0.0142949206913157,0.0101986342508674,7.13030044974302e-05,0,0,0.0317354553408828,0,0,0.000219076029343894,0.000209658853263986
0.000985770304183953,0.000850185226429325,0.000243977933148094,0.654988098638582,0.0160657138130126,2.30340430403797,0.00730840488347811,0.177679342886431,1.94509299138878,1.08848978542354,0.00143961577709434,0,0.0020468594779168,0.0406886602740831,1.04123678526184,0,0.000343120771516344,6.62812429582807e-05,0.000295089741287679,10.9101317419736,0.000394206289358705,0.000626300860087125,0.000825212362549758,0.555746508322279,0.000206180365942749,0.000261813771445053,0.000179147121439189,0.0449566678697837,0.0349507042115178,0.000822163255411494,0,0.0103410583596701,0.000358459782417363,0.040084595864019,0.15941798871289,0.0374465531134493,0.00208916018399158,0.0986256958260272,0.0158054694033756,1.0939388476814,0.014155995536246,0.000934743499786755,0.00323946222137382,0.000126622797585761,0.00178662932044042,0.000761947936135821,0.0410414842741479,0.000384881648741348,0,5.66434592176686e-05,0.000335543913620485,0,0.0157081911546605,0.000370069008643436,0.00699143472281549,0.000204560607778556,0.000992045856246588,0.119970341283789,0.00361174307542475,5.94538559226384e-05,0.0462202474883563,0,0.00018080163577322,0.0136107738511648,0,0,0,0,0.0115118318826966,0.000248970942044843,0.00141368739153693,6.51246680935e-05,0.0712106706134429,0,0,3.25279211667029e-05,0.00406660237807288,0.000468183634145356,0,0,0.000504706204966598,0,0.0012371629588178,0.00473860063485914
0.00137813808951271,0.0159186366450867,0.00364554870121959,0.00115132415581357,0.0132731320090077,0.00297786042794294,0.00587956569820448,0.0128004921377037,0.00475514324036666,0.00475987232885563,3.17989018161586,0.0020468594779168,0,0.00573050244457752,7.00176611205588e-05,0.00159750533355995,0.00057356126529295,0.010169101311289,0.00408122755095721,0.00184500600020329,0.00610091340211737,0.011660303425813,0.00901443308029897,0.0119460106233065,2.25072137888694,0.244683967856343,0.492689811906755,0.00487536630450877,0.0254022008470784,0.00203500124806369,1.75198296745707,0.0328338993954115,6.98203561723554e-05,0.223197120474702,0.000233312197943246,0.715132784485805,0.293268577175867,0.651142097424704,0.478569643076147,0.191479146700221,0.616258371067529,0.721242408238988,0.0204349935563721,0.02167892307314,0.019083552284212,0.0321147581442675,0,0.00111080768944794,0.0628706770657174,0,0.00125740721104435,0.000156413955604558,0,0,0,2.65134487648199e-05,0.000270597017734929,0.000138395998222374,0.000205747154979074,0.0332650021960179,0,0.206203749628997,0.000139910129044589,0,0,0,0.00380659052282968,0.000281776831497139,0,0.000151242371382723,0.000300788178147483,4.96676700887919e-05,0.00058348054389692,0.0669906236397373,0.00583205775173352,0.00353231112560391,9.48754254598309e-05,0.000276222277664035,0.000246017069176784,0.0355434124765445,0.000692680790014265,0,0.00142301087025682,0.000327510693337645
3.36672149109531,0.00174782040831462,0.0574246111300705,0.0150900111986619,0.10539431612518,0.168995066195057,1.40018773992592,4.74584394586656,0.0136103211029274,0.379546840098599,0.0104667956132984,0.0406886602740831,0.00573050244457752,0,0.00358037899531782,0.000259348894726357,0.034678418392066,0.000752468677116152,0.0112388980976224,0.017450541692506,0.0272620469455137,0,0.0593140571159608,0.126643146651491,0.000886086985467087,0.00221123289505143,0.00180731702565971,0.0782682263531057,2.07792321504929,0.0642971960000936,0,0.201343643445665,0.0122051998481721,0.315061007221226,0.000273792768829685,0.0590077482210008,0.00708667005419888,0.171978323247335,0.0205430161866775,0.0818886031363655,0.0294619929236234,0.00213786393539881,5.70289729000669e-05,0,0,0.000130338178101736,0.000364480245830745,0,0,0,0.000251531195861517,0,0,0,0,0,0,0.000738318536158864,0,0,3.5403817473362e-05,0,0,0,0,0,0,0,5.3742615189839e-05,0,0,5.53346319279256e-05,0.00131696025953589,0,0.00016794605030598,0,0.000186359802172035,2.48439402462108e-05,0,0,0,0,0,0.000179952378286647
0.000474791218619853,0.000132179366168019,0.000390753872153879,0.00280058854413119,2.85945525159458,1.57138267838508,0.00212523060041186,0.165484559070929,0.711386507889685,0.00415755170369349,0.000182114627127927,1.04123678526184,7.00176611205588e-05,0.00358037899531782,0,0.000465190041271039,0,0,0,0.0411317710151038,6.60670226405803e-05,0.00131281533646877,0.00208656435186698,0.0250625977518903,0,0.000487909154151393,0.00091097524839273,0.00132554002390062,0.00405974404436176,3.58171919125655e-05,0,0.0474757913212734,0,0.00702273816434699,0.163710505648062,0.00505046873619558,0.00421824317029916,0.00297857638195842,0.0040928621173248,8.44851658557969,0.274674469701541,0,0.0169027360129138,0.0529795018252947,0.00102515219072263,0.0071552919381513,0.0032045318591909,0,0,0,0.00318741079270142,0.000406613583032733,0.00155433869183639,0,0.000674409869903696,3.27666816992735e-05,0,0.0116878989901315,0.000211112219286986,0,0.00399713157904641,0,0,0.000293746450942996,0.000618189934924783,0.000125679363543792,0,0.000114622070429761,0.000373125023931241,0,0,0.00135164282691637,0.00464479901741825,0.000451477164349769,0.000157626898764282,0.00390208505149838,0,0.000107484834541613,4.62388484189298e-05,0,0,0,0.000383918080649248,0.0306493464721602
0.000211067590751083,0.0138437694181175,0.0216791554969203,0,0,0,0.0013520431344211,6.18814520564575e-05,0.254135411194399,0,0.000672877612638265,0,0.00159750533355995,0.000259348894726357,0.000465190041271039,0,0.018457561249657,0.000160314702024991,0.0078731249723459,0,1.22726174853758,3.54313657541681,4.91414287161132,3.13275679594672,0.000133394131608676,0.00159207373823662,1.16148382997989,1.69649439061195,0.000755450610315226,0.00599941591395293,0,0,0.000838653576274277,0.0257050094952589,0.0045935494037034,0.17435315163134,0.350264440108445,0.100124183148465,0.135873073548106,0.00905690079774,0.0033026009586429,0.00135248494355303,0.00162095998837099,0.00236581030795886,0,0.0002876159274057,0,0,0,0,0.00352039001760498,0.000318407299778445,0,0,0,0,0,0.000230296351660254,0,0,0,0.00016712457009229,3.26385337433288e-05,0,0.0772688125334233,0,0,0,0,7.58114656311979e-05,0.101868259365489,0.0109724391994471,0.00035155474317904,0,0.000119420521377528,0.0840173854680315,0,0,9.75164927807361e-05,0,0,0,0,0.00325287354915511
0.077179404662207,0.695203252852365,1.19910667519453,0,8.40758888391979e-05,0.00056124769792161,0.0484808605971749,0.0174834197597637,0.0140079198793562,0.000721855713515839,0.150356062396846,0.000343120771516344,0.00057356126529295,0.034678418392066,0,0.018457561249657,0,0.0153119923012407,5.87057708965296,0.000155510005046861,0.165236152903686,0.0936293317389777,1.90041663883789,0.0123860426333152,0.0072819051414851,0.865273679248382,0.474455304389742,0.0237599557609454,0.0488246855550397,0.116073963841756,0.000187382087874641,0.00149342574987114,0.0193980241730533,1.55036923515452,0.000317651441945825,0.0236507825126222,0.148326613791665,0.132524493559069,0.0160433899018814,8.65762217334143e-05,0.00207578731533789,7.49631314730286e-05,0.00137337334969411,0.00210693302217548,0.000924840441098024,0.00049066544160428,0,0,0,0,0.136098118286006,0.00245022677972234,0,0,0,0,0,0,0,0,0,0,0,0,0.000143228926028922,0.00192139641876884,0.000367299483912967,0.000449881124322141,0,6.77719610334328e-05,0.000705790443857928,0.000272277565649107,0,0.000323014743025402,0.000714293534862644,0.00887962041431035,0,3.28303999384653e-05,0,0,0,0,0.00010634048217638,0.00012655832672168
0.000870565945971791,0.0349656524738875,0.0288664680865467,0,0.00122364543498432,0,0.000438348328767328,0.000803982508240729,0.00555359579943505,6.47452157100025e-05,2.86625800787224,6.62812429582807e-05,0.010169101311289,0.000752468677116152,0,0.000160314702024991,0.0153119923012407,0,4.10411829077152,0.000128416131884366,0.000536825683013775,0.0107518516591902,0.00236500865370163,0.00284631370238681,0.156800254974238,1.15454015810402,0.0681842680346513,0.000492658557631294,0.00255307873918435,0.000415429337066167,0.0173143085045323,0.0020728345242812,0.000299805111616536,0.068159798033692,3.50476196764628e-05,0.0161221105761665,0.0599265883225507,0.140148559953233,0.0223308421702911,0.000124521130511444,0.00771597037695822,0.00328874894666709,0,0.00173963504918265,0.000926004746573685,0.00021110277555619,0,0,0,0,0.00314037862354059,0.000353026419542782,0,0,0,0,0,0,0,0.000957221616656675,0,0.0142875766158929,0,0,0,0,0.00376545418404186,0.000256513262431578,0,0,0,0,0,0.0593734293325473,0.0129823293626358,0.0118433787790821,0,0,0,0.00552577567446356,0,0,8.59983144320658e-05,3.28998141621403e-05
0.0368296372198574,0.553634775272606,0.362336841375845,0,0.000353545041856508,0.000481267609933706,0.0122079101145701,0.00805491431690092,0.016542766609986,0.000303246532073687,1.60852028732526,0.000295089741287679,0.00408122755095721,0.0112388980976224,0,0.0078731249723459,5.87057708965296,4.10411829077152,0,0,0.0629109871799643,0.0510241560095269,0.0878808570899723,0.00727145474473379,0.315677029781515,1.78469990656544,0.330459254414157,0.0102127607678416,0.025697304109885,0.034263006352534,0.010451865771908,0.00360068505627431,0.0087746774055882,0.668133071213565,0.000292818082421445,0.0570497273889433,0.242083927805378,0.305168094404529,0.0641798894090438,0.00142021780582156,0.00577799358002428,0.000543621494210488,0.000763725225725442,0.0070001110494973,0.00859345078038928,0.00258855167748735,0,0,0,0.000280076535021292,0.123858152492236,0.00071297439946819,0,0,0,0,0,0,0,0.00114348884753379,0,0.0117845499809302,0,0,0,0.00141019269032478,0.00723952655553392,0.00338321022687252,0,0.000185326727973776,0,0.000196692275132796,0,0.143707877987162,0.0421687534336817,0.0304629207223426,0,0,0,0.00314994942386153,0,0,0.000784727343681681,0.00025699546309484
0.00113057100027953,0,0.000345787555782399,4.78829549461925,0.00231973520356875,0.153429769946658,0.0089821859829034,0.0932810520337041,0.255061172728749,1.91898976145523,0.000610905794087505,10.9101317419736,0.00184500600020329,0.017450541692506,0.0411317710151038,0,0.000155510005046861,0.000128416131884366,0,0,0.000183510124906588,0,0.00022619300807125,0.417524719686155,0,0.000315464459488536,0.000117987141304386,0.372090994338704,0.0137112265028498,0.000189306350032831,0,0.00450933164655233,0.000708549730625303,0.0192966394670979,1.46126062823063e-05,0.0239626845443432,0.00205919485702875,0.0431455189052928,0.0144196840010486,0.020182481570204,0.0114468168231517,0.00124831775707129,0,0,0,0,0.0014474404304726,0,0,0,0,0,0.000631650819753597,0,0.000364257282437984,0,0,0.00514677068856851,0.000479021340777746,0,0.000669853841375479,0,0,0.00019488610648391,0,0,0,0,0,0,0,0,0.00492101856352353,0,0,0,0.000148432990616478,0,0,0,0,0,0,4.93472241903815e-05
0.035679316903945,0.0119045533346876,0.286657396705384,0.000852216750871568,0.000824739810713525,0.00221026824354814,0.227801319045991,0.023008691059819,0.00188899159710699,0.0013700993878549,0.00944575409128345,0.000394206289358705,0.00610091340211737,0.0272620469455137,6.60670226405803e-05,1.22726174853758,0.165236152903686,0.000536825683013775,0.0629109871799643,0.000183510124906588,0,0.0178746993450188,9.82680038570712,0.268116441433093,0.00101892762092646,0.00575739361057797,0.0517936566224569,1.72672414798618,0.0411468729438549,5.5668316362942,0,0.00221943337015046,0.0109286006035897,1.1594429135748,0.0132561471987916,0.200719749805498,0.0755346277465982,0.465057635860602,0.17893245016482,0.0369494050912677,0.0189075071463907,0.000795948831250672,0.00401035222753138,0.00146486560496548,0,0.000325959302666783,0,0,0,0,0.00205490021692842,0.000150995578089202,0,0,0,0,0,0,0,0,0,0,0,0,0,7.44545327654019e-05,0,0,0,0,0.000643180388375408,0.00168634537887011,0.00015054481716828,0.00020944184534023,0.000426467823516679,0.00035039969796224,0.000140896593181169,0,0,0,0,0.000222610720944101,0,0.00795579048261007
0.000450989775178601,2.61061124197993,0.113605825297435,0,0,0,0.000947287591171759,0.000262088404047255,1.34286058057424,0,0.0145099085458189,0.000626300860087125,0.011660303425813,0,0.00131281533646877,3.54313657541681,0.0936293317389777,0.0107518516591902,0.0510241560095269,0,0.0178746993450188,0,0.186263037017662,1.19137388402779,0.228895632478318,0.0403672964966975,0.69134344952749,0.477809642312067,0.0012198461112514,0.0107687363071282,0.00821955345175401,0.000562538333050477,0.00043220529883374,0.0526913221075397,0.00458057562368184,0.360251878725412,0.942364086882293,0.158023941778639,0.186949299793596,0.0119296841500759,0.00073156084771199,0.00366400740338197,0.0319323021257706,0.100000112815788,0.00754313794092102,0.0196646436770261,0,0,0,0,0.559997904104967,0.00227882664895169,0,0,0,0,0,0.00523339253553111,0,0.00420769266305536,0,0.0205606161241151,0,0.000407244066548403,0.290892474611641,0.00337479220386192,0.000689538519465733,0.000375508246964851,0,0.00137721411743171,1.07167448039856,0.00691904452927141,0.003901937176505,0.0118240101812053,0.00123133647481182,0.320656926474986,0.00149331805029039,0,0.000214776817796563,0.00900112285533375,0,0,7.18235919756971e-05,0.0040936379657551
0.0831116968061125,0.0392512444348453,7.11503680362113,4.69459973247597e-05,0.000982257109172425,0.00269527719423936,0.209229853250302,0.0472332203533517,0.00359161099701389,0.00124519903274325,0.0118819578842043,0.000825212362549758,0.00901443308029897,0.0593140571159608,0.00208656435186698,4.91414287161132,1.90041663883789,0.00236500865370163,0.0878808570899723,0.00022619300807125,9.82680038570712,0.186263037017662,0,0.0393496846009186,0.00276152482397771,0.0128472648216921,1.75051167182467,0.253657531223551,0.0600677145180561,0.604751614586099,0,0.00128184994530901,0.0114158739530503,1.38979317500845,0.031367658385447,0.444960664686372,0.351494281627724,0.831193906940389,0.36704748444821,0.0377759646179413,0.0149197447797022,0.00116729427668694,0.00791626451467024,0.00313091453028521,0.000140452406244926,0.00346192293883134,0,0,0,0,0.0122313944951429,0,0,0,0,0,0,0,0,5.29442679554687e-05,0,0,0,0,0.000538090939109742,0,0,0,0,0,0.00247894571018587,0.00704944188260132,0,0.000781143807271699,0.000420956252796774,0.00513516072318976,0,0,0,0,0,0,0,0.0204621882895744
0.112884072408098,0.0452796124943518,0.00883012692463564,2.10519576188042,0.00867652440013078,0.0488158558336536,0.585835811187991,0.148898557473737,10.4729258275092,0.107700183696108,0.00477338332389921,0.555746508322279,0.0119460106233065,0.126643146651491,0.0250625977518903,3.13275679594672,0.0123860426333152,0.00284631370238681,0.00727145474473379,0.417524719686155,0.268116441433093,1.19137388402779,0.0393496846009186,0,0.0171103312029866,0.00891384900980227,0.0303421448478834,5.31258172490152,0.208558315309873,0.0699582459322563,0.00123772650098229,0.012168914202996,0.0382096605371029,0.199443401835235,0.00212193098480513,0.367230570424482,0.0264334212759388,0.202623057777121,0.0776245360736065,0.221233147227921,0.0421901977067828,0.000999382342100297,0.0225213199167685,0.000785183196500981,0.0229975913620223,0.0136801153829284,0.02299521344554,0.000987824541598322,0.000459763464481146,0.00134305755289834,0,0,0.0245997436821739,0.000287616283452979,0.00739024141540783,0.00154906735494975,0.00243228994986562,0.285151664459414,0.018072501005144,0.000552774604585497,0.0510344217555815,0.00152280602134289,0.00210430611716544,0.00695881792309454,0.00734382816474849,0,0,0,0.0176574925014648,0.00716652569463896,0.0175422870779663,0.00312271770260684,0.760272546699711,0.000431467515163332,0.000441044922515257,0.000356741912606345,0.0378142007779496,0.00462961283560214,0.00037355281928408,0.000217668622350317,0.00017689999960648,0.000792275657354433,0.0065822967822718,0.000706444083827308
0.000439254425448316,1.32904292712862,0.00723814331107964,0,0.00224935865964285,0.000271307878595031,0.000313979690486605,0.000650288623265769,0.0385020144297313,0.000124143003492386,0.897070038846797,0.000206180365942749,2.25072137888694,0.000886086985467087,0,0.000133394131608676,0.0072819051414851,0.156800254974238,0.315677029781515,0,0.00101892762092646,0.228895632478318,0.00276152482397771,0.0171103312029866,0,0.477460800936888,0.977460184728376,0.000370249244720844,0.004176394648519,0.000303580792006695,0.271671745466855,0.00272129675014905,0,0.0824995727801077,0.000225770020819048,0.062823720148932,0.667149192416408,0.33870777021274,0.0710118248786056,0.000636869155462058,0.00525734526615698,0.428172816873451,0.00099088697470756,0.12557430917353,0.0189750333801724,0.00870873101780693,0,0,0.0656309732453765,0,0.00890567109500841,0.000870633434953012,0,0,3.35989786575167e-05,0,0,0,0,0.152112679433434,0,1.07158251015928,6.04254894523378e-05,0,0,0.000725404853225858,0.0472479195639284,0.00475581036098792,0,0.000285693127295024,0.000737092953229535,0.000822610809172374,0,1.59694007973179,0.0899575928039358,0.0555558860653512,0.000139843540326233,4.59984825265537e-05,0.000121033826380221,0.267451301690994,0,0,0.00340928582626282,0.000259426642550051
0.00117663530215163,0.327522120360771,2.64750902340683,7.19210115682255e-05,0.000981366840397476,0.000327942768998295,0.00167333197310994,0.0018615462236186,0.0151453088279672,0.000272908826431128,2.49424638712985,0.000261813771445053,0.244683967856343,0.00221123289505143,0.000487909154151393,0.00159207373823662,0.865273679248382,1.15454015810402,1.78469990656544,0.000315464459488536,0.00575739361057797,0.0403672964966975,0.0128472648216921,0.00891384900980227,0.477460800936888,0,2.24087671012237,0.00183760563434446,0.00802752541256659,0.00224543620481732,1.47302150004855,0.00264961917777075,0.000313233216275539,0.221568983303637,0.00145124720643338,0.106440990340517,0.208970219351902,0.387426896162074,0.0645125172904076,3.99326055179191e-05,0.00339975091796933,0.00241324402804431,0.00133824872605407,0.00701889162323322,0.00548009539555123,0.00115174079120935,0,0,0,0,0.0835009394995808,0.00014676058595527,0,0,0,0.000256753461737707,0,0,0,0.00811642698000721,0,0.100241518985305,0,0,0,0.000497795166707214,0.00666442040385604,0.00232299083549763,0,0.000248973039387313,0.000120768535282804,0.000436955120622826,0,0.157273357573101,0.0589287294531558,0.0548882877493596,0,0,0,0.0161187667344182,0,0,0.000895286731980575,0.00102405473144196
0.00222750791796373,0.659806497267887,1.37968363989394,5.08284495028214e-05,0.000382959128989333,0.000353355280804118,0.00211507092717549,0.00133260822993525,0.0234929162836074,0.000574549635941831,0.314399647570568,0.000179147121439189,0.492689811906755,0.00180731702565971,0.00091097524839273,1.16148382997989,0.474455304389742,0.0681842680346513,0.330459254414157,0.000117987141304386,0.0517936566224569,0.69134344952749,1.75051167182467,0.0303421448478834,0.977460184728376,2.24087671012237,0,0.0131731755289056,0.00614419591298776,0.00586715646667769,0.195066448960667,0.000943789667375241,0.000400624619522233,0.332304857251522,0.0119513678769604,0.494131653265437,0.593722972930318,0.534251859360355,0.187214610539965,0.000412648750004735,0.00123956418789012,0.00183348450615628,0.0043008450849863,0.0063705608360138,0.00452240430111208,0.0016295782056743,0,0,9.96915946312924e-05,0,0.0646648788208248,0.000514625115961492,0,0,0,0.000102697624180184,6.53653331432885e-05,0,0,0.00420992069645026,0,0.0606418027206839,0,0,0.000173418564982634,0.000687292359569153,0.00491077407631211,0.00103265396142802,0,6.45769268008893e-05,0.00415865924844452,0.00051038914700064,0,0.0850955278805403,0.0450513260605772,0.0858607835859668,0,0,0,0.0107788764103146,0,0,0.000537307796687385,0.0106648863179177
0.0642607078662672,0.00478852490093294,0.0804631351294502,2.70806305806784,0.00231195653989191,0.0923318662177973,4.03080021990338,0.11667763200152,1.27073363099803,1.69862555009479,0.00161862427181718,0.0449566678697837,0.00487536630450877,0.0782682263531057,0.00132554002390062,1.69649439061195,0.0237599557609454,0.000492658557631294,0.0102127607678416,0.372090994338704,1.72672414798618,0.477809642312067,0.253657531223551,5.31258172490152,0.000370249244720844,0.00183760563434446,0.0131731755289056,0,0.132066690163227,1.59771882453323,0.000122520859749897,0.00461839945121188,0.0475257071447841,0.215222271739473,0.0045265816180969,0.232252636048592,0.013469054072122,0.128500276328438,0.0553734879261391,0.00870540079645652,0.0177270599120307,0.000398782514525182,0.00202247203169317,0.000314211703092272,0.000646834998036906,0.000556788650961905,6.29700134014487e-05,0,0,0.000184659459459617,0.000663792423211352,5.0768938417906e-05,6.88545212415917e-05,0,3.36784668953254e-05,6.83866100182132e-05,1.99560973845221e-05,0.00674656650435069,5.80256035156349e-05,0,0.000331794343591278,0.000251838074899241,0.000107639207762154,3.86824475804475e-05,0.00885422590940193,0,8.87895001065188e-05,0,0,0.000881997737817048,0.0822613398581439,0.000484378543105242,0.00991278738461982,0,4.0607794840646e-05,0.000108174082836962,0.00140562881322637,0.000227632069783152,4.54219589987905e-05,0.000255405963858478,0,8.33765743651661e-05,0.000216308383478514,0.00274732060003202
1.90765373859441,0.0025096051614497,0.0360891859211005,0.0109326114206739,0.198352514216145,0.181477042470721,0.428262562546272,0.750411907644756,0.0547498837409232,0.0619912111982685,0.0745879019988417,0.0349507042115178,0.0254022008470784,2.07792321504929,0.00405974404436176,0.000755450610315226,0.0488246855550397,0.00255307873918435,0.025697304109885,0.0137112265028498,0.0411468729438549,0.0012198461112514,0.0600677145180561,0.208558315309873,0.004176394648519,0.00802752541256659,0.00614419591298776,0.132066690163227,0,1.06661220153017,0.000672681027518871,0.564371244636073,1.62286971973835,1.61100082600394,0.000924972812621122,0.109515706005743,0.0212354193615846,0.387770287940765,0.0554085757288568,0.132720604911131,0.251306932454855,0.0074651903100488,0.000315860304571566,7.53536982919202e-05,0,0.000281474791953278,0.000435237953983417,0,0,0,0.000313805023926805,0,2.78062078415112e-05,0,1.70691254281615e-05,0,0,0.00320664167186752,0,9.53449804302802e-05,0.000338595061392901,0.000197583199052547,0,3.09519243534007e-05,0.000352012096941792,0,0,5.25199756360182e-05,0.000114133877148962,2.51678186509033e-05,0.000105579816662548,0,0.0046589861299007,0.000345294966964449,0.000124660269656099,0.000327243113311756,0.00103492006479828,0,0,0.000119621169960166,0,0,0,0.000675611495988436
0.349819030517683,0.00454982959899835,0.137397527265161,9.3899622682081e-05,0.00132180141270804,0.00314961861707561,2.96062209481211,0.0477939399059984,0.0890212573597277,0.00103325817077377,0.00488512469606658,0.000822163255411494,0.00203500124806369,0.0642971960000936,3.58171919125655e-05,0.00599941591395293,0.116073963841756,0.000415429337066167,0.034263006352534,0.000189306350032831,5.5668316362942,0.0107687363071282,0.604751614586099,0.0699582459322563,0.000303580792006695,0.00224543620481732,0.00586715646667769,1.59771882453323,1.06661220153017,0,0,0.00257839908647191,0.218766016373448,0.813375111171637,0.00405082195664392,0.116643202677841,0.00803322823326894,0.126386690345362,0.0459613256086068,0.00990578834193286,0.00690782765025556,4.82774989768574e-05,0.00130041421169466,0.000825333305935734,4.4826081020289e-05,0.000354838671009346,0,0,0,0,0.000284090077238134,0,0,0,0,0,0,0.000880759107874326,0,0,0,0,0,0,0.000625603902688074,0,0,0,0,4.91367668164593e-05,0.00481190023323544,0,0.000251385040955159,0.00014395504220126,8.75869077154121e-05,0.000128908260496833,0,0,0,0,0,0,0,0.002540328933174
0,0.0150812814362402,0.0017522047852175,0,0.000970761485297289,0,7.95560634868427e-05,0.000106511504041986,0.00187439629316588,7.71665166685385e-05,1.36607167107669,0,1.75198296745707,0,0,0,0.000187382087874641,0.0173143085045323,0.010451865771908,0,0,0.00821955345175401,0,0.00123772650098229,0.271671745466855,1.47302150004855,0.195066448960667,0.000122520859749897,0.000672681027518871,0,0,0.00182707035491826,0,0.0103324871958851,2.12777708986766e-05,0.00649635232040027,0.0269941010918511,0.042798024860989,0.0123448464309262,0,0.0021258967325061,0.000833553406247012,0,0.00245883395515907,0.000684077993814806,0,0,0,0.00187050396890553,0,0.000778186506508766,0,0,0,0,0,0,0,0,0.00641260165659053,0,0.0791882245171676,0,0,0,0.000121290230559113,0.00275078315280989,0.000183343041175243,0,0,0,0,0,0.0656000408697794,0.00366885045044436,0.00194625844665155,0,0,0,0.0237668528123698,0,0,0,7.88431223102196e-06
0.00231040414987293,0.000411893188479824,0.000872307487116024,0.000411272311570644,1.78465959837152,0.237441805769517,0.00865919365610638,0.354716244572713,0.00145121381945437,0.00809333532440257,0.052297710184948,0.0103410583596701,0.0328338993954115,0.201343643445665,0.0474757913212734,0,0.00149342574987114,0.0020728345242812,0.00360068505627431,0.00450933164655233,0.00221943337015046,0.000562538333050477,0.00128184994530901,0.012168914202996,0.00272129675014905,0.00264961917777075,0.000943789667375241,0.00461839945121188,0.564371244636073,0.00257839908647191,0.00182707035491826,0,0.000718939243463568,0.490774822555588,0,0.0484321125215065,0.0208426260728054,0.255061825685689,0.0556601692388654,0.151822717687296,1.92005389707322,0.0175677887767893,0,0.000160700452615277,0,0,0,0,0,0,0,0,0,0,0,0,0,0.00123076652628251,0.000150158941359876,0,0,0,2.7372679611747e-05,0,0,0,0,0,0,0.000199440514336372,0,0,5.96240467908155e-05,0.000322015234730126,0,5.83704842016294e-05,0,0,0,0.000387762540146207,0,0,0,1.22596770827635e-05
0.0991620985879727,0.00247497639722542,0.00781041170318066,0.000211226551454604,0.0036063616906824,0.000502341874401238,0.0340161668514545,0.00462013970435925,0.0203128544577583,0.00137509705187774,0.000969978561378732,0.000358459782417363,6.98203561723554e-05,0.0122051998481721,0,0.000838653576274277,0.0193980241730533,0.000299805111616536,0.0087746774055882,0.000708549730625303,0.0109286006035897,0.00043220529883374,0.0114158739530503,0.0382096605371029,0,0.000313233216275539,0.000400624619522233,0.0475257071447841,1.62286971973835,0.218766016373448,0,0.000718939243463568,0,0.639227144796833,0.00024049053914978,0.00678507623367758,0.00142913931182582,0.0530441139930013,0.01174698580148,0.00222530273425955,0.00599664047201281,0,0,0,0,0,0,0,0,0,0,0,0,0,0,0,0,0.000379254680178964,0,0,0,0,0,0,0.000412601294434406,0,0,0,0,0,0.00107872904242529,0,0.000922953676579177,0,0,0,0,0,0,0,0,0,0,0.000161555358512821
