0,0.00058932068167861,0.127232170654175,0.00351659678840153,0,0.0170637081956437,2.30634745885531,0.455848658022039,0.0325814778229489,0.0341249972692316,0.000178592912518489,0.000473234465122624,0.000609777983612821,1.7542034637252,0.000304663357716044,0.00345618440335791,0.0582385893966675,0.000601746846365877,0.0180141131533065,0.0014659616877471,0.0465657883428068,0.00631185355479837,0.071666286694257,0.0245711236492537,0.00044396245911632,0.00720934091533533,0.0139898564034078,0.0708650761530975,0.505535654430661,0.114075511504438,0,0.0097784570851852,0.056983016254478,0.113855005691334,0.000922835405460794,0.0287326962908263,0.0360816211754446,0.102490420608577,0.0319110917921479,0.00347016476686456,0.00716272475123486,0,0.00127416499672046,0.000396541225173762,0.00270634549970885,0.00124026018287265,0.000115165902396927,0,0,0.0010894129921773,0.00165521294805092,0,0,0,0,0.00109032236249726,0,0.0185710212770614,0,8.68394024261753e-05,0,0,0.000407871479630829,0.000199944276064106,0.00084313969789967,0.000367999286669918,0,0,0,0,0.00140934472299931,0.000339887904872656,0.00180136042304822,0,0.000185358335900832,0.000685521056953854,0.000682279959345496,0.000870782666531981,0.000558501563968743,0,0,0,0.00123489685613742,0.000486342197536112
0.00058932068167861,0,0.0441455486246087,0,0,0,0.00120018860475598,0,0.195159641810603,0,0.00518625962073096,0,0.0104315323594793,0,0,0.0392198235211047,0.0224734297205686,0.0106953278832262,0.0389790393962864,0,0.00159182447810214,1.87550073944258,0.00602608811299928,0.0901442180502155,0.998432064878,0.0339450050103575,1.07516981761231,0.00769330500797747,0.000217127524033964,0.00211537510921742,0.00196514572477088,0,0.000276823871221682,0.0113542752376586,0.000414778397181225,0.0254176470948138,0.0547846326938964,0.0624591134982901,0.0217927340032841,0.000773161439389853,0,0,0.0161118050908255,0.0253956584110033,0.0411268026300526,0.0115476970451208,0,0,0,0,1.00169713667332,0.0118058148455768,0,0,0,0.000256337171589929,0,0.00242766503538188,0,0.00199061083843581,0,0.0043234385987419,6.81130251624579e-05,0.000191618794828992,0.00543117412358222,0.0240972032689191,0.00250960934998755,0.0208017785320325,0,0.000245162988185432,0.0794376820151142,0.00479624167195839,0.000209190727348098,0.0534752870449557,0.0127093343276193,0.0907275130894303,0.00041959781751362,0.00011903514879232,0.000204204238480526,0.000286197758855165,0,0.000941407891651258,0.0111275524170316,0.000521399749323639
0.127232170654175,0.0441455486246087,0,0,0,8.19599091909026e-05,0.0221158739391093,0.0021602569398011,0.00183734621888458,3.90235502343355e-05,0.00427191119256534,0,0.0004455698918334,0.0217508836387536,0,0.00875361180123047,2.0573496272563,0.00450084298355185,0.168546366760847,0,0.115754164653327,0.0140561909750273,5.69374641707051,0.00294382780900681,0.00279359889765851,2.22296612394211,1.2247369306204,0.0670192342715226,0.0200962680008113,0.128682901494616,0.00056348503609238,0,0.00598529525890472,0.0711206745013754,0.00120875685429495,0.0538268474706996,0.429562692801113,0.202135685066175,0.0443994126146329,0.00228777776605008,0.000350319194654669,0,0.0115568475847453,0.0205551966607328,0.0197055773520164,0.00991514026603237,0.000592550878552633,0.000264773083039838,0,0.000588701108120929,0.0986182521737678,0.0136823968943822,0,0,0,0.000403890130056206,0,0.00369376710948921,0,0.000589025679350193,0,0.000424549198031575,0.000406590559012936,0.000195295357442886,0.00794099918804894,0.0100356828064671,0,0.00166661482182493,0,0.000686087313606424,0.0261556571725226,0.0068604575497187,0.000246367995132682,0.00125805631053047,0.00413203373939828,0.0439891455007726,0.000631427851840553,0,0.000589662343067017,0.000228795034207644,0,0,0.00377589241872741,0.0010159063338647
0.00351659678840153,0,0,0,0,0.00141317564287804,0.0131822472416083,0.000904487042721839,0.218965505439472,0.592705234978181,0,0.382652577410951,0,0.00495348450743827,0,9.95978947466274e-05,0,0,0,7.37891611246573,0,0,0,3.78206915263726,0,0,0,1.12869617493993,0.00575907088269384,0.000351891941298615,0,7.46215555423374e-05,0.000849267348477084,0.00762085778691474,0.000128508022604676,0.00336600311783644,0.000378295296379352,0.0141558960257117,0.0074700026818303,0.00214286034883806,0.000832112137568463,0,0.000295371369857175,0,0,0,0,0,0,0.000134380593061478,0,0,0.0393475312654337,0,0,0,0,0.00571895414801025,0,0,0,0,0,0,0,0,0,0,0,0,0,0.000197848092030242,0.00632769912005274,0,0,0,0.000120105792183714,0.000171466194621812,0,0,0,0,0.000169105030957884,0
0,0,0,0,0,0.434946499803847,7.65616557176531e-05,0.4787235514402,0,0,0,0,0,0.00410417635217786,0.00195591489548599,0,0,0,0,0,0,0,0,0,0,0,0,3.58775359309824e-05,0.0230144410330148,0,0,1.13885702479335,0.00174734009498945,0.0359184861961186,0,0,0,0.00596978921735109,0,0.342982268375457,2.75714940715107,0,0,0,0,0,0,0,0,0,0,0,0,0,0,0,0,0,0,0,0,0,0,0,0,0,0,0,0,0,0,0,0,0,0,0,0,0,0,0,0,0,0,0
0.0170637081956437,0,8.19599091909026e-05,0.00141317564287804,0.434946499803847,0,0.0487056359110536,4.19282810958054,0.00515741441126689,1.01948943368752,0.000124609429740153,0.841557812061965,3.74873988840093e-05,0.0644743877927681,1.49573960587584,0.000233755028709679,0,0,0,0.000325746293566957,0,0,9.42671043426199e-05,0.00912042059372709,0,0,3.24422208381253e-05,0.0432959873582735,0.0981434683507236,0.000176135347183222,0,0.356743811304399,0.00101427247184393,0.0557202575239442,0.0124253904106319,0.000675562883376184,4.27575963454201e-05,0.0149439939328957,0.00343632181736425,0.701566625970403,0.409276556313867,0,0.000126460904994297,0.000157185964275858,0,0,0,0,0,0,0,0,0,0,0,0,0,0.00131190832815141,0,0,0,0,0,0,0,0,0,0,0,0,0,0,0.000926064802998888,0,0,0,0.000177373084332317,0,0,0,0,0,0.000164559679995818,2.31024276436981e-05
2.30634745885531,0.00120018860475598,0.0221158739391093,0.0131822472416083,7.65616557176531e-05,0.0487056359110536,0,0.0485416593000363,0.0682787096217733,1.8374087874962,4.70397089932101e-05,0.00438837009348048,0.00186496090378286,0.836754155764061,4.50481808903771e-05,0.00703372411413198,0.0034253870231218,0,0.000670592785624449,0.00534566809858419,0.0272795400792464,0.00888648579710443,0.0383315170584599,0.0954192258889905,0.000135986645336738,0.00117241600819585,0.0061108687192596,4.53809823384598,0.1234230479351,1.75279573633829,0,0.00164681780969893,0.0244666524304554,0.0803474022834591,0.00184782033018082,0.0515513129343275,0.0241634806595037,0.126981307177938,0.0510698506776923,0.0111821034452176,0.00370341663199868,0,0.00522452520507498,0.00147366366168761,0.00533968935425522,0.00473196434315229,0.000404636491372298,0,0,0.00406568039643694,0,0.000274937661621399,0.000299140137012587,0,0,0.00146313731030457,0.000457907989646275,0.0306446675784203,0.000248417087110383,0.000351029735698751,3.84932675718953e-05,0,0.00117396782846349,0.000484384428496918,0.00226460856837494,0.000364640096573628,0,0,0,0.00045783791651799,0.00503138059228406,0.00126819303002747,0.00739683103537008,0,0,0.000702907940540623,0.00527298357744647,0.00250481872471192,0.000796155104900987,0,0,0.00231710595518857,0.00488941982606418,0.000897206888454021
0.455848658022039,0,0.0021602569398011,0.000904487042721839,0.4787235514402,4.19282810958054,0.0485416593000363,0,0.00734411766732718,0.39642347328328,0.000278539158934414,0.0234845687957677,0.000460132160101209,2.09927846730615,0.00182851229181196,0,0.00196982653857002,0.000254590563153932,0.000106305973455467,0.000992739749720417,0.00106856950579817,0.000203936395236764,0.00218653611569559,0.00889761186717307,0,6.21501395639615e-05,0.000222425773061821,0.0176938297570473,0.370186531088717,0.00411837001039288,0,0.33318437056308,0.00498877839845961,0.126070819656933,0.000263669438844432,0.00601979049370807,0.00159799228649811,0.0687513151657644,0.0107521157818598,0.00763034454502946,0.0762451412951435,0,0.000370198243769004,0,0,0,0,0,0,0.000189476916991633,0,0,0,0,0,0,0,0.00263699682674996,0,0,0,0,0,0,0,0.000110249580784538,0,0,0,0,0,8.56017643356861e-05,0.0020207264459401,0,0,3.46916589063781e-05,6.47325834919055e-05,0.000122279690861806,0,0,0,0.00030164206827989,0.000270733263546111,0.000106495437061869
0.0325814778229489,0.195159641810603,0.00183734621888458,0.218965505439472,0,0.00515741441126689,0.0682787096217733,0.00734411766732718,0,0.0282169472720383,0.000472191066755453,2.71820958807485,0.00287142957801863,0.00926576204858522,0.42195214742144,0.0265340008774303,0.00164539380887146,0.000955424930448999,0.0024902906065545,0.351644417884265,0.00296616728198214,1.43347046939035,0.00217486121991428,4.79827941107964,0.0220045487458277,0.00128509652171168,0.0276316729151454,0.224223455885128,0.0301279630929771,0.0502189179392051,0,0.00019006907049081,0.0414931193609703,0.0298511895661651,0.00219927189431282,0.195773358046671,0.0454960780868626,0.0598077239277377,0.0594306808520705,1.60020431333878,0.00805144392631993,0,0.013084781051618,0.00275645298455866,0.00883843950507837,0.00982817642531434,0.025620687704285,0,0,0.00430747034684487,0.0143100898201485,0.000747060189721677,0.00048220576634206,0,0.000235849690013235,0.000690149402410654,5.55120518866436e-05,0.926461714117234,0,0.00022863700974516,0.00367766217326113,0,0.000660606213047409,0.0010455237714001,0.00697709000849507,0.000686936766665007,0,0.000461124507948598,0.000569634176173558,0.00126128280869808,0.0449329667420564,0.00190392637361431,0.103636577771088,0.000175282532975803,0.000387859295405186,0.00240935822518705,0.00271896561655725,0.00630284570871268,0.00250901102161865,0,0,0.00455530330490334,0.00829506588320626,0.000718493998553148
0.0341249972692316,0,3.90235502343355e-05,0.592705234978181,0,1.01948943368752,1.8374087874962,0.39642347328328,0.0282169472720383,0,0,1.37625204225143,0.000540865421191813,0.287201501052916,0.000233423888072591,5.57003573383973e-05,5.13494368547425e-05,0,0,3.00165325293151,0.000301369223375941,0,0.000110012637061953,0.0518551037302223,0,9.50402926958886e-05,1.33734413586703e-05,1.81000600155484,0.0353934732681734,0.00157160090347625,0,0.00140031663286126,0.00734175486013433,0.0410515819688378,0.000159631732481479,0.00804796241202085,0.00040558391213074,0.0581859773027856,0.02087433136294,0.011011855197477,0.00315121420044651,0,0.000200573287566888,0,0.000835957222575869,0,0,0,0,0.000336344284250809,0,0,0,0,0,0,0,0.00372138073219668,0,0,0,0,0,0,0,0,0,0,0,7.84789818162319e-05,7.11286232804881e-05,0,0.00462923245948552,0,0,0,9.23232453936551e-05,0,0,0,0,0,0,1.96265705170295e-05
0.000178592912518489,0.00518625962073096,0.00427191119256534,0,0,0.000124609429740153,4.70397089932101e-05,0.000278539158934414,0.000472191066755453,0,0,0,3.49166254262682,0.000419557386590635,0,0.000206276930543922,0.0609623169769427,2.00296477132898,1.08830535332419,0,0.000266103769619493,0.000533855226887096,0.00189505360218504,0.000308910570361766,0.230572584739266,1.44689256245589,0.0549131000708989,6.88564285729397e-05,0.00304307171998683,0.000598084147442132,0.547811779417138,0.000687226549065273,0,1.75473559377074,0,0.00366912308206302,0.56733169845613,0.741957613322159,0.00662355707824532,0,9.44640601725213e-05,0.352370610330126,6.00612689926946e-05,0.00672320169173846,0.00359304241340806,0.000812346547221781,0,0,0,4.58418415322792e-05,0.00711903007142137,0.000267187937312305,0,0,0,0,0,0,0,0.0121722293442739,0,0.0548778560671806,0,0,0,0.000725194204222007,0.00155515692818615,0.00190869558957188,0,0,0.000392859460186773,3.01279292097712e-05,0,0.0303920901032732,0.00503314847312795,0.00598422697505874,0,0,0,0.00776261841669124,0,0,0.000468360741809137,0
0.000473234465122624,0,0,0.382652577410951,0,0.841557812061965,0.00438837009348048,0.0234845687957677,2.71820958807485,1.37625204225143,0,0,0,0.000606834099662495,0.188515949604858,0,0,0,0,6.25609946631566,0,0,0,0.787279961549551,0,0,0,0.0201166535213607,0.00196927726884966,0,0,0.000224876302730732,9.0456922768883e-05,0.00259303763545473,0.205678716636572,0.00945092962568861,0,0.000609556068895827,0,0.258331062140579,0,0,0.000106231509762136,0,0.000321672445381064,0,0.000226330488115479,0,0,0,0,0,0,0,0,0,0,0.000709093002159399,0,0,0.000129713293531239,0,0,0,0,0,0,0,0,0,0,0,0.00126532345008332,0,0,0,0.000184895767937248,3.58330304065096e-05,3.51707190664463e-05,0,0,0,0.000123115769910156,0.000112308012008141
0.000609777983612821,0.0104315323594793,0.0004455698918334,0,0,3.74873988840093e-05,0.00186496090378286,0.000460132160101209,0.00287142957801863,0.000540865421191813,3.49166254262682,0,0,0.000160952501074146,0,0.00507000047597296,0.00112663937428748,0.0412325485330228,0.00991541723022829,0,0.00164580988086759,0.00229695525524771,0.00454245616851969,0.00195576932685687,1.89150204917574,0.0963497796288158,0.428397826681303,0.00328051799929958,0.000721119511101491,0.00154920590782343,0.124887365868565,0,0.000351904328132562,0.161023623968397,0.00607275976222493,0.598299220411649,0.484944539746208,0.509788600771712,0.279790147947352,0.000578439016906268,0.181277001755885,0.777229831782115,0.0139934437928074,0.0660609550142959,0.00819280417742182,0.0113382351842195,0,0,0.0398119561744965,0,0.0356830659185525,6.04413396591273e-05,0,0,0,0,0,0.000784798136023844,0,0.0906040147288357,0,0.457733636068403,3.83005135708332e-05,0,0.000118006087964691,0.000336826291273753,0.0018320236094763,0.00342173546081754,0,4.15849742549726e-05,0.00199968446149663,0.000497480727316708,0.000245992510049896,0.176813777667277,0.0155555954329376,0.0238120010510563,0.000261000360113615,0,0.000116794151393689,0.0728559169451189,7.93607525256248e-05,0,0.0017627915625005,0.00371803082359907
1.7542034637252,0,0.0217508836387536,0.00495348450743827,0.00410417635217786,0.0644743877927681,0.836754155764061,2.09927846730615,0.00926576204858522,0.287201501052916,0.000419557386590635,0.000606834099662495,0.000160952501074146,0,0.000563305312792722,0.000686968025532985,0.0210967264760227,0.000182938302998981,0.00470761816601135,0.00139631801130196,0.00749497002147879,0.000578877819849857,0.0160115226269954,0.0209984525180512,0,0.00180651269201494,0.00499678254822462,0.0580667242679426,4.78813859255801,0.0403930085628243,0,0.298196608003609,0.0269324440764548,0.183337184413027,0.000500127029614376,0.00797744213799432,0.00472945173853414,0.100768512715998,0.00931494308068608,0.00188113096055631,0.0244716872226096,0,8.49189960718168e-05,0.000176578708671049,0.000986695652981933,0.000947196242649559,0,0,0,0.00116543419151093,0.000431731844569849,0.000138730486534569,0,0,0,0.000291742488252622,0,0.00570667964871807,0,0,0,0,4.24074310056356e-05,4.36783279124556e-05,0,0,0,0,0,0,0.000259506041589577,0.000149463704806074,0.00117124754631919,0,0.00012393988015043,0.000157216083398317,0.000769778292073255,0.000924723042104326,0.00109751078952299,0,0,0.000252591222351745,0.00121059747958007,0.000188006262128049
0.000304663357716044,0,0,0,0.00195591489548599,1.49573960587584,4.50481808903771e-05,0.00182851229181196,0.42195214742144,0.000233423888072591,0,0.188515949604858,0,0.000563305312792722,0,0.00178648792807712,0,0,0,0.000428847308033865,0,0,0.0005853714025808,0.000224940951312116,0,0,0.000154042119451253,0.000329227915188328,0.00166257027288251,0,0,0.00223570191204051,0,0.0034260911372543,0.0955329017631067,0.00820190880626434,0.00150828831761955,0.00302577829187625,0.00502239648374231,0.662538854168204,0.0396836266120511,0,0,0.000933697293361374,0,0.000255714322104696,0.000191624956197315,0.000358425654703664,0,0,0,0,0,0,0,0,0,0.000191655078228235,0,0,0,0,0,0.00409309814013662,0,0,0,0,0,0,0,0.000100067450424015,0,0,0,0,3.74172758256276e-05,0,0,0,0,0,0,0.00185014329472123
0.00345618440335791,0.0392198235211047,0.00875361180123047,9.95978947466274e-05,0,0.000233755028709679,0.00703372411413198,0,0.0265340008774303,5.57003573383973e-05,0.000206276930543922,0,0.00507000047597296,0.000686968025532985,0.00178648792807712,0,0.010165380343187,0.000191059927250006,0.0019175133225465,0,0.968722174627161,3.43538354338935,1.09029954696386,3.4177336380303,0.00235283225143073,0.000716551846517617,1.19170384751275,0.634193682383937,0.00212088221862341,0.0230922244551495,0,0,0.0046962607475678,0.0575329765279777,0.0126667672398514,0.401337037064414,0.45711623694884,0.213019591952669,0.147583585064122,0.0270428320219521,0.00657609969093545,0.000175651056465831,0.113302786859548,0.0987219933146073,0.0559040594359645,0.0358442062417387,0.00976341297920761,0,0.00014032156805305,0.00385365691954371,0.00217923166398782,0.00271105283280443,0,0,0,0.000549798410108657,0.000701851765747336,0.0105111086674552,0.000215148321798034,0.000757472573446852,0,0,0.00267823237713961,0.00356760768377672,0.321959081467281,0.00621299419773913,0,0.000659838225333581,0,0.00388527108144838,0.327215544651747,0.0608162686850955,0.00959417712862101,0,0.000791062547318468,0.0199872110075647,0.0075415557928448,0.00426190869489897,0.0104078248256578,0,0,0.00255051755537974,0.0115649972686643,0.00771934278735828
0.0582385893966675,0.0224734297205686,2.0573496272563,0,0,0,0.0034253870231218,0.00196982653857002,0.00164539380887146,5.13494368547425e-05,0.0609623169769427,0,0.00112663937428748,0.0210967264760227,0,0.010165380343187,0,0.00631821046639449,2.56352471028022,0,0.0753868300162456,0.00752642501391903,1.3608905667521,0.00186585979828342,0.00164184858304761,0.491678500361497,0.336757628168631,0.0145082974271653,0.0269768679282839,0.094951073177935,0.000584793939626863,0,0.00797708854377475,0.731559787135242,0.000243020622810948,0.0170874059748088,0.26726984414228,0.256680831798262,0.0236000699655578,0.000903341320217821,0,0,0.00318026128383284,0.00347653278499376,0.00479572390506652,0.00152261380386348,0.000184166441887627,0,0,0,0.0182687277462508,0.00216626018289465,0,0,0,0,0,0.00017325698438788,0,0.000277390325498336,0,0.00078091952472481,9.02600165988629e-05,7.85338992673919e-05,0.000900048550396691,0.00160321529956239,0,0.00117562148658086,0,0,0.0067088926381275,0.00112333341228245,6.84172194596201e-05,0.00272427073018273,0.00164996734497967,0.00995395359256919,0.000200942017575458,0,4.6074703638592e-05,0.000752873028930763,0,0.000115371293146337,0.00080390665923032,0.000298063025607976
0.000601746846365877,0.0106953278832262,0.00450084298355185,0,0,0,0,0.000254590563153932,0.000955424930448999,0,2.00296477132898,0,0.0412325485330228,0.000182938302998981,0,0.000191059927250006,0.00631821046639449,0,4.29464198647399,0,0.000435770736469072,0.000258058269012046,0.000950852668425251,0.000288509812339414,0.0962428683535439,1.44871645647587,0.0434252131308342,0.000136528830878989,0.000324781466662179,0.000310040238692548,0.0703417192549077,0.000127438089172469,0,0.0711763119610087,1.93332412044939e-05,0.000690139202328149,0.0781763350117517,0.0583929114638427,0.000321827562439852,0,0.000175536048038017,0.00271505426245164,0,0.00449772618378788,0.00241322128554805,0.000700955228710609,0,0,0,0,0.00621929670921058,0.000213121415107639,0,0,0,0,0,0,0,0.00441210593825499,0,0.0315170675297973,0,0,0,0.00032960082333806,0.000935619161223721,0.00298408611031809,0,0,0.000561300147131381,0,0,0.0452695127507412,0.00620665878959207,0.00687521614540293,0,0,0,0.0133627714061384,0,0,0.000469625384434394,0
0.0180141131533065,0.0389790393962864,0.168546366760847,0,0,0,0.000670592785624449,0.000106305973455467,0.0024902906065545,0,1.08830535332419,0,0.00991541723022829,0.00470761816601135,0,0.0019175133225465,2.56352471028022,4.29464198647399,0,0,0.00537633664444702,0.00339712518678846,0.0493177126121077,0.000927631459817101,0.025330785001732,1.922361975309,0.188798056893439,0.00300742959449788,0.007043018956873,0.0136562344350416,0.0174726919686461,0,0.00229552055694939,0.675060553899832,8.21112056918023e-05,0.008032371251738,0.318019358547175,0.254209044940477,0.0144989877416671,0,0,0.00146493655606192,0.000966908793553659,0.00426924236797468,0.00317072995877848,0.00108452039741135,0,0,0,0,0.0387822040146747,0.000306519297173664,0,0,0,0,0,0.000106677495138069,0,0.00164165236811684,0,0.00386768390439412,0,0.000209499228927783,0.000532875021170999,0.000303753983569185,0.00103439772775009,0.00530170973079725,0,0,0.00145859671403806,0.00022784074592938,0,0.0180929626890927,0.00537280152035681,0.00913982514457955,0,0,0,0.00448355529920011,0,0,0.000846685880718958,2.59833498611637e-05
0.0014659616877471,0,0,7.37891611246573,0,0.000325746293566957,0.00534566809858419,0.000992739749720417,0.351644417884265,3.00165325293151,0,6.25609946631566,0,0.00139631801130196,0.000428847308033865,0,0,0,0,0,0,0,0,0.621952573632963,0,0,0,0.254508591487282,0.00483849927652043,0,0,0.00040280784981442,0.000178700293743245,0.00401965042931855,7.38832300372087e-06,0.000580948941063308,0,0.00444764462606493,0.00192604703828469,0.000507115316187627,0.000720231951306665,0.000873684218583644,0,0,0,0,0,0,0,0,0,0,0.00100237392305648,0,0,0,0,0.00253533956791098,0,0,0,0,0,0,0,0,0,0,0,0,0,9.18372907948543e-05,0.000131418367739618,0,0,0,0,0,0,0,0,0,5.30460582058288e-05,0
0.0465657883428068,0.00159182447810214,0.115754164653327,0,0,0,0.0272795400792464,0.00106856950579817,0.00296616728198214,0.000301369223375941,0.000266103769619493,0,0.00164580988086759,0.00749497002147879,0,0.968722174627161,0.0753868300162456,0.000435770736469072,0.00537633664444702,0,0,0.0199349298868713,10.3594228319821,0.325678960365261,0.000406580830992162,0.00533368363285681,0.061672929014608,1.04277924971922,0.0221916330267794,5.18403043849953,0,0,0.127684945695246,0.281855192936224,0.00553633199040189,0.128481457225627,0.0613853309448845,0.158442547307781,0.0489304488491132,0.00908679797741128,0.000426205878427754,0,0.0097154957367308,0.00643381034415775,0.00530980038145454,0.00193978476494296,0.0015476697324422,0,0,0.00083332764088073,0.000578436417485533,0.000831620518272253,0,0,0,0.000374305618671716,0.000179423824874417,0.00199553863814333,0,0.000326827208013855,7.83966974410976e-05,0,0.000712114966219876,0.000413268585627825,0.0140213113639654,0.000125116365923244,0,0.000247748230546314,0,0.00108645216074641,0.0182866650680676,0.00394091521287929,0.0016314382672361,0,0.000201206214810524,0.00312349723712718,0.000937720897622315,0.000677096084069146,0.00211715367439073,0,0,0.000939549959425613,0.00181893644387772,0.00235927901745355
0.00631185355479837,1.87550073944258,0.0140561909750273,0,0,0,0.00888648579710443,0.000203936395236764,1.43347046939035,0,0.000533855226887096,0,0.00229695525524771,0.000578877819849857,0,3.43538354338935,0.00752642501391903,0.000258058269012046,0.00339712518678846,0,0.0199349298868713,0,0.0377071953264201,1.04100788614826,0.0282057912979837,0.00220351664651501,0.714212395518973,0.0775285804065862,0.00277408065579429,0.0209738915401998,0.000309169320286545,0,0.00320409697038627,0.0222828455341982,0.00290308036533229,0.167329485307672,0.148398135847423,0.0841471757633277,0.0498896629072766,0.00580855890774636,0.00137952538719869,0,0.0559536582697997,0.0551961430160411,0.0478338954605303,0.0265292357147165,0.00499417372141343,0,0,0.00285145198915295,0.0343945259908468,0.0071579180103428,0,0,0,0.000591882645463128,0.000634105468377767,0.0211796347673825,0,0.00067890285875671,0,6.95213886162463e-05,0.00026039754217887,0.000566613081370425,0.0778439515022469,0.00919740650492294,0.000200992329220504,0.00152770588677372,0,0.00217411002927451,0.745512601086854,0.0230572126927849,0.00449893447957442,0.00177957649797617,0.00220292221928868,0.0269209766308332,0.00262348580389481,0.00293741917068935,0.00502418129439811,0,0,0.00104034594916522,0.0138545263458403,0.00282848964520133
0.071666286694257,0.00602608811299928,5.69374641707051,0,0,9.42671043426199e-05,0.0383315170584599,0.00218653611569559,0.00217486121991428,0.000110012637061953,0.00189505360218504,0,0.00454245616851969,0.0160115226269954,0.0005853714025808,1.09029954696386,1.3608905667521,0.000950852668425251,0.0493177126121077,0,10.3594228319821,0.0377071953264201,0,0.0272216293419882,0.000479878118853105,0.0458294201387426,2.1790666356524,0.212311244936847,0.0167292625898014,0.299220620851513,7.95255345284896e-05,3.88843108034445e-05,0.00450390172071908,0.396436134429815,0.0204146200784849,0.329048171785293,0.467849409168788,0.713463531337063,0.172758391253599,0.03249579907331,0.00400451201486821,0,0.0318893448858755,0.0427988056455591,0.0209972213443449,0.0120802461956399,0.001851305580994,0.00020846932957856,0,0.000174392762737596,0.00661945043712763,0.00300506301150834,0,4.92208641007029e-05,0,0.000198462572829044,0.000227840757141952,0.00119953098800518,0,0.000826895723025965,0,0,0.000356762974844635,0.00211133236861291,0.0915807969319564,0.00446385114556875,0,0.000311273535766624,0,0.00370196981226433,0.0534845095191502,0.0258982671195332,0.00195451827991377,0.000302537702406393,0.0012136273321454,0.0227653018750959,0.00132937543654085,0.000534481183127234,0.00194164562684753,0,0,0.000195186301803819,0.00421537593637882,0.00998936262718011
0.0245711236492537,0.0901442180502155,0.00294382780900681,3.78206915263726,0,0.00912042059372709,0.0954192258889905,0.00889761186717307,4.79827941107964,0.0518551037302223,0.000308910570361766,0.787279961549551,0.00195576932685687,0.0209984525180512,0.000224940951312116,3.4177336380303,0.00186585979828342,0.000288509812339414,0.000927631459817101,0.621952573632963,0.325678960365261,1.04100788614826,0.0272216293419882,0,0.00523717856888107,0.00161741968730185,0.0512546926507795,3.49898028161693,0.0438531432950272,0.0487877549193685,0,0.000742904707584098,0.0203936982035569,0.0375346124969691,0.00351376889185551,0.114067278060604,0.0406812451359776,0.0661535435415609,0.044740459523891,0.00771474434203255,0.00359903211771753,0,0.0359921148723751,0.0092965403901314,0.0214284921337479,0.0137983182024013,0.0062972831305602,0.000949343284769311,0,0.0133746059336308,0.001603316196245,0.00079083839745986,0.0337508414023085,9.34790465410306e-05,6.7675259552427e-05,0.00307583966170987,0.00119692787147762,0.203676901481943,0.000296005499032326,0.000143708827014541,0.000868169656122496,0.000141314505605822,0.00357270316795041,0.000410568106998611,0.0167069988665726,0.00166904573277426,0,0.000136490660514106,8.17424204951518e-05,0.00282699566770355,0.0608179951817953,0.006323190685132,0.227271332179144,0.000439693952507704,0.000134000028561379,0.0026566599641994,0.0132882731695707,0.0111966329611889,0.00846368143895934,0,0,0.00534442696714117,0.0211214298096591,0.00173786199530602
0.00044396245911632,0.998432064878,0.00279359889765851,0,0,0,0.000135986645336738,0,0.0220045487458277,0,0.230572584739266,0,1.89150204917574,0,0,0.00235283225143073,0.00164184858304761,0.0962428683535439,0.025330785001732,0,0.000406580830992162,0.0282057912979837,0.000479878118853105,0.00523717856888107,0,0.0976806062014613,0.882536601641508,0.00035124789322083,4.44593554036594e-05,0.000166429647443107,0.0422372664493036,0,0,0.0179715471530879,0,0.111517249187623,0.848807158893811,0.0878154566916596,0.00333875166493773,0.000116915240422346,0,0.500933391592352,0.0624788949714719,0.113185837189043,0.0242760765538713,0.00365483651305622,0,0,0.086538533073798,0,0.173713041196208,0.000405426934646291,0,0,0,0.000119022593785731,0,0.00170411711125923,0,0.106516989568886,0,0.475455939419761,0,0,0.000367440428714441,0.00154434778739035,0.00648280549047126,0.0257132507249109,0,0,0.00443829938995193,0.000630504814567029,0.000238653775796918,0.932185697757344,0.0319290262538019,0.0468090136064868,0,0,5.82158582450561e-05,0.0644085451239597,0,0,0.00482429276625861,8.13850992969664e-05
0.00720934091533533,0.0339450050103575,2.22296612394211,0,0,0,0.00117241600819585,6.21501395639615e-05,0.00128509652171168,9.50402926958886e-05,1.44689256245589,0,0.0963497796288158,0.00180651269201494,0,0.000716551846517617,0.491678500361497,1.44871645647587,1.922361975309,0,0.00533368363285681,0.00220351664651501,0.0458294201387426,0.00161741968730185,0.0976806062014613,0,2.6264274041671,0.0033660577267667,0.00278538895646064,0.00747757322945475,1.31747055543061,0,7.38478640904209e-05,0.0391763246672014,0.000159389524988909,0.00853030000466818,0.0825678267797406,0.0810583853700075,0.00518204182352043,0,0,0.000738763022979897,0.00093978195847208,0.00755170217652152,0.00978436544593965,0.000644824454525471,8.11509908451224e-05,0,0,3.17099229199258e-05,0.041296346303031,0.000469004478843814,0,0,0,0,0,0.000202608958910352,0,0.0062870159686235,0,0.0374937975755406,0,6.19684410105847e-05,0.000235830230140677,0.000665555937835819,0.00245568415344559,0.00912287177311601,0,8.64210375628657e-05,0.0023037388543025,0.000734452418904552,0.000179792920733059,0.049465124883564,0.0231276664267521,0.0342574891024724,0,2.35975619234492e-05,2.75873782065864e-05,0.00754435403901474,0,0,0.00225970031531808,4.97279179292218e-05
0.0139898564034078,1.07516981761231,1.2247369306204,0,0,3.24422208381253e-05,0.0061108687192596,0.000222425773061821,0.0276316729151454,1.33734413586703e-05,0.0549131000708989,0,0.428397826681303,0.00499678254822462,0.000154042119451253,1.19170384751275,0.336757628168631,0.0434252131308342,0.188798056893439,0,0.061672929014608,0.714212395518973,2.1790666356524,0.0512546926507795,0.882536601641508,2.6264274041671,0,0.0627255363841118,0.00705074248487731,0.0217025425580711,0.250650525843698,0,0.000999517892979307,0.124771634881479,0.011528326468207,0.216004656389928,0.336440766773167,0.556004171128404,0.110407045956693,0.00613700663294502,0.00134331439545274,0.000234179080093585,0.0520645747073323,0.0822026640465077,0.0849673307742825,0.0247142273758718,0.00264251039406786,0,0.000110491998311122,0.000531873753588765,0.31001380684802,0.0217801841187959,0,0,0,0.000829454851069922,0.000194917167916486,0.00402011400958774,2.89307238234178e-05,0.00908959096608619,0,0.0465045160618973,0.000290601955258468,0.00149071481751865,0.0427466373582488,0.0257714763332452,0.00495170298659862,0.0227076511971647,0,0.0037617730160597,0.156910937114274,0.0464261444987245,0.00177417461353882,0.0862172565821762,0.0607009724381963,0.242861095340373,0.00124152508894008,0.000713981669159829,0.00153981284566748,0.011827627137033,0,0,0.0155510255367357,0.00987802089870888
0.0708650761530975,0.00769330500797747,0.0670192342715226,1.12869617493993,3.58775359309824e-05,0.0432959873582735,4.53809823384598,0.0176938297570473,0.224223455885128,1.81000600155484,6.88564285729397e-05,0.0201166535213607,0.00328051799929958,0.0580667242679426,0.000329227915188328,0.634193682383937,0.0145082974271653,0.000136528830878989,0.00300742959449788,0.254508591487282,1.04277924971922,0.0775285804065862,0.212311244936847,3.49898028161693,0.00035124789322083,0.0033660577267667,0.0627255363841118,0,0.0957805242550592,1.60957841357702,0,0.000374216052345126,0.0350867629495084,0.144050998637865,0.00838239512976671,0.203860477765743,0.0946652240220911,0.194069236236432,0.0728485859424999,0.0118564466383868,0.00387105231896241,0,0.0212001698413553,0.0116775640867314,0.0182893642629015,0.0105752413165765,0.00262436490755929,0,0,0.00676503325971686,0.00103643504900867,0.00128198574187811,0.000401733373005773,0,0,0.00334538962220912,0.00117962162979725,0.0741028491555552,0.000259377426804614,0.000477998410236065,0.000135302943026205,3.09896350111465e-05,0.00296276247102325,0.000812986490606696,0.0207061194014242,0.00158676884305535,0,0.000119213666480901,0,0.00249658438421578,0.0481942706317629,0.0105478518947352,0.0295397231295571,8.63358273820794e-05,0,0.00786253326405647,0.0155261146686419,0.00996774880201815,0.00632503353714819,0,0,0.00432134089352111,0.0166132288750624,0.00391628880034991
0.505535654430661,0.000217127524033964,0.0200962680008113,0.00575907088269384,0.0230144410330148,0.0981434683507236,0.1234230479351,0.370186531088717,0.0301279630929771,0.0353934732681734,0.00304307171998683,0.00196927726884966,0.000721119511101491,4.78813859255801,0.00166257027288251,0.00212088221862341,0.0269768679282839,0.000324781466662179,0.007043018956873,0.00483849927652043,0.0221916330267794,0.00277408065579429,0.0167292625898014,0.0438531432950272,4.44593554036594e-05,0.00278538895646064,0.00705074248487731,0.0957805242550592,0,2.38460210402939,0,1.02942902536956,2.94084398485612,1.63000895876211,0.000492249743958977,0.00908262296481918,0.00501576195062388,0.523890280990674,0.0264966111456039,0.00494016876063677,0.211948530482634,0,0.000725171848307094,0,0.00181190634504625,0.000507858392733432,0.000265208486275169,0,0,0.00200737043763296,0.00059465985128986,0,0,0,0,0.000523917273828097,2.29926592448934e-05,0.0143208382658373,0,0,0,0,0.000688218342819601,0.000320358157963135,9.29860231600223e-05,0,0.000148013926815332,3.27251029162998e-05,0,0,0.00106704017209248,0.000307814477759859,0.00294646446221453,6.15164756719109e-05,3.42774191477084e-05,1.93001667301023e-05,0.0020774627334007,0.00150388676774796,0.000802651887451172,0,0,0.000991557972796014,0.00178371537417545,0.000197666870998811
0.114075511504438,0.00211537510921742,0.128682901494616,0.000351891941298615,0,0.000176135347183222,1.75279573633829,0.00411837001039288,0.0502189179392051,0.00157160090347625,0.000598084147442132,0,0.00154920590782343,0.0403930085628243,0,0.0230922244551495,0.094951073177935,0.000310040238692548,0.0136562344350416,0,5.18403043849953,0.0209738915401998,0.299220620851513,0.0487877549193685,0.000166429647443107,0.00747757322945475,0.0217025425580711,1.60957841357702,2.38460210402939,0,0,0.000380356330111464,0.586283560466799,0.488620483824412,0.00228845104738163,0.0667107886019971,0.0367225410522983,0.14497177633077,0.0304146768990319,0.00445042054758766,0.00145460483925531,0,0.00765266325344794,0.00223971701032429,0.00574469206742885,0.00413580643397301,0.000281980578586678,0,0,0.00205379777832711,0.00103782336347568,0.000702314956583171,0,0,0,0.00096282609094565,0.000530536579590636,0.0206934883966426,0,0.000150893453546432,0,0,0.00224144174199335,0.00044164149203991,0.00404599991631462,0.000349175246211523,0,0,0,0.0010748134562236,0.0220581295609194,0.00143533184481062,0.00540073007380405,0,0.000301053887118971,0.00193316452158865,0.00446873744756121,0.00361679312773127,0.002512063833456,0,0,0.00163009170298732,0.0039324443905233,0.00100398924788194
0,0.00196514572477088,0.00056348503609238,0,0,0,0,0,0,0,0.547811779417138,0,0.124887365868565,0,0,0,0.000584793939626863,0.0703417192549077,0.0174726919686461,0,0,0.000309169320286545,7.95255345284896e-05,0,0.0422372664493036,1.31747055543061,0.250650525843698,0,0,0,0,0,0,0.00475341685181162,0,7.56629214983904e-05,0.00828713328559499,0.00917270930179944,0,0,0,0,0,0.00145229053702485,9.48472388974768e-05,0,0,0,0.00143338950120146,0,0.00541576101223537,0,0,0,0,0,0,0,0,0.00142150921985451,0,0.0169002996326551,0,0,0,0,0.000511512966665113,0.000135303487305026,0,0,0,3.44368664041174e-05,0,0.0196831211251768,0.00254396687394235,0.00249445116158716,0,4.96738415808988e-05,0,0.00902214391928356,0,0,0.00022703492302328,0
0.0097784570851852,0,0,7.46215555423374e-05,1.13885702479335,0.356743811304399,0.00164681780969893,0.33318437056308,0.00019006907049081,0.00140031663286126,0.000687226549065273,0.000224876302730732,0,0.298196608003609,0.00223570191204051,0,0,0.000127438089172469,0,0.00040280784981442,0,0,3.88843108034445e-05,0.000742904707584098,0,0,0,0.000374216052345126,1.02942902536956,0.000380356330111464,0,0,0.00511816735206724,0.673387952172486,0,0,0.000249329767273383,0.0744245411973212,0.00434269249448395,0.00589875560673923,3.18064410496253,0,0,0,0,0,0,0,0,0,0,0,0,0,0,0,0,0.000159561561547412,0,0,0,0,0,0,0,0,0,0,0,0,0,0,0,0,0,0,0,0,0,0,0,0,0,0
0.056983016254478,0.000276823871221682,0.00598529525890472,0.000849267348477084,0.00174734009498945,0.00101427247184393,0.0244666524304554,0.00498877839845961,0.0414931193609703,0.00734175486013433,0,9.0456922768883e-05,0.000351904328132562,0.0269324440764548,0,0.0046962607475678,0.00797708854377475,0,0.00229552055694939,0.000178700293743245,0.127684945695246,0.00320409697038627,0.00450390172071908,0.0203936982035569,0,7.38478640904209e-05,0.000999517892979307,0.0350867629495084,2.94084398485612,0.586283560466799,0,0.00511816735206724,0,1.07504761091169,3.66736888876631e-05,0.0048218453852412,0.00119361408511348,0.260827895205814,0.0235536295942525,0.00152455362457214,0.00531824746100737,0,0.000253748013037715,0.000437547187557874,0.000144186818234898,0,0.000235841958282869,0,0,0.00515578282885912,0,0,0,0,0,0.000125792043820671,0,0.0157318754097175,0,0,0,0,0.000549749038443705,0.000965509548717963,0.000316879686005529,0,0,0,0,0,0.00262573133273882,0,0.000794147083899491,0,0,0.000105414520124247,0,0.000703666163319414,0,0,0,0,0.00159671398632851,2.25454693836986e-05
0.113855005691334,0.0113542752376586,0.0711206745013754,0.00762085778691474,0.0359184861961186,0.0557202575239442,0.0803474022834591,0.126070819656933,0.0298511895661651,0.0410515819688378,1.75473559377074,0.00259303763545473,0.161023623968397,0.183337184413027,0.0034260911372543,0.0575329765279777,0.731559787135242,0.0711763119610087,0.675060553899832,0.00401965042931855,0.281855192936224,0.0222828455341982,0.396436134429815,0.0375346124969691,0.0179715471530879,0.0391763246672014,0.124771634881479,0.144050998637865,1.63000895876211,0.488620483824412,0.00475341685181162,0.673387952172486,1.07504761091169,0,0.00395768663663137,0.175415034607744,0.240379680793272,5.12802658521657,0.370059520506082,0.0192018908550992,1.2734595939646,0.028231952541706,0.00647475798259044,0.00446869150446637,0.00564573980003185,0.00329096455951583,0.000769202951951843,0.000140922801697869,0,0.00101360073315205,0.011436071548199,0.00115831877040416,0,0,0,0.000289861976488626,0,0.0115974869988934,0.000186558152683257,0.00131819514589242,0,0.00122961814012056,0.000632467035661393,0.000860089024838966,0.00474428492990852,0.00217227859681831,0.000201594132729356,0.000709621518781539,0,0.000516605641723166,0.017168745340507,0.00136089239490575,0.00435604941269721,0.00366290687376976,0.00061405849034526,0.00579809587926058,0.00159571243530702,0.00203396599423986,0.00306252666767412,0.000280728931351119,0,0.00148047506074367,0.0036611578978635,0.00104952819871051
0.000922835405460794,0.000414778397181225,0.00120875685429495,0.000128508022604676,0,0.0124253904106319,0.00184782033018082,0.000263669438844432,0.00219927189431282,0.000159631732481479,0,0.205678716636572,0.00607275976222493,0.000500127029614376,0.0955329017631067,0.0126667672398514,0.000243020622810948,1.93332412044939e-05,8.21112056918023e-05,7.38832300372087e-06,0.00553633199040189,0.00290308036533229,0.0204146200784849,0.00351376889185551,0,0.000159389524988909,0.011528326468207,0.00838239512976671,0.000492249743958977,0.00228845104738163,0,0,3.66736888876631e-05,0.00395768663663137,0,0.132871598893762,0.0354111261096781,0.00691747259679697,0.00857484619946969,0.00250702782523336,0.000182948957762372,0,0.0233932621710314,0.0103894226173951,0.00513640659090879,0.0144747415022285,0.00290679155260461,0.000143818700205673,0,0.000127141489345692,0.000384878228843215,0.00083114516883051,0,0.000145335724410766,0,0.000709470316540219,0.000193126133350829,0.000474472692313755,1.70051882994642e-05,0.00285455618751064,0.000835006526294116,0,0.000335797685405324,0.0133154659362222,0.00326302603655101,0.000154221390880918,0,0.000200898588231895,0,0.00138041759381248,0.00405854169992159,0.0062709708461585,0.000661315042548025,3.5215740127485e-05,0.000217629353406189,0.00427967168659652,0.00110135438499542,0.000149364337482461,0.000285604167851239,0,0,8.36624841989981e-05,0.00073192590419037,0.80981512196976
