0,0.000160890488940668,0.0430861712542207,0.00104090984951287,0.000299505372863444,0.00593114932269748,1.62405945550803,0.189225626200344,0.0389162925875809,0.0197269808605129,0.000798710866055169,0,0.000330352136815724,3.99428322027803,0.000111907152753423,0.00292607442763304,0.0895896344649666,0.00222588872753432,0.0202543762738548,0.017485989367678,0.0214713926310856,0.00294814907167988,0.0434473500079532,0.0249286145120911,0,0.0135619120854761,0.00458752230325703,0.0652236314590858,0.556699527636784,0.640349110285178,0,0.00040658771669265,0.0326894155918729,0.0828140790999349,0.000275220135826709,0.00567440769272255,0.00998455842065709,0.0552052653188745,0.0185832244535593,0.00696163045623599,0.00478234826279865,0.000675195756911287,0.000781389540178372,0,0.00289164253415449,0.00143175037197804,0,0,0,0.000485242885863539,0.000122710594887873,5.14695942879892e-05,0,0,0,0.00149909569332584,0.000333962490247095,0.0130366031011493,0,0,0,0,0.000170034033137362,0,0.000896484684903361,0,0,0,0,0.00010109040294492,0.00186908638768484,0.00020796563321537,0.0110127409455582,0,0,0.000321604511810655,0.00761829167062276,0.00184915970246563,0.0027234764976131,0,8.89197324483422e-05,0.00178380511748799,0.000702207759450629,3.48853929511889e-05
0.000160890488940668,0,0.039439082263201,0,0,3.91043480177568e-05,0.000692845568302221,3.6788951970651e-05,0.191596721055225,0,0.0107214017195055,0,0.0736367389746389,0.000718576358239849,0.000724489749561998,0.105801039251236,0.0667710486200823,0.00823303015072347,0.0425753709470476,0.00015565030265334,0.000284081359283819,1.88561043927586,0.0086450099826146,0.0848873861790986,1.43057042995483,0.0605820218166566,1.71134487807135,0.00370920702353159,0.00118575879338009,0.00136797657021406,0.0254452461737499,0,0.00100842535810654,0.0283217824642371,0.00055166958204658,0.0308139650163584,0.0624905114753948,0.0637848185145852,0.0479816091628974,0.000762686420006306,0,0,0.0261914944965341,0.048413031975761,0.0367632471905655,0.0438026565184484,0.00150778369981336,0,0.000504963776666478,0.000906237469481846,0.485380937150903,0.0387405707048619,0,0,0.000130893279925097,0.00215373114604668,0.000615661969850389,0.0333150270637325,0.000236175538873867,0.00126636398101122,6.93546157543717e-05,0.00801861895763417,0.00014771695341326,0.000898430676643542,0.0257597254969534,0.0231846618433181,0.00258998492271589,0.0156654337166739,0,0.00150664318983694,0.102521659605354,0.0113556778384666,0.0145360062418671,0.0740875630446353,0.0297908468819907,0.19267179372017,0.00297944672449691,7.41137782144072e-05,0.000382617847204857,0.0046414817031526,0.000104194397150282,0.000352979886837036,0.00503570349723763,0.000498050596843848
0.0430861712542207,0.039439082263201,0,0.00042165405492693,0,0.000350220729282855,0.107808452852026,0.00731270915746314,0.0121340465430971,0.00596539161582294,0.00314281230858995,0,0.000596887517251022,0.0326231883631037,0.00182352930765263,0.0220661497028381,2.00963279357343,0.0145058250478401,0.186482782032718,0.000626574098312127,0.197297834960834,0.0179877417808569,4.31725594298887,0.0230553828957827,0.000685866069471643,2.43076782088848,1.41582827664059,0.169447641770445,0.0136372744599846,0.118073329310016,0.000642169237276247,0.000245660688172954,0.00565955230148378,0.22239466662442,0.00633828137569772,0.183347078987021,0.558889343978433,0.504288150327361,0.245088511122262,0.00236385894771854,0.000457218283796099,0.000205775338196745,0.00659787512876499,0.00645274886483214,0.00631816297869883,0.00714541493377205,0.000273776961394446,0,0,0.00025795295497609,0.0125139789263541,0.00875563335679876,0,0,0,0.000389823168556548,0,0.00409705479200461,0.000171450204125736,0,0,8.2951080134246e-05,0.000213253927137923,9.810727524843e-05,0.0165290895363434,0.00170992742142296,0,0.000190781061664583,0,0.00077159433395198,0.0132035754505356,0.00707372773782518,0.0074832506443819,0.00103729863793876,0.00143101384702737,0.054716317120883,0.00271283010951239,0.000169404079628734,0.000558107297156489,0,0,8.63482032198285e-05,0.000743205176138353,0.00163142918943056
0.00104090984951287,0,0.00042165405492693,0,0,0.00294308327205267,0.0784486193863949,0.00166510224455159,0.0793206804870633,2.35389440627609,0,1.95533066173427,0,0.00171005596982369,0.00017129384933098,0.000422194045637848,0.000397030490902339,9.25012511015498e-05,7.07365483430763e-05,5.04339778170767,0,0.00131193725050281,5.11330549104547e-05,4.25913956983118,0,6.28042544124218e-05,0.000115387379437597,2.30659908996723,0.00174882034211083,0.000676457781246456,0,0,0.00114480876523273,0.0020447965243603,3.73784017185519e-05,0.000323440002847409,0.000227196496418947,0.00274734668662624,0.000597879853491813,0.00126298950751617,0.000173174303391494,0,0.000522233557084424,0,6.79617032783865e-05,0,0,0,0,0.000731450580322895,0,0,0.489936087249391,0,0,0.000425960092712956,0,0.000572944907012983,0.00029011382936968,0,0.0477377958558376,0,8.23585622360947e-05,0,0,0,0,0,0.350245495012361,0,0,0,0.0395481332672275,0,0,0,0.000769953299168818,0.000325235833425129,4.17457574839798e-05,0,0,0,0,1.69342213225119e-05
0.000299505372863444,0,0,0,0,0.0224224327739732,8.45074364745103e-05,0.0290032259866782,0,6.16684237550527e-05,0.000402179905715054,0,0.000106379994433767,0.000339212785811435,0.00331430035017266,0,0,0,0,0.00103362947991129,0,0,0,0,0,0.000135568999505206,0,0,0.00977734661756063,0,0,0.48164646275617,0.00220720738945412,0.0072972153185706,0,0,0,0.0070800591719787,0.00144388074472052,0.178244001793416,0.825777459788952,0,0,0,0,0,0,0,0,0,0,0,0,0,0,0,0,0,0,0,0,0,0,0,0,0,0,0,0,0,0,0,0,0,0,0,0,0,0,0,0,0,0,0
0.00593114932269748,3.91043480177568e-05,0.000350220729282855,0.00294308327205267,0.0224224327739732,0,0.0978957907991757,2.77391519776248,0.00255773397767038,1.34337538126542,0.000905545168502895,1.83531599329498,8.76157573856829e-05,0.23698790797112,3.04149040114598,0.000420895001362361,0.000601827587110106,0.000396583205525283,0.000319565192984741,0.1852910216335,0.000255498984209816,0,0.00112508633616459,0.0127030155146921,5.12617708871375e-05,0.00101934323728653,0.000322633091904834,0.0105054789043597,0.210728459564636,0.00129429250053361,8.69117055562734e-05,0.551579299479452,0.00355344385357476,0.0810535506211641,0.580260526071817,0.00189549000162896,0.00146539850162491,0.0338178159855678,0.00432857347193723,0.79818634181768,0.175512834555068,0.000194720938048957,0.000323722942104162,0,0.000113950577976368,0.000156226615683472,0,0,0,3.96630555512261e-05,0,0,0,0,0,2.52352213101865e-05,0,0.000428358055515346,7.09595669879512e-05,0,0,0,0,0.00034172410627115,0,0,0,0,0,0,0,0,0.000300327162957133,0,0,2.13910296169729e-05,0.000649471864919038,2.67360918359931e-05,8.48035239402395e-05,0,0,0,0,0.00150360882056653
1.62405945550803,0.000692845568302221,0.107808452852026,0.0784486193863949,8.45074364745103e-05,0.0978957907991757,0,0.30492668921594,0.110305091712634,3.86387188946725,0.00113119832378417,0.00228719841791769,0.00122675689356477,0.989955269548243,0.00278883617012827,0.0137504216398782,0.0693053141414791,0.00338261835123004,0.0208159416168854,0.0774964878860237,0.0663304694019509,0.00661571263236469,0.106538518730203,0.365086519755705,0.000268330561845389,0.034814416993535,0.0183496253635343,3.32491779853913,0.207721508960442,2.61419009783114,0.000136579354653647,0.00178902484920597,0.098945580657066,0.153060652963313,0.00690509066828022,0.0672414734349836,0.0314634322215342,0.210211811287509,0.0979600510030697,0.0139433204091134,0.0172971600216389,8.54070803470823e-05,0.00290610630348167,0.000451638242432825,0.00325471819023903,0.00243999515994405,0.000386432975429611,0.000181908121392727,0,0.000743319832594347,0,0.000254120033556141,0.000220159457778424,0,0.000299994265249995,0.00388747430940946,0.000397829518593026,0.0157792663311341,0.000489579126499213,0,0.000782444263992002,0,0.000361907924528959,0.000365694630651094,0.0022105068452483,0.000146629862437932,0,0,0,4.38950800908016e-05,0.00191055289083639,0.000459672872584721,0.0186233206362726,0.000175046226020413,0.000154691656868211,0.00163160153125542,0.0124423933024778,0.00302605123628138,0.00446007806646941,0,0.000196470526742726,0.000706172376098535,0.00177706047824175,0.00116168387701442
0.189225626200344,3.6788951970651e-05,0.00731270915746314,0.00166510224455159,0.0290032259866782,2.77391519776248,0.30492668921594,0,0.00717047552745314,0.995255922645916,0.000754934096281465,0.0139676121733841,0,2.8319696116314,0.0344860909893164,0.000206942418898599,0.0116286178233963,0.000452394705245239,0.00243782718418626,0.0504384994104307,0.00376732126706856,0.000463949712349726,0.00777268629376908,0.0142184391413238,0,0.00432316151872112,0.00114493980406521,0.0226053857034963,0.412436664128958,0.0132648505413966,0,0.394290564535083,0.00439050312661811,0.0755243426030049,0.00261941264594802,0.00154778949673044,0.00347536918039679,0.0358099004231903,0.00474061061892797,0.228752478869227,0.179332832243611,0,9.37631296158668e-05,6.43222524914985e-05,0.000147219689763487,6.92299143266986e-05,0,0,0,9.33884242055906e-05,0,0.000288742292325774,0,0,0,0.000273634894518894,0.000127637451929519,0.00212435095419553,0.000141560324681658,0,0,0,0.000266399034813874,0,2.09947506276103e-05,0,6.03904057409725e-05,0,0,0,0.000104912041995211,0,0.00383376867065932,5.87133724424399e-05,0.000125929594604464,0.000294601339814115,0.00265331113224802,0.000719663718058326,0.000828822117857003,0,0,0.000280715658563012,8.88063041236242e-05,1.50550428030145e-05
0.0389162925875809,0.191596721055225,0.0121340465430971,0.0793206804870633,0,0.00255773397767038,0.110305091712634,0.00717047552745314,0,0.0434591429889585,0.00106250837061987,2.34450192574299,0.00910052327855911,0.0217642599003787,0.121566761765461,0.0391187786171163,0.0102886372070192,0.00102066781035299,0.00536267616048911,0.210029028786681,0.0118008034887952,2.7318631776748,0.00857718563467966,5.92488917988574,0.0835298657283412,0.00916475951380427,0.0732137991779157,0.143164039725736,0.0635332380660954,0.0521383175188031,0.00161254887501026,0.000436449709549634,0.0902912898974559,0.0780809510870969,0.00769060201089631,0.0988553734990835,0.0242321266783275,0.123635259737049,0.0666893633300242,3.00205954752017,0.00623030362127324,0,0.0268387776326253,0.00729306064176272,0.0436577766175753,0.0213852083884406,0.0345495898510318,0.000122419803936426,0,0.0146955129059134,0.00946684533158806,0.00559710357120404,0.000144397559242973,0,0.000823845427644136,0.0326950503082548,0.0070250217495265,1.180897022885,0.0104575311414614,0.000512693512801435,0.0149211130620365,0.00116842208806649,0.00677100317385615,0.00304191293645117,0.0883536478627863,0.00138417090380941,0.000101734466990883,0.000190191594253637,0.00206510132223314,0.0077877252068986,0.356340215575778,0.00651410912531892,0.191583671972031,0.00155825193779304,0.000718967459246123,0.00716877384682916,0.0782868447978175,0.0181763032221489,0.0210887215423252,0.000408800111120239,0,0.00863579720170201,0.013014630703156,0.00113503407560422
0.0197269808605129,0,0.00596539161582294,2.35389440627609,6.16684237550527e-05,1.34337538126542,3.86387188946725,0.995255922645916,0.0434591429889585,0,0.000297593378137212,1.86601690411681,0.000137198197744376,0.60950529098573,0.0041501306726448,0.00106427951349861,0.00363766983805134,0.000221449521275314,0.000822397870529554,5.3758291534686,0.00221501996340201,0.000884222044121195,0.00455834671291232,0.344603066771968,0,0.00235601624202762,0.00246442406052838,0.801732108076294,0.0428548618177995,0.0118709029453626,0,0.000376247029565846,0.00866628343046391,0.033996590734456,0.00124164384470777,0.00921791089286583,0.00384511688359534,0.0388251938645084,0.016518345391012,0.0081610788843155,0.00528000774210027,0,0.000255462631923264,0,0.000663801675967674,0.000400108449011712,8.15084342544129e-05,0,0,0.000350258440325033,3.43709413870453e-05,0,0,0,0,0.00146899819077341,0.000232062051142377,0.0038583349450747,0.000138980409988825,0,3.34684186188193e-05,0,0.000231674812649889,0.000128148557495175,4.90650508238114e-05,0,0,0,0,5.3729504825557e-05,4.49317045363821e-05,0.000109753415434429,0.00526557423801697,0,4.24348958863816e-05,0.00042576124239297,0.00385385517000545,0.000665915714105013,0.00060701141556277,0,0,5.12408458155506e-05,0.000303055361069172,0.000121993567018174
0.000798710866055169,0.0107214017195055,0.00314281230858995,0,0.000402179905715054,0.000905545168502895,0.00113119832378417,0.000754934096281465,0.00106250837061987,0.000297593378137212,0,0.00014692593527702,1.77570414924344,0.00287609872751547,0.000325300595895893,0.000936560945463003,0.064652072586633,2.17563934897325,1.03531417242083,0.00010567055573058,0.000540171634903256,0.00242038689692538,0.00158685176107653,0.00084918205723553,0.93278512547963,1.04787080608609,0.0687619770604157,0.00128423903091177,0.0143230090185534,0.00153056531369495,0.579354120566383,0.00281110067423221,0.00202908841434691,1.29818517407927,0.00142510357299277,0.069114874861211,1.00928126971561,0.88686489175499,0.0529090728816843,0.00058367326978686,0.00769468927153874,0.754355324553549,0.000585634668181497,0.0307819841276758,0.00417282174960529,0.00209273904325225,0,0,0.00704714812365724,0,0.00333355543400849,3.58489230394183e-05,0,0,0,0,0,0.000246310885820889,0,0.0198257566102241,0,0.0468538317628987,0,0,0,0.000554215399410319,0.00444198464471112,0.00411887814386801,0,0,0.000553815704338474,2.85036954386659e-05,0.000394214390141298,0.0175860391566849,0.0194485448263906,0.0178208683339647,0.000255469360265158,9.10521815616818e-05,0,0.0362687357636881,0,0,0,0.000483843356465451
0,0,0,1.95533066173427,0,1.83531599329498,0.00228719841791769,0.0139676121733841,2.34450192574299,1.86601690411681,0.00014692593527702,0,0,0.00757993979727522,0.79164816192677,4.94813185206448e-05,0,0,0,11.5424179568905,0,0,2.51465096774204e-05,3.20430867334548,0,0,0,0.000732426929615883,0.00753211790851735,2.11488410856659e-05,0,0.00124207664062701,0,0.00599820648172619,0.151223537330405,0.000418071672828674,0.000414723397245861,0.000733720911304623,0.000114083181215513,0.107785802661541,0.00176698167405616,0,0.000204789596100555,7.55197236044312e-05,0.000487831994928638,8.50279787288893e-05,0.000762663694520958,0,0,0.000144552939064369,0,4.72731693721574e-05,0,0,4.52285429100733e-05,0.000511810290642067,6.16120755786817e-05,0.00110014602483057,0.000145034729233175,0,0.00625387059856178,0,7.81530642262468e-05,0,0,0,0,0,0.00215379067240234,0,4.0743307308036e-05,3.0669354846545e-05,0.00298328731482118,0,0,0.000117573514760878,0.000701771315460847,0.000209588510395289,0.000208685106684933,0,0,0,0,0.00126663207670914
0.000330352136815724,0.0736367389746389,0.000596887517251022,0,0.000106379994433767,8.76157573856829e-05,0.00122675689356477,0,0.00910052327855911,0.000137198197744376,1.77570414924344,0,0,6.23307910331368e-05,0.000406483824756117,0.00198936341976208,0.000129804703413366,0.00701942348210222,0.00475500655912684,0.000168888753422518,0.000783282541607831,0.0215826977329903,0.00188225517571282,0.00386586947936731,2.28448723202504,0.0714347006045573,0.671781330754994,0.000799578776312698,0.000771044170350603,0.000544404555307815,2.20848315550085,0,0.000419720369130541,0.0219177315744838,0.000815681482159121,0.0799110665252127,0.360063904570214,0.223486088723714,0.437465391403697,0.00254943305083648,0.0016469615056001,1.07356283157792,0.00379426099294344,0.0242800358229827,0.00466963063500829,0.00951184450947551,0.00013175844556854,0,0.00660443952911912,0,0.00488752664096505,0.000834253249733911,0,0,0,3.16798340639426e-05,0,0.000877272701540022,0,0.022714357168743,0,0.0652079679306884,4.21197620465888e-05,0,0.000428154239389505,7.23624277841686e-05,0.00512904832181501,0.00322570306811818,0,0,0.0016225330539573,0.000199609563854635,0.000277616829408153,0.0372489784069732,0.0296213916296391,0.0305562842470026,0.000172508055207611,7.79217422766318e-05,0.000113651572715109,0.0613122152363187,0,0.000101144942503952,0.00394211131766848,0.000223215604628188
3.99428322027803,0.000718576358239849,0.0326231883631037,0.00171005596982369,0.000339212785811435,0.23698790797112,0.989955269548243,2.8319696116314,0.0217642599003787,0.60950529098573,0.00287609872751547,0.00757993979727522,6.23307910331368e-05,0,0.00181615828309334,0.00106877192130771,0.0517907342052014,0.00172029410021212,0.012576418753691,0.0664505818400096,0.0117349630850954,0.00158190312756266,0.0343287847245634,0.0309948255739682,0.000337485377475477,0.0153467734448813,0.00545175205754917,0.0609366660578356,3.74358132780294,0.326711132067682,0.000103208074419949,0.129352005377587,0.0198710969586463,0.211604676616688,0.000700834820718021,0.00564289953961478,0.00763896161277358,0.0894671683618942,0.0123348746892571,0.150977399310048,0.114465466630612,0.000576830105464133,0.00142767710767402,0.000229332525294584,0.00190938299461896,0.000597659841974306,5.27626993651322e-05,0,0,0.000482277121571598,0.000435939648529855,4.06044453739145e-05,0,0,6.89175151076847e-05,0.0013513870531125,0.000136741315310414,0.00631466405066028,8.9396311563514e-05,0,7.8769478349843e-05,0,0.000145338521139571,0,0.000485580856025193,0,0,0,0.000121040885476657,0.000172946279665354,0.000592173707950793,9.16665516686162e-05,0.00831733803569922,6.66676666049157e-05,0,0.000499699835056467,0.00633057957806775,0.00157234100943783,0.00198780865041803,0,0.000143051091404091,0.000263878566310586,0.000816151131319625,9.92876409338071e-05
0.000111907152753423,0.000724489749561998,0.00182352930765263,0.00017129384933098,0.00331430035017266,3.04149040114598,0.00278883617012827,0.0344860909893164,0.121566761765461,0.0041501306726448,0.000325300595895893,0.79164816192677,0.000406483824756117,0.00181615828309334,0,0.0210045330014023,0.000183669323870411,0.000579753620767121,0.000608276969626631,0.0063795333383371,0.00503624767887159,0.00393402395223819,0.0125238122429811,0.00671911783389348,0.000150796525713329,0.00169120817016497,0.00389311166980754,0.00974518709243847,0.00392683549659827,0.00121616636428042,0.000165205425868235,0.00382453883474197,0,0.00543380492319167,0.152259985132521,0.148083590120423,0.0811996471406654,0.0406447919865533,0.0356971418592786,1.03173876122134,0.0212807368060657,0.000822043776539383,0.00602048007583264,0.0115770446957312,0.00433784117841649,0.012508631671159,0.000469659642648586,0.0003939476852656,0,0,0.00129706060888812,0.000281574519684958,0,0,0.000367108259650729,0.00018750254481825,0,0.00142811989908134,0,0.000323577371421863,0,4.39001639990656e-05,0,0.0164169214238164,0.00130443881193939,0,0,0,0,6.86799765989054e-05,0.00149256867543544,0.000471400254353502,0.000568114031544647,0.000234754748425492,0.00015233937846652,0.000845245961379616,0.000458940043054712,0,0,0,0,0,0.000292416879454888,0.0102688225322316
0.00292607442763304,0.105801039251236,0.0220661497028381,0.000422194045637848,0,0.000420895001362361,0.0137504216398782,0.000206942418898599,0.0391187786171163,0.00106427951349861,0.000936560945463003,4.94813185206448e-05,0.00198936341976208,0.00106877192130771,0.0210045330014023,0,0.0341264363504132,0.00136000305076984,0.00718978528713707,0.00033378532123194,1.26378597270643,5.47864286347138,2.26968978919837,1.54535978606642,0.0113785947907851,0.0127371940888838,1.21331858512031,0.586483691058557,0.00302958728681493,0.0331931259749148,0.000319727613136707,0,0.00846521809354544,0.131709037241426,0.0331372780336018,0.596225728235879,0.316839241130895,0.390668043615786,0.284216742814783,0.0496717668523121,0.0019068966772892,0,0.0193079937708941,0.00906141143082712,0.00931165853495029,0.011545647795735,0.00115493332876202,0,0.000146099697734207,0.000107206274563489,0.00653489604135915,0.00171773019092737,0,0,0,0.000706115235318886,0,0.0222044850195576,3.86306870660854e-05,5.13200082093183e-05,0,0.000368937323558902,0.000140270939179056,0.00368952291100517,0.348500888095042,0.00107787739269794,0,0.000217603768720184,0,0.00226229883228314,0.155853892516593,0.0667998597826105,0.0113663382014943,0.00103342650132625,0.00177191684899764,0.0434641755755737,0.00353075641048164,0.00047587721545188,0.00113287162945415,0,0,0,0.000995430801241858,0.00640980260737359
0.0895896344649666,0.0667710486200823,2.00963279357343,0.000397030490902339,0,0.000601827587110106,0.0693053141414791,0.0116286178233963,0.0102886372070192,0.00363766983805134,0.064652072586633,0,0.000129804703413366,0.0517907342052014,0.000183669323870411,0.0341264363504132,0,0.0745759480478233,2.32347224366461,7.32651046985995e-05,0.0840262406572356,0.0248231814670348,1.52607804740351,0.0337854240129369,0.00582641975845679,1.1281579617459,0.434409249636813,0.0741637718594037,0.0330251127081376,0.130387103246637,0.00111810456556447,0.000322404879888832,0.012549149689196,0.642207087058085,0.0011803683881487,0.0661819153808914,0.526246119270789,0.234681493373857,0.0736102861072643,0.000235115762582779,0.0016631551231207,0.00146090556150862,0.00319306160626767,0.00634356172863811,0.00364640491531657,0.00290449540160448,0.000372681687972575,0,0,0.00010435121290698,0.0286078799094318,0.00415268672141381,0,0,0,0.00011491653193159,0,0.00365132414033564,5.71253411626206e-05,0.00011712311137415,0,0.000380332939160147,6.75518204558681e-05,0.00060696340011096,0.00135054987921925,0.00119976852686764,0.000271204938427213,0.00103431173516352,0,0.000782483136018136,0.00627753551843008,0.00150186275901579,0.0023061814161916,0.00372609096967151,0.00543681255220237,0.0373523093797765,0.00128451400534461,0.000161151792910729,0.000261540254939734,0.000237681554431426,0,0.00017140993710556,0.000759285086063689,0.000332396980155755
0.00222588872753432,0.00823303015072347,0.0145058250478401,9.25012511015498e-05,0,0.000396583205525283,0.00338261835123004,0.000452394705245239,0.00102066781035299,0.000221449521275314,2.17563934897325,0,0.00701942348210222,0.00172029410021212,0.000579753620767121,0.00136000305076984,0.0745759480478233,0,4.10648767558692,0.000121500183150793,0.00168292465688764,0.00313616591376824,0.00391200041038735,0.00148145030344192,0.053051912986085,0.933192533975488,0.0495766205556871,0.00210231547526675,0.00502321193447568,0.00343661568195341,0.0354525475942351,0.000823909262966223,0.000660374559141905,0.224999666168614,0.000774173810231798,0.0651920947256232,0.45684771966698,0.367733430869966,0.0671234303693055,0.00131563623196435,0.00341450990778196,0.0119369400296877,0.00172571328458788,0.00983272812786204,0.00306705178549278,0.00145823114179662,0,0,0.00143188887802738,0,0.00827778455616665,0.000178625890761973,0,0,0,0,0,0.000660968291694751,0,0.00557965798074976,0,0.0160037190980596,0,0.000275595963333887,9.25034526900112e-05,0.00110703649664084,0.00428430418491544,0.0030073664187981,0,0,8.33579504423759e-05,0.000160858115728218,4.45957949881599e-05,0.0274973174445079,0.0148063861724931,0.0224879225992309,0.000139815620344464,6.04049785366653e-05,0,0.0153950968175606,0,0,0.00162688599601958,0.000240329394274671
0.0202543762738548,0.0425753709470476,0.186482782032718,7.07365483430763e-05,0,0.000319565192984741,0.0208159416168854,0.00243782718418626,0.00536267616048911,0.000822397870529554,1.03531417242083,0,0.00475500655912684,0.012576418753691,0.000608276969626631,0.00718978528713707,2.32347224366461,4.10648767558692,0,0.000264122469498499,0.0127172568476527,0.00460391651355034,0.044863756952457,0.00567003109709404,0.0275439711895283,2.26926765048912,0.137761001176323,0.0179407269830502,0.0131706276674084,0.027516399729606,0.0115544233328735,0.00121203900602981,0.0043530176175556,0.948648673790767,0.00112158628832965,0.0995923991174049,0.611251097614076,0.612061244919146,0.159745275985882,0,0.00108777899420354,0.0053772287087484,0.00272912395102255,0.00743940612076303,0.00501213225603755,0.00205271451565366,0,0,0,0,0.0325317648297456,0.00127003412492586,0,0,0,9.38666728112912e-05,0,0.00306168027410198,0,0.00135779923501019,0,0.00561196075116788,0,0.000195143788342523,0.00118774063415715,0.00136567957710333,0.00316832490203064,0.0019534290833049,0,0,0.000469354874282503,0.00031558586683624,0.00091172170957978,0.0229717482177272,0.0123350102199271,0.0316363537983748,0.000669627857720666,0,0.000408491114211327,0.00406318022013445,0,0,4.52548670096026e-05,0.000442938891540558
0.017485989367678,0.00015565030265334,0.000626574098312127,5.04339778170767,0.00103362947991129,0.1852910216335,0.0774964878860237,0.0504384994104307,0.210029028786681,5.3758291534686,0.00010567055573058,11.5424179568905,0.000168888753422518,0.0664505818400096,0.0063795333383371,0.00033378532123194,7.32651046985995e-05,0.000121500183150793,0.000264122469498499,0,9.23234277482405e-05,0,0.00125486197495174,1.01363102237525,0,9.33172067432014e-05,0.000204409164452472,0.0406712160420959,0.0473723187412833,0.000721993954385716,0,0.00357143709588927,0.00797226279761329,0.0869031202897277,0.000309901559186239,0.0179703476853238,0.00196361612154496,0.066493027112232,0.0402204244499484,0.0372209976784345,0.0186527874994562,0,0,0,0.00135087212483845,0.00356314934403653,0.000295966041504397,0,0,0,0,0,0,0,0,0.000643651790699622,0.000214967332732555,0.00053864450203648,0.00080234741653918,0,0.000102185274252986,0,4.75782901705876e-05,0,0.000277635944596907,0,0,9.49829743639328e-05,0,5.89431493069111e-05,0,0.000133642845039644,0.00216772108859984,0,0,0,0.000526585358563762,8.68008444652813e-05,8.96100278243821e-05,0,0,0,0,0
0.0214713926310856,0.000284081359283819,0.197297834960834,0,0,0.000255498984209816,0.0663304694019509,0.00376732126706856,0.0118008034887952,0.00221501996340201,0.000540171634903256,0,0.000783282541607831,0.0117349630850954,0.00503624767887159,1.26378597270643,0.0840262406572356,0.00168292465688764,0.0127172568476527,9.23234277482405e-05,0,0.0267479472967795,5.66027963869844,0.133850523201935,0.000214381544272736,0.0266209043948818,0.0348777691397707,1.61251401156676,0.205516060706583,2.96906511894384,0,0,0.24364791116561,0.420771584545224,0.0186563515019395,0.135342538923875,0.056045428118559,0.312682858499784,0.0980160618306882,0.0214265505930291,0.00132596159572317,0,0.00332256020989758,0.00104057142969626,0.000625253350722385,0.00178394028073888,0,0,0,0,0.000275919800367874,3.24556136216403e-05,0,0,0,0.000449533330416809,0,0.00258865674192652,4.84247940748668e-05,7.07403316228808e-05,0,0,0,0.000592344578614632,0.00828160328697875,5.84324432949873e-05,0,3.39071311516415e-05,0,0.000438895907823766,0.00942478952096561,0.00152867833682145,0.00194969706979233,0,0.000181238954250973,0.00234597093314841,0.00101498264007017,0.00023210639875763,0.000478489914359472,0,0,0.000237718042361473,7.98035216743574e-05,0.00243426910842203
0.00294814907167988,1.88561043927586,0.0179877417808569,0.00131193725050281,0,0,0.00661571263236469,0.000463949712349726,2.7318631776748,0.000884222044121195,0.00242038689692538,0,0.0215826977329903,0.00158190312756266,0.00393402395223819,5.47864286347138,0.0248231814670348,0.00313616591376824,0.00460391651355034,0,0.0267479472967795,0,0.0601629724079153,2.21380366390572,0.260934869683204,0.0179102149185822,0.96758230896792,0.0534213269677072,0.00389700991334304,0.0190147331774241,0.00821482657175877,0,0.00655537290291775,0.0412945159028823,0.00574602811724599,0.101748514389618,0.0630170024739928,0.0822208593892368,0.0494958623363217,0.00952664027612558,0.000361812525597544,0,0.0203710192021273,0.00934152244869062,0.0134066178124431,0.00833995849950618,0.00253207728494382,0,0,0.000907258910353586,0.0321508375281996,0.0050435040864194,0,0,0,0.00207516717858117,0.000559261019034807,0.319368604264697,0.000117993558056822,0,0,0.00042362533932705,0.000300433644340578,0.00183319009000434,0.259668683419177,0.00190053076929046,0,0.000737382646696281,0,0.00482870199955677,0.636870150924445,0.0386032726390964,0.0358303956297854,0.00446048686381928,0.00198095592486533,0.0605917286413249,0.00857733520908744,0.0015739617458001,0.00330155930191419,0.000517863337126274,0,0.000902684946681109,0.00330595677558145,0.00168609271171397
0.0434473500079532,0.0086450099826146,4.31725594298887,5.11330549104547e-05,0,0.00112508633616459,0.106538518730203,0.00777268629376908,0.00857718563467966,0.00455834671291232,0.00158685176107653,2.51465096774204e-05,0.00188225517571282,0.0343287847245634,0.0125238122429811,2.26968978919837,1.52607804740351,0.00391200041038735,0.044863756952457,0.00125486197495174,5.66027963869844,0.0601629724079153,0,0.0486136518645564,0.000632179475296119,0.155728396085778,1.10676261664582,0.619034310697835,0.180578905555284,0.267556307173163,7.4331684990111e-05,0.000290236287273812,0.0252645639533043,0.473884167735964,0.0602753971495595,0.505852567726156,0.38022784858739,0.797047226287018,0.439647727100909,0.0468941887628258,0.00149891646651777,0.000350241247593684,0.0106863046228496,0.00345949346460666,0.00414943641115469,0.00667786159625551,0.000417978989035436,0,7.77142711529686e-05,0,0.0012115124427283,0.00180943480222775,0,0,0,0.00057079476668495,0,0.00635673627847875,0,0,0,0,9.75232486814786e-05,0.00211795048162134,0.0782178243160172,0.000288230826727954,0,6.17292602378811e-05,0,0.00145143305545448,0.0182409116007495,0.0279807551198366,0.0044511530632604,4.04383587121388e-05,0.000347376699716526,0.0389207678536745,0.00357452272238631,0.000196547466905765,0.000697317592799811,0,0,5.33464309478635e-05,0.00030152305517046,0.0104202719659062
0.0249286145120911,0.0848873861790986,0.0230553828957827,4.25913956983118,0,0.0127030155146921,0.365086519755705,0.0142184391413238,5.92488917988574,0.344603066771968,0.00084918205723553,3.20430867334548,0.00386586947936731,0.0309948255739682,0.00671911783389348,1.54535978606642,0.0337854240129369,0.00148145030344192,0.00567003109709404,1.01363102237525,0.133850523201935,2.21380366390572,0.0486136518645564,0,0.0215042214949752,0.0186319061966725,0.249215427104593,3.67036754036354,0.0665770341713247,0.0596401129292907,0.000843188600327184,0.000268962173608778,0.0493038562364602,0.0827435124430619,0.0111559077280539,0.0914628856517838,0.0444723500071156,0.139724710607076,0.0572966548004886,0.0343891045174022,0.00560323030220593,0.00018082952244877,0.0146074316031353,0.00415244904149786,0.0305029101049826,0.0165752749358459,0.0051773915302155,0.00244998520462883,0,0.00915696837080002,0.0027717777687586,0.00328510524647338,0.00419925432722639,0,0.000300787779955657,0.0203482920409484,0.00235242042590718,0.174875093337974,0.00425824047979056,0.000148037497923848,0.00260266138801305,0.000361268282209557,0.00647462720164696,0.000307663402793644,0.0234840424095474,0.00162411195496074,9.12246634768785e-05,0.000447135352371193,0.000430812308212946,0.000899651802847898,0.0217996330020299,0.00738863652721641,0.139096079115449,0.000441299370428068,0.00167754013104554,0.0191071409196682,0.0569847683146887,0.0212462521895776,0.0256510756034669,9.6118526180352e-05,0.00042498283861317,0.00509351895180411,0.00913276645039216,0.00208233441544014
0,1.43057042995483,0.000685866069471643,0,0,5.12617708871375e-05,0.000268330561845389,0,0.0835298657283412,0,0.93278512547963,0,2.28448723202504,0.000337485377475477,0.000150796525713329,0.0113785947907851,0.00582641975845679,0.053051912986085,0.0275439711895283,0,0.000214381544272736,0.260934869683204,0.000632179475296119,0.0215042214949752,0,0.1798349571643,0.839359407274522,0.000419179468375961,0.000957521571204382,0.000474002445906527,0.626005550598062,0.00110718624302435,0.000188401692373,0.0341596800011651,0.000662649996567006,0.159308046283486,0.759986169046816,0.137205918476438,0.0220618468210356,0.000620376956566171,0,0.807581306503265,0.13625642024202,0.230782045871158,0.0294555988861415,0.0105652910726855,0,0,0.132782311319778,0,0.146641468512409,0.00172505523828049,0,0,0,0.00021774949153754,0,0.00554346956788467,0,0.0362408300811099,0,0.158059311998343,0.000173274303641321,0,0.00347498876481982,0.0013236119532037,0.0161783353380895,0.0189767285391241,0,7.07835814457349e-05,0.0165405565310812,0.0013659234006337,0.00177619703281774,0.524996846716637,0.0644039671412629,0.165684338424414,0.00015522896007192,0,9.26687062601909e-05,0.0654227206615722,0,0,0.00638244513726094,0.000128426058572501
0.0135619120854761,0.0605820218166566,2.43076782088848,6.28042544124218e-05,0.000135568999505206,0.00101934323728653,0.034814416993535,0.00432316151872112,0.00916475951380427,0.00235601624202762,1.04787080608609,0,0.0714347006045573,0.0153467734448813,0.00169120817016497,0.0127371940888838,1.1281579617459,0.933192533975488,2.26926765048912,9.33172067432014e-05,0.0266209043948818,0.0179102149185822,0.155728396085778,0.0186319061966725,0.1798349571643,0,2.05273637922657,0.0398465754755932,0.0146980572364069,0.0369547224885662,0.8826272091854,0.000826894488260062,0.00251866036607002,0.383902869483882,0.00559564005666698,0.232408051257517,0.953037463175813,0.694737073659974,0.158619937850044,0.000656193640944297,0.00280077798733725,0.0217777106074905,0.00926564336819683,0.0333667427249309,0.0209308527873712,0.00758269226451726,0.000161370222360422,0,0.00362030740793641,0.000123756204630704,0.0641370261331963,0.00502146612608024,0,0,0,0.00024577641551096,0.000173176397711073,0.00149893883989534,0,0.0185498798283347,0,0.0739399841405294,0.000113357440946228,0.000269059053853168,0.00134815002437068,0.0051773303942176,0.010540067501292,0.0143420927743955,0,0.000295581767344958,0.0052379243305736,0.00189146699433791,0.00305435373628265,0.0866823145403607,0.0889586122911416,0.192139457944542,0.000848669117419771,0.000193023951772855,0.000112217587922713,0.0388845349454764,0,0,0.00260931819921241,0.00207362488744535
0.00458752230325703,1.71134487807135,1.41582827664059,0.000115387379437597,0,0.000322633091904834,0.0183496253635343,0.00114493980406521,0.0732137991779157,0.00246442406052838,0.0687619770604157,0,0.671781330754994,0.00545175205754917,0.00389311166980754,1.21331858512031,0.434409249636813,0.0495766205556871,0.137761001176323,0.000204409164452472,0.0348777691397707,0.96758230896792,1.10676261664582,0.249215427104593,0.839359407274522,2.05273637922657,0,0.139502745490254,0.00780872930249925,0.0188183559894611,0.270772757524067,3.40045007268144e-05,0.00211483804626391,0.329090844444232,0.0198762754938211,0.359603518116123,0.564214265294284,0.673550903057706,0.324450722540839,0.00344703533523957,0.000641875709719223,0.005693604452511,0.0408923131502462,0.0666438877272305,0.0522638265751709,0.0268469621438524,0.000856116985651014,3.8906376490816e-05,0.00124578360449013,0.000708534995635966,0.168733964989582,0.0491631792860856,4.23979714537191e-05,0,6.95810468628562e-05,0.00315750159705112,0.000253828343081705,0.0144798988006137,0.000100041512612633,0.0115915072982152,0.000129698481976581,0.0499646301769424,0.000911749906855118,0.000544002031070935,0.0672551466239207,0.0168356265871841,0.0102043666866256,0.0207034512050349,0,0.00394081926924073,0.0640056877780653,0.0572513716968111,0.0232745309056755,0.113674522163724,0.130603603699102,0.68286388203353,0.00736561683657544,0.000690094118636159,0.00172850716830444,0.0244895349237541,6.0566805026914e-05,4.56049018352041e-05,0.00774170422315914,0.0066651514358211
0.0652236314590858,0.00370920702353159,0.169447641770445,2.30659908996723,0,0.0105054789043597,3.32491779853913,0.0226053857034963,0.143164039725736,0.801732108076294,0.00128423903091177,0.000732426929615883,0.000799578776312698,0.0609366660578356,0.00974518709243847,0.586483691058557,0.0741637718594037,0.00210231547526675,0.0179407269830502,0.0406712160420959,1.61251401156676,0.0534213269677072,0.619034310697835,3.67036754036354,0.000419179468375961,0.0398465754755932,0.139502745490254,0,0.120189247672004,1.6309589392645,0.000246760082692088,0.000282234835616235,0.113349653409273,0.306403945104157,0.0318521760931428,0.22200692514127,0.0806913575669061,0.381671347142672,0.137869873560132,0.0223988819534991,0.00586325238169273,0.000540377076318821,0.010562295109428,0.00236274958817158,0.012592104373643,0.00624869864220877,0.00152670969349758,0.000172324418011065,0,0.00251918158523104,0.00121489469124521,0.000940089414665156,0.0268201782380691,0,0.000169783417231326,0.00555714239865086,0.0016231861103899,0.0406654024864609,0.00158941480702484,6.30839084118217e-05,0.000403287047920114,0,0.0019250042523446,0.00237488813074466,0.0142590308848858,0.000119528066255992,4.25203209247771e-05,0,0.000328139370533564,0.000967589340328954,0.011545932736534,0.00435435263662341,0.0416637990129439,0,0.000186863527587232,0.00918458524795692,0.0261929287657057,0.00881265180539554,0.0100028480752664,0,0.000117975663510711,0.00107917173458778,0.00318032843027629,0.00471385388816107
0.556699527636784,0.00118575879338009,0.0136372744599846,0.00174882034211083,0.00977734661756063,0.210728459564636,0.207721508960442,0.412436664128958,0.0635332380660954,0.0428548618177995,0.0143230090185534,0.00753211790851735,0.000771044170350603,3.74358132780294,0.00392683549659827,0.00302958728681493,0.0330251127081376,0.00502321193447568,0.0131706276674084,0.0473723187412833,0.205516060706583,0.00389700991334304,0.180578905555284,0.0665770341713247,0.000957521571204382,0.0146980572364069,0.00780872930249925,0.120189247672004,0,2.27071127409348,0.0013488750062948,0.414282282916167,2.1079648648096,1.63338127182611,0.00295317973138599,0.0169118867520494,0.0214897868624809,0.452099348836895,0.0437784060095791,0.180067116091779,0.71259099535085,0.000164762227022128,0.00367033806369888,0.000505579954734366,0.00562025912307494,0.0014222080436427,0.000370762619024248,0.000151688534290367,0,0.00276872992095938,0.000364563746619025,0.000290336588542651,0,0,0.000149047522638735,0.00525619915371954,0.000658398963309349,0.028307182298082,0.00036907505713458,0,5.37478704752841e-05,0,0.00166159965173696,0.00064640643774909,0.000453902431323147,0.000172480062534603,0,0,0,0.000378835701192091,0.00175717993164367,0.000503412943703547,0.0354787919980653,0.000130308099055199,0.000207302902217358,0.000901065522156225,0.0267938218090581,0.00658151852116428,0.00883127207102834,0.000158135884995764,0.00013479142397674,0.00224803016853071,0.00311835577451865,0.00059359437870982
0.640349110285178,0.00136797657021406,0.118073329310016,0.000676457781246456,0,0.00129429250053361,2.61419009783114,0.0132648505413966,0.0521383175188031,0.0118709029453626,0.00153056531369495,2.11488410856659e-05,0.000544404555307815,0.326711132067682,0.00121616636428042,0.0331931259749148,0.130387103246637,0.00343661568195341,0.027516399729606,0.000721993954385716,2.96906511894384,0.0190147331774241,0.267556307173163,0.0596401129292907,0.000474002445906527,0.0369547224885662,0.0188183559894611,1.6309589392645,2.27071127409348,0,0,0.000288037836267427,0.715952858011687,0.498114715663779,0.00632531794442709,0.0252454735011037,0.0227740337018793,0.166414639085092,0.0371377794945727,0.00505770508773342,0.00436969448948819,0.000397163801848996,0.00276356168521826,0.000124540518840229,0.00308991176185302,0.00210095967034111,0.00017926751143213,0,0,0.000800480578549693,0.000246159401040527,0.000496367471442439,0,9.77330303512545e-05,0,0.00177159910576712,0.00045530592346975,0.0197491618736312,9.61179283538905e-05,2.1329807444272e-05,0,2.44362802018862e-05,0.0006912715576781,0.000184885521220604,0.00287539474097175,0,0,0.000227416703918028,0,0.000749995500429593,0.00933271962679817,0.000377866245060313,0.0133803033443941,0.000360343796036776,1.32551562797567e-05,0.00120816569374933,0.0089612243890299,0.00286983545650916,0.00434014573641877,0,0,0.000617055848786983,0.00186992012799989,0.000668079487880516
