0,0.00108033517087011,0.0140133631303024,0.00595430828439825,0.00143690504051921,0.0013114147859271,1.5098038399781,0.216088226363723,0.125902111435795,0.0135658911915466,0.00396797440718659,0.000830625519526423,0.00214309643768558,5.12783882907903,0,0.00231544700608847,0.097429953625446,0.00210782461284777,0.0112956503831745,0.00245999154001755,0.00962159550287018,0.00629340134277053,0.0220714255894108,0.048384016318839,0,0.00160005059065724,0.00246498019038472,0.0429781658421402,2.30047902502036,1.24248778675197,0.000165295221067164,0.00248323394599455,0.339179149636533,0.210868361479703,0.000232494816183228,0.0174119460349021,0.00188284392162059,0.0592614442476499,0.0144940236919806,0.0111335047071699,0.00289261509694671,0,0.00109577093426098,0.00031215885964872,0.00131598832743443,0.00171450789428716,0,0.000645879237759217,0.000249523052577964,0.0040784348296294,0,0,0,0,0.000488286790071187,0.00176062303390237,0.000696531668030708,0.0634668718948802,0.000120692817665411,0,0.000326085776553412,0,0.0010557717262094,0.00104657169332752,0,0.000197056936780952,0,0,0.00102186559025717,0.000442454980263868,0.000728385577111277,0.000443918356010595,0.00445585954263512,0,0.000197712225003316,0.000319398378607101,0.00345381283774865,0.0022479087014866,0.0016942976606755,0,0.000133015351612448,0.00272141108621374,0.00092113680676173,0.000525537190421157
0.00108033517087011,0,0.127761713678572,0.000114192669473795,0.00116684407251004,0.000122095649294478,0.00133967434289949,0.00060156190435515,0.319697649271914,0.000571394180724216,0.0600909475775842,0.000847501867382416,0.210316638340287,0.000596498602406597,0.00436149204290681,0.036631252410934,0.300846593981468,0.0179942770138297,0.160973299725236,0,0.0014325557086342,2.63930314254053,0.00816145764576728,0.0972402798747681,2.36374702103103,0.165721964275617,1.08015659615008,0.0039466622573065,0.00127433980391392,0.00300414809707071,0.0298832969569817,0.000890351264483776,0.00205135877931426,0.0605065808600296,0.00164234880363229,0.114249616309367,0.280868843218158,0.260136266261911,0.0493223538848847,0.00882899396693016,0.00247240480323033,0.102704525420428,0.02018953933298,0.0533461643150597,0.0309325641056526,0.0234930697593002,0.00112448743717494,0.00215925330565881,0.00199010185086725,0.00206402638978573,0.791812571007171,0.0783740734680458,0.00118693038780312,0,0.000193944352928966,0.00263615178144517,0.00119431155640563,0.0271489628190903,0.000490133121604661,0.00529446138271421,0,0.011760676881442,0.00163380163234551,0.000375859301105619,0.00501529207819531,0.0647155182646104,0.00462537405061593,0.0208437094469725,0,0.00193239940323636,0.0901264567619797,0.0109576009019457,0.00420832099589254,0.0651568053795292,0.0457331790300373,0.119499843748919,0.0021648316299952,0.000798520470609405,0.00198737323733206,0.0128880929016707,0,0.00225600378108198,0.00581582417980676,0.000912325998483397
0.0140133631303024,0.127761713678572,0,0.00294848074916754,0.000419174272841667,0.00136860622852723,0.168319964928554,0.0460009995474999,0.0469956397048477,0.0201427965710799,0.00751055870592756,0.000368776440379964,0.00401017142698139,0.0193838586393659,0.00105257066501953,0.0385868782347312,1.7930586780758,0.0116828422256204,0.208393960006953,0.00236164826668343,0.102637069234672,0.0918384409653998,3.64944302038749,0.052441343013482,0.00320198683784452,1.943945026123,1.34615157321821,0.192838267426095,0.016429172305484,0.101291288635324,0.0011794541266378,0.000925202725892034,0.00433388008609004,0.0754683574136246,0.00361862438708914,0.152853964158479,0.354919164768382,0.378507599960129,0.083067154469568,0.0117209019126956,0.00568530559970575,0.0016216717570214,0.0158424730965213,0.0251792577834411,0.0098617425981902,0.00781041413131421,0.000151405911394142,0,0.000157904669654056,0.000404231800133371,0.0896860987143271,0.0375319379886536,0.000116287090047718,0,8.06700116992194e-05,0.0005807207808184,0.000271733076506997,0.00737293408262254,0.000551107078532759,0.000606478085540577,0.000125626488244697,0.000246576502932886,0.000365205579253414,0.000324864817234075,0.00531397231912259,0.0209402484790802,0.000887434869056139,0.00252389968116876,0.000278529474484396,0.000944483269017878,0.0531185210375392,0.0110759522119567,0.00171584467656657,0.000429857478420128,0.0067516381254182,0.0470940367829725,0.000376925816401256,0.000319936265669899,0.000746912140990222,0,0.000251859904165611,9.27537157406119e-05,0.00198382167297578,0.00274506903545832
0.00595430828439825,0.000114192669473795,0.00294848074916754,0,0.00133083076881724,0.0229602233667584,0.0205033414239953,0.0592651737596571,0.609844626267572,1.88194214326219,0.00246123546439763,0.487759094846754,0.00132500118969993,0.0199534246136503,0.0106144793186556,0.00103145061859987,0.00327215156982143,9.72639046187794e-05,0.000359367349120437,23.3211477288127,0.000445113092867738,0.00229065854503872,0.00283186838641541,2.30454884217438,9.02766531440404e-05,0.000607685972942771,0.00120475254137736,3.26881973264145,0.0255324305505621,0.00215748769540938,0,0.00189217745796813,0.00430395751269029,0.0135664914978296,0.00019509035528384,0.0205131340395216,0.00095393267333608,0.027430237968269,0.00956074797958601,0.0432998434796528,0.0109522337745645,0.000862397186136891,0.0025973016668065,0,0.00369494144423718,0.000743811605225157,0.00623487365176329,0.00103685333324353,0.000318313623926505,0.000306330680300698,0.000110270357741985,0.000150194681210677,0.596229599141054,0.000204184785369326,0.0147404205361926,0.00360292627255489,0.0035055883871085,0.0692802163831665,0.0254517016418934,0.000228111122780217,0.0517205675132189,0,0.00283553750925572,0.00159720330220737,0,0,0,0.000174323747148221,0.60226347280548,0,0.000720825326367009,7.77823036566053e-05,0.0261948814056851,0,0.0001085222558448,0,0.00722573934087964,0.00211427864860791,0.000188141475362302,0,0.000727857121669848,0.000144345561346728,0.00068755844118705,0.000180638924463515
0.00143690504051921,0.00116684407251004,0.000419174272841667,0.00133083076881724,0,1.14037205806513,0.000620888337920878,0.936184269444345,0.0494187293137071,0.00179052585552142,0.0258209406295353,0.00776210982883143,0.0093266733712174,0.216343854181161,1.45547350795839,0.000239218477815541,0.000533236048078281,0.00104427355459516,0.000897956793849328,0.00520492781069758,0,0.00287585935271009,0.000225899561899506,0.00336531618984544,0.0014976320610044,0.00068148210256076,0.00065906565657942,0.000635504632822626,0.14540421229767,0.000449766910424092,0.000693757137070665,2.47636635897961,0.0023667083030889,0.43686052202768,0,0.00531458446202021,0.00392312680653494,0.0842985085340664,0.00676014149470328,4.47930214491117,6.44869222909433,0.0108568956922813,0,0,0,0,0.0010211636736722,0,0.00161717627128782,0,0,0,0,0,0,0.000211847778051889,0,0.00103594127110596,0,0,0.000651841317892681,8.78003992806856e-05,0,0,0,0,0,0,0.00069321970489037,0,0.000311203704410814,4.11476136762375e-05,0.00021160544785933,0,0,0,0,0,0,0,0,0,0,5.83228332155499e-05
0.0013114147859271,0.000122095649294478,0.00136860622852723,0.0229602233667584,1.14037205806513,0,0.0540438724157914,2.0918301217203,0.108302774584429,2.19117509697792,0.00845639263295574,3.19808789065327,0.00413408619263232,0.051757655155228,0.358060005010986,0.000199559289199442,0.00116962151848744,0.000572468780962626,0.000293663600724088,0.156019293225592,8.1549585622042e-05,0.000482523026968121,0.000833811275503713,0.0271568253901153,0.000366442831495218,0.000421630001994532,0.000485867087365447,0.0293214614692528,0.0465806804989656,0.00113925444164042,0.000743870457015119,0.0885989028786101,0.000932428947417493,0.0267378070494376,0.0307144978107341,0.00869075510018022,0.0014790367295197,0.0405723988393036,0.00434865354560277,0.976654237239977,0.167658683614501,0.00107551079505189,0.0011942599534215,0.000178484529633538,0.000721820909483837,7.77021951291375e-05,0.00833062821046944,0.000164011047871089,0.000158031276274446,0,0,0.0001398329241579,0.00591337205124828,0.000250031065591568,0.00498547680423407,0.00150158084709035,0.000700041026992398,0.0176947652442533,0.0049675839907557,0.000114372334997976,0.0155332922535329,0,0.00062108158483058,0.00259001221890703,0.000166791758143001,0,0,0,0.0122221969547818,0,0.000371306474015098,0.000135257195774178,0.00488897721986165,0,0,6.75001461031294e-05,0.000941514343400954,0.000481071680347877,3.45994553228911e-05,0,5.50014813251523e-05,0,0.000233654409267133,5.15890123608772e-05
1.5098038399781,0.00133967434289949,0.168319964928554,0.0205033414239953,0.000620888337920878,0.0540438724157914,0,0.976890628124703,0.138218248651111,2.82010048640884,0.00440666167322951,0.00445404510901124,0.00194853832324882,1.67856802546838,0.0004632828520497,0.00366154170017788,0.179056748825998,0.000617823606419638,0.0113072416999514,0.00799099797776753,0.0544518989816076,0.0100217217569964,0.230905292992295,0.263339788659939,0.000289426201798948,0.0122325733965664,0.0187492049434492,3.05317466571046,0.123338707070156,2.88940508843012,0.000223324106841534,0.00396904353264969,0.0110975172796564,0.0819833739189216,0.00117203495194605,0.0484871567498539,0.00720791153450929,0.0871268427891918,0.0233928995374102,0.0247523359305257,0.0086860336924861,0.00121223952635719,0.00170318858479481,0.000610856027625807,0.00114400308862507,0.00052527200543133,0.000240936115600106,0.000536807339437895,0.000124346012455646,0.00122532909487838,0.000484867309440838,0.000671622298944663,0.000779913574717979,0,0.000972930084570484,0.00197697032278881,0.000620128825782183,0.0395421742508526,0.00121564493267036,0,0.00502048206138036,4.90263352689426e-05,0.0012490688188925,0,0.000545110068942219,0.000364914289499717,0,0,0.00136916120250557,0.000319764388211527,0.00409433631773492,0.00140052340277674,0.00703671399720572,0,0.000264696721592617,0.00158536646855699,0.00222708237979674,0.00194419598009365,0.000498666632679236,0,0,0.000408146367313345,0.000598316073672946,0.000790025210523778
0.216088226363723,0.00060156190435515,0.0460009995474999,0.0592651737596571,0.936184269444345,2.0918301217203,0.976890628124703,0,0.0507281798844688,1.29531469678695,0.0319709608026786,0.206034848945467,0.0128347273441586,3.27159821082698,0.0435623370007453,0.00162505050356079,0.0731278178175647,0.00247678353511918,0.00766113145754065,0.226619073090259,0.00856447417630799,0.00206668422351016,0.0481321178174588,0.0749033662457542,0.0011716456166183,0.0055144005952233,0.00679101014873273,0.0880260090173014,0.22721346319371,0.0521722115431503,0.00111208959725255,0.304479288490645,0.00289622375381519,0.100791690454917,0.000385884567632232,0.0251454812214487,0.0071572321246777,0.123994417734047,0.0147293832392975,0.557829746387719,0.105738339608276,0.00640731133043146,0.000795440865369164,0.00028048363517071,0.00110718863556721,0.000307694930007064,0.0020413155948636,0.000210406263521347,0.000479073840610044,0.000109246567428769,0.000273297174107328,0.000170068481712346,0.00345067924377613,3.42893985083841e-05,0.00282563197771269,0.00228307658698916,0.00122884460702379,0.0186854926022935,0.00484035404145519,0.000101696329036893,0.0113219948425375,0.000537619358810665,0.000702713432894109,0.000288709623925585,0,4.60762322117563e-05,0,5.36859683191479e-05,0.00583761344501506,4.64767914122926e-05,0.000401417970976787,0.000202851821518338,0.00511564553577492,0,6.73799369597572e-05,0.000361723719933783,0.00100527582141571,0.000850956295412426,0.000224676758483152,0,0,9.46806297637097e-05,0.0001749491195667,0.000318352789630478
0.125902111435795,0.319697649271914,0.0469956397048477,0.609844626267572,0.0494187293137071,0.108302774584429,0.138218248651111,0.0507281798844688,0,0.246383979779854,0.0186273417680845,1.62140479262157,0.0535088136485111,0.0355232930712602,1.84877746211556,0.0489059551626746,0.0406189374834408,0.00415773542655736,0.0132566374429506,0.614831149904423,0.00659008473945428,3.47443866466344,0.0283198930719754,6.24567942795574,0.108294332343181,0.0176379391265852,0.0870762933032381,0.360433292056571,0.116128357534964,0.149273807908737,0.006312306042604,0.00800717657374263,0.109363372008029,0.103040502782482,0.00375528235857104,0.546919242022144,0.151153177002672,0.198657922330494,0.0832742862446661,1.25433978327019,0.0361777174930552,0.0137417453721009,0.016616656082768,0.0060682205522339,0.00892677841542767,0.00364770156433466,0.0864833208245193,0.00166647152853707,0.000224404196997369,0.00111340366041395,0.0121090869358317,0.00208203627727666,0.102233902897095,0.000845299896917104,0.0325221668223168,0.00615702348806437,0.0048234958366384,1.36738837417307,0.0517750111379551,0.000624502258618861,0.165382949962994,0.00384790204361313,0.00511962368295859,0.0270790028297404,0.00405869904258679,0.0021470547174264,0,0.000280800933549956,0.157201627611543,0.00192279390428271,0.111912998996038,0.00193271723153543,0.0808434844588291,0.00722919030662372,0.00069449154149266,0.00407086332879185,0.0146465494688005,0.00492240925339929,0.00178949792553043,0.000489887044925153,0.00130057803586444,0.00105818379684816,0.00205780203000156,0.00249933417827751
0.0135658911915466,0.000571394180724216,0.0201427965710799,1.88194214326219,0.00179052585552142,2.19117509697792,2.82010048640884,1.29531469678695,0.246383979779854,0,0.00928477341149725,2.60559677875297,0.00420108409147333,0.251133512015709,0.00528432848074771,0.00121018412858987,0.00911625653427281,0.000891113835930883,0.00121140613601612,4.7669524091745,0.00232645640784349,0.00166587957894086,0.0135640610816089,0.251148718951971,0.000567764306042113,0.00183133130906582,0.00237724443849122,1.14304310384623,0.1041560691231,0.00738111514232141,0.000308179634238549,0.00650963333881226,0.00406929774149722,0.0535550846359681,0.000421180971554847,0.0490348184615157,0.0034648345244581,0.0830944232969696,0.0198272843133259,0.0939471211849383,0.0194385285141279,0.00166354453579763,0.00236821808815857,0.000487508054539943,0.00195763106807823,0.000824725323374301,0.00319195879586351,0.00064413575133459,0.000354382633347368,0.000113098066986886,0.000115112041081031,0.000229364289053657,0.0235325737712846,3.64640074048924e-05,0.0141502435229476,0.00578272014275943,0.00273639484128077,0.0503029266965362,0.0252815177378157,0,0.0389324659164267,0,0.00278629132518755,0.00114547764576124,0.000345382739535166,0.000213522210358551,0,0,0.0325608421733439,0,0.000775101913989191,0.000141812043861049,0.0231194119273524,0,2.52300495606587e-05,0.000215485279284841,0.004719666306096,0.00155512969234546,0.00013388577515664,0,0.000100326469223064,5.60896092497206e-05,0.000645012323549837,0.000321179651708466
0.00396797440718659,0.0600909475775842,0.00751055870592756,0.00246123546439763,0.0258209406295353,0.00845639263295574,0.00440666167322951,0.0319709608026786,0.0186273417680845,0.00928477341149725,0,0.00748652648791817,2.98870060199866,0.0233046509001892,0.000399545111209747,0.00219031349954604,0.0649569926014085,3.75532078008843,0.528906022067358,0.00682568494189359,0.00169125737285108,0.0286721555651136,0.00689735809941524,0.00737165374862676,0.422182328112014,0.730287197822392,0.15116686248241,0.004691720996634,0.0962499600070465,0.00293605791833641,0.412678635774236,0.0963835525437645,0.00463951345421532,2.04662652466774,0.00050886066100873,0.0781915059002025,1.03190366217691,2.04024232082204,0.152902222067077,0.0255252601779222,0.0754298895209091,1.18824793948535,0.00346477587087226,0.0126170777769059,0.00362003570350942,0.00358626439467677,6.97469283862445e-05,0.000449481975003593,0.00657488835825089,0,0.0101971159260269,0.000945442118512091,0.000210122203595441,0,0.000522378547167966,0.000218180118919845,9.89384808959561e-05,0.00287247254670118,0.000334348976155633,0.0112904772772177,0.00082271424716451,0.0338814253360606,0.000207491047337157,0,0.000607798689955786,0.000914143249879445,0.00573034574689824,0.00081106752245394,0.000352607785295995,0,0.00274190558257166,0.0002108381117254,0.000995848785204345,0.0347578932960732,0.00739110803971868,0.00988481030368805,5.62418424111624e-05,3.40840204978779e-05,0.000163160769372622,0.00846102339885234,0.000480651940348034,0,0.00120951787837307,0.000514322142397519
0.000830625519526423,0.000847501867382416,0.000368776440379964,0.487759094846754,0.00776210982883143,3.19808789065327,0.00445404510901124,0.206034848945467,1.62140479262157,2.60559677875297,0.00748652648791817,0,0.00238490002149934,0.0349671337787031,1.39076863798278,0.000363317198773494,0.00073609317413222,0.00100918581344296,0.00045043287729277,9.43456055339356,0.00043379107900148,0.00201195506069982,0.00090486950170218,0.445331435554863,0.000377192069014041,0.00069722565700618,0.000401210572822603,0.0409791089051691,0.0426968460227988,0.00065345021182918,0.000646858878207573,0.01166819776871,0.00126984775959243,0.0272466096472488,0.128721236984724,0.0200037421270699,0.00177220922549327,0.0442909645081906,0.00720903530076758,0.515070016206163,0.0130396951395693,0.00143996785007295,0.00535643810852357,7.24390136411582e-05,0.00410133114916133,0.00235896930003579,0.0396631945119405,0.000703184925631432,0.000407067919803213,0.000272783202356493,0.000189023040791344,3.92376788780249e-05,0.0298111803823338,0.000836569691513075,0.0245666202503784,0.00411795523509453,0.00453134725171188,0.08936669144837,0.0270012455661086,0.000264711121084109,0.102631888332754,0.000175835200252845,0.00273453777394647,0.00900871953941797,0,0,0,0,0.0619496448245931,0,8.92025220833878e-05,0.00017813569793615,0.0250453972377092,0,0,0.00020182574889922,0.00542648223846151,0.00217381762718802,0.000172405027804199,0,0.000565146582691467,0.000487753900570808,0.00113947775892829,0.00283716552469683
0.00214309643768558,0.210316638340287,0.00401017142698139,0.00132500118969993,0.0093266733712174,0.00413408619263232,0.00194853832324882,0.0128347273441586,0.0535088136485111,0.00420108409147333,2.98870060199866,0.00238490002149934,0,0.0065410586548198,0.00257032651600882,0.00852501058638475,0.00400333574832915,0.0396009337423509,0.00947605435652749,0.0030511333232939,0.000857440908977586,0.119030404786566,0.0101778787647517,0.0173932966076187,3.23739988898661,0.0467306675663083,0.706492717518291,0.00607138501884688,0.0202359121604809,0.00226365807488176,1.63264427170641,0.0373909583648692,0.00316009386910947,0.159069817968844,0.00286033814767108,0.775855434664994,1.45721592553564,1.01357412299535,0.276709578046484,0.0833310858552579,0.766817018847357,3.06248683049834,0.0543861223817707,0.0857900875978138,0.0340759404802559,0.0282384925469547,0.0024635194692287,0.0217456133678486,0.139021211446628,7.34314883168328e-05,0.0143359136140199,0.000831121374831201,0.000391053568590412,0.000397190107085161,0.000242889692842161,0.000148818293384045,0.000228772819685908,0.00546994865081844,0.000493538977611435,0.0799004464688509,0.000283627496178101,0.358335808036279,0.000374511638448603,0.000140744475422802,0.00109605573075903,0.000293335648441112,0.0111237488362784,0.0010587811694352,0.000321017105277292,0.000374170999420316,0.00404473495352109,0.00119558507118431,0.00113429130089608,0.140232382550306,0.0120884725553578,0.019554472506582,0.000281115514276806,0.00138507434789712,0.000584152943079717,0.0395240958801408,0.000812952709122374,0,0.00528469464162424,0.00174590524056862
5.12783882907903,0.000596498602406597,0.0193838586393659,0.0199534246136503,0.216343854181161,0.051757655155228,1.67856802546838,3.27159821082698,0.0355232930712602,0.251133512015709,0.0233046509001892,0.0349671337787031,0.0065410586548198,0,0.00292377767853447,0.00064816992057284,0.058497553206127,0.00138411174738622,0.00537087021638386,0.0343722891427588,0.00435617039011269,0.00126132538084614,0.0262087300634984,0.0322402945246847,0.000712913745685329,0.00362773373130163,0.00447847174094307,0.045349812652407,2.0465214544089,0.0788168216076219,0.000620794689739425,0.634868680579214,0.00970405102720648,0.148694137197175,0.000293127367330849,0.0199725175452242,0.00455200063368454,0.0917600303062096,0.0110243704433813,0.170914668628209,0.056441299325688,0.0043021518218878,0.000700189420008316,0.00038344730208242,0.000874860036126977,0.000272549406536668,0.000631180883112759,0,4.07158120257665e-05,0.000133403206415725,4.86654802431701e-05,4.15366296069412e-05,0.000439437898778778,0,0.000963297209290013,0.00132716745296243,0.000874991280256924,0.0114850566707317,0.00127654734608997,7.58698721714194e-05,0.00467816747304453,6.68428725135797e-05,0.000753659993366861,0.000131206957917642,6.19118695069712e-05,0,0,0,0.00161920985071802,9.17514201262642e-05,0.000843097960372512,0.000114843479045168,0.0036057385878377,6.04102400071213e-05,0,0.000393128154196821,0.00126707605490125,0.000770097432723463,0.000328975793473549,0,0.000120274994472166,9.86313601140684e-05,0.000425992773968195,0.000120131881591322
0,0.00436149204290681,0.00105257066501953,0.0106144793186556,1.45547350795839,0.358060005010986,0.0004632828520497,0.0435623370007453,1.84877746211556,0.00528432848074771,0.000399545111209747,1.39076863798278,0.00257032651600882,0.00292377767853447,0,0.000588561966898896,0.000899831901822872,0,0,0.0201957230153164,0,0.0171024147221761,0.000895227236425216,0.0385142235848551,0.00218740055966919,0.000246358893480098,0.0025932550915784,0.00396273146903367,0.00300077905758772,0.000114330902752442,0.000202701425100895,0.034355524353795,0,0.00407478007511147,0.00408016954093931,0.0116879226639189,0.00490787289259459,0.00556192461089712,0.00106760999689069,6.09034271224095,0.299531441711855,0,0.00393761615766283,0.00547642049819727,0.00234832852865369,0.00302596471884594,0.027784806075963,0.00168902699376587,0,0.000514485455401011,0,0.000323389202857363,0.00378908208759292,0.00105466866904772,0.00414912561794387,0.000466815819269682,0.000326311287028513,0.0258394190105601,0.00165610431135401,0,0.0171175626723114,0,0.000750256785382064,0.0452778993031923,0.000905910217896509,0,0,0.000133850894751764,0.00623432963057368,0.00126369947788489,0.00236497745833668,0.00219632281800702,0.00212843192093832,0,0,0.000774861843618523,0.000744798642020647,0.000372807079853589,0.000520493766738539,0.00029628462934185,0,0.000414739390226796,0.000902328673998482,0.00179911150940412
0.00231544700608847,0.036631252410934,0.0385868782347312,0.00103145061859987,0.000239218477815541,0.000199559289199442,0.00366154170017788,0.00162505050356079,0.0489059551626746,0.00121018412858987,0.00219031349954604,0.000363317198773494,0.00852501058638475,0.00064816992057284,0.000588561966898896,0,0.040971566361949,0.00101121066083021,0.00824596646973983,0.000654938677400854,2.10711864036096,1.59830169368424,4.55870142316882,1.05627879436762,0.00540614925689102,0.00701978817925826,1.142544366991,0.755467458416219,0.00286110022832179,0.0736429936073103,0.000669357182351876,0.000634793086101704,0.00405733522102605,0.084907644666213,0.0102781485684041,0.617283195576975,0.23100913091289,0.221657754856133,0.167540432076582,0.0907481853495228,0.0119432302628516,0.0056502174294567,0.0273001823818904,0.039967251331526,0.00851473609575704,0.00486559884478347,0.00207022278002506,0.000417105334539824,0,0,0.00409969053564969,0.00469218704970689,0,0,0.000117691496599184,0.000395929919329033,0.000155079518980612,0.0140051016904931,0.000409934152218679,0,0,0.0001228660300683,0.000266217546804477,0.00184483103295162,0.0402265407413445,0.0018101439791904,0,0.000129171507440243,0,0.00172387089573301,0.334906589258973,0.0375445025645383,0.00210393220853234,0,0.000194810057275356,0.00668909000477176,0.0010270308245654,6.54296152148362e-05,0.000175553700428868,0,0,0,0.00129399430919829,0.00781815050770036
0.097429953625446,0.300846593981468,1.7930586780758,0.00327215156982143,0.000533236048078281,0.00116962151848744,0.179056748825998,0.0731278178175647,0.0406189374834408,0.00911625653427281,0.0649569926014085,0.00073609317413222,0.00400333574832915,0.058497553206127,0.000899831901822872,0.040971566361949,0,0.0141932381744546,1.73827570249646,0.000656148639041144,0.122883234415487,0.0862135333132149,2.14862738289291,0.0516201650855955,0.00974641050943138,1.09110108054207,0.688967564104409,0.0939473558216531,0.0559312666379941,0.210382161359976,0.00142295334833168,0.00137881129758082,0.0139983979078505,0.797508957544088,0.00092975609536216,0.0358053766053297,0.206037856924704,0.298620732151495,0.034469604811262,0.00841748156798124,0.00362595071840533,0.00192016129073281,0.00917743563305074,0.0248877584590663,0.0106563163766114,0.00532228492718516,0.000161991990702166,0,0.00025892133722976,0.000538398587653859,0.13001032033584,0.0270719753987065,0,0.000301682164692492,0,0.000564062829016528,0.000581964090265743,0.00987983416867476,0.000106721354942634,0.00115763401845147,0.000395677440456804,0.000361818698414799,0.000856581880898967,0.000468588393110238,0.00390161006396466,0.0230254154885696,0.00122944675454482,0.00527987940992784,0,0.000615091083144213,0.0311096995662706,0.00571219857280603,0.00246000937646763,0.00174002415136715,0.0105068977176064,0.0388377135213755,0.000715549221156403,0.000481430008113107,0.00108203666163201,0.000260491846850179,0,0.00047415146961334,0.00161425997703293,0.000924359609291175
0.00210782461284777,0.0179942770138297,0.0116828422256204,9.72639046187794e-05,0.00104427355459516,0.000572468780962626,0.000617823606419638,0.00247678353511918,0.00415773542655736,0.000891113835930883,3.75532078008843,0.00100918581344296,0.0396009337423509,0.00138411174738622,0,0.00101121066083021,0.0141932381744546,0,2.03668930897103,0.000696990981293943,0.000214095033713044,0.00715993340376402,0.00253574553207176,0.0013772653370867,0.0339126582015029,0.867476066016251,0.0769756362309533,0.000550467522465348,0.00562272680968245,0.00114947754210715,0.142582839862344,0.00600640312463263,0.00177966226401588,0.0726930837917323,0.000273487518664625,0.0316039253719774,0.133328970359342,0.387459234122876,0.0832922383095017,0.00300324265928817,0.00292480815655082,0.013008656655177,0.00147857288782038,0.00266893991556136,0.00146243821849744,0.000427932799468608,0,0,0,0.000124864099800157,0.0133043883125477,0.000399698825452491,0,0,0,0,0.000169087413695061,0.000313612662449989,0,0.0032216819526382,0,0.0244575893201977,0,0.000779928193599171,0,0,0.00464355645635829,0.0048169188105825,0,0,0.00123519984928273,0.000534468087359835,4.69349073337257e-05,0.0173506976050956,0.00762219671155404,0.00875669330900522,0.00012616545471184,0,0,0.0136058792765559,0,0,0.000600885564587594,0.000294608508409594
0.0112956503831745,0.160973299725236,0.208393960006953,0.000359367349120437,0.000897956793849328,0.000293663600724088,0.0113072416999514,0.00766113145754065,0.0132566374429506,0.00121140613601612,0.528906022067358,0.00045043287729277,0.00947605435652749,0.00537087021638386,0,0.00824596646973983,1.73827570249646,2.03668930897103,0,0.00064596444495575,0.00965882188156538,0.0250902691587544,0.0431851642577293,0.00806728130520171,0.0436627736532496,2.15669031077686,0.282704424493755,0.0119781826729831,0.00964133878179879,0.01764729021514,0.0204828645253556,0.00182811584175109,0.0056101245809815,0.393031804123479,0.000964712299077741,0.0803720657145683,0.167761006840994,0.540182002321065,0.0745718506619547,0.00272181520189564,0.00286521436950921,0.00415747834261282,0.00343188512225001,0.00321971554186415,0.00851459085689329,0.00274398756745711,0.00010867856175826,0,0,0.000266108578634128,0.103647367696568,0.00387510836497106,0,0,0,3.22496988821516e-05,0,0.00179369728573576,0.000143603414759566,0.00295647245932113,0.00013763154315536,0.00573053998764059,3.64248110638335e-05,0,0.000650014925887066,0.00451030663902428,0.00620768707007538,0.00583216499254055,0,0.000312711925503091,0.00690178878869925,0.00102633162784543,0.000314190528819254,0.0157828745480973,0.0215361822315126,0.0241627787882003,0.000295870612287936,0.000225762751097277,6.16746200809799e-05,0.00280862770526619,0,0,0.0010465091091022,0.00109199418160668
0.00245999154001755,0,0.00236164826668343,23.3211477288127,0.00520492781069758,0.156019293225592,0.00799099797776753,0.226619073090259,0.614831149904423,4.7669524091745,0.00682568494189359,9.43456055339356,0.0030511333232939,0.0343722891427588,0.0201957230153164,0.000654938677400854,0.000656148639041144,0.000696990981293943,0.00064596444495575,0,0.000289114689750055,0.00027486269448285,0.00124749287822095,1.0100836981755,0.000275349476864407,0.000389790616750907,0.000813747369439874,0.212638031036502,0.0482842690103478,0.000839171200466012,0.000668721811481407,0.00918236208859323,0.00386368485678849,0.0360569189456022,0.000132935541135546,0.0235389678610525,0.00381460949083007,0.0599725630870836,0.0187087868759921,0.116778542701424,0.0266411323260203,0.00232869684635263,0.00364765325553856,0.000613039932571531,0.00785474043386238,0.00236498311923048,0.0105179248253945,0.00111149151914858,0.000978072306028633,0.00123541821549271,0,0.000389214447419129,0.0796043019347642,0.000775895707902548,0.0252202386075864,0.00682966907056969,0.00726534026297774,0.126969954101791,0.0372456393322706,0.000689205049698941,0.087166122656412,0.000231749589404432,0.00497065747865037,0.00448704821806619,0.000237060377933416,0,0,0,0.104587855528856,0,0.00111028075801973,0.000306522582280283,0.0369061821719859,0,5.60138654946201e-05,0.000159566352435003,0.00877681002677903,0.00368499960090856,6.0178519625192e-05,0,0.00119047652064861,0,0.00184926472628359,5.15059225263885e-05
0.00962159550287018,0.0014325557086342,0.102637069234672,0.000445113092867738,0,8.1549585622042e-05,0.0544518989816076,0.00856447417630799,0.00659008473945428,0.00232645640784349,0.00169125737285108,0.00043379107900148,0.000857440908977586,0.00435617039011269,0,2.10711864036096,0.122883234415487,0.000214095033713044,0.00965882188156538,0.000289114689750055,0,0.0277321087813218,5.58151833336489,0.121121316835178,0.000172231463424544,0.00371635367709552,0.0284490101117526,0.709176511575896,0.00723801992541455,1.59190844358912,0.00015294531794708,0.000355620157891902,0.00177345320103245,0.433057967097842,0.00398685007890665,0.129629984819452,0.00657339891382772,0.171187226555417,0.062600218031294,0.0431679230442975,0.00481392756129448,7.21210076321845e-05,0.00308282941480211,0.00195334711093503,0.000651408037041915,0.000244102459286841,0,0,0,0,0.00029769810721033,0.000105470699242739,0,0,0,0,0,0.00128241434315453,0,0,0,9.82352770186393e-05,2.54757951164912e-05,0.000696988438681967,0.00145524910887445,0.000177565798811485,0,6.34720516891297e-05,0,0,0.015883072644549,0.00249034235780169,0.000156366784214323,0,0,0.000644305099219437,0,0,0.000188560066266474,0,0,0.000400356102741157,0,0.00315466483266658
0.00629340134277053,2.63930314254053,0.0918384409653998,0.00229065854503872,0.00287585935271009,0.000482523026968121,0.0100217217569964,0.00206668422351016,3.47443866466344,0.00166587957894086,0.0286721555651136,0.00201195506069982,0.119030404786566,0.00126132538084614,0.0171024147221761,1.59830169368424,0.0862135333132149,0.00715993340376402,0.0250902691587544,0.00027486269448285,0.0277321087813218,0,0.217697456891595,2.26751248478401,0.285976603650667,0.0264253369706831,0.508394076749737,0.0671813601570113,0.00530091035464738,0.0412074209232823,0.0138713510177923,0.000673483868069764,0.00621328286708961,0.0616229341897744,0.0111875573706555,0.842586582217914,0.535610114882016,0.298802435073832,0.189663974180589,0.117972931379322,0.0132975408521614,0.0314735653499704,0.0279337756604321,0.039122365639792,0.0110421163520311,0.00601308608732062,0.00080025321740454,0,0,0.000280316814098323,0.05867870639236,0.0172006659306711,0,0,0,0.000371127394366018,0.000132483394166383,0.141087245675667,0.000157364936558793,0.000984795821756825,0.000389198261862931,0.00550248612730416,0.000415875788330083,0.000955078719791893,0.0604063255331624,0.00845587994831159,0.000310069027750923,0.00142114522509613,0,0.00189774710868162,1.29234594197167,0.019854550842751,0.00399742480716613,0.00796289364817242,0.00289162669859075,0.0271955965195662,0.00259455660703928,0.000886004329013973,0.000728642515097643,0.000407010471539956,0.000144173705045837,0,0.000195134735132996,0.00840236244658767
0.0220714255894108,0.00816145764576728,3.64944302038749,0.00283186838641541,0.000225899561899506,0.000833811275503713,0.230905292992295,0.0481321178174588,0.0283198930719754,0.0135640610816089,0.00689735809941524,0.00090486950170218,0.0101778787647517,0.0262087300634984,0.000895227236425216,4.55870142316882,2.14862738289291,0.00253574553207176,0.0431851642577293,0.00124749287822095,5.58151833336489,0.217697456891595,0,0.107038000993914,0.00103329329571704,0.0411275950752203,1.23478881523684,0.963393574630123,0.0282644553347791,0.54425631222047,0.000462205766223835,0.00123404867092897,0.00982382886001401,0.42839096517001,0.0270623511074357,0.583178724176318,0.141788544820712,0.601615936542375,0.24067450988378,0.115640295549373,0.0139271837656917,0.00393475762752077,0.039908475040435,0.0350649008963711,0.00905325224757545,0.00612544867222083,0.00122413438423705,0.000114519279409767,4.35208490114931e-05,9.73431226611943e-05,0.00383729121796117,0.00802833749568607,0,0,0.000154241284353943,0.000676017254468729,5.68954830775263e-05,0.00778541873447188,0.000514182563073576,9.93755144643622e-05,0.000556326596229917,0.000601549580261608,0.000110282299215033,0.00253160011720942,0.0466782688603848,0.0024665482356932,0.00024470296835617,0.000391574934352963,0.00021916522232974,0.00200546025281677,0.186863497779679,0.0456079499844738,0.00225792216238891,5.55210036793197e-05,0.000996002117608658,0.0218114039480311,0.00142432154977744,0.000518013898027658,0.000176528479402525,0.000164561215269367,0,0,0.000518684101193747,0.0213522947863622
0.048384016318839,0.0972402798747681,0.052441343013482,2.30454884217438,0.00336531618984544,0.0271568253901153,0.263339788659939,0.0749033662457542,6.24567942795574,0.251148718951971,0.00737165374862676,0.445331435554863,0.0173932966076187,0.0322402945246847,0.0385142235848551,1.05627879436762,0.0516201650855955,0.0013772653370867,0.00806728130520171,1.0100836981755,0.121121316835178,2.26751248478401,0.107038000993914,0,0.0256670596478563,0.0141298429046646,0.18416508153514,5.03339616242858,0.0820482765526929,0.109650410511591,0.00147659741397257,0.0031442469890933,0.0320191013753772,0.079427575632554,0.00369057316248024,0.313586204489423,0.0813259325386913,0.165401530472425,0.0534133870406805,0.128396072643121,0.0233795418062903,0.00486676337491057,0.00920350667357911,0.00637708499064963,0.00948100037197922,0.00333110779093111,0.00472145288362954,0.00184295756663288,0.000171388961495702,0.00109846421096206,0.00199658643783601,0.00517382275328089,0.0207951469847873,0.000209959920662896,0.0150514745496789,0.0101951351053847,0.00513164251635781,0.215399681357355,0.0224503200782503,0.00106880380205734,0.0565276381869246,0.00114058278752543,0.00581906152806528,0.00155060725699001,0.00690809139314113,0.000937408439536875,0.00027604601148451,0.000255994617419808,0.033611572439588,0.00049805659330178,0.0261841925544259,0.00721908247182667,0.037389618505297,0.000874306355376117,0.000495418708253398,0.00592963795461221,0.0084358380560835,0.00541742861644145,0.000871293929485089,0.000434846885892981,0.000219692028943297,0.00127998601385598,0.00201942384171925,0.00275183319464166
0,2.36374702103103,0.00320198683784452,9.02766531440404e-05,0.0014976320610044,0.000366442831495218,0.000289426201798948,0.0011716456166183,0.108294332343181,0.000567764306042113,0.422182328112014,0.000377192069014041,3.23739988898661,0.000712913745685329,0.00218740055966919,0.00540614925689102,0.00974641050943138,0.0339126582015029,0.0436627736532496,0.000275349476864407,0.000172231463424544,0.285976603650667,0.00103329329571704,0.0256670596478563,0,0.0622375204021351,0.956875973527399,0.000614317113894256,0.00294729289333555,0.000475034203515452,0.179004755983478,0.00673979334573582,0.000198484265407878,0.0240497177691614,0.000130711904886902,0.0253265098608146,0.723713191845471,0.195714803689679,0.0260731098118326,0.00399853103829747,0.00517470216279388,1.79740085300683,0.00344708142900662,0.093998956835883,0.0207876064800959,0.00534536578202822,0,0,0.0485850913236882,0,0.171844127232008,0.00309855431808068,0,0,0,0.000204839546942562,0.000140295321273345,0.000173475993229217,0,0.0426503321815806,0,0.130284484121939,3.7329836657799e-05,0.000252730156756781,0,0.00248989213051533,0.0123576504723584,0.00628466327230547,0,0.000130079345558309,0.00619045675589044,0.00034403687775573,0.000185186840476116,0.635468357413603,0.0404141047122233,0.0425999324785146,0,0.000667973902959074,0,0.0576298527656454,0.000351980126516563,0,0.004974424403459,0.000100428212844747
0.00160005059065724,0.165721964275617,1.943945026123,0.000607685972942771,0.00068148210256076,0.000421630001994532,0.0122325733965664,0.0055144005952233,0.0176379391265852,0.00183133130906582,0.730287197822392,0.00069722565700618,0.0467306675663083,0.00362773373130163,0.000246358893480098,0.00701978817925826,1.09110108054207,0.867476066016251,2.15669031077686,0.000389790616750907,0.00371635367709552,0.0264253369706831,0.0411275950752203,0.0141298429046646,0.0622375204021351,0,1.77402046884199,0.0125235807638749,0.00739996780685394,0.00443040221422214,0.27489339130219,0.00322461073471782,0.000535098296964946,0.11575246816635,0.00273375859420334,0.139220413248639,0.485080106935923,0.585221775265727,0.0916173091212901,0.00267621504826935,0.00204931873664978,0.00698322832977564,0.00865145371179864,0.0153318293875132,0.0141676097395059,0.00448871786600818,0.000234590751298932,6.39682575704755e-05,0.000363593968532487,0.000214939670978673,0.127772575085466,0.00949801739154377,0,0,2.50515644247473e-05,0.000204464160468805,9.21529585670819e-05,0.00231164481605233,3.57845905187004e-05,0.0138142676427124,0.000215350745748445,0.0440813625045608,0.000355349308349956,0.000578359697496182,0.000457196108860414,0.0108013255615121,0.0121862111363975,0.00985373872852104,0,0.000533978991156947,0.00964529886933397,0.00149414868688481,0.000611727378200138,0.0293848246312659,0.0620609807043184,0.0936458962250507,0.000228060506863709,0.000104795579607928,0.000529585082462977,0.0151875525670011,8.04934612367329e-05,0,0.00287241812963379,0.00260377795681124
0.00246498019038472,1.08015659615008,1.34615157321821,0.00120475254137736,0.00065906565657942,0.000485867087365447,0.0187492049434492,0.00679101014873273,0.0870762933032381,0.00237724443849122,0.15116686248241,0.000401210572822603,0.706492717518291,0.00447847174094307,0.0025932550915784,1.142544366991,0.688967564104409,0.0769756362309533,0.282704424493755,0.000813747369439874,0.0284490101117526,0.508394076749737,1.23478881523684,0.18416508153514,0.956875973527399,1.77402046884199,0,0.135385647721036,0.00635598147997228,0.0170225534244645,0.38351163660962,0.00169043925028035,0.00103605423298298,0.174337402231664,0.0185170457195004,0.428416165387708,0.66620643338675,0.877019202986617,0.173875693285517,0.0212546611609569,0.00562677034917628,0.0118202502666762,0.0264557384190978,0.0339360190656082,0.0228123656710104,0.00606792396388594,0.000734357903176643,6.35371764305286e-05,0.00134403788787907,0.000335908274138501,0.117867991092878,0.0175421931249378,0.000307519862946177,0,0.000112223066824425,0.00057821685780251,0.000272698225222312,0.0059166786770629,0.000350053674213679,0.0243460389694524,0.000311711405358529,0.07554024238999,0.00028438673579231,0.00134444285962033,0.0157972857320695,0.0070401603023409,0.014333035889506,0.00861733122034245,6.30408950055145e-05,0.00180577474630699,0.0877503102176308,0.0254514405666471,0.00157964635846865,0.0550250810906169,0.074099803221225,0.137424378832218,0.000949556502469047,0.000476228652600743,0.000594942515291426,0.0350647874183461,3.9267073189047e-05,0.00012870318331096,0.00296313190310052,0.0157348960673843
