0,0.000501984638649153,0.0968018852648632,0.000395566770561322,0,0.0100951572460818,1.32702545137091,0.219078831145182,0.0770952162139394,0.0273320294996501,0.000962608558598171,0.00156009764447157,0.000405149580305728,3.82234289219979,0.000981219757711479,0.00288929258562279,0.172005283667752,0.00405386741861648,0.0371175633397977,0.00890243009846913,0.0835390073809528,0.00832819283316305,0.126230967084036,0.066681016815628,0.00066994752912353,0.0156282024816468,0.00968654400519377,0.0942348784562113,2.32859747528091,1.15798008881068,0.000285138693428139,0.00201154105623039,0.125876558277137,0.171302164837172,0.000370639820724818,0.0097311276394638,0.00361415026910076,0.0304188271700213,0.00979544780523077,0.0104499252191229,0.0063128898962365,0,0.00388123999758174,0.000615221308276253,0.00402039179944555,0.00323337605638542,0.00570501093681092,0,0,0.000657491140714053,0.00101943949222423,0.001589800497045,0.000181793951543231,0,0.000439356866929978,0.00330952928235135,0.000930629327087631,0.0182552124673937,0.000859773389592054,0,0.000596175362295526,0,0.00150062260828916,0,0.00374378182800419,0.000154782451284385,0,9.23638671151755e-05,0,0.00235915924422864,0.000260308032082367,0.000947509130049055,0.00975233544771437,0.000595877670979128,0.000312677516869903,0.000907637063890087,0.00897392746641428,0.00173147818880811,0.00389809156037494,0,0,0.000958151763669091,0.00234675424261612,0.000234751604993679
0.000501984638649153,0,0.0261630316445863,0,0,8.10819973495226e-05,0.00268235108190426,0.000692607491863996,0.152526050723245,0.000244956068073717,0.0159054775522931,0.000267527793983065,0.071287350578535,0.000388862927752762,0.00231657186670185,0.0587880176065096,0.0535940448299116,0.0564346403020858,0.0799799609098345,0,0.00159602413052519,4.25074429961483,0.00825713212414064,0.146318685204903,6.91701956851762,0.0271811746759322,0.968633650657978,0.00943751525189271,0.00214513360036324,0.00493321946174917,0.00513643140563416,0,0.00270483796567795,0.0315365233518566,0.000907845163908672,0.0413421083090457,0.0681073455412641,0.1217758184167,0.0325195638008773,0.00514906566518255,0.00106346335447808,0,0.015562887242605,0.0284731631383881,0.0384432092948347,0.019526627993547,0.000806477008611182,0,0,0.00137866894133748,1.20689169871592,0.0276133165602396,0,0,0.000113487134283677,0.000941139171764146,0.00112439446836157,0.00745121171558982,0.000262687882532191,0.0035133561064441,0,0.0141917067107331,0.000878463345260406,0,0.00128892731518752,0.0291245930975284,0.0074270613486971,0.0298481529864596,0,0.000215085432080336,0.170549189705222,0.00517616928373292,0.0030699599459413,0.798158618473534,0.0254050531500804,0.0852089863334342,0.00145474034494994,0.000359120562571965,0.00248420231259316,0.00390235503448934,0,0,0.0108161958807998,0.00024642658749325
0.0968018852648632,0.0261630316445863,0,0.000310647319863057,0.000289400139362817,0.0115904529273375,0.136195761618424,0.196555816852333,0.0132138773452655,0.0106695497661159,0.00395548709659424,0.00136763912878255,0.00065251658711713,0.0987174249445583,0,0.0337775539065471,1.80457367665464,0.0230666772294023,0.205537612109637,0.000455512651639769,0.36270132864141,0.0366901968467813,2.96992206756595,0.0210803060044479,0.00315743893443841,1.92443641513388,1.89108279687653,0.0450830145747022,0.035774557761098,0.159038719378064,0,0.000791523278312947,0.00819298250307438,0.195759341231622,0.00326080676559235,0.121316162603988,0.393401204173362,0.369236804463279,0.129723872007833,0.00809242127765794,0.00420601256945077,0,0.0113471519437097,0.0130330866673049,0.0237007862416352,0.0130916572635919,0.00161385670516641,0.00112305838575733,0,0.000420884880502646,0.0344898873737446,0.0176500011471,0.000299433109921254,0,0.000301350883937194,0.00150432238295052,0.000828902633952243,0.00236238921447487,0,0.000598936630709732,0,0.000365962964693728,0.000358488860505708,0,0.0174011482437777,0.0163778350415444,0,0.00329047599473183,0,0.0085217312445774,0.0142661606407496,0.00900371720197314,0.00346300276896194,0.00521021087556981,0.00537326563368494,0.0476253013123188,0.00301590569003446,8.33436007552715e-05,0.00384753687160966,0.000479486086171793,0,0.000147088190138515,0.00325576086015084,0.00166656431308996
0.000395566770561322,0,0.000310647319863057,0,0.000293640538278874,0.0300873770160825,0.0115852353892313,0.0278483834167403,0.203322076300195,0.808399235849319,0.000534096612123081,1.10010305782233,0.000107815726392047,0.00543432007895843,0.00628480110176871,0.000421767298100654,0.000326544432077251,0,0,24.554693985423,0.000187453450622689,0.000374910672185126,0.000162840231634374,0.948401804135643,0.000121980981978489,0.000153843129747153,0.000240401096166186,2.0432427171869,0.00853041191731739,0.000159835309427273,0,0.00112456322279291,0.00187103939034015,0.00424411876763585,2.63183997638028e-05,0.00684074722310281,0,0.0100203573110496,0.00278010195046866,0.0564201495166677,0.00499242849563296,0,0.000900314831183602,0,0.000763083588635648,0.000153052786035449,0.00461818007529543,0,0,0.000168617098575633,0,0.000132540265628412,0.00178948194913776,0,0.00259405289343418,0.000856160091879611,0.00291525652396298,0.0108149895803377,0.00265862141614151,8.39192987872961e-05,0.00203649607377346,0,0.000701139780299948,0.000703101927688101,0.00030946441882987,0.000110061804852995,0,0,0.000887030821388107,0,0.000591429180114476,0,0.0034583065168683,0,0,0.000154311176407884,0.00320846417200922,0.000976525022333704,0.000181285761777675,0,0,0,0.000654201724247712,0
0,0,0.000289400139362817,0.000293640538278874,0,0.111919330629607,0.000812899496575379,0.0249446017655724,0.00786824527837152,0.00124400450689849,0.0101128835733063,0.00701060223628313,0.00150566763408289,0.0129442941557886,1.95975967231484,0,0.000199728045224237,0.00165407304324399,0.00027375677500684,0.00425462774109259,0,0,0.000130997191908275,0.00126654588142661,0.00253723275794702,0.000273065327120582,0.00053541330092167,0.000910590458226826,0.166366564924651,0.000261432541074497,0,2.67577446101538,0.00238223488912413,0.252153576274886,1.75721646597295e-05,0.000993708557147137,0.00120631945634099,0.0579116868640591,0.00201022534094411,8.44115409052895,8.78111511677097,0.00178652511680533,0.000166330069023392,0.000903226394540414,0.000171398495767396,0,0.000286823577165628,0,0,0,0,0,0,0,0,0.000107700417564992,8.34819767641334e-05,0.0012474405241436,9.20622155029319e-05,0,0,0,0,0,0,0,0,0,0,0,0,0.00021429896632923,0.000374461097197361,0,0,0,0.000534499295325301,0,7.7426095239197e-05,0,0,0,0.000493129723052203,0
0.0100951572460818,8.10819973495226e-05,0.0115904529273375,0.0300873770160825,0.111919330629607,0,0.32548115623505,4.29159658050125,0.0799286340824875,2.4901940651629,0.00614964668555619,3.23990445965852,0.000985616413586108,0.38634540801656,0.398630698604122,0.00286113195331399,0.00365537860851881,0.00141917799251285,0.00100169247038368,0.282182043539373,0.0132250881295038,0.00196352708942482,0.0130093051923144,0.0606968916117852,0.000664887225742004,0.00321143114616107,0.00431584071197491,0.27670587134738,0.334112234416953,0.0147427056849296,0.000295807668033374,0.856527544715686,0.004281569328099,0.0664257595867973,0.000397838790318057,0.018653143358392,0.00214726434883546,0.053351307999535,0.00729113197509786,1.09819664907763,0.230140165726735,0.000607612067647048,0.00103944805965878,0.000245989142084123,0.00155895234751246,0.000302500445687748,0.00442487505793315,0.000338420282776188,0,0.000332730795261512,0,0,0.000265265690758663,0,0.00106049855769965,0.00718500846504487,0.004083469977835,0.0142435033333158,0.00409227159975335,0,0.0016421686402992,6.70284563976204e-05,0.00191056037655262,0.000311793604003634,0.000103552984238282,5.70958574081914e-05,0,0.000285870960011439,0.00285532484151127,3.07384868502938e-05,0.000267722725093763,0.000290595398301258,0.012071188385133,6.53553357320381e-05,4.12064048737541e-05,0.00086007253278488,0.0126747555975754,0.00331104845252099,0.00168827636690055,6.63344448116627e-05,0,0.000382537499223554,0.000500518801519021,0.000121837485756809
1.32702545137091,0.00268235108190426,0.136195761618424,0.0115852353892313,0.000812899496575379,0.32548115623505,0,0.805808648828298,0.413249731638896,2.17534465676718,0.00345312630040498,0.0200558435276608,0.00090122481605576,1.32090082437282,0.00300296139773017,0.0637312476049717,0.0369039558333619,0.00219362015384897,0.00892603958616553,0.0273553106335222,0.214188193999917,0.0273530134073053,0.224800974104159,0.400318526683605,0.0005703361319278,0.0305467218705572,0.0927462148242097,4.03345582933963,0.169597929431146,2.07694155706157,0.000274970185238499,0.0049956412606147,0.0252713982919866,0.078672872125921,0.00353016437922996,0.101688190165899,0.0116087563497959,0.157495650133852,0.0661732707062033,0.134549761706577,0.0343570629149156,0.000363789904801439,0.0140929634372274,0.00184797621397598,0.0180915740671293,0.00575576500341041,0.0384173647089051,0.00210937745276079,0,0.00471997045904258,0.00176669075379014,0.00253048392612086,0.000602918326767419,0,0.0100108816288696,0.0226397747464301,0.015286682674572,0.075838951598065,0.00997474011681213,0.000389793992301907,0.00228326089957793,0.000192298967523132,0.00921159212549894,0.000629534620243857,0.00744355741013859,0.00119908974306029,0.000119631249194533,0.000325685580149242,0.00337706486102754,0.00447577192387649,0.00532807511196995,0.00562034049121178,0.0531922465093094,0.00109686549615303,0.000652778736846943,0.00781655100836823,0.0576659638682075,0.0151566069494189,0.0107261239355179,0,0.000113532109063031,0.00123826520244253,0.0054451911937059,0.00251480345084551
0.219078831145182,0.000692607491863996,0.196555816852333,0.0278483834167403,0.0249446017655724,4.29159658050125,0.805808648828298,0,0.136208309229942,1.15638620613934,0.0102229674095283,0.29283610444064,0.00165265217711914,2.41893650807706,0.0514562466730711,0.00839433725518507,0.115709748629762,0.00578473567986986,0.0275952662194949,0.215750910487473,0.180629690222227,0.00687347889796648,0.228598079253662,0.143926710566868,0.00128139544901981,0.0383491522305575,0.0306467398010438,0.293857871670486,0.487975040609779,0.316365161061245,0.00012594221489795,0.835151648184357,0.00702382745070485,0.111716002482049,0.000894847679418476,0.0193042894803185,0.00444796355495205,0.0969697157475961,0.0217921124063736,0.796714838481148,0.0662982879188707,0.000980590965506962,0.00615583276889741,0.000725294576813593,0.00625698201200873,0.00228010193806697,0.0111421884294881,0.00092032348517166,0,0.00318520458072813,0.000835070105623765,0.000653535888628654,0.0002525341370215,0,0.00472105778861406,0.0229187830454741,0.0114410938622323,0.0420367573650031,0.00623610384805192,0.000316670325489675,0.00207618220435009,0.000127446273821634,0.00546609534486344,0.00059081173861953,0.00270606588415482,0.000325185403004191,0.000142068678260344,0,0.00123437047035222,0.000934354716527341,0.00167432134605205,0.0017654981694219,0.0398007723556748,0.000583375613879521,0.000327449469966451,0.00238744421912207,0.0448862188874058,0.00851764700984656,0.0055936302642063,0,0,0.00069874470924455,0.00250906558139849,0.000884291462038812
0.0770952162139394,0.152526050723245,0.0132138773452655,0.203322076300195,0.00786824527837152,0.0799286340824875,0.413249731638896,0.136208309229942,0,0.401293168681103,0.00326720668639252,1.24758932218987,0.00313860585967243,0.0377154628357261,0.60833902224425,0.0464304955067913,0.0245351845472748,0.00192955220431644,0.00885292777757778,0.97636585721329,0.011001084987289,2.51386437428626,0.0188927801247648,4.57276234228302,0.0436087155763085,0.00509933792202402,0.120579742678349,0.559541233700836,0.118604005730935,0.153352115431573,0,0.00611503413322107,0.0869014403565133,0.087531770400069,0.00378436619658709,0.305174057410421,0.0486434608455201,0.184323789275522,0.0670189691245853,1.87097569482447,0.0542117456540403,0,0.0692561668827125,0.0221034487472015,0.0678544465991885,0.0266360228652877,0.193199640706577,0.0128052312112478,0,0.0353610211349184,0.0182271763696627,0.011749656809571,0.0243317973060862,0,0.0565494936179363,0.0576494672210957,0.068606369668395,2.1294834918627,0.109211292401949,0.00133235707821676,0.0656856919255752,0.000356186475033528,0.0296133786283705,0.0151880980725522,0.174404849315705,0.00531604629432314,0,0.000737865436158469,0.0745037330349937,0.0501737092724641,0.164992822865259,0.0317039518523313,0.340451698795393,0.00638695043819603,0.000926560338342432,0.0239398473709098,0.241486421981805,0.047054960119828,0.0713971581962368,0,0.000148035840537908,0.0103761695566774,0.0221295328031963,0.00200854828998962
0.0273320294996501,0.000244956068073717,0.0106695497661159,0.808399235849319,0.00124400450689849,2.4901940651629,2.17534465676718,1.15638620613934,0.401293168681103,0,0.00720155973296595,0.612987687389966,0.00191211253699585,0.24528058838271,0.00361068272563331,0.00414513134560214,0.00272557215597694,0.00185916146052581,0.00136604591891426,3.93859948175752,0.0109785468896699,0.00231722025045527,0.0112669705346302,0.262687369639182,0.00102230548323546,0.00250657952901445,0.00695149036294102,1.63983551592319,0.172294731488718,0.00760685336258892,0.000158048652579312,0.0136945748040155,0.00648420351587351,0.0910482004141299,0.00132651378003686,0.0744739980548165,0.00311846217348079,0.139523205717992,0.0331373368514843,0.350353347127407,0.05727649950285,0.000543363571435731,0.00329403541730136,0.000258934961385654,0.00720308678743473,0.00165476162531074,0.0247946057244745,0.000762251569252502,0,0.00145602413221147,5.11248087144405e-05,0.000218343859000596,0.00191965591302359,0,0.0131877146268235,0.0122718359846913,0.016430910062893,0.0353872230650166,0.0210164140134133,0.000198578116535232,0.00644742985999154,6.02404213863698e-05,0.0057220140859854,0.000768622667812037,0.000840024664403353,3.96078221432915e-05,5.19887763793039e-05,3.7462409908132e-05,0.00801723500992499,0.000513028777977671,0.00131821084151711,0.00105641860857702,0.0265624894747675,0.000472880142439386,0.000136585272954618,0.00100534319802174,0.0323997040835347,0.00509746751464023,0.00228665549082444,0,0,0.000675615337147219,0.00216637189139064,0.000444795310708627
0.000962608558598171,0.0159054775522931,0.00395548709659424,0.000534096612123081,0.0101128835733063,0.00614964668555619,0.00345312630040498,0.0102229674095283,0.00326720668639252,0.00720155973296595,0,0.00539529123865431,3.02928352834873,0.00711990273597671,0,0.000740235095043574,0.00753188489227366,3.64613400093462,1.5669908474101,0.00574162080785822,0.00136001960484067,0.0105635863371695,0.00316273855834826,0.00504526360260995,2.42972530716782,1.06032749585626,0.22855380164806,0.00415163961618396,0.0779796067438687,0.00123434684486173,0.539742670684859,0.0427714563839555,0.00695429168701534,2.12009526627149,0.0007354588851883,0.0652742405329391,1.19294081737885,1.90968449418478,0.19623035794825,0.0359769148176385,0.0351852331542473,1.59333454425728,0.0044521352330073,0.0247129509337585,0.0248104121376913,0.00447955403022701,0.000757355743009717,0.000279464652292448,0.000724577408214857,0,0.00538189370637779,0.000303238759116167,0,0,0.000393698373407688,8.53675390743969e-05,0.000350033976155779,0.000821721091734587,8.61312588954725e-05,0.042287556683785,0,0.0842479508562876,3.53467626996178e-05,4.93863859681405e-05,0.000224551875228872,0.00172563385173191,0.0685676058272606,0.0416299300364252,0,0.000168309440897475,0.00031044235197712,0.00045573220227143,0.000844959379923365,0.164846428339932,0.0470637591007412,0.0420867271197992,0.000884926838880491,0.000464375108911831,0.00020782535390976,0.0252034527312402,0,0,0.00849053785538257,0.000325875548700025
0.00156009764447157,0.000267527793983065,0.00136763912878255,1.10010305782233,0.00701060223628313,3.23990445965852,0.0200558435276608,0.29283610444064,1.24758932218987,0.612987687389966,0.00539529123865431,0,0.00146550160405673,0.0405416437759188,1.18433121336893,0.000551856623821352,0.000758633091908337,0.002238052259398,0.000302692434898823,13.4418253178133,0.00106502638761743,0.00254768742557143,0.000989257410809034,0.602425794718675,0.00100813455795046,0.000529078695653067,0.00163787599184004,0.406801467867406,0.0470265571273959,0.000903295434883288,7.09646374885686e-05,0.0173219445192316,0.000488420334959147,0.0406645716043073,0.000639134999277058,0.0261207946857788,0.000759538323299096,0.054211151606049,0.0073210070563187,2.10225874001778,0.0235569947339459,9.7061889892773e-05,0.0019495835961298,0,0.00187178319025692,0.000120606126959806,0.0181264432130114,0.000705537504420397,0,9.24687444024356e-05,0.000427096102500399,0.000566491601070029,0.00189989963719259,0,0.00489397235020936,0.00518924615894933,0.00482488785392629,0.0241822842587526,0.0165673743605603,0.000590143334869714,0.00747313410837394,0.000208376588769118,0.00189110115519758,0.00223551129184109,0.00110552873436099,0.000206316447543062,0.000368067520773042,0,0.00435643301526414,7.50281055483717e-05,0.00086087938318119,0.000273675180634481,0.0133660079996191,0,4.26158398848788e-05,0.000274146441396166,0.0114963967229309,0.00175663918008328,0.000905768924724102,0.000100700043158425,0,9.651064769064e-05,0.000605343726950588,0.000168103574541344
0.000405149580305728,0.071287350578535,0.00065251658711713,0.000107815726392047,0.00150566763408289,0.000985616413586108,0.00090122481605576,0.00165265217711914,0.00313860585967243,0.00191211253699585,3.02928352834873,0.00146550160405673,0,0.00125310463111813,0.000118521959180845,0.00131204382750321,0.00175404389988418,0.130537022818609,0.0126815220785178,0.000743508422609126,0.000943091636434728,0.0349467628493019,0.00158112666045581,0.00251188149490472,2.51987546956637,0.298350899693978,0.871792571566874,0.00143916610598272,0.0108765780174195,0.000312869280369981,4.95563549484515,0.0103872736973284,0.000367926694649556,0.252433861102052,0.00120446894278516,0.805344849838071,0.623414105700449,0.83791900429536,0.240260635999536,0.0391557509202892,0.701911827658543,2.1929203630985,0.0834848591814026,0.027728622324537,0.0326223429650099,0.0215681613121104,0.00103805643648205,0.0237317089503599,0.00746364338531992,8.05574894082502e-05,0.00768671624049354,0.000554705124630704,0,0,4.29320367258401e-05,0,0.000161620845175011,0.00022230504940963,0,0.0409481109464418,0,0.0405123042395146,0.000311997132103657,0,0.000338312522895131,0.000937195822646389,0.0297345042477213,0.0177059180470351,0,7.0509825806031e-05,0.00233290490267834,0.000366427012628164,0.000258895786987574,0.112722075841436,0.0282754812447495,0.0240809879573029,0.000378325164771854,0.000106775694489288,0,0.0114833548603477,0.000558300282909277,0,0.0037041921445668,0.000332105009534696
3.82234289219979,0.000388862927752762,0.0987174249445583,0.00543432007895843,0.0129442941557886,0.38634540801656,1.32090082437282,2.41893650807706,0.0377154628357261,0.24528058838271,0.00711990273597671,0.0405416437759188,0.00125310463111813,0,0.00213104823434585,0.00312827886373955,0.0928997216132769,0.00325997862924633,0.0172416784807422,0.0477088375069206,0.108017809784496,0.0043582095288404,0.151250771048749,0.0601743177031835,0.000976786691669678,0.0227909429950663,0.0167410891839789,0.130660032173801,2.59294124653687,0.319664027589612,0,0.521305357416778,0.00913693862027526,0.116487390151337,0.000275478657206445,0.011900683607591,0.00273834202632163,0.0751456678483754,0.00782494398822259,0.20466933539794,0.0309772094922483,0.000451679028386043,0.00245576369920991,0.000125169696966803,0.00250476878665149,0.000933634135501268,0.00503596214060796,0.000373640233969619,0.000201289364726861,0.00116164259774805,0.000556431411929485,0.000360221519222001,0.000126366872500155,0,0.00115979435734225,0.00682875697001929,0.00273596641129607,0.0132874591981496,0.00160208548687802,0.000121499643140712,0.000331265367333606,3.72611543960604e-05,0.00180207148185359,9.25635090425203e-05,0.00151559050361772,0,0.000394290504941939,2.71582408516635e-05,0,0.000980837209530109,0.000257170359309768,0.000716794255778305,0.0114782040726768,0.000986920365663481,0.000130511399782763,0.00123248065113784,0.0114951095013895,0.00249604473427901,0.00305894379064424,9.3648203166135e-05,4.07366282336808e-05,0.00056120722048016,0.00109394617985245,0.000175046789427495
0.000981219757711479,0.00231657186670185,0,0.00628480110176871,1.95975967231484,0.398630698604122,0.00300296139773017,0.0514562466730711,0.60833902224425,0.00361068272563331,0,1.18433121336893,0.000118521959180845,0.00213104823434585,0,0.00650499821765475,0,0,0,0.038033947915489,0.00553144385089833,0.00465588976288355,0.00334198175580222,0.022307767824311,0,0,0.000953739221752256,0.00649521588759966,0.00345282536974164,0.00165353315784181,0,0.00321784166711074,0.000163856530869949,0.00114595877770356,0,0.0677856372658711,0.000792528188559585,0.00338596117164205,0.0032758238358927,10.7188245430429,0.147946951823673,0,0.000839766395458727,0.00015634185724013,0.00155347351260213,0.000282551108039261,0.00529864944668512,0,0,0.000875696096230699,0,0,0,0,0.00100948767019596,0.00105897885123856,0.00109254651518529,0.0140633041743042,0.00125005116562299,0.000173914717981734,0.00156369798528391,0.000281930268757155,0.000636428998587693,0.00177223733784847,0.00206326991819779,0,0,0,0.00319364362520139,0.000150915325524515,0.00120221331898501,0.00152279708495252,0.00294094250649771,0,0,0.000484393834688267,0.00164749454713824,0.000281499476592464,0.00195979653668033,0,0,0,0.000398564827379128,0.000578473066031584
0.00288929258562279,0.0587880176065096,0.0337775539065471,0.000421767298100654,0,0.00286113195331399,0.0637312476049717,0.00839433725518507,0.0464304955067913,0.00414513134560214,0.000740235095043574,0.000551856623821352,0.00131204382750321,0.00312827886373955,0.00650499821765475,0,0.0489846845785235,0.00397740875318572,0.0131028897381646,0.000832535872501006,1.2482260590161,1.66624981914046,1.8839462946031,0.998264376717225,0.00949715537634621,0.0092705378182394,1.09737405428161,0.519201556851056,0.0079100583222106,0.0594983627240444,0,0.00121309632218038,0.0104396380448876,0.109513234530577,0.0350399837322339,0.939491991314583,0.370856521175625,0.483509991726449,0.440903973193641,0.0745261021196576,0.0253852815812629,0,0.0999063977026777,0.0618606372656507,0.0432111377582922,0.0332789145545926,0.0101698896294329,0.000849269215073833,0,0.00163738583606173,0.0352271572520473,0.0161899251759877,0,0,0.000429078849274351,0.00281607289429577,0.00104082515733473,0.00887865582545812,0.00066341605572702,0.00104407437169536,0,0.000451589673603476,0.000998242365006367,0.00021616831273188,0.343453808272471,0.00592223260412968,0,0.000980951723728906,0,0.0839144219927484,0.207775872317454,0.105778035253915,0.015975185543693,0.0135828699344578,0.00219648714188266,0.0901351192940578,0.0162120624740116,0.00160950722358268,0.0128164864959131,0,0,0,0.00604140540498716,0.0217412812894969
0.172005283667752,0.0535940448299116,1.80457367665464,0.000326544432077251,0.000199728045224237,0.00365537860851881,0.0369039558333619,0.115709748629762,0.0245351845472748,0.00272557215597694,0.00753188489227366,0.000758633091908337,0.00175404389988418,0.0928997216132769,0,0.0489846845785235,0,0.0327150866682298,2.45305299794035,0.000697384071210748,0.134560235423118,0.0577853395101413,2.35259015718179,0.0327513345532645,0.00656064315646192,1.02065689753558,0.852594962911971,0.0313040447773001,0.131128888519626,0.109945185415071,0,0.00128635505388574,0.0292080741305576,0.406457605848585,0.00185739849839265,0.0594929356843114,0.331170984149211,0.204781676155713,0.0475940732078383,0.00636478826504927,0.00366627373497736,0.000425662752067089,0.0124005619713004,0.0093867218784398,0.0232682527090139,0.0112549874497798,0.00189778213172798,0,0,0.000768713814164592,0.0491970972049919,0.0288441511040499,0,0,4.98500580727698e-05,0.0012426666719588,0.00116129158386197,0.00260733748330683,4.30592635498883e-05,0.000729117032984387,0,0.00148455756069276,0.00116395755120422,9.50399251433602e-05,0.0102014058674811,0.017877569626391,0.00099732443881603,0.0132451591044491,0,0.00661573008943873,0.0153026842960303,0.00789255019587379,0.00249633697599964,0.0233716624017214,0.0240450322334222,0.0467429594506039,0.00266855600291442,0.000282115900728274,0.00182878081305576,0.000138619982426397,0,0,0.00418223085369431,0.000860332000774552
0.00405386741861648,0.0564346403020858,0.0230666772294023,0,0.00165407304324399,0.00141917799251285,0.00219362015384897,0.00578473567986986,0.00192955220431644,0.00185916146052581,3.64613400093462,0.002238052259398,0.130537022818609,0.00325997862924633,0,0.00397740875318572,0.0327150866682298,0,5.39586629777173,0.00279899096097891,0.00292402226862436,0.0283755384431998,0.00979349711559803,0.00294199864747191,0.750003307217647,1.27347621236402,0.3142895407836,0.00168475687760556,0.0172491730658447,0.00252836670189116,0.102686078042115,0.00856821237744491,0.00414408988751766,0.303260619269106,0.0012560449199789,0.0622869699500145,0.3185465442647,0.757038159259805,0.101940633991976,0.0120862247231832,0.0113502914303816,0.0131297833748112,0.00436917203035659,0.0256703252948578,0.03130297235348,0.0097472924410301,0.000843944787498733,0.000662677483815464,0.00166763366591569,0,0.0180161839596583,0.00205376247853384,0,0,0,0.000383466249145857,0,0.000263559051270214,0,0.0220036526334237,0,0.0752311826243719,0.00031489431144108,0,0.000636948519083757,0.00173637645492176,0.0814300556384593,0.0493617648972314,0,0.000204818447815715,0.00671449401801824,0.000402964183652569,0.000901409836529717,0.217083492968418,0.057162675284799,0.0605107180831497,0.000312927144575441,0.000195803885439522,0.000437588251996129,0.0248801123153506,0.000572306380045393,0,0.00664146088358334,0.000389621219456467
0.0371175633397977,0.0799799609098345,0.205537612109637,0,0.00027375677500684,0.00100169247038368,0.00892603958616553,0.0275952662194949,0.00885292777757778,0.00136604591891426,1.5669908474101,0.000302692434898823,0.0126815220785178,0.0172416784807422,0,0.0131028897381646,2.45305299794035,5.39586629777173,0,0.000459479834934662,0.026321353672355,0.0392892792444693,0.120617819611553,0.00824996381959288,0.0599691221338558,1.93061252856197,0.608171590843241,0.00687396968543935,0.0308522134854139,0.0172081075290674,0.00793168167456197,0.0024100108571826,0.00781856813723592,0.616585753368628,0.00197950308780675,0.107024511144255,0.23693457694319,0.954058858836284,0.0881215890333095,0.00531688541028621,0.00213614850689193,0.00269847002473453,0.0110997557954982,0.0180293517895483,0.0355952158985588,0.0100237083346096,0.00132299415161102,0.000344769361051555,0,0.00117848933591768,0.0287611176856854,0.00416630171925622,0,0,0,0.000274856305730247,0.000166215507400055,0.000548833669228855,0,0.00540412794799331,0,0.0183411230539008,7.447114695254e-05,0.000117604483342673,0.00291162599305067,0.00855373414390799,0.0284661304574439,0.0498647359374658,0,0.00288089450648696,0.0051865844139552,0.00212157055872834,0.000740700822250954,0.103406524138016,0.0462357114710847,0.0635239096245687,0.00060720442768474,0.000254857671087172,0.000904998760627163,0.00637064154271289,0,0,0.00700308020556783,0.00116673953252887
0.00890243009846913,0,0.000455512651639769,24.554693985423,0.00425462774109259,0.282182043539373,0.0273553106335222,0.215750910487473,0.97636585721329,3.93859948175752,0.00574162080785822,13.4418253178133,0.000743508422609126,0.0477088375069206,0.038033947915489,0.000832535872501006,0.000697384071210748,0.00279899096097891,0.000459479834934662,0,0.00042722453901459,0,0.00113033897912179,1.08646158995194,0.00202769110635992,0.000465402641964652,0.00120342628945863,1.10695088610116,0.0648911418680226,0.000880832423620446,0,0.0124829024727587,0.00254568910212548,0.044484255172405,0.000154597105899322,0.0363660399230015,0.00068527791007222,0.0762794145508269,0.0227982569736809,0.466020535481508,0.0426760373343154,0.000580195072831025,0.00348189532054651,0.000157446473840134,0.00490627608116,0.00295290843455726,0.0409856117767679,0.00101987114742322,0,0.000949656148084288,0,0,0.00725033274040962,0,0.0152181868222738,0.00876601968283003,0.0162901177790686,0.0817174504016513,0.026227170015706,5.70451734822957e-05,0.0139086218700783,0.000257695603288463,0.00271665364072594,0.00447596586868835,0.00130163215098265,0,0.000178201549636646,0,0.0157411012087291,0.000131767847050335,0.00097981800223948,0.00067917166220973,0.0349860675671616,0,0.000229668947028967,0.000682873002938339,0.0282264619156988,0.00489559358067739,0.00095285232522435,0,0,0.000579723021630365,0.00230540157941816,0.000107412529348118
0.0835390073809528,0.00159602413052519,0.36270132864141,0.000187453450622689,0,0.0132250881295038,0.214188193999917,0.180629690222227,0.011001084987289,0.0109785468896699,0.00136001960484067,0.00106502638761743,0.000943091636434728,0.108017809784496,0.00553144385089833,1.2482260590161,0.134560235423118,0.00292402226862436,0.026321353672355,0.00042722453901459,0,0.0553751183706202,5.20518525858632,0.1273161623544,0.00040409695183825,0.0410445227612754,0.0892815943398564,1.04313503021047,0.0700463519543044,2.27649204482819,6.47677701223325e-05,0.000890713549571648,0.0216913883392038,0.670340259769959,0.0271554140159546,0.413766755310436,0.0283180880197963,0.793149610465861,0.244103960277412,0.0625266807611226,0.0224554231848546,0.000492831065272134,0.0168604371508459,0.00706201743764425,0.00644940570625586,0.00292289930682377,0.00314432597923403,0,0,0.000806877807074124,0.000729518215241025,0.00129681706053151,0,0,0.000113070300483853,0.001426144126294,0.000892354949088382,0.00323437239441891,0.000112343863609149,8.16336904759796e-05,9.64740596737018e-05,0,0.000497074975674284,0.000172212371228714,0.0328168085483503,0.000582814448761822,0.000135310640396574,0.000197784171289406,0,0.0269389832422904,0.0168557691932309,0.0114003987594854,0.00766394362193515,0.000441880289452727,0.000331517126684228,0.0079219974434573,0.0125140111271889,0.00106542932968563,0.00933178224294863,0,0,0.000383740372256804,0.00214001414804123,0.0152671549134249
0.00832819283316305,4.25074429961483,0.0366901968467813,0.000374910672185126,0,0.00196352708942482,0.0273530134073053,0.00687347889796648,2.51386437428626,0.00231722025045527,0.0105635863371695,0.00254768742557143,0.0349467628493019,0.0043582095288404,0.00465588976288355,1.66624981914046,0.0577853395101413,0.0283755384431998,0.0392892792444693,0,0.0553751183706202,0,0.0972458826397383,2.691659649774,0.668280123940755,0.0251513069538227,0.741815010015773,0.109378475048772,0.0211432167349003,0.0975908387514694,0.00688820240119267,0.000517928373496193,0.0253329956351468,0.0948322341011735,0.00967653008211226,0.478795389331128,0.164650135923113,0.307026879871323,0.17816272984051,0.0358276176965157,0.0110747423102874,0.00336280961024601,0.0835293021232728,0.0589831471103475,0.0453675180946645,0.0431404129194357,0.0107254820806937,0.00175932199126351,0.00180578319040187,0.00541794275291921,0.620923682635868,0.0457541590009062,0,0,0.000545801984630583,0.00225661248301596,0.00177164032046129,0.0652147261142001,0.000382638855347356,0.00220802176551314,0,0.00828063966981211,0.00220613359108111,0.000158878779162819,0.280354176292892,0.0155974816308871,0.00163660040236908,0.00892401330622884,0.000435587315429996,0.0561602190338123,1.06959182940281,0.0880945892028718,0.0174099268406741,0.137498106091095,0.00837201958200233,0.137399526652391,0.0164080805296719,0.000974924294890208,0.0163201084517829,0.00101398095319422,0,0.00101201012616119,0.00962567615526023,0.0083968587779331
0.126230967084036,0.00825713212414064,2.96992206756595,0.000162840231634374,0.000130997191908275,0.0130093051923144,0.224800974104159,0.228598079253662,0.0188927801247648,0.0112669705346302,0.00316273855834826,0.000989257410809034,0.00158112666045581,0.151250771048749,0.00334198175580222,1.8839462946031,2.35259015718179,0.00979349711559803,0.120617819611553,0.00113033897912179,5.20518525858632,0.0972458826397383,0,0.0962268090118898,0.0027283503880973,0.212088263953212,1.48775426712931,0.457399587858073,0.0863089743470331,0.420082344775172,0.000293512680154018,0.000438632865779343,0.0135510980839899,0.652559086384488,0.0643517357270893,0.684918422368445,0.366817190119815,1.14390431383061,0.616572790524864,0.119425911422569,0.0320297898000311,0.000708580439059922,0.0410016198833233,0.0194792804889762,0.0239879446039115,0.0157773919642892,0.00404592257653389,0.000447569398496649,0.000136622587362981,0.000589040344359865,0.024870726048498,0.0136408450767112,0,0,0.000139569409047535,0.00291295831078526,0.00123267336315978,0.00388942418924915,0.000348545594373358,0.000569917859207328,5.13060113896749e-05,0.000773679544192292,0.000556958938312414,0.000420983915436345,0.0683552632286206,0.00287671689666413,0.000464064290800907,0.00160441929992576,0.000189126310524158,0.0159017222541847,0.0548896247176159,0.037930682114428,0.00762800984038307,0.00705784354096558,0.00235922180560532,0.0839490720831967,0.00971444464072751,0.00181554464971059,0.0056013565751594,4.22475201372102e-05,0,6.15208173179844e-05,0.00405034618630255,0.04448772027477
0.066681016815628,0.146318685204903,0.0210803060044479,0.948401804135643,0.00126654588142661,0.0606968916117852,0.400318526683605,0.143926710566868,4.57276234228302,0.262687369639182,0.00504526360260995,0.602425794718675,0.00251188149490472,0.0601743177031835,0.022307767824311,0.998264376717225,0.0327513345532645,0.00294199864747191,0.00824996381959288,1.08646158995194,0.1273161623544,2.691659649774,0.0962268090118898,0,0.0294818363536159,0.0116364617514087,0.303206446163391,3.43188348015298,0.195083205719635,0.219301451182299,0,0.00656831087287267,0.0749908896823878,0.12938232675576,0.00824169108497089,0.385033809671194,0.0566129111029301,0.246368964121678,0.0777601659872761,0.258084058878042,0.0454089955271631,0.00033641560772277,0.0567380101731394,0.00922922752508531,0.040832652799301,0.0174407332015818,0.0915477268303825,0.00660164938428336,0,0.0131510575539879,0.01209265196538,0.00924626639592497,0.00342112292908256,0,0.0197888610256601,0.0487949593654333,0.0432829961162314,0.241379187288031,0.0301966532627807,0.000475835724582917,0.00930064937629516,0.000212499604944476,0.0192685379466336,0.00173839586187914,0.0587298284399757,0.00437968386226041,0.000311474186812028,0.00142568012344616,0.0123186776962381,0.0423978220592107,0.0287471484636182,0.0225149715973562,0.141750606676099,0.00399684281051924,0.0019886301091618,0.0252030215008277,0.147621156238121,0.0343510934898549,0.0477774830581767,0.000194016301428956,9.30126858171669e-05,0.00738317893231751,0.011363126801159,0.00457838489930188
0.00066994752912353,6.91701956851762,0.00315743893443841,0.000121980981978489,0.00253723275794702,0.000664887225742004,0.0005703361319278,0.00128139544901981,0.0436087155763085,0.00102230548323546,2.42972530716782,0.00100813455795046,2.51987546956637,0.000976786691669678,0,0.00949715537634621,0.00656064315646192,0.750003307217647,0.0599691221338558,0.00202769110635992,0.00040409695183825,0.668280123940755,0.0027283503880973,0.0294818363536159,0,0.202523983395848,0.865660743580982,0.00151406067824168,0.0139630098961468,0.00125966412506963,0.329735981034209,0.00853929732285365,0,0.131385832502964,0.000249801193395284,0.267464531006558,0.810833096376682,0.527661637468377,0.124904081281576,0.0138887688074296,0.0259295947790345,0.753750044788886,0.0797911387722725,0.0293912658046161,0.0460363714844526,0.0167794709614578,0.000304845293976307,0.00290282212539205,0.00500771218584633,0.00169223494960932,0.231059264295954,0.00546416779078952,0,0,0,0.000318273198723074,0.000153457111457694,0.000815126041167824,9.54328835091039e-05,0.0510282595464921,0,0.0858108174188007,0,0,0.000644055210786738,0.00667198838939544,0.0679042833673134,0.0417167840249127,0,0,0.0406316411236497,0.000933198350059389,0.00112075787639994,0.966510692447468,0.0416441099887238,0.0565384809480757,0.000131266632298902,0,0.000474367088858792,0.0504309927617337,0.00021756046212737,0,0.0106950647679193,0.000323786718885092
0.0156282024816468,0.0271811746759322,1.92443641513388,0.000153843129747153,0.000273065327120582,0.00321143114616107,0.0305467218705572,0.0383491522305575,0.00509933792202402,0.00250657952901445,1.06032749585626,0.000529078695653067,0.298350899693978,0.0227909429950663,0,0.0092705378182394,1.02065689753558,1.27347621236402,1.93061252856197,0.000465402641964652,0.0410445227612754,0.0251513069538227,0.212088263953212,0.0116364617514087,0.202523983395848,0,2.96293622294935,0.0142184636175738,0.0232168947227088,0.0231939341583712,0.402442633763719,0.00227669736588981,0.00156544912197243,0.12605204832784,0.0029224721424086,0.0727160034742389,0.20878903194092,0.338710164784193,0.0474247575135341,0.0057584378351317,0.00300731191474389,0.00723798649909158,0.00958955740881826,0.0143344855348481,0.0342737382260099,0.00749402783943301,0.000775466058670155,0,0.000111076713598215,0.000443126278143478,0.0267687218634037,0.00823382838667201,0,0,0.000121418537851103,0.000366633363359983,0.000368688925134595,0.000574813602326814,0,0.0102310441303678,0,0.031503935361823,0.000751166359377414,0,0.00354176573938339,0.0100518021348378,0.0250531724819872,0.0393313952259791,0,0.00315194606360933,0.006840978805465,0.00333138009673341,0.00118101662134641,0.0731491139593667,0.0637041011597854,0.101355179972266,0.00156041177551472,0.000584923478007772,0.000890800361643831,0.00733413269558853,3.7764140624042e-05,9.5553980148491e-05,0.00747157662965835,0.00134075602698014
0.00968654400519377,0.968633650657978,1.89108279687653,0.000240401096166186,0.00053541330092167,0.00431584071197491,0.0927462148242097,0.0306467398010438,0.120579742678349,0.00695149036294102,0.22855380164806,0.00163787599184004,0.871792571566874,0.0167410891839789,0.000953739221752256,1.09737405428161,0.852594962911971,0.3142895407836,0.608171590843241,0.00120342628945863,0.0892815943398564,0.741815010015773,1.48775426712931,0.303206446163391,0.865660743580982,2.96293622294935,0,0.199133990075115,0.0256189806545901,0.0478215018766481,0.281993074553551,0.00218845896412029,0.00659465040274894,0.604636434791188,0.0516188927874221,0.785580927078033,0.636843916321475,1.56726360273078,0.459542470697398,0.0330181792630742,0.0103348264225861,0.00498341124312382,0.0860804396963364,0.0879768205499949,0.141651415579171,0.050517937296033,0.00813485371315685,0.000489883759913451,0.000814570757323285,0.00323899454784242,0.214744933743709,0.120290291536726,9.01893611539241e-05,0,0.00107191585833145,0.00859452381129009,0.00587792697257695,0.0093726218754062,0.00111545927971561,0.0237616283977141,0.000111169875048158,0.0628331866436677,0.00691041647589276,0.000220377341070405,0.0368781334640493,0.0632330341281044,0.0503489454384116,0.104187806343655,8.34280594581476e-05,0.0104865859689707,0.0915250608609628,0.0684455248289473,0.0187948512371836,0.243005344022498,0.204262044122675,0.599053491386178,0.0111927213270982,0.00438029832143474,0.0128204161572179,0.0131943826802267,5.26232052316844e-05,0.000143618080285175,0.0403346694998814,0.031190953924511
