0,0.000956372485487992,0.00923873241157887,0.00860655691788004,0,0.00232573436726335,1.15400846536323,0.0304987102305714,0.050128609211796,0.011356539013071,0.00449139426525732,0,0,2.5487007168689,0,0.00310779279753451,0.0459288799035818,0.00892994677419878,0.0421430051442729,0.0240387170525539,0.00746548965150281,0.00393436517747071,0.00717623250700698,0.0379812834822436,0.000105675524970163,0.0174162155697205,0.00856291111010922,0.0373747121771259,0.522895470984832,0.350411149871112,0.000204619991474786,0.0010512181193133,0.0718171274645945,0.0694708180145753,0,0.0107090489229439,0.00075901577484271,0.0388727628393658,0.00937626267241789,0.000493052099701161,0.000178725284326303,0.000492463697701468,0.00278184033453944,0,0.00400206410673816,0.00281509372272389,0.000527901368542033,0,0,0.000323338412697471,0.000106080273853122,0.00052197676398592,0,0,0,0.00140504913400522,0.000228092046935906,0.0126629551450098,6.52307997578844e-05,0,5.85102909699746e-05,0.00012370855154315,0.00100301818659264,0.000111876995228349,0.00147965382291246,0,0,0,0,0.000267060426974275,0.000164726085542844,0,0.00880708575013806,0,7.34595939950252e-05,0.000257613273467411,0.00953561933905475,0.00176598569716326,0.00119049084705973,0,0,0.00044155287882112,0,0.000127907352355965
0.000956372485487992,0,0.0302616069396154,0,0.000467421952418522,0.000103210072979617,0.000940368662260598,0.000673385900322385,0.171621748125678,0.000167741332147284,0.0580434168504894,0.000141393094957821,0.0813184114345608,0.00134025189849494,0,0.0522177975940232,0.0219023493811781,0.0140669771710317,0.0240432646278263,0,0.000970422169279786,1.77576912783171,0.00276765551397926,0.0680817769627844,1.23853467256713,0.0675979392244751,0.919215259223364,0.00534659318797912,0.00200075031993996,0.00180778715506009,0.0481583751245992,0.000324480989964791,0.000986386381088191,0.0331524378757035,0.000400305073555723,0.0127218278494039,0.144980835694678,0.0724110522396119,0.0162570637886585,0.0011030458996033,0.000269467276920203,0.170035007356643,0.0322308325885027,0.12718748383751,0.057681219707961,0.015603492096445,0.000386942500445082,0,0.00431623109775223,0.000755238696214716,0.881277356733772,0.0887844818578208,0,0,0.000215737911083882,0.00224433355178246,5.88907740414757e-05,0.0063486915987654,0.000265184345651063,0.00294984845930633,0,0.0106729938719613,0.000783285661239259,0,0.00791559578426568,0.0421898593894475,0.00274496587117756,0.0293487300759344,0,0.00292563559857053,0.0681838481488879,0.0108828794317959,0.00348290478703555,0.0311924214183819,0.0864881946244757,0.240469433278839,0.00305370918037995,0.000564030941387334,0.00233625420511105,0.00656501578251301,0,0,0.00592003177077934,0.000636985388491793
0.00923873241157887,0.0302616069396154,0,0.0020375043558897,0,0.0016749145708262,0.181886063141958,0.00920317629494882,0.0072269154296138,0.0130265320841301,0.00689197513765729,0.00019597691408272,0.000744504004264063,0.014710448256308,0,0.0282468805141302,1.14905601090237,0.00577639049019253,0.0695894398130403,0.00110562445468894,0.225400815501768,0.0364804515542591,2.43904999967017,0.0317910572082266,0.00063026691310518,1.3975171553489,1.45022064682106,0.266566136556618,0.00491617222705002,0.0628261424242675,0.00153092443675661,0.000177723107582055,0.00194938852253634,0.169828281126677,0.00316648921460854,0.0889590050855564,0.0803250245923471,0.308688823694174,0.0463914927934222,0.00286867279025667,0.000176982441438961,0.000276114436411447,0.0146812377218045,0.0237003309269813,0.0193760618013051,0.0051335147394631,0.000232589033963195,0,0,0,0.0159032441649589,0.0755991072987013,0,0,0,0.0016602955683165,2.98877814578161e-05,0.00159584656282091,0,9.04341237141781e-05,0,0.000180381792647656,0.000850036044416119,0.00119842398485823,0.00179593668163838,0.0129359703059189,0.000558798042486068,0.00140755341115805,0,0.00146012981414089,0.00969522716639405,0.00795911891857741,0.00178208054628572,0.00091270442036009,0.00678828563892138,0.0981632025723534,0.00234860235099799,0.000421168355599908,0.000858161671826662,8.51614318923798e-05,0,7.45826832301844e-05,0.00118339076337393,0.00260408903086657
0.00860655691788004,0,0.0020375043558897,0,0.000303976491443669,0.0219313755718202,0.0975811152604645,0.0139285375426719,0.110250230924293,3.04417437945699,0.000406615055195275,1.9784312111461,0,0.0181271854081475,0,0,0.000437473295082823,9.11264983958658e-05,0.000190955944104457,10.229092906736,0.000196219909337288,0.000734000167937805,0.000376223956605197,4.02839756886562,0,0.00157343210457962,0.000147698627339784,2.61426825268151,0.0103291160094419,0.000413611133306055,0,0.000547404430209612,0.000764293109534197,0.0116296298157399,0,0.0147858014504754,0.0014434966102964,0.0241911577378045,0.0131274009641931,0.0003082968614746,0.00115681135944446,0,0.000171299280019226,0.000110212752863631,0.000260055723411309,0.000539732746265013,0.000180709841216112,0,0,0,0,0,0.234545246105151,0,0,0.000190138019260283,0,0.000507868982140433,0,0,0.0501751523037087,0,5.79825500314143e-05,0,0,0,0,0,0,0.000210001865954403,0,0,0.000963758426078331,0.000102518812478596,0,2.98414360312763e-05,0.00279451773598895,0,0,0,0,0,7.85055112304898e-05,3.86289545669321e-05
0,0.000467421952418522,0,0.000303976491443669,0,0.435900340115837,0.000245074448865392,0.750016492062176,0.000977793294460755,0.000876988521897881,0.0100945165926695,0.00782637989709558,0.000574529800949903,0.0111167188359714,0.0848315921191255,0.000154365147234437,0.000168892849688046,0.00120066386686679,0.000791736510611856,0.000161898366374091,9.3736388803882e-05,0.000328326378709509,4.65620887556365e-05,0.000785622209430091,0.000584939215264504,0.00212200600934177,0.00118947760986847,0.000435498966275153,0.0514075783787066,4.54165782415202e-05,0.00025701314505179,2.26689614546999,0.00124093595619122,0.354947824795421,3.48144223270633e-05,0.00240377804863925,0.0064176699013977,0.129740222367174,0.00949107720238824,0.359261257477624,3.00198643634827,0,0,0,0.000197320701158403,0,0,0,0,0,0,0,0,0,0,7.23947884078147e-05,0,0.000169570860639969,0,8.19180530826436e-05,0,0.000178383147507327,0,0,0.000698260742032657,0,0,0,0,0,0,0,0.00035174966743216,0.000328553241016466,0.000118436802264105,7.3778625789053e-05,0.000272517826744773,0,0,0,0,0,0,0
0.00232573436726335,0.000103210072979617,0.0016749145708262,0.0219313755718202,0.435900340115837,0,0.105941384406656,1.93073513545708,0.0137416822696122,1.25100024174846,0.00316577510597453,3.81507368166144,0.000187462935469342,0.0601537855818651,2.56735281660434,6.67877426393879e-05,0.00108919274469234,0.000171315021761953,0.00080103639861467,0.133085314978416,0.000350259799461263,0.000265037688576867,0.000692052199725165,0.108290119397587,9.12640373274196e-05,0.00313969816507089,0.000913422246253471,0.0687133282606363,0.0693028145049949,0.000577930976980624,0,0.193000656231855,0.00064617393482249,0.0361355242063909,1.4882958480495,0.00760467819325795,0.00131439394538015,0.0511407058125099,0.00706594916254921,0.42170898607878,0.0488750286598055,0.000188529812219093,0.000743990938993663,0.000625401298529631,0.000509963005099529,0.000246186639159499,0.000133265046228067,0,0,7.59759627343248e-05,0,0,7.87061004596003e-05,0,0,0.000439303078902342,0,0.00203016004459443,0,0,0.000236396143326731,9.43377548140666e-05,0.000303763088993422,0.00077440925085381,0,0,0,0,0,2.72229743333782e-05,0,0,0.00134932555774135,0.00010027707901027,7.8954723775762e-05,0.000237924094991046,0.00085446365519664,5.79186832688353e-05,0,6.78567659410977e-05,0,0,0,0.0120673871219127
1.15400846536323,0.000940368662260598,0.181886063141958,0.0975811152604645,0.000245074448865392,0.105941384406656,0,0.303643062232896,0.0476575694610329,3.18350089406578,0.00602306632217455,0.00411624100372701,0.00022742488236894,0.863192355154106,4.87363559805495e-05,0.00425979689125258,0.110413251132331,0.00610658102376567,0.0428372398029737,0.0995749594610732,0.0650280784407282,0.00440857511200415,0.0959241837407724,0.362322923713944,0.000391261372559014,0.112446652588473,0.026470763189818,2.95544608971752,0.175169052739702,1.57474868823227,0.000403725099586785,0.000824504623832964,0.0290886292859189,0.0767819915557408,0.000585956267003879,0.0401706371099524,0.00563084482104902,0.100509367796531,0.0219663773912789,0.00288284553632272,0.000832912433757826,0,0.00288316132074033,0.00104044527630389,0.00337002498556575,0.00163938101428067,0.00135815556917534,0,0,0.000379357389124479,0.000364840174757984,0.00102088477396307,0.000574266710995589,0,0.000182307867211428,0.00194233376631357,0.000101821043385401,0.0116303243721953,0.000211579075930085,0,3.12697879864174e-05,0.000135595314359618,0.0013966465549646,0.000185932114266197,0.00417573663762218,0.000103305596437587,0.000142710590836315,0,0,0.000446304973880211,0.000942157882274701,0.00103066580215118,0.00765983068329569,9.15394191126585e-05,0.000382015311275979,0.00270767623244313,0.0112751844025136,0.00181215093893119,0.00133402359299201,0,0.000204686329486714,0.00101409194606163,0.000646379133391838,0.000430501744331377
0.0304987102305714,0.000673385900322385,0.00920317629494882,0.0139285375426719,0.750016492062176,1.93073513545708,0.303643062232896,0,0.0251531646663025,0.371063681860516,0.00799888743082684,0.0268336083427067,0.000538365828188023,3.43420692347118,0.056966304223907,0.00101552607263989,0.0195446287843155,0.0022736602971437,0.013492303096769,0.0975927735926188,0.00298475222083245,0.00154758563514122,0.00521803314909253,0.0527517230983931,0.000334983099891617,0.018238257891863,0.00666570598996913,0.0421894476690235,0.231055370937292,0.0170755803481191,0.000351057783109431,0.142036786955484,0.00304291865116797,0.068727146290441,0.00357355901786305,0.0153826067729377,0.00316137376166962,0.148380850705599,0.011864512477256,0.170721025262172,0.142263568987906,0.00118089809823593,0.00183039174229404,0.000641203722431968,0.00248772188095681,0.00140175847034429,0.000427239384534332,0,0,0.000171906997745455,0.000131479285735758,6.31689172581398e-05,0,0,3.09917403383579e-05,0.00110867481924466,0.000143961039773426,0.00446354444460811,0,6.34526854540384e-05,0.000130349591080973,0.000435581128375946,0.000676098634004221,0,0.000319028543864486,3.99966600848553e-05,0,0,0,0,0.000149810622153967,7.79454581993895e-05,0.00488953809513906,6.2075356034131e-05,6.17433253262602e-05,0.000345281455515686,0.00752373655849881,0.00164483088873706,0.000592725367673574,3.90153950171595e-05,3.01585199223922e-05,0.000357454885454935,0.000432043402880968,7.91358835927004e-05
0.050128609211796,0.171621748125678,0.0072269154296138,0.110250230924293,0.000977793294460755,0.0137416822696122,0.0476575694610329,0.0251531646663025,0,0.0179556337515721,0.0098680286680686,2.61212831887457,0.00865063277009686,0.0610269782526266,0.571157882513321,0.0163310873742878,0.012250859120619,0.00307069475620469,0.00539025823061194,0.32155289527377,0.00245831138561268,1.50423154101072,0.00345891484477169,4.48270573593718,0.0302962223817014,0.0163473927125206,0.0873616531961873,0.245294637945237,0.076384943780704,0.055193368000957,0.00888438105668857,0.000565585185296003,0.108511870017817,0.057007782425265,0.00112230951440814,0.087899779294636,0.0225155138362011,0.11772229415653,0.0766978986399197,1.52039548614988,0.000466716006804282,0.014434727721093,0.0288422906303907,0.0046153103424755,0.0417991713879421,0.0348739915221317,0.0216221777681308,0.000720407159968128,0.000898435422841022,0.00576914711112555,0.00944452315088107,0.00356948682359148,0.00109418965109388,0,0.00196654070584057,0.00981859024188519,0.00139761332733392,1.03831739705023,0.00166140698964697,0.00067751513134529,0.00539751079619159,0.000893760439847139,0.00824614397522046,0.000230745073492342,0.0103438360710165,0.00142620129699301,0.000162158851591918,0.000393041647363464,0.00274819222593838,0.00236899580553524,0.00996220116204362,0.00213571500767701,0.08124924306947,0.00058560981673084,0.00183466294933723,0.00438564558080427,0.0679292479895821,0.0139908207393031,0.00971830144571079,0.000941624604260671,0.00203220376052341,0.0102211022737536,0.00596868896942644,0.00105924077066589
0.011356539013071,0.000167741332147284,0.0130265320841301,3.04417437945699,0.000876988521897881,1.25100024174846,3.18350089406578,0.371063681860516,0.0179556337515721,0,0.000870368919156556,0.336409584447697,3.19407383742787e-05,0.09121085836738,0.000286593399934975,0.000216449324719116,0.00482719767002269,0.000158944456321142,0.00166509905896748,3.5156281510985,0.0010784924847784,0.000588215258079972,0.00479102505147868,0.171528990745412,5.16687727728133e-05,0.00954620985836785,0.00156054889244047,1.67293226818173,0.0224081549476699,0.00245579747868407,0.000107451656647719,0.000565637158773867,0.00056831290498468,0.015634651588361,0.0633835657160105,0.0149891081657792,0.00120473826664105,0.0227144737919076,0.007364889242957,0.000321483255498846,0.000306693981474113,0,0.000452317580208081,0,0.000627434171246149,0.000344498059299891,0.000429123715553752,0,0,7.42262940523486e-05,0,3.95788978591453e-05,0.0358764220668339,0,4.51502976125048e-05,0.000425497107170345,2.7310583009664e-05,0.00136184386362226,0.000131343580799142,0,0.00151116736951943,0,0.000370940927066143,3.89106572979631e-05,0.000153053611314517,0,0,0,3.90566679843414e-05,0.000155843264773724,7.53800011448862e-05,2.25120055823969e-05,0.00134142813768341,0,4.58365213550881e-05,0.000225193454631211,0.00108244480794082,0.00023385267503019,0.00010233385170766,0,0,0.0002471827618208,9.52208357564888e-05,0.000343904740351941
0.00449139426525732,0.0580434168504894,0.00689197513765729,0.000406615055195275,0.0100945165926695,0.00316577510597453,0.00602306632217455,0.00799888743082684,0.0098680286680686,0.000870368919156556,0,0.00108891684373907,1.94504728471399,0.0181655697552262,0,0.00136729272580281,0.0326175955791828,2.09555632592844,0.622967985907205,0.00248119306462078,0.00248755832342346,0.0222261324741323,0.00600240782720398,0.00510762357118065,0.798616109770218,0.881875942470692,0.136572868414601,0.00371797485803085,0.0383411904404431,0.0036098365217058,0.721935447721006,0.0356592299072289,0.00278102962708097,1.4235138643407,0.00023498812264438,0.0308127481763218,0.773960876904695,0.842832109707297,0.0549386898604964,0.00179130699578383,0.0237133357104338,0.14381790299383,0.00193327305232447,0.0522223847650687,0.0227437083641368,0.00128144883850855,0.000112064049962488,0.000482350325158169,0.0103948354433437,0.00017034350764741,0.00336224425847011,0.00132027305027874,0,0,0,0.000933383837913249,0.000122838029734161,0.000672048755002689,0.00017285633773427,0.0435105873191647,0,0.156750909876844,0.000475044017680632,0,0.00050939096814806,0.000634642222886068,0.00825717240832037,0.000820868566512855,0.000190068212616547,8.96799145078705e-05,0.000781602171455703,0.000444740802939552,0.000210684019864096,0.10263244380235,0.0383325830566835,0.0317718556359014,0.000782744220004998,0.000459212401826107,0.000225680010511683,0.0419922772519791,0.000396932974372756,0,0.00319116713427987,0.000455066212751756
0,0.000141393094957821,0.00019597691408272,1.9784312111461,0.00782637989709558,3.81507368166144,0.00411624100372701,0.0268336083427067,2.61212831887457,0.336409584447697,0.00108891684373907,0,0.000166638876558813,0.0277918845897165,0.335511095025197,0,0,0.000162759997521789,0.000426442979801025,9.29228289163104,3.311771950263e-05,0,0.000217210801028295,0.726123083083798,0.000104622638157849,0.000336184293465072,0.00040678460608674,0.0118186078678928,0.0272302994425626,0.000243062870216041,0.000188039540502307,0.00469641481775157,0.000569224770735175,0.0286314893187647,0.442383671624655,0.00377341132925895,0.000257624554574589,0.0398257914290312,0.00441631701820701,0.335217789250752,0.00459832181222777,0.00076136132104921,0.00112958610953844,0.000174459539828397,0.00288218018427585,0.00136774853837806,0.00343099839597165,0.000200705886522361,0,8.64961236145094e-05,0,6.62144819108092e-05,0.0415169751601243,0,0.000250333041731897,0.000721219899303179,0.000225407913977667,0.0033473537353299,4.90800144028634e-05,0,0.146668149084744,0,0.000574696320377338,0.000490292118335556,4.1008764944924e-05,0,0,0,4.8407951298568e-05,2.25817019060691e-05,0,2.45255441533045e-05,0.00263979294364953,0,0,8.63347503023025e-05,0.00131825684581651,0.000518319670130751,3.27660782928618e-05,0,7.69356562899874e-05,0.000423024515099332,3.46820709432082e-05,0.0308183141420531
0,0.0813184114345608,0.000744504004264063,0,0.000574529800949903,0.000187462935469342,0.00022742488236894,0.000538365828188023,0.00865063277009686,3.19407383742787e-05,1.94504728471399,0.000166638876558813,0,0.0013536566037481,0,0.00253920430113425,0.000352793550219667,0.00836221119934583,0.00532478475567324,0.000231663341960352,6.54556129906368e-05,0.0301952305827365,0.000111290714446533,0.00349454050803515,2.54177304363548,0.305498101618983,0.473999718138507,0.000660501397415031,0.00235551500055432,0.000107038580228706,0.888828664054356,0.00207063320321689,0.000181206229124159,0.0341307897243721,2.33283531555486e-05,0.0687545160465313,0.37821417418796,0.162930024877465,0.362987339811169,0.00140854568638719,0.00806821948312327,0.671637048978616,0.0372269168733047,0.0561097927307349,0.0178552587137746,0.0779853102543071,0.000197708248937386,0,0.124761399629319,0,0.00417495109497104,0.000294711640097974,0,0.000201728576944074,6.17183765259698e-05,0.000389848664440969,0.000101491126686018,0.000423166039921497,0.000228279023630712,0.0640957273957506,0,0.771571501647767,0.000468280792064301,0,0.000463552466870054,0.000125665261094636,0.00488951287443964,0.00116089650907515,0,0.000176315962634807,0.000576017243107367,0.000374523742484234,0.000763626761740659,0.0881824300244931,0.0212237320083119,0.0264335908022117,0.000295206879366912,0.000383752310053079,0.000112921287194391,0.0439265000731206,0.000244324073491105,0,0.00238657834560214,0.000105861152479635
2.5487007168689,0.00134025189849494,0.014710448256308,0.0181271854081475,0.0111167188359714,0.0601537855818651,0.863192355154106,3.43420692347118,0.0610269782526266,0.09121085836738,0.0181655697552262,0.0277918845897165,0.0013536566037481,0,0.00284292045744015,0.00287341837606012,0.0413884133264464,0.00428076525550173,0.0317557613659039,0.10624758036441,0.00834626861135779,0.00341170731867996,0.0107052610343195,0.0937604201875231,0.00117416528234898,0.0359916386640328,0.0152970403613189,0.0737289973913832,3.27777068023112,0.0990750997990286,0.000166805793093962,0.120200458047673,0.0169346506037663,0.216685278573988,0.00044246731530325,0.0224191894944396,0.0075434769134866,0.226355473003157,0.0177673470992498,0.0217194093186255,0.00859544804008778,0.00150273754599833,0.00311412616359507,0.000590677896146444,0.00582712068400533,0.00244419045857012,0.00114304617503589,0.000192423994813326,0,0.000394282344741058,6.49611192290898e-05,0.000381499866621457,0,0,7.00133394238101e-05,0.00289179235080997,0.000301500126483909,0.0146472868242947,6.16678228515175e-05,0,5.60757843813024e-05,0.00021042557988957,0.00201026883847015,0,0.00116127950168195,0,0,0,4.42187763800435e-05,0.000460388673990315,0.000647531458666798,0.000302521846900494,0.0112641543646765,4.78934968770744e-05,9.34028619166687e-05,0.000889427327327614,0.0192450741713245,0.00267528382926314,0.00253635576726631,7.99743851003509e-05,5.99666791877597e-05,0.00175501574038999,0.000472205975083171,0.000406482303609095
0,0,0,0,0.0848315921191255,2.56735281660434,4.87363559805495e-05,0.056966304223907,0.571157882513321,0.000286593399934975,0,0.335511095025197,0,0.00284292045744015,0,0,0,0,0,0.00049934796091124,0,0.00151144820592604,0.000417669658961986,0.00538601170199108,0,0,0.000533305965612859,0.000205385612260202,0.0106474368203925,0,0,0.0128917137081175,0,0.00287882801210978,0.139100174992402,0.00244361674298772,0.00224472039767855,0.00445767121431883,0.000782735763369707,1.93687507310429,0.0417323353751384,0,0.000203787004809532,0.00827226808755925,0.00258925501420123,0.00367355612471902,0.000966564289529161,0,0,0,0,0,0,0,0,0,0,0,4.42123626375121e-05,0,0.000245166169186808,0,2.96394667101069e-05,0.018622282470967,0,0,0,0,0,0,0,0.000216637254161208,0.000217809038082087,0,3.61283267496105e-05,0.000469834452278209,2.56916645375305e-05,0,0,0,0,0,0,0.0101141155368222
0.00310779279753451,0.0522177975940232,0.0282468805141302,0,0.000154365147234437,6.67877426393879e-05,0.00425979689125258,0.00101552607263989,0.0163310873742878,0.000216449324719116,0.00136729272580281,0,0.00253920430113425,0.00287341837606012,0,0,0.0204478934165731,0.000816627373544116,0.00334341168487081,0.000629498248229124,0.584483218890346,3.02477504391598,3.02762519993218,1.58301162672413,0.00322936527571358,0.00937113131622227,0.910513250677706,0.376616157490382,0.00457730510812493,0.0264685680530164,0.000803818641404942,0.000132692066850441,0.00773233653723731,0.0481303484066978,0.0135467195603377,0.421243070638616,0.206073554953021,0.28395527546138,0.187842938814321,0.0527534075222491,0,0.00100013486041759,0.0902962737875759,0.0582182595715306,0.0332490378281472,0.0421242388703317,0.00609113356752635,8.454187623685e-05,0,0.00242479682905225,0.00542218659342644,0.0117911993823399,0,0,0.000195775745237701,0.00141214947499088,0.000457091409954832,0.00953645200517327,0.000289842777704157,0.000416963309952854,0,0.000301891756969333,0.00230566738821838,0.00376668728223911,0.775567127584088,0.00231798513701258,0.000176856594944836,0.000388597218671568,0,0.0333134970788613,0.146608070073307,0.220908749446694,0.0338218895867415,0.000438451222923584,0.000950039115294428,0.0449950125089623,0.0399968800340366,0.00329757609211487,0.00693522121842656,0,0,0.00285626817999285,0.00129539324583692,0.0102955851874935
0.0459288799035818,0.0219023493811781,1.14905601090237,0.000437473295082823,0.000168892849688046,0.00108919274469234,0.110413251132331,0.0195446287843155,0.012250859120619,0.00482719767002269,0.0326175955791828,0,0.000352793550219667,0.0413884133264464,0,0.0204478934165731,0,0.0230319901873585,2.35275202721204,0.000209024040875291,0.111220053877545,0.0178148995165762,1.27962665854206,0.0193085399296488,0.000662173069163975,1.13067673462662,0.440224572381163,0.0714074424560858,0.0151558519339814,0.0940394868810598,0.0016266695040017,0.00057902581858226,0.0104906189478706,0.652137099555309,0.000316875600858652,0.00738968857352479,0.0155776657774579,0.0364884289534561,0.00509689697713181,0.000597957196515365,0.00036419963828793,0,0.00354869241384385,0.00573598566707641,0.00377528318303321,0.000834221629462208,0,0,0,0.000103402454927843,0.00910070641904835,0.0123711862146292,0,0,0,0.000170595858958586,0,0.00015842577133407,0,9.19706259713046e-05,0,8.53047020615075e-05,0.000425331419124899,0.000205200064906435,0.000919410018500821,0.00393996570807811,0.000196091146301966,0.00107504463560978,0,0.000548066109712992,0.00193093033203045,0.00174095845674331,0.000197099222570916,0.000802549914948915,0.00475052530333672,0.0209385418400258,0.000822697268462494,6.6890415355448e-05,0.000120009905914856,0.000244618124959628,0,0.000263628264707105,0.000365701382411946,0.000260640999174516
0.00892994677419878,0.0140669771710317,0.00577639049019253,9.11264983958658e-05,0.00120066386686679,0.000171315021761953,0.00610658102376567,0.0022736602971437,0.00307069475620469,0.000158944456321142,2.09555632592844,0.000162759997521789,0.00836221119934583,0.00428076525550173,0,0.000816627373544116,0.0230319901873585,0,2.94805054787785,0.000582780133600703,0.00223955991549782,0.00441360449465643,0.0028223089340288,0.00132615821452245,0.0447724191399321,0.750490883994383,0.0498690954294295,0.00226361484354676,0.0061845703905626,0.0037873828719185,0.0175031964768967,0.0059261463275764,0.00517473812750072,0.108245068832166,1.58477445478819e-05,0.00855851059676285,0.042255326352605,0.140454329538636,0.0144626003651686,0,0.00358379617272556,0.00461157600435167,0.000175955229890553,0.00754187662829416,0.00203663422184242,0.000259949704700248,0,0,0.000321687633212765,0,0.00134545212626612,0.000325977117069387,0,0,0,0.000200443072113598,0,0.000165149055760615,0,0.00137811882004618,0,0.00917941992490891,0.000139283027109538,0,0,0.000245273727266142,0.00186334217377287,0.00162891760125838,0,0.000255527557224972,0.000120518189671135,0.000197295023972115,0.00024906190111057,0.0199506399641621,0.010962145778718,0.0105612185957955,0.000102086676389218,0,0,0.006007589314584,0,0,0.000247462327358104,2.08680414347875e-05
0.0421430051442729,0.0240432646278263,0.0695894398130403,0.000190955944104457,0.000791736510611856,0.00080103639861467,0.0428372398029737,0.013492303096769,0.00539025823061194,0.00166509905896748,0.622967985907205,0.000426442979801025,0.00532478475567324,0.0317557613659039,0,0.00334341168487081,2.35275202721204,2.94805054787785,0,0.000629479183760566,0.0205408838698675,0.00725064087817601,0.0471480138688102,0.00510169640383174,0.0170479362724646,1.63102146361518,0.193332765892561,0.0219690231223203,0.024305178650469,0.0347015623158784,0.00708260530988588,0.00469978501299294,0.0147159158027536,0.733348021886487,0.000352466334135434,0.00856169982540139,0.0238896409709196,0.115012942205785,0.0116542268557537,6.67720788946713e-05,0.00167273632844188,0.000272694734168361,0.0010073561025235,0.013984158878662,0.00551450958013224,0.000629869369068496,0,0,0.00020944625641095,0,0.0035743254589824,0.00233036757323005,0,0,0,0.000217670077347023,0,0,0,0.000881557190351557,0,0.00376950731307321,5.17339068089426e-05,0,0.000880293212706046,0.000821370883241208,0.00139194741877389,0.00343132050269059,0,0.00021149839100712,0.000689701417735061,0.000146636000795384,0.000225978911001429,0.0112516464677891,0.011437260461774,0.0234230628675911,0.000216180522920364,4.02706610169654e-05,5.57073734047536e-05,0.0024578844524444,0,0.00011186446452541,0.000397459780360591,5.9205889077046e-05
0.0240387170525539,0,0.00110562445468894,10.229092906736,0.000161898366374091,0.133085314978416,0.0995749594610732,0.0975927735926188,0.32155289527377,3.5156281510985,0.00248119306462078,9.29228289163104,0.000231663341960352,0.10624758036441,0.00049934796091124,0.000629498248229124,0.000209024040875291,0.000582780133600703,0.000629479183760566,0,0.000266784011644551,0.000145377916550699,0.000265992987988073,1.45215275146824,0.000322506613870059,0.00126455180437966,0.00053712389230724,0.273216741150759,0.0803336393672734,0.00161134481059125,0,0.00589874632259396,0.00601161214381964,0.107785378133239,0.000472178438057998,0.0359446365910945,0.00152118097318552,0.133705134478823,0.0388397589631382,0.000699847489978429,0.00324637275064358,0,0.000612504720156824,0.000190292109512845,0.000642289010738151,0.000293536729510935,0,0,0,0,0,0,0.0434766274993065,0,5.4930263040872e-05,0.000259962745877449,3.2295014392432e-05,0.00213814430629922,0,0,0.104541761550791,0,0.000113387862500586,0.000307490512851949,0.000555948862901546,0,0,0,0,0,0,5.97760984335357e-05,0.00136746573372011,0,0.000203380971684258,4.82768583305281e-05,0.00145165638699307,5.3864204926687e-05,0.000219288902498149,0,0,0,0.000107709100252151,5.05520746946293e-05
0.00746548965150281,0.000970422169279786,0.225400815501768,0.000196219909337288,9.3736388803882e-05,0.000350259799461263,0.0650280784407282,0.00298475222083245,0.00245831138561268,0.0010784924847784,0.00248755832342346,3.311771950263e-05,6.54556129906368e-05,0.00834626861135779,0,0.584483218890346,0.111220053877545,0.00223955991549782,0.0205408838698675,0.000266784011644551,0,0.0212623155258363,5.05529047853777,0.0324568594202,0.000268224096267657,0.0446335568628915,0.0498913616999699,1.05618503542759,0.250373206084399,2.12738436266876,6.55607219445355e-05,3.46354655877939e-05,0.302993194284307,0.289654797688767,0.00868526627590256,0.176452890190326,0.0301481599434592,0.276109140106282,0.0747738983039009,0.0188468916437332,0.00012541959733449,6.56443781255345e-05,0.00980381097536486,0.00325399394018184,0.0046100178254932,0.00280350406462751,0.000682512011039675,0.000200697052120578,0,0.000699009787323875,0.000178280836299977,0.000772555302712892,0,9.1353386712999e-05,0,0.000527602078036725,0.000449598207758199,0.00196527393423069,0,0.000135201286818336,0,0,0.00140024845422337,0.000334451205568704,0.0369902511303226,0.000157938397547609,0,0,0,0.00450413095954636,0.0112593029801075,0.00743809991446803,0.00634276351622612,0,0.000147390251455675,0.0036181001973848,0.0142319304532132,0.00137839085702951,0.00242319078179428,0,0,0.00126744597695419,0.000410199317700797,0.00442424255024629
0.00393436517747071,1.77576912783171,0.0364804515542591,0.000734000167937805,0.000328326378709509,0.000265037688576867,0.00440857511200415,0.00154758563514122,1.50423154101072,0.000588215258079972,0.0222261324741323,0,0.0301952305827365,0.00341170731867996,0.00151144820592604,3.02477504391598,0.0178148995165762,0.00441360449465643,0.00725064087817601,0.000145377916550699,0.0212623155258363,0,0.0718702314082041,1.76311571414109,0.103956180250301,0.0271013648662088,0.968614502450861,0.0713536831352579,0.00431844890747449,0.00858427690251226,0.0157839581647282,0.000736340265490798,0.00939477976579679,0.0223995927088567,0.00193119378339649,0.070436293386563,0.0678439440889526,0.081161946840479,0.0407576121961753,0.00494300785123624,0,0.0257187434845017,0.0586528781401756,0.0563706053790103,0.0555153546084919,0.041997810021698,0.00578033979288564,0,0.000720075428845437,0.00093275763488098,0.166590274482751,0.110490339406906,0,0,0,0.00220785840470945,0.000345582511194755,0.00748650915189296,0,0.000534599400769881,0,0.00266980340719479,0.00168770773437817,0.00129645734475436,0.407454039845265,0.0212195886594946,0.000624903542794795,0.00175292295044472,0,0.0168971432208961,0.461768311084658,0.159491238153517,0.0181820777677193,0.00253339513471416,0.00523243535602532,0.247511817628318,0.0195739372622995,0.0011320931650756,0.00338743010315319,0.000594381639980462,0,0.00105313616891541,0.00150694109942043,0.00284669062938733
0.00717623250700698,0.00276765551397926,2.43904999967017,0.000376223956605197,4.65620887556365e-05,0.000692052199725165,0.0959241837407724,0.00521803314909253,0.00345891484477169,0.00479102505147868,0.00600240782720398,0.000217210801028295,0.000111290714446533,0.0107052610343195,0.000417669658961986,3.02762519993218,1.27962665854206,0.0028223089340288,0.0471480138688102,0.000265992987988073,5.05529047853777,0.0718702314082041,0,0.0383251077955021,0.000168435524786818,0.116187826758829,0.98150630974785,0.425885941997671,0.147565499731394,0.152715492307161,0.000201573290930933,0.000204036475144187,0.0541891300607177,0.325231468447243,0.0388026261074925,0.564998755325248,0.18682844700064,0.763168948460362,0.263018328230689,0.0854751556322594,0,0.000238652511028429,0.0392033949201012,0.0202163038692615,0.0113572233267544,0.0144226780027354,0.00265796983175107,0,8.46577244603946e-05,3.13735178245607e-05,0.00144657391475093,0.00976063595339306,0,0,0,0.000675276053946482,4.17067407117826e-05,0.00218559470557042,4.36852795553718e-05,2.66304009941226e-05,0,0.00010658481534226,0.000214577191604387,0.00359491981740459,0.15798066008985,0.00083415752123644,0,0.000115938101790682,0,0.00717428694213747,0.0274540490676315,0.0724638360960833,0.00899910982606352,3.01014471242144e-05,0.000578940230405586,0.0435035289125554,0.00847257487564762,0.00023846185560089,0.0015704189974465,4.3541192103631e-05,4.86923305504235e-05,0.000144356975262263,0.000146797575818482,0.0234377484249083
0.0379812834822436,0.0680817769627844,0.0317910572082266,4.02839756886562,0.000785622209430091,0.108290119397587,0.362322923713944,0.0527517230983931,4.48270573593718,0.171528990745412,0.00510762357118065,0.726123083083798,0.00349454050803515,0.0937604201875231,0.00538601170199108,1.58301162672413,0.0193085399296488,0.00132615821452245,0.00510169640383174,1.45215275146824,0.0324568594202,1.76311571414109,0.0383251077955021,0,0.00913762228845971,0.022865858763059,0.143682021931505,3.55951428075375,0.0870092942726892,0.0807000068305396,0.000586427812634882,0.00125539436274962,0.0415783292480329,0.0809009788860059,0.00444234015623311,0.138943509222641,0.0295057482168013,0.164611659710012,0.0552867163441462,0.0197820200451583,0.000421211380426691,0.00232382372109031,0.0596523912053777,0.0160914056723333,0.0617917922524317,0.0385339003818089,0.0112911339390786,0.000583717147904325,0.000207846388013352,0.005818017826813,0.00347315691886366,0.00506815644800407,0.0918818594217108,6.28672393023439e-05,0.00349938931902988,0.0185267134514556,0.00472226249677864,0.137102374410046,0.00265789133832175,0.000463675780905599,0.00194224570163333,0.000737114267106067,0.0183989160016206,0.0012323972917785,0.123933257040464,0.000876539822086025,0.000111008196303516,0.000377848848662432,0.00106683966533809,0.0108928999776269,0.03904509701757,0.0191589403828369,0.249593621857053,0.000474900075140594,0.00138178294404118,0.0111993099302851,0.151884408085532,0.0219095038523257,0.030366254233416,0.000164861068486148,0.00127068014370748,0.00921782296338642,0.00900664151727269,0.00400225677950279
0.000105675524970163,1.23853467256713,0.00063026691310518,0,0.000584939215264504,9.12640373274196e-05,0.000391261372559014,0.000334983099891617,0.0302962223817014,5.16687727728133e-05,0.798616109770218,0.000104622638157849,2.54177304363548,0.00117416528234898,0,0.00322936527571358,0.000662173069163975,0.0447724191399321,0.0170479362724646,0.000322506613870059,0.000268224096267657,0.103956180250301,0.000168435524786818,0.00913762228845971,0,0.176600802105158,0.660086016459298,0.000948490667412235,0.0014637295019397,0.000707516110219911,0.29187569435286,0.00210171536168261,0.000726567307169438,0.0426724174356226,5.18015251198939e-05,0.00500497934881797,0.61838706884627,0.167548291927237,0.0258633472212381,8.92128648926679e-05,0.00206663517813204,0.421893789309756,0.0023523941447468,0.0475949673700068,0.0187986827775118,0.00380865704063757,0,0,0.00958459132362491,0,0.0628433938050603,0.000330561397989194,8.87042336529167e-05,0,0,0.000238247238887048,0.000103945845306933,0,0,0.0263996575001012,0.000150679632352956,0.133612118826571,3.78650997497113e-05,0.000100326273816514,0,0.00114451058958051,0.00637418339901501,0.00334451615962394,0,0.000312500035504227,0,0.000256438861193062,2.64409088039745e-05,0.233296255454509,0.0296709575901042,0.0591639205139359,0.000298028547087234,6.69778175592254e-05,0.000175852096038486,0.0531846034478841,0.000120223412084577,0,0.00369899006043667,2.25744634295809e-05
0.0174162155697205,0.0675979392244751,1.3975171553489,0.00157343210457962,0.00212200600934177,0.00313969816507089,0.112446652588473,0.018238257891863,0.0163473927125206,0.00954620985836785,0.881875942470692,0.000336184293465072,0.305498101618983,0.0359916386640328,0,0.00937113131622227,1.13067673462662,0.750490883994383,1.63102146361518,0.00126455180437966,0.0446335568628915,0.0271013648662088,0.116187826758829,0.022865858763059,0.176600802105158,0,1.90639486315529,0.0939135626331877,0.0301539579183733,0.0505153530479311,0.44253575835308,0.00544557192302981,0.00809870762532097,0.399445148646865,0.00188404033287156,0.0673567171093066,0.185140065687296,0.504295315879794,0.0385476918635346,0.000747395944878271,0.00305461072231241,0.00753500515527803,0.00948668116787361,0.0571827458156353,0.0211218987246925,0.00279568042812352,4.69820057847851e-05,0,0.000921863218376391,0.000190232174357922,0.0250782872929848,0.0114011345215296,0,0,2.48207380935872e-05,0.00169865927229669,0.000122847569906732,0.00124204910439697,3.96406433284154e-05,0.0103298479808708,0,0.0566881235328362,0.000577993936161257,0.000428866239293289,0.000973078250132308,0.00784431004731949,0.00578367144422265,0.0128705823250332,9.01288097949048e-05,0.000852585938890969,0.00179748551323457,0.00279678911016916,0.00171125377373022,0.0605480468022943,0.0963710942026982,0.184787247320718,0.00220165730184002,0.000501145172694573,0.0008863564761423,0.0178128919311338,2.61749150529469e-05,0.000226500413736227,0.00255445747631742,0.00117638212957009
0.00856291111010922,0.919215259223364,1.45022064682106,0.000147698627339784,0.00118947760986847,0.000913422246253471,0.026470763189818,0.00666570598996913,0.0873616531961873,0.00156054889244047,0.136572868414601,0.00040678460608674,0.473999718138507,0.0152970403613189,0.000533305965612859,0.910513250677706,0.440224572381163,0.0498690954294295,0.193332765892561,0.00053712389230724,0.0498913616999699,0.968614502450861,0.98150630974785,0.143682021931505,0.660086016459298,1.90639486315529,0,0.0908028281254755,0.0192494567388215,0.0187569985006625,0.188538921680597,0.00328325122365988,0.00483470647561644,0.598716302093421,0.0179840015144013,0.282035623225902,0.214031077097514,0.894541916078665,0.117041078493798,0.0138382551684953,0.00146988691051116,0.00580737566405228,0.0596340306690458,0.114085005056342,0.0680858838422735,0.0190466314234554,0.0013661261469701,0.000114593593511979,0.00035296462398387,0.00132826610569878,0.0890420016670345,0.148096624260626,2.51155643612717e-05,8.06234463783771e-05,0.000113380196555404,0.00553839156838213,0.000424777363249475,0.0031067881003953,8.71894356574881e-05,0.00794154342870554,2.11723837617204e-05,0.0386805529707054,0.00267965289348692,0.00214646376357619,0.0301029109690722,0.0280680296627286,0.00436786617173313,0.0192967746068752,0,0.00666845974176374,0.0400665222581197,0.0634612806013562,0.00789648953176114,0.055077329449717,0.139167348086006,0.593663076604251,0.0126417305331575,0.00134601875906349,0.00379335122845397,0.010163246890536,0.000145935058472595,0.000136935936053934,0.00640185009035114,0.013460206444176
0.0373747121771259,0.00534659318797912,0.266566136556618,2.61426825268151,0.000435498966275153,0.0687133282606363,2.95544608971752,0.0421894476690235,0.245294637945237,1.67293226818173,0.00371797485803085,0.0118186078678928,0.000660501397415031,0.0737289973913832,0.000205385612260202,0.376616157490382,0.0714074424560858,0.00226361484354676,0.0219690231223203,0.273216741150759,1.05618503542759,0.0713536831352579,0.425885941997671,3.55951428075375,0.000948490667412235,0.0939135626331877,0.0908028281254755,0,0.0737149332041312,1.54575319628823,0.000275059808790509,0.000691300791195247,0.0541080963794456,0.154899080804137,0.00936998840082836,0.206066731642024,0.0377805901181034,0.293102776793212,0.0857548803333643,0.0151856639254686,0.000422181532789046,0.00016338086832297,0.0346953172099905,0.00835848809442472,0.0399696703055048,0.0215573823826816,0.00388532097045533,0.000380780984845541,3.0259050314968e-05,0.00351381129924346,0.000735281276310589,0.00368766152937321,0.00785815491572685,0,0.000464025904000644,0.00892081127070365,0.00222271924401378,0.0618078775188796,0.00077600792853006,0.000283715825416914,0.000457799674771488,0.000331365325980654,0.0124321251463111,0.000681802351508764,0.0536861415617738,0.000494321798255114,3.01433614939986e-05,0.000133335066743152,0.000126204418127001,0.00737238291296177,0.015212225396159,0.012832648417554,0.0631714852328365,0.000195702458880382,0.00107317664061198,0.0105479045467862,0.114966891768466,0.0215637103710076,0.0208876714198209,0,0.000629144974840752,0.00908051990923793,0.00547402050330813,0.00532537066004026
