0,0,0,0,0.000285407321779434,0.00138823281873212,0.942938230590348,0.299947325189322,0,0.00717840538394716,4.99902235214433e-05,0.000282698869812234,0,2.77384240151166,0,0,0,0,0,0.000409270839147269,0,0,0,0,0,0,0,0.00269029580450887,3.03441034971332,0.392298485384803,0,0.000976179205884303,0.220929997825863,0.0196952441903316,0,0,0,0.00259537069792864,0.00131557255983972,0.000779462528978224,0.000754882294121293,0,0,0,0,0,0,0,0,0,0,0,0,0,0,0,0,0,0,0,0,0,0,0,0,0,0,0,0,0,0,0,0,0,0,0,0,0,0,0,0,0,0,0
0,0,0,0,0,0,0,0,0.0297237170923495,0,0.00167892485576518,0,0.020836940058971,0,0,0.0404480296408754,0,0.00126040285994039,0,0,0,0.672242213515188,0,0.0146135664036384,0.618787061285902,0.00901670352485422,0.500453553797934,0.00297174911769073,0,0,0.00103470054670464,0,0,0.000174195577435924,0,0,0.00723619097444641,0.00176901212004073,0.00142608694448301,0,0,0,0,0,0,0,0,0,0,0,0.861208427008387,0,0,0,0,0,0,0.00917298672000337,0,0,0,0.000802042015481292,0,0,0.00994320461021049,0,0,0,0,0,0.0997703605001421,0,0.00157716255011374,0.114407683916273,0.0130520395466176,0.0175962114537449,3.59834308796458e-05,0,0,0,0,0,0,0
0,0,0,0,0,0,0.00051581214557253,0,0,0,0,0,0,0,0.000232354092730702,0.000133012369986695,2.02356741555789,0,0.0084802450190654,0,0.0250905269602962,0,4.18492034121712,0,0,1.69749993049058,1.43683471806086,0.00889089253712553,0,0.0101453560884371,0,0,0,0.0075076080399176,0.000119341127646258,0.00800579436514412,0.574643016133782,0.0728435523285988,0.0114901758871892,0,0,0,0.00027962291092907,0,0,5.23452372914782e-05,0,0,0,0,0,0,0,0,0,0,0,0,0,0,0,0,0,0,0,0,0,0,0,0,0,0,0,0,0,0,0,0,0,0,0,0,0,1.92988232377048e-05
0,0,0,0,0,0.0232156369412164,0.00671442078416864,0,0.00930806294619148,0.406165744155952,0,0.605544605537387,0,0,0,0,0,0,0,7.23176155527814,0,0,0,2.89927822059661,0,0,0,1.92008418147904,0.000186731821650526,0,0,0,0,0,0,0,0,0,0,0,0,0,0,0,0,0,0,0,0,0.000123984993469826,0,0,3.73273092692176,0,0.00124675175342714,0.000215426349682458,0,0.000447989037872945,0.0226882058711727,0,0.28877789898239,0,0.000110702681279144,0,0,0,0,0,1.34056672585551,0,0,0,0.0210965539210876,0,0,0,0.138635428250381,2.65387304709472e-05,0,0,0,0,0,0
0.000285407321779434,0,0,0,0,0.316016853230429,0.000167418072381645,0.0126442497582496,0,0,0.000478956349235675,0,0,0.00117717835613775,0.00642729333620339,0,0,0,0,0,0,0,0,0,0,0,0,0,0.0116613266841212,0,0,2.03123313674823,0,0.0238260888056178,0,0,0,0.0103023683702053,0,1.13116364389305,1.66373383521944,0,0,0,0,0,0,0,0,0,0,0,0,0,0,0,0,0,0,0,0,0,0,0,0,0,0,0,0,0,0,0,0,0,0,0,0,0,0,0,0,0,0,0
0.00138823281873212,0,0,0.0232156369412164,0.316016853230429,0,0.00105526883174772,0.729002461650279,0.00110338511878151,0.547220774011907,0.000287455158226045,1.41573699037103,0,0.0701126886309181,0.402996786536469,0,0,0,0,0.043809356337316,0,0,0,0.0504273261067051,0,0,0,0.0209450405087472,0.125742991500693,0,0,0.694168642006428,0,0.00199442290109933,0.914761856353017,0.00195445217574411,0.000121168290258135,0.000781173199562488,0,0.0481615867665309,0.0251203760971319,0,9.36545371618845e-05,0,0,0,0,0,0,0,0,0,0,0,1.33019535720337e-05,0,0,0,0,0,0,0,0,0.000398074519842926,0,0,0,0,0,0,0,0,0,0,0,0,0,0,0,0,0,0,0,0.00130315636398082
0.942938230590348,0,0.00051581214557253,0.00671442078416864,0.000167418072381645,0.00105526883174772,0,0.25969488145527,0.00303357907926077,2.94988503449996,0,0.0110684130123826,0,0.924796652402922,7.15257371956945e-05,0.000141621486792099,0,0,0,0.01243459138781,0.472061573196235,0.000703316935785672,0.00257825646641408,0.0610945418291518,0,0,0,3.22824694063584,0.298355093416249,2.04234696854772,0,0.000114837902095346,0.00890351513212102,0.00562290360424206,4.4529031907294e-05,0.00121542317272752,0.00139202626123634,0.00128336960541101,0.000847784467660952,0.0055030238790124,0.000148425564937716,0,0,0,0,0,0,0,0,0,0,0,0,0,0,0,0,0.000981670768236153,0,0,0,0,0,0,0,0,0,0,0,0,0,0,0.000246256645076321,0,0,0,0,0,0,0,0,0,0,0
0.299947325189322,0,0,0,0.0126442497582496,0.729002461650279,0.25969488145527,0,0,0.105028368806587,4.04836968130769e-05,0.00015020407322483,0,1.78182643897025,0,0,0,0,0,0,0,0,0,0,0,0,0,0.000604545137879933,0.113789442229961,0.00146473386646989,0,0.368252838344318,0.000121108798007219,0.00087210601250813,0.105113610977807,0,0,0.000375582770615208,0,0,0,0,0,0,0,0,0,0,0,0,0,0,0,0,0,0,0,0,0,0,0,0,0,0,0,0,0,0,0,0,0,0,0,0,0,0,0,0,0,0,0,0,0,0
0,0.0297237170923495,0,0.00930806294619148,0,0.00110338511878151,0.00303357907926077,0,0,0.00407607349117517,0,0.55318786961602,0.000817544644027543,0,0.00073221196859162,0.0167820541987539,0,0,0,0.355300141531964,0.000110120309875843,1.34479107146388,6.6174285455493e-05,3.80793239230062,0.000711939833296959,0.000135461218837694,0.00888339163546961,0.19881827969668,0,0,0,0,0,0.000287070354412283,0.0064557592693351,0.116749710236382,0.024725392125579,0.00269281908484399,0.00618205290137147,0.925550833155894,0,0,0.000217647616214647,0.000122831870879594,0,0,0,0,0,0,0.011464591545841,0,0,0,0,0.000475243053286572,0,1.51317362536407,0,0,0.0249650483624048,0,0,0,0.00385287679725692,0,0,0,0,0,0.207674225792029,0.000150759360187764,0.11965344941157,0,0,0.000956282119369082,0.0189336117689585,0,0,0,0,0,0,0.00434092829055362
0.00717840538394716,0,0,0.406165744155952,0,0.547220774011907,2.94988503449996,0.105028368806587,0.00407607349117517,0,0,0.216648582477552,0,0.0675544342136313,0,0,0,0,0,0.803295540269873,0,0,0,0.073170796918232,0,0,0,1.41172157984966,0.00969078016159912,0,0,5.03512966748059e-05,0,0.00105640719860686,0.220322761211538,0.000311617099545962,0,5.50113838571628e-05,0,0.00410619256846561,0,0,0,0,0,0,0,0,0,0,0,0,0,0,0,0,0,0,0,0,0,0,0,0,0,0,0,0,0,0,0,0,0,0,0,0,0,0,0,0,0,0,0,0
4.99902235214433e-05,0.00167892485576518,0,0,0.000478956349235675,0.000287455158226045,0,4.04836968130769e-05,0,0,0,0,1.36272196830033,0.00105753817498002,0,0,0,0.815037423687373,0.963053223090642,0,0,6.7123826323014e-05,0,0,0.171166795158963,0.387087820035542,0.027446934833942,0,0.442126124733291,3.52446435354873e-05,7.2969392224561e-05,0.0114700411612657,7.4117917615163e-05,0.103840649658331,0,0.000821126232321426,1.27462469419023,0.481777768633611,0.00906699233677203,0,0.0134212386359591,0.017592438848289,0,0,0,0,0,0,0,0,0.00197757348957919,0,0,0,0,0,0,0,0,0,0,0.00916139718387711,0,0,0,0,0,0,0,0,0,0,0,0.00433420624572632,3.50906457094141e-05,0.000501502800325124,0,0,0,0,0,0,0,0
0.000282698869812234,0,0,0.605544605537387,0,1.41573699037103,0.0110684130123826,0.00015020407322483,0.55318786961602,0.216648582477552,0,0,0,0.000166188814096028,0.34200949616196,0,0,0,0,3.31572168811251,0,0,0,1.03919006479828,0,0,0,0.20296832499935,0.000527611855619795,0,0,0,0,0.000276840125571453,0.135646654353105,0.000451631695528965,0.000518344144481989,0,0,0.221637831209638,0,0,0,0.00017797653239376,0,0,0,0,0,0,0,0,0,0,0.000571548254946739,0,0,0,0,0,0.0184221500284204,0,0,0.000169355147063096,0,0,0,0,0,0,0,0,0,0,0,0,0,0,0,0,0,0,0,0.0125752570226847
0,0.020836940058971,0,0,0,0,0,0,0.000817544644027543,0,1.36272196830033,0,0,0,0,0.000119890721372026,0,0.00507180861494206,0.0022757757256166,0,0,0.000285283362734728,0,0,4.21581190602587,0.298835574652829,0.636569678013384,0,0,0,1.12741207016307,0,0,0.00075879871073959,0,0.256327067316011,0.577650695291873,0.049648225137211,0.0394179065682424,0,0,0.358604764061461,0.000128550432127287,0,0,0,0,0,0,0,0.0106587146951271,0,0,0,0,0,0,0,0,0,0,5.03960105620439,0,0,6.3422832662946e-05,0,0,0,0,0,0,0,0,0.248051464686383,0.00147534764085321,0.00314204710346057,0,0,0,0,0,0,0,0
2.77384240151166,0,0,0,0.00117717835613775,0.0701126886309181,0.924796652402922,1.78182643897025,0,0.0675544342136313,0.00105753817498002,0.000166188814096028,0,0,0,0,0,0,0,0.000232503134298448,0,0,0,0,0,0,0,0.00279656762104875,3.19218192462906,0.0102811061803226,0,0.0541529324755749,0.00592387225497514,0.0661231257127677,0,3.17224859362319e-05,0.000261335059820582,0.0155179363235629,0,0.00564052960599968,0.00419377680780039,0,0,0,0,0,0,0,0,0,0,0,0,0,0,0,0,0,0,0,0,0,0,0,0,0,0,0,0,0,0,0,0,0,0,0,0,0,0,0,0,0,0,0
0,0,0.000232354092730702,0,0.00642729333620339,0.402996786536469,7.15257371956945e-05,0,0.00073221196859162,0,0,0.34200949616196,0,0,0,0,0,0,0,0,0,0,0,0,0,0,0,8.19798961548693e-05,0.000267755992575815,0,0,0,0,0.000931701317013305,0.119192381285369,0.0414399559254994,0.00880437885708862,0.00343402225716759,0.00706905291992259,0.677847798958677,0.023471625754533,0,0.0107094333867806,0.00436160601966432,0.00132043094046116,0.00216446080272766,0,0,0,0,0,0,0,0,0.00107008412397386,0,0,0,3.08373419033057e-05,0,0,0,0,0.0340313838333933,0,0,0,0,0,0,0,0.000306302864784787,0,0,0,0,0,0,0.000104230977267996,0,0,0,0,0.00961058567703241
0,0.0404480296408754,0.000133012369986695,0,0,0,0.000141621486792099,0,0.0167820541987539,0,0,0,0.000119890721372026,0,0,0,0,0,0,0,0.693286848360403,3.65559190127747,1.63613226519958,1.36124740169478,0.000413237944113559,2.27083178776797e-05,0.906591997801306,0.592967815349899,0,0.0021772752743232,0,0,0,0.00144584350309464,0.000112598433276033,0.00305396051393923,0.00151548700529022,0.00355433688849689,0.00307406446123676,0,0,0,0.000287375579508184,0,0,0,0,0,0,0,0.00337705755437046,0,0,0,0,0,0,0.00129294335969025,0,0,0,0,0,0,0.00061895291924613,0,0,0,0,0.00393889152997358,0.00339811632717284,0,7.25136046610775e-05,0,0,0.000228930471147253,0,0,0,0,0,0,0,0
0,0,2.02356741555789,0,0,0,0,0,0,0,0,0,0,0,0,0,0,0,0.686314200067276,0,0.00298843108439334,0,0.867136211246142,0,0,1.17840809571679,0.000520146368494911,9.83427470132745e-05,0.0157673258194101,4.70087818584611e-05,0,0,0,0.120728993004938,0,0,0.00994891142700766,0.00377237374214929,0,0,0,0,0,0,0,0,0,0,0,0,0,0,0,0,0,0,0,0,0,0,0,0,0,0,0,0,0,0,0,0,0,0,0,0,0,0,0,0,0,0,0,0,0,0
0,0.00126040285994039,0,0,0,0,0,0,0,0,0.815037423687373,0,0.00507180861494206,0,0,0,0,0,0.538765017727981,0,0,0,0,0,0.0200524349926874,0.552965714511602,0.00427356507614464,0,0.061508260794081,0,0,0,0,0.000568904105380662,0,0.000665407256363914,0.0242029684882422,0.00406565353090947,0.00649403036540997,0,0,0.000367833060599537,0,0,0,0,0,0,0,0,0,0,0,0,0,0,0,0,0,0,0,9.10598896747099e-05,0,0,0,0,0,0,0,0,0,0,0,0.000498374434892441,0,4.30795423037309e-05,0,0,0,0,0,0,0,0
0,0,0.0084802450190654,0,0,0,0,0,0,0,0.963053223090642,0,0.0022757757256166,0,0,0,0.686314200067276,0.538765017727981,0,0,0,0,0.0320347737109654,0,0.00990289360941628,1.33806267282827,0.00347190159713523,0,0.132711659950011,0,0,0,0,0.129890164042905,0,0.00133990936898502,0.185265614473793,0.050979900373911,0.0133615222106722,0,0,0.000617408113899549,0,0,0,0,0,0,0,0,0,0,0,0,0,0,0,0,0,0,0,0,0,0,0,0,0,0,0,0,0,0,0,0.000710431120668007,0.000109965402123127,6.82063713751025e-05,0,0,0,0,0,0,0,0
0.000409270839147269,0,0,7.23176155527814,0,0.043809356337316,0.01243459138781,0,0.355300141531964,0.803295540269873,0,3.31572168811251,0,0.000232503134298448,0,0,0,0,0,0,0,0,0,2.2959991082595,0,0,0,0.217903799085578,0.000472189719654184,0,0,0,0,0.000528628581882215,0,0,0,0,0,0.0013731850394576,0,0,0,0,0,0,0,0,0,0,0,0,0,0,0,0,0,0,0,0,0,0,0,0,0,0,0,0,0,0,0,0,0,0,0,0,0,0,0,0,0,0,0,0
0,0,0.0250905269602962,0,0,0,0.472061573196235,0,0.000110120309875843,0,0,0,0,0,0,0.693286848360403,0.00298843108439334,0,0,0,0,0.00113562293264149,5.22260234244931,0.0890325282160832,0,5.96914853175537e-05,0.0005506233015962,1.59019214128355,0.0225236630544964,3.37188126397039,0,0,0.0983737424934702,0.0286026207363591,0.000450501465576967,0.025760283235631,0.0442520174117278,0.016479640080759,0.0130653548617557,0,0,2.38112534276941e-05,0.000407391113842173,0,0,0,0,0,0,0,0,0,0,0,0,0,0,0,0,0,0,0,0,0,0,0,0,0,0,0,0,0,7.4807901771938e-05,0,0,0,0,0,0,0,0,0,0,2.51912686880041e-05
0,0.672242213515188,0,0,0,0,0.000703316935785672,0,1.34479107146388,0,6.7123826323014e-05,0,0.000285283362734728,0,0,3.65559190127747,0,0,0,0,0.00113562293264149,0,0.00379872263752407,1.13402921952521,0.0109153503471734,0.000544867184877415,0.621903147145329,0.171834943660066,0,4.14805383186314e-05,0,0,0,0,0,0,0.000267610545589363,0.000143535405673096,0.000314759668090542,0,0,0,0,0,0,0,0,0,0,0,0.20622855953472,0,0,0,0,0,0,0.494911089762698,0,0,0,0,0,0,0.0944250636965957,0,0,0,0,0,1.58112588848033,4.20402637518434e-05,0.0514459671883662,0.00441536671761759,0.00068771423163777,0.0491956671426426,0.00179354265969468,0,0,0,0,0,0,0
0,0,4.18492034121712,0,0,0,0.00257825646641408,0,6.6174285455493e-05,0,0,0,0,0,0,1.63613226519958,0.867136211246142,0,0.0320347737109654,0,5.22260234244931,0.00379872263752407,0,0.00373864906368032,0,0.0170669652312847,0.877145347764599,0.214404297801113,0.143671372239209,0.242148540606947,0,0,0.000106337499631248,0.0870755186333524,0.000478376599572651,0.0411711836974958,0.136374156573207,0.0482125587567202,0.0232219704905096,0,0,0,0.000449230466100287,0,0,0.000102192328331221,0,0,0,0,0,0,0,0,0,0,0,0,0,0,0,0,0,0,0,0,0,0,0,0,0,0,0,0,0,0,0,0,0,0,0,0,0,0.000114717707842663
0,0.0146135664036384,0,2.89927822059661,0,0.0504273261067051,0.0610945418291518,0,3.80793239230062,0.073170796918232,0,1.03919006479828,0,0,0,1.36124740169478,0,0,0,2.2959991082595,0.0890325282160832,1.13402921952521,0.00373864906368032,0,9.28430125918429e-05,0,0.013222329716479,3.34363826280044,0.000305625212265826,0.000903185064689614,0,0,0,0.000271439106897843,0,0.000841032835590123,2.72990965861711e-05,2.15215768814394e-05,0.000361035377247649,0.0107368638744984,0,0,0,0,0,0,0,0,0,0,0.00319726583377868,0,0.60114781510761,0,0,0.000713369714867872,0,0.0423279701733679,0.000653187132175722,0,0.00170765569831564,0,0,0,0.000792289205798649,0,0,0,0.0343830800800032,0,0.0142643367643166,0,1.21846525987567,0,0,9.98139615930483e-05,0.306706258527696,0,0,0,0,0,8.49221842758596e-05,0
0,0.618787061285902,0,0,0,0,0,0,0.000711939833296959,0,0.171166795158963,0,4.21581190602587,0,0,0.000413237944113559,0,0.0200524349926874,0.00990289360941628,0,0,0.0109153503471734,0,9.28430125918429e-05,0,0.161791539835973,0.925297096584896,3.51271926142382e-05,0,0,0.017103255098849,0,0,0.00123925169407828,4.54638257363534e-05,0.00935440121436191,1.64620899964367,0.110083883373065,0.0270182030818867,0,0,1.15534373153292,0,0.00114498684724723,0.00128841118956248,0.000155152001350512,0,0,0,0,0.293346893896303,0,0,0,0,0,0,0.000849657482075238,0,0.00112560358724226,0,0.439232524300277,0,0,0.000202804148496528,0,0.000879277317494349,0.00111890822750438,0,0,0.00363221319982829,0,0,1.48746348595352,0.11835016985521,0.0409011852327382,0,0,0,0.00031460836042916,0,0,0.00175615261151762,0
0,0.00901670352485422,1.69749993049058,0,0,0,0,0,0.000135461218837694,0,0.387087820035542,0,0.298835574652829,0,0,2.27083178776797e-05,1.17840809571679,0.552965714511602,1.33806267282827,0,5.96914853175537e-05,0.000544867184877415,0.0170669652312847,0,0.161791539835973,0,2.11378039313814,4.64194221426323e-05,2.16388407633227e-05,4.68992011362344e-05,0.00103405139967771,0,0,0.00259645136635698,0,0.00377180083738772,0.124865173025273,0.0226392003593802,0.010269505014715,0,0,0.000244650654479619,1.79238690608093e-05,0,0,0,0,0,0,0,0.00635470210786504,0,0,0,0,0,0,0,0,0,0,0.000574776919796287,0,0,0,0,0,0,0,0,0.000124331096220686,0,0,0.0182088883596388,0.00334281464813095,0.00216600602853054,0,0,0,0,0,0,0,5.5365085489513e-05
0,0.500453553797934,1.43683471806086,0,0,0,0,0,0.00888339163546961,0,0.027446934833942,0,0.636569678013384,0,0,0.906591997801306,0.000520146368494911,0.00427356507614464,0.00347190159713523,0,0.0005506233015962,0.621903147145329,0.877145347764599,0.013222329716479,0.925297096584896,2.11378039313814,0,0.00370455307410979,0,7.3746322947986e-05,0.425724601193536,0,0,0.000416997539450482,4.58135192177816e-05,0.00167777575552324,0.0455224912700066,0.00842656360724857,0.00552683100946983,0,0,0.000275112429057206,2.4399283860973e-05,3.91020851879149e-05,0.000146733194633941,0,0,0,0,0,0.148286655192977,0,0,0,0,0,0,0.00175359686966482,0,0.000121844124301186,0,0.110922782255048,0,0,0.00065875818260037,0,2.39158772480071e-05,0.000131629090800278,0,0,0.0104271757625333,0,0.00038163389031982,0.0680707557146793,0.0553447654355665,0.0683740474916701,0,0,0,4.27227205198584e-05,0,0,7.6491303081086e-05,0
0.00269029580450887,0.00297174911769073,0.00889089253712553,1.92008418147904,0,0.0209450405087472,3.22824694063584,0.000604545137879933,0.19881827969668,1.41172157984966,0,0.20296832499935,0,0.00279656762104875,8.19798961548693e-05,0.592967815349899,9.83427470132745e-05,0,0,0.217903799085578,1.59019214128355,0.171834943660066,0.214404297801113,3.34363826280044,3.51271926142382e-05,4.64194221426323e-05,0.00370455307410979,0,0.00407394886198721,0.704996413450075,0,0,0.000963103457363631,0.0724641851638669,0.000343012634274666,0.0900391856896662,0.0257792723755995,0.0304367421154928,0.0340950023795047,0.00109558195397689,5.3833301004386e-05,0,0.000416281045538994,9.16034970247035e-05,0,2.81122670329147e-05,0,0,0,0,0.000814537617471753,0,0.048439378965378,0,0,0,0,0.129419440544117,0,0,0,0,0,0,0.000486036972973591,0,0,0,0,0,0.00792455094678075,0,0.057560710131992,3.40292193589621e-05,1.67470752610408e-05,5.5469517741867e-05,0.00454799024266958,0,0,0,0,0,0,5.31283114714952e-05
3.03441034971332,0,0,0.000186731821650526,0.0116613266841212,0.125742991500693,0.298355093416249,0.113789442229961,0,0.00969078016159912,0.442126124733291,0.000527611855619795,0,3.19218192462906,0.000267755992575815,0,0.0157673258194101,0.061508260794081,0.132711659950011,0.000472189719654184,0.0225236630544964,0,0.143671372239209,0.000305625212265826,0,2.16388407633227e-05,0,0.00407394886198721,0,1.55693072852498,0,0.635113119387596,1.78205115749235,1.26290056941363,0,0.00132255669926096,0.00342362656708624,0.232265433231515,0.00140904029413808,0.00427513992647173,0.347039186104469,0,0,0,0,0,0,0,0,0,0,0,0,0,0,0,0,0,0,0,0,0,0,0,0,0,0,0,0,0,0,0,0,0,0,0,0,0,0,0,0,0,0,0
0.392298485384803,0,0.0101453560884371,0,0,0,2.04234696854772,0.00146473386646989,0,0,3.52446435354873e-05,0,0,0.0102811061803226,0,0.0021772752743232,4.70087818584611e-05,0,0,0,3.37188126397039,4.14805383186314e-05,0.242148540606947,0.000903185064689614,0,4.68992011362344e-05,7.3746322947986e-05,0.704996413450075,1.55693072852498,0,0,0,0.937681347527055,0.662153136844411,0.000396094735417502,0.0880040356542522,0.0457378972741625,0.0732559795226317,0.0674063811086255,0,0.000266907508326843,0,0.000295249889060998,0,0,4.0751503029568e-05,0,0,0,0,0,0,0,0,0,0,0,0,0,0,0,0,0,0,0,0,0,0,0,0,0,0,0,0,0,0,0,0,0,0,0,0,0,0.000115311952052528
0,0.00103470054670464,0,0,0,0,0,0,0,0,7.2969392224561e-05,0,1.12741207016307,0,0,0,0,0,0,0,0,0,0,0,0.017103255098849,0.00103405139967771,0.425724601193536,0,0,0,0,0,0,0,0,0,0.00108317377410592,0.000229804254489666,0,0,0,0,0,0,0,0,0,0,0,0,0,0,0,0,0,0,0,0,0,0,0,0.143422837068471,0,0,0,0,0,0,0,0,0,0,0,0.000844995884403942,0,0.000222760125130655,0,0,0,0,0,0,0,0
0.000976179205884303,0,0,0,2.03123313674823,0.694168642006428,0.000114837902095346,0.368252838344318,0,5.03512966748059e-05,0.0114700411612657,0,0,0.0541529324755749,0,0,0,0,0,0,0,0,0,0,0,0,0,0,0.635113119387596,0,0,0,0.000154061535038441,0.2264222030448,0,0,0,0.0520159913787435,0.000355499988923636,0.183297279332081,3.24515255462971,0,0,0,0,0,0,0,0,0,0,0,0,0,0,0,0,0,0,0,0,0,0,0,0,0,0,0,0,0,0,0,0,0,0,0,0,0,0,0,0,0,0,0
0.220929997825863,0,0,0,0,0,0.00890351513212102,0.000121108798007219,0,0,7.4117917615163e-05,0,0,0.00592387225497514,0,0,0,0,0,0,0.0983737424934702,0,0.000106337499631248,0,0,0,0,0.000963103457363631,1.78205115749235,0.937681347527055,0,0.000154061535038441,0,0.720406475572901,0,0.000759074162346919,0.000388542953753284,0.0460545503105401,0.0215962334992776,0.000216861438704197,0.000370977981736145,0,0,0,0,0,0,0,0,0,0,0,0,0,0,0,0,0,0,0,0,0,0,0,0,0,0,0,0,0,0,0,0,0,0,0,0,0,0,0,0,0,0,0
0.0196952441903316,0.000174195577435924,0.0075076080399176,0,0.0238260888056178,0.00199442290109933,0.00562290360424206,0.00087210601250813,0.000287070354412283,0.00105640719860686,0.103840649658331,0.000276840125571453,0.00075879871073959,0.0661231257127677,0.000931701317013305,0.00144584350309464,0.120728993004938,0.000568904105380662,0.129890164042905,0.000528628581882215,0.0286026207363591,0,0.0870755186333524,0.000271439106897843,0.00123925169407828,0.00259645136635698,0.000416997539450482,0.0724641851638669,1.26290056941363,0.662153136844411,0,0.2264222030448,0.720406475572901,0,0.00116347414559068,0.48100819630978,0.636431182021958,4.18913423444808,0.451857606033279,0.00230806610482521,0.653416077409601,0.00221367250080875,0.00101820473901631,0,0,7.46057737990684e-05,0,0,0,0,0,0,0,0,0,0,0,0,0,0,0,0,0,0,0,0,0,0,0,0,0,0,0,5.14687965187284e-05,0,0,0,0,0,0,0,0,0.000121907138907668,0.000152751973242585
0,0,0.000119341127646258,0,0,0.914761856353017,4.4529031907294e-05,0.105113610977807,0.0064557592693351,0.220322761211538,0,0.135646654353105,0,0,0.119192381285369,0.000112598433276033,0,0,0,0,0.000450501465576967,0,0.000478376599572651,0,4.54638257363534e-05,0,4.58135192177816e-05,0.000343012634274666,0,0.000396094735417502,0,0,0,0.00116347414559068,0,0.0740163771827606,0.0273887629963709,0.00919075121308495,0.0107809976840545,0.0113796370785562,0,0,0.0371136886049827,0.00859436292066375,0.00267545403803744,0.00333484481662743,0,0,0,0,0,0.000102572882105497,0,0,0.00385371681056125,0,0,1.20379537370818e-05,0.000168785889418835,0,0.0155124088365491,0,0,0.0105260705756335,0,0,0,3.04830329858558e-05,0,0.000131493586535667,0,0.000425801493864553,0,0,1.20954818504115e-05,0,6.15824083544558e-06,0,3.7104198399798e-05,0,0,0,0.000369481203711617,0.748287415726838
0,0,0.00800579436514412,0,0,0.00195445217574411,0.00121542317272752,0,0.116749710236382,0.000311617099545962,0.000821126232321426,0.000451631695528965,0.256327067316011,3.17224859362319e-05,0.0414399559254994,0.00305396051393923,0,0.000665407256363914,0.00133990936898502,0,0.025760283235631,0,0.0411711836974958,0.000841032835590123,0.00935440121436191,0.00377180083738772,0.00167777575552324,0.0900391856896662,0.00132255669926096,0.0880040356542522,0,0,0.000759074162346919,0.48100819630978,0.0740163771827606,0,4.4419563787037,0.490689162209684,1.00731677369595,1.43757796805001,0.000230976567941042,0.0119076385861821,0.096304367498648,0.0280672580277051,0.00662691162037782,0.0149671312087552,0,0,0,0,0,0.000708219185605954,0,0,0,0,0,0.000875656938184713,0,0,0,0,0,0.00225528404507004,0,5.49850884276719e-05,0,0,0,3.73289056893344e-05,0,0.00111036912981634,0,0,6.72131088572579e-05,0,3.10388563428887e-05,0,0.000109331816378455,0,0,0,0.000228347091147835,0.0148843977162904
0,0.00723619097444641,0.574643016133782,0,0,0.000121168290258135,0.00139202626123634,0,0.024725392125579,0,1.27462469419023,0.000518344144481989,0.577650695291873,0.000261335059820582,0.00880437885708862,0.00151548700529022,0.00994891142700766,0.0242029684882422,0.185265614473793,0,0.0442520174117278,0.000267610545589363,0.136374156573207,2.72990965861711e-05,1.64620899964367,0.124865173025273,0.0455224912700066,0.0257792723755995,0.00342362656708624,0.0457378972741625,0.00108317377410592,0,0.000388542953753284,0.636431182021958,0.0273887629963709,4.4419563787037,0,3.54833880453604,1.68850425076497,0.000714731572003975,0.00118445305379446,1.16715433724364,0.0410436789240712,0.00832630080252132,0.00169540262335297,0.00529411671386826,0,0,0,0,0.00193876008416212,0,0,0,0,0,0,0.00017103487348779,0,0,0,0.0260839812630219,0,0.00181909344084244,0,0,0,0,0,7.91915855877202e-05,0,0.00028045174278656,0,0.021657601776063,0.000469275938087995,9.65655575949822e-05,0.000164381660142907,0,0.000120365237839259,0,0,0,0.000114874279723239,0.00611144748847625
0.00259537069792864,0.00176901212004073,0.0728435523285988,0,0.0103023683702053,0.000781173199562488,0.00128336960541101,0.000375582770615208,0.00269281908484399,5.50113838571628e-05,0.481777768633611,0,0.049648225137211,0.0155179363235629,0.00343402225716759,0.00355433688849689,0.00377237374214929,0.00406565353090947,0.050979900373911,0,0.016479640080759,0.000143535405673096,0.0482125587567202,2.15215768814394e-05,0.110083883373065,0.0226392003593802,0.00842656360724857,0.0304367421154928,0.232265433231515,0.0732559795226317,0.000229804254489666,0.0520159913787435,0.0460545503105401,4.18913423444808,0.00919075121308495,0.490689162209684,3.54833880453604,0,2.29708401984261,0.00744968737525194,0.27730897821959,0.194574510820534,0.0115047666391209,0.0021508120205426,0.000671763556410866,0.00204607078115846,0,0,0,0,0.000852568288825083,0,0,0,0,0,0,0,0,0,0,0.00199872193943655,0,0.000675693242441292,0,0,0,0,0,0.000115753729793226,0,8.69900008430662e-05,0,0.000746461626423665,3.90517011542588e-05,6.14564457054074e-05,0,0,0,0,0,0,0,0.00225718994474674
0.00131557255983972,0.00142608694448301,0.0114901758871892,0,0,0,0.000847784467660952,0,0.00618205290137147,0,0.00906699233677203,0,0.0394179065682424,0,0.00706905291992259,0.00307406446123676,0,0.00649403036540997,0.0133615222106722,0,0.0130653548617557,0.000314759668090542,0.0232219704905096,0.000361035377247649,0.0270182030818867,0.010269505014715,0.00552683100946983,0.0340950023795047,0.00140904029413808,0.0674063811086255,0,0.000355499988923636,0.0215962334992776,0.451857606033279,0.0107809976840545,1.00731677369595,1.68850425076497,2.29708401984261,0,0.00671103416517002,0.12151558758823,0.0112834268067291,0.0199605012691046,0.00354436703226895,0.000881175207001367,0.0026138139501789,0,0,0,0,0,0,0,0,0,0,0,0,0,0,0,0.000943110226840629,0,0.00409614128854485,0,0,0,0.000245165695004726,0,0.000140818788552189,0,5.68795562433831e-05,0,0.000975321502328298,9.78171880524625e-05,2.12224615006564e-05,0,0,6.34299344010117e-05,0,0,0,0,0.00195807469803728
0.000779462528978224,0,0,0,1.13116364389305,0.0481615867665309,0.0055030238790124,0,0.925550833155894,0.00410619256846561,0,0.221637831209638,0,0.00564052960599968,0.677847798958677,0,0,0,0,0.0013731850394576,0,0,0,0.0107368638744984,0,0,0,0.00109558195397689,0.00427513992647173,0,0,0.183297279332081,0.000216861438704197,0.00230806610482521,0.0113796370785562,1.43757796805001,0.000714731572003975,0.00744968737525194,0.00671103416517002,0,4.52522054957529,0,0.00309620701264554,0.000176023889071186,0.000266126884854306,0.00178697480545387,0,0,0,0,0,0,0,0,0,0,0,0,0,0,0,0,0,0.051911678947266,0,0,0,0,0,0,0,0,0,0,0,0,0,0,0,0,0,0,0,0.00961351314872304
0.000754882294121293,0,0,0,1.66373383521944,0.0251203760971319,0.000148425564937716,0,0,0,0.0134212386359591,0,0,0.00419377680780039,0.023471625754533,0,0,0,0,0,0,0,0,0,0,0,0,5.3833301004386e-05,0.347039186104469,0.000266907508326843,0,3.24515255462971,0.000370977981736145,0.653416077409601,0,0.000230976567941042,0.00118445305379446,0.27730897821959,0.12151558758823,4.52522054957529,0,0,0,0,0,0,0,0,0,0,0,0,0,0,0,0,0,0,0,0,0,0,0,0,0,0,0,0,0,0,0,0,0,0,0,0,0,0,0,0,0,0,0,0
0,0,0,0,0,0,0,0,0,0,0.017592438848289,0,0.358604764061461,0,0,0,0,0.000367833060599537,0.000617408113899549,0,2.38112534276941e-05,0,0,0,1.15534373153292,0.000244650654479619,0.000275112429057206,0,0,0,0,0,0,0.00221367250080875,0,0.0119076385861821,1.16715433724364,0.194574510820534,0.0112834268067291,0,0,0,0,0,0,0,0,0,0,0,0,0,0,0,0,0,0,0,0,0,0,0.0230474461736093,0,0,0,0,0,0,0,0,0,0,0,0.0140261968760018,0,0,0,0,0,0,0,0,0,0
0,0,0.00027962291092907,0,0,9.36545371618845e-05,0,0,0.000217647616214647,0,0,0,0.000128550432127287,0,0.0107094333867806,0.000287375579508184,0,0,0,0,0.000407391113842173,0,0.000449230466100287,0,0,1.79238690608093e-05,2.4399283860973e-05,0.000416281045538994,0,0.000295249889060998,0,0,0,0.00101820473901631,0.0371136886049827,0.096304367498648,0.0410436789240712,0.0115047666391209,0.0199605012691046,0.00309620701264554,0,0,0,3.65032705619197,0.679327854173019,1.47532781939273,0.874678093573155,0,0.0538318880305278,0,0,0.0277872835588895,0,0,0.000164451858346254,0.00222350779671472,3.87577485010601e-05,0.251026630199371,9.48938098441574e-05,0.00133242235303561,5.60940722103657e-05,0.00417864776420273,4.67564996597253e-05,0.00317136045433722,0.000195004364673984,0.00947776268336691,8.2371768757728e-05,0.00791731312391762,0,0.0462172603339199,0,0.0649708021831628,0,0.000383580285199043,0.0138242167050162,0,0.0291751953456453,0.00608661097805098,0.0449967153921943,0,0,0.00744527212402728,0.271292146492278,0.0688436897129473
0,0,0,0,0,0,0,0,0.000122831870879594,0,0,0.00017797653239376,0,0,0.00436160601966432,0,0,0,0,0,0,0,0,0,0.00114498684724723,0,3.91020851879149e-05,9.16034970247035e-05,0,0,0,0,0,0,0.00859436292066375,0.0280672580277051,0.00832630080252132,0.0021508120205426,0.00354436703226895,0.000176023889071186,0,0,3.65032705619197,0,2.93328532983346,1.87890573343673,0,0,1.28474509120541,0,0.00034289368587171,0.413098945611804,0,0,5.24172312418316e-05,4.95969219813444e-05,0,0.134321636904807,0,0.858984541004478,0,0.770611622110195,5.03342569588899e-05,0.000420594259216538,0,0.459630398476228,0.00864239091087071,0.12442448410463,0,0.0562848927570294,0,0.129776096220549,0,0.272071792476378,0.334295394737688,0.0056851611836722,0.00184245466177088,0.000701310308927879,0.00147098711230919,0.00313622589542097,0,0.000379925218070348,0.517131166289612,0.0177139695814563
0,0,0,0,0,0,0,0,0,0,0,0,0,0,0.00132043094046116,0,0,0,0,0,0,0,0,0,0.00128841118956248,0,0.000146733194633941,0,0,0,0,0,0,0,0.00267545403803744,0.00662691162037782,0.00169540262335297,0.000671763556410866,0.000881175207001367,0.000266126884854306,0,0,0.679327854173019,2.93328532983346,0,2.79798090524963,0.00184277929400315,0.0186016435118336,0.0437480828990366,0.00193170361249575,0.000651381483260766,0.0488148433493629,9.06057034089384e-05,0.002858012335872,0.00324554504984099,0.00366741811822519,0.000325780553404719,0.00624625885378497,0.000357431016037038,0.519955175598877,0,0.16823500996792,0.00573857614028355,0,0.000433084631624242,0.072168242199575,0.0180185388359309,0.242254685078468,0,0.0972482803324531,0,0.0920332729059674,0.000130859397462389,0.0267767381823057,0.111137332025037,0.00557456827793478,0.0167024450937205,0.147801362493208,0.0634437736033618,0.00295072998978903,0.00138504340534662,0.0273027168904593,3.10591329804151,0.00453179264683123
0,0,5.23452372914782e-05,0,0,0,0,0,0,0,0,0,0,0,0.00216446080272766,0,0,0,0,0,0,0,0.000102192328331221,0,0.000155152001350512,0,0,2.81122670329147e-05,0,4.0751503029568e-05,0,0,0,7.46057737990684e-05,0.00333484481662743,0.0149671312087552,0.00529411671386826,0.00204607078115846,0.0026138139501789,0.00178697480545387,0,0,1.47532781939273,1.87890573343673,2.79798090524963,0,0.312548455370013,0.00738628560956316,0.0407447751885948,0.000534451395325999,0,0.0332687281485693,0,0,6.03019765129261e-05,0.00101982147225443,0,0.0357910050530173,0,0.0263678939960427,0,0.00944997644820587,0.000424808527025712,0.00228840631413278,0,0.0191934277209123,0.00316306627085751,0.0808426234218887,0,0.0590073810865401,0,0.123680906299453,0.000259274364196728,0.00319606085852561,0.0320116935956445,0.000834278089761802,0.0131937204998371,0.00748993894821661,0.0356264059432799,0.000228763225175708,0,0.00399349123593133,0.308692105088435,0.00555299495281996
0,0,0,0,0,0,0,0,0,0,0,0,0,0,0,0,0,0,0,0,0,0,0,0,0,0,0,0,0,0,0,0,0,0,0,0,0,0,0,0,0,0,0.874678093573155,0,0.00184277929400315,0.312548455370013,0,3.0647371503164,0,0,0,0,0,0.628289294106944,0.148651542473716,0.00904804651563808,0.0579761108017492,1.24772014839789,0.00115449971749373,0,0.20248579176856,0,0.00432716848632346,3.54047541229314,0,0,0,0,0.000406317483283708,0,0,0,0.00288892370750923,0,0,0,0.000443408174785755,0.0147394963353172,0,0,0.0398648184922801,0,0.0740965073213021,0
0,0,0,0,0,0,0,0,0,0,0,0,0,0,0,0,0,0,0,0,0,0,0,0,0,0,0,0,0,0,0,0,0,0,0,0,0,0,0,0,0,0,0,0,0.0186016435118336,0.00738628560956316,3.0647371503164,0,0,0.000171417211364953,0,0,0,1.57975674139126,0.251747829400197,6.61374002293652e-05,0.0264595612322482,0,3.67227083608876e-05,0,0,0,0.00505489580670626,0.000940735429657653,0,0,0,0.000158066875388954,0,0,0,0,0.000125439799649628,0,0,0,0,0.375854925342723,0,0,1.86046462570818,0.000243796380494772,2.42617157716569,0
0,0,0,0,0,0,0,0,0,0,0,0,0,0,0,0,0,0,0,0,0,0,0,0,0,0,0,0,0,0,0,0,0,0,0,0,0,0,0,0,0,0,0.0538318880305278,1.28474509120541,0.0437480828990366,0.0407447751885948,0,0,0,0,0,0,0,0,0,0,0,0,0,0.044817129405168,0,0.322173555697648,0,0,0,0,0,0.000560839653923608,0,0,0,0,0,0.246412754281333,0.000405594702508302,0,0,0,0,0,0,0,0.176666496017104,0
0,0,0,0.000123984993469826,0,0,0,0,0,0,0,0,0,0,0,0,0,0,0,0,0,0,0,0,0,0,0,0,0,0,0,0,0,0,0,0,0,0,0,0,0,0,0,0,0.00193170361249575,0.000534451395325999,0,0.000171417211364953,0,0,0,0,0.00707403290195366,0,0.0013937146776642,1.38323342450223,0.011773220157223,0,0.0245903551959609,4.52770321237119e-05,0.00023337069444535,0,3.65229055453505,0,0,0,0,0,0.000719930465400278,0.00124996746952748,0,0,0.0399256318534236,0,0,0,0.0138586444863405,1.54547174563433,0.13760605177767,0,0,0.0161591589333371,0.0254215726742613,0
0,0.861208427008387,0,0,0,0,0,0,0.011464591545841,0,0.00197757348957919,0,0.0106587146951271,0,0,0.00337705755437046,0,0,0,0,0,0.20622855953472,0,0.00319726583377868,0.293346893896303,0.00635470210786504,0.148286655192977,0.000814537617471753,0,0,0,0,0,0,0,0,0.00193876008416212,0.000852568288825083,0,0,0,0,0,0.00034289368587171,0.000651381483260766,0,0,0,0,0,0,0,0,0,0,0,0,0.0371718088146593,0,0.000190789916545758,0,0.000450152500103855,0,0,0.120847261419538,0,0.00024374890072257,0.00140493905107574,0,0,0.764007794496375,0,0.0091533352866114,1.27199774372971,0.250801286592658,1.62158188104315,0.000178414751221528,0,0,0,0,0,7.15445792255874e-05,0
0,0,0,0,0,0,0,0,0,0,0,0,0,0,0,0,0,0,0,0,0,0,0,0,0,0,0,0,0,0,0,0,0,0,0.000102572882105497,0.000708219185605954,0,0,0,0,0,0,0.0277872835588895,0.413098945611804,0.0488148433493629,0.0332687281485693,0,0,0,0,0,0,0,0,0,0,0,0.000679917971988021,0,0,0,0,0,0,0.00338564588314072,1.24468796840792,0,0.0151822869996957,0,0.0703982286495929,8.28269644003905e-05,2.65734300906802,0,0,2.11564547757535,1.22261019544049,0.0129462367119735,0.000235144153320491,0.025234788915528,0,0,0,0.0433826089384316,0.000182350827897271
0,0,0,3.73273092692176,0,0,0,0,0,0,0,0,0,0,0,0,0,0,0,0,0,0,0,0.60114781510761,0,0,0,0.048439378965378,0,0,0,0,0,0,0,0,0,0,0,0,0,0,0,0,9.06057034089384e-05,0,0,0,0,0.00707403290195366,0,0,0,0,0.0205248389531688,0.0510118682957296,0.000351351377576123,0.0240368672035005,1.68684028663378,0,1.05863061094718,0,0.00543310014958674,0,0,0,0,0,9.22514658712415,0,0,0,3.5233997881186,0,0,0,1.73034050587054,0.00515733233776046,0,0,0,0,0.000705597146020028,0
0,0,0,0,0,0,0,0,0,0,0,0,0,0,0,0,0,0,0,0,0,0,0,0,0,0,0,0,0,0,0,0,0,0,0,0,0,0,0,0,0,0,0,0,0.002858012335872,0,0.628289294106944,1.57975674139126,0,0,0,0,0,0,0.516605727134725,6.07307351505829e-05,0.00533170585577892,0,0,0,0,0,7.66239170870917e-05,0.00162139655455371,0,0,0,0,0,0,0,0,0,0,0,0,0,0.0199981944254045,0,0,0.274600714686046,0.000338963039997184,0.0713649595658386,0
0,0,0,0.00124675175342714,0,1.33019535720337e-05,0,0,0,0,0,0.000571548254946739,0,0,0.00107008412397386,0,0,0,0,0,0,0,0,0,0,0,0,0,0,0,0,0,0,0,0.00385371681056125,0,0,0,0,0,0,0,0.000164451858346254,5.24172312418316e-05,0.00324554504984099,6.03019765129261e-05,0.148651542473716,0.251747829400197,0,0.0013937146776642,0,0,0.0205248389531688,0.516605727134725,0,0.0159690401346115,1.99128143375846,7.26736827565085e-05,0.390511857401037,8.67569111355545e-05,0.981500335261326,0,0.00945660189201272,0.29563356021317,0,0,0,0,0.165040971696497,0,0,0,0.0395186118172707,0,0,0,0.00279994034697057,0.112976948774421,0,0,0.00497957702125844,0.000766273397529403,0.0509900500358029,0.719786671965298
0,0,0,0.000215426349682458,0,0,0,0,0.000475243053286572,0,0,0,0,0,0,0,0,0,0,0,0,0,0,0.000713369714867872,0,0,0,0,0,0,0,0,0,0,0,0,0,0,0,0,0,0,0.00222350779671472,4.95969219813444e-05,0.00366741811822519,0.00101982147225443,0.00904804651563808,6.61374002293652e-05,0,1.38323342450223,0,0,0.0510118682957296,6.07307351505829e-05,0.0159690401346115,0,0.059160523300467,0.00960318788045575,2.87704098115268,0,0.000148656296980823,0,0.946647793633173,0,8.86748549666196e-05,0,0,0,0.00118517743704008,0.00497879992026843,6.98786738340274e-05,0.000259801892229985,0.604754329216696,0,0,0,2.64300541164937,0.262089244700811,2.9673367046083,0,2.71608258274082e-05,0.0282327619521003,0.025997725448771,0
0,0,0,0,0,0,0,0,0,0,0,0,0,0,0,0,0,0,0,0,0,0,0,0,0,0,0,0,0,0,0,0,0,0,0,0,0,0,0,0,0,0,3.87577485010601e-05,0,0.000325780553404719,0,0.0579761108017492,0.0264595612322482,0,0.011773220157223,0,0,0.000351351377576123,0.00533170585577892,1.99128143375846,0.059160523300467,0,0,0.0857713535959108,0,0,0,3.07769618848628,0.0216087432293926,0,0,0,0,0.000122749687775075,0,0,0,0.00229938287822259,0,0,0,0.00131475254403071,0.283913516707424,0,0,0.0483491724831384,0,0.016728773874446,0.0190135069187071
0,0.00917298672000337,0,0.000447989037872945,0,0,0.000981670768236153,0,1.51317362536407,0,0,0,0,0,0,0.00129294335969025,0,0,0,0,0,0.494911089762698,0,0.0423279701733679,0.000849657482075238,0,0.00175359686966482,0.129419440544117,0,0,0,0,0,0,1.20379537370818e-05,0.000875656938184713,0.00017103487348779,0,0,0,0,0,0.251026630199371,0.134321636904807,0.00624625885378497,0.0357910050530173,1.24772014839789,0,0,0,0.0371718088146593,0.000679917971988021,0.0240368672035005,0,7.26736827565085e-05,0.00960318788045575,0,0,0.00274910181359288,0,0.221986799775272,0.000163150608548483,6.58030966834144e-05,0,0.0423219998074736,0,0,0,0.202445415813929,0.000166267102574817,2.12581604170532,0.00127062022509409,4.1934586536515,0,0.000223094388932412,0.00720831281139098,0.0435997809037115,0,7.18781053263978e-05,0,0,0,0.000829126597316609,0.000950936765826707
0,0,0,0.0226882058711727,0,0,0,0,0,0,0,0,0,0,3.08373419033057e-05,0,0,0,0,0,0,0,0,0.000653187132175722,0,0,0,0,0,0,0,0,0,0,0.000168785889418835,0,0,0,0,0,0,0,9.48938098441574e-05,0,0.000357431016037038,0,0.00115449971749373,3.67227083608876e-05,0,0.0245903551959609,0,0,1.68684028663378,0,0.390511857401037,2.87704098115268,0.0857713535959108,0.00274910181359288,0,0,0.38289507741686,0,0.406487687123941,0,0,0,0,0,0.99211384482733,0,0,0,0.319096314177527,0,0,0,0.963363766193299,0.0230227534485475,5.7626330833109e-05,0,0,3.8802465311575e-05,0.0024797003775798,0.189273557649981
0,0,0,0,0,0,0,0,0,0,0,0,0,0,0,0,0,0,0,0,0,0,0,0,0.00112560358724226,0,0.000121844124301186,0,0,0,0,0,0,0,0,0,0,0,0,0,0,0,0.00133242235303561,0.858984541004478,0.519955175598877,0.0263678939960427,0,0,0.044817129405168,4.52770321237119e-05,0.000190789916545758,0,0,0,8.67569111355545e-05,0,0,0,0,0,0,0.960205703396485,0,0,0,0.0175549230076846,0.638319398351892,1.38125904067029,0,4.01436437181941e-05,0,0,0,0.0343275039552902,1.39748560110816,0.0130196852951218,0,0.000422629765529972,0,0.116595557828224,0,4.34523965868465e-05,1.27977617662171,8.90799160833369e-06
0,0,0,0.28877789898239,0,0,0,0,0.0249650483624048,0,0,0.0184221500284204,0,0,0,0,0,0,0,0,0,0,0,0.00170765569831564,0,0,0,0,0,0,0,0,0,0,0.0155124088365491,0,0,0,0,0,0,0,5.60940722103657e-05,0,0,0,0.20248579176856,0,0,0.00023337069444535,0,0,1.05863061094718,0,0.981500335261326,0.000148656296980823,0,0.221986799775272,0.38289507741686,0,0,0,0.00010870641080012,0.553603312378784,0,0,0,0,5.05853043715595,0,0,0,0.906110214037896,0,0,0,0.0144872917737146,8.03784723444096e-05,0,0,0,0,6.27574351444084e-05,0.471113742154143
0,0.000802042015481292,0,0,0,0,0,0,0,0,0.00916139718387711,0,5.03960105620439,0,0,0,0,9.10598896747099e-05,0,0,0,0,0,0,0.439232524300277,0.000574776919796287,0.110922782255048,0,0,0,0.143422837068471,0,0,0,0,0,0.0260839812630219,0.00199872193943655,0.000943110226840629,0,0,0.0230474461736093,0.00417864776420273,0.770611622110195,0.16823500996792,0.00944997644820587,0,0,0.322173555697648,0,0.000450152500103855,0,0,0,0,0,0,0.000163150608548483,0,0.960205703396485,0,0,0,0,0,0.000191032918455526,0.00986096422795981,0.00566988827761116,0,0,0,3.10372083237454e-05,0,0.478131770576104,0.659550845313384,0.20780761213082,0,0,0,0.199574489771128,0,0,0.040984675336751,0
