0,0.000178221418879938,0.000903191355928319,0.000235114754845387,0,0.0531344835753111,1.20841074619287,0.928287097784963,0.035002006222725,0.0174629316148301,0,0,0.000395549115885426,4.14958494693683,0,0.00135277073984828,0,0,0,0.00213859365849842,0.000534002264669368,0.00257646074115979,0.00147445621764089,0.0623515511874359,0.000194108107560371,4.00796355267208e-05,0.00017383940402494,0.0489498992053968,0.579845192457624,0.397699604633118,0,0.000132273495270212,0.329000604073118,0.236831575337312,0.000135300161256253,0.0376291476750066,0.00428083731105842,0.0246634448783786,0.0286904748560988,0.0169644981981731,0.000366087541335342,0.00046815651532776,0.000144988218077591,0,0.000146912228299718,0,6.4650694047931e-05,0,0,0.000329843014902909,0.000324042234908898,0,0,0,0,0,0,0.0133598024709516,0,0,0,0,0,0,0.00112146189058214,0.000151101647447915,0,0.000343428016498754,0,0.000384393995546265,0.00131111730433812,0,0.0126030125645443,0,0,1.10944466049851e-05,0.00264154331119983,0,0.000120772740026609,0,0,0,0.000126293714322041,0
0.000178221418879938,0,0.0341189913697077,0,0,0,4.88897637012167e-05,0,0.133709174056949,0,0.000775449698676236,0,0.0566573948578056,9.82015654120015e-05,0,0.135894024962119,0.0137433573020025,0.00132291526839524,0.00902881874922913,0,0.000417071026626353,1.15612380522984,0.00243167262493981,0.0463659886730922,2.71783636730186,0.0508459639104453,1.49625345132326,0.00161439969582535,2.64171404636415e-05,0.000199327814188056,0.00105283537102844,0,0,0.00068713573924066,4.57074325748499e-05,0.00820413200805651,0.208302176165348,0.0747656531384854,0.0270795138240783,0,0,0.00092474860197677,0.000516755837892147,0.00239804359165466,0.00189055829627588,0.00133630034554619,0,0,0,0,0.283566653125873,8.31998607467013e-05,0,0,0,0,0,0.0184295149272834,0,0,0,0.00023764454438315,0,0,0.00438452081360653,0.00123405909477424,0,0.00452283872762331,0,0,0.131071804399402,5.80966913465986e-05,0.0026076629422849,0.0177936794604808,0.00883884994694062,0.01475786590701,0.000426076802268885,0,0,0.000231907346157009,0,0,0.000539721771991034,6.86434801466821e-05
0.000903191355928319,0.0341189913697077,0,0,0,0.000147416262762173,0.00639242863467283,0.000531553745727465,6.28813292295523e-05,0.000283625763762587,0.000301619733932786,0,0.000277258354349635,0.000255078028506942,0,0.015485471613854,1.36529824483315,0.000276041657304903,0.00820474918894281,0,0.0515814015469232,0.001115349974812,5.22239354345174,0.00118962189715217,0.00320561946646092,1.20155714074104,2.43381036146873,0.0369572024747242,0.00032451805807761,0.0258482022180884,0,0,0,0.0105082079858429,0.000132995670177005,0.0393514515023108,0.53361005445253,0.245073067789483,0.0441982080784272,0,0,0.000547900462298587,0.000336024718505391,0,0,0,0,0,0,0,0,0,0,0,0,0,0,0.00044508825115485,0,0,0,0,0,0,4.13830254370143e-05,0,0,0,0,0,0,0,0.000194542125124918,0,0.000558852984025898,0,0.000397616511188384,0,0,0,0,0,0,7.44549380836828e-05
0.000235114754845387,0,0,0,0,0.000685006672650879,0.0493180243865024,0.000433190899755669,0.0955376543045758,1.70944636346352,0,0.675436659923617,0,0.000135333678505317,0,0,0,0,0,5.60454099798116,0,0,0,2.78553674924592,0,0,0,1.70698309866631,0.000412813359819528,0.000186217386747164,0,0,0,4.57366492062389e-05,0,0.000151296841289148,0.000125898076411474,0,0,0.000688483020595515,0.000350383295024889,0,0,0,0,0,0,0,0,0,0,0,2.01393030047075,0,0,0,0,0,0.0035395345710066,0,0.534618029259769,0,0,0,0,0,0,0,1.17030553177192,0,0,0,0.00248254402313062,0,0,3.08702631413467e-05,0.00556379261145368,0,0,0,0,0,9.43611267651412e-05,0
0,0,0,0,0,0.272621975560939,0,0.252457505043723,0,0,0.0417442586071947,0,0,0.00476535527213164,0,0,0,0,0,0,0,0,0,0,0,0,0,0,0.0294891695865619,0,0,1.78935242750236,0,0.0491926056654155,0.0124476840238319,0,0,0.00136625685880632,0,0.238935839196721,1.44129071358281,0,0.000738457700787579,0,0,0,0,0,0,0,0,0,0,0,0,0,0,0,0,0,0,0,0,0,0,0,0,0,0,0,0,0,0,0,0,0,0,0,4.44938863675818e-05,0,0,0,0,0.000211501014234186
0.0531344835753111,0,0.000147416262762173,0.000685006672650879,0.272621975560939,0,0.154830121540566,2.433065653138,0.00234394561853388,1.70698620794597,0.000485827411729686,1.11484641180338,0,0.126030777079567,0.282284152872732,0.000311642132966806,0,0,0,0.0366785407431516,0.000635494777962953,0.000397930551504987,0.000362583970208253,0.00953386185806923,0,0,1.91409243930081e-05,0.015332580007689,0.169912538064769,0.00311922096292028,0,0.230051243944772,0.000798360696786378,0.0726793939092333,8.49003124867315e-05,0.0041932281704455,0.000238511495929471,0.0257710607502087,0.000689635873975941,1.13568412162241,0.25617013898318,0,0,4.1409508462736e-05,0,0,0,0,0,0,0,0,0,0,0,0,0,0.0015858080714002,0,0,0,0,2.58377617876011e-05,0,2.11639287844461e-05,0,0,0,0,0,3.87928509868046e-05,0,0.000614453378989562,0,0,6.54892997890445e-05,0.000314273232972649,0,2.32919833940833e-05,0,0,0,0,5.59426430779457e-05
1.20841074619287,4.88897637012167e-05,0.00639242863467283,0.0493180243865024,0,0.154830121540566,0,0.252979346456669,0.0854388676702336,2.47928301656225,0,0.00574103432391958,0.000193348294990554,0.465563232458786,0,0.00464311134490448,0.000335039804982176,0,0,0.129241566107055,0.0253167200938878,0.000885484080613899,0.0254433015903086,0.3690822029939,0,0.00022353056495915,0.00189301990135081,2.81188706411965,0.118944228813008,1.39182886011422,0,7.37931165908472e-05,0.0262950321412273,0.0679563299511688,0.000335459694149644,0.0395971683648858,0.0184878608096668,0.0207361077431248,0.0137203908271623,0.1206931230756,0.000405579070424647,0.000552934732889539,0.000545716944141414,0,0.000294447198952519,0,0.000101355539145519,0,0,0.000884144878892089,0.000191932851291968,0,0,0,0,0.000605837522734624,0,0.0157852830970049,3.3491876886903e-05,0,0,0,6.93176804759488e-05,0,0.00094016176081336,0,0,0,0,0.000169023320646096,0.00190655985740762,3.3724717081718e-05,0.022835590672665,0,0,0,0.00363341458549865,0.000243434429859299,0.000371828397958962,0,0,0,0.000102499390382075,0.000195568304927615
0.928287097784963,0,0.000531553745727465,0.000433190899755669,0.252457505043723,2.433065653138,0.252979346456669,0,0.00556921987413099,0.77640526055871,0,0.00147835410702606,3.73923838986653e-05,2.44784265026293,0,0.000340965313305121,7.73570877615065e-05,0,0,0.00359307476467338,0.00249755572218115,0.000471245930663677,0.00225636287667823,0.0125751622803835,0,0,0.000135985272957052,0.0146780016113331,0.295229432618849,0.0248504234206387,0,0.275325121694591,0.00427249168368764,0.0645678648753373,5.20757652891182e-05,0.00978499450629717,0.00195852101543591,0.0048828990170524,0.0039223733872698,0.0943249796323188,0.0648266273440964,6.37008988378651e-05,0.00028341853342995,7.47947239205984e-05,0,0,0,0,0,0,0,0,0,0,0,0,0,0.00116583756783065,0,0,0,0,0,0,9.02268481088805e-05,0,0,0,0,0,0,0,0.00217639581935608,0,0,5.89805299920268e-05,0.000438302387942922,1.65265067251813e-05,0,0,0,0,0,6.39079552298147e-05
0.035002006222725,0.133709174056949,6.28813292295523e-05,0.0955376543045758,0,0.00234394561853388,0.0854388676702336,0.00556921987413099,0,0.0108402580148789,9.48681711630144e-05,1.61436088365709,0.00205078629203092,0.00570990277353516,0.0383594381532999,0.0240458243956734,0,5.0594191107953e-05,6.66243744657765e-05,0.231925456117454,0,1.72967107851968,0.000457877626672828,4.34461266686746,0.0524903258138937,0.000660992535778054,0.02238028656372,0.0743075330453758,0.0186290770057904,0.0105083827415981,0,0,0.00488824861132789,0.0103710160248805,0.0059823431883136,0.0137511335871883,0.00679432186045661,0.00242987024711901,0.00560018448032578,0.775620437879376,0.000141204770650597,0.000121700318297613,0.0042666553443896,0.000520025546013935,0.00676621455230782,0.00929970228339036,0,0,0,0.0151285921233648,0.0970052501485854,0.000345886530786613,0,0,6.68050481030706e-05,0.00388615560181819,0.000683006679815149,1.0008163612438,0.000265414148163695,0,0,0,0.00105490333144696,0,0.0743078014768189,6.02980859489444e-05,0,0,0,0.000227795394216455,0.451267387761427,0.000808817687489501,0.258090759361998,0.0155498198269412,0.00139174987531985,0.00719687908954508,0.0408382326491935,0.0024213530305276,0.0030308413445136,0,0,0.000165346587152893,0.00189255509323321,5.08384193623371e-05
0.0174629316148301,0,0.000283625763762587,1.70944636346352,0,1.70698620794597,2.47928301656225,0.77640526055871,0.0108402580148789,0,0,0.733502690447556,0,0.375589403650612,0,5.31236172852251e-05,0,0,0,2.08252138137684,0.00108908846199522,0,0.00118982182042665,0.109939763976698,0,0,8.54056200294208e-05,0.539445856598243,0.013928265019397,0.00543067311195934,0,0,0.000428257767532412,0.0026274512382079,2.80532624333232e-05,0.00275954729147475,0.00109135268980997,0.00142038293907069,0.00133758846966908,0.142371654486249,6.07657956190133e-05,0.000184325290506823,0,0,0,0,0,0,0,9.65920913850726e-05,0,0,0,0,0,1.76666146579935e-05,0,0.000405178321162985,0,0,0,0,0,0,2.57078301406212e-05,0,0,0,0,0,0,0,0.000829357217568145,0,0,0,0.000263963492472098,0,0,0,0,0,0,0
0,0.000775449698676236,0.000301619733932786,0,0.0417442586071947,0.000485827411729686,0,0,9.48681711630144e-05,0,0,0,0.791384533531843,0,0,0,0.001159483877845,0.64210038593931,1.42569201272427,0,0,0.000156650477449366,0.000211662106720972,0,0.225874261625031,0.233911509223677,0.0184278057694545,0,0,0,0.00450709278727517,0.989440896628894,0,0.0897396130871515,5.95978057148063e-05,0.00451492394705317,0.432663519916264,0.855842748981042,0.0909600416964437,0,0.00190691176687521,0.25686486261585,0,0.000250814278779043,0.000367443238546216,0,0,0,0,0,0,0,0,0,0,0,0,0,0,0,0,5.9083123134599e-05,0,0,0,0,0,0.000885849687318169,0,0,0,0,0,0.00987882873329856,0.00134744577515432,0.000829080509838147,0,0,0,0.00016635570924196,0,0,0,0
0,0,0,0.675436659923617,0,1.11484641180338,0.00574103432391958,0.00147835410702606,1.61436088365709,0.733502690447556,0,0,0,0,0.376730166690741,0,0,0,0,7.60915996442912,0,0,0,0.889071154302753,0,0,0,0.0108671306527548,0.000147785145328649,0,0,0,0,0.000138877635475401,0.156522051257873,0,0,0.000178895156874393,0,0.326795408668498,0,0,0,0,0,0,0,0,0,0,0,0,0.0109130487857777,0,0,0,0,0,0.000174555980683139,0,0.0420633233697047,0,0,0,0,0,0,0,0.028872240188086,0,0,0,0.000147601836084209,0,0,0,0,0,0,0,0,0,0,7.21682246549579e-05
0.000395549115885426,0.0566573948578056,0.000277258354349635,0,0,0,0.000193348294990554,3.73923838986653e-05,0.00205078629203092,0,0.791384533531843,0,0,2.15546731292971e-05,0,0.00543542326916448,6.34436115004976e-05,0.00466136963738288,0.00269719957931605,0,0.000217141174680662,0.00622832419087338,0.00183195418464493,0.00223477804150571,8.4087417122856,0.234712837197698,1.1166617543971,0.00272578090254176,5.88516354369257e-05,0.000266965291220757,2.53854639470467,0,0,0.000701158464474017,7.94960722117073e-05,0.14045547758603,0.473484316610551,0.0866116035558647,0.0234086336631712,0,0,0.636712170018711,0.00136230223505133,0.00153786521935956,0.00193669413410441,0.000700472145312827,0,0,0,0,0.00576334761520828,0.000689543077525057,0,0,0,0,0,0.000652201344636177,0,0.000273258699997015,0,1.45624020911233,0,0,0.000217812650719849,0.000224667611450229,0,0.00308090993785874,0,0,0.000960545054160588,4.47272016030824e-05,0.000511078996019147,0.210636202120631,0.00954480683421373,0.00890648440327525,0.00017512024246879,0,0,0.248134677781285,0,0,0.00117286252023157,0
4.14958494693683,9.82015654120015e-05,0.000255078028506942,0.000135333678505317,0.00476535527213164,0.126030777079567,0.465563232458786,2.44784265026293,0.00570990277353516,0.375589403650612,0,0,2.15546731292971e-05,0,0,0.000147025157467222,0.000382037298449989,0,0,0.000557736373020461,0.000106527634035443,5.51033178151986e-05,0.000250459643972964,0.0153731905524779,0,0,2.88150436780263e-05,0.0101638320408857,4.85570825759837,0.304769595605774,0,0.1792027207932,0.00451629489092031,0.0317973104215968,1.09659435871768e-05,0.00243581361358361,0.000379204901803612,0.00257707197958967,0.00113714097167715,0.00545137748502286,0.00436214475980483,0,0,0,0,0,0,0,0,4.9567590302009e-05,6.09797663673551e-05,0,0,0,0,0.000114702636820584,0,0.00104209015564842,0,0,0,0,0,0,9.0192559160806e-05,0,0,0,0,0,0,0,0.00231522505901142,0,0,0,0.000604495099824753,1.56914640445136e-05,1.31387410070949e-05,0,0,0,2.03165047951953e-05,0
0,0,0,0,0,0.282284152872732,0,0,0.0383594381532999,0,0,0.376730166690741,0,0,0,0,0,0,0,0,0,0,2.28090254447478e-05,0,0,0,4.08658051214254e-05,0,0,0,0,0,0,0,0.0655636952866457,0.00139158981549842,0.000438052689328465,0.000709727324456189,0.000209466992615492,0.0496658623421636,0,0,0.000659493130659218,0.00111005123547075,0,0.000961818099613349,0.000324626764954407,0,0,0,0,0,0,0,0,0,0,0,0,0,0,0,0,0,0.000110942785645739,0,0,0,0,0.000126197469470287,0,0,0,0,0,0,5.94246563114071e-05,0,0,0,0,0,0,0.00227121675858438
0.00135277073984828,0.135894024962119,0.015485471613854,0,0,0.000311642132966806,0.00464311134490448,0.000340965313305121,0.0240458243956734,5.31236172852251e-05,0,0,0.00543542326916448,0.000147025157467222,0,0,0.00136128420972736,0,0.000323457421807236,0,0.251462445327988,6.38327257707105,1.82835343592926,2.54180870505068,0.0129572417282617,0.00167216172338523,0.830657614089979,0.51936644786218,0.000924157950549022,0.021404727648846,0,0,0,0.072175347794964,0.00363719435095738,0.512335697666262,0.615365622318696,0.33878722083105,0.38729443517029,0,0,0.0100645210554093,0.00569585269433598,0.000791125121935771,0.000356952348139802,0.000924543985106119,0.000502491717473963,0,0,0.00178064680317355,0.0217434995995141,6.8143959435774e-05,0,0,0,0,0,0.0195427491543849,0,0,0,0,0,0.000637552154069165,0.00468838444818571,0,0,0,0,0,0.0444407640251376,0.000343249133317858,0.00686948453615182,0.00105552091168082,0.000330059838727386,0.002135541813557,0.00159175963610689,0.000148325080500937,1.98149022311604e-05,0,0,0,0,0.00174989998053397
0,0.0137433573020025,1.36529824483315,0,0,0,0.000335039804982176,7.73570877615065e-05,0,0,0.001159483877845,0,6.34436115004976e-05,0.000382037298449989,0,0.00136128420972736,0,0.00411970596381138,0.338123379185399,0,0.000970043981595686,5.92902055284207e-05,1.25644666599434,0.000267158891719577,0.00108382161156266,1.17118285078818,0.0414657893480189,0.000826741084823915,0.468734400273076,0.000551281291684789,0.000292769940985795,0,0,0.00821535233622909,0,0.00276075196121495,0.0414169963088858,0.0146154869890115,0.00195106208873728,0,0,0.000137258262429524,0,0,0,0,0,0,0,0,0,0,0,0,0,0,0,0,0,0,0,0,0,0,0,0,0,0,0,0,0,0,0,0.000100190604597422,0,0,0,0,0,0,0,0,0,0
0,0.00132291526839524,0.000276041657304903,0,0,0,0,0,5.0594191107953e-05,0,0.64210038593931,0,0.00466136963738288,0,0,0,0.00411970596381138,0,0.713437806294667,0,0,0.000149977067580135,4.43507407832046e-05,6.22041244179453e-05,0.0348465706294881,0.644531465688745,0.00510355444746942,0,0,0,0.000929946975415924,0,0,0,0,0,0.0403116342842841,0.00136076304259198,0.00233432502429765,0,0,0.000968916713972617,0,0,0.000196432327611842,0,0,0,0,0,0,0,0,0,0,0,0,0,0,0,0,0,0,0,0,0,0,0,0,0,0,0,0,0.00435290282745757,0.000553155747779324,7.01074717635608e-05,0,0,0,0.000254818154616733,0,0,0,0
0,0.00902881874922913,0.00820474918894281,0,0,0,0,0,6.66243744657765e-05,0,1.42569201272427,0,0.00269719957931605,0,0,0.000323457421807236,0.338123379185399,0.713437806294667,0,0,0,0.000217019913413138,0.00120331040434699,0.000237212871615082,0.0336534599905428,1.44584488975181,0.042933075765891,0.000177088647126062,0,0,0.000644148430553604,0,0,0.00621796210712005,1.48915550753921e-05,0.00276873926509041,0.0733394331570204,0.121793960155708,0.0319608475419433,0,0,0,0,0,0,0,0,0,0,0,0,0,0,0,0,0,0,0,0,0,0,0,0,0,0,0.00071455717967997,0,0,0,0,7.39507882760362e-05,0,4.909170062625e-05,0.00334247368422763,4.72565097483575e-05,0,0,0,0,0,0,0,0,0.000115604153665275
0.00213859365849842,0,0,5.60454099798116,0,0.0366785407431516,0.129241566107055,0.00359307476467338,0.231925456117454,2.08252138137684,0,7.60915996442912,0,0.000557736373020461,0,0,0,0,0,0,0,0,0.000140938978956668,0.967435703340532,0,0,0,0.323341429479021,0.00216087198216537,0.000113572063661884,0,0,0.000175661271692744,6.38180301583691e-05,0,0,0,0.000231740864128535,0,0.018299177920018,0,0,0,0,0,0,0,0,0,0,0,0,0,0,0,0,0,0.000479667628602375,0,0,0,0,0,0,0,0,0,0,0,0,0,0,0,0,0,0,3.00770931960953e-05,0,0,0,0,0,0,0
0.000534002264669368,0.000417071026626353,0.0515814015469232,0,0,0.000635494777962953,0.0253167200938878,0.00249755572218115,0,0.00108908846199522,0,0,0.000217141174680662,0.000106527634035443,0,0.251462445327988,0.000970043981595686,0,0,0,0,0.000626517134102111,7.53298183430086,0.050233133823716,0,0.00114455979083237,0.0115259872498536,1.22059157564014,0.415383113562054,2.55248478626057,0,0,0.650533775691506,0.11713939247672,0.000602177498732972,0.0572245374936688,0.105541080306399,0.0791868544219478,0.048632335834885,5.24173422805736e-05,0,0.00040726666098861,0.000384883305616009,0,0,0,0,0,0,0,0,0,0,0,0,0,0,0.000257297598063064,0,0,0,0,0,0,0.000276872831345525,0,0,0,0,0.000115082391750025,0.000413876187197975,0,0.0011794098632875,0,0,0,7.92947453008478e-05,2.71936916393842e-05,0,0,0,0,0,0.000436165216093004
0.00257646074115979,1.15612380522984,0.001115349974812,0,0,0.000397930551504987,0.000885484080613899,0.000471245930663677,1.72967107851968,0,0.000156650477449366,0,0.00622832419087338,5.51033178151986e-05,0,6.38327257707105,5.92902055284207e-05,0.000149977067580135,0.000217019913413138,0,0.000626517134102111,0,0.00235960257510232,1.55542359186129,0.138189107308069,0.00176696663072653,1.22879478107852,0.062972015193748,0.000329405429502242,0.00189202139786607,0.000190837786216591,0,0,0.00444204343192054,0.000211459822196176,0.0203603806832154,0.0293708481258541,0.0161718680837623,0.0132917220554271,0,0,0.000126219519127455,0.00272351345597212,0.00365689491375062,0.00319109728544138,0.00301042748330979,0,0,0,0.00232931463632438,0.46479896324799,0.000737909325730742,0,0,0,0.000515465712343402,0,0.421669952043079,0.000298718312657132,0,0,0,0.000544101642283708,0.000289894620797662,0.0256159463046099,0.000576930553081514,0,0.000248412473928168,0,0.000553363886082844,1.11623463208511,0.000276105415418624,0.0615450289697013,0.0364385586701467,0.00469584381036404,0.0265675500907434,0.00891443594519653,0.000406458635651772,0.000346392228100457,0,0,0,0.00212031788070407,8.45952175418385e-06
0.00147445621764089,0.00243167262493981,5.22239354345174,0,0,0.000362583970208253,0.0254433015903086,0.00225636287667823,0.000457877626672828,0.00118982182042665,0.000211662106720972,0,0.00183195418464493,0.000250459643972964,2.28090254447478e-05,1.82835343592926,1.25644666599434,4.43507407832046e-05,0.00120331040434699,0.000140938978956668,7.53298183430086,0.00235960257510232,0,0.022875328182984,0.000341677050912839,0.0489709759076614,1.21079313915951,0.406163728252763,0.893440408133892,0.235821028118325,0,0,0.0852949662756831,0.0648663236109286,0.00482116746572931,0.220138261525832,0.603617404525031,0.679089392811777,0.215580828346053,0.000543985039230593,0,0.00270672322340628,0.00401996090316391,0.000506862385507793,0.000142479688068819,0.00053923073348205,6.5136111123926e-05,0,0,3.95909115854434e-05,0,0,0,0,0,9.02367768586005e-05,0,0.000352297160992034,0,0,0,0,0,0.000208472510459471,0.000246267871102124,0,0,0,0,0,0.000235816816369911,3.84872432872393e-05,0.000927369438107737,4.34159073672905e-05,0,8.29649252065828e-05,0.000359832593100997,0,2.40929516468495e-05,0,0,0,0,0.00131009324772998
0.0623515511874359,0.0463659886730922,0.00118962189715217,2.78553674924592,0,0.00953386185806923,0.3690822029939,0.0125751622803835,4.34461266686746,0.109939763976698,0,0.889071154302753,0.00223477804150571,0.0153731905524779,0,2.54180870505068,0.000267158891719577,6.22041244179453e-05,0.000237212871615082,0.967435703340532,0.050233133823716,1.55542359186129,0.022875328182984,0,0.014874864961958,0.000805477687996358,0.035683821718114,3.68094123378131,0.0533506795367059,0.0348089587639135,0,0.000100782655228098,0.00743090618810489,0.04267937718258,0.000846749041707448,0.13362702930161,0.0448496244168801,0.0261617095005075,0.0447217674269047,0.00873871411944747,0,0.00173479648125977,0.0104766729133081,0.000748527294687813,0.0135676892546706,0.00924206051555489,0.000326934984491168,0,0,0.0144702634031783,0.0218305092240674,0.000294797313127299,0.242472484843774,0,0,0.0135517023236513,0.00184363790094421,0.302298044416361,0.00104739166601283,0,0.000374714307720979,0,0.002943144038406,0,0.0503053633215062,0.000138188294136158,0,0,0.014098893700316,0.00244590378802327,0.0831766848011745,0.002093610986386,0.725376801246002,0.00293469753017192,0.000852667687970558,0.0038615663950194,0.186652759408523,0.00649821340660556,0.0104979844032845,0,0,0.000904036380589262,0.0065529029935636,0.000820371751660591
0.000194108107560371,2.71783636730186,0.00320561946646092,0,0,0,0,0,0.0524903258138937,0,0.225874261625031,0,8.4087417122856,0,0,0.0129572417282617,0.00108382161156266,0.0348465706294881,0.0336534599905428,0,0,0.138189107308069,0.000341677050912839,0.014874864961958,0,0.151164775204833,1.24488630231903,0.000836860069176441,0,2.07302938013704e-05,0.0348441299083811,0,0,0,0,0.0666502044999957,1.41939122135608,0.0496602526252452,0.0342917326168719,0,0,0.807550950793161,0.125742230106053,0.0338115980000993,0.0245589960911739,0.0049576776272977,0,0,0,0,0.0709731990605398,0.00189242761577023,0,0,0,0,0,0.00600703331907153,0,0.00186831317115844,0,0.698187217005466,0,0,0.00117435715847885,0.00350758181060287,0.00445713456337755,0.0551500014365428,0,0,0.0375432841607529,0.000424216079426476,0.000988642076313777,0.498951109168284,0.148773346838142,0.0734893926740499,0,2.96114741968074e-05,8.20107741264474e-05,0.00833027912492827,0,0,0.00591184057835004,0
4.00796355267208e-05,0.0508459639104453,1.20155714074104,0,0,0,0.00022353056495915,0,0.000660992535778054,0,0.233911509223677,0,0.234712837197698,0,0,0.00167216172338523,1.17118285078818,0.644531465688745,1.44584488975181,0,0.00114455979083237,0.00176696663072653,0.0489709759076614,0.000805477687996358,0.151164775204833,0,1.96614876901903,0.0011700054028221,0,0.000525281947810645,0.412149390131921,0,0,0.00137429303395412,7.68329883471495e-05,0.0147485168253536,0.388659328938753,0.0685825716754249,0.0125638260518678,0,0,0.00396480142793075,0.000306007215234707,0.000702526267167419,0.00191405527251212,0.000362417610895213,0,0,0,0,0.00131976085250214,0.000267325691881729,0,0,0,0,0,5.12253721439981e-05,0,4.98792700856351e-05,0,0.00162174681923902,0,0,0,9.45863248896228e-05,0.000420172777232192,0.00305006351780698,0,0,0.00010592148657511,0.00011312289599193,0.000101132536692742,0.0125618840843218,0.00791306197002294,0.00513826995712138,0,0,0,0.00409755272498213,0,0,0.000403119064269937,7.24451499976462e-05
0.00017383940402494,1.49625345132326,2.43381036146873,0,0,1.91409243930081e-05,0.00189301990135081,0.000135985272957052,0.02238028656372,8.54056200294208e-05,0.0184278057694545,0,1.1166617543971,2.88150436780263e-05,4.08658051214254e-05,0.830657614089979,0.0414657893480189,0.00510355444746942,0.042933075765891,0,0.0115259872498536,1.22879478107852,1.21079313915951,0.035683821718114,1.24488630231903,1.96614876901903,0,0.018888257731319,7.35426601404111e-05,0.00457704423775211,0.228527008149113,0,2.39413418882321e-05,0.0149125599646817,0.00125774689949786,0.0833782415390542,0.599589721889366,0.544623099731238,0.0720112157653752,5.57614131805294e-05,0,0.00198241917142638,0.00100621946324694,0.000845136187215081,0.00357589101326708,0.000133373145751191,0,0,0,2.55462739082602e-05,0.0388524216119455,0.000509831290724289,0,0,0,1.49412024820724e-05,0,0.00557716155334561,0,0.000242955588197703,0,0.0182622205656461,0,0.000125725594270457,0.00113623649775689,5.14335084640712e-05,6.5682469149287e-05,0.00480905125336809,0,0,0.0299925195900577,0.000178048941529767,0.00154175412433147,0.0266862940390389,0.0199055161301594,0.0745972106950184,0.000282360281134492,0,0,0.0631682849901142,0,2.26240006428518e-05,0.00063433998024832,0.000402262696734427
0.0489498992053968,0.00161439969582535,0.0369572024747242,1.70698309866631,0,0.015332580007689,2.81188706411965,0.0146780016113331,0.0743075330453758,0.539445856598243,0,0.0108671306527548,0.00272578090254176,0.0101638320408857,0,0.51936644786218,0.000826741084823915,0,0.000177088647126062,0.323341429479021,1.22059157564014,0.062972015193748,0.406163728252763,3.68094123378131,0.000836860069176441,0.0011700054028221,0.018888257731319,0,0.031210260238751,1.60266592862293,0,0,0.00864292924438884,0.131380742120995,0.0024548585454724,0.261353820071293,0.13903505957263,0.123438646733804,0.102059923417781,0.00780158500243707,6.956366033078e-05,0.00333347016694779,0.0049223003560233,0.000283092878709303,0.00123873960724354,0.000890627937823808,0.000120998657549458,0,0,0.00209286974782899,0.000641674701075103,0,0.243339553242284,0,0,0.00138027918587874,0.000184791777013537,0.0349722249054527,0.00305644380905476,0,0,0,0.000419519961773041,0,0.0144997231145213,0,0,6.88370971934672e-05,0,0.000968145172332099,0.00854478828942855,0.000345623096809213,0.0836577899720104,0.000808825852398809,1.19983809773701e-05,0.00089546882163937,0.0196778492463288,0.00040116923681792,0.00127347025816255,0,0,0.000269562796981486,0.0013143783696069,0.000503981733323015
0.579845192457624,2.64171404636415e-05,0.00032451805807761,0.000412813359819528,0.0294891695865619,0.169912538064769,0.118944228813008,0.295229432618849,0.0186290770057904,0.013928265019397,0,0.000147785145328649,5.88516354369257e-05,4.85570825759837,0,0.000924157950549022,0.468734400273076,0,0,0.00216087198216537,0.415383113562054,0.000329405429502242,0.893440408133892,0.0533506795367059,0,0,7.35426601404111e-05,0.031210260238751,0,4.59466859556387,0,0.488611583993991,2.12621831039623,1.55154775323649,4.02438485780192e-05,0.0237014764852184,0.000550836989760505,0.187178447631758,0.0133931569179377,0.0546571719072413,0.250509208700143,0,5.10654766655817e-05,0,0.000120315002501598,5.93485040040476e-05,0,0,0,0.000178530103649341,0.000160173829076692,0,0,0,0,0.00025763966963739,1.67195936124959e-05,0.00343028512431606,0,0,0,0,1.14206951807227e-05,0,0.00134519225268849,0,0,0,0,4.45394666950556e-05,0.00044374453479765,0,0.00762027181583617,0,0,3.89360372482168e-05,0.00153230483247797,1.72822677881263e-05,0.000272891327232996,0,0,3.01510789420924e-05,2.92220375182675e-05,0
0.397699604633118,0.000199327814188056,0.0258482022180884,0.000186217386747164,0,0.00311922096292028,1.39182886011422,0.0248504234206387,0.0105083827415981,0.00543067311195934,0,0,0.000266965291220757,0.304769595605774,0,0.021404727648846,0.000551281291684789,0,0,0.000113572063661884,2.55248478626057,0.00189202139786607,0.235821028118325,0.0348089587639135,2.07302938013704e-05,0.000525281947810645,0.00457704423775211,1.60266592862293,4.59466859556387,0,0,0.000577905465476789,0.874236268528579,0.547165011610298,0.000547593388112769,0.11576657859553,0.0482140633306822,0.0737364379794814,0.0530177320276959,0.00520863714387045,0.000865799271340888,0.000767100480381338,0.000801493527686863,0.000124429267700886,0.000127077587735484,0.000287211172810387,0.000242272168349086,0,0,0.000489790115834577,0.000315893342603664,0,0,0,0,0,0,0.00915321918914019,0,0,0,0,0,0,0.00179806162098054,0,0,0,0,9.91874088626312e-05,0.0020880097661228,0,0.0130804563217852,8.61139826254383e-05,0,0.000126607913701606,0.00405826270220433,8.1549754318482e-05,0.00018350323780605,0,0,0,2.40383377217239e-05,0.000213521672815272
0,0.00105283537102844,0,0,0,0,0,0,0,0,0.00450709278727517,0,2.53854639470467,0,0,0,0.000292769940985795,0.000929946975415924,0.000644148430553604,0,0,0.000190837786216591,0,0,0.0348441299083811,0.412149390131921,0.228527008149113,0,0,0,0,0,0,0,0,0,0.0035268145479806,0,0,0,0,0,0,0,0,0,0,0,0,0,0,0,0,0,0,0,0,0,0,0,0,0.308073913293381,0,0,0,0,0,0,0,0,0,0,0,0,0.000327530977934644,0.0329387294108354,0,0,0,0.747955669034668,0,0,0,0
0.000132273495270212,0,0,0,1.78935242750236,0.230051243944772,7.37931165908472e-05,0.275325121694591,0,0,0.989440896628894,0,0,0.1792027207932,0,0,0,0,0,0,0,0,0,0.000100782655228098,0,0,0,0,0.488611583993991,0.000577905465476789,0,0,0.00279709104872345,0.427305498071568,0,7.27422881683613e-05,0,0.00808407944434673,0.000309779362077111,0.0366530975706931,1.23655185678987,0,0,0,0,0,0,0,0,0,0,0,0,0,0,0,0,0,0,0,0,0,0,0,0,0,0,0,0,0,0,0,0,0,0,0,0,0,0,0,0,0,0,0
0.329000604073118,0,0,0,0,0.000798360696786378,0.0262950321412273,0.00427249168368764,0.00488824861132789,0.000428257767532412,0,0,0,0.00451629489092031,0,0,0,0,0,0.000175661271692744,0.650533775691506,0,0.0852949662756831,0.00743090618810489,0,0,2.39413418882321e-05,0.00864292924438884,2.12621831039623,0.874236268528579,0,0.00279709104872345,0,0.954075751294979,0,0.0332880066983987,0.00125123988831785,0.0888850934103405,0.0519798700742704,0.0116881681449948,0.00322006370196026,0,8.71389943319463e-05,0,0,0,0,0,0,9.3575974384392e-05,0,0,0,0,0,0,0,0.00250006986923552,0,0,0,0,0,0,5.48869812587983e-05,0,0,0,0,0,0.00201264547482286,0,0.00227588302304834,0,0,0,0.000847088390682349,0,0,0,0,0,0,0
0.236831575337312,0.00068713573924066,0.0105082079858429,4.57366492062389e-05,0.0491926056654155,0.0726793939092333,0.0679563299511688,0.0645678648753373,0.0103710160248805,0.0026274512382079,0.0897396130871515,0.000138877635475401,0.000701158464474017,0.0317973104215968,0,0.072175347794964,0.00821535233622909,0,0.00621796210712005,6.38180301583691e-05,0.11713939247672,0.00444204343192054,0.0648663236109286,0.04267937718258,0,0.00137429303395412,0.0149125599646817,0.131380742120995,1.55154775323649,0.547165011610298,0,0.427305498071568,0.954075751294979,0,0.0012956117896274,0.488899273199915,0.0722535794852819,3.44171201255823,0.594054284156136,0.148699781598022,1.01140160920926,0.00131546058277814,0.00161472453339449,0,0.000824169696933793,0.000235897452500834,3.99417713832187e-05,0,0,0,0.000286192663891072,0,0,0,0,0,0,0.00699449131259245,0,0,0,0,0,0,0.0017572497338344,0,0,0,0,0,0.00196497320358034,2.1863915790369e-05,0.00965330941909488,0,0,8.79650192770181e-05,0.000922829394804093,4.42362389225014e-05,3.60453558684998e-05,0,0,0,0,0.000776789911665599
0.000135300161256253,4.57074325748499e-05,0.000132995670177005,0,0.0124476840238319,8.49003124867315e-05,0.000335459694149644,5.20757652891182e-05,0.0059823431883136,2.80532624333232e-05,5.95978057148063e-05,0.156522051257873,7.94960722117073e-05,1.09659435871768e-05,0.0655636952866457,0.00363719435095738,0,0,1.48915550753921e-05,0,0.000602177498732972,0.000211459822196176,0.00482116746572931,0.000846749041707448,0,7.68329883471495e-05,0.00125774689949786,0.0024548585454724,4.02438485780192e-05,0.000547593388112769,0,0,0,0.0012956117896274,0,0.0652679308749033,0.0221469899765399,0.0407385555859687,0.0263296111822702,1.87576079418248e-05,0,0.000169964623512677,0.049149235206673,0.0196777312300504,0.0087298646995785,0.0116127660461992,0.0108481085552712,0,0,0.00021419411537038,9.2395247778234e-05,0.000601371673875565,0,0,0.000197484290078134,0.000756730400173228,8.16672706293806e-05,7.54978608191885e-05,0,2.62469859543238e-05,0.00125749792375396,0,0.00021454365867185,0.0159872948020698,0.00289448439115378,8.59796868454886e-05,0,0.000118752091098371,0,0.00231286583246998,6.3590119353525e-06,0.00641489989364005,0.000775329749393444,0,0.000149389171227716,0.00143512590720926,0.00296038699785099,0.000187000527131334,0.00107963018347589,0,0,2.85174929933391e-05,0.00099042252796103,0.821297943806662
0.0376291476750066,0.00820413200805651,0.0393514515023108,0.000151296841289148,0,0.0041932281704455,0.0395971683648858,0.00978499450629717,0.0137511335871883,0.00275954729147475,0.00451492394705317,0,0.14045547758603,0.00243581361358361,0.00139158981549842,0.512335697666262,0.00276075196121495,0,0.00276873926509041,0,0.0572245374936688,0.0203603806832154,0.220138261525832,0.13362702930161,0.0666502044999957,0.0147485168253536,0.0833782415390542,0.261353820071293,0.0237014764852184,0.11576657859553,0,7.27422881683613e-05,0.0332880066983987,0.488899273199915,0.0652679308749033,0,3.22976693601228,1.67606624176631,1.72897571873414,1.33694945818543,0.000529325191126068,0.234908637751496,0.269309338503756,0.0359236526738461,0.0121337209649501,0.0215591755570543,0.00204040827347801,0,0,0.00106397306329335,0.000979513190043752,0.00116250503435112,0,0,0,0.000433472027710114,0.000171564611525413,0.0164379831550906,0,0,0,0.0177813917339764,5.63310392554888e-05,0.0058235166907233,0.0101651202588857,6.74150540334161e-05,0,0,0,0.00231508690288276,0.00514232337537379,0.00453011332655114,0.031388957884689,0,0.000342014463179829,0.00177924056327338,0.00902250132684463,7.12997053314984e-05,0.000651276552446982,0,0,0,0.00152474704329156,0.0224457243925119
0.00428083731105842,0.208302176165348,0.53361005445253,0.000125898076411474,0,0.000238511495929471,0.0184878608096668,0.00195852101543591,0.00679432186045661,0.00109135268980997,0.432663519916264,0,0.473484316610551,0.000379204901803612,0.000438052689328465,0.615365622318696,0.0414169963088858,0.0403116342842841,0.0733394331570204,0,0.105541080306399,0.0293708481258541,0.603617404525031,0.0448496244168801,1.41939122135608,0.388659328938753,0.599589721889366,0.13903505957263,0.000550836989760505,0.0482140633306822,0.0035268145479806,0,0.00125123988831785,0.0722535794852819,0.0221469899765399,3.22976693601228,0,3.83942088716528,2.79801536872238,0.00036637851999036,0,2.72835839320689,0.0458817117311839,0.00188921674392262,0.00260279160180274,0.0053185378346646,0.000390069170108829,0,0,0.000168465804114837,0.000522756106059309,0.00052540602933289,0,0,0,2.54954673773722e-05,0,0.0021995674439396,0,0.000137141730223691,0,0.00122794557801215,0.000125967805544568,0.0010973264644875,0.00282897346272716,0.000691614168520746,0.000184431663036833,0.0043536093264469,0,0.000213855192922347,0.00091954381015533,0.000245283135470362,0.00866970618088971,0.0213748132950285,0.00796033588840164,0.00201118436515343,0.00197446380644373,7.95860619513342e-05,0.000202935980926947,0.000738275702030512,0,0,0.000738385168984936,0.00756631915541208
0.0246634448783786,0.0747656531384854,0.245073067789483,0,0.00136625685880632,0.0257710607502087,0.0207361077431248,0.0048828990170524,0.00242987024711901,0.00142038293907069,0.855842748981042,0.000178895156874393,0.0866116035558647,0.00257707197958967,0.000709727324456189,0.33878722083105,0.0146154869890115,0.00136076304259198,0.121793960155708,0.000231740864128535,0.0791868544219478,0.0161718680837623,0.679089392811777,0.0261617095005075,0.0496602526252452,0.0685825716754249,0.544623099731238,0.123438646733804,0.187178447631758,0.0737364379794814,0,0.00808407944434673,0.0888850934103405,3.44171201255823,0.0407385555859687,1.67606624176631,3.83942088716528,0,7.71117445484338,0.108786110476009,0.12482720929139,1.08843970063117,0.0342799766539699,0.0039035681729909,0.000268652826365982,0.00316266539537045,0.00164118546313225,0,0,0,0,0,0,0,0,0.000216033729194076,0,0.00137276999705195,0,0,0,0.0001713467724044,2.94856905750111e-05,0.00457378232669717,0.00156790132713815,0,0,0.000417092109906009,0,0.000149867200757029,0.000206573558285666,0.000294070066288904,0.00281026718343595,0.000880733907144299,0.000497634792690187,0.00012975738735647,0.00103359146880974,0,0,0.000108954100802721,0,0,0.000317994231803322,0.0176143093342112
0.0286904748560988,0.0270795138240783,0.0441982080784272,0,0,0.000689635873975941,0.0137203908271623,0.0039223733872698,0.00560018448032578,0.00133758846966908,0.0909600416964437,0,0.0234086336631712,0.00113714097167715,0.000209466992615492,0.38729443517029,0.00195106208873728,0.00233432502429765,0.0319608475419433,0,0.048632335834885,0.0132917220554271,0.215580828346053,0.0447217674269047,0.0342917326168719,0.0125638260518678,0.0720112157653752,0.102059923417781,0.0133931569179377,0.0530177320276959,0,0.000309779362077111,0.0519798700742704,0.594054284156136,0.0263296111822702,1.72897571873414,2.79801536872238,7.71117445484338,0,0.00103564758470583,0.00123055724615753,0.0563629683904,0.0566052203070985,0.00959666173623186,0.00344454274263016,0.00454365410948347,0.00516182805568844,0,0,0.000496941185175015,0,0.000237117032983966,0,0,0,3.27702823097681e-05,0.000199569588930221,0.0061207619353654,0,0,0,0,7.15392089154568e-05,0.0124568197671687,0.00240767400400935,0,0,0.000202562305841758,0,0.00115014533659964,0.00109547416113092,0.00174729156510213,0.0050869100152483,0.000419374580239894,0.000483936663049336,0.000619752677001647,0.00345735931249055,0,0.000436963523901826,0,0,0.000120423174684851,0.00174984751760945,0.0137481728770107
0.0169644981981731,0,0,0.000688483020595515,0.238935839196721,1.13568412162241,0.1206931230756,0.0943249796323188,0.775620437879376,0.142371654486249,0,0.326795408668498,0,0.00545137748502286,0.0496658623421636,0,0,0,0,0.018299177920018,5.24173422805736e-05,0,0.000543985039230593,0.00873871411944747,0,0,5.57614131805294e-05,0.00780158500243707,0.0546571719072413,0.00520863714387045,0,0.0366530975706931,0.0116881681449948,0.148699781598022,1.87576079418248e-05,1.33694945818543,0.00036637851999036,0.108786110476009,0.00103564758470583,0,1.01584937483694,0,0,0,0,0,0,0,0,0,0,0,0,0,0,3.86596802324536e-05,0,0,0,0,0,0,0,0,0,0,0,0,0,0,0,0,0.000481637511585533,0,0,0,7.05166900063603e-05,3.0077385396464e-05,0,0,0,0,0,0
0.000366087541335342,0,0,0.000350383295024889,1.44129071358281,0.25617013898318,0.000405579070424647,0.0648266273440964,0.000141204770650597,6.07657956190133e-05,0.00190691176687521,0,0,0.00436214475980483,0,0,0,0,0,0,0,0,0,0,0,0,0,6.956366033078e-05,0.250509208700143,0.000865799271340888,0,1.23655185678987,0.00322006370196026,1.01140160920926,0,0.000529325191126068,0,0.12482720929139,0.00123055724615753,1.01584937483694,0,0,0,0,0,0,0,0,0,0,0,0,0,0,0,0,0,0,0,0,0,0,0,0,0,0,0,0,0,0,0,0,0,0,0,0,0,0,0,0,0,0,0,0
0.00046815651532776,0.00092474860197677,0.000547900462298587,0,0,0,0.000552934732889539,6.37008988378651e-05,0.000121700318297613,0.000184325290506823,0.25686486261585,0,0.636712170018711,0,0,0.0100645210554093,0.000137258262429524,0.000968916713972617,0,0,0.00040726666098861,0.000126219519127455,0.00270672322340628,0.00173479648125977,0.807550950793161,0.00396480142793075,0.00198241917142638,0.00333347016694779,0,0.000767100480381338,0,0,0,0.00131546058277814,0.000169964623512677,0.234908637751496,2.72835839320689,1.08843970063117,0.0563629683904,0,0,0,0.000930445219460715,0,0,0,0,0,0,0,0,0,0,0,0,0,0,0.000126688852138725,0,0,0,0.00107510467736663,0,0,0.000727707593338896,0,0,0,0,0,0,0,0.000635514285004252,0.0029842071569248,0,0,2.37978965777381e-05,0,0,0,0,0,0,0.000147162015258211
0.000144988218077591,0.000516755837892147,0.000336024718505391,0,0.000738457700787579,0,0.000545716944141414,0.00028341853342995,0.0042666553443896,0,0,0,0.00136230223505133,0,0.000659493130659218,0.00569585269433598,0,0,0,0,0.000384883305616009,0.00272351345597212,0.00401996090316391,0.0104766729133081,0.125742230106053,0.000306007215234707,0.00100621946324694,0.0049223003560233,5.10654766655817e-05,0.000801493527686863,0,0,8.71389943319463e-05,0.00161472453339449,0.049149235206673,0.269309338503756,0.0458817117311839,0.0342799766539699,0.0566052203070985,0,0,0.000930445219460715,0,3.09801667385732,1.0563561792741,1.1306306563668,0.795401790296033,0,0.000781762655347254,0.0437983634284889,0.0518908171999544,0.141150580475037,0,0,0.000131728791349702,0.0351380013676698,0.00520168336215215,0.0208265561977891,0.00151431500051122,0.00185549898532727,0,0.0733585798724639,0.0107139816904168,0.0216858731119695,0.278021698514231,0.0343961550475001,0.000313316829788269,0.0180968306696471,0,0.131601883152948,0.0192541977533117,0.306501907470486,0.0699689166380011,0.000694432444737665,0.0469939550134645,0.097084535481461,0.145667987756224,0.0132533432623541,0.074897753284175,9.7081441736817e-05,0,0.00750485624439015,0.131370238881775,0.124883606422846
