0,0,0.000706173762626583,0.00934568772569146,0,0.000620769561401797,1.69052372017311,0.14855461012028,0.000243265570110675,0.0226128513564305,0.00012365462188347,0.00460949259711569,0,1.69870100299919,0.000436542924050071,0.000144560735569781,0.00151243827187665,0,0.000135867748058022,0.112110720053433,0.00318559486537947,0,0.00539406148957252,0.0117310787980258,0,0.000188685563016588,4.06906166596896e-05,0.0506586759209757,1.91259165829018,0.530675597590928,0,0.0132807228137146,0.437889806741775,0.0860192826577438,1.32069482519182e-05,0.00304937025116662,0.00102311090988657,0.0112181161747498,0.00157080093428304,0,0.00225599224482221,0,0,0,0,0,0,0,0,0,0,0,0,0,0,0,0,0,0,0,0,0,0,0,0,0,0,0,0,0,0,0,0,0,0,0,0,0,0,0,0,0,0,0
0,0,0.00868672163333743,0,0,0,0,0,0.0318096395963831,0,0.0207061603342291,0,0.0284647107588944,0,0,0.133277819710393,0.0113123923598692,0.0121130357560581,0.0438091271614869,0,0.000129043974480433,1.68149795363032,0.000837983872490863,0.0367698877250024,2.09140539646886,0.0321077762686522,1.21522219097797,0.00184449871160108,0,0,0.0148962412130134,0,0,0.00780065508160888,0,0.000105344334553387,0.0126986374906105,0.0116899026123639,0,0,0,0.00117886541124768,0,0,0,0.00234804353107781,0,0,0,0,1.22511214695155,0.02584510910179,0,0,0,0,0,0.0124475289286171,0,0.00204333562782923,0,0.0178051153744879,0,0,0.0173563655392198,0.00222360975912722,0.0038582938937843,0.00101937758493463,0,0,0.120891129616856,0.00128210830255465,0.00310442157018648,0.300354680171687,0.012883542685295,0.0934799467885148,0.000192711795546418,0,0,0.000148688927756732,0,0,0,0
0.000706173762626583,0.00868672163333743,0,0,0,0,0.0011089191615606,0.000148113876584158,0,0,0.000279577049448609,0,0.000845143760091043,0.000301216841170539,0,0.0111563080822661,0.599057800461141,0.00046135089200533,0.046741653511689,0,0.0464546903574397,0.000460263174559696,4.1683242524324,8.71341355858672e-05,0.0063455876668654,1.29398932980788,1.83462709413302,0.019057390036193,0,0.00897045327719465,0.000372954592694106,0,0,0.0675732883325608,6.67195043719062e-05,0.00510228482133839,0.105332167915448,0.0531789891741782,0.00470685435262766,0,0,0,0.000297456563490023,0,0,0,0,0,0,0,0.000578817662378986,0,0,0,0,0,0,0,0,0,0,3.21415342850757e-05,0,0,0,0,0,0,0,0,0,0,0,0,0,0,0,0,0,0,0,0,0,0
0.00934568772569146,0,0,0,0,0.000377480857008737,0.00252064339919236,0.00398940239364465,0.0103821804471699,0.528361078794427,0,0.239452122409336,0,0.000111159945865571,0.000519326817009563,0,0,0,0,5.25830394251691,0,0,0,3.12736831448959,0,0,0,1.20232699368848,0.000591590640773429,0,0,0.000372477466326293,0.000147280398804357,0.000289134959050454,0,0,0,0,0,9.773454664329e-05,0,0,0,0,0,0,0,0,0,0,0,0,0.0107895373730242,0,0,0,0,0,0,0,0,0,0,0,0,0,0,0,0,0,0,0,0.000588625525261869,0,0,0,0.00250034264278483,0,0,0,0,0,0,0
0,0,0,0,0,1.00484051805248,0,0.326057711736711,0,0,0,0,0,0.0222224600800938,0.33564866054192,0,0,0,0,0,0,0,0,0,0,0,0,2.59470171890038e-05,0.0104339054614673,0,0,2.44316950166362,0,0.0325306338890901,0,0,0,0,0,2.59463963842086,3.33283333299552,0,0,0,0,0,0,0,0,0,0,0,0,0,0,0,0,0,0,0,0,0,0,0,0,0,0,0,0,0,0,0,0,0,0,0,0,0,0,0,0,0,0,0
0.000620769561401797,0,0,0.000377480857008737,1.00484051805248,0,0.00882574007561608,2.72466399329394,0,0.114573863230785,0,0.460817606152607,0,0.091860506081208,0.203132190717388,0,0,0,0,0.00673063931711197,0,0,0,0.0240645644497614,0,0,0,0.00250897282936725,0.0514709073437295,0,0,0.233103378988936,0,0.0258807201299456,0.113811560213615,0,0,0.000991397935067194,0,0.232398420777525,0.280937859604603,0,0,0.000183175260296736,0,0,0,0,0,0,0,0,0,0,0,0,0,0,0,0,0,0,0,0,0,0,0,0,0,0,0,0,0,0,0,0,0,0,0,0,0,0,0,6.07572374673737e-06
1.69052372017311,0,0.0011089191615606,0.00252064339919236,0,0.00882574007561608,0,0.567259882996105,0.00120842499624677,1.20548578291816,0.00012975907983032,0,0,0.793060787447831,0.000357101379908712,0.000720992988106994,0.000928093913237683,3.54280260254939e-05,0.000143668300710754,0.0344751036653104,0.00865567995052993,6.09440781934195e-05,0.00518781741500172,0.0767258786532122,0,2.76850462639069e-05,0.000241099546522089,4.05652672890289,0.164874249761548,1.32501359294218,0,0.00331843127248475,0.0172027803057068,0.0280460833606878,1.82649800340557e-05,0.00736985992935275,0.00114075339046694,0.00740464994876924,0.000490621669879069,0,0.000322975060633961,0,0.000462718293923877,0,0,0,0,0,0,0,0,0,0,0,0,0,0,0,0,0,0,0,0,0,0,0,0,0,0,0,0,0,0,0,0,0,0,0,0,0,0,0,0,0
0.14855461012028,0,0.000148113876584158,0.00398940239364465,0.326057711736711,2.72466399329394,0.567259882996105,0,0,0.691359619557744,0.00044251900618388,0.00149818910571037,0,4.4305336846969,0,0,0.000155697871218304,0,0.000197736877939207,0.13286802427602,0.00137787623771921,0,0.00249083104254074,0.0132569512795103,0,6.57756941480785e-05,4.13629290615717e-05,0.0514047148964505,0.200399786710285,0.0305867496210524,0,0.532599698149136,0.00218865493310386,0.124693715247738,0,0.00138873853468759,0,0.00925237051917115,0.000480253342530859,0.000789253645622277,0.200031568477067,0,0,0,0,0,0,0,0,0,0,0,0,0,0,0,0,0,0,0,0,0,0,0,0,0,0,0,0,0,0,0,0,0,0,0,0,0,0,0,0,0,0,0
0.000243265570110675,0.0318096395963831,0,0.0103821804471699,0,0,0.00120842499624677,0,0,0.000441127871777932,0.000443270678816643,0.677359431115495,0.00101256550513182,0,0.0946454016444973,0.0110723715014257,0,0.000136200777695352,0.000912686353718321,0.0204730436920091,0,0.754197496674459,0,4.16116940951443,0.0115704282746713,0.000763451121405845,0.00581377275690598,0.0156748850147968,0,0,0.000802106122696966,0,0,7.03365701346728e-05,6.92149260430597e-05,0.0724283413363714,0.00041767396760075,0.000721569222687948,0,1.51683008607055,0,0,0,0,0,0,0,0,0,0,0.0193993471727202,0.000487830312246012,0,0,0,0,0,0.971985357350235,0,6.33000237335304e-05,0,0.000139293050613771,0,0,0.0415735122116598,0,0,6.55291384836581e-05,0,0,0.615830158356205,2.38717454512552e-05,0.0797024860922047,0.000992601776454939,0.000489301890589183,0.00329391964968865,0,0,0,0,0,0,0,0
0.0226128513564305,0,0,0.528361078794427,0,0.114573863230785,1.20548578291816,0.691359619557744,0.000441127871777932,0,0,0.214474760517447,0,0.0978333830590903,0.000679797111427074,0,0,0,0,1.74795516443515,0,0,0,0.117025122639009,0,0,0,0.996195544253197,0.00476096300619044,1.5157507457107e-05,0,0.000263635508037178,0.0004669419824876,0.00143461614586405,0.045266620832316,0,0,0.000325344877065294,0,0,8.51527600731483e-05,0,0,0,0,0,0,0,0,0,0,0,0,0,0,0,0,0,0,0,0,0,0,0,0,0,0,0,0,0,0,0,0,0,0,0,0,0,0,0,0,0,0,0
0.00012365462188347,0.0207061603342291,0.000279577049448609,0,0,0,0.00012975907983032,0.00044251900618388,0.000443270678816643,0,0,0,1.88067068721061,0.000466108555053985,0,0.00106772782148835,0.00192558441047172,2.42113086327557,0.11428542262446,0,0,0.00423055064849225,0.000162622378051708,0.000761110065603101,0.942649122813952,1.00353808867117,0.0584670815769082,0.000151114332394014,0.00426339971641039,2.34722743955553e-05,0.245804474815191,0.00142643559548628,0.00053111602040889,0.645619819923525,0,0.00140904942238875,0.409962114064782,1.07027795318412,0.00130641910144464,0,0.000147044117049952,0.869257574328437,0,7.03966571536877e-05,0.000611747356839658,0,0,0,0.00012359906064181,0,0.00736919970417346,0,0,0,0,0,0,3.33853083207738e-05,0,0.0426388962217325,0,0.0157419734889953,0,0,8.87284226018942e-05,0,0.00555729297869966,0.000124729156841705,0,0,0.000870553276892716,0,0.000140798370758491,0.107338815399333,0.0130638226649064,0.00272822167517155,0,0,0,0.00226781882351279,0,0,0.000868058698245916,0
0.00460949259711569,0,0,0.239452122409336,0,0.460817606152607,0,0.00149818910571037,0.677359431115495,0.214474760517447,0,0,0,0.000174088897217147,0.403034187116033,0,0,0,0,4.21479961083403,0,0,0,1.90100688449596,0,0,0,0.0122351853990031,0.000615296234435599,0,0,0,0,0,0.273966802914244,0,0,0,0,0.0796460290886947,0,0,0,0,0,0,0,0,0,0,0,0,0,0,0,0,0,0,0,0,0.000192901283662061,0,0,0,0,0,0,0,0,0,0,0,0,0,0,0,0,0,0,0,0,0,8.95660176385175e-05,0.00513015423564601
0,0.0284647107588944,0.000845143760091043,0,0,0,0,0,0.00101256550513182,0,1.88067068721061,0,0,0,0,0.00071282276957885,9.51329883802396e-05,0.0210945461848116,0.00472094768221667,0,0,0.00578349895238487,0,0.000794330100938465,2.58377508997256,0.345443367063381,0.358058339399794,7.13476898747808e-05,4.91768945542282e-05,0,2.2770209053833,0,0,0.0016318429320081,0.000147156148632607,0.234657208959244,0.180258475961672,0.0834256050542339,0.025078373776825,0,0,0.702903590017743,0.00128539373299617,0.000154550088466927,0.000367810241254391,0.00033720456458837,0,0,0,0,0.00993342740022262,0,0,0,0,0,0,0.000589717548276517,0,0.0425106805849293,0,0.0414708721962328,0,0,2.86370119811049e-05,0,0.0133456027198368,0.000190979099199452,0,0,0.00100483432433276,0,0.000159560182372637,0.134969511970625,0.0266968800069559,0.00524127596658177,0,0,0,0.0059473752352513,0,0,0.00116504360460548,0.000117433272937348
1.69870100299919,0,0.000301216841170539,0.000111159945865571,0.0222224600800938,0.091860506081208,0.793060787447831,4.4305336846969,0,0.0978333830590903,0.000466108555053985,0.000174088897217147,0,0,0,0,0.000373874861350977,0,0,0.00978146040589637,0.000449616168396228,0,0.000863830047298716,0.000647167474791543,0,2.55513959983925e-05,0,0.00573526732461899,2.51554899328144,0.0627634708391533,0,0.254504306282253,0.0021130952837901,0.116937624736172,0,0.000277779322755069,0.000171808443816049,0.0135527098820239,0,0,0.0475039769928254,0,0,0,0,0,0,0,0,0,0,0,0,0,0,0,0,0,0,0,0,0,0,0,0,0,0,0,0,0,0,0,0,0,0,0,0,0,0,0,0,0,0,0
0.000436542924050071,0,0,0.000519326817009563,0.33564866054192,0.203132190717388,0.000357101379908712,0,0.0946454016444973,0.000679797111427074,0,0.403034187116033,0,0,0,0.000114130459001596,0.000121235520938361,0,0,0.00249757245948087,6.66732275628168e-05,0,0.000219541002220987,0.000490508796294215,0,0,0,0.000751109302691663,5.25103189146815e-05,5.61654236552744e-05,0,0,0,0.00053117578993799,0.0442544032566266,0.0326470171288666,0.00592738003887704,0.00171978250878797,0.00424413514564645,1.61730854163829,0.00860379754244283,0,0.00531894533679097,0.00279914487653963,0,0.000179327152368194,0,0,0,0,0,0,0,0,0,0,0,0,0,0,0,0,0,0,0,0,0,0,0,0,9.71007629205992e-05,0,0,0,0,0,0,0,4.51738887902856e-05,0,0,0,0,0.0011419117530507
0.000144560735569781,0.133277819710393,0.0111563080822661,0,0,0,0.000720992988106994,0,0.0110723715014257,0,0.00106772782148835,0,0.00071282276957885,0,0.000114130459001596,0,0.00144466199637823,0.00124345810092171,0.00227528513481795,0,0.232107344417871,3.35778520883791,0.848328856814499,2.1054276717896,0.0161597834238999,0.00156739571762821,1.49562934480629,0.398093997252845,0,0.00118860392909793,0.000462428740325475,0,0,0.0356866974827734,0.000383495553721272,0.0589099308868211,0.0245146317196713,0.0562419211159738,0.0139766825924564,0.00127720577966183,0,0.000113902544071426,0.000783337140216947,6.07222299775162e-05,0,0,0,0,0,0,0.00967119375366883,0.000518377400241105,0,0,0,0,0,0.00138801955790621,0,0,0,0.000186131787878444,0,0,0.000872979605491739,0,0.000355821338693832,0,0,0,0.015702654050303,0,0.000430638815489244,0.00129396526968668,0.000142893384877982,0.00184440750307089,0,0,0,5.22629282612682e-05,0,0,0,0.000102666511312537
0.00151243827187665,0.0113123923598692,0.599057800461141,0,0,0,0.000928093913237683,0.000155697871218304,0,0,0.00192558441047172,0,9.51329883802396e-05,0.000373874861350977,0.000121235520938361,0.00144466199637823,0,0.00286904267606108,3.81875872033835,0,0.0355731957249397,0.000273543416087276,4.15378723832443,0,0.00172009079090279,0.698756428242885,0.127214148318185,0.0074240868788788,2.74160631260735e-05,0.017063739799908,0.000292259018974464,0,0,0.281659472902927,7.7263718886336e-05,0.00209062993513361,0.264824166402333,0.0400957050090908,0.000578894425558828,0,0,0,0,0,0,0,0,0,0,0,0,0,0,0,0,0,0,0,0,0,0,0,0,0,0,0,0,0,0,0,0,0,0,8.00319752466234e-05,0.000107016430756042,0.000132156982991191,0,0,0,0,0,0,0,0
0,0.0121130357560581,0.00046135089200533,0,0,0,3.54280260254939e-05,0,0.000136200777695352,0,2.42113086327557,0,0.0210945461848116,0,0,0.00124345810092171,0.00286904267606108,0,1.69069791942202,0,0,0.00428900874428659,7.16171938421276e-05,0.000374481330347871,0.0461756054390385,0.666184684762709,0.0237153625167714,0,0,0,0.0128863231001524,0,0,0.00385588852642164,0,0.000355668487924185,0.0773280035228337,0.0574250820949759,0.000265710741886083,0,0,0.0060070281441927,5.36488212983331e-05,0,0.000584797553858209,0,0,0,0,0,0.00279438937370804,0,0,0,0,0,0,0.000180692041963568,0,0.0022545860031658,0,0.00234755847191385,0,0,0,0,0.00080779357519318,0,0,0,0.000164299743140111,0,0,0.0150366901531518,0.00277375576927131,0.000578962262247947,0,0,0,0.000359763117786311,0,0,0,0
0.000135867748058022,0.0438091271614869,0.046741653511689,0,0,0,0.000143668300710754,0.000197736877939207,0.000912686353718321,0,0.11428542262446,0,0.00472094768221667,0,0,0.00227528513481795,3.81875872033835,1.69069791942202,0,0,0.0011431224591674,0.00497248191658176,0.020272385674369,0.00104936098736005,0.0556261559315339,1.61339978859276,0.188053811174628,0.000707924701341156,0,0.000842146872249183,0.00291649409521913,0,0,0.153723752348595,0,0.00453208567138724,0.407544237233098,0.162859968880523,0.00239128286404747,0,0,0,0,0,0,0,0,0,0,0,0.00367842215366901,0,0,0,0,0,0,0,0,0.000111511717562724,0,5.55248514952783e-05,0,0,0.000444228207827102,0,0.000586947570508593,0,0,0,0.000287753387687412,0,0,0.00267058995372149,0.000102786393229654,0.000221213158575937,0,0,0,0,0,0,0,0
0.112110720053433,0,0,5.25830394251691,0,0.00673063931711197,0.0344751036653104,0.13286802427602,0.0204730436920091,1.74795516443515,0,4.21479961083403,0,0.00978146040589637,0.00249757245948087,0,0,0,0,0,0,0,0,1.84062523387655,0,0,0,0.219451174415033,0.0109100656333471,0,0,0.0022534028363768,0.00129437247333748,0.00456024890349409,0,0,0,0.000220546948100862,0,0.000434360363709262,0,0,0,0,0,0,0,0,0,0,0,0,0,0,0,0,0,0,0,0,0,0,0,0,0,0,0,0,0,0,0,0,0,0,0,0,0,0,0,0,0,0,0,0
0.00318559486537947,0.000129043974480433,0.0464546903574397,0,0,0,0.00865567995052993,0.00137787623771921,0,0,0,0,0,0.000449616168396228,6.66732275628168e-05,0.232107344417871,0.0355731957249397,0,0.0011431224591674,0,0,0.000487833839303588,5.09796980520025,0.0198712091873504,0,0.00195360925090641,0.0124515032361621,1.90947661564175,0.292361933941783,2.60803582511767,0,0,0.037428927243914,0.0896824774562116,0.000384561652368676,0.0273332314137806,0.0384499778809404,0.0242886785760982,0.00660747592830821,0.000515892232958434,0,0.000283135433852678,0.000641807114313575,0.000114724372891131,0,0.000138014964619227,0,0,0,0,0,0,0,0,9.16385719238605e-05,0,0,0,0,0,0,0,0,0,0.00999322250623088,0,0,0,0,0,0,0,0,0,0,0,0,0,0,0,0,0,0,0.000135555935711347
0,1.68149795363032,0.000460263174559696,0,0,0,6.09440781934195e-05,0,0.754197496674459,0,0.00423055064849225,0,0.00578349895238487,0,0,3.35778520883791,0.000273543416087276,0.00428900874428659,0.00497248191658176,0,0.000487833839303588,0,0.000257195146166764,1.35851964844116,0.132921148991796,0.00562432292854427,0.677391677713652,0.0360513444876975,0,0,0.00273463553796624,0,0,0.00136705509598824,0,0.00146100276004763,0.00300047171601633,0.00136047768353247,0,0,0,0.000383526311735894,0.000611459488497916,0.00111384487520406,0.000383673792941311,0.000983839682161688,0,0,0,0,0.252663947980319,0.0029328063580414,0,0,0,0.000113759750564567,0,0.149361417043987,0,0.000147092246275619,0,0.00332444805868962,0,0,0.0612016105953986,0,0.00082755411573484,0,0,0,2.06063190139343,4.57406034039553e-05,0.0172342732942349,0.0235860412163337,0.00161065557048673,0.025631593690019,0.000269435472355823,0,0,0,0,0,0,0
0.00539406148957252,0.000837983872490863,4.1683242524324,0,0,0,0.00518781741500172,0.00249083104254074,0,0,0.000162622378051708,0,0,0.000863830047298716,0.000219541002220987,0.848328856814499,4.15378723832443,7.16171938421276e-05,0.020272385674369,0,5.09796980520025,0.000257195146166764,0,0.00209322190498813,0.000282121847044446,0.36931186618002,1.84454548915792,0.226426374199182,0.0489862418834585,0.179279556391869,0,5.2568342930838e-05,0.00308039773136144,0.226796302004296,0.00164161713596467,0.0734305846198136,0.247669568827374,0.165264600434182,0.0291676317148544,0.00518314712573485,9.74969318808493e-05,0.00012889894967735,0.00209361175380898,0.000305808170770472,0,7.23578477824158e-05,0.000183746775887592,0,0,0,0,0,0,0,0,0,0,0,0,0,0,0,0,0,0.016434165289495,0,0,0,0,0,0,0,0,0,0,0,2.10774201702196e-05,0,0,0,0,0,0,0.000679550000358069
0.0117310787980258,0.0367698877250024,8.71341355858672e-05,3.12736831448959,0,0.0240645644497614,0.0767258786532122,0.0132569512795103,4.16116940951443,0.117025122639009,0.000761110065603101,1.90100688449596,0.000794330100938465,0.000647167474791543,0.000490508796294215,2.1054276717896,0,0.000374481330347871,0.00104936098736005,1.84062523387655,0.0198712091873504,1.35851964844116,0.00209322190498813,0,0.0137046007702854,0.00202631120624845,0.0313843111070002,2.14546996133227,0.0017408984678758,0.00115382482947611,0.000812424239232399,7.31789313543592e-05,0,0.00903130345020287,0.000178366749880489,0.0159344112341602,0.00441275565692801,0.00102907073915742,0.00189899443975058,0.0329610747454415,0,0.000173728227029538,2.48675311231724e-05,6.31316936928117e-05,0,0,0,0,0,0,0.0117257266907988,0.000414433642563271,0,0,0,0,0,0.0556733834822417,0,0.000197207871486383,0,0.000223991344210848,0,0,0.00287591673849205,2.92619518445746e-05,0,2.54065923022823e-05,0,0,0.0700307465992558,7.02773012237756e-05,0.0119360548053272,0.00101099652825875,0.000323316795617314,0.00377255620039873,0,0,9.1479539600558e-05,0,0,0,0,7.46993896655869e-06
0,2.09140539646886,0.0063455876668654,0,0,0,0,0,0.0115704282746713,0,0.942649122813952,0,2.58377508997256,0,0,0.0161597834238999,0.00172009079090279,0.0461756054390385,0.0556261559315339,0,0,0.132921148991796,0.000282121847044446,0.0137046007702854,0,0.155911760124192,0.858794418535437,0.000273174288420159,0.000118937263540494,0,0.15097187427525,0,0,0.00533359340104934,0,0.00199187977909411,0.350578502665679,0.141625302173343,0.000253682654709608,0,0,0.711186040214238,0,0.000688384862103293,0.000701950720684428,0,0,0,0,0,0.236005998601038,0.000139046528918645,0,0,0,0,0,0.00280525485863995,0,0.0328923585811606,0,0.0765004472712179,0,0,0.00221625132258266,0.00015005596136286,0.0329454582457485,0.00180476364176691,0,0,0.0117071074200473,0,0.000405302013498175,0.77032955870826,0.0501540599391888,0.0340481614560017,0,0,0,0.000847975147495257,0,0,0.00121020237234415,0
0.000188685563016588,0.0321077762686522,1.29398932980788,0,0,0,2.76850462639069e-05,6.57756941480785e-05,0.000763451121405845,0,1.00353808867117,0,0.345443367063381,2.55513959983925e-05,0,0.00156739571762821,0.698756428242885,0.666184684762709,1.61339978859276,0,0.00195360925090641,0.00562432292854427,0.36931186618002,0.00202631120624845,0.155911760124192,0,1.70079850146807,0.000804889007032467,0,0.000442806408952227,0.553987242189981,0,0,0.033518795213822,0,0.000996052174730933,0.114437662867456,0.0475984971715021,0.000111789945602509,0,0,0.00697732137056201,0,0.000117378608194284,3.06867074554029e-05,0,0,0,0,0,0.0085259560295466,0,0,0,0,0,0,0.000296159972827761,0,0.00969124281641594,0,0.0153035686652116,0,0,5.85251836476234e-05,0,0.00376315446522991,0.000165886402504307,0,0,0.000985340904987638,0,0.000124041294102507,0.0320703289767372,0.0108979519340526,0.0032250058957187,1.03349449215193e-05,0,0,0.0011642117725423,0,0,7.75909492301619e-05,0
4.06906166596896e-05,1.21522219097797,1.83462709413302,0,0,0,0.000241099546522089,4.13629290615717e-05,0.00581377275690598,0,0.0584670815769082,0,0.358058339399794,0,0,1.49562934480629,0.127214148318185,0.0237153625167714,0.188053811174628,0,0.0124515032361621,0.677391677713652,1.84454548915792,0.0313843111070002,0.858794418535437,1.70079850146807,0,0.0101806569577677,0,0.00111489616599775,0.503887150204988,0,0,0.0864913916237033,0.00017514707835657,0.00567763760241491,0.0439406403664764,0.0663559922696432,0.00197564774054226,0.00023881167176137,0,0.001040517072744,0.000280461593749053,0.000239999772155105,0.000577976531194854,0,0,0,0,6.83151184344621e-05,0.0420307445607261,0.00321391874747679,0,0,0,0,0,0.00261027948021302,0,0.00286690742265165,0,0.00831282072644804,0,0,0.00492664695683373,6.00242626464494e-05,0.0014322757479832,0.000203204289058248,0,1.62532955779145e-05,0.0205257618765141,0.000441509458750987,0.00179310064858181,0.0192869746164935,0.00664028863214176,0.0191046126447399,4.7795796345034e-05,0,6.23455880887766e-05,0.000256144048503978,0,0,6.24121829317719e-05,5.64387294560522e-05
0.0506586759209757,0.00184449871160108,0.019057390036193,1.20232699368848,2.59470171890038e-05,0.00250897282936725,4.05652672890289,0.0514047148964505,0.0156748850147968,0.996195544253197,0.000151114332394014,0.0122351853990031,7.13476898747808e-05,0.00573526732461899,0.000751109302691663,0.398093997252845,0.0074240868788788,0,0.000707924701341156,0.219451174415033,1.90947661564175,0.0360513444876975,0.226426374199182,2.14546996133227,0.000273174288420159,0.000804889007032467,0.0101806569577677,0,0.00970574553509146,1.71889196523738,2.36455723226503e-05,0.000231472552172104,0.0053293909590846,0.136695346787289,0.000844193698618631,0.10480256943703,0.0379757140731282,0.0318493638096334,0.0181563790254626,0.000611335836520826,5.35726169079978e-05,0.000119340126471293,0.000958927339602178,0.000187585640891068,1.64569481097513e-05,5.19178168489453e-05,0.000107891477114344,0,0,0,0.000245032851488363,0,0,0,0,0,0,0.0124767157413515,0,0,0,0,0,0,0.000505610417016536,0,0,0,0,0,0.0018978933437745,0,0.00343908938196474,6.71548507945874e-05,1.15789884011817e-05,6.16202237485546e-05,0,0,0,0,0,0,0,0.000557930125852846
1.91259165829018,0,0,0.000591590640773429,0.0104339054614673,0.0514709073437295,0.164874249761548,0.200399786710285,0,0.00476096300619044,0.00426339971641039,0.000615296234435599,4.91768945542282e-05,2.51554899328144,5.25103189146815e-05,0,2.74160631260735e-05,0,0,0.0109100656333471,0.292361933941783,0,0.0489862418834585,0.0017408984678758,0.000118937263540494,0,0,0.00970574553509146,0,1.13164348819737,0,1.16331652083727,3.391181777387,1.03860202223287,0,0.00119421918612645,0.000384583582789943,0.090464337531953,0.00165572153952634,0.000646087325744749,0.0794492581878639,0,0,0,0,0,0,0,0,0,0,0,0,0,0,0,0,0,0,3.02730494596119e-05,0,0,0,0,0,0,0,0,0,0,0,0,0,0,0,0,0,0,0,0,0,0,0,0
0.530675597590928,0,0.00897045327719465,0,0,0,1.32501359294218,0.0305867496210524,0,1.5157507457107e-05,2.34722743955553e-05,0,0,0.0627634708391533,5.61654236552744e-05,0.00118860392909793,0.017063739799908,0,0.000842146872249183,0,2.60803582511767,0,0.179279556391869,0.00115382482947611,0,0.000442806408952227,0.00111489616599775,1.71889196523738,1.13164348819737,0,0,0.00343629021768308,0.207899869356101,0.219201603149284,2.63867920067217e-05,0.0248570825146765,0.00525617564356017,0.0333595383972516,0.0181231569327229,3.1756922718772e-05,0.000420124999918616,0,4.90560041663778e-05,0,0,0,0,0,0,0,0,0,0,0,0,0,0,0,0,0,0,0,0,0,0,0,0,0,0,0,0,0,0,0,0,0,0,0,0,0,0,0,0,4.4120392232349e-05
0,0.0148962412130134,0.000372954592694106,0,0,0,0,0,0.000802106122696966,0,0.245804474815191,0,2.2770209053833,0,0,0.000462428740325475,0.000292259018974464,0.0128863231001524,0.00291649409521913,0,0,0.00273463553796624,0,0.000812424239232399,0.15097187427525,0.553987242189981,0.503887150204988,2.36455723226503e-05,0,0,0,0,0,0.000204295827193167,0,8.80713992768229e-05,0.0144161347308198,0.00668523551112904,0,0,0,0.00475972266675188,0,0,0,0,0,0,0,0,0.0047281218599239,0,0,0,0,0,0,0.000415823221911527,0,0.00295338544153356,0,0.00604139937622517,0,0,0,0,0.00223870401752569,0.000584042308605943,0,0,0.00122062557952471,0,4.4652434644485e-05,0.0278531339480943,0.00318736021330411,0.000460810400337389,0,0,0,0.00114267419863318,0,0,0,0
0.0132807228137146,0,0,0.000372477466326293,2.44316950166362,0.233103378988936,0.00331843127248475,0.532599698149136,0,0.000263635508037178,0.00142643559548628,0,0,0.254504306282253,0,0,0,0,0,0.0022534028363768,0,0,5.2568342930838e-05,7.31789313543592e-05,0,0,0,0.000231472552172104,1.16331652083727,0.00343629021768308,0,0,0.0161263014795227,0.888311976631324,0,0,0,0.0437236697722213,0,0.0153228606099317,2.19944269395632,0,0,0,0,0,0,0,0,0,0,0,0,0,0,0,0,0,0,0,0,0,0,0,0,0,0,0,0,0,0,0,0,0,0,0,0,0,0,0,0,0,0,0
0.437889806741775,0,0,0.000147280398804357,0,0,0.0172027803057068,0.00218865493310386,0,0.0004669419824876,0.00053111602040889,0,0,0.0021130952837901,0,0,0,0,0,0.00129437247333748,0.037428927243914,0,0.00308039773136144,0,0,0,0,0.0053293909590846,3.391181777387,0.207899869356101,0,0.0161263014795227,0,1.04951828277601,0,0.00145661985360879,0,0.029768636760135,0.0047763543499546,0,0.000285779528875438,0,0,0,0,0,0,0,0,0,0,0,0,0,0,0,0,0,0,0,0,0,0,0,0,0,0,0,0,0,0,0,0,0,0,0,0,0,0,0,0,0,0,0
0.0860192826577438,0.00780065508160888,0.0675732883325608,0.000289134959050454,0.0325306338890901,0.0258807201299456,0.0280460833606878,0.124693715247738,7.03365701346728e-05,0.00143461614586405,0.645619819923525,0,0.0016318429320081,0.116937624736172,0.00053117578993799,0.0356866974827734,0.281659472902927,0.00385588852642164,0.153723752348595,0.00456024890349409,0.0896824774562116,0.00136705509598824,0.226796302004296,0.00903130345020287,0.00533359340104934,0.033518795213822,0.0864913916237033,0.136695346787289,1.03860202223287,0.219201603149284,0.000204295827193167,0.888311976631324,1.04951828277601,0,0.00213992742183832,0.367906603547277,0.622105336257507,3.94836588028981,0.2987075642042,0.00258019967376482,0.404100964503489,0.00948577668143542,0.00298182294260869,0.00017641425045396,5.92473995216941e-05,0,0,0,0,0,0.00022707387406766,0,0,0,0,0,0,0.000289846120472198,0,0.000704812761452916,0,4.2712529289602e-05,0,6.16843870774276e-05,0,0,0,0,0,0,0,2.55678034152542e-05,0,0.000470560572478552,0.000166678616569022,3.09436325391149e-05,0,0,0,0,0,0,0,0.000562023630271641
1.32069482519182e-05,0,6.67195043719062e-05,0,0,0.113811560213615,1.82649800340557e-05,0,6.92149260430597e-05,0.045266620832316,0,0.273966802914244,0.000147156148632607,0,0.0442544032566266,0.000383495553721272,7.7263718886336e-05,0,0,0,0.000384561652368676,0,0.00164161713596467,0.000178366749880489,0,0,0.00017514707835657,0.000844193698618631,0,2.63867920067217e-05,0,0,0,0.00213992742183832,0,0.0548201704432774,0.0136998171411881,0.00787055855595854,0.00512195926139712,0.00439916844291285,0,0,0.0328682214794916,0.0152204698966709,0.0005801986993091,0.00300610995964777,0.00514335872451123,0.000107255943760368,0,2.41076065267964e-05,0,4.50817667249567e-05,0,0,0.00098399506649476,5.61142448496012e-05,0.000177658460575512,0.000916986926335387,4.97675161486603e-05,0,0.00225507655386023,0,9.81949866689803e-06,0.00612955418078269,4.02257475948539e-05,0,0,0,0,0.000460750278155698,1.01037863898724e-05,0.000443601718931265,0,0,0,1.93360960293188e-05,0.00081649292082647,7.70438988399597e-05,0.00069245850111219,0,0,0,0.000215091835882621,0.615769461022717
0.00304937025116662,0.000105344334553387,0.00510228482133839,0,0,0,0.00736985992935275,0.00138873853468759,0.0724283413363714,0,0.00140904942238875,0,0.234657208959244,0.000277779322755069,0.0326470171288666,0.0589099308868211,0.00209062993513361,0.000355668487924185,0.00453208567138724,0,0.0273332314137806,0.00146100276004763,0.0734305846198136,0.0159344112341602,0.00199187977909411,0.000996052174730933,0.00567763760241491,0.10480256943703,0.00119421918612645,0.0248570825146765,8.80713992768229e-05,0,0.00145661985360879,0.367906603547277,0.0548201704432774,0,3.00996096223733,0.997284323570364,0.659163858676407,0.44080134658593,0,0.134081238178701,0.213480372147975,0.0680941094499884,0.00137638608707951,0.0256771770259099,0.000971541742170587,0,0,9.65943740166867e-05,0,0.000266928602595759,0,0,0.000122260733705332,9.34062346479719e-05,0,0,0,0.000166330291238071,0,0.00027274664945863,4.03202336515412e-05,0.000720989272406643,0.00021328090676653,0.000105541861421686,0,4.60148241202211e-05,0,0.0001298499993569,0.000332576181512369,0.000869585159399817,0.0001510142324816,0.000182868890980979,3.21788060387226e-05,8.26826714074649e-05,0.000708307891244807,0.000543934427410528,0.000812035418065061,0,0,0,0.000516344540264275,0.0197857534027336
0.00102311090988657,0.0126986374906105,0.105332167915448,0,0,0,0.00114075339046694,0,0.00041767396760075,0,0.409962114064782,0,0.180258475961672,0.000171808443816049,0.00592738003887704,0.0245146317196713,0.264824166402333,0.0773280035228337,0.407544237233098,0,0.0384499778809404,0.00300047171601633,0.247669568827374,0.00441275565692801,0.350578502665679,0.114437662867456,0.0439406403664764,0.0379757140731282,0.000384583582789943,0.00525617564356017,0.0144161347308198,0,0,0.622105336257507,0.0136998171411881,3.00996096223733,0,2.9709902825989,0.646794564186728,0.036845032686807,0,1.15586248404288,0.0446311862771435,0.00879307165694701,0.000884064840247422,0.00325358220731829,0.000817414264945213,0,0,7.3305294617603e-05,0.00308738959597739,0,0,0,0,0,2.64977073390139e-05,0.000158790082097075,0,0.0369823242716749,0,0.00929629184395915,0,0.000730024616246452,0,0,0.00518068987218123,0,0,5.7383430864949e-05,0.000318733014930987,3.38655688169459e-05,0,0.175830987197679,0.00877865941852604,0.000300695422958744,0.000230043755091313,0,2.7689193114403e-05,0.0021111545707016,0,0,0.000783349882366119,0.00671073572794356
0.0112181161747498,0.0116899026123639,0.0531789891741782,0,0,0.000991397935067194,0.00740464994876924,0.00925237051917115,0.000721569222687948,0.000325344877065294,1.07027795318412,0,0.0834256050542339,0.0135527098820239,0.00171978250878797,0.0562419211159738,0.0400957050090908,0.0574250820949759,0.162859968880523,0.000220546948100862,0.0242886785760982,0.00136047768353247,0.165264600434182,0.00102907073915742,0.141625302173343,0.0475984971715021,0.0663559922696432,0.0318493638096334,0.090464337531953,0.0333595383972516,0.00668523551112904,0.0437236697722213,0.029768636760135,3.94836588028981,0.00787055855595854,0.997284323570364,2.9709902825989,0,2.45769872736864,0.0675793800973783,0.178939090059938,0.340897843331151,0.0212072526019175,0.00483663809006975,4.11729616739877e-05,0.00241571322394228,0.00102231304332226,0,0,0,0.00230735192479514,0,0,0,0,0,0,0,0,0.00758991146785197,0,0.00331453786363759,2.45104776960547e-05,0.000932189714869802,0.000225057594749514,0,0.00221049194027527,0,0,0,4.74463085816564e-05,4.27415084730347e-05,6.40892083678189e-05,0.0242127034244901,0.00311373063796491,0.000623577080782735,3.75192657545761e-05,0,0,0.00101007605383779,0,0,0.000438952117037391,0.00439597307467266
0.00157080093428304,0,0.00470685435262766,0,0,0,0.000490621669879069,0.000480253342530859,0,0,0.00130641910144464,0,0.025078373776825,0,0.00424413514564645,0.0139766825924564,0.000578894425558828,0.000265710741886083,0.00239128286404747,0,0.00660747592830821,0,0.0291676317148544,0.00189899443975058,0.000253682654709608,0.000111789945602509,0.00197564774054226,0.0181563790254626,0.00165572153952634,0.0181231569327229,0,0,0.0047763543499546,0.2987075642042,0.00512195926139712,0.659163858676407,0.646794564186728,2.45769872736864,0,0.00508876870478933,0.00710388254710537,0.0634868323967757,0.027136845673709,0.00958578491094444,6.4542761579633e-05,0.00462946961571205,0.00326996156494874,0,0,0.00138327570957256,0,0,0,0,0,7.30687380397716e-05,0,0,0,0,0,0,0,0,0.000109439308228983,0,0,0,0,0,0.000157816788991136,7.75108984649357e-05,2.05197904275104e-05,0,2.59298001720654e-05,0,9.29518526159856e-05,0,0.000102334118316277,0,0,0,0.000107148776356515,0.0046354323086058
0,0,0,9.773454664329e-05,2.59463963842086,0.232398420777525,0,0.000789253645622277,1.51683008607055,0,0,0.0796460290886947,0,0,1.61730854163829,0.00127720577966183,0,0,0,0.000434360363709262,0.000515892232958434,0,0.00518314712573485,0.0329610747454415,0,0,0.00023881167176137,0.000611335836520826,0.000646087325744749,3.1756922718772e-05,0,0.0153228606099317,0,0.00258019967376482,0.00439916844291285,0.44080134658593,0.036845032686807,0.0675793800973783,0.00508876870478933,0,0.536974562838073,0,0.00150700718023252,0.00181528262540357,0,0,0.00524205628366534,0,0,0,0,0,0,0,0,0,0,0,0,0,0,0,0,0,0,0,0,0,0,0,0,0.000112488564562779,0,0,0,0,0,0,0,0,0,0,0,0.00222161849868253
0.00225599224482221,0,0,0,3.33283333299552,0.280937859604603,0.000322975060633961,0.200031568477067,0,8.51527600731483e-05,0.000147044117049952,0,0,0.0475039769928254,0.00860379754244283,0,0,0,0,0,0,0,9.74969318808493e-05,0,0,0,0,5.35726169079978e-05,0.0794492581878639,0.000420124999918616,0,2.19944269395632,0.000285779528875438,0.404100964503489,0,0,0,0.178939090059938,0.00710388254710537,0.536974562838073,0,0,0,0,0,0,0,0,0,0,0,0,0,0,0,0,0,0,0,0,0,0,0,0,0,0,0,0,0,0,0,0,0,0,0,0,0,0,0,0,0,0,0,0
0,0.00117886541124768,0,0,0,0,0,0,0,0,0.869257574328437,0,0.702903590017743,0,0,0.000113902544071426,0,0.0060070281441927,0,0,0.000283135433852678,0.000383526311735894,0.00012889894967735,0.000173728227029538,0.711186040214238,0.00697732137056201,0.001040517072744,0.000119340126471293,0,0,0.00475972266675188,0,0,0.00948577668143542,0,0.134081238178701,1.15586248404288,0.340897843331151,0.0634868323967757,0,0,0,0,0,0.000362141705193053,0,0,0,0,0,0.000873944927861255,0,0,0,0,0,0,0,0,0.0046406938374017,0,0.00156517018024978,0,0,0,0,0.00168493769415177,0,0,0,0,0,0,0.0400590858831216,0.000502325646813302,3.62505271549276e-05,0,0,0,0.000890640049397089,0,0,0,0
0,0,0.000297456563490023,0,0,0,0.000462718293923877,0,0,0,0,0,0.00128539373299617,0,0.00531894533679097,0.000783337140216947,0,5.36488212983331e-05,0,0,0.000641807114313575,0.000611459488497916,0.00209361175380898,2.48675311231724e-05,0,0,0.000280461593749053,0.000958927339602178,0,4.90560041663778e-05,0,0,0,0.00298182294260869,0.0328682214794916,0.213480372147975,0.0446311862771435,0.0212072526019175,0.027136845673709,0.00150700718023252,0,0,0,4.89491960066181,0.271559913084599,0.758898676167604,0.357440231257783,0.00128464652738141,0.0357916220666176,0.0121895133997846,0,0.0106414215782776,0,0,0.000709622502771123,0.00295779792402198,0.00416284754366778,0.0587003758352596,0.000198281205575598,0.0154076727212276,0.000298106029516479,0.0155331878157771,0.00979433105334417,0.00733311801399389,0.0141364447316683,0.00219820134523077,0.000206882743124634,0.00363674540496308,0,0.0158596274778324,0.00152963581579919,0.0265661056362752,0.00129835844649547,0,0.00106875448749039,0.00384351627613073,0.0458045016159458,0.00585558678060429,0.0586030432186646,0,7.44637215025355e-05,0.00318962473624499,0.061369313512352,0.0646197121687277
0,0,0,0,0,0.000183175260296736,0,0,0,0,7.03966571536877e-05,0,0.000154550088466927,0,0.00279914487653963,6.07222299775162e-05,0,0,0,0,0.000114724372891131,0.00111384487520406,0.000305808170770472,6.31316936928117e-05,0.000688384862103293,0.000117378608194284,0.000239999772155105,0.000187585640891068,0,0,0,0,0,0.00017641425045396,0.0152204698966709,0.0680941094499884,0.00879307165694701,0.00483663809006975,0.00958578491094444,0.00181528262540357,0,0,4.89491960066181,0,3.52124009082219,2.57631715454205,0.0770793111167031,0.00142998153022731,1.0893588719346,0.00466189155593515,0.00182552179893519,0.266855691101635,0,0,0.000358924524768947,0.00515640279739234,0.00086895288141346,0,8.29244370630952e-05,0.411567421982995,0,0.507694063037994,0.00237038544651015,0.0036805560585383,0.00541140667345483,0.868064361978301,0.0834304827844426,0.479054758380214,0,0.0491706289254075,0.00186625865316145,0.235271769263096,0.000967615160898842,0.163100655406693,0.0762702323313027,0.0236239745906812,0.0200034738393047,0.000538584567145324,0.00922383985114139,0.0157439198241044,0.000711890013035607,0,0.601811876310906,0.0274060923663358
0,0,0,0,0,0,0,0,0,0,0.000611747356839658,0,0.000367810241254391,0,0,0,0,0.000584797553858209,0,0,0,0.000383673792941311,0,0,0.000701950720684428,3.06867074554029e-05,0.000577976531194854,1.64569481097513e-05,0,0,0,0,0,5.92473995216941e-05,0.0005801986993091,0.00137638608707951,0.000884064840247422,4.11729616739877e-05,6.4542761579633e-05,0,0,0.000362141705193053,0.271559913084599,3.52124009082219,0,3.58218415260486,0.00497843344034716,0.139662765255714,0.428948609154448,0.042092058917527,0.00391334748355102,0.0861920476734994,0,0,0.000261893971539057,0.0161670285191197,0.00757811536580309,7.48396351026148e-05,0.000152154562557767,0.657401160598553,9.14658692528487e-05,0.11645999451996,0.0319720335794674,0,0.0374722659704526,0.131236611728653,0.0337762989024154,0.186838081707929,0.000141596472322602,0.142546277707149,0.0019872972459688,0.157306290514326,0.003793298052045,0.0220837894956558,0.0412407028138718,0.019458925199999,0.0768360156326843,0.188890535523411,0.17673872466517,0.022205858521863,0.00427721100201727,0.225065691168668,2.75403212386222,0.000430600184936103
0,0.00234804353107781,0,0,0,0,0,0,0,0,0,0,0.00033720456458837,0,0.000179327152368194,0,0,0,0,0,0.000138014964619227,0.000983839682161688,7.23578477824158e-05,0,0,0,0,5.19178168489453e-05,0,0,0,0,0,0,0.00300610995964777,0.0256771770259099,0.00325358220731829,0.00241571322394228,0.00462946961571205,0,0,0,0.758898676167604,2.57631715454205,3.58218415260486,0,0.0567353822753352,0.112508644647092,0,0.0255059980490911,0.000154622624022632,0.0380508710619563,0,0,0,0.00340761580812587,0.00243828849498724,0.000144632890027007,0.000184106649735713,0.00256222717505007,0,0,0.0101740971850403,0.00718535158656164,0.017944294643825,0.011611419821634,0.000342554367994017,0.017568110912277,0,0.0365427540283537,0.00301632568678024,0.0866928632887429,0.00194767297760602,0,0.00217178981608641,0.00696036113717206,0.0214547821500691,0.0138686887526692,0.0548409249214565,0.000178633630589647,0,0.0231400588485888,0.169374344727291,0.00365683335735052
0,0,0,0,0,0,0,0,0,0,0,0,0,0,0,0,0,0,0,0,0,0,0.000183746775887592,0,0,0,0,0.000107891477114344,0,0,0,0,0,0,0.00514335872451123,0.000971541742170587,0.000817414264945213,0.00102231304332226,0.00326996156494874,0.00524205628366534,0,0,0.357440231257783,0.0770793111167031,0.00497843344034716,0.0567353822753352,0,0.437488448745387,0,0.000648728934718708,0,0.000472576899160212,0,0.243976507777265,0.6321381350456,0.000723597526521821,0.00138436829001741,1.2537479798119,5.69697190288547e-05,0,0.118408923637114,0,0.0020367475236271,0.492870647698993,0.000783426535993254,0,0,0,0.000653087858743934,0.00203588537995773,0,0.00366855269596181,0.00506702488000585,0,7.53888624085977e-05,0,0.00181104818544213,0.00346795593011687,0.00280547288908536,0,0.00438608648128906,0,0.00416963437012092,0.0114033137868073
0,0,0,0,0,0,0,0,0,0,0,0,0,0,0,0,0,0,0,0,0,0,0,0,0,0,0,0,0,0,0,0,0,0,0.000107255943760368,0,0,0,0,0,0,0,0.00128464652738141,0.00142998153022731,0.139662765255714,0.112508644647092,0.437488448745387,0,0,0.000127596393975079,0,0,0,1.94508383750864,0.475864079793489,0.000373580502489576,0.0595142836988289,0,0,0.000134360478415733,0,0,0.0555974514899155,0.00155276591972804,0,0,0,0,0,0,0,0.000125466070409818,4.41635381413109e-05,0,0.000117126244780909,0,0,0.283600881589741,0.00120024024996919,0,4.56603993018477,0.0263289150625358,0.405751768414872,0.000451139173025091
0,0,0,0,0,0,0,0,0,0,0.00012359906064181,0,0,0,0,0,0,0,0,0,0,0,0,0,0,0,0,0,0,0,0,0,0,0,0,0,0,0,0,0,0,0,0.0357916220666176,1.0893588719346,0.428948609154448,0,0,0,0,0,0,0,0,0,0,0,0,0,0,0.724172604042957,0,0.417027168600504,0.000297713650717849,0,0,0,0.0032094706980525,0.000166226673707855,0,0,0,0,0,0.160487768485957,0.00237330962286689,9.30596136945214e-05,0,0.000214375341652981,0,0.0127049961173658,0.000194653300632302,0,0.0245484157529357,0
