0,0,0.00575860011280551,0.00318551416725058,0.000197424158203967,0.0158886073567185,1.09722720297209,0.227919965494461,0.0554003470653037,0.0137532668425588,0.00192487659167877,0.0154026756517039,0.000717831929107956,2.86886730971007,0,0.0047700901684055,0.0355113525542566,8.61566309778017e-05,0.00530422531412342,0.0188067766409423,0.0537925723288632,0.00840067480648694,0.0472289735106337,0.0306781664896858,9.07203202193951e-05,0.00153784617472002,0.00202549222721433,0.03753317508414,1.19116694042212,0.270658084814351,0,0.00694892097500599,0.102435888492056,0.119392988308032,0.000171899135925899,0.0191404718103155,0.00421565818477535,0.130634929712252,0.0372380235167387,0.00647683488668742,0.0110883146057455,0,0.00190067041869492,0.000761750246794024,0,0.00035704806268573,0,0,0,0,0.000440054203040352,0,0,0,0,0,0,0.000124827531192438,0.000348366276374162,0,0,0,0.000190928803132586,0,7.28141254002475e-05,0,0,0,0,0,0.000326422076798668,0.000143125319687964,0.0019740428507011,0,0,0.00019889155914425,0.000968536196953947,0.000101073538070378,0,0,0,0.00119342738530105,0,9.68968634263461e-05
0,0,0.130977002548915,0,0,0,0.000419027173134069,0.000165665162786201,0.0231938692231168,0,0.0135375497666778,0,0.0346384742490156,4.37783477752671e-05,0,0.0344237330919793,0.0606107408192151,0.0129813355186481,0.0355839040560862,0,0.00263828272912501,1.13324159151027,0.020769048088147,0.0138913502305269,0.539136711828583,0.21624008226642,1.18999075334053,0.00111231571828835,0.000576739879495556,0.000548767794468006,0.0159516949375864,0,0,0.0189038013827383,0.000357661480048218,0.0109634356925848,0.0231516267914361,0.0392214739463644,0.0111227125538335,0.000287579261941265,0,0.00107294142681137,0.0021803741703804,0.00447226896104881,0.0052634308963202,0.00170236136615863,0.000401635691306575,0,0,0,3.47678898451474,0.0054280938641648,0,0,0,0.000164524276245947,0,0.00557380575261293,0,0.000449460915884759,0,0.00535570491932312,0,0,0.0179381463460837,0.00400465336873992,0.00045873302401464,0.00677381032869932,0,0.000695488519616787,0.117589418001715,0.00472244009334518,0.00281818594499372,0.270651269938676,0.00994318820449802,0.189062436729568,0.000848862855229224,0,8.25028213505795e-05,0.00113002179595258,0,0,0.00108299325761682,7.83122034787665e-05
0.00575860011280551,0.130977002548915,0,0,0,0.000168074998357466,0.0211987328543236,0.00144647748413487,0.00287324953226194,0,0.00973350104392214,0.000142036355738991,0.000791989265190167,0.00277340765084713,0,0.0386381417807646,2.42334300084136,0.00460751393795305,0.129357807925267,0.000102242023285533,0.180700434652036,0.0227188258642521,2.61345690099238,0.00633549089352624,0.00435532534065203,1.25709651090655,1.84041839801831,0.0506701939264332,0.00376975919294523,0.0305932482827138,0.00100211889707998,7.0683304298623e-05,0.00123044450730773,0.125306990863347,0.00245505283214911,0.0657829476097913,0.0617277007747413,0.186803219090438,0.0569664733331344,0.00129781957128277,0.000732692708052646,0.000698357371046456,0.00243468125917132,0.000816827829118244,0.00346771510028791,0.00191094746936353,7.21482082520694e-05,0,0,0,0.10012348767149,7.35149726288978e-05,0,0,0,0,0.000185730285795146,0.000121015482131225,0,0,0,0.000246304653953549,0,0,0.00269646739292765,0.00153382195261631,0,6.77158658003128e-05,0,0.000291293288794136,0.00826052509993423,0.00377921254011025,0.000183926737817917,0.00372096574957901,0.000486571361030443,0.00974344602154553,0.000610988876588456,0,0,8.29959876049672e-05,0,0,0.000355238329710076,0.00117383475651926
0.00318551416725058,0,0,0,0,0.028569655789404,0.0381585149937949,0.0148885639840138,0.115964008480273,0.912918335308782,0,1.08819377255808,0,0.00441703693224281,0.0039144337426236,0.00120385925015939,8.79308676182706e-05,0,0,10.8800930144563,0.00123172219028953,0.000483788824194874,0.000817103794903372,3.1390076557167,0,0,6.92419098056092e-05,1.40520924050877,0.00175336924142653,0.00141414794481873,0,0.00018100354665973,0.00190564164643808,0.00203668633182733,0,0.00228688441825175,0.00025282447658883,0.00270419090375869,0.000126568350760305,0.00384406963012274,0,0,0,0,7.56089734431017e-05,0,0.000673738530531985,0,0,0,0,0,1.6243966594369,0,0.0016927629241289,5.30250712583225e-05,0.000437106901794114,0.00392613252502574,0.0105572668789262,0,0.0725647338898624,0,3.71663604469617e-05,0,0,0,0,0,0.389395435419841,0,0,6.03038569735306e-05,0.116916938518488,0,0,0,0.0161857518157504,6.39168166978264e-05,0,0,0,0,4.32382534465345e-05,0
0.000197424158203967,0,0,0,0,2.28108433981549,0.00016576283256479,0.765145581626744,0.000677163130385031,0.000236531606118372,0.0047500486502024,0.000272813333540997,0.000642104765761684,0.0257909980502617,0.00679581186929384,0,0,0,0,0,0,0,0,6.80120758527131e-05,0,5.01088378481764e-05,1.583301963135e-05,0.000119711469156559,0.13591636068472,4.18625031292272e-05,0,7.17207495367627,0.00145973455121922,0.430031327201261,0.000777160908412441,0,0,0.0185678879309563,0.00363574721411367,0.765945974454133,8.09817880306418,0,0,0,0,0,0,0,0,0,0,0,0,0,0,0,0,0,0,0,0,0,0,0,0,0,0,0,0,0,0,0,0,0,0,0,0,0,0,0,0,0,0,4.99844986219158e-05
0.0158886073567185,0,0.000168074998357466,0.028569655789404,2.28108433981549,0,0.111501006588303,3.16736534223792,0.0775966362674525,2.96260048642357,0.00271200313476355,4.03364446111484,0.000105121009076286,0.240531123072466,1.83628883124017,0.000426715097787399,0.000956225367921035,0,0.000441301564582665,0.521900902004181,0.00101893860356187,0.000989290561475247,0.00149548954487413,0.191490084654268,0,3.89480651391194e-05,0.000187556012468094,0.0410137922698145,0.270846414961109,0.00245564422118457,5.6772800251844e-05,0.648621035720759,0.00275006081135392,0.0598873484126694,0.306406016890496,0.0131366940018776,0.00147184925428828,0.0988594255895138,0.0133371986843383,0.534492236615321,0.28120377025478,0.000708519017548204,7.65016518573425e-05,0,0.000107982899986151,3.7846781940997e-05,0.000634574093190237,0,0,0,0,0,0,0,2.98588449812428e-05,0.000170453344657397,0.000176461813585689,0.00790434055671551,0.000293326486222568,0,0.00180215576741776,0,0,0,0,0,0,0,0.000168131703931614,0,0,3.06680928410686e-05,0.0124816351271123,0,0,0,0.00027920423489145,0,0,0,0,0,0,0.000447083101606613
1.09722720297209,0.000419027173134069,0.0211987328543236,0.0381585149937949,0.00016576283256479,0.111501006588303,0,0.709845632621924,0.0812450861231474,1.88384267610536,0.00147374146945766,0.130385828414757,0.000577377318762246,0.886444899108582,0.00249324853255503,0.0101641706796952,0.0315014333031038,0.00011795446870807,0.00248418294772981,0.0358995630469473,0.131497056945882,0.0145457031235492,0.118997440567491,0.302551727584508,9.82924134642037e-05,0.00246160590185894,0.00651050215123677,2.42554806401831,0.138785010341372,2.33652975463824,0,0.00201038788703796,0.0307646300580657,0.104963372444563,0.00140748238073635,0.0445265170819769,0.00782859777712496,0.118505326047124,0.0361009927955612,0.00812107048343758,0.00401408428471054,0.000825453987812023,0.00226510389388899,0.00102544478531641,0.000246145514602558,0.000781528147735167,0.000306093846373049,0,0,0.000160382737437953,0.000135855489873804,0,0,0,0,0.000122348290434294,0,0.00089284397454523,9.68975158734901e-05,0,0.000437290653259532,0,0,0,0.00106710927527238,0,0,0,0.000257722401766546,0,0.000571355566554919,0.000131943300958172,0.00391070992859447,0,0,0.000257598962123767,0.000529568196390155,0.00030856639789463,0,0,0,0.000246386396973445,0,0.000784018640405477
0.227919965494461,0.000165665162786201,0.00144647748413487,0.0148885639840138,0.765145581626744,3.16736534223792,0.709845632621924,0,0.0305942348498863,1.00017583912029,0.00878470927997174,0.197946381278037,0.000690606026104755,4.56808981617423,0.0387493860310271,0.00108217169434627,0.00711344046122428,0.000180669756798262,0.00146380200628996,0.121612246625921,0.0137736422919579,0.00227440787957032,0.0130093694190867,0.0988148188244064,0.000135210902287987,0.00069000227531323,0.000728131297798094,0.0623370673746121,0.51574819702254,0.025159152753749,5.35310472339024e-05,0.369854064982214,0.0116855530588322,0.165278238341475,0.00168210767005308,0.0200612343891756,0.0052425704364038,0.229932484417934,0.0274074527427431,0.0193036428898255,0.244257877298721,0.000781971933294097,0.00109472953298193,0,0.000148107712416148,0.00062462799046561,0.000451449177105309,0,0,0.000121485332656469,0.000264561122167741,0,9.14568440967475e-05,0,0,0,0,0.00196757350640239,0.00028779260038233,0,0.00025615401293408,0,0,8.94159490481268e-05,0.000236661942724843,0,0,0,0,0,0.00019041436583217,3.28473339366937e-05,0.0030592746054165,0,0,0,0.00044039535183631,9.27374817530323e-05,2.47246799060241e-05,0,0,0.000182640038354094,0.000209538816497837,5.37294329446364e-05
0.0554003470653037,0.0231938692231168,0.00287324953226194,0.115964008480273,0.000677163130385031,0.0775966362674525,0.0812450861231474,0.0305942348498863,0,0.0336988999055091,5.55757238761495e-05,2.41165452517718,0.000766914862209054,0.0428359355952772,1.28548352687562,0.0929215597194194,0.00649403117215109,0,0.00135911133383429,0.979987717146752,0.0334243293067539,2.2203176424395,0.0199459304203259,6.92673117097988,0,0.000913452828583711,0.0240976880351333,0.374828491520212,0.12937627671595,0.0830323016873149,0,0.0007726546454611,0.297262865337267,0.178793024312733,0.000303791305989618,0.29908028914453,0.00735668788424279,0.149167946779503,0.0740477260370162,2.99970395049629,0.00301540499270422,0.00118312721897919,0.0628414329551405,0.0141467117754786,0.0226768235285743,0.0247248279994868,0.037237471477033,0.00741977397365995,0.000243519633225995,0.00765316781972968,0.00902739026431123,0.000163041918654312,0.00598630874207202,0,0.002685355912702,0.0146264434406898,0.00273568949442632,1.58733269375047,0.0142904082790152,0.00129173140290834,0.0671813387343323,0,0.00442103596058759,0.00580134688038173,0.0116703109466371,0,0,0,0.0181393938234614,0.000735889868621273,0.0204472150611453,0.00153982708835992,0.481779183114698,0,0.000131198793793322,0.0015988270293226,0.0512359952499534,0.0130444267291012,0.006995328381044,0,0.000885290003010507,0.0231210916483221,0.0108658539911479,0.000177613783302044
0.0137532668425588,0,0,0.912918335308782,0.000236531606118372,2.96260048642357,1.88384267610536,1.00017583912029,0.0336988999055091,0,0.000228684379516708,3.11571434027854,0.000172379742966344,0.167039986471667,0.00506759886351576,0.000312066590756797,0.000134765515904747,0,2.90553542993566e-05,2.86016456322552,0.000845544682527441,0.000237329676316768,0.000777781116413899,0.141043358622448,0,1.81885699174288e-05,0.000108740580635432,0.658411075076156,0.0210984832936421,0.00159081199352911,0,0.000977674247429672,0.00196694713668261,0.0134566344111396,0.0644271832550812,0.00967755618577712,0.000512823209546608,0.0263239940541847,0.0112539379814788,0.00367386827852954,0.00227056706748105,5.20807762219178e-05,0.000112873350380486,0,0,3.60819195531423e-05,0.000582196953481623,0,0,0,0,0,0.000211467032692536,0,0,0,0,0.00297637540259329,0.000330169042564439,0,0.000678135492656641,0,0.00011551564201067,0,0,0,0,0,0,0,4.56192318077503e-05,9.33413040048884e-05,0.00484087645985129,0,0,0,0,0,0,0,0,0,0,1.5976180418595e-05
0.00192487659167877,0.0135375497666778,0.00973350104392214,0,0.0047500486502024,0.00271200313476355,0.00147374146945766,0.00878470927997174,5.55757238761495e-05,0.000228684379516708,0,0.000746929623161146,2.38453042960276,0.0063620418776435,0,6.76524585477433e-05,0.0457514905630825,3.4465969346627,1.03807667915267,8.08968290168938e-05,0.00259576388086317,0.000888122782900893,0.0068169285263674,0.000419975257620421,0.727715028571861,1.2651531575208,0.123626066301274,0.000912695401491647,0.0431787476533104,0.00186659714021569,0.80425890759672,0.0245768879703445,0.0015911223812789,1.91823562868856,0.000146793947459463,0.0186153854494781,0.991823191373322,1.98237384054143,0.0636294470800711,0.000182473418930225,0.0154799970345242,0.4404515759203,7.9497899838274e-05,0.00445057912584115,0.00295421654522097,0.000996709599778857,0,0.000174601393751661,0.00312114222474952,0,0.00241511168980769,0.000121792908038008,0,0.000213482796233386,0,0,0,0,2.84228645224503e-05,0.0295549675881289,0,0.0746907519698023,0,0,0,5.94179287859518e-05,0.00440242604039778,0.00138916911718214,0,0,0.00098367946851168,0,0,0.0920470857270016,0.0147348550501365,0.0260686793573241,6.16830640876513e-05,0,7.59794808714704e-05,0.0450538924222693,0,0,0.00132899792310233,0.000180994596410793
0.0154026756517039,0,0.000142036355738991,1.08819377255808,0.000272813333540997,4.03364446111484,0.130385828414757,0.197946381278037,2.41165452517718,3.11571434027854,0.000746929623161146,0,0.00098128648362185,0.0282203457467875,1.43985502898172,0,0.000262555388218275,0,0.000232285938812467,7.02948491985573,0.000560758577763072,0.000527371601681982,0.000495593492767896,1.66074863004706,0,1.85871331965918e-05,8.48814476577503e-05,0.140608917007961,0.025023600061655,0.00144247733075503,0,0.00129113234872261,0.000833954988710137,0.0127814192004745,0.0719730213833672,0.0203591123041686,0.000470909523833475,0.0304588186667012,0.0111234326677355,1.0565882801766,0.00238028168780971,0.00076158691917601,0.00011335535259015,0,0.000440280522095087,0,0.00916567593044835,0,0,0,0,0,0.258204761316747,0,0.000420852993213844,0.000416698310900048,0.000456531841438748,0.0498869367774569,0.0040713717362998,0,0.2447117874203,0,0.000178965239504398,0.000990588630869708,7.53903998834534e-05,0,0,0,0.00167028140765791,0,0,0,0.048256680861855,0,0,0,0.00126819990731479,3.07502788829961e-05,0,0,0,0,0,0.000358264052874431
0.000717831929107956,0.0346384742490156,0.000791989265190167,0,0.000642104765761684,0.000105121009076286,0.000577377318762246,0.000690606026104755,0.000766914862209054,0.000172379742966344,2.38453042960276,0.00098128648362185,0,0.000833318053928138,0,0.000897596835580028,0.000968573015065557,0.033492231186727,0.00775187562161392,0,0.000912068106602806,0.00199241466994051,0.000487490925901922,0.000326731795953689,2.44047450697864,0.160192903652151,0.448326700125395,0.000543722513342607,0.00284845688773344,0.000390698495851122,2.98504630951417,0.000696644278322775,0.000467264754796547,0.0892238235464487,0.000485780094789853,0.366733294923414,1.47456940249761,0.892952457915087,0.428725350673125,0.00341374834215378,0.0226803046319625,3.71209676272129,0.00158694923187774,0.00358178655783869,0.00524621746565598,0.000476184026731925,0,0,0.00770232994840982,0,0.0017253406293808,0,0,0,0,0,0,0,0,0.0339724484908239,0,0.0659754387027618,0,0,0,0,0.00413033606289784,0.00124994026147439,0,0.000185675436189005,0.000415773515791929,0.000221824366115072,0,0.110681341500229,0.0181825074131038,0.0209468231317847,0,0.000201118640636407,0,0.0479452528469926,0,0,0.00299281214311261,0.000465341789313274
2.86886730971007,4.37783477752671e-05,0.00277340765084713,0.00441703693224281,0.0257909980502617,0.240531123072466,0.886444899108582,4.56808981617423,0.0428359355952772,0.167039986471667,0.0063620418776435,0.0282203457467875,0.000833318053928138,0,0.00207800895732713,0.00155011966476821,0.0146628256746018,2.75109352337426e-05,0.00182371753750947,0.017981581389457,0.0252341755269156,0.00579134669684523,0.0249576056011237,0.0369704471311803,0.000129586411725118,0.000908350114240876,0.000876124623638564,0.0346495172176355,2.52813705891199,0.0754365616689937,0,0.339941985500474,0.0515953962439185,0.228977662113281,0.000176904707126474,0.0203180020605189,0.00406839580577834,0.176081751403339,0.0218918642394016,0.00365281807086393,0.0501959479226519,0.000855159221774399,0.0020053666853212,0.000543924834144931,0.000112285443915029,0.000902016117769664,0,0,0,0.000138499682650414,0,0,0,0,0,0.000256979588248244,0,0.000606376645265184,3.03017988625672e-05,0,3.85720809888811e-05,0,3.44418971439595e-05,0,5.27052521491224e-05,0,0,0,0,5.20382062512339e-05,3.13123618099894e-05,0,0.00224106247014016,0,0,3.98708655425949e-05,0.000777929163707665,0.000447845750576943,8.20601869488072e-05,0,0,0.0006702546795692,0.000408397005988914,0.000114726205068805
0,0,0,0.0039144337426236,0.00679581186929384,1.83628883124017,0.00249324853255503,0.0387493860310271,1.28548352687562,0.00506759886351576,0,1.43985502898172,0,0.00207800895732713,0,0,0.000150394942853105,0,0,0.0223405100260644,0,0,0,0.0178239752037069,0,0,0,0.000978610776588551,0.000990232821142263,0.00012666002117323,0,0.000338244743796887,0,0.000808165696340608,0.315691787225828,0.0062698403769359,0.000618337891320352,0.00195820360319114,0.000530688206821724,3.41737416108498,0.0178490966926461,0,8.20997549542124e-05,0.00207965434144861,0.00108180933202667,0,0.00139808132557762,0,0,0,0,0.000529873335607306,0,0,0,0.000164552784568367,0,0.00541527573598263,0,0,0.00144347633661709,0,0,0.0010573240509429,0.000579842193945065,0,0,0,0,0.000364923907749955,0,0.000596889253298604,0.0030174685053674,0,0.000161204186136035,0.000182927490377839,0,0,0,0,0,0,0,0.00338055155192721
0.0047700901684055,0.0344237330919793,0.0386381417807646,0.00120385925015939,0,0.000426715097787399,0.0101641706796952,0.00108217169434627,0.0929215597194194,0.000312066590756797,6.76524585477433e-05,0,0.000897596835580028,0.00155011966476821,0,0,0.0219283374110759,0.000107212134109319,0.00341029377886554,0,1.63191924733194,3.65153282256684,3.40608125078787,1.88801265757986,0.000695784970645026,0.00197587095974031,1.61325308264354,0.822847409551462,0.0133246698060126,0.0431242472213475,8.99696296540083e-05,0.000246650889939935,0.0164308457287337,0.0743028914922758,0.004265695824476,0.176668136418032,0.0495156862050115,0.158455578548095,0.0916961226508103,0.0133006728882566,0.00161818903801253,0.00230616444445982,0.0200199615754294,0.0133427850455483,0.00829942287464789,0.00864166820182622,0.00269861014578621,0,0.00117200603966813,0.000370563811800867,0.0131005992012479,0,0,0,0,2.74962692035658e-05,0,0.0110268594590103,0,0,0.000541936647556508,0,0.000286094148941887,0,0.208715379106093,0.00013905096308987,0,0,0,0.00258161358115758,0.137658878691,0.0113519333372198,0.00543839769367303,0,0.000395137604634783,0.0118164697585013,0.00208037286912602,0,0.000943840500288406,0,0,0,0.00135341766611404,0.0026103128894401
0.0355113525542566,0.0606107408192151,2.42334300084136,8.79308676182706e-05,0,0.000956225367921035,0.0315014333031038,0.00711344046122428,0.00649403117215109,0.000134765515904747,0.0457514905630825,0.000262555388218275,0.000968573015065557,0.0146628256746018,0.000150394942853105,0.0219283374110759,0,0.0144044005338985,2.81110520960844,0.000142877382040718,0.249536779294326,0.0224504135015549,2.80187792427449,0.0108060383479518,0.00406955780199974,1.21989159723408,0.370934661279622,0.0398076614604946,0.0568722959668791,0.137170525288121,0.00127367872236111,0.00140990445672635,0.0197619087146275,0.663810040073276,0.00214819624590678,0.0589462737580772,0.85854688397726,0.246792287702905,0.0701224575064808,0.00147216843346719,0.00125266124468739,0,0.00229920429957521,0.00115848924680307,0.00114200532701196,0.00220174787479261,0,0,0,0,0.0502453097705547,0.000210600697767699,0,0,0,6.46810150293923e-05,0,0.000264422058289325,0,0,0,0,0,0,0.00237111642114319,0.000671109763726916,0,0,0,0.000238174330060115,0.00526810057399433,0.00186006516005848,0.000260639305336482,0.00370360530283233,0.00010975196587543,0.00729332172472776,0.000254608735302923,4.77199108435849e-05,3.88546388318039e-05,0,0,0,0.000325118817596802,0.00168820898744205
8.61566309778017e-05,0.0129813355186481,0.00460751393795305,0,0,0,0.00011795446870807,0.000180669756798262,0,0,3.4465969346627,0,0.033492231186727,2.75109352337426e-05,0,0.000107212134109319,0.0144044005338985,0,4.03549303083139,0,0.000334648845261981,0.000497335135565395,0.00181380157469571,0.000107914995006001,0.13544899627061,1.02724433332849,0.0727401168956573,0.000163959252320621,0.000600215866039913,0.000111288836553537,0.120366584121122,0.000227507085706289,0,0.0260382509213907,4.50700337192036e-05,0.00206102753814003,0.0256579863326775,0.0421003024512781,0.0104772863281288,0,0,0.0010974943045554,0.000414264933620435,0.000915705383524387,0.000459604544299696,0.000250136638764619,0,0,0,0,0.00305740941781257,0,0,0,0,3.49375069588678e-05,0,0.000111660393887915,0,0.00348075934301822,0,0.0187021395788677,0,0,0,8.27087026910797e-05,0.00250934542560595,0.000446430144443936,0,0,0,3.51773841107022e-05,0,0.0442548601532786,0.00495062619388716,0.0120291466661086,0,0,0,0.0138062490496413,0,0,0.000157487244926008,3.95945571338293e-05
0.00530422531412342,0.0355839040560862,0.129357807925267,0,0,0.000441301564582665,0.00248418294772981,0.00146380200628996,0.00135911133383429,2.90553542993566e-05,1.03807667915267,0.000232285938812467,0.00775187562161392,0.00182371753750947,0,0.00341029377886554,2.81110520960844,4.03549303083139,0,0,0.0146070625999267,0.0039997434464999,0.0662767542910679,0.00155675072547283,0.0841453613994899,2.18389521718909,0.144575888996236,0.00467757386737449,0.0073256953493025,0.0107724938219052,0.0158088775939502,0.000264396253725012,0.00299410338454108,0.922435513001357,0.000410143660606096,0.0274581267031547,0.237338999866034,0.313180969966291,0.0451909172846583,0.000104620086399485,0.00218416596805929,0,0.000398301161586715,0.000906647535174171,0.00032278743209214,0.000719292501641993,0,0,0,0,0.0118473362308146,7.4859510618747e-05,0,0,0,0,0,0.000341107360374371,0,6.43181668404606e-05,0,0.00295419507765649,0,0,0.00049345670423089,0.000367391260502031,0.00144890816461302,0.000486389438104662,0,0.000154932669371992,0.000538647780378592,0.000260044448906882,4.27396947385314e-05,0.027410381299125,0.00285812152712325,0.0117797829335367,0,0,0,0.00288218172103047,0,0,0,0.000225971529049128
0.0188067766409423,0,0.000102242023285533,10.8800930144563,0,0.521900902004181,0.0358995630469473,0.121612246625921,0.979987717146752,2.86016456322552,8.08968290168938e-05,7.02948491985573,0,0.017981581389457,0.0223405100260644,0,0.000142877382040718,0,0,0,0.000271443850478456,0.000850524753045912,0.000217187420822586,1.17022099177878,0,0,0,0.33788150249613,0.016857895965478,0.000455848727083297,0,0.000456812680356224,0.00275205695789726,0.0139976633686996,0,0.00846682601593944,0.000400512328313951,0.0353616741559218,0.0125073993908224,0.0302017668397356,0.00384282093586052,0.00213902882507833,0,0,0.000786949234293247,0.000129371704381563,0.00609826765213319,0,0,0.000332371218770243,0,0,0.113775029941119,0,0.000300804549439864,0.000877631675870754,0.000501699920370028,0.0884002122120806,0.00369882945195274,0,0.0253519551631782,0,0.000148956869191625,0.000251273071612025,0,0,0,0,0.0051464073351099,0,0,0,0.0707061824795122,0,0,0,0.00239135166968373,0.000475601833404841,6.93990321157315e-05,0,0,0.000712819498889183,0,2.91282845771409e-05
0.0537925723288632,0.00263828272912501,0.180700434652036,0.00123172219028953,0,0.00101893860356187,0.131497056945882,0.0137736422919579,0.0334243293067539,0.000845544682527441,0.00259576388086317,0.000560758577763072,0.000912068106602806,0.0252341755269156,0,1.63191924733194,0.249536779294326,0.000334648845261981,0.0146070625999267,0.000271443850478456,0,0.0503015474155261,7.26080141165346,0.152930047125169,0.000271034833357086,0.0128057440318328,0.0580341535851671,1.37969058777261,0.183869460269806,1.80646478563999,0,0.000755519096141917,0.632953480608798,0.574482531132427,0.00572493590230838,0.109703331159413,0.051503050438039,0.294273891686879,0.0667046392495162,0.00908890187257769,0.0010478685801118,0.00111398618132568,0.00288392924075298,0.00211026818869398,0.00193183357159287,0.00281053848272937,0.000272818111026526,6.05154955355624e-05,0,5.97347339222508e-05,0.00202428049833881,0.00015044722695947,0,0,0,8.9685129064346e-05,0.000244821532527868,0.000611339352930518,0,0,0,0,7.09335278573954e-05,0,0.00190193568560062,0,0,0,0,8.71119295875493e-05,0.00382859264426473,0.000675047357737392,0.000486964895088928,0,0,0.000730406775179702,0.000465053281509727,0,0,0,0,0.000347269009343294,0.000338835444337119,0.0030187993165954
0.00840067480648694,1.13324159151027,0.0227188258642521,0.000483788824194874,0,0.000989290561475247,0.0145457031235492,0.00227440787957032,2.2203176424395,0.000237329676316768,0.000888122782900893,0.000527371601681982,0.00199241466994051,0.00579134669684523,0,3.65153282256684,0.0224504135015549,0.000497335135565395,0.0039997434464999,0.000850524753045912,0.0503015474155261,0,0.124652186595611,1.90796245638384,0.00625417810707741,0.00645027988146871,0.894946204113684,0.056559106890723,0.0469723135450944,0.0892820926595138,0.000203891558264793,0.000494718804317543,0.111557607933273,0.171326123728899,0.00470651683993344,0.211342322016093,0.0696481513819345,0.287947770297157,0.154057686210993,0.0272625829742704,0.00459522905497526,0,0.41453708509268,0.206822435289417,0.0769561189324995,0.0991058820807413,0.0286795778321277,0.0149145301927684,0.0037301567496579,0.00723659830576529,0.113550846238246,0.00637047536067503,0,0,0,0.00244495326696618,0.00082333454069891,0.354111765809674,0.000363997369998495,0,0,0.000516677783862301,0.00225052334704796,0,0.545275623655365,0.00648686138466921,0.000443272532463752,0.000134564019740406,0,0.010654141858718,1.16777691668928,0.0497179145068996,0.0846213294003459,0.00397303104506007,0.000904666858490502,0.0574937123032232,0.0165057252782676,0.00452894807319265,0.0250019744567404,0,0,0.0169473273755487,0.0364751794379094,0.0035976341013659
0.0472289735106337,0.020769048088147,2.61345690099238,0.000817103794903372,0,0.00149548954487413,0.118997440567491,0.0130093694190867,0.0199459304203259,0.000777781116413899,0.0068169285263674,0.000495593492767896,0.000487490925901922,0.0249576056011237,0,3.40608125078787,2.80187792427449,0.00181380157469571,0.0662767542910679,0.000217187420822586,7.26080141165346,0.124652186595611,0,0.0766909900521765,0.000426049877006097,0.075299749679755,1.43723728222329,0.346396980363059,0.157117611828482,0.377695297467786,0.000161689965742666,0.000671343193877977,0.0726645060229818,0.482720967140725,0.0170209424330974,0.280702021977032,0.192360925306901,0.53715406119311,0.127704432557096,0.00968275592476677,0.00136820522564298,0.00141605753264312,0.00788139905946771,0.00352080024860167,0.00461182138844843,0.00527646963706414,0.000459483236794444,0.000756147446312251,0,0,0.0182400934614507,0.00113980340096572,0,0,0,8.54809839152858e-05,0,0.000943161162503699,0,3.74482146784784e-05,0,0,0.000152979200599806,0,0.0275951373609784,0.000651195575473518,0,0,0,0.000844695907765056,0.029859010173361,0.00649046196190011,0.00156503522468489,0.00013831242547188,0.00012936188659565,0.0106201247419922,0.00119283364233215,0,6.71932523331432e-05,4.68346109560899e-05,0,0,0.00138729827249186,0.00995361229659811
0.0306781664896858,0.0138913502305269,0.00633549089352624,3.1390076557167,6.80120758527131e-05,0.191490084654268,0.302551727584508,0.0988148188244064,6.92673117097988,0.141043358622448,0.000419975257620421,1.66074863004706,0.000326731795953689,0.0369704471311803,0.0178239752037069,1.88801265757986,0.0108060383479518,0.000107914995006001,0.00155675072547283,1.17022099177878,0.152930047125169,1.90796245638384,0.0766909900521765,0,8.63880855333623e-05,0.00097453409529455,0.0747611568568713,4.18145115874024,0.075343750723058,0.112457704644957,0,0.000658086074813718,0.0782159919705763,0.11292640671689,0.00124666407583277,0.0592267954675295,0.00744162458537496,0.0945632630775261,0.0366117552949554,0.122147175968701,0.0024984608383131,0.000662853930997797,0.00803430688928997,0.00415867084586338,0.00140659928618323,0.00377869396827044,0.00444258829465694,0.00080493580256439,0.000191548505652965,0.00116389397140426,0.00459634215209516,0.000186235027143117,0.00143829796682116,0,0.00126335987722136,0.00358775147866432,0.000878292552171826,0.070691447513407,0.00600158073994643,0,0.019591836611202,0,0.000828877691408238,0.000917810200639748,0.0176434578732228,6.67211292889138e-05,0,0.000161465558618845,0.0056196822643559,0.000164376748645094,0.0123780424678628,0.000946326392161558,0.154166445844991,0,0,0.00122545675697198,0.00791822478499499,0.000791291303580965,0.000594104726069216,0,0,0.000953564810063142,0.000506163186750595,0.00122664663536769
9.07203202193951e-05,0.539136711828583,0.00435532534065203,0,0,0,9.82924134642037e-05,0.000135210902287987,0,0,0.727715028571861,0,2.44047450697864,0.000129586411725118,0,0.000695784970645026,0.00406955780199974,0.13544899627061,0.0841453613994899,0,0.000271034833357086,0.00625417810707741,0.000426049877006097,8.63880855333623e-05,0,0.217267153004071,1.23029064468177,0.000143212265316594,0.000768345348854365,7.73951048484622e-05,0.260829989915027,0.000129094228015238,0,0.024806879981057,7.38226433698384e-05,0.0884874635575736,1.17657576355175,0.121591319636695,0.0727079778755292,0,0.000835383808106166,1.95969549802391,0.0625920896584211,0.106933289035165,0.0284740774077499,0.019593074869786,0,0,0.235544897013979,0,0.120156553451988,0.000966657297836769,0,0,0,0.000106138263818622,0,0.000203744827102998,3.35532364030902e-05,0.106834707444885,6.73835950420957e-05,0.276236993039503,0.000126371945910857,0,0.000422005819691381,0.00119733680085131,0.0265468686744588,0.0201055003707649,0.000298329839721764,0.000122815903897313,0.00120137977045219,0.000371596865125748,0.000208567061084709,1.35398990056171,0.0750494533743814,0.210044847739431,0,0.000120563092776021,0,0.144796823535189,0.000291399551253721,0,0.0894739633763999,0.000156887011144164
0.00153784617472002,0.21624008226642,1.25709651090655,0,5.01088378481764e-05,3.89480651391194e-05,0.00246160590185894,0.00069000227531323,0.000913452828583711,1.81885699174288e-05,1.2651531575208,1.85871331965918e-05,0.160192903652151,0.000908350114240876,0,0.00197587095974031,1.21989159723408,1.02724433332849,2.18389521718909,0,0.0128057440318328,0.00645027988146871,0.075299749679755,0.00097453409529455,0.217267153004071,0,2.529302776854,0.00340112731281166,0.00269940353511395,0.00715770918554389,0.896532397788999,5.18914949751009e-05,0.000454118924867304,0.144560760746199,0.000643017859733536,0.0199269918703708,0.0900902040121091,0.150176614405699,0.024441737256456,4.5633421584475e-05,0.000423540348697779,0.000626573568737388,0.00082603511913718,0.000736767456951364,0.00183313157015053,0.000604612098679369,2.81781928324568e-05,0,0.000326117556683012,0,0.0754284727265029,0.000755941662662483,0,0,0,1.92678125674824e-05,4.1187754176575e-05,5.42221439099378e-05,4.72371785076317e-05,0.00470601096937049,0,0.0247166583415657,1.78739183282883e-05,0,0.00041020700783756,0.000262722814948518,0.00383020473284938,0.00209448725325068,0,3.65485965788431e-05,0.00146178247115594,0.000501482450039799,0.000160278151914994,0.0764947151914919,0.0177461715050308,0.0710464554644121,0.000186172586152794,4.89319025043795e-05,4.43227427750804e-05,0.0126567564310605,0,0,0.000398528688844422,0.000377965408571353
0.00202549222721433,1.18999075334053,1.84041839801831,6.92419098056092e-05,1.583301963135e-05,0.000187556012468094,0.00651050215123677,0.000728131297798094,0.0240976880351333,0.000108740580635432,0.123626066301274,8.48814476577503e-05,0.448326700125395,0.000876124623638564,0,1.61325308264354,0.370934661279622,0.0727401168956573,0.144575888996236,0,0.0580341535851671,0.894946204113684,1.43723728222329,0.0747611568568713,1.23029064468177,2.529302776854,0,0.0301915118957648,0.00382017142968664,0.0109220296782456,0.480530243129566,2.71678314122295e-05,0.000884607479418144,0.143486299637978,0.00623872662063281,0.0927700293423627,0.102830503041874,0.206211177925445,0.0455507722490084,0.00115268197476454,0.000199766175701936,0.00141780437970129,0.0064683855674182,0.00326493115952739,0.00707397256182888,0.00202347307307422,0.000295400641927748,0,0.000163391262160419,5.28751693804416e-05,0.276767066368618,0.0019527348777041,0,7.09178348089765e-05,0,0.000576383475288586,5.12724005847717e-05,0.00168880398381258,3.56313087821365e-05,0.00593238993573148,7.08717443145645e-05,0.0320834075320608,0,0,0.0254331448338429,0.0010866298420077,0.00358987799638437,0.00325458016531646,0,0.00179095010956,0.0471806929027559,0.0116351768127665,0.00290979475128998,0.117966284911863,0.027806093551296,0.150615703387084,0.00228462482813885,0,0.000256229910908137,0.0154843975783433,0,0,0.0025137725102236,0.0035105455766949
0.03753317508414,0.00111231571828835,0.0506701939264332,1.40520924050877,0.000119711469156559,0.0410137922698145,2.42554806401831,0.0623370673746121,0.374828491520212,0.658411075076156,0.000912695401491647,0.140608917007961,0.000543722513342607,0.0346495172176355,0.000978610776588551,0.822847409551462,0.0398076614604946,0.000163959252320621,0.00467757386737449,0.33788150249613,1.37969058777261,0.056559106890723,0.346396980363059,4.18145115874024,0.000143212265316594,0.00340112731281166,0.0301915118957648,0,0.0623127277969426,2.04511244721831,0,0.000498995270047577,0.0509908973802,0.133778735666994,0.00275834151417604,0.0664341638133728,0.0104498734759303,0.131413494274579,0.0413258709624719,0.00737571895627196,0.00205087007450109,0.000667717296006735,0.00363113563270198,0.0023527452335759,0.00133530315023164,0.00202253667575436,0.000205728478764261,8.26574142290793e-05,0,0.000257737277267909,0.000806779193398342,0.000129855698736208,0.000231803568896568,0,0,0.000453575106701765,0.000152966102449602,0.00219792784060305,0.000360925385558624,0,0.000580895761559543,0,0.000282250137691337,0,0.00360172241867392,0,0,0,0.000261463632516752,6.86427339258123e-05,0.00276276043690649,0.000772801465130391,0.00607974407017429,0.000130125991888167,0,0.000755396482565744,0.00176058835876591,0.000650183376110388,0,0,0,0.000382630150950334,0.00136928780542693,0.00192217923346917
1.19116694042212,0.000576739879495556,0.00376975919294523,0.00175336924142653,0.13591636068472,0.270846414961109,0.138785010341372,0.51574819702254,0.12937627671595,0.0210984832936421,0.0431787476533104,0.025023600061655,0.00284845688773344,2.52813705891199,0.000990232821142263,0.0133246698060126,0.0568722959668791,0.000600215866039913,0.0073256953493025,0.016857895965478,0.183869460269806,0.0469723135450944,0.157117611828482,0.075343750723058,0.000768345348854365,0.00269940353511395,0.00382017142968664,0.0623127277969426,0,1.83298028113045,9.8306484434084e-05,1.81780668437429,3.29432464658774,1.71509107694598,0.000815324161513474,0.100412573591997,0.017261871150396,0.703377448133006,0.0627865360856295,0.0165330425284062,0.538638409573802,0.00167526746918334,0.00610407378595799,0.00458880164370384,0.00159985916681891,0.000931291110707869,0.000190904069844733,0.000404025093548864,0,0.000496608739909587,0.000274990426354506,4.6983629919695e-05,0.000130161525520623,0,0,0.000168711420994599,0,0.00299674694978883,6.94935797796309e-05,0.000145943735206263,2.35801617889941e-05,2.46576777885651e-05,0.000791658291014033,4.7919808324505e-05,0.00102253465878253,0.000138186657870117,0,0,0,3.87971166505735e-05,0.001672817839988,0.000118737702479634,0.00687638295538395,0.000135734166287271,4.24806588920515e-05,0.000161594791551903,0.00185571258905023,0.00112055868982803,0.000756632730539765,0,0,0.00113172724161783,0.000960816152395414,0.000599182278713153
0.270658084814351,0.000548767794468006,0.0305932482827138,0.00141414794481873,4.18625031292272e-05,0.00245564422118457,2.33652975463824,0.025159152753749,0.0830323016873149,0.00159081199352911,0.00186659714021569,0.00144247733075503,0.000390698495851122,0.0754365616689937,0.00012666002117323,0.0431242472213475,0.137170525288121,0.000111288836553537,0.0107724938219052,0.000455848727083297,1.80646478563999,0.0892820926595138,0.377695297467786,0.112457704644957,7.73951048484622e-05,0.00715770918554389,0.0109220296782456,2.04511244721831,1.83298028113045,0,0,0.000832674675148563,0.37746564280078,0.655490498850676,0.00206806278359306,0.0364426808220521,0.0128693327588954,0.211165573596169,0.0456629952500552,0.00712366998299237,0.0020173425783781,0.000883442528682581,0.00668176826336908,0.00302211868811717,0.00136879915858333,0.00157348339209187,0.000462283700647481,3.77255509297894e-05,0,0,0.000793561489715521,0.000137834977330959,0,0,0,0.000294944771501404,2.20674672954772e-05,0.00295207023989485,0,0,0,0,2.74055810066593e-05,0,0.000759638557131694,9.78875624431798e-05,0,0,0,0.000118787414348832,0.00366334915014309,0.000672373227077529,0.00101869092857469,0,0,0.000628308676492942,0.000469290065208735,0.000403768274716988,0.000654882274153266,0,0,0.000624176389984744,0.000522373658639308,0.000964379278407473
0,0.0159516949375864,0.00100211889707998,0,0,5.6772800251844e-05,0,5.35310472339024e-05,0,0,0.80425890759672,0,2.98504630951417,0,0,8.99696296540083e-05,0.00127367872236111,0.120366584121122,0.0158088775939502,0,0,0.000203891558264793,0.000161689965742666,0,0.260829989915027,0.896532397788999,0.480530243129566,0,9.8306484434084e-05,0,0,0.000345202129842059,0,0.0107349833961676,0,0.00197114168235323,0.0639691513348014,0.0425406583638286,0.00801240745255184,0,0,0.00372381036470974,5.87511996266378e-05,0.00242904845034463,0.00110219642554287,0,0,0.000678856914153605,0.000744627910738002,0,0.00240538343184448,0,0,0,0,0,0,0,0,0.0150716242370384,0,0.0340291025345054,0,0,0,0,0.00262939734997103,0.000569775093076067,0,0,0,0,0,0.0544279194446706,0.00678064641681258,0.01304450663231,0,0,0,0.0419087044392073,0,0,0,1.68318882836774e-05
0.00694892097500599,0,7.0683304298623e-05,0.00018100354665973,7.17207495367627,0.648621035720759,0.00201038788703796,0.369854064982214,0.0007726546454611,0.000977674247429672,0.0245768879703445,0.00129113234872261,0.000696644278322775,0.339941985500474,0.000338244743796887,0.000246650889939935,0.00140990445672635,0.000227507085706289,0.000264396253725012,0.000456812680356224,0.000755519096141917,0.000494718804317543,0.000671343193877977,0.000658086074813718,0.000129094228015238,5.18914949751009e-05,2.71678314122295e-05,0.000498995270047577,1.81780668437429,0.000832674675148563,0.000345202129842059,0,0.005458035774437,1.24979822504591,0,0.0139032653468205,0.00443963862783896,0.234620202219966,0.0154526395971452,0.0318729123991952,5.66536408088413,0.000642814761708806,0,0,0,0,0,0.000449488028014811,0,0,0,0,0,0,0,7.61819407519918e-05,0,0.000347167156648998,0,0,0,0,0,0,0,0,0,0,0,0,0,0,0,0,0,0,0,0,0,0,0,0,0,0
0.102435888492056,0,0.00123044450730773,0.00190564164643808,0.00145973455121922,0.00275006081135392,0.0307646300580657,0.0116855530588322,0.297262865337267,0.00196694713668261,0.0015911223812789,0.000833954988710137,0.000467264754796547,0.0515953962439185,0,0.0164308457287337,0.0197619087146275,0,0.00299410338454108,0.00275205695789726,0.632953480608798,0.111557607933273,0.0726645060229818,0.0782159919705763,0,0.000454118924867304,0.000884607479418144,0.0509908973802,3.29432464658774,0.37746564280078,0,0.005458035774437,0,0.895993761359107,0.000315347559461779,0.0629116174703291,0.00833945601050395,0.283841845096888,0.107474316367297,0.0204547502135377,0.0155274359786726,0.00209546250346725,0.00803647640045881,0.00734022432064097,0.00271702080613762,0.00372242518651766,0.000264823926191008,0,0,0.000956934180822298,0,0.000268999656189317,0,0,0,0.000193188616193302,0.000258207697120396,0.0162428393902761,0,0,0.000140974100564922,0,0,0,0.00250180686871957,0,0,0,0,0,0.00243789692266707,0.000206897281183505,0.00487069211105551,0,0,4.99750804265878e-05,0.000434532349767171,0.00138121640792799,0.00187342648100922,0,0,0.00363655558872793,0.0022384573582628,0.000257740717589273
