0,0.000281052711055474,0.160334777902359,0.00341461027072215,0,0.00223224162113832,2.27131321461272,0.140780881230898,0.012460752036958,0.004257074036554,0.0025345495432392,0.000190197216191879,0,2.97711534518658,0,0.00319375450840356,0.0573653249777262,0,0.00144035878679362,0.00574466945967435,0.0232225626585154,0.0013339311471657,0.07552630829643,0.0379565193747316,0.000647228198373297,0.0164200959790078,0.0141944616027453,0.0368001268464682,1.11020115260669,0.196843228154992,0,0.00110175957776979,0.00182422826547678,0.0157639861801371,7.25923891277483e-05,0.00957696378152819,0.00138135094017496,0.0227781680603504,0.0156842503148557,0.000336203053523804,0.00113020167836154,0,0,0,0.000263356263102807,0.000995218971411847,0,0,0,0.00038372831915186,0,0,0,0,0,8.8001989579845e-05,0.000219471979542168,0.00195012181675237,5.57187383866983e-05,0,0,0,0.00116901467759039,0,0.000153978597989208,0,0,0,0,0,0,3.88995102108651e-05,0.0055070440380465,0,3.08106309968548e-05,0.000112329768179098,0.00111849193868411,0.000934875560318195,0.000258043820223397,0,0,0.000560770291155038,0.000462088327996915,0
0.000281052711055474,0,0.00772254183743937,0.000203470357725281,0,2.86992518497794e-05,0.000794947391292353,0.000179225947789019,0.22210325493662,0.000191181312640157,0.0479217946419243,0,0.164599437585824,0.00122515326619255,0,0.15137814259265,0.0134645854860753,0.0103357951984783,0.0742585111676767,0.000131436171612528,0.000215185200122901,1.41525376475923,0.00125425689039819,0.0836529845617149,3.30553424068319,0.194598220567583,2.13378170424712,0.00124561520102617,0.00266344119554512,0.00104736495028734,0.0176061056801443,0.000640777149998475,0.00290806319328296,0.0573399714748082,0.000218028035443118,0.0306788687936228,0.172127974308405,0.15638891074888,0.0579814646340965,0,0,0.00951787135963361,0.00192765994709583,0.00697871912175019,0.0128926037141621,0.00223667255228553,0.00104138932614274,0,0,0.000118987548017639,0.667372404733855,4.79647808575459e-05,0,0,0,6.1043491372037e-05,0,0.00819863348785994,3.35062170161646e-05,0.00125316782585468,0,0.0215012921705793,0.000314333472177297,0,0.0121308842177045,0.00217138429024044,0.00133566927320057,0.00412853513795753,0,0,0.370783203883049,3.05643939539988e-05,0.00264573859141831,0.317253557966141,0.0167173801219136,0.0881165219641896,0.000293595508851609,0.000172291576043637,4.00425039737578e-05,0.000448107493601821,0,0,0.00457773096912224,2.61730572820307e-05
0.160334777902359,0.00772254183743937,0,0.00110363013069953,0,0.00189530945858942,0.165204636276095,0.0606548544315441,0.0023341420330935,0.00356588516952217,0.00467962264194275,0,0.000291818114006036,0.105374717006553,0,0.034841531980423,2.49988253961469,0.00215933977804277,0.0625200390416469,0.000209678438686212,0.177174226158551,0.00666554729186524,2.83589461622667,0.0320827429031722,0.0017012992927036,2.30209461273991,2.60091492931766,0.136464936202425,0.0312198989210308,0.122110440643095,0,0.000120255702910005,0.00235667477413197,0.0831851985865058,0.000379185083528908,0.0196409913792463,0.0198819085299031,0.158161101024849,0.0631477785520378,0.000559234015940671,0,0,0.000517241078608946,0.000129885380169091,0.000323241273269771,0.000171378541591327,0.000304801736217676,0,0,0.00047529598536291,0,0,0,0,0,0,0.000123060952507513,0.00116985477690437,4.23369754990882e-05,0,0,0,0.000204700267964345,0,0.000981743659371169,0,0,4.6622572906798e-05,0,0,0.000592622323510919,0,0.001236054893319,0,0.000214208244137283,9.99309388769016e-05,0.000412245421741069,7.7603967027183e-05,3.4408807304296e-05,0,0,7.76494614101748e-05,0.000242574683862588,0.000192197072856645
0.00341461027072215,0.000203470357725281,0.00110363013069953,0,0.00021684470012791,0.0466998303588756,0.0925064713594162,0.00596935465460852,0.845988854681019,0.852790887029074,0.00127184635676108,1.79539632512786,8.78087693268609e-05,0.0176781175282241,0.00233176444450426,4.9104696962907e-05,0,0,0.000272425342681345,13.8827008439223,0,0.000142583227996665,0.000645640749095899,8.770258817864,0.000263600320110885,0.000372119540129816,0.00028982459645436,2.48119287762445,0.0170093374030555,0.000754704632971401,0,0.000808396188380751,0.0296396001496513,0.0311863185373668,0,0.00268403066150713,0.00057681660902258,0.00995431360451872,0.00547729009042082,0.00687882969238997,0.000249892326449704,0,0,0,0.000237486296480831,0.000843844132724472,0,0,0,0.00012254148558581,0,0,0.660997018504778,0,7.94644714427932e-05,0.000379960789109332,0.000113031991657393,0.000143795059182042,0,0,0.000191069284415757,0,0.00052960893044021,0,0,0,0,0,0.0140368427327228,5.02876011451167e-05,0,7.15686173260836e-05,0.107829600234926,0.00019094343571454,0,0.000127255697349138,0.0011707748148127,0.000388018255991186,6.78579168978477e-05,0,0,0,0.000112651409445174,1.46111467310079e-05
0,0,0,0.00021684470012791,0,1.87417276677143,0.000274304831143146,0.203403803149789,0.000790958953317634,0.000750806453170156,0.00011339992336327,0.000386063862210166,0.00571117615617689,0.0381576980031702,0.812825184432079,0,0,0,0,0.00256693611382956,0,0,0,0.000843429026003229,0,0,9.36392547249022e-05,0.00026810031483985,0.125983653196692,0.000315248031136434,0,2.79256542553226,0,0.438952478529921,0.00632864930376975,0,0,0.0217804865128993,0.00375317457247748,1.08055536803714,4.80979056524478,0,0.000543696661856267,0.001296608469236,0.000913149511859307,0.0004673935130938,0.00235093486862073,0,0,0,0,0,0,0,0.000464361583636233,0.000262649704750584,0,0.000151047415181215,0,0,0.000901785956684296,0,0.000201923181560699,0.00455275500782463,0,0,0,0,0,0,0,0,0.000459455777841333,0,0,7.75411232636983e-05,0,0,0,0,0,0,4.3259588157948e-05,0.00699449528075369
0.00223224162113832,2.86992518497794e-05,0.00189530945858942,0.0466998303588756,1.87417276677143,0,0.232602630025824,0.934701576441764,0.0193468348697366,1.35221793117103,0.00222484230384451,3.28827424127672,0.00026926368740828,0.0497052005021494,1.68430099348779,0.000180012671959662,0.000127421710320706,0,0.000155901531676151,0.144274950984358,0.000225363704878947,0.000270974710746772,0.00104602228898624,0.066332013748001,0.000177102606079901,0.000642091204605471,0.00102709919481927,0.160861634896781,0.0247677375370439,0.0012886922932371,0,0.140830372602383,0.00651044582228993,0.0261086055037712,0.812838347539245,0.00191153961456171,0.000894354758271355,0.00838184449074394,0.00307861979126844,0.611711668082964,0.0103295287132332,0,4.82330204541919e-05,0.000573008865620631,0.000212265674067474,0,0,0,0,4.47069141610288e-05,0,0,0.000457726185999997,0,0.000391704435561161,0.000351648821912281,0.000254143211583618,0.000211460799148688,0.000262138052999912,0,0.000488311595717009,0,0.000723925784668945,0.000949998401044542,0.00022369720587459,0,0,5.72805241614207e-05,0,0.000188249198894175,0,0.000492666412974178,0.0036722896101358,0.000134316143942608,1.4507668305208e-05,6.2814404627959e-05,0.00166534460289609,0.00159874231706564,0.00010682225929062,0,0,6.09554660785131e-05,0.000238068108130466,0.0184631523761554
2.27131321461272,0.000794947391292353,0.165204636276095,0.0925064713594162,0.000274304831143146,0.232602630025824,0,0.13383155923822,0.0566787292593426,3.50662839401902,0.00563368051258636,0.0015936822080757,0.000298010850284196,0.70765159284113,8.40642641330071e-05,0.0139631445953815,0.0206401955426361,3.59434116796117e-05,0.0013400165969085,0.0414686635595066,0.0826983003945419,0.00272950536964492,0.20660140874692,0.702226374952851,0.00120281191099085,0.0136252880626591,0.036904164813009,4.21931627596376,0.116726110539941,1.60649876998862,0,0.00204838682490033,0.0591010953825911,0.111139186239182,0.000522869541875049,0.0517152194602196,0.00450704189748306,0.0740407905560692,0.049840265921888,0.00353098164925883,0.000458382562641566,0,0.00171465941709777,0.00019305784224559,0.000661029910140262,0.00142456742796234,0.000199317672263794,0,0,0.000929537271352627,0.000415165285621411,0.000405601318872604,8.20762683861687e-05,0,0.000317709389801919,0.00169558707329517,0.000671158531192246,0.00538724171018226,0.000277786841983423,6.30467187364776e-05,0,0.000102795782376011,0.00471643462580695,0,0.00154689279160705,0.000242271943340953,0,2.84264180283361e-05,3.76765134073743e-05,3.30971629049638e-05,0.00224002406841308,0.000226565050527323,0.0159084763954578,9.71920318223879e-05,9.46277386421773e-05,0.00030573980577025,0.00494071393106194,0.00447179528919629,0.00100347980461275,0,0,7.46257092155112e-05,0.00259182990285287,0.000167192000017232
0.140780881230898,0.000179225947789019,0.0606548544315441,0.00596935465460852,0.203403803149789,0.934701576441764,0.13383155923822,0,0.00731365536442919,0.294733170056919,0.00097693879076426,0.00961195251533015,0,3.42503961432628,0.00498103648015401,0.0021634597132156,0.0143410322410104,0,0.000575926849321032,0.0149457422211898,0.0093680060082034,0.0007114358054058,0.0298474054252855,0.0418545860060145,0.000283194073133385,0.00684345235505598,0.00973252793025037,0.0354267342208076,0.0538567580997806,0.0402483346723379,0,0.0879369459141909,0.00180573966387192,0.0414370910724939,0.00269095554570499,0.0168027332349229,0.000633027602068582,0.0201921728468156,0.0117960080673442,0.0834247950189011,0.0869499592771485,0,0.000196136416498401,0,0.000170471531205909,0.000354440983745433,0,0,0,0.000646164253820238,0,0,0,0,5.0345867159754e-05,0.000561457944140594,0.000200687214800182,0.00157044754361581,0.000104720425398107,0,0,0,0.00162684182673648,0,0.000237281421027745,0,0,0,0.000199404486663973,0.000230202111918532,0.000450738556203078,2.20613154931501e-05,0.00733502702286203,0,0,0.000143420340192905,0.00241385830905259,0.00198065621873014,0.000250807185273893,0,2.3710043998131e-05,8.73048652804747e-05,0.000744960789447064,0
0.012460752036958,0.22210325493662,0.0023341420330935,0.845988854681019,0.000790958953317634,0.0193468348697366,0.0566787292593426,0.00731365536442919,0,0.0342389065264344,0.0122984543562688,3.72971824591329,0.0362964739945921,0.041247568249005,0.161731234422501,0.0562215146082379,0.00198789954679919,0.00479932168402504,0.0136106202109902,1.40497525608045,0.00200194918789397,2.10469734906617,0.00215620190656853,6.11546241007752,0.273457190183395,0.0331388154916619,0.0392458395329827,0.101468126883958,0.0542709158045082,0.0268573427134893,0.0043485225270507,0.00262924956982547,0.0836087373170624,0.0466918354569654,0.00374798215085088,0.163780451687787,0.0265934469418732,0.0451463866696344,0.0376389388857654,1.99226428284534,0.000435143416960486,0.00307090437528679,0.0153838821944227,0.00188034069595265,0.0103442251874352,0.0242962591598724,0,0,0,0.00879743893081535,0.109606633227033,0.000641884123264277,0,0,0.000418278041898249,0.00562271088734456,0.00351156098688277,0.257197427450077,0.0010936057769969,0.000118306823155414,0.000723309460833044,0.00506520224261008,0.0188619351976531,0,0.173747171556393,0.000257066775016658,0,0.000925867826057126,0.00194938949696445,0.00194671930436562,0.133904608089259,0.00155342269376467,0.113570955981239,0.0313336811290566,0.00200451994255824,0.0157866107319835,0.0262307725648401,0.024868721851347,0.0109078269009629,0.000320445421103474,0.000232210952171173,0.00621889451961876,0.0173014875167689,0.000380297259879057
0.004257074036554,0.000191181312640157,0.00356588516952217,0.852790887029074,0.000750806453170156,1.35221793117103,3.50662839401902,0.294733170056919,0.0342389065264344,0,0.00781234128348605,0.921248786647885,0.000232055954448212,0.890901726469191,5.13004113721158e-05,0.000464911674404296,0.000231352255244373,8.33478569061275e-05,0.000890172068481852,1.85502496751429,0.000674368852125596,0.000220581583653396,0.00209130754065789,0.125227478130457,0.000815188841695888,0.00247117082146418,0.00278235967228571,1.27569780864236,0.069281961819258,0.00168972562390767,0,0.0048396819198123,0.0308828367655531,0.107533891642266,0.000246954704458622,0.00359220693387991,0.00200808788723271,0.0297265016915724,0.00572390748161053,0.0119031014090942,0.000424287777379521,4.99019913264187e-05,9.10597842507458e-05,0.000116772111725088,0.000216810309887114,0.000286722437265388,0,0,0,0.000310933598124301,0.000100055535015837,0,0.00365408059537241,0,8.14133292642788e-05,0.000119312805231605,0.000123982103088348,0.00106187999204199,0.000227272483346593,0,0.000173706038548087,1.81825528506587e-05,0.00103308441088875,0,0.000184016624957338,0,0,0,0.00031361905883932,0,0.000237190084156439,0.000204689233834664,0.00257226903148767,7.32371648217711e-05,8.90636789712058e-05,0.000190902354219727,0.00175575178315659,0.0010727799487049,0.000148517720431619,0,0,0,0.000595253608734939,0
0.0025345495432392,0.0479217946419243,0.00467962264194275,0.00127184635676108,0.00011339992336327,0.00222484230384451,0.00563368051258636,0.00097693879076426,0.0122984543562688,0.00781234128348605,0,0.00239194742200623,1.35846590739743,0.0296549500216734,0,0.00454733386435574,0.0035265673880937,0.413386753839421,1.01723968164299,0.0107765103848956,0.000842598096833221,0.0194415994298519,0.00141346748336378,0.0128240326375207,0.914952361013592,0.477529804761491,0.117345458879057,0.00396935560276829,0.0627910020788895,0.00257250696495052,0.117780583941913,0.0159366844196984,0.00370276153603678,0.670978713917921,0.000135642135361855,0.0433173363428799,0.734399714820493,0.90344057387988,0.0289478383498805,0.000220398260991202,0.00645712725903056,0.0427322382282283,0.001890980812146,0.0109437207078095,0.00488676753973146,0.00315997379299218,3.54065215417421e-05,0,0,0.000291605869796976,0.00891181980677474,0,0,0,0,7.89862813127876e-05,0.000170293031903135,0.000314596696756061,1.83716053977694e-05,0.000412110934530977,0,0.00207743267439008,0.000529383629621709,0,7.58897811879372e-05,0,0.000854839497602275,0.00296954705229583,0,8.43472140343617e-05,0.00224015998704832,2.80191267682417e-05,0.00296540946743531,0.0115311943400952,0.0109340097944297,0.0116773471618135,0.00147515164321936,0.000721645502858003,0.000158843725368957,0.000165445771748778,0,7.56994410941632e-05,0.00162878156314064,5.35829585417932e-05
0.000190197216191879,0,0,1.79539632512786,0.000386063862210166,3.28827424127672,0.0015936822080757,0.00961195251533015,3.72971824591329,0.921248786647885,0.00239194742200623,0,7.9645703844433e-05,0.00594066781724949,0.375193101517089,5.67281881357984e-05,0,0,4.89907413116224e-05,12.1063236156831,6.04632790373013e-05,0.000153973364416832,4.01215193526813e-05,0.983102049118225,0.000265811608716804,0.000340058674797694,0.000251512810891613,0.00819164715020436,0.0057587647878446,0,0,0.000694377817274721,0.00191929716070297,0.0107290457190134,0.376691474478844,0.0531778424705834,0.000141938990345452,0.00393705023479195,0.000102922608705844,0.320188497834736,0.000445649342723134,0,0,0,0,0.000298964967982724,0,0,0,0,0,0,0.0469185718096004,0,0,0,0,0,0,0,0.0887617356500731,0,0,0,0,0,0,0,0.00959397942051372,0,0,0,9.2139317097977e-05,0,0,2.01730058059153e-05,0,0,0,0,0,0,0,0.00667495325781487
0,0.164599437585824,0.000291818114006036,8.78087693268609e-05,0.00571117615617689,0.00026926368740828,0.000298010850284196,0,0.0362964739945921,0.000232055954448212,1.35846590739743,7.9645703844433e-05,0,0.000317091128207892,0,0.0103673416572927,0,0.00127780805769867,0.00345745509065573,8.31826631862457e-05,0.00126524712456064,0.0544549605318664,0.00240209364433363,0.0115096920027674,5.62927294031197,0.307033998453409,0.2677890386671,0.000642038302150649,0.00212045729215754,0.000490369964674471,4.86225655202729,0,0.000462529218920146,0.00346238196067014,0.00099876863272285,0.467174797486292,0.865927359352397,0.145151683510281,0.413074393045649,0,0.00760594496965637,0.528404609011567,0.00588278218395708,0.0120918868846041,0.00338098201899018,0.00869410205783751,0,0,0.0138570048198959,0,0.0198769006175435,5.87188028293275e-05,0,0,0,0,0,0.00052879019493185,0,0.000823304908879018,0.000432947944185871,0.0024291183352343,0,0,0.00174934139432138,0,0,0.00174336865374694,0,0.000338794099285498,0.00718928172863094,0.000128871889156022,0.00033285578499449,0.0156129041005836,0.00478540983250649,0.011566994322276,0,0,0,0.000187368708727695,0,0,0.000434281328827292,0.000629669924564491
2.97711534518658,0.00122515326619255,0.105374717006553,0.0176781175282241,0.0381576980031702,0.0497052005021494,0.70765159284113,3.42503961432628,0.041247568249005,0.890901726469191,0.0296549500216734,0.00594066781724949,0.000317091128207892,0,0.000183361778390462,0.00456750807889902,0.0341714803727209,0.000360702276955873,0.00340746016603834,0.0932665288011392,0.0168788456830855,0.00428814752811597,0.0523322198228911,0.134382451258932,0.00351529028414593,0.0193435727968453,0.0232355312183065,0.0877337523847147,4.88674137822928,0.177891439602783,6.22500878899868e-05,0.19242370691864,0.0216836254063626,0.282369121204079,0.00014519002700489,0.0295615215443762,0.00769820328479059,0.0877737792070177,0.0256417846431163,0.0181818325363799,0.0454770128719225,0,0.000653024987220261,0.000157689919528903,0.00159767947767529,0.00222236968078366,0,0,0,0.00106471564016076,0.000373051251341379,3.36458628804031e-05,0,0,0.000336009629557952,0.00129136742439516,0.00109336046478202,0.00690402352063346,0.000525110864807481,5.14402688591557e-05,0,0,0.0067038435995682,0,0.00306110362324753,0,0,7.23854359044908e-05,0,0.000357308900378974,0.00132401976654812,0.00051002102532131,0.0351578473878732,0.000181561843549088,0.000224364083248986,0.000391097543174556,0.0117294618525192,0.00757551053540124,0.00184703303905758,0,0,0.000875076556723039,0.00528017463867802,5.27549121850405e-05
0,0,0,0.00233176444450426,0.812825184432079,1.68430099348779,8.40642641330071e-05,0.00498103648015401,0.161731234422501,5.13004113721158e-05,0,0.375193101517089,0,0.000183361778390462,0,0.000765809213297589,0,0,0,0.00596488707498979,0.000590023969456565,0,0.000695430349232179,0.00943530421607504,0,0,0.000533353903442456,0,0.000412562812202541,0,0,0.0226173977185622,0,0.00107421006812607,0.171394480173062,0.0171135576013792,0.00317720825121531,0.00128086846476545,0.00356083495385139,1.86275942630592,0.0216528782024592,0,0.00128546870060109,0.00759725995554944,0.00164312787466831,0.00275604667951802,0.00470572983738015,0,0,0,0,0,0,0,0.000173301377545745,0,0,0,0,0,0.0029258465296208,0,0,0.00355855097938251,0.00116990483293195,0,0,0,0,0.000573631552330182,0,0.000977529054942399,0,0,0,8.79809113346584e-05,0,0,0,0,0,0,0,0.0283423929732847
0.00319375450840356,0.15137814259265,0.034841531980423,4.9104696962907e-05,0,0.000180012671959662,0.0139631445953815,0.0021634597132156,0.0562215146082379,0.000464911674404296,0.00454733386435574,5.67281881357984e-05,0.0103673416572927,0.00456750807889902,0.000765809213297589,0,0.0247622325241824,0.000978657624291639,0.00651018462327553,4.27793295640416e-05,0.439049392598937,6.102032900687,2.46689342874823,2.70628274291569,0.0465650949152496,0.0246233103309075,1.05921627313062,0.215910034516988,0.00640726079317695,0.0522210760168907,0.000814643523296803,0.00231906281275934,0.00816471136215145,0.156952114387381,0.0361203570199922,1.53123810623357,0.229153962873927,0.614026429332155,0.80523757471309,0.0382973331562128,0.000178995183796368,0.00279800980295464,0.0638137257510646,0.0108792807214801,0.0212064777376969,0.0353820721089672,0.00380464007658918,0,0.000932528563376627,0.00061180934902774,0.0399723693171965,0.000172675189380449,0,0,0,0.00017170395319923,0,0.109420572150603,0,0.000161911744202514,7.81376107631265e-05,0.00161995890430182,0.000992403956133037,0,0.480844063429492,0.00133430164122022,0,0.00041114438933034,0,0.00553428518235252,0.142403813587718,0.0072937714857088,0.0784839534054362,0.00689818090968956,0.00123946929389763,0.0129169335536351,0.00341440489616541,0.00202634911879214,0.00389317664382524,0.00055139610222318,0,0.000646966362256826,0.0116769063942208,0.00866258819907419
0.0573653249777262,0.0134645854860753,2.49988253961469,0,0,0.000127421710320706,0.0206401955426361,0.0143410322410104,0.00198789954679919,0.000231352255244373,0.0035265673880937,0,0,0.0341714803727209,0,0.0247622325241824,0,0.000822658379271122,0.736364982647794,0.000123047614258857,0.0248403487038395,0.0104779558859547,1.45210845559291,0.0141349436917603,0.000368052872294043,2.06288238687453,0.335222544398817,0.0190375806539647,0.0201973389287679,0.0549500319420339,0,0.000189062620789366,0.00141367407610707,0.0858906654037503,0.000141788519093689,0.0026278683825929,0.00149410065015034,0.0203573538717346,0.0123847425040197,0.000177963977850824,0,0,0.000117197587560309,0,0,0.000366856695414582,0,0,0,0,0.00063475586616063,0,0,0,0,0,0,0.000759932545018466,0,0,0,0,2.88311661845704e-05,0,0.00141966276971774,0,0,0,0,0,0.000314965145280113,4.71691110844772e-05,0.00073674281273388,7.33202612913722e-05,0,0,0,2.30903344941268e-05,0,0,0,0,0.000194122594325753,0
0,0.0103357951984783,0.00215933977804277,0,0,0,3.59434116796117e-05,0,0.00479932168402504,8.33478569061275e-05,0.413386753839421,0,0.00127780805769867,0.000360702276955873,0,0.000978657624291639,0.000822658379271122,0,0.400353987736124,0,7.73969558627297e-05,0.00443997348911662,9.37063816097013e-05,0.000996866488170435,0.114433382029706,0.279951085289494,0.0171323615116003,8.81765665210644e-05,0,5.61955993471164e-05,0.00168623860977937,0.000266753894625819,0,0.00229845663857306,1.16951619782584e-05,0.0021470821792437,0.0298144709055517,0.0191019802635999,0.00559370361503929,0,0,0,0.000354796723314757,0.00339701682497179,0.00194027602539399,0.000878407300959456,0,0,0,0,0.00170302073686929,0,0,0,0,0,0,0.00163303190580601,0,0.000144560707870849,0,0.00185303100824309,0,0,0,0,0,0.00145435689979014,0,0,0.00235715786977396,0,7.6011700369194e-05,0.00538192962132533,0.00205969076927687,0.00207004669766522,6.81410982169258e-05,3.31923575093394e-05,0,0,0,0,5.12332980265214e-05,0
0.00144035878679362,0.0742585111676767,0.0625200390416469,0.000272425342681345,0,0.000155901531676151,0.0013400165969085,0.000575926849321032,0.0136106202109902,0.000890172068481852,1.01723968164299,4.89907413116224e-05,0.00345745509065573,0.00340746016603834,0,0.00651018462327553,0.736364982647794,0.400353987736124,0,0.00166693982873578,0.000750589553341031,0.0288161546912524,0.0111867667450544,0.00875956537003234,0.231467673063324,3.94282045489292,0.1592775635334,0.00161617006562466,0.00480881588245249,0.00148365618561079,0.00204974052422669,0.00132093520717731,0.00160533934406694,0.900154115230263,7.18887559023848e-06,0.00470957408128876,0.0335070468847178,0.211635971614533,0.0315288124018083,0.000166719748896829,0.00120673587869966,0.000158863945446119,0.00255730063086559,0.0166828496292541,0.00666436682050815,0.0035202858315348,0,0,0,8.4138005395808e-05,0.0130200530205392,0.000192701989842099,0,0,0.00014836966200932,2.228524535264e-05,0,0.000579780998587548,0,0.00151283935686695,0,0.00179037217234704,0.000128239044399858,0,0.00111285953819251,0,0.000525504915965254,0.0039598868141088,0,7.85411713292196e-05,0.00659856803575794,0.000143966650866101,0.000825515902050101,0.0193780951865246,0.0141906928733594,0.0143709669506024,0.000314736592406963,0.000301109004878591,0.000115852608583747,0.000376650500330618,0,0,0.00158216068654535,0
0.00574466945967435,0.000131436171612528,0.000209678438686212,13.8827008439223,0.00256693611382956,0.144274950984358,0.0414686635595066,0.0149457422211898,1.40497525608045,1.85502496751429,0.0107765103848956,12.1063236156831,8.31826631862457e-05,0.0932665288011392,0.00596488707498979,4.27793295640416e-05,0.000123047614258857,0,0.00166693982873578,0,0.000218131692219532,0,8.34539718179463e-05,1.11408047643145,0.000367225887743469,0.00192448125833898,0.00186671426268118,0.752240877939845,0.0782696687667113,0.000535331062978289,0,0.00887533919792472,0.0910249927290248,0.162097604911681,0,0.00305564184339753,0.00587110526745487,0.0451726114134807,0.00542161567699558,0.0524245200585094,0.000941516846509685,0,0.000349067735835817,8.65749604857225e-05,0.000490450556376087,0.00180672592340646,0,0,0,0.00172329253626157,0.000113758770848878,0,0.299941669249488,0,0.000298722497181108,0.000385140987711479,0.000509017224893642,0.00273208063318153,0.000305326710812747,5.31116054399744e-05,0.00817127824610265,0,0.00156925085713167,0,0.000288168427747173,0,0,0,0.0464288135152287,0,0,0,0.0125067542105825,9.00455042356571e-05,2.88733104694162e-05,0.000222824137481847,0.00239778486537154,0.000943102033791554,0,0,0,0,0.000760545782600765,0
0.0232225626585154,0.000215185200122901,0.177174226158551,0,0,0.000225363704878947,0.0826983003945419,0.0093680060082034,0.00200194918789397,0.000674368852125596,0.000842598096833221,6.04632790373013e-05,0.00126524712456064,0.0168788456830855,0.000590023969456565,0.439049392598937,0.0248403487038395,7.73969558627297e-05,0.000750589553341031,0.000218131692219532,0,0.00457799199363903,7.30983874091403,0.024462939574937,0.000462901221870057,0.00719689197597745,0.0647284786669927,2.94310128796561,0.805490080451408,4.49230262985844,0,0.00220154678632059,0.575599120581095,0.563064498956803,0.00873655111417329,0.363511700868277,0.0222104837232251,0.196999673063318,0.182503136953046,0.00137378694553631,0.000300336351294022,0.000135313456635497,0.00368864232041783,0.00104987068628547,0.000544409923534943,0.000363827845306697,0,0,0,0.000113903201271828,3.74256844687328e-05,0,0,0,0,0,5.27102482568804e-05,0.000458879551007053,4.1885524033395e-05,0,0.000109450612243872,0,0.000366775268072631,0,0.00385640087946501,4.15336705279017e-05,0,0,0,0.000322236924402537,0.000564348082726237,0.000106675803391633,0.00155801303654527,0,0,0.000188081650053627,0.000321559347302871,0.000337640309044337,0,0,0,0,4.46449064239419e-05,0.000964522452652542
0.0013339311471657,1.41525376475923,0.00666554729186524,0.000142583227996665,0,0.000270974710746772,0.00272950536964492,0.0007114358054058,2.10469734906617,0.000220581583653396,0.0194415994298519,0.000153973364416832,0.0544549605318664,0.00428814752811597,0,6.102032900687,0.0104779558859547,0.00443997348911662,0.0288161546912524,0,0.00457799199363903,0,0.00667689958726528,1.18604684444237,0.537540149461154,0.0713220260337537,0.595815533166838,0.0110168108980097,0.00587161329593108,0.00659625922791638,0.0115139295758098,0.000399224672786943,0.0087799623265336,0.0333426134180233,0.00207921913451189,0.0876436729803229,0.094809961658867,0.0865138523975198,0.0632122996076741,0.00104845071955579,0,0.00238351643862766,0.0295374971445505,0.0109466471881819,0.0184906328031367,0.0152800972740113,0.00115913793511583,0,0.000416526643965059,0.00018627269781401,0.474688685590334,0.000453466022888368,0,0,0,0.000136477530469303,0.000118221922177738,0.181039764508555,4.64328404635728e-05,0.00243448373283833,0,0.0137498033815891,0.000782195153520572,0,0.422559002019272,0.00225993765524887,0.000102077412677842,0.00311474487456576,0,0.00643638982568072,1.17709616511558,0.00202059200361405,0.112856426562139,0.13317305138513,0.00887322002326116,0.0752040595106648,0.00465990067925186,0.00161886458367159,0.00769021147366299,0.00106576912408924,0,0.000458335013649155,0.0116860801372562,0.000909920911335245
0.07552630829643,0.00125425689039819,2.83589461622667,0.000645640749095899,0,0.00104602228898624,0.20660140874692,0.0298474054252855,0.00215620190656853,0.00209130754065789,0.00141346748336378,4.01215193526813e-05,0.00240209364433363,0.0523322198228911,0.000695430349232179,2.46689342874823,1.45210845559291,9.37063816097013e-05,0.0111867667450544,8.34539718179463e-05,7.30983874091403,0.00667689958726528,0,0.0721657374015418,0.000274157047419035,0.126508331942014,0.97055951223402,0.481219143472807,0.979085588603851,0.321798975020638,3.7913559874552e-05,0.00251476515444701,0.224217045602363,0.280012355259462,0.0306952107513252,0.642784607489339,0.0292004959749606,0.815506565079708,0.648618736610545,0.0234551172794661,0.000472190982629246,0.000524932291694425,0.00695369791674702,0.00168474029744778,0.000814271053090136,0.00220653555586807,0.000107042328013137,0,7.06234810357912e-05,3.19860713827065e-05,9.86842760239103e-05,0,0,0,0,0.000122844843867333,2.03472107440921e-05,0.0019762844732266,0,0.000300048004949602,0,7.17647507020823e-05,0.000468227792514942,0.000238446018137245,0.00568087829271745,0,0,0,0,0.00037766898569579,0.00489638940812818,0.00129654477114358,0.0033633206333987,0.000135968193196773,0.000146120335193693,0.000682406449211465,0.000858969579625458,0.000456734364305072,0.000138739552711313,0,0,0.000230029426997883,0.000502369120487292,0.00622473760169054
0.0379565193747316,0.0836529845617149,0.0320827429031722,8.770258817864,0.000843429026003229,0.066332013748001,0.702226374952851,0.0418545860060145,6.11546241007752,0.125227478130457,0.0128240326375207,0.983102049118225,0.0115096920027674,0.134382451258932,0.00943530421607504,2.70628274291569,0.0141349436917603,0.000996866488170435,0.00875956537003234,1.11408047643145,0.024462939574937,1.18604684444237,0.0721657374015418,0,0.0612787698695175,0.0264898468372911,0.20796502476449,2.99857488590746,0.198466495646509,0.186689071515518,0.000959924668523559,0.00388859868838162,0.141239811964135,0.179843356018246,0.00253795961749473,0.301261353719606,0.057418508774184,0.145618844585951,0.152705791700016,0.0215609261995226,0.00107353249160643,0.000363077197560083,0.0326764706249262,0.00192147775261779,0.0192673172570438,0.0552377326931732,0.00105022564070049,0.000160067869188107,7.73133062099522e-05,0.0168397572544122,0.0170970362106084,0.00134503830791591,0.0450845617753863,0,0.00221896016560926,0.0140498667185511,0.00999035932298767,0.0925519224060527,0.00388167644234655,0.000830823171469461,0,0.00116399026928119,0.0589399311873494,0,0.209984921533827,0.00130088583321154,3.12631818441239e-05,0.000361693889206234,0.00114994035670178,0.0064771024822056,0.0272991582558372,0.0056862664534838,0.436144164584078,0.00544237179456252,0.00173489416043962,0.00744138338075623,0.118532509542766,0.077474196465675,0.0426400403277833,0,0.00020010688764696,0.00811045190312057,0.0468490769487696,0.00129433353880914
0.000647228198373297,3.30553424068319,0.0017012992927036,0.000263600320110885,0,0.000177102606079901,0.00120281191099085,0.000283194073133385,0.273457190183395,0.000815188841695888,0.914952361013592,0.000265811608716804,5.62927294031197,0.00351529028414593,0,0.0465650949152496,0.000368052872294043,0.114433382029706,0.231467673063324,0.000367225887743469,0.000462901221870057,0.537540149461154,0.000274157047419035,0.0612787698695175,0,0.847445334516358,1.70640135694788,0.00144351606366152,0.00725160765180855,0.00166193247937717,0.275902720029365,0.00140930272863224,0.00181070133359916,0.0390906839322926,0.000291693714950482,0.187340109226215,1.55570282981721,0.238284995044549,0.0735664998722037,0,0.000523244023371394,0.889573652856664,0.014348958551656,0.0969182030442173,0.0535078189889992,0.0150017282686304,0,0,0.000725727703047002,0,0.283011569961393,5.33967606553623e-05,0,0,0,3.54672453291944e-05,0.000306807909667382,0.0135857774309488,0,0.00661525417791156,0,0.0308521818512467,0.000904959795890654,0,0.00531134048072492,0.000467556125039181,0.00288966243164785,0.0223499082210366,0,3.28974797100283e-05,0.124173991342273,0.000338224285268019,0.00385047528846982,0.291362368964584,0.081637883998375,0.0929606738537018,0.000211552217426512,0.00075306064197481,0.000307252235040782,0.0058979219623332,0.000600762616846283,0,0.00689198766202823,6.53371218694073e-05
0.0164200959790078,0.194598220567583,2.30209461273991,0.000372119540129816,0,0.000642091204605471,0.0136252880626591,0.00684345235505598,0.0331388154916619,0.00247117082146418,0.477529804761491,0.000340058674797694,0.307033998453409,0.0193435727968453,0,0.0246233103309075,2.06288238687453,0.279951085289494,3.94282045489292,0.00192448125833898,0.00719689197597745,0.0713220260337537,0.126508331942014,0.0264898468372911,0.847445334516358,0,2.4340465720362,0.0112728903489614,0.0185218340230285,0.0140226568123556,0.0773682773884582,0.00145311905291444,0.00141928816768103,0.125400453850237,0.000694966917744594,0.0947345072972354,0.500203333352898,0.351679510253752,0.0979691389425321,0.00015071547323915,0.000480757272633955,0.00284243121475686,0.00759451510580049,0.031880916435459,0.0201693734919308,0.00693007371667157,0,0,9.1527695086217e-05,4.6372624404632e-05,0.0326018517518678,0.00034142399481251,0,0,0.000142612552272073,7.16127083135384e-05,0,0.00149443991952625,1.28322061305048e-05,0.00268266071535968,0,0.00708957508627633,0.000302663166414998,0,0.000580413265996928,2.38961629650081e-05,0.000290826574018332,0.00996179188387983,8.11118265918575e-05,5.31288722570875e-05,0.0111564763213183,0.000353020756498645,0.00190315482495965,0.0382788723436135,0.0450256549589918,0.0624712621672048,0.000437954023305317,0.000603453247848976,0.000347956147575122,0.00139818998503509,0.00014575550128093,3.48015188238572e-05,0.00262909628436268,0.000241047471731173
0.0141944616027453,2.13378170424712,2.60091492931766,0.00028982459645436,9.36392547249022e-05,0.00102709919481927,0.036904164813009,0.00973252793025037,0.0392458395329827,0.00278235967228571,0.117345458879057,0.000251512810891613,0.2677890386671,0.0232355312183065,0.000533353903442456,1.05921627313062,0.335222544398817,0.0171323615116003,0.1592775635334,0.00186671426268118,0.0647284786669927,0.595815533166838,0.97055951223402,0.20796502476449,1.70640135694788,2.4340465720362,0,0.123665290797416,0.0188762936799931,0.0183074011004283,0.209128225680779,0.00102281531328551,0.00329829687688312,0.427932759442167,0.0135536868187247,0.291196938035917,0.499036064343435,1.10651753769975,0.600132189585151,0.00808335347720714,0.000112109406900273,0.00138927400571192,0.00682547703549561,0.0210106080791367,0.018831970024092,0.00651353908846725,0.000121301176986703,0,0.000170865484393727,0.000251890707549015,0.0675292160486474,0.000752054556457193,0,0,2.03225065022634e-05,0.000132913215734859,4.77811312592229e-05,0.0050148968954606,0,0.00235049514985827,2.48405922382592e-05,0.00785837367873052,0.000879813476542257,6.79397078468934e-05,0.0118836555520095,7.49904542760062e-05,0.00056818059002205,0.00594244553018108,0,0.000177386600185901,0.0339005722425566,0.00402965450083091,0.00650530932947106,0.0359097608599843,0.0364892004337877,0.0725745703180093,0.00126325444376313,0.00103669874351694,0.000350610337905314,0.00135415350981686,0.000213330292878419,2.85055482357778e-05,0.00464096816032406,0.00458841321859798
0.0368001268464682,0.00124561520102617,0.136464936202425,2.48119287762445,0.00026810031483985,0.160861634896781,4.21931627596376,0.0354267342208076,0.101468126883958,1.27569780864236,0.00396935560276829,0.00819164715020436,0.000642038302150649,0.0877337523847147,0,0.215910034516988,0.0190375806539647,8.81765665210644e-05,0.00161617006562466,0.752240877939845,2.94310128796561,0.0110168108980097,0.481219143472807,2.99857488590746,0.00144351606366152,0.0112728903489614,0.123665290797416,0,0.0987367528011432,1.53241305245971,6.23783823361565e-05,0.0019978188352549,0.0684614317265271,0.154516836977704,0.0026861523858277,0.193024126987058,0.018371529505503,0.112726085535237,0.100424603058182,0.00501670311497257,0.000301013044507257,6.54722056191645e-05,0.00533119508862183,0.00047665149042049,0.00438308898819437,0.0102794656535961,0.00017583445553894,0,0,0.0034948553892615,0.000240384664175058,0.000699539111538526,0,0,0.000826584329854402,0.00435420772653132,0.00223378164770025,0.0108585048467876,0.000650672600118641,0.000102100085217466,0,0,0.014015902350265,0,0.0098332020704578,0,5.33286511203625e-05,7.1765556681847e-05,0,0.00100904196040609,0.00270109867446162,0.000783047758601524,0.0796659092479402,0.000109737494768534,0.00024080986038677,0.000508458376470343,0.0237345997485271,0.0169031828996649,0.00679222257045401,0,0.000144062183757343,0.00136312604567498,0.0120304251689994,0.000272527950302898
1.11020115260669,0.00266344119554512,0.0312198989210308,0.0170093374030555,0.125983653196692,0.0247677375370439,0.116726110539941,0.0538567580997806,0.0542709158045082,0.069281961819258,0.0627910020788895,0.0057587647878446,0.00212045729215754,4.88674137822928,0.000412562812202541,0.00640726079317695,0.0201973389287679,0,0.00480881588245249,0.0782696687667113,0.805490080451408,0.00587161329593108,0.979085588603851,0.198466495646509,0.00725160765180855,0.0185218340230285,0.0188762936799931,0.0987367528011432,0,4.29593020496272,2.87458293772667e-05,0.549151426936708,1.48337438841178,2.20118521652647,0.000156210284114384,0.0332759667838549,0.0188222299755955,0.244917296797429,0.0236108363135722,0.0300926047927156,0.281261996120125,0.000586463093938834,0.00271779829328586,0.000270251123114188,0.00213214706782834,0.00463944838294261,0,0,0,0.00175633843206637,0.000386000892404959,0,0.000293503049489423,0,0.000166555744547994,0.00189433512001329,0.00113542523323762,0.00762440461187947,0.000354117171445549,0.00018354796765997,0,4.38228436183356e-05,0.010308147917624,0,0.0045171877502361,0,0,0.000201737354190274,0,0.00055065207973356,0.00083570206972877,0.000500035252113618,0.0593768767566177,0.000561840447010509,0.000796376453006864,0.000603639012140609,0.0175651262652524,0.0111269742559681,0.00515973386009151,0,3.0951435191585e-05,0.00116717010370979,0.00538302940960439,0
0.196843228154992,0.00104736495028734,0.122110440643095,0.000754704632971401,0.000315248031136434,0.0012886922932371,1.60649876998862,0.0402483346723379,0.0268573427134893,0.00168972562390767,0.00257250696495052,0,0.000490369964674471,0.177891439602783,0,0.0522210760168907,0.0549500319420339,5.61955993471164e-05,0.00148365618561079,0.000535331062978289,4.49230262985844,0.00659625922791638,0.321798975020638,0.186689071515518,0.00166193247937717,0.0140226568123556,0.0183074011004283,1.53241305245971,4.29593020496272,0,2.63776050063022e-05,0.00317558413097465,1.02961457623657,0.349167826307001,0.000237746576271554,0.0375705867001145,0.00344217550065951,0.043397162058397,0.035330781857763,0.000349112855725988,0.000659223933671594,0,0.00268459065380499,6.28110660271153e-05,0.000767332459700492,0.00212721876856498,0.00015442507118725,0,0,0.0012078619345917,0.00039808900188687,0,0,0,0.000191970567687023,0.000745327820640297,0.00074619586291072,0.0068071502504928,0.000223450524600851,6.84353704278578e-05,0,0,0.00309601254165932,0,0.0107723698888309,0,0,0,0,0.000626925498029786,0.00153562653734066,0.000453300720018398,0.0382100888207232,0,8.63257134634328e-05,0.000380415090921243,0.00796908571299913,0.00425767340601024,0.00242961414488583,2.58145726488978e-05,0,0.000531745906487328,0.00270301223314617,4.85966882140588e-05
0,0.0176061056801443,0,0,0,0,0,0,0.0043485225270507,0,0.117780583941913,0,4.86225655202729,6.22500878899868e-05,0,0.000814643523296803,0,0.00168623860977937,0.00204974052422669,0,0,0.0115139295758098,3.7913559874552e-05,0.000959924668523559,0.275902720029365,0.0773682773884582,0.209128225680779,6.23783823361565e-05,2.87458293772667e-05,2.63776050063022e-05,0,0,0,0.000441202027503834,2.59849113392174e-05,0.00527985535954557,0.0512233293308437,0.00668435144446961,0.00015445223688389,0,0,0.0102348799734865,0.00015652545966359,0.000451889860384275,0.000693435625702149,0.000327528814567804,0,0,0,0,0.00161452764709461,0,0,0,0,0,0,0,0,0,0,0,0,0,0.000319702740222373,0,0,0,0,0,0.000380117619065674,0,0,0.00235568579493718,0.000173924198475319,0.000951367441401205,0,0,0,0,0,0,6.16273127983522e-05,8.80996582401026e-06
