0,0.000162231756985225,0.0211838282383511,0.00851546306557793,0,0.00738617657679786,1.53116129501472,0.51667759248819,0.0254156918536454,0.120443047842976,0.000289815775089748,0.00240241167510762,0,4.10604595362612,0.00110029510644987,0.00261279098893786,0.0628040667027317,0,0.00552675972829427,0.0191656769589416,0.0238699655362586,0.00259673219138207,0.0433680933086871,0.0488411113732121,0,0.00218623957688713,0.00376094751007244,0.0476446282768252,1.04023695813816,0.347551395325865,0,0.000153584475094445,0.0301042730008978,0.071104587568101,5.98291542090092e-05,0.00834281529964099,0.00180532005562247,0.0369652038092425,0.0118612401777546,0.00104195454497356,0.00581836433195216,0,0.000617538894353818,0,0.000589576673891088,0.000374792048129589,0.000270769984349134,0,0,0,0.000393741821880129,0.000123666800013078,0,0,0,0.000500461051557252,0.000469890799810441,0.00202093670071738,0.000167998097980293,0,0,0,0.000434187602740945,0,0.000895686238663981,0,0,0,0,0.000630241763785498,0.00199286346432142,0.000558922982736743,0.00397668288989322,0,0,3.67896344677454e-05,0.00170435940274309,0.000789457338895877,0.00215363041087895,0,0,0.000418459495950885,0.000882557422123747,1.1325587533437e-05
0.000162231756985225,0,0.0413937530478933,0,0,0,0.000331086931179022,0,0.0475570007873021,0,0.0382962620848418,0,0.121112793223935,0.000422403632923705,0,0.0443525651408191,0.0553484504178105,0.00376964661007082,0.0432627972762254,0,0.001116469459243,2.34533151203705,0.00589075923962581,0.041435817703498,1.82276545027386,0.0520973254496773,0.949848682940534,0.00299599833789238,0.000445154591914732,0.00146977323810632,0.0193050693548142,0,0.000515287527538449,0.0432708478172534,0.000502895118181473,0.0324324383099273,0.0524482336328805,0.136033611370192,0.0208842829284193,0,0.00237220792778434,0.0143298677999944,0.00266491263935964,0.0165572947753955,0.014581114658162,0.00521227199419438,0,0,0.000301908146217889,0,0.52494220690177,0.0103768248440225,0,0,0,0,0,0.00280797918246288,0,0.00223693891543021,0,0.0133736490612043,0.000198373326542805,0,0.00877271139841755,0.00483223453508104,0.000741808215985344,0.00261267780740565,0,7.15614585857774e-05,0.132299781699613,0.00141631450101031,0.000775176975615247,0.275065421925344,0.010019532144046,0.104159835692564,9.99477813945059e-05,0,0.000112052070228198,0.000273663878261887,0,0,0.00530201232911548,0.000245391316029231
0.0211838282383511,0.0413937530478933,0,0.000113010425380504,0,0.000322194691652164,0.0346893982243838,0.00486417509569601,0.00585095914063893,0.000538160865406312,0.0011233936704148,0,0.000910515555870781,0.00466454992748223,0,0.0124926064047266,1.49101979997746,0.00099328599863587,0.15309735195638,0,0.105922224034637,0.028687329040989,5.15322942374491,0.0074259572937734,0.000708839387268829,0.845207304463466,1.69263990065816,0.0313717301255991,0.00462787473586302,0.0525356004166578,0,0,0.00109452101426128,0.158367901153757,0.000999267883957435,0.0725181892932941,0.092931865195823,0.242885130899784,0.057953903387946,0.00118387898841758,0.00106299348433193,0.0005655498192224,0.00302370338870279,0.00125863882857329,0.00322317748787901,0.00204954974027321,0,0,0,0,0.0115242503472933,0.00299515031694428,0,0,0,7.00169712179011e-05,0.000151969094603729,0.000547270568329409,0,0,0,0,0.000308688775941098,0,0.00716417375690628,0.000629707260755861,0.000280976015169639,0.000318971243839021,0,0.000361416687393991,0.0153376683909834,0.00231628444118567,0.000608860832326027,0.000808126451869464,0.000219570507205352,0.0208419870453763,0,0,0.000438814144466037,0,0,0,0.000132132769746156,0.000634631443279989
0.00851546306557793,0,0.000113010425380504,0,0,0.00139745346868467,0.00999508768813315,0.00489263250423076,0.172650274811548,0.886329410013779,0,1.27630181328745,0,0.00286094001297042,0.00250622742101273,0.000562044008282503,0,0,0,5.1550147320928,0.000209360454531965,0,5.37050924991327e-05,4.70516312282792,0,0,0,2.12253846429886,0.004215666747361,0.000374536250414867,0,0,0.000516076997371663,0.00528304053703387,0,0.00119144776523963,0,0.00365712444528529,0.00262107100551803,0.000647355961241297,0.000697940917282116,0,0,0,0,0,0,0,0,0,0,0,0.00698451571531013,0,0,0.00014505921827653,0.000134364016821285,0,5.76481659162456e-05,0,0,0,0,0,0,0,0,0,0.00149599728940883,0,0,0,0.000334620202608984,0,0,0,0,0.000171550425802375,0,0,0,0,0,0
0,0,0,0,0,1.06444762110562,0,0.124551265080595,0,0.000401906294479912,0,0,0,0.0106834639287701,0.159688153766417,0,0.00014644680712847,0,0,0,0,0,0,0.000334488861914322,0,0,0,0.000146729500750611,0.162230021576227,0.000161465100841579,0,3.27823159517294,0,0.101003594557394,0,9.24135131510437e-05,0,0.0152668831172683,0.00119785120203997,1.92011171890144,3.46117802500034,0.00120822077503302,0,0,0,0,0,0,0,0,0,0,0,0,0,0,0,0,0,0,0,0,0,0,0,0,0,0,0,0,0,0,0,0,0,0,0,0,0,0,0,0,0,0
0.00738617657679786,0,0.000322194691652164,0.00139745346868467,1.06444762110562,0,0.0219937911483632,2.60444793722911,0.023584823437429,1.50161946586487,0.000148518242213312,3.76528169290327,0,0.095359041012542,3.92225791703982,0,7.08650273784648e-05,0,0,0.0687968794372461,0.000335142086440367,0,0.000744699915497816,0.0110184520210771,0,0,2.1033240082028e-05,0.00546257986481552,0.0797449010568961,0.000582203321351247,0,1.29915976987841,0.000881555711562409,0.0783665259798279,0.422064871902965,0.00162211507417444,0,0.0304074055286222,0.00410689158349814,0.316240274874943,0.0460302411736651,0,6.32383005728324e-05,0.000244937790448534,0,0,9.22803578212918e-05,0,0,5.54072890662153e-05,0,0,0,0,0,0.000201100088606318,0,0.000276341281852815,0,0,2.85878603245413e-05,0,0.000125804030267461,0,0,0,0,0,0,0,0,0,0.00152285918007791,0,0,0,0.000403148456714578,0.000384965442722421,0.000218140717270885,0,0,0,0.000198143311184775,0.000396873576621407
1.53116129501472,0.000331086931179022,0.0346893982243838,0.00999508768813315,0,0.0219937911483632,0,0.086510801441495,0.11617767154455,2.50599315618464,0.000458618119959872,0.00144930337948076,8.49383887718911e-05,0.347925188496873,0.000533776496705524,0.0112025544885982,0.0210146978575396,0,0.00165050488232942,0.00467793070460301,0.0707676896100345,0.00301460493958856,0.0804356458405184,0.118103478252114,5.23643558109693e-05,0.00140006691249658,0.00905288366819774,1.84247147751304,0.121400070636423,1.23897968924172,0,7.1036876206354e-05,0.0177152877982132,0.0647312824134476,0.000264031373392676,0.0309308861720369,0.00660326174600639,0.0462939428734818,0.0225143385549075,0.00135242093477825,0.0036584044699758,0,0.000395714270748003,0,0.00016084961189261,0.000519044366785975,7.74398642202859e-05,0,0,0.000687537064734097,0.000105577114049907,0,5.4672170188935e-05,0,0,0.00209194760802627,0,0.00888375310329586,6.81571286340167e-05,6.05639470370161e-05,2.35369285576121e-05,0,0.000457517300119392,0,0.00285658560093359,0.000168951009227359,0,0,0,0.000207369480211462,0.00124429280390445,0.000570610897265433,0.00386404703540522,0,0,0.000860811297171676,0.00222665736011375,0.00107843595670131,0.00147505697689308,0,0,0.000523028346252627,0.000370615386153153,0.000149559472053861
0.51667759248819,0,0.00486417509569601,0.00489263250423076,0.124551265080595,2.60444793722911,0.086510801441495,0,0.0233968261986556,0.480618983210338,0.00330071126890053,0.0479912429497031,0.000265001426385538,2.78550515931614,0.0963300867526361,0.000721418311828949,0.0111296252140708,0,0.000654351916237599,0.0252792919259671,0.00443670900149197,0.000526164434000164,0.00952814167286205,0.0289847651865039,9.41351046016871e-05,0.00097456291543314,0.000969193413202472,0.0171719314677637,0.136610152951484,0.0162090332945588,0,0.532441940848733,0.00542789923886295,0.235375326326514,0.0556090711533817,0.00815174316201491,0.00105313669069752,0.122733423627396,0.0115907944029384,0.0923798490214998,0.183250645800069,0.00014650499907562,0,0,0.00085021872340078,0,0.00016258856638187,0,0,0.000663832690306246,0,0,0,0,0,0.000369604342739918,0.000580113418520108,0.0012284248945606,0.000141668530643659,0,5.59966922065135e-05,0,0.000199526477389669,0,0.000897812382195393,0,0,0,0,0,5.6966004542591e-05,0,0.00242181815619627,0,0,6.43723043747342e-05,0.00075923568960687,0.000377227467981237,0.00023048591387108,0,0,8.26142400070628e-05,0.000147352179527589,8.69189435145407e-05
0.0254156918536454,0.0475570007873021,0.00585095914063893,0.172650274811548,0,0.023584823437429,0.11617767154455,0.0233968261986556,0,0.130613571004238,0.00126730735209257,2.27389256100582,0.00202556407144124,0.018489025224578,0.524473748268767,0.0237528180133562,0.00602547563482427,0.000316741639034112,0.00283061699436032,0.27033498669157,0.00678369300766108,1.33105616785228,0.0117055698498557,4.49408175070905,0.0147575952564943,0.00300488804112145,0.0288819181349674,0.313769881816815,0.0525224666146315,0.0378557268448397,0.000443822478594138,0,0.0457866300637341,0.057891200051787,0.000153717946633551,0.12849203313745,0.00584812472366032,0.05589677635804,0.0365051522568941,1.98955865593601,0.00807341883352274,0.00027621214955777,0.0043346587921156,0.000554347709142236,0.00709384167770413,0.00203692663656642,0.00160460204434289,0,0,0.00530587822207683,0.00979501021072457,0.000978477080068804,0,0,0,0.00760672104880219,0.000190164884177149,0.448429615252319,0.000441392687422439,0,7.70685935182962e-05,0.00018516656052536,0.00148881586881071,0,0.0383687265862304,0.000236182158109433,0,0,0,0.00506419608041762,0.066287815211723,0.00328529025410543,0.028053019942327,0.00219983731352576,0.00029380321530518,0.00310193436362452,0.0169181309510258,0.00550367429087114,0.0112378065536154,0,0,0.0070874899677348,0.00494374493061801,7.55869075620256e-05
0.120443047842976,0,0.000538160865406312,0.886329410013779,0.000401906294479912,1.50161946586487,2.50599315618464,0.480618983210338,0.130613571004238,0,0.000764635001030604,0.648928906408952,0.0001266952829102,1.09732041517347,0.00214440694744841,0.00078552651742399,0.000218786248801728,0,0,2.02439307039512,0.00105440534591485,0.000529400419688832,0.00148049626848184,0.14390034081217,0,1.72633584866015e-05,3.0495844955146e-05,1.72337736443998,0.0610651268840408,0.00212031934018757,0,0.000326277135787728,0.0049176227580997,0.0480866078421179,0.267799866423098,0.0147646485095021,0.000152650791395722,0.0421748949595741,0.0142764943270139,0.000259650865121822,0.00518018415769764,0.000104623576522769,0,0.000133795492450764,2.97208888010748e-05,0,0.000223986262780571,0,0,0.000308850653516024,0,0,0.000204222860576161,0,0,0.00041883911480157,0.00015327165180511,0.000623233681407203,0.000105007688794768,0,2.68460572636913e-05,0,7.29448579255751e-05,0,0.000134753165617674,0,0,0,0,0,0,0,0.00173715133977915,0,0,3.66892261990182e-05,0.00041202127332935,0.000423558965782703,0.000346837568694137,0,0,0,0.0001958231075632,9.37882089300317e-05
0.000289815775089748,0.0382962620848418,0.0011233936704148,0,0,0.000148518242213312,0.000458618119959872,0.00330071126890053,0.00126730735209257,0.000764635001030604,0,0.000285806953240885,4.85866819829595,0.00257208703725519,0.000487929067131472,0.000313467741259716,0.00249185726804979,2.43608026965212,0.201612129971504,0.0002789408985307,0,0.0127554847242061,0.000373647785181487,0.00126177006110713,0.329636800279921,1.05519707505177,0.0621589793228356,6.02927279274872e-05,0.00358113098233138,0,0.327210076755887,0.000630302804976697,0,0.327179505778816,0.000118504965444559,0.0122680186477835,0.626788634444743,1.52587364786873,0.12298696327742,0.000695371551109186,0.003149144076456,0.521652071348853,0.00051118461132565,0.00193948345662343,0.000946623766936787,0,0,0,0,0,0.00522347996353445,0.000663352533221312,0,0,0,0,0,0,0,0.000968864367209586,0,0.0325491261457662,0,0,0.000102590996177432,0.000375777120003771,0.00256467748544141,0.001272843784343,0,0,0.00121369509810888,0,0,0.0774687867216507,0.0170871459167344,0.0242019149313253,0,0,0,0.00176070115345439,0,0,0,2.15325285448666e-05
0.00240241167510762,0,0,1.27630181328745,0,3.76528169290327,0.00144930337948076,0.0479912429497031,2.27389256100582,0.648928906408952,0.000285806953240885,0,0,0.00533438471139578,0.573567695121583,0.000286678971976897,0,0,6.6231332909999e-05,10.0315089804388,0,0,0.000207343016497979,1.39345132749092,0,0,0,0.0120734490994086,0.00715180720124473,6.47151168746839e-05,0,0.000219159174940909,0.000395602019589184,0.01010996261566,0.389899333063463,0.00335717135461202,0,0.00764226819242395,0.000670163947231184,0.279295482922385,0.0012861899185658,0,0.000117506867519978,0,0.000145201915943955,0.000288874863279796,0.000388708606691112,0,0,0,0,0,0,0,0,0.000242480226595364,0.000199225029188473,0.00122821859430915,2.73427622290018e-05,0,7.68290300438121e-05,0,0.000283666705726621,0,0.00076404026291876,0,0,0,0.000179862542657885,0.000103401934008995,0.000105509012821164,0,0.00186946602136084,0,8.93764846472602e-05,0,0.000384158703109907,0.000338022829245051,0.000135706503513404,0,0,0.000363661598480215,0.000162936269257531,0.00208944592547512
0,0.121112793223935,0.000910515555870781,0,0,0,8.49383887718911e-05,0.000265001426385538,0.00202556407144124,0.0001266952829102,4.85866819829595,0,0,0,0,0.00205353759839044,0.000148861643678342,0.00148237706085243,0.00326665884305194,0,0.000387263642882977,0.0303464076794725,0.00187531355786023,0.00171407310199235,3.09122328436408,0.179976393718655,0.609122472783467,2.28870511533544e-05,0.000497673035649415,2.59546278487989e-05,4.0167713289519,0,8.14807471390187e-05,0.084224758738641,0.00117884886318483,0.491130581781842,0.86818414664465,0.386085641986523,0.368315449324746,0,0.00866611700531513,1.58505988763715,0.00846664593859012,0.0190899283532259,0.010398099084795,0.0286775252651818,6.73131236958663e-05,0,0.0330318720448673,0,0.0114420131463934,0.000274556487856023,0,0,0,0.000119658977675074,0.000125697475940132,8.78347156452897e-05,0,0.0481693714446019,0,0.228047990361414,0,0,0.00289169097128076,0,0.00385176793190757,0.000931256876370882,0,0.00017358558483061,0.00219566784364632,0.000309950541387274,8.28181534404775e-05,0.354788347713099,0.0323380741501328,0.026984317799992,0,0.00021196558512579,3.26099843498632e-05,0.00224681426576455,0,0,0.000502052503347575,0.000369587097706916
4.10604595362612,0.000422403632923705,0.00466454992748223,0.00286094001297042,0.0106834639287701,0.095359041012542,0.347925188496873,2.78550515931614,0.018489025224578,1.09732041517347,0.00257208703725519,0.00533438471139578,0,0,0.0178833950758957,0.00107910878202712,0.0102872358027446,0.000134297456159665,0.00128327934853187,0.0165824429208074,0.00561562864899145,0.000893679208504135,0.00848050130281008,0.0293380133561342,2.90512889898828e-05,0.00106711788482255,0.00107050444683583,0.0202425821100286,3.4853418238739,0.0273113055333875,0,0.109593418599833,0.00739621434275948,0.199183818098476,0,0.00807278340873717,0.000770563283972603,0.0973648718899453,0.00891977634261761,0.0140496513447689,0.0364489019814629,0.000327935127029805,0.0003335652540112,0,3.65667010133056e-05,0.000340718847068724,0.000120268989151804,0,0,0.000470007151901486,0,0,0,0,0,0.000713250314612848,0.000146559352387546,0.00195616116463812,0,0,0,0,5.5726709808979e-05,0,0.000263135757619897,0,0,0,0,0.000570280401781585,0.000116370843407086,0,0.00178582003333373,0,0,8.52852716459566e-05,0.00090194876366765,0.000311699080805897,0.000382584149363817,0,0,8.51518818440226e-05,0.000251655516113036,0
0.00110029510644987,0,0,0.00250622742101273,0.159688153766417,3.92225791703982,0.000533776496705524,0.0963300867526361,0.524473748268767,0.00214440694744841,0.000487929067131472,0.573567695121583,0,0.0178833950758957,0,0.00130376858245931,0.00057281545286559,0,0.000153318796503061,0.0111268038212946,0,0.000204844143895579,0.000474292148456745,0.00541507110259483,0,0.000101387482385138,0.000249691282334773,0.000318780610482263,0.0221246987083041,0.000239926346915376,0,0.00825872264969425,0.00120730241299342,0.0825979643910753,0.0327901804756444,0.024665218303616,0.00125260534292732,0.0515264045659702,0.0123547279118919,1.21852341022042,0.0228366841231426,0,0.00312686259762391,0.00243487443480987,0.000296708268065715,0.00302071612545276,0.00288630014228573,0,0,0,0,0.000278943691715458,0,0,0,0,0,0.000134025385845407,4.27098294361558e-05,0,0.00041065825216486,0,0,0.000876308235392883,9.82984125716384e-05,0,0,0,0,0.000280798025143025,0,0.000354035958882525,8.42185211639146e-05,0,0,0.000397078233076788,6.83469639078732e-05,0.000263159512464863,0,0,0,0,0,0.00502070817275913
0.00261279098893786,0.0443525651408191,0.0124926064047266,0.000562044008282503,0,0,0.0112025544885982,0.000721418311828949,0.0237528180133562,0.00078552651742399,0.000313467741259716,0.000286678971976897,0.00205353759839044,0.00107910878202712,0.00130376858245931,0,0.0150854765293562,9.31515901091669e-05,0.00168519591635113,0,0.546198501609936,2.4518426156651,2.44386296117742,1.60175475169415,0.00257736255072496,0.001918606832727,1.00215748006143,0.460279241537589,0.00716405388992329,0.0493248998420415,0.000332264759250948,0,0.0231341695077652,0.269013215601397,0.00545417229395463,0.538547632478725,0.0742371103899208,0.179090110587857,0.227895978662868,0.00861114939921605,0.00429030814302855,0.00110841774667155,0.0319239274296913,0.0103492752999789,0.0110589996384175,0.0110795847991494,0.00122848968021533,0,0,0.00255221366373764,0.0104114326589522,0.00110274389583227,0,0,0,0.00276280289966278,0.00051476939642228,0.0128174822733502,0.000248381160670563,0.000375142556011024,0,6.39537133632889e-05,0.000101987737478645,0,0.325854360869292,0.00139877284890507,0,0.000143776998073046,0,0.010386606029664,0.110083595977453,0.0283073920857235,0.0146178226487167,0.00150262034606471,0.000114690750110433,0.0107618206204372,0.0044329855034992,0.000476287898620113,0.00993300806750653,0,0,0.00161814523832923,0.00260077934131585,0.00246982475897543
0.0628040667027317,0.0553484504178105,1.49101979997746,0,0.00014644680712847,7.08650273784648e-05,0.0210146978575396,0.0111296252140708,0.00602547563482427,0.000218786248801728,0.00249185726804979,0,0.000148861643678342,0.0102872358027446,0.00057281545286559,0.0150854765293562,0,0.00186260256034222,2.51694352715291,0,0.0408087221209795,0.0264946911875976,2.91535418062042,0.00610372120344096,0.00384584901018853,0.88332414865565,0.349498638528748,0.0195343274515315,0.0254393601244683,0.0524002480357872,6.9258126628685e-05,0,0.00364652000648498,0.51979557246869,0.000568710708969185,0.0380478169871908,0.0383999817969919,0.15773410256472,0.0316928923056517,0.000510136696516143,0.000332912710735458,0,0.00103328795403899,0.00193171243330098,0.000905938414559708,0.000522785312025847,0,0,0,0,0.0114914586726155,0.00207901127833728,0,0,0,0.000167642704699129,0,0.000727603229139493,0,0,0,0,0,0,0.00357182936056099,0.000612108540961825,0.000139565601936736,0.000204747065264851,0,0,0.0103035390521806,0.000616013934452086,0.000607537861477795,0.00154656305996394,0.000276957917330104,0.0133179480523702,0.000272105975883464,0,0.000327805436526749,0,0,0,0.000294108155230698,0.000328966855384485
0,0.00376964661007082,0.00099328599863587,0,0,0,0,0,0.000316741639034112,0,2.43608026965212,0,0.00148237706085243,0.000134297456159665,0,9.31515901091669e-05,0.00186260256034222,0,0.67095374798339,0,5.88044845419677e-05,0.00193039825840109,3.98098844164199e-05,8.01571966714378e-05,0.00669237472931655,0.316279933495648,0.00484700692478702,8.71987212397729e-05,0.000101214430757984,0,0.00244073187757871,0,0,0.00148945897064319,3.31482301026537e-05,0.0028007061747647,0.0748878197519104,0.0417791805669763,0.00893644301929071,0,0,0.000719501114445388,0,0,0,0,0,0,0,0,0.00127777400353968,0,0,0,0,0,0,0,0,0,0,0.00104008761713098,0,0,0,0,0,0,0,0,0.000405670021930682,0,0,0.00296102533568367,0.00125831211141115,0.00174546642506908,0,0,0,0,0,0,0,1.12319630029417e-05
0.00552675972829427,0.0432627972762254,0.15309735195638,0,0,0,0.00165050488232942,0.000654351916237599,0.00283061699436032,0,0.201612129971504,6.6231332909999e-05,0.00326665884305194,0.00128327934853187,0.000153318796503061,0.00168519591635113,2.51694352715291,0.67095374798339,0,0,0.00324929002812448,0.0253656928963844,0.0256128395217572,0.00176659069086381,0.0302128001025579,2.21615780114522,0.177211516807866,0.00159623784763952,0.00239534151928356,0.00288392006423922,0.00121324551503389,0,0.000208923990318768,0.227330529447617,0.000252295830496891,0.0283810007702957,0.155469397975325,0.204821768129477,0.0317271986528179,0.00091661852762164,0.00095677775159379,0.00459083391656667,0.000709994605718339,0.00215869798562611,0.00121954744088294,0.00056531457497481,0,0,0,0,0.0126553799460111,0.00108668749963396,0,0,0,0,0,0,0,0.000317585333151119,0,0.000636155584741197,0,0,0.000100795564373535,0.000148204426334776,0.000245698358401331,0.00189962033685667,0,0,0.00283697744480899,3.95751132446992e-05,8.29191412948316e-05,0.014714599188557,0.00353466997142421,0.0221124156131029,5.05095245556877e-05,0,0.000121304037219547,0,0,0,0.00123125567752957,0.000102181801999009
0.0191656769589416,0,0,5.1550147320928,0,0.0687968794372461,0.00467793070460301,0.0252792919259671,0.27033498669157,2.02439307039512,0.0002789408985307,10.0315089804388,0,0.0165824429208074,0.0111268038212946,0,0,0,0,0,0,0,6.10257882419215e-05,0.925634390980129,0,7.71747529368615e-05,0.000106074847383275,0.237903498334751,0.0202540907442019,0.000285024859937565,0,0,0.00388906226907952,0.0234658312039773,2.47552269208513e-05,0.00242663316630479,0,0.0217564122293991,0.00664460542559452,0.0036844770058279,0.00560029663356992,0,0,0,0,0,0,0,0,0.000372848497868974,0,0,0,0,0,0,0,0,0,0,0,0,0,0,0,0,0,0,0,0,0.000241398141263005,0,0.000465601209575597,0,0,0,0,3.70726630754404e-05,0,0,0,0,0,0
0.0238699655362586,0.001116469459243,0.105922224034637,0.000209360454531965,0,0.000335142086440367,0.0707676896100345,0.00443670900149197,0.00678369300766108,0.00105440534591485,0,0,0.000387263642882977,0.00561562864899145,0,0.546198501609936,0.0408087221209795,5.88044845419677e-05,0.00324929002812448,0,0,0.00986906877824975,8.83508427996399,0.0194086017228856,0.000128387484926041,0.00115381869135463,0.0341796681658521,1.60878368906598,0.052597111633463,2.75044225355538,0,0,0.0102750207317,0.389167267099171,0.000542215581489288,0.0553903997479368,0.0146494179646177,0.0500086558284854,0.0364363465369308,0.0013262495871551,0.0010518292371747,0,0.00150467246359007,0.000670306060372782,0.0008332207202525,0.000290342290875083,0,0,0,0.000192415770351053,0.000799176095110518,0.000137973983706456,0,0,0,0.000731853326520775,2.7028925105746e-05,0.00103371139909352,0,0.000175330506068562,0,0,0.000188647984409554,0,0.00867438646441098,5.15710770250112e-05,0,0,0,0.000946288792971733,0.00401832411044986,0.00102841695393749,0.00224573936044515,0,0,0.00163557432950653,0.0017369292240484,0.000290993482672667,0.00271171978617706,0,0,0.000133498572481767,0.000671642050222082,0.000266183109652
0.00259673219138207,2.34533151203705,0.028687329040989,0,0,0,0.00301460493958856,0.000526164434000164,1.33105616785228,0.000529400419688832,0.0127554847242061,0,0.0303464076794725,0.000893679208504135,0.000204844143895579,2.4518426156651,0.0264946911875976,0.00193039825840109,0.0253656928963844,0,0.00986906877824975,0,0.0415828101239167,1.01514077787251,0.159216951457466,0.0256667452007863,0.746209752882439,0.0389724779577239,0.00728273661537524,0.0172553705135479,0.00564875931934014,0.000318818476601644,0.0197353097884709,0.0995578621037988,0.00128423880300577,0.231587351537916,0.0665126573329745,0.123275269434113,0.106662103691934,0.00171908813705551,0.00253712640001185,0.00445803786392109,0.0224997672470568,0.00757195182314665,0.0146645412535542,0.00820669621057563,0.000174055594342679,0,0,0.000539227153653902,0.327068692445608,0.0131321327785313,0,0,0,0.00218691745014417,0.000251506484389013,0.0648246354361866,9.50018605796335e-05,0.000296727651022839,0,0.00289696625504848,0.000451308536225873,0,0.241955613645208,0.00322831452335779,0.000744073051450141,0.0004177437357667,0,0.0119249486756135,1.01571993227072,0.0173155526614772,0.0169874989915771,0.0534268657808955,0.00430136399119007,0.0779693035825592,0.00436371304349816,0.000534308444294509,0.00651526616947697,0.000145391926264931,0,0.000360516736054483,0.00459281721882992,0.000715843849943527
0.0433680933086871,0.00589075923962581,5.15322942374491,5.37050924991327e-05,0,0.000744699915497816,0.0804356458405184,0.00952814167286205,0.0117055698498557,0.00148049626848184,0.000373647785181487,0.000207343016497979,0.00187531355786023,0.00848050130281008,0.000474292148456745,2.44386296117742,2.91535418062042,3.98098844164199e-05,0.0256128395217572,6.10257882419215e-05,8.83508427996399,0.0415828101239167,0,0.0273759826886199,0.000406495405658998,0.02411705174507,1.36187579016038,0.233490500997894,0.0464335348986528,0.380280207245619,0,0,0.0113770165989789,0.590785452697189,0.0100069774812135,0.455946247798369,0.0872617905475606,0.274513455162539,0.213978979763435,0.00819309297958688,0.0040310981168865,0.000536002087894743,0.0132446131082349,0.00252642526858961,0.0025483555409821,0.0024700579350069,0.000545109939801783,0,3.90750023381865e-05,9.22338394061771e-05,0.00337631474943359,0.00123991461548231,0,0,0,0.000896605934127027,0,0.00196077172032399,0,0.000144530456102927,0,0.000187011368217092,0.000152859542486448,0,0.0543768373283889,0.000258926630150453,0,0.000184944363880502,0,0.00318956549752097,0.0204286168138626,0.00681217994222521,0.00444159967445456,0.000449724934893148,4.43071130720621e-05,0.0165238788009897,0.00269018209900622,0.000405367905549885,0.00235902292532235,0,0,0.000165669009320493,0.0002238561382948,0.0036937320480004
0.0488411113732121,0.041435817703498,0.0074259572937734,4.70516312282792,0.000334488861914322,0.0110184520210771,0.118103478252114,0.0289847651865039,4.49408175070905,0.14390034081217,0.00126177006110713,1.39345132749092,0.00171407310199235,0.0293380133561342,0.00541507110259483,1.60175475169415,0.00610372120344096,8.01571966714378e-05,0.00176659069086381,0.925634390980129,0.0194086017228856,1.01514077787251,0.0273759826886199,0,0.00557739812793567,0.00233181539197232,0.09207925360741,2.19744249883926,0.0654709487487357,0.0408895394602171,0.000144426891800541,6.02633709379536e-05,0.029706469790565,0.088261997906391,0.000340705531310081,0.0940831207519438,0.00779991475247571,0.0778944154722571,0.0454319193802775,0.00733133630119109,0.0080722036041193,0.000126606186374306,0.00484558358090115,0.000271227423007463,0.00426163920259674,0.00245769819804144,0.000473535028451304,6.68420615557333e-05,0,0.00377164098579367,0.00238837224535633,0.000657099937817298,0.000261639863147992,0,0.000177953713930626,0.00560363818644756,0.00125359721956344,0.0252998255973599,0.000443069965090461,2.23242198222062e-05,4.88559734964297e-05,8.56102156256491e-05,0.00138887978600661,7.59716495519888e-05,0.0208095017840394,0.000134603372151649,0,8.20001040071072e-05,0,0.00484847978832011,0.0149707084504468,0.00378726469602745,0.0166677617436767,0.000517001629829371,9.69982497422764e-05,0.00286009004571091,0.0115341469787121,0.00504003744369924,0.00846365911492692,0,0,0.00207315696479515,0.00291303202513434,0.000181109510763815
0,1.82276545027386,0.000708839387268829,0,0,0,5.23643558109693e-05,9.41351046016871e-05,0.0147575952564943,0,0.329636800279921,0,3.09122328436408,2.90512889898828e-05,0,0.00257736255072496,0.00384584901018853,0.00669237472931655,0.0302128001025579,0,0.000128387484926041,0.159216951457466,0.000406495405658998,0.00557739812793567,0,0.0859854840672254,0.814641782156219,0.000483408558631881,0.000374909382078407,0.000299922363437488,0.0910257847591797,0,0.000414616112757133,0.00816705496087677,0.000131391145753143,0.0391001197314512,0.584913531130529,0.153557942635283,0.0592663897550215,0,0.00057712885065031,0.620107641308918,0.00133165006887908,0.0233237334738685,0.00747416183734382,0.00363882753566045,0,0,0.00822797278778459,0,0.138311491104486,0.00226247723845965,0,0,0,0,0,0,0,0.0175839674115512,0,0.164872756660361,0,0,0.00105850072069358,0.000768914005013464,0.0175938087951731,0.00229667372861923,0,0,0.00862110592741749,0.000417775530423865,0.00014135944775369,0.735622136507025,0.0850171185928591,0.123361696026769,0,0,3.54285666210839e-05,0.00592194556980394,0,0,0.000666387364455449,9.38271232961912e-05
0.00218623957688713,0.0520973254496773,0.845207304463466,0,0,0,0.00140006691249658,0.00097456291543314,0.00300488804112145,1.72633584866015e-05,1.05519707505177,0,0.179976393718655,0.00106711788482255,0.000101387482385138,0.001918606832727,0.88332414865565,0.316279933495648,2.21615780114522,7.71747529368615e-05,0.00115381869135463,0.0256667452007863,0.02411705174507,0.00233181539197232,0.0859854840672254,0,1.05170184016676,0.000662171122671322,0.00150202753092444,0.00225867932914375,0.259664666025008,0,0.000173102700001063,0.0856944330025563,0.00104840922233501,0.0453199583137182,0.37518924361853,0.26475084773246,0.0431518761333517,7.75146474267956e-05,5.71036388234449e-05,0.0116071917201356,0.0011302102308462,0.00169504781593455,0.00177363465620993,0.000418762809988982,0.000142112137805852,0,0,0,0.00933661791434626,0.000813113869091859,0,0,0,0.000106859895820407,2.55478270072733e-05,0.000231594402279255,0,0.00169326878866145,0,0.0196186153978576,0,0,0.000780579151798497,0.000415425969979458,0.00275659469529218,0.0007215752236978,0,4.07101878539054e-05,0.00409092496315176,0.000107472122695879,0.000143595110756106,0.0352071295079012,0.0224869023539948,0.061206664796007,0,0,0.000132376199817683,0.000881359558448129,0,3.64808623841248e-05,0.000113772165367825,0.000503216238273396
0.00376094751007244,0.949848682940534,1.69263990065816,0,0,2.1033240082028e-05,0.00905288366819774,0.000969193413202472,0.0288819181349674,3.0495844955146e-05,0.0621589793228356,0,0.609122472783467,0.00107050444683583,0.000249691282334773,1.00215748006143,0.349498638528748,0.00484700692478702,0.177211516807866,0.000106074847383275,0.0341796681658521,0.746209752882439,1.36187579016038,0.09207925360741,0.814641782156219,1.05170184016676,0,0.0276078171913552,0.00287027634997287,0.0150810029719255,0.293799593310442,8.74517236622244e-05,0.00148608419081105,0.379259198120784,0.0106705657115032,0.225431956382885,0.145526214617214,0.641846332410188,0.162125511465823,0.00603310559078057,0.00178691926543515,0.00391624817569198,0.0131117305023403,0.00830837277452588,0.007056565996455,0.00519461466100395,0.000282904265963879,0,0.000151158221946344,6.99015393480465e-05,0.0528097999703723,0.0101723408512241,0,0,0,0.000331966037645902,0.000182068128941434,0.00216761255680571,7.26299842922912e-05,0.00139816837507228,0,0.0144860291188573,2.02028980390834e-05,0,0.0446984232734344,0.00331053255638957,0.00210806792686473,0.00179226511007139,0,0.00160191442598127,0.0408272109698673,0.0113989542580543,0.0035867885209743,0.058267803906774,0.0225306079713371,0.175129284071092,0.000848652246878409,0.000206576833218802,0.000779247400240241,0.000329164674511771,0,0.000178872519116099,0.00186924701953015,0.00573562099557918
0.0476446282768252,0.00299599833789238,0.0313717301255991,2.12253846429886,0.000146729500750611,0.00546257986481552,1.84247147751304,0.0171719314677637,0.313769881816815,1.72337736443998,6.02927279274872e-05,0.0120734490994086,2.28870511533544e-05,0.0202425821100286,0.000318780610482263,0.460279241537589,0.0195343274515315,8.71987212397729e-05,0.00159623784763952,0.237903498334751,1.60878368906598,0.0389724779577239,0.233490500997894,2.19744249883926,0.000483408558631881,0.000662171122671322,0.0276078171913552,0,0.0610962269214345,1.28743899512256,2.78457498416806e-05,0.000143721989889389,0.0446602747094117,0.156536440697417,0.000504473898382493,0.0699358595054263,0.0062155978103277,0.0709318113266681,0.0388699467386895,0.000438930871515973,0.00363988501710957,0,0.00284037121259616,0.000436407261893036,0.00156103455891278,0.00104628131206666,0.000106477556506704,0,0,0.00117927216260222,0.000249273012260061,0,0,0,0,0.00422099545030431,0.000598015463801524,0.0152430346968287,4.13377126558907e-05,0,3.70858566944481e-05,0,0.000860480608447713,0,0.0127580808058862,0.000168786760585215,0,0,0,0.00406302013772421,0.0052067145347655,0.00230421314188358,0.00957775392123989,0,0.000156765731505226,0.00107016041873497,0.00753345796414129,0.00287386285533214,0.00796333574981812,0,0,0.0010247342994668,0.00214185753737647,0.000171843827323203
1.04023695813816,0.000445154591914732,0.00462787473586302,0.004215666747361,0.162230021576227,0.0797449010568961,0.121400070636423,0.136610152951484,0.0525224666146315,0.0610651268840408,0.00358113098233138,0.00715180720124473,0.000497673035649415,3.4853418238739,0.0221246987083041,0.00716405388992329,0.0254393601244683,0.000101214430757984,0.00239534151928356,0.0202540907442019,0.052597111633463,0.00728273661537524,0.0464335348986528,0.0654709487487357,0.000374909382078407,0.00150202753092444,0.00287027634997287,0.0610962269214345,0,1.79827955579474,0,0.321021806696533,2.5144743409013,1.78000443998693,7.79697264146055e-05,0.0392746264959103,0.00220390747282625,0.315245371836687,0.0370106067874649,0.0220051610358292,0.231455613460819,0.000708832153150619,0.000889380335765078,0,0.00128365873595578,0.00153562592070527,0.000110451430237262,0,0,0.00142527920090598,6.01879823329812e-05,0,0,0,0,0.00259301295200139,0.000513352050577502,0.00678875058438819,7.99469337212731e-05,0,0,0,0.000174871491980047,0,0.00496816591449643,0,0,0,0,0.00185919095875685,0.00453835701513586,0.000952097507363148,0.00837917319202246,0.000116230723926386,0,0.000121332137771009,0.00556216785012267,0.0011560276832835,0.00539112369178844,0,0,0.00142930359310937,0.00116124752130731,4.84148224217632e-05
0.347551395325865,0.00146977323810632,0.0525356004166578,0.000374536250414867,0.000161465100841579,0.000582203321351247,1.23897968924172,0.0162090332945588,0.0378557268448397,0.00212031934018757,0,6.47151168746839e-05,2.59546278487989e-05,0.0273113055333875,0.000239926346915376,0.0493248998420415,0.0524002480357872,0,0.00288392006423922,0.000285024859937565,2.75044225355538,0.0172553705135479,0.380280207245619,0.0408895394602171,0.000299922363437488,0.00225867932914375,0.0150810029719255,1.28743899512256,1.79827955579474,0,0,0.00012556397651294,0.28367586753865,0.266153148441436,0.000483301760417351,0.0294978392209336,0.00613712855117753,0.0407214507051882,0.0215385687686101,0.000593363666945679,0.00103964554576794,0,0.00235759058680259,0,0.00303995222625046,0.00169123947126227,9.10061321832481e-05,0,0,0.000789026680452301,0.000209100277243383,7.57448171738711e-05,0,0,0,0.00283752799354039,0.000201994055742415,0.00490824747837562,0,0,0,0,0.000332353642998018,0,0.013542308996414,0,0,5.5480177612578e-05,0,0.00358377724015832,0.00620895673148922,0.00157104986622371,0.00733601810041035,0,6.90878752332902e-05,0.000885696655012805,0.00510851614108129,0.000611324260821444,0.00691372705437099,0,0.000169865801005198,0.00138755240581098,0.000786825210112942,0.00024226730863763
0,0.0193050693548142,0,0,0,0,0,0,0.000443822478594138,0,0.327210076755887,0,4.0167713289519,0,0,0.000332264759250948,6.9258126628685e-05,0.00244073187757871,0.00121324551503389,0,0,0.00564875931934014,0,0.000144426891800541,0.0910257847591797,0.259664666025008,0.293799593310442,2.78457498416806e-05,0,0,0,0,0,0.000112825840774959,0,0.000612601388231583,0.0365193318089842,0.0142259247260238,0.00587853963527826,0,0,0.0160238279504909,0,0,0.000129769381006872,0,0,0,0,0,0.00233021308365963,0.000501043938360649,0,0,0,0,0,0,0,0.000577122648905243,0,0.00900929029456204,0,0,0,0,0.00146747756309556,0.000445178521554415,0,0,0.000828305167236348,0,0,0.0412777341974849,0.0040346501493388,0.00441776796193675,6.41982835291068e-05,0,0,0,0,0,7.64215349632336e-05,0
0.000153584475094445,0,0,0,3.27823159517294,1.29915976987841,7.1036876206354e-05,0.532441940848733,0,0.000326277135787728,0.000630302804976697,0.000219159174940909,0,0.109593418599833,0.00825872264969425,0,0,0,0,0,0,0.000318818476601644,0,6.02633709379536e-05,0,0,8.74517236622244e-05,0.000143721989889389,0.321021806696533,0.00012556397651294,0,0,0,0.174005602006001,0,0.000287259251428203,0.000215314749751606,0.0423505759042912,0.0035022863118993,0.014020276797373,1.0209504141002,0.00104953455638743,0,0,0,0,0,0,0,0,0,0,0,0,0,0,0,0,0,0,0,0,0,0,0,0,0,0,0,0,0,0.000171710645521985,0,0,0,3.66991034275875e-05,0,0,0,0,0,0,0,0
0.0301042730008978,0.000515287527538449,0.00109452101426128,0.000516076997371663,0,0.000881555711562409,0.0177152877982132,0.00542789923886295,0.0457866300637341,0.0049176227580997,0,0.000395602019589184,8.14807471390187e-05,0.00739621434275948,0.00120730241299342,0.0231341695077652,0.00364652000648498,0,0.000208923990318768,0.00388906226907952,0.0102750207317,0.0197353097884709,0.0113770165989789,0.029706469790565,0.000414616112757133,0.000173102700001063,0.00148608419081105,0.0446602747094117,2.5144743409013,0.28367586753865,0,0,0,1.65297944158621,6.53764140449999e-05,0.0193711979326145,0.000681219178448383,0.139776448965275,0.0411576794902316,0.000265366852552684,0.0180424722165732,0,0.000900119515727363,0,0.00495367519853679,0.000639467923811733,0,0,0,0.00131111510607093,0,0.000108011786950701,0,0,0,0.00185037465847359,0.000380312339524907,0.00668078494935603,0,0,0,0,0.000411516710135606,0,0.0106454461675388,0,0,0,0,0.0020481324821916,0.00599061098492043,0.00130553463051997,0.00530119994730274,0,0,0.000112089600340873,0.00547336003840936,0.00160709788971328,0.0057055832390545,0,0,0.00305082921563502,7.91265251308716e-05,2.39807300743188e-05
0.071104587568101,0.0432708478172534,0.158367901153757,0.00528304053703387,0.101003594557394,0.0783665259798279,0.0647312824134476,0.235375326326514,0.057891200051787,0.0480866078421179,0.327179505778816,0.01010996261566,0.084224758738641,0.199183818098476,0.0825979643910753,0.269013215601397,0.51979557246869,0.00148945897064319,0.227330529447617,0.0234658312039773,0.389167267099171,0.0995578621037988,0.590785452697189,0.088261997906391,0.00816705496087677,0.0856944330025563,0.379259198120784,0.156536440697417,1.78000443998693,0.266153148441436,0.000112825840774959,0.174005602006001,1.65297944158621,0,0.00221852561947877,0.2782563000201,0.130791190378124,4.02808490360128,0.504373783790798,0.0596785837732014,0.954126341489938,0.0246780982323705,0.00571434554247866,0.00336243879884136,0.00375260588784131,0.00196466123488947,0.000753327576841776,0.000260173638554021,0.000193819959500819,0.000994998493731747,0.0119673116268256,0.00314703524852435,0,0,0,0.00368619723923647,0.000892381501745701,0.00989826214215015,0,0.000169099056185876,0.000146303346769138,0.000105362507541158,0.000512804183616539,0,0.0586961103874575,0.000514574873044082,0.000125959794703831,0.000259110701538057,0,0.00656290612196369,0.0297944365412518,0.00617408356958127,0.0110554855924112,0.00202218689864998,0.00133218714597302,0.0223652245367761,0.00592153195458142,0.0013022193553665,0.00680107089164361,0,0,0.00139393474808667,0.00199325163735889,0.00102154047320141
