0,0.00552776625193516,0.0438505170152338,0.0344840988407819,0.000330162545571687,0.00293892608784029,2.12071233995583,0.122733768647064,0.208293005683652,0.0389350259201455,0.00335337089549425,0.00226383633946173,0.00030094618403931,3.42720887209172,0.000678632895571818,0.00336125510563435,0.0803819792387358,0.00582861318511019,0.0335163650692953,0.00561611614575603,0.0195669557693594,0.00959352137551271,0.03953517691384,0.0663262579469766,0.000581229773101613,0.0113286057676033,0.00286830390388995,0.0820321016367649,2.91723223535873,0.550973561079727,0.000415179541372906,0.008172262630459,0.146915120247346,0.152690765716883,8.70172168778549e-05,0.0056651926356389,0.00540814734063613,0.0364007432119927,0.00917307835968256,0.00214595552890006,0.00825538305825013,0,0.00655908706080844,0,0.00158503340598715,0.00339102162133087,0.000348078045707249,0.000831094513533059,0,0.00158804087334862,0.000826357126069974,0.00030043019465522,0.000312633149542361,0.000216404308575315,0.00019314635290717,0.000945291085335739,0.000751280107361288,0.00931006247478628,0.000140584380645403,0,9.03262824244674e-05,0,0.00140266923743084,0,0.00103989861447179,0,0,0,0,0.000723692953655155,0.00153844120905006,0.000208631322614944,0.00295760337412028,0,0,0,0.00254042162259353,0.00310799835686299,0.00184645016112782,0,0.000525622084177474,0.000710876785787184,0.00148362901053988,0.00017749820486427
0.00552776625193516,0,0.190577754034614,0.000853936592527067,0.00058598772525285,0.000278419156270497,0.00567027137726298,0.000720990690933415,0.593285241673894,0.000395252283932754,0.0446913505809675,0.00144866616236157,0.22509830348586,0.0021559427116026,0.0394311390144811,0.031283688074848,0.462292427702902,0.0156914290986495,0.0917782569406796,0,0.0032601334586418,2.2178455032975,0.0477695693445516,0.0458089851285072,1.19996952732479,0.136537450982182,0.890665867419833,0.00553819088593232,0.00222879531375461,0.0064472654830671,0.0646007927309029,0.00194367295210063,0.00141067665349214,0.101464244394987,0.00194629689931763,0.241517912539055,0.339599490236103,0.350112699229539,0.130559884729679,0.063990523950364,0.00216106028448087,0.0492562909069846,0.00105302928761314,0.0126497761353482,0.00079907187395419,0.000787472839850523,0,0,0.00533039640184229,0,1.5783203733208,0.00678357336951325,0.000172101034255486,0,0,0,0,0.00260829157974834,7.0317049002456e-05,0.004516736488814,0.000198006172178002,0.0060005473902906,8.10874300514455e-05,0.000403073886065565,0,0.000397196073084393,0,0.00497585330106601,0,0,0.0116045110584697,0.000322728346135004,0.000702977675189858,0.259038771592699,0.00681946947923169,0.0374461224811864,0.000225606683747912,0,0,0.0039358881767447,0,0.000282389662244281,9.83473990380235e-05,0.00202486838292029
0.0438505170152338,0.190577754034614,0,0.00482274646517504,0.000217954824529788,0.0057752424098723,0.314198471376094,0.0374190007357994,0.0138467862996382,0.0302318596036589,0.00529866574141862,0.000655811254919472,0.00244335006053477,0.0550734760648174,0.000362653477139455,0.00741261288756504,0.78388194343988,0.00736913880669877,0.0624315352291821,0.000362794602593872,0.138006871088112,0.0197679092523656,2.06111380516297,0.028070218218462,0.00181670957766853,1.54595049240334,1.2914138684365,0.365391224689744,0.0153319630852143,0.185868115595785,0.00364575779471793,0.00105596352912585,0.00399861884215216,0.0521416701536871,0.00107460099975176,0.0857033992235637,0.102232957496154,0.172143832288556,0.0546881673809578,0.000818754275371289,0.00206228726103105,0.000808973401605728,0.00103894414489014,0.000486164605034964,0.000414886165590392,0.000392172163892804,0,0,0,0.000276713194535944,0.065521237563101,0.000296812913038607,0,0,0,4.57028690428124e-05,0,0.000834634139443889,0,0,0,0,0.000138004086202357,0,0.000516144878313175,0.000146517719867845,0.000152672840592305,0,0,0.000113232156943345,0.00715097049364871,0.00053644202150867,0.00055508288412978,0,0.000154886325500836,0.00584773266478994,0.000187446395638882,0.000520347568703436,0.000179702933145724,0.000154439108409048,0,0,0,0.000934030319455923
0.0344840988407819,0.000853936592527067,0.00482274646517504,0,0.000876965822610987,0.101989418302808,0.0737164513367616,0.0735360161484234,0.500933613350433,2.39957920052425,0.000541998940285474,0.905249859867193,0.00143295542407787,0.0739619524548758,0.0572873723099078,0.00153672864269697,0.00174451708197315,0.000152025925628233,0.000188767714062496,11.0582482093368,0.000396185655998403,0.00223213652449578,0.00349925786359518,2.27030522981125,0,0.00076562590225804,0.0014673644332332,1.7185191032762,0.0476660120306486,0.00230457764578387,0,0.010427392877492,0.00663960842010972,0.0377002514522893,0.000412993144532367,0.0624554906959219,0.00238669517617909,0.0401234684045417,0.0184456302460158,0.0713226523252888,0.0147430085179125,0.000430437118627227,0.00388512205357729,0,0.00637979679403296,0.00297758908617029,0.0145441586769462,0.00119897969924978,0,0.000991389150636124,0.000349160330487097,0,0.150234080668122,0.00114627302669212,0.024068032492814,0.00476236526294677,0.00669191669057805,0.159907189665696,0.0309050203691982,0,0.0684718084653296,0.000194828846769486,0.00465069646824677,0.0080252755107175,0,0,0,0,0.0540475770667465,0,0.00183630292225596,0.000247909377594779,0.0420192903813638,0,4.57221461987089e-05,0.000250957176930175,0.0155753155791502,0.00329389114517878,0.000145420272366317,0,0.00239600523971841,0,0.00213703946462766,3.22159729147968e-05
0.000330162545571687,0.00058598772525285,0.000217954824529788,0.000876965822610987,0,2.74469093645961,0.000278029340764513,0.35412943606432,0.00959936904040584,0.00258966786593473,0.00421277662690161,0.00320782949803713,0.00206917287556496,0.0680295656124149,1.68228352159173,0,0,0,0,0.00325803387129266,7.86962964719985e-05,0.00134797553742698,0.000868133004592626,0.00147737908697009,0.000578446050463692,0.00011628965984354,0.000106933544637146,0.000193609884362428,0.022239691474283,0.000163086823248437,0,1.76693446236223,0,0.033668925732372,0,0.00882551513846952,0.000937182614313241,0.031126428384043,0.0198583681292764,7.72779065700354,5.87700946806372,0.00237544726581237,0.000869519206698954,0,0.000202986160515794,0.000484583306967988,0.000295595010646531,0,0,0,0,0,0.000544712349173526,0,0.000109073483966165,5.86457739264103e-05,4.43187414299025e-05,0.000532007480134426,8.56897016234797e-05,0,0,0,0.000318039478262068,0,0.00021579102307898,0,0,0,0,0,0,0,0.000152969129127534,0.000503069018317204,0,0,0,0,6.77755214089758e-05,0,0,0,0,0
0.00293892608784029,0.000278419156270497,0.0057752424098723,0.101989418302808,2.74469093645961,0,0.0479935188880421,2.46450885968964,0.108853808696692,2.59519854592411,0.00260672630211437,1.58070183480011,0.00235737203118138,0.174072814570927,1.3899493693161,5.68078931865619e-05,0.00116033031246339,0.000521948410448145,0.000750847001784065,0.264862969331406,0.000754303368950226,0.00378094958895723,0.0019707139296146,0.154528920766385,0.00160797342459567,0.000845929296076567,0.000792043858188933,0.0513287466797194,0.0612803972503694,0.00105686082817964,0,0.475784598582829,0.000262769147695053,0.0439980832302366,0.0345552374231645,0.0552706206645666,0.00151093022665616,0.104648434884147,0.0447833573815401,1.13365438216841,0.11259625225891,0.00120860836943739,0.00184171139954434,0.000255461664155012,0.00268705383815202,0.00152387090019309,0.00847812812364733,4.63371371523613e-05,0,0.000398854284797128,0,0,0.00483848199914587,9.85457294646712e-05,0.00709546869198918,0.0017750001060632,0.00250284546391786,0.02839599490538,0.00732070438847492,0,0.0201658969749583,0,0.00272127874561787,0.0024412842092119,0,0,0,0,0.00476383479431447,0,0.000139909442753864,0,0.00438512898023888,0,0,0,0.00146558945787845,0.00111813327619465,0.000127427378537872,0,0.000529022036662932,5.46383228784923e-05,0.000653948225294617,5.45081250113814e-05
2.12071233995583,0.00567027137726298,0.314198471376094,0.0737164513367616,0.000278029340764513,0.0479935188880421,0,0.161952394513317,0.22104445825335,1.27063657290262,0.0010402206340951,0.00541068724919993,0.000523437760102158,1.01653938142758,0.00277511484558647,0.00303594915717646,0.0874613640089469,0.00148475228412615,0.0128328661112265,0.0169690125994689,0.029656855053178,0.00682065673149403,0.16962518912154,0.486661551532462,0.000310826927146998,0.0353333456714641,0.0133527087778962,3.2420536446552,0.189982604035877,1.97875146705281,0.00040518296451152,0.00487048563306938,0.00468921274857893,0.0392083565898192,0.000324783980029258,0.0170733941773981,0.00888583352431536,0.0355361924178664,0.00983775106070604,0.00450894063607237,0.00392783641916614,0.000116145595921623,0.0046308032984963,0.000292048038661341,0.00282792674614318,0.00211629743202967,0.000939378886105919,0.000505507939090767,0,0.00174187012679712,0.000476076196048413,0.000110864127934377,0.000687831303130704,0,0.000894166926478466,0.00115382698260877,0.000855658109087585,0.0137247960024129,0.00102953858730633,0.000110117885058667,0.00152103047130695,0,0.00208417248242914,0.000318209957281029,0.000338844079980426,0,0,0,0.00037083745850962,7.62461590548234e-05,0.00104124689476886,0.00023390869934455,0.00354207057900416,0,0,0.000146769410857565,0.00352603707229653,0.00375995189599026,0.00102355158984089,0,0.000158594708839139,0.000196139361451169,0.00128247844991031,0.000139180543022952
0.122733768647064,0.000720990690933415,0.0374190007357994,0.0735360161484234,0.35412943606432,2.46450885968964,0.161952394513317,0,0.0586878573640639,0.88032156923745,0.00848488204538669,0.110521945894797,0.00694884941390269,3.89704622691346,0.189797724227249,0.00105814621599935,0.0132060787917323,0.000995039893979519,0.00303398129520175,0.100113482161665,0.00271412287852287,0.00211828114663321,0.0145855482024745,0.0786464574952428,0.00353743257668825,0.00683136727795031,0.00274755073730737,0.077889204705065,0.271392444320834,0.0198029853197806,0,0.638602588701943,0.000770288112962401,0.0979263654753283,0.000208754606993125,0.122199404868437,0.00475649633477554,0.207522148548589,0.0958524445848936,0.248395547659702,0.167111031520014,0.00280206565822839,0.00481198437022155,0.000402153654999479,0.00491686226057588,0.00366961740636376,0.0018954261368845,0.000251803828392816,0.00029979006087217,0.00172547113155647,9.73199492356747e-05,0,0.00102470645823328,0.000643800562727975,0.00208942423663372,0.00162319554653577,0.00156850832940476,0.0111181305155085,0.00157723124215305,7.48721079392323e-05,0.00361149333355178,0.000219632214404152,0.00270157453045343,0.000456938013480927,0.000168373097731812,9.22037221447736e-05,0,0,0.00097062757131466,0,0,0.000238724010366044,0.00264781250050723,0,0,7.618087597771e-05,0.0022536843647394,0.00297502712109149,0.000192501357569947,0,0.000133062590229385,0.000347229669648699,0.00127466319906816,0.00015771508112525
0.208293005683652,0.593285241673894,0.0138467862996382,0.500933613350433,0.00959936904040584,0.108853808696692,0.22104445825335,0.0586878573640639,0,0.160228993050988,0.0147737312002654,0.281017780573202,0.115122208707606,0.0862413414179424,1.68737022078528,0.10528241841575,0.00820750595285945,0.00215787422459812,0.00709233848970622,0.303132887141822,0.0147874071646404,2.26125506131859,0.0202457884497461,6.54202982473732,0.19142990737192,0.00781490842013955,0.0682961987195258,0.484066016564991,0.189150953371407,0.225400861912746,0.0150129445215917,0.0164727213999185,0.136055033169388,0.117258005421166,0.00266543230715625,0.303150979359751,0.0358773337643933,0.1510440564591,0.0776761923017374,0.6258350323667,0.0421245897676785,0.0148007649284444,0.0191100414252126,0.00180805396402114,0.0251449187806127,0.00831826209386935,0.0627764246754001,0.00258980779417215,0.000663612170489214,0.00681118981714795,0.00230508126323632,0.000529206701128629,0.0442075946129096,0.00322415538474291,0.0387927392307662,0.011706340442825,0.0135820286681551,0.805643521848526,0.0446461723094318,0.00186742553696169,0.0860990691596753,0.00269003826342438,0.011694896590437,0.020748083435383,0.00463805332183321,0,0,0,0.0544827795667676,0.00346232054163496,0.125459874382395,0.000720579565800128,0.0535920377412063,0.00705667873411543,3.39804541381397e-05,0.000719630116175078,0.0208688581296423,0.00985411366549089,0.00931248814472395,0,0.000565528569507103,0.00352500710100419,0.00688060645629069,0.00101349597170637
0.0389350259201455,0.000395252283932754,0.0302318596036589,2.39957920052425,0.00258966786593473,2.59519854592411,1.27063657290262,0.88032156923745,0.160228993050988,0,0.00151481000161223,1.71837538248478,0.00213123895574595,0.291937854066567,0.0270896802611216,0.00149073047664393,0.00310409418946615,0.000176845159683326,0.000809431707529517,3.00699863478341,0.00212467252912696,0.00160743345780361,0.0117424055129986,0.306935663861907,0.000413175532367288,0.00356878303706889,0.00249345660702308,1.36389399946692,0.0993788487469385,0.0069643220491618,0.000158928040132209,0.0213691777200637,0.00230641688586344,0.0832227172015897,0.071321579426531,0.086329008402428,0.00428067536986424,0.0811266082885796,0.036964379648601,0.0400911237639655,0.0217950551384792,0.000739513175275108,0.00293202779525732,0.000181226731108021,0.00422171586822614,0.00255811236272109,0.00653464176488019,0.000204197906158159,0.000196082423987635,0.000222401755418625,0,0,0.0137787579779331,3.75054600144826e-05,0.0140632541022312,0.00280730009446514,0.00450028057151826,0.05417832740191,0.0162147663775502,0.000279012467991668,0.0306298629028955,8.1332841441021e-05,0.00288779883541046,0.00217359279560031,0,0,0,0,0.00996253113182223,5.31232468759697e-05,0.000252759669449455,0.000311559073423708,0.0110893700859484,0,0,0.000114098383538678,0.00355930849710425,0.00250647410475671,0.000384223092052173,0,0.000593988917886508,0,0.000838033641296146,0.000516108908740399
0.00335337089549425,0.0446913505809675,0.00529866574141862,0.000541998940285474,0.00421277662690161,0.00260672630211437,0.0010402206340951,0.00848488204538669,0.0147737312002654,0.00151481000161223,0,0.000504442757346615,4.50664904097001,0.0145637913857429,0.000576072396380709,7.05638718875032e-05,0.0493144594190543,3.55317770360873,0.664751729858246,0.00130864219037307,0.00158228756302902,0.0195560707387847,0.00393313169018164,0.00201747726711941,0.39747289849833,1.48779361830947,0.0671985276193178,0.00146724402968782,0.0360501618325748,0.00366844174237018,0.873307383654355,0.125333828659156,0.00264750180988144,3.10285501851369,0.000231885283784167,0.0594210055411398,0.479950108885361,0.878456410749458,0.259042653161601,0.0077125504344693,0.143902247906096,0.37154511174066,0.00181817649850716,0.0288750079971294,0.00616537734392432,0.00981496237549425,4.58708359361145e-05,0.000478800391421135,0.0152316576489042,0,0.00238458551256139,0,0,6.53091347976738e-05,5.91133745019164e-05,2.56841984574967e-05,0.000112923786328281,0,1.88225168502839e-05,0.0259285081074359,7.2284998431663e-05,0.0369349012210824,6.2089746931962e-05,0,0,0,0.000346387728070687,0,0,3.39204841127696e-05,0.000390748316492027,3.41254990065239e-05,0,0.0553756734981604,0.000998801024557966,0.00165695578143446,0,0.000143948029799406,0,0.00629884288730398,0.000594458655932064,0,0.00100550393279271,0.000217870738164895
0.00226383633946173,0.00144866616236157,0.000655811254919472,0.905249859867193,0.00320782949803713,1.58070183480011,0.00541068724919993,0.110521945894797,0.281017780573202,1.71837538248478,0.000504442757346615,0,0.00196018889833304,0.0394188452422145,1.60856620852184,0.00055570293856382,0,0.000310341786712467,4.96311085149373e-05,5.36747614282972,0.000509271637994984,0.00316823779115267,0.00103720790922141,0.215662621141492,0.00102427293082239,0.000362235508634608,0.000742635854307243,0.0680748083341085,0.036960436922171,0.000377039825277846,0.000139803693564333,0.0261808590357727,0.000690636056515635,0.0456134600866704,0.198847152877547,0.0427206482562324,0.00222535223927596,0.0636564323887506,0.0240946603761904,0.183510251602572,0.0151069416454835,0.000947527860158927,0.0047355427310806,0,0.00467547166103179,0.00256490010010468,0.0433064011233426,0.00169673937940073,0,0.000260740821117858,0.000138496810822442,0,0.0191584027794318,0.00257789038264426,0.0211115167112769,0.00423820025763029,0.00536641532108869,0.0919983866010482,0.0221128709083868,0.000163083905129642,0.0696458668280471,6.35891728778116e-05,0.00351428085520351,0.00911961090152795,0,0,0,0,0.0208494265605353,0.000149661202031962,0.000497422281238835,0,0.015820528561194,0.000266517226261287,0,8.38107497657531e-05,0.00376321638866955,0.00202461626205318,0.00018429003521828,0,0.000916629628196122,0,0.00144381860632997,0.000678819318161392
0.00030094618403931,0.22509830348586,0.00244335006053477,0.00143295542407787,0.00206917287556496,0.00235737203118138,0.000523437760102158,0.00694884941390269,0.115122208707606,0.00213123895574595,4.50664904097001,0.00196018889833304,0,0.00488942781743177,0.00320751972507327,0.00164171012186957,0.00191483314215879,0.0413194259456327,0.00805423216895283,0.00183513810789958,0.000984887477633534,0.142018733330876,0.00298680826849705,0.0104962684637651,3.56660915438105,0.292483940467747,0.984336162382289,0.00175902242467076,0.0100442868558938,0.00152955471980512,4.67613906994073,0.0471953797426929,0.000298950702744334,0.444230440870506,0.000536080762076819,0.316651381002433,0.202564633377176,0.347916146198635,0.384698382029371,0.0450910465089184,0.241915007659143,0.851620210853283,0.015921582736855,0.104034976187218,0.0128444955150607,0.0121580293594874,0.000219680280391077,0.0032596944416204,0.0277105233019285,7.28981105328382e-05,0.00108981156004735,0.000145593684381613,4.36604405237564e-05,0.000250479686170424,0.000152019308316035,2.05419402927644e-05,0.000307071192933273,0.000306583004064165,0.000104465999651335,0.264150546252725,9.2142778089394e-05,0.5975623937895,0.000136791281223151,0,0,0,0.00890412654803341,0.00050764583043825,0,0.000294822180034891,0.000287692973630564,0.000304843772564899,0.000159331041882282,0.403799860490716,0.0306555013138066,0.0422791821296242,0.000101792879618169,0.00067156637326312,5.55399039281479e-05,0.205035403111555,0.00114940547657591,0,0.00246675890902812,0.000310744128681745
3.42720887209172,0.0021559427116026,0.0550734760648174,0.0739619524548758,0.0680295656124149,0.174072814570927,1.01653938142758,3.89704622691346,0.0862413414179424,0.291937854066567,0.0145637913857429,0.0394188452422145,0.00488942781743177,0,0.0115827559690454,0.00145964728211322,0.0321193833426324,0.00231155652816254,0.00940834247138319,0.0436432764290394,0.00764635294830671,0.00253543933729973,0.0268552346375252,0.0870316818177455,0.00209347551661827,0.0139670021481447,0.00344750392701465,0.115014500221043,1.73132374677411,0.085855854549619,0.00102553488026415,0.769133984270178,0.00445854961359176,0.299839768245283,0.000189487269853296,0.0601880667588401,0.00656561123957151,0.275206432044417,0.0554486668956715,0.0546849805787669,0.0793630817139973,0.00264614185142342,0.00473440218392779,8.19012374310216e-05,0.00363677248879428,0.00296355330505106,0.00106451709598784,0.000509888701474682,0.00015431947832965,0.00130773749453239,0,0,0.000453534578562372,8.78745577408357e-05,0.00145709247893475,0.0015073292627877,0.000813329775615153,0.0118489555148674,0.00122551988595078,8.3520214121972e-05,0.00215900900699967,3.21187155581787e-05,0.00197928177111028,0,0.000252056585429125,9.8820953605065e-05,0,0,0.000243546424604983,0.000239545724849157,0.000752085963924099,5.99257430863935e-05,0.00333290315987994,0.00062104850072243,0,0,0.00471357960032409,0.00321687716075938,0.00160483035507048,0,0.000118537935516251,0.000198901592201797,0.000888007248602045,0.000117178363796698
0.000678632895571818,0.0394311390144811,0.000362653477139455,0.0572873723099078,1.68228352159173,1.3899493693161,0.00277511484558647,0.189797724227249,1.68737022078528,0.0270896802611216,0.000576072396380709,1.60856620852184,0.00320751972507327,0.0115827559690454,0,0.00112979020701045,0.000794772743940892,0.000139011345409591,0.000297260396642034,0.0918733124864214,5.58511034145504e-05,0.0966752703899931,0.00039813569366732,0.187920414235808,0.00543101132360448,0.00043505713624254,0.00757388999839493,0.00620872693369694,0.00861850714639254,0.00126012299274876,0,0.0713359929701427,0.000163868392401186,0.0111516853085385,0.00365458008521478,0.0111460129682723,0.00166199669420354,0.0382892208296729,0.0159844353640008,6.31909366913515,0.0277284047045776,0.000654869156305027,0.00319440168349461,0.023305166371697,0.0109981505673187,0.0100718792685025,0.0282703136241166,0.0021753501498209,0.000420295164520641,0.000432344334207621,0.00030579554955544,0.000912829114787736,0.0119376976843461,0.000238773973244158,0.00680982562640461,0.00130202391374529,0.00222454073763358,0.0460410396949528,0.00806722358092432,0.000155358133862475,0.0301274082273818,0.000136521889925129,0.00130044697752312,0.0119779009601757,0.00162728139497272,7.53396619413609e-05,0,0,0.0128791304502136,0.00304793518624919,0.00126781424585082,0.00553794396558657,0.00695503395474927,0.000191823769369208,9.09010733303297e-05,0.00116365020900182,0.00349506823352253,0.0017609138003403,0.000306314623535517,0,0.000949018575460094,0.00049883599950023,0.00125901438645116,0.00473627025140897
0.00336125510563435,0.031283688074848,0.00741261288756504,0.00153672864269697,0,5.68078931865619e-05,0.00303594915717646,0.00105814621599935,0.10528241841575,0.00149073047664393,7.05638718875032e-05,0.00055570293856382,0.00164171012186957,0.00145964728211322,0.00112979020701045,0,0.00976263960315763,0.000481037167067809,0.00356943335807656,0.000760578905436662,0.889798856768192,3.03054322140556,1.81985764789924,2.47154211022984,0.00182890822066977,0.00256361490215306,1.4839084182358,0.658290719366119,0.00731761423835516,0.122376902931723,0,0.00206920205275904,0.00211245848473147,0.0404300514802002,0.00836684349945886,0.389662121527561,0.345216552414192,0.188314936455657,0.065741762086538,0.00336650556127623,0.0128620460685261,0.00162473683771305,0.00605844409338309,0.00107101742706853,0.0011755463600978,0.000885938015677726,0,0,0,0.000672231404067622,0.000949928000163885,0.000430325938135738,0.000125904803201128,0,0,0.000286705590608283,9.24831311079834e-05,0.000719871829239989,0,0.000241401514202502,0,0,0.000186184861634015,0,0.0803245875623263,0.000433049507923312,0,0,0,0.00486026672170965,0.168695438256923,0.0105490368351308,0.00418154627525477,0.000325084385198916,0,0.00442406838696303,0.00306027510573605,0.00110856130259893,0.00586312092159248,0,0,0,0.000588449679755609,0.00279663979321171
0.0803819792387358,0.462292427702902,0.78388194343988,0.00174451708197315,0,0.00116033031246339,0.0874613640089469,0.0132060787917323,0.00820750595285945,0.00310409418946615,0.0493144594190543,0,0.00191483314215879,0.0321193833426324,0.000794772743940892,0.00976263960315763,0,0.0528860342682909,3.42577582990908,0.000434128085538026,0.0960365257246957,0.0305033204384063,1.7443777177937,0.0102814772955413,0.00476642282960854,0.821273015587424,0.325221624364321,0.0351793894303404,0.0570653385141568,0.289995780818963,0.00294898173656932,0.000405303948932082,0.0123142448004356,1.3599943260579,0.000176749247986427,0.00805107565049215,0.131586132106584,0.19808535145792,0.0196953945009379,0.00122495368877599,0.00117116003924354,0.00170387302039265,0.000134563481420252,0,0,0.000253835022166185,0.00040381662650732,0.000453984835165976,0,0.00041614757893344,0.056496503977802,0.000843244073523352,0,0,0,0,0,0.000210548462527074,0,5.61477511253896e-05,0,0,0,0,0,0,0,0,0,0,0.00207245057339528,8.65956696770543e-05,0.000495486066302623,0.000892293502742766,0,0.00642214940137912,8.42666647924983e-05,0.000203325838956156,0.000179138588896682,0,0,0,0,6.9154568543164e-05
0.00582861318511019,0.0156914290986495,0.00736913880669877,0.000152025925628233,0,0.000521948410448145,0.00148475228412615,0.000995039893979519,0.00215787422459812,0.000176845159683326,3.55317770360873,0.000310341786712467,0.0413194259456327,0.00231155652816254,0.000139011345409591,0.000481037167067809,0.0528860342682909,0,5.45952522672506,0.000103208393063298,0.000860917358808823,0.00109667021640122,0.00226559593850666,0.00041072584937904,0.0517322088222441,1.44748319752292,0.0654991422740982,0.000356781844856728,0.00576541719244949,0.00310328634044022,0.0827474064886374,0.005797831747936,0.00202663709705804,0.136781435269598,4.73271494588422e-05,0.00713915732486006,0.087400452686037,0.224039667470324,0.0323988030283513,0.000172542220439297,0.00548379175194183,0.0166225220685179,5.1358427653826e-05,0,9.34947154127442e-05,0.000570862225856035,0,0,0,0,0.00094789862181326,0,0,0,0,0,0,0.000340730211248041,0,0.000175256187611932,0,0.00463335776535832,0,0,0.000594672873140932,0,0,0,0,0,0.000278169976230921,0,0,0.0141980959215293,0.000836971402054389,0.00135109385887031,0,0,0,0.00326628294189597,0,0,0,3.60431421663724e-05
0.0335163650692953,0.0917782569406796,0.0624315352291821,0.000188767714062496,0,0.000750847001784065,0.0128328661112265,0.00303398129520175,0.00709233848970622,0.000809431707529517,0.664751729858246,4.96311085149373e-05,0.00805423216895283,0.00940834247138319,0.000297260396642034,0.00356943335807656,3.42577582990908,5.45952522672506,0,0.000196891138778448,0.0125802851743879,0.0076711919047946,0.0495883931808049,0.00144159332740244,0.0596728828324205,1.3553497479185,0.130236717482542,0.00559829756756539,0.0278176867700138,0.055754712568008,0.0160371380958682,0.00286520663343146,0.0106122032728198,0.64989046787287,0.000105533728789613,0.0137961341817479,0.131435429959205,0.272782485503839,0.0310244670383323,0.000818026894985089,0.0018058433058016,0.00243022179679011,0.000197243489533313,7.5505485366013e-05,0,0,0,0,0,0,0.0115232902948722,0.000142288681391132,0,0,0,0,0,0,0,0,0,0.00128080185064259,5.56489810030897e-05,0,0,0,0.000250271325532743,0,0,0,0,0,0.000176524379991738,0.0091063109306001,0.00098481438306719,0.00198679702507115,5.79782702716559e-05,0,5.83850684118693e-05,0,0,0,0,0.000184845456307989
0.00561611614575603,0,0.000362794602593872,11.0582482093368,0.00325803387129266,0.264862969331406,0.0169690125994689,0.100113482161665,0.303132887141822,3.00699863478341,0.00130864219037307,5.36747614282972,0.00183513810789958,0.0436432764290394,0.0918733124864214,0.000760578905436662,0.000434128085538026,0.000103208393063298,0.000196891138778448,0,0.00115617273587143,0.000339145183525166,0.000607270798751262,0.484442553323007,0.000616874060389849,2.75473332165422e-05,0.000449238078788204,0.198020800931422,0.0334838956379568,0.000224959076873072,0,0.0159517208166166,0.000532635180227559,0.0389400171981323,0.00046584101197426,0.0525792731096948,0.00113118380694315,0.0525767306567174,0.0195714164424893,0.0681209504502979,0.0198071618829453,0,0.00269591362240366,0,0.00725401092394872,0.00375707224296353,0.0150549445302986,0.00292751921916523,0,0.000647497660906521,0.00048661574035876,0,0.0212491214380819,0.000349426135119483,0.0234183540141056,0.00321500324763098,0.00437963373935865,0.134181873449992,0.0217267634596225,0.000251830482563872,0.0591413536563504,0.00012528237033173,0.00330895898280326,0.00565002074955658,0,0,0,8.25965332437589e-05,0.0175790344627501,0,0.000193988092773915,0,0.0136298493430652,0.000148041804418839,0,5.87515504282578e-05,0.00409024520852584,0.00296773436785514,6.94430114700668e-05,0,0.000895852203246945,0,0.00175193102363774,1.60847265576278e-05
0.0195669557693594,0.0032601334586418,0.138006871088112,0.000396185655998403,7.86962964719985e-05,0.000754303368950226,0.029656855053178,0.00271412287852287,0.0147874071646404,0.00212467252912696,0.00158228756302902,0.000509271637994984,0.000984887477633534,0.00764635294830671,5.58511034145504e-05,0.889798856768192,0.0960365257246957,0.000860917358808823,0.0125802851743879,0.00115617273587143,0,0.18726888311379,5.12735326636483,0.111472474876895,0.000245938122827725,0.00556618355716406,0.0549615685130793,0.867161647879279,0.0375513146179474,2.88706881122901,0,0.00284002658402729,0.0206577613523059,0.991805325811058,0.00589644884601409,0.150564597881009,0.0334410745012181,0.352569386807514,0.0746170146434275,0.00319489412203615,0.0111369472402385,0.000425723789034868,0.00189676070692021,0.000285022529053585,0.000624661504954349,0.00102495359151342,0.000131639585423649,0,0,0.00010735470177106,0.000659177772220491,7.05917226988149e-05,0,0,0,9.28090712308243e-05,0,5.76162980308118e-05,0,0,0.000108462821541994,0,0,0,0.0063524126692692,0.000126062786121839,0,0,0,0.00122696998650074,0.0589472985719361,0.00124852872993345,0.00189403688362616,0,0,0.000897263938680443,0.00132026845021712,0.000720194062954918,0.00274702961575556,0,0,0,0.000220537057858287,0.00129937298826372
0.00959352137551271,2.2178455032975,0.0197679092523656,0.00223213652449578,0.00134797553742698,0.00378094958895723,0.00682065673149403,0.00211828114663321,2.26125506131859,0.00160743345780361,0.0195560707387847,0.00316823779115267,0.142018733330876,0.00253543933729973,0.0966752703899931,3.03054322140556,0.0305033204384063,0.00109667021640122,0.0076711919047946,0.000339145183525166,0.18726888311379,0,0.252055309929861,2.003577931848,0.233059477970824,0.0113471606553643,0.696201760581768,0.140090019128269,0.0110561094850083,0.182438140151738,0.0166292725745401,0.00404105733081777,0.00754378766357584,0.0784397181145844,0.00879669188487607,0.52829574981417,0.508572994024018,0.336733926155599,0.147870389519188,0.156492376135887,0.0139441164510102,0.00797308873894222,0.0113640153210837,0.0134931892734408,0.00099027383708134,0.00254310015296149,0.00019763516413227,0,0.00115870171940112,0.000462081096114409,0.0257198312028777,0.00244989561876213,0.000893929210073864,0,0,5.26390026460936e-05,0,0.00210961766900795,0,0.0017548502246934,8.36388571334072e-05,0.00208990592801508,0.00043232454669121,0.00027414294587489,0.0632530793239938,0.000505692385866296,0,0.000459819087876602,0,0.00450351038440164,1.04937573379842,0.0199741564272562,0.00570053540743572,0.00784362181425719,0.000217327576104222,0.0280082422888912,0.00286117607612886,0.00125767647835229,0.0105329743333497,0.00121293556023465,0,0.000147045802097361,0.00064582010524848,0.00241433813934412
0.03953517691384,0.0477695693445516,2.06111380516297,0.00349925786359518,0.000868133004592626,0.0019707139296146,0.16962518912154,0.0145855482024745,0.0202457884497461,0.0117424055129986,0.00393313169018164,0.00103720790922141,0.00298680826849705,0.0268552346375252,0.00039813569366732,1.81985764789924,1.7443777177937,0.00226559593850666,0.0495883931808049,0.000607270798751262,5.12735326636483,0.252055309929861,0,0.188791402352775,0.000915502558533681,0.0371534424059075,1.02657611868515,0.861582466856959,0.0392410378693987,0.558090136444646,0.000220484685748562,0.00665510180511452,0.00869873454059536,0.964567822055724,0.0286868067444724,0.49818664219382,0.324969441572689,0.980842870090094,0.218106248136704,0.00302245332601938,0.0221330202441225,0.00179109008423867,0.0059876067381581,0.00412590065836883,0.000997453229858845,0.00169274200514429,0.00015589781637231,0,5.09437444006118e-05,0.000521520744030915,0.00760355697862777,0.000493275133305686,0,0,0.000165767427977769,0.000250877443298679,0.00027361404352822,0.00186781342951912,0,0,0,0,0.000147636156865298,0,0.010139552706046,0.000117888070300057,0,0,0,0.000669377823094842,0.0669657240379928,0.0159049021036899,0.00174995544489131,0.000335032570119031,0,0.0163610508484785,0.00171778012093179,0.000723006663853197,0.000673308363891161,0,0,0,0.000323372097509128,0.00964204325131576
0.0663262579469766,0.0458089851285072,0.028070218218462,2.27030522981125,0.00147737908697009,0.154528920766385,0.486661551532462,0.0786464574952428,6.54202982473732,0.306935663861907,0.00201747726711941,0.215662621141492,0.0104962684637651,0.0870316818177455,0.187920414235808,2.47154211022984,0.0102814772955413,0.00041072584937904,0.00144159332740244,0.484442553323007,0.111472474876895,2.003577931848,0.188791402352775,0,0.0121282091513961,0.00460096951638181,0.202633442270146,3.1315027846681,0.0931340420604745,0.141107028235499,0.000424932930176352,0.0154496116433914,0.0282400423183722,0.0951008277752507,0.00432329485358561,0.248478130905226,0.0282985822397435,0.12334982870904,0.0518864106293331,0.207441747635058,0.0189285162541223,0.00187566418197617,0.046784766676924,0.00284279131884424,0.0510110266982121,0.016268336135644,0.0279242082494885,0.00747557188984575,0.000771132087106115,0.014285196525962,0.000551431396195571,0.000711431326379088,0.0234377583160009,0.000988532253267086,0.0579509965847299,0.0292491340400666,0.0367244617055616,0.372057930974579,0.0563810512461695,0.00159304070994243,0.119156590491373,0.000211095989588168,0.0385347152787744,0.00779381354280247,0.0038027670033931,0.000274624484656056,0.000172254430950741,0.000128156617034899,0.0226001608222783,0.00298753949157852,0.0423536965590683,0.00260332487618215,0.0760001383089069,0.000356267373127711,0.000105995145245319,0.00143295024520268,0.0379045960993776,0.0342146858735244,0.0127382730370414,0,0.00517141035967316,0.00215540727464673,0.0153870182234244,0.00151967948471006
0.000581229773101613,1.19996952732479,0.00181670957766853,0,0.000578446050463692,0.00160797342459567,0.000310826927146998,0.00353743257668825,0.19142990737192,0.000413175532367288,0.39747289849833,0.00102427293082239,3.56660915438105,0.00209347551661827,0.00543101132360448,0.00182890822066977,0.00476642282960854,0.0517322088222441,0.0596728828324205,0.000616874060389849,0.000245938122827725,0.233059477970824,0.000915502558533681,0.0121282091513961,0,0.129290821732363,0.852603623024724,0.000751833315605337,0.0047830765385396,0.000852896575929865,0.572784178222847,0.0184851328948839,0.000606981785586077,0.181101960225136,0.000108768026440471,0.0594265019964866,0.16337850481333,0.27549474400998,0.173889981324048,0.0230080802909776,0.0925719485096275,0.392636839121914,0.0615859289136767,0.21787009154831,0.0625747939925815,0.0521228337099549,0.00107554203651511,0.0162668906231279,0.205686610504359,0,0.0166827244462257,0,0,0.000287682704385214,0.000282612396419731,0,0.00143291236816667,0.00128908849817647,0.000456341946737646,0.137511140395339,0.000221319883187559,0.325699284211685,0.000510340419623297,0.000203735211160161,0,0,0.0117231642360516,0.00357296352037739,0,0.000372015251908667,0,4.58183957273619e-05,3.99707244995275e-05,1.43058209955988,0.0509266151355305,0.0769720467806327,0,0.00217693460114125,0,0.0755614192029228,0.0123790427376288,0,0.00831551943717253,0.000163492624457933
0.0113286057676033,0.136537450982182,1.54595049240334,0.00076562590225804,0.00011628965984354,0.000845929296076567,0.0353333456714641,0.00683136727795031,0.00781490842013955,0.00356878303706889,1.48779361830947,0.000362235508634608,0.292483940467747,0.0139670021481447,0.00043505713624254,0.00256361490215306,0.821273015587424,1.44748319752292,1.3553497479185,2.75473332165422e-05,0.00556618355716406,0.0113471606553643,0.0371534424059075,0.00460096951638181,0.129290821732363,0,1.7899257229294,0.0199764282909808,0.011502659824299,0.0283365200156833,1.16570736835878,0.00541002335619761,0.000647735405090386,0.177615133596996,0.00050244440315727,0.0303099653483343,0.12705775306937,0.294280381002872,0.0397042842231297,0.00183987873018722,0.00289857535229336,0.00573210312506627,0.000810266319205564,0.00109420073778268,0.000142647062295366,0.000297649127862052,0,8.98453410069309e-05,0,4.11040057003232e-05,0.027573457456438,0,0,0,0,0,0,0.000258617636375102,0,0.00278199696253743,0,0.0306847816722201,0,0,0,0,0.0014976709014939,0.000212359807221947,0,0,0.000526179434349257,3.10100159770978e-05,0.000129023086610793,0.0307455807618266,0.00509958101538248,0.0140860349203758,5.69705764794292e-05,0,4.57364610739041e-05,0.00555125990391778,0,0,0,0.000615919188420638
0.00286830390388995,0.890665867419833,1.2914138684365,0.0014673644332332,0.000106933544637146,0.000792043858188933,0.0133527087778962,0.00274755073730737,0.0682961987195258,0.00249345660702308,0.0671985276193178,0.000742635854307243,0.984336162382289,0.00344750392701465,0.00757388999839493,1.4839084182358,0.325221624364321,0.0654991422740982,0.130236717482542,0.000449238078788204,0.0549615685130793,0.696201760581768,1.02657611868515,0.202633442270146,0.852603623024724,1.7899257229294,0,0.0892189365623723,0.00735489210147946,0.018994901631017,0.602684598498337,0.00302320722667185,0.00113258936605339,0.189823740060192,0.0162960067018153,0.368640414738308,0.327616500275533,0.611355732911235,0.156192639480553,0.0183195168376372,0.00549415546243688,0.00183050486243103,0.00417698022170939,0.00330182781645341,0.000836283540677699,0.00177860121072085,3.09902307134497e-05,0,0.000101144104864487,0.000125909790673281,0.0488481073391728,0.00088843427514724,1.80125769171498e-05,0,0,8.16572239874626e-05,0,0.000773971769363384,1.7313737379677e-05,0.00795521537654369,0,0.0530288272989968,0.000160717121739481,0,0.00524881078891509,0.000142954818158452,0.00220157364368976,0.00162202242656808,0,0.000864973753921245,0.0579633871758255,0.0100841664626935,0.00075028063228208,0.098355333904653,0.0173471834108262,0.065173679801912,0.000457933577229814,0.000225128538612531,0.000197192448624306,0.0103800913873861,0,0,0.000526527716926595,0.0102567677907905
0.0820321016367649,0.00553819088593232,0.365391224689744,1.7185191032762,0.000193609884362428,0.0513287466797194,3.2420536446552,0.077889204705065,0.484066016564991,1.36389399946692,0.00146724402968782,0.0680748083341085,0.00175902242467076,0.115014500221043,0.00620872693369694,0.658290719366119,0.0351793894303404,0.000356781844856728,0.00559829756756539,0.198020800931422,0.867161647879279,0.140090019128269,0.861582466856959,3.1315027846681,0.000751833315605337,0.0199764282909808,0.0892189365623723,0,0.105526932330932,1.243084216316,0.000109588560923999,0.0100916340677575,0.0411238930020514,0.168002850912635,0.00890873457690552,0.277630865272517,0.0343300529522568,0.218285036597252,0.0719248525153508,0.0152005159877394,0.0173174814637852,0.000101324953879899,0.0223633369666527,0.000916152116178043,0.0132645972264055,0.00759487623160157,0.00290634781952577,0.00105042599489049,0.000159214534735025,0.00533844165758811,0.000722147140063156,0.0008202934623625,0.00332334016121596,8.55864683762982e-05,0.00363094177353667,0.00541541672994175,0.00253387031545758,0.0432616139478047,0.00496271074140772,0.000876168963382201,0.00944910359443885,0.000170440504797701,0.00752724546766178,0.00062286313990653,0.00871622892958653,0.000438561595745437,7.9915731921976e-05,0,0.00311334567088554,0.00485144108499515,0.0645297242205542,0.00227436541217806,0.0168000261969174,0,7.20064429393912e-05,0.00139538830352599,0.0261057608650134,0.0154939891525179,0.0186169316756872,0,0.000137294693889453,0.00202394161420059,0.00585482878211619,0.00279863393049371
