0,0,0.00276339685948811,0.00528538685912573,0.000215114020569541,0.0287347232136199,2.20636517664332,1.01814710999155,0.0035943186945555,0.0613890024254631,6.60214445114861e-05,0.0243524379247938,0.000616825335805704,5.54382664231374,0,0.00105753668857227,0,0,0,0.186749264233662,0.00578579864713861,0.000509718063391312,0.00162142469992057,0.0385952299214309,0,0.000272254847625143,0.000931716570484139,0.0417410428488945,4.5969695845977,1.37251992690346,0,0.00588344787100134,0.14097211605991,0.20770257130263,0.000128687090046299,0.0708585970408267,0.0163661758359801,0.0415085059256332,0.0415012115275298,0.0770531969708764,0,0.00213866179550101,0.00115000225436433,0.000635020816108412,0,0.00014192666241487,0,0,0,7.08445908694328e-05,0,0,0,0,0,0,0,0,0,0,0,0,0,0,0.000118668442650787,0,0,0,0,0,0,0,0.000617376511221914,0,0,0,0.000407285556760472,0,0,0,0,0,0,0
0,0,4.66660963662842e-05,0,0,0,0.000225710753623135,0,0.018979133548849,0,0.00048379141222517,0,0.00738674574387145,0,0,0.180124422308621,0,0,0,0,0.00432552632896034,0.249472780063655,0.0154072164046346,0.0138787479745516,0.387889323879467,0.000598907001375909,0.87366799037572,0.0088678729500767,0,0.000138328513141065,0,0,0,0.00113059742289026,0,0.0045095898079065,0.0416393733073221,0.0113397349134032,0.00328711233328649,0,0,0,0.000135499435320608,0.00970552840509872,0.00013488112942507,7.53887999870254e-05,0,0,0,0,0.433833176008065,0,0,0,0,0,0,0.0332097149699615,0,0.00285648644428279,0,0.0547612815043909,0,0,0.000550126591114006,0,0,0.00019308387224035,0,0,0.106848619502109,0,0.00154649922727126,0.972753718605973,0.0062368737563703,0.0995163523257792,0,0,0,0.0010552588449896,0,0,0,0
0.00276339685948811,4.66660963662842e-05,0,0.000147686375790833,0,0,0.0364808773019935,0.000523367616354322,0.00021523647802062,0.00053394295328274,0.00309185024935936,0,0.00490971829492821,0.000168408560516178,0,0.00335354639258779,1.99968721529404,7.52303305968059e-05,0.0419737014292686,0.00078009220862498,0.132781593775964,4.06150746531803e-05,2.39360994546362,0.000671601407849416,0.00067371926720395,2.29827316313783,1.82931449732999,0.0417642477232983,0.00103666279904752,0.0410140669459077,0.00239927457041827,0,0.000142996025660763,0.237360845962968,0,0.0357333559137581,0.189028811166055,0.45015268945296,0.0472077426938513,4.93462531154392e-05,0,0,0.000159810578239918,4.4538960676042e-05,0,0,0,0,0,0,0,0,0,0,0,0,0,0,0,0,0,0,0,0,0,0,0,0,0,0,0,0,0,0,0,0,0,0,0,0,0,0,0,0
0.00528538685912573,0,0.000147686375790833,0,0,0.0122745191295812,0.0694875031290189,0.00131966018846341,0.416728301780963,0.899156398684926,0,1.60244562003938,0,0.000261991286300934,0,0,0,0,0,7.90387564024515,0,0.00285603182157508,4.01242363791523e-05,5.29619679544338,0,0,2.25464472122252e-05,2.98988334877556,0.00118723409494492,0.000853287397834724,0,0,0.000200759225834752,0.000526968137444846,0,0.000769658465282529,0.000183340104407502,0.000239854998634048,0.000348939787615609,0.00211672685571613,0,0,0,0,0,0,0,0,0,0,0,0,0,0,0.000267310517796049,0,0,0,0,0,0,0,0,0,0,0,0,0,0,0,0,0,0.0014251916243385,0,0,0,0.000383674137760794,0,0,0,0,0,0,0
0.000215114020569541,0,0,0,0,0.0501037570535804,0,0.0315046070430332,0,0,0.00387387592637953,0,0.000889152375748381,0,0,0,0,0,0,0,0,0,0,0,0,0,0,0,0.0276549130606692,5.73580568425467e-05,0,0.105066096995279,0,0.051133239674567,0,0,0,0,0,0.00365962724015772,0.0691580385093661,0,0,0,0,0,0,0,0,0,0,0,0,0,0,0,0,0,0,0,0,0,0,0,0,0,0,0,0,0,0,0,0,0,0,0,0,0,0,0,0,0,0,0
0.0287347232136199,0,0,0.0122745191295812,0.0501037570535804,0,0.0180243100764485,0.233609536333853,0.00213414002257516,0.118663588964186,0,1.16081926795681,0,0.00836093376543651,0.915140254379007,0.000257254551112819,0,0,0,0.146850646249479,0,0,0,0.0781042389343278,0,0,0,0.00429724595765161,0.0721910819273594,0.00148437178287885,0,0.198736536598391,0,0.0112773416205937,1.10687819117214,0.00372346622319907,0.000213682277493594,0.000582398079513581,0,0.509384079511168,0.00640445808816034,0,0.000612039443934925,0,0,0,0,0,0,0,0,0,0,0,0.000547538559986463,0,0,0,0,0,0.000522501620818239,0,0,0.000580999615593686,0,0,0,0,0,0,0,0,0,0,0,0,0,0,0,0,0,0,0,0.011602642224203
2.20636517664332,0.000225710753623135,0.0364808773019935,0.0694875031290189,0,0.0180243100764485,0,0.180000118480499,0.153726163909345,1.17039660025824,0,0.0163938400423247,0.000508219022200672,0.183800000192746,0,0.00674549014951274,0.00160307411324185,0,2.0738010761804e-05,0.279488302500602,0.036737977419646,0.0117649402302952,0.0436406323426293,0.434904172401951,0,0.00223879908498873,0.0183457290856534,3.5381647151743,0.184533158187696,1.64761260663107,0,0.000320375965861801,0.0371569676208299,0.0437713593693671,0.000774453698215782,0.12384972428118,0.053052809325819,0.0555425911576306,0.0344914412870799,0.0340536654712846,0,0.00193858741596595,0.00260275834964198,0.00120099739335223,0.000852973781329108,0.00104857470185957,0,0,0,0,5.48445599152757e-05,7.9680577589644e-05,0,0,0,0.000400239279157786,2.77926225114543e-05,0.00237481197305187,0.000122409431532469,0,0,0,0,0,0.000352803460207222,0,0,0,0,7.10308903114744e-05,0.00122686748021327,0.000287560371720185,0.019624924595095,3.25588330517116e-05,0.000104039326348487,5.44486044999361e-05,0.00412283211333012,2.98809191585725e-05,3.64704395628209e-05,0,0,0,3.86407790748016e-05,0.000152373565394995
1.01814710999155,0,0.000523367616354322,0.00131966018846341,0.0315046070430332,0.233609536333853,0.180000118480499,0,0.00203643150292837,0.923170060991452,0,0.0167110670277839,0,1.10586982329454,0,7.22817755496753e-05,3.62527824333521e-05,0,0,0.0563630855492986,0.000230361799070862,0,0.000184432655534765,0.0457629425623816,0,5.42672046289789e-05,0.000237574437220035,0.00489628841383503,0.249513105568736,0.0186282012036678,0,0,0.000997496813803589,0.00636903029626034,0.000269423223972263,0.00292364631210272,0.000988459896788519,0.00134052192520562,0.00100221828662682,0.0952955534945254,0.014273776762397,0,3.64296500275163e-05,5.8824282232188e-05,0.000110078221872446,5.37294771701983e-05,0,0,0,0,0,0,0,0,0,0,0,0,0,0,0,0,0,0,0,0,0,0,0,0,0,2.62917074189467e-05,0,0,0,0,8.14605764034165e-05,0,0,0,0,0,0,0
0.0035943186945555,0.018979133548849,0.00021523647802062,0.416728301780963,0,0.00213414002257516,0.153726163909345,0.00203643150292837,0,0.0144270614344516,0,0.760898869044932,0,0.000317166001776946,0.41413208638641,0.124989898427154,0,0,0,0.10090261929678,0.000165025717481036,3.23919823680899,0.00085567798160314,6.73777452216227,0,0,0.00564550611959706,0.126581574513752,0.00165564569506498,0.00909664186884786,0,0,0.000253051493902631,0.00101794098126362,0.0876734322325664,0.00788490816917998,0.000547916232097528,0.00115525649296823,0.00109700669084419,0.863911526484817,0,0,0.00318683042437602,0.00039273175132759,0.000452688909560631,0.000147266120714751,0,0,0,0.000869262607726774,0.0144745864250936,0.000231361172496997,0,0,0.000357223013343171,0.00556422402983198,0,0.415814857409679,0.000613671807320206,0,0.000659000004723957,0.000128060037979327,0,0,0.0228125979953009,0,0,0,0.00106319090160712,0.00058361174232165,0.328300410324211,0.000926226770369176,0.411569940629909,0.000435140566808639,0.000118009479164322,0.00636653888925686,0.0259054311890642,0.000125971808673345,0.000981374519794924,0,0,0,0.00023326740640716,0.000833688021212269
0.0613890024254631,0,0.00053394295328274,0.899156398684926,0,0.118663588964186,1.17039660025824,0.923170060991452,0.0144270614344516,0,0,0.172519202990944,4.05133827351511e-05,0.932143662946079,0,0.000417133468682586,0,0,0,3.29057282856139,0.000453369571337747,0.000480569211109693,0.000587646015243393,0.240762571120792,0,6.09011197958976e-05,0.000580718246438081,2.22920616375766,0.0177553361159872,0.0130532810338142,0,5.32965063112251e-05,0.00247058055424955,0.00439154747551232,0.00805961671590204,0.0038023969014806,0.0017060946166424,0.00211492210007386,0.00126705259891773,0.0124277338101986,0,6.27539795872278e-05,3.73406069591245e-05,2.53455973689214e-05,0,2.45320195829078e-05,0,0,0,0,0,2.8755051152631e-05,0,0,0,0.000207862284346235,0,6.01036238153003e-05,0,0,0,0,0,0,0,0,0,0,0,0,0.000126362971427657,1.09376123981469e-05,0.00138535951755514,0,0,0,0.000483264807865483,0,0,0,0,0,0,0
6.60214445114861e-05,0.00048379141222517,0.00309185024935936,0,0.00387387592637953,0,0,0,0,0,0,0,0.862967099707189,0.00118960174527641,0,0,0.0104842878045668,0.552824061825587,2.21506029958377,0.000104853929324106,0.000253819566196438,0,0.000533951788882905,2.08912556605559e-05,0.153363651243094,0.225533165479186,0.102986884756533,0,0.30221521891338,3.48116273857083e-05,0.0278967986081579,0.259021684519695,8.59858050536334e-05,1.32141667166503,0,0.00660339291442227,2.5293076303373,3.32410676909095,0.0653463381965506,0,0.0625274847465997,0.00678007025738264,0,0.000342380746830746,0,0,0,0,0,0,0,0,0,0,0,0,0,0,0,0,0,0,0,0,0,0,0,0,0,0,0,0,0,0.00075083357523998,0,0.000178591849125322,0,0,0,0,0,0,0,0
0.0243524379247938,0,0,1.60244562003938,0,1.16081926795681,0.0163938400423247,0.0167110670277839,0.760898869044932,0.172519202990944,0,0,0,0.00781263121556879,0.155728640435995,0,0,0,0,8.92113705987686,2.7949538236332e-05,0,2.88015936969121e-05,1.60524052218293,0,0,0,0.00791704564494195,0.00939426611936303,0.000510810889052258,0,0,0.000891194231575754,0.00436274757676635,0.633396267550017,0.000428569924794313,0,3.62971183773687e-05,0.000104552347985866,0.506557420572145,0,0,0,0,0,8.55735738255941e-05,0,0,0,0,0,0,0,0,7.92219342536267e-05,0,0,0,0,0,0.000784518914312532,0,0,0.000564517919832364,0,0,0,0,0,0,0,0,0,0,0,0,0,0,0,0,0,0,0,0.0193312429346533
0.000616825335805704,0.00738674574387145,0.00490971829492821,0,0.000889152375748381,0,0.000508219022200672,0,0,4.05133827351511e-05,0.862967099707189,0,0,0,0,0.000301850624339364,0.00301920522831933,0.000791299359579299,0.124123820551283,0,0.00174653414269947,0,0.00258276936729322,5.42066441910447e-05,0.648465493412992,0.318208440821864,0.242965991665908,0.00154101084332552,3.03924836637184e-05,0.000287977524153196,0.521213913631047,0,0,0.376872741627062,0,0.0582807774840742,0.799375984004903,0.541730962217735,0.409276361463996,0.0053463141559862,0.818422816717006,0.0336986504395865,0.000172771251527593,0.000411292326931789,0,0,0,0,0,0,0.000549931145133165,0,0,0,0,0,0,0,0,0.000634920608717948,0,0.00631029516568527,0,0,0,0,0,0,0,0,0.000319175150337112,0,0,0.00852899018511649,0,0.000293347611329067,0,0,0,0,0,0,0,0
5.54382664231374,0,0.000168408560516178,0.000261991286300934,0,0.00836093376543651,0.183800000192746,1.10586982329454,0.000317166001776946,0.932143662946079,0.00118960174527641,0.00781263121556879,0,0,0,4.00193647670717e-05,0,0,0,0.015190481187373,0.00047198585732321,7.22023350432817e-05,0.000299448816331151,0.00634854219414935,0,0,6.96329963581989e-05,0.00457539751230266,4.38345783194575,0.148764283360232,0,0.0484338121717946,0.0160167620350875,0.0557523011202247,2.64964966313272e-05,0.00473686863402879,0.00112545425995812,0.00219942123287519,0.00176577293684047,0.0904313564164267,0.000107212290157803,0,0.000250226955734179,0,0,0,0,0,0,0,0,0,0,0,0,0,0,0,0,0,0,0,0,0,0,0,0,0,0,0,0,0,0,0,0,0,0.000124044250719817,0,0,0,0,0,0,0
0,0,0,0,0,0.915140254379007,0,0,0.41413208638641,0,0,0.155728640435995,0,0,0,0,0,0,0,0,0,0,0,0.000193522081573938,0,0,0,0,0,0,0,0,0,0,0.356143012776578,0.00166792813530413,0,0.000217683433373327,0.00439641555635538,0.519961855742409,0,0,0,0,0,0,0,0,0,0,0,0,0,0,0.000905099529664411,0,0,0,0,0,0.000186623019466765,0,0,0,0,0,0,0,0,0,0,0,0,0,0,0,0,0,0,0,0,0,0,0.00950619461306817
0.00105753668857227,0.180124422308621,0.00335354639258779,0,0,0.000257254551112819,0.00674549014951274,7.22817755496753e-05,0.124989898427154,0.000417133468682586,0,0,0.000301850624339364,4.00193647670717e-05,0,0,0.000259049770364814,0,0,0,0.192022786775973,4.42017449780757,2.26325879300708,1.3682761308038,0.000992116354518359,0.000168488096245655,0.820853291527893,0.459808581126815,0.00129852754558606,0.00828902931934235,0,0,0.000728980065545972,0.0298083968099029,0.00110386374386781,0.238282424843403,0.072232123495647,0.19592977662512,0.128498808297742,0,0,0.00802532616083524,0.00466310770686574,0.00261793240536975,0.000921902543665999,0.00316711212874076,0,0,0,0,0.0412186313624549,0,0,0,0,0,0,0.0202313486056408,0,0.000198566175245737,0,0.000811140836731929,0,0,0.0015682347094817,0,0,0,0,0.000161819715482426,0.0722919373970029,0.000652830022092486,0.00270129732671191,0.00480308700889585,0.000126953821102427,0.0154196561735394,5.83631174074597e-05,0,0,0,0,0,0,0.000222454269120266
0,0,1.99968721529404,0,0,0,0.00160307411324185,3.62527824333521e-05,0,0,0.0104842878045668,0,0.00301920522831933,0,0,0.000259049770364814,0,0.137081780097588,0.255936535650305,3.80112570642424e-05,0.00895883574377604,0,0.994616898788095,0,8.54990477947163e-05,1.2516641962961,0.0257353120746623,0.00184577457745991,0.0327396832814074,0.00220124350116535,0.000689373450313754,0,0,0.835862499322549,7.9949742947621e-06,0.00269246444097284,0.0374295039868623,0.145683521976929,0.00342751877676917,0,0,0,0,0,0,0,0,0,0,0,0,0,0,0,0,0,0,0,0,0,0,0,0,0,0,0,0,0,0,0,0,0,0,0,0,0,0,0,0,0,0,0,0,0
0,0,7.52303305968059e-05,0,0,0,0,0,0,0,0.552824061825587,0,0.000791299359579299,0,0,0,0.137081780097588,0,0.745557109269237,0,0,0,0.00945856150659946,0,0,0.0046738305889919,5.10308999542609e-05,0,0.0387687107763024,0,9.68426542459922e-05,0.00119986986336078,0,0.0234202791972061,0,0,0.0028792102637423,0.00188423220831858,0,0,0,0,0,0,0,0,0,0,0,0,0,0,0,0,0,0,0,0,0,0,0,0,0,0,0,0,0,0,0,0,0,0,0,0,0,0,0,0,0,0,0,0,0,0
0,0,0.0419737014292686,0,0,0,2.0738010761804e-05,0,0,0,2.21506029958377,0,0.124123820551283,0,0,0,0.255936535650305,0.745557109269237,0,0,3.78294782912762e-05,0,0.00042720864289369,2.23156777532092e-05,0.0370640610013834,4.54316084299666,0.0966723922168672,3.53886705147929e-05,2.44367837636621e-05,5.42668400016471e-05,0.0378004011441213,0.000183566226322294,0,1.34739635293427,0,0.00361186705136623,0.315174132055315,0.355654062991024,0.0299320324534121,0,0,0.00181808065843421,0,0,0,0,0,0,0,0,0,0,0,0,0,0,0,0,0,0,0,0,0,0,0,0,0,0,0,0,0,0,0,0.00162703927599944,0,1.81962143465573e-05,0,0,0,0,0,0,0,0
0.186749264233662,0,0.00078009220862498,7.90387564024515,0,0.146850646249479,0.279488302500602,0.0563630855492986,0.10090261929678,3.29057282856139,0.000104853929324106,8.92113705987686,0,0.015190481187373,0,0,3.80112570642424e-05,0,0,0,0,0,0.000152893361649073,1.35075863891545,0,6.46996847045666e-05,0.000245108321415934,0.502995046895988,0.0315814553074236,0.0114176034262698,0,0,0.0103572694045479,0.0064073082275885,0,0.00401928745593916,0.000988379695754946,0.0030249996124283,0.00129822067989192,0.0367914857806164,0,0,0,0,0,0.000129425722600367,0,0,0,0,0,0,0,0,0,0,0,0,0,0,0,0,0,0,0,0,0,0,0,0,0,0,0.00012463470039718,0,0,0,0,0,0,0,0,0,0,0
0.00578579864713861,0.00432552632896034,0.132781593775964,0,0,0,0.036737977419646,0.000230361799070862,0.000165025717481036,0.000453369571337747,0.000253819566196438,2.7949538236332e-05,0.00174653414269947,0.00047198585732321,0,0.192022786775973,0.00895883574377604,0,3.78294782912762e-05,0,0,0.00718958388999085,5.87208666907334,0.0122751763971097,0.000218465896637652,0.00539035233307495,0.0905502243276946,1.8228023433246,0.410818678895205,3.01501136034084,8.89733987523573e-05,0.000177624868902288,0.602699163426641,0.0756103207033009,0.0017939993899527,0.331518623391183,0.161216520724505,0.162787420727843,0.0975289862985311,3.64770268443428e-05,0,0.00369603101080819,0.0110798746872441,0.00581014197853347,0.00495297093965111,0.00443118054255492,0,0,0,0.00018120547216982,0.000200721793696556,0,0,0,0,5.77135815965002e-05,0,0.000114519384233649,0,0,0,0.000127775026828862,0,0,0.00143284688810547,0,0,0,0,0.000304137239682314,0.000386514520871764,0.00134381769027639,0.000241809184801423,6.30604453964109e-05,0,2.6043662883149e-05,0.000276596931856781,0,6.03711439686671e-05,0,0,0,0.000132690159264704,0.000385824804706257
0.000509718063391312,0.249472780063655,4.06150746531803e-05,0.00285603182157508,0,0,0.0117649402302952,0,3.23919823680899,0.000480569211109693,0,0,0,7.22023350432817e-05,0,4.42017449780757,0,0,0,0,0.00718958388999085,0,0.0136317569798563,2.4978234617035,0.00156204375882625,0,0.506759348649868,0.169887439950098,7.15317796917676e-05,0.00127537334670926,0,0,0,0.000571074992909602,0,0.00215933194041598,0.00116414447795592,0.00113768233300565,0.00159971683614802,0,0,0,0,0.000384976758617944,0,0.000147918732395005,0,0,0,0,0.147656369272274,0,0,0,0,0,0,0.680441353717137,0,7.72869002045695e-05,0,0.000606910327211826,0,0,0.0202953255773019,0,0,7.88696555357364e-05,0,0,0.534168891112073,0.000310427128392719,0.0911375036612282,0.0106933916519507,0.000689888514069075,0.06816552374546,0.00033248528634955,0,0,0,0,0,0,0
0.00162142469992057,0.0154072164046346,2.39360994546362,4.01242363791523e-05,0,0,0.0436406323426293,0.000184432655534765,0.00085567798160314,0.000587646015243393,0.000533951788882905,2.88015936969121e-05,0.00258276936729322,0.000299448816331151,0,2.26325879300708,0.994616898788095,0.00945856150659946,0.00042720864289369,0.000152893361649073,5.87208666907334,0.0136317569798563,0,0.0271549513138413,0.000653921779808461,0.0542223980466348,1.6600840996029,0.323701683478571,0.404468297953655,0.139791613204327,0,0,0.172987599765586,0.180132453951263,0.00446238021770688,0.562219624518099,0.424665322388898,0.650287484851056,0.195917853462829,6.357619877672e-05,0,0.00646027566663866,0.0132602809508299,0.00760921928755763,0.00438105184223241,0.00460910182129609,0,0,0,0,0.000966345827350009,6.17031181374128e-05,0,0,0,0,0,0.00024807119394063,0,0,0,2.71589454025575e-05,0,0,0.00140062045881212,0,0,0,0,0.000157737698635973,0.000655443398949074,0.000930532218213207,0.000125756199759432,0.000242173010896872,1.48751064575181e-05,0.000474085143405364,0.000297122422674905,0,0,0,0,0,0.000326352277643825,0.000445484606835599
0.0385952299214309,0.0138787479745516,0.000671601407849416,5.29619679544338,0,0.0781042389343278,0.434904172401951,0.0457629425623816,6.73777452216227,0.240762571120792,2.08912556605559e-05,1.60524052218293,5.42066441910447e-05,0.00634854219414935,0.000193522081573938,1.3682761308038,0,0,2.23156777532092e-05,1.35075863891545,0.0122751763971097,2.4978234617035,0.0271549513138413,0,0.0001300108314046,0.000103157842259797,0.0368711375138774,3.42317369125262,0.0123705687761722,0.0381337894311224,0,0,0.00369384562294152,0.0111758985708598,9.99546445556285e-05,0.0333996485601599,0.0106361370028021,0.0129251259355981,0.0122486014720892,0.021238964011163,0,0.000290003232163527,0.00102335331680376,0.000240099964756223,0.000772028458141507,0.000360069071075083,0,0,0,0.000788375308199003,0.00687892449877191,0.000617283531658512,0.000317389049643062,0,0.000902544250289638,0.0061841451844513,2.31723363597531e-05,0.137415771359681,0.000369750339384491,2.63897557121683e-05,0,0.000256163002481035,1.87474869550708e-05,0,0.00480781827934186,0,0,0,0,0.00189793022254919,0.0750547854577544,0.000932934235963786,0.415936551675811,0.00033609720451212,5.19301505567802e-05,0.00468601013791696,0.0657314868502308,0.000234456244281254,0.0012622108529269,0,0.000193407682029712,2.6909100158826e-05,0.000192779323108192,1.59387239585364e-05
0,0.387889323879467,0.00067371926720395,0,0,0,0,0,0,0,0.153363651243094,0,0.648465493412992,0,0,0.000992116354518359,8.54990477947163e-05,0,0.0370640610013834,0,0.000218465896637652,0.00156204375882625,0.000653921779808461,0.0001300108314046,0,0.0306399323392444,0.822784402289627,0.000413778624952246,0,0,0.0168402891186511,0,0,0.019236200426337,0,0.0131466926987709,6.24520582552708,0.330581153352875,0.224639835681231,0,0,0.743093177881484,0.030851569759675,0.162623617557344,0.0030821758427995,0.00648609770501316,0,0,0.00514877960790983,0,0.102626514926321,0,0,0,0,0,0,0.000948057058700831,0,0,0,0.0129975721225153,0,0,0,0,0,0,0,0,0.00925736099312276,0,0,0.629784125415789,0.0028188021595983,0.035145754283487,0,0,0,0.000139424284930799,0,0,0,0
0.000272254847625143,0.000598907001375909,2.29827316313783,0,0,0,0.00223879908498873,5.42672046289789e-05,0,6.09011197958976e-05,0.225533165479186,0,0.318208440821864,0,0,0.000168488096245655,1.2516641962961,0.0046738305889919,4.54316084299666,6.46996847045666e-05,0.00539035233307495,0,0.0542223980466348,0.000103157842259797,0.0306399323392444,0,2.90549951341697,0.00201079180723268,0.00012135827358223,0.00192854457577064,0.295954779307226,0,0,0.104183857702736,0,0.00373582536873408,0.0969296687531385,0.13756947110158,0.0100945595643121,0,0,4.83092622569057e-05,0,0.000225175243421319,0,0,0,0,0,0,0.000814438891203525,0,0,0,0,0,0,0,0,0,0,0,0,0,0,0,0,0,0,0,0,0,0,0.000466836828649085,0.000102778351209218,0.000173460539569762,0,0,0,0,0,0,0,0
0.000931716570484139,0.87366799037572,1.82931449732999,2.25464472122252e-05,0,0,0.0183457290856534,0.000237574437220035,0.00564550611959706,0.000580718246438081,0.102986884756533,0,0.242965991665908,6.96329963581989e-05,0,0.820853291527893,0.0257353120746623,5.10308999542609e-05,0.0966723922168672,0.000245108321415934,0.0905502243276946,0.506759348649868,1.6600840996029,0.0368711375138774,0.822784402289627,2.90549951341697,0,0.0931370586854532,0.00027902413287079,0.0122877284640803,0.120131406681461,2.82425944796976e-05,1.36603819808475e-05,0.0974612911012492,0.000295475549301996,0.0781851789121003,0.128374614411546,0.397857605787494,0.0446157238873983,4.91162951259281e-05,0,0.00114998962173521,0.00110865469955055,0.000877287660829939,0.000336671259771012,0.000326841922462651,0,0,0,0,0.0354498210110662,0,0,0,0,0,0,0.00817453607986893,0,0.000524041113134586,0,0.00528916377813593,0,0,8.96493629331468e-05,0,0,0,0,0,0.0361733463796268,6.31283185012474e-05,0.00131900184885674,0.0800704856896122,0.00138361815022503,0.0365503397410149,0.000101617364433829,0,0,1.79399285717664e-05,0,0,0,2.07508730688735e-05
0.0417410428488945,0.0088678729500767,0.0417642477232983,2.98988334877556,0,0.00429724595765161,3.5381647151743,0.00489628841383503,0.126581574513752,2.22920616375766,0,0.00791704564494195,0.00154101084332552,0.00457539751230266,0,0.459808581126815,0.00184577457745991,0,3.53886705147929e-05,0.502995046895988,1.8228023433246,0.169887439950098,0.323701683478571,3.42317369125262,0.000413778624952246,0.00201079180723268,0.0931370586854532,0,0.0309381344192412,1.40763150427489,0,0.000305804495098629,0.013148496169769,0.0772430560051679,0.00143561152594145,0.297542192441986,0.109862881628931,0.0912025046690247,0.0628872790590658,0.00306456505781472,0,0.00576334969861218,0.00671817178345789,0.0032831342174556,0.00331862959505529,0.00193477589884063,0,0,0,7.27340468979643e-05,0.000681157606942411,0.000322369796929541,0,0,0.000325782129955163,0.00165896133947677,0,0.0129265777981211,3.69935511831043e-05,0,0,2.26845016940029e-05,0,0,0.00128045646178373,0,0,0,0.000185195573338846,0.000104264051130895,0.00813503177472953,0.001148555858291,0.0820349611388067,0.000125859262238951,2.22954883470726e-05,0.000448461556121501,0.0143625576527528,0.000149054743202578,0.000407985467408772,0,0,0,7.93699350595306e-05,0.000184498083790241
4.5969695845977,0,0.00103666279904752,0.00118723409494492,0.0276549130606692,0.0721910819273594,0.184533158187696,0.249513105568736,0.00165564569506498,0.0177553361159872,0.30221521891338,0.00939426611936303,3.03924836637184e-05,4.38345783194575,0,0.00129852754558606,0.0327396832814074,0.0387687107763024,2.44367837636621e-05,0.0315814553074236,0.410818678895205,7.15317796917676e-05,0.404468297953655,0.0123705687761722,0,0.00012135827358223,0.00027902413287079,0.0309381344192412,0,1.73839555835777,0,1.45895960386766,0.888862050954084,2.27607538874256,0.000149071087295397,0.0347389733687885,0.00923296311489449,0.112551830284171,0.0251630881240878,0.298138017051977,0.0919469337266556,0.000371910463344283,0.000133757196507572,4.69125165259705e-05,5.81976207451609e-05,0.000139807875600621,0,0,0,0,3.31073639059159e-05,0,0,0,0,0,0,0,0,0,0,0,0,0,0,0,0,0,0,0,0,1.56242555316392e-05,0.000292614482207212,0,0,0,0.000153649339410189,0,0,0,0,0,0,0
1.37251992690346,0.000138328513141065,0.0410140669459077,0.000853287397834724,5.73580568425467e-05,0.00148437178287885,1.64761260663107,0.0186282012036678,0.00909664186884786,0.0130532810338142,3.48116273857083e-05,0.000510810889052258,0.000287977524153196,0.148764283360232,0,0.00828902931934235,0.00220124350116535,0,5.42668400016471e-05,0.0114176034262698,3.01501136034084,0.00127537334670926,0.139791613204327,0.0381337894311224,0,0.00192854457577064,0.0122877284640803,1.40763150427489,1.73839555835777,0,3.8805230430634e-05,0.0038282628835646,1.49382264316009,1.3777380602976,0.00112868213773249,0.246376101255663,0.0515708522690815,0.355441856059556,0.135546291021647,0.00834012150138234,0,0.000447309996759484,0.00351584086025648,0.00140005056080256,0.000331030986996217,0.000925210494162419,0,0,0,0,0,0,0,0,0,0.000363617384420535,0,8.42535479314913e-05,0,0,0,0,0,0,5.37375111004715e-05,0,0,0,0,4.49241689913608e-05,0.00013402515023114,0.000324743076311983,0.00135125666909129,0,0,0,0.000367384740210054,0,0,0,0,0,2.00914280224763e-05,6.2278515361243e-05
0,0,0.00239927457041827,0,0,0,0,0,0,0,0.0278967986081579,0,0.521213913631047,0,0,0,0.000689373450313754,9.68426542459922e-05,0.0378004011441213,0,8.89733987523573e-05,0,0,0,0.0168402891186511,0.295954779307226,0.120131406681461,0,0,3.8805230430634e-05,0,0,0,0.00516880046867737,0,0.000216338001522428,0.0206306590628922,0.0193701531055421,0.00140074029615595,0,0,0,0,0,0,0,0,0,0,0,0,0,0,0,0,0,0,0,0,0,0,0,0,0,0,0,0,0,0,0,0,0,0,0.000416162290497235,0,0,0,0,0,0,0,0,0,0
0.00588344787100134,0,0,0,0.105066096995279,0.198736536598391,0.000320375965861801,0,0,5.32965063112251e-05,0.259021684519695,0,0,0.0484338121717946,0,0,0,0.00119986986336078,0.000183566226322294,0,0.000177624868902288,0,0,0,0,0,2.82425944796976e-05,0.000305804495098629,1.45895960386766,0.0038282628835646,0,0,0.0260992705178345,2.2672778114432,0,0,0.000421690850666748,0.0175361684368546,0.000141615022137598,0.00798096232162444,0.678142671197597,0,0,0,0,0,0,0,0,0,0,0,0,0,0,0,0,0,0,0,0,0,0,0,0,0,0,0,0,0,0,0,0,0,0,0,0,0,0,0,0,0,0,0
0.14097211605991,0,0.000142996025660763,0.000200759225834752,0,0,0.0371569676208299,0.000997496813803589,0.000253051493902631,0.00247058055424955,8.59858050536334e-05,0.000891194231575754,0,0.0160167620350875,0,0.000728980065545972,0,0,0,0.0103572694045479,0.602699163426641,0,0.172987599765586,0.00369384562294152,0,0,1.36603819808475e-05,0.013148496169769,0.888862050954084,1.49382264316009,0,0.0260992705178345,0,0.828387772842003,0,0.0583012727536239,0.00775843069640131,0.279366366582966,0.157224287017913,0.00240032175411831,0,0,0.000360208070527393,0.000738926913237882,0.000300915377756694,0,0,0,0,0,0,0,0,0,0,0,0,0,0,0,0,0,0,0,0,0,0,0,0,0,0,0,0.000286095348595757,0,0,0,0,0,0,0,0,0,0,0
0.20770257130263,0.00113059742289026,0.237360845962968,0.000526968137444846,0.051133239674567,0.0112773416205937,0.0437713593693671,0.00636903029626034,0.00101794098126362,0.00439154747551232,1.32141667166503,0.00436274757676635,0.376872741627062,0.0557523011202247,0,0.0298083968099029,0.835862499322549,0.0234202791972061,1.34739635293427,0.0064073082275885,0.0756103207033009,0.000571074992909602,0.180132453951263,0.0111758985708598,0.019236200426337,0.104183857702736,0.0974612911012492,0.0772430560051679,2.27607538874256,1.3777380602976,0.00516880046867737,2.2672778114432,0.828387772842003,0,0.00256940145343151,0.501807443255942,0.557646584797916,5.53827167698725,0.490759523415981,0.0647881685592358,0.511935565258253,0.00670751581618923,0.00662929665214486,0.0046436492052744,0.00304182520249067,0.00164073902343224,0,0,0,0.000138869347994256,0,0.000277793721893018,0,0,0,0.000121806341118175,0,3.75517036440738e-05,0,0,0,0,0,0,0.00063324650056724,0,0,0,0,5.96242089420064e-05,0.000100383171498057,0.000678738725543062,8.59728199179952e-05,0,3.99336745287688e-05,2.42610790272858e-05,1.92031677615477e-05,0,0.000141830954575656,0,0,0,2.82995073389893e-05,0.000409107247769554
0.000128687090046299,0,0,0,0,1.10687819117214,0.000774453698215782,0.000269423223972263,0.0876734322325664,0.00805961671590204,0,0.633396267550017,0,2.64964966313272e-05,0.356143012776578,0.00110386374386781,7.9949742947621e-06,0,0,0,0.0017939993899527,0,0.00446238021770688,9.99546445556285e-05,0,0,0.000295475549301996,0.00143561152594145,0.000149071087295397,0.00112868213773249,0,0,0,0.00256940145343151,0,0.0238072883327675,0.00132219749546807,0.00433520265651453,0.00546036813976397,0.0020102793038746,0,0,0.00636788489793044,0.00238168927691954,0.00232550158871856,0.00133361896344055,0,0,0,0,0,0.000113034251720858,0,0,0.00968478315892446,0,0,0,0,0,0.0123158865023002,0,0,0.00828649895653919,0.000218773406854852,0,0,0,0,0,0,0.000399176756464032,5.5216533380812e-05,1.51682726808216e-05,0,6.98750208455727e-06,3.20245709658022e-05,1.93167189835768e-05,0.000209572543825628,0,0,0,6.3906643543991e-05,1.20057758907336
0.0708585970408267,0.0045095898079065,0.0357333559137581,0.000769658465282529,0,0.00372346622319907,0.12384972428118,0.00292364631210272,0.00788490816917998,0.0038023969014806,0.00660339291442227,0.000428569924794313,0.0582807774840742,0.00473686863402879,0.00166792813530413,0.238282424843403,0.00269246444097284,0,0.00361186705136623,0.00401928745593916,0.331518623391183,0.00215933194041598,0.562219624518099,0.0333996485601599,0.0131466926987709,0.00373582536873408,0.0781851789121003,0.297542192441986,0.0347389733687885,0.246376101255663,0.000216338001522428,0,0.0583012727536239,0.501807443255942,0.0238072883327675,0,4.22169821948865,1.97299447576963,2.18690427250312,1.74816684457745,0.00221639923918288,0.229378259628046,0.448039912034825,0.949940439981569,0.394696158081025,0.180650066808066,0,0,0.000185132282495674,0.00046037338062341,0,0.00683007559836272,0,0,9.53129903381411e-05,0.0013494674856254,0,0.000428065477031602,1.53663242977318e-05,0.00200187468201811,0,0.00231313380564735,0.000232603174932955,0,0.0433732959412007,0.000362027786261941,0,0.000548050438695903,0,0.00798139938665753,0.000692937964761841,0.0381093723668327,0.009960142671021,0.00115757772804268,0.00241903636723722,0.0032435103123512,0.00729518974735285,0.000303779122039613,0.00314644347951252,0,0,0,0.0142176930372969,0.00434464791009092
0.0163661758359801,0.0416393733073221,0.189028811166055,0.000183340104407502,0,0.000213682277493594,0.053052809325819,0.000988459896788519,0.000547916232097528,0.0017060946166424,2.5293076303373,0,0.799375984004903,0.00112545425995812,0,0.072232123495647,0.0374295039868623,0.0028792102637423,0.315174132055315,0.000988379695754946,0.161216520724505,0.00116414447795592,0.424665322388898,0.0106361370028021,6.24520582552708,0.0969296687531385,0.128374614411546,0.109862881628931,0.00923296311489449,0.0515708522690815,0.0206306590628922,0.000421690850666748,0.00775843069640131,0.557646584797916,0.00132219749546807,4.22169821948865,0,8.86013378737354,8.2587656721062,0.000116308396133016,0,1.59388738590733,0.0177088499462546,0.212797222440149,0.00507583026338438,0.00965815111474963,0,0,0.000646037556440437,0,0.0109752203062575,4.25137542722979e-05,0,0,0,0,0,0,0,0.000360100652209146,0,0.021685878118084,0,0,0.00069404179504738,0,0.000219177392747072,0,0,3.56532792934441e-05,0.000683652554639296,0.000249640013433997,0.000454681865699916,0.28585502984265,0.00138268900391225,0.0122610221076547,0.000126020682289148,0,0,0,0,0,0,8.05926027382573e-05
0.0415085059256332,0.0113397349134032,0.45015268945296,0.000239854998634048,0,0.000582398079513581,0.0555425911576306,0.00134052192520562,0.00115525649296823,0.00211492210007386,3.32410676909095,3.62971183773687e-05,0.541730962217735,0.00219942123287519,0.000217683433373327,0.19592977662512,0.145683521976929,0.00188423220831858,0.355654062991024,0.0030249996124283,0.162787420727843,0.00113768233300565,0.650287484851056,0.0129251259355981,0.330581153352875,0.13756947110158,0.397857605787494,0.0912025046690247,0.112551830284171,0.355441856059556,0.0193701531055421,0.0175361684368546,0.279366366582966,5.53827167698725,0.00433520265651453,1.97299447576963,8.86013378737354,0,2.98667558989804,0.0359814109687267,0.0244635195995215,0.231578845628812,0.0105421119145829,0.0537715497903744,0.00588273728299126,0.00437302674132003,0,0,0.000511580441122556,0.000323442793616124,0.000165779727279375,7.59609684819395e-05,0,0,0,0,0,0.000364908616412446,0,0,0,0.00222697206116945,0,0,0.000564406172648534,0,0,0,0,3.26514715505593e-05,6.82853337401375e-05,0.00118503820828515,8.95462755957175e-05,0.00476371783210214,2.09616391935507e-05,0.000154619802722306,9.82738967909777e-05,0,3.53972356938051e-05,0,0,0,0.000105330071276132,0.000656216208097754
0.0415012115275298,0.00328711233328649,0.0472077426938513,0.000348939787615609,0,0,0.0344914412870799,0.00100221828662682,0.00109700669084419,0.00126705259891773,0.0653463381965506,0.000104552347985866,0.409276361463996,0.00176577293684047,0.00439641555635538,0.128498808297742,0.00342751877676917,0,0.0299320324534121,0.00129822067989192,0.0975289862985311,0.00159971683614802,0.195917853462829,0.0122486014720892,0.224639835681231,0.0100945595643121,0.0446157238873983,0.0628872790590658,0.0251630881240878,0.135546291021647,0.00140074029615595,0.000141615022137598,0.157224287017913,0.490759523415981,0.00546036813976397,2.18690427250312,8.2587656721062,2.98667558989804,0,0.0249450236070157,0.124968831416044,0.644671655491361,0.00687649311896311,0.107994865594369,0.0100136013734232,0.00482706925599294,0,0,0,0,0,0,0,0,0,0,4.73636130174436e-05,8.8560688802192e-05,0,4.60284250993642e-05,0,0.00586589870724237,0,0,0.000654845711277576,0,0,0,0,0,0,0.00144560268070289,9.61935583737648e-05,0.0105700507769009,0.000103647792676871,0.000241446433946263,0,0,2.99967269246624e-05,0,0,0,9.06945429690314e-05,0.000444752280109352
0.0770531969708764,0,4.93462531154392e-05,0.00211672685571613,0.00365962724015772,0.509384079511168,0.0340536654712846,0.0952955534945254,0.863911526484817,0.0124277338101986,0,0.506557420572145,0.0053463141559862,0.0904313564164267,0.519961855742409,0,0,0,0,0.0367914857806164,3.64770268443428e-05,0,6.357619877672e-05,0.021238964011163,0,0,4.91162951259281e-05,0.00306456505781472,0.298138017051977,0.00834012150138234,0,0.00798096232162444,0.00240032175411831,0.0647881685592358,0.0020102793038746,1.74816684457745,0.000116308396133016,0.0359814109687267,0.0249450236070157,0,2.47477143791195,0,0.000216690341453488,0.000389114453329403,0.000128034760534801,0.000163434881244778,0,0,0,0,0,0,0,0,0,0,0,0,0,0,0,0,0,0,0.000502151486023329,0,0,0,0,0,0,3.95413159223973e-05,0,0,0,0,0,0,0,0,0,0,0,0
0,0,0,0,0.0691580385093661,0.00640445808816034,0,0.014273776762397,0,0,0.0625274847465997,0,0.818422816717006,0.000107212290157803,0,0,0,0,0,0,0,0,0,0,0,0,0,0,0.0919469337266556,0,0,0.678142671197597,0,0.511935565258253,0,0.00221639923918288,0,0.0244635195995215,0.124968831416044,2.47477143791195,0,0,0,0,0,0,0,0,0,0,0,0,0,0,0,0,0,0,0,0,0,0,0,0,0,0,0,0,0,0,0,0,0,0,0,0,0,0,0,0,0,0,0,0
0.00213866179550101,0,0,0,0,0,0.00193858741596595,0,0,6.27539795872278e-05,0.00678007025738264,0,0.0336986504395865,0,0,0.00802532616083524,0,0,0.00181808065843421,0,0.00369603101080819,0,0.00646027566663866,0.000290003232163527,0.743093177881484,4.83092622569057e-05,0.00114998962173521,0.00576334969861218,0.000371910463344283,0.000447309996759484,0,0,0,0.00670751581618923,0,0.229378259628046,1.59388738590733,0.231578845628812,0.644671655491361,0,0,0,0,0.00770769379799663,0,0,0,0,0,0,0,0,0,0,0,0,0,0,0,0,0,0.00417116511122231,0,0,0,0,0,0,0,0,0,0,0,0.00516199657041497,0,0.000162013348792813,0,0,0,0,0,0,0,0
0.00115000225436433,0.000135499435320608,0.000159810578239918,0,0,0.000612039443934925,0.00260275834964198,3.64296500275163e-05,0.00318683042437602,3.73406069591245e-05,0,0,0.000172771251527593,0.000250226955734179,0,0.00466310770686574,0,0,0,0,0.0110798746872441,0,0.0132602809508299,0.00102335331680376,0.030851569759675,0,0.00110865469955055,0.00671817178345789,0.000133757196507572,0.00351584086025648,0,0,0.000360208070527393,0.00662929665214486,0.00636788489793044,0.448039912034825,0.0177088499462546,0.0105421119145829,0.00687649311896311,0.000216690341453488,0,0,0,5.28876663497448,1.49752084817815,0.858552579059053,2.12138690844015,0.00777092347190245,0.0135703355846148,0.00473739379681029,0.000113630714555689,0.15595310816006,9.24915110522648e-05,6.75342338045748e-05,0.0002586237042238,0.0107398870340468,0.000568557182702562,0.313707266782107,0.000209658045090797,0.0294550419139204,0.000254940927252555,0.0273633306921536,0.000179974717236048,0.00265962146555401,0.266239242610108,0.0111934526422778,0.000140999990279853,0.012188106958818,0.000246927777326517,0.0671907419561291,0.000466336117888384,0.255763593679358,0.0743243411535116,0.00328609142667659,0.0550183425271158,0.0496174805259563,0.0820115842599227,0.0103708871116834,0.12781694903525,0.000235433836961826,0,0.00716475128257403,0.322146048544778,0.0166133407546876
0.000635020816108412,0.00970552840509872,4.4538960676042e-05,0,0,0,0.00120099739335223,5.8824282232188e-05,0.00039273175132759,2.53455973689214e-05,0.000342380746830746,0,0.000411292326931789,0,0,0.00261793240536975,0,0,0,0,0.00581014197853347,0.000384976758617944,0.00760921928755763,0.000240099964756223,0.162623617557344,0.000225175243421319,0.000877287660829939,0.0032831342174556,4.69125165259705e-05,0.00140005056080256,0,0,0.000738926913237882,0.0046436492052744,0.00238168927691954,0.949940439981569,0.212797222440149,0.0537715497903744,0.107994865594369,0.000389114453329403,0,0.00770769379799663,5.28876663497448,0,6.73698899865735,2.47753952120681,0,0,1.01196813417883,0,0.0166681012008291,0.343601017056909,0,0,0.000197943410061883,0.000691904273223389,0,0.000650386598160471,6.43405361770519e-05,3.3017987817906,0.000187430949387861,1.49776011671182,0.00018896792730827,0,0.0297300350540118,0.0649448455825293,0.0935895309746944,0.53609031322154,0,0.00762591148120837,0.00195428949584266,0.0498377501185982,0.00892648132616402,1.11134819850951,0.685617294492795,0.162568669483989,0.00812390870938899,3.69891279924988e-05,0.00270071660886461,0.0423680065265764,0,0,0.79832321595726,0.00392801915280757
0,0.00013488112942507,0,0,0,0,0.000852973781329108,0.000110078221872446,0.000452688909560631,0,0,0,0,0,0,0.000921902543665999,0,0,0,0,0.00495297093965111,0,0.00438105184223241,0.000772028458141507,0.0030821758427995,0,0.000336671259771012,0.00331862959505529,5.81976207451609e-05,0.000331030986996217,0,0,0.000300915377756694,0.00304182520249067,0.00232550158871856,0.394696158081025,0.00507583026338438,0.00588273728299126,0.0100136013734232,0.000128034760534801,0,0,1.49752084817815,6.73698899865735,0,4.45202519262506,0.00916755185340584,0.0465603585254928,0.220740577998367,0.0266969846903438,0.000677318049983808,0.637790920881092,0.000383645517374529,0.00377131361944816,0.000308631243569342,0.0206203722312638,0.000551375456461604,0.00450575155227343,0.000255138692816688,0.803587258466499,7.25657307167156e-05,0.121380924457244,0.00330964960072102,0.0015449630684919,0.285017379989498,0.165123646971236,0.00855329217401131,0.0893014601336106,0.000112170148390219,0.0974688218350483,0.00229908108492272,0.407424335441389,0.0748765683852049,0.0252940536939158,0.197794741008471,0.137179255879902,0.0714852269355038,0.179990504492113,0.245424564793693,0.00375607809312065,0.0513270785593851,0.16695797555732,8.24999136324909,0.002994053960448
