0,0.00198134899671838,0.0155042973975482,0,0.000170688245097481,0.00795956627687939,1.45671928430407,0.307111234367069,0.0137947701263723,0.00647901985523701,0.000855738883815412,0,0,2.35954923580008,0,0.000780663339712336,0.0026833327831769,0,0.000495950220530818,0,0.00690563474040326,0.00266383554646307,0.0135041817378076,0.00805237745140793,6.67493694430136e-05,0.00026244604469715,0.000800464194681774,0.0141551745957582,0.813262281261412,0.211069286711974,0.000395783948577915,0.00233925204253518,0.0343407551511599,0.0192647709743007,5.48129230635158e-05,0.00255945080510063,0.00147174106975643,0.0116862651298073,0.0140625837552345,0.000333085540483145,0.00132387854710776,0,0,0,0,0,0,0,0,0,0,0.000272185129794877,0,0,0,0,0,0.00940338277491552,0,0,0,0,0,0,0,0,0,0,0,0,0.000128879382304922,0.000239737107452483,0.00367998425467379,0,0,0,0.0011419885615964,0,0,0,0,0,0,0
0.00198134899671838,0,0.650909067293005,0,0,0.000620462032734409,0.00333200537790102,0.00163793407081724,0.981373070033196,0.000200633883192937,0.649112930181663,0,0.221769081746966,0.000793781700886467,0.000402267601021578,0.0314203517396935,1.09109906143388,0.214014338285392,1.59126616171934,0,0.0232007960304006,1.72323576806558,0.141225082400632,0.00805138181771474,0.833954444407853,1.17203310851224,1.15840333499008,0.00276737390335123,0.00888691489362499,0.00490532003555809,0.159536570333004,0.00200777929637949,0.00173658444323701,1.33116675733407,0.00845938879751914,0.38763795208435,3.05548852803628,4.36906263680558,0.541027350186878,0.0144472090587616,0.0146344554270801,0.176813754041925,0.0290363592726243,0.403713793655899,0.0434603477075568,0.0295696553561261,0.00839524668672684,0.00273698445206677,0.053131983747177,0,0.24633879149765,9.14592567604657e-05,0,0,0,0,0.000474333462413915,0.00159122718166038,0,0.0462084871783047,0,0.0841320779925157,9.59185956521903e-05,0.000334351095714329,0.00129278879537156,0,0.0225295215496224,0.00572272245916406,0,0.000455758058178533,0.0147737206142316,0.001027741160512,0.000109612350441676,0.168170051126555,0.0260837668877949,0.0643348111495512,0.000222834445068309,0.000443255393354249,0,0.0493834643048607,0.00031618700068857,0,0.0201322632791238,0.0104355251612104
0.0155042973975482,0.650909067293005,0,0.000288199343941556,0,0.00131333333954702,0.0321329618041976,0.00812139124686978,0.00736640095503565,0.0018145332681647,0.00572483084946334,0,0.00100230751209761,0.00434787171541329,0,0.0364376379966953,0.941045467877203,0.0051012028981617,0.106874043910863,0.000174546608724842,0.189643898603622,0.691910717178998,3.03030284958293,0.0126579826287836,0.0010262349175671,1.32731075160522,1.75575795458609,0.0201174138412141,0.00309414844383791,0.0232654301894108,0.00247870690662039,8.18961051514411e-05,0.000657810418799979,0.144082143496305,0.000185779675241744,0.00550406836420575,0.007052287425423,0.136421501626322,0.0214650985257555,0.00283754061518187,0.000719616253871749,8.28235175950355e-05,0.000158162208764343,0.000146935997504943,0.000106877557472101,0.000364030127208317,0.000714347551677364,0,0,0,3.505923287034e-05,0,0,0,0,0,0,0.00120595688733085,0,0,0,3.23069474675499e-05,0,0,0,0,0,0,0,0,0,0.000182906184419324,0.000600760109130719,4.9961741777977e-05,1.92518108165925e-05,0.000164267548579669,0.000312543873923171,0,0,0,0,0,0,0.000377779468546443
0,0,0.000288199343941556,0,0.000152549968393843,0.0124088130564598,0.0191079470863316,0.00398639980617562,0.0725538776350054,0.907566414011163,3.96552988250153e-05,0.918328600676035,0,0.000118771736307879,0,0.000114967545481147,0,0,0,13.6578770431641,0.000118984649077657,0.00136320235091845,0.000196679853717533,2.7798623612028,0,0,5.78194722001811e-05,2.59175330840582,0.000978788273308621,0.000227973729947764,0,0,0,0.000264072574731949,0,0.00021192674572882,0,0.00025090491424006,0.000308818498426221,0,0,0,0,0,0,0,0,0,0,0,0,0,0.753871013312349,0,0,0,0,0,0,0,0.00037334329681471,0,0,0,0,0,0,0,0,0,0,0,0.00865204718099063,0,0,0,0.000707544753136793,0,0,0,0,0,0,0
0.000170688245097481,0,0,0.000152549968393843,0,2.55042487599955,3.56598553866443e-05,0.53589362747539,0.000284805370183348,0.000458490049953851,0.00208843057253622,5.94457560652009e-05,0.00105352346287316,0.0110920055769868,0.245511441469918,0.000335824622538991,0,0.000497941375702405,0,0.000284172463160195,8.34274569052303e-05,0,6.15120955203552e-05,3.54253642691946e-05,0.000561784789752589,0.000279387185999692,5.4727899670141e-05,0.000312826245055317,0.0673213672599152,0.000145374162648744,0.000284205144556945,5.01768732271213,0.00034763302997054,0.054006028655307,0,0.00165543774627304,0,0.00863730557314818,0,0.827971131582737,0.248010636323239,0,0,0,0,0,0,0,0,0,8.36755001995607e-05,0,0,0,0,0,0,0,0,0,0,0,0,0,0,0,0,0,0,0,0,0,0,0,0,0,0,0,0,0.000277709705196985,0,0,0,0
0.00795956627687939,0.000620462032734409,0.00131333333954702,0.0124088130564598,2.55042487599955,0,0.0788302745623372,3.07698856807161,0.00445378691778564,0.74930812038935,0.00212254330720218,1.05823010142699,0.000600962582303959,0.108997955077651,0.522004614074582,0.000434716642843227,7.7333357373908e-05,0.000130661861258469,0.000117728855475535,0.0419705406019513,0.0020389878009683,0.00321564194035771,0.00335705168155954,0.0184101808812645,0.000201191986947036,0.000347958163158579,0.000966953970839597,0.0421950296978379,0.184314922752066,0.00451356497930825,0.000355400234118642,0.331249023858196,0.000573580796447513,0.0211956349374005,0.654974019902565,0.00153885522186932,0.000237941943731198,0.0064263869064757,0.000988431207726575,0.0019219527178852,0.0180632313863397,0,0,0,0.000236533358808104,2.36331608848817e-05,0.000133818878267397,8.47700775318304e-05,0,0,0.000120576878671271,0,0,0,3.43423392637518e-05,0,0,0.000178531384172731,0,0,0,0,0,0.000147622004945543,0,0,0,0,0,0,0.000261591146115772,0,0.000212360637657873,4.08256982306057e-05,0,9.36822944522119e-05,0,0,0,2.96980510374168e-05,0,0,0,0.00568235105634571
1.45671928430407,0.00333200537790102,0.0321329618041976,0.0191079470863316,3.56598553866443e-05,0.0788302745623372,0,0.19739121317543,0.0485290430053094,2.25187893731088,0.000528258116957967,7.51202300981238e-05,0,0.200596118439037,0,0.0195891988106993,0.00162334400580203,2.46356740097567e-05,0.000351129271613658,0.00614840268534816,0.0547547832602411,0.0566876485823703,0.0940946766048476,0.621868584159099,6.34486543554845e-05,0.00127683395642578,0.0196408175047128,3.56193747419137,0.0718195018351638,0.744309951265342,6.38167006331337e-05,0.000539387663933838,0.00302819292167226,0.0180409114322355,0.000137618387731573,0.0189143096926857,0.00196410273564793,0.0186885711785047,0.0149978412967196,0.000363762265249082,0.000548843895508955,0,0.000438898601517468,4.33532985319217e-05,6.25227999282874e-05,0,0.000142063327032923,0,0,0,0,0,0,0,0,0,0,0.00680179448304777,0,0,0,0,0,0,0,0,0,0,0,0,0.00050130365158156,6.23498739445538e-05,0.00425654422709614,0,0,0.000218363369397642,0.00121508641291821,4.55427836964012e-05,4.21398237632805e-05,0,0,0,0.000234524560700463,8.92282255243271e-05
0.307111234367069,0.00163793407081724,0.00812139124686978,0.00398639980617562,0.53589362747539,3.07698856807161,0.19739121317543,0,0.00824555009339873,0.539586184905293,0.00147716313826183,0.000137466550421315,0.000265331802775991,2.91271127475936,0.000169665429516678,0.00117944435410829,0.00152863974038225,0.000182728718635415,0.000158624156298933,0.0134925252661466,0.00401645836413607,0.00514646029462495,0.0128315079774216,0.0151553377512643,0.000440247347682911,0.000829342701709719,0.00147548913060377,0.0232767194705619,0.592599037270505,0.0484736622128406,0.000276990066615173,0.404231421950221,0.00246435320149547,0.0400668670912897,5.12706503640887e-05,0.00375955185392331,0.000802408802459773,0.020249598483148,0.00713217777633173,0.00074699616964527,0.0120156256219728,0,0,0,3.80455666752696e-05,3.30217101094342e-05,0,0,0,0,0,0,0,0,0,0.000200478863688833,0,0.00560869629459347,0,0,0,0,8.26639684972201e-05,0,7.24791079331228e-05,0,0,0,0,0,2.98479257859333e-05,0,0.00245524212434376,0,0,1.4092559801746e-05,0.000361452925185263,0,0.000151201035208624,0,0,0.000218131166020281,0,6.76689394865926e-05
0.0137947701263723,0.981373070033196,0.00736640095503565,0.0725538776350054,0.000284805370183348,0.00445378691778564,0.0485290430053094,0.00824555009339873,0,0.00664483144313368,0.0202652800905367,0.448078403410579,0.0216479147031435,0.00271604076461914,0.475107960039386,0.146420928950896,0.00141831772922247,0.00127233762171746,0.000970495819613245,0.144795591370631,0.0018601925861862,1.88369905141988,0.00853231558482251,5.04967428829379,0.0281822411327835,0.00318813381658753,0.0565945537351544,0.0884615422296786,0.011565588954886,0.0287715840141518,0.00802352151678339,0.000453079210882296,0.0141118182786509,0.0394239383632419,0.0120452616593319,0.106755394669873,0.639158879068982,0.111126282212215,0.078626788785182,0.309028757250988,0.00193680557062128,0.0343273403451472,0.00621704584259819,0.00242964376388396,0.00304821498190893,0.00486963102845106,0.000676839296270985,0,0,0.00390945056313911,0.00243370005583958,0.0018551634841132,0,0,0.000295459546416129,4.38609492602396e-05,0,0.443746504247348,0,0.000165557679060646,0,0.00075713009908009,0.000327693335675379,0,0.00640822914138971,0,0.000498514658853123,9.76209427183579e-05,0,0.000397064139656176,0.02783922353519,0.00122304722381373,0.107990150013854,0.00398745414788613,0.000248738916678787,0.00597169994437278,0.0325281320801648,0.00112498240362653,0.00982449940412429,0.000307062364435794,0,0.000621616025647333,0.00268080711642355,0.000635384638896659
0.00647901985523701,0.000200633883192937,0.0018145332681647,0.907566414011163,0.000458490049953851,0.74930812038935,2.25187893731088,0.539586184905293,0.00664483144313368,0,0.000132493669507183,0.333628009370117,0,0.152734252739318,0,0.000819314436358755,0.000106032453862342,0,0,2.06138000605407,0.00181108716580341,0.00640001880144233,0.00532133919348673,0.0621622602504046,0,4.53566296103023e-05,0.00193173866790793,1.03932794785462,0.00692182234972934,0.00380405824350122,0,0.00114918866703306,0.000488827472626055,0.00241050946263879,0.0169828258584687,0.00176291702455225,4.68033780492874e-05,0.0015634479846708,0.00155018615321766,0,0.000581020149198325,0,0,0,2.9625877448188e-05,0,5.99318215490155e-05,0,0,0,0,0,0,0,0,0,0,0.000134391230168473,0,0,0,0,0,0,0,0,0,0,0,0,0,0,9.95633428629884e-05,0,0,0,0.000157970989681234,0,0,0,0,0,0,0.000131917477954245
0.000855738883815412,0.649112930181663,0.00572483084946334,3.96552988250153e-05,0.00208843057253622,0.00212254330720218,0.000528258116957967,0.00147716313826183,0.0202652800905367,0.000132493669507183,0,0,2.42335980203453,0.00196123601730846,0,0.00135494219555251,0.0157580455860226,2.04896250856727,0.426364690264845,7.42089065791699e-05,0.00134801238946975,0.0228043090176377,0.00171923752085107,0.000675738514837603,0.599509184969902,0.827156773275928,0.0632549505369062,0.000217264238713217,0.0583593065364865,0.00457623064883743,0.878376918732891,0.019806445743718,0.00388882739839308,1.94301824135145,0.000122188028826437,0.0165478237425868,0.524021053825209,0.675360924027667,0.00597258949540172,0,0.0469598170866261,0.174747787325311,0.000195624866894462,0.000514633836520888,0.00133771220820454,0.000335395292044356,0,3.33385635972695e-05,0,0,0.00832184708047855,0,0,0.000230350209928579,0,0,0,0.000121576606335988,0,0.00127813624388895,0,0.0052971353740941,7.52804052767098e-05,0,4.50926241475375e-05,0,0.00100869449051396,0.000875055751238925,0,0,0.000487457315544812,0,0,0.0147192247559138,0.00325920735249702,0.0074686836702111,0,8.98852407135959e-05,2.02744274506645e-05,0.0044067641490499,0,0,0.000531556477197134,0.000175119374579417
0,0,0,0.918328600676035,5.94457560652009e-05,1.05823010142699,7.51202300981238e-05,0.000137466550421315,0.448078403410579,0.333628009370117,0,0,0,0,0.509589063384134,0.000108295704402798,0,0,0,8.77792067707689,7.17860719281829e-05,0.000283020335391865,0,1.09697587482739,0,0,0,0.0129257747879551,3.83649474391652e-05,1.85428067441952e-05,0,0,0,0,0.64089618085353,6.66839882765497e-05,0,0.000175467732738545,0.000126101311671383,0.0843477342957778,0,0,0,0,0,0.000213921527721445,0.000802797534311161,0,0,0,0,0,0,0,0,0,0,0,0,0,4.39644252304542e-05,0,0,4.62599798368652e-05,0,0,0,0,0,0,0,0,0.000845342896609256,0,0,0,0,0,0,0,0,0,0,0.00511249659587943
0,0.221769081746966,0.00100230751209761,0,0.00105352346287316,0.000600962582303959,0,0.000265331802775991,0.0216479147031435,0,2.42335980203453,0,0,0.000632466535787878,0,0.00115541329849125,0.00130620298889519,0.0844253444005118,0.0145608158530265,0,0.000223808908543762,0.020882364411658,0.000200437771641725,0.000515933092744343,4.8816033020178,0.298275692295049,0.528912741204232,0.000152352346187803,0.0110162947106766,0.00120340736291353,2.52409480064324,0.00282495297301988,0.000911033846614309,0.155600559897377,0,0.0052529717745503,0.53604627072438,0.219325800653498,0.00337189812390916,0,0.0108076053547523,0.172698582179315,4.26645222678882e-05,0.0002301772674872,0.000777653572393937,0.000134085893580947,5.23101242679621e-05,0,0,0,0.00374829038227204,0,0,0,0,0,0,0.000270068083119078,0,0.00132389121915204,0,0.00253627495324968,0,0,0,0,0.0010238654896971,0.000770113183685907,0,0,0.00065077050233648,0,0,0.0355102603297859,0.00163823956863691,0.005964188223992,0,6.04525248177746e-05,0,0.00291997247684547,0,0,3.10686582044389e-05,0.000109762565750186
2.35954923580008,0.000793781700886467,0.00434787171541329,0.000118771736307879,0.0110920055769868,0.108997955077651,0.200596118439037,2.91271127475936,0.00271604076461914,0.152734252739318,0.00196123601730846,0,0.000632466535787878,0,0,0.000150142009308824,0.00103272540559766,0.000304922954306527,0.000286479851326458,0.000940389097066595,0.00204009865017958,0.000854644615019299,0.00441399094813807,0.00468841435275694,0.000225029962493581,0.000784857487018612,0.000699301137228858,0.00521140347270411,3.76518239958253,0.0906268995363121,0.000442069832747648,0.25871564704477,0.011957280646966,0.062364650161494,0,0.00393480858526981,0.000485573817064848,0.0188952846522939,0.00500160669587689,0.000140458754067103,0.00657507542749142,0.000139899302165823,4.18835795606594e-05,0,0,0,0,0,0,6.80456739028893e-05,0,0,0,0,0,0,0,0.00263345218445688,0,0,0,4.43712949335061e-05,0,0,0.000315540157363979,0,0,0,0,0,0,0,0.00139537309307363,3.4309661874659e-05,0,0.000170260686856804,0.000386714386831682,0,0.000142227979130743,0,0,0,0,8.45332156477723e-05
0,0.000402267601021578,0,0,0.245511441469918,0.522004614074582,0,0.000169665429516678,0.475107960039386,0,0,0.509589063384134,0,0,0,0,0,0,0,0,0,0.00156474320659404,0.000169935697904851,0,0,0,0,0,0,0,0,0.00099812429694964,0,0,0.201203329149701,0.00500539192405058,0,0.000528465038355668,0.000537413122855046,1.16198480441938,0.000559482604001418,0,0,0,0.00271634121621371,0.0081602387157145,0.0188378967257268,0.000275888349018812,0,0,0,0,0,0,0,0,0,0.00125372421934732,0,0,0,0,0,0.00607773125542964,0,0,0,0,0,0,0.000569223165637567,0,0,0,0,0,0,0,0,0,0,0,0.000195622961159343,0.00853079588766642
0.000780663339712336,0.0314203517396935,0.0364376379966953,0.000114967545481147,0.000335824622538991,0.000434716642843227,0.0195891988106993,0.00117944435410829,0.146420928950896,0.000819314436358755,0.00135494219555251,0.000108295704402798,0.00115541329849125,0.000150142009308824,0,0,0.0103311992302856,0.000479169995804163,0.00402372584692012,7.76872212587933e-05,0.855198232931737,4.93428293678047,1.69857094305388,3.3199508710192,0.00681727601503764,0.00391482722670725,0.905618477716311,0.344736225755486,0.00365317680120846,0.0208807264001828,0.000625844816993628,0.00137644785440378,0.000828649917173079,0.0780938539241814,0.00293427306168576,0.451775358605557,0.131279491473434,0.191426034730267,0.366773188909056,0.0344059555668862,0.00852824748627973,0.00121955422230018,0.00654476001716236,0.000603824947274732,0.000911359513890562,0.003839948341682,0.00123183127788949,0,0,0,0.0003058364669093,0,0,0,0.000154820174567784,0,0,0.209881498622717,0,0.000254805166829934,0,0,0,0,0.00209438097478857,0,0,0.000790910152795336,0,0.000196421606000705,0.0918420997899252,0.000240335904168776,0.00730984282727858,0.00158662242554119,2.38480463119431e-05,0.00144951041824297,0.000522342330201428,0,0,7.1086352329607e-05,0,0,3.66558401576423e-05,0.00271236432761905
0.0026833327831769,1.09109906143388,0.941045467877203,0,0,7.7333357373908e-05,0.00162334400580203,0.00152863974038225,0.00141831772922247,0.000106032453862342,0.0157580455860226,0,0.00130620298889519,0.00103272540559766,0,0.0103311992302856,0,0.00963914104236522,3.21736666021038,0,0.0239079481699889,0.151342893571977,1.63391115964565,0.00183626372948634,0.00129726446888101,1.02622744220109,0.135063077407478,0.00118878876108393,0.000883060261414763,0.00453550833578193,0.00176419337024039,0.000141602425094867,0.00019745681612124,0.215979922347548,6.89033476534919e-05,0.000898698222667016,0.00133073795370555,0.0507563763652805,0.00215722030826578,0,0.000222089588724338,0.000488114420372776,0.000173854157640126,0,5.04210121466668e-05,0,0,0,0,0,0,0,0,0,0,0,0,0,0,0,0,0,0,0,0,0,0,0,0,0,0,2.26554101517248e-05,0,0.000221587841784483,0,1.42500277435533e-05,0.00012327939404759,0,0,0,0,0,0,5.93297561870198e-05
0,0.214014338285392,0.0051012028981617,0,0.000497941375702405,0.000130661861258469,2.46356740097567e-05,0.000182728718635415,0.00127233762171746,0,2.04896250856727,0,0.0844253444005118,0.000304922954306527,0,0.000479169995804163,0.00963914104236522,0,2.15853392247817,0,0.000387017693090406,0.00370391508553745,0.000404433791703113,0.000249301982529417,0.233415022156281,1.06404622467727,0.0592228568613273,4.72663446839305e-05,0.00699315933040409,0.000746651963489,0.188831579902734,0.00493595964038405,0.0017431987355029,0.0797094368265084,0,0.00298388917980354,0.0197358087608013,0.0832429536348165,0,0,0.00821158481437319,0.00352671083278038,5.32098479665349e-05,0.00183169546095569,0.00283493910644999,0.000988233963213647,0,0,0,0,0.0233872360004992,0,0,0,0,0,0,0.000276912005903532,0,0.00247828764722785,0,0.0124158127429214,0.000105080641268906,0,0,0,0.00481784895935475,0.00188405356433107,0,0,0.000284370300228328,0,0,0.0321219267028969,0.00459790355873723,0.0132470090342252,0,2.58233831945821e-05,8.99964744778409e-05,0.0102815194923967,0,0,0.000438846908806754,0
0.000495950220530818,1.59126616171934,0.106874043910863,0,0,0.000117728855475535,0.000351129271613658,0.000158624156298933,0.000970495819613245,0,0.426364690264845,0,0.0145608158530265,0.000286479851326458,0,0.00402372584692012,3.21736666021038,2.15853392247817,0,0,0.00262176065775971,0.0243144776347637,0.0284657925347631,0.000581718830857635,0.0703432509457855,1.86394519869996,0.122115667007449,0.000444122186220905,0.00184309170379724,0.00100138948495339,0.025953353463565,9.95336317486384e-05,0.000242654198103417,0.586561032616146,0,0.000202553779243225,0.0026411097402107,0.0824755922760408,0.00147127045940591,0,0.000532007266703374,0.000354087592852353,6.62427593169776e-05,0.000972013869627827,0.00192601720272337,0.000355012332631525,0,0,0.000382049853715483,0,0.012191109485655,0,0,0,0,0,0,0.000140280659177476,0,0.00138580686202894,0,0.00359010791812443,6.27938248723699e-05,0,0,0,0.00249343691380448,0.00112084501206206,0,0,0.000376706771318538,0,0,0.0142449932609909,0.0015000627112924,0.0097797177950298,0,5.66325601797952e-05,0,0.00377188736210286,0,0,0.000608450199569135,0
0,0,0.000174546608724842,13.6578770431641,0.000284172463160195,0.0419705406019513,0.00614840268534816,0.0134925252661466,0.144795591370631,2.06138000605407,7.42089065791699e-05,8.77792067707689,0,0.000940389097066595,0,7.76872212587933e-05,0,0,0,0,0.000138454000385013,0.000570268878837821,0.000231435150551543,1.32655303670944,0,0,3.18667917839459e-05,0.817419841076867,0.00201796169096438,0.000110205021106086,0,0.000532974937261354,0.000118849648147329,0.000308839467825883,0,0,0,0.000194924905482541,0.000307531384244596,0,0,0,0,0,0,0,0,0,0,0,0,0,0.0489559507794768,0,0,0,0,0,0,0,0.00226850902858298,0,0,0,0,0,0,0,0.0312444998774327,0,0,0,0.046134245743389,0,0,0,0,0,0,0,0,0,0,0
0.00690563474040326,0.0232007960304006,0.189643898603622,0.000118984649077657,8.34274569052303e-05,0.0020389878009683,0.0547547832602411,0.00401645836413607,0.0018601925861862,0.00181108716580341,0.00134801238946975,7.17860719281829e-05,0.000223808908543762,0.00204009865017958,0,0.855198232931737,0.0239079481699889,0.000387017693090406,0.00262176065775971,0.000138454000385013,0,0.037604740788741,6.10469714487755,0.17059461438816,0.000495331046462607,0.00547567888391327,0.0155101028714725,1.19902896964727,0.0952915020820711,1.82833833322612,0.000416424344922779,0.00109401492970731,0.592642403197216,0.610775574533402,0.0016353590218759,0.19056224451966,0.0281736776196084,0.197900714500839,0.232161709399973,0.0174718004845721,0.00594657014747232,9.81886905896956e-05,0.00134451698373764,0.000104225578541962,0.000271042802191144,0.000723495107646445,0.000449607795904861,0.000267571646075201,0,0,0,2.18578199017037e-05,0,0,0,0,0,0.000386033820329243,0,0,0,0,0,0,0,0,5.66688043772273e-05,0,0,0,0.000176474971959883,0.000272741787822467,0,0,0,0,0,0,0,0,0,0,0.000111035627784126,0.00144964988474625
0.00266383554646307,1.72323576806558,0.691910717178998,0.00136320235091845,0,0.00321564194035771,0.0566876485823703,0.00514646029462495,1.88369905141988,0.00640001880144233,0.0228043090176377,0.000283020335391865,0.020882364411658,0.000854644615019299,0.00156474320659404,4.93428293678047,0.151342893571977,0.00370391508553745,0.0243144776347637,0.000570268878837821,0.037604740788741,0,0.492613093210534,0.890200589332495,0.104066947422468,0.0418281121765195,1.99154003386811,0.0531869552691186,0.00415020140657309,0.00765540710804306,0.00602247271815468,0.000456424400018668,0.00128714949003773,0.665861176457896,0.060075599004618,2.10984864337135,3.3941453561968,2.67338970320955,1.59307336522179,0.424362192420621,0.12164779015852,0.0487745069142226,0.0968436738290371,0.0129456816715609,0.0144954740784898,0.0421065913139011,0.0398924841878676,0.00429090999483438,0.000765469615229717,0,0.00756356111007456,0,0,0,0,0.000117991667393947,0,0.394360640147561,4.96648201131979e-05,0.000788831800326589,0,0.000640006152643007,0.000357953318519284,0.00245672188815566,0.00546197156516968,0,0.000383489541751019,0.000323055043592748,0,0.000430364928167013,0.325396482201703,0.00333228412153262,0.0127589402384549,0.0153744228687203,0.000443071602051941,0.0352371135310459,0.00337141240050497,0.000137717731504995,0.000233756296540935,0.00052260824532197,0,0,0.00635462784039827,0.0590987178624292
0.0135041817378076,0.141225082400632,3.03030284958293,0.000196679853717533,6.15120955203552e-05,0.00335705168155954,0.0940946766048476,0.0128315079774216,0.00853231558482251,0.00532133919348673,0.00171923752085107,0,0.000200437771641725,0.00441399094813807,0.000169935697904851,1.69857094305388,1.63391115964565,0.000404433791703113,0.0284657925347631,0.000231435150551543,6.10469714487755,0.492613093210534,0,0.0585142578229284,0.000112564239982486,0.0775760366880255,1.13014786319538,0.173502537493273,0.0176919147546854,0.0748241144177982,0.000155211398472673,0.000415373356099451,0.0599471423408223,0.263525076823013,0.00452743133796827,0.0878478595015001,0.0513891103933674,0.335899487221564,0.165348298975302,0.0287684640721532,0.00715840274113876,6.22323624867166e-05,0.0034554100336217,0.000665866567122551,0.00149278699479759,0.00110403775207723,0.00137369973196749,0.000339484123910063,0,0,0.00011220715382337,0,0,0,0,0,0,0.00212874534776516,0,0,0,0,0,0.000166957658190581,0.00030065815267514,0,0,3.67473628342934e-05,0,0,0.000869799407979421,3.18818276462017e-05,0.000874903656821351,0,0,1.08408838692485e-05,0.0006713596078516,1.49719609537143e-05,0,3.28498249555745e-05,0,0,0.000431632663269685,0.00363475812341178
0.00805237745140793,0.00805138181771474,0.0126579826287836,2.7798623612028,3.54253642691946e-05,0.0184101808812645,0.621868584159099,0.0151553377512643,5.04967428829379,0.0621622602504046,0.000675738514837603,1.09697587482739,0.000515933092744343,0.00468841435275694,0,3.3199508710192,0.00183626372948634,0.000249301982529417,0.000581718830857635,1.32655303670944,0.17059461438816,0.890200589332495,0.0585142578229284,0,0.00529064084351936,0.00275368123282313,0.181097154224079,3.10804591638626,0.0127120425491457,0.0373832046653906,0.000195307173867201,0.000376481699036469,0.0106466254489149,0.0294652334430926,0.000118503520701379,0.0577974059946552,0.00345505112842263,0.0271262637938033,0.0404020178978824,0.000422990982663376,0.00115438353276504,0,0.00291242461435235,0,0.000566664637454776,0.00109917981286457,0,0,0,0.000351309763287233,4.52509863971234e-05,0.000411077721140102,0.0676756202785142,0,0,0.000155194190289075,0.000121608076265032,0.195494417906261,0,0,0,4.60352866744063e-05,0.000235383777746378,0,0.00225793904111101,0,8.07640035277832e-05,0,0,0,0.0211461188347793,0.00060776828242276,0.167602872964414,0.000122233643356937,0.000117445900571942,0.00221821660623822,0.0180793866100283,0.00049836045303677,0.0043138215449683,0,0,0.000740366392598845,0.0017597637608791,8.75340518162462e-05
6.67493694430136e-05,0.833954444407853,0.0010262349175671,0,0.000561784789752589,0.000201191986947036,6.34486543554845e-05,0.000440247347682911,0.0281822411327835,0,0.599509184969902,0,4.8816033020178,0.000225029962493581,0,0.00681727601503764,0.00129726446888101,0.233415022156281,0.0703432509457855,0,0.000495331046462607,0.104066947422468,0.000112564239982486,0.00529064084351936,0,0.133842952689136,1.33693339528714,5.49795933539017e-05,0.00863634477974597,0.000816542850657844,0.304539331841482,0.00448468308741575,0.000512377297248734,0.0930334590369929,5.59368715109155e-05,0.00661842836358047,0.316652203368278,0.244310941049225,0.00409992289744142,0,0.0116033359484425,0.072663038654452,0.00240554372600685,0.162797782061168,0.0408426287515757,0.00622409947857351,0,0,0.00912004159059987,0,0.141800455526209,0.000290953306159809,0,0,3.91949327702699e-05,7.50371237704453e-05,0.000367906224560427,0.00445176449716808,0,0.100077943766432,0,0.141985404086913,0.000471120666902035,0,0,0.000707530952566142,0.0330445034251452,0.0193330761931522,0,0,0.0134441244756203,8.186166646101e-05,0,0.905762875017784,0.045031153197162,0.142409383914426,0,0.000401133294079814,0,0.116720965282576,0.000432171559587406,0.000113814635116984,0.0135649899779713,1.20669263181714e-05
0.00026244604469715,1.17203310851224,1.32731075160522,0,0.000279387185999692,0.000347958163158579,0.00127683395642578,0.000829342701709719,0.00318813381658753,4.53566296103023e-05,0.827156773275928,0,0.298275692295049,0.000784857487018612,0,0.00391482722670725,1.02622744220109,1.06404622467727,1.86394519869996,0,0.00547567888391327,0.0418281121765195,0.0775760366880255,0.00275368123282313,0.133842952689136,0,2.02683876915497,0.000872932900683155,0.00885291319688503,0.00228487681963546,0.519453550847886,0.00254335128774717,0.000414445402210529,0.112504130916683,1.97748936622781e-05,0.00382591775073851,0.0401997499320606,0.140771755327052,0.00189075729162475,0.000204936640887181,0.00447118640463132,0.00500729457945668,9.31328994991727e-05,7.58009423264434e-05,0.00141244821719922,0.000257281710761558,0,5.03096762053713e-05,0,0,0.00769241331209118,0,0,0,0,0,0,1.97604803427856e-05,0,0.00127401793066338,0,0.00368550240463337,4.27777919913145e-05,0,0,0,0.0011816892613841,0.00110334369252904,0,0,0.00024619766576066,1.49931147100935e-05,0,0.00993424768343137,0.00251246164332618,0.0096375674387574,0,0,0,0.0026949444109238,0,0,0.000264807123086402,0.000177638770543367
0.000800464194681774,1.15840333499008,1.75575795458609,5.78194722001811e-05,5.4727899670141e-05,0.000966953970839597,0.0196408175047128,0.00147548913060377,0.0565945537351544,0.00193173866790793,0.0632549505369062,0,0.528912741204232,0.000699301137228858,0,0.905618477716311,0.135063077407478,0.0592228568613273,0.122115667007449,3.18667917839459e-05,0.0155101028714725,1.99154003386811,1.13014786319538,0.181097154224079,1.33693339528714,2.02683876915497,0,0.0316312490804739,0.00374288704283745,0.0028986065858909,0.311168886385424,0.000650374065522944,0.000404851048407846,0.147393829716234,0.00142267209796499,0.0131541561968417,0.0265630930469418,0.232338644492732,0.0303727501749747,0.00636819252605234,0.00365906510817838,0.00112468215878032,0.00145243591382194,0.000508751618943482,0.00252782520981344,0.000551433709341168,0.000417945810756113,5.39728629924128e-05,9.51421684733606e-05,1.26699865980193e-05,0.0155043947277407,0,0,0,0,0,7.94269192462265e-05,0.00987832904305332,0,0.00350660805782455,0,0.00503242209205194,1.6338167843433e-05,0,0.000329150947760952,2.48051397008044e-05,0.00272247353585767,0.00365093952594339,0,0,0.0831348873359185,0.000122683106792137,0.000463192675013559,0.0631136356506515,0.00322839502897226,0.142585661165835,0.000186778598769134,9.01367786633987e-05,1.8125668126438e-05,0.00263903307509613,0,0,0.000811753282100137,0.00175065537129229
0.0141551745957582,0.00276737390335123,0.0201174138412141,2.59175330840582,0.000312826245055317,0.0421950296978379,3.56193747419137,0.0232767194705619,0.0884615422296786,1.03932794785462,0.000217264238713217,0.0129257747879551,0.000152352346187803,0.00521140347270411,0,0.344736225755486,0.00118878876108393,4.72663446839305e-05,0.000444122186220905,0.817419841076867,1.19902896964727,0.0531869552691186,0.173502537493273,3.10804591638626,5.49795933539017e-05,0.000872932900683155,0.0316312490804739,0,0.0107063939528775,0.882777368511672,4.24600417591849e-05,0.000445681789146833,0.00794130620377364,0.0238110654384558,0.000189358358478766,0.0252453961018213,0.00239594403254751,0.0207965213985441,0.0200514840861524,0.000467929060012928,0.000918375804801093,0,0.000181417174506633,0,5.55448724320028e-05,8.48712693009084e-05,0,0,0,0,8.2707173226876e-05,0.000106679126013629,0.0195045607596822,0,0,0,7.89124194285028e-05,0.019297505644809,0,0,0,0,8.18958227987476e-05,0,0.000244592474284919,0,0,0,0,0,4.0035654322815e-05,0.000217253634485765,0.013885666217039,0,0,0.000102088102287512,0.00412356362380874,0.000157666289702861,0.000804437208606425,0,0,0.000405413623282447,0.000177950927132618,0.000160830714909935
0.813262281261412,0.00888691489362499,0.00309414844383791,0.000978788273308621,0.0673213672599152,0.184314922752066,0.0718195018351638,0.592599037270505,0.011565588954886,0.00692182234972934,0.0583593065364865,3.83649474391652e-05,0.0110162947106766,3.76518239958253,0,0.00365317680120846,0.000883060261414763,0.00699315933040409,0.00184309170379724,0.00201796169096438,0.0952915020820711,0.00415020140657309,0.0176919147546854,0.0127120425491457,0.00863634477974597,0.00885291319688503,0.00374288704283745,0.0107063939528775,0,1.53405217428705,0.00621778160322387,0.873793286614713,2.43314120287727,1.2014896373273,3.03460444769569e-05,0.0279112129484845,0.0036259222736056,0.288090556554256,0.0109914177261948,0.000403506553561694,0.190785716956501,0.00231779352129018,0.000102935255335582,0,0.000324458204309704,0,0,0,0,0,0.000385917687811029,0,0,0,0,0,0,0.00698757551216007,0,0.000164996393143966,0,0.000173100272863235,0,0,0,0,1.83170814600894e-05,0.000101851147652691,0,0,0.000723679975843969,0,0.00352003519610578,0.000911571664849116,0.000214400358976032,0.000685085076567883,0.00164710937420673,2.9528682188704e-05,3.05494661292341e-05,0.000105591117779963,0,0,0.000150572327625075,0
0.211069286711974,0.00490532003555809,0.0232654301894108,0.000227973729947764,0.000145374162648744,0.00451356497930825,0.744309951265342,0.0484736622128406,0.0287715840141518,0.00380405824350122,0.00457623064883743,1.85428067441952e-05,0.00120340736291353,0.0906268995363121,0,0.0208807264001828,0.00453550833578193,0.000746651963489,0.00100138948495339,0.000110205021106086,1.82833833322612,0.00765540710804306,0.0748241144177982,0.0373832046653906,0.000816542850657844,0.00228487681963546,0.0028986065858909,0.882777368511672,1.53405217428705,0,0.000705050509819116,0.00204203563487745,0.603612590240129,0.348727797402685,0.000310141736214288,0.0562663309384341,0.00543001977146395,0.0873371672042279,0.0841681803096339,0.00201238889085109,0.00491024113607778,4.66144458500465e-05,0.000155643562516655,0,2.04489443388668e-05,0,0,0,0,0,2.4974388040253e-05,0,0,0,0,0.000217028807252405,0,0.0219450472812667,0,1.80433569751985e-05,0,9.79670130275014e-05,0,0,0.000432942306972134,0,0.000108735459093956,0,0,0,0.00103836931074397,0,0.00717428928298853,0.000124281980499645,4.32778904108257e-05,4.54566852559496e-05,0.00251269844959791,0,0.000569844209958958,3.04397759323021e-05,0,0,0.000208842071845766,0.00015919093024929
0.000395783948577915,0.159536570333004,0.00247870690662039,0,0.000284205144556945,0.000355400234118642,6.38167006331337e-05,0.000276990066615173,0.00802352151678339,0,0.878376918732891,0,2.52409480064324,0.000442069832747648,0,0.000625844816993628,0.00176419337024039,0.188831579902734,0.025953353463565,0,0.000416424344922779,0.00602247271815468,0.000155211398472673,0.000195307173867201,0.304539331841482,0.519453550847886,0.311168886385424,4.24600417591849e-05,0.00621778160322387,0.000705050509819116,0,0.00474163186955387,0.00115097002133767,0.0669640659833041,4.06835445197255e-05,0.00578174697780015,0.160905247875248,0.177854700686577,0.00367056477516066,0,0.0126725509034554,0.0337625461065299,8.32445905223191e-05,0.000125978131776883,0.00100640887171745,0.000313100534634091,0,0,0,0,0.00309667417616536,0,0,0,0,0,0,0.00010807245391189,0,0.000607414639345105,0,0.00239606986711925,0,0,0,0,0.000362892174201153,0,0,0,9.11881978755994e-05,0,0,0.0121631078963441,0.000841884273515792,0.00174916730422572,0,0,0,0.00568738453767467,0,0,9.06847246403067e-05,2.05904526058092e-05
0.00233925204253518,0.00200777929637949,8.18961051514411e-05,0,5.01768732271213,0.331249023858196,0.000539387663933838,0.404231421950221,0.000453079210882296,0.00114918866703306,0.019806445743718,0,0.00282495297301988,0.25871564704477,0.00099812429694964,0.00137644785440378,0.000141602425094867,0.00493595964038405,9.95336317486384e-05,0.000532974937261354,0.00109401492970731,0.000456424400018668,0.000415373356099451,0.000376481699036469,0.00448468308741575,0.00254335128774717,0.000650374065522944,0.000445681789146833,0.873793286614713,0.00204203563487745,0.00474163186955387,0,0.00562853863783245,0.359719586574732,0,0.00330861012675916,0.00164784308231103,0.0834562880436377,0.000243298421266948,0,0.961805316954589,0.00105785379833044,0,0,0,0,0,0,0,0,0.000186846331075171,0,0,0,0,0,0,0.000496081139039534,0,0,0,0.000157809475490843,0,0,0,0,0,0,0,0,0.000195974514859204,0,0.000203767871541026,0.000888738315890496,2.09020481468959e-05,0.00010983805585233,0,0,0,0.000532885902466062,0,0,0.000183443915472873,0
0.0343407551511599,0.00173658444323701,0.000657810418799979,0,0.00034763302997054,0.000573580796447513,0.00302819292167226,0.00246435320149547,0.0141118182786509,0.000488827472626055,0.00388882739839308,0,0.000911033846614309,0.011957280646966,0,0.000828649917173079,0.00019745681612124,0.0017431987355029,0.000242654198103417,0.000118849648147329,0.592642403197216,0.00128714949003773,0.0599471423408223,0.0106466254489149,0.000512377297248734,0.000414445402210529,0.000404851048407846,0.00794130620377364,2.43314120287727,0.603612590240129,0.00115097002133767,0.00562853863783245,0,0.424443270861654,0,0.00149093761692703,0.00052635326748519,0.0771167322655017,0.0123270906839846,0.00030423563441055,0.00414581377056308,0.000530031877720924,0,0,5.32286023721545e-05,0,0,0,0,0,0,0,0,0,0,0,0,0.0213798801620807,0,0,0,0,0,0,0,0,0,0,0,0,0,0,0.00628568200782206,8.90695720047185e-05,0.000176358706138732,0.000103042181659532,0.00220767815342174,7.4155194825112e-05,0,0,0,0,0,0
0.0192647709743007,1.33116675733407,0.144082143496305,0.000264072574731949,0.054006028655307,0.0211956349374005,0.0180409114322355,0.0400668670912897,0.0394239383632419,0.00241050946263879,1.94301824135145,0,0.155600559897377,0.062364650161494,0,0.0780938539241814,0.215979922347548,0.0797094368265084,0.586561032616146,0.000308839467825883,0.610775574533402,0.665861176457896,0.263525076823013,0.0294652334430926,0.0930334590369929,0.112504130916683,0.147393829716234,0.0238110654384558,1.2014896373273,0.348727797402685,0.0669640659833041,0.359719586574732,0.424443270861654,0,0.000873933747746392,0.184872544608046,0.296728625038169,4.91279064041011,0.238721294810628,0.0059817427422329,1.77624182154464,0.294071922914226,0.00143853643094064,0.000902968695191925,0.00157486852348158,0.00156502142309258,0.00122793888228333,0.000207750462406924,0.000361516437296204,0,0.00483873531638598,0.000173376535170937,0,0,0,0,0,0.0124276357371905,0,0.000976321248016882,0,0.00267489098459083,0,0,0,0,0.000517656080275218,0.000555480571093994,0,0,0.00114760747764583,4.97676241916411e-05,0.00527892171156672,0.0072633630352251,0.00209478458732888,0.00439827431729835,0.0025246033186447,0,0.000472405358256765,0.00281741721064532,0,0,0.000194893763212265,0.00106401326223606
5.48129230635158e-05,0.00845938879751914,0.000185779675241744,0,0,0.654974019902565,0.000137618387731573,5.12706503640887e-05,0.0120452616593319,0.0169828258584687,0.000122188028826437,0.64089618085353,0,0,0.201203329149701,0.00293427306168576,6.89033476534919e-05,0,0,0,0.0016353590218759,0.060075599004618,0.00452743133796827,0.000118503520701379,5.59368715109155e-05,1.97748936622781e-05,0.00142267209796499,0.000189358358478766,3.03460444769569e-05,0.000310141736214288,4.06835445197255e-05,0,0,0.000873933747746392,0,0.0635431549452635,0.0105700651716133,0.0196304859209776,0.00572796820243838,0.0201719176978916,0.000257713935244125,0,0.0156197852695808,0.00165057686280727,0.0269983008878336,0.0185129697119945,0.0718053625011606,0.0047059751168854,0,5.12562692705394e-05,0.00850245817867255,7.64477268069905e-05,0,0,0.00387299002368477,6.53426492260017e-05,0,0.000304232747000754,4.67438449893002e-05,2.89374528792754e-05,0.00250024386009127,1.71013044145305e-05,2.56196069356516e-05,0.00987668365604743,0.00391034514033776,0,6.77135689389143e-06,0,0,0.000595759548849791,0.0136314745153857,0.00400358912293865,4.37922047047867e-05,8.32470530017965e-05,6.37025126505547e-05,0.00228736371408515,0.000382602763090908,5.70520469150393e-06,4.03779239191637e-05,1.32993771088632e-05,0,0,0.00177041769764294,1.71677832430597
0.00255945080510063,0.38763795208435,0.00550406836420575,0.00021192674572882,0.00165543774627304,0.00153885522186932,0.0189143096926857,0.00375955185392331,0.106755394669873,0.00176291702455225,0.0165478237425868,6.66839882765497e-05,0.0052529717745503,0.00393480858526981,0.00500539192405058,0.451775358605557,0.000898698222667016,0.00298388917980354,0.000202553779243225,0,0.19056224451966,2.10984864337135,0.0878478595015001,0.0577974059946552,0.00661842836358047,0.00382591775073851,0.0131541561968417,0.0252453961018213,0.0279112129484845,0.0562663309384341,0.00578174697780015,0.00330861012675916,0.00149093761692703,0.184872544608046,0.0635431549452635,0,1.50350038065998,0.598563513286267,1.28989381938564,0.853658653446528,0.0229817372833761,0.0311836450382175,0.292064143908344,0.191632578644456,0.0825030316135153,0.0885424206409871,0.00720557987724664,0.000523735815443572,0.00357682761307887,0,0.0677241123136554,0.000182070239153117,0,0,4.2605973234573e-05,5.53644521420521e-05,5.98089033754029e-05,0.0357731927317642,0,0.000594630619028613,0,0.000587640965495134,0,0.00048151204052509,0.0206483233182282,4.33037619185007e-05,4.78379463724268e-05,4.6599797066736e-05,0,0.00287649214092729,0.074943269282278,0.0138910158726699,0.00336183209188773,0.00059343731251457,0.000393400960902144,0.00747243855253653,0.00190346021384849,0.000103955295572803,0,0.000568115948914573,0,0,0.0236731789830706,0.0290636982004664
