0,0.000652564279974721,0.0167425786190853,0,0,0.00479387343991609,1.19007157526333,0.109140765339141,0.00923872587512857,0.00327306440387589,0.000782720520970522,0,0.00021447896858216,2.66312772520872,0,0.000186105478633382,0.0225002621575612,0.000362032674203906,0.00107328758182916,0.00115818018319157,0.00846249342990878,0.00287406778961628,0.015735040348097,0.00845368222031952,0.000234552276884565,0.00154660416524916,0.00154732623763442,0.00871474273774887,0.557883798687556,0.173359615925623,0.000157987993973541,0.00207833096390391,0.0249940629997768,0.0625288482209308,0.000103763470627458,0.0142093277274361,0.0029637405789773,0.026985547275257,0.0108696898332515,0.000205903021360219,0.00373508002597817,0,0.00068876896967939,0.000190041434591431,0,0.000242147720702723,0,0,0,0,0,0,0,0,0,0.000493927520933688,0,0.00551032915328645,0,0,0,0,0.000314927329807485,0,0,0,0,0,0,0,0.000328676518987908,0,0.000966718546094814,0,0,6.90374115860037e-05,0.00111573789859963,0.000434630420974758,0.000872801229609657,0,0,0.00122590226117106,0,2.95318325339426e-05
0.000652564279974721,0,0.0283794612965028,0,0,4.58502673385537e-05,0.00108661416522767,0.000123173934757342,0.174785000629982,0,0.0134052011665285,0,0.047910042325044,0.000209138168920824,0,0.0945879954029776,0.0237187129490802,0.00343846029710392,0.014244520001183,0,0.00261868972773181,1.77216837749754,0.00357215593593297,0.0963454294753909,2.33969364996965,0.0332341797066537,2.02504654029796,0.00969653820172205,0.00110636201307619,0.00545634428653326,0.00857419494832493,0,0.00248534566159031,0.0148854324066216,0.000263441856800173,0.00635814005195983,0.0763257234483175,0.0508455534309007,0.00592268130230877,0.000287511177865687,0,0.00122734103749058,0.000464743952784578,0.0164303668110594,0.0059642068409331,0.00164802646388917,0,0,0,0,0.336060440195508,0.00373044810292097,0,0,0,0.00043713247665705,0,0.0126778889048575,0,0.000762109522823573,0,0.00547412823399432,0,0,0.00543174147071055,0.00656936012766277,0.000388171535518362,0.0120385618031493,0,4.41487411299143e-05,0.263928330824215,0.000857802194093187,0.00145593013960408,0.185128821283114,0.02214200506027,0.112396809810711,0.0006684123984428,0.000182125351901215,0.00026267159046126,0.000479186311263397,0,0,0.00527670751600629,8.26684222164014e-05
0.0167425786190853,0.0283794612965028,0,9.70349513291827e-05,0,0.000195897589717244,0.0359358672675152,0.00363255266279756,0.00788448510371907,0.000325393230572242,0.000714115703211119,0,0.000271850513564426,0.0100765079170295,0,0.0136145437686294,1.74934784090729,0.000961750657267927,0.0325013731212758,0,0.161536222893939,0.0243791917596348,2.13626490713096,0.015394058711428,0.000918420014488913,1.48141177364872,1.77699913067093,0.0388994631958007,0.00577648758273194,0.0241158544587088,0,0,0.00061655880036684,0.0602803153929072,0.000202920299422688,0.00948197714290162,0.493633845586735,0.264366003038519,0.0152680841735986,0.000242303839998431,0.000229620534754027,0,0.000117581293469254,0.00058194861809845,0.000364758951002346,0.00053157671279688,0,0,0,0,0.00606705858675846,0.000163674918611129,0,0,0,0.000277697863999382,0,0.000473581605371082,0,0,0,0,2.7248030694638e-05,0,0.000732878904070146,0.000142184778401437,0,0,0,0,0.00804506950651453,0.000141223157335357,0.000269359194369693,0.000299793227156508,8.63396290439536e-05,0.00330352942297137,0.000536424724202291,0.000144060864915778,0.000335591634631683,0,0,0,5.66498171459162e-05,5.7553973647286e-05
0,0,9.70349513291827e-05,0,0,0.00258928320108526,0.0422312361004065,5.94298379184696e-05,0.00427533170165012,1.133694292282,0,1.00724164980345,0,0.000171369136873146,0,0,0,0,0,8.34349963636496,0,7.73236256614617e-05,0,3.8151848362677,0,0,2.58928366231813e-05,2.32584858792968,0.000378325022399465,0.000174995923348485,0,0,0.00030165696195796,6.23562780461386e-05,0,0,0.000234865012698995,0.000427506290729906,0,0,0,0,0,0,0,0,0,0,0,0,0,0,0.498020124808384,0,0,0.000115954637882133,0,0.000494233402284668,0.00190241208501507,0,0.000430678717041309,0,0,0,0,0,0,0,0.0494854420946252,0,0,0,0.00110935537699153,0,0,0,0.00185648830098449,0,0,0,0,0,0,0
0,0,0,0,0,1.54469778489279,4.08145904431476e-05,0.0164856514921188,0,0,0.000690125680189673,0,0,7.01185921784804e-05,0.0381698060817098,0,0,0.00104449620295878,0,0,0,0,0,0,0.000354974620198631,8.35975631215888e-05,0,0,0.0413754629664302,0,0,1.73998695220364,0,0.111570032524993,0,0,0,0.00720759035475539,0,0.0420421115022681,1.18652480958856,0,0,0,0,0,0,0,0,0,0,0,0,0,0,0,0,0,0,0,0,0,0,0,0,0,0,0,0,0,0,0,0,0,0,0,0,0,0,0,0,0,0,0
0.00479387343991609,4.58502673385537e-05,0.000195897589717244,0.00258928320108526,1.54469778489279,0,0.142982670945128,1.78120528610248,0.000250428564172348,1.03648453236693,0.0043051670642849,1.40082905638027,0.000281592458295219,0.0937101033301249,1.2602361755819,0,7.22912469768924e-05,0.000519037261113159,0.000619862875306601,0.0887471991314533,0.000369644855715023,3.80880458554708e-05,0.000732455975462107,0.00304126634813472,0.000339195804117312,0.000629390594322906,0.000248977603804565,0.0389246145700677,0.200574348481273,0.00156854490031857,0.000117322728412636,1.24868679167053,0.0013027335816807,0.145146538144419,0.197661358975891,0.000996788443484206,0.00098567859172859,0.0696735224863115,0.00287456380575469,0.356510508510969,0.516569995599264,8.97115802842617e-05,0,0,0,0.00036721531619638,0,0,0,0,0,0,0,0,0,0,0,7.3539629888048e-05,0,0,0,0,0,0,0,0,0,0,0,0,0,0,8.5207173497965e-05,0,0,0,2.0248422129541e-05,8.01286648334726e-05,8.96961648557586e-05,0,0,0,0,9.0893247003843e-06
1.19007157526333,0.00108661416522767,0.0359358672675152,0.0422312361004065,4.08145904431476e-05,0.142982670945128,0,0.182933165892003,0.051655225103531,2.08661401022655,0.00103477554037632,0.000732042302794323,0.000192151857655356,1.09885040116342,0,0.00369227428477067,0.0296009059905308,2.93596720789731e-05,0.000797518653453907,0.0236059465834045,0.0590965981639849,0.00859398429959502,0.0641549287515096,0.320804899792318,0.000366921499575719,0.00221395797378934,0.0055948940341657,4.21434778981532,0.121800573445524,1.84913321174822,5.41835577936318e-05,0.00180564646731221,0.0289511698638512,0.0945362737159645,0.00076413102986618,0.0314247776059646,0.0119120942658924,0.0729289808673041,0.0332409203563295,0.000629305908745477,0.00403417164243708,0.000177229005948248,0.000344856042796499,0.000300133895601426,0.000280521288410794,0.000143724245996901,7.95267021989525e-05,0.000212579798797571,0,0.000208453332565945,5.44198702415221e-05,0,7.63318458027601e-05,0,9.12595425882137e-05,0.0048806711625961,0.000130004019914556,0.0116622904988818,0,0,0,0,0.0016528612311527,0,0.000113138627146833,0,0,0,0,0.000227567704176371,0.00133883388528361,0.000328067509902955,0.00684757675845017,0,0,1.42109891907434e-05,0.00475482454263604,0.00235419186693453,0.00324605747048557,0,0,0.00027353143276094,7.17720193718109e-05,0.000594046456987755
0.109140765339141,0.000123173934757342,0.00363255266279756,5.94298379184696e-05,0.0164856514921188,1.78120528610248,0.182933165892003,0,0.00149794025242645,0.644525589159572,0.00389674698771021,0.0324888243024394,0.00024993370651948,2.26276890967123,0.0135369787367766,5.99809251447085e-05,0.00543336331064116,0.000351419398809586,0.000547138307286992,0.00518805055388261,0.00294751628086626,0.000490382369022266,0.00480418985134432,0.00236286706429209,0.000161705657047542,0.000872170138753011,0.00103255510184901,0.00700622137558575,0.196717749810346,0.0297024002281705,0.000252440757552235,0.470104062769015,0.00245524972521189,0.108655186911137,7.3743085402645e-05,0.0039366785598396,0.00155606388835392,0.0340101873363594,0.00326324142483415,0.00961946689239631,0.0193407342926569,0.000103535184332927,8.85104765541047e-05,0,0,0,0,0,0,0,0,0,0,0,0,0.000140757473091093,0,0.000647194998105519,0,0,0,0,0.000111081595450703,0,0,0,0,0,0,1.93873275931079e-05,0,0,0.000279981537394176,0,0,0,0.000401340874884101,4.99556295755024e-05,0.000165632837237747,0,0,0.000226601785973475,8.90830941601105e-05,4.78321202387374e-05
0.00923872587512857,0.174785000629982,0.00788448510371907,0.00427533170165012,0,0.000250428564172348,0.051655225103531,0.00149794025242645,0,0.00131179972143762,0.00316854752844481,1.79678386990142,0.0106292110394886,0.00621337571073404,0.018419166136927,0.00889106569612162,0.0035545374425203,0.00011145092988585,0.000726496174208491,0.147796738868426,0.0069807468577387,1.88771520262404,0.00409125572356482,5.2695874527506,0.0970179193031374,0.0034834147937875,0.0524322254840904,0.203139900953097,0.0215211582372929,0.0789066362309094,0.00231465575834201,0,0.0353822855115367,0.0265873773038404,0.00168943767326998,0.0815327680303132,0.0219035456528074,0.0377727631270403,0.0450298663074046,1.21352524600392,0.00122179404806792,0.00012232001034574,0.00276510250266687,0.000792723676102159,0.00428759294553998,0.0021054765422615,0.00951443825004919,0.000299207772984774,0,0.0258433380611321,0.0108540501282211,0.000586421009405922,0.00282428912473567,0,0,0.0723217727176339,0.00330325368447464,1.15697163106202,0.00228925572690168,0.000113956864232949,0.00552175719040454,0.00018729631882511,0.0118672237188467,0.000318400184629003,0.0227283646661008,0.000563744772584789,0,0,0,0.0103134118445374,0.134989348678932,0.00137475974247908,0.144524257689897,0.00187863879374285,0.000203705907371227,0.00384336033763786,0.101303487177367,0.0169378535924398,0.0446501993154827,0,7.30573639444714e-05,0.0043783940769555,0.00361866874177232,0.000658013579776795
0.00327306440387589,0,0.000325393230572242,1.133694292282,0,1.03648453236693,2.08661401022655,0.644525589159572,0.00131179972143762,0,0.000390259312122636,0.484083847291497,0,0.0488605194675985,0.000380809950513854,2.93290681395756e-05,0,0.000234364118982699,0,1.70300176060031,0.000400629541291455,5.17237974830605e-05,0.000264411813265177,0.013187522177938,0,8.33863934538489e-05,6.60102820241133e-05,1.59382711868085,0.0162759912456856,0.00126907146861827,0,0.000167754472950617,0.000758487003915506,0.0189492291090534,0.00386990585217713,0.00126193460195007,0.000281584621388642,0.00642834932494163,0.00215359891082972,0.000135434485868648,0.000774585057094194,0,0,0,0,0,0,0,0,0,0,0,0,0,0,0.000238375894527792,0,0.000654513570702033,0,0,0,0,0,0,0,0,0,0,0,0,0,0,0,0,0,0,0,0,8.94296900669793e-05,0,0,0,0,3.97121272558418e-05
0.000782720520970522,0.0134052011665285,0.000714115703211119,0,0.000690125680189673,0.0043051670642849,0.00103477554037632,0.00389674698771021,0.00316854752844481,0.000390259312122636,0,8.77552966812092e-05,1.7518463175559,0.00489603479569287,0,0.000362876689535383,0.00243018746168398,1.82625618300274,0.843481801904598,0,0.000163782116277088,0.0086013399273808,0.000282853021481091,0.00116286965757358,1.47014364018309,0.519818460405042,0.0769148935022858,0.000545917464996829,0.0183293491788334,0.000395614518462554,0.196889297017314,0.00486396056737566,0.00166641800831001,1.32732709164584,0.000283801014241041,0.0198668308357068,0.5597837876753,0.799946796795216,0.0306389585627491,0,0.00640874888479647,0.132263839275854,0.000168014224243352,0.00611316836170179,0.0012174644082274,0.000249953063154127,0,0,0,0,0.00149437064308284,0,0,0,0,4.80021603582856e-05,0,8.76678811587931e-05,0,0.0146511371573886,0,0.00979783909405493,0,0,0,0,0.00583395397042373,0.00299914724721272,0,0.000163546271851586,0.00105820853072762,0,0,0.0197026895504064,0.0167185371762004,0.0175082121964842,0,0,4.04714722785943e-05,0.00285839578449226,0,0,0.000948208594763122,8.53342812081446e-05
0,0,0,1.00724164980345,0,1.40082905638027,0.000732042302794323,0.0324888243024394,1.79678386990142,0.484083847291497,8.77552966812092e-05,0,0,0.000257673966571395,0.156896121421652,0,0,0,0,9.60481057980448,0,0,0,1.19411356067639,0,0,0,0.00230495184268772,0.000424767324138735,0,0,0,0,0.000951942084432516,0.388672361258148,0.00332434384330115,0,0,0,0.26893094212252,0,0,0,6.05834068962453e-05,0,0,0.000606699230424669,0,0,6.35955345970472e-05,0,0,0.000150928117701877,0,0,0.000377508724995119,0,0.00755115957689597,0,0,0.00775240295013787,0,0.000278781762423188,0,0,0,0,0,0,0,0,0,0.00227703965940743,0,0,0,0.000551968408902073,0.000592767673848565,0,0,0,5.78343701218629e-05,0,0.00317627643004848
0.00021447896858216,0.047910042325044,0.000271850513564426,0,0,0.000281592458295219,0.000192151857655356,0.00024993370651948,0.0106292110394886,0,1.7518463175559,0,0,8.80046788494671e-05,0,0.000955672255958201,0,0.0123926737563657,0.005478925303293,0,0.000343941502585045,0.0244921106024287,0.000395036122352328,0.00340424162620021,3.78047146215802,0.120189213952554,0.483032159408427,0.000853497146561361,0.000850724584096752,0.000418367118932808,2.13520219683757,0.000310880533275593,0.000121105968640456,0.0240627757068847,0.000542523136017409,0.304769244340008,0.408340047048532,0.177437436544316,0.253440823071714,0,0.000360791374478565,1.02941871656517,0.0306768053920208,0.0300155344275442,0.0017427145280918,0.00495100215980044,0,0,0.0559307576821089,0,0.00148974695456469,0,0,0,0,0,0,0.00110421071011872,0,0.00573903295099226,0,0.0561648903317442,2.96466489852034e-05,0,0.000207239817811582,0,0.00432667183160099,0.00413189896147469,0,0,0.00414543493772177,0,0,0.0168330638382744,0.0113001836551456,0.0128643886727551,4.68111790797067e-05,0,0,0.00157087884233946,0,0,0.000342456350837439,0.000163318362652243
2.66312772520872,0.000209138168920824,0.0100765079170295,0.000171369136873146,7.01185921784804e-05,0.0937101033301249,1.09885040116342,2.26276890967123,0.00621337571073404,0.0488605194675985,0.00489603479569287,0.000257673966571395,8.80046788494671e-05,0,0,6.92794876404959e-05,0.013735363828468,0.000965230877246375,0.00177669127237543,0.00452558746708164,0.00858367971827113,0.00108664514068996,0.0160572069920873,0.00714717345146046,0.000214264378448196,0.00190233980445073,0.00157388122215908,0.0115087585011868,3.46556912504862,0.107822650593225,8.16422897383714e-05,0.0815719850671965,0.0120462501318334,0.16941612088407,0.000260611099039434,0.00953027656248616,0.00423143833186938,0.0597947910236417,0.00553755064279206,0.00160293769894654,0.0176073524457263,6.37956866953054e-05,3.08896340782028e-05,5.02987396855869e-05,0.00010856704169242,0,0,0,0,0.000252407238479415,8.64858195026644e-05,0,0,0,0,0.000609343624721454,0,0.00266305249082831,0,0,0,0,0.000158838132862497,0,8.46845473130293e-05,0,0,0,0,4.06193534573276e-05,2.3022760467349e-05,0,0.00071483031883207,0,2.17851881511959e-05,8.54065659928289e-05,0.000934407857879735,0.000128228802596918,0.000160118498861246,0,0,0.000238446655015697,0,4.69609825931494e-05
0,0,0,0,0.0381698060817098,1.2602361755819,0,0.0135369787367766,0.018419166136927,0.000380809950513854,0,0.156896121421652,0,0,0,0.000523189409625795,0,0,0,0,0.000438824560867076,0.0010656570233212,0.000600940643391071,0.000123843639002989,0,0,0.00017878948743268,0.000294407363608149,0.000480368334732726,0,0,0.00940828958421594,0,0.00129895733050606,0.0927116656515011,0.0026078645561383,0.00612735863276763,0.00532867917467319,0.0084955133188029,0.260189403815975,0.0316384587301239,0,0.00179400970056827,0.0118134076239819,0.0105640454262309,0.00828272260727575,0,0,0,0.000641232834820323,0,0,0,0,0,0,0,0,0,0,0,0,0,0,0.000583576309193881,0,0,0,0,0.000383466758371597,0,0.000893514120064124,0,0,0,0.000225656973712669,0,0,5.47128440297998e-05,0,0,0,0,0.0173542216036559
0.000186105478633382,0.0945879954029776,0.0136145437686294,0,0,0,0.00369227428477067,5.99809251447085e-05,0.00889106569612162,2.93290681395756e-05,0.000362876689535383,0,0.000955672255958201,6.92794876404959e-05,0.000523189409625795,0,0.00658261589552556,0,0.000107764899337504,0,0.69774390365722,4.74232306150023,2.1019361538597,1.5387371933238,0.0112636632182274,0.0018160942529096,0.820655376102526,0.317572671457401,0.000478686462612925,0.0240098432894987,0.000592195473241497,0,0.000315330340734325,0.0242013075330921,0.00284704610136798,0.0800934545276149,0.0641625445162871,0.153410206405821,0.0648011475150915,0.00576063869220806,0.000812654945113317,0.000166376776679114,0.00279783049246024,0.00147633869095898,0.00116261884511222,0.00236864819212607,0,0,0.000680643563290915,0,0.0033620163048462,3.3985631207238e-05,0,0,0,0.00021970936900588,0,0.00131544047781937,0,0,0,0,0.000108639813847374,0,0.0300244275635651,0.000142202468749408,0,0,0,0.000186867035967285,0.182386191175261,0.000592549608600099,0.00223633637383476,0.000116713816095584,4.81716026714039e-05,0.00481087866342939,0.000647280791149457,0,2.96506379413302e-05,0,0,0,9.41468232558383e-05,0.0017593548510519
0.0225002621575612,0.0237187129490802,1.74934784090729,0,0,7.22912469768924e-05,0.0296009059905308,0.00543336331064116,0.0035545374425203,0,0.00243018746168398,0,0,0.013735363828468,0,0.00658261589552556,0,0.00878102694487942,1.98446781308198,0,0.072153461690633,0.0138763090642813,1.6006201009239,0.00648674795319231,0.00032530525112468,1.39061159455905,0.136077268103609,0.0147705542477747,0.00760253918685891,0.0466527409085167,0.000217356057904136,5.96639838835917e-05,0.00105252757979552,0.16760119579597,0.000102565962736884,0.00380893731004407,0.483291749745595,0.179575777084718,0.00447439667261821,9.12740707253307e-05,0.00022375235705639,0,0.000240919923218506,0.000378755168338004,0,0,0,0,0,0,0.00228450076483191,0.000174707852615374,0,0,0,0,0,0.00059875102572212,0,0,0,0,0,0,0.000802503297390406,0.000272923693124325,0,0,0,2.06590213658558e-05,0.00219348503308468,0.000114417543492268,0.00014482639832484,0.000362919013026756,7.53126706713372e-05,0.00155374539311823,0.000150935247951923,0,2.04242457316492e-05,0,0,0,0.000109445353607457,5.01122510583128e-05
0.000362032674203906,0.00343846029710392,0.000961750657267927,0,0.00104449620295878,0.000519037261113159,2.93596720789731e-05,0.000351419398809586,0.00011145092988585,0.000234364118982699,1.82625618300274,0,0.0123926737563657,0.000965230877246375,0,0,0.00878102694487942,0,2.47130851689856,0,0.000149782909897073,0.000994119225580001,8.26053047798679e-05,0.000152864259644565,0.0755737184973637,0.863742455677384,0.0132853153733607,4.61111554432279e-05,0.00307055507948512,0.000288666668901695,0.0117847011885736,0.000973163084825835,0.000145928381225197,0.0851010317960507,2.26130508568185e-05,0.00428717985816271,0.104329706887457,0.114308068181467,0.0107587890764241,0,0.00219630613126466,0.0041624227399015,0.00021057267144522,0.00211892556074512,0.000315975806884985,0,0,0,0,0,0.00134814169001558,0,0,0,0,0,0,0,0,0.00172274716331296,0,0.00254170841262258,0,0,0,0,0.000992827251117134,0.000896147565144816,0,0,0.000589820797262934,7.2789661461202e-05,0,0.006371865088942,0.0041589085648011,0.00621175231848503,0,0,0,0.000622044588220539,0,0,0.000191771186020595,0
0.00107328758182916,0.014244520001183,0.0325013731212758,0,0,0.000619862875306601,0.000797518653453907,0.000547138307286992,0.000726496174208491,0,0.843481801904598,0,0.005478925303293,0.00177669127237543,0,0.000107764899337504,1.98446781308198,2.47130851689856,0,0,0.00113512106752295,0.0024212371173742,0.0130247538821896,0.000869469595586559,0.0224919394539727,2.40116988685106,0.0732693936920039,0.000526167975597844,0.00451590584902802,0.000504462522002728,0.00745146344782882,0.00146923377989078,0.00100737058373422,0.496433880296319,0,0.00390229419661735,0.609980419288922,0.260315330368083,0.00745569968596743,0,0.000811579216921522,0.000746970931069559,5.10092229834723e-05,0.00239959438343763,0.000255284067722632,0,0,0,0,0,0.00274973850237471,0.000156402476883844,0,0,0,0,0,0,0,0.000594405053961043,0,0.00151300784095826,0,0,0,0,0.00110951172432159,0.00203876041319212,0,0,0.000512699476441225,0,0,0.00758123429743744,0.00499394465877371,0.00823069011802761,0,0,0,0.00081799824116794,0,0,0.00034052371681555,5.29737187614661e-05
0.00115818018319157,0,0,8.34349963636496,0,0.0887471991314533,0.0236059465834045,0.00518805055388261,0.147796738868426,1.70300176060031,0,9.60481057980448,0,0.00452558746708164,0,0,0,0,0,0,0,0,0,1.40919735544369,0,0.000117223586584417,2.61189408333209e-05,0.37459024224718,0.00386261047731898,0,0,0,0,0.00442840704423748,0,0.000357239827871404,0,0.00132783091736616,0.000554955137706779,0.00255244339764383,0.000561093669060819,0,0,0,0,0,0.000246170811669355,0,0,0.000154101518269311,0,0,0.0015933560559689,0,0,0,0,0.00271484474169309,0,0,0.0177094381425478,0,0,0,0,0,0,0,0,0,0,0,0.000243303300970486,0,0,0,0,3.87220913984675e-05,0,0,0,0,0,0
0.00846249342990878,0.00261868972773181,0.161536222893939,0,0,0.000369644855715023,0.0590965981639849,0.00294751628086626,0.0069807468577387,0.000400629541291455,0.000163782116277088,0,0.000343941502585045,0.00858367971827113,0.000438824560867076,0.69774390365722,0.072153461690633,0.000149782909897073,0.00113512106752295,0,0,0.0310341873161646,4.383795947533,0.0478459110942159,0.000912964770514245,0.00563325147980438,0.0492216283642431,2.06865241227586,0.0806738241615543,1.77549332063042,0,0.000184901491730676,0.248887686019883,0.246514574703924,0.00645389604103596,0.112486825061377,0.134195949159922,0.234382755997695,0.0766481756440947,0.00566490659012359,0.000936282842955686,0,0.00347062860811105,0.00106121198184188,0.00119132437325216,0.00291980752320315,0,0,0,3.1193645615464e-05,0.000207513960455647,3.20081859760781e-05,0,0,0,0.000766093113534428,0,0.0011923770041733,0,0,0,0,2.19906578108114e-05,0,0.00174505369353392,0,0,0,0,0.000439055377967675,0.00648248549881944,0.000390646692840019,0.00135998049752155,0,0,0.000683945055606733,0.00152768138407338,0.000155991853525008,0.000692954204412996,0,0,0,4.48299618368078e-05,0.003704487926152
0.00287406778961628,1.77216837749754,0.0243791917596348,7.73236256614617e-05,0,3.80880458554708e-05,0.00859398429959502,0.000490382369022266,1.88771520262404,5.17237974830605e-05,0.0086013399273808,0,0.0244921106024287,0.00108664514068996,0.0010656570233212,4.74232306150023,0.0138763090642813,0.000994119225580001,0.0024212371173742,0,0.0310341873161646,0,0.0345347428554241,1.81757741041902,0.36204578366636,0.00795321290157877,1.17828404019722,0.137978568812235,0.00767992558502591,0.0505466665871281,0.00449182318852144,6.82822944884573e-05,0.0154347637681515,0.0336241176690639,0.00248777557830129,0.0826233140314611,0.0587731312966358,0.119113799528681,0.052000820723006,0.00233457659220542,0.000489087809267773,0.000118541883126315,0.00288228529524442,0.00283887614605524,0.00468906044463193,0.00235956941056552,0,0,0.000298680089082196,0,0.0952805598298196,0.00249407486743499,0,0,6.84471393589334e-05,0.00159232257167166,0,0.0779300678007026,0,0,0,0.00110006810487992,0,0.000914713466867029,0.101223766500521,9.4821720610528e-05,0.000270466286586939,0.000231377188078391,0,0.0157659085250755,0.839679053692676,0.0043201937051768,0.0224142410286509,0.0198603542300999,0.000557306566581039,0.0198534670937131,0.0269183257322897,0.000494281835183275,0.00700365610905281,0,0,0,0.00195062735985405,0.00107668033717278
0.015735040348097,0.00357215593593297,2.13626490713096,0,0,0.000732455975462107,0.0641549287515096,0.00480418985134432,0.00409125572356482,0.000264411813265177,0.000282853021481091,0,0.000395036122352328,0.0160572069920873,0.000600940643391071,2.1019361538597,1.6006201009239,8.26053047798679e-05,0.0130247538821896,0,4.383795947533,0.0345347428554241,0,0.0457171052450659,0.000743929518954597,0.0313688470928906,1.08616569155696,0.237731644107228,0.0109181427240884,0.211760097093171,0,0.000105008275038335,0.00368093374031719,0.252384499350504,0.00929040956906144,0.112789036163945,0.6946381740311,0.604988016182569,0.103181535086124,0.00770025901962603,0.000929435589318526,5.85185857082029e-05,0.0027054981730403,0.00174913697800223,0.000789601850666217,0.00198680221741326,0,0,0.00023232028557916,0.000203171848520468,0.000546077084744574,0.000145265433768724,0,0,0,0.000353744144283251,0,0.00052550041093259,0,0.000144652240775334,0,2.85603629297448e-05,0.000106189422232129,0.000117001402891329,0.00583513560552247,4.07536799139948e-05,0,0,0,0.000123962353720591,0.0259834040940057,0.00062352957452496,0.00053747205535307,0,6.31981150855756e-05,0.00487871817951008,0.000910488993802554,0,0.00046633216750377,0,0,0,0.000334601784617739,0.00535044493915999
0.00845368222031952,0.0963454294753909,0.015394058711428,3.8151848362677,0,0.00304126634813472,0.320804899792318,0.00236286706429209,5.2695874527506,0.013187522177938,0.00116286965757358,1.19411356067639,0.00340424162620021,0.00714717345146046,0.000123843639002989,1.5387371933238,0.00648674795319231,0.000152864259644565,0.000869469595586559,1.40919735544369,0.0478459110942159,1.81757741041902,0.0457171052450659,0,0.0316495602459593,0.00297435373315409,0.0948845777368048,2.72550683741294,0.0305789141156428,0.104451560474539,0.000597986653678004,0.000134846359162838,0.0244201012868413,0.0302285778406105,0.00266505664911424,0.0611060289613667,0.0220448687975462,0.0483574965787503,0.031866958942329,0.0059478144583893,0.000398277188611359,0,0.00213839883142636,0.00141253530590884,0.00316176757197652,0.00210413981548653,0.00152628020424755,0,0,0.0128394151535186,0.00313354062933564,0.000531751291950857,0.0383319131789608,0,0.000142334135842109,0.0420834973132734,0.00206788649988906,0.177257758144402,0.00101258452079889,0,0.00797021035758207,0.000127094857055731,0.0122856562309032,0,0.0159575853620391,4.30824826009295e-05,0,0,0.00225479952034326,0.00698602382102567,0.0819308819406528,0.00139777111641524,0.0697887488041684,0.000601157552276024,0.000119642219898406,0.00177465223944406,0.0627159512570019,0.0122999580109573,0.0395582472498022,0,0,0.00250444848939267,0.00258303058525387,0.00105704646018975
0.000234552276884565,2.33969364996965,0.000918420014488913,0,0.000354974620198631,0.000339195804117312,0.000366921499575719,0.000161705657047542,0.0970179193031374,0,1.47014364018309,0,3.78047146215802,0.000214264378448196,0,0.0112636632182274,0.00032530525112468,0.0755737184973637,0.0224919394539727,0,0.000912964770514245,0.36204578366636,0.000743929518954597,0.0316495602459593,0,0.107830893595129,1.05564521278543,0.004667180303492,0.000646002342444188,0.00324487859009393,0.138437078878251,0.000435019475475522,0.000660051342999255,0.0329126712484945,6.00178079667069e-05,0.00676212307575595,0.360778912709163,0.132771189409299,0.0132877066928506,0,0.000926898345592732,0.394472931667265,0.000187903033607671,0.00749878631206276,0.00114056555517214,0.000123832495797327,0,0,0,0,0.0628219245980567,7.1330629655468e-05,0,0,0,0,0,0.00210304579087828,0,0.00632302002499063,0,0.0103640498589883,0,0,0.00284907180443073,0.000864270001554493,0.00707372635229959,0.0112199643777433,0,3.14258906151141e-05,0.050756486934379,0,0.00112641858812381,0.143605119125742,0.017065707974792,0.0402037888705244,0.000187142379256032,0,0.000173961426094008,0.00150729397529943,0,0,0.00102317202287061,1.59619798650347e-05
0.00154660416524916,0.0332341797066537,1.48141177364872,0,8.35975631215888e-05,0.000629390594322906,0.00221395797378934,0.000872170138753011,0.0034834147937875,8.33863934538489e-05,0.519818460405042,0,0.120189213952554,0.00190233980445073,0,0.0018160942529096,1.39061159455905,0.863742455677384,2.40116988685106,0.000117223586584417,0.00563325147980438,0.00795321290157877,0.0313688470928906,0.00297435373315409,0.107830893595129,0,1.74560619455671,0.00176192630412529,0.00395740895034601,0.00245229481008024,0.418765239553222,0.000704173168485319,0.000531889239780867,0.11261201701259,6.91845465159069e-05,0.00777960373821503,0.332706044015451,0.182483795904921,0.00781617697117218,3.20434396717301e-05,0.000715565105582665,0.00294790685242334,0,0.00568346471759189,0.00161411427845544,7.56484341195574e-05,0,0,3.42956501589186e-05,0,0.00326281584101031,8.51476763148069e-05,0,0,0,0,0,8.06551631737859e-05,0,0.00376540361869165,0,0.00539881484856787,0.000107565018232758,0,0.000272968083059123,0,0.00440937205739167,0.00500732284673366,0,0,0.00137330665890532,5.24448063375909e-05,9.70944636596383e-05,0.0146338833051092,0.016687153051612,0.0333014245587393,3.94552526536795e-05,5.44121447900218e-05,0.000172233136676655,0.00078747232066043,0,0,0.000269540764579351,5.35625367831495e-05
0.00154732623763442,2.02504654029796,1.77699913067093,2.58928366231813e-05,0,0.000248977603804565,0.0055948940341657,0.00103255510184901,0.0524322254840904,6.60102820241133e-05,0.0769148935022858,0,0.483032159408427,0.00157388122215908,0.00017878948743268,0.820655376102526,0.136077268103609,0.0132853153733607,0.0732693936920039,2.61189408333209e-05,0.0492216283642431,1.17828404019722,1.08616569155696,0.0948845777368048,1.05564521278543,1.74560619455671,0,0.0454592500862801,0.00269429033526561,0.0100367220896462,0.327201740292522,0.00026665977679536,0.00102150719124837,0.0932115291370447,0.00314780064596735,0.0339879824416857,0.251243359674561,0.406475378503744,0.0352839560180012,0.00128308849823053,0.000417801196733017,0.00199043909203071,0.00105899207853781,0.0110360572176999,0.00301089633067897,0.000986349404992519,0,3.23551113277007e-05,3.00131959697734e-05,0,0.0423660406889583,0.00155536938714282,0,0,0,0.000179059411560122,1.41601624610965e-05,0.00293883171981249,0,0.00354839146904276,0,0.00725351524274828,9.30315974608923e-05,0,0.0110276702638108,0.000792546878786152,0.00497633619254839,0.00867803818819469,0,4.2406243279493e-05,0.0696779742003746,0.00143854940623173,0.000845396171605995,0.049373552439938,0.0268678964023347,0.107859620618546,0.000661676497082892,0.000136099235550764,0.000376543293203827,0.000823023345442249,0,0,0.00196423276237234,0.00220389354964153
0.00871474273774887,0.00969653820172205,0.0388994631958007,2.32584858792968,0,0.0389246145700677,4.21434778981532,0.00700622137558575,0.203139900953097,1.59382711868085,0.000545917464996829,0.00230495184268772,0.000853497146561361,0.0115087585011868,0.000294407363608149,0.317572671457401,0.0147705542477747,4.61111554432279e-05,0.000526167975597844,0.37459024224718,2.06865241227586,0.137978568812235,0.237731644107228,2.72550683741294,0.004667180303492,0.00176192630412529,0.0454592500862801,0,0.0416135933842541,1.35092250912686,0,0.000340590139244393,0.0462711295035764,0.0898645076286392,0.00764814292030245,0.140251806066061,0.0391312726156937,0.117188542454469,0.0661102338058622,0.00172662846234842,0.00171074753866538,0.000156255642009596,0.00432632982600053,0.00123279443015913,0.00239085815464482,0.00262332267742842,0.000302518576550379,0,0,0.00210111883034533,0.000272490944194737,7.37926568332138e-05,0.000463679283108639,0,2.93046538291564e-05,0.0128305738210113,0.000705273126167935,0.0440629570135322,0.00046656563850256,0,0.000243209704898877,0,0.00345757860378527,0,0.00968226798507306,0,0,3.98840549600018e-05,0,0.00539819875663639,0.0237967166253676,0.000939877498715118,0.0244762565648625,0.000120406530128301,0,0.000484581049542919,0.0253303528038276,0.00420069652799817,0.0125831455576136,0,0,0.00135589318450746,0.000993942238376281,0.00330868302942598
0.557883798687556,0.00110636201307619,0.00577648758273194,0.000378325022399465,0.0413754629664302,0.200574348481273,0.121800573445524,0.196717749810346,0.0215211582372929,0.0162759912456856,0.0183293491788334,0.000424767324138735,0.000850724584096752,3.46556912504862,0.000480368334732726,0.000478686462612925,0.00760253918685891,0.00307055507948512,0.00451590584902802,0.00386261047731898,0.0806738241615543,0.00767992558502591,0.0109181427240884,0.0305789141156428,0.000646002342444188,0.00395740895034601,0.00269429033526561,0.0416135933842541,0,2.30630328616766,0.000405461886710828,0.770847508283201,2.40099064796101,1.60275087875195,0.000699267489034544,0.028880196559134,0.00534920199114927,0.285531202080885,0.0296566383022291,0.00804964155043763,0.373886368468474,0.00045148242445493,2.49391469475412e-05,5.0029032241215e-05,0.000328806006569642,2.39311061296273e-05,0,0,0,0.000424053472620952,0,0,0,0,4.23008931952999e-05,0.00203750466317271,0.000263163061607011,0.00520328778363942,0,3.06312961524922e-05,0,7.1372297757949e-05,0.000423320733367484,0,0.000592884104747656,0,4.51850878951791e-05,0,0,0.000369673535195117,0.000967581199313117,1.49197271965651e-05,0.00275106187270305,4.22624057760945e-05,9.48715505859822e-05,6.44699747224008e-05,0.00367150601420358,0.000855602196367669,0.00171734518960119,0,0,5.60184457004814e-05,0.000106204907739117,0.000324269786683714
0.173359615925623,0.00545634428653326,0.0241158544587088,0.000174995923348485,0,0.00156854490031857,1.84913321174822,0.0297024002281705,0.0789066362309094,0.00126907146861827,0.000395614518462554,0,0.000418367118932808,0.107822650593225,0,0.0240098432894987,0.0466527409085167,0.000288666668901695,0.000504462522002728,0,1.77549332063042,0.0505466665871281,0.211760097093171,0.104451560474539,0.00324487859009393,0.00245229481008024,0.0100367220896462,1.35092250912686,2.30630328616766,0,3.57993612059766e-05,0.000478089150583626,0.610194315148078,0.362490243767974,0.0030105927622574,0.0764278496049832,0.0346632017951142,0.124805953574312,0.0482581934602213,0.00157629202467082,0.0025240190492189,0,0.00118382906257638,0.000624747786663976,0.000816420353872225,0.00106237273016664,0,0,0,0.000506552082549005,0.000133868447025579,2.04164701352494e-05,0.000250724375220864,0,0.000135027328451527,0.00437630657320337,0.000225558560244517,0.021433587112971,4.42432835089518e-05,0,0,0,0.00112862419111597,0,0.00271592162823969,0,0,0,0,0.00124722531000465,0.0082953343230424,0.000491526314840436,0.0132806824245793,0.000395767106206222,0,0.000152901857326372,0.0124724425948765,0.00101419489647906,0.00426585344295155,0,0,0.000552314546233739,0.000598540257751088,0.00145953610414434
0.000157987993973541,0.00857419494832493,0,0,0,0.000117322728412636,5.41835577936318e-05,0.000252440757552235,0.00231465575834201,0,0.196889297017314,0,2.13520219683757,8.16422897383714e-05,0,0.000592195473241497,0.000217356057904136,0.0117847011885736,0.00745146344782882,0,0,0.00449182318852144,0,0.000597986653678004,0.138437078878251,0.418765239553222,0.327201740292522,0,0.000405461886710828,3.57993612059766e-05,0,0.000534895503883502,0,0.00812251147192025,0,0.00144341963052883,0.0274115795682919,0.0205651809578995,0.00246190640415884,0,0,0.00643484153191688,0,0.00110917146979433,0.000247891918015624,0,0,0,0.00188313934353712,0,0.000143805877039625,0,0,0,0,0,0,0,0,0.00189106181134068,0,0.00132803908792956,0,0,0,0,0.00287438814127516,0.00112480695758465,0,0,0.000810588316891681,0,0,0.00811252855627707,0.00340192379926963,0.00411402778486937,0,0,0,0.000453120049297748,0,0,0.000101129680163712,0
0.00207833096390391,0,0,0,1.73998695220364,1.24868679167053,0.00180564646731221,0.470104062769015,0,0.000167754472950617,0.00486396056737566,0,0.000310880533275593,0.0815719850671965,0.00940828958421594,0,5.96639838835917e-05,0.000973163084825835,0.00146923377989078,0,0.000184901491730676,6.82822944884573e-05,0.000105008275038335,0.000134846359162838,0.000435019475475522,0.000704173168485319,0.00026665977679536,0.000340590139244393,0.770847508283201,0.000478089150583626,0.000534895503883502,0,0.00418225942143433,0.546156948865226,0,0.00101437604158781,0.00126020308918314,0.066994265880941,0.0042433510164928,0.0347367771559378,2.26127827826271,0.0017384807837133,0,0,0.000139136039443648,0,0,0,0,0,0,0,0,0,0,0,0,0,0,0,0,0,0,0,0,0,0,0,0,0,0,0,0,0,0,0,0,0,0,0,0,0,0,0
0.0249940629997768,0.00248534566159031,0.00061655880036684,0.00030165696195796,0,0.0013027335816807,0.0289511698638512,0.00245524972521189,0.0353822855115367,0.000758487003915506,0.00166641800831001,0,0.000121105968640456,0.0120462501318334,0,0.000315330340734325,0.00105252757979552,0.000145928381225197,0.00100737058373422,0,0.248887686019883,0.0154347637681515,0.00368093374031719,0.0244201012868413,0.000660051342999255,0.000531889239780867,0.00102150719124837,0.0462711295035764,2.40099064796101,0.610194315148078,0,0.00418225942143433,0,1.11513948170446,0.000246473778390171,0.0187138682031318,0.00217137987849144,0.175559695727443,0.0788483372181045,0.00126240967871476,0.012986259211289,0,0.000187488128436997,0.000101667622095044,0,0.000336849805899007,0,0,0,0.000363235713930044,0,0,0,0,0,0.000895486290800728,3.15941296092942e-05,0.00646272682883649,0,0,0,0,0.000145391848839737,0,0.000206320231877694,0,0,0,0,0.000514960466363142,0.00156512263490296,0,0.00238820347294245,0,0,0,0.00383840216588027,0.000781116220997555,0.00155763225543678,0,0,0,0.000584038492664585,6.83804249471129e-05
0.0625288482209308,0.0148854324066216,0.0602803153929072,6.23562780461386e-05,0.111570032524993,0.145146538144419,0.0945362737159645,0.108655186911137,0.0265873773038404,0.0189492291090534,1.32732709164584,0.000951942084432516,0.0240627757068847,0.16941612088407,0.00129895733050606,0.0242013075330921,0.16760119579597,0.0851010317960507,0.496433880296319,0.00442840704423748,0.246514574703924,0.0336241176690639,0.252384499350504,0.0302285778406105,0.0329126712484945,0.11261201701259,0.0932115291370447,0.0898645076286392,1.60275087875195,0.362490243767974,0.00812251147192025,0.546156948865226,1.11513948170446,0,0.00379790628010529,0.176153691443639,0.7213876738207,4.09399522385747,0.258269222537675,0.0323264198256936,1.62000666706943,0.0155882385252703,0.00313283867342559,0.00142831599079406,0.000484399772477198,0.00152841420287521,0,0,0,0.000291428951326878,0.00168679121604566,2.72517327773382e-05,0,0,0,0.00121225636019137,0,0.00858815886675154,0,5.97350352525266e-05,0,0.00049701223995883,4.07627245164696e-05,0,0.00135287411757388,0,0.000346363240748666,0.000238649226326534,0,0.000594410669599376,0.00759958514758455,7.16409658321611e-05,0.0045652071108953,0.00143366740485188,0.00109411015113633,0.00324293123440595,0.00284159380460157,0.000318781963943842,0.00188925018680721,0.000179648903944171,0,0,0.000522199488545562,0.00222533517352763
0.000103763470627458,0.000263441856800173,0.000202920299422688,0,0,0.197661358975891,0.00076413102986618,7.3743085402645e-05,0.00168943767326998,0.00386990585217713,0.000283801014241041,0.388672361258148,0.000542523136017409,0.000260611099039434,0.0927116656515011,0.00284704610136798,0.000102565962736884,2.26130508568185e-05,0,0,0.00645389604103596,0.00248777557830129,0.00929040956906144,0.00266505664911424,6.00178079667069e-05,6.91845465159069e-05,0.00314780064596735,0.00764814292030245,0.000699267489034544,0.0030105927622574,0,0,0.000246473778390171,0.00379790628010529,0,0.0634183142770649,0.0601640557553006,0.063750544710826,0.0329617291813667,0.000415466935768356,7.25024405880587e-05,0.000166966439931648,0.0267882827566425,0.0451844456530145,0.0256408789810084,0.020616372690422,0,0,0.000560624180082085,5.21993980537874e-05,0,9.41893184143417e-06,0,0.00117225337579155,0.000747073058682128,0.000322168156335798,0,0.000271131205955451,0,0.000107390066470561,0.00562961223498934,4.7458056689581e-05,4.84459342887e-05,0.00172131134041424,0.00113335266738968,8.93989934980721e-06,0,0,0,0.0012477955646292,0.000732587290561884,0.00367392924100595,0.00027733325371392,0,4.77878071860309e-05,0.000744400715292397,0.00107777722822996,0.000392871930582381,0.000782492615699113,0,0,9.24306491814808e-05,0.00154249573874661,1.12794016787953
