0,0.000341375844886775,0.0277873342908961,0.0050809833143977,0,0.0250969811338483,3.47276867945286,0.271467324426063,0.0201009125349343,0.0561632054854715,0.000846110941724697,0.067268749821459,0.000233824363306975,3.84713491617093,0.0194944232646403,0.00082419237221678,0.00454648568126988,0,0.00169888349616295,0.0832412202244043,0.0102510282712255,0.000469619209861943,0.0296474752041273,0.0498195137490344,0.000692254385637921,0.00359206756373243,0.00339828728247003,0.0427923208515482,2.73767955349768,1.56878980602549,0,0.0011151903584572,0.145074328514087,0.117865600991062,0.000176598981882513,0.104551575991928,0.023407664265151,0.079519442752801,0.0794697820682975,0.0476836586557938,0.000935472112182046,0,0.000398679736387733,0,0,0.000198856344020315,0,0,0,0,0,0,0.000384537687806549,0,0,0.00137706893302308,0,0.00419462485411553,0,0,0,0,0,0,0,0,0,0,0,0,0,0,0.00411577662318115,0,0,0.000123125681878679,0.0020969989321926,0,0.000167003701853001,0,0,0,0,1.80030036620092e-05
0.000341375844886775,0,0.393408674503258,0,0,0,0.00470818907679275,5.50455423854756e-05,0.507430924636531,0,0.00156767991111372,0,0.0269448902733609,0,0,0.489071066202096,0.0665729815581945,0,0.00921874026790591,0,0.00462235413257034,2.13369674083594,0.036061967524804,0.222241292507209,2.45661084735443,0.149809675580501,4.21291113607523,0.022397665890708,0.00163884713705562,0.00252637510495541,0.0109340713982616,0,0.000696702763814902,0.0263694613618135,0.000544496953800865,0.0716610477058251,0.121698560287146,0.122394160539731,0.100218221634557,0.00254854237898115,0,0,0.00805232074268503,0.0115268878155379,0.020721873785098,0.0221428078954147,0.00332489706564006,0.000666879981009727,0,0,3.12319186074021,0.0235309574244894,0,0,0,0.000387062544282549,0,0.124631326558797,0,0.00161443199021001,0,0.00847114272225982,0.000166812783900824,0,0.0258623268593264,0.0253330008597515,0,0.00888634113522565,0,7.34546808916214e-05,1.10487956404799,0.00344798307978905,0.0115700672094702,0.420451136620873,0.0392906873651948,0.401986180388579,0.00249095535376106,0.000306091171861825,0.000345820664868976,0.00273300609568201,0,0.000821570318482345,0.00601040737631625,0.000473875886936
0.0277873342908961,0.393408674503258,0,0,0,0,0.108148571580931,0.00647255771829222,0.00488980543220184,0.000419082045290691,0.00366745094318158,0,0.00151440343176015,0.00839429110975968,0,0.0634824325156621,1.81578040836454,0.001358995351926,0.0737821094810003,0,0.30057102669057,0.0193722289737763,4.68995183271332,0.0206275486214023,0.00103112167134893,2.31003146755731,3.40050616339653,0.115340231586224,0.00557019906957976,0.123272463715445,0.00102682843215575,0,0.000857044978151637,0.121335493301904,0.00309238493160236,0.347012364521502,1.49302933355844,0.637060892919325,0.385361132917382,0.00735334090133941,0,0.000429707439588157,0.00459503527237289,0.000519273383670912,0.00104765315601744,0.00113214137351506,0.000133777967953726,0,0,0,0.0472462432766845,0.00102946619730534,0,0,0,0,0,0.00157245885635111,0,0,0,0.000102037549090018,0,0.000278264908307289,0.00041783413011605,0,0,0.000122979954210199,0,0,0.00670761974303844,0,0.00152583164314319,0.000662561601260967,0.00253094464349684,0.0190339892657368,0.000424395285654842,0,0,0,0,0,0,0.00209020296394989
0.0050809833143977,0,0,0,0,0.00246527997635802,0.0747969074979621,0.00443461155984251,0.542168973601403,0.697725821935663,0,2.82514270231622,0,0.00635388352631492,0.000208964179116566,0,0,0,0,14.1911738441768,0,0.000192823037038992,5.97455205323186e-05,7.8621916916512,0,4.97530344752738e-05,7.64844084161723e-05,4.39490673984043,0.00601896159367983,0.000458979609745207,0,0,0.00310234843560853,0.000985261892939017,0,0.00175755038375139,0,0.0012861904189918,0.000205757171423415,0.0234135198128947,0,0.000162378552830154,0,0,0,0,0,0,0,0.00029703374439926,0,0,0.838040239119017,0,0,0.000379571148692528,0,0.00101110718257828,0,0,0.051056982649138,0,0.000522740345033842,0,0,0,0,0,0.487873450132475,0,0,0,0.0067907533910505,0,0,0,0.00302857072147022,8.34444569903507e-05,0,0,0,0,0,0
0,0,0,0,0,0.753549678233222,0,0.0331213912058674,0.000266538124309063,0,0.0873575723224709,0.000995169086279226,0,0.000253120337419983,0.00075312444102479,0,0,0,0,0,0.000121602292627414,0,0,0,0,0.00022022202642984,0,9.09143741306198e-05,0.0868846310963572,0,0,1.55705627657038,0.00611465665084077,0.111323200138512,0.00300362521473105,0.000226397152972457,0.00164642481813974,0.0302756706817413,0.00118943311381847,1.45692597180228,1.67844676877694,0,0.00272756320017307,0.00411970042458751,0.000319403294950134,0.00465512932385359,0.0226752192969035,0,0,0,0,0,0,0,0.00132714804546721,0,0,0.00241301226670598,0,0,0.000641224045786717,0,0,0.039489116418872,0.000239316294838733,0,0,0.000392908828355704,0,0,0,0.000309579080097828,0,0,3.31156748257849e-05,0.000164853838432625,7.18595164072976e-05,0,0,0,0,0,0,0.0102965250174878
0.0250969811338483,0,0,0.00246527997635802,0.753549678233222,0,0.0464635865957466,1.10174633042642,0.00136832830871283,0.779236745101992,0.00576626359605393,5.06913333730802,0,0.0371404263537855,3.03936765290326,0.000213064531369062,0,0,0,0.219592862228703,0.000265548379674296,0,0.00074471630005836,0.0614114842788495,0.000153367788400544,0.000170071523926001,0.000192767394227504,0.0224111090176285,0.318144814431887,3.64864840396596e-05,0,0.400671079239656,0.00307557444941442,0.0212715305315713,1.09026798921872,0.00326701347664368,0.00192321912368378,0.00453304108727037,0.00141626668534116,1.23887352636934,0.169376139345717,0,0.00122762845879895,0.000378485365084003,0.000924769175136753,0.000323170311118792,0.00746302596289839,0,0,0,0,0,0,0,0.00208846386003042,0,0,0,0,0,0.00123390690933234,0,0,0.00611622873691181,0,0,0,0,0,0,0,0,0.000639013592954015,0,0,9.35631388124247e-05,8.84812317321843e-05,0,0,0,0,0,0,0.0266986790270051
3.47276867945286,0.00470818907679275,0.108148571580931,0.0747969074979621,0,0.0464635865957466,0,0.60713538828915,0.321938836179576,2.9038520017679,0.000517298312718858,0.0200250527512886,0.000904243713759142,1.4626607704463,0.00144552574763279,0.00469297553357012,0.00431439063166489,9.65922955333143e-05,0.00096586459554564,0.437686927384493,0.16774288634275,0.0091132764371956,0.149407098162565,0.572546016995934,0.00251724063671386,0.0077533546302858,0.0317399292972613,5.83272777190522,0.273663926465225,3.01329238512487,5.5376633322661e-05,0.00137429371801555,0.0722587378478872,0.108344623880323,0.00201521558949708,0.223580918453982,0.0700252869503559,0.15707598150142,0.11451182749563,0.0220558233410123,0.00125464575366478,0.000106211619487918,0.00680715598409558,0.000535551708277078,0.00174255835919759,0.000753915816099187,0,0,0,0.00455659098587984,0.000332512817047539,0.000100445537947582,0.000925335439502474,0,0,0.0549211237196919,0.00110671259853612,0.0624755658120424,0.00137059633901833,0,0,0,0.0035044193805968,0,0.000383661330770635,0.000142629665334373,0,0,0.000130866371700789,0.000808827159994617,0.00458095868479019,0.000751650622156257,0.136459694077606,0.000425927058822015,0.000211683425572716,0.000501045568014999,0.050551786663557,0.00269350142553096,0.0102546223559935,0,0,0.00118985991734214,0.00105440953469511,0.00045602513906168
0.271467324426063,5.50455423854756e-05,0.00647255771829222,0.00443461155984251,0.0331213912058674,1.10174633042642,0.60713538828915,0,0.00659958153770541,0.639957539066448,0.0021997817753559,0.0302203550373825,0,1.73749417930714,0.0217416107652556,0.000234018172430828,0.000863426903399423,0,0.000255092424475661,0.0791715509518282,0.00386724124231387,0.000287745747536835,0.00830429743995684,0.0379762039725972,0,0.000949567831196205,0.00161059890224669,0.034350559189222,0.840569747562269,0.0298223633506792,8.48685066498853e-05,0.0989555003273842,0.0113610862992578,0.0646266053283128,0.0175179093326758,0.0322302219519053,0.00504417404093555,0.0222130890346917,0.0173614765792463,0.0197522317233089,0.0223066848080039,0,5.14799019579451e-05,0,0,0,0,0,0,0,0,0,0.000114372583873579,0,0,0.00105991161861825,0,0.00152129923025197,0,0,0,0,6.99603719010186e-05,0,0,0,0,0,0,4.37775023818393e-05,8.42502509583263e-05,0,0.00236560199224302,0,0,7.62846298579228e-05,0.000658114272728923,0.000219774145978727,0.000444156506408262,0,0,0.000104307820264084,0.000137469203455389,5.77774273295376e-05
0.0201009125349343,0.507430924636531,0.00488980543220184,0.542168973601403,0.000266538124309063,0.00136832830871283,0.321938836179576,0.00659958153770541,0,0.00790450963002551,0.000957716903089018,1.51914113201211,0.0138484669687363,0.00781299352856139,0.0504659378455701,0.169459805848076,0.00244956866141569,0.000429508863071526,0.00419635669083641,0.481913268779623,0.00304023335010743,2.04298939150656,0.00316656455084084,6.33226960079109,0.371854979490399,0.00711357478507752,0.17311917658499,0.304096508024521,0.023516348209714,0.0183338454281071,0.00406290076218375,0.000313963097490294,0.0256525331908941,0.0207502081380167,0.000110311519641189,0.0715941709822726,0.0162825689711835,0.0311384255146633,0.0427723846511505,1.18530887128253,0.000905480170798179,0,0.0143387945011485,0.00250596643411269,0.0053481006196442,0.00619154554213033,0.000356121460123593,0,0,0.0145055227018972,0.0577338977957184,0.00214148752102167,0.00155555383446748,0,0,0.0995047454068327,0.000889417881465631,2.24797247311782,0.00195260147984085,0,0,0.000340402772200203,0.00642676435199526,0,0.021950825786919,0.000453938513879028,0,0.000408759819530061,0,0.00357761725374216,0.393611289898777,0.00231764709002317,0.523288092277036,0.0229976893895441,0.00160488861209843,0.0102997646182275,0.154866663425755,0.00558535043318903,0.0320667199667493,0,0,0.0061916493795583,0.00394050213764766,3.3291191601343e-05
0.0561632054854715,0,0.000419082045290691,0.697725821935663,0,0.779236745101992,2.9038520017679,0.639957539066448,0.00790450963002551,0,3.65551071948248e-05,1.77310772333158,0,0.340373846795599,0.00254906400672484,0,7.26450294339515e-05,0,0,5.68884106006181,0.000188061771055723,0.00011330444355701,0.000425290073590255,0.161517634562902,0,0.000256285130613444,0.000179561917032963,2.87089146957984,0.0171832608818258,0.00117216697685862,0,0.000112958126141153,0.00314765097172079,0.00637491211849361,9.81938619837308e-06,0.00252437479540002,0.000573223366499676,0.00228912943740254,0.0012491108152278,0.0241059594342578,0,0,0,0,9.51304463224839e-05,0,0,0,0,0,0,0,0,0,0,0.000161684254515529,0,0,0,0,0,0,0,0,0,0,0,0,0,0,0,0,0.000521530165659065,0,0,0,0,0,0,0,0,0,0,0
0.000846110941724697,0.00156767991111372,0.00366745094318158,0,0.0873575723224709,0.00576626359605393,0.000517298312718858,0.0021997817753559,0.000957716903089018,3.65551071948248e-05,0,0,2.66935204259744,0.000702127281526849,0,0,0.050740550201973,0.371667851363968,2.20492308398731,0,0.000286332484060808,0.000421869167597174,0.00123715057948268,0.000408439586378623,0.747099992280449,0.534597418157112,0.0358104415993585,0.000682885901005668,0.0367198226889432,0.000764482217598568,0.0449968979053021,1.18995869008309,0.0034600072301596,2.85409960317905,0.000478784762131119,0.0988656824195754,0.941407871110914,1.45549249321121,0.108166448744342,0.0236545012631586,0.109732102649091,0.182145783038658,0.00148844134945807,0.000613150436714878,0.000644465656946425,0.000810198538824129,0,0,0,0,0,0.000282952400612012,0,0,0,0,0,6.58932827085922e-05,0,0.000401913899433151,0,0.0110469311680216,0,0,0,0,0.00045265964899574,0.00324954785433937,0,0,0,0,2.96895261239685e-05,0.00543211336336404,0.00902004173869142,0.00470743542725934,0,0,0,0.00153118470526765,0,0,0,0.000123590057176658
0.067268749821459,0,0,2.82514270231622,0.000995169086279226,5.06913333730802,0.0200250527512886,0.0302203550373825,1.51914113201211,1.77310772333158,0,0,0,0.0378043563347931,0.963794718509726,0.00063659363198486,8.68472664498909e-05,0,0.000164367370677617,11.6445832067725,0,0,0.000259999731496637,1.91464146080535,9.72762463005714e-05,0.000216521239625833,7.45064453333726e-05,0.0239747967140303,0.0361250092541713,0.000109655152496902,0,0.000550897425393045,0.00862409013823031,0.0346438244773627,0.262963274413611,0.0206158154996948,0.000960342431203503,0.0034669822418422,0.000322342334382454,1.04491525434393,8.73068302166742e-05,0,0.000171806309776423,0,0.000912823173384023,0,0.00166483510987057,0,0,0,0,0,0.00517754571130194,0,0.000879355525369066,4.83011248733137e-05,0,0,0,0,0.00657961013285896,0,0,0.0014637941877028,0,0,0,0,0.00491791493023816,0,0,0.000240490496417368,0.000528783060833708,0,0,0,0.000140900247383244,0,0,0,0,0,0,0.00763442368245154
0.000233824363306975,0.0269448902733609,0.00151440343176015,0,0,0,0.000904243713759142,0,0.0138484669687363,0,2.66935204259744,0,0,0.000126313775805104,0,0.00214060796020475,0.000987509500369331,0.00716038311160963,0.0335337977071093,0,0.00131760094955826,0.0115256388959319,0.00125424307140272,0.00536952484674433,5.45487094432441,0.235038549047287,0.74080724944684,0.00169630020391932,0.00192350681244702,0.000969430978034007,0.998668540622341,0.000104813979737524,0.000640903849647149,0.0406905694920062,0.000355181863487505,0.574655536582955,1.45389495377586,0.488648213890494,0.321416491077416,0.0013790597116272,0.000162591663215771,1.41615162970591,0.399378391689289,0.00476556940772343,0.000878068747347505,0.00483244060422408,0.000141236979333183,0,0.0107527403093253,0,0.00510738379099084,0,0,7.74912978938344e-05,0,0,0,0.00117497553668376,0,0.00218770172955918,0,0.33249225060263,0,0,0,0.00028142420612258,0.0021007572450336,0.00989051262625761,0,0,0.00234455498810532,7.39886846242988e-05,4.64780051596296e-05,0.0396705458231225,0.0421950624646631,0.0281780926782595,8.20907553141911e-05,0,0,0.0109945666288773,0,0,0,0.000727128209750559
3.84713491617093,0,0.00839429110975968,0.00635388352631492,0.000253120337419983,0.0371404263537855,1.4626607704463,1.73749417930714,0.00781299352856139,0.340373846795599,0.000702127281526849,0.0378043563347931,0.000126313775805104,0,0.0247813007945627,0.00041948149861716,0.000855023250865175,0,0.00140705144561559,0.0472598463790339,0.0381381597863736,0.000148131587628541,0.0379823612964904,0.0315686327872027,0.000138443644695901,0.00226131244608725,0.00226032119429146,0.0469783383186822,8.37568811651419,0.632469271908144,0,0.00367622270111328,0.0511198216499313,0.141304661093226,0.000160109437188554,0.0424618054734854,0.00694185270844338,0.0449159918323959,0.0206643861349356,0.019341784186378,0.00201008797551685,0,0.00031965415427017,0.000148795456486233,0,0,0,0,0,0.000287752248795015,0,0,0,0,0,0.00150485766221622,0.000199392988078839,0.00242373066638993,0,0,0,0,0,0,0,0,0,0,0,0,0.000211064111868569,0,0.00311255370262062,0,0.00010696501978214,3.63558561523704e-05,0.00115088624823637,0,0.000471086995358298,0,0,0,0,0
0.0194944232646403,0,0,0.000208964179116566,0.00075312444102479,3.03936765290326,0.00144552574763279,0.0217416107652556,0.0504659378455701,0.00254906400672484,0,0.963794718509726,0,0.0247813007945627,0,0.000214392314298213,0,0,0,0.0179993204543772,0.000187447654757079,0,0.000236396819866232,0.0029509955524385,0,0.000696078675640588,0.000149600087682347,0.000418901751731177,0.00639370776916828,0,0,0.000596248736460603,0.00265608136912415,0.0113294390853771,0.268563499805339,0.00392176263627149,0.00406908422661223,0.00155449409399251,0.00386082404159478,1.39024102833119,0.00243929754768521,0,0.0032438029547509,0.00209575803059043,0.00354461137516502,0.00478742768289291,0.0346854734966194,0,0,0,0,0,0,0,0.00261279711024601,0,0,0,0.000113684268524439,7.99575249784135e-05,0.00348251043552232,0,0,0.0243088520615279,0.000198136540093041,0,0,0.000272261914827508,0,0,0,0.00196306001398416,0.000516957965491241,0,0,0.000244971368440036,8.61415384867652e-05,0,5.23393971735388e-05,0,0,0,0,0.0272971687012352
0.00082419237221678,0.489071066202096,0.0634824325156621,0,0,0.000213064531369062,0.00469297553357012,0.000234018172430828,0.169459805848076,0,0,0.00063659363198486,0.00214060796020475,0.00041948149861716,0.000214392314298213,0,0.00747318024595804,0,0.00146950714546577,0,0.803917453688963,8.54726765255237,2.29619129632393,2.29780654328496,0.00835267154755247,0.00643434158412562,1.79652901756324,0.643412367859073,0.000579612626929338,0.0276471968704076,0.000529830654375837,0,0.0033249346148044,0.0727301397375921,0.00825265325127079,0.489901019556718,0.393016689483564,0.490827331723116,0.480518678295955,0.0250581585508754,0,0.000256905525472334,0.0130900224673293,0.000987635878452964,0.00139278217888527,0.00229307020050695,0.00215206778946125,0,0,0.000486415148581693,0.0164127841326581,0.000322021805934979,0,0,0,0.00179174341154528,0,0.109879335053381,7.72282059125877e-05,0,0,0.000169654429932475,0.000114250366115537,0.001240597911549,0.105452816674854,0,0,0.000223050711591252,0,0.0111084382761336,0.390066576464747,0.00530741903632851,0.0575752749688724,0.0033032468820487,0.000223142662457925,0.00684775413220434,0.0236445671097508,0,0.00304370042866587,0,0,0,0.000127422012771512,0.00275651617465686
0.00454648568126988,0.0665729815581945,1.81578040836454,0,0,0,0.00431439063166489,0.000863426903399423,0.00244956866141569,7.26450294339515e-05,0.050740550201973,8.68472664498909e-05,0.000987509500369331,0.000855023250865175,0,0.00747318024595804,0,0.00501897211279209,1.63701733367457,0.00028393642617236,0.0202786640634535,0.00497827806081095,1.39894879934619,0.0024211101503946,0.00164330829005459,2.26630528666713,0.216514664737317,0.0057624789714873,0.517419423156613,0.0101731979396449,0,0.00250061469877032,0.0124655905867012,0.271103559581816,0.000481527211036714,0.0609558135712375,0.499971687460898,0.0962547081655908,0.055057439322316,0.00242110260039065,0.00417876986546268,0,0.000527737135457232,0.000274571240603498,0.000359907547787267,0,0,0,0,0,0.0202114046248557,0.000403987290446594,0,0,0,4.2606078033732e-05,0,0.000770932251734007,0,5.79464637509007e-05,0,8.87466237318169e-05,0,0,0,0.000453409660392499,0,0,0,0,0.00102603844059708,0,0.000425982682002807,0,0.000499001553058405,0.00538770604819843,0,0,0,0,0,0,0,0.000122882845708811
0,0,0.001358995351926,0,0,0,9.65922955333143e-05,0,0.000429508863071526,0,0.371667851363968,0,0.00716038311160963,0,0,0,0.00501897211279209,0,2.32077166672338,0,0.000437033033675028,0,0.000549164347097605,0,0.0218609411973276,0.574915479640656,0.0133252797527029,7.57704287058861e-05,0.000395072040146279,3.208251116405e-05,0.0115019090253965,0,0.000257323987489899,0.0216833224239631,8.63070655851648e-05,0.00506801902962774,0.0260804119918175,0.0262619016837432,0.00849746469967347,0.00031014259269488,0.000304474165914117,0.000611624987578184,0.000351207501377016,0,0.000546352884060131,0,0,0,0,0,0.000691985411431839,0,0,0,0,0,0,0,0,7.7065692824646e-05,0,0.00047355130088432,0,0,0,0,0.000143010024367396,0.000269141023943181,0,0,0,0,0,0.00406730355809744,0.00183047398795634,0.00143129821621428,0,0,0,0.000680589915833182,0,0,0,0
0.00169888349616295,0.00921874026790591,0.0737821094810003,0,0,0,0.00096586459554564,0.000255092424475661,0.00419635669083641,0,2.20492308398731,0.000164367370677617,0.0335337977071093,0.00140705144561559,0,0.00146950714546577,1.63701733367457,2.32077166672338,0,0.000900031884986932,0.00238496682030433,0.00142745962957107,0.0190000822951361,0.00118962137155096,0.0813392874151838,3.36441041009833,0.135765742810095,0.00109302520624077,0.0156548203568229,0.0021992320418047,0.0417772261551442,0.00077418848745392,0.00604193805131885,1.55637958239211,0.000132754293842444,0.0363871874392848,0.190356225202999,0.57634881757518,0.116412788761156,0.00342852293088143,0.000599851030686613,0,0.000290194251426873,0.00227779618526433,0.00149521811971345,0.000259556436347091,0.000307815900546446,0,0,0,0.00281611953372831,0.000158268444753484,0,0,0,4.29663630676029e-05,0,0,0,0.000288209168388377,0,0.00271061556693186,0,0,0,0.00067438737566604,0.00133220267860758,0.00460254621286699,0,0,0,0,6.75863080194005e-05,0.0276468206263492,0.0151487080047167,0.0121890383451526,0,0,0,0.00283719621564907,0,0,0.000568880644159001,1.04220090320463e-05
0.0832412202244043,0,0,14.1911738441768,0,0.219592862228703,0.437686927384493,0.0791715509518282,0.481913268779623,5.68884106006181,0,11.6445832067725,0,0.0472598463790339,0.0179993204543772,0,0.00028393642617236,0,0.000900031884986932,0,0,0,0,2.69274617250153,0,7.77062234651957e-05,0.000111487575548742,0.57663181172007,0.0273820826159869,0.000684252520690042,0,0.000176397239367743,0.00992578551575145,0.0119751310143741,0,0.00715916328397214,0,0.00190348067042342,0,0.127834324430651,0.000299082451149395,0,0.000243873051599256,0,0,0,0,0,0,0,0,0,0.00163858295244701,0,0,0.000517532884240239,0.000296123345155845,0,0,0,0,0,0,0,0,0,0,0,0,0,0,0,0.000196604016365435,0,0,0,0.000267073264425252,0,0,0,0,0,0,0
0.0102510282712255,0.00462235413257034,0.30057102669057,0,0.000121602292627414,0.000265548379674296,0.16774288634275,0.00386724124231387,0.00304023335010743,0.000188061771055723,0.000286332484060808,0,0.00131760094955826,0.0381381597863736,0.000187447654757079,0.803917453688963,0.0202786640634535,0.000437033033675028,0.00238496682030433,0,0,0.0823171519447871,6.80051717461612,0.0536260101881694,0.000621977662217068,0.0133812982934467,0.069305420717453,2.79785697917478,0.422981996155351,4.15875690433727,0,0.000320001105373266,0.373692540478731,0.247784055418266,0.00948266985734212,0.522430420820089,0.332334736339243,0.664433554771332,0.357128720280575,0.0139127949553326,0.000551152785429002,0.000588849465317297,0.010966026619229,0.00111417813772756,0.00156999489282799,0.00121042605585611,0.00268294171800039,0,0,4.19645426109651e-05,0.000435173506697461,0,0,0,0,0.000155853291274142,0,0.0120526648512087,0.00012016537637441,0,0,0,0,0.000408833471728376,0.00647631056719294,0,0,0,0,0.00256779886215365,0.0315120543207176,0.000248115708953926,0.011140544449479,0,0.000396963565402689,0.000368156761864583,0.00469536873741466,0,0.000686663680698053,0,0,0,0,0.0037753444465088
0.000469619209861943,2.13369674083594,0.0193722289737763,0.000192823037038992,0,0,0.0091132764371956,0.000287745747536835,2.04298939150656,0.00011330444355701,0.000421869167597174,0,0.0115256388959319,0.000148131587628541,0,8.54726765255237,0.00497827806081095,0,0.00142745962957107,0,0.0823171519447871,0,0.314326622989192,2.29089776830073,0.437716635420076,0.00631326695428891,1.8057327891731,0.174737351020813,0.00115370172780849,0.00454988252828035,0.00291709316355306,0,0.000995084323393312,0.0088671866350631,0.000611077920550408,0.0438313235921012,0.0400155059278535,0.0360337509433625,0.0490816510441492,0.00190357258909764,0.000304037157447463,0,0.00296251908416081,0.00358358757228027,0.00365546516580462,0.0025606119517478,0,0,0,0.00216853479366075,0.174927005716773,0.00228027806059097,0,0,0,0.0112568512436072,0.000285210575567102,1.00848570179558,0,0,0,0.00106851046479827,0.000407953145265867,0,0.324175471378754,0.000336716764625343,0,0,0,0.0442131870920369,1.36400502007397,0.0170183947884106,0.202635577804897,0.0533348965301113,0.00145883658815967,0.0328759085497972,0.101758269022331,0.000281779231496448,0.0162450900220468,0,0,0.00171416976363033,0.00193185938514751,0.000254287408215608
0.0296474752041273,0.036061967524804,4.68995183271332,5.97455205323186e-05,0,0.00074471630005836,0.149407098162565,0.00830429743995684,0.00316656455084084,0.000425290073590255,0.00123715057948268,0.000259999731496637,0.00125424307140272,0.0379823612964904,0.000236396819866232,2.29619129632393,1.39894879934619,0.000549164347097605,0.0190000822951361,0,6.80051717461612,0.314326622989192,0,0.043987977125338,0.000746284224806816,0.231678524853594,2.22153301986528,0.606324252568713,0.680709926391183,0.375046102518334,0.000282614963714415,0.00101431233611446,0.0962407780675496,0.177141954649101,0.0226449583341123,0.915507422803983,1.53689301193089,1.02041175239619,0.828684598512182,0.0347364932937472,0.000940423559108085,0.000579581627123101,0.0199561488538204,0.000905096780758432,0.00153511039072198,0.00182709044602537,0.000958364635528389,0,0,0,0.00270576464541494,0.000116819559933494,0,0,0,8.24978054110191e-05,0,0.00402933122737474,0,0,0,0,0,0.000351676942016934,0.0019274297963162,0.000101989954514423,0,0,0,0.000410917461524485,0.0129902823384989,0.000550823358185599,0.00277972139106088,0.000186806781927795,0.000193987271267524,0.00478043351062247,0.00140482891376648,0,0.000129450334166697,0,0,0,0,0.0102048888239414
0.0498195137490344,0.222241292507209,0.0206275486214023,7.8621916916512,0,0.0614114842788495,0.572546016995934,0.0379762039725972,6.33226960079109,0.161517634562902,0.000408439586378623,1.91464146080535,0.00536952484674433,0.0315686327872027,0.0029509955524385,2.29780654328496,0.0024211101503946,0,0.00118962137155096,2.69274617250153,0.0536260101881694,2.29089776830073,0.043987977125338,0,0.0721528459312139,0.00526534887992175,0.310174374712288,4.43250987889754,0.0600763317500315,0.0704234697618172,0.00112765385222561,0.00061297267244943,0.0265315259315919,0.0511097639688874,0.00387466695832845,0.189978932701354,0.0533860988881764,0.0837243719224572,0.0711924396688324,0.135732061267645,0.000844086072456698,0.000208606602256387,0.0158896686035622,0.00130102886504859,0.00434140862845238,0.00473531926344483,0,9.61490048992202e-05,9.55395383574857e-05,0.0114243367077592,0.00654953216543802,0.000752233731608275,0.00911338714328987,0,0.000103871806191168,0.127635337366284,0.000657491734505689,0.478931838777771,0.00280545665255613,8.39493207783612e-05,0,0.00060103596441827,0.0066273078992931,0,0.0298637851837673,0.000139191076235679,5.95433397616038e-05,0.000101191664638682,0.000309754769074466,0.0115929218485763,0.181269613466923,0.00312114083057563,0.554792823450632,0.0057854633605315,0.000658020760243671,0.00639473427561098,0.246449787574535,0.00668551754242838,0.0403349352365127,0,0.000196604187665695,0.00344156726980736,0.00371460305922644,0.00134913652549397
0.000692254385637921,2.45661084735443,0.00103112167134893,0,0,0.000153367788400544,0.00251724063671386,0,0.371854979490399,0,0.747099992280449,9.72762463005714e-05,5.45487094432441,0.000138443644695901,0,0.00835267154755247,0.00164330829005459,0.0218609411973276,0.0813392874151838,0,0.000621977662217068,0.437716635420076,0.000746284224806816,0.0721528459312139,0,0.498152392587371,1.27492469722343,0.00548730774330258,0.001693812888057,0.000459145130488554,0.974333089566365,0.000377100078547583,0.00359055076192011,0.0250330421654503,8.90118006138533e-05,0.027579153234008,0.904082850433899,0.234268871058924,0.039538565973566,0.000617492882153715,0,1.24411909506407,0.00299857393965219,0.0116433571968059,0.00856588689453124,0.00481349724098692,0,0,0.000240900868143136,0,0.305211186496638,0.000911950698591439,0,0,0,0.000113784595578177,0,0.0710149526131353,0,0.00217256431730391,0,0.0248418467837202,0,0,0.00145255226860857,0.00244194567468334,0.00370604836908276,0.0170960559188623,0,0,0.127553406609857,0.00079405299370537,0.00498347584146372,0.518482254656963,0.0708430731754457,0.138239570257412,0.000738402365465541,0,0,0.0183620665486479,0,0,0.00238303463591921,1.15435230941212e-05
0.00359206756373243,0.149809675580501,2.31003146755731,4.97530344752738e-05,0.00022022202642984,0.000170071523926001,0.0077533546302858,0.000949567831196205,0.00711357478507752,0.000256285130613444,0.534597418157112,0.000216521239625833,0.235038549047287,0.00226131244608725,0.000696078675640588,0.00643434158412562,2.26630528666713,0.574915479640656,3.36441041009833,7.77062234651957e-05,0.0133812982934467,0.00631326695428891,0.231678524853594,0.00526534887992175,0.498152392587371,0,2.53649127864288,0.0086357123210455,0.0228269440455903,0.0104754786637606,0.29670986420081,0.00102100314825557,0.00534156391675359,0.297572785003864,0.00424782932297182,0.342881055647309,1.06163802653072,0.848284413751745,0.298779294733595,0.00484595809664359,0.000778522134298509,0.00587006432044564,0.00601539776610147,0.00752665451959263,0.011207024940167,0.00491490626105567,0.000460570920155784,0,0.00018380300867657,0.000129154126693641,0.0525036079178165,0.00106088383554762,0,0,0,0.000192517233619572,0,0.000885390555158761,0,0.00351861563332153,0,0.0253863962661165,0,8.8253793810493e-05,0.000313010345437459,0.00170794418150405,0.00355784063204167,0.0313910604596858,0,0.000196311636394706,0.0017868571759347,6.44868403903102e-05,0.00038443293464766,0.108198064194602,0.138949205055258,0.186498647693788,0.000343921186861981,0.000214185505506374,8.36595391796586e-05,0.0110850130426225,0,0,0.00291318058575363,0.00161555858972618
0.00339828728247003,4.21291113607523,3.40050616339653,7.64844084161723e-05,0,0.000192767394227504,0.0317399292972613,0.00161059890224669,0.17311917658499,0.000179561917032963,0.0358104415993585,7.45064453333726e-05,0.74080724944684,0.00226032119429146,0.000149600087682347,1.79652901756324,0.216514664737317,0.0133252797527029,0.135765742810095,0.000111487575548742,0.069305420717453,1.8057327891731,2.22153301986528,0.310174374712288,1.27492469722343,2.53649127864288,0,0.141210929099303,0.00865103082416244,0.0255656519735827,0.621409906803092,0.000528006116195546,0.002375296494098,0.196457710037297,0.0106632984737911,0.495010475290248,0.624931931305404,0.795712137628095,0.436215613929448,0.0101136064954117,0.00046653926783995,0.00100434002464849,0.016051347804395,0.0173314377312412,0.0212224967168188,0.0131088650385162,0.000564342132531083,0,6.65182428469557e-05,0,0.371614778702256,0.0104917563144678,0,0,2.88384084212979e-05,0.000443576766493174,0,0.0184951493723243,0,0.00353808833345046,0,0.0398438864592306,3.00695825597116e-05,0.000505645562251494,0.0342482354367509,0.00916705572192635,0.00331341810686408,0.0306191436018818,0,0.000868272818103067,0.15042343237725,0.00429271408270793,0.00875145174574744,0.216945196045246,0.232772987165748,0.684293117172926,0.00194068036848587,0.000112042505084681,0.000144553716208148,0.0130866112399979,8.57827083577301e-05,7.85387889807379e-05,0.00959700150161721,0.00491214510374173
0.0427923208515482,0.022397665890708,0.115340231586224,4.39490673984043,9.09143741306198e-05,0.0224111090176285,5.83272777190522,0.034350559189222,0.304096508024521,2.87089146957984,0.000682885901005668,0.0239747967140303,0.00169630020391932,0.0469783383186822,0.000418901751731177,0.643412367859073,0.0057624789714873,7.57704287058861e-05,0.00109302520624077,0.57663181172007,2.79785697917478,0.174737351020813,0.606324252568713,4.43250987889754,0.00548730774330258,0.0086357123210455,0.141210929099303,0,0.0675892960972578,2.27190369979725,0.00020424468490674,0.000994192284259912,0.0291470235164613,0.166448320169938,0.00602633504147782,0.493040164862475,0.195337617929161,0.311935037396509,0.199992031178197,0.00874450238295944,0.00151424631371871,0.000247247399094853,0.0145400759411393,0.00148115132025001,0.00188997513412982,0.00206770388033528,0.000146197536697038,0.000158837467886114,0.000135561573971218,0.00636320839086854,0.00201205601024827,0.00084919540788476,0.00468838974206161,0,0.000338461729280051,0.0564664669648026,0.000384039603632303,0.160136865294512,0.00120733102485463,0,0,4.3899180409368e-05,0.00286778459097651,0.000419021357396278,0.0073696346185647,0,0,0.000119896715458342,0,0.00459936191007833,0.0700307449796164,0.00107375208835771,0.275465651945075,0.0018128926130438,0.000354495437044351,0.00231518025728701,0.131421990967954,0.00306667823180854,0.0178220857246103,0,0,0.000667202148141774,0.00213227040628975,0.00198135436135692
2.73767955349768,0.00163884713705562,0.00557019906957976,0.00601896159367983,0.0868846310963572,0.318144814431887,0.273663926465225,0.840569747562269,0.023516348209714,0.0171832608818258,0.0367198226889432,0.0361250092541713,0.00192350681244702,8.37568811651419,0.00639370776916828,0.000579612626929338,0.517419423156613,0.000395072040146279,0.0156548203568229,0.0273820826159869,0.422981996155351,0.00115370172780849,0.680709926391183,0.0600763317500315,0.001693812888057,0.0228269440455903,0.00865103082416244,0.0675892960972578,0,6.61856371686833,0.00150582040723135,0.833244932111152,3.0853751625019,3.68292348598769,1.52117192875796e-05,0.0566027615744683,0.0218043024359861,0.673940196758495,0.0680086867713932,0.318987402619461,0.921967367942469,0.00126710905839639,0.000358425707502726,0,0.000199413358663856,0,0,0,0,0.00088876250243885,0,0,0.000236542595768642,0,0,0.00231393976564342,0.000106842395418269,0.00457133439834742,0,0,0,0.000144592145003591,0.000313174834360443,0,0,0,0,0,0,4.55021345391942e-05,4.24417255335818e-05,4.84470163685056e-05,0.0089473474810129,0.000189038345214911,0.000368279651524313,0.000813131644192228,0.00201896250369934,0.000138898030028634,0.000499572311352949,0,0,0,0,1.63252583082886e-05
1.56878980602549,0.00252637510495541,0.123272463715445,0.000458979609745207,0,3.64864840396596e-05,3.01329238512487,0.0298223633506792,0.0183338454281071,0.00117216697685862,0.000764482217598568,0.000109655152496902,0.000969430978034007,0.632469271908144,0,0.0276471968704076,0.0101731979396449,3.208251116405e-05,0.0021992320418047,0.000684252520690042,4.15875690433727,0.00454988252828035,0.375046102518334,0.0704234697618172,0.000459145130488554,0.0104754786637606,0.0255656519735827,2.27190369979725,6.61856371686833,0,4.03122673776129e-05,0.00201847242545593,1.78411649637998,0.746823419048406,0.00310980032928265,0.31762915411206,0.150584130675118,0.232757124042391,0.135398386676903,0.00360962607135576,0.00307139859157651,0.000167180572073506,0.00403061440982954,0.000513355101122589,5.06601726597729e-05,0,0.000144106228485777,0,0,0.000670241289738463,0.000133068086489437,0,0.000119442015893961,0,8.34617231006869e-05,0.00274128147579904,0,0.0156106356356177,0.000246429118370688,0,0,0,0,0.000139017842801172,0.000232800572884235,0,0,8.17107409007579e-05,0,0.000230370029482711,0.00350143917587325,0.000127975647585696,0.0175369052320006,0,2.50577222803004e-05,0.000402573479812889,0.00868793753409049,0.000409292354238575,0.00131351338034163,8.81194418151654e-05,0,0,0,0.00105431356167884
0,0.0109340713982616,0.00102682843215575,0,0,0,5.5376633322661e-05,8.48685066498853e-05,0.00406290076218375,0,0.0449968979053021,0,0.998668540622341,0,0,0.000529830654375837,0,0.0115019090253965,0.0417772261551442,0,0,0.00291709316355306,0.000282614963714415,0.00112765385222561,0.974333089566365,0.29670986420081,0.621409906803092,0.00020424468490674,0.00150582040723135,4.03122673776129e-05,0,0,0.000822412708927314,0.00583806492195242,7.4951373006644e-05,0.0272995722170066,0.16010810613735,0.0500139516673261,0.0249421197237091,0,0,0.0130679967626383,0.00100958008534488,0.00165340709828238,0.00148091570419936,0.00179870792022152,0,0,0,0,0.00136643251570261,0,0,0,0,0,0,0.000315630146153999,0,0.00150399513930819,0,0.00632037030512895,0,0,0,0.000630176305890712,0.00306354686627285,0.0126545191917598,0,9.89690850681331e-05,0.000384575314853974,0,0,0.0335554398849661,0.021734567412981,0.0131733737171218,0,0,0,0.00837383466211503,0,0,0,1.08289599796093e-05
0.0011151903584572,0,0,0,1.55705627657038,0.400671079239656,0.00137429371801555,0.0989555003273842,0.000313963097490294,0.000112958126141153,1.18995869008309,0.000550897425393045,0.000104813979737524,0.00367622270111328,0.000596248736460603,0,0.00250061469877032,0,0.00077418848745392,0.000176397239367743,0.000320001105373266,0,0.00101431233611446,0.00061297267244943,0.000377100078547583,0.00102100314825557,0.000528006116195546,0.000994192284259912,0.833244932111152,0.00201847242545593,0,0,0.0180958424135561,1.05115382536436,0,0.00115651491822884,0.00410105873600235,0.195051655051648,0.0150049262804406,0.465446352103222,2.61912019973293,0,0,0,0,0,0,0,0,0,0,0,0,0,0,0.000171348555045078,0,0,0,0,0,0,0,0,0,0,0,0,0,0,0,0,0,0,0,6.6517788592773e-05,4.03057997465223e-05,0,0,0,0,0,0,0
0.145074328514087,0.000696702763814902,0.000857044978151637,0.00310234843560853,0.00611465665084077,0.00307557444941442,0.0722587378478872,0.0113610862992578,0.0256525331908941,0.00314765097172079,0.0034600072301596,0.00862409013823031,0.000640903849647149,0.0511198216499313,0.00265608136912415,0.0033249346148044,0.0124655905867012,0.000257323987489899,0.00604193805131885,0.00992578551575145,0.373692540478731,0.000995084323393312,0.0962407780675496,0.0265315259315919,0.00359055076192011,0.00534156391675359,0.002375296494098,0.0291470235164613,3.0853751625019,1.78411649637998,0.000822412708927314,0.0180958424135561,0,1.33400773414064,1.03822641035282e-05,0.0267864368753253,0.0151485531697765,0.584376015745685,0.18126189648897,0.0128085709154775,0.0158560428360342,0.00128206766365846,0.000256305889398244,0,0,0,0,0,0,0,0,0,0,0,0,0.001235830422332,0,0.00605135028899003,0,0,0,0.00017121018954474,0.000305434353798806,0,0,0,0,0,0,0,0.000672836951688238,0,0.00545270200808821,0.000315850260297994,0.000193368585974532,0.000357530424610007,0.00140416896397522,6.29787391440394e-05,0,0,0,0,0.000334525680047389,7.77239701639371e-05
0.117865600991062,0.0263694613618135,0.121335493301904,0.000985261892939017,0.111323200138512,0.0212715305315713,0.108344623880323,0.0646266053283128,0.0207502081380167,0.00637491211849361,2.85409960317905,0.0346438244773627,0.0406905694920062,0.141304661093226,0.0113294390853771,0.0727301397375921,0.271103559581816,0.0216833224239631,1.55637958239211,0.0119751310143741,0.247784055418266,0.0088671866350631,0.177141954649101,0.0511097639688874,0.0250330421654503,0.297572785003864,0.196457710037297,0.166448320169938,3.68292348598769,0.746823419048406,0.00583806492195242,1.05115382536436,1.33400773414064,0,0.00145726862918876,0.274576504720001,0.374730943706115,6.4573558865523,0.464841978491973,0.505980598405821,3.4118006297492,0.0199493872644657,0.00184312537146867,0.00122271198020469,8.92476018162468e-05,0.000473533581141172,0,0,0,0.000232837300560271,0.00320306614896584,0,0,0,0,0.002987377498495,0,0.00675712428556066,0,0,0,0.000635617504494483,0.000168523644309004,0,0.000183267479796786,0.000499684063282712,0,0.000772551455245948,0,0,0.00240854260189139,0,0.00805532178940774,0.00881130654941447,0.00359826090361654,0.00842755661228078,0.00418606821133951,6.01472865174515e-05,0.000411611923566841,0,0,0.000234269202525205,0.000131009181586317,0.000413086910251622
0.000176598981882513,0.000544496953800865,0.00309238493160236,0,0.00300362521473105,1.09026798921872,0.00201521558949708,0.0175179093326758,0.000110311519641189,9.81938619837308e-06,0.000478784762131119,0.262963274413611,0.000355181863487505,0.000160109437188554,0.268563499805339,0.00825265325127079,0.000481527211036714,8.63070655851648e-05,0.000132754293842444,0,0.00948266985734212,0.000611077920550408,0.0226449583341123,0.00387466695832845,8.90118006138533e-05,0.00424782932297182,0.0106632984737911,0.00602633504147782,1.52117192875796e-05,0.00310980032928265,7.4951373006644e-05,0,1.03822641035282e-05,0.00145726862918876,0,0.151717552246905,0.0617299719897441,0.0256599934004123,0.0316707670832803,0.0138249897720193,7.40311567187842e-05,1.46576902387434e-05,0.0541993755208523,0.0226412150193122,0.0181661218469271,0.0209906352163381,0.0723638558169889,0,8.35591911184505e-05,0.000113682992571389,0.000344745097879774,0.00120683122199255,0,0.000715213024472584,0.040120134526679,0.000366900579318407,0,0.000241763910827766,1.11456049763179e-05,0.000239026732110216,0.0116791369985636,4.52662590698077e-05,0,0.0502857074623243,0.0040728960643398,0.000484398496597284,0,0.000294066893349098,0,0.00350189481157324,0.000192523797196704,0.0145019294085558,0.00061141147076852,3.76255917758786e-05,0.00209437530728469,0.00667195406500032,0.00203487021374509,2.67465664263167e-05,0.000858608304843314,9.14547969631696e-06,0,0,0.00113173321416577,2.30446546279159
