0,0.00169123091288581,0.00263122829339832,0.00125976860314088,0.000133567773876181,0.00377037815928748,1.02810827763737,0.186672955194781,0.033752990119263,0.0109405086802123,0.000238085947725348,0.00016546594007804,0,4.34874625321939,0,0.0108734091580024,0.00296258338583021,0.000114657712736539,0.000527317961434237,0.00159762132671846,0.00280877704989795,0.0124043942389895,0.00442518640231912,0.0459035185949896,0.000162762468040467,0.000544033075699673,0.000793239804751624,0.0572181987334352,2.19375032033519,1.32384114550775,0,0,0.355686944919739,0.243432027151277,7.64927833997886e-05,0.0357618344689362,0.00563550253473398,0.0475204488757181,0.0291010170468091,0.00592396530848659,0.00184827588842664,0,0.000525708117284817,0,0.00426045241285778,0.00356029509673719,0.000515032656859021,0,0,0.00381752713020797,0,0.000534484733387367,0,0,0,0.000957853646139502,0.00063031321860056,0.0213564059833054,0,0,0.000112535038046015,0,0.000961570604540309,0,0.00595111453386746,0.000371302157404496,0,0,0,0.000640467188334907,0.00151398879115205,0.00117991418231544,0.00790145777996338,0,0,5.36401924877764e-05,0.00588305609864743,0.00066609422629685,0.00131312974282324,0,0,0.00389819993336207,0.00026509460831729,6.38705987018257e-05
0.00169123091288581,0,0.00806496925226024,0,0,0,0.000218652396331108,0.000377633292056284,0.0961334512224079,8.17724152011685e-05,0.0104234456765743,0,0.0145068459978577,0.000325696565170255,0,0.0866970568262121,0.0114014515936249,0.00129582727698996,0.0263869197733728,0,0.000284201589467639,2.04779045605354,0.00383323330108692,0.0300828359938802,1.77869481620685,0.0306314603656059,1.38982461034163,0.0032632776573319,0.000567280280288321,0.000559003384273001,0.010870238205152,0,0.000161526076934496,0.0223841702716718,0.00011435641252149,0.00889601367270591,0.0181795843270368,0.0914259780200274,0.0121877893461262,0.000671415486586953,0,0.000279481068372413,0.00496196212933045,0.019497011779858,0.0297905604506003,0.00734818721011071,0,0,0,0,1.19194364149815,0.00258041222511637,0,0,0,1.56933407953622e-05,0,0.0127158885553121,0,0.000643197893586092,0,0.00822667578286019,0,0,0.0269507658273294,0.00682405052998433,0.000143640593341297,0.000755238339872257,0,0.000160398956381755,0.316725431955805,0.00109850817712911,0.00136738590063129,0.238298882478138,0.00817650138822782,0.0926136653285477,0,0,0.000226758424228337,0.000192372022920464,0,0.000235055693740827,0.0046768814230311,5.50098096321373e-06
0.00263122829339832,0.00806496925226024,0,0,0,0.000500331485022709,0.0309618238256335,0.00708916767071974,0.000563900885712282,0.000356083251071214,0.00027043721715961,0,0,0.00465105288582334,0,0.012814174265116,1.75630218879867,0.000751849951825914,0.0282687079690915,0,0.0747467958851377,0.0122793512798724,1.67481464308416,0.00166385348349642,0.00063142805237184,0.976033844166557,1.28562383148026,0.0501032340941776,0.00116540320253773,0.0356731402994169,0,0,0.000361140219808658,0.176932108307314,0.000580075216283224,0.0289049834472614,0.290890501442147,0.199619447057199,0.0573559400419317,0.00169742433800853,0,0,0.000352122312643088,7.27321570366079e-05,0.00012529886612829,0.000245122460512161,6.11816377651853e-05,0,0,0,0.00224186160864841,0,0,0,0,2.85741314556692e-05,0,0.000901087864949566,0,0,2.80030603760596e-05,0,0,0,0.00264598798590501,4.37453292558292e-05,0,0,0,0.000129602010595657,0.00221446023179019,0.000293151421580048,0.000732668631434111,0.000517386013624043,0.000108826063255496,0.000816013745900854,0.00028131330857673,0,0,0,0,6.82616136981409e-05,0,0.000365509467443047
0.00125976860314088,0,0,0,0,0.00340384598305528,0.00632843707864526,0.00324048655296737,0.0410537789738406,0.776242767072365,0,1.25205891975836,0,0.00136098314589611,0.000272970067033204,0,0,0,8.02174656939353e-05,7.34803670729708,0,0,0,2.16343170018731,0,0,0,2.62152317630847,0.00133743859887268,0,0,0,0,0.000282884133845876,0,0.00018339268851002,7.52289720952074e-05,0.00146940511420884,0.000120462405729577,0.000911601967032993,0.000515131451777805,0,0,0,0,0,0,0,0,0,0,0,2.9509005470305,0,0,0,0,0.000287843545576589,0.268682159759024,0,0.454247468031979,0,0,0,0,0,0,0,0.226328111469548,0,0,0,0.00124137128326911,0,0,0,0.000505366021734233,0,0,0,0,0,0,0
0.000133567773876181,0,0,0,0,0.99853521184086,0,0.0106776582721026,0,0.000154033183662436,0.000156882820998674,0,0.000114802470880214,0.0567164571370505,0.301900489349773,0,0,0,0.000249158406954053,0,0,0,0,0.000278045892022578,0,0.000263033990552459,4.7036033606827e-05,2.55577638313687e-05,0.09611043348613,0,0,1.25380707023661,0.000227267792202834,0.388568572932039,0,0,0,0.0160345794997295,0.000826387231086224,0.740691051046851,2.63849916634064,0,0,0,0,0,0,0,0,0,0,0,0,0,0,0.000151239139789261,0,0.000206958822905948,0,0,0,0,0,0,0,0,0,0,0,0,0,0.000128444067918848,0,0.000327549797230408,0,5.43323603739015e-05,0,0,0,0,0,0,0,0.000360864805243931
0.00377037815928748,0,0.000500331485022709,0.00340384598305528,0.99853521184086,0,0.109116978919954,0.706151493058147,0.046091636644131,1.72920926838409,0.00626199346795367,2.65372079599018,3.78847757037579e-05,0.244446340564866,1.10822963704471,0.00064025435722783,0.00019227355643287,0.000444771236282972,0.00367861450422209,0.136082581024003,0.00058132661658431,0.00021670761444862,0.001106845478912,0.027132116808519,0.000294041697200505,0.00224273958942294,0.000515819716908832,0.0251665240736186,0.131181978459658,0.00256513328166697,4.7255515006909e-05,0.103067947528385,0.000461022382884895,0.17593571551134,0.000700687419110455,0.00284680784268441,0.000906303218537913,0.118945601241819,0.00707272427998772,0.755280722381671,0.230733557230456,7.02628530533421e-05,0.000381541448450221,0.000195346664940039,0.00033766242366573,2.0432591654757e-05,0.00057672565938368,0,0,0.00014378269299052,0,0,0,0,0.000253949389978801,0.000659061707662657,7.33230685314064e-05,0.0146928130094866,0.000178403724132447,0,0.000423705701694711,0,8.23920251660504e-05,0,6.45773953309255e-05,0.000336157243258032,0,0,0,2.15894016269459e-05,0,0,0.00842637095508209,0,0,0.000257960959896179,0.000726142768678622,9.66991137584499e-05,0.000159321014189941,0,0,0,0,4.23650413624176e-05
1.02810827763737,0.000218652396331108,0.0309618238256335,0.00632843707864526,0,0.109116978919954,0,0.632193477901006,0.123135111252074,2.29554972255745,8.76731003866425e-05,0.000886102248943597,0.000122497420451091,0.512292400342298,0,0.0156684587114241,0.0108001924692971,6.5482084545529e-05,0.000763458137850552,0.00658842994493408,0.0607959663094117,0.00612349308470262,0.0775101149588929,0.218243634137153,0.000217817356794409,0.00351787712463446,0.00708796811150902,2.26061316473503,0.0558979231503364,1.80237994604116,0,0,0.00728867836453987,0.0759500572101483,0.0012267299748599,0.0539039794040347,0.0218029579843143,0.0654950799631282,0.0364858181793632,0.0122299179948709,0.000776419338578797,0,0.00176247306021564,3.40721047258135e-05,0.00471531388670447,0.00152119531809891,0.000218602722674888,0,0,0.00607107674500567,8.31976956577759e-05,0.00017351087972814,0.000205210873295732,0,0,0.00416815450574438,0.00107490318775377,0.0530157662635847,0.000401198862208338,8.79899960161347e-05,0.00031769821051075,0,0.00128631491272997,0,0.00644369594082682,0,0,0,0.000193780099133118,0.000972478816353074,0.00165176518392579,0.00153001307508473,0.0208313768736689,0,0,0.000185972836378559,0.0144710530748708,0.00145695083423454,0.00091790025105889,0,0,0.00172537277357698,0.00110500736032083,6.05285600545692e-05
0.186672955194781,0.000377633292056284,0.00708916767071974,0.00324048655296737,0.0106776582721026,0.706151493058147,0.632193477901006,0,0.0368759633056853,0.646712213581385,0.00585473483598718,0.00633459064026431,6.49625747943354e-05,3.42653323453524,0.000628897125330208,0.00613919569137205,0.00595858628479356,0.000352207272545708,0.00406343880358622,0.0286178461840477,0.0154324677934335,0.00418853862402571,0.0205300128520959,0.0565238184228416,0.000273833617033405,0.00400139826926451,0.00438482208597111,0.0794846463614332,0.179721993641344,0.0688203711908612,0,0.325808277338935,0.00627503734032559,0.198772213619453,0.000562600347061565,0.0247364584456768,0.00826408614199247,0.114657336474003,0.0193805681737032,0.122455808911339,0.0509169292063164,0,0.000513058367007574,0,0.0012576030692286,0.0008401653336634,0.000137286164477326,0,0,0.000521424967705873,0,9.73932652082467e-05,0.000340302680899934,0,0.000141523854357617,0.00152446982399409,0.000418231260756684,0.0191320360281344,7.60505041117691e-05,5.65839345073524e-05,0.000272636926289523,8.21102045908406e-05,0.000546294552490592,0,0.00250425998400962,0,4.24600173484471e-05,0,0,0.000530103791798965,0.000786214540939691,0.000533366810727488,0.00991286812685326,5.24103663102123e-05,0,0.000223493246197949,0.00436433396055053,0.00033790982967671,0.000539016485776806,0,0,0.00111386598848375,0.00084110558874651,0.000247505934248971
0.033752990119263,0.0961334512224079,0.000563900885712282,0.0410537789738406,0,0.046091636644131,0.123135111252074,0.0368759633056853,0,0.166556877976836,0.00271547443694895,3.1652528952602,0.00238508067563997,0.0197339330427894,0.35651738640184,0.0299759157665341,0.000247095057016518,0.000262668017202974,0.00182358403095128,0.370080516701096,0.000370708651361575,1.54409295990761,0.00222583102032745,3.45917251371791,0.053296754505056,0.00296703581304832,0.02536262763322,0.161235621368051,0.0310662402483147,0.0125333655157128,0.000807218799980052,0.000142338690003472,0.0122234288363478,0.0259255325374978,6.92454768452144e-05,0.0395400675241951,0.00470226502035579,0.0376605958485143,0.0391247062409187,0.82792405531525,0.00262129142055748,0,0.00601560783360239,0.00278233854365942,0.0102327017477384,0.00535618635720761,0.00395142033487071,0,0,0.00537766981532457,0.0141760202089557,0.000725072398755704,0.000734061739110352,0,0,0.00104965959366632,0.000820777018876258,0.786772320755716,0.000556192192977542,0.000155910576420177,0.00158447569869814,0,0.00057273860898089,0,0.0614297854859778,0.000395589893031283,0,0.000255866254398773,0.000311175034254679,0.00102644161397813,0.0781061778004792,0.00210623680872882,0.0399866503531045,0.00292192758808772,0.000225447297941419,0.00340568677012733,0.00624595698930031,0.00113896052492532,0.00246602549641486,0,0,0.00228936900359645,0.00169052202267738,2.83951348558384e-05
0.0109405086802123,8.17724152011685e-05,0.000356083251071214,0.776242767072365,0.000154033183662436,1.72920926838409,2.29554972255745,0.646712213581385,0.166556877976836,0,0.000684245376839311,1.21030835281673,0,0.32541135859897,0.000123269089782546,0.000876234788511717,8.8158364882223e-05,0,0.000329894353082508,2.34931617587999,0.00071145217548288,0.000231977030766376,0.00150192665394221,0.119702476581716,0,0.000258391351167274,0.000171341924680465,1.55292680285273,0.0377489972006825,0.00246819834486199,0,3.71270377150243e-05,0.00157921923926892,0.037198107066557,0.00407308179323286,0.0155843526875043,0.000745877665189549,0.0249726596738719,0.0143708674228195,0.0468729591994602,0.00176949464279917,0,3.8166064905169e-05,0,0.000257712166212128,0,0.000186227376284535,0,0,0,0,0,0.017261582044008,0,0,0.000298031945473659,0.000139958673986728,0.0159447167173955,0.0128278814498467,0,0.00234559617533829,0,0.000387834371849827,0,0.000473610329473604,0,0,0,0.000244041405453405,4.94130713492471e-05,0.000110246401122582,0.000192517827825451,0.00841025584416995,0,0,2.11115612223155e-05,0.00117312084118636,1.45433699235516e-05,0.000276687848409096,0,0,0.000137717764906702,0.00012589671648328,2.48929836584588e-05
0.000238085947725348,0.0104234456765743,0.00027043721715961,0,0.000156882820998674,0.00626199346795367,8.76731003866425e-05,0.00585473483598718,0.00271547443694895,0.000684245376839311,0,0.000136276542324508,0.967734292172612,0.00851192395508795,0,0.000541461915288181,0.00312571648352559,0.299350647562929,1.95956081389738,0,5.84029941550221e-05,0.00347247988894318,0.000183206822113606,0.000915637258078351,0.726179386795695,0.577331336772619,0.0457806720825416,0.000352288004001201,0.00657513765856073,0.000125333914842766,0.217097648380771,0.00031675535610079,0.000107055231379627,0.462035944324606,0,0.00392029970191827,0.559835340992803,0.830935291206786,0.00939668323357658,0.00337084540259994,0.000658332076768921,0.137932040035172,0.000432910841098786,0.013562025941093,0.00616890090961051,0.00140223697426732,0,0,0.00149340571752857,0,0.00410490055052168,0,0,0,0,0,0,0.000477126216809903,0,0.00200239866748169,0,0.015836265141318,0,0,4.14077145166471e-05,0,0.00110008616924619,0.000416831175860489,0,0,0.00157766911180467,0,0.000420978623978153,0.0249105323999863,0.00598373392416443,0.0271731388148829,0,0,0,0.00158283786341181,0,0,7.83170665577537e-05,8.3928199366398e-05
0.00016546594007804,0,0,1.25205891975836,0,2.65372079599018,0.000886102248943597,0.00633459064026431,3.1652528952602,1.21030835281673,0.000136276542324508,0,0,0.000854104613136869,0.20686265594662,0.000621077651250945,0,0,0,8.29804895574674,0,0,0.000124050205019459,1.57942686048031,0,6.92198959813763e-05,0,0.0331589907137854,0.00146210962816858,0,0,0,0,0.00164311666723341,0.00752056193662744,0.000127817375525927,0,0.00189189801567251,0.000571306878530131,0.974934084576972,0.000425049900485913,0,0.00219701542937285,0,5.44169936689733e-05,0.000164497211505261,0.0040946582265667,0,0,0,0,0.000676172165504217,0.117774545083813,0,0,0.000196712998957654,0.000120868728868613,0.0112980298026624,0.0163137304237522,0,0.92392189941852,0,0,7.84281043271808e-05,0.00131135200768929,0,0,0,0.000166515688894922,0.000530087899112085,0.000147154835297505,0.000165748271111489,0.00980547834390376,0,0,0,0.00239651001150468,0.000576976295400961,0,0,0,0,0.000201117404338806,2.98323091472551e-05
0,0.0145068459978577,0,0,0.000114802470880214,3.78847757037579e-05,0.000122497420451091,6.49625747943354e-05,0.00238508067563997,0,0.967734292172612,0,0,2.99420952272766e-05,0,0.000654033141788591,0,0.00180465908274468,0.00182088145162297,0,0,0.00645392214989575,0.0002154001700184,0.000587589858344712,1.14525610179698,0.286597050054693,0.152756617341976,0.000188318826360479,9.67975967164723e-05,4.77819931093545e-05,0.750345945277043,0,0,0.000947480838164668,0.000332669937701448,0.053035651159915,0.438439693310019,0.0597789581256636,0.0452413784167705,9.58232472957161e-05,0,0.419367912134633,0.000140254182888603,0.00594998390447494,0.00236374796008884,0.00127505269026184,0,0,0.000255092553680556,0,0.0035416370076637,0,0,0,0,0,8.36365586616081e-05,0.000112114292755818,0,0.00420750859950552,0,0.120494823882375,0,0,0.000290862139419342,0,0.000355787544930323,0.000164138462247312,0,0,0.00154796680450911,0,0,0.0100549518782924,0.00258172778460416,0.0122134773639733,0,0,3.52863184268151e-05,0.00115820263604827,0,0,4.31515415166791e-05,5.84463931035083e-05
4.34874625321939,0.000325696565170255,0.00465105288582334,0.00136098314589611,0.0567164571370505,0.244446340564866,0.512292400342298,3.42653323453524,0.0197339330427894,0.32541135859897,0.00851192395508795,0.000854104613136869,2.99420952272766e-05,0,0.000285535651991709,0.00569259520286448,0.00447566887491729,0.000806805386518034,0.00576223522542516,0.00589794860741089,0.00699346021766025,0.00263264062458965,0.00786909646835236,0.0309349617962664,0.000537087493670336,0.00391491042803367,0.00314500505271158,0.0412377047286621,2.58812154359841,0.0665082292427355,0.000114331826640045,0.24163748657011,0.00558720367798872,0.48902577363732,0.000170589069813631,0.0148651321711299,0.0038291441567487,0.128199250813551,0.0155942547543114,0.12865838245912,0.094925690653601,0,0.000341203869740957,0.000522086718055904,0.00124397829580364,4.55657974971022e-05,0.000140244022854841,0,0,0.000709700580738556,0,6.81550586868465e-05,0.000277739956512757,0,0,0.00081816618287215,0.000564717451631068,0.0134675562151306,3.65415593505882e-05,0,4.19034965098404e-05,4.28120927111076e-05,0.000149820376382457,0,0.00304489152073246,0.000203570034222025,0,0,0,0.00032713127105727,0.000251850102389177,0.000120878687681179,0.00439704762020776,0.00014604103427944,0,7.81658028107205e-05,0.00344409790843295,0.000200464390805754,0.000812568800686198,0,0,0.000394672839147875,0.000738952598601132,2.50407052904038e-05
0,0,0,0.000272970067033204,0.301900489349773,1.10822963704471,0,0.000628897125330208,0.35651738640184,0.000123269089782546,0,0.20686265594662,0,0.000285535651991709,0,0.0017639314535418,0,0,0,0.000741230831947964,0.000132831198164283,0.000307748824153915,0.00161221845109692,0.00175951069441027,0,0,0.000306989139913907,0.000149397260360987,0.000483998698433001,0.00033298495861587,0,0.000106682307537418,0,0.000151503772963112,0.0537991020299302,0.00212958821810827,0.00579788291935891,0.000697119607266192,0.00411553732317686,2.82728318818323,0.00609983481218644,0,0.00279205410221622,0.0192332225904774,0.0105158726672078,0.0196133880898624,0.00960905856836972,0.000228356646631171,0,0,0,0.000918548563272975,0,0,0,8.42018055230058e-05,0,0.00081563339801115,0,0,9.32746288703258e-05,0,0.000247346435591596,0,0.00266734026757995,0.000167593604018381,0,0,0,0.000306134855923609,0.000121750012126399,0.00178843527395442,0.00120237271414417,0,0,0.000280456362115189,0.000179528680589259,5.41437482067344e-05,0.000595251446257245,0,0,0,0,0.0288222653764069
0.0108734091580024,0.0866970568262121,0.012814174265116,0,0,0.00064025435722783,0.0156684587114241,0.00613919569137205,0.0299759157665341,0.000876234788511717,0.000541461915288181,0.000621077651250945,0.000654033141788591,0.00569259520286448,0.0017639314535418,0,0.00533753387844864,0,0.000585911225651422,0.000186258679219398,1.97868305943141,2.12842513141569,1.88135349419217,0.717075489619576,0.0132191022946031,0.00135875054740502,0.534953572661353,0.718908245011755,0.00621290726261017,0.0445399851372567,0,0,0.00333186290241653,0.1319335549802,0.00458047326943341,0.35108410273806,0.178000244264757,0.19568866072608,0.152638035322401,0.0232896620113059,0.000326628027521283,0.000769228813046283,0.0328029161198072,0.0126771701018386,0.0282594595664304,0.0166886238688055,0.00276062526160118,0,0,0.00436019958380716,0.0100856646761081,0.00617940082594367,0,0,0,0.00179714764207295,0.000483146336223178,0.0627489725592235,7.5442220687698e-05,0,0.000225896664437193,0.000399435748733997,0.00125975631639982,0,0.316280743957625,0.00450746183257767,0,0.000558209000370652,0,0.0100865409204955,0.162390880899479,0.0189789074880982,0.0163367168417428,0.00431177211878177,0.000247007765722304,0.00974921718091641,0.00932970766841447,0.00141287716233543,0.0112213606236365,0,0,0.00456080579869816,0.00620555044595018,0.00147175513506486
0.00296258338583021,0.0114014515936249,1.75630218879867,0,0,0.00019227355643287,0.0108001924692971,0.00595858628479356,0.000247095057016518,8.8158364882223e-05,0.00312571648352559,0,0,0.00447566887491729,0,0.00533753387844864,0,0.0042388283985764,1.35509318253586,0,0.0388846252627847,0.00658109212966602,1.23051378759172,0.000692865923271337,0.000250274734983996,1.01923369883964,0.235931818226092,0.0068944411270845,0.000194845086199665,0.0347777407028144,0,0,7.96509785807274e-05,0.241434379101999,0.000177021163215248,0.00927232840606525,0.153943133899522,0.102863887155895,0.0207908690825274,0.000316945043327294,0.000167030009185417,0,0.000213081079522478,9.57679841122813e-05,0,0,0,0,0,0,0.00206556527059459,0,0,0,0,0,0,0.000231830121308528,0,0,0,0.000447621503951581,0,0,0.00127019628545582,0,0,0,0,0,0.000460675936898268,0,0,0,5.45695720907107e-05,0.000494232221388625,0,0,9.95845317798569e-05,0,0,0,0,3.72403429216126e-05
0.000114657712736539,0.00129582727698996,0.000751849951825914,0,0,0.000444771236282972,6.5482084545529e-05,0.000352207272545708,0.000262668017202974,0,0.299350647562929,0,0.00180465908274468,0.000806805386518034,0,0,0.0042388283985764,0,3.84714035332232,0.000265849159151385,0,0.000492192782116393,0.000283356909400983,5.98184602456225e-05,0.0165340463514613,0.791697720091319,0.00861496560049781,5.60647772665929e-05,0.00071010154223663,0,0.00473058641887545,0.00067742482267363,0,0.0143678112383913,0,0.00353677264210762,0.02119645804664,0.0830285461723655,0.00838543116172388,0,0,0.0016329258004341,0.000204999768968446,0.00396770014767908,0.000599352690298984,0.000743338079273886,0,0,0.000247698800634336,0,0.00155564415164708,0,0,0,0,0,0,0.000254888447256157,0,0,0,0.00437404122301612,0,0,0.000489776492799406,0,0.00125384011591759,0,0,0,0,0,0,0.0070506745517857,0.001992198608701,0.00613561203965884,0,0,0,0,0,0,0.000154922842916669,0
0.000527317961434237,0.0263869197733728,0.0282687079690915,8.02174656939353e-05,0.000249158406954053,0.00367861450422209,0.000763458137850552,0.00406343880358622,0.00182358403095128,0.000329894353082508,1.95956081389738,0,0.00182088145162297,0.00576223522542516,0,0.000585911225651422,1.35509318253586,3.84714035332232,0,0,0.00241390823269094,0.00262819710817634,0.00442913014962431,0.00109910615037862,0.0102883808158353,1.21234999103247,0.0764501177064097,0.000387751733659782,0.00521218454956736,0.00198133930449739,0.00547245534952047,0,0.000152269700601551,0.629603196461873,2.81736181618267e-05,0.0100773856014115,0.112823473985074,0.417510514705676,0.0273478396424837,0.00244095396252402,0,0,6.85900176338461e-05,0.00395707726520822,0.00215611827208384,0.0007110874597944,0,0,0.000507549646679033,0,0.00784298702489043,0,0,0,0,0,0.00012332120078559,7.94412745050059e-05,0,0.00053532243700391,0,0.00355073705666952,0,0,0.000255870973544429,0.00018298777292107,0,0.000194678794265385,0,0,0.000582717391020823,3.49338323517197e-05,0.000221100591271978,0.00846606240533225,0.000868568023325663,0.00675444522409731,0,0,0,0.00023215489221784,0,0,0,0
0.00159762132671846,0,0,7.34803670729708,0,0.136082581024003,0.00658842994493408,0.0286178461840477,0.370080516701096,2.34931617587999,0,8.29804895574674,0,0.00589794860741089,0.000741230831947964,0.000186258679219398,0,0.000265849159151385,0,0,3.73194667747092e-05,8.09619954822774e-05,0,1.25918714954798,0,2.97272405875371e-05,0,0.996836603442796,0.0086469787038542,9.13289034120274e-05,0,0.000220326937427455,0.000469446951933442,0.00912340639115187,0,0.00330160242517327,0,0.00671185928458641,0.00587017897878962,0.0330490671628264,0.000623241093943919,0,5.17293916277722e-05,0,0,0,0.000685851355559949,0,0,0,0,0,0.360789831474868,0,0,0,0,0.00416002997441042,0.0111186185869235,0,0.633360145255407,0,0.000313300972636234,0,0,0,0,0,0.0257528520040107,0,0,0,0.00292029537724312,0,0,0,0,0.000310209996813315,0,0,0,0,0,0
0.00280877704989795,0.000284201589467639,0.0747467958851377,0,0,0.00058132661658431,0.0607959663094117,0.0154324677934335,0.000370708651361575,0.00071145217548288,5.84029941550221e-05,0,0,0.00699346021766025,0.000132831198164283,1.97868305943141,0.0388846252627847,0,0.00241390823269094,3.73194667747092e-05,0,0.00796573377850661,3.08712169216667,0.0282084851987078,7.56349495846819e-05,0.00733435675335992,0.0203925562659591,0.675369326366006,0.00240858431829025,1.71391091083662,0,0,0.0670058958267527,0.229189174508285,0.0024095993367196,0.107145064043727,0.0583707392127121,0.145886395698973,0.0709409464051889,0.00707532941807513,0.00050771182516586,0,0.000892397852538267,0.000283904512745511,0.000942530666219268,0.000564957478503412,3.14458075492045e-05,0,0,3.98352038002295e-05,0.000112225861196798,0.000233397263240579,0,0,0,3.40585703352645e-05,6.51646298649167e-05,0.00192697461274875,0,0,8.74157133935165e-05,0,5.57141104541993e-05,0,0.00780077424938427,0,0,0,0,0.000646447640148318,0.00258778745863657,0.000700246905492746,0.000982607756410065,4.79140822344272e-05,0,0.000449964951131701,0.000338366808597092,0.000174800708328533,0.000898734382232276,0,0,0.000108418714187156,0.000410939627388723,0.000844194964365957
0.0124043942389895,2.04779045605354,0.0122793512798724,0,0,0.00021670761444862,0.00612349308470262,0.00418853862402571,1.54409295990761,0.000231977030766376,0.00347247988894318,0,0.00645392214989575,0.00263264062458965,0.000307748824153915,2.12842513141569,0.00658109212966602,0.000492192782116393,0.00262819710817634,8.09619954822774e-05,0.00796573377850661,0,0.0337234033037872,1.0708818626974,0.215835215942034,0.00872840824729052,0.964405101543016,0.0736644228779896,0.00437444517966322,0.0180593777424007,0.00419686812840742,0,0.00357830585595139,0.0473747030401753,0.00133896291324716,0.105672981218403,0.0645890434945938,0.0952763795324705,0.0651658253552138,0.00610746749659345,0.000103172808867416,0.000552321709603974,0.045295616246275,0.0284666196050518,0.0419369844066857,0.0281338575216704,0.000750875473775064,0.00013963726016278,0,0.00293481945129978,0.180295180753086,0.0114673932369842,0,0,0,0.00119819305801755,0,0.160825242445731,4.2105042276747e-05,0,0.00172095757567634,0.00292840457984492,0.00056979806951083,0,0.559975854287257,0.00725143013744313,0.00022352522493314,0.000383191722239183,0,0.00688343689453132,1.1013699269404,0.034312743018601,0.0289460799357535,0.0400105862065544,0.00215753576785044,0.136325563225267,0.0125168712693955,0.00114791880369363,0.00834422123957787,0.00124325918392892,0,0.00582153456398008,0.00886613697476233,0.000677633684178101
0.00442518640231912,0.00383323330108692,1.67481464308416,0,0,0.001106845478912,0.0775101149588929,0.0205300128520959,0.00222583102032745,0.00150192665394221,0.000183206822113606,0.000124050205019459,0.0002154001700184,0.00786909646835236,0.00161221845109692,1.88135349419217,1.23051378759172,0.000283356909400983,0.00442913014962431,0,3.08712169216667,0.0337234033037872,0,0.00851776159642922,0.000772711942270721,0.0415848854883004,0.612553599329857,0.421667028535154,0.00200460827730833,0.307169210160063,0,0,0.000977664346238394,0.242938257298113,0.0101129306439679,0.259095737377702,0.274402789183555,0.299507602558093,0.160850569675815,0.020965252658624,0.000408867027445178,0.000189761141817534,0.0036942622240415,0.00191821952876274,0.00172896955134783,0.000961764697159369,0.000119392253525861,0,0,0.000239661191198485,0.000706828700431424,0.000837148743213317,0,0,0,0.000201440204268316,0,0.00268840365970568,0,0,0,0,8.62571545314677e-05,0,0.025076163347601,0.000230262650491799,0,0,0,0.000349746977858526,0.012957533457647,0.00300059505561716,0.00253432258052506,0.000356137849338201,8.10727561751095e-05,0.00452724159983375,0.0014669581519539,0.00022334312023395,0.000749669152674893,0,0,3.37124980438674e-05,0.000254230106571351,0.00221382783957331
0.0459035185949896,0.0300828359938802,0.00166385348349642,2.16343170018731,0.000278045892022578,0.027132116808519,0.218243634137153,0.0565238184228416,3.45917251371791,0.119702476581716,0.000915637258078351,1.57942686048031,0.000587589858344712,0.0309349617962664,0.00175951069441027,0.717075489619576,0.000692865923271337,5.98184602456225e-05,0.00109910615037862,1.25918714954798,0.0282084851987078,1.0708818626974,0.00851776159642922,0,0.0129899465614573,0.0015846503189581,0.0327007342602251,3.61520407804317,0.05592801811189,0.0361920496698907,0.000299748908535781,0,0.010694576707725,0.04965572521224,0.000451436950384805,0.0754515200821669,0.0111997195610952,0.0522451429067437,0.0445628481174504,0.0173901271573749,0.0010024389347912,0,0.00759691655974995,0.00116577434939264,0.0173928177454894,0.00590175339781771,0.0026570869626598,0.000296616979374037,0,0.00562603959890477,0.00317567447560629,0.00219994941587064,0.0124520615060894,0,0.000121643436282872,0.00756403784508973,0.00273449781954732,0.224157000378811,0.00110120924438507,0.000286736574153339,0.0314108898062718,2.89289988219033e-05,0.00243816559468603,0,0.0650123459705845,0.000354832598762528,0,7.05413365374458e-05,0.0109232908797673,0.00503424614458192,0.0235862927955126,0.00523906135438388,0.0721967730311469,0.00055826990365514,2.70941283260532e-05,0.0020006302695529,0.0293737518655257,0.00405982998336903,0.00624063732565476,0,0,0.00663905550208407,0.00427017231018354,9.12938929890443e-05
0.000162762468040467,1.77869481620685,0.00063142805237184,0,0,0.000294041697200505,0.000217817356794409,0.000273833617033405,0.053296754505056,0,0.726179386795695,0,1.14525610179698,0.000537087493670336,0,0.0132191022946031,0.000250274734983996,0.0165340463514613,0.0102883808158353,0,7.56349495846819e-05,0.215835215942034,0.000772711942270721,0.0129899465614573,0,0.177202197018868,0.568308516835021,0.00140757979614829,0.000462523813266084,0.000575147383571013,0.202695784778177,0.000333394584667714,0.000581919152386545,0.00824509977424388,1.10766085720847e-05,0.0266044905329545,0.606395867311351,0.166723123070696,0.00897013411167243,0.000307246120869527,0,0.526581331543532,0.00133659852656854,0.0668313011025467,0.036955982314169,0.00349198169140468,0.000189612720428018,0,0.00666057170582815,0.000156753590023401,0.162662265495526,0,0,0,0,0,0,0.00301840349411497,0,0.00394274567477318,0,0.261908608241517,0,0,0.00561757664523674,0.000133606751272196,0.00915439164980374,0.00252104872296932,0,6.84033314845298e-05,0.0438260116212127,0.000179318812595351,0.000308362213104449,0.619033665130535,0.0199888738104534,0.109909057570118,1.89390541622791e-05,0,0,0.0109424754087743,0,0,0.00102936011659714,0
0.000544033075699673,0.0306314603656059,0.976033844166557,0,0.000263033990552459,0.00224273958942294,0.00351787712463446,0.00400139826926451,0.00296703581304832,0.000258391351167274,0.577331336772619,6.92198959813763e-05,0.286597050054693,0.00391491042803367,0,0.00135875054740502,1.01923369883964,0.791697720091319,1.21234999103247,2.97272405875371e-05,0.00733435675335992,0.00872840824729052,0.0415848854883004,0.0015846503189581,0.177202197018868,0,1.84899581409135,0.00207923449747354,0.00235137568400483,0.0077075338309181,0.421772249239406,2.69795766213972e-05,0,0.140526135476058,0.000304409762031323,0.0238721930932458,0.171620402674017,0.460269820595429,0.0294770708213954,0.00192157959635897,7.95522339193853e-05,0.0165863725285606,0.000977687216327845,0.015394368113936,0.00978964443678831,0.00224126761532675,0,0,0.000355103579817298,0,0.013672659613765,6.43554298343811e-05,0,0,0,0,0,0.000172274805039434,0,0.0018710875943292,0,0.0143167320859434,0,0,0.000514190401568952,0.000190473635286931,0.0016072301002915,0.000548640127375141,0,0,0.00269256882573936,0,0,0.0282913468313701,0.00918004670302041,0.0510051957580941,5.14575494290132e-05,4.6396462393323e-05,2.03489524884424e-05,0.00153010362069,0,0,0.000547202721551041,0.000227601946056295
0.000793239804751624,1.38982461034163,1.28562383148026,0,4.7036033606827e-05,0.000515819716908832,0.00708796811150902,0.00438482208597111,0.02536262763322,0.000171341924680465,0.0457806720825416,0,0.152756617341976,0.00314500505271158,0.000306989139913907,0.534953572661353,0.235931818226092,0.00861496560049781,0.0764501177064097,0,0.0203925562659591,0.964405101543016,0.612553599329857,0.0327007342602251,0.568308516835021,1.84899581409135,0,0.018803737791132,0.00106172461533183,0.0104474998544148,0.140477452668478,1.94029036615345e-05,0.000275488021502821,0.280023073928446,0.0041465018544064,0.105634492816787,0.0940247576946859,0.563879055559273,0.131371279924717,0.00600730936329402,6.75825270771233e-05,0.000774013076270167,0.00328064093819559,0.015608322455408,0.0150027352776898,0.00468625857327805,0.000273496251928913,0,0.000170579617219363,7.5210475582165e-05,0.0729193706551028,0.00107066390884272,0,0,0,0.00020434268941674,2.4602364290055e-05,0.00257494549100308,0,0.00119972769663381,0,0.00858183124812898,5.58155880868568e-05,0,0.0229124074455851,0.00109899652458764,0.00151419686706786,0.000733940845865089,0,0.000520215850696504,0.0462765201363147,0.00257773447582436,0.00148685001023856,0.0271607825128394,0.00962784593419096,0.0851663909438925,0.000568438778470296,2.08741148711889e-05,4.08337116539633e-05,0.000818295117433503,0,0,0.000623320818408796,0.00132033369262127
0.0572181987334352,0.0032632776573319,0.0501032340941776,2.62152317630847,2.55577638313687e-05,0.0251665240736186,2.26061316473503,0.0794846463614332,0.161235621368051,1.55292680285273,0.000352288004001201,0.0331589907137854,0.000188318826360479,0.0412377047286621,0.000149397260360987,0.718908245011755,0.0068944411270845,5.60647772665929e-05,0.000387751733659782,0.996836603442796,0.675369326366006,0.0736644228779896,0.421667028535154,3.61520407804317,0.00140757979614829,0.00207923449747354,0.018803737791132,0,0.0651240023312066,1.07132789805208,3.08100375976633e-05,5.0787441904239e-05,0.0189213668771384,0.19967593935477,0.00269902117075828,0.205423974584746,0.0557682067345962,0.143320807305008,0.089484358453333,0.0192416483544109,0.000660584416532709,0.000114301431477018,0.00617290530203964,0.000935616319772333,0.00726302909484579,0.00553052803584066,0.00126254944094276,0.000150997160858465,0,0.00397489847505045,0.000432000322833464,0.00262435129930346,0.242394886548403,0,0.000105845573815801,0.0034698554680706,0.0013970477935552,0.0516169905344791,0.00239727048645108,0.000201528585864037,0.0090795418040205,0,0.00111580762806635,0,0.0510692743354526,0.000521363661034698,0,5.41566935114146e-05,0.012280679110089,0.0051224803143043,0.0102581073224831,0.00633812789974109,0.0400467472229905,0.000465511434543916,0,0.000766695068854183,0.0337075353158713,0.00211747844973632,0.00650083549116334,0,0,0.00210722505787477,0.00361563598988711,0.000496257242175389
2.19375032033519,0.000567280280288321,0.00116540320253773,0.00133743859887268,0.09611043348613,0.131181978459658,0.0558979231503364,0.179721993641344,0.0310662402483147,0.0377489972006825,0.00657513765856073,0.00146210962816858,9.67975967164723e-05,2.58812154359841,0.000483998698433001,0.00621290726261017,0.000194845086199665,0.00071010154223663,0.00521218454956736,0.0086469787038542,0.00240858431829025,0.00437444517966322,0.00200460827730833,0.05592801811189,0.000462523813266084,0.00235137568400483,0.00106172461533183,0.0651240023312066,0,0.574246205158609,0,0.726094410689155,2.115643725175,1.79861379521792,8.70623600828031e-05,0.035933338226551,0.00250195089270299,0.21143557553445,0.0181952287448,0.123439189065728,0.143702656845213,0.000206790282180451,0.000829314930216597,0.000139247295828009,0.00240823182707196,0.000365181943896274,0.000377245360272096,0,0,0.000921938600050934,0.000100934556388133,0.00043175346022821,6.88323950039961e-05,0,0,0.00110461476673023,0.000745671421838095,0.0215435253337586,0,0,0.000146300575645253,0,0.000490027742787216,0,0.00544157099868756,0.000107746737576086,0,0,0,0.000434998635308014,0.000858509141146139,0.000614212481139788,0.00802773082605069,0,2.54885345159126e-05,0.000140733520267205,0.00792643836356236,0.000725143989674057,0.000673893483828744,0,0,0.00151805460852001,0.000796122725791166,0
1.32384114550775,0.000559003384273001,0.0356731402994169,0,0,0.00256513328166697,1.80237994604116,0.0688203711908612,0.0125333655157128,0.00246819834486199,0.000125333914842766,0,4.77819931093545e-05,0.0665082292427355,0.00033298495861587,0.0445399851372567,0.0347777407028144,0,0.00198133930449739,9.13289034120274e-05,1.71391091083662,0.0180593777424007,0.307169210160063,0.0361920496698907,0.000575147383571013,0.0077075338309181,0.0104474998544148,1.07132789805208,0.574246205158609,0,4.17662860090068e-05,0,0.149953266808722,0.527789197205088,0.00156280630102566,0.0805102003949786,0.0252120281885716,0.107924190476353,0.0542566804471693,0.00564879154371043,0.000300804855442977,0,0.00164394722047316,0.00065971966581513,0.00202789014786192,0.000626860825615584,0.000619121529130373,0,0,0.000736366748998215,0.000756813953621528,0.000406197755285548,0,0,0,0.000679204733711274,0.000528176131669539,0.0105377590968456,7.23515642961103e-05,0,0.00017799318812256,0,0.000318287657402704,0,0.0167417393822579,0,0,0,0,0.00109310957804132,0.00177536163737095,0.00175890098722806,0.0082409145914736,0.000219876218301607,0,6.20002433048732e-05,0.0059499148696505,0.000578708442268562,0.00108882749396424,0,0,0.000500293353282077,0.00093660458257055,1.67211234270873e-05
0,0.010870238205152,0,0,0,4.7255515006909e-05,0,0,0.000807218799980052,0,0.217097648380771,0,0.750345945277043,0.000114331826640045,0,0,0,0.00473058641887545,0.00547245534952047,0,0,0.00419686812840742,0,0.000299748908535781,0.202695784778177,0.421772249239406,0.140477452668478,3.08100375976633e-05,0,4.17662860090068e-05,0,0,0,0.00177836432135487,0,0.00158258547761579,0.0450814288144033,0.0462366222617635,0.00321207790351049,0,0,0.0081992666767211,0.000179784648716898,0.00625828626025049,0.00114706245566999,0.00160515421691047,0,0.000584653087883909,0.000775641062876926,0,0.0047857643202151,0,0,0,0,0,0,0,0,0.000463899664391946,0,0.00545753459711761,0,0,0.000123374914187597,0,0.000416065519224323,0,0,0,0,0,0,0.0211281376976051,0.0017538498248298,0.00784748647071197,0,0,0,0.00274123127609276,0,0,0,0
0,0,0,0,1.25380707023661,0.103067947528385,0,0.325808277338935,0.000142338690003472,3.71270377150243e-05,0.00031675535610079,0,0,0.24163748657011,0.000106682307537418,0,0,0.00067742482267363,0,0.000220326937427455,0,0,0,0,0.000333394584667714,2.69795766213972e-05,1.94029036615345e-05,5.0787441904239e-05,0.726094410689155,0,0,0,0,0.590900511908394,0,0,0.000516898645899506,0.0152433547838038,0.000416823615140376,0.0244419805846378,1.36486760150901,0,0,0,0,0,0,0,0,0,0,0,0,0,0,0,0,0.00022242444406145,0,0,0,0,0,0,0,0,0,0,0,0,0,0,3.35754278093384e-05,0,0,0,0,0,6.17678510469195e-05,0,0,0,0,0
0.355686944919739,0.000161526076934496,0.000361140219808658,0,0.000227267792202834,0.000461022382884895,0.00728867836453987,0.00627503734032559,0.0122234288363478,0.00157921923926892,0.000107055231379627,0,0,0.00558720367798872,0,0.00333186290241653,7.96509785807274e-05,0,0.000152269700601551,0.000469446951933442,0.0670058958267527,0.00357830585595139,0.000977664346238394,0.010694576707725,0.000581919152386545,0,0.000275488021502821,0.0189213668771384,2.115643725175,0.149953266808722,0,0,0,1.02145383266522,0,0.0120944025046575,0.000754781622986611,0.0310709225952816,0.0135748042059271,0.00491338548314552,0.000619527989771025,0,0.000271000232168507,0,0.00130661080558881,0.000488787595124718,0,0,0,0.000189263370526521,7.56077551679266e-05,0,0,0,0,0,0.000334197804138354,0.00592118673846638,0,0,0,0,0,0,0.00132133884394914,0,0,0,0,0,9.51616165057855e-05,0.000201374688688839,0.00237749859822373,0,0,0,0.0020431399612707,0,0.000678937704656089,0,0,0,0,0
0.243432027151277,0.0223841702716718,0.176932108307314,0.000282884133845876,0.388568572932039,0.17593571551134,0.0759500572101483,0.198772213619453,0.0259255325374978,0.037198107066557,0.462035944324606,0.00164311666723341,0.000947480838164668,0.48902577363732,0.000151503772963112,0.1319335549802,0.241434379101999,0.0143678112383913,0.629603196461873,0.00912340639115187,0.229189174508285,0.0473747030401753,0.242938257298113,0.04965572521224,0.00824509977424388,0.140526135476058,0.280023073928446,0.19967593935477,1.79861379521792,0.527789197205088,0.00177836432135487,0.590900511908394,1.02145383266522,0,0.00182674379502828,0.151814903758002,0.23886670410136,2.68459403967424,0.242066942153498,0.115200649491673,0.867827542774554,0.00530341505293208,0.00266332078048475,0.00218702363840481,0.00415332730021105,0.00140777129138003,0.000429969037244542,0,0,0.00318287042180986,0.00514191497310705,0.000991603360809144,4.97622556871061e-05,0,0,0.000919484045664501,9.21766359170823e-05,0.0198806094096574,0,0,9.1252842573504e-05,0.000228537986092696,0.000554018449713264,0,0.0287094850622992,0.000894996706694021,0.000462433317592991,0.000455607855154022,0,0.00124869823467426,0.00896637916206091,0.00208081917727615,0.0105051044127292,0.00387765357105856,0.000725169434450154,0.00652521024487106,0.00869265418053941,0.00109237834150777,0.0018868711128592,0,0,0.00170098324666854,0.00139729587044978,0.000425586699292835
