0,0.00103486227420785,0.224044814413895,0.0126620142018344,0.000581415713445761,0.00301856857876571,2.02192809419994,0.304848915472053,0.0275899862449553,0.0145055455402699,0.00190187222252225,0.00103444769448036,0.000356899411712093,3.36507011138047,0.000269433417158012,0.00104798212515562,0.129947907337576,0.00043747628832199,0.00918917825019069,0.0062135839287436,0.0554893729222665,0.00199871845080644,0.126468418308508,0.0191943725802579,0.000698932852460966,0.0129776709253429,0.0152059091673844,0.0997891144724625,0.673548727080034,0.247770169421019,0.000184902601308143,0.0019123835407727,0.00866640254747662,0.0401773899952962,0.000463730432334031,0.00661710345322847,0.0181311045953901,0.0442983034287548,0.0207712686103418,0.000161610503876792,0,0,0.00595208407343289,0.0031096640490525,0.00481531066124835,0.00590308513990863,0.000145861228073222,0,0,0.000905610469003823,0.00110954035469074,0.00246776843775685,0,0,0.000126279305830037,0.00122313338478802,0.000512644635266029,0.0079880916757335,0.000448035961324485,0.000345745723789066,0,0,0.00138606034319211,0,0.00222586291444806,0.000748631531343861,0,0.0004905728152519,0.000224305911303452,0.000286812311679997,0.000624618793500793,0.00134149970036084,0.0036548077529031,0.00019806014776726,0.000851183502610846,0.00217933848561185,0.00339817534274259,0.0023963979241333,0.000822789560625669,0,0.000615849693451909,0,0.00320840928894145,0.000443785336627671
0.00103486227420785,0,0.0216730466408174,0,0.000361988272537004,0.000544545310695716,0.00140679295789787,0.000732517637103751,0.280122566053273,0.000516105136472062,0.0493028613174095,0,0.147156452735524,0.000849288363917469,0,0.103159820371182,0.0646236694792387,0.0193326490183227,0.131791857284515,0,0.00236188940787103,1.53419021771085,0.00385456226596526,0.0900069654353945,1.89093291385468,0.130756948976119,0.659321152151975,0.00203713514154735,0.00151416430363299,0.000280347683833306,0.048101044271061,0.00175370389699699,0.00090927437160828,0.0483274364505896,0.000463485910627593,0.0329410414546156,0.0727717199703669,0.122688328934085,0.0293267229914812,0.00254198186981629,0.00141540274414662,0.0199993780899229,0.0160228349927471,0.043434902030949,0.0260399061564055,0.014684908146082,0.00037952053049305,0.000563985800396093,0,0.00150338844330286,0.37764092673359,0.0266259150869053,0,0,0,0.000715503839239978,0.00014221120394962,0.00487572121962532,0,0.00308352261490964,0,0.00766863225986905,0.000689842676310118,0,0.00561334093183931,0.0233034482177124,0.00304474845580608,0.033912986585447,0,0.00119646961050013,0.224944997767876,0.00443611831310484,0.00120203583137763,0.19410080315802,0.0434690715321104,0.0579065680486969,0.000870937763000962,0.000425626265818306,0,0.00381403480995426,0,0,0.0041690870312438,0.000494182458971292
0.224044814413895,0.0216730466408174,0,0.00152020966117264,0.000611727066310029,0.00212600807344131,0.178992694632994,0.0725203239933303,0.0104357026825368,0.00390594335704248,0.00442194737298995,0.000463454937742766,0.00167709485885496,0.141286619690648,7.71464671971318e-05,0.0250832228439836,1.37543321867034,0.00873982933297759,0.0733283281101559,0.000664680528037612,0.275776640902842,0.0216423924839139,4.17041193486535,0.0240313766858933,0.004754525480256,1.34042519154519,2.12042412636776,0.119534420555864,0.0800558827521902,0.153298585870208,0.00121395152011798,0.00179484281780743,0.0207967471750952,0.167487061314628,0.00349903142206021,0.0999390363145925,0.304334329915962,0.246478093043983,0.0871167418036545,0.000177887436850236,0.00139314492941143,0.00069088260439158,0.0348304272343177,0.108130080919419,0.0469354579452965,0.0240719807463234,0.000305699022904437,0,0,0.000883094272738843,0.0626124334797973,0.161203117744601,0,0,3.4474839358584e-05,0.00295176068946042,0.000461339601088153,0.00537225788695162,0,0.00150568508594688,0,0.000432796977962268,0.00219175268358658,0.000825025707933811,0.0149979914343485,0.0486076307680595,0.00158334449829034,0.0198896593804167,0,0.00372995500920257,0.0201589719692885,0.0359139115306993,0.00426594584762334,0.00422468690571457,0.045398469570168,0.153915274486544,0.00258682406281162,0.000582202447461389,0.00146290715255343,0.000168560607218279,0,9.0360456534655e-05,0.00946885684701522,0.00234404058311644
0.0126620142018344,0,0.00152020966117264,0,0.000721159318519874,0.0646408793225084,0.159789029806077,0.0321485217764003,0.726020603003066,2.16336314063368,0.00340635222219916,1.23029439358224,0.00347664420256031,0.032123551874741,0.0059850265138035,0.000254663151960928,0.000758602735499292,0.000242516702463629,7.09088443413058e-05,9.42363204786691,0.000816601964802614,0.000229896832904261,0.000666886187210041,8.29005275684073,0.00262740336552173,0.00188349234328876,0.00101142289127934,2.38845066244421,0.0241695908287845,0.00129582930949293,0.000165680404177868,0.00578081980696923,0.00622665437611132,0.037156490424021,0.000992252057833564,0.013293844713249,0.00138660519736388,0.0330097748982338,0.022197160673438,0.0128075822935242,0.00713865536897783,0,0.00508829378422572,0.00174428882783709,0.0107459678157416,0.00707718004409719,0.00493961243077259,0.000500050291190367,0,0.00193008578439728,0,0.000281595510104059,0.0711955067166818,0.00013878394966195,0.00144730468054594,0.00433427476477506,0.00551814629523515,0.033373223938155,0.0115379018955001,0.000986135676648691,0.00181523647436091,0.000100505608825612,0.00719257807813423,0.00178253619489303,8.14211339357843e-05,0.000106231464869506,0.000207782137576652,0,0.00544003583349374,0.000107199985224013,0.000312591723488158,0,0.0125508828485424,0.000719461982428167,0.000426380620286403,0.000195763162211867,0.0086323850930387,0.00368215191691661,0.00118115499426301,0.000353315123213265,0.00124828958526028,0.000733054197363288,0.00576566626263439,0.000304089103463231
0.000581415713445761,0.000361988272537004,0.000611727066310029,0.000721159318519874,0,2.02137710920512,0.00111396363683118,0.0482628788383152,0.0136058743210223,0.00186840208287994,0.0325258733378529,0.00295981741826917,0.0228991542518102,0.220215556596236,1.25853607128167,0,0.000617228589156198,0.00236165669617637,0.000567923614911182,0.00371072791694297,0.000521614109606838,0,0.000651297754529928,0.00188484852905503,0.00653585948667802,0.00209612183615692,0.000599844316703461,0.00206952648654767,0.145536553594681,0.000338963006801273,0.000379351240183384,4.90154914279438,0.00161790085776905,0.320686994866083,0.000375708245925727,0.0131950271413169,0.00627443823122084,0.0945628962337138,0.0323907816170817,4.03182529702301,7.08324639820693,0.00415090616469665,0.000362205213680626,0.00143805032011723,0.00247461109714675,0.00253894483599732,0.000251659125926361,0,0,0,0,0,0.000193772021662098,0,0,6.23975310912878e-05,0,0,0.000456328149025425,0,0,0.00112549609086564,0.000261346058504936,0,0.000113923216666928,0,0.000764442902909113,0,0.000260589266406937,0.000246169912634974,0,0,0.00116130584712154,0.00188432831117518,0.000211203843372681,4.30982490122016e-05,0.000541990580479775,0.000216837985245603,0.000189921584166216,0,0,0,0.000152207968952654,1.58059585001736e-05
0.00301856857876571,0.000544545310695716,0.00212600807344131,0.0646408793225084,2.02137710920512,0,0.155983624730877,2.85347267935756,0.0468333074727051,1.21062265203943,0.0241973415444652,1.48025697601239,0.0352927235306658,0.618549818734091,1.13157987962725,0.000157336733281985,0.00209969170726357,0.00298961225404918,0.0021941819360698,0.130158615772484,0.00176534726227598,0.000828251035874065,0.00217815760550506,0.032576245498428,0.00932629786997753,0.00696436018739484,0.00247738295244935,0.157338757524196,0.147396175803653,0.00134898604085611,0.00131752471969433,0.740787749582253,0.00208209989047012,0.110912159992826,0.453138709817149,0.0263616898724401,0.0129157085257757,0.137628250206002,0.0416339806275023,2.27813636149796,0.0786249898757294,0.00700954346861126,0.00243821322459873,0.00286161665893489,0.00597470699084191,0.0015470573409746,0.00309035908223866,0.000434490369844221,0.000276666208344809,0.00206297670707145,0,0.000434081061884688,0.000767480401041487,0,0.00121378081887155,0.00188069235762728,0.000596604465495699,0.0056218506245891,0.00348264737446397,0.000767236697155879,0.00135552052073123,0.00360737991982174,0.00202738659667577,0,0.000402296857956176,8.2850247126248e-05,0.000468515337416718,0.000331949117851795,0.00124125460914632,0.000459941960843906,0.000318528469500131,0.000266564505059996,0.0039854069970915,0.00164240426407324,0.000508111438036178,0.000683791168651283,0.00377831625064218,0.00122058270533422,0.000749668444847032,0.000194888443026313,0,0.00053150277143172,0.00308102769965189,0.00141638570241418
2.02192809419994,0.00140679295789787,0.178992694632994,0.159789029806077,0.00111396363683118,0.155983624730877,0,0.185339543374707,0.146091900164707,1.99037288294132,0.00484287855649892,0.0101142128626247,0.00339402275671555,0.823747301868917,0.00359996389999217,0.00108179842829102,0.0399485662246017,0.000846463599893225,0.00377326740391282,0.0113660265118933,0.0840707422367981,0.000963674091719952,0.128266497124204,0.158811080812439,0.00237961756492601,0.0189940143940369,0.0163401357360615,4.55450330342357,0.123694858230425,1.14769478193313,0.000329976433392871,0.00571465914644742,0.00944103636612627,0.0831664560440008,0.00431557470633067,0.0396371425686616,0.0161169739595112,0.106719348271987,0.0475641456721965,0.00612624980827845,0.00344672888642879,0.000130699779859846,0.0120936438385226,0.00561515716646983,0.0167917796737071,0.00768981771427281,0.00367067240406562,0.0018726609658706,0.000104230839948791,0.00387999790710754,0.00150879765893222,0.00315216849064728,0.00230179041834104,0,0.00106913283388951,0.0084757973807106,0.00615346015077986,0.0320571661243535,0.0104324160500705,0.000643261416116196,0.000754153218382841,0.00106720306258617,0.0129173284348954,0.000851689731809817,0.00135665742038157,0.00097285359618755,0.000246863891767269,0.000535985889686314,0.00177625017609052,0.000772273762377527,0.00145608105222751,0.00164859684350957,0.0164940995986794,0.00076134120159143,0.00125625144453832,0.00400707677001181,0.017819416692726,0.00671253309699138,0.00282337597759027,5.20671623552727e-05,4.580916179402e-05,0.000796698190307402,0.00897548906217335,0.00159954891516799
0.304848915472053,0.000732517637103751,0.0725203239933303,0.0321485217764003,0.0482628788383152,2.85347267935756,0.185339543374707,0,0.0220101593486424,0.931345799311306,0.0303897867820522,0.0149138001010216,0.0241926279321015,3.02275806911662,0.014876924110548,0.000805899979397683,0.0462084007153912,0.00339324456269105,0.00558747886592975,0.0480732971626281,0.014636903551801,0.00105075738448721,0.0362449053455307,0.0267122524860465,0.00872062163647471,0.0124272961763901,0.0116184913591814,0.0954125707618278,0.370581814181323,0.0249235032713671,0.00129449686514172,0.144380780347064,0.00266592695086755,0.114458953640649,0.0011881307505505,0.0191647737893121,0.0150543102582464,0.118045139291345,0.0286472857303918,0.0597830232510672,0.0245477137544015,0.0051089216307666,0.00342575160829537,0.00231347463892889,0.00628134923656925,0.00377149725304716,0.000653761815903079,0.000502293009722215,0,0.00146764000161053,0.0011496515875617,0.00167670851609534,0.000326503169789834,0,0.000148425367121272,0.00328870706843477,0.000810728295426471,0.00891089751729944,0.00147337348277922,0.000845462520632689,0.00042892338757523,0.00193560951774858,0.00261579243370737,0,0.000609932270316685,0.000970728750052807,0.000347481104978069,0.000117520326933005,0.00018409832206048,0.000679643266145434,0.000643478029951922,0.000876597365887728,0.00692228648666977,0.00120851496800594,0.00181450198389396,0.00163771113665648,0.00913364113661096,0.00248641894423628,0.00303865738735891,0.000463570910758498,0.000102298877822989,0.000508125405823625,0.00371033846022188,0.000394660042442731
0.0275899862449553,0.280122566053273,0.0104357026825368,0.726020603003066,0.0136058743210223,0.0468333074727051,0.146091900164707,0.0220101593486424,0,0.0436792087937031,0.0204411001927702,3.98838324429787,0.0575586271709531,0.0370147833597915,0.542686468443025,0.0287563103526879,0.0359615826897475,0.0101939442828455,0.0526009055189177,1.0029079182841,0.00433825309018581,2.57067360265666,0.00514153086122065,5.78248561157589,0.141635731939136,0.0498077779512286,0.0919791194513826,0.209887620310769,0.0504899951999436,0.0789071530738414,0.0158355849402963,0.00804347555109934,0.0424834415953606,0.0750659646334539,0.00496606072395466,0.131173170625887,0.0442896570495624,0.124138769077662,0.07825212793556,2.47449448822131,0.0147589386828651,0.00778644363132089,0.0562234443844237,0.0154863373768042,0.0482452149872075,0.0422333116967204,0.0367783553993144,0.00707301398720185,0,0.0109490817050773,0.00838113060021776,0.00400073745910181,0.0148937066964642,0,0.00484234624331051,0.0179410480338762,0.00912262800946851,1.1278053071605,0.0452775459410908,0.00300843734240676,0.01032349728531,0.00483866289876787,0.0175948454349244,0.00294315198506949,0.0459415804381106,0.00204228617270485,0.00162378279996003,0.00339598905715727,0.0224166991729239,0.0101308222736995,0.0600600976364523,0.0073927870682936,0.0711823685652177,0.0120417001952897,0.0076151778672532,0.00944952780158031,0.0559563106282949,0.0155563685273278,0.0217181276552134,0.00215062306399395,0.00177270335792087,0.006418921253462,0.0317271862583001,0.00182616690359106
0.0145055455402699,0.000516105136472062,0.00390594335704248,2.16336314063368,0.00186840208287994,1.21062265203943,1.99037288294132,0.931345799311306,0.0436792087937031,0,0.0070182602694262,1.2808728669316,0.00409432012869519,0.620199392773814,0.0116886455149717,0,0.00113466294988797,0.000556926201352369,0.000936021034693546,4.49307491553358,0.000576534026328486,0.000227158054013962,0.00218704288738727,0.064655936806675,0.00202971540009016,0.00333439427032298,0.0018765947832426,1.72815565597755,0.0309044905276759,0.00284341000517516,0.000210857256907786,0.00507210200665153,0.00218824656443648,0.0473689917722591,0.128944503800165,0.0108053030952658,0.00325406730896453,0.0451340983910352,0.0164628989067046,0.0132085431705499,0.00411376866639939,0.000430660678663111,0.00179188940839942,0.000798467251149741,0.00178319957024162,0.000869197202403937,0.00122136608942499,0.000474459117361391,6.52456735602716e-05,0.000141710258919965,0,0.000291591469779002,0.00128205069995456,0,0.000714254571713048,0.000872868208464772,0.000734859693519354,0.00480476757387531,0.00203963659299205,0.0002186706708289,0.000414600247844663,0.000375490144407473,0.00142333526902954,0,0.000203136349432671,6.14538275937604e-05,0,0,0.000349515717416216,0,0.00026456883906165,3.6458773413215e-05,0.00216990575710042,0.00069558000427366,0.000523011417443209,0.000528651476118482,0.00188888133728086,0.00146544540400045,0.000115198818719781,0,0,0.000146521047624741,0.00193189408131383,0.000187617554121238
0.00190187222252225,0.0493028613174095,0.00442194737298995,0.00340635222219916,0.0325258733378529,0.0241973415444652,0.00484287855649892,0.0303897867820522,0.0204411001927702,0.0070182602694262,0,0.00307359852310512,1.93394132166123,0.0303711472803343,0,0.00407151352058692,0.0279583989667521,2.45916192076404,1.20830130396109,0.0132748348568827,0.00268878235825691,0.0417311582491362,0.00440277189103062,0.00937299850118421,0.925611960874065,0.90494149352461,0.101176441487223,0.00737261670962786,0.0587882097176875,0.0024462727460097,0.355387830325261,0.058169982425508,0.00403367566082043,1.52969962434892,0.000794229363187548,0.0445184395826922,0.302879115330623,0.882376258197078,0.0789056789473619,0.00711819881759953,0.0684172231647602,0.360616375411666,0.00255372749262667,0.0352154305240931,0.026102356604662,0.00367731577272647,0.000515838048870998,0.000226958213090916,0.00863869260704211,0.000877857684169922,0.00196490334996695,0.000640214075014054,0.000105994478446726,0.000290490833699961,0.000167559822082866,0.00104698562349245,0.000366001951931001,0.00104869216766304,0.000483212276386812,0.0592639930546608,0.0003373549777732,0.137696414532736,0.00159699776389021,0,0.000876703658907376,0.00179184793475096,0.0513774837448374,0.021432085357731,0.000259507684136248,5.77475236650863e-05,0.000553249564501247,0.000721413299139487,0.0018475625606589,0.190925206452861,0.0885498635641533,0.0361683754329083,0.00190552157729049,0.0023535051048494,0.000687401242277785,0.0320594401931848,0.000685900468047227,0.000172150619606264,0.00956777066862117,0.000438464626487908
0.00103444769448036,0,0.000463454937742766,1.23029439358224,0.00295981741826917,1.48025697601239,0.0101142128626247,0.0149138001010216,3.98838324429787,1.2808728669316,0.00307359852310512,0,0.00162774522038908,0.00555297223138859,0.744288872950209,8.39059325185793e-05,0,8.04813513509807e-05,0.000545556334638282,12.0385908639158,0.000255256794446312,0.000287923744668169,0.00128414532420303,1.21434240047334,0.00055050752185587,0.00100872712657385,0.000590178712415892,0.0191162931650076,0.00882149170326286,0.000217161493912871,0.000153780424523242,0.00431696300848827,0.000218428212882832,0.012887454287247,1.28272487389556,0.00511034880431077,0.00271581725021486,0.0140965875215711,0.00514848193516612,1.13813255634988,0.00330432691883073,0,0.00774621800298914,0.000983472119228097,0.00377999048143132,0.00197251563983459,0.0226598755498244,0.00105504315091813,0,0.000381562365210406,0,4.41310755197339e-05,0.0266901554079191,8.59113522465884e-05,0.00191174228388896,0.000621095205067136,0.00161506084686638,0.0222398863487853,0.0137701613828734,0.000837577067222077,0.0277818121568648,0.000289695152183442,0.00248069017657588,0.000605457335854133,0.000325489231324314,0,0.00016695416229134,0.000286599956405835,0.0453578710624214,0,0.000189902324078196,6.14183535470395e-05,0.00851247642623633,0.000325286463314381,0.00014444978887441,0.000185695107019371,0.00243045206103495,0.000923908211007824,0.000218734580469588,0.000233367844480352,0.000257422943134292,0,0.00174350326207792,0.0152096742232001
0.000356899411712093,0.147156452735524,0.00167709485885496,0.00347664420256031,0.0228991542518102,0.0352927235306658,0.00339402275671555,0.0241926279321015,0.0575586271709531,0.00409432012869519,1.93394132166123,0.00162774522038908,0,0.0210325067519616,0.000212918293591581,0.00832341046824158,0.00284941430658961,0.035269488065873,0.016736404535789,0.00638445033149342,0.00570939225273411,0.1079647258181,0.00673848933947947,0.0181501343190184,2.17642995855263,0.232747917889758,0.558686140315936,0.00579017354812246,0.038291258557282,0.0015016879143989,3.15009582387724,0.0713548160586307,0.00125411799406855,0.267136576643591,0.00447631528439289,0.687106891280447,0.656209947066418,0.914779079643728,0.573448881671313,0.00918574746707919,0.125089292394464,1.51804698267414,0.0391450996070862,0.0501338372273068,0.0448723407115221,0.0576914527414802,0.000902151736632131,0.00518650160198085,0.0114213574367013,0.000683766868929785,0.000660927503763245,0.000352809580777061,0,0.000357385773929859,0.00104590594170299,0.000622646473951825,0.00173555924240125,0.00241166348538918,0.000589498198114598,0.0640861434650098,0.000522188074750816,0.23912618940987,0.00372027145271466,0,0.0019766068645979,0.00066433696141268,0.0319845810678721,0.0124305668252784,0.00123867235585987,0.00132567856901664,0.00149930477653264,0.00119378338371499,0.00313844895259346,0.187322274094855,0.0712752024484387,0.0270299961747668,0.00391681826392737,0.00406923405223199,0.00234979748762577,0.0343364458819233,0.00495495877142913,0.000894221818505679,0.00969831288946379,0.00235229554151528
3.36507011138047,0.000849288363917469,0.141286619690648,0.032123551874741,0.220215556596236,0.618549818734091,0.823747301868917,3.02275806911662,0.0370147833597915,0.620199392773814,0.0303711472803343,0.00555297223138859,0.0210325067519616,0,0.000750832696158455,0.00137613264601274,0.143446564373183,0.00422227410017222,0.0123593881437328,0.0358874024779195,0.0442464033127653,0.00213392711434783,0.0971507623652365,0.0409275347717389,0.0102139958040121,0.0232304677179806,0.0257361614058471,0.11906559487572,3.64878710619775,0.127766850135639,0.00123479747822872,0.885751763648188,0.00915588316971534,0.266565906057445,0.00141935319609348,0.0256932033151687,0.0152732958885846,0.141017943578804,0.0311300234784647,0.0359361024693139,0.049924715599841,0.0036195491418611,0.00978409952153417,0.00341642155088467,0.00956990408911486,0.00585164916692761,0.00107714258637773,0.000650291498542827,0.000371933394831023,0.00107586337203173,0.000861820239999307,0.00154929244704284,9.17410455115591e-05,0,0.000650208851284006,0.00448274014413169,0.00108037194361585,0.0124689726655461,0.00100288859986035,0.000686293798510882,0.000407290372688312,0.00158921721664581,0.00264787008353788,0.000573300082854107,0.00203660771942686,0.000487958022356349,0.000798255670095948,0.000228796452425521,0.000341183196816409,0.00209985506123387,0.00120859785144303,0.00209500549417795,0.0116818196192376,0.00146238435678646,0.00131012888828997,0.00328822348171238,0.0146760349545317,0.0044558017799616,0.00522095589794984,0.000109024286548584,6.70695261599926e-05,0.000621881125601841,0.00661718170117304,0.000799615656808441
0.000269433417158012,0,7.71464671971318e-05,0.0059850265138035,1.25853607128167,1.13157987962725,0.00359996389999217,0.014876924110548,0.542686468443025,0.0116886455149717,0,0.744288872950209,0.000212918293591581,0.000750832696158455,0,0,0,0,0,0.0161411135570266,0,0.000416265098818315,0,0.0116266804648521,0,7.69856026147956e-05,0,0.00271183257044794,0.000631949681337749,6.35909867272941e-05,0,0.0297072397078634,0,0.000256112923985002,0.105210534764206,0.00635299463017942,0.000496797054613259,0.0011127392301945,0.000758864759801858,3.11939981696832,0.0971665617693185,0,0.000638803511389214,0,0,0,0.000816681030398489,0,0,0,0,0,0.000172548946645897,0,0,0,0,0.000469027506245785,0.000407654005065353,0,0.00153532874111408,0,0,0.00196900956485564,0,0,0,0,0.000353276497223719,0,0,0,0.000400713389491492,0,6.73023972651114e-05,0.000199184402519337,0.000336353819439379,8.56798860025465e-05,0,0,0,0,9.80400824272644e-05,0.00250610267770961
0.00104798212515562,0.103159820371182,0.0250832228439836,0.000254663151960928,0,0.000157336733281985,0.00108179842829102,0.000805899979397683,0.0287563103526879,0,0.00407151352058692,8.39059325185793e-05,0.00832341046824158,0.00137613264601274,0,0,0.0488427071624115,0.00263379947515171,0.0188150775964756,0,0.483332754556402,4.2837753091145,1.98531425503226,4.2713103059162,0.0266901597385848,0.0264682190990672,1.59686005453214,0.305838546669864,0.00241215081879979,0.00970115695643251,0.00362612321384846,0.000463388599286499,0.00232561451713735,0.0510803997481279,0.0120471327317754,0.278505427954919,0.172119311476992,0.179887352826067,0.15727262915248,0.00262252158568363,0.00258184497260381,0.00238519469221357,0.114545994268651,0.0900007909810752,0.0597708326521552,0.0722814243054691,0.00230669175453417,0.00124951354309592,0,0.00158837016434012,0.035559222919513,0.0299855890137704,0,0,0.000183378493924488,0.00438773931467962,0.000315202590849974,0.0162906099352298,0.000329786011556595,0.000781611141341121,0,0.00203436726449394,0.0021161212280168,0.00266943184606429,0.36932079290089,0.0106193983848143,0.000345139778300748,0.00422136062556239,0,0.038225852231715,0.18254848274722,0.156111761647185,0.0413622794811089,0.00582193711342214,0.00668308502889416,0.0602758107684716,0.025894024819407,0.00204326711533145,0.013422674832946,0.000144553967921851,0,0.000274459745744259,0.00921800955203997,0.00598326111167871
0.129947907337576,0.0646236694792387,1.37543321867034,0.000758602735499292,0.000617228589156198,0.00209969170726357,0.0399485662246017,0.0462084007153912,0.0359615826897475,0.00113466294988797,0.0279583989667521,0,0.00284941430658961,0.143446564373183,0,0.0488427071624115,0,0.0419533175420992,2.57831081217007,8.59163821501883e-05,0.163814425802776,0.0464172761932416,1.87490187839399,0.0358476492000793,0.0267559214810579,1.20105396702599,0.654908755770663,0.0335945525937576,0.174056662043858,0.189586772575105,0.000844590651638596,0.00258724922595477,0.0480252736415408,0.447066256313959,0.00106406368383084,0.0290280391761793,0.10556222560717,0.0795558758165326,0.0294339648580062,0.000273890051721736,0.000298256198743091,0.00042054968689418,0.0167514438101422,0.0487180274787383,0.0277483963018551,0.013803872697369,0.000213163460725297,0,0.000266876929046162,0.000769544038841927,0.0546867756396505,0.0424407943833471,0,0,4.87851392251696e-05,0.0011958553948796,0.00026403542012223,0.00401102562517607,6.26833309469868e-05,0.00109392412919881,0,0.00137052842624821,0.000851436652688367,0,0.00310752097457687,0.0240146798349415,0.000775798789827955,0.0267580371241604,0,0.0010843476969717,0.00504500422168302,0.00714713331007913,0.00229737340615587,0.0144107729132197,0.0481564517036916,0.0673492018916049,0.00139889649490544,0.000438407857055685,0.00164895257829497,0.000131099696803115,0,0,0.00547160036017278,0.000988194440732716
0.00043747628832199,0.0193326490183227,0.00873982933297759,0.000242516702463629,0.00236165669617637,0.00298961225404918,0.000846463599893225,0.00339324456269105,0.0101939442828455,0.000556926201352369,2.45916192076404,8.04813513509807e-05,0.035269488065873,0.00422227410017222,0,0.00263379947515171,0.0419533175420992,0,1.67377344083364,0.00299200401351926,0.00160276517636211,0.0115782422696249,0.00309238745387635,0.0020732299801835,0.245839145685027,0.898516805628091,0.0536719308990368,0.00165398427135543,0.00512855442452618,0.000459043248468602,0.0477057444635536,0.00754609871454814,0.00121586160707352,0.0883513751978269,0.000431198096678301,0.0195727456777109,0.0881076604029459,0.208320848751724,0.0390548741480102,0.000745780549889733,0.00961218596885613,0.00572520990280313,0.00207391269863519,0.0130530514021964,0.0119949107648855,0.000553977979945663,0,0,0,0,0.00396623901284251,0.00143875890538062,0,0,0,0.000498600844231262,0,0.000393646261970919,4.53347087122323e-05,0.00641614031112869,6.26360016591256e-05,0.0250632121401004,9.39323234093459e-05,0,0,0.00147451386672265,0.0243923403273624,0.0211513333142637,0,0.000448573444945559,0,0.000204083694320478,8.25787354696616e-05,0.0963221772373815,0.0588259855999094,0.0315946028130851,0.000103864935816544,0,0.000206626749817789,0.0116343662950969,0,0,0.00205868186704548,0.000377657401480383
0.00918917825019069,0.131791857284515,0.0733283281101559,7.09088443413058e-05,0.000567923614911182,0.0021941819360698,0.00377326740391282,0.00558747886592975,0.0526009055189177,0.000936021034693546,1.20830130396109,0.000545556334638282,0.016736404535789,0.0123593881437328,0,0.0188150775964756,2.57831081217007,1.67377344083364,0,0.001117781341199,0.00859755268928996,0.0536311978524421,0.034541303939898,0.0186573975742846,0.445503747792206,1.57786695070122,0.364097551779183,0.0042043101200088,0.0189863830316623,0.0126267264360282,0.0112646843793835,0.00511888705682314,0.010253246923653,0.282424499473946,0.00052041822657736,0.0190387068256734,0.0482808875173295,0.242825492806035,0.0325880593599747,0.00168042408103828,0.00248106278898489,0.000268898834492159,0.00940312520446943,0.0409563120068053,0.0372301193711157,0.0118258322271174,0,0,0,0.00109943995042663,0.0263507950274028,0.0078215959528524,0,0,0,0.00192942300419482,4.21340025545322e-05,0.00114181162590994,0,0.00420189923724712,7.23459513021427e-05,0.00834405422171788,0.00143518294466689,0,0.000813701215855939,0.0182232415023419,0.0109605583450056,0.0735492141694204,0,0.00044299849299714,0.00121122877034604,0.00350138189776235,0.000859646208243629,0.209924244906843,0.116138992853326,0.0947168738650872,0.00079692660044841,0.000648826391027187,0.00114569869421532,0.00190600678190506,0,0,0.00758912887411815,0.000662616224226398
0.0062135839287436,0,0.000664680528037612,9.42363204786691,0.00371072791694297,0.130158615772484,0.0113660265118933,0.0480732971626281,1.0029079182841,4.49307491553358,0.0132748348568827,12.0385908639158,0.00638445033149342,0.0358874024779195,0.0161411135570266,0,8.59163821501883e-05,0.00299200401351926,0.001117781341199,0,0.000378089638075217,0.000281233335457822,0.000554113346577215,1.18738399834718,0.00554532020054097,0.00263809903865803,0.000945760068313164,0.219003243193121,0.0329166362149061,0.000250728647794222,0.00120795249742785,0.0136491352583345,0.00158999988312919,0.0666290116179604,0.000350103442435781,0.0148905810849577,0.0050612358548871,0.0688717507398748,0.0260051685220558,0.0470780356447932,0.00879853886703909,0,0.0033213319684771,0.000181226611728924,0.00249735362231195,0.00185324588986557,0.00562201860028942,0,0.000814500779172818,0.000838841209073824,0,0,0.00363550837368198,0,0.00096095780536303,0.000247000356153132,0.00082471612563354,0.0125915841543122,0.00771939206723239,0.000241715563870947,0.00202697857927294,0.000497336813351287,0.001133990952203,0.000183564987839686,0.000304908035868783,0,8.9172322462458e-05,0,0.00404695422927179,0,0,9.01616580479929e-05,0.00353977064322924,0.000474274815501319,0.000114179268372399,6.40231815542125e-05,0.00236519597776869,0.000834398294826991,0,0,9.90319137270084e-05,0.000235417021814621,0.00307085459485179,0.000119488724165424
0.0554893729222665,0.00236188940787103,0.275776640902842,0.000816601964802614,0.000521614109606838,0.00176534726227598,0.0840707422367981,0.014636903551801,0.00433825309018581,0.000576534026328486,0.00268878235825691,0.000255256794446312,0.00570939225273411,0.0442464033127653,0,0.483332754556402,0.163814425802776,0.00160276517636211,0.00859755268928996,0.000378089638075217,0,0.0132157907080389,8.40182383385321,0.292869414387846,0.0018429925648235,0.014069462640947,0.0922537547107737,2.92140396933573,0.512939050866523,3.57076762293494,0.000284489232264699,0.00307284139790244,0.55982650379432,0.622174433979699,0.0285784735517113,0.2282429858799,0.0763840651435634,0.455659952128065,0.22117586881406,0.00238813836272431,0.00944585396689271,0.000913198026637578,0.0262377478408624,0.00833247770236038,0.011556409188883,0.00883301879501275,0.000504654363632697,0.000713086506954508,0.000103335292225355,0.000750463654487252,0.00176612238836139,0.00371528060606376,0,0,0,0.00158369514855516,0.000374625293769804,0.00436928351871088,0.000106761709163863,6.45474871486e-05,7.38219511325221e-05,0.000793792766848386,0.00112425838428751,0.000735330490666347,0.0396473600115018,0.00128363580899142,6.26844616427947e-05,0.00123088928857089,0,0.0158596735265232,0.0126706681403836,0.0110579197639403,0.0115528964234351,0.00143449853640662,0.00177908882927945,0.00830315909426771,0.0135061670321253,0.0017074500344526,0.00879305437463088,0,0.000269059505699743,0.000334106627040254,0.00340622556281329,0.00796806119984244
0.00199871845080644,1.53419021771085,0.0216423924839139,0.000229896832904261,0,0.000828251035874065,0.000963674091719952,0.00105075738448721,2.57067360265666,0.000227158054013962,0.0417311582491362,0.000287923744668169,0.1079647258181,0.00213392711434783,0.000416265098818315,4.2837753091145,0.0464172761932416,0.0115782422696249,0.0536311978524421,0.000281233335457822,0.0132157907080389,0,0.026257803937977,1.2675815366591,0.371575555179726,0.0721901316300742,0.70807231819665,0.0214070902684365,0.00244438583822069,0.00571914886882857,0.0351327494390043,0.00200880274365324,0.0044387058089019,0.0463050248406262,0.00228189852421221,0.0685191096869834,0.0792519316744931,0.117245698735251,0.0420891016609926,0.00730511533660939,0.00115328235962978,0.00826882648637683,0.0568504048859654,0.0493145717661883,0.0341134816430076,0.0496104568051118,0.00109543058778629,0.00112435845150691,0.000219951503225069,0.0016705619235835,0.0582214760411159,0.0205756555381137,0,0,7.05417618015606e-05,0.00104104062623896,5.29392335882591e-05,0.024506990581688,0,0.000834430185074652,0,0.00658105726172099,0.00113635499456403,0,0.12560318269189,0.00996826899468085,0.00106953548365759,0.0075381713998479,0,0.0154198177509369,0.279565615286246,0.0461390708651716,0.0176506132565268,0.0386724834981314,0.0138326019205424,0.0475618008593479,0.0128228215786203,0.00172148207399536,0.00643337357351464,0.00141028324773742,0.00013001471489563,0.00150591415745291,0.00807463304037205,0.00158459927833392
0.126468418308508,0.00385456226596526,4.17041193486535,0.000666886187210041,0.000651297754529928,0.00217815760550506,0.128266497124204,0.0362449053455307,0.00514153086122065,0.00218704288738727,0.00440277189103062,0.00128414532420303,0.00673848933947947,0.0971507623652365,0,1.98531425503226,1.87490187839399,0.00309238745387635,0.034541303939898,0.000554113346577215,8.40182383385321,0.026257803937977,0,0.101572312358367,0.00356079610560019,0.0723453882699137,2.1565168640227,0.427231544153451,0.107552822245471,0.379159512700697,0.000195181955611614,0.00157898018653381,0.0616144111780785,0.582699802689161,0.0542382996797037,0.535330479263611,0.480067919665592,0.786961571945828,0.433394217023018,0.00894368306162279,0.00583202567528091,0.00195494025019364,0.0490826282074334,0.0462162501269071,0.0208011945091319,0.0196965272369303,0.00107476038938605,0.000121678365769185,0.000195612605844969,0.000430558039510676,0.00950308551820055,0.0304047599553352,0,0.000187814604816983,9.60795618401358e-05,0.00206105667822541,0.000790974641378051,0.00398134121890325,0.000117979024315054,0.000773211049438279,0,0.00180053198224779,0.00174505293419096,0.00220073290424049,0.087761443016884,0.00523768858845346,0.000278088646409892,0.00270028950641578,0,0.0137833649299238,0.0315150249467209,0.0805125308911431,0.0130752399271312,0.00128481417550694,0.00685515438609959,0.0655376981781795,0.00952924225849325,0.00110425158286471,0.0057243142886295,0.000179988417897724,0.000296592816263012,0.00024382532809521,0.00378087857886456,0.0215870249293601
0.0191943725802579,0.0900069654353945,0.0240313766858933,8.29005275684073,0.00188484852905503,0.032576245498428,0.158811080812439,0.0267122524860465,5.78248561157589,0.064655936806675,0.00937299850118421,1.21434240047334,0.0181501343190184,0.0409275347717389,0.0116266804648521,4.2713103059162,0.0358476492000793,0.0020732299801835,0.0186573975742846,1.18738399834718,0.292869414387846,1.2675815366591,0.101572312358367,0,0.0383652853364401,0.0313240401965335,0.186063406208543,3.18594125057102,0.0627404024909806,0.0799387494172961,0.00270432751111556,0.00591807770824967,0.0308258883991578,0.0891007875450784,0.011477432122939,0.175221139342988,0.0588537948159504,0.151469951968636,0.100177742309122,0.0299781839144363,0.0104782512010385,0.00134970637321259,0.148378832994827,0.0360902689423473,0.128616565544055,0.0995886429504493,0.022047136945407,0.00671382286476994,0.000379882703727492,0.0208789470330297,0.0110614255993637,0.0161922066034424,0.0154827763086467,0.000885544568636303,0.00745391463824835,0.0377798833766828,0.0178587544572435,0.264409155248463,0.0499386628158757,0.0057595107935453,0.00820522440756657,0.00686887737707178,0.043015217229336,0.0041043305337562,0.135815706326246,0.0064668540618417,0.0015849887303487,0.00348096473835847,0.0135561750150942,0.0489682552057578,0.091302393979149,0.0469134569730426,0.147199730230223,0.0038236463506232,0.00823551728731683,0.0335168513533628,0.156258698820231,0.0461192325414137,0.0678434025469017,0.000869503017833295,0.00286901611705094,0.0134877066466714,0.0706176968861793,0.00754962965536902
0.000698932852460966,1.89093291385468,0.004754525480256,0.00262740336552173,0.00653585948667802,0.00932629786997753,0.00237961756492601,0.00872062163647471,0.141635731939136,0.00202971540009016,0.925611960874065,0.00055050752185587,2.17642995855263,0.0102139958040121,0,0.0266901597385848,0.0267559214810579,0.245839145685027,0.445503747792206,0.00554532020054097,0.0018429925648235,0.371575555179726,0.00356079610560019,0.0383652853364401,0,0.587510319016659,0.679131664370173,0.00484616297304397,0.0126402480214005,0.00208715814129139,0.412843822221683,0.0193751709569817,0.00208536226220313,0.209498846051538,0.00126604905667053,0.0881805963368621,0.748340569812649,0.648143917101991,0.147643320334073,0.00516089392589246,0.00982453558951723,0.668896683389853,0.157765011157734,0.117796395376627,0.0583890964799969,0.0473236958896463,0.0022908496970896,0.00905964919613974,0.0344648964870342,0.000480989791963928,0.00579275630704744,0.00110898304348813,0.000197296246875717,0,0.00133035776879271,0.00102871084713811,0.0019241850396414,0.00149803414309433,0.000911597486318468,0.0535675936279727,0.000306578410500549,0.15794193823476,0.0033666570802571,0,0.00188407884481407,0.00435569497981203,0.044748204709131,0.0318644563841429,0.000875485241351925,0.000950738744534954,0.00611426261954297,0.000871057563266099,0.00149131780852401,0.324597944130213,0.0728298783710827,0.0312358124982478,0.00389997381397499,0.00406626671115478,0.000106604646077119,0.037166407763112,0.00409601439224667,0.000587167616440704,0.0186519981458982,0.0010833749477596
0.0129776709253429,0.130756948976119,1.34042519154519,0.00188349234328876,0.00209612183615692,0.00696436018739484,0.0189940143940369,0.0124272961763901,0.0498077779512286,0.00333439427032298,0.90494149352461,0.00100872712657385,0.232747917889758,0.0232304677179806,7.69856026147956e-05,0.0264682190990672,1.20105396702599,0.898516805628091,1.57786695070122,0.00263809903865803,0.014069462640947,0.0721901316300742,0.0723453882699137,0.0313240401965335,0.587510319016659,0,1.78700475867402,0.0170809444313582,0.0284745315208971,0.0125386203899987,0.403208263582566,0.00629080588988544,0.00613624448309821,0.190025837069714,0.0040745033851856,0.106833573317633,0.252272614505026,0.449010139460544,0.0950160499540168,0.00276441841496263,0.00384851398019724,0.00424418176723311,0.0253033520603919,0.0771653939509445,0.0712838028682319,0.0196694948925766,0.000241651605763843,0,0.000688183754835045,0.00141351838163921,0.0268413095282081,0.0255483079573426,0,0,9.04682152992158e-05,0.00249686241280401,0.000337911542542436,0.00186048823986005,0.000323796756583349,0.0205432361036195,0.000178014325170638,0.0595535283900454,0.0016743047327218,0.000487529604958401,0.0028001915139288,0.0279291727750458,0.0369228641264605,0.114351567072827,6.24117732358799e-05,0.00153788065031282,0.00263781673998974,0.00596712916692125,0.00219217600470471,0.304981690068505,0.338363798225689,0.254206192986808,0.00244876120928258,0.00264021678638007,0.00278965479723551,0.00891665936460771,3.29401385624206e-05,0.000450445015999908,0.0169541702390358,0.00285770737506199
0.0152059091673844,0.659321152151975,2.12042412636776,0.00101142289127934,0.000599844316703461,0.00247738295244935,0.0163401357360615,0.0116184913591814,0.0919791194513826,0.0018765947832426,0.101176441487223,0.000590178712415892,0.558686140315936,0.0257361614058471,0,1.59686005453214,0.654908755770663,0.0536719308990368,0.364097551779183,0.000945760068313164,0.0922537547107737,0.70807231819665,2.1565168640227,0.186063406208543,0.679131664370173,1.78700475867402,0,0.131546049603724,0.0267239865952726,0.0196091319362787,0.302604260458686,0.00254634861589068,0.00597130642758716,0.480465327730193,0.0361897728134688,0.473377004343958,0.337004681783053,0.960420874510652,0.339650035968343,0.00509807305231116,0.00293431800023153,0.00448471791657168,0.105354673882482,0.203788758053982,0.114738796808518,0.0569256133195389,0.00147086936856963,0.00123428823802225,0.00057861895537835,0.00280913982132065,0.17318319379351,0.23872323683803,0,5.27380532354795e-05,0.00020388618095737,0.0101906474629632,0.00193979786631859,0.00825247011136994,0.000689383342455545,0.0105616318193739,0.000227800403149541,0.0203361336220256,0.00685427248927042,0.00121101704867398,0.0868184993605045,0.075878604455407,0.0110771527925679,0.0714112023713307,4.79023248521524e-05,0.0149450353408126,0.0827776973952021,0.190023331815213,0.0140231316167335,0.136183149207677,0.226418473237112,0.56704199845688,0.0146635304634964,0.00278788421731408,0.00666021500615042,0.0043709080105249,0.000109646725796489,0.000255774302704368,0.0249302115616885,0.0227325204167375
