0,0.00612203291469948,0.252870163247324,0.0131687906110626,0,0.0387176944522277,1.37672326663618,0.5629805951851,0.0460535633866146,0.163268154329858,0.00123240583075769,0.0577075731786531,0.000491610355331197,4.57572390527752,0.000471564074805513,0.00308970558294341,0.153739533145084,0.00119858761924545,0.0238147161378143,0.0765375348567396,0.0318641973955154,0.00891422911865288,0.107577823345761,0.0838806710923714,0.00108151434454753,0.108182116948215,0.0463712177420757,0.131644365487505,1.75983390117697,0.490396431684051,0.000382261732529865,0.00440523877303528,0.0534232879988106,0.0666485539014002,4.9154348999309e-05,0.011394221185212,0.0100284372906866,0.0622994600458949,0.0161460592318011,0.00379904975157534,0,0,0.00782807592870635,0.00212587395047381,0.00728130549627851,0.00410903683049446,0.000264550633171171,0,0,0.00404991364131881,0.00371130042026409,0.00451084847975823,0.00209110470562487,0,0.000578623351364653,0.00407535258218969,0.00175157562274342,0.0386192326473666,0.0017375742955587,0,0.000284036633130001,0,0.00194414288606814,0,0.00881495778158154,0.00133535112800837,0,0.000927347469348222,0.000613289124060641,0.000996084182375677,0.00528037492901951,0.00351896981297675,0.026965740408952,0.000712522063881851,0.00232147796527472,0.00618114249723728,0.028999741182577,0.00502794451707714,0.00789243047076242,0,0,0.00167201874327448,0.0018876800485813,0.000186287948101395
0.00612203291469948,0,0.073886829941156,0,0,0.000289403291908605,0.00331855555244751,0.0011751696422212,0.131067988703429,0.000318412483687119,0.0031620757037846,0.000100542803841121,0.0462887345579808,0.00310000550562668,0.00165388933765196,0.0573111188568677,0.0682375499562777,0.00196429523899556,0.0772381815704136,0.00099314956493288,0.00284370379623463,0.891744437291233,0.0110894004014803,0.0584032471008382,1.46309791242692,0.0746643853399812,0.652117697459854,0.00643699078338849,0.00228391302654848,0.00197885022564152,0.00369504457338513,0.000372112490684938,0.00177915294831799,0.0533021983865426,0.00104998760701633,0.0381966972618971,0.105250663897968,0.123792563888112,0.0518461441573493,0.00332063065752726,0,0.0178637095642254,0.0795795715208522,0.145340709977373,0.0975777513853332,0.0496080728829767,0.000394340985697371,0,0,0.00649220123810992,0.689712759070483,0.251174749596092,0,0,0,0.00650711451893386,0.000962385069084108,0.00158645911552037,0,0.00138926963000481,0.000247579628401263,0.00498435305167544,0.00544993699013112,0,0.00576351019020077,0.176916237937747,0.00243275902192392,0.0623466828284449,0,0.0059108815210605,0.186381282015681,0.0386989796988581,0.00239728324676432,0.0833812265180577,0.1340837972412,0.313776376718625,0.00465189369471175,0.00201880550667963,0.0130451046966765,0.00138836393888051,0,0.00155830959324488,0.0166270290855495,0.00196095410668329
0.252870163247324,0.073886829941156,0,0,0.00010623447384463,0.00479401132532867,0.431582193090639,0.105427370899802,0.00862358246185191,0.0311378599554822,0.00142958132267008,0.000153665625809181,0.00189637595251503,0.154506608766905,0.000786423460482073,0.0343218282404992,1.55179286254205,0.000572344938003449,0.0275686221416481,0.000630491898242895,0.235677420930266,0.0445342733762759,4.34932126952531,0.0234534634454993,0.0021200833157427,2.59512307750093,2.0012212908621,0.205502357952902,0.0398243950551651,0.186818196789087,0.000399334204950495,0.000714991146340736,0.0061314434517056,0.216964809359827,0.0054643460403685,0.220471944785122,0.153109176946792,0.463029794419556,0.217478351624657,0.00130495532969627,0,0.00032984707441416,0.0465351088941081,0.0470916032537582,0.032233193823779,0.0155147416670164,0,0,0,0.00222390964778875,0.049987357408614,0.14283359338615,0,0,0.000154319798918411,0.00427732268257121,0.00066011536799395,0.00297028184214576,0.000131007279679208,0,0,0,0.00377882541298221,0.000471127021086509,0.0196394077155293,0.0391086384073511,0,0.00319020026026288,7.70394773828426e-05,0.00502448058448884,0.0436704476085357,0.0609547302933502,0.00451527649335323,0.00174004282209466,0.0123928574962883,0.239441687941322,0.00796553301469991,0.00073982366715593,0.00446475190856878,0,0,0.000589638865647581,0.00394768123236425,0.00367444026109999
0.0131687906110626,0,0,0,0.00136152794906962,0.0117091419954653,0.0247715106024253,0.0106045157381627,0.439507071597061,1.5287817507239,8.90302611884636e-05,4.00969985412563,0.000314421447205736,0.0122014797059413,0.000711859012775776,0,0.000105390365537665,0,0.000239405442986547,15.7701385245897,9.39585616220057e-05,0.000376622388076288,0.000427000315710209,5.41802561574286,0.000187915468680525,0.000243999454270908,0.000534411753929929,2.80781573847334,0.0123433556906918,0.000461875558172855,0,0.00119915974905407,0.00576504534506537,0.0046924206852684,4.50016445604142e-05,0.0194483652708291,0.00180040473048227,0.0221071046830609,0.00968087040536787,0.0146914615055508,0,0,0.00148171319162107,0,0.00179717714864208,0.000902938986630016,0.00369017767431536,0,0,0.000164181212400062,0,0,0.235789898853938,0,0.00121623350897489,0.00256264234608388,0.00177281415747071,0.0577579789603709,0.00694363474446146,0,0.0504216808978742,0,0.00169533463697758,0,0.000268714302811991,0,0,0,0.0366248261312533,0,0.000268005474890559,0,0.0275352881600382,0,8.88822644747999e-05,9.39245851071518e-05,0.00925305557576665,0.00105239804962649,0.000426563775825648,0,0,0.000236137549161674,0.000784993552010671,3.91318990981032e-05
0,0,0.00010623447384463,0.00136152794906962,0,1.60156795090879,0.000652681592972973,0.306565586479107,0.000287178395505301,0.00176894883164425,0.0184305424608384,0.00172394384387569,0.00130093044490789,0.0164858204997896,0.160677100406605,0.000332557275729145,0,0,0,0.00105435029089708,0,0,0.00024220090870536,0.000628420053978252,0.000774380611714851,0.000635438148211074,0.000300953512699905,0.000949493654892009,0.0238597426915307,5.07341745023017e-05,0.000367055792177898,3.32824435242151,0,0.0551405454609134,0.000308331305316859,0.0102603912196473,0.00490146253141229,0.14204492541854,0.0494757657762605,1.14220040219975,3.46489055400842,0,0,0,0,0,0,0,0,0,0,0,0,0,0,0.00010812035185602,0,0.000229611557718735,0,0,0,0.000114367730395248,0,0,0,0,0,0,0.000260560730326573,0,0,0,0.000254272398586435,0.00105896940935831,4.7112692912272e-05,0.000170235798305045,0.000397133651012641,4.49290218661321e-05,0,0,0,0,0.00107394271147832,6.04216366264128e-05
0.0387176944522277,0.000289403291908605,0.00479401132532867,0.0117091419954653,1.60156795090879,0,0.195265214168862,2.45754543764179,0.0216677500287686,1.91772757978837,0.0138407610850992,2.04847428911648,0.00457987825211656,0.187775404581281,1.58218529138544,0.00043133622108747,0.000258779934010175,0.000553332288850314,0.00304044492840859,0.0907978093685402,0.00101595556013747,0.000241829681354945,0.00202282144211371,0.0249755273293488,0.00349382601789009,0.00790249366797306,0.00531740610288304,0.0494038177814705,0.182145437506288,0.00109040729624781,0.000589970667466401,0.362402933668839,0.00189215318794537,0.0812277515495718,0.0416294081993241,0.0295331776850649,0.0139911316467153,0.244306226323036,0.0507433961251083,0.93573381214508,0.148963354915657,0,0.00253845011586195,0.00123134549936677,0.00202043468562683,0.00113592484474834,0.0013267750906456,0,0,0.000388149935093748,0.000639087948122178,0.000127887458861791,0.00189254354867879,0,0.00121935642114836,0.00431907535215903,0.00112612515259581,0.0157369447018416,0.00415179893669377,0.000144056263299726,0.00162548213168501,5.52469891836717e-05,0.00165078548102546,0.000135446702621018,0.000213954042496638,0,0.000173841549196502,8.36603432327887e-05,0.00374200868021624,0.000224436507983213,0.000511552611974823,8.94928202232028e-05,0.0161690327789728,0.00106194484620938,0.000845379440770509,0.00140213997306952,0.0106601699705591,0.0012433512319029,0.00032731506524021,0,0,0.000124494823470407,0.00144446294354025,5.93791810850081e-05
1.37672326663618,0.00331855555244751,0.431582193090639,0.0247715106024253,0.000652681592972973,0.195265214168862,0,0.332978447155411,0.110872517767485,3.08733640334055,0.0012992348243083,0.0148616255619597,0.00139959017427249,2.13186920499438,0.00285492845269859,0.0118097186435383,0.0593446686820777,8.61504633164426e-05,0.00343480204920206,0.0274837313528644,0.147771796698052,0.0109960748975713,0.361177253083655,0.299965414450896,0.00163731370460708,0.0640135171823672,0.0694900016521669,3.70582896056596,0.257972993298356,2.19757896260476,0,0.0058419122383094,0.0627263912159541,0.106947633585231,0.00345307517316311,0.174710212460769,0.0239519700191089,0.206869287087131,0.0855731536573602,0.0168774747755353,0.00065281059520297,0.000430981579984269,0.0114471342494374,0.00405247547793408,0.00929005237013877,0.00600422432485755,0.00222514144570335,0.000140473624447579,0,0.00297870663864881,0.00141121257425045,0.00556483072669447,0.00413190075703439,0,0.00145665981528603,0.0161906926558135,0.00398803173116515,0.0751952777913698,0.00944431202140529,0,0.00197399407765659,7.24897050854469e-05,0.00757773362387743,7.82123261770292e-05,0.0110260831811703,0.00082487523093477,0,0.000554470041940644,0.00551203387811265,0.00296244038273615,0.00802509283750714,0.00864507745707127,0.0735543540362209,0.000852359008577086,0.00163798063276194,0.0161385399973096,0.073010835721925,0.00874201084840327,0.00862561936724937,0,0,0.00228064280467437,0.00398936981511847,0.00154010197385032
0.5629805951851,0.0011751696422212,0.105427370899802,0.0106045157381627,0.306565586479107,2.45754543764179,0.332978447155411,0,0.0237656593864649,0.65917186517029,0.012094204540845,0.133457139254407,0.00292575433681418,1.81809799221525,0.00164079499258417,0.00156338463506532,0.0131095026715029,0.000561234858013114,0.00472705590352604,0.070845943623533,0.015441210652247,0.00266762915533092,0.0519387751437428,0.0477782285938628,0.0016598975541319,0.0386296610517007,0.0210466718315861,0.0619135044730965,0.268353424517773,0.0211072350005771,0.000397787360729198,0.176950680635647,0.00423196446911116,0.0774022455999337,0.000207068809695107,0.0173431001669215,0.0116878781821206,0.146866940226774,0.0354273395308501,0.0594311993642265,0.058458481688404,0.000142662517678673,0.00246399911518728,0.00114282914467059,0.0030057007327434,0.00137498204486553,0.00160642361769602,0,0,0.00103574592365348,0.000780097364403206,0.00184343553386456,0.00161872738347535,0,0.000792474598756187,0.00541099925999377,0.00128268197984344,0.0319631251571128,0.00536125918860944,0,0.000593533118497971,9.69219089481986e-05,0.00262230866619122,0.000219354350970525,0.00172526814515667,0.000198699264276246,0,7.04317847010009e-05,0.00333813467088511,0.000692144146999549,0.00171289006617073,0.00131872239541272,0.0225227122221549,0.00152583734712861,0.000809129401815845,0.00386421782477023,0.0177579224257199,0.00188200010694295,0.00156216082357444,0,0,0.000213517197628573,0.000742716995842612,0.000209279292394577
0.0460535633866146,0.131067988703429,0.00862358246185191,0.439507071597061,0.000287178395505301,0.0216677500287686,0.110872517767485,0.0237656593864649,0,0.263968245057249,0.0016074337532813,4.1830359565945,0.0256058262607577,0.0270779715113166,0.0538496504146818,0.0341651875857544,0.00594664211282305,0.000312275774273719,0.00602682538705875,1.24236318230875,0.011183683545767,1.94116402109663,0.0200350935170312,4.8708849657231,0.148393598397327,0.0110918240589841,0.140906455780831,0.385028754811387,0.0373034385520997,0.0341938243082225,0.00514554075293205,0.00363062118939075,0.0426553919911378,0.0381613088458718,0.021107844896591,0.61225930801632,0.152652705806607,0.113396518934312,0.116489817952579,2.42714635164673,0,0.00436945204069365,0.171808523927649,0.0461924420975395,0.0333362555374199,0.01993224693817,0.0299090392023301,0,0,0.0178124963530842,0.0139494162610307,0.0064976687173806,0.0397485853505847,0,0.00676951367976691,0.0283966824452302,0.00486453584328286,1.54773872712142,0.051369326517199,0.000911959336752498,0.0314244065747749,0.00290133665342486,0.0109014722712908,0.00082785457081555,0.119923959880386,0.00275356234307691,0.00122118971174555,0.00223144384321594,0.102883048911348,0.029616498849103,0.168816560388678,0.0241763045581604,0.261436205098752,0.00473898685772057,0.00331634158822693,0.0194815115491637,0.139019282873182,0.0198931078018415,0.0544478659112102,0.000809247901232298,0,0.0153232965708124,0.0116298631586651,0.00641266864786405
0.163268154329858,0.000318412483687119,0.0311378599554822,1.5287817507239,0.00176894883164425,1.91772757978837,3.08733640334055,0.65917186517029,0.263968245057249,0,0.00277628414049857,1.42259210394922,0.000981620325349028,0.795246955989633,0.00200386029875449,0.00182950496276208,0.00298456779144637,0,0.00192932990569044,5.06225214527934,0.00545116474849025,0.0017022354938958,0.0187903301284608,0.209181160122533,0.00110139381337732,0.0104317257640883,0.00919173821455451,1.21246563889463,0.121956868809078,0.00879312228737808,3.92478613682385e-05,0.0070946813522816,0.0174300130299104,0.0600014179754863,0.00164932154431582,0.11755704290807,0.0132527495391142,0.170609260944441,0.0608994577803402,0.0194701337066362,0.00110155201886828,0,0.00455741139789007,0.00107280806674594,0.00606804746951697,0.00349078884961582,0.00941281378410572,5.76721441536109e-05,0,0.00178637965304595,0.000681254385903211,0.000643295416868542,0.0305642295235306,0,0.00665486928342517,0.0216109970195701,0.00856182989079337,0.129700224200971,0.0357808022016186,0,0.0136625090784038,3.89932928897187e-05,0.00741700049775836,0,0.00153332361530626,0.00031244693501921,0,0.000209812051110727,0.0265741011087776,0.000884256462544595,0.000972371789261738,0.00084032091846948,0.104840671843632,0.000530846769426343,0.00084549514777148,0.00249473699639899,0.0534257982873627,0.00485584191339734,0.00212739599377946,4.57652687735049e-05,0,0.00123145546789262,0.00218148215130788,0.00106546449656359
0.00123240583075769,0.0031620757037846,0.00142958132267008,8.90302611884636e-05,0.0184305424608384,0.0138407610850992,0.0012992348243083,0.012094204540845,0.0016074337532813,0.00277628414049857,0,0.00352083366805858,1.220696877959,0.023882543282069,0.000613027320603865,0.00075725009152206,0.0122891903188649,0.0845525816629702,1.29336718462127,0.00231948381694314,0.000355337037030397,0.00405947890545135,0.00214194155494428,0.00272682748743043,0.291737589374648,0.440049161820786,0.0803904692151837,0.00169759154088221,0.0483451378716641,0.000184273506244879,0.0977826833041193,0.78469937836527,0.000420107650731166,1.49300472411331,0.000236187221295479,0.014707364232258,0.911709987312566,0.855629922118799,0.0616019026505833,0.0106940151340336,0.0258165757289891,0.00730048213943271,0.00219577467771175,0.025340302493685,0.0117420433962998,0.00167908281540182,0,0,0,7.86522733524295e-05,0.00601301313560632,0.000729493783737166,0,0,0,0.000343007553300665,5.49106058947467e-05,0.000601815926564519,6.80725462154004e-05,0.00724477234730821,4.9915733996442e-05,0.0428113376904013,0.000266621313058905,0,4.97210347255488e-05,0.00088453912567005,0.00743774200530666,0.0129805229842835,0,0,0,0.000108879773909621,0.000737979255825069,0.0675334874715465,0.0476991251842305,0.03359167236043,0.000261219421451592,0.000244076099399184,0.000253838017153847,0.0100223789926151,0,0,0.00174334253397537,3.63208692663961e-05
0.0577075731786531,0.000100542803841121,0.000153665625809181,4.00969985412563,0.00172394384387569,2.04847428911648,0.0148616255619597,0.133457139254407,4.1830359565945,1.42259210394922,0.00352083366805858,0,0.00131663393875206,0.117849124389999,0.420475355344888,0.000276427031622834,0.000319900804458117,0.00027951045966472,0.00222181572652887,13.2921022998781,0.000339625925323142,0.000994306728437503,0.000803568511422195,1.08986100580324,0.0012019716599601,0.00459736127713254,0.0031483418948816,0.107506420859887,0.0623545197464153,0.000710534020986038,0.000343213231481985,0.00844697415089951,0.00265391640170764,0.0417167710076798,0.365361555070568,0.0454072469598478,0.00956351407982268,0.127535499805466,0.0322044503082637,0.79259522613248,0.00166265373489811,0.000275276384959866,0.00237282478991943,0.000351519382902132,0.002442535888794,0.00200659435993627,0.0131954227945205,0,0,0.000238237878736369,0.000167057707658215,0.000132123416150837,0.00727421755137026,0,0.0022442362019575,0.00519656009021822,0.00143538536681708,0.0335563601679456,0.0117705798175109,0.000150466555398517,0.129865096383897,0.000108852212566987,0.00209370103550074,0,0.000331492315127496,0,9.68876990912679e-05,0.000704336846343837,0.0675458923992692,0.000412520027813449,0.000852039941292774,0.000312311757217593,0.0331095933872635,0.000672137557873819,0.000528095534057998,0.00121014024155144,0.010222360131897,0.000652313044957544,0.000340893041796479,0,0,0,0.000785852697600018,0.0248449382420327
0.000491610355331197,0.0462887345579808,0.00189637595251503,0.000314421447205736,0.00130093044490789,0.00457987825211656,0.00139959017427249,0.00292575433681418,0.0256058262607577,0.000981620325349028,1.220696877959,0.00131663393875206,0,0.00412468549751866,0.000154273251080684,0.0101865697226971,0.000924789446554119,0.00197674551042436,0.0184975729835451,0.0010806831971812,0.000271726346224402,0.0431052646866871,0.00356080124118157,0.0169206330241711,3.56002620634897,0.277167137447042,1.02112572206173,0.00274306957235099,0.00855055663743088,0.00103485398878762,1.49463497895637,0.0069983864260699,0.00126932806968648,0.0431436890017933,0.000616787594860168,0.139301509264775,1.12856086759562,0.36576006141533,0.429071923892058,0.00493751344909137,0.00243301446881639,0.376162781570276,0.00982076292549508,0.0415413789607388,0.0213460083122726,0.129873591237916,0.000678751423285809,0,0,0.000236822645310307,0.0107338697542364,0.00073801455393133,0.000281966704840153,0,9.16124327596801e-05,0.000984305495276196,0,0.000455668010749762,5.98566317366036e-05,0.0121480712657759,0.000166749376137691,0.0807063542066536,0.000322141862701928,0,6.68876038678341e-05,0.00127737031052762,0.00890526698229389,0.0208678822074021,0.000215212147595057,0.000120668413629818,0.000767618799896031,0.000255673683263069,0.000612454000647354,0.0866090262439773,0.0579491301872497,0.0365678750393131,0.00114447957154267,0.000861817387848937,0.000594224102706077,0.0271039792794662,0,0,0.0319654209525145,0.000250672587882644
4.57572390527752,0.00310000550562668,0.154506608766905,0.0122014797059413,0.0164858204997896,0.187775404581281,2.13186920499438,1.81809799221525,0.0270779715113166,0.795246955989633,0.023882543282069,0.117849124389999,0.00412468549751866,0,0.000895298533253194,0.00226338312517581,0.0539881904175237,0.0010040265721745,0.0140925753972719,0.0825076151133675,0.0210944033598978,0.00334577490859516,0.0773548069930938,0.0641090398686011,0.00561092089189706,0.0838820930499613,0.0460665493339262,0.115974836455651,4.41506464423275,0.17957061507103,0.00070801285619475,0.333093162326585,0.0129211601928414,0.371461198085911,0.000337244630983619,0.0391687010976697,0.0213074071422517,0.282790796457303,0.0341819125321068,0.0326852442764182,0.0168118530815446,4.24146235366934e-05,0.00469292751871974,0.0021070021396155,0.00393335817583601,0.00138302911269166,0.00101860270841701,0,0,0.00138834265105208,0.00263549875973599,0.00193064780727114,0.00145094314778594,0,0.000579478538145808,0.00493583805312847,0.00167556394181868,0.0242953158563577,0.00315052640178516,0,0.000678595370461869,0.000656797281573306,0.00262204880074014,0,0.00362399314635921,0.00074829426133033,0,0.000926588779941909,0.00192475712817494,0.00113001826624583,0.00282054199465231,0.00231227866665062,0.0283328616343902,0.00268833683530583,0.00333633240623614,0.00991988260862852,0.0272337176288052,0.0035297902341104,0.00428161399736637,7.49857765917675e-05,0,0.00118176917401555,0.00181553409419582,0.000216177217795654
0.000471564074805513,0.00165388933765196,0.000786423460482073,0.000711859012775776,0.160677100406605,1.58218529138544,0.00285492845269859,0.00164079499258417,0.0538496504146818,0.00200386029875449,0.000613027320603865,0.420475355344888,0.000154273251080684,0.000895298533253194,0,0.0240182208090627,0.000248046541471723,0,0.000403267741876776,0.00331315645310711,0.0147761724727503,0.00634741983642902,0.0218995302812493,0.00682614679352792,0,0.000643743456897083,0.00935896869915824,0.0201323943630595,0.00318233280203721,0.00262657199684782,0,0.0176686328507449,0.000183026169257548,0.00652721221515289,0.303784781865266,0.137222405750005,0.0715535892870578,0.0701229728640526,0.0689538847663341,0.989398874836296,0.0679387482714152,0,0.0181887619364192,0.0223194427925189,0.00509012774134179,0.00406413184973088,0.00121505480530817,0,0,0,0.00126040763867449,0.000346941266919703,0.000486249276172142,0,0.000166742384388867,0.00114831288271637,0,0.00101045977868136,0.00112574077333677,0,0,0,4.7952570322589e-05,0.0193905492413161,0.0113763952073905,0.000554764530737769,0.000593175408196787,0.000446745263606833,0.000300493035503169,0.00473102591444782,0.00565527043158799,0.00419366578469418,0.00321238824707487,0.00165797481993861,0.00076152828830127,0.00381352069352695,0.00523683954504223,0.000796789899284722,0.00122637450742105,0,0,0,0.00109245508591728,0.0746580233126273
0.00308970558294341,0.0573111188568677,0.0343218282404992,0,0.000332557275729145,0.00043133622108747,0.0118097186435383,0.00156338463506532,0.0341651875857544,0.00182950496276208,0.00075725009152206,0.000276427031622834,0.0101865697226971,0.00226338312517581,0.0240182208090627,0,0.0431314130260124,0.000458949634650856,0.00639291279992435,0.000177451171955041,1.84723062665488,3.11684504452382,3.4639388897111,1.36423287032974,0.034220566941151,0.0217448299165627,1.57062011080528,0.562590854706565,0.00302866976080838,0.100085295689012,0.000128878023583875,0.000752987169412699,0.00354842038028567,0.200395889242544,0.0177228459500566,0.563467043186217,0.370331999988614,0.547570336804478,0.346567068540446,0.0184521853694418,0,0.00259160530701571,0.0619576702045293,0.0469673085755845,0.0337734318036719,0.0211850650638895,0.00215392698461713,0,0,0.000822805820409042,0.0118365301504962,0.0181233746409524,0,0,4.87232342334248e-05,0.00197810655371855,0.000484489098065402,0.00372037707410121,0.000230776524744417,0.000172116021896491,0.000306663912489603,0.000730710096087121,0.000878166520584241,0.00279880316205952,0.550037399352244,0.00865358376679496,9.40204978401322e-05,0.00244602393118799,0.000169388528392954,0.105146639590374,0.261302141268499,0.19006509310683,0.015651409833615,0.00428729993480328,0.00373301953196328,0.052072654720697,0.0200795087203536,0.0012612074058538,0.012472312934632,0.000100824849464881,0,0.000529555230704422,0.0064170890397917,0.00816731242440474
0.153739533145084,0.0682375499562777,1.55179286254205,0.000105390365537665,0,0.000258779934010175,0.0593446686820777,0.0131095026715029,0.00594664211282305,0.00298456779144637,0.0122891903188649,0.000319900804458117,0.000924789446554119,0.0539881904175237,0.000248046541471723,0.0431314130260124,0,0.00324008747365868,0.991207522172745,0.000334283551735532,0.244007050653078,0.0233524214805406,1.4967427969568,0.0210345890064048,0.00587935777484557,1.59724814858827,0.929499952834221,0.0435900487677528,0.446188583369744,0.19031987372763,0.000742049390239728,0.000301998711162583,0.102161264250846,0.268855771310136,0.000908171143867891,0.0425938480895187,0.0465258721151506,0.07460933676966,0.0337326717125496,0.00118779933466572,0,0,0.0261549836318038,0.0284536492061197,0.023959638218506,0.00813958791232784,0,0,0,0.00248389786375143,0.0748699173324092,0.0694491523061468,0,0,0,0.00165896645071896,0.000162551004494889,0.00278861761646012,6.79449032177861e-05,0,0,0.000173479890660776,0.000829481249303643,0.000146265829381988,0.0102876969410489,0.0413960620065284,0.00027230625799117,0.0099415058572465,0,0.0035674718175748,0.0174008600323669,0.0174101084754242,0.00234392808494385,0.00258785737418134,0.0256620855039456,0.149655325953235,0.0032244444845559,0.000603287685961564,0.00304823198182443,0.000141826891104001,0,0.000912794616480831,0.0040424532872576,0.000923856053218234
0.00119858761924545,0.00196429523899556,0.000572344938003449,0,0,0.000553332288850314,8.61504633164426e-05,0.000561234858013114,0.000312275774273719,0,0.0845525816629702,0.00027951045966472,0.00197674551042436,0.0010040265721745,0,0.000458949634650856,0.00324008747365868,0,0.966788687328191,0,0,0.000288077819277567,0.000276701903514299,0.000317382579085892,0.0393312564821297,0.197579274418803,0.0162946985803849,0.000149128966673868,0.0017083628617303,0.00027531682477531,0,0.000877580299661868,0,0.0188930469155964,0,0.00331315652552139,0.0168967408644265,0.0199253992129955,0.00866873176982534,0.000658573641336882,0,0,0.000349070400427675,0.00343820610611936,0.00140251632775586,0.000386357202056459,0,0,0,0,0.00125177381450683,0.000503515104135349,0,0,0,0.000163167090182586,0,0,0,0.000613830373254347,0,0.00125752994247023,0,0,0,0.000282592493256384,0.000342055439318565,0.003309259138783,0,0,0,6.06279246280024e-05,0,0.0208309867203902,0.00796149523887184,0.00411268920550124,0,0,0.000169406838640656,0.000608596796526292,0,0,0.000101318695878571,0
0.0238147161378143,0.0772381815704136,0.0275686221416481,0.000239405442986547,0,0.00304044492840859,0.00343480204920206,0.00472705590352604,0.00602682538705875,0.00192932990569044,1.29336718462127,0.00222181572652887,0.0184975729835451,0.0140925753972719,0.000403267741876776,0.00639291279992435,0.991207522172745,0.966788687328191,0,0.000864610113864742,0.00635965054045374,0.0055496795446771,0.0191690795181066,0.00644963438241392,0.175017804136703,3.0060772905453,0.378695517461389,0.00501002842710629,0.0154264492318422,0.0108847612879788,0.00311870479378474,0.00495589244450884,0.00227476246743503,1.29069972230361,0.000525710811940154,0.018856451182392,0.0759110512261797,0.210672759544316,0.0375238525696158,0.000829971241445612,0,0,0.0158633551189781,0.0537463201290869,0.0381240325643995,0.0114201359489336,9.4126262601758e-05,0,0,0.00152750279713885,0.100926893119274,0.00662551476873728,0,0,0,0.00111547537377778,0.000167981353935403,0.000145639706241912,0,0.00117892901125995,5.66228671395603e-05,0.0126045409953213,0.000768730435415219,0,0.00207331020955034,0.0083486152215706,0.00649028405830233,0.0533978225783698,0,0.000359512797724142,0.000838891191724677,0.0024834234834201,0.000519422120904916,0.167205347035798,0.129319253067729,0.109071260268892,0.00116633194656194,0.0010306458619466,0.00415198006774126,0.00162392646555907,0,0.000139786007190034,0.00845518627237159,0.000252385125610821
0.0765375348567396,0.00099314956493288,0.000630491898242895,15.7701385245897,0.00105435029089708,0.0907978093685402,0.0274837313528644,0.070845943623533,1.24236318230875,5.06225214527934,0.00231948381694314,13.2921022998781,0.0010806831971812,0.0825076151133675,0.00331315645310711,0.000177451171955041,0.000334283551735532,0,0.000864610113864742,0,0.000553678968986985,0.00159187893062118,0.000613132215592332,1.6396458475289,0.00265373368132494,0.00154115686470216,0.00221975634848305,1.01619685192313,0.045265268175849,0.000585367875197412,0,0.00555543981121328,0.00949666822293478,0.0331400904803849,0.000147978164283673,0.0609652391262433,0.0128385388383448,0.114062313094799,0.0590126697682651,0.0615006841419424,0.00159080844501745,0,0.00403649332543219,0,0.00508576464091759,0.00384140019136323,0.0185388830533325,0.000190577311108643,0,0.000259015688717328,0.000437014337960383,0,0.0594910980520105,0,0.00625508086298156,0.0100234223807303,0.00395322516922039,0.144868258448692,0.0224949148499535,0,0.0426751657532999,0.000129210870795348,0.00351278074775066,0.000475739577296477,0.000689155242147792,0,0,0.000390510161002847,0.0368808256079885,0,0,7.38120608155934e-05,0.0715007689515645,0.000535801757457115,0.000333081512798407,0.000465317247354852,0.0229099077789908,0.00322946813309301,0.000448529203637875,0,0,0.000640634430402201,0.00172612921487678,7.72594740771579e-05
0.0318641973955154,0.00284370379623463,0.235677420930266,9.39585616220057e-05,0,0.00101595556013747,0.147771796698052,0.015441210652247,0.011183683545767,0.00545116474849025,0.000355337037030397,0.000339625925323142,0.000271726346224402,0.0210944033598978,0.0147761724727503,1.84723062665488,0.244007050653078,0,0.00635965054045374,0.000553678968986985,0,0.0443655117702872,6.99714252973526,0.118691914513526,0.00186460407623335,0.0249916773144697,0.0872185981751608,1.32624072173359,0.632996724249333,2.5372178565729,0.000179410386422739,0.000577508182859148,1.19525445142827,0.532810104289243,0.0168441178164164,0.382666827552659,0.159980457449348,0.48748669080549,0.195561869689793,0.0173998839035794,0,0.00137684090216204,0.0165478524604346,0.0080401770788943,0.00907726969894615,0.00387609372309552,0.000786821160725362,0,0,0.00102282219566411,0.00263441336379063,0.00394987433908746,5.68142566660587e-05,0,6.14204757078476e-05,0.000366710373173289,4.00195982974052e-05,0.00206324250732025,0.00016527703310993,0,0,0,0.000362474148245268,0,0.0821018193140409,0.000868400696400852,0,0.000533654424523858,0,0.0232522686374182,0.0354835962366267,0.0305548266571548,0.00717111815005666,0.000317942136240411,0.000914721454801114,0.0123010883778485,0.00923382843512,0.00125119939152913,0.00545947616594221,0.000108079827690234,0,0.00109559396168541,0.00311354881673159,0.00836674159746943
0.00891422911865288,0.891744437291233,0.0445342733762759,0.000376622388076288,0,0.000241829681354945,0.0109960748975713,0.00266762915533092,1.94116402109663,0.0017022354938958,0.00405947890545135,0.000994306728437503,0.0431052646866871,0.00334577490859516,0.00634741983642902,3.11684504452382,0.0233524214805406,0.000288077819277567,0.0055496795446771,0.00159187893062118,0.0443655117702872,0,0.199025107299594,2.48379963212853,0.30928714155966,0.0165220588563962,0.899866561811968,0.179059116117931,0.00633634935912956,0.0335503347323834,0.00456726327758832,0.000138727839322575,0.00949707468680507,0.0678221001153295,0.00307992285629604,0.125532875088004,0.108324179294542,0.147843367260275,0.090537036729521,0.0253742695707401,0,0.0113765101401988,0.0427767812271799,0.0382965753136357,0.0272735345129136,0.0132728375864482,0.00064922218261608,0,0,0.00391263795725834,0.0531161695205363,0.0501176625622933,0,0,0,0.00245258214588647,0.000190626304458342,0.0643231168048672,0,7.46405030845293e-05,0.000341155859978414,0.0026264007104969,0.00302489572470365,0.000302032356241516,0.285141120732868,0.00683260178560626,0.000563920304504195,0.00188953513664083,0,0.0882438051106383,0.471556912059513,0.0896284228505644,0.0245106918975298,0.00357012723465554,0.00431562312588409,0.0779943974862122,0.0285108200218532,0.00281066408974109,0.0256360702492717,0.00208448117569522,0,0.0028870887729625,0.00745274363411566,0.00259712624824777
0.107577823345761,0.0110894004014803,4.34932126952531,0.000427000315710209,0.00024220090870536,0.00202282144211371,0.361177253083655,0.0519387751437428,0.0200350935170312,0.0187903301284608,0.00214194155494428,0.000803568511422195,0.00356080124118157,0.0773548069930938,0.0218995302812493,3.4639388897111,1.4967427969568,0.000276701903514299,0.0191690795181066,0.000613132215592332,6.99714252973526,0.199025107299594,0,0.0968792756419,0.00388517705969126,0.367037547674374,1.24525231348195,0.840585310143836,0.661387720652943,0.617289426760785,0.000139454387129933,0.0013791703048399,0.221769604757486,0.542315162982072,0.0447088287324443,0.708886735402021,0.428439263869722,0.979210082507103,0.462763255891115,0.0133977181447342,0,0.00152317628024122,0.0676630841064265,0.0462005471613409,0.0232355801100136,0.0160131074167996,0.00126885393000437,0,0,0.00102941442943939,0.00831879854054239,0.0370664219947612,0,0,5.58697127884446e-05,0.00370539981767988,0.000278931106610083,0.00340210544129789,0.000119663374491478,0,0.000132640504136129,2.61165960661507e-05,0.00167321135007785,0.000379043731239537,0.271665269421851,0.00440543032309331,0.000123106798649165,0.00189914525213592,0,0.0444585043954354,0.134124449020752,0.195028654797445,0.00945978436659874,0.00107034805191015,0.00547881599836836,0.135102118867944,0.0152185355107101,0.00141828218858976,0.00492073007660317,0.000141616878829594,0,0.000547985880348903,0.0033265142104526,0.0168021130242354
0.0838806710923714,0.0584032471008382,0.0234534634454993,5.41802561574286,0.000628420053978252,0.0249755273293488,0.299965414450896,0.0477782285938628,4.8708849657231,0.209181160122533,0.00272682748743043,1.08986100580324,0.0169206330241711,0.0641090398686011,0.00682614679352792,1.36423287032974,0.0210345890064048,0.000317382579085892,0.00644963438241392,1.6396458475289,0.118691914513526,2.48379963212853,0.0968792756419,0,0.0589755479517955,0.0196832545363667,0.457828738671105,5.17066327323655,0.130864859198091,0.166504565746933,0.00123668724230624,0.00443048594523353,0.078372531491981,0.12560359691151,0.00541497326136341,0.275910336297687,0.0751064974597275,0.208808213480131,0.1138665563805,0.149614094049007,0.00103777476868089,0.00302205217147847,0.0557120978001082,0.0120258862235449,0.0517264070182827,0.0230459211184607,0.0134718863251114,5.4903206129036e-05,0,0.01769637118049,0.00907776694134545,0.00792857397014868,0.0334411286778847,0,0.00703935301917512,0.0595184635339918,0.0139384702577138,0.538463410335416,0.0373405108798106,0.000153714577653952,0.0108085563685864,0.00151849345056286,0.0283036427417594,0.0010987524148837,0.179366950377657,0.00305593222547865,0.000267177170178656,0.00193393613475898,0.0316084647742998,0.0487052679507657,0.11684692470378,0.0312342308669993,0.354715339586996,0.00174384109658102,0.00410080785250058,0.0239942965560679,0.320743916983833,0.044402919137698,0.075381649331668,0.000925931922591418,0.000159164236430261,0.0118809511897499,0.0221271480282624,0.00411152504416057
0.00108151434454753,1.46309791242692,0.0021200833157427,0.000187915468680525,0.000774380611714851,0.00349382601789009,0.00163731370460708,0.0016598975541319,0.148393598397327,0.00110139381337732,0.291737589374648,0.0012019716599601,3.56002620634897,0.00561092089189706,0,0.034220566941151,0.00587935777484557,0.0393312564821297,0.175017804136703,0.00265373368132494,0.00186460407623335,0.30928714155966,0.00388517705969126,0.0589755479517955,0,0.361448931692168,0.961751017246439,0.00492944229122004,0.00825124865564537,0.00181550014467634,0.160869911037012,0.00321571672101834,0.00134532416986365,0.0596284155930825,0.000505037640862715,0.0520826645929572,2.01100471966936,0.387202340562573,0.108586091643991,0.00381610697059663,0.00199791983691244,0.98593453518757,0.0049857974394671,0.0391749330758848,0.016338384323324,0.00493411901452891,0.000272534773316938,0,0,0.00100702682594673,0.061211539383143,0.000971885684515094,0,0,0.000108326667312761,0.00019747993327371,0,0.000142553134528309,0,0.00823748109062113,0,0.0443623971915543,0.000572742228186749,0,0.00109226780840764,0.001438113340207,0.0128371593354776,0.0335018909421769,0,0.000193638122479558,0.00187443748404846,0.00112902909633943,0.000465664669644304,0.531788975359991,0.0723253447407676,0.0551660235122935,0.000557395853875506,0.000217269022711162,0.00137509242287603,0.0223869605691239,0,0,0.00421172202804482,0.000146485685040509
0.108182116948215,0.0746643853399812,2.59512307750093,0.000243999454270908,0.000635438148211074,0.00790249366797306,0.0640135171823672,0.0386296610517007,0.0110918240589841,0.0104317257640883,0.440049161820786,0.00459736127713254,0.277167137447042,0.0838820930499613,0.000643743456897083,0.0217448299165627,1.59724814858827,0.197579274418803,3.0060772905453,0.00154115686470216,0.0249916773144697,0.0165220588563962,0.367037547674374,0.0196832545363667,0.361448931692168,0,3.00815003273672,0.0341593475485547,0.0610481823719541,0.0642052607774511,0.1244480137875,0.00603705838333348,0.00324814857907599,0.301200118056917,0.00378405677995574,0.12930156540992,0.44327083188541,0.4676153838925,0.0930493269344034,0.0047905858382379,0.000316104496668018,0.000182000029950138,0.0324976030069213,0.0696735496706173,0.0479745254942015,0.00851990975179521,4.76348688848458e-05,6.70127848307386e-05,0,0.0017292501503024,0.107672373285204,0.0284509392768801,0,0,3.67993505040803e-05,0.00316414239646586,0.00026003768798104,0.000693116200437732,7.02147022535729e-05,0.00762894964482959,7.33144527773023e-05,0.0344497072573039,0.00203066987043346,0.000172154289242429,0.00365126863821889,0.0282376872705003,0.00872712047246632,0.0624037984280582,0,0.00321506687800143,0.00323799379191139,0.00898091812552294,0.00222670064948822,0.177527096548964,0.248350606892962,0.323037023916353,0.0038600669394996,0.00170687634925808,0.00777130059592908,0.00670513145802773,0,8.28722154122441e-05,0.0119303177513977,0.00244195834018567
0.0463712177420757,0.652117697459854,2.0012212908621,0.000534411753929929,0.000300953512699905,0.00531740610288304,0.0694900016521669,0.0210466718315861,0.140906455780831,0.00919173821455451,0.0803904692151837,0.0031483418948816,1.02112572206173,0.0460665493339262,0.00935896869915824,1.57062011080528,0.929499952834221,0.0162946985803849,0.378695517461389,0.00221975634848305,0.0872185981751608,0.899866561811968,1.24525231348195,0.457828738671105,0.961751017246439,3.00815003273672,0,0.263842550482468,0.033576815225541,0.047199284634909,0.124935783283719,0.00179632525516396,0.00423385831045932,0.60878939953451,0.0313752417555943,0.658726744566266,0.640756633970568,1.10980944150543,0.423135015402256,0.00789045954528107,0.000244418772121233,0.00489670292450436,0.0968324492314943,0.113124274498538,0.0732761235854791,0.0237968314343279,0.000593429809948919,0,0,0.00353988099267827,0.237351154175722,0.161282872340085,7.85099807468893e-05,0,9.26562642992923e-05,0.00881548871667773,0.00107585398760491,0.00339143398655923,0.000367223433199739,0.00530245659980564,7.17399637654515e-05,0.0206736695625407,0.00582680899674792,0.000640548529527586,0.0767115780315713,0.06895290149286,0.00653240856852969,0.0515533497119394,8.82631911367105e-05,0.0186537699959341,0.0975269873061518,0.130779881635575,0.00732458853390746,0.13891842935768,0.225400144818564,0.705220112339789,0.014701619647342,0.00294952675149642,0.010849078619628,0.00451984605578973,4.50251870363211e-05,0.00045783391110683,0.0173218881213286,0.0183555763187905
0.131644365487505,0.00643699078338849,0.205502357952902,2.80781573847334,0.000949493654892009,0.0494038177814705,3.70582896056596,0.0619135044730965,0.385028754811387,1.21246563889463,0.00169759154088221,0.107506420859887,0.00274306957235099,0.115974836455651,0.0201323943630595,0.562590854706565,0.0435900487677528,0.000149128966673868,0.00501002842710629,1.01619685192313,1.32624072173359,0.179059116117931,0.840585310143836,5.17066327323655,0.00492944229122004,0.0341593475485547,0.263842550482468,0,0.257505127611319,2.10287646606163,0.000464943305754221,0.00779965439550172,0.18828621064607,0.555736434610598,0.0242152253183715,0.648759043605261,0.170932350193348,0.547494233004824,0.231496215126223,0.0564867634320481,0.0013223843407953,0.00153152847465269,0.0525989140089585,0.0104189232189648,0.0424665516862002,0.022545567887773,0.00590139070363574,0,0,0.0196832529988676,0.00321672016715315,0.00903393492350695,0.0573310960720396,0,0.00451538379927721,0.0574086119372299,0.010834615134547,0.213434683760059,0.0202817780136679,0.000275661154558474,0.0106105174116866,9.5354281160376e-05,0.0251715106832185,0.000350455221441309,0.145954189697806,0.00281961920851935,5.56438525899511e-05,0.000991826356611613,0.0138272630919176,0.0513318255182426,0.0677863613421019,0.0311036184712459,0.265536738874694,0.000992699340089084,0.00344983427975112,0.0237365641299378,0.309136253245882,0.043088264680926,0.0993099508607313,0.000118767929334373,0,0.0123256210076315,0.0243489802547595,0.00880684821390834
