0,0,0.00549708848472291,0.0010304951106912,0.000183812151631456,0.0032146289041648,2.34626017981655,0.166581721836906,0.00201803134187874,0.0372609546413397,0.000131567753907887,0.00285600514377425,0,3.14229894209048,0,0.000592501023661556,0.00979862940635983,0,0.000339568532035583,0.00828308189833559,0.00192711796485377,0,0.00405306155877205,0.0083805366780322,0,0.000886595973179328,0.00216365575917634,0.00753411722136272,0.913437729122306,0.827302400083587,0,0.000266819360354199,0.183198155262662,0.165357422523211,0.00017580667259956,0.0443646967447628,0.00625204847204988,0.0509942043344499,0.0570560746515914,0.00250404179710512,0,0,0.000187557757455777,0,0,0,0,0,0,0,0,0,0,0,0,0,0,0,0,0,0,0,0,0,0,0,0,0,0,0,0,0,0,0,0,0,0,0,0,0,0,0,0,0.000129924821426408
0,0,0.0133659688718642,0,0,0,0,0,0.132858027545194,0,0.00668568207832226,0,0.0535867338376607,0,0,0.0506036107654753,0.0164075278666805,0.00144290030012226,0.0112395101868381,0,0.000125618109754434,1.18214889707108,0.00137197887328062,0.0199844113402075,2.00179004529611,0.0973140695355291,1.86520852839273,0.00166613345250775,0.000274344505346801,0.000591094076303578,0.0266278657696488,0,0,0.0144977425102512,2.81103582086945e-05,0.00644962228410279,0.0802425811265053,0.0207274572012791,0.00722201190101069,0,0,0.00681284768036889,0.000467529234553113,0.00510555314748778,0.00184677049748846,0.000140401951871986,0,0,0,0,0.592254936622124,0.000252261091177586,0,0,0,0,0,0.0160051676753367,0,0,0,0.00471299030048221,0,0,0.000882843682056865,0,0.00194808682290283,0.000502611396888375,0,0,0.0767475007914482,0,0.000947222901720175,0.317080985870242,0.0149939410438296,0.144079092159739,0,0,0,0.00332989275308791,0,0,0.000782065467190451,2.62283898480684e-05
0.00549708848472291,0.0133659688718642,0,0,0,0.00014534432645487,0.00654892533825281,0.000769427574404563,0.00179097089331525,0.00110963275141205,0.00186734583864036,0,0.000360189235685239,0.00438460391354706,0,0.0455443805543242,1.214992596859,0.000336545495089934,0.0171757208784249,0,0.137846791826646,0.0132185286968525,2.25429288971412,0.0102073194565985,0.000721256499222046,1.8411987011056,1.96235042600256,0.0772875635500819,0.00224043616593164,0.0420323603742634,0.000380616348236044,9.29353015293377e-05,0.000386881107915134,0.0742880973771066,0.000697236424946073,0.0563650669186081,0.0489811405464126,0.158177013023522,0.0567582557399859,0.000145819364366669,0,0,0.000675180410016941,0.0001563252085403,0.000238005929855678,0.000567494848113791,0,0,0,0,0.00239420705320192,0,0,0,9.39673170938776e-05,0,0,0.000512590254114864,0,0,0,0,0,0,0.000121164245659448,0,0,0,0,5.95392819472927e-05,0.00194996566412013,7.33440750402694e-05,0.00034871959518178,0.000209326341880355,6.89085085605326e-05,0.000443586015410303,0.000212487467694652,3.04723775813647e-05,0,0,0,4.5665868719355e-05,0,0.000568850270746651
0.0010304951106912,0,0,0,0.000287765381711335,0.0184388225812023,0.0404365229703669,0.00161222665997277,0.0196044025467875,1.90222748825326,0,1.53444770404392,0,0.0014766880640245,0,0,0,0,0,11.0684668619601,0,0,0,5.6787313860627,0,0,0,1.78997958634127,0.00105005457541002,0,0,0,0.000532094198103711,0.000670761396122724,0,0,0,0,0,0,0,0,0,0,0,0,0,0,0,0,0,0,1.03978642754923,0,0.000173017822178599,0.000145189448786547,0,0.000163698636056782,0.00234880621756872,0,0.0055173850821702,0,0,0,0,0,0,0,0.172607920418426,0,0,0,0.00100804846212878,0,0,0,0.00287772881544332,0,0,0,0,0.000281701184285254,0,0
0.000183812151631456,0,0,0.000287765381711335,0,0.52725485678014,0,0.143054973016022,0,0.000158373593993546,0.00583029424084196,0,0,0.038254677222201,0.0171213227626969,0,0,0,0,0,0,0,0,0,0,0,0,0,0.105042641439941,0,0,3.3817822001321,0.000246873124311729,0.121575412464264,0,6.80905240544758e-05,0.000257053725315898,0.00701617781916737,0.000495212011897971,0.547714428142072,1.25193740181035,0,0,0,0,0,0,0,0,0,0,0,0,0,0,0,0,0,0,0,0,0,0,0,0,0,0,0,0,0,0,0,0,0,0,0,0,0,0,0,0,0,0,0
0.0032146289041648,0,0.00014534432645487,0.0184388225812023,0.52725485678014,0,0.0187254832975327,2.99572962894957,0.000901077552620427,1.93678841663033,0.000757370052985318,3.12090392727107,0,0.152059370474937,1.4622070471459,0,0.000129203232702718,0,0,0.195899473699338,0.000159383587049897,0,0.000145676359605082,0.105891897173335,0,1.70109244569265e-05,0,0.0237429168675087,0.161313414622184,0.000298785094858839,0,0.44874889455182,0.00033169538669684,0.0334657316220429,0.717553232134024,0.000195102887904672,0.000106271912886695,0.000327253868718394,0,0.970053506550304,0.0323483648717916,0,0,0.000176964222136042,0,0,0,0,0,0,0,0,0,0,0.000338981325531213,0,0,0,0,0,0.000263899154721184,0,0,0,0,0,0,0,0,0,0,0,7.89055813001397e-05,0,0,0,0,0,0,0,0,0,0,0.00677273716238148
2.34626017981655,0,0.00654892533825281,0.0404365229703669,0,0.0187254832975327,0,0.176860510342878,0.023397891058099,1.96491812942304,8.97586549301287e-05,0.000588009366489838,0,0.984642927812993,0,0.000706275667278828,0.00633652368396259,0,0.000268424888116316,0.03423489490399,0.00784114337845422,0.00121361842123404,0.00891433796148916,0.430504132194394,0,0.00210398330039612,0.00194818910519249,1.89296948132173,0.135289226025445,1.38292965310239,0,3.8420346621712e-05,0.0409344259092924,0.0439241680098277,0.000254907194519282,0.0194034158995697,0.00200548912269922,0.0204180291603133,0.0118342702290976,0.000563069324402296,0,0,8.17392899947473e-05,0.000107546415081889,7.44230950824772e-05,9.53945455366622e-05,0,0,0,0,0,0,0,0,0,0.000105835540592418,0,0.0027559720707865,0,0,0,0,0,0,0,0,0,0,0,0,0.000434787656599887,0,0.000812051933249141,0,0,6.99101061046653e-05,0.000730414130157755,4.93304833875975e-05,0,0,0,0,0,9.77064052388962e-05
0.166581721836906,0,0.000769427574404563,0.00161222665997277,0.143054973016022,2.99572962894957,0.176860510342878,0,0.000298452248411341,0.958202451328267,0,0.0023961058626145,0,2.2778938146657,0,0.000148823630098181,0.00105450875122788,0,0.000112322056646307,0.0155192024749511,0.000194394316751475,0,0.000725371432679286,0.0256965161117541,0,5.82016918929326e-05,0.000259943890202939,0.00365824360424751,0.393560646253823,0.00580376007279135,0,0.330119363567722,0.00236174204358913,0.00760427971816527,0.000699044759726406,0.00387293847644075,0.000438024920903817,0.00418939530278963,0.00247508807975412,0.000464117016463891,0,0,0,5.89662790948936e-05,0,0,0,0,0,0,0,0,0,0,0,0,0,0,0,0,0,0,0,0,0,0,0,0,0,0,0,0,0.000127858175427864,0,0,0,3.29626467984018e-05,0,0,0,0,0,0,2.42210852884469e-05
0.00201803134187874,0.132858027545194,0.00179097089331525,0.0196044025467875,0,0.000901077552620427,0.023397891058099,0.000298452248411341,0,0.00737644096436556,0.000926729123677129,1.62608776497358,0.00456208812735553,0.000164241907226192,0.00094519844005804,0.10562184923309,0.000747639828433198,0,0.00129853361075149,0.0260702174331446,0.000283298653636593,1.87663647433298,0.00199821449760712,5.08368171216094,0.0654131721774699,0.00523549334496157,0.0559803527886251,0.0879866206204223,0.00119794764207802,0.0131556015832622,0.00228988582986613,0,0.00221011370054849,0.00338985227575023,2.97094511281305e-05,0.0355887614047055,0.00788961908939944,0.00367585389654067,0.00147401081700901,2.38179393992154,0,0.000513962532654906,0.00131774616223149,0.000556251449165185,0.00183086363990459,0.00341985169117383,0,0,0,0.00201766828766032,0.0424990512519589,0.000170470378671186,0,0,0,0.00102928139097952,0.000160929342546764,0.829940214049109,0.000114332335814427,0.000105002372415269,0.000824687532924969,0.000213049685197086,0.00057415414468678,0,0.042413731431121,0.000440844683691408,0,0,0,0,0.269782235989229,0.000717898302935541,0.106810855025862,0.00402366644807334,0.000255558273528948,0.00414618175363369,0.0397867380133892,0.00198583307420555,0.00467444389129047,0,0,0.000690650928705065,0.00156364784812013,0
0.0372609546413397,0,0.00110963275141205,1.90222748825326,0.000158373593993546,1.93678841663033,1.96491812942304,0.958202451328267,0.00737644096436556,0,3.17864179297826e-05,1.39025694807453,0,0.427543029195984,0,0,0.00129445228561054,0,0,4.20811898639953,0.000692668161486971,0.000169911775210309,0.00143463409500469,0.400998142587924,0,0.000115650436990226,0.000224605795425487,1.21379026784157,0.0452467020967591,0.00528692347692885,0,0.000318860143250878,0.0025409482930956,0.019754829931551,0.048953040452033,0.00218008146635562,9.47732015827351e-05,0.00389034519230103,0.00156906650766682,0.005906332701818,9.01980706646587e-05,0,0.000149587905506551,0,0,0.000117241580709217,0,0,0,0,0,0,0,0,0,0,0,0.000378589712258515,0,0,0,0,0,0,0,0,0,0,0,0,0,0,0,0,0,0,0,0,0,0,0,0,0,6.40239126530457e-05
0.000131567753907887,0.00668568207832226,0.00186734583864036,0,0.00583029424084196,0.000757370052985318,8.97586549301287e-05,0,0.000926729123677129,3.17864179297826e-05,0,0,1.33635061757489,0.000239158088684137,0,0.000516297346837038,0.00152991161694021,0.316977242501846,1.63229972665622,0,0.000555116222713376,0.0019747162608296,0.000822814907610955,0.000246729760537846,0.15101418855724,0.217601794854049,0.0391227760139239,0.000795408853818835,0.034600141340659,0.000633217129848783,0.0514712130819699,0.312280826053145,0.00357808966631259,0.930923563155931,6.59286988902196e-05,0.012407250001637,0.508852134402484,1.00528039224652,0.0287100366382636,0.00117596017369216,0.00815384452578928,0.0131783313733526,0.000130395250108609,0.000342902611544,0,0,0,0,0,0,0.000867398487125399,0,0,0,0,0,0,0,0,0.000118233661310339,0,0.00252661197851448,0,0,0,0,0,0,0,0,0,0,0,0.010188977268774,0.000934018788266098,0.0032243075318071,8.97148833388329e-05,0,0,0.000585179531331517,0,0,0,0.000132487592491111
0.00285600514377425,0,0,1.53444770404392,0,3.12090392727107,0.000588009366489838,0.0023961058626145,1.62608776497358,1.39025694807453,0,0,0,0.00313231175003991,0.402053203470981,0,0,0,0,10.1665542769611,0,0,0,3.31225773303234,0,0,0,0.00770875941665206,0.00466931460704849,0,0,0,0.00019398402120431,0.00475468766873119,0.0656442175151052,0.00063975520092748,0,0,0,0.456749459103307,0,0,0,0,0,0,0,0,0,0,0,0,0.171358653045107,0,0.000257583059852726,0,0,0,0.000221470758828952,0,0.102426646848604,0,0,0,0,0,0,0,0.200927606435927,0,0,0,0.00339448243583973,0,0,0,0,0,0,0,0,0,0,0
0,0.0535867338376607,0.000360189235685239,0,0,0,0,0,0.00456208812735553,0,1.33635061757489,0,0,0,0,0.00128402417881086,0,0.0015529814815301,0.00375751400120989,0,9.55867127421363e-05,0.0144488584503289,0.000184396361022882,0.000548357089515904,5.21907652355218,0.144811665753177,0.475209511292106,0.000269319753642733,0.000850469531348041,0.000152009080537002,1.64250612649381,7.14146250412849e-05,7.29573256503385e-05,0.00888268616845319,0.000126626936114146,0.02988755472341,0.832387435342149,0.209325350692662,0.252940364168987,0,0.0128940055344297,0.256630537106606,0.00022547843267647,0.00213221294784667,0.000110106276026895,0.000292540872232461,0,0,0.000122236329016766,0,0.00484788504068083,0,0,0,0,0,0,0,0,0.000301970040501153,0,0.00329435129622959,0,0,0,0,0.000207001341933385,0,0,0,0.000152125454917879,0,0.000158152858080419,0.0205030189295894,0.00206032412762685,0.00892646478891262,0.000124240657554675,0,0,0.00071658536532964,0,0,0,6.94058155911795e-05
3.14229894209048,0,0.00438460391354706,0.0014766880640245,0.038254677222201,0.152059370474937,0.984642927812993,2.2778938146657,0.000164241907226192,0.427543029195984,0.000239158088684137,0.00313231175003991,0,0,0,0.000311173326976838,0.00559476355190472,0,0.000174719214847305,0.0150303391159041,0.00221770759404369,0.000165666800243658,0.00648775086103105,0.0177489411453212,0,0.00103579807693566,0.00219818769445163,0.00685531935712778,5.27080829140444,0.122311770597633,5.32864664737689e-05,0.130176256214296,0.0253675327236292,0.059451656779245,0.000228943919290792,0.0230603157773786,0.00398389365323757,0.0268774701075388,0.0215400637430568,0.000513193329386976,0.000354521618970226,0,0.00044842296120259,0.00020282540641027,5.43165685194134e-05,4.71327426425196e-05,0,0,0.000145612298151593,0,0,0,0,0,0,0,0,0,0,0,0,0,0,0,0.000100631909038862,0,0,0,0,0,0,0,0.000161127187405575,0,0,0,0,0,0,0,0,0,0,0.000288462068710047
0,0,0,0,0.0171213227626969,1.4622070471459,0,0,0.00094519844005804,0,0,0.402053203470981,0,0,0,0,0,0,0,0.00256284362176741,0,0,0.000158783337512347,0.000598761410592306,0,0,0,0,0.000129907953468968,0,0,0.000416101451404458,0,0.000223027110907809,0.0553338228096816,0.000673152530191371,0.000705230633318362,0.000137709453889783,0.00063961158586839,0.877821901936945,0.00245482713428228,0,0.000200024245879789,0.00133630693498375,0.000867540444400819,0.00197311879836493,0,0,0,0,0,0,0,0,0.000113133281365281,0,0,0,0,0,0,0,0,0,0,0,0,0,0,0,0,8.72146352812069e-05,0,0,0,0,7.58901931491394e-05,0,0,0,0,0,3.88936554035933e-05,0.0044372254012225
0.000592501023661556,0.0506036107654753,0.0455443805543242,0,0,0,0.000706275667278828,0.000148823630098181,0.10562184923309,0,0.000516297346837038,0,0.00128402417881086,0.000311173326976838,0,0,0.0107322324633757,0.00016058885590781,0.000746788954271247,0,1.20738258542439,4.85748493081891,2.32623885339889,1.3289330996387,0.00771416922352098,0.00800922648297465,0.928889410277145,0.650199531264214,0.00147868277533276,0.0105630301537622,0,0,0.00332227486279701,0.0316373805452214,0.00486977862272874,0.425844301245136,0.168362559997431,0.183723105826456,0.197128182949053,0.00493771178666684,0,0.0053403803570775,0.0107486072811886,0.00271259750729027,0.00188747441915084,0.00434325459663699,0,0,0.000870218828711662,0,0.0146709409258116,0.00013383111646623,0,0,0.000336222981628977,0,0,0.0273519752893661,0,0,0,0.000233542884974441,5.61812166313255e-05,0,0.00461776039379747,0.000214315467495159,0,0,0,0.000292234591243001,0.106582493329475,0.000870234429978423,0.0111433871600012,0.00186767840752424,5.4270119319215e-05,0.00294881156320761,0.002674193833181,2.50717834130599e-05,7.89301529258712e-05,0,0,0,0.000214045659340158,0.0031538936587824
0.00979862940635983,0.0164075278666805,1.214992596859,0,0,0.000129203232702718,0.00633652368396259,0.00105450875122788,0.000747639828433198,0.00129445228561054,0.00152991161694021,0,0,0.00559476355190472,0,0.0107322324633757,0,0.000419332153642779,1.00683726734206,0,0.0473611735004704,0.00552309705955524,1.32165096453718,0.00189868558010444,0.00117965655390158,1.67162844858303,0.162665856460932,0.0137890783654304,0.0696042308817897,0.0184529518019519,0.000156335280593231,0.000668750901876521,0.0060182999981942,0.132447726180384,3.59471579945274e-05,0.0111660982094089,0.0172256887597823,0.0408303202257575,0.0120353403919923,0.000338763788982999,0,0,0.000172553233150716,0.000119934009376307,0,7.87720143512367e-05,0,0,0,0,0.00442479649398585,0,0,0,0,0,0,0,0,0,0,0,0,0,0,7.0887209339952e-05,0,0,0,0,0.000687158296241792,0,0,0.000512321098904063,4.48065253623767e-05,0.00054791605018204,4.78578367789778e-05,0,0,0,0,0,0,2.1978524488619e-05
0,0.00144290030012226,0.000336545495089934,0,0,0,0,0,0,0,0.316977242501846,0,0.0015529814815301,0,0,0.00016058885590781,0.000419332153642779,0,0.957545260814223,0,2.90362335565167e-05,0.00102359117554214,0.000122463673327913,0,0.0184845070391023,0.465002780132058,0.00898850956748009,0,0.000389192936201224,6.24935659361515e-05,0.00433492457130168,0.000124276291978614,0,0.0139739953425991,4.70541704344145e-05,0.00413924894738245,0.0728878594503886,0.0321530327956371,0.00671444968719169,0,0,0.000216916428272262,0,0,0,7.11341003782964e-05,0,0,0,0,0,0,0,0,0,0,0,0,0,0,0,0.00130411925292018,0,0,0,0,0,0,0,0,0,0,0,0.00678166519067448,0.000538962353490042,0.00143162694684491,0,0,0,0,0,0,0,0
0.000339568532035583,0.0112395101868381,0.0171757208784249,0,0,0,0.000268424888116316,0.000112322056646307,0.00129853361075149,0,1.63229972665622,0,0.00375751400120989,0.000174719214847305,0,0.000746788954271247,1.00683726734206,0.957545260814223,0,0,0.00116197484468552,0.00387844143435736,0.00181853297357842,5.21985618192949e-05,0.0361536213939402,1.63800164980073,0.0452938810410488,0.000709840071046453,0.00583436014735711,0.00130305272675862,0.0080361129889049,0.00207892369392193,0.00114693820105532,1.29522656177324,4.23513099660758e-05,0.0122737252297838,0.319184077234339,0.250021014054606,0.0272605381528653,0,0,0.000451570389783948,0,0.000631773326632964,0,0.000130502125151451,0,0,0,0,0.0042582070774095,0,0,0,0,0,0,0,0,0.000209514462594091,0,0.00140171051395265,0,0,0,0,0,0,0,0,0,4.32853822221163e-05,0,0.0176366792370195,0.00185013313679977,0.00781999466631218,0,0,0,0,0,0,0.000247662055368642,2.01784692293197e-05
0.00828308189833559,0,0,11.0684668619601,0,0.195899473699338,0.03423489490399,0.0155192024749511,0.0260702174331446,4.20811898639953,0,10.1665542769611,0,0.0150303391159041,0.00256284362176741,0,0,0,0,0,0,0,9.16190793345756e-05,1.11811253179959,0,0,0,0.499192244712596,0.0138971399559663,0,0,0,0.000213081762677931,0.00877150209773593,0,0,0,0.000241159807655308,0,0.00318042259707,0.000304742880561131,0,0,0,0,0,0,0,0,0,0,0,0.16807541965835,0,0,0,0,0,0.000111867685168395,0,0.00105342514901007,0,0,0,0,0,0,0,0.048489577664161,0,0,0,0.000249448276130692,0,0,0,6.16425965749407e-05,0,0,0,0,0,0,0
0.00192711796485377,0.000125618109754434,0.137846791826646,0,0,0.000159383587049897,0.00784114337845422,0.000194394316751475,0.000283298653636593,0.000692668161486971,0.000555116222713376,0,9.55867127421363e-05,0.00221770759404369,0,1.20738258542439,0.0473611735004704,2.90362335565167e-05,0.00116197484468552,0,0,0.00467530185213103,3.73814955157685,0.0521441228589896,8.00676945788194e-05,0.0111060098310996,0.0382965053380912,1.10530129209818,0.314299610394236,2.70336753929973,0,0.000130469478320401,0.307315170181599,0.0822574361508995,0.00293415414429545,0.176968921839033,0.0305845851832539,0.152837674871313,0.102989809135649,0.00297003431554641,0,0.00026821631468113,0.0024827842075867,0.00114361389754852,0.000399336401466881,0.0025326513831471,0,0,6.9873017036916e-05,0,0,0,0,0,0,7.4846414615156e-05,0,0.000955658862578459,0,0,0,0,0,0,0.000170495346235935,0,0,0,0,4.65418077348679e-05,0.00104826853448727,1.69955051684085e-05,0.00115482859126776,0,0,8.9760363677384e-05,0.000849760841064117,0.000102864142421208,0,0,0,0,0,0.00156142745681044
0,1.18214889707108,0.0132185286968525,0,0,0,0.00121361842123404,0,1.87663647433298,0.000169911775210309,0.0019747162608296,0,0.0144488584503289,0.000165666800243658,0,4.85748493081891,0.00552309705955524,0.00102359117554214,0.00387844143435736,0,0.00467530185213103,0,0.0188133096872701,1.15179638955046,0.275311829410197,0.0199816608465039,1.27021714574414,0.0560513688163227,0.000215748141053846,0.00488725484924889,0.00815736809965208,0,0.000207701578257701,0.00654995451872614,0.000230377515636042,0.011937650451278,0.0321698998467556,0.0322506024727764,0.0105558235873692,0.000443043882808088,0,0.00214267990684048,0.00198939593087675,0.00194223777083735,0.00383100041339868,0.00246453735667155,0,0,0,0,0.201895355922567,0.000785454133870206,0,0,0,0.000155354078982112,0,0.348667814545736,0,6.37828784068248e-05,0,0.00089361822048108,4.435998479099e-05,0,0.0580424314292257,0.000864264736084998,0.000154892391935845,0.000170740541267422,0,0.000190654583351267,1.20561922755773,0.0018241939343919,0.0872019590346934,0.0397456122224196,0.000649348077697979,0.0289774623546744,0.0118531784209455,0.000164060867548506,0.00139606736631546,0,0,0,0.000643924443136292,0.000125844609581139
0.00405306155877205,0.00137197887328062,2.25429288971412,0,0,0.000145676359605082,0.00891433796148916,0.000725371432679286,0.00199821449760712,0.00143463409500469,0.000822814907610955,0,0.000184396361022882,0.00648775086103105,0.000158783337512347,2.32623885339889,1.32165096453718,0.000122463673327913,0.00181853297357842,9.16190793345756e-05,3.73814955157685,0.0188133096872701,0,0.0235660812007488,0.000342905887415099,0.086477471028721,1.07497356150235,0.326469437841102,0.561085525913609,0.0764457814502339,9.73214483278289e-05,0.0017665308250771,0.0360588804660155,0.0885298658569234,0.01184256190331,0.392431933611333,0.146158486157888,0.412329062315123,0.196710424288405,0.0079243510082832,0.000166028102887107,0.000910437881831396,0.00819677982392377,0.00262135606316823,0.00216454857376714,0.00486291792488305,0,0,0.000443085811107282,0.000156912635340511,0.000485565943851551,2.17548992006125e-05,0,0,0.000194507691730827,0,0,0.00170957859952838,0,0,0,0,0,0,0.000499468153636293,0,0,0,0,0.000282459097869666,0.00496835527913863,0.000640047556419768,0.000109505039401868,4.05074943889833e-05,0,0.000593373635034608,0.000653854697698843,0,3.05567920959248e-05,0,0,0,0.000285263569928684,0.00686766276962722
0.0083805366780322,0.0199844113402075,0.0102073194565985,5.6787313860627,0,0.105891897173335,0.430504132194394,0.0256965161117541,5.08368171216094,0.400998142587924,0.000246729760537846,3.31225773303234,0.000548357089515904,0.0177489411453212,0.000598761410592306,1.3289330996387,0.00189868558010444,0,5.21985618192949e-05,1.11811253179959,0.0521441228589896,1.15179638955046,0.0235660812007488,0,0.00567375247477058,0.00278395709848211,0.0532947453686752,2.77557407916854,0.0139761551566218,0.0129722091238802,5.94637475935275e-05,0,0.00236358179751327,0.0192762879349991,0.00032448011453999,0.0279299880135096,0.00648655099670161,0.0149536551386138,0.0133479091293246,0.0125368320785452,0,0,0.00285245662464253,0.000230753164453113,0.00406334346674537,0.00430019679941258,0.000160942417175763,0,0,0.00199533149456374,0.00275205114133145,0.000243453060449014,0.0244412146833988,0,0,0.00133083961600043,0.00033566265959375,0.122303499165005,8.28657991315896e-05,0.000263644957292056,0.0057855100308845,0,0.000630599929673642,0,0.0175219048309078,0,0,2.47800915413815e-05,0.0092881975471196,2.05034882234718e-05,0.153714405781245,0.000525504841730314,0.109878872427276,0.00103576821772604,0.000227494715570927,0.00134648490065169,0.066906454779737,0.00213033142547897,0.00793342849884823,0,0.000120217633437881,0.00110309523271457,0.00320492726189549,0.000460556530862077
0,2.00179004529611,0.000721256499222046,0,0,0,0,0,0.0654131721774699,0,0.15101418855724,0,5.21907652355218,0,0,0.00771416922352098,0.00117965655390158,0.0184845070391023,0.0361536213939402,0,8.00676945788194e-05,0.275311829410197,0.000342905887415099,0.00567375247477058,0,0.174932823838343,1.12033800041903,0.00027421904208704,0.000107542960256606,0,0.366554096024029,0,0,0.0067861254482977,7.84590844842115e-05,0.0222831264841173,1.41919855579103,0.0973423767918184,0.0123443599012912,0,0,0.534478989959884,0.000118403326076595,0.00282948884402856,0.000362778120800381,0,0,0,0.000270665484019489,0,0.147036402579975,0,0,0,0,0,0,0.00681014983488483,0,0.000366351696555315,0,0.016112907453225,0,0,0.00129522247682091,0,0.000768086219545876,0.00080304003634226,0,0,0.0238941054350691,7.64893498593463e-05,0.000392551158218279,0.279951952924901,0.00897635973988434,0.0501433711859206,0,0,0,0.0064004339710497,0,0,0.000931770491284295,5.6345823834385e-05
0.000886595973179328,0.0973140695355291,1.8411987011056,0,0,1.70109244569265e-05,0.00210398330039612,5.82016918929326e-05,0.00523549334496157,0.000115650436990226,0.217601794854049,0,0.144811665753177,0.00103579807693566,0,0.00800922648297465,1.67162844858303,0.465002780132058,1.63800164980073,0,0.0111060098310996,0.0199816608465039,0.086477471028721,0.00278395709848211,0.174932823838343,0,1.66585101108987,0.00887342242377368,0.0031880813989224,0.00574324260374748,0.624627092516118,0.000549000650789337,0.000270506555412449,0.140701271074268,0.000606517222990189,0.0579690531384108,0.512208515170686,0.25299764755412,0.0444148755999761,0.000242844139573851,0.000149603933404036,0.00200625984119674,0.000360770652260874,0.00240243514253806,0.000414979000627475,0.000148821107339451,0,0,0,0,0.0171030319914866,1.78734287142001e-05,0,0,0,0,0,0.00053487264660459,0,0.000720625268591789,0,0.0135139247675324,0,0,0.000123083876054091,0,6.30330689462001e-05,0.000252333229280418,0,6.23141799853894e-05,0.00207857680418137,2.78292178923667e-05,0.000181765456132081,0.0771533607308475,0.0133793398418247,0.0571429648541784,6.71954785142048e-05,2.91356025625673e-05,0,0.00282362115441203,2.22312822878716e-05,0,0.000727680272943203,0.000255330034608473
0.00216365575917634,1.86520852839273,1.96235042600256,0,0,0,0.00194818910519249,0.000259943890202939,0.0559803527886251,0.000224605795425487,0.0391227760139239,0,0.475209511292106,0.00219818769445163,0,0.928889410277145,0.162665856460932,0.00898850956748009,0.0452938810410488,0,0.0382965053380912,1.27021714574414,1.07497356150235,0.0532947453686752,1.12033800041903,1.66585101108987,0,0.0386759550662162,0.00167924185088565,0.00759966319782346,0.492782796477206,8.58439579678387e-05,0.000368392838016079,0.0858765304029501,0.00239923281047226,0.107267333782665,0.183843072075024,0.21050980973493,0.067133437039637,0.00156184764934429,0,0.000546329637013784,0.00240274426405565,0.00543288951411051,0.0027082742683707,0.00117099300876444,0,0,9.08593626292839e-05,0,0.096586144320618,0.000220098135533086,0,0,0,0,0,0.0114035297620531,0,0.000392533524407594,0,0.0155042690994836,0,0,0.00259056057971678,0.000156704993787376,0.000275506879126723,0.000823249086110935,0,0.000235324534746947,0.0593330892331368,0.00121313955752962,0.0036212974889503,0.109321844209036,0.0254960402684723,0.143358224794054,0.000700680230457581,2.82490301048829e-05,0,0.00304825199143493,1.37451875739999e-05,0,0.000792935306974115,0.00181299943576743
0.00753411722136272,0.00166613345250775,0.0772875635500819,1.78997958634127,0,0.0237429168675087,1.89296948132173,0.00365824360424751,0.0879866206204223,1.21379026784157,0.000795408853818835,0.00770875941665206,0.000269319753642733,0.00685531935712778,0,0.650199531264214,0.0137890783654304,0,0.000709840071046453,0.499192244712596,1.10530129209818,0.0560513688163227,0.326469437841102,2.77557407916854,0.00027421904208704,0.00887342242377368,0.0386759550662162,0,0.0162124698080339,1.6460312889467,4.0552401142039e-05,0.000177387358309699,0.0200406969943601,0.104024353012401,0.0028789124853252,0.211589119665119,0.034182201336338,0.132515185654448,0.0993348095258897,0.00151675153629489,0,0.000851585861790811,0.00489200497438511,0.000903662688248597,0.00143384499679,0.00159173439757018,9.37679954381766e-05,0,0.000254256645442532,7.48701375259324e-05,0.000871203210670403,9.83095852814773e-05,0,0,0,0.000364432904738823,2.41905947316364e-05,0.0270802708721774,0,0,2.63556297103655e-05,0,0.000108565544021336,0,0.00403527735867267,7.16190822120603e-05,0,2.46688135116164e-05,0,0,0.0207397126300695,0.000331279932782167,0.0210112106378361,0.000159161121564942,2.86711427300813e-05,0.00030218997942146,0.0151978102758888,0.000623094761464127,0.00167927556938889,0,4.17684468334767e-05,0.00027231151790907,0.000809345780230785,0.00141677487548007
0.913437729122306,0.000274344505346801,0.00224043616593164,0.00105005457541002,0.105042641439941,0.161313414622184,0.135289226025445,0.393560646253823,0.00119794764207802,0.0452467020967591,0.034600141340659,0.00466931460704849,0.000850469531348041,5.27080829140444,0.000129907953468968,0.00147868277533276,0.0696042308817897,0.000389192936201224,0.00583436014735711,0.0138971399559663,0.314299610394236,0.000215748141053846,0.561085525913609,0.0139761551566218,0.000107542960256606,0.0031880813989224,0.00167924185088565,0.0162124698080339,0,1.51880779159047,0.000268545649074124,1.20611516458114,2.29347551778291,2.01522710268206,0.000245034732480759,0.0257143293858746,0.0118237431350621,0.308575134946797,0.0370667242632763,0.0393962579572398,0.135351893375224,0,2.45919369298679e-05,0,0,0.000113788696759094,0,0,0,0,0,0,0,0,0,0,0,0.000477403442247574,0,0,0,2.659578577261e-05,0,0,6.74370848304066e-05,0,0,0,0,0,0,0,0.000448371789489576,0,0,0.000146302994011561,0.000434097591785243,0,3.04574192571585e-05,0,0,0,0,6.60384229135485e-05
0.827302400083587,0.000591094076303578,0.0420323603742634,0,0,0.000298785094858839,1.38292965310239,0.00580376007279135,0.0131556015832622,0.00528692347692885,0.000633217129848783,0,0.000152009080537002,0.122311770597633,0,0.0105630301537622,0.0184529518019519,6.24935659361515e-05,0.00130305272675862,0,2.70336753929973,0.00488725484924889,0.0764457814502339,0.0129722091238802,0,0.00574324260374748,0.00759966319782346,1.6460312889467,1.51880779159047,0,3.42313887130769e-05,0.000884466709765705,0.4085692303278,0.361556318663733,0.000945367313207074,0.110862919314714,0.0213016951313702,0.101374305928625,0.0726258496750324,0.0010351141431022,6.51305003315627e-05,0.00113756922756694,0.00118174562602616,0.000672955770494926,0.000282012436964346,0.000803875372144894,0,0,0.000237269733254636,0.00012910729312683,0,0,0,0,0,0,0,0.00547561033972901,0,0,0,0,0,0,7.19620261398386e-05,0,0,0,0,8.75246712429617e-05,0.00214070751821643,2.41207639696229e-05,0.00578395668417045,0,5.11555460329864e-05,0.000109634953155165,0.00527455824859968,5.43944207258371e-05,0.000125860538901594,0,0,0,0,0.000786411753964534
0,0.0266278657696488,0.000380616348236044,0,0,0,0,0,0.00228988582986613,0,0.0514712130819699,0,1.64250612649381,5.32864664737689e-05,0,0,0.000156335280593231,0.00433492457130168,0.0080361129889049,0,0,0.00815736809965208,9.73214483278289e-05,5.94637475935275e-05,0.366554096024029,0.624627092516118,0.492782796477206,4.0552401142039e-05,0.000268545649074124,3.42313887130769e-05,0,0.000106952840339102,0,0.00475614341594797,7.49015023357585e-05,0.0139773902090969,0.191372629678098,0.0720556970094476,0.0238861027218656,0,0.000258035530701833,0.01207365486725,0.000146110250383346,0.000376041093573183,9.46472666403389e-05,0,0,0,0,0,0.00424199939287,0,0,0,0,0,0,0.000234781200470727,0,0.000407831539733838,0,0.00364343092061296,0,0,0,0,0,0.000236233004859645,0,0,0.00134559351502287,0,4.4949123102319e-05,0.0150908885166848,0.0011874173577672,0.00281906668397366,0,0,0,0.000988408910273145,0,0,0.000101528737125649,3.54773532060735e-05
0.000266819360354199,0,9.29353015293377e-05,0,3.3817822001321,0.44874889455182,3.8420346621712e-05,0.330119363567722,0,0.000318860143250878,0.312280826053145,0,7.14146250412849e-05,0.130176256214296,0.000416101451404458,0,0.000668750901876521,0.000124276291978614,0.00207892369392193,0,0.000130469478320401,0,0.0017665308250771,0,0,0.000549000650789337,8.58439579678387e-05,0.000177387358309699,1.20611516458114,0.000884466709765705,0.000106952840339102,0,0.0139790403527323,0.63760304525875,0,0.000407214969086222,0.00170595483370804,0.103657831449457,0.00643192799820415,0.249030302883149,1.21120712000561,0,0,0,0,0,0,0,0,0,0,0,0,0,0,0,0,0,0,0,0,0,0,0,0,0,0,0,0,0,0,0,0,0,0,0,0,0,0,0,0,0,0,0
0.183198155262662,0,0.000386881107915134,0.000532094198103711,0.000246873124311729,0.00033169538669684,0.0409344259092924,0.00236174204358913,0.00221011370054849,0.0025409482930956,0.00357808966631259,0.00019398402120431,7.29573256503385e-05,0.0253675327236292,0,0.00332227486279701,0.0060182999981942,0,0.00114693820105532,0.000213081762677931,0.307315170181599,0.000207701578257701,0.0360588804660155,0.00236358179751327,0,0.000270506555412449,0.000368392838016079,0.0200406969943601,2.29347551778291,0.4085692303278,0,0.0139790403527323,0,1.04355429201379,2.07373202820542e-05,0.0134055085728862,0.00399528156036249,0.140247552243132,0.0691630708836534,0,0,0,0,0.000280718599932608,4.34420954066421e-05,0,0,0,0,0,0,0,0,0,0,0,0,0.00119550915934858,0,0,0,0,0,0,0,0,0,0,0,0,0,0,0.000338364557762497,0.000153094353943768,0,0,0.000194223999536502,0,0,0,0,0,0,0
0.165357422523211,0.0144977425102512,0.0742880973771066,0.000670761396122724,0.121575412464264,0.0334657316220429,0.0439241680098277,0.00760427971816527,0.00338985227575023,0.019754829931551,0.930923563155931,0.00475468766873119,0.00888268616845319,0.059451656779245,0.000223027110907809,0.0316373805452214,0.132447726180384,0.0139739953425991,1.29522656177324,0.00877150209773593,0.0822574361508995,0.00654995451872614,0.0885298658569234,0.0192762879349991,0.0067861254482977,0.140701271074268,0.0858765304029501,0.104024353012401,2.01522710268206,0.361556318663733,0.00475614341594797,0.63760304525875,1.04355429201379,0,0.00180379049595502,0.195619072122768,0.162973527175765,3.48324117011222,0.368311479796203,0.285666610299882,0.226226745478684,0.000325215246594277,0.00170969824900846,0.000720990654398072,0.000483888366289967,0.00167102327795948,0,0,0,0,0.00354340770566975,0,0,0,6.36069344806109e-05,0.000140513553750471,0,0.00121781637095231,0,0.000173748767328971,0,0.00135632515453669,0,0,0.000117162375392364,0,0,0,0,0,0.00150835265317961,0.000117620214287072,0.0012525698439896,0.00740531685316062,0.000312625235455691,0.00574407969376308,0.000694805413428154,0,0,0,0,0,0,0.00178786786212188
0.00017580667259956,2.81103582086945e-05,0.000697236424946073,0,0,0.717553232134024,0.000254907194519282,0.000699044759726406,2.97094511281305e-05,0.048953040452033,6.59286988902196e-05,0.0656442175151052,0.000126626936114146,0.000228943919290792,0.0553338228096816,0.00486977862272874,3.59471579945274e-05,4.70541704344145e-05,4.23513099660758e-05,0,0.00293415414429545,0.000230377515636042,0.01184256190331,0.00032448011453999,7.84590844842115e-05,0.000606517222990189,0.00239923281047226,0.0028789124853252,0.000245034732480759,0.000945367313207074,7.49015023357585e-05,0,2.07373202820542e-05,0.00180379049595502,0,0.0709908722456605,0.0276664197690804,0.0205604560877317,0.0180674100462583,0.00149562057881458,0,0.000316794297863634,0.0170024846212474,0.0204624910878921,0.0186445041108943,0.016188313108547,0,0,0.00065905545340446,9.69460076149595e-05,2.26024862442879e-05,0.000291561488020288,0,0,0.00975407849543867,0.000416247571640613,6.57176749506545e-05,9.6448694687906e-05,0,0,0.00436531933266822,6.30532576492335e-05,1.43752800794614e-05,0.000510250480398632,0.00221107419447395,2.86978060149722e-05,2.22805879789029e-05,0,0,0.00132862605287359,0.000177332026248323,0.00515226066300203,0.000170248806528129,9.25623518825821e-06,0.000212087131267411,0.00115220378152879,0.00128365984975046,0.000134021584965564,8.89498528715148e-05,0,0,0,0.000755775155756708,1.53193857986616
0.0443646967447628,0.00644962228410279,0.0563650669186081,0,6.80905240544758e-05,0.000195102887904672,0.0194034158995697,0.00387293847644075,0.0355887614047055,0.00218008146635562,0.012407250001637,0.00063975520092748,0.02988755472341,0.0230603157773786,0.000673152530191371,0.425844301245136,0.0111660982094089,0.00413924894738245,0.0122737252297838,0,0.176968921839033,0.011937650451278,0.392431933611333,0.0279299880135096,0.0222831264841173,0.0579690531384108,0.107267333782665,0.211589119665119,0.0257143293858746,0.110862919314714,0.0139773902090969,0.000407214969086222,0.0134055085728862,0.195619072122768,0.0709908722456605,0,3.54640853199443,0.853759298597729,0.859463425514336,1.34727957692673,0.000190453378927716,0.28250705623642,0.225375377656846,0.104382862556388,0.0341186267159386,0.0500398565055016,0,0,0.00742682260122135,0.000343113753292091,0.00280791010097385,0.0019263600471286,0,0,0.00182137368601655,0.000992592995920432,0.000139885231197014,0.00142249371920599,0,8.13439753955536e-05,0.000214534093260403,0.00120266862989877,0.000303758147422323,6.49617968780172e-05,0.00759391271456406,0.000231799790648581,4.94120977958328e-05,8.09036286898606e-05,0,0.00372416537267439,0.00289663893308563,0.0139619608949609,0.00119589636566815,0.00284040060399419,0.00162633968807176,0.00547774262389598,0.00639253563557195,0.000153111250495962,0.000746330691977203,0.000365796909046088,0,0,0.00177200239187346,0.0293520545052877
0.00625204847204988,0.0802425811265053,0.0489811405464126,0,0.000257053725315898,0.000106271912886695,0.00200548912269922,0.000438024920903817,0.00788961908939944,9.47732015827351e-05,0.508852134402484,0,0.832387435342149,0.00398389365323757,0.000705230633318362,0.168362559997431,0.0172256887597823,0.0728878594503886,0.319184077234339,0,0.0305845851832539,0.0321698998467556,0.146158486157888,0.00648655099670161,1.41919855579103,0.512208515170686,0.183843072075024,0.034182201336338,0.0118237431350621,0.0213016951313702,0.191372629678098,0.00170595483370804,0.00399528156036249,0.162973527175765,0.0276664197690804,3.54640853199443,0,2.66712729802413,1.22831124392327,0.013199127220224,0,2.23420589141937,0.0301420165377659,0.0145152254895423,0.00680786713088671,0.0355164967107865,0,0,0.00181999482647122,0,0.0210373681049009,0,0,0,0.000657051835437001,0.000193015217441504,0,0.00181856685431962,0,0.00067362250211395,4.14147222290832e-05,0.0049412631157902,0,0,0.00345423538100976,0.000147089595006899,0.000101506325456802,6.07908298397731e-05,0,0.00016893609659689,0.00273200558760021,0.00160737691214713,0.000317965352451723,0.0358629554049557,0.00324368453773432,0.0170256926742607,0.000746807007887272,0.000175076710261993,9.43644822630615e-05,0.00273648029918557,0,0,0.000442155792077143,0.0200834884072954
0.0509942043344499,0.0207274572012791,0.158177013023522,0,0.00701617781916737,0.000327253868718394,0.0204180291603133,0.00418939530278963,0.00367585389654067,0.00389034519230103,1.00528039224652,0,0.209325350692662,0.0268774701075388,0.000137709453889783,0.183723105826456,0.0408303202257575,0.0321530327956371,0.250021014054606,0.000241159807655308,0.152837674871313,0.0322506024727764,0.412329062315123,0.0149536551386138,0.0973423767918184,0.25299764755412,0.21050980973493,0.132515185654448,0.308575134946797,0.101374305928625,0.0720556970094476,0.103657831449457,0.140247552243132,3.48324117011222,0.0205604560877317,0.853759298597729,2.66712729802413,0,2.99943800674805,0.0128908021958822,0.00682095395764373,0.507854983276936,0.0244849588588122,0.0123260851196069,0.00708284640027318,0.0172614234721084,0,0,0.00347233875116942,0.000211204543429469,0.00490355713333531,0.000516075555860471,0,0,0.000348399372619828,4.85087988443037e-05,0,0.00134895021305611,0,0,0.000153222158202791,0.00139148307479702,0,0,0.00201813474320923,0,0,0.000381638141462624,0,0.000295519932260707,0.00471454770494517,0.00191747032568263,0.000697636983309189,0.00750338901388304,0.000951713220631769,0.00525712375009847,0.00197540515987608,0,4.74002291710445e-05,0.000131766364226983,0,0.00013707919953084,0.000361627680041509,0.0171300454530023
0.0570560746515914,0.00722201190101069,0.0567582557399859,0,0.000495212011897971,0,0.0118342702290976,0.00247508807975412,0.00147401081700901,0.00156906650766682,0.0287100366382636,0,0.252940364168987,0.0215400637430568,0.00063961158586839,0.197128182949053,0.0120353403919923,0.00671444968719169,0.0272605381528653,0,0.102989809135649,0.0105558235873692,0.196710424288405,0.0133479091293246,0.0123443599012912,0.0444148755999761,0.067133437039637,0.0993348095258897,0.0370667242632763,0.0726258496750324,0.0238861027218656,0.00643192799820415,0.0691630708836534,0.368311479796203,0.0180674100462583,0.859463425514336,1.22831124392327,2.99943800674805,0,0.0173528957599009,0.000804616634256594,0.50351632213247,0.0136364307630916,0.0245600520204606,0.0220348766957018,0.0170619422117595,0,0,0.000222785480178317,0.000207522659098396,0.00216629802181375,0.000950780363191857,0,0,0.00055000875847366,0.000718639632495577,3.8757721846929e-05,0.00232482850736306,0,0,9.51552536499929e-05,0.000186932209908572,0,0.000154803564704317,0.00219829551414787,0,0,0,0,0.000872396375899731,0.00266202851992033,0.00250955019298428,0.000713859499651604,0.00127940925788131,0.000156032797709869,0.00194793137497176,0.00185138866098091,0,0.000150775479220783,0.000182853480876493,0,0,0.000296266152092439,0.0181574042599974
