0,0.000326356158662002,0.0344190828670642,0.00200542757531061,0.000774358756074029,0.0018695712136327,1.82912053706539,0.75878216142635,0.0219945564177212,0.0163484590268574,0.00324450989376445,0.00115065644298625,0.00148112029122395,3.53252092449394,0.000571059518195111,0.0008666306897386,0.0529774366299455,0.000707387961099061,0.00914991141605899,0.000526467989402347,0.00444979367482731,0.000537436330501694,0.0206748577816375,0.0190895321015967,0.000125131284873495,0.00892005048628318,0.00488993860868161,0.0184042231630019,1.12212737291096,0.0912879989439098,0.000368442066280554,0.0209446323060902,0.0225525548448105,0.058551917365039,0.00029357043262428,0.00688913944862085,0.00234770312924451,0.0511467855512257,0.0113364065616197,0.0032026547498588,0.0036317439971406,0.00032152474672366,8.42182479500325e-05,0.00114202168952206,0,0.000222037844630242,0,0,0,0,0,0,0,0,0,0,0,0.0162569116794194,0,0,6.37333686062469e-05,0,0,0,0,0,0,0,0.000445733160632622,0,0.000875704810980982,0,0.00180129589835067,0,3.54832280710675e-05,0.000192922134946518,0,0.000498718325870846,9.58313900261574e-05,0,0,0,0,0.000318880402891425
0.000326356158662002,0,0.0785727546926599,0.00024780493364792,0.000238715758003202,0.000216403184179178,0.00120975693873388,0.00157067067465316,0.368967730441344,0.000173888919416117,0.0443766387507181,0.000308714864660725,0.164547104747272,0.000336145679595548,0.000835014412420877,0.0581651731412577,0.113565467619293,0.057982099983161,0.12938781966898,0,0.00107305923048936,2.83726292924665,0.0137073861354512,0.120496832558642,1.8940989773566,0.100615843397511,0.995000856232379,0.00323072188543994,0.00197686412448325,0.00504466764813562,0.0819441061722674,0.00473307723022106,0.00133946832372811,0.0620602368384635,0.00129548273711431,0.0852719713157169,0.0776740102668426,0.178525292770803,0.142431479207109,0.00228532722454924,0.00118231454115398,0.0088150870104118,0.0224177620130355,0.0427834822288778,0.0473878266918091,0.0289268552523194,0.000567639736528413,0,0.000333875694620109,0.000223180198887049,0.866701497132269,0.0204117994874603,0,0,0,0.00082840633336596,0.00015150813994737,0.0117414508219091,0,0.00361166503184093,0,0.00158764592269433,0.000375023764851563,0,0.00243446345003374,0.0266980149347226,0.00303366361972408,0.0265955635064513,0,0.000532567973832433,0.171510567515646,0.00370320335397803,0.000874420914793568,0.0371596281459486,0.0256669790564543,0.0536100276087779,0.000119606139264292,0.000348171885433942,0.000248963608249149,0.00232983886797904,0,0.000484454123044212,0.00916219176037803,0.00153335783257587
0.0344190828670642,0.0785727546926599,0,0.00187741100108185,9.39600336455002e-05,0.00134629114725052,0.11634640611565,0.0266604546639413,0.0186173895884409,0.00761312256591657,0.00804819697732343,5.87717535436433e-05,0.00191512981310297,0.0126827221232201,0.000442190945326635,0.0210533425568465,1.09590295768972,0.0122807199250351,0.0900701754966029,0,0.133036167908072,0.0312363618136538,5.93066164410063,0.0203285410149475,0.0112146881698503,1.11468731373871,1.93013822695455,0.097966522332466,0.021470090979136,0.0976066586199944,0.00323925483402726,0.00257270507547234,0.00431646461773632,0.0902741855665471,0.00120949259045859,0.0592432420790252,0.154571919261968,0.246288639111104,0.125772088320748,0.00101494216656049,0.00179275905067928,0.000114222709244159,0.0158113825236465,0.0193415017086896,0.0129123114008543,0.00970702242187523,0,0,0,0.000284417543984975,0.0712228223437181,0.0100497709522584,0,0,0,0.000281220000415621,0,0.00809004389669659,0,0.00029641619419526,0,0.000556727784287424,5.24285211500521e-05,0,0.00107714012369536,0.00737333466895504,0.000302128991569069,0.00277773706941848,0,0.000370831281629776,0.0349560051474425,0.00437050630834487,0.000592028805670459,0.00167951083644079,0.00287785918512068,0.023930246734465,0,0.000469958183163522,0.00041375867798223,0,0,0,0.00252672092254414,0.00200372342751212
0.00200542757531061,0.00024780493364792,0.00187741100108185,0,0.000115214459868602,0.0107156523785695,0.025615476006866,0.0165559082436081,0.13080878425668,1.74129096829917,0.000395741922139564,0.973618640925379,0.000587155472138307,0.00388791924177192,0.00284547217999082,0.000553346656761123,0.000829932881411722,0,0.000230282934672683,13.902979429989,0,0.00127444740974077,0.000943882038983404,2.5432438349853,0,0.00025746963934455,0.000677227752176319,3.3221984428974,0.00608670955089893,0.00112074105043885,0,0.00213938499615134,0.00325238871382718,0.00667313666159427,8.67759596697225e-05,0.00392011186109792,0.00145420807853097,0.0158173415173654,0.00462199102267357,0.00222942788114367,0.00147578746244154,0.000123211322994027,0.00026930701216515,0,0,0.000223330798201363,0.000696403901547524,0,0,0.00061599362759468,0,0,0.626736413088488,0,0,0,0,0.0177510809596812,0,0,0.00519576038911276,0,0,0.000155524500245627,0,0,0,0,0.01401973887829,0,0,0,0.00485432079825546,0,8.51825928818821e-05,0,0.000117408050408781,0,0,0,0,0,0,7.91700332401432e-05
0.000774358756074029,0.000238715758003202,9.39600336455002e-05,0.000115214459868602,0,0.251519141341006,0.000692930866505868,0.0815009113486947,0.00927467087500697,0.000722154407739248,0.0182603931012903,0.00204742563855009,0.012942080858944,0.00321444668705285,0.784356772849549,0,0.000102937048670142,0.00129855364890584,0.000353304985825353,0.000328297159677207,0,0,0.000185502383126617,0.000194225213981863,0.00276413689322778,0.000420419807707884,0.000424477250260697,0.000632408587931874,0.0347213677669222,9.24671088874487e-05,0.00123685384043755,2.44128765346569,0.000552227472698666,0.22009782080728,0,0.00158525491119037,0.00807579682406828,0.046241615145687,0.0129548259525749,3.86773514953951,5.55023952028395,0.00853559213869557,0,0.000150833935195993,0,0,0.000103799145772264,0,0,0,0,0,0,0,0,0,0,0.000857461420503034,0,0,0,0.000722219558728164,0,0,0,0,0,0,0,0,0,0,0.000245376056295225,0.00045929189549021,4.72362581168035e-05,0,0,0,0,0,0,0,0,4.6200576230164e-05
0.0018695712136327,0.000216403184179178,0.00134629114725052,0.0107156523785695,0.251519141341006,0,0.0239684174799315,3.46135739356935,0.00722785810965912,1.94340799793415,0.0122952652819011,1.85340408266575,0.00676634138215435,0.230524607857401,2.8454127365557,0.000234643478802163,0.00101702906267893,0.00140197972830261,0.00130749304606295,0.0810816023506882,0.000326969766448173,0.000147005301830412,0.000795818274247651,0.00746099557529615,0.00199950741789492,0.0014191967055629,0.00122391587435689,0.016552472378196,0.0673435527935044,0.0012644136799461,0.000600019838446306,0.636873385375158,0.00215680666063994,0.0769919861072981,0.0869957650180421,0.0176997427752856,0.00408920038251389,0.0989691350649986,0.0162805793175874,0.396989800905088,0.12012025920712,0.00116257040070679,2.38409241006784e-05,0,9.80584130096662e-05,0,6.98749087831014e-05,0,0,0,6.88465428212359e-05,0,9.13267838361063e-05,0,0,0,0,0.00440004854433099,0,0,0,0.000379775572911906,0,0,0,0,0,0,4.96846279548465e-05,0,0.000107772779681126,8.14639603443149e-05,0.00094585468732027,0.000189790874774441,0.000160025304638894,1.186075821657e-05,8.92917802770734e-05,0,0,9.73651150216752e-05,0,0,0.000182719451072122,0.000208643308521443
1.82912053706539,0.00120975693873388,0.11634640611565,0.025615476006866,0.000692930866505868,0.0239684174799315,0,0.420570064556075,0.0824018890948738,3.34435967647658,0.00419448490825306,0.00492383363333654,0.00434846001598778,0.266920068735865,0.000196656441141384,0.00574452191275729,0.0395586348813766,0.0012042429773625,0.00798523368736713,0.0104337690611759,0.0448834645441112,0.00498856133357267,0.0907119787582959,0.109164908915738,0.00153255769714182,0.0218453350067761,0.0276971213744523,4.05660053875924,0.12297731864522,1.52793041409688,0.000219451634573126,0.0132104218686079,0.0403419885985254,0.100519067578123,0.00273749380303185,0.0904400144987839,0.0120621858801138,0.190822328668787,0.0501215131725919,0.0101047291479541,0.0176321100414297,0.000424483730500024,0.00191704914219244,0.00193924706234639,0.00113826593376684,0.00122591276553186,0.000981710655690221,0,0,0.000356639440608751,0.00121220702676279,0.000130309510762666,0.000255517285055929,0,0.000103730346874027,2.90914237934398e-05,0.000233136186759207,0.060080970014968,2.04933316885538e-05,4.79262164150139e-05,0.000420728176904897,0,3.44622876984587e-05,0.00023598475305533,0.000196617265867978,3.67720703325939e-05,3.56797673764387e-05,3.11233978659666e-05,0.000102475630031264,0,0.00395991832785901,0.000555012822889952,0.00833680690241369,0.000403083049755061,0.000219831263668508,0.000883118439292158,0.000311413052006847,0.00039400367169207,0.000482532583627039,0,0,0,0.00081956094021988,0.00183869211758564
0.75878216142635,0.00157067067465316,0.0266604546639413,0.0165559082436081,0.0815009113486947,3.46135739356935,0.420570064556075,0,0.0605876198397636,1.54877207839518,0.0477256099103869,0.139026745673457,0.0282084004718412,5.49534214879985,0.133485815591499,0.0010926645542499,0.0422679644381318,0.00647936657456251,0.011643760824,0.0386347308730675,0.00653110052792988,0.00147083783842171,0.02317211242064,0.0482627045124016,0.00727193290828926,0.0135008098139874,0.00780469131714744,0.0742736692702527,0.44848627466947,0.0396678834897268,0.00218971000610332,1.53465763564685,0.0125925298201579,0.194688724283616,0.000724417067535415,0.0314023143024295,0.0202635309608183,0.243343923017652,0.0424954352698716,0.16784585662202,0.0861932408560678,0.00701725939020101,0.000373639126354963,0.000824974575602946,0.000468359998749144,0.000812555961518192,0.00165021804251169,0,0,0.000115295288953154,0.000786917983040483,0,0,0,0.000403426008899207,0,0,0.0451576342590781,3.67449724993092e-05,0.000101247253763844,0.000385744042831395,0.00130424403893486,6.5574681436564e-05,0,0,0,8.71358984287189e-05,8.38698840547325e-05,0.000759172160254848,0,0.00138027030540201,0.000202318304419989,0.0101588260050197,0.000407956816617122,0.000203826217778246,0.000497063810827198,0.000293506799349636,0.000157623277630796,0.000386416769912972,0.000399055226865057,0,0,0.000127490417745452,0.000622716564965152
0.0219945564177212,0.368967730441344,0.0186173895884409,0.13080878425668,0.00927467087500697,0.00722785810965912,0.0824018890948738,0.0605876198397636,0,0.0283219993389464,0.00836999130457948,2.38864979974673,0.0243192201201594,0.0186751358092165,1.87977358476055,0.0482398469990059,0.0294439990670665,0.00948196549195977,0.0161296560950295,0.151938928071554,0.00141061304554961,3.17832858423944,0.0130609669180281,6.37794256283018,0.0600188672562637,0.013640473642805,0.0657958198386428,0.256822730742008,0.0867555244404987,0.104520278986808,0.00794446636495613,0.0213818541167486,0.114118741676327,0.132625688519434,0.00482385794072959,0.432141085726166,0.0796950311517387,0.280956661861725,0.144819010948008,1.84004070126434,0.0773016527796855,0.0036046747322488,0.00778913393974623,0.00784479153786366,0.00624328553080084,0.00576993572416684,0.0821221353207016,0,0,0.00364377828599181,0.010298307879296,0.000665780375912528,0.00262811200026182,0,0.00320393486874613,0.00128506705689634,0.00378711514912807,1.41198512183375,0.0030670934774164,0.000228237100465597,0.0122652577709547,0.000575368906198838,0.000526860055413558,0.0239764122683063,0.00328053243159114,0.00101062542132221,0,0.00183126088136426,0.0140800238787799,0.000496679199020291,0.189584193107362,0.00170098398039211,0.144501024437758,0.00200651066558745,0.000474727623610757,0.00192830383394311,0.000738994128236564,0.0032669784830861,0.00233846398979105,0,0.000249885971746026,0.00136097933840822,0.00524430471303705,0.00254326727330728
0.0163484590268574,0.000173888919416117,0.00761312256591657,1.74129096829917,0.000722154407739248,1.94340799793415,3.34435967647658,1.54877207839518,0.0283219993389464,0,0.00417872980335081,1.63303262631783,0.00339661488846759,0.463184930743238,0.00601422149104549,0.00075886876492164,0.00305202977067813,0.000422248500972782,0.00130211224742358,2.79131517525009,0.00120923149447397,0.00137539846037165,0.00503040023601927,0.0397061881863803,0.000699549033375926,0.00221345772186497,0.00332946840069426,1.26426796250843,0.0592301469090998,0.00927685975263201,0.000360893466754881,0.0124065721195844,0.0108184656512919,0.0706018637972477,0.000689194276371758,0.0338275952013913,0.00416972642929923,0.0920010350060121,0.0184186406345571,0.0124323197850649,0.0127544309338248,0.000607743401307407,0.000420905256977898,0.000121170795212519,3.33885828817382e-05,0.000355518726469278,0.000616621514016772,0,0,0,7.6149287921135e-05,4.35488039769705e-05,0.000980138659003826,0,3.63910228840312e-05,0,0,0.0167444072827835,0.000169859145029707,0,0.000233341889272832,8.50999841696337e-05,0.000137565889914816,3.73975741853544e-05,2.58843638249557e-05,0,0,0,0,7.70578740440695e-05,0.000400746112765272,0.000168835294905023,0.00373300516581664,0,6.53798054873918e-05,1.82153237651558e-05,0.000452726656946335,3.88030335453562e-05,0.000200067584438628,0,0,0.000122753549821286,0.000199255472698406,0.000639163186498793
0.00324450989376445,0.0443766387507181,0.00804819697732343,0.000395741922139564,0.0182603931012903,0.0122952652819011,0.00419448490825306,0.0477256099103869,0.00836999130457948,0.00417872980335081,0,0.00387775149737823,4.19849717828486,0.010801206930953,0.00264646803829081,0.00109258992011173,0.0668383988318664,3.01219147372307,1.01410210226241,0.000461679775858435,0.00108779750446289,0.0182352283424137,0.0103609338767426,0.00448348522675564,0.958212274788371,1.32176667342639,0.098230775381974,0.00322098459354378,0.0714019310899862,0.00224300397632864,0.921385257240272,0.166092498329227,0.00220202279266114,1.99635840014819,0.000502379741960708,0.0502182286103089,0.226170760090218,0.836474034969333,0.102000494797434,0.0199083742161233,0.0278116267801144,0.305459812537527,0.003674868344484,0.0536922982405887,0.00942920130852951,0.00474244315572432,0,0.000351434632600123,0.0023672799752501,0,0.0138785473374599,0.000689210799096709,0,0,0,0,0,0.00415852764394199,3.93199317307541e-05,0.0464225472820029,0,0.0544823219827051,0,0,0.000287935954949281,0.00167869472590548,0.00906637243011232,0.00321564180579929,0.000263223930793956,3.17357403521554e-05,0.00465428916481539,0.000281829228310951,0.000967631704968087,0.0717529283092712,0.0242327778132926,0.0158049605140426,3.9539152686327e-05,0.000167132865497482,0.000119705135517279,0.028475694802701,0,0.000281324587232068,0.00407909155002073,0.000333828518807385
0.00115065644298625,0.000308714864660725,5.87717535436433e-05,0.973618640925379,0.00204742563855009,1.85340408266575,0.00492383363333654,0.139026745673457,2.38864979974673,1.63303262631783,0.00387775149737823,0,0.0027170486424928,0.0141607314828671,1.53856128089413,0,0.000390569162157228,0.000563061796657865,0.000571068326211774,9.59204536186861,0,0.000995280957998572,8.13993051138103e-05,0.288940118288556,0.00105000784591534,0.000530680322206062,0.000841166792013633,0.0275391564416341,0.0246860573524787,0.000993799847125676,0.0002147014074439,0.0255353553550424,0.00188695597936616,0.0430428530161188,0.0577017136232482,0.0076106760993842,0.00198534323684014,0.0605521629335717,0.00812974732573409,0.164315761387509,0.0079531623656659,0.000254796393500798,8.6565473511897e-05,0.000160491486231651,9.61733984864213e-05,0,0.0206376719116915,0,0,0.000238330377279247,8.28276330163205e-05,3.68181087653258e-05,0.00402440794719531,0,0.00102874273200717,8.36660449905974e-05,0.00116652701878673,0.0706735354678857,0.000744299727742445,4.49207057200522e-05,0.00698326251216912,0,0.000203278256617576,0.00589239802147923,0,0,0,0,0.00388973823065908,0,0,0,0.0211548613599224,0,1.6607412390672e-05,3.60645421311262e-05,0.00028683682123205,0.000374085745773027,9.04038288551956e-05,0,3.35901195653047e-05,0,0.000369555945360721,0.000100762115300613
0.00148112029122395,0.164547104747272,0.00191512981310297,0.000587155472138307,0.012942080858944,0.00676634138215435,0.00434846001598778,0.0282084004718412,0.0243192201201594,0.00339661488846759,4.19849717828486,0.0027170486424928,0,0.00414996339364818,0.00164963450437602,0.00630729425544147,0.00284313575247242,0.107613240037827,0.0142335569804206,0.000480564085422335,0.00101101649169921,0.0450229075715582,0.00672199795654403,0.0128281634453593,4.08245642298469,0.113365099397111,0.277428347578434,0.00542086957290844,0.0289600139753563,0.00269145501736531,3.01989516475149,0.112007275063531,0.00274684514735995,0.506711599552159,0.00352515305210563,0.497494309958971,0.552725629228658,0.845517633254419,0.242258917422435,0.0452363300978098,0.31889747652292,0.850309638922151,0.0391675410450121,0.103479042618307,0.0429113194112353,0.0286974105035139,0.0014910271414742,0.0239977919836162,0.0306582662268284,0.000574485490966383,0.0187096181070883,0.00100008133780706,0,0,8.12743915372773e-05,0.000296035677583871,0.000383882868726053,0.0171908027210581,0.000259098846637333,0.114628396573245,0,0.257964360684312,0.000134890434846571,0,0.00141457703168683,0.000635130074429541,0.0276100252826065,0.00832246205840304,0,0,0.011524852352713,0.000627253204228753,0.00199901925068579,0.129428091277852,0.055607788594354,0.0332771808849005,0.000303009787834724,0.000590955892211,0.000486062793321623,0.0834427182763696,0.000488033205843055,0,0.0380723952773705,0.00251938878967525
3.53252092449394,0.000336145679595548,0.0126827221232201,0.00388791924177192,0.00321444668705285,0.230524607857401,0.266920068735865,5.49534214879985,0.0186751358092165,0.463184930743238,0.010801206930953,0.0141607314828671,0.00414996339364818,0,0.00695786319166822,5.2944417910753e-05,0.0252797794647317,0.00192212402752884,0.00664181586794259,0.00213725585747908,0.00247443564254645,0.000576523117229098,0.0138134793481462,0.0186174731272568,0.00203943949740808,0.00638078839837281,0.00335245921540859,0.0206593175965784,2.75280717866115,0.0419006919108816,0.00053493983889411,0.848009311073903,0.00952776496909304,0.0795498643995347,0.000246470674936064,0.00503681806567584,0.00431011983505397,0.0695038390822873,0.0114166210013406,0.0212905609624283,0.0116968216328751,0.000633980171727182,0.000177052334363229,0.000117632813747144,9.91812836918272e-05,0.000320779475356733,4.27419793803735e-05,6.94200889299369e-05,0,0,0.000238114274407015,0,0,0,0.000141852169741634,0,0,0.0122623927183974,2.56347092815212e-05,0.000274521923448574,0,5.02523952109236e-05,9.85655191207691e-05,0,0.000188629319792546,6.57177035669654e-05,0,0,0,0,0.000130256692407904,0,0.00181753894174287,0,1.91392086304151e-05,1.83711127600158e-05,0.000148252097984867,0.000154910374686106,3.2515717501326e-05,0,0,0.000193438045201468,0.000237373187483021,0.0002283678094822
0.000571059518195111,0.000835014412420877,0.000442190945326635,0.00284547217999082,0.784356772849549,2.8454127365557,0.000196656441141384,0.133485815591499,1.87977358476055,0.00601422149104549,0.00264646803829081,1.53856128089413,0.00164963450437602,0.00695786319166822,0,0.000373706414184494,0,0.00070528196227169,0.000784251248382797,0.0200362328592986,0,0.0064161616699734,0.000160238651819683,0.0264971046417271,0.00111691858004389,0.000527834846563242,0.000718421577512919,0.0014348132503616,0.00916588209260916,0.000251473112536307,0.000903084362334022,0.071663719150392,0.000753159765053774,0.0078244643604358,0.00539567028074807,0.000923522982635743,0.00123451256376549,0.0185936467087073,0.00619808078162568,3.95739470755951,0.0843579906765319,0.00108541889024703,0,0,0,0,0.0127843075569915,0,0,0,0,0,0.000457729895444518,0,0.000329971980796633,0,0,0.0407715820377868,0.000537346778944135,0.000134599242919663,0.00234591039385416,0,0.000108925413480898,0.00351257792042571,0,0,0,0,0.00117373856827818,0.000221736659767914,0.00217619488623608,0,0.00722148891176388,0,3.77266387871084e-05,0,0.000151619243210967,0,6.7776567538899e-05,0,0,0,0,1.96902318191871e-05
0.0008666306897386,0.0581651731412577,0.0210533425568465,0.000553346656761123,0,0.000234643478802163,0.00574452191275729,0.0010926645542499,0.0482398469990059,0.00075886876492164,0.00109258992011173,0,0.00630729425544147,5.2944417910753e-05,0.000373706414184494,0,0.0342929001859965,0.00118089516338666,0.0084349781702033,0,1.65550127265497,2.33073808014632,1.95312652067102,1.7875958591733,0.00485298244801551,0.0064645204295756,1.30203890414371,0.18695447981007,0.00247370811665807,0.0371034574627367,0.00108357605778223,0.00210567714767183,0.00334600904758027,0.113000257813209,0.0105354546126055,0.445114326530441,0.203245413525026,0.271734760036947,0.200815353713577,0.00548610818258488,0.012734681348038,0.00401570038314486,0.0253998836237599,0.0416217391935208,0.00737842767656624,0.0190413988725585,0.00197318131603532,0.000871752474734699,0.00162945232166324,0,0.0090802723900554,0.00145334437186534,0,0,0,3.38793848420067e-05,7.37970446478076e-05,0.0825144521876711,0,4.08506750514933e-05,0,0,0,0,0.292952578992356,0.00240584352493194,8.61226463785107e-05,0.000567627594118984,0,0.00198158597604858,0.3347560445382,0.00854078296614959,0.00132866931524799,0.000825855523008292,0.000206704975979674,0.00706944309559376,0.000330946271375663,0.000882377190764783,0.00148662817197236,0.000475201874336015,0,0.000108918185122544,0.00330627837088433,0.0083347304713609
0.0529774366299455,0.113565467619293,1.09590295768972,0.000829932881411722,0.000102937048670142,0.00101702906267893,0.0395586348813766,0.0422679644381318,0.0294439990670665,0.00305202977067813,0.0668383988318664,0.000390569162157228,0.00284313575247242,0.0252797794647317,0,0.0342929001859965,0,0.0393869849655999,2.56334735077859,0,0.331605358982391,0.083565368533959,3.67221351317158,0.0226081708381986,0.0120165474992477,0.755546264927673,0.392833463896384,0.0384165320423296,0.0669910301530693,0.293596224543235,0.00403943283307476,0.0055431494369037,0.0179534640651212,0.762291737933092,0.000704110558031108,0.0190207180621884,0.0371779619071565,0.223929455736835,0.0707192166503043,0.00196493321406694,0.00110030392144047,0.000438682238159873,0.00776853126907373,0.0117624016714683,0.00869899728509398,0.00748269975848052,0.000163412170527989,0,0,0,0.0560430424376455,0.00881441116022289,0,0,0,0.000200910248414551,0.000148825240871807,0.00366366092674956,0,0.000505140210870237,0,0.000322164480903047,7.28350224809024e-05,0,0.00261049683070279,0.00657215775451071,0.000255344337535244,0.00386454432414954,0,0.000454326664683338,0.0301432881387172,0.00441070163581373,0.000416682880032188,0.00112547500024068,0.00317389704465298,0.0250205250999601,0,0.000296182523862263,0.000312763084739984,0.000299713222666226,0,0,0.00174915004687752,0.000707581889556341
0.000707387961099061,0.057982099983161,0.0122807199250351,0,0.00129855364890584,0.00140197972830261,0.0012042429773625,0.00647936657456251,0.00948196549195977,0.000422248500972782,3.01219147372307,0.000563061796657865,0.107613240037827,0.00192212402752884,0.00070528196227169,0.00118089516338666,0.0393869849655999,0,2.50883811258871,0,0.000849394192992182,0.0184068834303707,0.00466839181896276,0.00227573185582659,0.301578315705943,1.43145602595104,0.117695661878279,0.000433009259725619,0.00740507512660112,0.00190088612377233,0.271691113931384,0.0158274081194395,0.00106530242396373,0.143935793684177,5.45496189130755e-05,0.0117140885974111,0.0510346772547157,0.163686754477076,0.0523442584386888,0.00230010970337794,0.0016315656208321,0.00674705246865975,0.00201378993963179,0.00494600613228504,0.00964620486128118,0.00347107589185903,0,0,0.000563495400763524,0.000169170652483192,0.0141831418828856,0.00113542324392495,0,0,0,0.000137538698550958,8.25744609018811e-05,0.000413527740385478,0,0.0149813630602905,0,0.0110233672817146,3.9784598797747e-05,0,0.000438652554680907,0.000769843460890744,0.0118423663953356,0.00647159736852132,0,0,0.00573577798878797,0.000220336277233493,0,0.0423804583599357,0.022411402060633,0.0161967679040582,5.50622018453072e-05,3.16850949524639e-05,0.000122795145103015,0.0279840438099323,0.000158066216879105,0,0.00326076827141916,0.000155199907836876
0.00914991141605899,0.12938781966898,0.0900701754966029,0.000230282934672683,0.000353304985825353,0.00130749304606295,0.00798523368736713,0.011643760824,0.0161296560950295,0.00130211224742358,1.01410210226241,0.000571068326211774,0.0142335569804206,0.00664181586794259,0.000784251248382797,0.0084349781702033,2.56334735077859,2.50883811258871,0,0,0.0203594770927631,0.0375639369964104,0.0743844077966325,0.0105019559357119,0.116405731943233,1.38007031656372,0.258535672122282,0.00547684329965754,0.0175213545238918,0.029427255210656,0.0423216628215553,0.0123239554499306,0.00319084621112529,0.508606275756666,0.000441499830249461,0.020078252598972,0.0630436573225387,0.377197320902434,0.0895634941464468,0.00213279528575665,0.000726276991069945,0.000731015868026392,0.00426684187375729,0.00743583043061916,0.0122590119418464,0.00579058021166294,0,0,0,0,0.0419764571320587,0.00385798931840248,0,0,0,0.000227773868164515,0,0.00116181469511525,0,0.00308877599435182,0,0.00290601096161868,0,0,0.000668414024262791,0.00529342102383438,0.00250774022122187,0.00954419568558734,0,7.59996327937976e-05,0.00935835856096426,0.000909857771911332,0.000163395042117388,0.0145373730490595,0.0120893175421863,0.0180635910833685,2.79103232246752e-05,3.63912791974466e-05,5.68154043793876e-05,0.00442956202921375,0,0,0.00285062427474969,0.000533611808522228
0.000526467989402347,0,0,13.902979429989,0.000328297159677207,0.0810816023506882,0.0104337690611759,0.0386347308730675,0.151938928071554,2.79131517525009,0.000461679775858435,9.59204536186861,0.000480564085422335,0.00213725585747908,0.0200362328592986,0,0,0,0,0,0,0,0,0.769309074965694,0,5.63481707959584e-05,8.7022569231425e-05,0.284863638730734,0.00435416930196893,0,0,0.00338341824796435,0.00151178501108083,0.00583702243472895,0.00188030901151756,0.00249128972975753,0.000387715907265627,0.0103392329413261,0.00287173798865103,0.00353674497208304,0.00457430602888251,0,5.1664610410618e-05,0,0,0.000576880044298605,0.000715976518262242,0,0,0,0,0,0.135149687014752,0,0,0,0,0.00276209345147789,0,0,0.0396026209549532,0,0,0.000216144648607537,0,0,0,0,0.0118531681710808,7.19110077153085e-05,0,0,0.00078650577027406,0,0,0,0,0,0,0,0,0,0,7.7489427052061e-05
0.00444979367482731,0.00107305923048936,0.133036167908072,0,0,0.000326969766448173,0.0448834645441112,0.00653110052792988,0.00141061304554961,0.00120923149447397,0.00108779750446289,0,0.00101101649169921,0.00247443564254645,0,1.65550127265497,0.331605358982391,0.000849394192992182,0.0203594770927631,0,0,0.00695670624303373,10.2926747077784,0.200735699898221,0.000393888221767742,0.0139890886629809,0.0348503439605782,0.656351593871717,0.00732834698922313,1.31553989312867,0.000127268563007879,0.000538692629550214,0.00125243174855894,0.476295216776404,0.0022356998427989,0.0444477596336376,0.00832231669738736,0.127995242317876,0.0461191250216357,0.000639161139868893,0.00206896560144569,0.000676453526125825,0.00215237937926088,0.00102907515748776,0.00106426816053786,0.000536319282210977,0,8.42060364570152e-05,0,0,0.00053278397193921,0,0,0,0,0,0,0.00304148409076237,0,0.000102893997559908,0,4.97627036701379e-05,0,0,0.00208076280993249,0.000149665368937534,0,0,0,0,0.00686001551400811,0.000317305185071779,0.00023517472302199,0,0.000128026733731358,0.000420154692205943,0,0,5.78693617410962e-05,0,0,0,0.000304872684102244,0.00250617780575183
0.000537436330501694,2.83726292924665,0.0312363618136538,0.00127444740974077,0,0.000147005301830412,0.00498856133357267,0.00147083783842171,3.17832858423944,0.00137539846037165,0.0182352283424137,0.000995280957998572,0.0450229075715582,0.000576523117229098,0.0064161616699734,2.33073808014632,0.083565368533959,0.0184068834303707,0.0375639369964104,0,0.00695670624303373,0,0.0561999858111973,1.50359339658674,0.153464140905636,0.0279654351479572,0.467661848574062,0.033128566198985,0.00534737395782098,0.0206016082382868,0.0222489818127454,0.000890099397306123,0.00978401699154973,0.0697928304752992,0.00700401854419239,0.337393392259141,0.232241910364467,0.35231719827738,0.236586025895195,0.00768392338293081,0.0048715676029341,0.00355242232682056,0.0366472724323822,0.0883184004449839,0.0154614225626083,0.0180751345575753,0.00159955023244361,0,0,0.000112239286295029,0.0707474121328436,0.00218824827010667,0,0,0,0.000561224797801909,6.25481042360043e-05,0.0894453490240214,0,0.000350824461905798,0,0.000169750488370757,0.000189618061291516,0,0.0365857360803355,0.00644571438635222,0.000525690643153073,0.00367508743973572,0.0010704791844382,0.00118436911555464,0.951613300077213,0.0107407311137934,0.00508110257906202,0.00264464390057113,0.0014274083501447,0.0126352266526172,0.000424726406406194,0.000331457569681093,0.0017435175938248,0.000816233318907844,0,0.00163460186714849,0.00257080042402978,0.00608214020278513
0.0206748577816375,0.0137073861354512,5.93066164410063,0.000943882038983404,0.000185502383126617,0.000795818274247651,0.0907119787582959,0.02317211242064,0.0130609669180281,0.00503040023601927,0.0103609338767426,8.13993051138103e-05,0.00672199795654403,0.0138134793481462,0.000160238651819683,1.95312652067102,3.67221351317158,0.00466839181896276,0.0743844077966325,0,10.2926747077784,0.0561999858111973,0,0.0778921808699125,0.00408113986173619,0.18369119214693,1.90573924960423,0.214570911318887,0.0277683646555442,0.432459202203847,0.000828473397742237,0.00232699746027507,0.00399584957819655,0.450349517580137,0.0187593109806044,0.275862146900936,0.218034695272589,0.798413388391138,0.251308113028391,0.00271346889047351,0.00799615638802282,0.00148909859307348,0.0172146027839284,0.012828384939614,0.00471808202771815,0.00959942205637365,0.000373958344087204,0.000238846624746336,0.000188222673544972,0,0.00878800778669772,0.00159127224747711,0,0,0,0.000222597787292878,0,0.0103246543288706,0,0.000285920683366624,0,0.000135156307714075,0.000106301535404237,0,0.0297318914131543,0.00174318811735817,0.000148835550578643,0.00102196217837226,0,0.00041437918569809,0.0524598232082045,0.0071363046371075,0.0008413091104702,0.000151553737144725,0.00106849172817456,0.00969790367349745,5.33731185306854e-05,0.000228552973917207,2.3882482616944e-05,0.00013676699241238,0,4.81415513927603e-05,0.00139520954330724,0.0197425992197849
0.0190895321015967,0.120496832558642,0.0203285410149475,2.5432438349853,0.000194225213981863,0.00746099557529615,0.109164908915738,0.0482627045124016,6.37794256283018,0.0397061881863803,0.00448348522675564,0.288940118288556,0.0128281634453593,0.0186174731272568,0.0264971046417271,1.7875958591733,0.0226081708381986,0.00227573185582659,0.0105019559357119,0.769309074965694,0.200735699898221,1.50359339658674,0.0778921808699125,0,0.0198660338921295,0.0113852438171584,0.17181965080034,3.61680166933681,0.0838407390003015,0.105251774096518,0.0013706956829239,0.00677274972838266,0.0590079821943828,0.112010137374065,0.00556789220359103,0.25038949270823,0.0538607875192894,0.169708737117395,0.075655547082362,0.0651909675015576,0.017961860354907,0.000964700675949073,0.0109297824996508,0.0139378011769132,0.00835714265043763,0.00589883309223962,0.012475774147834,0.000199124779150063,0,0.00496826397920102,0.00519721086119139,0.000727063270099128,0.146032179772078,0,0.000718194300662604,0.00258385984511136,0.0016774952804622,0.649031582721978,0.00187683678579911,0.000187075848854504,0.00432781164510158,0.000166606658667827,0.0025182807225886,0.00329597796228107,0.0141090106577252,0.00146073633320937,0,0.000543406437501279,0.00374188670397617,0.00100384655033243,0.154672986042982,0.00437380367506898,0.467172929558106,0.000404997614460691,0.000325858873087518,0.00508348683728769,0.00298319946589349,0.00763654535848025,0.00789181607218114,0,0.000201521940474594,0.00695166936350207,0.0119353118240341,0.00414876302407596
0.000125131284873495,1.8940989773566,0.0112146881698503,0,0.00276413689322778,0.00199950741789492,0.00153255769714182,0.00727193290828926,0.0600188672562637,0.000699549033375926,0.958212274788371,0.00105000784591534,4.08245642298469,0.00203943949740808,0.00111691858004389,0.00485298244801551,0.0120165474992477,0.301578315705943,0.116405731943233,0,0.000393888221767742,0.153464140905636,0.00408113986173619,0.0198660338921295,0,0.215690319693968,0.814870263824596,0.000716890768756751,0.00812948136033494,0.00252758150170194,0.514759439183479,0.0261188975470183,0.00116431102067311,0.117400888219364,0.000333475833145605,0.037754406416841,0.28387330166314,0.320329911549694,0.0764524534225834,0.00501049972912575,0.00915155370771845,0.25840207131313,0.0222797044122965,0.245137279738838,0.0739300463725369,0.032430561815211,0,0.00269792888123934,0.027536554109883,0.000199138236488096,0.170620955948717,0.00633102191439881,0.000307644196997218,0,6.81318972880138e-05,0.000496049333238064,0.000315035417045354,0.00897331375636909,0,0.211335056175985,0,0.243914111541712,0.000433488237412722,0,0.00175964348482451,0.0043206844441603,0.0550904113504971,0.0448420472668656,0,0.000407101737142279,0.0467897136375791,0.00228852236004601,0.000863970710822875,0.848769763641668,0.117392133892338,0.105158852581403,0.000185420812213481,0.000932035964835251,0.00125169777378452,0.168898054874239,0.00126711548421803,0.000145595460245201,0.0243274099866767,0.000302964486311363
0.00892005048628318,0.100615843397511,1.11468731373871,0.00025746963934455,0.000420419807707884,0.0014191967055629,0.0218453350067761,0.0135008098139874,0.013640473642805,0.00221345772186497,1.32176667342639,0.000530680322206062,0.113365099397111,0.00638078839837281,0.000527834846563242,0.0064645204295756,0.755546264927673,1.43145602595104,1.38007031656372,5.63481707959584e-05,0.0139890886629809,0.0279654351479572,0.18369119214693,0.0113852438171584,0.215690319693968,0,2.1941149406081,0.0125680106921936,0.02174773245901,0.0328329861428974,0.997443674201687,0.00832816746477834,0.00180929157322303,0.129627889751221,0.00129263540247677,0.0275985664562465,0.0527969552594332,0.17438368808125,0.0605328747042234,0.00172596015780801,0.000877371240097451,0.00161865180523373,0.00825052087148102,0.00996807312997477,0.0234629727867119,0.00985095591814322,0,0,0.000149242559740158,0.000175195414147547,0.055768932276111,0.00676461343457107,0,0,6.83432532169043e-05,0.000529712032491062,8.41915468516412e-05,0.00218727496673054,4.5922053061016e-05,0.0121893163320651,0,0.0085586002254818,7.61140737075383e-05,0,0.000513952010458909,0.00648848653785129,0.00768938273298816,0.017585238637772,0,0.000207196929658176,0.00965254857176361,0.00206751321505882,0.000132248350951319,0.0369520480357876,0.042602138130729,0.0618858442305755,0.000222373582398156,0.000272736449750148,0.000214423510227112,0.00938217923933684,5.66614992701382e-05,5.86836915529828e-05,0.00717821522980462,0.00114478603785661
0.00488993860868161,0.995000856232379,1.93013822695455,0.000677227752176319,0.000424477250260697,0.00122391587435689,0.0276971213744523,0.00780469131714744,0.0657958198386428,0.00332946840069426,0.098230775381974,0.000841166792013633,0.277428347578434,0.00335245921540859,0.000718421577512919,1.30203890414371,0.392833463896384,0.117695661878279,0.258535672122282,8.7022569231425e-05,0.0348503439605782,0.467661848574062,1.90573924960423,0.17181965080034,0.814870263824596,2.1941149406081,0,0.0583647581192861,0.0128991421562038,0.0164606193709784,0.94985701515567,0.00420293719663062,0.0024095311740797,0.202263178437787,0.015687528977603,0.303641570306554,0.180257068843325,0.633206739426713,0.317723578243169,0.00361299235055757,0.00205626169384553,0.00165182710177821,0.036692398187539,0.0328718182509285,0.0373638561310846,0.0245715054761252,0.000187625726939192,0.000155766188736651,0.000211728467834421,0.000177424494453775,0.12154836989088,0.0152992522462245,4.87372671997967e-05,0,0,0.000880065511948395,0.000230149299207671,0.0173759675166898,3.87454013521197e-05,0.012162818768685,0,0.00765808569859305,0.000301810541865627,0,0.0106134777850196,0.0153577928853629,0.00950821325518242,0.026104610171074,4.55030800505379e-05,0.00119420989115841,0.0737967018435574,0.010887841758727,0.0016255900956603,0.0397496125454391,0.0602502511115603,0.116160022663747,0.000606234698246903,0.000677158966439198,0.00105742102981191,0.00755666671708908,6.84569735402121e-05,6.13451878321695e-05,0.0128705414428268,0.0163677794632969
0.0184042231630019,0.00323072188543994,0.097966522332466,3.3221984428974,0.000632408587931874,0.016552472378196,4.05660053875924,0.0742736692702527,0.256822730742008,1.26426796250843,0.00322098459354378,0.0275391564416341,0.00542086957290844,0.0206593175965784,0.0014348132503616,0.18695447981007,0.0384165320423296,0.000433009259725619,0.00547684329965754,0.284863638730734,0.656351593871717,0.033128566198985,0.214570911318887,3.61680166933681,0.000716890768756751,0.0125680106921936,0.0583647581192861,0,0.0936866220260712,1.53857304864854,0.000206455690089286,0.00788669514809052,0.0684739319367876,0.232428334952757,0.00483234358212192,0.178858747122733,0.0248677838558381,0.199550519230615,0.0588585457654588,0.00908061659121829,0.0188479865700141,0.000386179116388294,0.0026568453728639,0.0035568730581966,0.00303364655378705,0.00363262487715284,0.00220716947152549,0.000671865656442108,0.000120951750332628,0.00178729734541111,0.00158165457118211,0.000294353321872181,0.0100412093811542,0,6.44227203536272e-05,0.000772466574091447,0.000368811374278596,0.194625327409368,0.000256334108531078,5.53940158164895e-05,0.000483062966970235,0.000131088947988942,0.000386878701011861,0.000599302473351166,0.00205979024524659,0,0.000154478509881679,0.000164694010687636,0.000367617969842908,0.000132305118974382,0.0130521445313544,0.00173047203255489,0.026154606658619,0.000113553479341938,0.000112063370640686,0.000965161854722519,0.00161040528593528,0.00358717505170971,0.00281068005682251,0,0,0.00179220341781535,0.00137658553109062,0.00319663706766431
1.12212737291096,0.00197686412448325,0.021470090979136,0.00608670955089893,0.0347213677669222,0.0673435527935044,0.12297731864522,0.44848627466947,0.0867555244404987,0.0592301469090998,0.0714019310899862,0.0246860573524787,0.0289600139753563,2.75280717866115,0.00916588209260916,0.00247370811665807,0.0669910301530693,0.00740507512660112,0.0175213545238918,0.00435416930196893,0.00732834698922313,0.00534737395782098,0.0277683646555442,0.0838407390003015,0.00812948136033494,0.02174773245901,0.0128991421562038,0.0936866220260712,0,1.49816018236259,0.00263211875333282,1.36873968789901,2.82135522597954,1.10701463705502,0.000922611141998537,0.0248117837166636,0.0167087338626447,0.438222698027048,0.0377771295117048,0.0468429303727742,0.0716485325113281,0.00319850090676669,0.00042857537544806,0.000257538298552508,0.000485067074421508,0.000411770007739662,0.000736785170918857,0,0,0.00111204273901319,0.000538887572294202,3.18678293432487e-05,0,0,0.000166937674307931,0.000113716937528868,3.12949367510095e-05,0.0820703065678836,0.000119369378975015,0.000550555248190743,5.58454364778651e-05,0.000744812140173298,8.2290445448871e-05,0.000180730171247488,0.000125828119831498,8.97360970973449e-05,0,2.84370765081343e-05,0.000114960458019321,0.000180809197372516,0.00162159471732961,0,0.00930863513993975,0.000280550305115396,0.000598464310793939,0.000401406926111042,0.000416326494296848,0.0016456625717665,0.00105735812784354,7.91608615216804e-05,0,0.000372727690784862,0.00122461757532056,0.000661726114824467
