0,0.00263518339034838,0.266981637326543,0.0103674955094564,0,0.0419946554746305,2.55200085198954,0.568914036868745,0.245536064968566,0.318081397915361,0.00129221750608272,0.0993754112917437,0.000101614504583878,4.61924895245127,0,0.00212412510190942,0.12632130151098,0.000270036111252561,0.0114192572262559,0.0601059463269551,0.0251038377383259,0.00839486314115501,0.0426146397840213,0.0768165994270802,0.000431299897313379,0.054137460816322,0.0192202313302737,0.13451155654526,1.28020325798291,0.243083993713272,0.000717436191328621,0.000396220099883944,0.115678847615904,0.0521420836372231,7.39326645498233e-05,0.0119358903327881,0.0249654449919053,0.0240540940600162,0.00748733632713744,0.0144636205410157,0,0,0.00110244709991187,0.00136157855563756,0.00131958533478121,0.00149130633585154,0.000517210991280489,0,0,0.00185699028626891,0.000241536316429649,0.00122620038071214,0.000345987839755396,0,6.8937193082421e-05,0.00415926885377549,9.55070244985793e-05,0.00665807192317107,0.00104250364233861,0,8.79413561981042e-05,0,0.000311492019391931,0,0.00241880905227562,0.000134204680751045,0,0,0.000750888185204032,0.000865537816862784,0.00177262092047896,0.00120916220680556,0.00936804050455463,0,5.16226080411325e-05,0.00254624162541349,0.00731503361335578,0.00241204799807807,0.00296636313761376,0.000329655817839496,0,0.00193878342818918,0.00301506386559903,8.35989712334736e-05
0.00263518339034838,0,0.256584730798732,0,0,0,0.00279749846435429,8.78088394943881e-05,0.0741928819579789,0.000524698354743685,0.0307196532024131,0,0.323134180608983,0.00079734038509885,0,0.0840667726986698,0.117270343751812,0.00473326573341317,0.0272680865173755,0,0.00323586736665394,1.89771328051679,0.0138400083791955,0.0412569733839848,2.30557163013949,0.19927772866342,2.19116551610617,0.00367066211865646,0.00148164085553797,0.00487265487840061,0.0398677793102479,0,0.00104606491227109,0.0513897346664405,0.000779313836041121,0.0730604892835176,0.153383661482774,0.0966751956486667,0.0238064950291786,0,0,0.0563197874195628,0.0480458739654998,0.0706372129526502,0.0536975705765328,0.0334325243457232,0.000161116877898371,0,0.000747147008804225,0.00356059328135225,0.902594095385635,0.135332647404331,0,0,0,0.00323012750031317,0,0.00648750473348072,0,0.00148000233437903,0,0.0069787568717844,0.000135276917831524,0,0.0204907710211036,0.0979134978813191,0.00169030144996763,0.0139207275465441,0,0.00220203154206818,0.147506439902224,0.0124770556003682,0.0101278314348427,0.18624052727022,0.0924949513912858,0.360735694807861,0.00322796928934928,0.000360965780590169,0.00384969200524866,0.0106525372207896,0,0.000452083014815878,0.0204672487438382,0.00202755482592525
0.266981637326543,0.256584730798732,0,0.000350662605432692,0,0.00307392293168566,0.375637821001237,0.0130472320229463,0.0170875856086922,0.0219460890770577,0.00768136901418814,0,0.00185385067746123,0.0513212347751725,0,0.0262535658289836,1.92319212872952,0.00249403111637309,0.0591604238416969,0.000238684416896664,0.258180009451809,0.14152129311581,3.82142615349206,0.031634834968683,0.000882934635905724,2.30696071541644,2.3352221489497,0.292860407716979,0.0388452431791994,0.318999787780519,0.00208169590462099,0,0.0181503065597281,0.149085418124759,0.00332196027692409,0.233691014511447,0.474449462109645,0.322264361204174,0.0714731485858807,0.0013897284390494,0,0.00128966920111195,0.0193558200078868,0.0199895300591347,0.0121611311333765,0.0110671896217044,0.00071701927330199,0,0.000188357780128781,0.00216965994337924,0.0200179265953135,0.0425145697953747,0,0,0.000132701649819534,0.0024918188574076,6.54516319868268e-05,0.00226055365565726,0.000501373264103705,0,0,0.000229886687572629,0.000575195110441137,0.000626602316538821,0.0225563591601556,0.0118825566166999,0,0.00052413053505557,0.000116173224356548,0.00657119363983408,0.0280179829121669,0.0230179385612228,0.00855362740271421,0.00196324726146541,0.0044979695012043,0.115544986560016,0.00754700820351428,0.00276006797950842,0.00808830509621737,0.00010492893519902,0,0.00272335709364347,0.00398757697999585,0.00353802200283922
0.0103674955094564,0,0.000350662605432692,0,0,0.00264301307887005,0.0098348758648104,0.00103980636725379,0.0607821433660651,0.737162524988794,0,0.707491526295196,0,0.00480838288416257,0,0,0,0,0,14.6702495448987,0,0,0.000149165321314794,3.59555172292274,0,6.06940568940589e-05,8.63976525824987e-05,3.46007183773928,0.0039177558042582,6.30144405859689e-05,0,0,0.00990696458473902,0.00135470234993689,0,0.000140019531192057,0,0.00147064502437367,0.000751267070601025,0.00083782325122855,0,0,0,0,0,0,0.000347892555795815,0,0,0.000125085046420743,0,0,0.000847022516349838,0,0,0,4.26810798859066e-05,0,0.00015245760028081,0,0.00352711196692018,0,0,0,0.00019524705366215,0,0,0,0.0189225486743999,0,0,0,0.000145211198908689,0,0,0,0.000163647275643152,0,0,0,0,0,0.000144549679488591,0
0,0,0,0,0,0.13221234610189,0,0.3561565188695,0,5.74103856479536e-05,0.0282148285024658,0,0,0.00277667304080414,0,0,0,0,0,0,0.000182433633376161,0,0.000576522709061122,0,0,0,0,0,0.0615534896573843,0,0,0.709876875923993,0,0.15023605006252,0.0829521611710484,0.000866691111337053,0,0.00238434346191451,0,0.126671745719713,1.8210779480818,0,0,0.00307732533810053,0,0,0,0,0,0,0,0,0,0,0,0,0,0,0,0,0,0,0,0,0,0,0,0,0,0.000118799390935212,0,0,0,0,0,0,0,0,0,0,0,0,0,0.000766372250172795
0.0419946554746305,0,0.00307392293168566,0.00264301307887005,0.13221234610189,0,0.0218881285677079,2.4740634936594,0.0368999167311926,0.960831254387571,0.00202858348012541,5.62552999297144,0,0.275399177949377,2.26342762123271,0,0.000470532690242692,0,0.000176688231003246,0.101123986664262,0.000782915949131053,0,0.000261833762196388,0.0402695814433831,0,0.000790503344505068,8.57521947635314e-05,0.0112249959184823,0.277577818785601,0.000508282617622553,0,0.151005862213931,0.0029542057780485,0.0413851922556256,0.662254452591861,0.000382313097690979,0.000114134799276537,0.00233639791165993,0.000149667183347835,0.580453863118637,0.153317493062551,0,8.47223993402559e-05,0.00041122181882542,8.44868423415905e-05,0,0.000426954335483513,0,0,0,0,0,0,0,0.000137020425674961,0.000258378411399742,0,4.5681690430788e-05,0.000384127786047072,0,0,0,0.000156524723468339,0,0,0,0,0,0.000130403351604635,9.56738672919233e-05,8.75224217930116e-05,0,0.00092850152786192,0,1.27964220649687e-05,0,0.000152596804078953,3.33213169381983e-05,4.24367180786841e-05,0,0,0,6.69968026710747e-05,0.00156775558863805
2.55200085198954,0.00279749846435429,0.375637821001237,0.0098348758648104,0,0.0218881285677079,0,0.0958637606677991,0.31484049020816,1.40739747541693,0.00191906323089689,0.000565942962060267,0.000305334036995692,0.712234747411568,0,0.00767967757676502,0.0714082767255065,0.000429847683468237,0.0058971435380015,0.0156296504555196,0.167241807443653,0.0063597867937001,0.105114087999705,0.287428968437662,7.02363774849972e-05,0.0764851348823296,0.0485203847779931,4.44919130140125,0.212356996849607,2.09368300704278,0.000119524630752022,6.48066591214082e-05,0.137948866251536,0.0811510632381331,0.00123266492125981,0.0566490385298324,0.0267561550983542,0.0716229557969153,0.0210848556522892,0.00595863754511708,7.12554390395288e-05,0,0.00285422495133651,0.00145509719315732,0.00216469139994359,0.00203816029354698,0.00162789166376381,0,0,0.00335615686677035,0.000378885300040579,0.00202123767788577,0.000250579988886568,0,0.000210121420176902,0.00909928821416391,0.000225713560611547,0.00788290104965898,0.00359975264811316,5.83149852298355e-05,0.000631224183607414,0,0.00144834831277606,0.000446881039312128,0.00478343413013599,0.000379013994995525,0,0,0.00171499840085957,0.00278505340247287,0.00415382799450474,0.00201399738391419,0.0211318821592962,0.000192008817009644,0.000281415777505752,0.00355096424052131,0.017798643790185,0.00539182673753721,0.00412591013879736,0,0,0.00126118903297256,0.00677930815486496,0.00125104529749475
0.568914036868745,8.78088394943881e-05,0.0130472320229463,0.00103980636725379,0.3561565188695,2.4740634936594,0.0958637606677991,0,0.0487297354393558,0.418885737511761,0.00126928698559185,0.0858431914998963,2.84973795372373e-05,1.48542809670469,0.000657976905721908,0.000112846025195083,0.00433515715883631,9.66270048529698e-05,0.000495992719261609,0.0187544986071982,0.00189441438832625,0.00040831361928972,0.00203903837391518,0.0262262528104163,0,0.00400058568034193,0.00195467983924934,0.0286281517100025,0.669953597293771,0.0107133068330472,0,0.180633457605728,0.00433936236394751,0.0987119170542194,0,0.00106224577854658,0.00141272102027431,0.00303220422342549,0.000377234122868376,0.0665212233667699,0.247592323518966,0,0,0,4.47141353789619e-05,0,0.000153413424300959,0,0,0.000264046354659787,0,0.000142050943146529,0,0,0,0.000544099948012592,3.3777632139044e-05,0.00057720248213248,0.000328425251191478,0,6.22749125491493e-05,0,6.17839365890042e-05,0,0.000240139662962737,0,0,0,0.000172859870482552,3.15320850421139e-05,5.005919770938e-05,3.55174495395274e-05,0.00113347726027405,0,0,0.000165084019865528,0.000930802642323242,0.000128286238511366,9.13133865983922e-05,0,0,0,0.000227917827577046,0
0.245536064968566,0.0741928819579789,0.0170875856086922,0.0607821433660651,0,0.0368999167311926,0.31484049020816,0.0487297354393558,0,0.25384885962354,0.00179239198032909,3.1635501677315,0.0231511432674198,0.0688241792411337,0,0.0556469590280893,0.00975259405402597,0.00193333173319689,0.0016281855156486,0.34521179247189,0.014555014246276,1.51116198002653,0.0112172677984507,5.91668385196286,0.0670598505037977,0.00948807485453718,0.0492112633356977,0.845172953640379,0.116421193676835,0.276429951882479,0.00323529876654566,0,0.232467737357212,0.0930784242208837,0.00311121834502665,0.0785781654730496,0.0130147559582848,0.0610598296495368,0.031916550360552,1.25688043469755,0.000193608413704378,0.00386304430742563,0.0231322599128341,0.0048018000747814,0.0219839181038896,0.0153003029977896,0.0263182199051268,0,0,0.0555874216237278,0.00590509006488087,0.00347888224826654,0.00642980966542904,0,0.00615854315972226,0.0854337000462582,0.00309515951666046,1.26817321807261,0.0324285407702953,0,0.00333827512926826,7.03195967279944e-05,0.01441192902185,0.000329573785089798,0.0240587358733088,0.0015246384281039,0,0.000142491582622911,0.0274120487176425,0.00974009731115457,0.0671912566763342,0.00560969223645303,0.305075710192141,0.000747510985543955,0.000395662795346197,0.00414255034512107,0.153156000960926,0.0364082215919671,0.0392314895050294,0,0.000229240029764585,0.0374125653107098,0.0470638340948109,0.000780701622345063
0.318081397915361,0.000524698354743685,0.0219460890770577,0.737162524988794,5.74103856479536e-05,0.960831254387571,1.40739747541693,0.418885737511761,0.25384885962354,0,0.000329460433993076,1.36965888545546,0,0.456265568029158,0.000179344801910026,0.00135448405012589,0.00267155868031247,0,0.000381478845638746,4.88691273607838,0.00396500099636255,0.000190918671724695,0.00363367589668661,0.400041573946275,0,0.00556482937794601,0.00339357913068474,2.011939327566,0.144722918464304,0.0062451358909531,0,0,0.138182635565519,0.0309154994547073,0.000198968656185062,0.00696727039960445,0.00281163322409522,0.0100562098322447,0.00223136643683895,0.0440152845017538,0,0,0.000312903410778977,0,0.000350082455441284,0.00017904949677048,0.00241131550304452,0,0,0.000403600292358989,0,3.07311009074189e-05,0.000388763338816499,0,0.000505891610968305,0.00158394950753864,0,0.001356041890274,0.00225143802444513,0,0.000214282526063316,0,0.000516208702013071,0,4.29652976644476e-05,0,0,0,0.00103431764580678,0.000270071152483878,0.000328992197483701,0.000343643321495039,0.00426282186433256,0,0,7.99996252952751e-05,0.00292090570357728,0.000491186006764968,0.000622145299603138,0,0,0.000269747167627503,0.000830462313324809,1.78580690691849e-05
0.00129221750608272,0.0307196532024131,0.00768136901418814,0,0.0282148285024658,0.00202858348012541,0.00191906323089689,0.00126928698559185,0.00179239198032909,0.000329460433993076,0,0,1.99096253306521,0.00153591548289836,0,0.000166625347795245,0.0346290722025383,1.27413571101317,1.88565001824292,0,0.0012380116891675,0.0101025722903999,0.00530070863524678,0.00063963238145036,0.952246896422216,1.06466637653421,0.140283547484269,0.00168079493968509,0.0544215924409989,0.00278687399220625,0.460930660563174,0.473842101199982,0.00229875173068232,1.68737371780333,0.000649236466045278,0.0929041280852145,1.75178235297367,1.56672925663823,0.0438860217931206,0.00374799135856734,0.147517894464317,0.117508967201294,0.00289555382059186,0.0332731917904752,0.0103517528170924,0.00128701972258037,0,0,0.00968643047127626,0,0.00320895818486406,0.00066284912568298,0,0,6.05006665826404e-05,6.2420857133638e-05,0,6.92854077223972e-05,0,0.0240278007831565,0,0.0406663101142872,0,5.57483708307142e-05,0.000221862537875811,0.00107577399244197,0.00617862693120423,0.00398999526971618,0,0.000111350064369569,0.000273494823793099,0.000433216761409276,7.46123960194108e-05,0.0282605516709756,0.0273945842416872,0.023194751657456,5.03529744012837e-05,0.00037457591609863,9.58074244095802e-05,0.0262727936714542,0,7.11930514197051e-05,0.0023362134951507,0.00106325734572124
0.0993754112917437,0,0,0.707491526295196,0,5.62552999297144,0.000565942962060267,0.0858431914998963,3.1635501677315,1.36965888545546,0,0,0,0.148503397522977,0.934372546344459,0,0,0,7.15093143480554e-05,10.3622464119471,0.0001130640336407,0,0,2.69604320409708,0,3.25454466414067e-05,0,0.051711294875212,0.0726968365100568,0,0,0.000103832738757827,0.00872705134695193,0.00767958979956831,0.270471986171974,0.00406489042252692,0,0.000499826233274533,0,0.953043000716049,0,0,4.630714419324e-05,0,5.37512089530967e-05,0,0.00177892758703648,0,0,7.04785248737214e-05,0,0,0.00105909778153684,0,0.000133932523463965,0.00031134276414956,0,0.000338711424034717,0.00103469859117308,0,0.0912999222894402,0,3.17474847169505e-05,0,0,0,0,0,0.0780481148498491,0,0,0,0.000948262131121099,0,0,2.2542502884334e-05,0.000600210064179987,5.28255415436628e-05,4.81288086534126e-05,0,0,0,3.88198066161687e-05,0.0053935474665281
0.000101614504583878,0.323134180608983,0.00185385067746123,0,0,0,0.000305334036995692,2.84973795372373e-05,0.0231511432674198,0,1.99096253306521,0,0,0.000173699384258744,0,0.00477364328535819,0.00178420274643321,0.0174901944349783,0.0292653881250069,0,0.00108527697197755,0.119078782164241,0.00200051834154686,0.00584919270202506,4.47411892713913,0.635109353944373,1.14490632885066,0.0020194058151616,0.0019557117174968,0.000550621646961472,3.00744542391001,0,0.000564978003665388,0.0285597517905061,6.82302204244159e-05,0.352294977864098,0.83438449807914,0.184606221984535,0.501471278276901,0.000148680650747411,0.000114895932659593,1.07646537604815,0.00589326761113835,0.0446488722559979,0.0158303565468095,0.005121973660225,0,0.000850342084480399,0.0125725649884338,0,0.018352655151167,0.000762490777202687,0,0,0,0,0,8.5428715127238e-05,0,0.0193729114875167,0,0.0455159387899632,0.000151202080755294,0,0.000135493170011047,0.00173831829460292,0.00905964630072459,0.0101722313465603,0,0,0.00248172676248865,0.000611612305803777,0.000254423659963445,0.0857678825768889,0.0549281456295472,0.0570648594618143,7.78512240778555e-05,0.000716609024372722,4.24942139976665e-05,0.0510367060938684,7.25987386349207e-05,0,0.00439909903903757,0.00021222292670382
4.61924895245127,0.00079734038509885,0.0513212347751725,0.00480838288416257,0.00277667304080414,0.275399177949377,0.712234747411568,1.48542809670469,0.0688241792411337,0.456265568029158,0.00153591548289836,0.148503397522977,0.000173699384258744,0,0.000337053370513504,0.000578164510350709,0.0264310168945999,0.000162411665024891,0.00270043958160043,0.0291291223847755,0.00747257208540637,0.0013537307964699,0.00905276495483575,0.0381763067309622,0.000153720671474775,0.0162698308016984,0.0084146833654891,0.0826478982067428,5.51020549699519,0.0632141167077376,7.43006776490057e-05,0.00964315746319576,0.0317320587291905,0.176920913344346,1.86910160436622e-05,0.00349887712786333,0.00654670672195807,0.0244739414692251,0.00185548722097703,0.147179562474671,0.0059845796663671,0.000126905028341947,0.00072603261011598,8.62175572772595e-05,0.000320654355970703,0.000239036950371248,0.000893618626475902,0,0,0.000849627739078683,0,0.000441561217366729,0,0,0.000117768374470653,0.000943724080112365,0,0.000833072123439796,0.000587762543987948,0,0,0,0.000160493957482267,0,0.000908357200461197,9.59279206745596e-05,0,6.39500491194343e-05,6.33256717789948e-05,0.000388597274969016,0.000447676530886468,0.000549981494501338,0.00360361797531363,0,0.000215732848713891,0.000836315102267695,0.00358604527713166,0.00108639563549885,0.000789478537304667,0,0,0.000967011016499085,0.000911909765670117,5.57382085060713e-05
0,0,0,0,0,2.26342762123271,0,0.000657976905721908,0,0.000179344801910026,0,0.934372546344459,0,0.000337053370513504,0,0,0,0,0,0.00111597101663176,0,0,0,0.000269927966188641,0,0,0,0,0.00120216736366109,0,0,0,0,0,0.15819295772554,0.000372827864023643,0.000989050817407577,0.000611274412509744,0,0.0918758847016816,0,0,0,0,0,0,0,0,0,0,0,0,0,0,0,0,0,0,0,0,0,0,0,0,0,0,0,0,0,0,0,2.89478521916953e-05,0,0,0,0,0,0,0,0,0,0,0,0.00204043260766657
0.00212412510190942,0.0840667726986698,0.0262535658289836,0,0,0,0.00767967757676502,0.000112846025195083,0.0556469590280893,0.00135448405012589,0.000166625347795245,0,0.00477364328535819,0.000578164510350709,0,0,0.018965594485059,0.000361061871321794,0.00258023658955889,0.000148953916298353,0.52529918931534,5.77501874267465,3.94534751333591,2.28489934548002,0.00509236456023427,0.0150475458955105,1.14805307485296,0.616029345429598,0.00391092304019861,0.0472523239863643,0.000703614503799943,0,0.00523059066798632,0.0535360334185779,0.00980684197235795,0.390349663558863,0.337212526956607,0.214266084872819,0.101193792525719,0.0190532147495127,0,0.00346452356368439,0.124554597739389,0.134885309732644,0.0367143706406216,0.0334780745160121,0.00351601721984999,0,0.000203933015840475,0.0104283107382642,0.0134129248135151,0.0206656772371276,0,0,0,0.00874582995684207,0,0.056918178738625,0,0.00018220553857799,0.000269493107986393,0.000424133975180764,0.00221528012088463,0.0023292851574957,1.39414238062762,0.00263396234767393,0.000263505860865457,0.000161677227799223,0,0.143628234301962,0.468001462318161,0.454773807352179,0.0599851203488838,0.00372882380131653,0.00189462145617244,0.0874438335529931,0.05688007233349,0.0126562335368086,0.0801960960211195,0.000246034662970718,0,0.0060044973062266,0.0173561862359234,0.0134008372078367
0.12632130151098,0.117270343751812,1.92319212872952,0,0,0.000470532690242692,0.0714082767255065,0.00433515715883631,0.00975259405402597,0.00267155868031247,0.0346290722025383,0,0.00178420274643321,0.0264310168945999,0,0.018965594485059,0,0.00440827674461889,1.2563093172178,0,0.0383958423917308,0.0603036313881852,1.68003958758952,0.0153809849759667,0.00162969658194554,2.57257742547564,0.43476589488199,0.0246365467777238,0.109033904487084,0.12438543730864,0.0012986991626664,0,0.0212687875086339,1.12009322877808,0.000671732370217724,0.0853621651011006,0.66372275091512,0.209395216654324,0.0337275749617469,0.000627313611091808,0.000231486311381465,0,0.00854655610936639,0.00804728563612521,0.00430312330322143,0.00284890130076861,0.000334708720198956,0,0,0.000369279688355428,0.0206629524438358,0.0151135987284059,0,0,0,0.0018727701150192,5.15972522150661e-05,0.000973041020423988,0.000171704765632301,0,0,0.000618919971774965,0.000207260894729994,0.000555690384732575,0.00739492833984572,0.00571694353852447,0,0.00025764274121814,0.000188419415103353,0.000561954462782701,0.0106980975785516,0.00512441012759099,0.00287831680282394,0.00200268092576315,0.00529028156364749,0.0440675986715711,0.0017431229766158,0.000991760839302041,0.00230093801153365,0.000223402302280486,0,0,0.00153168412489177,0.00100822992672035
0.000270036111252561,0.00473326573341317,0.00249403111637309,0,0,0,0.000429847683468237,9.66270048529698e-05,0.00193333173319689,0,1.27413571101317,0,0.0174901944349783,0.000162411665024891,0,0.000361061871321794,0.00440827674461889,0,3.39296856198004,0,0.000274813307293177,0.000518349717085472,0.000824454651667203,8.05495929461619e-05,0.0307914441732793,0.614527883512513,0.0305631321965228,0.000120473542724459,0.00131826923073523,0.00078295048909188,0.0233004850000658,0,0.000469141610367282,0.0686765420772202,0.000189336266725048,0.023844499597022,0.17560119454769,0.095326753510922,0.00680611752025297,0,0,0.00199089637139846,0.00025100344312722,0.00808820773950031,0.00361607923039072,0.000879965658306031,0,0,0.000552848259690941,0,0.00032074072689698,0,0,0,0,3.57078663960932e-05,0,0.000228233534042048,0,0.00316295991112936,0,0.0082575802056568,0,0.000151065822411568,0,0.000436574777730424,0.00478979951258984,0.00271409985612427,0,0,0,0.000112728223057544,0,0.0123346510206329,0.0112788890596021,0.00984499319504807,0,5.03749180605501e-05,0,0.00680536651519225,0,0,0.00145311563355065,3.62787894636239e-05
0.0114192572262559,0.0272680865173755,0.0591604238416969,0,0,0.000176688231003246,0.0058971435380015,0.000495992719261609,0.0016281855156486,0.000381478845638746,1.88565001824292,7.15093143480554e-05,0.0292653881250069,0.00270043958160043,0,0.00258023658955889,1.2563093172178,3.39296856198004,0,0,0.00242739855135433,0.00842050912989261,0.0232407110991381,0.00143144704553591,0.0441410882618276,3.64441925065383,0.171450055319907,0.0023078686445599,0.0106538437650132,0.0113327072603041,0.0372390784618145,0.00110959569646607,0.00222304992877207,1.56207513888571,0.000575349618241074,0.09735927528639,0.611951125026712,0.504825267373136,0.0472048106267064,0.000258588064207831,0.000856511629608648,0.00217866497549502,0.00152845444376234,0.0150789589976206,0.00645869024400878,0.00169344148686676,0,0.000182219737817388,0.000176553968135807,0,0.0115014973482969,0.000728201418160951,0,0,0,0,0,0.000143500098570788,0,0.00379617972804188,0,0.00968813545398558,0,0.000458590895273463,0.000196595241992016,0.00110963838849777,0.00490921311769388,0.00586729201862147,0,0,0.000720727078348062,0.000541720217216792,7.94969237311656e-05,0.0362174228042477,0.0375777018529512,0.0350637341019285,8.80609122518288e-05,0.000250804577702191,6.78106918004687e-05,0.012819957696687,0.000176130675428304,0,0.00423128789399615,0.000740169598438081
0.0601059463269551,0,0.000238684416896664,14.6702495448987,0,0.101123986664262,0.0156296504555196,0.0187544986071982,0.34521179247189,4.88691273607838,0,10.3622464119471,0,0.0291291223847755,0.00111597101663176,0.000148953916298353,0,0,0,0,0,0,4.44716767728742e-05,4.72710823476166,0,0.000277413695381182,0,1.53756254743627,0.0228713057110199,0,0,0,0.0468516026072023,0.0057101184979848,0,0,0,0.000839226876548334,0.000354942231981896,0.0292407049761895,0,0,0.000328628165505751,0,0,0,0.000643541081860152,0,0,0,0,0,0,0,0.000114491371066029,0.000158503070765369,0,0.000232561427064501,0.000731205112918809,0,0.000188200848944468,0,4.1452062970311e-05,0,0.000134399184815656,0,0,0,0.000263041521431023,0,0,0,0.00172226533265275,0,0,0,0.0007699839400055,8.64528828492398e-05,4.70292407300996e-05,0,0,0,0.000281142551843786,0
0.0251038377383259,0.00323586736665394,0.258180009451809,0,0.000182433633376161,0.000782915949131053,0.167241807443653,0.00189441438832625,0.014555014246276,0.00396500099636255,0.0012380116891675,0.0001130640336407,0.00108527697197755,0.00747257208540637,0,0.52529918931534,0.0383958423917308,0.000274813307293177,0.00242739855135433,0,0,0.0154991436179832,6.26026816796049,0.181415605123775,0.000719803767086843,0.015493390389229,0.0787498500599621,1.61344250340693,0.914962794655174,3.69518535168342,8.06133862555486e-05,0.000274154270929694,1.11343296345396,0.485490749735038,0.0129990951889731,0.477412402856823,0.287318661958766,0.485902418575346,0.155772495664474,0.0185175898903941,6.47991466696846e-05,0.00127570977846712,0.0233295558472123,0.0166222864675807,0.0096741360219585,0.00707891500478003,0.000765480431922004,0,0,0.0055840659951097,0.000547246764430661,0.00580964537008563,0,0,5.51822610082714e-05,0.00996694470368357,0.000241620964852619,0.0197364531886978,9.82550805775318e-05,8.96355199824124e-05,0,5.10549957006305e-05,0.00138547559974745,0.00224402602765872,0.145237009143741,0.000994799371651547,0,3.96686616287644e-05,0,0.0448436274497532,0.0328383745650586,0.0630459075809347,0.0333546315992755,0.000445539304944243,0.00067943566891402,0.0075718293779608,0.034752526952967,0.0114859080502055,0.0462424927120531,0,0,0.00315538559393425,0.00999051265700894,0.0119978047019682
0.00839486314115501,1.89771328051679,0.14152129311581,0,0,0,0.0063597867937001,0.00040831361928972,1.51116198002653,0.000190918671724695,0.0101025722903999,0,0.119078782164241,0.0013537307964699,0,5.77501874267465,0.0603036313881852,0.000518349717085472,0.00842050912989261,0,0.0154991436179832,0,0.214521740320119,1.41937083257697,0.331269487981463,0.0542198055298297,1.4324307346675,0.0386588898627809,0.00761671204546271,0.0194051908612003,0.010506569427659,0,0.00626613105640878,0.0581642211723022,0.00257712468413751,0.13006864428148,0.0900829384566649,0.126216860146029,0.0320451105065955,0.0013668169675141,0,0.012271850993783,0.047122272446568,0.0494005129873357,0.024708818142185,0.0241662592456727,0.00201476695114424,0,0,0.00753990153345999,0.197980223789723,0.0565631795640765,0,0,0,0.0096036886656112,0.000385868959099666,0.0738279142916965,0.000196410948557999,0.000286288136821548,0,0.00152600497245149,0.00164009822087554,0.00182678756654943,0.165935743738493,0.0135741553893808,0.000324246360711291,0.00123135877591886,0,0.0153018477429726,0.681050627318918,0.0789875604216202,0.0508726231025414,0.0319459646568601,0.00819940399566483,0.152272868193563,0.0270196220094346,0.00722930578062516,0.0197462107042184,0.000623794841178443,0,0.00766059587846846,0.0151989926824178,0.00306631081452722
0.0426146397840213,0.0138400083791955,3.82142615349206,0.000149165321314794,0.000576522709061122,0.000261833762196388,0.105114087999705,0.00203903837391518,0.0112172677984507,0.00363367589668661,0.00530070863524678,0,0.00200051834154686,0.00905276495483575,0,3.94534751333591,1.68003958758952,0.000824454651667203,0.0232407110991381,4.44716767728742e-05,6.26026816796049,0.214521740320119,0,0.0964852442411469,0.000887493619850917,0.175487546442636,1.05711968800076,0.684872734199047,0.436668426923241,0.392423353066658,0.000346483835135683,0,0.193414992259832,0.739780638888093,0.0406374716014256,1.04528018586858,1.01607942277593,1.16757350780911,0.334923875353744,0.0507467425428117,0,0.00265775355276233,0.0764139282902198,0.0590882527920445,0.0215636617135038,0.0148541679539067,0.00158550152162089,0,0.000455305392429821,0.00207409606371831,0.00468673725709477,0.0236484097896374,0,0,0,0.00261088244133428,0.000153832041227438,0.00441489409792145,0.000312094518686531,0.000181916499806795,2.85242359914298e-05,0.000249267284476119,0.000471079559595091,0.00762541302159236,0.411947208291992,0.00258424947433203,5.94015242986051e-05,0.000163893511144935,0,0.0700929293047047,0.122058127017052,0.245354853356607,0.0130452690751969,0.000762968221009031,0.00194053789097082,0.143372308852197,0.0197509244696328,0.00432736952863876,0.0315180090263479,0,0,0.00122767430814267,0.00590197586109773,0.0437165793331502
0.0768165994270802,0.0412569733839848,0.031634834968683,3.59555172292274,0,0.0402695814433831,0.287428968437662,0.0262262528104163,5.91668385196286,0.400041573946275,0.00063963238145036,2.69604320409708,0.00584919270202506,0.0381763067309622,0.000269927966188641,2.28489934548002,0.0153809849759667,8.05495929461619e-05,0.00143144704553591,4.72710823476166,0.181415605123775,1.41937083257697,0.0964852442411469,0,0.00949843593909369,0.021624123501255,0.22791995412573,3.51685461774969,0.102383729025283,0.141407127446994,0.000474930485243585,0,0.0969938940178656,0.0909884512001301,0.00384863827901395,0.108754151194948,0.0357708566039355,0.0684912343506936,0.0256960143451808,0.012931508687793,0.000230057522404916,0.000333287749489444,0.0183573307378951,0.010271052318132,0.0147767478583925,0.00904992779377228,0.00544920610657052,8.86487835145763e-05,0,0.0189512726583972,0.00208653265687123,0.0065151640498717,0.0811587201247652,0,0.00082691852272436,0.042714920396135,0.00133507540255332,0.0646974511747051,0.00952289867860494,0.000275930779132837,0.00115098054357812,0,0.00747630833140823,0.000218423031733403,0.0534508496720526,0.000958675177824989,3.59355840063484e-05,0.000191459127514924,0.0124773551382093,0.0232954389507108,0.0502303118275491,0.0161037858215833,0.205216268466586,0.000505898868649395,0.000974947930657745,0.00989940442708486,0.0978385539259181,0.0361280351261361,0.0462730729001213,0.000188329095113128,0.000289158631191371,0.0133927607810049,0.0284254469155583,0.00177901378929546
0.000431299897313379,2.30557163013949,0.000882934635905724,0,0,0,7.02363774849972e-05,0,0.0670598505037977,0,0.952246896422216,0,4.47411892713913,0.000153720671474775,0,0.00509236456023427,0.00162969658194554,0.0307914441732793,0.0441410882618276,0,0.000719803767086843,0.331269487981463,0.000887493619850917,0.00949843593909369,0,0.365427151965796,0.777159964542751,0.00174570961292015,0.00183023426091289,0.000741121636395576,0.82602006380429,0.000131624481027136,0.000626998077436378,0.0416899734107017,0.000158997301294598,0.0103441009609627,1.17175540218064,0.210533760283027,0.0104055163780587,0,0.000257206226204768,1.10533717305246,0.00636367433772961,0.0551576527397461,0.0223809052695119,0.00657742155502357,0.000513806678111572,0.000934049784579782,0.00385683098522463,0.000533232359985373,0.103905777807775,0.00473250867640159,0,0,0,4.55417381910982e-05,0,0.00159973313473167,0,0.0244643372520608,0,0.0707804707827633,0.000126446263958275,0,0.00242577500811694,0.00574366794692219,0.0202208321300441,0.0133153451371612,0,7.62808216962351e-05,0.0218536381134927,0.000391143270696857,0.000567114567069779,1.15831677179112,0.0926577551454928,0.136267854035303,9.98392760371072e-05,0.000598284179362433,0,0.0900654607147924,0.00106364753571167,0,0.011542635621692,1.09055000200088e-05
0.054137460816322,0.19927772866342,2.30696071541644,6.06940568940589e-05,0,0.000790503344505068,0.0764851348823296,0.00400058568034193,0.00948807485453718,0.00556482937794601,1.06466637653421,3.25454466414067e-05,0.635109353944373,0.0162698308016984,0,0.0150475458955105,2.57257742547564,0.614527883512513,3.64441925065383,0.000277413695381182,0.015493390389229,0.0542198055298297,0.175487546442636,0.021624123501255,0.365427151965796,0,3.35709588534209,0.0488535125983035,0.022856772228211,0.0647030883919602,0.802221602870526,0.000405800053723161,0.0066742474116816,0.407583174781002,0.00325361506694842,0.29363994719341,1.15346347955031,0.504469274035597,0.0534934882884442,0.000223156877641658,0.000131621153291542,0.00909775490192906,0.0172921537722723,0.0675317395496535,0.0355815691507564,0.00865297941935819,0.000195293256111425,0.000186927270597326,0.00122586849461636,0.000719645152443394,0.0693803919700936,0.0203409400100852,0,0,4.74308502365086e-05,0.0011524970633718,7.73130393219024e-05,0.000593468122443413,8.69447173624735e-05,0.0269361671044606,0,0.0715993924905984,0.000394022825318864,0.000824170269540389,0.00415371482568717,0.0176307669501616,0.0206014518817979,0.0332421560956786,0,0.00108314148753512,0.00690601455667514,0.00504519243194303,0.00218272326236299,0.145530117656819,0.298941184958137,0.353867110922065,0.00107717007446973,0.00209374588971475,0.00119253053918371,0.0502763394886064,0.000188287287012364,0.000266309034297512,0.0182274244081515,0.00391892385892851
0.0192202313302737,2.19116551610617,2.3352221489497,8.63976525824987e-05,0,8.57521947635314e-05,0.0485203847779931,0.00195467983924934,0.0492112633356977,0.00339357913068474,0.140283547484269,0,1.14490632885066,0.0084146833654891,0,1.14805307485296,0.43476589488199,0.0305631321965228,0.171450055319907,0,0.0787498500599621,1.4324307346675,1.05711968800076,0.22791995412573,0.777159964542751,3.35709588534209,0,0.186514442322019,0.017058242890538,0.0371398004711555,0.358091308003704,6.12334373742474e-05,0.00578488691950532,0.451019599279545,0.0310015547772746,0.690677348112991,0.614001343977028,0.75557550385171,0.168230998734071,0.0046384484811206,0.000251870535096391,0.00277748012343132,0.10487556574627,0.137059052957268,0.0701236207374777,0.0332329799112566,0.00288042990788301,0.000396114259929425,0.000240264272337181,0.00377515342295971,0.202144063245249,0.162368664901724,0,0,0,0.00804047481551089,0.0002042683950002,0.00448602378056416,0.000248507537791843,0.0118654899228035,0,0.0416894756002969,0.00116629426953013,0.00539832779610306,0.0799787777997647,0.0600263337756333,0.012909207492922,0.0328741592550217,0,0.00953913909575023,0.137670901498873,0.133079851834953,0.0144554333192802,0.186934620890662,0.374854407353151,1.04318307933214,0.00975445431550319,0.00305055703331861,0.00830623473169286,0.0367623553427774,0.000176565970417208,0.000355398558418565,0.0408850847849213,0.035992683073566
0.13451155654526,0.00367066211865646,0.292860407716979,3.46007183773928,0,0.0112249959184823,4.44919130140125,0.0286281517100025,0.845172953640379,2.011939327566,0.00168079493968509,0.051711294875212,0.0020194058151616,0.0826478982067428,0,0.616029345429598,0.0246365467777238,0.000120473542724459,0.0023078686445599,1.53756254743627,1.61344250340693,0.0386588898627809,0.684872734199047,3.51685461774969,0.00174570961292015,0.0488535125983035,0.186514442322019,0,0.255540558956233,1.86486154765778,0.00026371007068578,4.385640290646e-05,0.231218428990406,0.352522004778834,0.00890983394287586,0.383929230486664,0.105261189919063,0.353848554321583,0.122639219276603,0.0127035629320045,0.000219133614776161,0.00117115961669591,0.0169801687936858,0.00698613934551225,0.0125281561015374,0.00863412898684095,0.00465190154831667,0,8.94142621970032e-05,0.0201582848979573,0.000861607174379402,0.00549403544523381,0.000508887993848274,0,0.000803192377111133,0.0464718074774454,0.00115388364750635,0.0508811315272601,0.00774984042620432,2.95354695529924e-05,0.000976066295708659,4.80118540125652e-05,0.00905218059867849,0.00170334260205286,0.0421158417793025,0.00108638964713634,0,4.74719720785248e-05,0.00397320502157651,0.0204159282300989,0.0274514767693836,0.0181137305699162,0.103484860133559,0.000337496146438878,0.000687529012489477,0.00937713460757103,0.0967492337380506,0.0305564489070421,0.0405307680584476,0,0.000288492647229269,0.0111316081378343,0.0239911712314733,0.00813954286231388
1.28020325798291,0.00148164085553797,0.0388452431791994,0.0039177558042582,0.0615534896573843,0.277577818785601,0.212356996849607,0.669953597293771,0.116421193676835,0.144722918464304,0.0544215924409989,0.0726968365100568,0.0019557117174968,5.51020549699519,0.00120216736366109,0.00391092304019861,0.109033904487084,0.00131826923073523,0.0106538437650132,0.0228713057110199,0.914962794655174,0.00761671204546271,0.436668426923241,0.102383729025283,0.00183023426091289,0.022856772228211,0.017058242890538,0.255540558956233,0,3.48896398683159,0.000766222345580193,0.715739290855953,3.32133679422638,2.99801282531569,8.0177486528934e-05,0.0343179750633545,0.023586215715822,0.588955290604057,0.0220241930222961,0.355119958145084,0.349568490867931,0.00137750806368425,0.00261096588632719,0.000838415916485263,0.00294949149290628,0.00221886419824634,0.00053930120829454,0,4.7653399262258e-05,0.00401543658884101,0.00017558574158825,0.00151390370578224,4.02059456747336e-05,0,4.33990986886111e-05,0.0107289842627007,0.000218690916436369,0.00614228133457181,0.00104781994567914,3.62040764536392e-05,0.000143767302242933,0.000125087089887927,0.00168161150674849,0,0.00389316606619302,0.000321913372453221,0,0,0.000423901367033779,0.00334327636295774,0.00307461448991856,0.00174143278727862,0.0220289520082616,5.42840577459408e-05,0.000135319567986095,0.00200487684369256,0.0216199947856571,0.00868389215912153,0.00852349727551887,0.000144593833968661,0,0.00145345627119101,0.00654749371776206,0.000148256620487546
0.243083993713272,0.00487265487840061,0.318999787780519,6.30144405859689e-05,0,0.000508282617622553,2.09368300704278,0.0107133068330472,0.276429951882479,0.0062451358909531,0.00278687399220625,0,0.000550621646961472,0.0632141167077376,0,0.0472523239863643,0.12438543730864,0.00078295048909188,0.0113327072603041,0,3.69518535168342,0.0194051908612003,0.392423353066658,0.141407127446994,0.000741121636395576,0.0647030883919602,0.0371398004711555,1.86486154765778,3.48896398683159,0,0.000230341510395561,0.000362304682853189,1.04121805587229,0.831565622087929,0.00195927188561399,0.114307282166698,0.0669559790385895,0.223936074801764,0.0516892573019724,0.00241865620612727,0.000321017532107491,0.000293318919477314,0.0172695807959442,0.00818353558360951,0.0117807297745386,0.00695547358568552,0.00195021802019035,0.000177839225258183,0,0.0143563505652613,0.0010380525073722,0.00591045625982595,7.51329894122556e-05,0,0.000352521180452813,0.0275869760885792,0.000797905242644394,0.0299009175328867,0.00180014948230844,8.03968791194994e-05,0.000559634266786428,7.01227368671287e-05,0.00456404827679732,9.28462922829471e-05,0.0594391036888567,0.000939666486519284,0,0.000173737158649303,0.000969525624910609,0.029856809338637,0.0198738845393716,0.0238503039147209,0.0698557230806883,0,0.00078304744991039,0.00713043679642775,0.082094983657296,0.0262618482531816,0.0443363220794358,0,0,0.0105636873572659,0.0246674782947898,0.00187446094470609
0.000717436191328621,0.0398677793102479,0.00208169590462099,0,0,0,0.000119524630752022,0,0.00323529876654566,0,0.460930660563174,0,3.00744542391001,7.43006776490057e-05,0,0.000703614503799943,0.0012986991626664,0.0233004850000658,0.0372390784618145,0,8.06133862555486e-05,0.010506569427659,0.000346483835135683,0.000474930485243585,0.82602006380429,0.802221602870526,0.358091308003704,0.00026371007068578,0.000766222345580193,0.000230341510395561,0,0,0.00028958639938759,0.017662220316934,0,0.00902138889375089,0.192910290163277,0.0586767327301804,0.0115588982630321,0,0,0.0167769699125306,0.000174261027041161,0.0186130406837392,0.00690119019948918,0.00176115763700531,0,0,0.00052358820985534,0,0.00422350094155446,0.00012049360370082,0,0,0,0,0,0,0,0.0110033302739122,0,0.0193548416765436,0,0.00017319217516203,0,0.000890110021455282,0.0104315245198038,0.00489939475556356,0,0,0.00116529686183202,4.54312336367569e-05,0,0.0618995456870334,0.0184550900510782,0.0167297392799598,0,0.000319351745137111,0,0.0316930913807494,0,0,0.00185166714033319,4.49187741312757e-05
0.000396220099883944,0,0,0,0.709876875923993,0.151005862213931,6.48066591214082e-05,0.180633457605728,0,0,0.473842101199982,0.000103832738757827,0,0.00964315746319576,0,0,0,0,0.00110959569646607,0,0.000274154270929694,0,0,0,0.000131624481027136,0.000405800053723161,6.12334373742474e-05,4.385640290646e-05,0.715739290855953,0.000362304682853189,0,0,0.000892948178625837,1.11968011175587,0,0.000643809666309733,0.00365067763587545,0.0706481979486847,0.00184694597289114,0.140618993271883,2.36631054329385,0,0,0.000320214959929452,0,0,0,0,0,0.000245571849203919,0,0,0,0,0,0,0,0,0,0.000285441524906088,0,0,0,0,0,0,0,0,0,0,0,0,0,0,0,0,0,0,0,0,0,0,0,0
