0,0.00206788851950974,0.138619996998054,0.0202115585172384,0.00156572000715156,0.0145307915835275,1.47959754636654,0.436546126366897,0.0359875397438101,0.0768194027726429,0.000724569513847513,0.00525786390802264,4.81891470979431e-05,2.41757775127399,0,0.000413305781135473,0.0692725991050425,0.000925995174699042,0.00432719119198496,0.0300964303318498,0.00960479262261595,0.00229911869404365,0.0488040945336535,0.0301595901135398,0.00100216581742703,0.00813672511825975,0.00456419386886058,0.0353547517420384,1.9243575982844,0.10607177440874,0.000141985580411841,0.00714410350645261,0.00637161990293771,0.0313653684025336,0,0.00504799951193182,0.0017897282494151,0.0255160531472545,0.00191620060906132,0.00121410921662446,0.000468279837905927,0.000268942103004412,0.000506802656722454,0.000781424706308258,0.000459380872732788,0.000535046370158474,0,0,0,0,0.000473855006925743,0.000477141052116926,0,9.25052238436594e-05,7.05136024626903e-05,0,0,0.00147303580670917,0,0,0,0,0,0,0,0,0,0,0,0,0.000268784378030709,0,0.000483455967592359,0,2.79976579305573e-05,0.000611014927760962,0.000928273616110162,0.00058490690516954,5.20869944121592e-05,0,0,0.000402915519646958,5.11449621961937e-05,2.65534842058807e-05
0.00206788851950974,0,0.200416497689097,0.000156524608630751,0,0.000618637727886132,0.00222882848417123,9.64077742135593e-05,0.0667745402826812,0.000595509735061905,0.0316520309088302,0,0.0335806807664639,0.000486760150226084,0,0.0322452111588447,0.206545456081844,0.015238298907833,0.0720369125908739,0,0.00139897677033164,0.926838416753561,0.0155535123104469,0.0217106252089889,0.478936979939776,0.22641950122902,0.712493890757854,0.00414527702527814,0.00118896309521893,0.000755298765744148,0.0433902775965813,0,0.000239240533123743,0.0580072881465077,0.0011112047298578,0.166937675378354,0.162587583401845,0.255148720307761,0.0352863976738485,0.0023752472103943,0.000251426742675627,0.00829161797338662,0.091815618543072,0.128915611667633,0.117653389957439,0.0397764448757699,0,0,0,0.00563418754001278,1.05917717168045,0.263869148355103,0.000392662708300386,0,8.44125926901154e-05,0.00486548901949305,0.00175031137027797,0.00237693252173042,4.85194735891413e-05,0.0122989222412768,0,0.013374079207163,0.00277045020650256,0.00459937340870931,0.00542510762441739,0.130426211411113,0.0127163940300104,0.159581871170291,0,0.00372992931789255,0.00905767990898188,0.00869038050953402,0.00422086155883834,0.102846650411077,0.399246424280221,0.145017207825355,0.00193110158659919,0.00194541789309801,0.00624694102225319,0.00749680751796491,0.000200084493086488,0.000492336986473559,0.0220241816438454,0.00140675094605743
0.138619996998054,0.200416497689097,0,0.00224672178122081,0.000330841891297829,0.0267880061940598,0.214157893334144,0.17558208744307,0.0119920114650613,0.0142925863633844,0.0333280242016501,0.000822350600256975,0.00352512170530229,0.0535560771226347,0.000664396837918304,0.0210237332791994,0.605793746532263,0.0110886167840088,0.0400525505724516,0.00111672779923401,0.106774705920999,0.0333015583463544,2.84979528472822,0.0322979154514231,0.00721564262875104,1.71166506401245,1.3208389954295,0.0731410926979777,0.0645774809792347,0.124837936371051,0.0035122048933132,0.00276193666405497,0.0085474638267526,0.195758298998799,0.00141955418026699,0.0963100391285379,0.125005455752053,0.279343120362168,0.0217831214397796,0.00267260452479419,0.000647978967160522,0.000125121533244106,0.0227318293143921,0.0358227252147442,0.0258273641880797,0.0117684007825913,7.48635286204613e-05,6.65879467675653e-05,0,0.00131421246973087,0.0886567386308862,0.0824967404151855,0.000106688005234521,0,0.000104055611835846,0.00159324843624947,0.00148675038652461,0.000972125064169765,0,0.00133466061270936,8.210287883315e-05,0.00101506111999122,0.00156976847301824,0.0023123218993056,0.00309347701065286,0.0253314053089465,0.000455813114121171,0.0107038974869625,0,0.00105840975195466,0.0107941749456057,0.00740798184141038,0.00208299032686181,0.00230750183135805,0.0203180825652853,0.0732904857006563,0.0012200833252782,0.000888879568777441,0.00170357530384789,0.000442596959633567,9.67977366081452e-05,0,0.00265850642074688,0.0012219094294644
0.0202115585172384,0.000156524608630751,0.00224672178122081,0,0.000809077535819226,0.0308493671967694,0.0229475615428303,0.0273898436864249,0.638407702711668,0.951442628179463,0.000314998772018997,0.438213319550043,0.00135953496571528,0.0149894475440888,0.00144952409180246,0,0.00183040841219397,0,0.000114873624518872,10.9350958042551,0.000915807335564272,0.000802340162880576,0.00106210999780832,5.71827401132715,0.000269702616008463,0.000803100131186308,0.00041700252380558,1.70171278490451,0.04529130699424,0.00250351698496086,0,0.00440385530586998,0.00580191499358366,0.0208729687470223,6.33526154755553e-05,0.0335240160424631,0.00189203007604366,0.0367181750738229,0.0193163511540011,0.00395482762680982,0.00263920312093609,0.00016375373953232,0.000872680736959733,0.000261348636174726,0.00120431059348912,0.000942906715360406,0.001263839556031,0,0,0,0,0,0.0988763573332477,0.000348424480711633,0.000783042752708983,0.000626758581837455,0.000618205623830143,0.00345971144314002,0.011848115021509,0,0.00244892784934011,0,0.000344071657669568,0.00158998257501343,0,0,0,0,0.0851056565629896,7.32432112994889e-05,0.000749150356460683,6.57038020639975e-05,0.00692426267842198,0,0,0,0.00274050038833506,0.00103490522526263,0,0,0,0,0.000515807848844784,9.03352242155435e-06
0.00156572000715156,0,0.000330841891297829,0.000809077535819226,0,2.37898202466567,0.00188578848525582,0.241601081911797,0.00933862658672701,0.00214756662350097,0.0075842622615061,0.00869854197952283,0.00308339218910456,0.00801488860246629,0.567213430890777,0,0,0,0,0.0017122109651026,9.79953862586748e-05,0,6.09844136533356e-05,0.00137933650036888,0.00173969309070997,0.000429730511029359,0.000114185245015687,0.000990437068778157,0.113370830110126,0.000253347215105584,0.000440466233335532,2.07516745276862,0.00157290491506211,0.172432767781934,0.000309859886079192,0.00176813947031868,0.00397711061541193,0.0480746186332128,0.006195915740935,6.16116603749198,7.15400442130581,0.00366387745449342,0.000167023733285875,0,0.000201924522199711,0,0.000183837455798369,0,0,0,0,0,0,0,0,0,0,0,9.52909464803087e-05,0,0.000107742975191845,0,0,0,0,0,0,0,0,0,0.000163487244561864,0,4.41731933401605e-05,0,0,0,0,0,0,0,0,0,0,0
0.0145307915835275,0.000618637727886132,0.0267880061940598,0.0308493671967694,2.37898202466567,0,0.365376079761707,1.92640481671817,0.0322202168129757,1.60329780010319,0.00211409421371688,1.58693634294934,0.000668466061981839,0.0529148450505127,1.30298417408218,0.000214817046744557,0.00483760542892401,0,0.000323732755132751,0.111422044492802,0.00377608845057238,0.000906186189116243,0.0184760183027916,0.16131899823489,0.00010450547926179,0.00226518405093431,0.00169212299476474,0.181653197504202,0.1769638763417,0.00698436490164062,4.40519091565272e-05,0.54689367806968,0.00168848122204801,0.0167222204348981,0.107988565835369,0.0116321081392821,0.00247955280099229,0.0247749820443869,0.0052812775646008,0.874011470927779,0.144311444410185,0.000375861223553136,0.00134957659272323,0.000571010428044585,0.000732501809205912,0.000124402092237477,0.00175821625728567,0.000109488138009844,9.89485934775516e-05,0,6.1474595861033e-05,3.06470593454643e-05,0.000651838049269419,0,0.000346865424907229,0.000708818585260668,0.000136731256250215,0.00232681024437621,0.000594634429286408,3.25568015018722e-05,0.00178247059123853,0,0.000279617801662042,0.000313162500875791,0.000280389704653512,0,0,3.00061659887563e-05,0.000156006610417591,0,0.000675683928724161,0.000677582960803483,0.00416270003034137,0,4.20403879975405e-05,0.000485613269586743,0.00122740618238078,0.000688412871958658,0.000207893570436352,0,0.000122600295820053,4.37344256610283e-05,0.000267224356430157,4.00622826802004e-05
1.47959754636654,0.00222882848417123,0.214157893334144,0.0229475615428303,0.00188578848525582,0.365376079761707,0,0.622482271548833,0.117065016015757,2.04958582395037,0.0012953600123345,0.0264193296918869,0.000997384270606074,0.739060771254095,0.0069590647327024,0.0028877310709873,0.109397324364046,0.000562742967211061,0.00497395129695089,0.00814068669002727,0.0624132994338769,0.00587270224691803,0.19378868139358,0.23894801485735,0.000109749828549863,0.0141956866657288,0.0150840491192656,2.05391556035317,0.263401229132451,2.31406256450613,0,0.00590706986560982,0.00961320860891614,0.0492396516915136,0.000278642912288128,0.0299277400330806,0.00899254933223408,0.0650421593460779,0.0152634466354238,0.00596741893365282,0.00212869783993582,0.000320125934480811,0.00299596630045909,0.00131963824426997,0.00219616888090301,0.000835450910095349,9.80867275374806e-05,0,0,0,0.000746313220870006,0.00106929849204533,0.000168255963042933,0,0.000258464870557078,0.000378282184730102,0.00022235238955808,0.00477633811216821,8.64386751979439e-05,0,3.82427402716933e-05,0,0.000127306948886713,0.000325356341444303,0.000191237937707374,0.00056742388354538,0,0,0,0.000166399603594796,0.00374579281142331,0.00281847478821444,0.00242389026585785,0,2.99788301925852e-05,0.002780254911678,0.00233998293315983,0.00049331315235397,0.000448383393915487,0,6.4658468915037e-05,0.000367679412154546,0.000419016173301534,0.000163101767450465
0.436546126366897,9.64077742135593e-05,0.17558208744307,0.0273898436864249,0.241601081911797,1.92640481671817,0.622482271548833,0,0.0303375496853493,0.830425384494017,0.00400192370310855,0.162603057289545,0.00202829702290395,2.49523020358267,0.0387543722241655,0.00066325466472762,0.0304198027996505,0.000322730304869274,0.00258188111702482,0.119994509264124,0.0235939470107363,0.000982147949018957,0.0877184738421716,0.0637951211193322,0.00104360882327405,0.0107578698398981,0.00526069302928042,0.11521334689621,0.497693442379519,0.0435414971913133,0.000648956244784884,0.846812076796376,0.00198443514956845,0.0511283344957816,0.000205089576983121,0.023597692244243,0.00532639437169958,0.0760671529676322,0.0150457676107706,0.074708560592784,0.0458893918248858,0.00166712510331413,0.00117247324986423,0.000658948699525854,0.000710909311719748,0.000114280645385509,0.00108562215858328,0,0,7.42942025920255e-05,0.000633177378590345,0.000476970139159508,9.98353232323501e-05,8.86880979824268e-05,0.000117640855723868,0.000617371117852785,0.000120857003891316,0.00176723869844068,0.000378200108664606,0,0.000657550479201474,0,0.000183454342812201,0.000243196591591111,0.000111737320505229,0.000238353898674777,0,0.000130563911773063,0,0.000115772462057837,0.000927462395953503,0.000494665421372025,0.00203162242394038,0,6.73131456500713e-05,0.000722974099410049,0.000668735879087482,0.000424281315298533,0.000114806193858971,0,0.000138725093338908,4.82138507525117e-05,0.000257502324145417,6.68017121222626e-06
0.0359875397438101,0.0667745402826812,0.0119920114650613,0.638407702711668,0.00933862658672701,0.0322202168129757,0.117065016015757,0.0303375496853493,0,0.00952176184310589,0.0096592326589937,2.06348532745306,0.0146304778065767,0.0193065145246928,0.439343570123686,0.0371991846804302,0.0284570664492656,0.00163262145143905,0.00272367941264542,0.597549903719006,0.0116423316507462,1.71378495359374,0.0101843164295626,5.3734751387932,0.0416260502610919,0.00910395400676149,0.0723812837839295,0.203886799244156,0.147132077321241,0.263954144380808,0.00606169757434738,0.00639965231342618,0.0724689901107798,0.0863008774129106,0.00122251262281376,0.294538750515458,0.0080805130203342,0.157004269137402,0.0861914938423239,1.12665167954955,0.00970811750026485,0.00238966341053694,0.0589243794373022,0.00472155409122466,0.0293055488795469,0.0148098116455914,0.0926543922253317,0.002009502128639,0.000144158535212218,0.00238961672206543,0.00550977668724081,0.000580221427104388,0.0194345276445614,0.00339730726012628,0.0157388097247272,0.0105657964736252,0.00582619577080505,0.498743031011935,0.0305010704870817,0.00117760136894043,0.0551029128616703,0.00160018054309573,0.00472629749477716,0.0144929216663409,0.0169348044681525,0.000872617843692258,0.000154480572806629,0.000915227875581136,0.024000844256126,0.0024189325738918,0.283072697496925,0.00320292135071512,0.143895860982056,0.0010128119368179,0.0016807145368777,0.00347088464336202,0.0665676883752069,0.0179606859149989,0.0153123676090295,0,0.00333229711258733,0.00581447743510744,0.0105631102991331,0.000500603479267347
0.0768194027726429,0.000595509735061905,0.0142925863633844,0.951442628179463,0.00214756662350097,1.60329780010319,2.04958582395037,0.830425384494017,0.00952176184310589,0,0.00222208933530081,1.24203277051437,0.00211137969719085,0.103197929891168,0.00831364920579444,6.37157976753908e-05,0.0026194666128015,0.000129639879424414,0.000207931542318296,2.36992571448714,0.00372111048249622,0.000724934311596426,0.0124469340139384,0.188007369042034,0.000275474672962501,0.00151072718319883,0.00102900730451793,1.79904063220501,0.106024892561111,0.0071659843717723,4.07162108844333e-05,0.00944838655700973,0.00300508619405492,0.0510283326680206,0.00164808583329188,0.0507099362309727,0.00400676919330267,0.067380165415778,0.0144118748950122,0.00981421809820613,0.00490041714114347,0.00031730923582351,0.000777833419819461,4.34647803194672e-05,0.00165877214013099,0.00034604686785748,0.000668473056485059,0,0,0,0,0,0.00044519175365573,0,0.000582476740772097,0.000774378514187721,0.000445680979271246,0.000308584652081788,0.000903382054402784,0,0.000909575845903022,6.23456899902046e-05,0.000249366852040828,7.62212755830299e-05,0,0,0,0,0.000864400364030894,0,0.000389545292065002,0.000115351844590214,0.00337907592217678,0,0,0.000251285291758392,0.00142879234321221,0.000751311091581495,2.2019899451774e-05,0,0,0,0.000484819068568451,5.76901147320043e-05
0.000724569513847513,0.0316520309088302,0.0333280242016501,0.000314998772018997,0.0075842622615061,0.00211409421371688,0.0012953600123345,0.00400192370310855,0.0096592326589937,0.00222208933530081,0,0.00262941634184088,2.6092561855871,0.00442589338997085,0.000320809541994797,0.0014765411925822,0.100372045943411,2.06917993234998,1.36062584021195,0.00145883563506625,0.00154910076003792,0.0359880909919576,0.00834696275952643,0.00205487387190727,0.717020103180322,1.27259161617556,0.178795748076091,0.00124971515600856,0.0273265444983859,0.00163196141510981,0.605764866906197,0.0457901543282247,0.000842845736638481,1.74651964466389,0.000296220234781119,0.0421696349801241,0.278225267508629,0.677194748609648,0.0194424912112919,0.00153841399042994,0.0339481834185968,0.430205369499177,0.000341565204716258,0.0039330192321991,0.00143719859073668,0.0005146443205026,0,0,0.00104463873947515,0,0.00305361188844076,0.000696233344310105,0,0,0,8.5012935143287e-05,2.56591032413603e-05,0.000313691975470369,8.26041170564392e-05,0.00923842643983629,4.31480231957203e-05,0.0358710252365927,0,0.000554327988416381,6.01493472290201e-05,0.00041041844556845,0.000906112703587504,0.00243103740838179,0,0,0.000983758464953974,0.000273453377706769,2.66451101406913e-05,0.0232681518682065,0.0131232519262716,0.00831361226228573,8.54316344687744e-05,2.75900198259539e-05,0,0.0025391337513705,0,0,0.000330997056831985,0.000208366193171885
0.00525786390802264,0,0.000822350600256975,0.438213319550043,0.00869854197952283,1.58693634294934,0.0264193296918869,0.162603057289545,2.06348532745306,1.24203277051437,0.00262941634184088,0,0.00121310463175224,0.0519348071758427,1.14397671212524,0,0.000148559838032974,0,0.000525637511838314,6.77790888239267,0.000210676894661242,0.00037079968428994,0.000253948370465829,0.268985764433022,0.000332068585788141,0.000509063769443219,0.000279805341877565,0.0957807144752859,0.110054906445269,0.000947612701361307,5.04825937897892e-05,0.028377515583731,0.000874144412504069,0.0443927023534237,0.17020840329903,0.0317250780935911,0.00245528662669994,0.0580147820955087,0.00709588022232006,0.585086608331578,0.00543571012220119,0.000564472373964847,0.00650796244052681,0.000156383013582799,0.00251373767047754,0.00112035250477825,0.0334584097999793,0.00046245222168603,0,0.000332257457725127,0,0,0.0036277563680146,0.000574886676439073,0.00380249719364543,0.00163253236335969,0.00173464629084658,0.0120918239721359,0.0110038529525281,5.90146408518911e-05,0.0506143582130905,0,0.00131338651256586,0.00289413119665394,0.000115800804862537,0,0,0,0.0270323628768729,9.74406421648776e-05,0.000151487600502889,6.56095140137728e-05,0.0264879909809368,0,0,2.45187451180552e-05,0.00506451540715128,0.00247039427238467,0.000216561907059473,0,0.000375205762875624,0.000207147916882497,0.00100283604145695,0.000400842871143598
4.81891470979431e-05,0.0335806807664639,0.00352512170530229,0.00135953496571528,0.00308339218910456,0.000668466061981839,0.000997384270606074,0.00202829702290395,0.0146304778065767,0.00211137969719085,2.6092561855871,0.00121310463175224,0,0.00104285342935248,0,0.00262132973597842,0.00217474609085117,0.0227490128977257,0.00877173244892944,0.00134887284994899,0.00264080512837371,0.0585183651158932,0.00533769766441908,0.00338194663911105,1.74736023544018,0.266650000375736,0.556207165837584,0.00348449623155553,0.0111521593315442,0.000753471217685833,2.24194922771006,0.0175301980461316,0.000158379750137213,0.156852899159549,0.00125323761488405,0.397067210770498,0.236595628168551,0.551340188429859,0.39183813081337,0.0493565807510028,0.159482201696247,0.792582120955578,0.0047645342374884,0.0201310704052768,0.00627401703746419,0.00647243695549609,0.000232536745901657,0.00174310662495431,0.00952490719452401,0,0.00140623472566128,7.23237700418697e-05,0,0,2.78726782558828e-05,0,0,5.43625010273434e-05,5.22806360892985e-05,0.0439080740498641,0,0.170449492649627,0,0.000932458388327225,4.81215253661051e-05,0.00012711649539692,0.003020194442842,0.00059367406462139,0,0,0.000707922379823982,0.000409350445686699,0.000116471656930451,0.0794566897047376,0.0178932148688698,0.0167372641181187,5.74920864761322e-05,7.13294816464215e-05,0,0.00575046756136887,8.43408603668798e-05,0,0.000574785057173545,0.000669098135270518
2.41757775127399,0.000486760150226084,0.0535560771226347,0.0149894475440888,0.00801488860246629,0.0529148450505127,0.739060771254095,2.49523020358267,0.0193065145246928,0.103197929891168,0.00442589338997085,0.0519348071758427,0.00104285342935248,0,0.00133401071797235,0.000149232681510229,0.0176300580198115,0.00051064982150051,0.00182983263973728,0.0474453977713223,0.00429658303762348,0.000465176995127391,0.0209001074143292,0.0309198374519011,0.00110299081939478,0.00451916563792847,0.00264038116429126,0.0354411761106286,2.48292216932501,0.0289615111312829,0.000169534353433927,0.102397760106109,0.00320312815072802,0.132456785875639,8.12479896985174e-06,0.0131561082135891,0.00458439638089738,0.0659430666719742,0.00898126463878051,0.010766816017302,0.0050624123699181,0.00108853965463649,0.000440711148531359,0.000242074874537051,0.000551265044520573,0.000116776400154199,0.000262926507458759,0,0,8.13003463392466e-05,0.000137609426959646,0.00028041998739527,0.000154853734672085,0,3.69143111942675e-05,0.000209010244082032,9.63315557293322e-05,0.000445922499898091,2.59283350028971e-05,0,0.000306870019853369,8.95906584801871e-05,4.54825725202156e-05,0,0.000113542249150118,7.71635342275783e-05,0,0,0,0,0.000229101698256075,7.75792367168791e-05,0.00127230636853449,0,7.55298660590144e-05,0.000364954984604536,0.00085570397795407,0.000200429582059109,0.000309669775921209,0,0,0.00012359185513663,5.75272449119513e-05,0
0,0,0.000664396837918304,0.00144952409180246,0.567213430890777,1.30298417408218,0.0069590647327024,0.0387543722241655,0.439343570123686,0.00831364920579444,0.000320809541994797,1.14397671212524,0,0.00133401071797235,0,0.000806972427537384,0,0,0,0.0337485948450385,0.000944880854224471,0.00324857090171188,0.00471720083964184,0.012607847932778,0,0.000209303635416231,0.000732935336610502,0.00360865503313921,0.0153993873363313,0.000282682577301106,0,0.0253351724940006,0.000220965259531327,0.00134688014655986,0.097054579084639,0.00746521260283433,0.00821573592435702,0.00364385137173561,0.00522506102060086,1.61939564058561,0.0946754804595517,0,0.00104504714556241,0.000812449530029208,0.000163335074242592,0.00189499949663617,0.00192228541669179,0.000157531423309779,0,0,0,0,0,0,0,5.29984274946923e-05,0.000199746725086561,0.000803398035292315,0.000437191026510896,0,0.000792897673686847,0,5.34077717148059e-05,0.309291797584361,0.00100749574965513,0,0,0,0,6.03516814285518e-05,0.00173807064676689,0.000325020678284481,0.000952321710723009,0,0,0.000171806554768737,0.000161885467183705,0.000105326009688855,0,0,0,0,0,0.00860233234319504
0.000413305781135473,0.0322452111588447,0.0210237332791994,0,0,0.000214817046744557,0.0028877310709873,0.00066325466472762,0.0371991846804302,6.37157976753908e-05,0.0014765411925822,0,0.00262132973597842,0.000149232681510229,0.000806972427537384,0,0.0320230744051195,0.0009398941869987,0.0048627492070991,0.000252550600389395,0.275011638006996,2.85103346399748,1.95809437618079,1.54117347448198,0.00396067854855757,0.00664873237216675,1.09752143920972,0.135158927139426,0.002614234721657,0.0324816508420123,0.000119162858838295,0.000214663414432666,0.00523333214176764,0.0422858069937734,0.00297771744354957,0.157299650242208,0.148727168009485,0.123089523971873,0.0488270460858714,0.00473294525033662,0.00221910072384997,0,0.0181871065447604,0.0324835799530767,0.0156470703598444,0.012696946563671,0.000328206583667598,0,0,0.000165890127614683,0.010032489537957,0.00527390011348093,0,0,0,0.000474643481966822,0.000331106236486391,0.000239296910309713,0,0.000212472077670291,0,7.84112450810319e-05,0.000317008853094979,0.00389005846058976,0.0570937224059657,0.00187661235031543,0,0.000195501593041618,0.000114644409614043,0.00369503788994594,0.144804132625917,0.036943334584795,0.0044364638300107,0,0.000542641070340449,0.013602320035349,0.00681478414877674,0.000264763592105336,0.00182192064970155,0.000175787762575746,0,0,0.00162448726687146,0.00128250040023301
0.0692725991050425,0.206545456081844,0.605793746532263,0.00183040841219397,0,0.00483760542892401,0.109397324364046,0.0304198027996505,0.0284570664492656,0.0026194666128015,0.100372045943411,0.000148559838032974,0.00217474609085117,0.0176300580198115,0,0.0320230744051195,0,0.045240304483801,2.38137979791119,0.000314418733689856,0.0960771845230142,0.0556860626114064,1.49183237064427,0.0347386609937475,0.0126395145713765,0.541048299762155,0.315737963722325,0.0408491536317613,0.0883469286342498,0.148734828779646,0.000834160757514174,0.0014346332364494,0.0454606503621205,0.766592906451292,0.000599360948757932,0.0492175743003907,0.0978251997583172,0.161303902351937,0.0193758711242464,0.00106329980059811,0.000307508418251135,0,0.00770328063428969,0.0118685038153969,0.0124392725194022,0.00447068445823624,0.000174307836207355,0,0,0.000627134218023823,0.0571398602703092,0.0225894308833951,0,0,0,0.000412955571553025,0.000166346703278636,0.000450121474463061,0,0.00038932072496542,0,0.000908827105662365,0.000586870652786019,0.0021402725284518,0.00267080985694312,0.00886671856970899,0.00106625358966009,0.00779151880884601,0,0.000433690911476451,0.00664958515831246,0.00229419475055759,0.0010155207639734,0.0027414380990727,0.017777529343307,0.0199173161849228,0.000750484254906536,0.000238710993347564,0.0009139045049235,0.000155081317516247,0,0,0.00131750784584291,0.000417168950967472
0.000925995174699042,0.015238298907833,0.0110886167840088,0,0,0,0.000562742967211061,0.000322730304869274,0.00163262145143905,0.000129639879424414,2.06917993234998,0,0.0227490128977257,0.00051064982150051,0,0.0009398941869987,0.045240304483801,0,2.85482954676186,0,0.000282333577093679,0.00863730405824807,0.00259724151394731,0.000320361876990178,0.0426070951228058,1.02111533971883,0.0507303797372259,0.000139303723082173,0.00175157767490632,0.00133707044709613,0.0347372429878585,0.00154399893560655,0.000228424059919168,0.0417060052547261,0.000114330218593624,0.0137384742207829,0.0659257485822961,0.089209266245044,0.0115074959282586,0,0.000497729797643469,0.00456326245267082,0.00053022481130309,0.000651621298363419,0.00113399213083426,0.000740970552980519,0,0,0,0,0.00167446134080833,0.000322748361401191,0,0,0,0,8.11896253468114e-05,0.000546511856281177,0,0.00107096122197265,0,0.00855249512444765,0,9.82746496608132e-05,0,0.000210484159599676,0.00145133259536665,0.00176423247573415,0,0,0,0.000179338659851436,0.00011251230086226,0.0183002793947496,0.0099872476280336,0.00814746730701442,0,0,0,0.00176273749407156,0,0,0.000495660484877216,9.50827261745753e-05
0.00432719119198496,0.0720369125908739,0.0400525505724516,0.000114873624518872,0,0.000323732755132751,0.00497395129695089,0.00258188111702482,0.00272367941264542,0.000207931542318296,1.36062584021195,0.000525637511838314,0.00877173244892944,0.00182983263973728,0,0.0048627492070991,2.38137979791119,2.85482954676186,0,0.000373860893938245,0.00669832697616878,0.0164712214642951,0.0282506802552692,0.00339107674456966,0.081727919475643,1.24176890355288,0.124267282535673,0.00382232305575278,0.010493610596109,0.0121556580236689,0.0128795714446332,0.00299447191589243,0.00552917576530708,0.715262338116122,0.000245238901887019,0.0249061909489349,0.0519565108814716,0.224530199753371,0.0126812122104209,0.000289731147468934,0.000688596186855508,0.00115259215417275,0.00178531304952755,0.00425783795593423,0.00364237635323457,0.000644073056086123,0.000127258775924439,0,0,0.000109228636676446,0.0132873330430814,0.00161042184581189,0,0,0,3.3827110005161e-05,0,0,0,0.00131873261808326,0,0.00240394003810181,6.69151166708829e-05,0.00184266995239469,0.000379548652914192,0.00179131353221039,0.00182963291282567,0.00812726677153563,0,0.00031058169524246,0.00128014028110392,0.000995289760202574,0.000266136076983742,0.0275782391376307,0.0217843921520267,0.0106724825260747,0,0.000157820297310204,0.000286684145780519,0.00021310398088055,0,0,0.00123319662835095,4.85786733220365e-05
0.0300964303318498,0,0.00111672779923401,10.9350958042551,0.0017122109651026,0.111422044492802,0.00814068669002727,0.119994509264124,0.597549903719006,2.36992571448714,0.00145883563506625,6.77790888239267,0.00134887284994899,0.0474453977713223,0.0337485948450385,0.000252550600389395,0.000314418733689856,0,0.000373860893938245,0,0.000332892779818057,0.000242275561714696,0.000712199067089226,1.56757396529463,0.000985787887001958,0.000294936355389771,0.000246082405295334,0.381999833039562,0.0910468007467134,0.00167693520837118,0,0.0108853023404611,0.00661007656009894,0.0418187346052091,0.000624066456837562,0.0423702718754999,0.00495372486951797,0.0657222026493401,0.018961371352596,0.0211205544948047,0.00718609500682953,0.00235779526202199,0.00142873103117155,0,0.000948354879754308,0,0.00463329781490915,0.000612691374110225,0,0,0,0,0.00183202270508965,0.000125643253127467,0.00163474881566212,0.000750478238794645,0.000634749134577478,0.00293200850398271,0.00384517335035884,0,0.00458809557166861,0.000307065124676133,0.000333649279780379,0.00119114350648338,0,0,0,0,0.00213983440070914,0,0,0,0.00665800927271838,0,5.66435608424505e-05,9.88053735204815e-05,0.00249804279161688,0.00133916597267495,0,0,0,0,0.00016212496951088,4.62925412646881e-05
0.00960479262261595,0.00139897677033164,0.106774705920999,0.000915807335564272,9.79953862586748e-05,0.00377608845057238,0.0624132994338769,0.0235939470107363,0.0116423316507462,0.00372111048249622,0.00154910076003792,0.000210676894661242,0.00264080512837371,0.00429658303762348,0.000944880854224471,0.275011638006996,0.0960771845230142,0.000282333577093679,0.00669832697616878,0.000332892779818057,0,0.0841082166077072,5.22675881606976,0.0505816613249003,0.000198587769417917,0.0057909724014781,0.0261778092435861,0.946205982672233,0.0308296443071284,1.64885831061692,4.67610779271758e-05,0.00081003600879957,0.209247136596907,0.677071374290401,0.0102496990717135,0.235844776061532,0.0885840157594422,0.372408376781334,0.0980161045935058,0.00608579343110275,0.00239189905962023,0.000115156891028587,0.00457217529439954,0.00232086236354211,0.00151188881715193,0.00100825899543082,0,0,0,8.25856686466949e-05,0.000974988098474474,0.000414520775666552,0,0,0,0.000102095206244208,0,0.000280614061266123,1.87713532476644e-05,0,0,0.000109523935864506,0,0.00788185645693869,0.00435906567589479,0.000327147706527334,8.65010991948391e-05,0.000147014915621231,0,0.000996660203690711,0.0127599723133657,0.00498914505171463,0.0018235459997705,0,0.000130443462116664,0.00216656278853771,0.00212512492880405,5.56875410118087e-05,0.000129608125448127,0,0,0,0.000247470292187961,0.00281241625225706
0.00229911869404365,0.926838416753561,0.0333015583463544,0.000802340162880576,0,0.000906186189116243,0.00587270224691803,0.000982147949018957,1.71378495359374,0.000724934311596426,0.0359880909919576,0.00037079968428994,0.0585183651158932,0.000465176995127391,0.00324857090171188,2.85103346399748,0.0556860626114064,0.00863730405824807,0.0164712214642951,0.000242275561714696,0.0841082166077072,0,0.291923593776234,1.21235225202913,0.246421609516484,0.0335793184419311,0.683699467185008,0.0341598780983113,0.0108804381095887,0.0565292356025481,0.0390022147762404,0.00110849217576684,0.0131472869423771,0.0765321469923406,0.00731760357598786,0.341829864873336,0.386355969809824,0.294936324831785,0.145722535571251,0.0145290087146577,0.00642178774136906,0.00997253018805755,0.034204288723807,0.057199446112482,0.0273839965512884,0.0159381489581098,0.00237385022000466,0,0.000143480619505735,0.000423227253292399,0.0548366102517861,0.00982766361812866,0,0,0.000245417867014528,0.000865069923092973,0.000580770700670383,0.00194299711930435,0,0.00180570955305354,0,0.00548477974394791,0.000160538380782442,0.00942104360407952,0.184744212461088,0.00663895819502105,0.000102877767206817,0.00175046078376127,0,0.0103484357281627,1.04896653188707,0.0965452155950938,0.00647128787003278,0.00501555789377015,0.00435113388368305,0.0380986099272514,0.00462121875771379,0.000305546545210553,0.00109540696313814,0.000428120518518872,0,0.000292882873590306,0.00198409976692595,0.00309675154692355
0.0488040945336535,0.0155535123104469,2.84979528472822,0.00106210999780832,6.09844136533356e-05,0.0184760183027916,0.19378868139358,0.0877184738421716,0.0101843164295626,0.0124469340139384,0.00834696275952643,0.000253948370465829,0.00533769766441908,0.0209001074143292,0.00471720083964184,1.95809437618079,1.49183237064427,0.00259724151394731,0.0282506802552692,0.000712199067089226,5.22675881606976,0.291923593776234,0,0.0925085846467065,0.000876466595023579,0.0608112048156753,1.2806415276065,0.449363503037495,0.228820462236673,0.276269390385223,0.000394707230580004,0.00243152815468806,0.134844260232221,0.46986075113963,0.02361394055782,0.482837657555971,0.405991998215414,0.69068474486756,0.161268558494875,0.0165498214092262,0.00574334352878235,0.000621078126010699,0.0251725616492775,0.0357597937639487,0.0216578514022999,0.0116637330307584,0.000186048640232351,0,0,0.000180820255505629,0.00872919645039965,0.0162754403590317,0,5.10358630945269e-05,8.51126592831116e-05,0.000914555805346553,0.000470712150735297,0.000689984594280838,4.22627033560548e-05,0.000342720999798765,0,0.000120826056605979,0.000870644456200376,0.0152140975482335,0.0345125790755521,0.00333189760213918,4.279792120429e-05,0.000817140364021295,0,0.00270094900040509,0.0852243360391083,0.078094865846801,0.00272946160777555,0.000707589324176541,0.00174110631940797,0.046984269960271,0.0036092033000974,0.000434807750617456,0.00117475872909814,0.000104088621146222,0,0,0.00152097407594772,0.00966721503668924
0.0301595901135398,0.0217106252089889,0.0322979154514231,5.71827401132715,0.00137933650036888,0.16131899823489,0.23894801485735,0.0637951211193322,5.3734751387932,0.188007369042034,0.00205487387190727,0.268985764433022,0.00338194663911105,0.0309198374519011,0.012607847932778,1.54117347448198,0.0347386609937475,0.000320361876990178,0.00339107674456966,1.56757396529463,0.0505816613249003,1.21235225202913,0.0925085846467065,0,0.00199145810766856,0.0109459158407688,0.157969102822933,2.26784237997326,0.161201709041594,0.219992431927939,0.000227877090959122,0.0065194925370947,0.0316273341736912,0.0977146180491945,0.00201418838369787,0.1409635693691,0.0227110386524904,0.173640167178282,0.0553019627309872,0.0781228406254056,0.00501235650271767,0.000387017295548525,0.0491607152460609,0.00626524255361706,0.0438067321709,0.0141670038499169,0.0158581872871543,0.00193279605728695,0.000517830339859357,0.00288472194261207,0.00977765968079561,0.00578468940024856,0.0459420483812814,0.00113195662970232,0.0196082559517536,0.0270626017020111,0.012737930283352,0.086495636179996,0.0446913505842863,0.000738477190080356,0.0265065227281966,0.000472059596611897,0.0114274513961161,0.00612376236092948,0.0114439528131596,0.00209635177819207,0.000199320181537763,0.000453397097295069,0.0214710882870378,0.00339508407696089,0.0366582498163977,0.00648795438307977,0.141087907130409,0.000189215287745176,0.000355948136368095,0.0100053048382543,0.0729795257233099,0.0265548105017027,0.0090806004560146,0,0.00426553351424809,0.00209772904893179,0.0141635227165139,0.00097405308459325
0.00100216581742703,0.478936979939776,0.00721564262875104,0.000269702616008463,0.00173969309070997,0.00010450547926179,0.000109749828549863,0.00104360882327405,0.0416260502610919,0.000275474672962501,0.717020103180322,0.000332068585788141,1.74736023544018,0.00110299081939478,0,0.00396067854855757,0.0126395145713765,0.0426070951228058,0.081727919475643,0.000985787887001958,0.000198587769417917,0.246421609516484,0.000876466595023579,0.00199145810766856,0,0.224820310796608,0.613140924077396,0.000211753883668437,0.00423304882990245,0.000573500369791624,0.370938298820538,0.0135456673718805,0.000144976824723975,0.109517336886897,0.000205192143701742,0.106381629043505,0.546581441485729,0.347115486705356,0.056472514797132,0.00185532880774363,0.0198979828447053,1.2936138060851,0.00364628747156607,0.124897508285225,0.0481724089762697,0.00506464937090238,0,0,0.139788437796266,0,0.0200364058925191,0.00269777401479951,0,0,2.96057053503333e-05,0.000165287588217729,6.64179695652493e-05,0.0013502578058054,0,0.181925273050042,0,0.459644610917372,0.000112054965361146,0.00261428120393435,0,0.00286514855889452,0.0222008199791466,0.0388028469743775,0,0.000468840746133339,0.00112606571180906,0.00053866070559915,0.00015202657097768,1.71872122989368,0.168238214876824,0.0756493168944372,0.000277236425303993,0.000209068072562371,0.000944092689041619,0.021141104649786,0.000399246956775574,0,0.00741976695659579,7.09238718260868e-05
0.00813672511825975,0.22641950122902,1.71166506401245,0.000803100131186308,0.000429730511029359,0.00226518405093431,0.0141956866657288,0.0107578698398981,0.00910395400676149,0.00151072718319883,1.27259161617556,0.000509063769443219,0.266650000375736,0.00451916563792847,0.000209303635416231,0.00664873237216675,0.541048299762155,1.02111533971883,1.24176890355288,0.000294936355389771,0.0057909724014781,0.0335793184419311,0.0608112048156753,0.0109459158407688,0.224820310796608,0,1.33158243858297,0.00679298100183359,0.00944402178662795,0.0121118228766674,0.49535171413837,0.00174518566646145,0.00197219042123151,0.169983633506904,0.00059817075071754,0.0671679873394355,0.167232448595946,0.232997448352248,0.0231876274866184,0.000296864655825318,0.0011803213534318,0.00504594041347514,0.00625901010683745,0.0146799027722374,0.0180498909094825,0.00269962764430703,0,0,6.4897026076241e-05,0.000190559614046562,0.0487139898548726,0.00683589021978454,0,0,0,0.000513650498612534,0.000135655333071121,0.000287312695948814,0,0.00899522824284053,5.31964286105621e-05,0.0432266716159108,0.000108926361593422,0.000791521848327646,0.000161584554860681,0.00529611728907693,0.00839483205727301,0.0322228185731824,0,0.000329134723529657,0.00137825143616219,0.000987176208995929,0.000173507595800898,0.0798712396784769,0.142306478793732,0.079422425167169,0.000149820154336682,0.000415736343537299,0.00108346326323514,0.00310738904339208,0,0,0.00508470232641443,0.000774398684631183
0.00456419386886058,0.712493890757854,1.3208389954295,0.00041700252380558,0.000114185245015687,0.00169212299476474,0.0150840491192656,0.00526069302928042,0.0723812837839295,0.00102900730451793,0.178795748076091,0.000279805341877565,0.556207165837584,0.00264038116429126,0.000732935336610502,1.09752143920972,0.315737963722325,0.0507303797372259,0.124267282535673,0.000246082405295334,0.0261778092435861,0.683699467185008,1.2806415276065,0.157969102822933,0.613140924077396,1.33158243858297,0,0.0915415321919889,0.00550599057367116,0.0108142507911304,0.501962088572033,0.00128016143990255,0.000921281755870387,0.274758588346903,0.00964451615393397,0.382981267552156,0.263160712243454,0.670703219403354,0.0520567679287356,0.00195987465451773,0.000823127446693328,0.00929171254093639,0.0316454058799907,0.0373914804930063,0.0343593510477404,0.0097795795091857,0.000185865751706888,0,6.24165316157601e-05,0.000538070531441562,0.139385576885895,0.0643128541175232,0.000101215441137503,0,6.11831384652594e-05,0.00265673247741607,0.00128135776999513,0.000477363699292088,8.6753662425391e-05,0.0106752686815594,0,0.0553548137952474,0.00162490947574899,0.00740331467151843,0.00629864114789026,0.0220447773703851,0.00466329066249306,0.0254281250025051,0,0.00222045313286722,0.0602268964414498,0.0316678654685806,0.00307668401623673,0.0591535132251416,0.129736633874874,0.196924070072224,0.00164601349639406,0.000756307422818818,0.00253996590769124,0.00424131129123403,2.15521272101289e-05,0,0.00645278671410882,0.00607049582941748
0.0353547517420384,0.00414527702527814,0.0731410926979777,1.70171278490451,0.000990437068778157,0.181653197504202,2.05391556035317,0.11521334689621,0.203886799244156,1.79904063220501,0.00124971515600856,0.0957807144752859,0.00348449623155553,0.0354411761106286,0.00360865503313921,0.135158927139426,0.0408491536317613,0.000139303723082173,0.00382232305575278,0.381999833039562,0.946205982672233,0.0341598780983113,0.449363503037495,2.26784237997326,0.000211753883668437,0.00679298100183359,0.0915415321919889,0,0.119220030623894,1.2568661537057,0.000304966106642234,0.00421031033665405,0.0314911471510654,0.162082725699402,0.00661163766106718,0.20332484255893,0.0191778310039307,0.247086234165687,0.0770867120464108,0.00477534469742542,0.00542218825521631,0.000495645147346275,0.0183967219377438,0.00301023754833965,0.00573138697161928,0.00244702396509714,0.0010722613958663,0,0,0.000138778828046634,0.00217922024510709,0.00286471876114421,0.000349169279286644,0,0.000693362225249882,0.00128614292388626,0.00072323467186759,0.0133987148281671,0.000846069614155488,0.000182145695186669,0.000970071069557271,0,0.0010976133784904,0.00205798461226618,0.00660704807340563,0.0010004221532639,9.06215382618066e-05,0.000108906182264645,0.000133218565676669,0.00150315452065552,0.0192487209638153,0.0042170562806646,0.0143587098857774,0,0.000276134100504187,0.00443896031706139,0.0204481287554933,0.00557328250659012,0.00554651590110573,0,0.000202409531254446,0.000981538855734242,0.00365264771765684,0.0017388424667628
