0,0.000236761199386636,0.0817828892123835,0.00013583431778731,0.00382666491314689,0.00874262777254387,1.70858313291372,0.363071219281773,0.00255052564995491,0.00385919427069537,0.00354271172073786,0.00128176374852103,0,3.76690709946381,0.000190852087854318,0.000768314093881495,0.176291335545499,0,0.0104835815650553,0.0195474679909822,0.0276803850239111,0.000137937746931271,0.0480687962710852,0.00622458323567987,0.000162238914058616,0.0206893071566082,0.00107365765666472,0.0933211755820164,2.02842498710661,0.991150107794452,0,0.0268291274575721,0.923652753824111,0.276576338667915,0.000192853549401968,0.00546259469275476,0.000804495203475761,0.0333918927928381,0.0131602011189035,0.0165821173582486,0.0183488525384934,0,0,9.52675392742715e-05,0,0,0,0,0,0,0,0,0,0,0,0,0,0,0,0,0,0,0,0,0,0,0,0,0,0,0,0,0,0,0,0,0,0,0,0,0,0,0,7.89184366594678e-06
0.000236761199386636,0,0.00107990674539545,0,0,0,0,0,0.108132918044342,0,0.000725649362292132,0,0.000282449081216145,0,0.0010502138934638,0.0626890353126456,0.00131783906259064,0.000529278889788981,0.0335101367173991,0,0.000779857423577114,1.68135896782426,0.00173102002121874,0.054211531436534,0.386575416395102,0.166864037230477,1.14067596894223,0.00308757084753169,0,0,0,0,0,0.000238312694329119,0,0.000251009237017732,0,0.000495009871468499,0.000829724355231772,0.00164619594111767,0,0,0.00063154652089418,0.00431142785108662,0.0023322644713082,0.00146862313958128,0.000842716491162611,0,0,0,2.98303438847672,0,0,0,0,0,0,0.00233753394459146,0,0.000125296244636604,0,0.0026122595992706,7.97321762631034e-05,0.000295633353003836,0.00980977406007515,0,0.00191387170284046,0.00537579981527907,0,0.000106357458264439,0.462375359577585,0,0.00139475611693166,0.792516706853694,0.0175231627537947,0.628211685670161,0.00032039787971483,0,0,0,0,0,0.000169857340049925,0
0.0817828892123835,0.00107990674539545,0,0,0,0.000310216006150915,0.241436096659102,0.0213573357535605,0.000407049533058266,0.000415859739773828,0.00338192176426989,0.000227696955491827,0.00116989208744782,0.0305763910711891,0.000236321287462538,0.00785707707529719,1.55526596542738,0.00147282447560433,0.0275129860558215,0.000225744772308783,0.39827422349534,0.00108125031060946,2.67899210481928,0.00912510374026875,0.00104609442526884,2.29069310112986,1.64573116303361,0.0995978777257987,0.0131541695371663,0.162204612141052,0,0.000257605984188732,0.00546224843513183,0.183203829221419,0.00323731219596611,0.0409294381979419,0.0208919874530409,0.147932531466226,0.0849666452596981,0.0104471514989526,0.00416200516460986,0.000465429389039235,0.000751791729694095,0.000435845298739916,0,0.000739207471362172,0.000349694063865147,0,0,0,6.52802996378328e-05,0,0,0,0,0,0,0,0,0,9.9011325522219e-05,0,0,0,0.000222214025497058,0,0,0,0,0,0.000280137844372603,0,0.000131735899908992,0.000301639311181798,4.67187528700015e-05,0.000214946656370021,0,0,0,0,0,0,0,0.00224036727218286
0.00013583431778731,0,0,0,0.000164692458542931,0.0121126512950914,0.0232788918770574,0.0029829826284131,0.122430340978383,1.00184139523719,0,2.18472735071887,0,0.00136698230913269,0.0246383832729357,0,0,0,0,8.74024191938691,0,0,0,4.93014413225408,0,0,0,1.88413111397654,0.000815838399530477,0,0,0.000430175579115696,0,0.000734901834825556,0,0.00010976603923434,0,0,0,0.00253819777148552,0,0,0,0,0,0,0,0,0,0,0,0,1.05105371052712,0,0,0.000260105718126112,0,0.000197049459930371,0.00322190903366028,0,0.217927701125042,0,7.58286505688627e-05,0,0,0,0,0,0.115781951432636,0,0,0,0.173792984147544,0,0,0,0.00524893537852703,4.73236029804244e-05,0,0,0,0,0,0
0.00382666491314689,0,0,0.000164692458542931,0,3.13397521492203,0.000409668549903284,0.138512748341196,0.00226205055583489,0.000117285936906411,0.00309047884480613,0.000488388355293284,0,0.0121034527102231,0.76850042089349,0,0.000350390923441225,0,0.00054506206796659,0.00318687775242872,0.000221018844689056,0,4.45756598631726e-05,0,0,6.147085166498e-05,0,0.000212630295781293,0.0545067649077947,0,0,5.1506512813199,0,0.0997666140750452,0,0.00020978367060647,0,0.00561361107670996,0,2.68664273324166,3.94940238274032,0,0,0,0,0,0,0,0,0,0,0,0,0,0,0,0,0,0,0,0,0,0,0,0,0,0,0,0,0,0,0,0,0,0,0,0,0,0,0,0,0,0,0
0.00874262777254387,0,0.000310216006150915,0.0121126512950914,3.13397521492203,0,0.180665734595159,2.45571312210948,0.0050411768028736,1.18325883007686,0.0021996160062415,1.01453297610204,9.6047380867513e-05,0.431839718269687,0.990984160058326,0,0.000553878196257488,0,0.00152250518801845,0.812297136753683,4.15653331897834e-05,0,0.000412680885917935,0.0282883699488624,0,0.000413207567385362,0,0.0635885087790908,0.205101449949843,0.000814960046950326,0,0.658707670718256,0.00162824419868077,0.0697335604171379,0.135123206155355,0.000774011389937003,0,0.00635358741367829,0.00139910390894517,0.565772013465904,0.251738050895464,0,0.000115198567604603,0,0,0.000869077004057861,0,0,0,0,0,0,0,0,0,0,0,0,0,0,0.000286078538943428,0,0,0,0,0,0,0,0,0,0,0,0,0,0,0,0,0,0,0,0,0,0,0.00112894717041525
1.70858313291372,0,0.241436096659102,0.0232788918770574,0.000409668549903284,0.180665734595159,0,0.820297813143932,0.002789812055569,2.89415065156569,0.00220221143791906,0.00209890160653165,0.000425851459289801,1.97911226889349,0.00440605585183032,0.000679096526891388,0.132774525076459,0.000448755530512011,0.00866141901413434,0.192118358991182,0.0985829692253204,0.000153118210189074,0.219115983457459,0.258692706640585,0.000166832237134748,0.0373289872198437,0.00364267643649272,3.92421148966903,0.223692001718457,2.33723918917882,0,0.0125379215047184,0.0465565548047598,0.238538626412347,0.00161394264110217,0.0239136831765754,0.00232233253084716,0.0686476685062337,0.0289147169207745,0.0385946197283724,0.0180138049071003,0.000130286890276998,0.000548127910922573,0.000617248476241519,0,8.78993941178571e-05,0,0,0,0,0,0,0,0,0,0,0,0,0,0,0,0,0,0,0.000287186346131243,0,0,0,0,0,0,5.79366741984295e-05,0.000327766581501411,0,0,5.66108072656175e-05,0,0,0,0,0,0,6.82156383020396e-05,0.000410380489650154
0.363071219281773,0,0.0213573357535605,0.0029829826284131,0.138512748341196,2.45571312210948,0.820297813143932,0,0.000249322595655063,0.363471537201478,0.00455429350000186,0.0169351524746,6.88843052708051e-05,2.70733220763467,0.0102708910590631,0,0.020394579370052,0,0.0039964696868511,0.287417505953613,0.00712763561208995,0,0.0139485865385375,0.00480308579890349,0,0.00629435377774822,0.000356243331228654,0.0379016737465143,0.295151979063852,0.02339956407868,0,0.857515028108931,0.00169737575704389,0.169332946540144,0.000263552685028486,0.00359766242107009,0.000652290544933288,0.0203255103062805,0.00384237447998538,0.0202504822830659,0.0420869374296504,0.000102431827777184,4.59629718307375e-05,4.61678173380251e-05,0,0,0,0,0,0,0,0,0,0,0,0,0,0,0,0,0,0,0,0,0,0,0,0,0,0,0,0,0,0,0,0,0,0,0,0,0,0,0,6.52975355883813e-05
0.00255052564995491,0.108132918044342,0.000407049533058266,0.122430340978383,0.00226205055583489,0.0050411768028736,0.002789812055569,0.000249322595655063,0,0.000309097656829933,0,1.38532167232409,0,0.00024280534429711,1.9720741461799,0.060619178129367,0.000237980851865225,0,0.000140548119428856,1.45743820360666,0.0114884737271952,2.80014677123433,0.00736938459221689,5.25418592261034,0.00796169964839776,0.0037282992828495,0.0423230934952239,0.300737439726934,0.0013981191824274,0.00572120738272529,0,0,0.00321198886247487,0.00375793307782882,3.99511569461667e-05,0.0371706939254532,0.000706679417241396,0.00222214371291823,0.00107977731795578,1.02619625327742,0.00407503424222816,0,0.0035597583926793,0.000209215191304332,0.00187981184632188,0.00142041078981313,0.0286939549399974,0,0,0,0.00722587681357301,0,0,0,0,3.85764478629761e-05,0,1.8481955025808,0,0,0.0097819027426702,0,3.96411657414915e-05,0.00394684859386866,0.559410465171558,0,0,0.000236973032049032,0.000417154275920179,0,0.0483285695940921,0,0.821958296961722,0.00191977559761917,0,0.00258215680663598,0.0139339281046227,0.00029516016894323,0.00221252312646948,0,0,0,0,5.23449072658947e-05
0.00385919427069537,0,0.000415859739773828,1.00184139523719,0.000117285936906411,1.18325883007686,2.89415065156569,0.363471537201478,0.000309097656829933,0,0.000105072113640192,0.99384433716566,0,0.246891088200535,0.00041437880610521,0,0.000239400547883253,0,0,3.4238641144217,0.000442498428554073,0,0.000460854339296903,0.0823921905693663,0,0.000112920977811862,0,1.6036940628722,0.0188647018873655,0.000642543172367605,0,0.00146245627386803,0.000642685206852891,0.0128091499415803,0.00590858877477048,0.00031215318867757,6.60575879635125e-05,0.000991135373286081,0.000180750824003885,0.00152342787460569,0.00195850981894531,0,0,0,0,0,0,0,0,0,0,0,0,0,0,0,0,0,0,0,0,0,0,0,0,0,0,0,0,0,0,0,0,0,0,0,0,0,0,0,0,0,0,5.57521207292934e-05
0.00354271172073786,0.000725649362292132,0.00338192176426989,0,0.00309047884480613,0.0021996160062415,0.00220221143791906,0.00455429350000186,0,0.000105072113640192,0,0.000129683034053432,4.35632483153968,0.00224696459460788,0.000257834737441034,0.000383492383162501,0.0868027549216614,1.51699317258911,1.93867648974275,0.000985276251713504,0.0012419087634933,0,0.00272157078076422,0.000168808044754984,0.362396643243878,3.27473601114726,0.0471290860125017,0.000894473184296251,0.0234445042847793,0.00120661020708957,0.464246517585475,0.0343664541378645,0.00102913101657158,3.70987571982128,0.0067168811756543,0.279768391601344,1.61813390185996,1.91992963375043,0.31536753555801,0.00598913806254538,0.0474128952260623,0.941376797047724,0.00521182117466846,0.000708185957027686,0.00010590654475368,0.000677738022633295,0.000193565450797763,0.000106989682403371,0.0003393753233355,0,0.000143124235777847,0,0,0,0,0,0,0,0,0.00018189693006606,0,0,0,0,4.50231816698232e-05,0,0,0,0,0,0,3.76740971407049e-05,0,0.000611369971223631,0.00012570306850408,0.000112571710647143,0,0,0,0,0,0,0,0.00399932404751522
0.00128176374852103,0,0.000227696955491827,2.18472735071887,0.000488388355293284,1.01453297610204,0.00209890160653165,0.0169351524746,1.38532167232409,0.99384433716566,0.000129683034053432,0,0.000488594884105006,0.0057498017442248,0.722593210797263,0,0,0,6.05738439103899e-05,8.85448641941955,0.000228958377075887,0.000278740747116746,0.000574948392872071,1.78017304167756,0,6.22513971288265e-05,4.7089516241286e-05,0.0224365828278582,0.00414382131366157,5.56522570200474e-05,0,0.00107033197466204,0,0.00361710102871458,0.114363034957546,0.00643322961102227,0.00321116520137073,0.00124222619819562,0.000620002470541607,0.829977331477438,0.000361862290249667,0,0.000218755890158961,0.000118080816515107,9.00236331117851e-05,0,0.000412710997249252,7.16143486899044e-05,0,8.51106979106561e-05,0,0,0.000516229772766455,0,5.89182040081652e-05,0,0,0.00194839426004083,0.000322968615020594,0,0.28025863948855,0,0,0.0003067061584432,0,0,0,0,0.129646075922183,0,0,0,0.00312030406720126,0,0,0,0,0,0,0,0,0,5.00661743197735e-05,0.00451411221666869
0,0.000282449081216145,0.00116989208744782,0,0,9.6047380867513e-05,0.000425851459289801,6.88843052708051e-05,0,0,4.35632483153968,0.000488594884105006,0,0.000523659995142103,0,7.66373618566766e-05,0.00228797371857566,0.0512476954699544,0.0579123822928684,0.00022593174068406,0.000700394376830157,0,0.00196773918163578,0.00024569885018024,0.695766764122573,0.954908932300651,0.0804606797092965,0.00110054423172366,0.00143636378369083,6.65746949745916e-05,0.266164719658024,0.00120629622609883,0,0.153452593598735,0.00115570370123816,0.308262401700154,0.731127706562689,0.61326794453724,0.214254924605464,0.00270071948229434,0.0343314135638069,0.653659840937112,0.146196124085517,0.0938624541027135,0.019295978325621,0.0360681412139896,0.00165024049549097,0.0274348561073902,0.132590557656848,0.000309387195556298,0,0.000160661164083619,0,0,0.000175307577576389,0.000163893541543766,0.000138107908749456,0,0,0.0126290557559025,0,2.07893343406794,0.000280123412599614,0,0,0,0.000123490008129028,0,0.000118279755106244,0,0,0.000182684933987992,0,0.00471778349756557,0.000487292513533993,0.00365856328339496,6.50592707315953e-05,0.000328233397651818,0,0.530334409434153,0.000432876167449253,0,0.0104004975922195,0.00145821936848413
3.76690709946381,0,0.0305763910711891,0.00136698230913269,0.0121034527102231,0.431839718269687,1.97911226889349,2.70733220763467,0.00024280534429711,0.246891088200535,0.00224696459460788,0.0057498017442248,0.000523659995142103,0,0.000219039521169966,0.000102394519863156,0.0217468941750392,6.95278530510536e-05,0.00407090919560317,0.112062917034372,0.00961131398347715,3.97216269676219e-05,0.0212699751132481,0.00324229528920106,0,0.00748104800856369,0.000384492484252017,0.0428797666157043,1.9830978802217,0.069544215565414,0,0.398978524696078,0.00793901736703347,0.137104157602364,8.47555333759485e-05,0.00204152615222466,0.000549123120422951,0.0151414732943713,0.00360838969882694,0.0119102086457359,0.0231851681174564,0,4.85656435993283e-05,0,0,0,0,0,0,0,0,0,0,0,0,0,0,0.000149308125475698,0,0,0,0,0,0,0,0,0,0,0,0,0,0,0,0,0,0,0,0,0,0,0,0,0,1.63313363465132e-05
0.000190852087854318,0.0010502138934638,0.000236321287462538,0.0246383832729357,0.76850042089349,0.990984160058326,0.00440605585183032,0.0102708910590631,1.9720741461799,0.00041437880610521,0.000257834737441034,0.722593210797263,0,0.000219039521169966,0,0.00387766285600621,0.000736961123282899,0,0.000239545320907452,0.0436007166355729,0.0240453177547636,0.00137840325387049,0.0179609522349028,0.150439863108889,0,0.000187155519203053,0.000462488679979857,0.0215982119457745,0.00522766029741694,0.0115959283204375,0,0.105752309975011,0.00312428720998215,0.00739149729390576,0.0598709549623288,0.0271988507553355,0.0475452082347165,0.0190741358067844,0.00588960675924566,10.5242203932367,0.237214907171887,0,0.00104963651790098,0.00112080312931228,0.000161294562192745,0.000112313503409255,0.00212783831631858,0,0,0,0,0,0,0,0.000435625514955684,0,3.8029915966028e-05,0.00131677214299637,0,0,0,0,0,0.000211588836067462,0,0,0,0,0,0,0,0,0.000667661337658741,0,0,0,0,0,0,0,0,0,0,0.00471675912711625
0.000768314093881495,0.0626890353126456,0.00785707707529719,0,0,0,0.000679096526891388,0,0.060619178129367,0,0.000383492383162501,0,7.66373618566766e-05,0.000102394519863156,0.00387766285600621,0,0.00239657227276181,0,0.000240042779373235,0,0.935808358002237,4.32872848709972,1.9058576524448,1.01907017278425,0.00197470639313782,0.00585012642667743,0.718601734755049,0.263685158721742,0,0.0120012012039178,0,0,0.000683776500075225,0.0103667533649353,0.00101690943192627,0.0129665947607342,0.00205906998303681,0.013472758622491,0.00613758820947099,0.00880742751994533,0.00205526652371354,0,0.0017048068540963,0.000891355800129369,0.00519963218588388,0.00658695455702982,0.00204776741615166,0,0,0,0.00255631962239343,0.00126330041959064,0,0,0,6.84098360998111e-05,0,0.0379183150796194,0,0,0,0,0,0,2.88823143431893,0.000582994218252142,0,0,0,0.140453009479203,0.36805708065478,0.341873115463156,0.0195673951400526,0,6.3967182391521e-05,0.0734715220730451,0.00364354107565329,0,0.000525346679941946,0,0,0,0.000290000523824872,0.000500886739562354
0.176291335545499,0.00131783906259064,1.55526596542738,0,0.000350390923441225,0.000553878196257488,0.132774525076459,0.020394579370052,0.000237980851865225,0.000239400547883253,0.0868027549216614,0,0.00228797371857566,0.0217468941750392,0.000736961123282899,0.00239657227276181,0,0.0530252602541402,3.00565143406889,0.000651240976896078,0.253118364828625,0.000343134550435248,2.14410549744923,0.00115113996031296,0.00877931119755969,1.48257944509198,0.03791862086268,0.0230620516739714,0.0441404710445664,0.126680798553648,0.000356205131433422,0.00654859066619407,0.0217796391062131,1.57451482646813,0.000254681614091686,0.00538145883211597,0.0559886051647975,0.110338326175747,0.0249217782090263,0.00534091680698824,0.00257801539911041,0,0.000209304385044703,0,0,0,0,0,0,0,0,0,0,0,0,0,0,0,0,0,0,0,0,0,0,0,0,0,0,0,0.000559197496419323,0,0,0.000196339560420626,0.00013868620225032,0.000215654907575136,0,0,0,0,0,0,0.000171415467450671,0.000105693045168356
0,0.000529278889788981,0.00147282447560433,0,0,0,0.000448755530512011,0,0,0,1.51699317258911,0,0.0512476954699544,6.95278530510536e-05,0,0,0.0530252602541402,0,6.49835032711719,0,0.000186152744111549,0,0.000524984492020776,0.000124975852659557,0.075500062054139,1.01157307807728,0.0128342967350759,0,0.00275367477343915,0.000316231870571347,0.0241447790632229,0,0,0.0345792955343359,0,0.000118998787763971,0.0117105138246892,0.00357445165881917,0.000722996314167685,0,0,0,0,0,0,0,0,0,0,0,0,0,0,0,0,0,0,0,0,0,0,0,0,0,0,0,0,0,0,0,0,0,0,0.0030879684464844,0.000248178229284047,0.0003930827146351,0,0,0,0,0,0,0,0
0.0104835815650553,0.0335101367173991,0.0275129860558215,0,0.00054506206796659,0.00152250518801845,0.00866141901413434,0.0039964696868511,0.000140548119428856,0,1.93867648974275,6.05738439103899e-05,0.0579123822928684,0.00407090919560317,0.000239545320907452,0.000240042779373235,3.00565143406889,6.49835032711719,0,0.00123424587312978,0.0053732956074726,0.00216311060614041,0.0175232944686318,0.000108611594494224,0.412307532412162,2.90766738045903,0.171500178226104,0.00162039203036487,0.0208395980147815,0.00573008704929247,0.0144521370730385,0.0109954154323254,0.00240268939243174,1.46392544578812,0.00373219533509323,0.120741144764778,0.0660453249434959,0.542560531719269,0.244184996490147,0.0102701506899569,0.0161328067354061,0.0103851689488967,0.00184872610904008,0.000988639626560578,6.00390523814304e-05,0.00125155693571903,0,0.000103165544798122,0,0,0.00128052647706153,0,0,0,0,0,0,0,0,0,0,0.000589948592751382,0,0,0,0,0.000471945630685094,0.000575489046786727,0,0,0.000380816522982923,0,0,0.019291642720586,0.0028128092194668,0.00436042077307599,0,0,4.96531253305899e-05,0,0,0,0.000493565543457188,0.00372825720090179
0.0195474679909822,0,0.000225744772308783,8.74024191938691,0.00318687775242872,0.812297136753683,0.192118358991182,0.287417505953613,1.45743820360666,3.4238641144217,0.000985276251713504,8.85448641941955,0.00022593174068406,0.112062917034372,0.0436007166355729,0,0.000651240976896078,0,0.00123424587312978,0,0.000204900017800615,0,0.000179045895665052,3.8202894297669,0,0.000154653772088457,0,0.695738384090254,0.0769637114762232,0.000823937146897864,0,0.0152466211175389,0.0069650049316606,0.0727496273335079,0,0.00294714228478517,0,0.0104803035141598,0.00282639516751478,0.0229038710171441,0.0130724616919474,0.00144892958040757,0.00127272793044168,0,0,0,0.00717481671827091,0,0,0,0,0,0.000182842431275624,0.00032127730563361,0,0,0,0.13745886804173,0,0,0.00207185012442087,0,0,0.00262915811920464,0.000433573148309392,0,0,0,0,0,0,0,0.112270645029109,0,0,0,0.000355435752453618,0,0,0,0,0,0,3.3472398516906e-05
0.0276803850239111,0.000779857423577114,0.39827422349534,0,0.000221018844689056,4.15653331897834e-05,0.0985829692253204,0.00712763561208995,0.0114884737271952,0.000442498428554073,0.0012419087634933,0.000228958377075887,0.000700394376830157,0.00961131398347715,0.0240453177547636,0.935808358002237,0.253118364828625,0.000186152744111549,0.0053732956074726,0.000204900017800615,0,0.0191454499254593,5.96082472276222,0.0326598943287748,0,0.0228745035630453,0.0597775223444537,1.21257060668212,0.0139607201066297,2.465372589506,0,0.000362123626928262,0.0145531083426392,0.382521486117899,0.0125925459010959,0.082170690028193,0.0761782476834445,0.180597786978451,0.0700619163807511,0.0670977491885585,0.0059712653900848,0.00023347229256866,0.00424792113750646,0.0015634518117033,0,0.000701736030110356,5.63945474169048e-05,7.18469984830813e-05,0,0,0,0,0,0,0,0,0,0.00675042151778046,0,0,0,0,0,0.000273146963129293,0.0132940465694926,0,0,0,0,4.71269792720564e-05,0.00182209989651231,2.65837052393783e-05,0.00209214402414058,0,2.01199929157473e-05,8.50420289717222e-05,0.000350361832379266,0,0,0,0,0,0,0.00334492642916471
0.000137937746931271,1.68135896782426,0.00108125031060946,0,0,0,0.000153118210189074,0,2.80014677123433,0,0,0.000278740747116746,0,3.97216269676219e-05,0.00137840325387049,4.32872848709972,0.000343134550435248,0,0.00216311060614041,0,0.0191454499254593,0,0.139743027934578,2.00821397096033,0.0189529415249581,0.0113899030029304,0.407116042567123,0.0989579177231837,0.000475654368178547,0.00360868778541616,0,0,0.000789986184661993,0.0038535610105186,0.000259666119151468,0.00298554951473762,0.000131875925230093,0.00364757736522003,0.00336948343163467,0.00856519113471127,0,0,0.000928756378058846,0,0.00190075053008986,0.000863026852503362,0.00491710250027386,0,0,0,0.165682433647884,0,0,0,0,0,0,0.236169282107403,0,0,0,0.000107230046884538,0,0.00366708544108899,0.57075863512458,0,0,0,0,6.10821047747029e-05,2.72855424806551,7.53729201404055e-05,0.0835997192500874,0.0144037791087973,0,0.0253049366962037,0.00229281278860916,0,0.00114742433311531,0,0,0.00115620396156854,0.000249906145176542,4.67549591217481e-05
0.0480687962710852,0.00173102002121874,2.67899210481928,0,4.45756598631726e-05,0.000412680885917935,0.219115983457459,0.0139485865385375,0.00736938459221689,0.000460854339296903,0.00272157078076422,0.000574948392872071,0.00196773918163578,0.0212699751132481,0.0179609522349028,1.9058576524448,2.14410549744923,0.000524984492020776,0.0175232944686318,0.000179045895665052,5.96082472276222,0.139743027934578,0,0.0720930448298921,6.96486790771503e-05,0.0932811799561956,1.67663432138242,0.559135919194335,0.0161177550837519,0.372972232539569,0,0.00116644597941238,0.00642693567096861,0.671580479596011,0.0198754795230227,0.112295639919465,0.181905896475209,0.511332378246943,0.237905558703155,0.0944099453749841,0.0117968260144472,0.000609401955710524,0.00472859366565642,0.00296656146627597,9.99744666201671e-05,0.00114194564824956,0,0.000337334247643539,0,0,0.00019261840474784,0,0,0,0,0,0,0.00225246100588483,0,0,0.000128272995350927,0.000116423083318221,0,0,0.0193068209317721,0,0,0,0,0.000166720131377517,0.0751137254094587,0.000284138487939786,0.00147077187056656,0,2.49391465407297e-05,0.00043593715580242,8.88974072018704e-05,0,0.000100986689761055,0,0,0,0,0.0103508423055009
0.00622458323567987,0.054211531436534,0.00912510374026875,4.93014413225408,0,0.0282883699488624,0.258692706640585,0.00480308579890349,5.25418592261034,0.0823921905693663,0.000168808044754984,1.78017304167756,0.00024569885018024,0.00324229528920106,0.150439863108889,1.01907017278425,0.00115113996031296,0.000124975852659557,0.000108611594494224,3.8202894297669,0.0326598943287748,2.00821397096033,0.0720930448298921,0,0.000778641440249833,0.0057929285731223,0.105886607450863,4.30594839504105,0.0107296305835443,0.0393056257172167,0,0.000551751015166583,0.00629349003696064,0.0239573405082959,0.00162349069900239,0.0137543965901713,0.00103366297243655,0.0111257163869114,0.00703156530659706,0.0667691931177803,0.00092127700547805,0,0.00163306508554494,0.000108456526703524,0.000243337588927816,0.000151148505651691,0.00610206839830422,9.66371437111134e-05,0,0,0.00158732770253361,0,0.000130278179595068,0,0,0,0,0.081648189049306,0,0,0.0179880058840477,0,0,0.0011173832140331,0.0367946938626283,0,0,0,0.0131315183513055,0,0.0346694085282778,0,0.167003759325618,0,0,0.000448135138133382,0.000660525273557595,0,0.000115251358457821,0,0,0,0,0.000466162970062983
0.000162238914058616,0.386575416395102,0.00104609442526884,0,0,0,0.000166832237134748,0,0.00796169964839776,0,0.362396643243878,0,0.695766764122573,0,0,0.00197470639313782,0.00877931119755969,0.075500062054139,0.412307532412162,0,0,0.0189529415249581,6.96486790771503e-05,0.000778641440249833,0,0.719260560129167,0.392497291605337,4.46523797133355e-05,0,0,0.0040154140620214,0,0,0.0351682625376128,0.000114244772161151,0.0044827186186704,0.435054412554138,0.16480379933788,0.00745842764932008,0,0.000476108314018904,0.0269416062578316,0.00717104176107004,0.0403700353523905,0.0094953533478853,0.0021288877595309,0.000261881178047012,0.000927369446566798,0.133715144002475,0,0.0153012151662556,0.000582228625629688,0,0.000209319254517299,0,6.73693423977866e-05,0.000141787218443297,0.00097958561173915,0,0.0245948698936177,0,0.460020492846091,0,0,0.000173518727405025,0.000329474220405877,0.0248801339195802,0.00530194323358249,0,6.2505575637346e-05,0.00139120484990321,0.000233376239452987,0.000109342790112528,0.623902625379653,0.0551512532538583,0.0449984160772716,0,0,0,0.00529490403728271,0.000143814639965333,0,0.00301062044179717,5.07076462512969e-05
0.0206893071566082,0.166864037230477,2.29069310112986,0,6.147085166498e-05,0.000413207567385362,0.0373289872198437,0.00629435377774822,0.0037282992828495,0.000112920977811862,3.27473601114726,6.22513971288265e-05,0.954908932300651,0.00748104800856369,0.000187155519203053,0.00585012642667743,1.48257944509198,1.01157307807728,2.90766738045903,0.000154653772088457,0.0228745035630453,0.0113899030029304,0.0932811799561956,0.0057929285731223,0.719260560129167,0,3.51341686647463,0.00808858116630218,0.0120121125479034,0.0192864988076226,1.90765108973448,0.00248237168265966,0.00139414609867172,0.457053287953594,0.00166546897497181,0.0296346780579256,0.0649361841943057,0.120668556026448,0.0428478737250485,0.00212922600996183,0.00236240176962378,0.00207781311469543,0.000393538489073535,0.00103284115445253,0.000437096717060282,0.000341963070996435,0.000123600809049385,0,0,0,0.0127050060992606,0.000104458088325069,0,0,0,0,0,0.000244917734463594,0,0.000358736692490497,0,0.00141695602040293,0,0,0,0,0.000910723233111957,0.000762154496217307,0,0,0.00080670333462119,4.20180203430709e-05,3.99081026782717e-05,0.0620402371748187,0.00966887471921015,0.029787030642795,5.02312345226062e-05,0,0,0,0,0,0,0.000883945369305237
0.00107365765666472,1.14067596894223,1.64573116303361,0,0,0,0.00364267643649272,0.000356243331228654,0.0423230934952239,0,0.0471290860125017,4.7089516241286e-05,0.0804606797092965,0.000384492484252017,0.000462488679979857,0.718601734755049,0.03791862086268,0.0128342967350759,0.171500178226104,0,0.0597775223444537,0.407116042567123,1.67663432138242,0.105886607450863,0.392497291605337,3.51341686647463,0,0.0671779518354403,0.000690660737572533,0.00373593825236369,0.151808275034369,7.27596527457341e-05,0.000156306119246551,0.0725694751748333,0.00427249795331056,0.0227405267958553,0.00621316335127436,0.064872873325239,0.0345450228637896,0.0065491452789561,0.00168003732163429,0.000162820763137293,0.00161023257756464,0.00153563690619078,0.00111140526182309,0.0013850702822627,0.000214268374219264,0.000124823106248955,3.78782041619841e-05,0,0.0383385743092829,0.000582470144961071,0,0,0,0,0,0.000515239027335562,0,0.000260855858948932,0,0.000970034561228393,0,0,0.196327284362686,0.000144881542738,9.52241007870249e-05,0.000816751594181499,0,0.00173829072199736,0.0891400712470386,0.0451401106504101,0.00271989431069183,0.0179430174350701,0.00301901055882394,0.233381827275436,0.00179101341242166,0,0,0,2.83688899957208e-05,0,0.000143387236211,0.00302167486761642
0.0933211755820164,0.00308757084753169,0.0995978777257987,1.88413111397654,0.000212630295781293,0.0635885087790908,3.92421148966903,0.0379016737465143,0.300737439726934,1.6036940628722,0.000894473184296251,0.0224365828278582,0.00110054423172366,0.0428797666157043,0.0215982119457745,0.263685158721742,0.0230620516739714,0,0.00162039203036487,0.695738384090254,1.21257060668212,0.0989579177231837,0.559135919194335,4.30594839504105,4.46523797133355e-05,0.00808858116630218,0.0671779518354403,0,0.114669432917915,1.27014445706648,0,0.00199285721164078,0.0497968099951134,0.251163976118402,0.0128213658955198,0.105787159912471,0.008917133814328,0.111079301493034,0.0612482315549661,0.0869994110555352,0.0124652254161976,6.81032883432199e-05,0.0055635692043865,0.00190677759218842,0.000324965742156271,0.000421457080735889,0.000215091493345976,0.000147233049874719,0,0,0.000479818100965155,0,0,0,0,0,0,0.0166055321516484,0,0,0,0,0,0,0.0173670555110404,0,0,0,0,0,0.00525280388864172,6.96615574312647e-05,0.018427083215318,3.22748164107399e-05,0,9.53010535040726e-05,0.000569810619083827,0,0.000101888327170225,0,0,0,0,0.00354692924217316
2.02842498710661,0,0.0131541695371663,0.000815838399530477,0.0545067649077947,0.205101449949843,0.223692001718457,0.295151979063852,0.0013981191824274,0.0188647018873655,0.0234445042847793,0.00414382131366157,0.00143636378369083,1.9830978802217,0.00522766029741694,0,0.0441404710445664,0.00275367477343915,0.0208395980147815,0.0769637114762232,0.0139607201066297,0.000475654368178547,0.0161177550837519,0.0107296305835443,0,0.0120121125479034,0.000690660737572533,0.114669432917915,0,0.981303620759119,8.07212584073326e-05,1.24573578727712,1.4927637972314,1.86916998782475,0.000639246946053226,0.014552571621127,0.00349366415146789,0.0751754127166546,0.0151652264587593,0.0599964685899159,0.199908482343532,0.00103454915151142,0.000162194744514851,0,0,0,0,0,0,0,0,0,0,0,0,0,0,0,0,0,0,0,0,0,0,0,0,0,0,0,0,0,3.30587158251508e-05,0,0,0,0,0,0,0,0,0,0,7.84063609044583e-05
0.991150107794452,0,0.162204612141052,0,0,0.000814960046950326,2.33723918917882,0.02339956407868,0.00572120738272529,0.000642543172367605,0.00120661020708957,5.56522570200474e-05,6.65746949745916e-05,0.069544215565414,0.0115959283204375,0.0120012012039178,0.126680798553648,0.000316231870571347,0.00573008704929247,0.000823937146897864,2.465372589506,0.00360868778541616,0.372972232539569,0.0393056257172167,0,0.0192864988076226,0.00373593825236369,1.27014445706648,0.981303620759119,0,0,0.00285440143805142,0.438880970898838,0.57029356304166,0.00418303748134438,0.0453749531156129,0.00489634096109422,0.0674492792392137,0.0294008891694576,0.0395000572038037,0.00582542886617414,0,0.00118898475418315,0.000130410170782157,0.000131299042170404,0.000798901054943942,4.53839790341953e-05,0.000177775721942816,0,0,0,0,0,0,0,0,0,0.000890445867235022,0,0,0,0,0,0,0.000204259216276034,0,0,0,0,0,0.000442004416333928,0,8.46517733903368e-05,0,0,7.0557974068311e-05,0,0,0,0,0,0,0,0.00154184164526863
0,0,0,0,0,0,0,0,0,0,0.464246517585475,0,0.266164719658024,0,0,0,0.000356205131433422,0.0241447790632229,0.0144521370730385,0,0,0,0,0,0.0040154140620214,1.90765108973448,0.151808275034369,0,8.07212584073326e-05,0,0,0,0,0.00411565821073683,0,0.000466299054173611,0.00954350142184407,0.00347794874083636,0.000281351326382679,0,0,0.000565107087893743,0,0,0,0,0,0,0,0,0,0,0,0,0,0,0,0,0,0.000378724356451299,0,0.0938689490402997,0,0,0,0,0.00021456952124177,0,0,0,0,0,0,0.00191654883489191,5.36003315471205e-05,0.00894964768801852,0,0,0,0.36788209823912,0,0,0,0
0.0268291274575721,0,0.000257605984188732,0.000430175579115696,5.1506512813199,0.658707670718256,0.0125379215047184,0.857515028108931,0,0.00146245627386803,0.0343664541378645,0.00107033197466204,0.00120629622609883,0.398978524696078,0.105752309975011,0,0.00654859066619407,0,0.0109954154323254,0.0152466211175389,0.000362123626928262,0,0.00116644597941238,0.000551751015166583,0,0.00248237168265966,7.27596527457341e-05,0.00199285721164078,1.24573578727712,0.00285440143805142,0,0,0.0151822064221924,1.59259639098409,1.83911343144317e-05,0.00506617758451734,0.00492327542513775,0.0818654527604656,0.00821994040910125,0.304119088788526,6.51241167268857,0.0011849844189637,0,0,0,0.00086994040823745,0,0,0,0,0,0,0,0,0,0,0,0,0,0,0,0,0,0,0,0,0,0,0,0,0,0,0,0,0,0,0,0,0,0,0,0,0,3.55644587279645e-05
0.923652753824111,0,0.00546224843513183,0,0,0.00162824419868077,0.0465565548047598,0.00169737575704389,0.00321198886247487,0.000642685206852891,0.00102913101657158,0,0,0.00793901736703347,0.00312428720998215,0.000683776500075225,0.0217796391062131,0,0.00240268939243174,0.0069650049316606,0.0145531083426392,0.000789986184661993,0.00642693567096861,0.00629349003696064,0,0.00139414609867172,0.000156306119246551,0.0497968099951134,1.4927637972314,0.438880970898838,0,0.0151822064221924,0,0.642614065590568,7.49269447450193e-05,0.00188280354125505,0.00100465844651398,0.0226045392880475,0.011171718590743,0.00952861994842092,0.0215027527838616,0,0,0,0,0,0,0,0,0,0,0,0,0,0,0,0,0,0,0,0,0,0,0,0,0,0,0,0,0,0,0,0,0,0,0,0,0,0,0,0,0,0,4.02161672683372e-05
0.276576338667915,0.000238312694329119,0.183203829221419,0.000734901834825556,0.0997666140750452,0.0697335604171379,0.238538626412347,0.169332946540144,0.00375793307782882,0.0128091499415803,3.70987571982128,0.00361710102871458,0.153452593598735,0.137104157602364,0.00739149729390576,0.0103667533649353,1.57451482646813,0.0345792955343359,1.46392544578812,0.0727496273335079,0.382521486117899,0.0038535610105186,0.671580479596011,0.0239573405082959,0.0351682625376128,0.457053287953594,0.0725694751748333,0.251163976118402,1.86916998782475,0.57029356304166,0.00411565821073683,1.59259639098409,0.642614065590568,0,0.0100174906141911,0.266011440183051,0.876111133370672,3.52402856378784,0.510378278119867,0.25574842207818,1.1860345820944,0.168485773129047,0.00547652153957155,0.00147186159784484,0,0.000348225383384644,0.000110406020175207,0,7.88034278194072e-05,0,5.35300288235785e-05,0,0,0,0,0,0,0.000455609030880891,0,0,0,3.7079418638758e-05,0,6.49265225535767e-05,0.00011777419452426,0,0,0,0,2.84283953923561e-05,0.000153553015599803,0,0.000420315704065909,0.000501860143149379,5.10099603107869e-05,0.000208675164675233,6.29906675224737e-05,0,0,0,0,0,0,0.00589270897999333
0.000192853549401968,0,0.00323731219596611,0,0,0.135123206155355,0.00161394264110217,0.000263552685028486,3.99511569461667e-05,0.00590858877477048,0.0067168811756543,0.114363034957546,0.00115570370123816,8.47555333759485e-05,0.0598709549623288,0.00101690943192627,0.000254681614091686,0,0.00373219533509323,0,0.0125925459010959,0.000259666119151468,0.0198754795230227,0.00162349069900239,0.000114244772161151,0.00166546897497181,0.00427249795331056,0.0128213658955198,0.000639246946053226,0.00418303748134438,0,1.83911343144317e-05,7.49269447450193e-05,0.0100174906141911,0,0.107224972594286,0.0838736388074254,0.0356425897279924,0.0288996523279912,0.0557198017442531,0.00105374303686904,0.000601271404076197,0.0412704081832459,0.0843673933935506,0.00701587312178117,0.0181321706045611,0.0103023384638004,0.00254321285452616,0.00026309635422282,0,0,0.000114633657334925,0,0,0.00144308786792994,0.00011468346748224,0.000127412572607354,4.37413004172222e-05,0.00034757221690746,0.00035180938720941,0.00740205504597388,0.00118064829265438,0,0.00117175307958079,0.000784677361523164,3.27613947591766e-05,0.000104582315798473,0,0,0.00166717931708176,0.000135068827566579,0.00400874602115601,0.000433350705849798,0.000170836127142195,0.000454135105355458,0.0023280718274279,0.00123205584530199,2.60534956295631e-05,0.000166431181737302,7.79665894752422e-06,7.75346087658233e-06,9.57053479349994e-06,0.000500927978266082,2.04596311593658
0.00546259469275476,0.000251009237017732,0.0409294381979419,0.00010976603923434,0.00020978367060647,0.000774011389937003,0.0239136831765754,0.00359766242107009,0.0371706939254532,0.00031215318867757,0.279768391601344,0.00643322961102227,0.308262401700154,0.00204152615222466,0.0271988507553355,0.0129665947607342,0.00538145883211597,0.000118998787763971,0.120741144764778,0.00294714228478517,0.082170690028193,0.00298554951473762,0.112295639919465,0.0137543965901713,0.0044827186186704,0.0296346780579256,0.0227405267958553,0.105787159912471,0.014552571621127,0.0453749531156129,0.000466299054173611,0.00506617758451734,0.00188280354125505,0.266011440183051,0.107224972594286,0,5.67891941598822,0.49871825812617,0.331392666724347,1.46837085163407,0.0299237124190856,0.576339128787526,0.183396333137765,0.144099405745062,0.00716776001508644,0.0195496842205824,0.00556129676785909,0.00394410642181576,0.00175090895760969,0,0,0.000103180800494828,0,0,0,5.26995754611234e-05,0,0.0138883188754245,8.3291483479e-05,0.00139523695985858,0.000963712684563277,0.0237401150428137,0,0.000342590958545791,0.0013383492302708,0,0,0,8.97538771103129e-05,0.001568025851999,0,0.00418008202358619,0.00652196358739434,0.000680668993753497,0.000401665785696491,0.0028152492752099,0.00184260266120805,0.000154716321838726,0.000146030525843818,0,5.05570526126433e-05,0,0.00246518854786475,0.0424976012044353
0.000804495203475761,0,0.0208919874530409,0,0,0,0.00232233253084716,0.000652290544933288,0.000706679417241396,6.60575879635125e-05,1.61813390185996,0.00321116520137073,0.731127706562689,0.000549123120422951,0.0475452082347165,0.00205906998303681,0.0559886051647975,0.0117105138246892,0.0660453249434959,0,0.0761782476834445,0.000131875925230093,0.181905896475209,0.00103366297243655,0.435054412554138,0.0649361841943057,0.00621316335127436,0.008917133814328,0.00349366415146789,0.00489634096109422,0.00954350142184407,0.00492327542513775,0.00100465844651398,0.876111133370672,0.0838736388074254,5.67891941598822,0,3.30656868504697,1.21604289330458,0.385844419131781,0.0644675123451463,1.37550423857122,0.0505704352679893,0.0127784937128619,0.00121280771965512,0.0113332378689464,0.00154653307126367,0.00169503254665454,0.00126923420018245,0.000139685339287533,0.000128169391706994,9.09720669050097e-05,0,0,0.000430879637422929,0,0,0.00018896063110211,0,0.000264149185673457,0.000452820230668834,0.00111098708482768,0,0.00171287784417165,0,0,0,0,9.15554751837466e-05,0.000371653088001543,0.000180520460059438,0.000572422185605939,0,0,0.000557724651132319,0.000171231334132953,0.000107617505835608,0,0,0,6.756508201642e-05,0,0.000441503500311564,0.0496831422606561
0.0333918927928381,0.000495009871468499,0.147932531466226,0,0.00561361107670996,0.00635358741367829,0.0686476685062337,0.0203255103062805,0.00222214371291823,0.000991135373286081,1.91992963375043,0.00124222619819562,0.61326794453724,0.0151414732943713,0.0190741358067844,0.013472758622491,0.110338326175747,0.00357445165881917,0.542560531719269,0.0104803035141598,0.180597786978451,0.00364757736522003,0.511332378246943,0.0111257163869114,0.16480379933788,0.120668556026448,0.064872873325239,0.111079301493034,0.0751754127166546,0.0674492792392137,0.00347794874083636,0.0818654527604656,0.0226045392880475,3.52402856378784,0.0356425897279924,0.49871825812617,3.30656868504697,0,2.29612402872897,0.619283803422272,0.60748685210433,1.31905031240591,0.0159144833834993,0.00840494483575276,0.000137685407043979,0.00680529338212779,0.00159992066147146,0.00238895070499323,0,0,0,0,0,0,0,0,0,0,0,0,0,0.000184286914813459,0,9.77950375430723e-05,0.000532488431974185,0,0,0,0,9.77324282908625e-05,0.00100300771224475,0.000138252182378706,0.000361472201119189,0,2.2047774309922e-05,8.0106299339302e-05,7.30794023837832e-05,0,0,0,0,0,0.000699219379373606,0.0340092024778365
0.0131602011189035,0.000829724355231772,0.0849666452596981,0,0,0.00139910390894517,0.0289147169207745,0.00384237447998538,0.00107977731795578,0.000180750824003885,0.31536753555801,0.000620002470541607,0.214254924605464,0.00360838969882694,0.00588960675924566,0.00613758820947099,0.0249217782090263,0.000722996314167685,0.244184996490147,0.00282639516751478,0.0700619163807511,0.00336948343163467,0.237905558703155,0.00703156530659706,0.00745842764932008,0.0428478737250485,0.0345450228637896,0.0612482315549661,0.0151652264587593,0.0294008891694576,0.000281351326382679,0.00821994040910125,0.011171718590743,0.510378278119867,0.0288996523279912,0.331392666724347,1.21604289330458,2.29612402872897,0,0.489079406493546,0.531747633958225,0.633376879414315,0.0270722244380233,0.0440303215673851,0.00156961543529236,0.0282499594756383,0.00233696921686429,0.0281906929072501,0.000358680024830412,0,0,0.000220674239618586,0,0,0,7.35502320927048e-05,0,0,0,0.000492037626797406,0,0.0010606002145856,0,0.000201483521665121,0.000743986339493503,0,0,0,0,0.000662207093779762,0.000192472573922913,0.000774519968649212,3.68573533690204e-05,0,0.000107083797050011,0.000726064858390675,0.000136422862750407,0,0,0,0,0,0.00451565764387616,0.0324444469143464
