0,0.00162813534714515,0.0963168201962327,0.00810340310481393,0,0.0063046195259637,1.16326868154842,0.110973237371669,0.0231558794477654,0.0199990961573715,0.00239353014547667,0.00297679392384316,0.000432224064904452,2.99021648831672,0.00164732818728535,0.00238295634532249,0.192453620572938,0.000907673379994194,0.0117409096370724,0.00762133716075829,0.0359809587219428,0.00282232755447897,0.033315368661458,0.0336034537944963,0.000598131411816936,0.0273846010558063,0.0126952920119557,0.0482361793631614,1.49611309227145,0.706302999136618,0,0.00208660545682676,0.00995799009364017,0.0602805041893926,0.000187523809252609,0.0105477123616392,0.0166551710709613,0.0338264867874227,0.0144426291247274,0.00657578150649905,0.000336057355838332,0.00146332974504111,0.00373003072806627,0,0.00272361225865589,0.00286786142891116,0.00067204767333286,0,0,0.00208518287338708,0.000164985251052456,0.00101928039124677,0.000889202209208462,0,0.000119164455840259,0.00465481318842996,0.000609615323019293,0.0131826499433715,0.000352959580375581,0,0,0,0.00199603102105442,0.000629308985842734,0.000980070450272241,0.000221252421346277,0,0.000105133322484848,0.00024090801702438,0.000465371628364668,0.000771146654200302,0.000654426806850053,0.0129975733955463,0,0.000100691089717899,0.00101464991478916,0.00724265804969913,0.00273351625519293,0.00505880072050229,0,0,0.0010707059396162,0.00107381199882806,0.000102489541301137
0.00162813534714515,0,0.0590691605508284,0.000150295845085405,0.000340427317233327,0.000173851472437694,0.000757117825247409,0.000682485673287001,0.144836670328544,0.000277662385285697,0.00817120202458452,0.00121109699399702,0.0693254458976337,0.00072635806975478,0.00275898527267069,0.0460487185872146,0.0269543472649551,0.00207137025843082,0.0368077859160301,0,0.000930189556036052,1.62603804926448,0.00401285153405883,0.0822146447155692,2.88984040203595,0.0831061598427088,1.51631690875172,0.00290516709641972,0.000235776805457935,0.000879349890257272,0,0,0.000675836373842378,0.00844257879696653,0.000477840582430111,0.0420869067410895,0.160157857882993,0.100719342713362,0.0347153520046729,0.0151282876297553,0,0.0830870803579338,0.00920322858991765,0.0410715137030147,0.0372725954413811,0.00500181561800004,0.000321443081201467,0,0.00551867514494094,0.000830332529774672,1.99784645420643,0.0135649760308479,0,0,0,0.00033276924845275,0.000146144982367431,0.0060726857137036,0.00016599985107695,0.00318777299887093,0,0.0240016634387867,0.000244796684182362,0.000195330294254295,0.00687915978041993,0.00670078766840387,0.00254613651351204,0.0437695241759015,0.000234617846008251,0.000353847184857852,0.0905734618558162,0.0017841531289767,0.00140276693455175,0.155395578720511,0.0235897331179491,0.087631963614914,0.000562849636802976,6.80513502799782e-05,0.00100901915380681,0,0,0,0.00549038037061698,0.000110653901251976
0.0963168201962327,0.0590691605508284,0,0.00405206572067502,7.76325592594406e-05,0.0264111401618983,0.299175357096808,0.126831193690917,0.00843472153966215,0.0455779546794922,0.00397717050812408,0.00256641078480145,0.00614347053183242,0.0972048744223494,0.00115795688142786,0.0180361379038715,1.26296986510589,0.00138887011379827,0.0662579158493751,0.00131986596207466,0.16033700606785,0.103807585027419,2.87287238324062,0.0355997740314134,0.00102888936319509,2.69307021695901,1.63247741575924,0.285110520281755,0.0203275302011431,0.0916482312183253,0,0.000338890631265958,0.00394678393555229,0.0824244309828859,0.00322460067896657,0.152556082988433,0.529476873507776,0.386859425354785,0.114654784662762,0.00833460621590288,0,0.00168648762669588,0.0104905404288961,0.00304582349266558,0.0118344473168725,0.00262049024577024,0.000706397422030103,0,0,0.000698487752364254,0.03729262804117,0.0338085830818009,0.000790073378316915,0,0.000236998273474114,0.0034030299607544,0.000479644161886052,0.00312469710136931,0.000272156453008164,0.000144093175432285,9.92370819818218e-05,0.000628068798834902,0.000673335925111499,0,0.0119926117193202,0.00739015669007572,0.000120300416615408,0.0024970021264099,0,0.00111759852505256,0.0216528377948137,0.00826959488830022,0.00654744203096027,0.00239615118304131,0.00610898192568028,0.102976331317093,0.00366032732048486,0.00105054453741818,0.00245286187881051,0,0,0,0.00424031278157038,0.00103181327251594
0.00810340310481393,0.000150295845085405,0.00405206572067502,0,0.000209126176860114,0.0241508897236169,0.0156282099645196,0.0138387290257437,0.427087655360254,1.19371015167638,0.00105763601004057,0.971742862692112,0.000991355969266403,0.0119225822900053,0.0272955309240023,0.00134705511009761,0.0017672565678241,0.000104497680875441,0.000397629534923007,12.6505106876332,0.000375947427689522,0.00557154674123428,0.00151714445495071,0.914420353106236,0.00010797603245715,0.00213787799015786,0.00176255659954528,1.86442628675935,0.0122591086996962,0.00168525812805372,0,0.00111362984616059,0.004878579426194,0.00925292152220163,0.000258088236378058,0.0226073964135007,0.0037208695566569,0.0250171122405768,0.0200343379771789,0.0645698887888509,0.00036031309397111,0.00301402708779926,0.00237155431951809,8.56809059374434e-05,0.00166884477976379,0.00158271807476305,0.0028209981065701,0,0,0.000258626356734932,0,0.000317275754650064,0.350997990044874,0,0.00777184254444401,0.014900453497307,0.00341157361859322,0.140391226814874,0.0230841902725906,0,0.0696661096811078,0,0.00270356921513261,0.000572789730890372,0.000835303465363002,0.000313903414937124,0,0,0.252064152794094,0.000310403946245429,0.00105855081303843,0.000467695515070133,0.0367702392825347,0,0.000301265826035653,0.000253257459888298,0.0183698815869038,0.00173337365657525,0.00116447986239734,0,0,0.000109747155568627,0.00193558865753913,0
0,0.000340427317233327,7.76325592594406e-05,0.000209126176860114,0,1.62956308343799,0.000677418815188947,0.114465948200633,0.000761305941350647,0.000998804435035938,0.0684168273921479,0.00142337134472935,0.000261690514521839,0.000578443398252694,0.0239774496770757,0,0,0,0.000940012364979183,0.000263414194017047,0.000146997885555203,0,0.000110596195629401,0.000479530637829127,0,0.000131382347620156,0.000122899262334574,0.000818290064194954,0.0839910130143085,0.000299906403615946,0,2.43624828346677,0,0.966380777438017,0.00573884996511282,0.00650726699578733,0.00464762939635024,0.0552042776043524,0.0322046869503663,0.585146456344159,4.21672554378272,0.00588920375979146,0.000212438030335598,0.00114828318088078,0.000124439034209584,0.000774688852125879,0,0,0,0,0,0,0,0.000107215597490927,0.000506375987619316,0.000126388516994629,0,0,7.12113040857703e-05,0,0,0,0.000161300094118008,0.000193637479260454,7.64737891336773e-05,0.000230879357701018,0,0,0,7.68588476075063e-05,0,0,0.000109348646773349,0,0,3.47751127663448e-05,7.24134293258894e-05,0.000105926355588539,0.000215209177734256,0,0,0,0,0.00336335766697599
0.0063046195259637,0.000173851472437694,0.0264111401618983,0.0241508897236169,1.62956308343799,0,0.206664052719479,1.13927627145452,0.130477615872503,1.69352886840939,0.00400484647526637,1.49774712659795,0.00145131216007959,0.0363954235344089,1.24388241155531,0.000394308312918945,0.00919494535429061,0,0.00398686466504478,0.0739782261360646,0.00195650959543577,0.00215230324636882,0.00663359242375873,0.0534525294294186,0.00113092623669712,0.01329030024232,0.003534961701153,0.0854100887334571,0.0376858492532957,0.00448669147329316,0,0.310893244463993,0.00237422724046888,0.0501406777588468,0.188459498537378,0.0437472253124716,0.00753206925128725,0.0813651666615623,0.0330576620457595,0.955479980744262,0.299732741289767,0.0053851954040355,0.00303531921214247,0.000445556099466783,0.00337053313822657,0.000727226621895356,0.00420308131092149,0,0.000223539820813225,0.00108272069860589,0,0.000201159677042075,0.0152554820205823,0,0.00358430309690129,0.0167978768203584,0.00572011446768802,0.0198374931830218,0.0133956831097537,0.000102180075999778,0.00804818955099009,0,0.00338226353727197,0.000180586922308556,0.000405734507395188,0.000220255858154312,4.74321876995742e-05,0,0.0129243381087292,0.000158458944157095,0.000445737550898222,0.000277927041958611,0.0336202379153064,7.8986664250511e-05,0.00023850875898228,0.000265586966781625,0.0171086720452546,0.00279034460490977,0.00132203545838801,0,0,0.000203937177230972,0.00204126138947351,0.000404174051458086
1.16326868154842,0.000757117825247409,0.299175357096808,0.0156282099645196,0.000677418815188947,0.206664052719479,0,0.465958553041677,0.0598044793784962,1.42152344348283,0.00729018151386961,0.0202901569251901,0.0046476445129426,0.863051894622225,0.00868402162253946,0.00241696553950715,0.064067044265948,0.000362469655437284,0.00757248150179171,0.0171438209720983,0.0797636002853563,0.00336052426762881,0.150314300250064,0.0940610905524115,0.00013768569448438,0.0561478370624186,0.0170047518844525,2.27489290017059,0.203133053992108,1.74938796338573,0,0.00742795722266957,0.0260197744564074,0.0822103397997821,0.00265397340089118,0.154103011083911,0.0233721937870184,0.19467749995379,0.123120292519986,0.114601975967772,0.00221002104241551,0.00766472836523928,0.0122233397748699,0.00143381890346751,0.0104907999772275,0.00698862357338827,0.00612460348186643,5.44035838935175e-05,0.000140344971236531,0.0041050363402087,0.000938100452263512,0.00129071753239482,0.0172236090208479,0,0.005670537572321,0.0464042967806691,0.00825105554748009,0.0387201070712771,0.009514050139741,0.000184835892141161,0.00292828254074783,6.11489246301797e-05,0.00910461370669429,0.00044944257327565,0.00486270851481289,0.000457336018532077,0,0.000295988875311324,0.0059083296238524,0.00130508249013348,0.00360573785752384,0.00314707490709081,0.0883835060316287,0.000224439643810047,0.00110416755153839,0.00273651303522271,0.0369361203232196,0.00923886917749341,0.013684298756135,0,3.3347404976387e-05,0.00107305446893429,0.0052837684183235,0.000622016522595608
0.110973237371669,0.000682485673287001,0.126831193690917,0.0138387290257437,0.114465948200633,1.13927627145452,0.465958553041677,0,0.0209302251481305,0.602326138415703,0.00460462737547235,0.134320764830258,0.00251588866581487,1.79840836900189,0.0223963615026284,0.000881606942936305,0.0864067427702959,0.000245783435154356,0.0106244102608248,0.0474889918899564,0.0135557303981264,0.00141879375946055,0.0367931290154236,0.0590078522085181,0.000390142041555324,0.0538781061399687,0.0112825344549034,0.0851181034776065,0.0801106841010929,0.0626616315080086,0,0.0805750431286806,0.0025492266212822,0.129346289366417,0.00227645266856949,0.0272188181358125,0.0144345261241449,0.141898975732406,0.0510782965769827,0.259437100711855,0.083181517701083,0.0103718649981858,0.00574829800786543,0.000747307062965077,0.00404097515272029,0.0026250412755598,0.00275918337199276,0,0,0.00252145870142994,0.000381818580274951,0.000869855850468589,0.00772110517363753,0,0.00191763868075653,0.0213323953743891,0.00308117722449413,0.0102178108179039,0.00421844818968986,0.000557780048858149,0.0023544549901219,3.45716072336637e-05,0.0050662165036118,0.000532966249967219,0.00106066158597638,0.000223821867127243,0,0,0.00401806005307125,0.000502242652535929,0.000566327311844852,0.00051216066383253,0.0347465718222215,0,0.000291030621300501,0.00120277683316495,0.0185522010538298,0.00564848844495687,0.00767142411018149,0,3.08189547191021e-05,0.00051618138542612,0.00154531498508933,0.00015890995289885
0.0231558794477654,0.144836670328544,0.00843472153966215,0.427087655360254,0.000761305941350647,0.130477615872503,0.0598044793784962,0.0209302251481305,0,0.166706339692127,0.00312503018251534,2.17455594151341,0.0121385291190565,0.0197873229676351,1.02698941339462,0.00518708700052427,0.00779671442621491,0.000474965524231325,0.00575167151641592,0.725497995851845,0.0029520119833792,1.80744595252251,0.00605672171610557,3.60311730939326,0.20179446833218,0.0106326694050075,0.10157595212658,0.192847371450688,0.0376022804084104,0.0394007357966214,0,0.00265485518059053,0.0406769281171727,0.0200207348898796,0.000647202255965152,0.0833238726621614,0.0570287666359387,0.0680993539426533,0.0522448555755617,0.62783336468074,0.00257179481008684,0.0323076095063341,0.0102759258784489,0.00237366407362214,0.00665073460806145,0.0051115756770925,0.0264741306971108,0,0,0.00491141094916499,0.0215632465274905,0.00113307806003813,0.071969350296467,0,0.00609718470003151,0.0179412570911057,0.00352022711702736,1.03895105639662,0.0262644704608877,4.51741086007263e-05,0.0610319520837631,0,0.00487620706669543,0.000764987005735008,0.00591100561506771,0.000775514389031911,0,0.00138650260244601,0.0730672846523236,0.00207168364071942,0.0130942639448817,0.00101634934155258,0.101244981896651,0.00138765919181216,0.000899085054390635,0.00219255898691618,0.0316071957840375,0.00722944513347337,0.0100921677911876,0,0,0.00238946306220269,0.00337499448040327,0.000252656038389904
0.0199990961573715,0.000277662385285697,0.0455779546794922,1.19371015167638,0.000998804435035938,1.69352886840939,1.42152344348283,0.602326138415703,0.166706339692127,0,0.00815164929834503,2.11504542669827,0.00217244734151201,0.277084486553276,0.0134815135080064,0.00195689487307855,0.00775102357852163,0.000189034678953773,0.00567277202782981,2.95783497927569,0.00639966776268635,0.0019209165090564,0.0131127092275489,0.189402787043701,0.00116922825824705,0.0179394210653073,0.00782112867502988,0.801127824872143,0.108934420691136,0.00688161741511353,0,0.00699646023802167,0.0123898077355216,0.0623612937564898,0.00138188610161574,0.101458727924825,0.019821164323895,0.129309674778446,0.0677567834362088,0.096521995179949,0.00212601827664238,0.00407181718449467,0.00373051704566414,0.000333143783124322,0.00443665431083002,0.00185650889041894,0.00421213967157128,7.35677477442138e-05,0,0.000570101801030305,0.000816357396938791,0.00106109457342398,0.0725300218542833,0,0.011618666333738,0.0323311924909572,0.00795261137651616,0.0833068759045829,0.0387969935658985,0.000132662236272715,0.0347892372734499,0.000112453932862189,0.00504591867976816,0.000464559826332142,0.00142862281040438,0,0,0.000250269755111315,0.0473962508801138,0.000790629504005007,0.000620639895472541,0.000988224644624607,0.0728558495351041,0.000159064457274584,0.000373089685751195,0.00106677565176471,0.0397095694527132,0.00386863997436846,0.00233858199637776,0,0.000106607248862862,0.000260698694170784,0.00199382892378719,0.000157439818709031
0.00239353014547667,0.00817120202458452,0.00397717050812408,0.00105763601004057,0.0684168273921479,0.00400484647526637,0.00729018151386961,0.00460462737547235,0.00312503018251534,0.00815164929834503,0,0.00783887535712699,1.37453214774365,0.0201671403922321,0.000629502425526004,0.00597208406314166,0.000829814545391255,0.447522646316768,1.76595176962724,0.00409252080289973,0.00444015182933585,0.0039268998223447,0.00964971883433148,0.0051666839365325,0.1502779942802,0.128569573846292,0.089960995191733,0.00705765073280769,0.136362020039848,0.00691731307372496,0,0.466923838847453,0.00525971051347613,0.823414747158178,0.000356543710674678,0.025691107541735,0.661272347565406,1.65880512497043,0.11492348049617,0.00931001182805832,0.0290831985611014,0.136097987450658,0.00150995495026625,0.00150310287813882,0.0011146931463772,0.000641341356499682,6.43296985954299e-05,0,0,0,0.0021831765638786,6.06855092388781e-05,5.02356303603178e-05,0,0.000322097372648953,0.00110896352913289,0.000216701039446552,0.000737064075933202,0.000296942730873403,0.000467921789226264,0,0.000960401459635356,0.00010025851455614,0,0.00202829035612321,0,0,0.00165159020722537,0,0.000460032300126069,0.000511785593340156,0.00035448419726531,0.00190088832539215,0.00113789609828673,0.00155006863501518,0.00121893072852247,0.00112028192664163,0.000488781506312058,0.000878372563198769,0,0,0.00013765143435359,5.74542157692612e-05,0.000139079494545663
0.00297679392384316,0.00121109699399702,0.00256641078480145,0.971742862692112,0.00142337134472935,1.49774712659795,0.0202901569251901,0.134320764830258,2.17455594151341,2.11504542669827,0.00783887535712699,0,0.00285306351944848,0.048699682578101,0.535335962120637,0.000708684013209416,0.000761853722663423,0.000234342243030108,0.00367692588107114,7.08948560468252,0.000546715623558659,0.00782161917296257,0.00103769489244834,0.306269180726975,0.000626310778693982,0.00181883292590312,0.00463829816817251,0.162402593201744,0.0491454845057595,0.00223608262853405,0,0.00973832454069211,0.00277957629182868,0.0514514671634992,0.0025261903197457,0.0544479717593665,0.0114142386192137,0.092933903873976,0.0418619683584934,0.569420583942941,0.00287128506203767,0.00543362223411101,0.00549389131449948,0.000160024867443013,0.00171548031669405,0.000610372928685182,0.0088202276434272,0.000204574461932713,0.000462746888637493,0.000273801033875195,0.000100956985811241,0.00062627707306355,0.0492527683765136,0,0.00633619589440552,0.0163793574090832,0.00461386729039935,0.0592799274109749,0.026063682726348,7.01326619070674e-05,0.111463368193421,0,0.0026593769242875,0.000217900655868548,0.000210216013098598,0.000442720401295061,0,7.78689863321913e-05,0.0439681453594834,0.00013600747911402,0.000536178609699601,0.000412371545742185,0.0309210151672707,6.6272041913821e-05,0.000153623863552828,9.43096572544493e-05,0.0160510916954247,0.00154132806018367,0.000914828576739346,0,0,6.37689494291278e-05,0.000984430992963315,3.58780974668388e-05
0.000432224064904452,0.0693254458976337,0.00614347053183242,0.000991355969266403,0.000261690514521839,0.00145131216007959,0.0046476445129426,0.00251588866581487,0.0121385291190565,0.00217244734151201,1.37453214774365,0.00285306351944848,0,0.00324786057499908,0.000732899490755614,0.00354127308413631,0.000329842484252013,0.00215621243851662,0.0285908560652615,0.00108151007165029,0.000526253057890672,0.0306729699149209,0.00142775993324139,0.00930615060503515,4.13593089207689,0.574677983652498,0.592544551707237,0.00428321820455861,0.00350702427975177,0.000923910431640592,0.0148339976082087,0.00185720391262475,0.000796828591905993,0.00909107136912785,0.00122321165195777,0.617090200699158,1.96874096162119,0.618640261402585,0.593057319629257,0.0127901093677782,0.01092181226607,2.90052176840735,0.141560741334404,0.0803635410437751,0.0137549518921179,0.0286440143552524,0.000388096377765884,0.00163840199727482,0.0479589591456395,0,0.0207777634841729,0.000768526161798884,0,0,0.000282214902430862,0.000454850538299415,0.000280237970265679,0.00150674015903028,7.46169420521952e-05,0.0612203431274419,0.000343754759147417,0.482363699261599,0.000438032648089184,0,0.000785398987339135,9.33420496259975e-05,0,0.00356978364476951,8.70376339075721e-05,0.000132366552069495,0.00166793543706571,9.51968174475466e-05,0.0010766965798548,0.00817509834309946,0.00349777116662549,0.00480773433873783,0.000645695905253877,0.000665159575345079,0.000200629160807894,0,0.000241445535344694,0,0.000303506851639507,0.000277262195214441
2.99021648831672,0.00072635806975478,0.0972048744223494,0.0119225822900053,0.000578443398252694,0.0363954235344089,0.863051894622225,1.79840836900189,0.0197873229676351,0.277084486553276,0.0201671403922321,0.048699682578101,0.00324786057499908,0,0.00240896858111932,0.002067096241382,0.104375381207875,0.000624199443524318,0.0182954165440199,0.0320506374874518,0.0235644655815944,0.00300664540203762,0.0365831628328019,0.0544676606487471,0.00129869325731348,0.0383015947885907,0.0183858379556971,0.0908926381023944,2.95169227439715,0.208234896061318,0,0.19386715044705,0.00960062821425143,0.272237759914449,0.000318420961606286,0.0273955870018858,0.0157003306151289,0.175063313862079,0.0366239420798863,0.0455206034572488,0.0156702745262515,0.00746050166768336,0.00628772611350499,0.000365502247711248,0.00453831114088648,0.00355634609833404,0.00157685849504251,0,0,0.00177007929110235,0.000356043279846853,0.000814777379435111,0.00265292778550367,0,0.000416130046573616,0.0115210346637884,0.00180634956526679,0.0118884248298436,0.00166800873500223,0.00011327985598007,0.00126615688896069,0,0.00444941821714664,0.000142070584662633,0.00145528366592759,0.000338956279336767,0,0.000142559179453879,0.00177130895349623,0.00114582838138449,0.000478700124228717,0.00082825813562249,0.0231572269616999,0,0.000217139922341729,0.00132071743325938,0.0154750336006215,0.00489436463267081,0.00864625512014589,0,8.37137771483292e-05,0.000387833232078503,0.00140576434010347,0.00013375384854557
0.00164732818728535,0.00275898527267069,0.00115795688142786,0.0272955309240023,0.0239774496770757,1.24388241155531,0.00868402162253946,0.0223963615026284,1.02698941339462,0.0134815135080064,0.000629502425526004,0.535335962120637,0.000732899490755614,0.00240896858111932,0,0,0.000902580954953856,0,0.000460833937662308,0.0297706233138722,0.00030375284231846,0.0392132230746388,0.00055318197814205,0.0785015824599422,0.0109294258599398,0.000864241808765703,0.00797045208775317,0.0124293785685753,0.00377388624148311,0.00128729687250275,0,0.0124038046701804,0.00249300171016018,0.00548661515020069,0.0359953480091633,0.00622637925843818,0.00638104197879093,0.00916246269691733,0.00895819623019797,2.14917718344318,0.00872927419191532,0.00610937602820558,0.000713681109706224,8.28840722470019e-05,0.000976531038109208,0,0.000140888645634527,0,0,0,0.000521925783746175,0,0.00113224011768928,0,0.000610661758465694,0.000660710634224252,0,0.00296232736408753,0.000412444607609159,0,0.000663051051827866,0,6.10960122631801e-05,0,0.000336286955104884,8.34810683850908e-05,0,0.000535880221266383,0.000575766221363253,3.20126674539381e-05,0.000116733412962445,0,0.00270059311361634,9.99326524743658e-05,9.77562473964003e-05,0,0.000912205718253971,0.000237923595247748,0.000256563200951211,0,0,0,0.000137791997160651,0.00108655563999345
0.00238295634532249,0.0460487185872146,0.0180361379038715,0.00134705511009761,0,0.000394308312918945,0.00241696553950715,0.000881606942936305,0.00518708700052427,0.00195689487307855,0.00597208406314166,0.000708684013209416,0.00354127308413631,0.002067096241382,0,0,0.0168855165484991,0.000265751444138488,0.00324363078579408,0.000438140264403322,1.29311081424248,2.26713020476509,1.88205960441153,0.535785779613451,0.00691081295649505,0.00702289270208449,0.705637253185384,0.239136148658017,0.00185069126322193,0.0912844481432314,0,0.00050170261243334,0.0076049545263829,0.0632576207504971,0.0127091890473009,0.39063303218686,0.231642931378259,0.310573501828531,0.327332339961765,0.0358071345281512,0,0.00466425689013736,0.0525910547478758,0.0330026990100027,0.0265194531754571,0.0309853559084707,0.00587414611473603,0.000241525616702194,0.000127269361440099,0.00201453545471957,0.00568611977173171,0.00856138148747983,0.000346484286445012,0,0.000210466645540355,0.00191113645532928,0.000669088589363773,0.0161882172529519,0.000409079348918426,0,0,0.000186697009717411,0.00224547352965339,0.00280764932045163,0.490138816172855,0.00199619998941623,0,0.000654866964510682,0,0.0946944771670848,0.267522954192032,0.176726440981637,0.0304768664666782,9.80947233826697e-05,0.000719450673797651,0.0206115893833506,0.0188714127616644,0.00408983473328944,0.0334020369961466,0,0,0.00296573558452067,0.0100378346334946,0.00346290048673007
0.192453620572938,0.0269543472649551,1.26296986510589,0.0017672565678241,0,0.00919494535429061,0.064067044265948,0.0864067427702959,0.00779671442621491,0.00775102357852163,0.000829814545391255,0.000761853722663423,0.000329842484252013,0.104375381207875,0.000902580954953856,0.0168855165484991,0,0.00172147500928651,1.07482664565199,0.00122542811754466,0.0404296599382807,0.0170237977679274,1.14150169718769,0.0218624837375587,0.00044878091590092,0.910459448178967,0.280448545136895,0.0460887525466661,0.47283523916353,0.118272110442912,0,0.000215980096282917,0.00848031969639819,0.277693850684753,0.000271933264030855,0.0194166466159003,0.256889110672169,0.0433304992465237,0.0145742998268325,0.00341426006823051,0.000539190685827404,0.000318123395541936,0.00349276134021186,0.000369818413374108,0.00409791609528969,0.00152844003874929,5.29909682249283e-05,0,0,0.000139946754326515,0.0192766604411529,0.00367814477330669,0,0,4.49699721591077e-05,0.000794299529071899,7.13859771393471e-05,0.00394043233349549,4.43297744503269e-05,0,0,0.000518926770436759,0.000312275622580451,0.000238789292285324,0.00332066506325442,0.00143474885031232,0,0.00120927537302998,0,0.000763714138861731,0.00579354645878535,0.000838118342661085,0.00235025277709898,0.00164906560787783,0.00148939595959814,0.0157254174439018,0.00211207425570568,0.000802473501160283,0.00193381036155477,0,0,0,0.000724043707422642,0
0.000907673379994194,0.00207137025843082,0.00138887011379827,0.000104497680875441,0,0,0.000362469655437284,0.000245783435154356,0.000474965524231325,0.000189034678953773,0.447522646316768,0.000234342243030108,0.00215621243851662,0.000624199443524318,0,0.000265751444138488,0.00172147500928651,0,2.06837127256966,0,0,0.000132689190374123,0.000434632284472448,0.000160840775714828,0.0048139177278754,0.419760980034102,0.00735461446235537,0.000319179558181171,0.00565135348255179,0.000324878064054649,0,0.000402644287771892,0.000214139698043372,0.00422382943831516,0,0.00134903127583366,0.0238653458342102,0.0181052015317447,0.00188422813691021,0.000426608997205315,0,0,0.000159039072980856,0.000533351427797396,0.000178380027464918,0,0,0,0,0,0.00154137036700733,0,0,0,0,0,0,0,0,0,0,0,0,0,0,0,0,0,0,0,0,0,0,0,0.000123236320146766,0.000176865509093141,0,0,0,0,0,0,0,0
0.0117409096370724,0.0368077859160301,0.0662579158493751,0.000397629534923007,0.000940012364979183,0.00398686466504478,0.00757248150179171,0.0106244102608248,0.00575167151641592,0.00567277202782981,1.76595176962724,0.00367692588107114,0.0285908560652615,0.0182954165440199,0.000460833937662308,0.00324363078579408,1.07482664565199,2.06837127256966,0,0.00338597268721164,0.00262208677668614,0.00641630344833013,0.0144623997191904,0.00281111775396601,0.0583086611538383,1.80893545509636,0.146271668700496,0.00463330715684877,0.0121255047245293,0.00580292517587525,0,0.00261927409346361,0.00525543277820956,0.574157844512909,0.000223143378231376,0.0492727635146892,0.3684647315455,0.588239625858436,0.0646240107293032,0.00474994597967014,0.000407835772660951,0.00221381911568675,0.0023972112308999,0.00279099556009658,0.00578070397508996,0.000679070319069178,0,0,0,0,0.0246980155121935,0,0.000469017911446171,0,6.88459109177246e-05,0.000579210333544529,0.00017716743824878,0.000761834067122074,0,6.83346007532455e-05,0,0.000259230045587035,0.000112844342316976,0,0.00190890599421422,0.000230143191057471,0,0.00591120154130912,0.000900725168229868,0.00037685222751665,0.000800722560696621,0.000526367888601659,0.000966881942836528,0.00237499243034489,0.00362267544266366,0.00392660055704859,0.000818190304837112,4.41741171009584e-05,0.000481152178196947,0,0,0,0.000737498374862082,9.28996454552938e-05
0.00762133716075829,0,0.00131986596207466,12.6505106876332,0.000263414194017047,0.0739782261360646,0.0171438209720983,0.0474889918899564,0.725497995851845,2.95783497927569,0.00409252080289973,7.08948560468252,0.00108151007165029,0.0320506374874518,0.0297706233138722,0.000438140264403322,0.00122542811754466,0,0.00338597268721164,0,0.000555970807958536,0.00123010165768032,0.0010483237856381,0.613651559633277,0.000519585719517646,0.00210459228018624,0.00186632609095706,0.561385646626101,0.0284817626893476,0.00132383278115683,0,0.00551597035025113,0.00860489275413662,0.0292418660236515,0.000409361897424643,0.0438504745087233,0.00961983803121681,0.0686964605694131,0.0528300915778441,0.115840843479363,0.000688897553541803,0.00559846466002076,0.00287284485206519,0.000366270878789645,0.00311720450700452,0.0018404786721934,0.00937680866287783,0,0,0.000916900442483544,0.000130225109631663,0.000267776462513896,0.104108500642577,0,0.00835134715921019,0.0187467961865408,0.00543184401807941,0.12980798626086,0.0264025379539129,0.000111036418614959,0.0786250217347263,7.81844956322161e-05,0.00272492158876952,0,0.000184196614636898,0,0,0.000152692703928206,0.0718636608297369,0.000283165985949584,0.000143154661685352,0.000361413720587677,0.0420235841634397,0,0.000129580234023526,0.000104887513570966,0.0182997625140149,0.00181774361746134,0.000717933525645667,0,0,0.000956251457847066,0.00198768743200678,1.5528995967134e-05
0.0359809587219428,0.000930189556036052,0.16033700606785,0.000375947427689522,0.000146997885555203,0.00195650959543577,0.0797636002853563,0.0135557303981264,0.0029520119833792,0.00639966776268635,0.00444015182933585,0.000546715623558659,0.000526253057890672,0.0235644655815944,0.00030375284231846,1.29311081424248,0.0404296599382807,0,0.00262208677668614,0.000555970807958536,0,0.0418822155492656,3.35403166555677,0.0664441995656862,0.000436937012485158,0.00672745672278352,0.0391347548179485,1.03585170220096,0.18696451642346,2.05070802605268,0,0.000254460813058837,0.372113602202752,0.498060548890497,0.014229977498381,0.240963996578343,0.0692141590593446,0.569467840636905,0.262921818812738,0.0212354747072026,0,0.000638971691265898,0.0238741250777542,0.0079568737935828,0.00891897707525996,0.00621471748419785,0.00144789188024083,0.000194650308015125,0,0.00101540693347866,5.84991724432971e-05,0.00139936468073673,0.00010037143585322,0.000272061964394323,9.17045040067853e-05,0.00154332030626707,0.000748092630416557,0.00510699398153081,3.18477285044493e-05,2.95251468708903e-05,0.000131425424694197,0,0.00113006913020573,0.000951483810455514,0.106084678643833,0.000788348234033395,0,0.00030713461856194,0.000237494378576505,0.0394975718876432,0.0454529031212033,0.0268823202796029,0.0128140203289297,0,0.000171739906467761,0.00481531000669827,0.0126944160191692,0.00344051918486604,0.0249738917265157,0,0,0.000694916226028238,0.00432628226113084,0.00231392396236236
0.00282232755447897,1.62603804926448,0.103807585027419,0.00557154674123428,0,0.00215230324636882,0.00336052426762881,0.00141879375946055,1.80744595252251,0.0019209165090564,0.0039268998223447,0.00782161917296257,0.0306729699149209,0.00300664540203762,0.0392132230746388,2.26713020476509,0.0170237977679274,0.000132689190374123,0.00641630344833013,0.00123010165768032,0.0418822155492656,0,0.136395592164382,1.92371967720002,0.476893230298308,0.0153247998665704,1.19296065327308,0.0780367501063264,0.0042045227808268,0.0248928187370852,0,6.90863320238341e-05,0.00514184075964533,0.0200322696679382,0.00223272588719521,0.138401988938755,0.154785434929768,0.122898005670321,0.0821312456205391,0.0833729872053691,0.000897567883490588,0.0808120171021437,0.0320171795200182,0.0180256675050008,0.0315082506684742,0.0182745195618891,0.00264289119120396,0,0,0.000746431883433041,0.211805772044994,0.0384330346321376,0.00204698782376943,0,0.000575599774025739,0.00287324599335782,0.00039678249938044,0.13201279729615,0.000299883652347937,0.000291125099575985,0,0.00220375850667239,0.00157671783149255,0.000715162387060788,0.182408246730486,0.00268091681099203,0.000215204860895823,0.00374463740758277,0,0.0202238516676151,0.455993950205964,0.0471668646872407,0.0296795092730353,0.0102523639276334,0.00410154585752937,0.111456420437204,0.00862066702231811,0.0023293806939296,0.0112145543557705,0,0,0.00330836349495902,0.00637611916852665,0.00122819370343959
0.033315368661458,0.00401285153405883,2.87287238324062,0.00151714445495071,0.000110596195629401,0.00663359242375873,0.150314300250064,0.0367931290154236,0.00605672171610557,0.0131127092275489,0.00964971883433148,0.00103769489244834,0.00142775993324139,0.0365831628328019,0.00055318197814205,1.88205960441153,1.14150169718769,0.000434632284472448,0.0144623997191904,0.0010483237856381,3.35403166555677,0.136395592164382,0,0.100516027657635,0.000343815299146781,0.0977782315652757,0.840178282401583,0.538291295049942,0.452231546173774,0.258367967365319,0,4.70178728805793e-05,0.108357522565033,0.377376712921898,0.0320956924537546,0.450286540085548,0.221162043105276,0.782172474393317,0.490406397927271,0.0382133730308275,0,0.00123320576169059,0.0371018488076523,0.0153305007694238,0.0185358290738918,0.0196173090119052,0.00163422802904782,0.000442239417045805,0,0.000633166571113955,0.00337282957656354,0.0144854710377931,0.000117718724094051,0,0.000294234768434077,0.00261466718057204,0.000732898296422223,0.00412200190628398,0.000301383521216802,0.00010334906906045,0.000109361686477719,7.41159952603061e-05,0.00125407055082495,0.00060886544860422,0.183804359218677,0.00117316847822185,0,0.000543364130116366,0,0.0239427870015802,0.151130905896631,0.11485679301202,0.0118224166384116,0.000320073965625213,0.000415163706787326,0.0747053026258661,0.00915046545737164,0.00116531877192567,0.00562378730826183,0,0,0.000429568880110896,0.00465984202845056,0.00530723709520184
0.0336034537944963,0.0822146447155692,0.0355997740314134,0.914420353106236,0.000479530637829127,0.0534525294294186,0.0940610905524115,0.0590078522085181,3.60311730939326,0.189402787043701,0.0051666839365325,0.306269180726975,0.00930615060503515,0.0544676606487471,0.0785015824599422,0.535785779613451,0.0218624837375587,0.000160840775714828,0.00281111775396601,0.613651559633277,0.0664441995656862,1.92371967720002,0.100516027657635,0,0.0404778695474768,0.0171824628067092,0.24907944111631,1.82949907173801,0.0965803443172738,0.171862933448781,0,0.00488298160685875,0.0645984035705387,0.0695000866727986,0.0056671075442204,0.242095428862127,0.0711811881501378,0.215993355324421,0.146030333948391,0.212426899868479,0.00189432141633515,0.00842993764367654,0.0478420928107118,0.00706376666487054,0.0377904186215414,0.0248074886642684,0.0156604813962151,0.000139616976405001,0.000101417244475242,0.0154931439677336,0.00329510331914228,0.00625018735455791,0.0616450346467936,5.20296883470689e-05,0.0120118650479309,0.093868698082739,0.0179646793849672,0.345683773392529,0.0275463417710897,0.000429431668215433,0.0198689542000028,9.76466275784613e-05,0.0308759072213505,0.00332955075481152,0.0711811890066439,0.00257457040590882,0.000208259212064943,0.0012026630527968,0.0363207777038871,0.0274343082663221,0.0418756611903186,0.0211269222752795,0.324575695220032,0.00064504837094508,0.00276783588546117,0.0129601294477318,0.123303587504756,0.0399641359255295,0.0773415253962755,0,0.000189742693131489,0.00786244539161653,0.0165113281333394,0.00232306122544599
0.000598131411816936,2.88984040203595,0.00102888936319509,0.00010797603245715,0,0.00113092623669712,0.00013768569448438,0.000390142041555324,0.20179446833218,0.00116922825824705,0.1502779942802,0.000626310778693982,4.13593089207689,0.00129869325731348,0.0109294258599398,0.00691081295649505,0.00044878091590092,0.0048139177278754,0.0583086611538383,0.000519585719517646,0.000436937012485158,0.476893230298308,0.000343815299146781,0.0404778695474768,0,0.0701574344819843,1.31880931976083,0.00128612042141056,0.00069581685858764,0.000442778573782965,0,0,0.0016444642623407,0.00565334859103474,0.000135209705840016,0.0439548010378384,3.00058279648454,0.318282587131703,0.103268250080765,0.0210402162717186,0,2.65163280546513,0.00602009838423409,0.117956523094166,0.0322341171784237,0.00340340620342904,0.000307825328598899,0,0.0039182140748128,0,0.606285654661778,0.00154584926293192,0,0,0,0.00015739173576438,0.000483238432999484,0.00235817788867609,0,0.00558464969890453,0,0.106589732296137,0,0,0.00246020272756689,0.00240740175230573,0.00168388909002955,0.046874875353494,0,0.000518536108114179,0.0350778047120657,0.00129646276682997,0.000433849612257914,0.066638182927361,0.0258338787535121,0.0315732559138707,2.3802774588307e-05,0,0.000738234231931204,0.000268655354183588,0,0.000644104059077666,0.00273792197279549,5.74234101066474e-05
0.0273846010558063,0.0831061598427088,2.69307021695901,0.00213787799015786,0.000131382347620156,0.01329030024232,0.0561478370624186,0.0538781061399687,0.0106326694050075,0.0179394210653073,0.128569573846292,0.00181883292590312,0.574677983652498,0.0383015947885907,0.000864241808765703,0.00702289270208449,0.910459448178967,0.419760980034102,1.80893545509636,0.00210459228018624,0.00672745672278352,0.0153247998665704,0.0977782315652757,0.0171824628067092,0.0701574344819843,0,2.45685932448328,0.0366786694559836,0.01251034045572,0.0185296916777646,0,0.00160066647380811,0.00171413902845343,0.0432733344652439,0.000750311656758794,0.0832108314332791,0.329276051672037,0.290886082540759,0.0405139992897086,0.00444066199644995,0.000170823726729136,0.00131428354175967,0.00560496064460297,0.00800427141765142,0.0196760061606985,0.00175521415501576,3.58130804136731e-05,0,0.000184535304986249,0.000141758538699622,0.0741023050540407,0.00296322831580721,0.000123548913615046,0,2.09173595581977e-05,0.000856048002105496,0.000101276187012837,0.00111164456163479,0.00020058003330604,0.000849678434931076,0,0.00441629464936243,8.80907651381002e-05,0,0.00129582979870567,0.0033476399786123,0.00111618770176554,0.0165346297925342,0,0.000318283077899577,0.00282557204755582,0.000458427946109789,0.00233708908407476,0.0107713810777003,0.0173871823711041,0.0437525453598969,0.00054891451460105,0.000276540932908219,0.000695901893659686,0,0,0,0.00355510948593098,0.000307695507467982
0.0126952920119557,1.51631690875172,1.63247741575924,0.00176255659954528,0.000122899262334574,0.003534961701153,0.0170047518844525,0.0112825344549034,0.10157595212658,0.00782112867502988,0.089960995191733,0.00463829816817251,0.592544551707237,0.0183858379556971,0.00797045208775317,0.705637253185384,0.280448545136895,0.00735461446235537,0.146271668700496,0.00186632609095706,0.0391347548179485,1.19296065327308,0.840178282401583,0.24907944111631,1.31880931976083,2.45685932448328,0,0.118692944940354,0.0146385275898723,0.017221931004524,0.000132223101526784,0.000552002495077889,0.00261760809515047,0.135449509285581,0.0151304068064353,0.430933804535389,0.528545381272101,0.920889785402696,0.25983122418765,0.0388743347717466,0.000119501301490231,0.00655735333334172,0.0305158584454506,0.0276942159011077,0.0393807146848567,0.010015609296555,0.00127630410215597,0,0.000542461003389961,0.000278431194230707,0.182905967098578,0.0643034761261069,0.000309727844208061,0,0.000141917495281934,0.00285658835265754,0.000117850827902202,0.00446129767182413,0.00020530689599408,0.00181573803298288,2.76505486105044e-05,0.00902234759154298,0.000589666966394337,0.000364308255689665,0.0528017073472777,0.00953633177756321,0.00130762400786266,0.022850563651397,0.000570492861431939,0.00563609093165073,0.0863300279826416,0.0430544534688039,0.0126773091030568,0.0263553205222597,0.0453728061066471,0.331260722605946,0.00671118269043655,0.000801021675053329,0.002577731101065,2.71874456111345e-05,0,8.20397549330721e-05,0.00982250509538803,0.00454934826838567
0.0482361793631614,0.00290516709641972,0.285110520281755,1.86442628675935,0.000818290064194954,0.0854100887334571,2.27489290017059,0.0851181034776065,0.192847371450688,0.801127824872143,0.00705765073280769,0.162402593201744,0.00428321820455861,0.0908926381023944,0.0124293785685753,0.239136148658017,0.0460887525466661,0.000319179558181171,0.00463330715684877,0.561385646626101,1.03585170220096,0.0780367501063264,0.538291295049942,1.82949907173801,0.00128612042141056,0.0366786694559836,0.118692944940354,0,0.140943582619111,1.54207173621744,0,0.00555811548106968,0.0981529053878344,0.153595909142779,0.0104850902070284,0.328421845626539,0.0733416043056285,0.367376274456792,0.219335758619554,0.123359077998963,0.00274834922152512,0.00459582357621835,0.0369903473389201,0.00521407392202034,0.0254690871613942,0.01687689498296,0.00813102731717919,9.01771655050301e-05,0.000241691244294206,0.0147261334097028,0.000763460004504047,0.00384778007481758,0.0818515326437719,0,0.00783686134247615,0.0717594615078285,0.0132432433155172,0.125385416609426,0.0198094747875872,0.000446320041119965,0.0138457548100022,5.27655335713618e-05,0.028936259728132,0.00153829114192634,0.0431679952051481,0.00236280554070029,0,0.000625743673302818,0.0195974897302751,0.0188766707328766,0.0234733602168195,0.0157077184072164,0.162138120620195,0,0.00212267235918233,0.00842071302339751,0.108575452824888,0.0383584117852476,0.0753108410485859,0,2.61127266495561e-05,0.00617776137296726,0.0117810987452978,0.00282461784545531
