0,0.000921198807163898,0.0516090920752213,0.00755185162844247,0.00283061718354591,0.075889545565801,1.34069822066202,0.809830656342757,0.00635527117230848,0.121404952264921,0.0035552350712906,0.0203605471309529,0.000618614139506014,3.60043233009481,0.00343051949009854,0.00627059009236723,0.0393003962974846,0.00348010912933747,0.00936716487469767,0.0843103156141581,0.0253509321207983,0.0130787615341033,0.0320127923033469,0.0215514068604247,0.000222883644490855,0.00650138010776227,0.00558939617951016,0.04876500477169,1.01406397982264,0.718461164375459,0.000404389633439074,0.00754826035299459,0.0244922635289471,0.164974550458772,0.00109004888992428,0.0446033304567723,0.00698502273471179,0.13295091242532,0.0522553510598883,0.0172744740885168,0.0085498935168918,0,0.00317624044195004,0.000601767240958249,0.00368372326550361,0.00308919355075698,0.000395027773883741,0,0,0.000593047267557871,0.000150665300374619,0.000191867896144448,0,0,0,0.00237963223236561,0.000244001973880319,0.00358479901166085,9.04348217960673e-05,0,0,0,0.000752348525667364,0,0.00123795883680458,0,0,0,0.000224085348608516,9.15090788698725e-05,0.00120512265272599,0.000206965949884685,0.0101924591534206,0.000127775837123881,5.94081023153172e-05,0.000313274502578056,0.00610769671394152,0.00115637114379181,0.000431731227091683,0,0,0.00220214162302014,0.00129385262365502,0.000440762496783603
0.000921198807163898,0,0.0329905293176024,0,0,0,0.00255631423380795,0.000240355060892213,0.059738658239923,0.000173364967026508,0.0192341489517069,0,0.242788652466948,0.000389632845539379,0.000870091061015188,0.191611352342602,0.038709965802955,0.00774842390009982,0.0615124327540917,0,0.00422180399524725,1.47799053944002,0.0153079678052785,0.0409641016917918,3.24935784228764,0.0765850976264708,1.92220330014914,0.00631708700316677,0.000750738261074586,0.00210754289250323,0.0284154679031184,0,0,0.0390058097451427,0.000539053615453315,0.0263614706265544,0.165408996103779,0.0867793529446999,0.0236475261655716,0.00648046721409149,0.00351282645529286,0.143521087744958,0.00509587115800601,0.0288853175070573,0.0221432046909225,0.00721001038896444,0.000493379491254484,0,0.0104145644780815,0,0.326690361603782,0.0306233843748162,0,0,0,0.000332755557254871,0,0.00195514322163001,0,0.00445304945228091,0,0.0803814551800423,0.000139707746548406,0,0.00318142515980135,0.0106030850153206,0.00423033778226138,0.024392625201558,0,0.000123495080915427,0.0654088747318143,0.00258394853330008,0.00181794414743969,0.434112842127068,0.0365967785994537,0.207968353606138,0.000470468774048223,0.000228482969070478,0.000469216934661409,0.00219345984318764,0,0,0.00642988673790298,7.22445000639891e-05
0.0516090920752213,0.0329905293176024,0,0,0,0.000240551841375612,0.135989008642703,0.00403519267888005,0.000898133284755343,0.000659335321467822,0.0061757888911691,6.67033583775546e-05,0.00195538228330071,0.0275168074956235,0.000902871361239246,0.0124640924962054,2.93755993610365,0.0303136969571472,0.152719526607883,0.000129425318010065,0.353835246695682,0.0155283786904524,3.05164208568196,0.00966295706896209,0.00349292036493167,1.37226171029632,1.37629334427311,0.111108772688765,0.0126640581045995,0.141524638443828,0.00175132905869927,0,0.00301501239386712,0.218252547052143,0.00252352559057062,0.143241502395758,0.137872492130311,0.465853924849388,0.0884746555936007,0.00630410517601339,0.0055849903457952,0.000675285146152397,0.00283865283951213,0.0026999326724395,0.00305018381327544,0.00146588320055091,0,0,0,7.24057903078029e-05,0.00703201598534616,0.00485749909277502,0,0,0,0.000103326475409357,0,0.00148627431535811,0,0.000580530705385262,0,0.000424680308224437,0,0,0.00174256959523032,0.00136353612784021,0,0.00112945284591397,0,8.14408174637429e-05,0.00930640096132329,0.000869710910056736,0.00152425648466974,0.00259887005502917,0.000652033205949478,0.0179903028679011,0.000734475567412832,4.9913484225078e-05,0.000135799281781868,0,0,0.000266860336658415,0.00046600678393814,0.000808620653156014
0.00755185162844247,0,0,0,0,0.0120073100776259,0.071765007304235,0.000918314827245505,0.299103375281667,0.461092648709337,6.06510698890946e-05,1.91966997662864,0,0.00208607641353556,0.000817934503189593,0.000578018380977072,0,0,0,14.1140239194433,0,0.00128941855165146,5.44670181773406e-05,5.32714892744308,0,0,9.90468900221634e-05,2.40887675501585,0.00162922864746626,0.000363913815645205,0,0.000168935551457661,0.000775103903731731,0.000641036573749669,5.91038374808568e-05,0.00344654436069437,0,0.00114720545747843,0.0001366857222274,0.0164572322629208,0,0,0.00112510411185101,0,0.000467099981620554,0.000472334483114447,0.00107578759572201,0,0,0.00150329955511162,0,0,4.61560075381905,0.000166759248306968,0.00956516571699228,0.00139191886448785,0.000873556791973858,0.0113904080224128,0.0177841978328848,0,1.60021573168746,0,0.00188654234926724,0.00275830830496191,0.000400895704754198,0,0.000193329717303671,0,2.62013610711386,0,0.000314430624144369,0,0.107359040497479,0,0,2.2307520733178e-05,0.0528548459408617,0.00246127890144529,0,0,0.000407383581834474,0.00111874197115641,0.00170053977307455,0
0.00283061718354591,0,0,0,0,0.336272356238457,0.00119313220691931,0.10779849300438,0,0.000323058421924895,0.00142544100025335,8.63776993860477e-05,0,0.0160489218504451,0.243157001784464,0,0,0.000798880032047995,0.000877733569736945,0.000183207580970337,0,0,0,8.92333960905169e-05,0,0.000145214814713333,9.56656305979055e-05,0.000150995260269515,0.0461124148690077,0.000469393686163829,0,2.42181338789079,0.000485871188831116,0.704430767515621,0,0.0015826335870875,0,0.021901930337421,0,0.690863819794554,4.2910566135161,0,0,0,0,0,0,0,0,0,0,0,0,0,0,0,0,0,0,0,0,0,0,0,0,0,0,0,0,0,0,0,0,0,0,0,0,0,0,0,0,0,0,0
0.075889545565801,0,0.000240551841375612,0.0120073100776259,0.336272356238457,0,0.332660522422271,2.93389600349134,0.00314516006593669,1.40190756240027,0.00144512489993665,2.01981246195743,0,0.164710831854435,0.79409748125145,0.000185259920217279,0.000315751543258664,0.000510701841098738,0.00137487316153511,0.160466776910872,0.000231542044066968,0.000298975286360256,0.000572324249672335,0.00641929974823369,0,0.000251199296801473,0.000377137798273211,0.0555433584526589,0.0825583265126404,0.00241424708301212,0,0.35571232174933,0.00101235938490999,0.27118427688559,0.392181643190796,0.00362126146092456,0.000276188831615266,0.0289496899847322,0.000899320340495809,0.474956393576491,0.338105949518381,0,0.00016342348710293,0,0.000294565965880891,0.000325971547860293,0.000291244078200499,0,0,4.33839557868621e-05,0,0,0,0,0,0.000207400038623686,3.91100106836581e-05,0.00187446387600014,5.54372728051281e-05,3.53311886453706e-05,0,0,4.5154980176656e-05,0,0.000154977265092058,0,0,0,0,8.85703710209018e-05,3.95330612099776e-05,9.83676347349922e-05,0.00147948261185607,0,0,0,0.000910080041398503,7.38758309667261e-05,0,0,0,4.54680677079125e-05,0.000117855775643116,0.00119944778751235
1.34069822066202,0.00255631423380795,0.135989008642703,0.071765007304235,0.00119313220691931,0.332660522422271,0,0.329187291539889,0.0448448236259533,4.12580314514412,0.00527305203348297,0.033949208974404,0.00246943350131304,1.70515830933727,0.0115504931532419,0.0147364879115844,0.0504922600494704,0.00284307415422901,0.00789612671788445,0.0920825382613746,0.157851835636294,0.0344415679358956,0.128701625908808,0.28368380439778,0.00145746427053377,0.0167075458493266,0.0304220241780844,4.43194975816409,0.278138243569199,1.56746468661387,0.000120307758846055,0.00523011814679729,0.057393122885862,0.19156069660403,0.01236652862493,0.22134302641221,0.036958111291991,0.267557637236713,0.137062814528184,0.0504229825319789,0.005242435533585,0.00129217921414166,0.029575328522271,0.00296890377381416,0.0309270036320262,0.0115177947187221,0.00142903265979942,0.000868226667606697,0,0.00453709791241542,0.00017391431524896,0.00106907698401332,0.00256631592322331,0.000208027008351375,0.00148408193499252,0.037680827712946,0.00376658160260198,0.037095892822929,0.00655141159196981,0.000396407186444225,0.000777921325714342,0.000146944486052185,0.0110289043839745,8.81722554930383e-05,0.0060237756920804,0.000373140925544148,0,0.000361002591555355,0.000853941010752391,0.00227901317534368,0.00549683083168527,0.00193363513446126,0.133934394520599,0.000251245588483974,0.000302645904746229,0.00264961036532123,0.0760935902131143,0.0198905036219989,0.00563372800398247,0.00012165303396575,0.000247016079884274,0.0170277896233101,0.0102206758776891,0.00227975746074447
0.809830656342757,0.000240355060892213,0.00403519267888005,0.000918314827245505,0.10779849300438,2.93389600349134,0.329187291539889,0,0.000671004789868518,0.362171560353919,0.00621525270068855,0.02346853715467,0.000246322873943571,2.47351175120583,0.0116191504091706,0.000531501931701802,0.00366437945840242,0.00186868249171766,0.00270817236362297,0.0158443184430994,0.00250128428538602,0.000882159746994796,0.00311882252478833,0.00447561817300061,0.000116015962688138,0.00241542720396562,0.00169206504514613,0.0192261117537446,0.160719020180107,0.047800053492445,0.000330656771746575,0.265258327503679,0.00401549701848551,0.241731529679808,0.00219623019305289,0.00405915044129676,0.00130947521897691,0.0390077193781719,0.00342507069744638,0.00485230780147909,0.0394392731170033,0.000118900295344298,0.000317875834836698,0,0.000348359866215021,0.000233920666132604,0,0,0,0,0,0,0,0,2.18657608663244e-05,0.000360937524940055,0,0.000962679604388399,4.75103364248491e-05,0,0,0,0.000143769484580565,0,0.000111818395710131,0,0,0,0,3.21932212190223e-05,8.43966008763604e-05,0,0.00207374824231589,0,0,0,0.000877685969361245,0.00029321774564029,0.000113587817146136,0,0,0.000218398910352023,9.03305516349751e-05,1.56878771886684e-05
0.00635527117230848,0.059738658239923,0.000898133284755343,0.299103375281667,0,0.00314516006593669,0.0448448236259533,0.000671004789868518,0,0.0107550296848851,0.00135509344104326,1.58837657912404,0.00785915739851618,0.00337116144988858,0.396885171158136,0.0477283777556657,0.000521162789364205,0.000381043381980264,0.00288566638395332,0.452062358987329,0.000839376021774169,1.79403526920238,0.00151629203700976,3.15357564456811,0.0740851371890616,0.00371427522491977,0.0148584777374612,0.13766895327696,0.00297702439831451,0.00600104973947971,0.000782090948233671,0,0.0049524514563462,0.00647527830122695,0.0187800693025766,0.0447205757292281,0.0142495800517291,0.0105098787567208,0.00948497227873003,0.828193893930463,0.000406205818389085,0.00731705484400557,0.0488024105873015,0.0074525873704237,0.0536067414999187,0.0336950937204342,0.00300738998017861,0.00274807149823641,0.000746856020851523,0.00710721428463977,0.00466721308711425,0.0018238184605543,0.00677499395837782,0.000473613700154717,0.00217668674583471,0.0286956142267913,0.00237782539472397,0.846391790168467,0.0134755399135923,0,0.00134865777058118,0.00182445171405433,0.00938205147283604,0.00012703069409481,0.042680332899253,0.00142103325160512,0.000236169690310373,0.000520674092818685,0.00402572623096875,0.00480986188399592,0.136660847137955,0.005558943181701,0.29414074329289,0.00468945108043318,0.00086350774486836,0.00915199471990848,0.08439311833177,0.0181768032101762,0.00650778294189417,0,0.000557134313310254,0.0364631704386058,0.0146844627228849,0.00159853819546701
0.121404952264921,0.000173364967026508,0.000659335321467822,0.461092648709337,0.000323058421924895,1.40190756240027,4.12580314514412,0.362171560353919,0.0107550296848851,0,0.00175678608734204,0.85424164940297,0,0.402077635039867,0.00741009436585229,0.000649646454536388,0.000417875148776637,0.000441744221024701,0.000774287401834676,2.82700081696586,0.000649470486248949,0.00146211385092625,0.000480976251624641,0.0399227471258973,0.000239344136020457,0.000591523337378383,0.000534566074126062,2.09323667046496,0.0530455663726111,0.00387648526256992,5.28779448172143e-05,0.00103128607374803,0.00506719458591437,0.0481565321148101,0.0597622088076279,0.021669504256274,0.00118381117405548,0.0357126115680342,0.0109723482390576,0.00829690657664054,0.00135777998477168,0,0.000447348788855119,0,0.000505591486775253,0.000329983654943334,0,0,0,4.52924818284076e-05,0,0,0.023255491183341,0,0.000142915608477986,0.000757781517112967,0.000108941562053128,0.00241009456602864,0.000912011426675161,0,0.00103924951978855,3.63710675383737e-05,0.000267073047774527,4.26790305021497e-05,0.000326901779632135,0,0,0,0.00105113536735164,5.64889304491158e-05,0.000193948064413734,0,0.00588980354295495,0,0,7.08256411117423e-05,0.00339507147211988,0.0002692235527102,0.000144470328639088,0,0,0.000721959722585714,0.000326291151450418,0.000116696794025105
0.0035552350712906,0.0192341489517069,0.0061757888911691,6.06510698890946e-05,0.00142544100025335,0.00144512489993665,0.00527305203348297,0.00621525270068855,0.00135509344104326,0.00175678608734204,0,0.000275738995566352,1.4870891883469,0.019203137894826,0,0.00143211964481342,0.0357782322639345,1.41294743827586,1.60034259141772,0.000411308804957957,0.00154965975250985,0.00582165447547222,0.00427842974860723,0.00140515831044706,0.222893126535944,0.760355521000426,0.103049017759768,0.00135381991848498,0.0324163570343113,0.00268030010687189,0.373972712327048,0.00679024254933286,0.00537235034726156,1.56737383994016,0.000546723157061129,0.0752416643445068,0.760661304556024,1.84679583304108,0.111801190289427,0.00140570920603698,0.00828222653993401,0.176158344724677,0.000369900035512281,0.0141558225306566,0.00161120002365368,0.000272861660431545,0.000265156723485729,0.000287367387118955,0.000291007279777549,0.000129912572899547,0.000991572452350303,3.83601867613888e-05,0,0,0,0,0,0,0,0.00560238865957888,0,0.0134054130382653,0,0,0,9.25819159560701e-05,0.00128258988932896,0.000428806236262161,0,0,0,0.000125687533222567,6.67189978647556e-05,0.0162672270791179,0.00490464410203047,0.00807668142762115,0.000285839995109913,5.80863829362124e-05,0,0.00308172782447439,0,0,4.01511500571312e-05,0.000252208498362762
0.0203605471309529,0,6.67033583775546e-05,1.91966997662864,8.63776993860477e-05,2.01981246195743,0.033949208974404,0.02346853715467,1.58837657912404,0.85424164940297,0.000275738995566352,0,0,0.0091617369775228,0.605978799349923,0.000179347016088542,0,9.65052154610416e-05,0.000158161025862654,8.63728281008755,0.000108312627177137,0.000193590905015601,0.000197232109157757,1.44323868719655,0,8.61563905535216e-05,0.000336829538331061,0.126314882194554,0.00892732435958929,0.000264476373083663,0,0.000541219019456231,0.000768233163305255,0.00682154272250623,0.766131710945302,0.0259212208643408,0.000498082720586015,0.00394397652398235,0.00103922358278505,0.624001454518941,0.000371330681869033,0,0.000281978208233434,0,0.000669671518429871,0.000134646529230051,0.000802211071698842,0,0.000238394700072628,0,0,0.000181077406225793,0.0219805507232276,0,0.00022002523218612,0.000144827601774276,0,0.000473806244337622,0.00039998649566641,0.000130376781501788,0.145432351333708,0,7.07436387126998e-05,0,0,0,0,0,0.135596562263037,0,0,6.5794560050788e-05,0.00493682192638841,0,0,3.75020760227552e-05,0.000582849332696589,0.000156877084334007,0.000149497049828213,0,0,8.7512783121137e-05,0.000213805668528522,0.0117105704844298
0.000618614139506014,0.242788652466948,0.00195538228330071,0,0,0,0.00246943350131304,0.000246322873943571,0.00785915739851618,0,1.4870891883469,0,0,0.000684618380538879,0.00262610521127659,0.00927508244585474,0.00104049875055934,0.0283398856983703,0.0194491094018214,0.000130370220682713,0.00452923737216354,0.0525218159380702,0.00732687861505989,0.00611533691645632,2.01439036330875,0.207321161471641,0.517890425922061,0.00297789663473364,0.00166826805598735,0.00171381920810841,1.67949380471456,0.000169269662540397,0.000284381336284278,0.210930878992529,0.00302110542022886,0.417839170241949,1.77746195231732,0.51517457666819,0.684814402388731,0.00147807531724217,0.231185174503211,1.48807802547501,0.00109156271277373,0.0875901221721146,0.0119051199880756,0.0027692909106304,0.000242031573145096,0,0.0580985433357364,0,0.0103773882770869,0.000123632410205247,0,0,0,8.51675979914274e-05,0.000177999290302805,0,0,0.0303025662241367,0,0.1909799272945,0,0,0.000143621336119192,0.000404320426938811,0.0116500062479784,0.00279669864126442,0,6.31770874707852e-05,0.00407107903833306,6.09923898420627e-05,0.000559457050543663,0.113122033246045,0.0263328581845188,0.0501825000217838,7.06913334601051e-05,0.000120772806368586,3.29723697839535e-05,0.0247766829630339,0,0,0.000506881701022677,0.000207923662006443
3.60043233009481,0.000389632845539379,0.0275168074956235,0.00208607641353556,0.0160489218504451,0.164710831854435,1.70515830933727,2.47351175120583,0.00337116144988858,0.402077635039867,0.019203137894826,0.0091617369775228,0.000684618380538879,0,0.00682200540174503,0.00222341342954914,0.0243578492706619,0.00486626779141001,0.0140397917064173,0.0239530045520574,0.0210021851962549,0.00451702543882313,0.0236162377239282,0.0239167269766846,0.000187402415010668,0.0109387312981528,0.00745689783109857,0.0621415976431832,3.50862601540494,0.561497511427121,0.0004596834078937,0.234814629926725,0.0423800741487783,0.484279647756536,0.00132183622826424,0.0231810374874925,0.0059523311079097,0.120608668680907,0.0241555977632486,0.00933140562666085,0.034861871359419,0.000189990083668335,0.00337535367863656,4.93203299543263e-05,0.00293229213793075,0.00135844163504885,4.48705515544191e-05,0.000112675237423357,0,0.000245531677431825,9.574148369473e-05,2.86594393833868e-05,0,0,4.90627791838874e-05,0.00284578848050043,6.93091240256739e-05,0.00383591078816648,0.000208326446726052,0,0,2.0171499454298e-05,0.000763984545411966,0,0.000777247010547157,3.19431760412801e-05,0,9.49469762408194e-05,0,0.000310368841343116,0.000469995682884774,0.000218197539941986,0.0111377830596362,6.64833496342946e-05,4.7132929484978e-05,0.000420484280445018,0.00595351758805361,0.0016121544411591,0.000464593817290112,0,8.84960143313421e-05,0.00184944738532074,0.00121045573469804,0.0003092636885432
0.00343051949009854,0.000870091061015188,0.000902871361239246,0.000817934503189593,0.243157001784464,0.79409748125145,0.0115504931532419,0.0116191504091706,0.396885171158136,0.00741009436585229,0,0.605978799349923,0.00262610521127659,0.00682200540174503,0,0.00620175561038673,0,0.000103361413930809,0.000524813224933862,0.00826524824500592,0.0120296697610366,0.00477708353702678,0.00837694075174695,0.00652260892423565,0.000168150508181879,0.000827923902756428,0.0027176441309728,0.0133141232797977,0.00698754090022285,0.00526332191392167,0,0.00841517096973543,0.00176372348586069,0.00713230650484277,0.12916076258423,0.0769091992116846,0.0208440618843829,0.0380876262981507,0.0330605440291319,4.02830499906053,0.135050758853108,0.00215258818138222,0.00346769566337761,0.00679483913505525,0.0057407994144261,0.000694238421633154,0.00550225970153041,0.00130322529552456,0.00159948498788691,0,0,0.00064221812175164,0,0,0,8.87376326181243e-05,0,0,0,0,0,0,0,0,0.0014375077408729,0,0,0.000613572001518896,0,0.000364002568999904,0.000428654155414194,0.00139942731149719,0.00125420804928941,0,6.10271236282395e-05,0.000371674892757393,0.00132721722694694,0.000222209968340223,0,0,0,0.00120232552786518,0.000849471005633262,0.00697174423153511
0.00627059009236723,0.191611352342602,0.0124640924962054,0.000578018380977072,0,0.000185259920217279,0.0147364879115844,0.000531501931701802,0.0477283777556657,0.000649646454536388,0.00143211964481342,0.000179347016088542,0.00927508244585474,0.00222341342954914,0.00620175561038673,0,0.0126047698663679,0.00125087191880441,0.00520328439052793,0,0.752516087670844,5.19810886252952,2.18576159097214,2.22223017807844,0.0535566643373497,0.0103643178820073,1.03026734132713,0.257924518091357,0.00689645422009135,0.0291011476726898,0.00185709941830098,0,0.00936785912463699,0.0294227968979939,0.00919853275490209,0.291255665848169,0.149422118470587,0.121035980705107,0.145395064842785,0.049543670464372,0.00370488116586626,0.00292179190193669,0.0532566451676325,0.025632156318288,0.0530458273342135,0.0389719633875958,0.00435700832431718,0,0.00105337145333735,0.000830623043496082,0.00687771709483918,0.010285797005176,0,0,0,0.00149753195371315,0.000229244515618827,0.0607827820137918,9.12333344161367e-05,0.000449432172870949,0,0.00139574279682796,0.000540629965186644,0,0.991181164287794,0.00191003937919482,0.000331931226188815,0.000397060459463135,0.000107308530668119,0.171012040343314,0.260681814351387,0.356685431956805,0.0578785027341768,0.0113872945470586,0.00218068744948842,0.0473141297960592,0.0148807250068275,0.00168381927896355,0.00102417845971181,0.000215838932609604,0.000429996066129892,0.00444472669802189,0.00372518372548841,0.00361386432986585
0.0393003962974846,0.038709965802955,2.93755993610365,0,0,0.000315751543258664,0.0504922600494704,0.00366437945840242,0.000521162789364205,0.000417875148776637,0.0357782322639345,0,0.00104049875055934,0.0243578492706619,0,0.0126047698663679,0,0.0695725175820195,2.03878193472928,0.000226312694383703,0.155188399394929,0.0117359341354245,1.73959239716936,0.00395660545386214,0.00688980601989936,1.33021274272987,0.47978723612858,0.0359817922780887,0.0288957098738505,0.154305389146795,0.00193602409633479,0.000599629814113732,0.00603090063492032,0.770358671254578,0.000996793744192119,0.0684800935288952,0.053217733913193,0.229998307812655,0.0398380512998103,0.0017835954226263,0.00206838232171396,0.000137616307593036,0.00082955163087553,0.00149457757736101,0.00110031044226705,0.000569267700959869,0,9.88874075185308e-05,0,0,0.00313600988372155,0.000771437187923552,0,0,0,3.59018240117448e-05,0,0.000187461439968135,0,0,0,0.00125846431483689,0,0,0.000699224621763625,0.000471908706695383,7.07216994458304e-05,0.0011495197183062,0,0.000415853558846988,0.00191887701464373,0.00020721578698976,0.0008064061000247,0.00478278409708228,0.0011627337840124,0.00979753593734089,0.000224819291696483,2.17079342365877e-05,0,0.000248246398041704,0,0,0.000380550901357162,0.000186596477172378
0.00348010912933747,0.00774842390009982,0.0303136969571472,0,0.000798880032047995,0.000510701841098738,0.00284307415422901,0.00186868249171766,0.000381043381980264,0.000441744221024701,1.41294743827586,9.65052154610416e-05,0.0283398856983703,0.00486626779141001,0.000103361413930809,0.00125087191880441,0.0695725175820195,0,4.31635701714311,0.00027838525819057,0.00310142614884452,0.00229960918161159,0.0100412557395646,0.000527571774863765,0.0416501842256662,1.22851893746504,0.0982741694516019,0.00165352876196567,0.00754262928931397,0.0041432876269154,0.0532815027402645,0.00176987642444273,0.00436214821874767,0.160134934261028,0.000181946321721559,0.0322990008023996,0.10363916926954,0.421561046380184,0.0499640345681318,0.000331249858827532,0.000788369401510466,0.00163751653335921,6.10386691164136e-05,0.00164641804329689,0.000451996584574621,0,0,0,0,0,0.000288242068712291,0,0,0,0,0,0,0.000154538577192258,0,0.00013123680776519,0,0.0041427872295868,0,0,0,0,0.000423041489424125,0.000368233586248851,0,0,0.000257437620392237,0,0,0.00459383619587907,0.00112937800252061,0.00254013969244713,0.000113269336199537,5.50446836842145e-05,0,0.00182513500380838,0,0,0,2.78134707057927e-05
0.00936716487469767,0.0615124327540917,0.152719526607883,0,0.000877733569736945,0.00137487316153511,0.00789612671788445,0.00270817236362297,0.00288566638395332,0.000774287401834676,1.60034259141772,0.000158161025862654,0.0194491094018214,0.0140397917064173,0.000524813224933862,0.00520328439052793,2.03878193472928,4.31635701714311,0,0.000849166721751788,0.0153564808662834,0.0120724210081934,0.0746604367092853,0.00263098360662141,0.0436437583483545,1.91100721236089,0.314210276735574,0.0061926258103039,0.0242708103335323,0.0215197947065202,0.0291911912195728,0.00619426579946411,0.00649475743510121,0.993745490781004,0.000442798964254083,0.0510472339782804,0.10506751827607,0.723740996349278,0.0585587927707322,0.00177680349671804,0.00112485872566119,0.00128325135013883,0.00012303775116639,0.00206953655320185,0.00192687191863378,0.000228021609677276,0,0,0.000315970591245319,0,0.0038638703499053,0.000552271194858879,0,0,0,5.3549663185928e-05,0,0.000580907653557165,0,0.000425474746010528,0,0.00283649317266158,0,0,0.000461214359041173,0.000676547559525538,0.00130259781297356,0.000391642952727339,0,3.91833585284057e-05,0.000467322012864972,0.000164571778281094,0.000289895820949497,0.00643945829586454,0.00227278134972854,0.00733054378896437,0.000100127531184817,0,0.000208695807670173,0.000817462826427535,0,0.000123634172860424,0.000352310859649594,0.000177157438994105
0.0843103156141581,0,0.000129425318010065,14.1140239194433,0.000183207580970337,0.160466776910872,0.0920825382613746,0.0158443184430994,0.452062358987329,2.82700081696586,0.000411308804957957,8.63728281008755,0.000130370220682713,0.0239530045520574,0.00826524824500592,0,0.000226312694383703,0.00027838525819057,0.000849166721751788,0,5.76658835240648e-05,0,0,1.75079653587395,0.000254751995955928,4.2140027293787e-05,7.91273473064645e-05,1.24108808144699,0.0216625038259936,0.000219009985667141,0,0.0011817133843643,0.00116874846176574,0.0266849601862268,9.685649746497e-06,0.0171949285597678,0,0.0103986070765557,0.000447133994989284,0.0605496019612254,0.000439225196605966,0,0,0,0.000522031889024256,0,0.00130321026241966,0,0,0,0,0,0.0150350006910749,0,0.000213415743056444,0.00122446733022046,0,0.00383101983258833,0.000932490006073693,0,0.0200680036294725,0,0,0,0,0,0,0,0.0243382936108343,0,0,7.79325126208357e-05,0.00306944291227685,0,0,0,0.00453233741111983,0.000159118669202143,0,0,0,0,0.000196629462787359,0
0.0253509321207983,0.00422180399524725,0.353835246695682,0,0,0.000231542044066968,0.157851835636294,0.00250128428538602,0.000839376021774169,0.000649470486248949,0.00154965975250985,0.000108312627177137,0.00452923737216354,0.0210021851962549,0.0120296697610366,0.752516087670844,0.155188399394929,0.00310142614884452,0.0153564808662834,5.76658835240648e-05,0,0.0771655617722658,5.76907403878115,0.0421257401766032,0.00158057563538486,0.0268474665534051,0.0722229372959701,1.81835586904908,0.1894308565807,2.93719459368563,0.000239731365145495,0.000132467928467833,0.574108165460983,0.63805920765172,0.0323696927207492,0.534858949606494,0.144538279125959,0.647329936886064,0.373110009849518,0.137984855953557,0.0146215362173899,0.00132148439789984,0.0159537783570079,0.00399734233633693,0.0057902645915585,0.00869239541097244,0.00154330780360028,0.000555076922451542,0.000283223211591452,0.000166702345587029,0.00238455399039268,0.00116162814817375,0,0,0,4.31702618186656e-05,0,0.0117853423933599,0,0.000209111059485769,0,0.00031214974677286,2.26508684581144e-05,0,0.0267115506104659,0.000159971490404454,0,0,0,0.00369988974906449,0.0264277220718791,0.00610511494613845,0.0177229650245689,0.000918285946493045,0.000413825825254202,0.00535084047286931,0.00352529532947087,0.000389974459582151,0.000509050863913759,3.57589117596692e-05,0,0.00022094239617803,0.000715424181031358,0.00921077307205754
0.0130787615341033,1.47799053944002,0.0155283786904524,0.00128941855165146,0,0.000298975286360256,0.0344415679358956,0.000882159746994796,1.79403526920238,0.00146211385092625,0.00582165447547222,0.000193590905015601,0.0525218159380702,0.00451702543882313,0.00477708353702678,5.19810886252952,0.0117359341354245,0.00229960918161159,0.0120724210081934,0,0.0771655617722658,0,0.111765807347488,1.5119938023576,0.477309457216426,0.0171810971899998,1.04710595841077,0.147913313012957,0.0143233835487336,0.0410103413420703,0.00679086178031154,0,0.0157833485975297,0.0265653077062009,0.00320543982192715,0.0984680512679003,0.121696079112857,0.0751797977930509,0.0614562251033687,0.0426027621580548,0.00118312360746389,0.0457782190657472,0.105961217096324,0.0511207666562852,0.100844442200785,0.0635480350983436,0.0053049600992807,0.000468977462347656,0.00554424951329516,0.00204390807443969,0.118774575488821,0.0333468935508484,0,0,0,0.00290056293310518,0.000277361113863834,0.266772164614795,0.00068807401876324,0.000525626583651614,0,0.018902213439517,0.00119494169640141,0,0.376338546713811,0.00875690316944951,0.000796679162765379,0.00469201240137746,0,0.0314131417157441,0.748423882836475,0.0769035049455033,0.170887523677821,0.139633621542323,0.0100794591572743,0.147411772178045,0.0348346229331272,0.00482286564374761,0.00818918994912018,0.000156592194861643,0,0.0104765691065404,0.0125572733879292,0.00187231036583927
0.0320127923033469,0.0153079678052785,3.05164208568196,5.44670181773406e-05,0,0.000572324249672335,0.128701625908808,0.00311882252478833,0.00151629203700976,0.000480976251624641,0.00427842974860723,0.000197232109157757,0.00732687861505989,0.0236162377239282,0.00837694075174695,2.18576159097214,1.73959239716936,0.0100412557395646,0.0746604367092853,0,5.76907403878115,0.111765807347488,0,0.0477206105209118,0.00217361441350516,0.110801271176792,1.50310361970314,0.36383866456035,0.0266852928772183,0.392117043941,0.000215951393845934,2.86371325340846e-05,0.0072303545734034,0.4715138702272,0.0440396455125721,0.72974913847823,0.405857911526972,0.896796634322048,0.47235180265326,0.12703186235211,0.0243677054109321,0.00512253792449047,0.0166779156220165,0.00568505248160507,0.0103825516323166,0.0100282988198435,0.00322569883787571,0.000839826675493962,0.000404694464970316,3.58539191686619e-05,0.00188760125188484,0.0116576977107359,0,0,3.67989782181911e-05,0.000375036191593753,2.92204858546113e-05,0.00942101499553519,3.4461297922294e-05,0.000307132070364244,5.16415747156638e-05,0.000215204705587861,4.15018091354969e-05,0,0.085109162734877,0.000327147389112962,0,0.000255277205188645,0,0.0277674697627217,0.0475783181930539,0.0818798321414894,0.0121467982271577,0.00159959059452195,0.00131090457540373,0.0523372434928296,0.00277834539884152,0.000298838340339415,0.000210973340687826,0,0,0.000324008114998084,0.0011690863944741,0.0138685926149496
0.0215514068604247,0.0409641016917918,0.00966295706896209,5.32714892744308,8.92333960905169e-05,0.00641929974823369,0.28368380439778,0.00447561817300061,3.15357564456811,0.0399227471258973,0.00140515831044706,1.44323868719655,0.00611533691645632,0.0239167269766846,0.00652260892423565,2.22223017807844,0.00395660545386214,0.000527571774863765,0.00263098360662141,1.75079653587395,0.0421257401766032,1.5119938023576,0.0477206105209118,0,0.0324592821231723,0.00619001048049087,0.0820631305820676,3.65577533396802,0.0426731850558035,0.0622954971368412,0.000611561705785512,0.000481239853680704,0.0222904663053563,0.040078818287614,0.00731692770919765,0.157575427272169,0.0477026920864236,0.0869722130084144,0.066820677177492,0.0593097508596931,0.00206101794376206,0.002140299494167,0.0737317511914056,0.00692819005048448,0.0730727455225691,0.0249762672548746,0.00276360038340564,0.00163135602961889,0,0.00581890372170746,0.00323947836744182,0.00276285222622892,0.618301774560961,0,0.00227072056132587,0.0431721541087456,0.00572501546521727,0.157807049766694,0.0077028562763181,0.000994811775439409,0.27918304579613,0.000921708345303021,0.0124577278512413,0.000621343713878147,0.135669294022833,0.000948692864446575,7.52263521810229e-05,0.000473413797109058,0.202815134355051,0.0125707393184597,0.058597269664794,0.0108560973429362,1.06731085625236,0.00328759578674749,0.00121671791702482,0.0125657422214532,0.174860825373618,0.0311513774454919,0.00986047787433115,0,0.000418105342560883,0.0307202647978573,0.02180266727435,0.00247909928326479
0.000222883644490855,3.24935784228764,0.00349292036493167,0,0,0,0.00145746427053377,0.000116015962688138,0.0740851371890616,0.000239344136020457,0.222893126535944,0,2.01439036330875,0.000187402415010668,0.000168150508181879,0.0535566643373497,0.00688980601989936,0.0416501842256662,0.0436437583483545,0.000254751995955928,0.00158057563538486,0.477309457216426,0.00217361441350516,0.0324592821231723,0,0.0865653472866208,0.926404631033031,0.00280481769658415,0.000648511477573304,0.00041324768678247,0.133273052690419,0.000335278809665101,0.0006804302207555,0.0194649207960262,0.000130501910054935,0.0269685501880993,1.82789455086366,0.135849216524727,0.0390672666580087,0.00403465923076456,0,1.35280622332214,0.00541310945862015,0.187351628536947,0.0134559398246291,0.00208850115339742,0,0,0.0205531041247606,0,0.0789778481199121,0.00146720408128254,0,0,0,3.22197980139212e-05,3.42909815905547e-05,0.00191509814975346,0,0.0381261489801479,0,0.216761130103802,0.000164243201005351,0,0.00193721976019195,0.00295165063253781,0.0168355487947168,0.00977913909057307,0,5.42947097912725e-05,0.021116998753467,0.000823350912538647,0.00109910603068595,0.605227265890422,0.04544041110299,0.109145650137931,0.000141529222540403,0,3.29166659585704e-05,0.0421795371028857,0.000179038195748885,0.00027369911023041,0.00317170924138827,3.35051587543325e-05
0.00650138010776227,0.0765850976264708,1.37226171029632,0,0.000145214814713333,0.000251199296801473,0.0167075458493266,0.00241542720396562,0.00371427522491977,0.000591523337378383,0.760355521000426,8.61563905535216e-05,0.207321161471641,0.0109387312981528,0.000827923902756428,0.0103643178820073,1.33021274272987,1.22851893746504,1.91100721236089,4.2140027293787e-05,0.0268474665534051,0.0171810971899998,0.110801271176792,0.00619001048049087,0.0865653472866208,0,2.27916157847644,0.0102702570838848,0.0136979467615186,0.0223199113194215,0.690429653661436,0.00164170576932038,0.0016805651824877,0.259878148129991,0.00173051773979702,0.112597634171237,0.181018984997763,0.604405071539626,0.0529891129229169,0.00116470967591138,0.000853067218448005,0.00305155378280059,0.000907093355698107,0.00658058418151145,0.00217344030687086,0.0010070964833952,0,0.000121145923433164,0.000342431603461184,3.66999788479403e-05,0.0069442772712346,0.000678833230707443,0,0,0,6.71563716651002e-05,1.47889149075472e-05,0.00015606111103402,0,0.00459933942372052,3.24365501531802e-05,0.0177658050847922,1.53807498297276e-05,0,0.000545717872773596,0.000216809117650318,0.00304901605641537,0.00297443220759544,0,2.49745046774748e-05,0.00261263109002619,8.49977820862554e-05,0.000542255251277046,0.0269260975009354,0.013358163985987,0.0379029415125486,0.000186193295646056,0,7.79911986229127e-05,0.00268423928624827,0,0,0.000922427840068265,0.000539402922897166
0.00558939617951016,1.92220330014914,1.37629334427311,9.90468900221634e-05,9.56656305979055e-05,0.000377137798273211,0.0304220241780844,0.00169206504514613,0.0148584777374612,0.000534566074126062,0.103049017759768,0.000336829538331061,0.517890425922061,0.00745689783109857,0.0027176441309728,1.03026734132713,0.47978723612858,0.0982741694516019,0.314210276735574,7.91273473064645e-05,0.0722229372959701,1.04710595841077,1.50310361970314,0.0820631305820676,0.926404631033031,2.27916157847644,0,0.0749628421895917,0.00994880415703287,0.0243865533690712,0.429242293755799,0.000425209303983361,0.00292624871520976,0.386951882762814,0.0149694971526294,0.446406479581224,0.314134203381245,0.93617485465814,0.178017615346352,0.0213947622109229,0.0132577504473577,0.00766095830264425,0.0198386427230954,0.0226498081494061,0.0312508879518693,0.011623150504415,0.000901485084524305,0.000192521379812605,0.00221789665633462,6.24249830592485e-05,0.0616097340758048,0.0584883244888397,5.01160132148383e-05,0,0.000231083752417231,0.000930718487853135,3.79256730223241e-05,0.00249018543440034,7.90294617755444e-05,0.00621066044329437,0,0.0382567751186986,9.57841322204946e-05,6.92217021142638e-05,0.166681894865107,0.00795443990971757,0.00546632823170739,0.00860743552720619,0,0.00259383412175497,0.116746559868192,0.0544381473614204,0.00460125381000978,0.0952001842008892,0.0397118147489964,0.449314296130605,0.00224600523644775,0.000217886792754019,0.000375129026371557,0.00304879765360223,0,0.00017678074960119,0.00769964069791552,0.00614898906893137
0.04876500477169,0.00631708700316677,0.111108772688765,2.40887675501585,0.000150995260269515,0.0555433584526589,4.43194975816409,0.0192261117537446,0.13766895327696,2.09323667046496,0.00135381991848498,0.126314882194554,0.00297789663473364,0.0621415976431832,0.0133141232797977,0.257924518091357,0.0359817922780887,0.00165352876196567,0.0061926258103039,1.24108808144699,1.81835586904908,0.147913313012957,0.36383866456035,3.65577533396802,0.00280481769658415,0.0102702570838848,0.0749628421895917,0,0.102602758064207,1.11496837702748,8.41604804808979e-05,0.0013381284872622,0.0537816832888859,0.17077386075952,0.0246446059340614,0.38010176580378,0.0888842087896953,0.279939540723683,0.205450711030532,0.091559628165978,0.00503773544432659,0.0016240640644699,0.0511105935487105,0.00575160649189908,0.0489278067986831,0.0223587622387511,0.00351362789421254,0.00103249507043383,0,0.00506017874427096,0.000976159874183706,0.0022564540253461,0.481769028107213,0,0.00412625460521463,0.0428635676521601,0.00514017355975853,0.07958303112129,0.043466804450281,0.000423064491680292,0.0023739522873644,0.000301024707849171,0.0131885484309997,0.000389265003610233,0.0279343667039369,0.000442290045924755,0.000110897593756979,7.4465865629801e-05,0.0185704861138399,0.00912905042562031,0.0222013222096337,0.00773756004831222,0.225952761566874,0.000865960447012269,0.000728765913491355,0.00646199242125686,0.136762184752226,0.0230346423319537,0.00756879073898946,0,0.000307237977098642,0.0155374335908609,0.0146721555477078,0.00621346086183448
1.01406397982264,0.000750738261074586,0.0126640581045995,0.00162922864746626,0.0461124148690077,0.0825583265126404,0.278138243569199,0.160719020180107,0.00297702439831451,0.0530455663726111,0.0324163570343113,0.00892732435958929,0.00166826805598735,3.50862601540494,0.00698754090022285,0.00689645422009135,0.0288957098738505,0.00754262928931397,0.0242708103335323,0.0216625038259936,0.1894308565807,0.0143233835487336,0.0266852928772183,0.0426731850558035,0.000648511477573304,0.0136979467615186,0.00994880415703287,0.102602758064207,0,2.88669027183013,0.000735548427510758,0.61079593259772,2.62986146426224,1.81749914372831,0.0028970872334301,0.0629353944583724,0.0100235936900036,0.356867232296332,0.0686306431783389,0.0258358253997421,0.0348429324291351,0,0.00711093313737118,0.000644807948931777,0.0054339024210858,0.0026058718159143,0.000218183619564432,7.19031431712334e-05,0,0.000296644003819318,0.000240598719553725,0.000237631029448512,0,0,0.000131883831644064,0.00270732703258634,0.000249279564980439,0.00723448862611286,0.000361679570762722,6.09812129099517e-05,0,4.03489228542196e-05,0.000352877000125468,0,0.00163496349453818,0,5.07447835923942e-05,0,0.000328624525394619,0.000895866308322488,0.00144705508145416,0.000159004436720872,0.0185225666566914,0,0,0.000253655125309641,0.0083074025846515,0.00288638945920234,0.000885900068397059,0,0.000113959111856668,0.00157732262414193,0.00168444320187308,0.000878231767030998
0.718461164375459,0.00210754289250323,0.141524638443828,0.000363913815645205,0.000469393686163829,0.00241424708301212,1.56746468661387,0.047800053492445,0.00600104973947971,0.00387648526256992,0.00268030010687189,0.000264476373083663,0.00171381920810841,0.561497511427121,0.00526332191392167,0.0291011476726898,0.154305389146795,0.0041432876269154,0.0215197947065202,0.000219009985667141,2.93719459368563,0.0410103413420703,0.392117043941,0.0622954971368412,0.00041324768678247,0.0223199113194215,0.0243865533690712,1.11496837702748,2.88669027183013,0,0.000264814568636703,0.00131709469930851,1.46882096926068,0.714150145506274,0.00894132521102893,0.122127708293269,0.0246300441314945,0.309030453064088,0.147363149028599,0.050085373135148,0.00462876631873847,0.000706934810431126,0.0123931959112963,0.000825159063462477,0.00842797829259444,0.00523827004879515,0.000373530754622584,0.000534739845818533,7.39450310214256e-05,0.000515070253725752,0.000196197211408428,0.000197776007547106,0.000500183865647194,0,0.000122177851154894,0.002937565428365,0.000175806167631315,0.00722074690487115,0.000169571099230041,0,0.00018501141939224,0,0.000518160718344086,0,0.00864110748101315,0.000181184857393378,0,0.00022006287019212,0,0.00241728295642842,0.00591514844582418,0.00187557000608851,0.0267483040782074,0.000205937471756911,0.000123189595607261,0.00171533258114728,0.00978851129221846,0.00314311723833197,0.000985926394508215,0,0,0.00267630443961434,0.00286464765459042,0.00229192595448478
