0,0.000212025721105657,0.199397081068439,0.0164847636064638,0,0.00420139392963241,1.292751805022,0.252294714503067,0.0293526030522529,0.0589986315914151,0.000224948872143985,0.00339468722020567,0,2.98259159310424,0,0.00233901417220482,0.0856456323615414,0,0.000863185617771302,0.0400283136964314,0.0442229539897338,0.00192574167801543,0.127529051971445,0.0568266190598487,8.50141826563879e-05,0.0126063084838281,0.0146423102570983,0.123695978255788,1.11123299983347,0.365400111192336,0,0.00100676979982438,0.021066165263687,0.0743067787978115,0.000103881652010344,0.0164287904405869,0.00912364516220934,0.0500606331117655,0.022958415479427,0.00739492422649001,0.000129276929844359,0,0.000389368463313943,0,0.000212106133082783,0,0.000256835482158663,0,0,0.000167974633986384,0,5.98403320350555e-05,0.000273015996837008,0,3.04452532958752e-05,0.00106993156808191,0.000252431776261199,0.00629257673057206,0.00017329982523781,0,0,0,6.99859017073423e-05,0,0.000657320744107806,0,0,0,0,0,0.000405993484354147,0.000112512798773541,0.00582865737243335,0,0,8.33909869887685e-05,0.00304289446572608,0.000525460352232053,7.6978158636434e-05,0,0,0,0.000480850733364538,2.20464428970419e-05
0.000212025721105657,0,0.00150844697303602,0,0,0,0.000378965351057431,0,0.270540373080638,9.61247523978935e-05,0.0070589023265915,0,0.0592235816112417,3.7980478894431e-05,0,0.0874231958975298,3.37697423716775e-05,0,0.00702278319790887,0,0.000512287751611874,0.707928519525038,0.000645948290235475,0.0572451862717136,1.86740626228989,0.0184793076723034,1.14610395989327,0.00323885403291887,0.000228953219260256,0.000418671272240462,0.00348394025251208,0,0.000578455134827981,0.00198927124270357,6.37999329371165e-06,0.00222696561742786,0.152205999699846,0.0147160626775236,0.00346638815536434,0.00044143372065018,0,0.0337624601005975,0.000816395102517989,0.035484554016608,0.000898482068739839,0.000358646055065977,0,0,0.00598026698607466,0,0.386479546898288,0.000574912845113195,0,0,0,6.57641308482934e-05,0,0.0276286515807849,0,0.000296101007542852,0,0.0284453926310902,0,0,0.00316996585617386,0,0,0,0,0,0.230733476019523,0.000205675096353109,0.00233579690650565,0.530163769208328,0.00341843955406696,0.0513591381574545,0.000646165915168057,3.39877023250446e-05,0.000142155797877692,0.00206502842066721,0,0,0,1.46533167948906e-05
0.199397081068439,0.00150844697303602,0,0.00145072757188396,0,0.000644142489828628,0.0870305237643826,0.0290614806580821,0.00133530407027057,0.0101804367829381,0.00100911028178087,0,0.000520694192217426,0.0525550405806266,0,0.0176067521326664,1.71061364138221,0,0.0178443690507429,0.00144109891815249,0.097698140494613,0.00540733871285499,2.22836320669831,0.0078212509968331,0.000444964441716971,1.82326554661571,1.50459211350178,0.0582887346881093,0.0110059969724411,0.11011759326207,6.00639250782336e-05,0,0.0015446070134429,0.071771596216498,0.000755232355223952,0.0647899746588671,0.116751294244164,0.25323696214672,0.0561620636686347,0.00241142070698433,0.000211513528821641,0.000365354011263364,0.00116096595383661,0.000150444409069569,0,7.59791679386963e-05,0,0,0,0,0.000356460840659284,0,0,0,0,2.18480204585555e-05,3.75323625946625e-05,0.000174990379455009,0,0,0,0,0,0,0.000747468626685789,0,0,0,0,0,0.000544352211401402,8.22890467278956e-05,0.000655908756212676,0,0,8.69271339779048e-05,0.000269369250722387,6.18236606432206e-05,9.32359994311651e-05,0,0,0,0,0.000270428062541738
0.0164847636064638,0,0.00145072757188396,0,0,0.018921453371657,0.00683615728040978,0.0123918772197067,0.134095217160821,1.12401059943957,5.60337127111549e-05,3.23545162726662,0,0.0148134717869447,0.000525863722158921,0.000221875013351871,0.000152905788286849,0,0,11.5232112695925,0.000527315639396761,0.000131619919898532,0.000561871751204044,8.05357443762477,0,4.38778045883412e-05,0.000191525327765564,2.00627170473015,0.0187094333671025,0.000370812816568989,0,0.000329051964258008,0.0273296748530837,0.0318239969436152,9.743608801141e-06,0.00205534314796856,0,0.00871209728878908,0.0126970361618984,0.0250035364969673,0,0,0,0,0.000159458667971635,0,0.000217236842920047,0,0,0.000180264848998773,0,0,0.0809483025385075,0,0,5.6762771934212e-05,0,0.000600963006568438,0.000544765461865763,0,0,0,0,0,8.65547140763683e-05,0,0,0,0.0344430349804816,0,0,0,0.00432425412892825,0,0,0,0.000640246037904161,0.000173593245269651,0,0,0,0.000129466775712289,0.000145355109056434,0
0,0,0,0,0,0.430976031029342,0,0.685285184973153,0,0,0.0396715491099989,0.000219480050037225,0,0,0.000208157369802741,0,0,0,0,0,0,0,0,0.00018602780454223,0,0,0,0,0.00332442200477776,0,0,0.057929117765633,0,0.013675399614331,0,0,0,0,0.00041385095575348,0.159371763544786,0.253577051349449,0,0,0,0,0,0,0,0,0,0,0,0,0,0,0,0,0,0,0,0,0,0,0,0,0,0,0,0,0,0,0,0,0,0,0,0,0,0,0,0,0,0,0
0.00420139392963241,0,0.000644142489828628,0.018921453371657,0.430976031029342,0,0.027384462300002,2.04297417490017,0.00227601129576504,1.74686889068994,0.00226423048288821,6.24515256580271,0.00013637035843932,0.0191349134896097,2.81951114709866,8.24331459904762e-05,0.000231473744557308,0,4.79068691474792e-05,0.0931559712535677,0.000486259367619612,0.000143623699866152,0.000583843533671922,0.0405736839512516,0,0.000290588560919841,0.000123613400731432,0.061289457170282,0.1638189664615,0.000565911297155543,0,0.23748632412316,0.00172138880864519,0.223367767596565,0.987693274235445,0.00096323464877291,0.00115134920887609,0.00360690521834532,0.000811289759945457,0.977281035342284,0.000763685182825347,0,3.64339826118114e-05,0.000104241661699304,8.51981752457518e-05,0.000328872303468621,0,0,0,0,0,0,0,0,4.52190728510089e-05,8.03104666620711e-05,0,0.000171606368372938,0,0,0,0,1.67125711831027e-05,0,0,0,0,0,0,0,0,0.000136263904246031,0.00030057709935398,0,0,0,0,0,6.51669801744964e-05,0,0,0,0,0.00338425588644157
1.292751805022,0.000378965351057431,0.0870305237643826,0.00683615728040978,0,0.027384462300002,0,0.05684004877385,0.0486736086495722,1.84459494597715,0.000253808137546267,0.00158469273558987,1.71410477110069e-05,0.700336111739225,0.000103496015560795,0.0060365176189727,0.0107663675109393,0,4.16776333031291e-05,0.00488361739646694,0.0719037802275599,0.00221289393570696,0.0809849885565472,0.365609446133482,0.000111783537787676,0.00624892626623605,0.0170994919059551,3.05939973877729,0.041578246290374,1.20038337399598,0,0.00016882489181623,0.0144091224291909,0.030582780413975,0.000367695975705648,0.0372416960723668,0.00745328175485453,0.035238236930873,0.0251370989669315,0.00216057364209488,5.6529913679635e-05,0,0.00224098680428072,0.000141661218673646,0.000738115576098637,0.000274409217477371,8.58021059683576e-05,0,0,0.000633898507260144,6.55232178687734e-05,0,0,0,0,0.00309870013726698,0.000550356256363363,0.0112567346198537,0.000299845058450232,0,0.000169719248041069,0,0.000839015853657229,0,0.00160887422210984,3.88415345180851e-05,0,0,0,0.000187999401173061,0.000491777236006565,0,0.0150548374308977,0.00012758084642941,0,0.000136851801651799,0.00848254489938148,0.00171413998632055,0.000838210922880792,0,0,4.39717937242273e-05,0.000404127844705322,0.000201358745348676
0.252294714503067,0,0.0290614806580821,0.0123918772197067,0.685285184973153,2.04297417490017,0.05684004877385,0,0.00446050882909541,0.301221489196895,0.000678099094584975,0.0131273001243762,0,1.45183151304206,0.00937541404927852,0.000302331131408399,0.012976483284277,0,0.000226174647289003,0.0201460862099995,0.00540798812459965,0.000298455288022532,0.0219089954941436,0.0252674850399022,0,0.00200441188937033,0.00349561659667245,0.0337107697481579,0.249260912071332,0.0232509016387026,0,0.353669218116919,0.00170347629801048,0.140438731505591,0.0314781127582865,0.0048271873520655,0.000808017534452985,0.016971393290869,0.00445817999092722,0.0307350087503238,0.00172995375937257,0,0.000128938222459148,0,0,0,0,0,0,0,0,0,0,0,0,0.000247918216243972,0,0.00124223935980455,6.10980286035786e-05,0,0,0,7.38880437293789e-05,0,0.000106657129973553,0,0,0,0,1.82146372264646e-05,0,0,0.000958610674617116,0,0,0,0.00134219539958065,9.67688980749019e-06,0.000122998027609063,0,0,0.000351960093522459,0.000106485053126279,0
0.0293526030522529,0.270540373080638,0.00133530407027057,0.134095217160821,0,0.00227601129576504,0.0486736086495722,0.00446050882909541,0,0.0100727616259114,0.000521034198382259,3.80736837871366,0.00277359639510714,0.0107131178079421,0.0138766524585677,0.0748810076429916,8.99549642445589e-05,0,0.000243074573901106,0.238876423918549,0.000743938463099529,1.48918261827622,0.00127788435391312,4.77601481348112,0.10043087882965,0.00117664168967915,0.0664327102907305,0.12673242068718,0.0136724830110252,0.0129400286270776,9.88641950571646e-05,0.000259741941771294,0.0134230670849785,0.0107237503762929,0.000108075254047663,0.185069026856165,0.0086917932673407,0.0150265181840089,0.0175908549372128,0.549792589816693,0.000283898239288257,0.00150348538409038,0.00940132252924855,0.00396444208236482,0.005096524651564,0.00758660578376824,5.51678470827729e-05,0,0,0.00812082736217535,0.0727874202821194,0.000269487444650787,0,0,0.000246209829855518,0.0144305606391616,0.00259631907565724,0.431475690915411,0.00236235961145799,0,0,0.00126148725391232,0.00288119013587827,0.000389977680891693,0.135939465325568,0.000219748558556573,0,0,0,0.000939553030894673,0.276325928946974,0.00382153370722914,0.0945557528328495,0.0365678677313486,0.000480495022507498,0.0238188639629454,0.0358844923397096,0.00611278964081433,0.00504429360269104,0,0,0.00867888322050583,0.00301620417857747,0.000122067629585908
0.0589986315914151,9.61247523978935e-05,0.0101804367829381,1.12401059943957,0,1.74686889068994,1.84459494597715,0.301221489196895,0.0100727616259114,0,0.000243968199823911,1.80193365194716,4.04847463726086e-05,0.249442530167022,0.00220594781770709,0.000617814276308627,0.000908582213559364,0,0.000201959755548087,3.12749586430261,0.00682298949070294,0.000679298682903575,0.00793704534907626,0.186481148547319,8.97243630986725e-05,0.00125898467853637,0.00324957372939362,1.57382244281468,0.0551235933044555,0.0100103235174344,0,0.000521178879038168,0.0240320882257758,0.0542209131583533,0.032435447745038,0.00743955835892678,0.00103544778245801,0.0160723083111001,0.0110106065738358,0.0772415372997092,8.8338379458795e-05,0,0.000133976966125098,0,0.000116817306101531,0,0.00031134034682798,0,0,0.000111834204078597,0,0,0,0,0,0.000426843797003754,2.15351860079882e-05,0.00152654170301632,5.33182015067741e-05,0,0,0,0.000315898002935985,0,0.000580058847178347,0,0,0,0,0,0.000141118854075912,0,0.00318362862216788,0,0,1.81121191793411e-05,0.00160316793256005,0.0002148415498515,0.000140905526375281,0,0,3.33040232852065e-05,0,3.0474208353547e-05
0.000224948872143985,0.0070589023265915,0.00100911028178087,5.60337127111549e-05,0.0396715491099989,0.00226423048288821,0.000253808137546267,0.000678099094584975,0.000521034198382259,0.000243968199823911,0,0,1.44949373181571,0.00119563906789641,0,0.000381073577449822,0.00231063266911882,0.0601703347017465,0.96823768905109,0.000159812989114241,0.000324523399835304,0.000661984739674818,0.000801937367250993,0.000345065127049078,0.0468100139616765,0.107564198524607,0.0363226948056174,0.000625660514253455,0.381805475365326,0.000403285096952368,0.0109758642588575,1.72280864786653,0.00101426164713266,1.0963549112514,7.10383275667398e-05,0.00852012012555476,0.875331760044405,1.37202494563317,0.0356060473033118,0.00422248099332346,0.459381825528672,0.00880244032627752,8.19702793827953e-05,0.00111560348712964,0,0,0,0,0,0,0.000521446068535399,0,0,0,0,0,0,0.000296054193228694,3.57077953557503e-05,0,0,0.00331852766280898,0,0,0,0,0,0,0,0,0.00098506894644538,0,6.88674900189198e-05,0.00599026010976903,0.000659795514097806,0.00167015187610522,6.76095705594826e-05,0,0,0,0,0,0,0.000152537787366356
0.00339468722020567,0,0,3.23545162726662,0.000219480050037225,6.24515256580271,0.00158469273558987,0.0131273001243762,3.80736837871366,1.80193365194716,0,0,0,0.0130473730122082,0.367985847736158,0,0,0,0,10.393435230571,3.64903550792803e-05,0,3.67283094883466e-05,1.66824675547462,0,4.18438172117039e-05,0,0.0115493240988452,0.0270523457567569,0.000206656555434483,0,0.00119815421541717,0.00501450299720887,0.0301127907090243,0.140242822307241,0.0526794517425831,6.82703089243831e-05,0.00371559293467271,0.000835137773377457,0.484646328352788,0,0,0.00067622153958072,0,0,0.000548070236159569,4.70007776267505e-05,0,0,9.34554610565663e-05,0,0,0.00329250636804534,0,0,0.000743816429316633,0,0,4.00057338836737e-05,0,0.000513723555899927,0,0.000156536792025192,0.000618582541833911,0,0,0,0,0.000838778595292362,0,0,0.0001552189457825,0.000843288493388265,0,0,1.87808283477278e-05,0.00148951709076072,0.000177924487534133,0,0,0,0,0.00019848538974496,0.00287480429045637
0,0.0592235816112417,0.000520694192217426,0,0,0.00013637035843932,1.71410477110069e-05,0,0.00277359639510714,4.04847463726086e-05,1.44949373181571,0,0,0,0,0.00149570537796969,7.03649558107811e-05,0.000187428707474478,0.013295261116411,0,0.000533170111626813,0.00742471459574587,0.000782827602406758,0.00145317204997894,5.08247394633091,0.283566880860391,0.756651012558162,0.000278184134806397,0,0,1.47748651741635,0,8.64069563462477e-05,0.00339358581575092,8.12519386736476e-05,0.0955087013488885,1.10990793279348,0.287322975560334,0.268894552604903,0,0,0.703823213006356,0.000939081916215799,0.00310319610661174,0.000922797115393966,0.00417387275900384,0,0,0.00372838054923375,0,0.00975348290283708,0,0,0,0,0,0,0.000211427451075729,0,0.000644260571031605,0,0.101636329828102,0,0,4.31165765147313e-05,0,5.42659507344876e-05,7.37210084600501e-05,0,0,0.00548784146599693,0,0.000203276969751354,0.0242167838764825,0.000961952675512689,0.0053674567189266,6.9960308948639e-05,0,0,0.000172374081415766,0,0,0,1.2463261306449e-05
2.98259159310424,3.7980478894431e-05,0.0525550405806266,0.0148134717869447,0,0.0191349134896097,0.700336111739225,1.45183151304206,0.0107131178079421,0.249442530167022,0.00119563906789641,0.0130473730122082,0,0,0.000800452456535127,0.000894675807965741,0.0256825739537431,0,0.000325819237538974,0.0354681018673308,0.0137582343508818,0.000775302439774628,0.0443370635592815,0.0398610904861057,4.54336040082519e-05,0.00488775544290066,0.00753660626780259,0.0675958459532499,4.26972502478968,0.0889610238835674,0,0.00537435454529199,0.00678060122591192,0.265361672530649,2.80207455793726e-05,0.00855398806280897,0.0024678776962875,0.0365680211843197,0.00738245093037636,0.0286804818402815,0.000454541312173998,0,0.000303961250318979,7.03017534001114e-05,7.07802388257481e-05,0.000363195623422502,4.76657212942827e-05,0,0,0.000220755701719238,0,0,0,0,3.57091817114398e-05,0.000896356246184886,3.55168970775502e-05,0.00167132658483933,0.000203677655535776,0,0,0,0.000160591302558731,0,0.000390160165415273,0,0,0,0,0,0.000186287377719095,0,0.00402162650982826,0,0,3.87370064504268e-05,0.00256560438562571,0.000384642284335607,0.00039672924212846,0,0,0.000187343665605648,9.52291485306048e-05,0
0,0,0,0.000525863722158921,0.000208157369802741,2.81951114709866,0.000103496015560795,0.00937541404927852,0.0138766524585677,0.00220594781770709,0,0.367985847736158,0,0.000800452456535127,0,0.000638750905316815,0,0,0,0.00105910180242109,0.000188752673621362,0,0.000704183239098234,0.000476102464092635,0,0,3.58106977014045e-05,0,0.00573198680374279,0,0,0.000985620435188316,0,0.008517676381461,0.228619055755398,0.00279990775742373,0.00253703641392802,0.00087418285040175,0.00423325452823859,1.52522175239501,0,0,0.000381333477261513,0.00183454582760225,0.000683924739083605,0.000401407068547986,0,0,0,0,0,0.000505022956947996,0,0,0.000236506857942626,0,0,0,0,0,0,0,0,0,0,0,0,0,0,0,0,0.000455338711342655,0,0,0,6.99704422562806e-05,0,0,0,0,0,0,0,0.00949489137841622
0.00233901417220482,0.0874231958975298,0.0176067521326664,0.000221875013351871,0,8.24331459904762e-05,0.0060365176189727,0.000302331131408399,0.0748810076429916,0.000617814276308627,0.000381073577449822,0,0.00149570537796969,0.000894675807965741,0.000638750905316815,0,0.00427635729641645,0,8.99758236618461e-05,0.000408508632517273,0.771418862626677,4.53657583147099,2.09814774529229,1.41396459923144,0.0209660168849298,0.0024581016677136,0.882526070481232,0.373428796438859,0.00294210511386723,0.0220021853801518,0.000449169712078643,0.000198672845366621,0.0050299705668723,0.0415009450164615,0.00582848163806351,0.369242359507881,0.113205698964557,0.224054937135618,0.275904554365751,0.00171373630655568,0,0.0021974169263143,0.0187871201565461,0.00494869532584576,0.00451823695781883,0.00489165782925426,0,0,0.000408704362896154,0.000815923265489984,0.0102183190881069,0.000496397962093394,0,0,3.39126410964577e-05,0.00583313224686614,0.000612933698046524,0.0448594183421896,0.000790580347086908,0,0,0.000610213484263855,0.000580006066556938,0,0.24979875107718,0,0,0,5.20750954176568e-05,0.00296320176772061,0.252578323962708,0.00948028683043272,0.0676708263799711,0.00552320661919383,0.000394966174221398,0.0212406350423196,0.0115505142563909,0.0012204698689269,0.000675466103518235,0,0,0.00123100159175986,0.00119628255793085,0.00164249504720863
0.0856456323615414,3.37697423716775e-05,1.71061364138221,0.000152905788286849,0,0.000231473744557308,0.0107663675109393,0.012976483284277,8.99549642445589e-05,0.000908582213559364,0.00231063266911882,0,7.03649558107811e-05,0.0256825739537431,0,0.00427635729641645,0,6.42993044020334e-05,1.15958683120135,0,0.0168027830340277,0.0013726273383797,1.497277460624,0.00127813287257949,4.61630441006735e-05,1.5860167475719,0.171116829623786,0.00739388060083163,0.12591976703247,0.0319548963531503,0,0,0.00628904285441737,0.124573147890851,7.41311551391778e-05,0.0052779018279404,0.0217611130438918,0.0416551806934653,0.0100739541625084,0.000101272247128782,0,0,4.99958131253871e-05,0.000110050827663357,0,0,0,0,0,0,0,0,0,0,0,0,0,0.000305426977947608,0,0,0,0,0,0,9.90845617602609e-05,0,0,0,0,0,0,0,0.000166703150024673,0,0,6.21469716097515e-05,6.14861348302784e-05,5.91583503311115e-05,0,0,0,0,0,0
0,0,0,0,0,0,0,0,0,0,0.0601703347017465,0,0.000187428707474478,0,0,0,6.42993044020334e-05,0,0.675765473859442,0,0,0,0,0,0,0.339485499508493,0.000103910574077754,0,0,0,0,0,0,0.000720915338098406,0,0.00012918596439425,0.0011275533733164,0.0013723065575008,0.000159064587055668,0,0,0,0,0,0,0,0,0,0,0,0,0,0,0,0,0,0,0,0,0,0,0,0,0,0,0,0,0,0,0,0,0,0,0,0,0,0,0,0,0,0,0,0,0
0.000863185617771302,0.00702278319790887,0.0178443690507429,0,0,4.79068691474792e-05,4.16776333031291e-05,0.000226174647289003,0.000243074573901106,0.000201959755548087,0.96823768905109,0,0.013295261116411,0.000325819237538974,0,8.99758236618461e-05,1.15958683120135,0.675765473859442,0,0.00014045601656227,0.000341068568720404,0.000876442020326156,0.00282898065444905,0.000338371063273992,0.0211092441094941,2.96408777921681,0.108461562015886,0.000443829703998627,0.00296922367615264,0.000370502030759653,0.00454248849327221,0.000400464455912387,0.000421308770426725,0.675075268679568,1.12725100161322e-05,0.00928819387352491,0.239249905479805,0.459214018074596,0.0343487785917915,0,0,0.00130489728722338,0.000275241647031697,0.001275768386231,0,0.000311187793519817,0,0,0,0,0.000528297196727137,0,0,0,0,0,0,0,0,0,0,0.00146048450835238,0,0,0,0,0,0,0,0,0.000293978873449233,0,0,0.00185562069033379,3.61016971962172e-05,0.000482542441350177,0,0,0,0,0,0,0,9.9345512000094e-05
0.0400283136964314,0,0.00144109891815249,11.5232112695925,0,0.0931559712535677,0.00488361739646694,0.0201460862099995,0.238876423918549,3.12749586430261,0.000159812989114241,10.393435230571,0,0.0354681018673308,0.00105910180242109,0.000408508632517273,0,0,0.00014045601656227,0,0.000765916273898749,0.000364078459909531,0.000258747477037462,1.2322059900337,0,0,2.13644735228878e-05,0.21864069825088,0.0470483381409632,0.00105366730900129,0,0.000293735352193328,0.0538763175189435,0.0719747711198206,0,0.00567221364365372,0.000160344256313838,0.0135130934592349,0.0178814153337137,0.177380281257624,0,0,9.68393935324961e-05,0,0,0,0,0,0,0,0,0,0.00804471569638133,0,0,8.46144157587089e-05,9.02350614090386e-05,0.000584737648725564,0,6.62507212585636e-05,0,0,0,0,0,0,0,0,0.00362458705937555,0,0.000457431370750241,0,0.000244545127374633,0,0,0,0.000170354679604363,2.82969436540413e-05,0,0,0,0,4.01601166547987e-05,0
0.0442229539897338,0.000512287751611874,0.097698140494613,0.000527315639396761,0,0.000486259367619612,0.0719037802275599,0.00540798812459965,0.000743938463099529,0.00682298949070294,0.000324523399835304,3.64903550792803e-05,0.000533170111626813,0.0137582343508818,0.000188752673621362,0.771418862626677,0.0168027830340277,0,0.000341068568720404,0.000765916273898749,0,0.00821296085614111,5.32677996659424,0.0826422102602469,4.27729879858302e-05,0.0020470280175225,0.0257388631143574,0.581523753105864,0.702559244739127,2.95232599768981,0,0.000726158149852852,0.57050188005493,0.218319611232098,0.00566640671882068,0.262495588292604,0.0491229783025565,0.354745071245283,0.206645371774779,0.00161815644719825,0.000158184184147939,0.000245206549730081,0.0075571549643262,0.00149067183949805,0.000792575450871769,0.000951770909270105,0.000138643027029095,0,7.32968049551325e-05,0,0,5.00775774703198e-05,0,0,0,0.000397588669808467,0,0.00329487759017722,5.77888411400786e-05,0,0,0,3.86867849312307e-05,0,0.00651842660734544,0,0,0,0,0.000251693690798134,0.00428820768430606,0.000174910733448428,0.00663380371368988,3.23452004846085e-05,0,0.000172115640013128,0.00166294290727208,0.000156173382611854,2.20069206552619e-05,0,0,0,0,0.00168296255396714
0.00192574167801543,0.707928519525038,0.00540733871285499,0.000131619919898532,0,0.000143623699866152,0.00221289393570696,0.000298455288022532,1.48918261827622,0.000679298682903575,0.000661984739674818,0,0.00742471459574587,0.000775302439774628,0,4.53657583147099,0.0013726273383797,0,0.000876442020326156,0.000364078459909531,0.00821296085614111,0,0.0389371652830085,1.10869738721504,0.143320999018591,0.00280602370911874,1.31963003487766,0.0480996017277471,0.00137075573108299,0.00418778535899289,0.000294565130896533,0,0.000744544557019347,0.00492904877015922,0.000438388212503362,0.0331689838937965,0.0254537803961076,0.0247958276053146,0.0226313426345278,0.000253792938649218,0.000109266930814493,0.00184988336570279,0.0135983451103757,0.0081529954975633,0.00736534849278175,0.00341942810349022,0,0,0.00253299280232148,0.000888238684382213,0.391842936125426,0.000579982697723466,0,0,6.48152316999537e-05,0.00472950151203238,0.000353778105759129,0.0915585368313395,0.00138633513112895,0.000141703170244018,0,0.0033693351136357,0.000565564997988465,0,0.370501595295935,0,0,0,0.000169056619159995,0.00417009600834241,0.72796401293045,0.00981416272618875,0.0800287143225955,0.0949266394772507,0.00096256091593663,0.0663937195625222,0.0159408673738953,0.00055825698638509,0.00220627020183021,0,0,0.00197969077880074,0.0018912237730975,0.000275695484262759
0.127529051971445,0.000645948290235475,2.22836320669831,0.000561871751204044,0,0.000583843533671922,0.0809849885565472,0.0219089954941436,0.00127788435391312,0.00793704534907626,0.000801937367250993,3.67283094883466e-05,0.000782827602406758,0.0443370635592815,0.000704183239098234,2.09814774529229,1.497277460624,0,0.00282898065444905,0.000258747477037462,5.32677996659424,0.0389371652830085,0,0.0307926501755878,0.000537556072658421,0.0832857850176829,0.830766231107752,0.198928410121703,0.284529245475026,0.285564618753561,6.08587950943987e-05,0.000176604394594351,0.216547637945876,0.237133756434168,0.0119964128289274,0.400414851766089,0.17643664665062,0.816334499293,0.392415803620514,0.00855002390358038,0,0.00103351023756775,0.0114298206449768,0.00309094714096361,0.000836978131428666,0.00124733614891708,0,0,0.000106489672399145,0,0,0.000100871276469941,0,0,0.000107508559673774,0.000504884500174963,6.04391219452454e-05,0.0012147592601478,0.000100759326027082,0,0,0,0,0,0.00515099667461628,9.19932224767231e-05,0,0,0,0.000100759743858848,0.0042954205008338,0.000659780029248861,0.00319937806688136,0.000211493862067881,0,0.00190775650766481,0.000788540658830812,0,0.000229298759660907,0,0,0,0.000402005576693108,0.0047105578890419
0.0568266190598487,0.0572451862717136,0.0078212509968331,8.05357443762477,0.00018602780454223,0.0405736839512516,0.365609446133482,0.0252674850399022,4.77601481348112,0.186481148547319,0.000345065127049078,1.66824675547462,0.00145317204997894,0.0398610904861057,0.000476102464092635,1.41396459923144,0.00127813287257949,0,0.000338371063273992,1.2322059900337,0.0826422102602469,1.10869738721504,0.0307926501755878,0,0.020676517950188,0.00143597899015346,0.0810280845542008,4.4168713458517,0.0562252233390411,0.0536596078235563,2.63042354044414e-05,0.000688602520204404,0.0309857440786034,0.0506532352016055,0.00127647848520694,0.126821091098845,0.0221130389934885,0.0594938029824222,0.0628204735951172,0.0146526843058326,0.000164112147432309,0.000902897732909084,0.028675847910783,0.00141261914882687,0.0127792110807936,0.0107767311777612,0.00121593813088507,0,0,0.00926676286669214,0.0156111733881629,0.00101485738375285,0.00151215224234781,0,0.00165889655485313,0.043539966985997,0.00696189847692635,0.181015374648104,0.00847185085148132,0,0.000331608360789639,0.000404941071366349,0.0117237121612206,0,0.0909936218094251,0.000150064728212797,0,0,0.00103711490861628,0.00339414629603556,0.0768408538094152,0.00412625153464216,0.200870204878346,0.0060067230939447,8.11209518656513e-05,0.00836642096776253,0.106345657596483,0.0143174476987329,0.0120322872381336,0,0,0.00764108859049671,0.00916205592970007,0.000465764056464847
8.50141826563879e-05,1.86740626228989,0.000444964441716971,0,0,0,0.000111783537787676,0,0.10043087882965,8.97243630986725e-05,0.0468100139616765,0,5.08247394633091,4.54336040082519e-05,0,0.0209660168849298,4.61630441006735e-05,0,0.0211092441094941,0,4.27729879858302e-05,0.143320999018591,0.000537556072658421,0.020676517950188,0,0.0693566260580021,1.37052113263212,0.00137695353256647,0.000140237271238623,0.000102389700722793,0.041574504815064,0,0.000166489925144982,0.00386885373185271,8.79169871622085e-05,0.0311523525413074,1.84987255447665,0.104621600807673,0.05926076627493,0.000705970977807613,0,1.55738089006726,0.000142447145367214,0.0377357760885956,0.00114323959628523,0.000770919308258358,0,0,0.018844186265544,0,0.219734202163936,0,0,0,0,9.07722707190911e-05,0,0.0123916023712872,0,0,0,0.0369242609379905,0,0,0.00249347269584467,0.000106570429831285,0,0,0,0,0.11063817915981,0,0.00204072304492984,0.40165215529456,0.00667151827456514,0.0519753623920483,0.000137507445871874,3.04514647624975e-05,2.94330722024458e-05,0.000791181515691396,0,0,0.000355067780896841,0
0.0126063084838281,0.0184793076723034,1.82326554661571,4.38778045883412e-05,0,0.000290588560919841,0.00624892626623605,0.00200441188937033,0.00117664168967915,0.00125898467853637,0.107564198524607,4.18438172117039e-05,0.283566880860391,0.00488775544290066,0,0.0024581016677136,1.5860167475719,0.339485499508493,2.96408777921681,0,0.0020470280175225,0.00280602370911874,0.0832857850176829,0.00143597899015346,0.0693566260580021,0,2.17255025026824,0.00384676021705503,0.00203931888430929,0.00639017621203506,0.165926552705272,7.87097120937327e-05,0.000167775292805632,0.0590663469223992,0.00034674785447985,0.029724587220901,0.311260518805286,0.243620691692739,0.0287692203398523,0.000155527543076684,0,0.000592225977082822,0.000521923780945378,0.000800721564415165,0.000115874567844433,2.87218847603308e-05,0,0,0,0,0.00167782981546988,0,0,0,0,0,0,0.000113460441696577,0,0,0,0.0032080947357581,0,0,5.25096757314617e-05,0,0,0,0,0,0.00128790366413202,1.27336138633463e-05,0.00025164388554369,0.0079720852223935,0.000560769893879344,0.00243513435967595,0.000116693895494047,0,0,0.000134420814564343,0,0,0,7.40390054609744e-05
0.0146423102570983,1.14610395989327,1.50459211350178,0.000191525327765564,0,0.000123613400731432,0.0170994919059551,0.00349561659667245,0.0664327102907305,0.00324957372939362,0.0363226948056174,0,0.756651012558162,0.00753660626780259,3.58106977014045e-05,0.882526070481232,0.171116829623786,0.000103910574077754,0.108461562015886,2.13644735228878e-05,0.0257388631143574,1.31963003487766,0.830766231107752,0.0810280845542008,1.37052113263212,2.17255025026824,0,0.049587721063985,0.0030736037065871,0.0147191172192635,0.400068737648127,0,0.00114994409708186,0.083267000820294,0.00233066688440257,0.0914326906846642,0.299633533196229,0.348277680792876,0.0623968043505387,0.00291451085180635,0.000117066799342442,0.00219107690227732,0.00285325007142392,0.00417597021381576,0.000561372553139613,0.000363538836115927,0,0,0.000180239597618038,2.91692127742937e-05,0.0412661039131914,5.70542785295321e-05,0,0,0,0.000408404990481025,0,0.00429642534033575,9.70210853235979e-05,0,0,0.00781133369920516,1.86586713948032e-05,0,0.00785838490180292,6.82213376259136e-05,0,0.000219205065652367,0,7.87016082604696e-05,0.0432127289209929,0.00107728119335199,0.00364793857851826,0.0335543039889583,0.00115201895383001,0.0397723536741572,0.000571270513672194,5.64672964446764e-05,8.37945387079504e-05,0.000197996996830298,0,0,0.000230315918378109,0.00115091543345466
0.123695978255788,0.00323885403291887,0.0582887346881093,2.00627170473015,0,0.061289457170282,3.05939973877729,0.0337107697481579,0.12673242068718,1.57382244281468,0.000625660514253455,0.0115493240988452,0.000278184134806397,0.0675958459532499,0,0.373428796438859,0.00739388060083163,0,0.000443829703998627,0.21864069825088,0.581523753105864,0.0480996017277471,0.198928410121703,4.4168713458517,0.00137695353256647,0.00384676021705503,0.049587721063985,0,0.0856960738092082,1.31614197096424,0,0.00072616783062462,0.0561260656105661,0.103487876079492,0.00274259871915191,0.184458116309171,0.0334467109656372,0.142395167134044,0.100306151516949,0.00483243342840458,7.51627304853668e-05,0.000667964698501862,0.01064295864836,0.000428778204991894,0.0041450586582896,0.00284989110714678,7.46276159973788e-05,0,0,0.00339521112638592,0.000745456753085956,0.000490433884939039,0.000346690217821804,0,0.000555601701856707,0.014218131964351,0.00226747866728423,0.0527273067677039,0.00402036871162492,4.77104220340144e-05,5.64823144512203e-05,0,0.0040559465485879,0,0.0221472676999756,4.51028396525237e-05,0,0,9.9537126543519e-05,0.00148392174397337,0.0132798201147901,0.00102159071862458,0.0940610056338847,0.000842766629450282,1.37368112705253e-05,0.00146597569551159,0.0490249887583688,0.00612177970036697,0.00452869102333803,0,0,0.00263817744731833,0.00261177306052886,0.000531797686081928
1.11123299983347,0.000228953219260256,0.0110059969724411,0.0187094333671025,0.00332442200477776,0.1638189664615,0.041578246290374,0.249260912071332,0.0136724830110252,0.0551235933044555,0.381805475365326,0.0270523457567569,0,4.26972502478968,0.00573198680374279,0.00294210511386723,0.12591976703247,0,0.00296922367615264,0.0470483381409632,0.702559244739127,0.00137075573108299,0.284529245475026,0.0562252233390411,0.000140237271238623,0.00203931888430929,0.0030736037065871,0.0856960738092082,0,3.24805864550607,0,1.01805903734895,2.32078788475482,2.72772695954552,3.5360769549422e-05,0.00865945371596058,0.00396683058989952,0.30838151292383,0.0266904734577356,0.0487989459633524,0.0612998974933067,0.000272347471798697,0.0011284806016982,0.000186280117168633,0.00016419510486865,0.000317792509373119,3.35235403633588e-05,0,0,0.000405462304272925,8.06262869109042e-05,0,0,0,0,0.00136224569689119,0.000357531621785927,0.00405462966378671,0.000158309092237013,0,0,0,7.80907036653129e-05,0,0.00100110122550191,0,0,0,0,6.30604028286231e-05,0.000437926009946005,2.37168977265899e-05,0.00808194075998212,0.000106021191657105,0,0,0.00403469563539694,0.000497628031373661,0.000128983393385469,0,0,2.73288039587846e-05,0.000424067199277099,3.11953567606973e-05
0.365400111192336,0.000418671272240462,0.11011759326207,0.000370812816568989,0,0.000565911297155543,1.20038337399598,0.0232509016387026,0.0129400286270776,0.0100103235174344,0.000403285096952368,0.000206656555434483,0,0.0889610238835674,0,0.0220021853801518,0.0319548963531503,0,0.000370502030759653,0.00105366730900129,2.95232599768981,0.00418778535899289,0.285564618753561,0.0536596078235563,0.000102389700722793,0.00639017621203506,0.0147191172192635,1.31614197096424,3.24805864550607,0,4.76501748093577e-05,0.000570066948580392,0.480122742960738,0.464725671844834,0.00068466636785223,0.0438061061215961,0.00769973844654554,0.0981136204872467,0.0386120839121978,0.000255349440739321,5.35527708215352e-05,0,0.00187515235747268,0.000305701376348566,0.000375662740500699,0.000321832031233878,0,0,0,0.000393164715835781,4.88604395429207e-05,0,0,0,4.20694339046308e-05,0.0023905208943846,0.000466547222400915,0.00599152085693148,0.000480740802520674,0,2.39162557343697e-05,2.68976038855957e-05,0.000435245670165628,0,0.00294731058579488,0,0,0,0,0.000306318198844637,0.00233862131197016,0.000329599072074754,0.0211166793945714,5.85997843729786e-05,6.3671806569905e-05,0.000115620644100676,0.00678253337737353,0.000478799554015921,0.00064335607284356,0,0,0.000336292113342784,0.00019638357583061,9.57175113623465e-05
0,0.00348394025251208,6.00639250782336e-05,0,0,0,0,0,9.88641950571646e-05,0,0.0109758642588575,0,1.47748651741635,0,0,0.000449169712078643,0,0,0.00454248849327221,0,0,0.000294565130896533,6.08587950943987e-05,2.63042354044414e-05,0.041574504815064,0.165926552705272,0.400068737648127,0,0,4.76501748093577e-05,0,0,0,0.000693639059106808,0,0.000560345246889668,0.0313358479508375,0.0138296401158636,0.00203940970850543,0,0,0,0,0,0,0,0,0,0,0,0.000474248923262331,0,0,0,0,0,0,0.000119263175040636,0,0,0,0.00122122643925898,0,0,0,0,0,0,0,0,0.000252019138313768,0,0,0.00207154075771521,2.90591891899461e-05,0.000113131311011722,0,0,0,0,0,0,0,3.05918538045518e-05
0.00100676979982438,0,0,0.000329051964258008,0.057929117765633,0.23748632412316,0.00016882489181623,0.353669218116919,0.000259741941771294,0.000521178879038168,1.72280864786653,0.00119815421541717,0,0.00537435454529199,0.000985620435188316,0.000198672845366621,0,0,0.000400464455912387,0.000293735352193328,0.000726158149852852,0,0.000176604394594351,0.000688602520204404,0,7.87097120937327e-05,0,0.00072616783062462,1.01805903734895,0.000570066948580392,0,0,0.00301996381086023,1.70103947941889,0,0.000308955484808443,0.000811654656135505,0.107409353787288,0.0118299256541791,0.0483744776694946,2.83147587215071,0.000364896800689202,0,0,0,0,0,0,0,0,0,0,0,0,0,0,0,0,0,0,0,0,0,0,6.44283235720828e-05,0,0,0,0,0,9.8141083266258e-05,0,2.48359745000527e-05,0,0,0,0.000129596566876116,0,0,0,0,0,0,0
0.021066165263687,0.000578455134827981,0.0015446070134429,0.0273296748530837,0,0.00172138880864519,0.0144091224291909,0.00170347629801048,0.0134230670849785,0.0240320882257758,0.00101426164713266,0.00501450299720887,8.64069563462477e-05,0.00678060122591192,0,0.0050299705668723,0.00628904285441737,0,0.000421308770426725,0.0538763175189435,0.57050188005493,0.000744544557019347,0.216547637945876,0.0309857440786034,0.000166489925144982,0.000167775292805632,0.00114994409708186,0.0561260656105661,2.32078788475482,0.480122742960738,0,0.00301996381086023,0,1.2420952623791,0.000227018334977868,0.0665247994181009,0.00917353732708807,0.180154027192231,0.15764545401502,0.000449446389273127,0.00153601175932333,0,0.000670484576685627,0,0.000281059167664988,0.00037287321042281,0,0,0,0,0,0,0,0,0,0.000417402852904583,0,0.00597876460271264,0,0,4.36898215077763e-05,0,0.000572659645266429,0,0.00132944106987927,0,0,0,0,6.08506031048589e-05,0.000343829594950606,0,0.00526408667103361,0,0,5.30086415741274e-05,0.00172473175913185,0.00010187067125874,0.000296238123397959,0,0,0,0.000219031447495728,8.63718433833402e-05
0.0743067787978115,0.00198927124270357,0.071771596216498,0.0318239969436152,0.013675399614331,0.223367767596565,0.030582780413975,0.140438731505591,0.0107237503762929,0.0542209131583533,1.0963549112514,0.0301127907090243,0.00339358581575092,0.265361672530649,0.008517676381461,0.0415009450164615,0.124573147890851,0.000720915338098406,0.675075268679568,0.0719747711198206,0.218319611232098,0.00492904877015922,0.237133756434168,0.0506532352016055,0.00386885373185271,0.0590663469223992,0.083267000820294,0.103487876079492,2.72772695954552,0.464725671844834,0.000693639059106808,1.70103947941889,1.2420952623791,0,0.00102828675247951,0.17913791138624,0.115801199312888,4.63141471548219,0.355857540023181,0.163828322602583,0.220571843122368,0.00403257745256024,0.00130763429923293,0.000366456992486958,0.000289779865540334,0.000792570513077069,4.24380361635577e-05,0,0,0.00024545583033744,4.23652457204387e-05,0,0,0,0,0.00112516408375406,9.25609587935443e-05,0.00610707385753142,0.00059880477646137,0,0,0,0.000242863180991216,0,0.00277497901427724,0,0,0,0.000119247365993908,0,0.00142442629736344,0.000287765526196229,0.0114142706772097,0.00131797063468291,0,0.000203886326960646,0.00351639704084906,0.000211464416884045,0.000107947704794861,0,0,0.000905425676198567,4.79431944084121e-05,0.000297036354438787
0.000103881652010344,6.37999329371165e-06,0.000755232355223952,9.743608801141e-06,0,0.987693274235445,0.000367695975705648,0.0314781127582865,0.000108075254047663,0.032435447745038,7.10383275667398e-05,0.140242822307241,8.12519386736476e-05,2.80207455793726e-05,0.228619055755398,0.00582848163806351,7.41311551391778e-05,0,1.12725100161322e-05,0,0.00566640671882068,0.000438388212503362,0.0119964128289274,0.00127647848520694,8.79169871622085e-05,0.00034674785447985,0.00233066688440257,0.00274259871915191,3.5360769549422e-05,0.00068466636785223,0,0,0.000227018334977868,0.00102828675247951,0,0.0382986810599696,0.0353954905623583,0.02793147267974,0.0319583592864705,0.027563369661803,0.000171635231938966,0.000375783965689404,0.0202851716596471,0.0325918599566988,0.0151084515579044,0.0222448662445557,0.00191785639414475,0,0.000273126689850261,5.1622959953611e-05,0,0.00060437699468618,0,0,0.00560709172103532,0.000206385497362046,0.000242584826392559,0.000108783608223015,8.71120810151622e-05,0,0.00336351163090257,0,0.000102506223854271,0.00801600252922466,0.00190145922421925,0.00022185030450894,0,0,0,0.00151314081299379,0.00025589562332531,0.00537676501456419,0.000563129868733452,0,0.000317736788457667,0.00130419855699591,0.000857695561571395,0.000155805521338484,0.000241461958704169,0,0,9.08403570698644e-06,0.00278345992680501,1.81394476435837
0.0164287904405869,0.00222696561742786,0.0647899746588671,0.00205534314796856,0,0.00096323464877291,0.0372416960723668,0.0048271873520655,0.185069026856165,0.00743955835892678,0.00852012012555476,0.0526794517425831,0.0955087013488885,0.00855398806280897,0.00279990775742373,0.369242359507881,0.0052779018279404,0.00012918596439425,0.00928819387352491,0.00567221364365372,0.262495588292604,0.0331689838937965,0.400414851766089,0.126821091098845,0.0311523525413074,0.029724587220901,0.0914326906846642,0.184458116309171,0.00865945371596058,0.0438061061215961,0.000560345246889668,0.000308955484808443,0.0665247994181009,0.17913791138624,0.0382986810599696,0,3.92933932167389,1.18907088034599,1.19816815583472,2.50350128494541,0.00332828498793518,0.241462162093359,0.177165416864066,0.0554591584162136,0.0188964543742541,0.0119844105565206,0.000791276268288933,0,0.00120491838472903,0.0015051772479846,0.000260276442939994,0.0010737587136156,0.000389088169504679,0,0.000529039042357172,0.00995052769733723,0.000605011806159417,0.0206350286260821,0.00149563788165515,0,0.000330495921170774,0.00021460386011078,0.00151110979017664,0.00107962139315918,0.0289442482200644,0.000367016072065693,0,4.45863050231518e-05,0.00071902265854748,0.00349543959067129,0.011464324450299,0.00570343641835539,0.0520901386250901,0.000305457225998597,0.000467387627602775,0.00273320116940813,0.0215109256606772,0.00196772485612515,0.00280481154136713,0,0,0.0021377006339042,0.00278541471171666,0.00940924522893331
