0,0.000884805769841464,0.115092846408626,0.00397915847960226,0.00190960681555252,0.00392622535127797,1.30061234092202,0.421064176893701,0.00708461466889178,0.00491926774690545,0.00224245669010879,7.77879229075891e-05,0.00041325551973692,2.24373145125975,0.000513077322015835,0.00624915321941122,0.0480898630206907,0.00350688699191597,0.0264521595620432,0.0012540573208177,0.0207146588807553,0.000645916143500666,0.0613295271173773,0.0175486538835215,0.000192129029590785,0.0257304881456661,0.016813455106506,0.0371404971536625,1.17201443504745,0.82097147912059,0.00147895211431809,0.00377205173189806,0.045905130080544,0.088749292426372,4.99478113509728e-05,0.0303043029693419,0.00634836204001461,0.0736314012442518,0.044190887886871,0.0114405974156986,0.000976230977537157,0,0.000161797205705552,5.92355496219373e-05,0.000209693297005296,0.000207895534112133,0,0,0,0,0.000731254037393134,0,0,0,0,2.7780335992635e-05,0,0.00335658313734778,7.57968373866482e-05,0.000130040515967001,0,0,0.000351705350926159,0,0.0055105801523894,0,0,0,0,0.000412495218845334,0.000175428207084618,0.000140727126784644,0.00425476852781848,0,0,5.71123413623279e-05,0.00470841712245733,0.000182750916553754,0.000816330943442939,0.000278909890290002,0,0.000651511531404712,0.000563887646728217,4.63575256512893e-05
0.000884805769841464,0,0.0125094430423799,0,0,0.000145279546914452,0.000138118221926813,0.000171093348358617,0.194656246392801,0,0.0129440443140817,0,0.0752929271182471,0,0,0.140776746177253,0.0264948599473768,0.0132826017325926,0.0255636955568633,0,0.000416799536680921,0.980013897024873,0.00330578981503175,0.0416820461020878,2.85033592048358,0.0201264956867499,1.15750782747744,0.000905841108620393,0.000800427664124165,0.000199122265756831,0.0631269059673178,0.000411927452869932,0.00148454544207131,0.00968399081258609,6.57580628088526e-05,0.0122534890746225,0.0364654400971664,0.0609714045117278,0.0499153540090787,0.000499511657985195,0.00109582028958696,0.0266382054917206,0.00428948639631759,0.00579979946515626,0.0160391839641583,0.0127945247665669,0.000178994882285184,0,0.00496876339644751,0,1.04814649587901,0.00395814723851186,0,0,0,0.000369549036555392,0,0.00595887587964496,0,0.00190542056768756,0,0.00348990359898305,0.000157354076513294,0,0.0261211097461062,0.0131077544275906,0.00305563366678987,0.00836209194964163,0,0,0.365103996111921,0.00123346466202968,0.000957557604919655,0.19638112992019,0.03429324287826,0.217963640908382,0.000170617694884303,0.000346869206878542,0,0.0149185191775182,0,0,0.006440312524853,0.000221065998812921
0.115092846408626,0.0125094430423799,0,0.000537277362229621,0,0.000811095384976436,0.0758367177723301,0.0052307938540365,0.000633861186132165,0.00153304090031905,0.00173611065188528,0,0.00169523357335888,0.012705727710661,0,0.0245337112824027,2.65493082914714,0.00605967137079816,0.0734073323125356,0.00026872227248755,0.168758860005677,0.00637051361996043,3.36398911960621,0.0133333696899163,0.000653871729889176,1.65942434101907,2.32453809517724,0.0389018506163305,0.00717485581460329,0.173615917902742,0.0013475346784292,8.20728708226387e-05,0.000328941627071101,0.0871417838045361,0.00132014307441013,0.106046787420668,0.250766268621757,0.517119025410979,0.185630829540399,0.00289010384918171,0.00048276569303278,0.0014630458240111,0.00282712660899991,0.000550442703835052,0.000640861599050118,0.000287262726672945,0.000474514159280584,4.84216994841458e-05,9.62986478244988e-05,0.000391037648796758,0.00104286527051096,0,0,0,3.15968435637803e-05,8.20726830704846e-05,0,0.00137589307344502,0,4.27775277554842e-05,0,0.000340227285295369,7.34326947429116e-05,0,0.00394918234630731,0,0,0,0,0.000579820807636668,0.00231660414857549,0.000403964020650513,0.00106292433555407,0.000974324224264851,0,0.00251688364284797,0.000412936548714044,0.000180370739860949,0.000426209176204078,5.49706073901934e-05,0,0,0.000223750009334504,0.000296539858076853
0.00397915847960226,0,0.000537277362229621,0,0,0.00297766272463736,0.0483412971267056,0.00106884745300971,0.641448193629145,0.661688252658432,5.40295534403588e-05,2.74022291851966,0,0.000956485532925684,0.000896539348349277,9.21095834332912e-05,8.90039164094828e-05,0,0,9.29450889419933,0.000327485157462703,0,0.000355389366984606,4.3754384928177,0,0.000295641234510131,0.000311313352444568,2.24129443897878,0.00260779882906013,0.000216378964760515,0,0.000107547265380918,0.000384653767004292,0.00312943272018647,0,0.00647926408713338,0.00103806599960385,0.002493894644168,0.00184695565411752,0.00398461627906965,0,0,0.000363636399419329,0,0,0,0,0,0,0,0,0,3.17143352019805,0,0,0.000139668737851179,0,0.00109360422092654,0,0,1.12565842872618,0,0,0,0,0,0,0,1.56493310410686,0,0,0,0.194942776858064,0,0,0,0.000104087000144567,3.58715374737893e-05,0,0,0,0,0,0
0.00190960681555252,0,0,0,0,5.24542008063164,0.000405490548774642,0.244466335269739,0.000536205953540508,3.8493840188399e-05,0.0125851142034445,0.000904472889255011,0.001863526793624,0.00297812027907064,0.913333144895765,0,0,0.00440850877384724,0.00065649942236664,0.000160082660296892,0.000224889971795664,0,0,0.0007605226609531,0.00129581567826486,0.00202024281637258,0.000360153132223881,0.000443471863970119,0.0983888529814535,0.000225680455679013,0.00448954847118328,4.15992883274525,0.00141137142873848,1.10056716488984,0.018091702133074,0.00208759755033035,0.0021731331935116,0.0603678778889332,0.0245041445024522,2.73034256066623,7.52876696754578,0,0.000618614527278367,0.000322315921780071,0.000436378800184246,0.00160101234114311,0.001242639086316,0.000251701007316085,0.00136690983411478,0,0,0,0,0.00505495597690304,6.40706865097547e-05,0,0,0.000313391482270199,0,0.00244014443339501,0,0,0,0,0,0,0,0,0,0,0,0.000120693604592664,0.000109840304920589,0,0,4.90822797337498e-05,0.000503376130802831,0,0,0,0,0,0,0.00677731536108826
0.00392622535127797,0.000145279546914452,0.000811095384976436,0.00297766272463736,5.24542008063164,0,0.0777066411960337,2.49607578315082,0.00226172562512681,0.859462852318859,0.00610944800019285,3.67203730441599,0.00231622725181184,0.0702007658446896,2.29608728189497,0.000316428067987833,0.000493741799300143,0.00215980317177464,0.00150860288315957,0.0443647651414789,0.000251630480522529,0,0.00035232260430872,0.00382804557995917,0.000525820245820459,0.00181787608958407,0.00111944320496966,0.0252043481544669,0.0306458162943375,0.000376508184036249,0.000960843428247333,0.604292236806542,0.00015252370546079,0.0469575851584361,1.12767054645698,0.00103112439417893,0.00205883774501946,0.0463216041883108,0.0115424003810424,3.13752719822924,0.333187385070985,0.00023817659198512,0.000126135290671119,0.00128550888633335,0.000325965142837007,0.000167917226718023,0.000710227581550658,0,0.000141388724078331,0,0,0.000158321645710169,6.42518027469535e-05,0.000427918948425129,0.00470660443401673,0,0,0,0,0.00230057138461771,0.00477170571518994,0.000113604934776981,0,0.000243730741839391,0,0,0,0,0,0,0,0.00024063227229652,0.000358615604699534,0,8.10887145826777e-05,4.55999111550541e-05,0,0,0,5.06939699062119e-05,0,0,7.99760059116972e-05,0.0525999003255295
1.30061234092202,0.000138118221926813,0.0758367177723301,0.0483412971267056,0.000405490548774642,0.0777066411960337,0,0.146826286666657,0.082314555705334,1.72565928055996,0.000866066086594479,0.00307373471148761,0.000473883933964414,0.282495098177645,0.000676036812602893,0.0092614084512988,0.00572979150754914,0.000575301719331754,0.00251571205447083,0.0204144832748248,0.203233816296966,0.0012909924616664,0.12928835281292,0.196363977485459,0.000139351227344674,0.0153596785923365,0.0193255200834085,5.41124904496253,0.0636622086936516,1.95069951231077,0.000219444975728665,0.00224798852898305,0.0117609942660023,0.0366272866642011,0.000160387322488936,0.0424788953485987,0.00423875089565602,0.0621306760316041,0.0498408428383293,0.0180384527915556,0.000945767888403778,5.15162377513296e-05,0.00185398181158941,0.000185869042378908,0.000217909053552039,0.000207479027519825,0,0,0,0,3.58100517782595e-05,0,0.000379561028926185,0,0.000215697705782322,0.00258960488069227,0,0.00423297158470765,0,0.000639578596529752,5.49912652862833e-05,0,0.000264321620986309,0,0.00537753013425628,0,0,0,6.59530286550051e-05,0.000999546603222042,0.000641807286160916,0,0.01000558767183,0,3.37956974665061e-05,0.000126414146132521,0.00790220476915331,0.000519714328020431,0.000796012682015741,4.07733360582127e-05,0,4.14345205947556e-05,0.000485179668264761,2.32136631159467e-05
0.421064176893701,0.000171093348358617,0.0052307938540365,0.00106884745300971,0.244466335269739,2.49607578315082,0.146826286666657,0,0.000375516317309412,0.411524950775598,0.031574814120728,0.0130270533742775,0.00450743787257783,1.5120872537679,0.00799809126850066,0.000515211483462768,0.00137326849089439,0.00787713452513792,0.0055967165527779,0.00169908776686699,0.00150001260647035,0.000237173947224445,0.0041861880215432,0.00257116977643553,0.00191376073652426,0.0122574595738688,0.00349058388856072,0.0137562677612028,0.0755484286897271,0.0144208170431824,0.00331755861605443,0.22530113069176,0.00127725663739033,0.158209258563759,0.145385437655683,0.00344682610810811,0.00578140222363093,0.0854124720518715,0.0142929549549562,0.287889912549737,0.180274165846478,0.000177610753370004,0,0.000284590819713697,0,5.57482337913747e-05,0,0,0,0,4.22304920407496e-05,0,0,0,0,9.32209395754311e-05,0,0.000310991935280401,0,0.00282621486997471,0,0.000123545272369241,0,0,0.000613352093612385,0,0,0,0,0,3.7136117020933e-05,0.000100383145822808,0.000480192829862889,0.000158148817705455,0.000172919571037196,1.90056470490286e-05,0.000340025691319907,4.51346714033232e-05,5.68005590302111e-05,0.000155160633007144,0,0,8.38281231682354e-05,0.000218871971534551
0.00708461466889178,0.194656246392801,0.000633861186132165,0.641448193629145,0.000536205953540508,0.00226172562512681,0.082314555705334,0.000375516317309412,0,0.0377543278305769,0.00738170460965791,1.69544541082194,0.0291274267169514,0.00175651184352737,0.578524718751213,0.0770151451241591,0,0.00648991780813297,0.00114134233822312,1.6837734816732,0.000645182693334148,2.62026805212358,0.00182690672080206,5.72624045724384,0.287390546239478,0.00225469652813363,0.0614474211120599,0.181464128459985,0.0134163457395356,0.00597298104416859,0.0307002777817326,0.000352342292920405,0.00987934170399802,0.00760896295400002,0.0193083114396139,0.086114790717455,0.00530684336822633,0.0116792020201558,0.0149121615930197,1.04210807704812,0.000957406836882946,0.0127890601972315,0.00205853563732242,0,0.00207033479245374,0.00171095461617696,0.000424644186321731,0,0.000824429012341754,0,0.0337408118225344,0.000714362347954398,0.000995962742583284,0,0.000158847263071481,0.000360306645028921,0,0.218843888925296,0,0.000685849013552109,0.00268088403207746,0.00148071802588498,0.000327630656201214,0,0.037113981823373,0.000108218028782493,0,0,0,0.00128025041637183,0.274184969470965,0.00197788554106125,0.0221758035100646,0.0196192258303943,0.0010366639427296,0.0148933711435581,0.00632628589070223,0.000584088638667208,0.00154745583488683,0.00221605664867837,0,0.000133760880652967,0.00264740637864409,0.00171543650030487
0.00491926774690545,0,0.00153304090031905,0.661688252658432,3.8493840188399e-05,0.859462852318859,1.72565928055996,0.411524950775598,0.0377543278305769,0,0.00028139194326514,1.10658974934127,0.000212837684808778,0.117942870516343,0.000977007465496478,5.3238915288926e-05,7.87930185312639e-05,0.000106474912631719,0.000287081927781915,2.19244392550005,0.000268629155327244,0,0.00136297832581952,0.072520926341747,0,0.000685359787075223,0.0004643653306914,1.05528386620831,0.0119116797361942,2.54730700183236e-05,0.000126569950697984,0.000776609006956886,4.67846614558326e-05,0.0156265522909379,0.0196788198465577,0.00969342171302542,0.000255125362827608,0.00956710293356213,0.00220679517654243,0.0405633457433164,0.000135730937078574,0.000122697565206175,0.000204177182049243,0.00011561855465258,0,0,0,0,0,0,0,0,0.0189585400008838,0,0,0.000165088212569894,0,0.000466646641933679,7.15465420904945e-05,0.00017506227284853,0.000103634929329932,0,0,0,8.59414366884137e-05,0,0,0,0.000821763512111926,0,0,0,0.000468850884557809,0,0,0,0.000221198059550138,0,0,0,0,0,4.74686063579024e-05,4.01310232334522e-05
0.00224245669010879,0.0129440443140817,0.00173611065188528,5.40295534403588e-05,0.0125851142034445,0.00610944800019285,0.000866066086594479,0.031574814120728,0.00738170460965791,0.00028139194326514,0,0.000391279998229434,2.55729174397339,0.0102149783726069,0,0.0015383701066185,0.000638609499108861,1.39932354208755,0.694383690532565,0.000112719158982208,0.000349161225035599,0.00794028750605682,0.00172885250519491,0.00215559993673892,0.813505664851693,0.792980934832219,0.0433503815046883,0.0012931727233101,0.0361816273591904,0.000883223746124325,0.192104705581381,0.0619223718101323,0.000745086448200233,0.765112521218392,0.000136406470277026,0.0213081700851652,0.472666042243682,0.901089608224164,0.0288206549706531,0.00934426961391542,0.006888931117179,0.87714441808815,0.000330866043394797,0.0170025997017101,0.00768739715361507,4.28905563468248e-05,0,0,0.006927066984031,0,0.00058715363582749,0,0,0,0,0,0,0.000142486007153488,0,0.0423432903493231,0,0.0704080794571795,0.000117419038696796,0,0.000379019831494334,0,0.00397452012676345,0.000558693045016489,0,0,0.00071244693138052,0,0.00038080487061889,0.170035253737423,0.00977933611581483,0.0046990168279199,0.000176927644412891,0.000334540028670042,0,0.0411373101957225,0.00019441251648075,0,0.00330375128512427,7.17108598238408e-05
7.77879229075891e-05,0,0,2.74022291851966,0.000904472889255011,3.67203730441599,0.00307373471148761,0.0130270533742775,1.69544541082194,1.10658974934127,0.000391279998229434,0,0.00015556906735632,0.00475115736436835,1.03404294709817,0,0,0.0003078949766854,0.000423940480615241,10.8965832894576,2.32252809979046e-05,0,0.000174029220940411,1.26000886448624,0,0.000190991070281124,0.000156705998427735,0.0262302913362392,0.00345194717145622,0,5.74670867902784e-05,0.00146898335353945,0,0.00254345277023995,0.620466671652576,0.0338511851528034,9.56610952242858e-05,0.00466751514113754,0.000805149014667718,1.11421537364528,0.000584857959083296,0,0,0.00031559722897862,0,0,7.53609918649843e-05,0,0,0,0,0,0.0163959101789931,0,0.00373456422082964,0,0,0.000299382029988254,0,8.82667561701717e-05,0.68352637158514,0,0,0.000135791846802936,0,0,0,0,0.0136019442596725,0,0,2.75761566626031e-05,0.0237058045937476,0,0,2.48645337212351e-05,0,0,0,0,0,0,0,0.0289688512575311
0.00041325551973692,0.0752929271182471,0.00169523357335888,0,0.001863526793624,0.00231622725181184,0.000473883933964414,0.00450743787257783,0.0291274267169514,0.000212837684808778,2.55729174397339,0.00015556906735632,0,0.00193242373426951,0,0.0093019597167154,0.00146159337525007,0.0238832468194923,0.010318754235817,0,0.000527416856823857,0.0407103647338558,0.00414364346032865,0.00459384406267429,5.01442518512699,0.0725048190622478,0.350897554987152,0.00156447961175922,0.00529597169829868,0.000451498656050935,2.05241341699141,0.0109097092871214,0.000407277394465005,0.0327017478702217,0.00205287451499536,0.32864960498451,0.940233999401477,0.367279393186405,0.08346227318057,0.00648466053848641,0.00343080807462175,2.43357436570915,0.015663867439723,0.033501229956637,0.0166747303269832,0.00109414241160512,0,0,0.0328766996341502,0,0.00561978857608814,0,0,0.000130507196667167,0.000106429722543658,0,5.93195267955399e-05,0.000964089962885079,0,0.248366730525595,0.000279630748846713,0.251608133978284,0.000267585786697703,0,0.00146505477868773,0,0.0125598694393045,0.00140204225329173,0,0.000219726386852397,0.00190188589124568,0.000336818055097556,0,0.583351900858028,0.0260238948957687,0.017049916080568,0.000516642915708417,0.00116555811294972,0,0.144404273794937,0.000606135093887475,0,0.00727260955976868,0.000678063315110557
2.24373145125975,0,0.012705727710661,0.000956485532925684,0.00297812027907064,0.0702007658446896,0.282495098177645,1.5120872537679,0.00175651184352737,0.117942870516343,0.0102149783726069,0.00475115736436835,0.00193242373426951,0,0.000600651647029286,0.000933682734186378,0.00593329608390976,0.00272313233162885,0.00688539032988727,0.0024831735962359,0.00224409508254152,0.000151409904608104,0.00653553922525431,0.00443045169412995,0.00109621866563845,0.00834248001690029,0.00492229212265304,0.0103646100847149,4.84506763885225,0.225540460920677,0.000945451810165213,0.0348685489438813,0.00815045935441379,0.14059286918733,9.11607599369694e-06,0.00620712741326835,0.00214886455335816,0.0771314953500907,0.0118592910742214,0.149960286830088,0.0143342394472861,0.000193788256611571,0.000272069241989312,0.000247193783758724,4.02968390608401e-05,0.000119244951673666,0,0,0.000202228215428518,6.6007677441653e-05,0,0,3.29947680180369e-05,0,0,0,0,0.00084560350076092,0,0.00243985892453367,0,0.000134648444743011,0,0,0.000892961532805453,0,0,0,0,0.000102861133385174,0.000229363771688344,7.29706685390725e-05,0.00215791386554509,0.00026184280951316,2.88624744613022e-05,0.000169749895426143,0.000740857064491458,0,0.000123999902812131,3.82995808276263e-05,0,9.17109261280077e-05,0.000221424474163267,0
0.000513077322015835,0,0,0.000896539348349277,0.913333144895765,2.29608728189497,0.000676036812602893,0.00799809126850066,0.578524718751213,0.000977007465496478,0,1.03404294709817,0,0.000600651647029286,0,0,0,0,0,0.00660881418414022,0,0,0,0.0121810546030134,0,3.09546338059102e-05,0,0.000367397408722834,0.000236525610104682,0,0,0.00260583447483504,0,0.00111890608123044,0.0986983730430396,0.0179448160342568,0,0.000750757982133088,0.000369434540754415,4.79241662607525,0.0182016249028707,0,0,0,0.000161257160015242,0.000958064616884274,0.000141609241284076,0,0,0,0,0.000465089465019906,0,0.000353994872650969,0.00155233314477754,0,0,0,0,0,0.00201139158075083,0,0,0,0,0,0,0,0,0.000468208091597672,0,3.22743216878525e-05,0,0,0,0,0.000262579066627716,0,0,0,0,0,0,0.0103780848456068
0.00624915321941122,0.140776746177253,0.0245337112824027,9.21095834332912e-05,0,0.000316428067987833,0.0092614084512988,0.000515211483462768,0.0770151451241591,5.3238915288926e-05,0.0015383701066185,0,0.0093019597167154,0.000933682734186378,0,0,0.0105227741059638,0.00133144266923097,0.00280115487908815,0,0.599551092976848,5.09285833223374,0.959401449135883,3.48717098364417,0.0595471390534444,0.00648605885783373,1.56613164981684,0.466072277035559,0.0154108125385742,0.0447628581382599,0.0039888393766236,0.000764349184834691,0.0120503886365901,0.0553682414557561,0.00542666341715715,0.513894828184885,0.19810516195166,0.278927607853949,0.456514229978407,0.02984371422015,0.00073269707673924,0.00860382605118535,0.0146690937559253,0.00123051812972915,0.00668363670414917,0.0113985414512253,0.00436040184356814,0.000205188537354996,0.000170115594879672,0.00355993553219552,0.04004835001793,0.000321709158963241,0,0,0.00027826563203351,0.00153073197041666,0,0.0381490160150139,0,0.000248068311312345,0,0.00113692126700548,0.00173361844984667,0,0.60831831141089,0.000247872487790183,0.000141874795332655,0.000172257175113297,0,0.0205165278765582,0.466935859332233,0.0658634494842687,0.0290210923771959,0.00797454696100438,0.000689915891951076,0.0379229733731232,0.0206296270963019,0.00141390971822913,0.0113610202979979,0.000368290837088365,0.000125001933831168,0.00163260730644934,0.00539249145605699,0.00134100253491848
0.0480898630206907,0.0264948599473768,2.65493082914714,8.90039164094828e-05,0,0.000493741799300143,0.00572979150754914,0.00137326849089439,0,7.87930185312639e-05,0.000638609499108861,0,0.00146159337525007,0.00593329608390976,0,0.0105227741059638,0,0.0177537146660286,1.05966862195302,0,0.0322850368411521,0.00337868127339231,1.36632127412468,0.00281471694401603,0.00264500052900172,2.09116224238526,0.4766142929628,0.00615137060626284,0.25013747138775,0.0330859850385299,0.00209639319451826,0.000328807356368831,0.0243547576134807,0.165074060985526,0,0.00720871119267219,0.048081606477083,0.044898880951006,0.0121340157582456,0.000206852124347134,0,0.000141231939993519,0.00036698918973213,4.03281064361636e-05,0,0,0,0,0,0,0.00385325946236013,0,0,0,0,0.000164590514115494,0,0.000218115450039144,0,0,0,0.000255158570926567,0,0,0.000342550692193553,0,9.40965437836172e-05,0,0,0,0.000781867101974955,0,0.000343386258677691,0.00164685781076486,0.000515035774568955,0.00156839349098221,0.000347118560745478,0.00017331432526738,0,0.000435958996681685,0,0,0,3.880827419816e-05
0.00350688699191597,0.0132826017325926,0.00605967137079816,0,0.00440850877384724,0.00215980317177464,0.000575301719331754,0.00787713452513792,0.00648991780813297,0.000106474912631719,1.39932354208755,0.0003078949766854,0.0238832468194923,0.00272313233162885,0,0.00133144266923097,0.0177537146660286,0,1.91543887759109,0,0.000731134437950656,0.00651616076631834,0.00288511706295967,0.00133875325336883,0.14573619363365,0.322836278897044,0.0603077224572343,0.0010069388487757,0.0114893331195201,0.000517839692663219,0.0995995712113787,0.0166749262167221,0.000838076036216026,0.0676579813449813,6.95190981511848e-05,0.0159745228668429,0.149490095432421,0.244237048208382,0.0435504524154104,0.00583637204522488,0.00393565631602199,0.00338789221826647,0.000118713262144772,0.00565435796385516,0.00304588169957558,9.45593216731952e-05,0,0,0.00345017655477805,0.000194184009508831,0.00170488127577871,0,0,0,0,0,0,8.7680250424672e-05,0,0.0196084871586808,0,0.0673546239616883,9.70015602259908e-05,0,0.000415181686461163,0,0.00981932241778093,0.00143668778452883,0,0,0.000614203134480509,0,0.000304492909575002,0.0875431388291995,0.0202295219666837,0.0141785590651774,0.000254926407990472,4.1772357320803e-05,0,0.0980370987944682,0,0,0.00161090081896875,1.36122134715973e-05
0.0264521595620432,0.0255636955568633,0.0734073323125356,0,0.00065649942236664,0.00150860288315957,0.00251571205447083,0.0055967165527779,0.00114134233822312,0.000287081927781915,0.694383690532565,0.000423940480615241,0.010318754235817,0.00688539032988727,0,0.00280115487908815,1.05966862195302,1.91543887759109,0,0.000290516645203895,0.00592983391306763,0.00285873460554008,0.052634997727673,0.0014058631213627,0.051701579100908,1.4313586856722,0.287686702643951,0.00221251285177247,0.0120260047699371,0.0105081521121032,0.0273902286353278,0.00648168092138274,0.00078375872138795,0.434016977851719,4.45032375183044e-05,0.0153935946144238,0.0956596306068728,0.370071472250513,0.0644265387999013,0.00548770537506384,0,0.00100777693778833,0.000281363454841061,0.00173599669002085,0.00147659031213893,0.000767029652023266,0,0,0,0,0.00766962893044449,0,0,0,0,7.57348011277113e-05,0,0.000520327792717385,0,0.00332203797761741,0,0.00629268729095882,0,0,0.000507387121190236,0,0.00282685946411739,0.001326852642349,0,0.000183947822189353,0.000986852376967606,0.000131178428454564,0.000365956605333156,0.0111333250196926,0.0119157341491013,0.00984283806489876,0.000181441843608468,0.000186595606664664,0,0.0150321875332096,0,0,0.000636839181178133,5.87427886569481e-06
0.0012540573208177,0,0.00026872227248755,9.29450889419933,0.000160082660296892,0.0443647651414789,0.0204144832748248,0.00169908776686699,1.6837734816732,2.19244392550005,0.000112719158982208,10.8965832894576,0,0.0024831735962359,0.00660881418414022,0,0,0,0.000290516645203895,0,0.000239248116529428,0,0.0006263335892735,1.1213878309013,0,0.00022710194186538,0.000137456161116369,0.482823682846077,0.00408281030513852,0,0,0.000675279702100501,0.000165463573013632,0.0100486035127516,0,0.032268345470898,8.34900584642073e-05,0.00524752533785456,0.0014047277386354,0.0342959952715273,0.00106686485778072,0,0,0,0,0,0,0,0,0,0,0,0.195711576624964,0,0,0.000154279309129808,0,0.000148272475604658,0,0,1.09739746407863,0,0,0,0,0,0,0,0.135678633613521,0,0,0,0.0634749772823115,0,0,0,0.00041534742650548,0,0,0,0,0,5.1153621953022e-05,0
0.0207146588807553,0.000416799536680921,0.168758860005677,0.000327485157462703,0.000224889971795664,0.000251630480522529,0.203233816296966,0.00150001260647035,0.000645182693334148,0.000268629155327244,0.000349161225035599,2.32252809979046e-05,0.000527416856823857,0.00224409508254152,0,0.599551092976848,0.0322850368411521,0.000731134437950656,0.00592983391306763,0.000239248116529428,0,0.0124728004490401,6.86521809907962,0.0204221661009337,0.00025737942412866,0.0120151989734289,0.0241056949425911,0.972542489542778,0.347889699988663,3.09965890215273,0.00034724712971737,0.000838359050163261,0.821957619396454,0.959219479214962,0.00169264226705736,0.142239869143634,0.0792528704692459,0.166233710338318,0.133520049680477,0.00337980265521649,0.000323394018929601,0.000804584606139223,0.00107725553409963,0.00010045921197391,0.000636230302786782,0.000577825069552132,0.000410113128967884,4.52805912373819e-05,0,0.000423730492815818,0.000585599107598816,5.41756640261644e-05,0,0,0,0.00055374683416634,0.000240553399799871,0.00346058576335163,0,5.73925283099243e-05,0,3.47507792703948e-05,0.000265325986072346,0,0.0359756011079536,0.000156703672472676,0,2.78480662928308e-05,0,0.00323654140813459,0.00511041327493099,0.00297112454579266,0.00828980378888012,0.000208388143066781,5.57475484581522e-05,0.000598457118276845,0.00590296939646829,0.000341871929808727,0.00182000808792226,0,0,0.000289743616407614,0.000448943723403901,0.000293325201414699
0.000645916143500666,0.980013897024873,0.00637051361996043,0,0,0,0.0012909924616664,0.000237173947224445,2.62026805212358,0,0.00794028750605682,0,0.0407103647338558,0.000151409904608104,0,5.09285833223374,0.00337868127339231,0.00651616076631834,0.00285873460554008,0,0.0124728004490401,0,0.0456299072327161,1.64953263086415,0.44130567419008,0.00389533841425984,1.05641298666537,0.0261627349804031,0.00306856842807861,0.0050775973342597,0.0262310314738305,0.000107351359881632,0.00498006071895144,0.00550538812075768,0.000148628272245609,0.0381773238023743,0.0305485669933939,0.0358840862409806,0.0355728947671109,0.00016098991869185,0,0.0150645881820368,0.00481290328367876,0.00297966821557796,0.00449458577195919,0.0059894890952334,0.00236691187226138,9.85787953911871e-05,0.00031671454471812,0.000979326026018135,0.161793296267928,0.00052424185533069,0,0,0,0.00113825565945508,0.000108343823102749,0.170069826214793,0,0.00175407784207382,0,0.00150525076974032,0.000488109292602415,0,0.228719607928079,0.00331236218489456,0.000845726206193372,0.000787631467975157,0,0.00764410574744093,0.960226841852675,0.0260126988619387,0.0220151834594224,0.0352358675050047,0.00271783594312924,0.052087832385718,0.0120198363016527,0.000323975444735491,0.00293461264751032,0.00198914510212286,0,0,0.00379078701003528,0.00021836409053022
0.0613295271173773,0.00330578981503175,3.36398911960621,0.000355389366984606,0,0.00035232260430872,0.12928835281292,0.0041861880215432,0.00182690672080206,0.00136297832581952,0.00172885250519491,0.000174029220940411,0.00414364346032865,0.00653553922525431,0,0.959401449135883,1.36632127412468,0.00288511706295967,0.052634997727673,0.0006263335892735,6.86521809907962,0.0456299072327161,0,0.0328094134215673,0.00150989173195733,0.117400719211373,1.16654051362346,0.222749615126456,1.08066062522596,0.269956190568814,0.000470149655281015,0.000793203944169428,0.278049125166373,0.310899748964557,0.0159946404892406,0.621620142998658,0.314816397946339,0.937922288667416,0.911495019233444,0.0497964877833127,0.000708191700546288,0.00546642169893244,0.0134932368722912,0.00151659151919899,0.00154993804607734,0.00129980950606044,0.000969749465678146,0.000568653235014744,3.29321695408807e-05,7.70126070414323e-05,0.00180966803547731,0,0,0.000136103459547371,0.00010671360030981,0.000227152352891585,0,0.00193075775225192,0,0,7.77563951362748e-05,0.00151042102553607,0.000392744944571084,0.000160464426177436,0.0497725274256884,0,0,0,0,0.00242569713526774,0.0187175689209715,0.00940086325846569,0.00548050225363798,0.000736409321945011,1.87111244398172e-05,0.00221325881098475,0.00306748470305147,0.000298865528508697,0.00146761536179441,0.000120339501797835,0,3.57579178602346e-05,0.000420978981737983,0.00347962721386943
0.0175486538835215,0.0416820461020878,0.0133333696899163,4.3754384928177,0.0007605226609531,0.00382804557995917,0.196363977485459,0.00257116977643553,5.72624045724384,0.072520926341747,0.00215559993673892,1.26000886448624,0.00459384406267429,0.00443045169412995,0.0121810546030134,3.48717098364417,0.00281471694401603,0.00133875325336883,0.0014058631213627,1.1213878309013,0.0204221661009337,1.64953263086415,0.0328094134215673,0,0.0333678609195076,0.00424361831793973,0.117303332804003,3.83615515066284,0.0890035447269628,0.0681908938611252,0.00329080653105887,0.00149893489854522,0.045545708214667,0.0395385905917152,0.000221090945865357,0.133351568899862,0.0256329762793284,0.0810850080257649,0.0918310980046992,0.0335814143242557,0.00105678360909878,0.00124293409278075,0.00808654479904409,0.00065079883160416,0.00484469723736348,0.0118908211922724,0.0010421403622048,4.34269622894869e-05,0.000244960409090215,0.0042044884547281,0.00679568264175808,0.00104324915946736,0.398239066459359,0,0.00026104389087591,0.0119282243979659,0.000102844132147945,0.276546094781429,0.000512675447599586,0.00147416747165311,0.0401066955738954,0.000210563937696473,0.00194586374891589,0,0.129431282625674,0.000245465642287984,0.000379850863236481,0.00012988046592396,0.0648522043964098,0.0148870506329592,0.0492524466705427,0.00718371273492084,0.908548635327389,0.00277074604258054,0.000957740900173726,0.00759689197251575,0.171467530672596,0.0105300635261874,0.0143010716301435,0.00045854458294751,0.000209179483276306,0.00828396758669511,0.013473881539957,0.00014856258409667
0.000192129029590785,2.85033592048358,0.000653871729889176,0,0.00129581567826486,0.000525820245820459,0.000139351227344674,0.00191376073652426,0.287390546239478,0,0.813505664851693,0,5.01442518512699,0.00109621866563845,0,0.0595471390534444,0.00264500052900172,0.14573619363365,0.051701579100908,0,0.00025737942412866,0.44130567419008,0.00150989173195733,0.0333678609195076,0,0.0774306947303435,0.831932703116968,0.000314614566910082,0.00164690840562372,0.000209333039346785,0.341106118663054,0.00687670310719332,0.000787830985451189,0.0311541950720594,7.47967211670543e-05,0.0533404636868149,0.728722545480282,0.398292554306338,0.0241571640091351,0.00153822335594915,0.00314709013343051,2.88868259433475,0.00288376827163294,0.0487430301155163,0.0296784128129039,0.00359021439282658,0,0,0.0408486952836848,0.000673887936597499,0.270895951666207,6.49467314147879e-05,0,0,0,0,5.57280481758094e-05,0.00349184788343915,0,0.179075524488606,0,0.289525413062627,0.000325146052968959,0,0.0128527771192582,0.000931686784485439,0.0533747911100705,0.0164732627363981,0,9.43743013305329e-05,0.116157089797163,0.000759237142323252,0.000141445547651694,1.06203217726352,0.118732007984551,0.0973327944599341,0.000215455431484669,0.00176577431654934,0,0.387913697490844,0.0004804468747861,0,0.0170383032748554,7.86192742134248e-06
0.0257304881456661,0.0201264956867499,1.65942434101907,0.000295641234510131,0.00202024281637258,0.00181787608958407,0.0153596785923365,0.0122574595738688,0.00225469652813363,0.000685359787075223,0.792980934832219,0.000190991070281124,0.0725048190622478,0.00834248001690029,3.09546338059102e-05,0.00648605885783373,2.09116224238526,0.322836278897044,1.4313586856722,0.00022710194186538,0.0120151989734289,0.00389533841425984,0.117400719211373,0.00424361831793973,0.0774306947303435,0,1.47381345232267,0.0104229609838318,0.0179274183787481,0.0210055100598629,0.226165449893425,0.00965457588420382,0.00127268677752165,0.152479555754132,0.000796487302143235,0.0861828333327426,0.469431056279567,0.589281723869786,0.152801391142919,0.0055718337732514,0.00118606397856557,0.00678093175108594,0.00180090668361044,0.00291024620204145,0.00230027796906298,0.000242376674549396,0.000139461531472457,0,0.000874732417241329,0,0.00747902442088541,0,0,0,0,0,0,0.000265457602624015,0,0.0126295956224027,0,0.0265269513083269,4.55019158775486e-05,0,0.00149721676554274,0.00028313200779305,0.00458188897298736,0.00217167896293354,0,0.000105694847155446,0.0010934573427326,1.50789906402339e-05,0.000590421647246833,0.0227584430142614,0.0225015186130159,0.020774199348993,0.000354732064554445,0.000450537827542786,6.57533113294388e-05,0.0245070386505564,0,0,0.00113585147270606,0.000209367545302806
0.016813455106506,1.15750782747744,2.32453809517724,0.000311313352444568,0.000360153132223881,0.00111944320496966,0.0193255200834085,0.00349058388856072,0.0614474211120599,0.0004643653306914,0.0433503815046883,0.000156705998427735,0.350897554987152,0.00492229212265304,0,1.56613164981684,0.4766142929628,0.0603077224572343,0.287686702643951,0.000137456161116369,0.0241056949425911,1.05641298666537,1.16654051362346,0.117303332804003,0.831932703116968,1.47381345232267,0,0.042919317357378,0.00806842771702635,0.0181460802345205,0.267138278320836,0.00119555843660994,0.00106068576588344,0.227795763058246,0.0130435775508471,0.354592699284722,0.327264737166158,1.17797055139428,0.553484566251615,0.0183351577765507,0.00256537257740108,0.00772853881262199,0.019607452990427,0.00946714566922184,0.018134516019536,0.00854821878440118,0.000880736824569126,0.000164714900072686,0.00133059439914752,0,0.19866299357683,0.00306251276440106,0,1.85151232586292e-05,0.000170787771161016,8.5299165791206e-05,0,0.00197370097807302,1.99412879224523e-05,0.023985300642889,9.17143522668202e-05,0.0510321680670783,0.000324052396222262,0.000123027859939601,0.018860153961016,0.00351212460419986,0.0102863357374844,0.0111436430575333,0,0.000335006080736551,0.1881878897607,0.00496223273509362,0.00209668376820534,0.128073365881922,0.108286121605665,0.390481713428108,0.00151111606065018,0.000690646821790586,0.000343249717615871,0.0655946634595093,0,0,0.00774677920686478,0.00409202737692169
0.0371404971536625,0.000905841108620393,0.0389018506163305,2.24129443897878,0.000443471863970119,0.0252043481544669,5.41124904496253,0.0137562677612028,0.181464128459985,1.05528386620831,0.0012931727233101,0.0262302913362392,0.00156447961175922,0.0103646100847149,0.000367397408722834,0.466072277035559,0.00615137060626284,0.0010069388487757,0.00221251285177247,0.482823682846077,0.972542489542778,0.0261627349804031,0.222749615126456,3.83615515066284,0.000314614566910082,0.0104229609838318,0.042919317357378,0,0.115479904831146,1.23191545554001,0.00070304081772956,0.00258380900128763,0.0521117713154448,0.103646180272637,0.00104445271081453,0.182387635381527,0.0438384002584859,0.145109931144895,0.12329449460378,0.0134959099427638,0.0015422497798293,0.000559659402079192,0.00450310830411566,0.000194177435386707,0.00288374050828827,0.00287778025304681,0.000212283419434335,0,0.00010795435769508,0.00223811917531787,0.000286870447183848,7.44640008334913e-05,0.0359115583987072,0,3.60956838483181e-05,0.004335484771393,0.000222640787809168,0.0301471390615217,2.54061187177214e-05,0.00101201340966378,0.000466900484034319,0,0.000641687225646674,0,0.0616916468905568,0,7.85929253948091e-05,7.67071027743069e-05,0.0131160650500547,0.00637718692652419,0.00673394229014964,0.00191985629954745,0.0637878587889308,6.41150477126971e-05,0.000232478337869388,0.000695191466878584,0.054375421585401,0.00326312479680337,0.00621893730017156,3.35793881012019e-05,0,0.000854636822207325,0.00435183630366007,0.000374708550369992
1.17201443504745,0.000800427664124165,0.00717485581460329,0.00260779882906013,0.0983888529814535,0.0306458162943375,0.0636622086936516,0.0755484286897271,0.0134163457395356,0.0119116797361942,0.0361816273591904,0.00345194717145622,0.00529597169829868,4.84506763885225,0.000236525610104682,0.0154108125385742,0.25013747138775,0.0114893331195201,0.0120260047699371,0.00408281030513852,0.347889699988663,0.00306856842807861,1.08066062522596,0.0890035447269628,0.00164690840562372,0.0179274183787481,0.00806842771702635,0.115479904831146,0,2.5767051015706,0.00486207084589775,1.20427822914109,1.97382906493391,2.58650782485867,5.71865317438604e-05,0.052654930341325,0.0173064781498645,0.373641310234946,0.0529595407712245,0.155074447028618,0.0373480100467623,0.00029859728702312,0.00134441779325935,0.000772931077902995,0.000792683980018635,0.00110645484028959,0.000189234858439507,3.39163382042874e-05,0.000360388993813079,0.000184252058051853,0.000336590937554432,4.02081199276268e-05,0,0,0,0.00121616407967661,0,0.0130553404871432,0,0.00531557914373176,0,4.87086883500711e-05,0.000206824051452603,0,0.0226684612212995,9.10775607267334e-05,0,2.97593039417371e-05,0,0.00171484868943698,0.00167773151550737,0.000855803860349491,0.0243541696736996,0.00052373592969249,0.000142769295986341,0.000273207773312084,0.0204092321368553,0.00126118541250298,0.00188424258491017,4.03448736236256e-05,0,0.00101938705048085,0.00173320078670557,3.72352971673706e-05
0.82097147912059,0.000199122265756831,0.173615917902742,0.000216378964760515,0.000225680455679013,0.000376508184036249,1.95069951231077,0.0144208170431824,0.00597298104416859,2.54730700183236e-05,0.000883223746124325,0,0.000451498656050935,0.225540460920677,0,0.0447628581382599,0.0330859850385299,0.000517839692663219,0.0105081521121032,0,3.09965890215273,0.0050775973342597,0.269956190568814,0.0681908938611252,0.000209333039346785,0.0210055100598629,0.0181460802345205,1.23191545554001,2.5767051015706,0,0.000360415572314664,0.00168370821158768,0.559552763913608,0.34505324310129,0.00026480414776165,0.0973519804556713,0.0176674225439836,0.0802424013723242,0.0880634821315103,0.00107736268492347,0.000740830421051355,0.000536794935838184,0.00100253368833572,0,0.000929443982365021,0.00117176449327027,6.4992871879571e-05,0,0,0.000489325571764416,0.000408749499089924,0,0,0,0,0.000678173802207268,0,0.00809426299275621,1.73579879092999e-05,0.000507598933451634,0,0,0.000259867548433191,0,0.026144866389848,0.000102084508309978,0,8.29439919849059e-05,0,0.00341741549230976,0.00268949484332415,0.00249030153170344,0.0170822724531469,0,2.53674702126536e-05,0.000298650762348097,0.0142015459311264,0.000984101953277109,0.00210561696201259,0,0,0.00024747286560846,0.00120355064985429,8.50233837608561e-05
0.00147895211431809,0.0631269059673178,0.0013475346784292,0,0.00448954847118328,0.000960843428247333,0.000219444975728665,0.00331755861605443,0.0307002777817326,0.000126569950697984,0.192104705581381,5.74670867902784e-05,2.05241341699141,0.000945451810165213,0,0.0039888393766236,0.00209639319451826,0.0995995712113787,0.0273902286353278,0,0.00034724712971737,0.0262310314738305,0.000470149655281015,0.00329080653105887,0.341106118663054,0.226165449893425,0.267138278320836,0.00070304081772956,0.00486207084589775,0.000360415572314664,0,0.011118368523476,0.00123130262935765,0.0187376582114396,0.000150528200415078,0.0242340768487459,0.282510376762901,0.184178471905346,0.0665431081011881,0.00412493186804784,0.0036946591036145,0.0489936864577289,0.000418554966254066,0.00986319550674883,0.00692696950247696,0,0,0,0.00656919977677687,0,0.0057630380334128,0.000259503496112295,0,0,3.39088285005815e-05,0,0,0,0,0.0358976064493782,0,0.101494319835246,0.000181909512413283,0,0.000793284241053053,0.000456168088645938,0.0109931288222399,0.0041904671114862,0,0,0.00503842013916076,9.54969334227458e-05,0,0.186244329347194,0.0169342288361422,0.0134250025479333,3.07360721057796e-05,0.000655542519149106,0,0.162182567228027,0,0,0.00349977617855207,3.77409032098581e-05
