0,0.00176126947779173,0.00193934433303395,0.00632604557755952,0.00355378156697927,0.296097172393344,0.38896536108183,1.50415153149704,0.0121231511486523,0.0310555392184655,0.00278374305546825,0.00678614154996885,0.00116110408434518,4.35070768543547,0.239758967298567,0.00127360310039191,0.0293032252424649,0,0.00191068592178683,0.00251125280921159,0.0278939161309096,0.000823010547720513,0.0134258070240184,0.0270686955426197,0.00116184995889335,0.00080582948198827,0.000523208983716538,0.0959476200271357,2.54327278525623,1.25208729893599,0,0.000142175028926771,0.0468535897249451,0.0523021823425074,0.00579393297396264,0.0221471846197973,0.00423715024360279,0.06435375912869,0.0104089664093812,0.516873258890249,0.0209479347807534,0,0,0,9.09120402459197e-05,0,0.00286670171801123,0,0,0.000993145182435068,0,0,0.00241174893575617,0,0.00117569022713507,0.00174851563733251,0.00199245304258778,0.0121473588021717,0.000376137621858849,0,0.00232802830232701,0,0.000601523080528955,0.00403018187568853,0.000275619799688542,0,0,0,0,0,0.000936263114619477,4.64091473967752e-05,0.010570870745667,0.000233590795119832,0,1.89145581755505e-05,0.00327185481138323,0.000145876060593161,0.00124953317079873,0,0,0,0,0.00134247614133316
0.00176126947779173,0,0.293280089565553,0.00954352408422501,0,0.000901065461477049,0.0179294396205696,7.62834819691034e-05,0.0251520461993288,0.00167100708883144,0.0224850496330263,0.00956342468990736,0.0357670090797336,0.000674843328393387,0.0109551917127441,0.0467292584551881,0.126331928883592,0,0.016888824623392,0,0.00206606990977248,0.544960038603649,0.00835478843148497,0.0600310008339485,1.009421900383,0.0193785482532036,0.607845324048933,0.0606595006751405,0.000294531037885964,0.00778043729418236,0.000451957279647891,0,0.00294739739085817,0.0311203108281205,0.00236563061485586,0.162225733172231,4.29925798099826,0.588302786483122,0.228550914360307,0.0213506822742754,0.0461365803008111,0.00254178877124409,0.00013146442993985,0.00338780081336013,0,0,0.000328953042835705,0,0,0,0.00186120061523697,0,0.000142839126772952,0,6.74055955547817e-05,0,0,0.000238263245209723,0,0,0.00027870672638465,0.00030161107225412,0,0.000383405457498966,0,0,0,0,0,0.000138877371313646,0.000558719579837889,0.000135684823381146,0.0003755684493968,0,0,0,0,0,0,0,0,0,0,0.00059190118832445
0.00193934433303395,0.293280089565553,0,0.000777484842180536,0,0.00126668833656856,0.0548747597604839,0.00123128806772743,0.00172783402184606,0.0118652649750392,0.00997747512415263,0,0.00645518825247971,0.00241524026746644,0.00757729283914694,0.00819193511784366,1.79808356847968,0,0.0262431476554132,0.000487910681350001,0.0470945202181323,0.0396940734124348,0.662257892782743,0.00839035117399185,0.00438223377480051,0.161200026339164,0.334752792468043,0.0346250393636554,0.00158354805717542,0.0266545334035287,0,0,0.00179743843467835,0.21759323529689,0.00170399749594053,0.323448365987688,0.177771195505641,0.217422334258098,0.151187672729526,0.01443269784861,0.0200464359258065,0.00372950437751199,0,0,0,0,0,0.000207618028008442,0,0,0,0,0.000304751167619213,0,0.000125624696970082,0,0,0,0,0,0,0,0,8.03831099911983e-05,0,0,0,0,0,0,0.000351906581989685,5.57147600348373e-05,4.70455436559153e-05,0,0,0,0,0,0,0,0,0,0,0.000325647338823767
0.00632604557755952,0.00954352408422501,0.000777484842180536,0,0.000598642529815686,0.102477159457478,0.182731919708316,0.0304061177856796,0.622738425884905,0.939111857198452,0.00109343857448327,2.20157027901235,0.0104413571105574,0.00948821927630177,0.051906836672462,0.000636156439054675,0.00171261891747261,0,9.78825729733099e-05,6.08937095131925,0.000334275609145972,0.0283584595745764,0.000231620037955107,2.36694769604973,0.0146450785018832,0.000551600551675254,0.00309600087373997,1.20823565732929,0.00143156429283624,0.00332693206071936,0,0,0.000675413969659394,0.00129193745159295,0.0200102087446282,0.0464614110091337,0.0695139376277587,0.00446441531264381,0.00233930685538634,0.0238106526967796,0.001642620318219,0,0.0225965242011217,0.0744731587981653,0.00100287277362832,0.00116433126795069,0.0339777131746747,0.00116806993146331,0,0.00996596134251423,0.00592561120216502,0.000708478522878253,5.57884994235839,0,0.0766951384669564,0.0274338502079412,0.0213367840072475,0.381911777880512,0.18452200113477,0.0012552523302013,0.672351815541691,0.00209200395820394,0.00962802591401258,0.0436481249383118,0.00277116809378338,0.00124337610739723,0.000152521485459771,0.000299439344854636,2.71506874024122,0.00069292968757495,0.0350789060376749,0.000798067247433814,0.857694262533657,0.00442405665374014,0.000267824728594795,0.0018877714091588,0.034171178024024,0.00106947865677978,0.00487106132825465,0,0,0.000634350140085756,0.00108950619858526,0.0296530137047661
0.00355378156697927,0,0,0.000598642529815686,0,0.661181203590187,0.00376924426421489,0.0434026021106404,0.000322717783946096,0.00141948093461084,1.16781920340994,0.000242260835440085,0.0706035190266423,0.00172766491109523,0.212768882930854,0.00017250563241809,0,0.000273617991804274,0,0.000566105344002303,0.00060320280284393,0,8.50647116519762e-05,0.00139871754510628,0.00476201267210933,0.000577053261876208,0.00053014229782371,0.00392070370924882,0.00155282160159677,0.000581387610177565,0.000338060577911945,0.475700849032913,0.00129817965146022,0.0792658463063191,0.0196428341219981,0.000592445650368069,0.0019054766453177,0.0114124070258417,0.00699005807083311,0.39066842277648,3.56171422262833,0.00424963927425437,0,0.000279952662562392,0,0,0,0,0,0,0,0,0,0,0.000237810062610835,0.000253347593073563,0,0.000413752765970781,0.000162982731391741,0,0,0.00108786038568493,0,0,0,0,0,0,0,0,0,0,0.000309736866246146,0,0,0,0,0,0,0,0,0,0,2.05842971958588e-05
0.296097172393344,0.000901065461477049,0.00126668833656856,0.102477159457478,0.661181203590187,0,0.572120214962352,8.45559947689543,0.118151828066334,4.41356841341954,0.0216304233109526,1.88812567246671,0.00875717142834163,1.26966571899961,3.0526527549054,0.00385466325493584,0.0523041349704402,0.000320592101189866,0.00341199241940735,0.472635257179949,0.016381504068477,0.00119492827184051,0.0207316650116842,0.107867898259237,0.000682066099466333,0.00271693399518359,0.00240130854588363,0.309618934253569,0.348159424275327,0.0820003408759355,0,0.417468021081043,0.0272961299996316,0.484805886526904,1.61021669697474,0.0590500771914214,0.00603122428629869,0.135721476154688,0.0326844520281295,2.66859089737204,1.3888121192899,0.000128528137394406,7.21777810276333e-05,0.000347856507269937,0.000569460385013661,9.46890974324946e-05,0.016106417264435,0.000154206714286119,0,0.00433969466300993,0.00013331818599023,4.10318249727754e-05,0.0775441123003152,0,0.0593551857997097,0.0269608031671732,0.0127350958018645,0.0340187965179176,0.0556151059132934,0.000214133397330893,0.107379023439588,0,0.00580714954415337,0.0121770355225677,0.000281158170753619,0.000520425275478375,0,4.39465644112001e-05,0.0362907112592872,0.000177294739829974,0.000341031724676796,0.000174664388161073,0.0904785493047524,5.20138641882631e-05,0.000105412067995001,0.000237206705318295,0.0335096406710327,0.000475314543369248,0.00228896222641367,0,0,0,0.000570865226179838,0.0112837109648616
0.38896536108183,0.0179294396205696,0.0548747597604839,0.182731919708316,0.00376924426421489,0.572120214962352,0,0.453457910152884,0.123549900259013,5.00683289743521,0.0109489460481593,0.629683206899743,0.00637238177815073,1.63682024829474,0.294942396482604,0.00818399775361512,0.200286104340326,0.00038372757173757,0.0227594986720331,0.643558582639702,0.150293104994828,0.0104352516998305,0.114700630582659,0.206371025930452,0.00621448454014996,0.0226953298346182,0.0292779682351369,4.00274410609247,0.28563688903518,1.73697411247265,0.00020417367889782,0.000153422378695593,0.060651284159207,0.223478615112511,0.0603918350065662,0.106484241997268,0.0396765731544467,0.107140612805928,0.0317617061066418,0.302800578029604,0.0252620296898914,0.000364699914153001,0.000722423607274649,0.000306598620835563,0.000742043320022227,5.57882276524756e-05,0.0240998946010709,0.000509462858296443,0,0.00628748771088514,0,0.00020335278140983,0.06627778800966,0,0.0529153440846743,0.0454866210457675,0.019947816037586,0.0558031349333225,0.0379649298727591,0.000176259252258386,0.0703122158908576,0.000100299647689643,0.0106799635742531,0.025795130236381,0.00145539937337453,0.000132106367720275,0,0,0.0230077162198838,0.000503898192207516,0.00219938374673045,0.000551747881814324,0.10860929780834,9.04508165417322e-05,0,0.00011244094112945,0.0429046348990387,0.000648770395542564,0.0057696745051806,0,0,0.00019282999134539,0.000673862181318673,0.00854462606798149
1.50415153149704,7.62834819691034e-05,0.00123128806772743,0.0304061177856796,0.0434026021106404,8.45559947689543,0.453457910152884,0,0.0249016232051886,1.63412211186471,0.00517751589023128,0.0201453193430675,0.00107215052465679,5.86075041362984,0.310734803219849,0.00049325514857275,0.0280216106820697,0,0.00178279850201498,0.0383376284183913,0.00928854972070928,0.000696066529546291,0.00858565479950834,0.0776116444277149,0.000556091497406121,0.000840728563352604,0.000747048639350868,0.192300953435675,0.69320055273755,0.212956639742638,0,0.108975885435888,0.0166399384362203,0.0953124957347205,0.0309137466334634,0.00939089090286683,0.0025795054023263,0.0755969601372064,0.00739247632063403,1.49221423783201,0.123005631095145,0,9.47213941733878e-05,0.000196079275445606,0.000414172276581116,0,0.00814986726014452,6.15642237807995e-05,0,0.0023925232966971,0,0,0.0130096162532953,0,0.00995644753258792,0.00981854902083884,0.00519389458493598,0.0174918149962163,0.0040305883572861,0,0.0119543196140775,0,0.00243943946014785,0.00631554140390229,0.000359074996012967,0,0,0,0.00204118549240753,9.48213103560765e-05,0.000387839667536857,0.000138016428721866,0.0292686026451401,0.000176993248818959,0,5.17344638628954e-05,0.0120323868018496,0.000429767827413041,0.00181793862529313,0,0,7.47808949310962e-05,0,0.00085352848506241
0.0121231511486523,0.0251520461993288,0.00172783402184606,0.622738425884905,0.000322717783946096,0.118151828066334,0.123549900259013,0.0249016232051886,0,0.125955082912771,0.00362500137482784,1.29029934432404,0.0720501439800385,0.0102602942190896,0.0948901209779004,0.065771597515527,0.00221071450944918,0,0.000583359429558423,0.173748415888966,0.000885304057637715,0.926040756523571,0.0096224639290615,3.35029190718481,0.122989446832088,0.00031192835145597,0.0108796621051629,0.433462229952406,0.0052459470941694,0.0187079170572709,0,0,0.00903126033370944,0.0013288709220119,0.0211307226961015,0.913497671469836,0.291595099736865,0.0094858853195697,0.0072581195286603,0.0691114318533187,0.00318818565371295,0.000336027134818145,0.0177687995168195,0.0938721370137502,0.00507487148884946,0.0045792726897537,0.0694738635326443,0.00238125824410301,0,0.0269268632666051,0.00421150456643697,9.81388060097574e-05,0.161071121642984,0,0.0429086551103863,0.086298621099535,0.0192162435308757,2.66516281542043,0.0200142601258752,0.00587766749296242,0.107139253205925,0.0269803612105504,0.0172567391324062,0.0828784147220554,0.0830935537045328,0.00330054654414484,0.000290377257945322,0.00012577752940416,0.00645630807713376,0.00535573546787072,0.356581961824454,0.00632138400396459,0.83254460553438,0.0341205962666811,0.00013286960211061,0.00187048988378744,0.121404554586851,0.00884183560992489,0.119697852761366,0.000415596442360167,0,0.00709868550271049,0.00501093360117169,0.0113888591707693
0.0310555392184655,0.00167100708883144,0.0118652649750392,0.939111857198452,0.00141948093461084,4.41356841341954,5.00683289743521,1.63412211186471,0.125955082912771,0,0.00727134559674622,4.48723520648228,0.00224293744212404,0.638759801595554,0.113861070903807,0.00108658476050081,0.101448424331041,0.00036413673647511,0.0106287167334181,5.32888959249939,0.0447870625855435,0.00156570993840423,0.0316448103750924,0.102393372401128,0.00133949556174371,0.00939764087733568,0.00689364140293768,1.15273318550278,0.0794749775146989,0.0763169462996121,0,0,0.0196162654303254,0.0815810046539534,1.46857360201201,0.0130943638757829,0.00772838494202711,0.0364302359323402,0.00561952706202324,0.111848385429286,0.00962836094769324,0,0.00017176558000466,0.000120356060959377,0.000220773400803204,0,0.0106943867662927,0.000899974726823818,0,0.00410731576294508,0,0,0.0838002541464786,0,0.0675658522989561,0.0197714300108892,0.0149954640895991,0.0176038659736805,0.0840349399274021,0,0.270195697360996,0,0.00489473561963679,0.0122767696322917,4.90365949494553e-05,0,0,0,0.139815837835334,7.5522820402224e-05,0,0.000297395179862213,0.0617622840422969,0,2.71678737925806e-05,0,0.0262770195913385,0.000474736920990186,0.00242660017858688,0,0,9.99626127555792e-05,0.000641196858400328,0.0216385668809959
0.00278374305546825,0.0224850496330263,0.00997747512415263,0.00109343857448327,1.16781920340994,0.0216304233109526,0.0109489460481593,0.00517751589023128,0.00362500137482784,0.00727134559674622,0,0.00290377057899544,9.58185383349307,0.00161603814965397,0.124420647514443,0.00724073715503097,0.630155358683548,4.08481917893576,4.35470297297779,0.000237635300560604,0.00585400840880486,0.00626307066429398,0.0173554411614938,0.00871551191308331,0.783093128300347,1.10984097126062,0.526068450419685,0.0151762802408238,0.77119207607953,0.00862221515312129,0.145091670730381,5.28245385501449,0.00528172132703878,1.95408072531298,0.038834579769995,0.170841935331265,1.67191185045208,2.84469141089987,0.435887367397395,0.212736062426976,1.38443472376065,0.0572524879370803,0.00434726281943059,0.0661150771393947,0.000447889306790634,0.00246953189109429,0.0034168738553586,0.00139729302066647,0.0202383756286775,0,0.00172059750017658,0,0,0,0.000195539704420249,4.26212826781325e-05,4.36566151890455e-05,0.000113395113026974,3.06875894995739e-05,0.0303402654364336,0.000172777122830278,0.209864005531072,3.54267120262763e-05,0.00353831241361263,0.00103060094367982,0.000203907803552061,0.00290096247328953,0.000488931837607459,0,0.000459724547833965,0.00101131293832051,0.000705685921942019,0.000979172434662701,0.0128385113285228,0.00225942356827857,0.00360755128571931,0.00031019731598436,0.000114185119840249,0.000236550087245804,0.000115832054827916,0,0.000741884980323214,0.00146539149980408,0.0143688722012564
0.00678614154996885,0.00956342468990736,0,2.20157027901235,0.000242260835440085,1.88812567246671,0.629683206899743,0.0201453193430675,1.29029934432404,4.48723520648228,0.00290377057899544,0,0.0577859489488253,0.00887216008665241,0.0734725264826893,0.00111078719380835,0.000491865959779645,0,0,7.22602805850971,9.44947466129317e-05,0.0141077225777907,0.000327322301064098,1.16987493105762,0.0699970154115869,0.000225961943896326,0.00629348068858771,0.727406558533152,0.000663092644146017,0.00321523211191173,0,0,0.00018912038945141,0.000813936700719959,1.02244852212117,0.142779371526918,0.203736742554171,0.00314941167631624,0.0023946967699477,0.0143709982880077,0.00051833233902508,0,0.0184032141855219,0.0726216443513838,0.00304303191533943,0.000995524156421838,0.019331733061402,0.00115332361108573,0.00040899251640248,0.00588659859528169,0.00476880069378544,0.000251372402327417,1.59361259136279,0,0.140432389900728,0.0271994138370398,0.0157030505640571,0.410548637613839,0.187297047840216,0.00240083998815139,3.47272634813375,0.00828587250126618,0.00865355036531296,0.02067460811542,0.00339435422419586,0.000649174734799965,0,0,2.22716139404586,8.07116905287924e-05,0.0271500201714623,0.000782472912004614,0.326870581382377,0.0216528581980345,0.000425618967432886,0.000964627090787627,0.039825917967414,0.00103154087823083,0.00502095446031243,7.76975970505165e-05,0,0.00024084551812582,0.00126666204658295,0.1252314573035
0.00116110408434518,0.0357670090797336,0.00645518825247971,0.0104413571105574,0.0706035190266423,0.00875717142834163,0.00637238177815073,0.00107215052465679,0.0720501439800385,0.00224293744212404,9.58185383349307,0.0577859489488253,0,0.000542224908003852,0.0967991923809652,0.0147018280096471,0.0383287741764412,0.0301396210171504,0.0418120332390606,0.000243535127741053,0.0253553543696419,0.0216595506840444,0.0323628231541831,0.0399868379356954,4.67317936752478,0.195680672038762,1.09741293206827,0.0209276481193114,0.00455218308471274,0.00680212980117964,0.315327910941925,0.105069583434992,0.0119316307936221,0.0980027558396776,0.0225992868261436,0.260639574009923,1.58243554130067,0.72813722643174,0.572375075404007,0.103364190960416,0.43542366430864,0.0325873197756059,0.018913149872414,0.512511548025012,0.00972955651172471,0.00208547352991499,0.00325027912887061,0.00382960245227411,0.183742927703781,0,0.00405401860994867,0.000246135990225431,0.00022417988882095,0.000521042165981685,7.10387285547277e-05,3.11327022928815e-05,6.75076741614091e-05,0.007103880311606,3.52935278569422e-05,0.241204360002827,5.18225835343424e-05,1.64321999288456,0,0.00303219855583703,0.000431138394955986,9.57057866480459e-05,0.0106457503127475,0.00301818103577855,0,0.00025922176483555,0.0119798783652564,0.00147764980864471,0.00136320693069801,0.377533510989727,0.0101032508065828,0.0185718971366346,0.000320934190962048,0,0.00034726640975172,0.00151571493118642,0,0.00101922814618388,0.002280650199661,0.00701245352947068
4.35070768543547,0.000674843328393387,0.00241524026746644,0.00948821927630177,0.00172766491109523,1.26966571899961,1.63682024829474,5.86075041362984,0.0102602942190896,0.638759801595554,0.00161603814965397,0.00887216008665241,0.000542224908003852,0,0.0565395906610282,0.000430846082097952,0.0215478168151066,0,0.00261826050983481,0.00677819735759644,0.0144306309365289,0.000275671636794254,0.00974396552730544,0.0280940291097598,0.000620409425618413,0.00197430043857135,0.00110144231776318,0.0776326469661705,2.04360660567095,0.3131657522173,0,0.10909406894654,0.0147531885769614,0.0302503100538614,0.00247156431542176,0.00796442691978766,0.00243757287375034,0.0277593720434589,0.00346782183516384,0.550756879863661,0.0087364697153967,0,0.000179849810993541,0,0.000165369762601866,0,0.0018945560455135,0.000148706604552053,0,0.000526075763658228,9.55200198056241e-05,0,0.00301439666338271,0,0.00274995442734816,0.00392925684256412,0.00137967821335362,0.00472058084208439,0.0014333665350857,0,0.00481788568965029,3.8346379455865e-05,0.000612833612969348,0.00320250719234102,0.000174059657589709,5.34815446449864e-05,0,0,0.000455008110404068,0,0,3.16294378715656e-05,0.0102226121324045,0,0,0,0.00435203183223127,0.000113662646431664,0.000606774556442874,0,0,0,0.000186582278634705,0.000332255876823794
0.239758967298567,0.0109551917127441,0.00757729283914694,0.051906836672462,0.212768882930854,3.0526527549054,0.294942396482604,0.310734803219849,0.0948901209779004,0.113861070903807,0.124420647514443,0.0734725264826893,0.0967991923809652,0.0565395906610282,0,0.207814513482027,0.0350134322326757,0.00144935305658431,0.0031389019271089,0.0544255129035096,0.115785643069323,0.0717972086699428,0.210900951509665,0.253857854495072,0.00893749129597181,0.00152925025610968,0.0176969514660125,0.667049326544987,0.149173873985278,0.322901927959047,0,0.0210178158293389,0.141033170108392,0.216731373792611,0.551924106236048,0.411913645471088,0.104316390784367,0.306939800588327,0.491713019596658,1.71836969757981,0.816103751579519,0.00904794798775134,0.00653135820540109,0.00114861533825197,0.00277534358193057,0.00163507807857207,0.0129914027632407,0.00334256494108134,0,0.00256264074571145,0,0.000463454582373363,0.0195478417826236,0.000176532058399957,0.00708098555835721,0.0102815613094267,0.00244658649210729,0.0253486356377341,0.00537831118416726,0.000808774251027688,0.0140175906294005,7.58060062571089e-05,0.00187528558288573,0.0109762535437506,0.00466402275267416,0.000862886018204827,0,0,0.00588515056533068,0.000679149653510627,0.00276580746660005,0.000864956924147505,0.0321422036321791,0.000454463898832552,0,0.000431997195777338,0.0101887454234425,0.000172411802582028,0.00264276054537089,0,0,0.000871937638035513,0.000884839043990236,0.0102038968954129
0.00127360310039191,0.0467292584551881,0.00819193511784366,0.000636156439054675,0.00017250563241809,0.00385466325493584,0.00818399775361512,0.00049325514857275,0.065771597515527,0.00108658476050081,0.00724073715503097,0.00111078719380835,0.0147018280096471,0.000430846082097952,0.207814513482027,0,0.0173342894038348,0,0.00197288723547909,0,0.0630711058614366,2.48002039666721,1.20686939841465,1.74794414630086,0.00179131231823454,0.000992689142904984,0.260600145301736,0.558343294376488,0.0112763849203347,0.0948261006689395,0,0,0.0792960203764154,0.0364785004249393,0.0456835465269861,1.22391486630925,0.122561507184651,0.0805487448519211,0.113779414796442,0.392389462751739,0.0601553900286802,0.00418625637452568,0.0257537673711377,0.00171383331215871,0.00499027397037427,0.00404113013276656,0.0356897155331035,0.00268800800199259,0,0.00109678185193261,0.000145429679948476,0.000158369588211679,0,0,0.000641899861883323,0.000276370185148521,0.000257211180931485,0.0117192905312557,0,0.000654166124091122,0.000304172173594547,0.000125382691684323,0,0.0500505647170947,0.742743557685705,0.000526516726833862,0,0.000228098869878022,0,0.00608839501372442,0.306580671490698,0.0263053777521395,0.850757810823088,0,0.000189864372169313,0.001589605832306,0.012013740951538,0.00191768965165065,0.0150547341093632,0,0,0.002276317843217,0.00146184982020482,0.0152064262585653
0.0293032252424649,0.126331928883592,1.79808356847968,0.00171261891747261,0,0.0523041349704402,0.200286104340326,0.0280216106820697,0.00221071450944918,0.101448424331041,0.630155358683548,0.000491865959779645,0.0383287741764412,0.0215478168151066,0.0350134322326757,0.0173342894038348,0,0.63125865930399,3.82932148714309,0.000472746798619122,0.124914464627397,0.0190472793781296,1.98511571626141,0.0139730676897088,0.0497675844199246,0.92451613243484,0.192385108908004,0.0498501344663919,0.292126126055191,0.202196423410778,0.000127604641675452,0,0.364213340034839,8.10740305462073,0.0111409029156405,0.432183533390615,1.37023894047062,0.966752016667565,0.556261642097608,0.0457335745668825,0.0702549877395227,0.0122060650714215,0.000370891138176189,0,5.77615455556722e-05,9.33813356000105e-05,0.000815111390232164,0.000205415969525159,0,0,0,0,0.000159272084709931,0,0.000535141370576265,0.000173934547873616,0.000102712075797892,0.000399264911496045,4.51258598563138e-05,0,0,0.000461298086767018,0,0.000383741763163671,0,0,0,0,0,0.00016439500587595,0.000323643974298566,0.000133257292955213,0.00066851451371105,0,0,0,0.000243654022881189,0,0,0,0,0,0,0.00247161175129335
0,0,0,0,0.000273617991804274,0.000320592101189866,0.00038372757173757,0,0,0.00036413673647511,4.08481917893576,0,0.0301396210171504,0,0.00144935305658431,0,0.63125865930399,0,3.89204731992259,0,0,0,0.00162221807155578,0,0.00546340559421687,0.0151971071904065,0.00575762857485839,0.000208068059778516,0.00716612215604439,0.000487460819030506,0.000262485247147209,0.00199648598802572,0.000619005713465359,0.156108585042772,0.000216455412628938,0.00162876699248111,0.186835778699347,0.0770807665602534,0.0135785381216622,0.00670064961489391,0.0251195909033356,0.00216359926597876,0,0,0,0.000151718495731902,0,0,0,0,0,0,0,0,0,0,0,0,0,0.000307813273630227,0,0,0,0.000502392817349102,0,0,0,0,0,0,0,0,0,0,0,0,0,0,0,0,0,0,0,0.000151616614440762
0.00191068592178683,0.016888824623392,0.0262431476554132,9.78825729733099e-05,0,0.00341199241940735,0.0227594986720331,0.00178279850201498,0.000583359429558423,0.0106287167334181,4.35470297297779,0,0.0418120332390606,0.00261826050983481,0.0031389019271089,0.00197288723547909,3.82932148714309,3.89204731992259,0,0,0.0035555775404098,0.00193449076421657,0.0199581428887428,0.00163103364744349,0.112441717725007,1.70180774518648,0.131372312485329,0.00467599229594899,0.0131099216083377,0.0104931988762723,0.00134991897101201,0.000736483031027243,0.00391602126395963,2.59078559676358,0.000997023425728102,0.0165136945875991,0.76212224878214,0.315841520949968,0.0662610599837405,0.00547693780709358,0.0142813037682939,0.0039937079721334,0,0,0,0,0.000176219434720005,0,0,0,0,0,0,0,0,6.67509165072355e-05,0,0.000216498620010441,0,0,0,0,0,0,0,0,0,0,0,0,0,0,0,0,0,0,4.05606330784528e-05,0,0,0,0,0,0,0.000310692806050743
0.00251125280921159,0,0.000487910681350001,6.08937095131925,0.000566105344002303,0.472635257179949,0.643558582639702,0.0383376284183913,0.173748415888966,5.32888959249939,0.000237635300560604,7.22602805850971,0.000243535127741053,0.00677819735759644,0.0544255129035096,0,0.000472746798619122,0,0,0,0,0.00188002421723268,0.000622538854034915,0.234863357551404,0.000677854613292844,5.84916233441549e-05,0.000146999237121863,1.17139402335468,0.00166130988124449,0.000549616348227078,0,0,0,0.000610448446667915,0.0653152761486543,0.00142328894913571,0.00377902061434502,0.00206278403683991,0.000911700948503777,0.0211597751903401,0.00186666359781656,0,0.0010671595152632,0.00250476911416865,7.18056943475355e-05,0,0.00832833309711851,0,0,0.00110466351659145,0,0,0.610579533948433,0,0.046694543237154,0.00371012756724119,0.00731730990752069,0.0220629585414279,0.110181472714357,7.74445268982397e-05,0.310533025946229,0.000121073982602223,0.00268908345495204,0.0107478796090014,0,0,0,0.00018620367496793,1.31783134549076,0.000274857176115275,0.000953300914675492,0,0.0375902204921896,0.00062284496809617,0,0,0.00875305848020107,0.000175122542567432,0.000263542910727132,0,0,0,0.000248795149192203,0.0119285755414191
0.0278939161309096,0.00206606990977248,0.0470945202181323,0.000334275609145972,0.00060320280284393,0.016381504068477,0.150293104994828,0.00928854972070928,0.000885304057637715,0.0447870625855435,0.00585400840880486,9.44947466129317e-05,0.0253553543696419,0.0144306309365289,0.115785643069323,0.0630711058614366,0.124914464627397,0,0.0035555775404098,0,0,0.0107154380462723,1.67643402953789,0.0193470508128735,0,0.00210916478705738,0.0109197656395394,0.198343234150373,1.27308469895598,2.17949900842688,0,0,2.81425433765164,0.982259552783155,0.0418814234325421,0.92151331552999,0.00980436985926098,0.15398571836703,0.225758143211627,0.345841422831742,0.0824853557811628,0.00417545762535063,0.00193890788469869,0.000469941835023297,0,0.000185895664228008,0.00102834441908881,0.000865011570921379,0,0,0.000279271254083779,0,0.000201739011879309,0,0.000131071287170381,9.05673749100264e-05,0,0,0,9.58773912980437e-05,0,0.00022190057028779,0.000164208248374941,0.000798537150921251,0,0,0,0,0,9.42948593065825e-05,0.000195088686369875,0,0.00022652388066283,0,0,0,7.96088633559372e-05,0,8.00887622414981e-05,0,0,0,0.000214754465745742,0.011337584073601
0.000823010547720513,0.544960038603649,0.0396940734124348,0.0283584595745764,0,0.00119492827184051,0.0104352516998305,0.000696066529546291,0.926040756523571,0.00156570993840423,0.00626307066429398,0.0141077225777907,0.0216595506840444,0.000275671636794254,0.0717972086699428,2.48002039666721,0.0190472793781296,0,0.00193449076421657,0.00188002421723268,0.0107154380462723,0,0.286114521342484,0.775196247809851,0.0387486107447815,0.00310722629252103,0.650079067788449,0.276777817379873,0.00265275118627483,0.01966104260725,0,0,0.0129240575690572,0.0592270857640418,0.0108498197776013,3.11250848021989,2.53079152952169,0.177941792429146,0.220945899966186,0.137374558149853,0.0512546244694576,0.0042284468384932,0.0318279501007592,0.0251080380577104,0.000539197836207789,0,0.0064880281631705,0.000379562748146767,0.00150328307853462,0,0.00112370362133426,0,0.00114845682489438,0,4.15340418819356e-05,0.000145312875848345,0.000189436223637521,0.162194739637864,8.36904980554901e-05,0.00170256140953158,0.00040131991115077,0.00425928641909088,0,0.00254451843904591,0.0402684625739857,0.000166503518738165,0,0,0,0.00194721452240233,0.542842478927325,0.00415018531866972,0.0695625604666934,0.00884363405284876,7.11723271285304e-05,0.00153812699033583,0.000581376762001074,0,0.000915990751756628,0,0,0.000355513593027889,0.00112331652716404,0.00300441442379721
0.0134258070240184,0.00835478843148497,0.662257892782743,0.000231620037955107,8.50647116519762e-05,0.0207316650116842,0.114700630582659,0.00858565479950834,0.0096224639290615,0.0316448103750924,0.0173554411614938,0.000327322301064098,0.0323628231541831,0.00974396552730544,0.210900951509665,1.20686939841465,1.98511571626141,0.00162221807155578,0.0199581428887428,0.000622538854034915,1.67643402953789,0.286114521342484,0,0.362724562196171,0.00093303451200246,0.0108230514154932,0.195340090397007,0.736777469619848,0.70989845026879,0.692816176198345,0,0,1.38009217078566,2.03872540642587,0.105134711618794,1.69175816567332,0.0531097395969624,0.323709039544849,0.440553158017142,0.579042326983683,0.141478819352124,0.00938760866766508,0.00192268661974714,0.000580669423992868,0.000834112977803959,0.00098948391948981,0.00359966997347375,0.0011147708335392,0,0,0.000343124033925044,0,0,4.07335092196467e-05,0.000176071452451639,0.000144901915310633,0,0.000524001502762235,0,0.000107824400135972,0.000319068726981106,0.000332606512294387,0,0.00343943062489275,0.000237292606999305,4.08266379380543e-05,0,0,0,0.000249749356779055,0.00377205642911514,0.000218785861549165,0.000791381603894501,0,0,0.000180735707158872,0.000221017502059009,0,0.000363669318981359,0,0,0.000133450812971003,0,0.0258832610816972
0.0270686955426197,0.0600310008339485,0.00839035117399185,2.36694769604973,0.00139871754510628,0.107867898259237,0.206371025930452,0.0776116444277149,3.35029190718481,0.102393372401128,0.00871551191308331,1.16987493105762,0.0399868379356954,0.0280940291097598,0.253857854495072,1.74794414630086,0.0139730676897088,0,0.00163103364744349,0.234863357551404,0.0193470508128735,0.775196247809851,0.362724562196171,0,0.046278377052866,0.00488428267114097,0.0574283199678002,3.75862928515215,0.0237508805411369,0.0581059665995824,0.000152494416798442,0,0.0206714423855115,0.019742322043134,0.0627116224241621,0.528353599828888,0.348611162223375,0.0547459465437133,0.0370083278719466,0.280404476486127,0.0198096772340643,0.000839871670954341,0.0223423440319363,0.058509795140392,0.00595169970526265,0.00327451733489346,0.107073535720105,0.00264374628040326,0,0.022637796337852,0.0104398620922851,0.00139977700515636,0.399233947383319,0,0.114676165814262,0.100438258676457,0.049593964900651,0.378120496418327,0.0597042765207994,0.00139211526257562,0.1549315584107,0.00131235620907465,0.0304287677574361,0.102002555896123,0.293573693391012,0.00273536704314516,5.97720996391628e-05,0.000439395931357317,0.0414649652786165,0.00501898209104969,0.133884588799715,0.00894822238807992,3.86906332010602,0.00888874442275665,0.000766422401812173,0.00922456780385572,0.265457975394434,0.00561791550483873,0.0360738066745345,0,0,0.00118910569186079,0.00521550912941526,0.03009170001729
0.00116184995889335,1.009421900383,0.00438223377480051,0.0146450785018832,0.00476201267210933,0.000682066099466333,0.00621448454014996,0.000556091497406121,0.122989446832088,0.00133949556174371,0.783093128300347,0.0699970154115869,4.67317936752478,0.000620409425618413,0.00893749129597181,0.00179131231823454,0.0497675844199246,0.00546340559421687,0.112441717725007,0.000677854613292844,0,0.0387486107447815,0.00093303451200246,0.046278377052866,0,0.0607229459156671,0.478785139114149,0.0110941745270383,0.000975265813401807,0.00187140095751431,0.0106956702897816,0.0186600151014429,0,0.0602865663752194,0.00214259171393708,0.135856107129096,8.06480441565727,0.36835559178907,0.0730469887074404,0.0140853341068198,0.0904766897517698,0.00358649420383945,0.0338878673997942,0.865174562741611,0.00650175111330512,0.000593765736468027,0.00196191018285823,0.00685677997281246,0.128092457870711,0.000199674903412427,0.0197564089222974,0.000179508031847032,0.000935262202739909,0,9.55684365501691e-05,0.00015934789301282,0,0.0131720482521438,0.000127776692354442,0.177392130692021,0,0.422084939370085,0,0,0,0.000204250773953772,0.00440286321056674,0.00469320390664815,0,0.000264766277586826,0.0185606160077697,0.000745721700973291,0.00172424847252807,0.983904598754634,0.00794200910596941,0.0137846468277629,0.000285449389151801,5.01775369186764e-05,0,0.00362389632884464,0,0,0.00170966772083602,0.000696235348615471
0.00080582948198827,0.0193785482532036,0.161200026339164,0.000551600551675254,0.000577053261876208,0.00271693399518359,0.0226953298346182,0.000840728563352604,0.00031192835145597,0.00939764087733568,1.10984097126062,0.000225961943896326,0.195680672038762,0.00197430043857135,0.00152925025610968,0.000992689142904984,0.92451613243484,0.0151971071904065,1.70180774518648,5.84916233441549e-05,0.00210916478705738,0.00310722629252103,0.0108230514154932,0.00488428267114097,0.0607229459156671,0,0.367058206462531,0.00901542580121054,0.00148089989094921,0.00964657809271639,0.0393642347742923,0.0010940497555065,0.000137810164781899,0.281898786347163,0.00139504078774992,0.0145882457803483,0.41541085012891,0.199528905082608,0.0386033916741256,0.00428824211848039,0.011006725552461,0.000412899602469624,5.37344766411111e-05,0.00153373433416236,0,0,2.51193297728298e-05,0,0.0006210162701344,0,0,0,7.46984861552625e-05,0,0,6.14766600843765e-05,0,6.64604396627432e-05,0,0.000714219296915648,8.9648864056303e-05,0.000613584530656699,0,0,0,0,0,0,0,0,0,0,0.000158628315137718,0.000174818914208622,0,2.93348897733303e-05,0,0,2.32665456210584e-05,0,0,0,0,0.000420747359820753
0.000523208983716538,0.607845324048933,0.334752792468043,0.00309600087373997,0.00053014229782371,0.00240130854588363,0.0292779682351369,0.000747048639350868,0.0108796621051629,0.00689364140293768,0.526068450419685,0.00629348068858771,1.09741293206827,0.00110144231776318,0.0176969514660125,0.260600145301736,0.192385108908004,0.00575762857485839,0.131372312485329,0.000146999237121863,0.0109197656395394,0.650079067788449,0.195340090397007,0.0574283199678002,0.478785139114149,0.367058206462531,0,0.116800803327421,0.00229361007961764,0.0211937393867298,0.0091303279511448,0.0037680585591091,0.00244673143051918,0.134982635359394,0.0175757409021486,0.335542533287746,0.993909341708676,0.628673285820631,0.155466082554138,0.0650112047789192,0.0572539386782115,0.00167713571391412,0.00356147310929308,0.0116132474527897,0.000467511726439312,0.000260347125758537,0.00109581272295768,0.000261390627793502,0.000924952692064215,0,0.000227092166378617,7.0044286016186e-05,0.00021792320997358,2.81584861741659e-05,4.03454263101156e-05,3.45923560805987e-05,0,0.000263444268287479,0,0.00450825137218532,0.000105019172178313,0.0086808287099117,0,0.000323396502478215,0.000189438315476414,2.93048518028812e-05,0.000275375991270853,0.000372357633982925,2.91971167583817e-05,0.000398790892983813,0.00503039173773673,0.000738980810119777,0.000308587214186151,0.00329375602375285,0.000249748175885081,0.00134932244133774,4.20634521906965e-05,0,5.36433573438302e-05,5.84107521704675e-05,0,0,6.54997894883932e-05,0.00557941278512451
0.0959476200271357,0.0606595006751405,0.0346250393636554,1.20823565732929,0.00392070370924882,0.309618934253569,4.00274410609247,0.192300953435675,0.433462229952406,1.15273318550278,0.0151762802408238,0.727406558533152,0.0209276481193114,0.0776326469661705,0.667049326544987,0.558343294376488,0.0498501344663919,0.000208068059778516,0.00467599229594899,1.17139402335468,0.198343234150373,0.276777817379873,0.736777469619848,3.75862928515215,0.0110941745270383,0.00901542580121054,0.116800803327421,0,0.251684404430625,1.34342290232395,4.23160143968732e-05,0.0002270010482156,0.0497280951154298,0.112404656861004,0.126952801965346,0.57191036084207,0.172645373926007,0.147137699044654,0.0805300225120013,0.83246713224752,0.0474722191293332,0.00112763973834889,0.00871078204160573,0.0072740129718943,0.00279183862789983,0.00253323223579023,0.0593103256638008,0.00203291004494181,7.44310358581171e-05,0.0162995356901738,0.00147463374722494,0.000849999282559232,0.570106432015733,0,0.0955935816118083,0.0914564827219359,0.0349934079126992,0.152880583686554,0.072069772489316,0.000383723234131173,0.10554870947361,0.000369705216518969,0.0216387177971723,0.0503709481240432,0.0106622948856193,0.00124236353059057,5.53393721970212e-05,0.000331140198958163,0.0861931650330299,0.00225832198437272,0.0265501599898346,0.00541742500036446,0.630305828863275,0.00161946863444716,0.000483393134335395,0.00287635339672175,0.129238377975364,0.00418473931250429,0.0290187203691329,0,0,0.00152034045897862,0.0022037806392567,0.0282596340481638
2.54327278525623,0.000294531037885964,0.00158354805717542,0.00143156429283624,0.00155282160159677,0.348159424275327,0.28563688903518,0.69320055273755,0.0052459470941694,0.0794749775146989,0.77119207607953,0.000663092644146017,0.00455218308471274,2.04360660567095,0.149173873985278,0.0112763849203347,0.292126126055191,0.00716612215604439,0.0131099216083377,0.00166130988124449,1.27308469895598,0.00265275118627483,0.70989845026879,0.0237508805411369,0.000975265813401807,0.00148089989094921,0.00229361007961764,0.251684404430625,0,2.9183818079153,8.64679051086397e-05,0.116234186629484,2.26939590994156,2.18182319655621,0.0255855190397279,0.125905746957918,0.00698836108113662,0.135575250730262,0.0217462730253181,0.417720091231467,0.131408799580115,0.000393249467464085,0.000381667931286063,8.24534858695145e-05,0,0.000294413021142612,0.000713077935773801,0.000565170090155497,0,6.1152681866565e-05,0,0,0.000134361484828838,0,4.10031872142842e-05,0.000204753708306638,3.80275081522203e-05,0.00199210757252881,0.000131807568572883,0,0.000629348196151568,0,2.58556850420795e-05,0.000196031979829155,0.000266177859371122,0,0,0,4.47622452132493e-05,0,0.000133780668227054,3.51937449373757e-05,0.00433441996163653,2.89474384190342e-05,0,0,0.000645721594876498,4.72136271787924e-05,0.000190824049473134,0,0,0,6.65523639214872e-05,0.0043051763058613
1.25208729893599,0.00778043729418236,0.0266545334035287,0.00332693206071936,0.000581387610177565,0.0820003408759355,1.73697411247265,0.212956639742638,0.0187079170572709,0.0763169462996121,0.00862221515312129,0.00321523211191173,0.00680212980117964,0.3131657522173,0.322901927959047,0.0948261006689395,0.202196423410778,0.000487460819030506,0.0104931988762723,0.000549616348227078,2.17949900842688,0.01966104260725,0.692816176198345,0.0581059665995824,0.00187140095751431,0.00964657809271639,0.0211937393867298,1.34342290232395,2.9183818079153,0,0,0.000179784856952942,0.537670751568677,0.819978377153699,0.0612652303620302,0.247101617790078,0.0150191213539743,0.16797153445306,0.0519037829894787,0.664040777352659,0.0463515662319012,0.000383377443834826,0.00159737866500687,6.93494577371856e-05,0.000432519551885602,0.000221691366048499,0.00265919168685855,0.000440161283841386,0,0.000780598334412588,0,0,0.0018904512170249,0,0.00193760464244634,0.00415433845979966,0.000503402092784386,0.011987862170723,0.00061269966732643,0.000104308480048249,0.00129767279571539,0,0.000401272187853166,0.00340483314149862,0.000606047209703856,0,0,0,0.000249536437896377,0.000231825663164689,0.000793510426500247,6.76451911421543e-05,0.0174836250743844,0.000124505954261936,1.94409254347457e-05,7.05762838286318e-05,0.00536739866292233,0.000293101631611893,0.00246390428785106,0,0,0,3.55172423218333e-05,0.0127733622373165
0,0.000451957279647891,0,0,0.000338060577911945,0,0.00020417367889782,0,0,0,0.145091670730381,0,0.315327910941925,0,0,0,0.000127604641675452,0.000262485247147209,0.00134991897101201,0,0,0,0,0.000152494416798442,0.0106956702897816,0.0393642347742923,0.0091303279511448,4.23160143968732e-05,8.64679051086397e-05,0,0,0.00319215247607098,0,0.00211487296807282,7.67026282696981e-05,0.000189907121782009,0.0148143090090532,0.00456977249513129,0.00120135932389721,0.000490877634322827,0.00368330866017474,0.000881137944752496,0,0.00223390826829483,0,0,0,0,0.00113676546990658,0,0.0003423538609666,0,0,0,0,0,0,0,0,0.000225370393190628,0,0.00254792591372453,0,0.00021445048786488,0,0,0,0,0,0,0,0,0,0.000371532128100802,0,0.000266465467164451,0,0,0,0,0,0,0,1.57427512547341e-05
