0,0.00731485447789934,0.0469907904332563,0.0119118925213914,0.000125048971808948,0.170681681155577,2.2204909306876,1.68472449002183,0.0744077884624205,0.0653409226255607,0.00327262275532986,0.00160106715853034,0.000238571146827439,5.05469160673541,0,0.00148295889189869,0.21296696477266,0.000620701141849991,0.0345794594784124,0.0180554628537717,0.0108688011892763,0.00114095724657781,0.0155938930284047,0.0651117685391014,0.00042218973469672,0.055820697967263,0.00616025466722797,0.0398048771887197,1.42491777523942,0.721220368315802,0.000212027656363408,0.000748214341537113,0.12247504112506,0.187143782432377,0.000209264334837964,0.0164363583767341,0.0244799278337493,0.0476191871146495,0.0267940080915084,0.0240773523552148,0.00114398774671383,0,0.00341173984486182,0.00031344692095415,0.00350709187030614,0.00198128623122751,0.0025501850542289,0.000585688411985924,0,0.00179891832192365,0.000933065663652501,0.000781619509453563,0.000487611115856703,0,0.000641072094472394,0.00246557751908341,0.000167721166061887,0.0202783619255491,0,5.42005824073002e-05,0.00100914528361404,0,0.000300338235957693,0.000432456414219465,0.00623626076502816,0.00056761243692801,0,0,0,0.00313071491225887,0.000486022970617062,0.000591514152454073,0.00491918478399075,0,0,0.00028779656326328,0.00556964628098226,0.00453304410405243,0.0101282207347733,0,0.000278050757894337,0.00288922375557476,0.00276520378544456,0.000314248648156304
0.00731485447789934,0,0.0598365339477428,0,0.000155226570641979,0.000527292510116451,0.0016072847956755,0.00117877343530432,0.381073959368793,0.000111320027238223,0.0349696307603935,0,0.0865860970764701,0.000494639534830481,0,0.0350820780324368,0.173060093764076,0.00418356456065235,0.060102664737332,0,0.00157859813283851,2.34749701065698,0.00851390749668448,0.059243234953695,1.91251464026366,0.131533196490524,2.10132877245539,0.00458152932386313,0.00116886111282535,0.00464519138860869,0.0616954586633293,0,0.000573565154469543,0.0701597309252442,0.00225007189210427,0.127645899069658,0.119086589129157,0.322756529267624,0.110354591788993,0.00049150006400385,0.00115593380774234,0.00161068614660161,0.048305755278453,0.073669146395853,0.109230945680892,0.0545436376344825,0.000251150561344132,0.00134327024443753,0.000384835394439814,0.000629842180820211,1.29166489675303,0.017178419872216,0,9.95844768911514e-05,5.54833373543613e-05,0.000522467847279381,0,0.00764034837380011,0.000114797383781373,0.00431583643261174,0,0.021578438215633,0,0.000267810898681334,0.00684233902250715,0.0926575594989874,0.00238871580543486,0.021401181684883,0,0.000816961488371258,0.162372533233538,0.00669480400326406,0.00326631414259097,0.197071732242233,0.0547743053789211,0.167220254181246,0.000134734314980517,0.000135214590083705,0.000678211164404142,0.00486004098304901,0,0,0.0113349093607008,0.00150260963123737
0.0469907904332563,0.0598365339477428,0,0.0013187454485191,0,0.0151636736637143,0.114808399225392,0.0206893948995684,0.0115088419129928,0.00578574319639838,0.0103688049356345,0,0.00548503152455087,0.00733107509701759,9.89761365969544e-05,0.0190290710189911,0.692854850016809,0.00371033480869908,0.0299409651948013,0.000655047064324212,0.135599968331378,0.0361326832887848,4.07446485667381,0.0259207982547108,0.0022099363724169,2.02135020893478,1.75481148723284,0.113348184997661,0.00352817000351797,0.162448363035093,0.00124762880817653,0.000285608937650528,0.000778216363483751,0.192908656314264,0.00536770448295033,0.314531103041185,1.34939991649863,0.511932146291585,0.108684672574441,0.00302361604766682,0.00225701770227636,0.00652720883207438,0.00782251277753672,0.00153680541553175,0.00198628161683776,0.00190294235942809,0.000672906532999029,0.000145025468510996,9.45683741856128e-05,0.000113782339236823,0.00759076251337764,0.000689344755460033,0,0,0,0.000578656144394389,2.51224332860275e-05,0.0020350373758501,0,0.000513355046447352,0,0,0.000212515475957957,0.0021125131066396,0.0057800778213808,0.000177910171365739,0,0.0002140919220918,0,0.00178134027940798,0.00530492552501068,0.00120630981683091,0.00097160134205571,0,0.000663322573744119,0.00523694840241763,0.000785922351443057,0.000343783001314769,0.00362872604615469,6.21423978841313e-05,0.000163141547370411,0.000118223860239748,0.000566552486098983,0.00324057484655368
0.0119118925213914,0,0.0013187454485191,0,0,0.0700557680558901,0.0688139313215566,0.0169553349742652,0.123375875306264,1.87524513574626,0.000305358975631728,0.250695755195772,0,0.0092584283615808,0,0,0.000497907070610409,0,0,12.4001602974747,0.000164906909076534,0,0,6.20178718715202,0,0.000287676531262347,0.000183708853151755,2.01994859625071,0.0250698262964868,0.00262265251660243,0,0.000573022884815384,0.00590565679060839,0.0155490185852576,2.88904042313517e-05,0.00516028525380769,0.000633011183065915,0.0108459738989605,0.00386787391213686,0.0525849299547931,0.000285162837896251,0.000211993303869704,0.000246468470011926,0,0.0015802286560508,0.000209520070231357,0.00318952523525066,0.000185948226506111,0,0.000814799607673681,0,0,1.20856547503175,0,0.0015752034405409,0.00126724949197304,0.000735990473352588,0.0098552186653045,0.0126384367707195,0,0.0152926065164955,0,0.000509172489656458,0.000218168694353102,0,0,0,0,0.179622506633148,0.000181672451595316,0,0,0.0409230452528059,0,0,0,0.0183457145523594,0.000587695966793709,0.000371526451864834,0,0,0.00102566068158194,0.000620957602495484,5.44378090922958e-05
0.000125048971808948,0.000155226570641979,0,0,0,1.52610733644533,0.00035217036204271,0.134511716281159,0,0,0.00713095018208785,0.00146149885486844,0.000189055232028439,0.0358434515563005,0.00356197466193214,0,0,0.000241840107463372,0,0,0,0,0,0.000313438192615161,0.000277264158449312,0.0005553553761907,2.11229911277122e-05,0.000681005509061176,0.0859280173094346,0.00035247316374831,0.00024766273039703,0.481686513515109,0.00457256981107821,0.145638666176586,0.0972435530002222,7.98638376793212e-05,0.000562814596709238,0.0242335163657863,0,0.688988174572687,0.838665525136972,0,0,0.00020029965092757,6.6357360336145e-05,0.000103593729648373,0,0,0,0,0,0,0,0,5.38206098237969e-05,0,3.9238322238144e-05,0.000246417302100549,0,0,0,0,0,0,0,0,0,0,0,0,0,0,0,0,0,2.00363806740635e-05,6.19193114438569e-05,0,0,0,0,0,0,0.00144349952145372
0.170681681155577,0.000527292510116451,0.0151636736637143,0.0700557680558901,1.52610733644533,0,0.312861234933517,1.63341209965203,0.258108888180907,2.27947288506192,0.00359640318457447,2.627971892545,0.000170826767850502,0.272523003491646,0.50720787497257,0.000328523731383656,0.0225450086715334,0.000437841537590036,0.00441395580840738,0.437081931552841,0.00170293686429044,7.93176381166287e-05,0.00504438729559937,0.422072353212691,0.00039981986551792,0.0106837414351666,0.002605770981724,0.207030801358128,0.249114208282813,0.0164014644323115,0.00031516220529812,0.133366547664961,0.00690600139909831,0.14296735533881,0.155558733894354,0.00622512572106047,0.00482392212182227,0.0269861960911573,0.00434440487964035,2.14180616437626,0.0399114644526611,0,0.00222766628945832,0.000289665728170642,0.00387533038597241,0.000381080249066829,0.010040691219583,0.000564552275357298,0,0.000263573563079866,0.000111485238189172,7.48494312285105e-05,0.00143443951499857,0,0.00425394661304346,0.00728732809071583,0.00182229628219007,0.0328474536738388,0.00183241517937813,0.000154394371129841,0.00807222115402196,0,0.00064692555571708,0.00010814287754691,0.00135586927562242,0.000157182134474132,0,0,0.00248121336794396,0.000404789243569348,0.000161812199764443,0.000102740387471333,0.0219200354825749,0,8.07118352423647e-05,0.000236304609015118,0.00926760031015721,0.00232659055254846,0.00380263506224506,0,4.70340960121479e-05,0.000378843081557036,0.00314191844197877,0.00311853146828879
2.2204909306876,0.0016072847956755,0.114808399225392,0.0688139313215566,0.00035217036204271,0.312861234933517,0,0.632151899891428,0.226217270359297,2.29796598577801,0.00311691240010157,0.000855931448964372,0.000573592042114774,1.31116825278648,0,0.00262879369006441,0.141430491102685,0.000671105113127784,0.0181642906425093,0.0162260114129072,0.0328438489104063,0.00330338776736274,0.0557325216723997,0.444008410546216,0.000148913592296322,0.0602309506009456,0.0161738650295436,3.93518145804203,0.164318763756836,1.93238824794519,9.29576465607102e-05,0.00143725749828343,0.0349375650957605,0.132643445018044,0.00121480908175518,0.0760288195278721,0.0362095815401134,0.097624292271682,0.0525137314465714,0.100539350177613,0.000977421611397523,0.000276197892763681,0.00785130268870578,0.000534337215282047,0.00753306890712603,0.00260608554344045,0.0125656868193288,0.000721797024389955,0,0.00305260313907763,0.000244989607329863,0.000284185077652127,0.000326819582919685,0,0.00205005541365444,0.00562957999493674,0.00171814379527614,0.037130887440274,0.000450231498325534,0.000295941253319789,0.00277869459888471,0,0.00127305494646485,0.000783262909307915,0.00368910604839112,8.27463770015982e-05,0,8.40719082438554e-05,0.000611469597046773,0.00125121582934092,0.000812795194638156,0.000725577678189185,0.0146828213768815,0,0.000125721701412368,0.00105780728723531,0.00899034953739563,0.00666274747833788,0.00823907555228379,0,0.000497092026755587,0.00324197306491358,0.00511388495302432,0.000927227957896873
1.68472449002183,0.00117877343530432,0.0206893948995684,0.0169553349742652,0.134511716281159,1.63341209965203,0.632151899891428,0,0.0712971600094155,0.588964429401146,0.00153927980668632,0.00862742097889564,0.000265843246698555,3.98797181828679,0.000644265064853676,0.000629603153861093,0.0451355896653685,0.000324549893147236,0.00818740569828641,0.0358656062887699,0.00545994746832391,0.000805081896348992,0.00863476414750039,0.158057006255655,0,0.0197724522981707,0.00395731778882247,0.0792048409854916,0.568194590470851,0.0517409033434885,0.000167754360789564,0.218824588952475,0.00862236763741694,0.0795185053176262,0.000225580518595256,0.00924349638794732,0.00850168343090376,0.0228141347484759,0.00738833399933024,0.0580485602242387,0.00581326738287176,0,0.00127243756303557,3.2175916452163e-05,0.00187354382191827,0.00026545955542814,0.00358236227896811,0,0,0.000429205859190592,9.61824765601509e-05,0,0.00075431130221301,2.99595710849965e-05,0.00106113713157333,0.00283947230154004,0.000923781716338773,0.0106053051739924,0.000397464261061073,0,0.00284730317076006,0,0.000680397501240279,6.790352503819e-05,0.00126944512537013,0,3.64519608134536e-05,0,0.000197138436298932,0.000859586648203443,0.000147869334938633,0.000437353917441486,0.00867094193108077,0,5.54467233368331e-05,7.61654866613046e-05,0.0039916654745908,0.00187993595849929,0.00356502549737241,0,0,0.000619150986622494,0.00116782541061528,0.000232948954686632
0.0744077884624205,0.381073959368793,0.0115088419129928,0.123375875306264,0,0.258108888180907,0.226217270359297,0.0712971600094155,0,0.211536349280507,0.008948747478242,3.76855970083228,0.0188276331643408,0.0262332887589607,1.13311783787294,0.113678944758003,0.0326165346870104,0.00244035041466792,0.00670466686073902,0.603880828964131,0.00357665378877111,3.21060360106127,0.0110884755199001,8.15131667145559,0.112229336194273,0.0163058989761592,0.151064818073944,0.287610697818703,0.0844529813459947,0.346673906058103,0.0200101108366664,0.00151984640467136,0.0873893102968321,0.081526369928152,0.000511507787396295,0.16210794796897,0.0363039590940651,0.0994061335734764,0.110187189203214,1.61522232743167,0.00351276284917178,0.00183196868106669,0.0245409122516574,0.00603374546649501,0.0157301175400412,0.00639130326369421,0.187926771546918,0.00482603157785816,0.000218984676239641,0.0113532684964656,0.0153480742430353,0.00178104090987439,0.0097208818879728,0,0.0133106726533276,0.0140102414585609,0.00520590243392903,0.540624403490722,0.00910691546441143,0.000755104512478192,0.0486221302329595,0.000660031483385026,0.0022238697432891,0.00558988135816604,0.0461844277234682,0.00321176868136221,0.000522513908386051,0.000262986100539042,0.0180728409948686,0.0125112871618864,0.0579610684169244,0.00437767359506795,0.0639811898291407,0.0045103998641227,0.00161934628886229,0.00446511455090583,0.0209042714682882,0.0130523172283246,0.0357203017018077,0.000397826535849861,0.000108699632491182,0.00945802570043818,0.00976742806760528,0.000394232217355761
0.0653409226255607,0.000111320027238223,0.00578574319639838,1.87524513574626,0,2.27947288506192,2.29796598577801,0.588964429401146,0.211536349280507,0,0.000750543837296182,2.55735313326988,0,0.114084578128488,0.000572671450106051,0.000181738376837898,0.0022683186881671,0,0.000487736975358371,5.36314908580812,0.00106646804272323,0,0.00216683449526749,0.490507326478618,0,0.00169357813088063,0.00099557213437897,2.15175352636142,0.121980417217913,0.00703711089260418,0,0.000663811862956724,0.00848302800117144,0.0691223574607358,6.71247032386349e-05,0.0057834769494777,0.00187740790265491,0.0152158350014793,0.0054738032940527,0.262120601710253,0.000723699754643384,4.28599373884231e-05,0.000820102580888416,0,0.0013228763067937,0.000244514028909258,0.00632524521516478,2.81867056655415e-05,0,0.000404157780833263,0,5.94232427641923e-05,0.000776721505143588,3.17163235185897e-05,0.00353891737265267,0.00166735543431097,0.0010527759200958,0.0124111870729075,0.000728932705958505,4.63179094948112e-05,0.00552948109712567,0,0.000128324018103013,0.000366248529421779,5.47871551398438e-05,0.000112493885623649,0,0,0.00167841978129058,0.000364900381297675,6.04610174918876e-05,0.000217204597766146,0.00579509455726463,0,1.64340271266582e-05,1.33966693629042e-05,0.00180445653329763,0.000888653075609097,0.00141398095519808,0,9.12032795474743e-05,0.000353499984994012,0.000966761496069895,3.84462505863097e-05
0.00327262275532986,0.0349696307603935,0.0103688049356345,0.000305358975631728,0.00713095018208785,0.00359640318457447,0.00311691240010157,0.00153927980668632,0.008948747478242,0.000750543837296182,0,3.4436918380557e-05,1.84593429037396,0.00372400357108912,0,0.000277735887990586,0.0666379816420822,2.98785998086491,0.408494662187723,0.000185956672560545,0.00207517243089832,0.0140290260760296,0.00438547337174245,0.00214409985536823,2.44058598321095,0.669937249332661,0.178912769261471,0.00221073119413563,0.048878886360022,0.00388586470626408,0.806102662001221,0.00998712284506221,0.0018244468200959,2.53319235295767,0.00165331876557189,0.100473267330696,0.772934975765377,1.53611968817348,0.0908896564408018,0.000924345151895428,0.00706982167901768,0.703406493787246,0.0029518410979155,0.00879234115309703,0.00545067781685726,0.00102130106941533,0,0,0.000251364818555721,6.31031391876962e-05,0.00674375364488099,0,0,0,0,0,0,0.000168349405883612,0,0.0119669450313698,0,0.017556197536762,0.000142253923870588,0.000130142485622294,0.000153066914492122,0,0.00226039626796217,0.00121912747964699,5.11007255064367e-05,0.000116130116471685,0.000216709230731693,6.13373391410686e-05,0.000270923996376778,0.014852810493769,0.00958610809505621,0.0169243482514211,0.000178237918354298,0,0.000273085593885902,0.0117990419928566,0,0,0.000251417803323282,0.000574938206273772
0.00160106715853034,0,0,0.250695755195772,0.00146149885486844,2.627971892545,0.000855931448964372,0.00862742097889564,3.76855970083228,2.55735313326988,3.4436918380557e-05,0,0,0.00409610024256634,0.932931892282127,0,0,5.28334576256144e-05,0,9.60495680695772,0,0,0.000125129068737517,3.06214072844267,0,0,0,0.0160981959807097,0.0102138245608743,3.53763350054779e-05,0,0.000116901116883712,0.000253105060818734,0.00443541771043343,0.406800177319137,0.00204501113645245,0,0.000646926795649848,0.000101306931648259,0.79268116310693,0.000164577899922061,0,0.000818342402974515,9.99852426897805e-05,0.00114377815856094,0.000730932067912165,0.00901726312798412,0.000448991489497331,0,9.2125180697805e-05,0,0,0.0616817148679625,0,0.00348403250921464,0.000698651870127396,0.00104023316130843,0.0153161313868704,0.00331333864422923,8.54748961480502e-05,1.78062383247627,0,0.000715348578150714,0.000426221633253405,0.000374174370400864,0,0,0,0.470883894684768,4.07957139372918e-05,0,2.91811959074236e-05,0.0120007253450978,0,0,0,0.00094439308562877,0.00137186793772055,0.00114746199949725,0,0,0.000462666898702592,0.000469180447021093,0.00823362745810615
0.000238571146827439,0.0865860970764701,0.00548503152455087,0,0.000189055232028439,0.000170826767850502,0.000573592042114774,0.000265843246698555,0.0188276331643408,0,1.84593429037396,0,0,0.000117938560995596,0,0.00611520570260762,0.00329053759793262,0.00596586001014904,0.00521535326122542,0,0.00330814496827976,0.0588496698941393,0.0113406173092529,0.00285466383343185,3.63491587100587,0.0901716876638252,0.820029949606003,0.00215200117183653,0.0013032662479587,0.000743329453118404,3.11131532621599,0.000596072733075994,0,0.0291036087400094,0.0011478531895073,0.343256874170319,0.394103070767277,0.166479665901476,0.114000347807029,6.42017573769158e-05,0.000800104138706821,1.22327409974862,0.00737488063988342,0.0126001432721392,0.00830251984344347,0.00357772657143138,6.21953894391191e-05,0,0.000315774412741241,0,0.0145318120486316,0.000390770728983698,0,0,0,6.33256766028895e-05,0,0.000265466146478564,0,0.00670859699723502,0,0.0147078872829663,5.54746111433328e-05,0,0.0023160669793826,0.000459399352813248,0.0039506352308817,0.000836740263460572,0,0.000289456819789426,0.00558923323049559,0.000818540483442343,0.000210313217917453,0.011985357584167,0.0102651373420104,0.0229574491065788,8.82273683712317e-05,0.000121590149862134,0.000120843594493014,0.0104484275707926,0.000101384376741516,0,0.000597134437086385,0.000551648069025322
5.05469160673541,0.000494639534830481,0.00733107509701759,0.0092584283615808,0.0358434515563005,0.272523003491646,1.31116825278648,3.98797181828679,0.0262332887589607,0.114084578128488,0.00372400357108912,0.00409610024256634,0.000117938560995596,0,0,0.000159179427892286,0.0204215812445209,0.000502393508961776,0.00354767532033655,0.0163099903752267,0.00175884718516803,0.000832052174704112,0.00397128696457521,0.0323926668648069,0.000209076627142616,0.00882710579407014,0.00155088489423051,0.0230390449998967,5.03540252086779,0.192601952742527,0.000345603691602654,0.459632693254756,0.0133771630297667,0.177669029252306,9.44541922689241e-05,0.00321002651182815,0.00357056423003977,0.0213868533024988,0.00253980554275312,0.0505749926494588,0.012056825224682,4.70966709747891e-05,0.00217818253511048,5.25006128992032e-05,0.00168855518505113,0.000759651486898084,0.0017837317976763,0.000234982419212954,0,0.000622201336815981,0,5.99269838852954e-05,0,3.86014463241533e-05,0.000140996223942664,0.000924249949679099,0.000288957695523859,0.00541134350982658,0.000103340337611684,7.77797497087719e-05,0.000164756943484682,0,0.000269467176992177,7.85021462481449e-05,0.00156295334079573,0.000115525265416251,0,8.29411299893661e-05,0,0.000681951033930797,0.000233329963770916,0.000366728103336949,0.00378242590555221,0,2.04668616485065e-05,4.94371433626943e-05,0.00302458745794088,0.00190279298719751,0.0050523652923849,0,0,0.000641989813302483,0.00107484641960177,3.54091233323111e-05
0,0,9.89761365969544e-05,0,0.00356197466193214,0.50720787497257,0,0.000644265064853676,1.13311783787294,0.000572671450106051,0,0.932931892282127,0,0,0,0,0,0,0,0.0164856665716124,0,0,0.000230423298752426,0.0118291026369614,0,0,5.27744572246247e-05,0.000186147174294412,0,0,0,0,0,0,0.242386683085013,0.000793235725271142,0.000462957551250451,0.000718906456893931,0.000132502341501155,1.22411774772871,0.00218990844988006,0,9.39232810080503e-05,6.99765105537319e-05,0.000341647526764581,0,0.000266126305056135,0,0,0,0,0,0,8.70415800119009e-05,0.0010997436210966,5.0773843957672e-05,0,0.000211929019363927,0,0,0.00018637038653198,0,8.7576668491701e-05,0.00411688372530272,0,0,0,0,0,0,0,0,0.000205513347413894,0,7.78483001007482e-05,0,0,0,0,0,0,0,0,0.0125317258724735
0.00148295889189869,0.0350820780324368,0.0190290710189911,0,0,0.000328523731383656,0.00262879369006441,0.000629603153861093,0.113678944758003,0.000181738376837898,0.000277735887990586,0,0.00611520570260762,0.000159179427892286,0,0,0.00918216457345043,0,0.00121376235268299,0,0.740672181978727,3.34359720734918,2.02079830791599,1.60935931454606,0.00219184262913586,0.00560526334988922,0.357347860780729,0.806464848517831,0.00396601587141195,0.0959351237331683,0.00069067832417093,0.000358099326434887,0.00148803650017668,0.132350630869522,0.00768891170275311,0.589230379504364,0.196421508977039,0.216703368823795,0.251802786323966,0.00884385962603337,0.00267091736542161,0.00598979917413918,0.11173365876837,0.0582403703044455,0.0296264429908536,0.015625244175299,0.00625574464638744,0.00273781299501668,0.000485790846309371,0.00163776797537049,0.00171280641431217,0.00454376656213003,0,0,0.000216062895062853,0.000417300341119702,0.000109059748531377,0.0110956357027281,0.00011644109137432,0.0014566988770263,9.94970525275852e-05,0.000124530008153122,0.000367112493507145,0.00447042076812685,0.518957598897409,0.00199837124338671,0,0.000203637215316176,0,0.0465014604508401,0.273318446785434,0.174418719635934,0.0249325385527026,0.000183835059198435,0.000904489492631836,0.0340896358192466,0.00565329262730397,0.00313925131972393,0.0454070044746604,0,0.000291161056489145,0.00108973377491303,0.00700970818045125,0.0048708118436257
0.21296696477266,0.173060093764076,0.692854850016809,0.000497907070610409,0,0.0225450086715334,0.141430491102685,0.0451355896653685,0.0326165346870104,0.0022683186881671,0.0666379816420822,0,0.00329053759793262,0.0204215812445209,0,0.00918216457345043,0,0.00595159162386536,2.21340184535027,0.000148794523114035,0.108017727655498,0.0516312815690255,3.08484937900455,0.0191669951180053,0.0104458884068297,2.33551228883106,0.273404761267603,0.0297665139695443,0.0338626244674395,0.254662207023734,0.00167995627653374,0,0.00437730007895731,1.17087336238553,0.00122078838838703,0.162976693432458,1.30438010777872,0.416770645296883,0.105213375379382,0.00247288160110327,0.000236933348935747,0.00538335794094806,0.00294766732283787,0.0014843775291184,0.00259330192848749,0.000197001924476226,0.000192880317565315,0,0,0,0.0166740857270763,0.000530475367144352,0,0,0,9.21279422764088e-05,0,0.00215206223670065,0,0.000103190138804605,0,0.000670117656040276,0,0.000172895964209307,0.0025386988138767,0.0014297994495321,0.000824953803597928,0,0,0.000196384601615556,0.00273250228279082,0.000542108079671983,0.000769373930142621,0.00190419047521603,0.000702303718678096,0.00443412863856828,0.000606083053664071,0.000438387640023281,0.00121317303758143,0.000182806152859043,0,0.00105015810508946,0.000882965039670248,0.0010056675239732
0.000620701141849991,0.00418356456065235,0.00371033480869908,0,0.000241840107463372,0.000437841537590036,0.000671105113127784,0.000324549893147236,0.00244035041466792,0,2.98785998086491,5.28334576256144e-05,0.00596586001014904,0.000502393508961776,0,0,0.00595159162386536,0,4.15615964721303,0,0.00052219872352567,0.000357176417527857,0.000566738354307073,0.000121446853202295,0.207112234193319,1.25536549324044,0.0379877561652173,0.00021694627556244,0.00312136961387326,0.00100488395332779,0.0148379725397105,0.000402822819046939,0.000279417736868241,0.118572830045188,2.97272272523237e-05,0.00738272130034724,0.0775589469701499,0.199689767644986,0.0282230574444532,0,0.000744883708452687,0,8.55431960828388e-05,0.00218592165889196,0.00269638954347385,0.000162530917656374,0,0,0,0,0.000201211659151084,0,0,0,0,0,0,0,0,0.0021625188979697,0,0.00508011035364948,0,0,0,0,0.000817977080872362,0,0,0,0,0.000249785821748172,0,0.000997095279358342,0.00254869288214105,0.00459672687010063,0,0.000198043768356835,0,0.00603298561720186,0,0,0,0
0.0345794594784124,0.060102664737332,0.0299409651948013,0,0,0.00441395580840738,0.0181642906425093,0.00818740569828641,0.00670466686073902,0.000487736975358371,0.408494662187723,0,0.00521535326122542,0.00354767532033655,0,0.00121376235268299,2.21340184535027,4.15615964721303,0,0.00014737642934826,0.00721563419937147,0.00804957888503841,0.0209678037587303,0.00228961044249182,0.0267554090019847,3.40456814070405,0.16001119303249,0.00405422000606731,0.00560904240010004,0.0219699562860568,0.00840967419279571,0,0.000547158578205339,1.21223102925285,0.000502643171805184,0.0294226416788045,0.34405733125026,0.590272797405257,0.149896546112902,0.000366941886615589,0.000222201841566627,0.000589727698578082,0.000816301763647267,0.000373112858750245,0.0017563514767606,0.000128256203970582,0,0,0,0,0.00784101298719275,0,0,0,0,0,0,0.000415867923976618,0,0.00010015033293842,0,0.000557332977678748,0,0,0,0.000180860916807486,0,0,0,5.50755766686069e-05,0.00124363364003699,0.000555131465479512,0,0.00436181443804643,0.00145462384704945,0.00296935686840385,0,0,0.00036231487999021,0.000403785638030838,0,0,0,0.000160382704273453
0.0180554628537717,0,0.000655047064324212,12.4001602974747,0,0.437081931552841,0.0162260114129072,0.0358656062887699,0.603880828964131,5.36314908580812,0.000185956672560545,9.60495680695772,0,0.0163099903752267,0.0164856665716124,0,0.000148794523114035,0,0.00014737642934826,0,0,0,0,2.28262008403457,0,0.000223592913604222,4.99574763213771e-05,0.454778459365188,0.0435161584288271,0.000984984134954096,0,0.000211742202747195,0.00510380934447401,0.0284469980565183,1.00150202182888e-05,0.0014801392623865,0.000376098764207944,0.00784742253993852,0.00084960238911468,0.220712208095676,0.000171611190974315,0,0.00033488138429427,0,0.000493318853784765,0.000142277734279331,0.00497521473843387,0,0,0.000285261707256043,0,0,0.252893376012476,0,0.00313342701214809,0.00056557512088959,0.000552016222568394,0.0124399887198642,0.00158969432686581,0,0.00517724014250151,0,0.000184015501427766,0.00101041179416061,0,0,0,0,0.126171855305914,0,0,0,0.0118448185868502,0,0,0,0.0029212111523087,0.000413408108096635,0.000404259703345763,0,0,0.00047827929596727,0.000124594270217655,0
0.0108688011892763,0.00157859813283851,0.135599968331378,0.000164906909076534,0,0.00170293686429044,0.0328438489104063,0.00545994746832391,0.00357665378877111,0.00106646804272323,0.00207517243089832,0,0.00330814496827976,0.00175884718516803,0,0.740672181978727,0.108017727655498,0.00052219872352567,0.00721563419937147,0,0,0.0166957564376989,7.15410611014167,0.018120184858823,0.00071313652441217,0.0289032655244025,0.0330704441690633,1.02006578501652,0.049989281108653,2.03735834672038,5.56696349805295e-05,0.000131261437356093,0.564623123236891,0.423754336232351,0.00511958956026719,0.3870090925623,0.0847313125430622,0.206056996870523,0.142322838130796,0.00538197746187343,0.000874201802476657,0.00101102745634518,0.0143377063013681,0.00406928518973546,0.0038817879433579,0.0017067621457029,0.000318389277819853,0.000491641832191921,4.75861155108054e-05,0.000819807460261884,0,0.000257271953122816,0,0.000159954905835397,0.000263924413352594,3.5472149446842e-05,2.96644124159673e-05,0.00142527737577878,0,0.000321667194616186,0,0,7.9015791020345e-05,0.00241776592689758,0.0341120559510824,4.20888200681774e-05,0,0,0,0.00966634636546393,0.0139524833673961,0.0145227290529805,0.00365862710199391,0,8.08773111133226e-05,0.00396762744964699,0.00135970430359288,0.000546692100462627,0.0115668979524749,3.14280221491714e-05,0,0.000405240419353022,0.00151217712985983,0.00357841992635733
0.00114095724657781,2.34749701065698,0.0361326832887848,0,0,7.93176381166287e-05,0.00330338776736274,0.000805081896348992,3.21060360106127,0,0.0140290260760296,0,0.0588496698941393,0.000832052174704112,0,3.34359720734918,0.0516312815690255,0.000357176417527857,0.00804957888503841,0,0.0166957564376989,0,0.0986031228338146,1.15348424864772,0.391944833465887,0.0306294166534775,0.832357188563996,0.0444734459012038,0.00273016708125086,0.0412013028994299,0.0426551683031447,0,0.00287637112232493,0.0602955394096089,0.00206779864671927,0.198601297882503,0.134785105415694,0.135716180340674,0.0826256256206652,0.0014205642700675,0,0.000268458390261211,0.0578102175228454,0.0365764383596926,0.0264908585163408,0.0156487766084522,0.00221735062658824,0.00047579300789934,0.000367562223400758,0.000554336563748833,0.267607665608686,0.00598226947730384,0,0,0.000154027435231536,0.000144389965280963,0,0.0174058973084317,0,0.00121911546671504,5.08990674067261e-05,0.00419408507381136,0,0.00131168837761601,0.243027708702838,0.00985414056072443,0.000389552959227754,0.00331667930408512,0,0.0127700663068777,0.667652374778899,0.0555018006602828,0.0164898974656562,0.0266430755909658,0.0056977897485033,0.150983827922833,0.00298975554145299,0.00017882800931513,0.00970228277740598,0.00248715389908098,0,0.000755979582652243,0.00498833048968147,0.00105031563456353
0.0155938930284047,0.00851390749668448,4.07446485667381,0,0,0.00504438729559937,0.0557325216723997,0.00863476414750039,0.0110884755199001,0.00216683449526749,0.00438547337174245,0.000125129068737517,0.0113406173092529,0.00397128696457521,0.000230423298752426,2.02079830791599,3.08484937900455,0.000566738354307073,0.0209678037587303,0,7.15410611014167,0.0986031228338146,0,0.0990914115583644,0.00426985904784688,0.113344400442645,1.25312045466101,0.60807630005581,0.265095556768765,0.550101552571508,0.00015133195383301,0.000283904867838355,0.392022583391971,0.543568825128274,0.0356209852053623,1.25606374712772,1.29329734080653,0.760690258311911,0.433523991882427,0.0229693347638139,0.00428350041273404,0.0072069110006026,0.0519722231275306,0.0157106851860854,0.00861131910979301,0.00811128541969888,0.0012700603852649,0.000394727264227582,0.00100098000593238,0.000392028129844465,0.00285491656487304,0.00197841960206798,0,0.000951411933866546,0.000654359771657686,0.000311212866797646,0.000304194243652398,0.00336305003858865,6.9143601618664e-05,0.00143701243279978,0,6.80550401005262e-05,0,0.0108792209827773,0.139293608300934,0.000566665335997741,0,0.00017038243221781,0,0.014458830115257,0.0663510011063622,0.0685569880214719,0.00772835913357164,0.000172468729774035,0.000399182080402166,0.0462751217463288,0.00197975328710177,0.000952565002746998,0.0094201756620486,0,0,5.01190872944086e-05,0.00151448498577293,0.0234429170880534
0.0651117685391014,0.059243234953695,0.0259207982547108,6.20178718715202,0.000313438192615161,0.422072353212691,0.444008410546216,0.158057006255655,8.15131667145559,0.490507326478618,0.00214409985536823,3.06214072844267,0.00285466383343185,0.0323926668648069,0.0118291026369614,1.60935931454606,0.0191669951180053,0.000121446853202295,0.00228961044249182,2.28262008403457,0.018120184858823,1.15348424864772,0.0990914115583644,0,0.0093086864840462,0.0107733979619714,0.129977668478595,3.70235031337122,0.164929061447286,0.335546444863038,0.000655156868225965,0.00199053502217189,0.136315441688043,0.165297569922681,0.00224757492391062,0.298539456909233,0.0378613605236462,0.137294932904602,0.11436081589779,0.104728754051732,0.00344455658263894,0.000479750050114958,0.0414259236710492,0.00494813916207777,0.0333435594043394,0.00831785521886604,0.0408374848726355,0.00487990922277049,0.000357382389066001,0.00879253300265209,0.00161815241703738,0.00283908035731016,0.236659290037301,2.39224113465549e-05,0.00945295942022028,0.0277364570970795,0.00467404480687497,0.184704552995095,0.00412564764620381,0.000928660245830071,0.020922914240559,0,0.00496210701116139,0.000631712535383508,0.0395532218277993,0.000995114769330925,0,0.000489587136269529,0.0198662911947701,0.0157667518782095,0.0136870381822912,0.00956603027816294,0.26174594187492,0,0.00103547325666363,0.0101661548541257,0.044577931417388,0.0296989199105022,0.0677926703656855,0,0.00116013023688542,0.0119325935937883,0.0221082241403365,0.00142268968788383
0.00042218973469672,1.91251464026366,0.0022099363724169,0,0.000277264158449312,0.00039981986551792,0.000148913592296322,0,0.112229336194273,0,2.44058598321095,0,3.63491587100587,0.000209076627142616,0,0.00219184262913586,0.0104458884068297,0.207112234193319,0.0267554090019847,0,0.00071313652441217,0.391944833465887,0.00426985904784688,0.0093086864840462,0,0.300892517188925,1.22640136173249,0.00131320528399303,0.00166651668416447,0.0018188026238014,1.54737239251324,0.000831303705735344,0.000589115546542791,0.0529929669861564,0.000286665060314643,0.0979261152876899,0.666933094961844,0.42859858323492,0.0838840672420092,0.000100708706516683,0.00233182788571831,2.52741392772926,0.0196060361667382,0.069267428254963,0.0479685336553017,0.0177709463621187,0.000246390293555513,0.000589358423619221,0.0739806464150962,0,0.228425305619833,0.00258077710017899,0,0,0,0.000278006536122819,3.84489729363959e-05,0.00178125961607929,0,0.0731993810254933,0,0.176149482617708,0,0,0.000555414219938141,0.00755560541338657,0.0233885718402746,0.00706213206474069,0,0,0.040909452916394,0.00202483681604146,0.00089696196131782,0.298273453484392,0.055205265200934,0.122369337309241,0.000157973154924469,0.000227132793905099,0.000504059152799429,0.124568110690032,0.00015731469849508,0.000214860564155081,0.00617947720693697,9.88892416106033e-05
0.055820697967263,0.131533196490524,2.02135020893478,0.000287676531262347,0.0005553553761907,0.0106837414351666,0.0602309506009456,0.0197724522981707,0.0163058989761592,0.00169357813088063,0.669937249332661,0,0.0901716876638252,0.00882710579407014,0,0.00560526334988922,2.33551228883106,1.25536549324044,3.40456814070405,0.000223592913604222,0.0289032655244025,0.0306294166534775,0.113344400442645,0.0107733979619714,0.300892517188925,0,2.3992256827694,0.0147152986312605,0.0150249138893991,0.0833284823501406,0.86972258915204,0.000792533400740628,0.000695054956700308,0.272442003318482,0.00198996187969184,0.139951734400855,0.905326051875035,0.577275724040429,0.0803885727549516,0.00139865504258747,0.000888027897453937,0.00262175287875084,0.002438125410903,0.00656315826353056,0.00467342339633287,0.00153919340521711,0,5.63515134948127e-05,0.000172255375297223,0.000119683750275473,0.0110334417165315,8.51053006862982e-05,0,0,0,0.000139469447719495,0,0.000739320884486198,0,0.00503884263252576,0,0.0163273953687719,8.82714389339708e-05,0.000205676026605497,0.000568689380508417,0.000476892186467843,0.00333881532588965,0.00109093312795859,0,0.00044075876032523,0.00218218161503703,0.000342469466068332,0.000357404440260025,0.0105746812114666,0.0108249178277877,0.0273658605037035,0.000268342955377127,0.000220276835070615,0.000784948665814074,0.00852858339288813,0,0,0.00166478146746948,0.000971233199787253
0.00616025466722797,2.10132877245539,1.75481148723284,0.000183708853151755,2.11229911277122e-05,0.002605770981724,0.0161738650295436,0.00395731778882247,0.151064818073944,0.00099557213437897,0.178912769261471,0,0.820029949606003,0.00155088489423051,5.27744572246247e-05,0.357347860780729,0.273404761267603,0.0379877561652173,0.16001119303249,4.99574763213771e-05,0.0330704441690633,0.832357188563996,1.25312045466101,0.129977668478595,1.22640136173249,2.3992256827694,0,0.0615874788602907,0.00399373253362885,0.023114756590013,0.440552191449268,0.000383718824420343,0.000548351258521877,0.370091033529372,0.0229392945426788,0.616176928119241,0.885687695333447,0.801049509177203,0.17067111646791,0.00402711707035974,0.00321853196445006,0.00414892064525278,0.0303338429303748,0.0383965862933355,0.0417368127080887,0.00956698054698922,0.000318060761003291,0.000165518893702242,0.000311546559318037,9.92870504087241e-05,0.123189895140635,0.00494585392769183,0,0.000731713671934929,0,0.00066115110603335,1.92664056416409e-05,0.00498867131860452,0,0.0166556794650132,1.58899281404237e-05,0.0384939669714732,0.000306060140259166,0.002105002420062,0.0157631250869379,0.00790595079485335,0.0125653086187198,0.00510297815419338,0,0.00131953912543596,0.0694361199169964,0.00960735240532591,0.00664112136943285,0.0616922679479331,0.0650389284656715,0.319257283692085,0.000818975247906724,0.000389087001127192,0.000849326268724527,0.0206590463660291,0,2.26000940644964e-05,0.00515193412453452,0.0136381027849534
0.0398048771887197,0.00458152932386313,0.113348184997661,2.01994859625071,0.000681005509061176,0.207030801358128,3.93518145804203,0.0792048409854916,0.287610697818703,2.15175352636142,0.00221073119413563,0.0160981959807097,0.00215200117183653,0.0230390449998967,0.000186147174294412,0.806464848517831,0.0297665139695443,0.00021694627556244,0.00405422000606731,0.454778459365188,1.02006578501652,0.0444734459012038,0.60807630005581,3.70235031337122,0.00131320528399303,0.0147152986312605,0.0615874788602907,0,0.121872750742364,2.5843765614689,7.57545183816457e-05,0.00183817632109663,0.101363728674964,0.38617734759627,0.005023098189214,0.55506005990793,0.0747944351119774,0.244369227999957,0.204389657000579,0.0572597352812862,0.00391117986102848,0.000851570335645411,0.0246344419632038,0.00353259651225984,0.017110009315552,0.00596569443818381,0.0152776374456933,0.00264956370799883,0,0.00771278659961335,0,0.00146328958839887,0.000635773840327611,0.000514010811416876,0.00501145976055299,0.0169135810260655,0.00220854454224613,0.072780773065459,0.000905767280683342,0.00119622002914588,0.00344360853638549,0,0.00429813776498893,0.00123815914157815,0.0438881022092279,0.00127498988900514,0,0.000101388509322396,0.000899336343819302,0.01894609986963,0.0107476497183742,0.00936537772113725,0.044182101429603,7.51371128658281e-05,0.000463359801119061,0.00507783644719959,0.030073910793656,0.0205642606004013,0.0682619178019077,2.60914743970011e-05,0.000781152799368231,0.0092999108418957,0.0162936467999999,0.00214431147891261
1.42491777523942,0.00116886111282535,0.00352817000351797,0.0250698262964868,0.0859280173094346,0.249114208282813,0.164318763756836,0.568194590470851,0.0844529813459947,0.121980417217913,0.048878886360022,0.0102138245608743,0.0013032662479587,5.03540252086779,0,0.00396601587141195,0.0338626244674395,0.00312136961387326,0.00560904240010004,0.0435161584288271,0.049989281108653,0.00273016708125086,0.265095556768765,0.164929061447286,0.00166651668416447,0.0150249138893991,0.00399373253362885,0.121872750742364,0,2.85058450910718,0.00227207836944203,0.847007224880501,5.1805557535754,2.57183620379391,7.74043822071441e-05,0.00870569939205443,0.0113233216822551,0.289023262249219,0.0101902561668357,0.228490167712254,0.193527576018423,5.98037228182885e-05,0.00913955351236128,0.000244953459775879,0.00529941270067162,0.00129766552880378,0.00286435417679129,0.000565330898359033,0,0.00215217253075231,5.81043976706323e-05,0.000940038273827257,0.000271292507477018,0.000100101681064755,0.00094000629235037,0.00670220886364679,0.000933065867808425,0.0236677821034145,0.000113307706196744,0.000383213625098306,0.00138525541889925,0,0.00101611659224567,0.000121741573890967,0.00963838839464441,0.000274569332826352,0,2.39068850597206e-05,0.000155894504620451,0.00588193660901626,0.00139387267579779,0.00173092809448548,0.0169668619647868,4.29437441135539e-05,0.000132022419123144,0.000189146853057817,0.0132145854406256,0.0047827680363919,0.0241442000548195,2.65119466541417e-05,0.000107891783108793,0.00252644478528046,0.00485132987015034,0.000128606747592321
