0,0,0.0152303465422249,0.00505820211149236,0.000386151930139612,0.0205787633392406,1.38433944781235,0.130441222559744,0.0271418230576967,0.0960370073250612,0.000362029653285889,0,0.000177107369147876,3.6433958690824,0,0.00147623827018624,0.0335326952934882,0,0.00259611640815444,0.00436728186766246,0.0126580084283558,0.00215672953445247,0.0236725445634879,0.034531238566848,0,0.00549282175469905,0.00488094202386576,0.0311525268062792,1.82795689628712,0.614527348552254,0,0.000547643056596318,0.409508853646701,0.234617021567977,2.42877070601231e-05,0.00234799374593378,0.0101567396330067,0.0185822304248425,0.00370755440474692,0.00156527540284064,0.0029287291406751,0.000486019948246652,0.00198710384557486,0.00116623741800209,0.00368361952543484,0.00243240818424201,0.00019496415664437,0.000162738333154595,0,0.00147362727673787,0,0,0.000548047607121585,0,0.000353651205400898,0,7.03739945568417e-05,0.00325859309547462,0,0,0,0.0003177731967936,0.00042549507588586,0,0.000315861160708163,0,0,0,0,0.000148159542010239,0,0,0.0079572262669409,0,0,0.000646888326509804,0.00623279133601014,0.00190837917074272,0.00261662386306338,0,0,0.000496155821664047,0.00121399924322539,0
0,0,0.0136682691165873,0,0,0,0,0,0.418925885089538,0,0.011931892544083,0,0.0977318554192295,0.000143829061252411,0,0.0946889792467639,0.0182991776545876,0.00296135861368886,0.0337713002609051,0,0.000514055485591135,1.59448499428251,0.00304598068920292,0.0810384523481165,1.97024219005077,0.0714775253837324,1.14374902869071,0.00269754146983542,0.000723773227005319,0.00103284272126941,0.0226552266512165,0.000157261889346848,0.000378890438340161,0.022670058474073,0.000295296884667513,0.0196023889734132,0.0139746992972935,0.0428824889122394,0.0352528141655759,0.00076621729385418,0.000918625431977627,0.000448754379055342,0.00813410615561588,0.0213561097005627,0.0238369448389306,0.0121167446964266,0.00132745056077188,0.000368048691200554,0,0.00206402544854831,1.0682075537754,0.0623781175405358,0,0,0,0.000536725686519474,0.000305140377652994,0.0164107761344292,0,0.000529768829559069,0,0.00167369466032986,0.000357996791052793,0,0.0380368940296287,0.0249554693097179,0.00158338456666579,0.0151051602176035,0,0.00312890293849589,0.112078527108017,0.0043386037550067,0.0113924465030549,0.185430391302622,0.0736342668520418,0.485796062443187,0.00137824770459116,0.000390741514600209,0.00148101839016602,0.00115012234842934,0,0.000197347282211192,0.00816193090318684,0.000349548529340713
0.0152303465422249,0.0136682691165873,0,0,0,0.00357987659813915,0.0378987163574485,0.00234605954855717,0.00435013301132063,0.00347337067770111,0.00201230847950758,0,0.00129402961175834,0.00814389234008097,0,0.0241068670939157,2.4959818509564,0.00111081935705848,0.0643056951647575,0,0.0467785506117795,0.0192482820801646,2.36030859674721,0.0288892062870174,0.00113770580131444,2.54375247215877,1.84169286985761,0.13337899766081,0.00739720387006721,0.0306359807397537,0.000219245510997288,0.000190690894148322,0.0039230301382406,0.316041241535272,0.00219889767114441,0.118036281426675,0.326058755195424,0.257746276289117,0.133505593524525,0.00850426623348111,0.00374802424781332,0.000947345285902903,0.00485081575051081,0.00270609718518099,0.00426908981150063,0.00144553692028757,0.00038693860664583,0.000216699904337873,0,0.000366274887172724,0.00850535795003794,0.000927210383861957,0,0,0,0,0,0.000458302803945203,0,0,0,0,0.000131687095595995,0,0.00208337177443983,0.000720113505264037,0,0,0,0.000624802007192594,0.00369916888222266,0.00249499505729694,0.00231746085571921,0.000705545417302068,0.000135676986945997,0.0257093938226891,0.00079068004555691,0,0.000547693946678269,0,0,0.000447816416284373,0.000648681046508687,0.00137331889096116
0.00505820211149236,0,0,0,0,0.0119407675147958,0.0531210253152189,0.00240803607878728,0.0578843029110031,1.27755769549152,0,0.45782108379967,0.000322847710809218,0.00437420196935872,0.0035693305003503,0,0,0,0,9.38395228476313,0.000426745404593058,0,0.00010493909147377,5.51464602663471,0,5.35977672339438e-05,0,2.05075965059949,0.0136216341590614,0,0,0.000296045409783059,0.00328536816411992,0.0063615083568106,0,0.00217946540155977,0.000406836610728364,0.00334552164625231,0.00272306893768685,0.00115459097538892,0,0,0,0,7.96437818961354e-05,0,0,0,0,0,0,0,0.191124266779988,0,0,0.000123932194430909,0.000257066282597349,0.00107615712848364,0.00286619693304773,0,0.0158105061298504,0,0,0.000217687861640753,0,0,0,0,0.162997405211212,0,0,0,0.00463672558968316,0,0,0,0.00903855622591063,9.86064220008329e-05,0,0,0,0,0,0
0.000386151930139612,0,0,0,0,2.55738456791623,0.000212917201280578,0.143706369093097,0.000516457682101287,0.000376133928719741,0.00804524069284102,0.000738569691941384,0.000277572127409778,0.00726562184551704,0.103118572515221,0.000645483436833235,0.00014856330406976,0.000618436201994851,0.000430151505359241,0,0.000236742204422109,0,0.000621419118496391,0.000599082589575299,0.000824972132285372,0.00142240484359047,0.000464422959998279,0.000586514670927186,0.0543327980563017,0.000359283629672856,0,1.42254062595405,0.000268730190272758,0.236663403301866,3.2233914159119e-05,0.00307218743004476,0.00612390072653661,0.0961030570793677,0.00957910814959512,3.29185527040503,3.33429277521376,0.00287819300065668,0.000245941430614279,0.00100136907943716,0,0.000485162904329649,0,0,0,0,0,0,0,0,0,0,0,0,0,0,0,0,0,0,0.000117862730695953,0,0,0,0,0,0.000367947984959208,3.9675211684713e-05,0,0,0,0.000231092872758874,0,0,0,0,0,0,0,0.000710321370931737
0.0205787633392406,0,0.00357987659813915,0.0119407675147958,2.55738456791623,0,0.452244897572186,3.30166634904583,0.0351956513587409,2.59980912794961,0.0218850567262602,1.2337378555305,0.00316554276723845,0.460512184676703,1.04142608548014,0.00147558654738718,0.00506288262201232,0.00200198001294455,0.0043534809669668,0.219966306208213,0.00499576229807829,0.000237634072073746,0.0111309273591323,0.183439648701888,0.00453887222160705,0.00750621470426397,0.00377275162649552,0.087982396248809,0.63014249807018,0.0148486004891355,6.0157276773437e-05,0.762943185412629,0.00546797193985667,0.296298682098558,0.334759904531961,0.00642340967016325,0.00913548082048125,0.161978910368028,0.0206288776326405,2.13283862655191,0.164110559404204,0.00239115631910439,0.00164282228820934,0.000399347939718213,0.0021406395720047,0.00051113992115337,0.000393356808202664,0.000100090098687062,0,0.00101358014440624,0.000172147059184863,0.000211065136306282,0,0,0.0006542611763031,0.000148376168485785,0.00149115365739931,0.00898727199728999,0.000292918198032616,2.46372116598711e-05,0,0.000133644836314631,0.000910997560458026,0,0.00036247078830396,0,3.18733553031747e-05,7.0176137965275e-05,0,9.18259452202651e-05,0,0.000289537627136058,0.014332529471652,0.000728732468390785,0.000127634337874648,0.000303490510890353,0.0063805597546407,0.00241505715500692,0.0017154819223481,0,0,0.000280290547707445,0.000639719759830225,0.00214039583905562
1.38433944781235,0,0.0378987163574485,0.0531210253152189,0.000212917201280578,0.452244897572186,0,0.177118789600668,0.0195968338799999,2.40741099157002,0.00029903490676218,0.00078219937327928,0.00041538130248914,1.05735135928232,0.00041767721328417,0.0050048841419652,0.0305284733998775,0,0.000839820251415427,0.0975317215434321,0.0624537279499468,0.00178720231825451,0.124079944926309,0.867738736759045,0.000103481458539131,0.0078781823280157,0.00962089475472488,3.25740607565013,0.259806373972644,2.22878787084006,0,0.000541494319906611,0.0252213295440173,0.0636830833949911,0.00023709830139691,0.00880739517499305,0.00504407110536973,0.0183805285882917,0.0107191214381381,0.00429868502687273,0.000616547834687898,5.47354452618163e-05,0.000596496237147934,0.000369645335069439,0.00139281460598588,0.000503664753921045,0.000125221085477875,0.000341782457432022,0,0,0,0,0,0,1.90397836689949e-05,0.000120581952737243,0.000338463382157838,0.00183939786155281,4.66795105193347e-05,0,4.7216190021143e-05,4.95380470252518e-05,0.000314911059883704,0,0.000432323350832616,0,0,0,0,0.000172540593141434,0.000264164231927815,0.000304496485091974,0.00355608498518552,0,0,0.000861402028814132,0.00211344070053212,0.000739914856181987,0.000967093190946032,0,0,0.000173115576535998,0.00036964140600985,0.000188238807867052
0.130441222559744,0,0.00234605954855717,0.00240803607878728,0.143706369093097,3.30166634904583,0.177118789600668,0,0.0107652284771453,0.850568367778104,0.0103027029090743,0.00216142169339707,0.000871475807252144,5.16757255609281,0,0.000288406493754986,0.00556501187763397,0.000732664700236731,0.00163351406198871,0.018350497004526,0.0036915642958253,0.00025654356866815,0.00868521844451535,0.0209589152157362,0.00147163366409532,0.00391629074872671,0.00220059766458048,0.0326263796654833,0.488431631410181,0.0213243573639602,0.000419505321431985,0.375900619353176,0.00207274902930201,0.143574967044069,2.88517061972815e-05,0.00146906955833152,0.00472396895955552,0.049799378942865,0.0046851477990923,0.129516614992421,0.00458344801387376,0.000919991068477517,0.00018835272114319,0.000178268888726045,0.000571795409174203,0.000264227643686868,0.00013237457498433,0,0,0.000281751678559001,0,0,0,0,0,5.84545226264203e-05,0.000585791854153362,0.00213834505643291,0,0,0,0,0.00048360320426012,0,0.000155666107854861,0,0,0,0,0.00027702558309005,0.000297796273883654,0,0.00460518480580859,0.000191729768750461,0,7.70833424143381e-05,0.00337671062675099,0.00148342882503928,0.00132545397836445,0,0,0.00038244820404134,0.000292730427084475,3.33898240853985e-05
0.0271418230576967,0.418925885089538,0.00435013301132063,0.0578843029110031,0.000516457682101287,0.0351956513587409,0.0195968338799999,0.0107652284771453,0,0.0105311916775057,0.00823581478911467,1.87754966472999,0.0459897565156361,0.0122372329579065,1.89756142915402,0.0811482004975046,0.00383507585381215,0.00514238945841856,0.0068256580636967,1.37229707670614,0.00388970830819563,2.77934426953038,0.00581292987644596,6.33543990647309,0.171717261270156,0.0256865518622469,0.130552544080762,0.125715378241809,0.0323314024786443,0.0204689864136435,0.0103670774537876,0.000463925783557199,0.0293725510031835,0.0300212315220857,0.000296676393859919,0.0430604981815066,0.00657523858666937,0.0331335969538617,0.0302935147197654,1.08313990915746,0.00162687389548072,0.00107504294532844,0.0215125227049495,0.00487513538121437,0.0268041711880343,0.0188448518445584,0.0133339289405891,0.00111576094842518,0,0.00865622244492054,0.0257815284459086,0.000541198973564357,0.000697529661097852,0,0.0224645688259673,0.00239618386300929,0.0143695497257185,1.01319358222611,0.0194287620792705,0.000378835011707421,0.0105847429385072,8.17942816244699e-05,0.00608740880302799,0.000121207203152315,0.00851591812402652,0.000571745401251478,0,6.59873044482995e-05,0.0132490578311705,0.00467911024732729,0.26930391928606,0.000794357836282839,0.171580342196573,0.00138308442905427,0.000530064477746239,0.00375111115638734,0.0249066683329094,0.0174664085006446,0.011777091848788,0,0.0020195333962564,0.00579522869811487,0.00923501319095802,0.000379012618596429
0.0960370073250612,0,0.00347337067770111,1.27755769549152,0.000376133928719741,2.59980912794961,2.40741099157002,0.850568367778104,0.0105311916775057,0,0.000766092451024493,1.55518709699694,0.000555545725379291,0.341756189734944,0.00114524494075603,0.00166545589318329,0.000454078951266611,0.000105991360758658,0.000440960673921767,8.23925613737657,0.00230126179192087,0.000115207871583603,0.00478201966357083,0.202306282686514,0.000279854707357145,0.000896960858468167,0.0019605921242876,1.6226670827776,0.188304210535966,0.00453094291826446,8.30449466131099e-05,0.00117254857473923,0.00981373347368929,0.088598607780717,0.000229780916505569,0.0047943474144809,0.000832224118409225,0.0228902812743871,0.0072975503406318,0.0251469688614618,0.00125121162585757,6.00052155811459e-05,0.000527770309399935,0.000253550503247666,0.000540690469890227,0.000113723673987922,0,0.000131274874032705,0,0.000129666596926505,0,0,0,0,3.36499526786395e-05,4.71100604963587e-05,0,0.00156529966693642,9.77497756248641e-05,0,4.89582680587505e-05,0,0,0,4.04806635493126e-05,0,0,0,0,0,0.000104598233506562,0,0.000924070169259369,0,1.82435703230414e-05,0.000257777866165238,0.000184317867097922,9.71121294847442e-05,4.1018398908839e-05,0,0,0,0,7.67953208467954e-05
0.000362029653285889,0.011931892544083,0.00201230847950758,0,0.00804524069284102,0.0218850567262602,0.00029903490676218,0.0103027029090743,0.00823581478911467,0.000766092451024493,0,0,3.30937358068651,0.0118257437684628,0,0.00167991204550255,0.00525928482981244,3.49355475843523,0.766414717519901,6.69444724894445e-05,0.000270232293469808,0.00801200529695246,0.00465369355852261,0.00249682471528686,1.01482814671973,2.2688798098337,0.111037108322511,0.00105195723424377,0.0716763032723217,0.000774035446791832,0.984391875504166,0.0254632284841832,0.00078589677088018,1.31432246958026,0.000903039741222043,0.0767767753172813,0.551413000752918,1.00969442938287,0.106007578585497,0.0129125115769975,0.0198370884675434,0.203158295120444,0.00189697326234337,0.000635298017037198,0.000102881566955982,0.000277715310955241,0,0,0,0.000172799040699615,0.000547620853686842,0,0,0,0,0,0,0,0,0.00017827038458593,0,5.41874700866053e-05,0,0,7.9730244691348e-05,8.13925001656181e-05,0.000309783117303781,0.000337459949324697,0,4.28057631004014e-05,0.000170427233185957,0,0,0.00546874422342511,0.00101466186248451,0.000652927040952107,0,3.1279650452264e-05,0,0,0,0,2.92398641169749e-05,0.000498689002276143
0,0,0,0.45782108379967,0.000738569691941384,1.2337378555305,0.00078219937327928,0.00216142169339707,1.87754966472999,1.55518709699694,0,0,0,0.00358310740343957,0.949433852389139,0,0,0,0,11.1674624736168,0,0,0.000158679345369962,1.01812601242414,0.000161321200319673,0.000178963235310458,0,0.00676240815639521,0.0130012311882752,4.39416630783123e-05,0,0.000816333104599665,6.75956578347283e-05,0.0102095081816292,0.50508358181494,0.00723615927165257,0,0.00220864461541306,0.000759509977509422,0.544905863829107,0.000235347487548979,0,0.00172728755114275,7.40047672538567e-05,0.00023001719642377,0,0.000573372721201703,0,0,0,0,0,0.000830507264350192,0,5.42863260723746e-05,3.51144942660326e-05,9.91430623278216e-05,0.0215735724867427,0.000512396759674337,0,0.0633333800206864,0,4.51743964280777e-05,0.000165696064193332,0,0,0,0,0.0824423704021854,0,0,0,0.00439108932509373,0,0,0,0,5.63948509614883e-05,0.000135925409910406,0,0,0,0.000193433347854828,0.00609628954822615
0.000177107369147876,0.0977318554192295,0.00129402961175834,0.000322847710809218,0.000277572127409778,0.00316554276723845,0.00041538130248914,0.000871475807252144,0.0459897565156361,0.000555545725379291,3.30937358068651,0,0,0.00111769478020972,0,0.0182738222451888,0.00068838591834626,0.0245996007915866,0.00448718378246372,7.34677407077076e-05,0.00229766423582756,0.0667955351498618,0.0108284607369318,0.010937248447244,2.28912971080598,2.52201327515332,0.718503845409166,0.00326477844080187,0.00573127844092058,0.000258281153516653,7.75229142233873,0.00195220458460565,0.000201202396911154,0.0840776385729343,0.00229605157531253,0.478194847815814,0.64927391620551,0.453177423863144,0.377786976327886,0.00374368776138951,0.00952794457216493,0.977639107059232,0.0372920259691889,0.016582968061478,0.00308438972868986,0.0789681244806538,3.05971255500736e-05,0,0.000112763731469206,0,0.00510842551276678,0.000242673765938015,0,0,0,0,0,0,0,0.00395528301684467,0,0.0567629554506714,0,0,0.00133679374692079,0.000232941672591915,0,4.99106292607531e-05,0,0.000147244956849639,0.00424819644609348,0.00105226117626955,0.000263334820335164,0.00923436800121839,0.00151424253952807,0.002906313231507,0.0004607819074117,0.000162533384284137,0.000252572029028587,0.000167749369730588,0,0,0.000869458651890443,0.00106203034552208
3.6433958690824,0.000143829061252411,0.00814389234008097,0.00437420196935872,0.00726562184551704,0.460512184676703,1.05735135928232,5.16757255609281,0.0122372329579065,0.341756189734944,0.0118257437684628,0.00358310740343957,0.00111769478020972,0,9.23939994554178e-05,0.000422582669910463,0.014939514611465,0.000726723797855166,0.00303916121745133,0.0231737477512251,0.00953426693295576,0.000470208977420797,0.0202668022757565,0.0288971083870076,0.0032066534547633,0.00614786710991031,0.00416122398238557,0.038945081144887,4.84716246615126,0.0518972241849307,0.000102404199343905,0.0313889439204414,0.00629469476217349,0.206279268324912,0,0.00200044795366111,0.00660210065038073,0.0455054877471711,0.00325986196932706,0.137413588273852,0.00412923786773975,0.000623231111885345,0.00152714560868243,0.000526297052702311,0.00202783902678829,0.00108182478925134,0,0,0,0.00044231961934842,0,0,0,0,4.37155674551642e-05,0.000249893347661563,0.000611215931814832,0.00292210298840179,0,0,0,0,0.000339976487306945,0,0.000341729505440619,0.000130689042288079,7.6985076700108e-05,0,0.000294631004506343,0,7.22958576119333e-05,0.000223973934352677,0.00611250052916996,0.000656990641865057,9.42040866658538e-05,0.000263908219989302,0.00373978863253953,0.00161087922381956,0.00176113803035774,0,0,0.000234101376979509,0.000756498596257654,5.12590193762541e-05
0,0,0,0.0035693305003503,0.103118572515221,1.04142608548014,0.00041767721328417,0,1.89756142915402,0.00114524494075603,0,0.949433852389139,0,9.23939994554178e-05,0,9.05233750114164e-05,0,0,0,0.11637045945035,0,0.000199491802580814,0.00010622675645211,0.0753293608751323,0,0,0,0.000198582707111185,0.00203666367867731,0,0,0.00656162037726736,0,0.00081553672559426,0.114266746299471,0.019834370353198,0.000156640369191934,0.000335341197467234,0.000804607965488841,4.12333654705201,0.0870651008969038,0,0.000660393869955124,0.00282028113673151,0.000818700858243857,0.000377893025967505,0.000366009667581901,0,0,0,0,0,0,0,0,0,0,0.00285471356915817,0,0,8.18246936620665e-05,0,0,0,0.000662083308084862,0,0,0.000105056330716889,0,0.000297666203442665,0.000219317740948525,0.000181437823357383,0.000289484595792791,0,0,9.93919761691624e-05,0,0,0,0,0,0,0,0.00560894510376665
0.00147623827018624,0.0946889792467639,0.0241068670939157,0,0.000645483436833235,0.00147558654738718,0.0050048841419652,0.000288406493754986,0.0811482004975046,0.00166545589318329,0.00167991204550255,0,0.0182738222451888,0.000422582669910463,9.05233750114164e-05,0,0.0329514455916442,0.000353864854638224,0.00359840209359076,0.00037298343982081,1.1616942018409,4.75144689399107,2.96648051225429,1.54079719091535,0.0186569445662052,0.0140319808442588,1.08969136249049,0.389379183057149,0.0098033966845274,0.132084098953725,0.000615197318016458,0.000503209430995166,0.0153471055020084,0.271623333180899,0.0200202359794791,0.724581674306102,0.278445630033442,0.318173630799678,0.318334322069058,0.126469197128992,0.00300951369321542,0.0108290323497766,0.12047951322429,0.0685731909738916,0.0653853065457146,0.0575020857773409,0.0206631951385494,0.0002405651331021,0.000277732386260851,0.00351724351470021,0.00567252568610899,0.00188928159908017,0,0,0.000397854364338588,0.00171000196493166,0.00127327432467224,0.0417231432863778,0.00050360950704393,0.000145674233443549,0,0.000362436072789104,0.00122405503038708,0,0.735758919983046,0.00164209544477113,0,0.000148825755915238,0,0.0506122687005912,0.166912546986782,0.0811207364536454,0.102012353446298,0.00131235273554052,0.0010355156749232,0.0441325751762396,0.0229880125999271,0.00451574804478781,0.0231260085060291,0,0.000179745143696489,0.00444997649531849,0.00642578541354505,0.0103377549136573
0.0335326952934882,0.0182991776545876,2.4959818509564,0,0.00014856330406976,0.00506288262201232,0.0305284733998775,0.00556501187763397,0.00383507585381215,0.000454078951266611,0.00525928482981244,0,0.00068838591834626,0.014939514611465,0,0.0329514455916442,0,0.00854919487013088,1.41180304289417,0,0.216542130752863,0.013054963401589,1.87259873024118,0.0208319249699909,0.00447173114149408,1.90532693388545,0.337662644460656,0.026651718977981,0.017761420915657,0.0826339699401365,0,0.000129495482220027,0.00666723459569365,0.579853467926021,0.000164795303652043,0.0173248248914349,0.165612809024391,0.0553410656104118,0.0299277698937191,0.00250271018494486,0.000507428256907976,0.000351752231327645,0.001156591453997,0.000713330410699947,0.000468453279939461,0.00107865422992003,6.51310409124444e-05,0,0,0,0.00618250781434623,0.000605488193964934,0,0,0,0,3.77100828971577e-05,0.00075234752413565,0,0,0,0.000117826328901657,0,0,0.0014876623314158,0,0,0.000223326828532135,0,0,0.000751130349364946,0.000468322718914424,0.000872032738601157,0.0020605006795546,0.00040214259266754,0.00533433660913787,9.38196330512306e-05,8.15455348317836e-05,0.000104551906695356,0,0,0,0,0.000396215072746803
0,0.00296135861368886,0.00111081935705848,0,0.000618436201994851,0.00200198001294455,0,0.000732664700236731,0.00514238945841856,0.000105991360758658,3.49355475843523,0,0.0245996007915866,0.000726723797855166,0,0.000353864854638224,0.00854919487013088,0,2.78040193242827,0,0.000201696247999754,0.00214889524193923,0.000751684125131606,0.000254559176184776,0.245559547754764,1.72318931355032,0.0284889362107942,0.000131201547515305,0.0374064338912426,6.67389491416119e-05,0.0280292059666339,0.00397099591772266,0,0.0442989402155296,0.000106059422263354,0.00839528515742924,0.0377773705927287,0.118400850639443,0.0557482553042024,0.00148604020238921,0.0018221487494205,0.0090643198787881,0.000186714970779177,9.17174342769667e-05,0,0,0,0,0,0,0,0,0,0,0,0,0,0,0,0.000421189301098632,0,0,0,0,0,0,0.000708291539436043,0.000408554920342047,0,0,0,0,0,0.0219994874632823,0.0017938323344704,0.000501415949229613,0,0,0,0,0,0,0,4.64935029717334e-05
0.00259611640815444,0.0337713002609051,0.0643056951647575,0,0.000430151505359241,0.0043534809669668,0.000839820251415427,0.00163351406198871,0.0068256580636967,0.000440960673921767,0.766414717519901,0,0.00448718378246372,0.00303916121745133,0,0.00359840209359076,1.41180304289417,2.78040193242827,0,0.000354973877146583,0.00169243785505745,0.00585857671198634,0.0125021955930836,0.00319169879791142,0.159543522094056,2.5797296184338,0.141337697626559,0.00177314067099066,0.0205413753643304,0.00275304069007616,0.00580976596065614,0.00269784562750033,0,0.718929302622652,0.000357830218891954,0.0226211926235561,0.0347105572804984,0.306166249149794,0.172606902907081,0.00293153081206496,0.00345054704751437,0.00252075777984521,0.000201997068546247,0.000483804578712405,0.00144426131414296,0.000545411110595821,0,0,0,0,0.00199637722148234,0,0,0,0,0,0,0,0,0.00148006431943469,0,0.000356217730038549,0,0,0.000187395193357049,0.000494427787735039,0.000962393791359004,0.00168991459298786,0,0,0.000624130854001915,0.000263475746078982,0,0.0884698635724288,0.0105456636669296,0.00660130480163144,0,0,4.54555095570795e-05,0,0,0,0.000345846119886918,0.000242588638798909
0.00436728186766246,0,0,9.38395228476313,0,0.219966306208213,0.0975317215434321,0.018350497004526,1.37229707670614,8.23925613737657,6.69444724894445e-05,11.1674624736168,7.34677407077076e-05,0.0231737477512251,0.11637045945035,0.00037298343982081,0,0,0.000354973877146583,0,0,0,0.000337267081932811,1.76159967223723,0,0.000420112506144955,5.94075521495855e-05,0.864021357627353,0.0388168318897084,0.00063987702775022,0,0.000689726200480858,0.00759673688174853,0.0242043740466802,6.4971578668015e-06,0.000788221669081792,0,0.00890490365209371,0.00779056729874761,0.0189174509089703,0.00154696117099875,0,0.000104090030769664,0.000180290680109732,0.000803243487638324,0.000196446595110707,0.000273607150431787,0,0,0,0,0,0.000499952706253297,0,0.00288080847371279,0.000313813714932528,0.00143464456800202,0.0531863834937866,0.00463500803423578,0,0.0017356866548568,0,0.000231339725804027,0,0,0,0,0,0.00314857131769258,0,0,0,0.0247455142837067,0,0,0,0.00134158779398887,0.000701839130785422,0,0,0,0,0,2.43496201001421e-05
0.0126580084283558,0.000514055485591135,0.0467785506117795,0.000426745404593058,0.000236742204422109,0.00499576229807829,0.0624537279499468,0.0036915642958253,0.00388970830819563,0.00230126179192087,0.000270232293469808,0,0.00229766423582756,0.00953426693295576,0,1.1616942018409,0.216542130752863,0.000201696247999754,0.00169243785505745,0,0,0.0228315041548991,5.2397690521317,0.0774472187942168,0.000245080253707851,0.00448782035318995,0.0246653817118743,1.45158644569783,0.259134080519875,2.59667055832738,0.000167477266177274,0.00104531528839921,0.137098737053171,0.432359058255132,0.00679128383305597,0.279043888458946,0.0575861140305216,0.1627503342921,0.106101674378872,0.0410396248239829,0.000442089484237904,0.000696978949438721,0.0104606863778072,0.00282824679242312,0.00370933809388331,0.00282240386692293,0.000651826628158708,0.000115288624572081,9.49851903100374e-05,8.71596298287602e-05,0.000562692554810035,0.000152535499230327,0,0,0,0.000121270191878641,0.000342102608109026,0.00329457340406391,0,0,0,0,0.000261241283615058,0,0.0142279025772142,0.000261550528695978,0,0,0,0.00318454321764446,0.00601638273603685,0.00166765032059,0.00836451159378823,5.28080293156453e-05,4.82274642083329e-05,0.0032888068710388,0.00244735902392937,0.000456992232563575,0.00283193418333425,0,0,0.000299604791146439,0.000333234423798109,0.00316656781434376
0.00215672953445247,1.59448499428251,0.0192482820801646,0,0,0.000237634072073746,0.00178720231825451,0.00025654356866815,2.77934426953038,0.000115207871583603,0.00801200529695246,0,0.0667955351498618,0.000470208977420797,0.000199491802580814,4.75144689399107,0.013054963401589,0.00214889524193923,0.00585857671198634,0,0.0228315041548991,0,0.0745763271319644,0.9118500898997,0.275962594238083,0.0337312061515599,0.83949018834197,0.0280950471815917,0.00169636246209746,0.0147828001242494,0.0109513153907904,0.000558489909981657,0.00295224228520451,0.0553911555947376,0.00201454393109346,0.0889727426082154,0.0364785267379761,0.0766170295319581,0.0664710697405604,0.0139868384716771,0.00244516464052822,0.00187064926362167,0.022311793921299,0.0217046894104363,0.012167897710949,0.0148461430261639,0.00371433464076032,0.000428632548119126,0,0.00172139572987783,0.094753273394566,0.00676135004493603,0,0,0,0.000769104865448391,0.000172351367292126,0.0940295475069467,0,0.000153197272049479,0,0,0.000601424112394652,0,0.0850671858533663,0.00305513351203958,0.000232629595680101,0.00103505592547799,0,0.011257459009919,0.349984936076555,0.0109943827689885,0.0348800728125182,0.00448092381034228,0.00160507450479601,0.109503894434844,0.00552568610690114,0.000688477897888688,0.00657654306052849,0,0,0.0010341278051845,0.00247486397326773,0.00112689628735481
0.0236725445634879,0.00304598068920292,2.36030859674721,0.00010493909147377,0.000621419118496391,0.0111309273591323,0.124079944926309,0.00868521844451535,0.00581292987644596,0.00478201966357083,0.00465369355852261,0.000158679345369962,0.0108284607369318,0.0202668022757565,0.00010622675645211,2.96648051225429,1.87259873024118,0.000751684125131606,0.0125021955930836,0.000337267081932811,5.2397690521317,0.0745763271319644,0,0.0805923029710378,0.00257313947351752,0.107592925708088,1.33296859143956,1.19163912840378,0.114786271843694,0.368159647800493,6.93256901274572e-05,0.00182311665859993,0.0619777396275819,0.805845692395404,0.0376404701874907,0.903859841685957,0.944261756846224,0.747574665514157,0.507209729413135,0.214346123828451,0.00267527267200741,0.00546619567162169,0.0443746017253125,0.0254285222417578,0.0174545736941234,0.0154752904899603,0.0028965274662892,0.000280390699786969,0.000151723462305541,0.00079254140748486,0.00118256936835256,0.00265169698958446,0,0,9.14088585525323e-05,0.000543431065973792,0.00045516985887662,0.00192169456304853,7.18975935591034e-05,0.000639171309054843,2.27631580143785e-05,0.000248087025406307,0.000212266269870738,0,0.129451468446786,0.00103956446862934,0,2.20089855868413e-05,0.000105252269857255,0.00686016934404422,0.0204286915511704,0.0349066114649454,0.0146360015123122,0.00135379444897452,0.000561315530824595,0.073104799977827,0.00405850201720718,0.00125568421915242,0.00226618485573915,0,0,0.000464526700941815,0.00165528474564825,0.0188540684976538
0.034531238566848,0.0810384523481165,0.0288892062870174,5.51464602663471,0.000599082589575299,0.183439648701888,0.867738736759045,0.0209589152157362,6.33543990647309,0.202306282686514,0.00249682471528686,1.01812601242414,0.010937248447244,0.0288971083870076,0.0753293608751323,1.54079719091535,0.0208319249699909,0.000254559176184776,0.00319169879791142,1.76159967223723,0.0774472187942168,0.9118500898997,0.0805923029710378,0,0.0278959123826456,0.024302946740058,0.268342829467559,4.9918730940289,0.090764736211454,0.0696240261426195,0.00144231360575811,0.00148094990310462,0.0448608560613445,0.0881657030699337,0.00266024791771144,0.0706396972071487,0.0163476403657359,0.0846846414052414,0.0503490047667173,0.0214686845664002,0.00136302202284106,0.000756177674051773,0.0470424700042906,0.00943673248634737,0.0418318700090732,0.0240217654744664,0.0113328472010046,0.000960068838782271,0.000232657212955649,0.0144809926423184,0.00469196517986831,0.000662557626629195,0.000621173339226775,0,0.0103618911163087,0.00458541183009603,0.0140376175853984,0.157743105870204,0.00648963040093251,0.000327037478789535,0.00496592503993894,0.00031260447237874,0.00829610283374353,0.000192215259496727,0.0284775383245824,0.00102450929448551,0,0.000170700096715722,0.00342128862497698,0.00505628678046855,0.0237372813180334,0.00548264068028891,0.173368911715117,0.000516087273261407,0.000431579663380756,0.00930608279352161,0.0529109069831495,0.0314737507871873,0.0365115874304234,7.0900325789415e-05,0.000495243575653363,0.00710391094453133,0.0118000825109951,0.00231509802444974
0,1.97024219005077,0.00113770580131444,0,0.000824972132285372,0.00453887222160705,0.000103481458539131,0.00147163366409532,0.171717261270156,0.000279854707357145,1.01482814671973,0.000161321200319673,2.28912971080598,0.0032066534547633,0,0.0186569445662052,0.00447173114149408,0.245559547754764,0.159543522094056,0,0.000245080253707851,0.275962594238083,0.00257313947351752,0.0278959123826456,0,1.02674486454855,0.893943847626334,0.00081508785248435,0.0111714758095268,0.00060984422165237,0.402788332977395,0.00315149824798379,0,0.0704872492290476,0.000651927691918643,0.094308290522412,0.367845789159145,0.369687010557452,0.206877511916792,0.00324864372626426,0.00296024423994772,0.864394853369924,0.00871758310479715,0.0107733106579762,0.00329554492362392,0.000243574158314656,0,0,0.008105546654818,0,0.0450546232475848,0.00168871310505386,0,0,0,0.000309927600073424,0,0,0,0.0063434326581373,0,0.00485733223238237,0,7.59383748778503e-05,0.00112561458005284,0.000957740212163136,0.0103762503965605,0.0107271975212361,0,0,0.0160496763020796,0.000263294951013147,0.000140903960033269,0.641573935819911,0.0617875569612395,0.0412866788039141,0,3.90152948392831e-05,0,0.00157689427608329,0,0,0.000831135577692782,0.000273454011695269
0.00549282175469905,0.0714775253837324,2.54375247215877,5.35977672339438e-05,0.00142240484359047,0.00750621470426397,0.0078781823280157,0.00391629074872671,0.0256865518622469,0.000896960858468167,2.2688798098337,0.000178963235310458,2.52201327515332,0.00614786710991031,0,0.0140319808442588,1.90532693388545,1.72318931355032,2.5797296184338,0.000420112506144955,0.00448782035318995,0.0337312061515599,0.107592925708088,0.024302946740058,1.02674486454855,0,2.57525454498306,0.0128250535625534,0.0193338768676047,0.00827450326920018,1.0229450476679,0.00398820485124889,0.00144201796265507,0.262049565921405,0.00245849850850133,0.121390317383064,0.248855871454424,0.481178867809112,0.21613054680685,0.00588709390480957,0.00485091818701766,0.0140190849211169,0.00337816891427596,0.00116754469993947,0.00138805350601915,0.000567799701455576,4.25222555403455e-05,0,0,0,0.00346269577398687,7.74063614217106e-05,0,0,0,0,7.85628175098478e-05,5.26726413208412e-05,0,0.00228013962469243,5.46066232719833e-05,0.000529944626591088,0,0,0.000551579643497692,0.000701721393695665,0.00335276246457557,0.00376716144304198,0,0.000167394063200624,0.00185146455649058,0.000442045728359292,0.000171374174013139,0.138620424797807,0.0316451294176269,0.0247918373999433,0.000169919580812144,0.000183689712420729,0.000113620779275694,0.000262495819650484,3.49689593076e-05,8.9840594521193e-05,0.000556626486181079,0.00159946739948206
0.00488094202386576,1.14374902869071,1.84169286985761,0,0.000464422959998279,0.00377275162649552,0.00962089475472488,0.00220059766458048,0.130552544080762,0.0019605921242876,0.111037108322511,0,0.718503845409166,0.00416122398238557,0,1.08969136249049,0.337662644460656,0.0284889362107942,0.141337697626559,5.94075521495855e-05,0.0246653817118743,0.83949018834197,1.33296859143956,0.268342829467559,0.893943847626334,2.57525454498306,0,0.0891157404469017,0.00957872038986894,0.0118641343617469,0.90407578384144,0.00211212537811714,0.00231576323041317,0.466397418187201,0.012835804350803,0.310688635475414,0.133844636334964,0.462049527378258,0.266637423411164,0.0258367399602379,0.00723392486418922,0.00298347054060583,0.0282763495449918,0.0253277694572761,0.0188701788954851,0.0120989132121445,0.00248926253435155,0.000464219285863826,7.41984241997978e-05,0.000762432793942584,0.160547012151649,0.00991557108110768,0,0,0.000122307892427766,0.000998248641780343,0.000172284157857036,0.00258458180581106,0.000121228388790402,0.00365596573981892,0,0.0011084767641093,0.000335082484737276,7.25129236353638e-05,0.0478344079996812,0.00796107058456919,0.00198905920596128,0.012950319963862,0,0.00424924737921151,0.0350170329012256,0.0299151593414511,0.00626496842922062,0.155589837673283,0.0959405043928575,0.447028418533817,0.00296852350863967,0.000741236707219907,0.00201235510259308,0.000548654897795111,0.000126944492307744,9.22389477786111e-05,0.00628495596905833,0.00827061146328918
0.0311525268062792,0.00269754146983542,0.13337899766081,2.05075965059949,0.000586514670927186,0.087982396248809,3.25740607565013,0.0326263796654833,0.125715378241809,1.6226670827776,0.00105195723424377,0.00676240815639521,0.00326477844080187,0.038945081144887,0.000198582707111185,0.389379183057149,0.026651718977981,0.000131201547515305,0.00177314067099066,0.864021357627353,1.45158644569783,0.0280950471815917,1.19163912840378,4.9918730940289,0.00081508785248435,0.0128250535625534,0.0891157404469017,0,0.126878547335913,1.31076839430892,6.51872179150423e-05,0.00233286485706848,0.0920236443336631,0.298881798110406,0.00924917968081138,0.192190220287773,0.0327466503213616,0.187456120484496,0.108887720795876,0.0363605311712335,0.00166461307982929,0.00106949567296673,0.0263137285839519,0.00563951902859651,0.0179949361772646,0.0114384950440094,0.0049877249753788,9.00509861477949e-05,3.67803721812989e-05,0.00599718156232939,0.00107632385486751,0.000252548928956453,0,0,0.0016326601442377,0.00276045147509621,0.00430668325588496,0.0272897169838225,0.000694990156251731,9.62979464615805e-05,0,0.000241142939429001,0.00380907616071895,0,0.00986394276389506,0.000154822583795334,0,3.0848524613698e-05,6.35981649469656e-05,0.00239827268651861,0.00667648180524393,0.00194664074383138,0.0638107367760932,0.000423309190426813,0.00012632850361794,0.00527919053735721,0.0263169091092974,0.0130971398109638,0.0182578168320235,0,0.000150614432732113,0.00354661113096089,0.00447189248549183,0.00485806251574323
1.82795689628712,0.000723773227005319,0.00739720387006721,0.0136216341590614,0.0543327980563017,0.63014249807018,0.259806373972644,0.488431631410181,0.0323314024786443,0.188304210535966,0.0716763032723217,0.0130012311882752,0.00573127844092058,4.84716246615126,0.00203666367867731,0.0098033966845274,0.017761420915657,0.0374064338912426,0.0205413753643304,0.0388168318897084,0.259134080519875,0.00169636246209746,0.114786271843694,0.090764736211454,0.0111714758095268,0.0193338768676047,0.00957872038986894,0.126878547335913,0,1.90800622391082,0.000541270616835357,0.607184827891296,2.17037269821361,2.41585032779083,0.000708185674554021,0.0228049322904935,0.0247116057535137,0.362761555335462,0.0352929745927842,0.366297349706269,0.272030301316795,0.00572824649039868,0.00326945451111165,0.00144614443729911,0.00321049631236955,0.00187868968027583,0.000386799350568361,8.28056994474219e-05,0,0.0016340330506469,0,0,0,0,0.000158344973273383,0.000827720122628178,0.00110665690744213,0.00746481761027219,0.00025298283099647,0.000239860572700944,0,0,0.00147505414806097,0,0.00134060287266486,0,0,6.19566741615896e-05,0,0.000303909617256136,0.00054698655058412,0.000223171078845328,0.0224826187326736,0.0019834576010231,0.000519366248767542,0.000767611599855736,0.0113378122985845,0.00436820943098089,0.00563854479196337,0,0.000139102506612298,0.00131291765761893,0.00128739549765737,0.00012975205951175
0.614527348552254,0.00103284272126941,0.0306359807397537,0,0.000359283629672856,0.0148486004891355,2.22878787084006,0.0213243573639602,0.0204689864136435,0.00453094291826446,0.000774035446791832,4.39416630783123e-05,0.000258281153516653,0.0518972241849307,0,0.132084098953725,0.0826339699401365,6.67389491416119e-05,0.00275304069007616,0.00063987702775022,2.59667055832738,0.0147828001242494,0.368159647800493,0.0696240261426195,0.00060984422165237,0.00827450326920018,0.0118641343617469,1.31076839430892,1.90800622391082,0,0,0.00183422619697222,0.720657250688045,0.749906104201373,0.00152362526958217,0.0585791863304062,0.0105925980430567,0.0773459931065126,0.0339873573179554,0.0152920043538716,0.000514083573031685,7.2477452894423e-05,0.00794192220844519,0.00220384879738288,0.00424334475770088,0.00343360561864391,0.00254607969266804,0,7.13215336781408e-05,0.00108758937347914,0.000132547644395376,0,0,0,0,0.00031862291824677,0.000582965221774496,0.00504948163694238,5.85037859721698e-05,0,0,0.00014971255508288,0.000391829626167861,0,0.00449334054294616,4.47633968926674e-05,0,3.1955687707304e-05,5.47238646351833e-05,0.00165800587410119,0.00236586910358103,0.000509462073132347,0.0137114873535322,0,6.53608292440905e-05,0.000822638936079595,0.00586130275248263,0.0020636794840389,0.005414660765511,0,0,0.000893405705057876,0.0020808272720291,0.000708346219135422
0,0.0226552266512165,0.000219245510997288,0,0,6.0157276773437e-05,0,0.000419505321431985,0.0103670774537876,8.30449466131099e-05,0.984391875504166,0,7.75229142233873,0.000102404199343905,0,0.000615197318016458,0,0.0280292059666339,0.00580976596065614,0,0.000167477266177274,0.0109513153907904,6.93256901274572e-05,0.00144231360575811,0.402788332977395,1.0229450476679,0.90407578384144,6.51872179150423e-05,0.000541270616835357,0,0,0.000523318998423951,0,0.00574476831484117,8.60224186637472e-05,0.00839858793270626,0.0395726157445205,0.0376777593741787,0.0201266596981101,0.000227760798979909,0.00139968994553936,0.0107369827702739,8.08733628776584e-05,0.000161671219245183,0.000553685938144217,0,0,0,0,0,0.000281369162482503,0,0,0,0,0,0,0,0,7.49219645944481e-05,0,0.000131788076480004,0,0,0.000359137426587787,0,0.000252581878231992,0,0,0,0,0,0,0.00631504232564862,0.000745295301672814,0.000260675331222739,0,0,0,0,0,0,0,1.17193097026065e-05
0.000547643056596318,0.000157261889346848,0.000190690894148322,0.000296045409783059,1.42254062595405,0.762943185412629,0.000541494319906611,0.375900619353176,0.000463925783557199,0.00117254857473923,0.0254632284841832,0.000816333104599665,0.00195220458460565,0.0313889439204414,0.00656162037726736,0.000503209430995166,0.000129495482220027,0.00397099591772266,0.00269784562750033,0.000689726200480858,0.00104531528839921,0.000558489909981657,0.00182311665859993,0.00148094990310462,0.00315149824798379,0.00398820485124889,0.00211212537811714,0.00233286485706848,0.607184827891296,0.00183422619697222,0.000523318998423951,0,0.00586978452512812,0.693700448963547,9.6997047633416e-05,0.00287647451493785,0.0139122052887967,0.22313009814152,0.0259526956046656,0.366762450683034,3.07668052689755,0.0060630129863293,7.21878215248582e-05,0,0,0,0,0,0,0,0,0,0,0,4.01673514287236e-05,0,0,0,0,0,0,0,0,0,6.92968444461375e-05,0,0,0,0,0,0,0,0.000582042291335561,0.000502652665127291,5.64918225190224e-05,4.77645211286984e-05,0,0,0,0,0,0,5.58153515229955e-05,0
