0,0.000162660100082507,0.123861558046118,0.00637883217772801,0,0.0340644109827014,1.92769744275992,0.157354754855827,0.05470320718172,0.0440664512456751,0,0.00794047235479024,5.97847484370513e-05,2.84775661449962,0,0.0014618485591384,0.0245262644670189,0.000166940058382442,0.000860285582866661,0.00559424983809012,0.00969306190895003,0.00257663217849682,0.0381648815048563,0.0629731577394317,0.000250628802021211,0.00571781528473538,0.00770415477204811,0.0602855595490689,1.15974995209139,0.285539295833962,0,0.00511367336107489,0.0765782680010646,0.089673634736776,0.000306261115228111,0.0118823651937306,0.011571686241957,0.0235983763941378,0.0193365208126385,0.00475860617163458,0.0001933875996291,0,0.00108520389222922,0.000230856883156839,0.000766481406278979,0.000813341097391757,0,0,0.000167286189644487,0.00244527312522888,0,0.000115598933062456,0,0,0,0.00176965155353618,4.54731704213679e-05,0.0101207999735746,0.000109502904548217,8.01013276817697e-05,0,0,0.000788348609292983,0,0.000203705088538389,0,0,0,0.000359541765048736,0.000110173058504321,0.00055337344519484,9.87013815445525e-05,0.0149530173708864,0,0,0.000126690637695741,0.0034961173310403,0.00250886414635084,0.00168581061927185,0,0,0.00183478598607658,0.00239842033449015,0.000114767267066164
0.000162660100082507,0,0.0234870486773915,0,0,0,0.000259943470152017,4.59595046935638e-05,0.126364040336071,0,0.00233322831130706,0,0.0145524407828538,0.00011805282117344,0,0.0498761949185354,0.00801876981407142,0.000626686281982116,0.0102196563954934,0,0.000952781397570588,1.06555742700477,0.00405952804599328,0.0173567951486861,1.13453223057066,0.0416025677439554,1.22167673206555,0.00219262247407554,0.000157803480502292,0.00026726233847645,0.00924313202930628,0,0.000434575650236723,0.0282562712473362,0.00030666487019591,0.0222174218817432,0.0383161637436647,0.0557847921375712,0.0337729150805876,0.000489403753732564,0.000750426921217557,0.00352991059779292,0.0238884416906719,0.0499960655633396,0.051977294635268,0.0468560819989573,0,0.000311001625983319,0,0.000109580985602558,0.617520803435407,0.0511933598984261,0,0,0,0.000601912475010644,0,0.0219255504410587,0,0.000253949024964195,0,0.00255260595249691,0.000294840313162871,0,0.019630519024638,0.0405347180554902,0.00102361448391438,0.0295772632944369,0,0.000892836314873156,0.102430197151403,0.00537186132839593,0.00244666862621278,0.0505462066398629,0.0620791369120567,0.113216043868681,0.00106539938348958,8.15962245966212e-05,0.000267301694259721,0.00230479914612822,0,0,0.00819431904531412,0.000628689489030471
0.123861558046118,0.0234870486773915,0,0,0,0.00132594704463852,0.276298859663536,0.0256535875243927,0.00715514324855173,0.00682551217055369,0.011570322778028,0.000117892983172857,0.00174043054095567,0.0802991527300557,0,0.0690484644589571,1.55914463741818,0.00173674873196943,0.0595880420834105,0,0.201383946694462,0.0453741682536344,2.81670290329959,0.0272738934781486,0.000749406120433723,2.1112706599576,1.84483611080716,0.13122248957728,0.016483834280942,0.145573350110387,0.000879485728868666,5.19636258019688e-05,0.00541644364769668,0.198123921560825,0.00207045995569525,0.108740852082174,0.39426522033408,0.382029728982785,0.122747914139434,0.00337027102145747,0.00179550163811261,0.00258341542787484,0.00333145460728014,0.00335021976431542,0.00622064855160738,0.00316995818375845,0.000362355483437102,0,6.51053321813408e-05,6.07466809193942e-05,0.00210384432584257,0.0021374469188122,0,0,0,0.000126245372806103,0,0.00148906839823766,0,0,0,0.000183657285300193,0.000144859483211818,0,0.00546045831648819,0.00268118681327616,0,0.000464196852518208,0,0.000178691034674825,0.0112912627840866,0.00143382049134789,0.00149831992413933,0.000353560516286619,0.00118307502381827,0.0119519352319794,0.00103416457603603,4.96306999739388e-05,0.000566522312549441,0,0,0,0.00117024031622915,0.00116449435273928
0.00637883217772801,0,0,0,0,0.014004741691144,0.0145879373202124,0.00260685045734964,0.031254585620969,1.3369664348331,0,1.12405779763331,0,0.00262390642399098,0.000899641148750296,0,0,0,0,12.36716439589,0,0,0,2.96576829719699,0,0,0,1.18344753628292,0.00589951856220472,0.000155385527020793,0,0.000159279385405433,0.00604693740896138,0.00105511694379374,0,8.04594779803616e-05,0,0.000186407003130197,0,0.00146193861260651,0,0,0,0,0,0,0,0,0,0.000199943417893577,0,0,0.151523136398102,0,0,0.000108367900228754,6.65010697557191e-05,0.000238855660402493,0.00204117077056512,0,0.290756857846301,0,0,0,0,0,0,0,0.48759594973542,0,0,0,0.00237116007594454,0,0,0,0.00125571616286188,7.03235561791121e-05,0,0,0,0,0.00024462624096555,0
0,0,0,0,0,0.307010208806053,0,0.0177498396665323,0,0,0.00286834427588398,0,0,0.00484521337743066,0.126708467509686,0,0,0,0,0,0,0,0,0,0,0,0,0,0.00241635972402678,0,0,1.06260371274319,0,0.0344338121598409,0.0030980480635319,0,0,0.000574651980538049,0,0.0482616243803737,0.931761629883977,0,0,0,0,0,0,0,0,0,0,0,0,0,0,0,0,0,0,0,0,0,0,0,0,0,0,0,0,0,0,0,0,0,0,0,0,0,0,0,0,0,0,0.000112248488200068
0.0340644109827014,0,0.00132594704463852,0.014004741691144,0.307010208806053,0,0.0750762064639102,1.71278641845047,0.00809819138630555,1.66071129798108,0.000489771598721489,1.54821658457346,0,0.554209563527947,0.870277318589452,0,0.000140747428418755,0,0.000196934433359441,0.123125220983502,0.000151155342767191,7.27096229442498e-05,0.000597164332447976,0.145220003291619,0,8.31885105367297e-05,6.10515617627762e-05,0.0388321125925067,0.26443835535261,0.000840983037565595,0,0.800858316881117,0.00688931354608046,0.0433607705743712,0.259308477482444,0.000384276205809568,9.06748588516259e-05,0.00394930837088812,0.00131057086094774,0.697334739002297,0.0163562106022996,0,0,0,4.93592340489353e-05,7.64178351753842e-05,0.000189376648051728,0,0,0,0,0.000131106035258211,0.000121906463584082,0,0,5.42653967874904e-05,0,0.000420808725557246,0.000423080347795281,0,0.000193199530649554,0,0.000120893072240975,0,0,0,0,0,0,0,0,0,0.00134739118363453,0,0,0,0.000431286057061194,0.000355920968288335,9.04434134471671e-05,0,0,0,0.000242500861062936,0.000678233367199094
1.92769744275992,0.000259943470152017,0.276298859663536,0.0145879373202124,0,0.0750762064639102,0,0.08565640807927,0.103521796014182,1.95541841950641,0.000292426119525731,0.0013462269626574,0.000279298357548491,1.10260021625357,0,0.00611784607258363,0.0117402820635773,3.5904959334105e-05,0.0010942164607266,0.00652730203000631,0.0961120736015001,0.00591572584869903,0.176420628179382,0.432660941107987,0.00031996961935666,0.01045286033664,0.0260568911849016,4.37740952419932,0.171301709461583,0.89895181303671,0.000110098144131341,0.00081131499239501,0.0832840819060433,0.089749983204349,0.00223833403394286,0.0642845811285667,0.0268932497575138,0.0873727882635399,0.0615984231243162,0.0121203003955003,0,0.00028540404695834,0.00560876240675876,0.000595887323117879,0.0050030951305535,0.00498961196770204,0.000737082362131943,0,0,0.00481918289345234,0,0.000195153717377428,0.000118952163568314,0.00013124468587458,0.000407786168028597,0.00646109603668595,0.000653026020546981,0.0171977924497224,0.00064463680599057,0.000203833921960276,0.000105595443258671,7.5196960482634e-05,0.0027152530448547,0,0.00265579518654602,7.88837644504219e-05,0,0.00015315674034172,0.00064913530810758,0.00045841197689379,0.00201783841622799,0.000130481848422606,0.0430737257731668,0.000414715235899302,0.000142488860096425,0.000774948552662487,0.015918942384164,0.0105897801694461,0.00525690717300907,0,6.41873573558353e-05,0.00238375649552444,0.0137383319557756,0.000439375684924395
0.157354754855827,4.59595046935638e-05,0.0256535875243927,0.00260685045734964,0.0177498396665323,1.71278641845047,0.08565640807927,0,0.0127566239403814,0.665074266900231,0.000298309606927714,0.0223811259359491,0,2.43371956532095,0,0.000438070273681948,0.00321222697385397,9.53718334007394e-05,0.000320569087943494,0.00732727806505757,0.00234041923745791,0.000700271354769341,0.00937314934280527,0.0458847551236595,0,0.00172190146542649,0.00264280362162684,0.0273261047423464,0.126194966265753,0.0132322384346599,0,0.359610489846784,0.00565846725849158,0.0555847806324219,0.00485042536533847,0.00447101259164746,0.00233110174731528,0.00803350527419039,0.0062222125427829,0.00222348174139504,0.0232928723336451,0,0.000104502230912379,2.28163005977093e-05,0.000256033787460936,0.000193014966688443,0,0,0,0.000120679692276536,0,0,0,0,0,0.000319692212359668,2.47507963908498e-05,0.00093237271439366,0,0,3.92130693241356e-05,0,1.97545253329909e-05,0,0,0,0,0,0,0,6.50206462311041e-05,1.41789943523695e-05,0.00176943236672566,0,2.41454440599279e-05,9.05131656113393e-05,0.00079502397937459,0.000380491333196058,0.000392115182863564,0,0,0.000165330517956598,0.000380870949598933,2.88087025645028e-05
0.05470320718172,0.126364040336071,0.00715514324855173,0.031254585620969,0,0.00809819138630555,0.103521796014182,0.0127566239403814,0,0.0394926266892865,0.000757236182862708,2.69961348488799,0.0031619868968762,0.0192601078967392,0.144893668488651,0.0648391720495021,0.00157783424943777,0,0.00402081510230734,0.161281334054657,0.00339960744756083,1.79114911286932,0.00209030376365219,4.44644573168123,0.136031480482932,0.00716664015914087,0.0744616684833183,0.127676862519484,0.107635410440813,0.0494361698458932,0.00349846463277209,0.00086266460020166,0.149586492661928,0.0521648936668494,0.000836793461461811,0.0554132408151187,0.0164806058529237,0.0393749856334101,0.061723986938247,1.12573449321911,0.000930465825385073,0.000851252390476896,0.0169298493808387,0.00495793162873613,0.0232607544106161,0.0217056799848405,0.0145518752047985,0,0,0.0240726015865111,0.0230071397708991,0.00188077097975226,0.00447253584625773,0,0.00316280746199245,0.0185246247972644,0.00217554661058593,0.684617899524437,0.0123029384473212,0.000188082813046508,0.0036445437675014,5.93543307128496e-05,0.00676420655182296,0,0.072690047808051,0.00212975802230751,0,0.000334885308824671,0.00972053346675404,0.0134647879778248,0.365458045629597,0.00162704848643071,0.248191260507527,0.00206578817855695,0.00123004884986792,0.00595402859383033,0.0707001404139082,0.0234248672523533,0.0235809323062148,0.000155671706095583,0.000445148557128121,0.00869291402809845,0.0321206897788729,0.000224488281283628
0.0440664512456751,0,0.00682551217055369,1.3369664348331,0,1.66071129798108,1.95541841950641,0.665074266900231,0.0394926266892865,0,0.000132914469921058,0.736092635805893,0,0.130066839373058,0.000344677463941559,0,0.000421068315076718,0,8.31748743156113e-05,2.66457843170234,0.000861983012970182,0,0.00387040387751136,0.650966130911938,0,0.000106131056002379,0.000834689745395759,1.88373478216437,0.0741195933453044,0.00257742494033335,0,0.000948510856174461,0.0327306104502698,0.0212051904254835,9.52878617036445e-05,0.00148813698636385,0.00104090855797415,0.00381147159016971,0.00255902076130642,0.0397409064895316,0,0,0.000199819471762044,4.35021414156283e-05,0.000438948690537499,0.000619542196672714,0.000721504974915056,0,0,0.000100512968586874,0,0,0.000234769331256518,0,0.000310358714553671,0.000720659609002747,0.000300571870638779,0.00148367600273638,0.000333698208937701,0,0.00029791696760257,0,0.000440838745675333,0,7.95735414990117e-05,0,0,0,0.000486076090042155,8.95285615122232e-05,9.71169775919887e-05,0,0.00573947604978423,0,0,0,0.00188145063900731,0.00100956406010686,0.000351584991248799,0,0,0.000174561553246227,0.00112846205586436,0
0,0.00233322831130706,0.011570322778028,0,0.00286834427588398,0.000489771598721489,0.000292426119525731,0.000298309606927714,0.000757236182862708,0.000132914469921058,0,0.000145190399884879,1.43155191995643,0.000913670189779208,0,0.000551350874433535,0.00176379078481695,0.276692974399751,1.45424638231561,0,0.000411614918713001,0.00209308102697563,0.00181555731277885,0.000397079192674156,0.805386453393261,0.535258310718734,0.0808768882807121,0.000462214188093151,0.00693938641089092,0.000219139928192995,0.26573925230464,0.0849862699228615,0.000943817323047809,0.792321711783112,0.000671518724732222,0.0678641905551567,0.924997754168657,0.678615190066855,0.0174127191496052,0.000347668306347623,0.0122517818024675,0.276687614139998,0.000554709822587622,0.00223751106048316,0.00121512469758203,0.000229919383041732,0.000124214939047673,0,4.78121874344897e-05,0,0.00248090305451808,0.000308155466485098,0,0,0,0,0,0,0,0.000876404680633094,0,0.00309242062171913,0,0,0,0,0.000178176167426661,0.00036061161696539,0,0,5.85116821671117e-05,7.51282433706822e-05,0.000169058717880105,0.00633920404059416,0.00651998099242855,0.010516503645786,0,0.000164799504896942,0,0.00477438560032513,0,0,0.000222379794730995,0.000101589072356087
0.00794047235479024,0,0.000117892983172857,1.12405779763331,0,1.54821658457346,0.0013462269626574,0.0223811259359491,2.69961348488799,0.736092635805893,0.000145190399884879,0,0,0.00665124468961937,0.207946323451195,0,0,0,0,8.42808582335586,0,0,0.00020089841039839,2.28612554161515,0,0,0,0.0473834114280575,0.00764790042377418,0.00014303298966846,0,0,0.00160836170972205,0.00219634861262229,0.194159138289195,0.0259112022517761,0,0.000481848962010473,0.000178854135096884,0.647042410069729,0,0,0,0.000296678979267943,0,0,0.000596056205918141,0,0,0,0,0,0,0,0,0,0,0,0,0,0.0110260548789742,0,0,0.000422346468168647,0,0,0,0,0.00341158984476508,0,0,0,0.000206374648259625,0,0,0,0,6.60840655880971e-05,7.23422778652668e-05,0,0,0,9.71889066897144e-05,0.00103031597370302
5.97847484370513e-05,0.0145524407828538,0.00174043054095567,0,0,0,0.000279298357548491,0,0.0031619868968762,0,1.43155191995643,0,0,0.000140851586472793,0,0.00275636504737006,0.000111251475558337,0.00522884619351785,0.00943735224613142,0,0.00138694333198782,0.00856363145804276,0.00172938121823121,0.000683653812071578,4.49508063310632,0.141401103361233,0.526800301387883,0.00116718285951006,0.00065009315543797,0.000397064192371651,1.99430329086428,0,0,0.0569554566110442,0.000750254860409466,0.179378234304963,0.670670434736473,0.167664824491888,0.176432124447198,0.000172572644115057,0.00010422445481547,0.442859324522638,0.00150162802409373,0.00286823366400524,0.00133285530801047,0.000144978099859194,0,0,0.000161902693355613,0,0.00391118363214632,5.33117962360982e-05,0,0,0,0,0,0.00103933635228609,0,0.00201646028287204,0,0.00531763362095713,0,0,0.000629440626996641,0.000673179492530367,0.000665753676678185,0.000972001522396984,0,0,0.000589808936698353,0.000108566813017857,0,0.0205149097468925,0.0111033919601834,0.0155770544652613,0,6.6472278042547e-05,0,0.00753450037103516,0,0,0.00034536315556271,0.000235117973751948
2.84775661449962,0.00011805282117344,0.0802991527300557,0.00262390642399098,0.00484521337743066,0.554209563527947,1.10260021625357,2.43371956532095,0.0192601078967392,0.130066839373058,0.000913670189779208,0.00665124468961937,0.000140851586472793,0,0,0.000531089220803067,0.00902943934802671,8.8405764208749e-05,0.000895661306117743,0.00424626992570967,0.00980732009927642,0.00182846209867458,0.0342432970758684,0.0389296123950444,0.000233494185653172,0.00551159698475351,0.00717760485289154,0.0474779344599197,3.76797641287678,0.0771969636890432,4.33779931252412e-05,0.260939020217182,0.0157200040086957,0.216847816559831,0.000370213576490867,0.0101611650557376,0.00599841535547692,0.0274524388955761,0.0118438100115848,0.00395599335873957,0.0635742946037661,6.65301403383559e-05,0.00057292546055457,0.000190313289351156,0.000570512823492494,0.000304663016216589,0.00018268618345367,0,0,0.000662084790553823,0.000132777258297065,3.95042249030084e-05,3.45759620519453e-05,0,0,0.000955558445132289,0.000111775098913817,0.00206628650196109,5.39316589396321e-05,0,0.000101873390074052,0,0.000167168835840456,0,3.15902239398052e-05,0,0,0,9.34545900265534e-05,0.000135084732028725,0.000323497264074347,0,0.00475443002075249,4.18451497497451e-05,0,0.000283620675926406,0.00155978103264416,0.00107500680404568,0.000706924034411412,0,0,7.08845569548395e-05,0.000806394288793335,6.83705287244168e-05
0,0,0,0.000899641148750296,0.126708467509686,0.870277318589452,0,0,0.144893668488651,0.000344677463941559,0,0.207946323451195,0,0,0,0.00016153553481676,0,0,0,0,0,0,6.69806449585947e-05,0.000350394192970079,0,0,2.53634380187901e-05,0.000154370644249609,0,0,0,0,0,0,0.223017431941932,0.00293176105923394,0.00051868202104474,0.000150898238534661,0.000305003171407331,0.515344613187735,0,0,0.000153589107339475,0.00196492701493572,0.00050691959598349,0.00950716724132147,0.0421433468334686,0.00200635529921696,0,0,0,0,0,0.00397094933583575,7.0815431330445e-05,0,0,0,0,0,0,0,0,0.0167398643376692,0,0,0,0,0,0.000274206253115496,0,0,0,0,0.000203369329836445,3.55151912736686e-05,0,0,0,0,0,0,0,0.0107437169397008
0.0014618485591384,0.0498761949185354,0.0690484644589571,0,0,0,0.00611784607258363,0.000438070273681948,0.0648391720495021,0,0.000551350874433535,0,0.00275636504737006,0.000531089220803067,0.00016153553481676,0,0.0203298091011564,0.000274130523249556,0.00146372013440556,0,0.481568090646599,5.99503357352915,1.54549691615637,1.27588755262735,0.00580978337096232,0.0122516967980622,1.28092923886232,0.692375099926459,0.00105361806601227,0.0203697152381255,0.000469302164764736,0.000525846909445443,0.0027830717457513,0.152908438677992,0.0130206720471056,0.314935137397648,0.229479925757029,0.302912417767704,0.341074588949932,0.0116481987045329,0.000435462517225503,0.00537875404906394,0.0120172639472756,0.00806369167247451,0.00653181402082549,0.00647492128209889,0.000971452834579579,0,0.000146671437720234,0.00105673217170133,0.00612883285275725,0.00219751407638141,0,0,0,0.00139007098767405,0.000144848727726364,0.112365371299832,0.000162930475573563,3.79044570791003e-05,0,8.8215384188199e-05,0.000625952864316772,0.000228594283629202,0.127791205461043,0.00178949711345123,0,0.000214811480456649,0.000458275243549234,0.00887506373425053,0.275712485277776,0.00481521008780835,0.0580681960309354,0.0015461994850834,0.000571309548029916,0.00959510258335215,0.0194205533097153,0.0029377730584519,0.00803641713107992,0,7.98534601563483e-05,0.0018948318291756,0.00329412172643685,0.00526689240256117
0.0245262644670189,0.00801876981407142,1.55914463741818,0,0,0.000140747428418755,0.0117402820635773,0.00321222697385397,0.00157783424943777,0.000421068315076718,0.00176379078481695,0,0.000111251475558337,0.00902943934802671,0,0.0203298091011564,0,0.00144444192256122,1.54444650099769,0,0.0311691928547317,0.0129881770938022,1.59851079383175,0.00423169578948574,8.62699757869512e-05,1.58079734972566,0.213134324303444,0.0089731618365569,0.0345789319141776,0.0116652445362851,0.000139991235636303,0,0.00313979629491181,0.0346825006778207,7.0218057542302e-05,0.0105117762473136,0.0805607680815175,0.0458614784761186,0.0206759610210121,0.000906131493183863,0.000233607939659607,0,0.00085906960873241,0.000956780076036333,0.000820503450869115,0.000419599286489575,0,0,0,0,0.000872595455535676,0.00268532133554976,0,0,0,2.28581110067322e-05,0,0.000118988591677194,0,0,0,0,3.03404352242969e-05,0,0.00166309379103078,0.000607022144778709,0,0.000345006873642094,0,0.000179847597823392,0.00297181391139756,0.000569122812025378,0.000193299816052101,0,0.000657025700136653,0.00369527184420512,4.97705578031676e-05,0,0,0,0,0,0.000229437998128841,0.000163820677886174
0.000166940058382442,0.000626686281982116,0.00173674873196943,0,0,0,3.5904959334105e-05,9.53718334007394e-05,0,0,0.276692974399751,0,0.00522884619351785,8.8405764208749e-05,0,0.000274130523249556,0.00144444192256122,0,2.75277723091899,0,3.46638190411612e-05,0.00173142983782929,0.000438427349518227,0,0.0137621093536806,0.932038193017896,0.0231562282002279,9.44067644759166e-05,0.000150344155953282,0,0.00755244276843776,0.000113510159600372,0.000214469535059665,0.0160891568420193,8.78305265576483e-05,0.0135890321703644,0.120195817818574,0.0461331220302636,0.00594460192396826,0,0,0.000808094528458852,0.000464652474710218,0.00127207567768714,0.000214165740735375,0,0,0,0,0.000285570796077527,0.00218508992963062,0,0,0,0,0,0,0,0,0.000305417202443107,0,0.001577439318575,0,0,0,0,0,0.00102063357874929,0,0,0.000152505319856981,0,8.29697326843446e-05,0.00646881767222452,0.00340939068711948,0.00653467001793573,0,5.26517614198962e-05,0,0.00173835610824984,0,0,0.000144817824077916,3.40632505277313e-05
0.000860285582866661,0.0102196563954934,0.0595880420834105,0,0,0.000196934433359441,0.0010942164607266,0.000320569087943494,0.00402081510230734,8.31748743156113e-05,1.45424638231561,0,0.00943735224613142,0.000895661306117743,0,0.00146372013440556,1.54444650099769,2.75277723091899,0,0,0.00115746772079803,0.00280233855814415,0.0109119082191424,0.00121367188268073,0.0226119727268908,2.93271736959744,0.130764166922439,0.0012508870765996,0.0027699137366602,0.000639039115212885,0.0148324958735227,0.000438356327353836,0.000363147554699753,0.692888178539918,9.12317534599682e-05,0.0151682848529975,0.202869278123337,0.185173505511494,0.0152856214675073,0,0,0.00114606556426364,0.00106284772448849,0.00289521821133741,0.00145070877667572,0.00112642478753006,0,0,0,0,0.00608069906574557,0.000900711233726382,0,0,0,0,0,0,0,0.000607415764072515,0,0.00107548039830072,0,0,0.00034231161744719,0.000544603395241147,0.000752275888694087,0.00287058897811867,0,0,0.000571308815794543,0,0,0.00420361782473774,0.00627656405169004,0.0109704396594486,9.8207090354623e-05,0,0,0.00246888174053592,0,0,0.000316205344160495,0
0.00559424983809012,0,0,12.36716439589,0,0.123125220983502,0.00652730203000631,0.00732727806505757,0.161281334054657,2.66457843170234,0,8.42808582335586,0,0.00424626992570967,0,0,0,0,0,0,0,0,9.59270398539491e-05,2.56195771275924,0,0,0,0.32930030260819,0.0087014067955694,0.00024613345562002,0,0,0.00753708583738678,0.00250573113152889,0,0,0,0.000704184323470104,0,0.0153235889568235,0,0,0,0,0,0,0.000146182510534422,0,0,0,0,0,0,0,0,0.000126833223053485,0,0.000252259122998534,6.1863614709824e-05,0,0.00145685585555802,0,0,0,0,0,0,0,0.0127147435347855,0,0,0,0.00100935285208664,0,0,0,0,0.000245238184680549,0,0,0,0,0,0
0.00969306190895003,0.000952781397570588,0.201383946694462,0,0,0.000151155342767191,0.0961120736015001,0.00234041923745791,0.00339960744756083,0.000861983012970182,0.000411614918713001,0,0.00138694333198782,0.00980732009927642,0,0.481568090646599,0.0311691928547317,3.46638190411612e-05,0.00115746772079803,0,0,0.0261702221869449,5.36022517935351,0.0143644594323308,0.000175798073541569,0.00732982702011695,0.0519358103962181,1.37455650698256,0.20638560731644,3.06200438106796,8.00600615602012e-05,0.000250547561049891,0.505799820169808,0.358381068552311,0.0141923141132092,0.320574992193091,0.12689256301161,0.227968768957582,0.201931473607553,0.00557076990609234,0,0.00152501018729763,0.00563596932894699,0.00237855920762788,0.00127541955980234,0.00540008086050838,0.000452048175765878,0,0,0.000231305824936502,0.000383014738620574,0.000148945181816857,0,0,0,0.00039528156716018,0.000122112227412211,0.00369129760189892,0,0,0,0,7.19535123294243e-05,0.000485862927584553,0.0049773538284533,2.78744492483596e-05,0,0,0,0.00126456321427584,0.00685064139444118,0.000359336201611469,0.00775141345907513,0,1.35665557450329e-05,0.00084773544339743,0.00658569486876277,0.00091539111279486,0.00161701167781515,0,0,9.48254436751068e-05,0.000758291462579127,0.00628523703757932
0.00257663217849682,1.06555742700477,0.0453741682536344,0,0,7.27096229442498e-05,0.00591572584869903,0.000700271354769341,1.79114911286932,0,0.00209308102697563,0,0.00856363145804276,0.00182846209867458,0,5.99503357352915,0.0129881770938022,0.00173142983782929,0.00280233855814415,0,0.0261702221869449,0,0.136941024877652,1.23594404307611,0.283981694036385,0.0161231541905431,1.29490814279235,0.0797146615565792,0.00410745626036852,0.0116453144953901,0.00307875095137123,0,0.00504716119238285,0.056670546059657,0.0028925406915205,0.0812206807710739,0.0938883210854025,0.112248737454041,0.138965439562261,0.00226146897250793,0.00112618422018129,0.00411220893780203,0.0150331111943688,0.0142877148697747,0.0128487144906712,0.0239184920485397,0.00412751479456593,0,0.00129630409584838,0.00112475209574584,0.101842305863938,0.0121429191667145,0,0,8.38476518155717e-05,0.00171286016096654,3.58878399541462e-05,0.384332643009064,8.85930436640373e-05,0.000265285103517832,0,0.00019490727954713,0.00042374050867372,0,0.20766286015912,0.00641396909085119,0,0.00132449621046695,0,0.00794256548512865,0.793149952944982,0.0187797211533212,0.0807871171082462,0.0123085950699963,0.0046526522287901,0.0550816382368255,0.0207376951587753,0.00360239768818025,0.00965987212138698,8.50976329947852e-05,0,0.00238224083582214,0.00469843512453032,0.00221911478979601
0.0381648815048563,0.00405952804599328,2.81670290329959,0,0,0.000597164332447976,0.176420628179382,0.00937314934280527,0.00209030376365219,0.00387040387751136,0.00181555731277885,0.00020089841039839,0.00172938121823121,0.0342432970758684,6.69806449585947e-05,1.54549691615637,1.59851079383175,0.000438427349518227,0.0109119082191424,9.59270398539491e-05,5.36022517935351,0.136941024877652,0,0.0225751863970577,0.000808714853135815,0.0899987202995077,0.90147417594075,0.36979119360381,0.710619457894958,0.193698742118481,0.000321976288898667,0.00035960677739013,0.104756634514642,0.364132491655353,0.037307429860829,0.568799482284252,0.730976215963797,0.654261248356104,0.562211261475519,0.03039220014868,0.000915803812025755,0.00434410819586922,0.0110089392639328,0.00453059034237258,0.00288305111149766,0.00554167346524737,0.0016154535706755,0.000522165586120532,0.000124486288174928,0.000145264361557088,0.00113023428196692,0.000973358599388916,0,9.28332810899886e-05,1.76045771901553e-05,0.000237827284411145,7.21043041021662e-05,0.0033618380384759,0,0,0,4.23944181965876e-05,0,0.00108309536559596,0.0239082528695993,0.000237731136234804,0,5.48078850196687e-05,0,0.000224053082533778,0.0336245446589667,0.00381567530441364,0.00440749081516244,0.000301131730877794,0.000434481889150211,0.00807549882479159,0.00116837622618084,0.000281144116805638,0.00044364207436759,0,0,0.000109342371961528,0.000524796626766814,0.0120643665991473
0.0629731577394317,0.0173567951486861,0.0272738934781486,2.96576829719699,0,0.145220003291619,0.432660941107987,0.0458847551236595,4.44644573168123,0.650966130911938,0.000397079192674156,2.28612554161515,0.000683653812071578,0.0389296123950444,0.000350394192970079,1.27588755262735,0.00423169578948574,0,0.00121367188268073,2.56195771275924,0.0143644594323308,1.23594404307611,0.0225751863970577,0,0.0105193055964588,0.00558174510183031,0.0925823243331412,2.34608978899805,0.140684082652747,0.0879950059941805,0.000523698795091312,0.00137877326716201,0.133835056269538,0.0800760783999108,0.00224673678262902,0.0610557912059373,0.0263481304994368,0.062958309994301,0.0583723384469789,0.0278170284287265,0.000107272526719233,0.000871265384165677,0.0309887652936573,0.00310222580844587,0.0379086540502317,0.0355730572426179,0.00675189738310694,0.000210128384722823,6.47174843229912e-05,0.0292172809081448,0.000607081976634467,0.0018601550329625,0.0184044566254142,0.000146910155150941,0.00256000347852155,0.0442505825734818,0.00395364976760814,0.182364314104874,0.00785706509035345,0.000628663507043949,0.00386068230004131,0.000198117246876881,0.0162232972174062,0,0.0435988211346636,0.000333938591447706,0.000327574967254926,0.000823103727206914,0.0051630197196855,0.010129454633473,0.0665866530501662,0.0015658391074503,0.344958504460397,0.000331853969658021,0.000800990864297999,0.0038182793904062,0.13053624661074,0.0630792797016296,0.0449837604867652,0.00010616605934656,0.00142569215155547,0.0136348851846305,0.075266305378704,0.000975311655315421
0.000250628802021211,1.13453223057066,0.000749406120433723,0,0,0,0.00031996961935666,0,0.136031480482932,0,0.805386453393261,0,4.49508063310632,0.000233494185653172,0,0.00580978337096232,8.62699757869512e-05,0.0137621093536806,0.0226119727268908,0,0.000175798073541569,0.283981694036385,0.000808714853135815,0.0105193055964588,0,0.213735034790521,0.887924813680023,0.00152821927663663,0.000550143221638345,0.000799131534482975,0.546654086863437,0,0.000480817166520124,0.0443760211023026,0.000384864081487695,0.0713676430817005,1.16208888284844,0.416343555645972,0.150060150545558,0,0,1.54953575621145,0.0200377846066616,0.0235802141393005,0.0103409326324077,0.00751346261913165,0,0,0.0831177106670636,0.000328622265912153,0.168350410014129,0.00478653516645906,0,0,0,0.000153244943258447,0,0.00886140453331573,0,0.00427460108647407,0,0.0650885663561177,2.40542355164691e-05,0,0.00463900272937346,0.00305358972901333,0.00206511229400431,0.0051910934526446,0,0,0.0191362480023586,0.000698259035610364,0.00107727618953675,0.274844821586892,0.0350332599995065,0.0698987211472395,0.000392830754300149,0.000302759757509216,0,0.0141307134472631,9.67280845697305e-05,0,0.00200171729362393,1.31800231098576e-05
0.00571781528473538,0.0416025677439554,2.1112706599576,0,0,8.31885105367297e-05,0.01045286033664,0.00172190146542649,0.00716664015914087,0.000106131056002379,0.535258310718734,0,0.141401103361233,0.00551159698475351,0,0.0122516967980622,1.58079734972566,0.932038193017896,2.93271736959744,0,0.00732982702011695,0.0161231541905431,0.0899987202995077,0.00558174510183031,0.213735034790521,0,2.08347817470732,0.0077505227835339,0.00256092893624466,0.00608176904453366,0.312570631800737,0,0.000579194820480639,0.249985553299297,0.00230504469909116,0.147660124358522,0.879185751264582,0.316549244747954,0.0503555881546027,0.000368811287487046,0.000777624463324801,0.00955771697686411,0.00592778356453911,0.0195970300268597,0.0103301628997165,0.00566238904993277,0.000213629750232508,0,8.07556798405702e-05,0,0.0244375981364269,0.00493991197059306,0,0,0,0.000209087934934241,0,0.000119422555894408,2.16743064182859e-05,0.00391770594684288,0,0.0170760074217289,4.98756558891911e-05,0.000243727148391938,0.00201637812011388,0.00424020405389843,0.00286166239439406,0.0106962618733197,0,8.66735038851314e-05,0.00376785060249949,0.000946617662088871,0.000507823512671819,0.0415076802563469,0.0722256004139994,0.139659684811093,0.000251224338239926,6.29014406866237e-05,8.12697571288514e-05,0.0110985538154349,8.26777051527354e-05,0,0.00499378203657455,0.00109738345994794
0.00770415477204811,1.22167673206555,1.84483611080716,0,0,6.10515617627762e-05,0.0260568911849016,0.00264280362162684,0.0744616684833183,0.000834689745395759,0.0808768882807121,0,0.526800301387883,0.00717760485289154,2.53634380187901e-05,1.28092923886232,0.213134324303444,0.0231562282002279,0.130764166922439,0,0.0519358103962181,1.29490814279235,0.90147417594075,0.0925823243331412,0.887924813680023,2.08347817470732,0,0.0752131914659727,0.00411539990384545,0.0128906450076833,0.351276672663037,0.000196184357954841,0.00120669472210794,0.446273917925718,0.011530796609955,0.297039352905884,0.534076643700446,0.767316326269891,0.241518755792876,0.00544563804659122,0.00236056119716695,0.00682091923887963,0.0425715610533457,0.0634320875017023,0.0556020433099635,0.0379579129261223,0.00226291349481195,0.000182345889435007,0.000339703884287564,0.000106373706849849,0.0933233776718626,0.060783797892722,0,0,0,0.00192995052251686,3.24218271792037e-05,0.0044326703667408,5.147957226125e-05,0.00664082869963461,7.26873896909072e-05,0.0142363718659155,0.00036584364159383,0.000215682412257508,0.0415051357491199,0.0329041256336335,0.00322232075483935,0.0270820582756623,0,0.00246248875148733,0.0802117528262253,0.0260045680588552,0.00612366173784807,0.0672989676855611,0.167357046521061,0.453950772869158,0.00275065030416205,0.000933629267228273,0.00145851124256215,0.00725632976642674,0,4.59859402942235e-05,0.0188832484447467,0.00739760805830562
0.0602855595490689,0.00219262247407554,0.13122248957728,1.18344753628292,0,0.0388321125925067,4.37740952419932,0.0273261047423464,0.127676862519484,1.88373478216437,0.000462214188093151,0.0473834114280575,0.00116718285951006,0.0474779344599197,0.000154370644249609,0.692375099926459,0.0089731618365569,9.44067644759166e-05,0.0012508870765996,0.32930030260819,1.37455650698256,0.0797146615565792,0.36979119360381,2.34608978899805,0.00152821927663663,0.0077505227835339,0.0752131914659727,0,0.157408743200505,1.49300002678906,0.000183604138508367,0.00118107368690212,0.146689283199792,0.265713867348293,0.012385469169055,0.233881304877147,0.100840119248117,0.181135744268917,0.180023652236443,0.0107080848613571,7.16539204296644e-05,0.00273867319796965,0.0158483889288363,0.00325448767943482,0.0142505749289439,0.011108288841939,0.00136348328642857,0.000152760160254829,2.67826679862591e-05,0.0117985175469319,0.000369834482036155,0.000827831042364241,0.000379850844289188,3.53592193049843e-05,3.64956551880892e-05,0.0212045403028861,0.00166946684100728,0.0478444001791764,0.00175717603391797,0.000176009657114014,0.000379990715234915,2.53904045777837e-05,0.00828128133231583,0,0.0192444223693081,0.000145778166150065,0,0.000535301804653843,0.000301849047825621,0.00496035739931657,0.0269414891795154,0.00166013247366747,0.158302293198163,7.14298195799883e-05,0.000744901503361935,0.00195166693574316,0.0781484103062242,0.0275098107879818,0.0245418761527975,0,0.000112901969638021,0.0042369933637274,0.0284381142675472,0.00439250353072714
1.15974995209139,0.000157803480502292,0.016483834280942,0.00589951856220472,0.00241635972402678,0.26443835535261,0.171301709461583,0.126194966265753,0.107635410440813,0.0741195933453044,0.00693938641089092,0.00764790042377418,0.00065009315543797,3.76797641287678,0,0.00105361806601227,0.0345789319141776,0.000150344155953282,0.0027699137366602,0.0087014067955694,0.20638560731644,0.00410745626036852,0.710619457894958,0.140684082652747,0.000550143221638345,0.00256092893624466,0.00411539990384545,0.157408743200505,0,2.76631396082525,6.18382482478301e-05,0.723862687072465,3.42967529985103,2.05784859968806,0.000356456385241302,0.0202081542885188,0.00389334155597737,0.19312974176605,0.0177363173166779,0.0509532625901107,0.228627411901742,0.000608119816616219,0.00142756147416693,7.31551946593222e-05,0.003064060925104,0.00251275695779626,0.000447744761076885,0,0,0.00374666914468134,0.00013393622697519,0.000162618511643697,0.000160891274796781,0,5.25126699855716e-05,0.0054598204942901,0.000847419920519971,0.0202057538724632,0.000645393860282725,8.5883124012226e-05,0.000308270123151462,7.957421329291e-05,0.00240144675407571,0,0.000576179358395268,0.000220974344038554,0,0,0.000208516362359207,0.000525742332251438,0.00112760926504753,0.000471515826838307,0.0495667535398773,8.34719480436899e-05,3.77679687587949e-05,0.000436979536445668,0.0139157105675829,0.00602083093177306,0.00333910570284367,0,0.000125547544360731,0.00115387167403157,0.00542794861229151,8.15714394939054e-05
0.285539295833962,0.00026726233847645,0.145573350110387,0.000155385527020793,0,0.000840983037565595,0.89895181303671,0.0132322384346599,0.0494361698458932,0.00257742494033335,0.000219139928192995,0.00014303298966846,0.000397064192371651,0.0771969636890432,0,0.0203697152381255,0.0116652445362851,0,0.000639039115212885,0.00024613345562002,3.06200438106796,0.0116453144953901,0.193698742118481,0.0879950059941805,0.000799131534482975,0.00608176904453366,0.0128906450076833,1.49300002678906,2.76631396082525,0,0,0.000886666117064894,0.446934872559631,0.420171853840616,0.00392175586566733,0.0841729695147805,0.0324531732163393,0.092853461528332,0.0884146850797698,0.00130671927263304,0,0.000852350113872719,0.00308188649150917,0.00116209679420385,0.00352035067654484,0.00290896764984637,0.000433536436793884,5.49074606386651e-05,0,0.00449820859527498,8.69736952910632e-05,0.000230134098406121,0,0,0,0.00830183148580378,0.000818526091110999,0.0204953610460321,6.82772229066092e-05,0.000146284600286583,0,0,0.00268190647913245,0.000157014448668464,0.00413011899641525,0,0,0,0,0.000755042970235203,0.00357837851966125,0.000416457213699073,0.057002057905147,0,3.55882351414377e-05,0.000556155431768614,0.0220720305952789,0.00700767516197338,0.00782693674912712,0,4.47899909309171e-05,0.00103819437895655,0.00659328827684142,0.00112694062389891
0,0.00924313202930628,0.000879485728868666,0,0,0,0.000110098144131341,0,0.00349846463277209,0,0.26573925230464,0,1.99430329086428,4.33779931252412e-05,0,0.000469302164764736,0.000139991235636303,0.00755244276843776,0.0148324958735227,0,8.00600615602012e-05,0.00307875095137123,0.000321976288898667,0.000523698795091312,0.546654086863437,0.312570631800737,0.351276672663037,0.000183604138508367,6.18382482478301e-05,0,0,0,0,0.00970583967257518,0.0002120638104912,0.02086334179418,0.201697311428235,0.0469063832292576,0.00878622688958851,0,0,0.0220352774875677,0.00115200223774372,0.00350036022579257,0.00151331160749909,0.000709658226298579,0,0,0,0,0.00714426364524845,0,0,0.00025173568844095,0,0,0,0.000145574182925297,0,0.00199952025934628,0,0.00930670756094998,0,0,0.000110847994185597,0,0.00121103247606734,0.00139787246998337,0,0.000159579278589185,0.000235209704356285,5.31917579173354e-05,0.000230224833912914,0.0342027329740349,0.00814689611260635,0.0134159433867048,0,0,0,0.0150240241202349,0,0,0.000435312756621974,5.61956943476102e-05
0.00511367336107489,0,5.19636258019688e-05,0.000159279385405433,1.06260371274319,0.800858316881117,0.00081131499239501,0.359610489846784,0.00086266460020166,0.000948510856174461,0.0849862699228615,0,0,0.260939020217182,0,0.000525846909445443,0,0.000113510159600372,0.000438356327353836,0,0.000250547561049891,0,0.00035960677739013,0.00137877326716201,0,0,0.000196184357954841,0.00118107368690212,0.723862687072465,0.000886666117064894,0,0,0.0091694315847958,1.45671956411878,2.74279980293731e-05,0.0013821142039666,0.000602888853061279,0.0545434929074553,0.00173608139995871,0.0759652872175276,3.79907755575959,0,0,5.33621210849905e-05,0,0,0,0,0,0.000244283894341564,0,0,0,0,0,3.21418311241923e-05,0,0.000433215853223685,0,0,0,0,0,0,0,0.00018303579587335,0,0,0,0,0,0,0.000821714649595845,0,0,0,0.000423802871493821,2.43025635234123e-05,0,0,0,0,3.98124333666531e-05,0
0.0765782680010646,0.000434575650236723,0.00541644364769668,0.00604693740896138,0,0.00688931354608046,0.0832840819060433,0.00565846725849158,0.149586492661928,0.0327306104502698,0.000943817323047809,0.00160836170972205,0,0.0157200040086957,0,0.0027830717457513,0.00313979629491181,0.000214469535059665,0.000363147554699753,0.00753708583738678,0.505799820169808,0.00504716119238285,0.104756634514642,0.133835056269538,0.000480817166520124,0.000579194820480639,0.00120669472210794,0.146689283199792,3.42967529985103,0.446934872559631,0,0.0091694315847958,0,1.72508275968602,0.000119307147199704,0.0263141862623346,0.00302913464508635,0.192369405362519,0.101293859946375,0.00166646574898699,0.000577069780997874,0.00143845892920584,0.00192052882798076,0.000303500908436467,0.00431014441539268,0.00251560708487878,0.000379237288802604,0,0,0.00843572094842145,0,0,0.000166046946204921,0,0,0.00461363202048294,0.000728858852796365,0.0295021494049702,0.000802385140377099,0,0.000137070719695852,0,0.0014972150426105,0,0.0014236660912208,0,0,0,0.000208762854618461,0.000224786186034554,0.000637620049742272,0,0.0402979111672773,0,0.000195865568503276,0.000183875497318989,0.00985615446952334,0.00495627400513152,0.003177070688418,0,0,0.00187135132935501,0.00435330173519209,0
