0,0.000421093660969915,0.0928661614927583,0.00744281801743709,0,0.00843925320672391,1.76200578749346,0.0504142040661027,0.067684638770864,0.0187283420898731,0.00359217369444408,0.00274094405570353,0,3.95149200697224,0.000333954121700964,0.00141055434680773,0.218626274349417,0.00183568296158385,0.0768557575001857,0.00192295959379889,0.0188896320893871,0.00896376877530615,0.0488299524109129,0.121786511767454,0,0.00813237955684834,0.00893387216367859,0.0715515848265187,1.7054263684589,0.93152163433294,0,0.00026143596756464,0.0826161725281308,0.105870005682567,0.000716458508299517,0.0179397796016806,0.0398617667267653,0.050760866917131,0.0111625167590684,0.0221035108195692,0.00104892668469976,0.00123960918046852,0.00476387513591659,0.00100015643818427,0.00285033070796853,0.00240546010014454,0.00474681570293687,0.00301422883010197,0,0.00466049721364279,0.000251510971456634,0.000882803404308202,0,0,0.000245361822141909,0.00264122670543915,0.00159996973857608,0.0332118535527385,0.000350930024010852,0.000322369086582936,0.000121579018433359,0.000190629567022732,0.00186306921924863,0,0.000926213609139437,0.000547286236558803,0,0,0.000151771352778184,0.000672011664578189,0.00595650348658685,0.000296752595693787,0.0286829617939188,0,0.000102765386452767,0.00143127913732834,0.00788365170928411,0.00588992532668266,0.00728825882507092,0,0.000349633845418969,0.00288792470832001,0.00163984879433398,2.66359790413585e-05
0.000421093660969915,0,0.00729367643532667,0,0,0,0.000411237902665691,0.000944900676829837,0.099887605384702,0.000268728399731365,0.0903445527953633,0,0.439566911592171,0.000181328921395646,0.00132315443650069,0.0657329078135683,0.0277454275650874,0.0155290686042463,0.0308236608613118,0,0.000507256422650842,1.47493699589623,0.00218546605467118,0.0628805463148268,2.02642045011362,0.0650537496128869,0.861922094620571,0.00142705389174717,0.000898928666598772,0.000446680423475353,0.00161975407023625,0,0.000404104330279827,0.0161111108301372,0.000450681491856364,0.0368648379298151,0.18508178987021,0.0867256188107391,0.0317027449177849,0.00508894856059317,0.000641047551316384,0.270764414228995,0.0289268695197152,0.0519049168759524,0.0490332428540367,0.0217889031351071,0.0011557805375012,0.000373531824022791,0.00838607161515055,0.000296364663552678,0.683656602291468,0.0195410525734121,0,0,0,0.000201701246005305,0.000165605997739442,0.00506941313886278,0,0.0284835749928133,0,0.0692611876138809,0.000428939416311347,0,0.00240060434782009,0.0200005109720222,0.00769537913148521,0.0225707699335915,0,0.000472035050774791,0.0588083885778436,0.00222211040450517,0.00210262115890661,0.136983996932676,0.0318908282597515,0.0836076633080862,0.000989410458691639,0.00107942577255519,0.000653058730155308,0.020013657467666,0.000318971767293182,0.000654159007857869,0.00672400781854144,0.000535253343235265
0.0928661614927583,0.00729367643532667,0,0.00297890395548005,0,0.0224303457884399,0.361268278931403,0.1338152844905,0.0091058754628489,0.0319220413117285,0.0150326032683417,0.000525510090816058,0.00140485762239993,0.206729546973606,0,0.018136851215961,2.0824960614402,0.00638946725434178,0.15827182915952,0.0002258757608652,0.115534113148142,0.0171275423628965,1.09628184950465,0.0653052604575441,0.000295067107550171,1.1554128068987,1.25759557323165,0.225057241627224,0.0247894718875695,0.122783667405739,0,0,0.00199537276257823,0.104239782006561,0.00358889007580568,0.124832903083557,1.12040207410606,0.250778109206348,0.0843075499964738,0.0267598388046899,0.000802964898474148,0.00240263232802537,0.0307547673032981,0.017137230509159,0.0221072879875768,0.00960519017581044,0.00155722147857989,0.000187625456705796,0.000427200748122749,0.000730825226876669,0.0353669265246991,0.0554047111706917,0,0,2.24053781259469e-05,0.000911903762661013,0.000151227285644433,0.00247603949525746,4.19597056508219e-05,0.000747128524073932,0.000232717433471858,0.000963100069245998,0.000231138420583998,0,0.0075252598797746,0.0227086403373345,0.000232882974851523,0.00873851189526015,0,0.000990111424136127,0.0248845668920591,0.00436406230464758,0.00667507397597309,0.00204954511052495,0.024461569336307,0.0930901411728866,0.00331825311449308,0.00073250646074709,0.00269109317148943,0,0,0.000260344055213059,0.00489410452608553,0.00316421195143864
0.00744281801743709,0,0.00297890395548005,0,0.000406345421335524,0.0613530959997875,0.078187105918252,0.0212654156153872,0.179549982437883,2.11787019469326,0.000326926640745542,2.88251296246993,0,0.0206549420350793,0.0036680669275626,0.000193451073573492,0.00100403939777605,8.58288854576755e-05,0.000382835920872723,15.5850590377518,0,0.000101508375596127,0.000680351616928294,2.22739786967515,0,0.000956144516112417,0.000453078044248901,2.30497217864626,0.0178566615979586,0.00139394000219153,0,0.00023469633381851,0.000965346212592338,0.00572141541534542,5.38291481234905e-05,0.0130373382674022,0.00251138162585984,0.0177191709896772,0.00798247110363476,0.0667503963928303,0.000597219959712729,0,0.000432063645685178,0,0.000197914631695349,0.000576842996587428,0.00306934393888409,0,0,0.00108181817650906,0,0.000128261138991576,2.97949596066507,0,0.00141737346518089,0.000734196017755985,0.00135450249812446,0.0169791863311018,0.0419350644828908,0.000158209989695164,1.21825004566211,0,0.00087995877153736,0,0,0,0,0,0.00573325463976674,0,0.000256425869042296,0,0.0097013743570558,0,9.0413150987379e-05,0,0.0023897051215787,0.000554078716975606,0.000125200470386579,0,0,0.000218513993206545,0.000221790037521889,3.17656021106946e-05
0,0,0,0.000406345421335524,0,0.343581705063184,0,0.213095809235401,0.0104445917167857,0,0.00100238292814296,0.00401724521633351,0.000110717106838449,0.0201938548877815,1.31676032025113,0,0,0,0,0,0.000101376575849174,0,0.000274759517639757,0,0.000141499730382123,5.51617483119105e-05,0.00034109880931827,0.000109287602158207,0.0218801167424743,0.000113774087402672,0,2.30727224111667,0,0.0388071225503767,0.0241746012971466,0.000150249489942515,0.00329687586620123,0.0110070825091385,0.00438999037444734,2.12413404931228,2.8167868156731,0.000591835899149528,0,0.000192024075104115,0,0.000167452446692203,0,0,0,0,0,0,0,0,0,0,0,0.000401357130657099,0,0,0,0,0,0,7.35982016381864e-05,0,0,0,0,0,0,7.347338360422e-05,0,0,0,0.000169572070717631,0,0,0,0,0,0,0,0.00342655482257941
0.00843925320672391,0,0.0224303457884399,0.0613530959997875,0.343581705063184,0,0.0918449077721856,3.29617648213413,0.0280500106188427,1.62522255653802,0.00458544422414224,1.62811434634355,0.000291580288603812,0.265338921024233,0.275385641285813,8.77742107742692e-05,0.00425471672096055,0.000425234204098612,0.00129008280931714,0.0297842135342342,0.000879745848326331,0.000213853460771452,0.00592760860578663,0.225732987709777,5.60105511204063e-05,0.00307376643315515,0.0011322235350684,0.0625385622870894,0.228342627962213,0.0027132243112225,0,0.280248988987487,0.00167255761990412,0.0525006346441377,0.13268796830342,0.00586856537674617,0.00351027321010204,0.0376879988421704,0.00485427126385465,0.602534666945954,0.116251036566342,5.56168230106597e-05,0.000237581777948947,0,0.00015706439031948,4.25550175795889e-05,0.00093007582424081,0,0,0.000253099252124851,0,0.000173450906984994,0.000486408812933526,0,0.000324128088058736,0.00138470337097065,0.0011638498925611,0.00477633095765915,0.00114296501234118,0,0.00273613301975689,9.59226244718085e-05,0.000690953164245721,3.24321157463281e-05,3.75849556521154e-05,0,0,0,0.000584306683683658,0.000109763676650011,0.000330305547718833,2.41410204466293e-05,0.00716136979940522,0,3.75189533258786e-05,0.00022918197823998,0.00156702397758746,0.000456464662891231,0.000169436320163183,0,0,0,0.000123235006397704,0.000594356916711513
1.76200578749346,0.000411237902665691,0.361268278931403,0.078187105918252,0,0.0918449077721856,0,0.272332493224023,0.159846162977553,0.95465027978059,0.00365450704602371,0.00415755104012707,0.00101670028122132,1.2408532849319,0.000697252563175228,0.0051147603234217,0.0599285761847218,0.000803080683930537,0.0133513485218951,0.00897997672422124,0.0459699362773825,0.00943650662904162,0.199869766453293,0.378535558978792,3.9253249615393e-05,0.0279328375044402,0.0242524454347589,2.37091556639901,0.141225854313941,1.36784381554413,0,0.000699966073858498,0.0177542586745333,0.0539784798680233,0.00172553089841322,0.0844915773745799,0.0241305810007646,0.100258183575859,0.0383223233532381,0.123372822898909,0.00533313016559046,0.000345753557505571,0.00959059142954706,0.00153709289089763,0.00730215582159728,0.00218263166667084,0.0117052958570251,0.00178969739604639,0,0.0094493589538148,0.000294928957317623,0.00134314412169319,0.000196116406524824,0,0.00131448294886068,0.0100034224611156,0.00773795576797348,0.0428926650482337,0.00185738828597085,0.000673107489378112,0.00251394834605744,0.000151739565796066,0.00583801556877652,8.97741445559617e-05,0.00128610839512609,0.000614977169170535,6.57457691738104e-05,0.000348433529543684,0.000411726148013929,0.00137810418688079,0.00530591885481401,0.000424288533686481,0.0788269477128037,0,0.000864242133383837,0.00205611636507489,0.0206953570584728,0.0143228441458292,0.00941215055738239,0,3.34787895370026e-05,0.00236860967461542,0.00239186608465082,0.00101479385498077
0.0504142040661027,0.000944900676829837,0.1338152844905,0.0212654156153872,0.213095809235401,3.29617648213413,0.272332493224023,0,0.0272714916438884,0.372627064867699,0.00661067784719495,0.147388617152746,0.00085301343978746,3.44318686030798,0.0742922580807215,0.000377912174088436,0.06382683955456,0.000979715955831911,0.0135642409559081,0.0107382091205249,0.00426531762405514,0.00124551512751698,0.0473594307045497,0.143747544295846,0.000112544441054159,0.0123167314814349,0.00734065421547452,0.0503969188068249,0.270146651992433,0.0213889687069266,0,0.259226033994465,0.00241078063516894,0.0548889330137887,0.000269949236457276,0.00874113879086125,0.014216687882699,0.0547774467386037,0.00564936167810872,0.240959477663014,0.0592565703895815,0.000529670732374058,0.00139288596340643,0.000328256929643887,0.00169827228094871,0.0007492435281484,0.00242871248707126,0.000387156743960904,0,0.00177706452652091,0.000445920504599295,0.000775883471930386,0,0,0.00056257819173459,0.0020251112408047,0.00227572398519753,0.00838526563501436,0.000734634332781894,0.000198275103068023,0.00128527568582352,0.000115497496746821,0.00138028301182737,0,0.000281937705771949,5.80370097891594e-05,0,0,0.000521246635637652,8.25083183954712e-05,0.00105434709416108,0.000241113326284878,0.0173994527847779,0,0.000143157397406727,0.000931620819790586,0.00314111965219324,0.00195225805320133,0.00148231911204242,0,9.51898079541756e-05,0.000429951353801234,0.000480263490290331,9.73450401019573e-05
0.067684638770864,0.099887605384702,0.0091058754628489,0.179549982437883,0.0104445917167857,0.0280500106188427,0.159846162977553,0.0272714916438884,0,0.0925222480185836,0.00721265660732856,3.58371940135481,0.0176801836222651,0.0280887831079644,1.07990940080135,0.00873769448111455,0.0135011838912179,0.000850609463949917,0.00362299279862903,0.19538988284123,0.00138742587325493,2.12696125450743,0.00610840788286505,2.97946409388162,0.0279251866226674,0.00950299136771186,0.0628464820457863,0.138877475448124,0.0361478713164232,0.0593638306247469,0,0.00015304089823266,0.0164152244084625,0.026165998908231,0.000937618815541684,0.213888868004848,0.0363102085967688,0.0675870616137563,0.0380172719482247,0.868670440998315,0.00586731434351664,0.0271857086997026,0.0304528809971983,0.00831472652295257,0.0209077620177922,0.00766572981684432,0.0427542457913561,0.00812282700945388,0.00183072948036168,0.0276848073875653,0.00514029714301763,0.00478084008217701,0.00640389990434746,0.000355769828379407,0.00310472113422304,0.0184851215274681,0.0147112532864946,1.42716811377613,0.0111934385482813,0.00374963689453474,0.0474567250042598,0.00714166355805839,0.0120623093260409,0.000229807845359073,0.0146406786821027,0.00310676178086716,0.000980011145371641,0.00179321854871549,0.00542976565486826,0.00403153119504107,0.14433365904956,0.0010349619803738,0.25409358102322,0.00191533443124772,0.00294457933504386,0.00502530554988036,0.0387861542015653,0.02876470616775,0.0272433977529462,0.000607178671287376,0.000166236043485911,0.0126480712969169,0.0108995510337589,0.000900529953528401
0.0187283420898731,0.000268728399731365,0.0319220413117285,2.11787019469326,0,1.62522255653802,0.95465027978059,0.372627064867699,0.0925222480185836,0,0.0021771520040631,1.56502592611351,0.000387327021514202,0.149163063142048,0.00611289343204657,0.000526704819529017,0.00336020304217767,0.000384843824343324,0.00086657188726677,1.85377137412059,0.000989930213520188,0.000302166544351546,0.00977985453640957,0.586066317315173,0,0.00326121968484849,0.0032836333134616,0.632866178715734,0.0781048214742749,0.00473728881716421,0,0.000748780743199913,0.00340640207599227,0.0246923175722529,0.0308481371704624,0.0319389134457453,0.00447341728014502,0.0508755722768724,0.0165376538491974,0.244007977982597,0.00332559179332012,0.000206698792098424,0.00176577381495656,0.000293929515778997,0.00139796745509921,0.000539640564257639,0.00470763327349984,0.000167394176446522,0,0.000895222085301168,0,0.000138996349226461,0.0103537271171094,0,0.000900538795559474,0.00193951348477219,0.00358161643471705,0.0138098073430684,0.0741342799257198,9.47377196741411e-05,0.169944400152632,0,0.0018262639769195,5.28255275139373e-05,0.000169001292180027,0.0001252742196506,0,3.33712287169286e-05,0.00104611635865334,2.02578500374418e-05,0.000354647582304852,7.93187014147658e-05,0.018678551478623,0,7.87908336408478e-05,0.00027602237461682,0.0027677061603183,0.00147077350060797,0.000468789539188567,0,6.12133471522211e-05,0,0.000331053138028853,0.0001486304651824
0.00359217369444408,0.0903445527953633,0.0150326032683417,0.000326926640745542,0.00100238292814296,0.00458544422414224,0.00365450704602371,0.00661067784719495,0.00721265660732856,0.0021771520040631,0,0.00109336297238078,3.30697126566244,0.00858653707639709,0.000590451201436769,0.00524805670601387,0.0772906088014792,2.79877424520175,0.911159139805379,0,0.00479614299038926,0.0204625495632059,0.0106297737504194,0.00416299704312254,0.563311434876283,1.67580359510647,0.111788109319111,0.00326343435155798,0.0328371107098672,0.00151727767468262,0.0413084543539841,0.00898036487579522,0.00145181259917737,1.3890046118716,0.00137522349297387,0.120190420981332,0.710153891462496,1.10092168965277,0.104849387009732,0.0424539841897474,0.0640494848424144,0.558724079875751,0.00175609279542381,0.161972914575834,0.0105943856606698,0.00105972270487081,0.000330386503728727,0.000738537149845789,0.0241816394091996,0.000250768072320033,0.00833272894712647,0.000283113966021003,0,0.000118294432387665,3.41518827519178e-05,5.03994270716311e-05,0.000158207371319759,0.000284024281072294,0,0.0832453377251295,0.000149081151202581,0.1274755154344,0.000323019869485966,0.00011750410904565,0.000286721113820885,0.000380935488563178,0.00168708635243736,0.00216324009928771,5.22684541282344e-05,0.000110218213557269,0.00152507138365993,0.000314894324772694,0.000389822743004045,0.02258872853205,0.0137158685072795,0.017808174604243,0.000279475016610208,0.00100948355098481,0.000217297464334234,0.0108502337175448,0.00143520646064213,0,0.00590268639014331,0.00105503801945567
0.00274094405570353,0,0.000525510090816058,2.88251296246993,0.00401724521633351,1.62811434634355,0.00415755104012707,0.147388617152746,3.58371940135481,1.56502592611351,0.00109336297238078,0,0.000357111156744498,0.0428655044607363,0.789833029829277,0,0.000243411449106775,8.90690387551265e-05,0.000259576243909914,5.88582383842035,0.000127714161714951,0.000232168243913649,0.000323240286088856,2.7214848853428,0,0.000242271015270486,0.000173889881528667,0.0241067509431065,0.0361677845639758,0.000164594312725327,0,0.000977749827940858,0.00024216387321457,0.0133960165250714,0.0343701254403743,0.0532985279327993,0.00102095562637068,0.029783415085173,0.0044619561698168,1.04259065306158,0.00169139053222299,0.000367425554614401,0.00320941898057276,0,0.000767226219006551,0.000135709162308019,0.0183728203822774,0.000452985630884154,0,0.000874776371622814,0,9.45811323661491e-05,0.00974179964270352,0,0.00374158197244367,0.00272237053636234,0.00635054999625822,0.0443328446670742,0.0132882294582983,0.000227892489678903,1.26968224464169,0.000253286363878957,0.00178959155605614,0.000401746502248638,0.000132278887704295,0,0,0,0.00307916041334284,3.67295205268682e-05,0.000196570438694135,5.23403134876773e-05,0.0285711603886919,0,2.52140488946377e-05,0.000240080882683757,0.00420312074492688,0.00209137345284105,0.000398542531945773,0,0.000195771707131342,6.11857539521126e-05,0.000248690408833265,4.54922828632687e-05
0,0.439566911592171,0.00140485762239993,0,0.000110717106838449,0.000291580288603812,0.00101670028122132,0.00085301343978746,0.0176801836222651,0.000387327021514202,3.30697126566244,0.000357111156744498,0,0.000904187096078529,6.94697258535638e-05,0.00129425250960863,0.00137257302025482,0.0699604864325242,0.0107487662119096,0,0.000135755759075669,0.0664440401283663,0.000705165345926708,0.00416280091223394,2.80591146320947,1.41945426944923,0.350989281560296,0.000313672249854218,0.00281583572632757,0.000290957092966356,0.557733951135043,0.00116435901761164,0,0.214779874434776,0.000126670445911286,0.0920785977423832,0.304538456529971,0.26883434305564,0.0223369415118215,0.0100637335130793,0.00532966966493008,1.04518637206754,0.0645861868237175,0.112936978892465,0.0120325197396641,0.00268917230383397,0.000943983086667535,0.000990222038078204,0.0567235646628522,0,0.0150749210336265,0.000261847284138046,0,0.00020218895443426,0,0.000268268528801519,0.00038539727184,0.000924935455764081,7.85394085025155e-05,0.100920647882793,0,0.396988413216939,0.000593701391925984,0,0.000770333398563683,0.000174430711623172,0.00766612970242586,0.0015441532625443,0,0.000399816723849913,0.00232111349788016,0.000141482075940809,0.000939875945066542,0.0622699010166187,0.0273482215306941,0.0294623734122492,0.000307770257475734,0.00140636576051856,0.00010730373569651,0.0342713901825536,0.000711807837754133,0.000196715804364211,0.00487922976546804,2.35819808809693e-05
3.95149200697224,0.000181328921395646,0.206729546973606,0.0206549420350793,0.0201938548877815,0.265338921024233,1.2408532849319,3.44318686030798,0.0280887831079644,0.149163063142048,0.00858653707639709,0.0428655044607363,0.000904187096078529,0,0.0115400073403944,0.000767142619055837,0.13150950440695,0.00156644242329481,0.0325476834574336,0.0059211523998967,0.0111958014159158,0.0025514027001552,0.0955451569893291,0.084452974590772,0.000320995921330698,0.0164102773523183,0.0118656159820622,0.0651624860812022,2.21914574148739,0.10552818287158,0,0.241179513682249,0.0035327479233179,0.132109441967454,0.000277381115468464,0.0156093759652113,0.027582011093459,0.113258003905914,0.0103949317181995,0.145009982231392,0.0840103212156889,0.0011297689199803,0.00206127511450007,0.000291240149470489,0.00199078279125248,0.00031016723377905,0.00191325712094969,0.000346840675776291,0,0.00145993599441588,5.05890292411626e-05,0.000788290625202911,0,0,0.000429899323653655,0.00184374841422598,0.000903557784841736,0.00662449546763562,0.000292210178370628,2.54510380363632e-05,0.00067325707967923,4.22660858782789e-05,0.000818770881089265,0,0.000225885607938032,0.00014401544518778,0,0.00014244695673123,0.0002802737869518,0.000179757650104329,0.00167979609330727,0.000270589525216203,0.0139745864173898,0,0.00016730035147409,0.00178929510514568,0.00456690872538459,0.00333079532373102,0.00253739742620106,0.000103334499869158,9.14212599684963e-05,0.000822864342214957,0.000754380708110669,0.000314943516354872
0.000333954121700964,0.00132315443650069,0,0.0036680669275626,1.31676032025113,0.275385641285813,0.000697252563175228,0.0742922580807215,1.07990940080135,0.00611289343204657,0.000590451201436769,0.789833029829277,6.94697258535638e-05,0.0115400073403944,0,7.13343546956784e-05,6.03610801051813e-05,0.000147398046791553,0,0.00854380881430993,0.000671288158111119,5.94837877234051e-05,0.000765641699184502,0.0125088071653256,0,0.000228728948402075,0.000723419798977927,0.00206624845498606,0.00571665945900317,5.45096309387053e-05,0,0.0329474098850594,0,0.0024811444064278,0.0761076314062157,0.0156555469685808,0.00293389524083872,0.00251096003580406,0.00247472647949961,6.34758495650368,0.130591195258867,0,0.00207043369123387,0.00414253150170382,0.00270600790340781,0.00351950374198289,0.00581335376815271,0.00049461574303969,0,0,0,0.000338051318155672,0,0,0.000240996565050614,0.000297745929894168,0.00016340968855659,0.000973252508354941,0,0,0.000762279812794014,0,0,0.00221353916598613,0.00177727444058204,5.60827682934812e-05,7.64497376266218e-05,0.000186065866918161,0.000480913195130741,0.00140637086410246,0.000288816965936995,0.0032522398176437,0.00128744819950621,0,7.03141731676299e-05,0.00102696560724872,0.000866220567271109,9.77599314335243e-05,0.000440432315532452,0,0,0,4.04525420469987e-05,0.00941458673101513
0.00141055434680773,0.0657329078135683,0.018136851215961,0.000193451073573492,0,8.77742107742692e-05,0.0051147603234217,0.000377912174088436,0.00873769448111455,0.000526704819529017,0.00524805670601387,0,0.00129425250960863,0.000767142619055837,7.13343546956784e-05,0,0.0210562595559443,0.00151543897325581,0.00948486912339254,0,0.743429743099213,1.70023313704298,0.994503231385911,0.742305487107834,0.00406347040690003,0.00789509580367265,0.534734012066285,0.175138813029962,0.00120182879478159,0.0409040975573495,0,0,0.000913810943275042,0.031388937575886,0.0133996809342734,0.38722091582141,0.318412097725247,0.155503481200265,0.109586940465763,0.0609516462387956,0.00574199592934534,0.00217568600494748,0.0703927246568624,0.127428413362113,0.0256313952460082,0.0326149698497377,0.0119194470810409,0.00582180299291529,0.000192640695419993,0.00214675660773376,0.00378155584970045,0.0102657999259873,0,0,0,0.00378607383513318,0.000431780695319066,0.0167034199022381,0.000135152282518523,0.00162715218204591,7.89015978567079e-05,0.000937853886658395,0.000894874309617223,0.00138469104693973,0.642507658000216,0.00604464358665672,0.000309075359302281,0.00208822606815266,0,0.113681034096248,0.308324848726208,0.133352757399963,0.0564879928505929,0.00054877189632208,0.00301434765573111,0.0504766074691239,0.0520586484863931,0.00660709018786651,0.0538855835987031,0,5.95930209394656e-05,0.00887168829585098,0.0142244313644941,0.011949510392241
0.218626274349417,0.0277454275650874,2.0824960614402,0.00100403939777605,0,0.00425471672096055,0.0599285761847218,0.06382683955456,0.0135011838912179,0.00336020304217767,0.0772906088014792,0.000243411449106775,0.00137257302025482,0.13150950440695,6.03610801051813e-05,0.0210562595559443,0,0.0212980107691554,3.63583514295089,0,0.048090951659907,0.0273521749692467,1.50414885383532,0.0248613710212448,0.000607101833537828,0.489757620790059,0.323097027160416,0.0244322960191861,0.070596567300573,0.17444094697659,0,0.000306929860763353,0.0124759530132896,0.596174731166389,0.00155722797326128,0.051996462272441,1.05474749996073,0.380810664555246,0.0838950709766546,0.00951388517599504,0.000556944270560444,0.000713524354100122,0.00973824265686943,0.00833326692275222,0.0113122549192762,0.00517668216584224,0.000174991993093369,0.000288246461332839,0.000412473015089298,0.000701892753090268,0.0330129280442664,0.0115066656772323,0,0,0,0.000380762856090185,3.48534171785322e-05,0.00173038852841822,3.58080198196279e-05,0.000896850043951699,0,0.000677138630486621,0.000108292019910588,0.000407279210598896,0.00194625562076985,0.00672135462008122,7.14545365206876e-05,0.00492967483257058,0,0.000633160661805683,0.011478367004709,0.00121040885786849,0.00214678388597437,0.00236350349454036,0.0125232106334721,0.0318649514409112,0.000949826705184624,0.000311394750079609,0.000421149567475239,0,0,0.000182990891584984,0.00279515980877939,0.00143538108185739
0.00183568296158385,0.0155290686042463,0.00638946725434178,8.58288854576755e-05,0,0.000425234204098612,0.000803080683930537,0.000979715955831911,0.000850609463949917,0.000384843824343324,2.79877424520175,8.90690387551265e-05,0.0699604864325242,0.00156644242329481,0.000147398046791553,0.00151543897325581,0.0212980107691554,0,3.34958004849777,0,0.000436777671144642,0.00341289076002563,0.00180706380525369,0.000406041009875183,0.0234886283362221,1.35658455513828,0.0434739985302512,0.00123999946162271,0.00357184395742411,0.000343537344440483,0.0102920848253667,0.00113438413179095,0,0.0839381578251222,0.000716212652445034,0.0694555168402194,0.250329974801291,0.369199306611475,0.0623311234654365,0.00589777393922571,0.00174569862541301,0.00773382746378198,0.0010033372229824,0.0217971885771986,0.00329485443718484,0.00122926911315505,0.000156414662822657,0,0.00172366677968484,0,0.00522610174735208,0.000397864037237695,0,0,0,0,0,0.000396979756853666,0,0.0140726859416244,5.39073675387496e-05,0.061901787423441,8.04268416929291e-05,0,8.84135796173748e-05,0.000293889466650571,0.00202879553019031,0.0012741843808891,0,0,0.000455682046991424,0,5.76360811582479e-05,0.00998415839749815,0.00964235326872665,0.00942681041918529,0,9.84820989036943e-05,0,0.0143243138776815,0,0,0.00112192051179217,0.000656816694088386
0.0768557575001857,0.0308236608613118,0.15827182915952,0.000382835920872723,0,0.00129008280931714,0.0133513485218951,0.0135642409559081,0.00362299279862903,0.00086657188726677,0.911159139805379,0.000259576243909914,0.0107487662119096,0.0325476834574336,0,0.00948486912339254,3.63583514295089,3.34958004849777,0,0,0.0141229916637687,0.0130258999105883,0.100577762779162,0.0070313726144594,0.00572192193009671,2.01540193423127,0.147975584500625,0.00668836676370177,0.0252987282393509,0.0537076724179589,0.00138614736599024,0.000724231288460125,0.00719574965771962,0.446342808478663,0.00189598052387151,0.119544627904344,0.497624943267861,0.437156521203489,0.0961347495214009,0.0061034135956437,0.000907662274646455,0.000204358612345424,0.00515894612626123,0.00523781636954337,0.0058496509733042,0.00144995752187107,0.000671139199609279,0.000114103541945156,0.000402565766405363,0.000148079383643612,0.0121121821604751,0.00229790086009504,0,0,0,0.000137739794201732,0,0.000168283735626693,0,0.00389884652471761,0,0.0111147914955924,0,0,0.00107963172956589,0.00135059332259159,0.00141521015211341,0.0032901676950447,0,0.000310795178513685,0.00390678754824958,0.000678326695172256,0.000634407504666347,0.0150823828086644,0.00944524030939446,0.0195365269921395,0.000379616582885459,0.000130491319681207,0.00018229449699147,0.00142858094609535,0,0,0.00133019279076722,0.000987084615091638
0.00192295959379889,0,0.0002258757608652,15.5850590377518,0,0.0297842135342342,0.00897997672422124,0.0107382091205249,0.19538988284123,1.85377137412059,0,5.88582383842035,0,0.0059211523998967,0.00854380881430993,0,0,0,0,0,8.50166943151048e-05,0.000393825504065998,7.19761789121636e-05,0.925451042955049,0,0.000164266137628525,0.000258038409657359,0.155866814197101,0.00636733060999237,0.000219941486335896,0,0,0.00117299529325,0.00168476859899323,0,0.00568588577692995,0.000966229451776171,0.00790889274594047,0.00350339997807805,0.0637111154670685,0.000522609641846382,0,0.000487399417701852,0,0.000258568197244784,0,0.000958255493783523,0,0,0.000212941472672023,0,0,0.785102796753846,0,0.000428825671708814,6.72179156744044e-05,0.00109099793981587,0.00611295298639614,0.0600596831580967,0,0.873112629333743,0,0,0,0,0,0,0,0.000493004829245948,0.000106046528170688,0,0,0.00511991608227472,0,0,0,0.000628175203910585,0.000377650891959229,0,0,0,0.000150033503166756,0,0
0.0188896320893871,0.000507256422650842,0.115534113148142,0,0.000101376575849174,0.000879745848326331,0.0459699362773825,0.00426531762405514,0.00138742587325493,0.000989930213520188,0.00479614299038926,0.000127714161714951,0.000135755759075669,0.0111958014159158,0.000671288158111119,0.743429743099213,0.048090951659907,0.000436777671144642,0.0141229916637687,8.50166943151048e-05,0,0.0146074627543368,3.59523337324969,0.0936499061753098,0.000122979961398345,0.0029067098490687,0.0777849801328924,0.293310165950819,0.0180300218827545,1.88036693878819,0,9.89347709671601e-05,0.0807340750923502,0.432737706801619,0.0217193537717904,0.328517301330463,0.252345671495995,0.472082577530853,0.158202503599533,0.0791420482768829,0.00453070105004306,0.00197017628831677,0.0104420290624602,0.0129930132503824,0.00263612539168305,0.0037959845399094,0.00234299988250755,0.000208618747333174,0,0.000307109962887041,0.000228885853372849,0.00097795938023878,0,0,0,0.00105338771817956,9.42519222094994e-05,0.0015277469551167,0,0.000311890924340351,0.000124140280503609,0,0.000251676132481634,0.000592853790220134,0.0525193518777182,0.000366038728016519,0,0.000323690246730698,0,0.0257221267019293,0.0161336299754984,0.014594729152508,0.0114071632896177,0,0.000255571626230337,0.00350475519986005,0.0141547603942149,0.00180845434330748,0.0152061725237841,0,0,0.00184410142814952,0.00173749560262262,0.0147953102087917
0.00896376877530615,1.47493699589623,0.0171275423628965,0.000101508375596127,0,0.000213853460771452,0.00943650662904162,0.00124551512751698,2.12696125450743,0.000302166544351546,0.0204625495632059,0.000232168243913649,0.0664440401283663,0.0025514027001552,5.94837877234051e-05,1.70023313704298,0.0273521749692467,0.00341289076002563,0.0130258999105883,0.000393825504065998,0.0146074627543368,0,0.0305515420578498,1.72153177602053,0.140704169744994,0.0250667668323403,0.624202892315073,0.0369518196251844,0.00477061741390947,0.0261504126282784,0,0.000144748565107655,0.00170235661621993,0.0161826506316802,0.00128523504249852,0.0755569314068212,0.132050229899442,0.0631885522261473,0.022368867787549,0.0124521229127534,0.000190068663387164,0.049614079210261,0.0571034271518056,0.062766841394684,0.0363375578836745,0.0279581781658289,0.0110026501048471,0.00331959338532147,0.00238733822014886,0.0036873993415485,0.0409536360423099,0.0408507526346275,0,0,0,0.00498251344424754,0.000754264000149792,0.0830983887789768,3.09952036079623e-05,0.00703941671159504,0.000323885301558373,0.0161827034450208,0.00182876782330779,8.26641527306299e-05,0.173520951374958,0.011930755282358,0.000840438267578544,0.00394533151044931,0,0.0174233210407578,0.486322532433967,0.0437803050486967,0.0470441506588778,0.00624179259925473,0.0076107530451845,0.100144690850553,0.0265544102363739,0.00906131362013954,0.0185461749911441,0.00334288750722985,0,0.00577458486751038,0.010734568371227,0.00242420349648275
0.0488299524109129,0.00218546605467118,1.09628184950465,0.000680351616928294,0.000274759517639757,0.00592760860578663,0.199869766453293,0.0473594307045497,0.00610840788286505,0.00977985453640957,0.0106297737504194,0.000323240286088856,0.000705165345926708,0.0955451569893291,0.000765641699184502,0.994503231385911,1.50414885383532,0.00180706380525369,0.100577762779162,7.19761789121636e-05,3.59523337324969,0.0305515420578498,0,0.0510286559171864,0.000236609639523905,0.0349795839288434,0.913311176643178,0.304304095747422,0.0174054563873654,0.403433069615716,0,0.000461677307374903,0.00253205428350962,0.30112590391268,0.0293883009855951,0.475428895663781,0.992715211178488,0.677227466359243,0.244396037804437,0.0971236931988804,0.00531596168495244,0.00221875968591547,0.0286467581410067,0.0257858335408046,0.0123523993379943,0.0135071159569894,0.00462615672425346,0.00107162902390443,4.76417896719261e-05,0.000843573216409486,0.00520536773868084,0.0195912949669514,5.75776149072658e-05,1.61720962052903e-05,3.49007715448721e-05,0.00166362901468306,0.000350748114435359,0.00313493245989583,4.40343750903781e-05,0.000288879323816802,0.000459447009037708,0.000192538017367992,0.000705160922072147,0.000359968361404445,0.0744557845729713,0.00444769717436149,0,0.00138906789479538,0,0.013244586081357,0.0741385337544968,0.0311695270404756,0.00788591973742974,4.57465826437468e-05,0.00259950563032713,0.0731971811729105,0.00716302031409888,0.00157117332784489,0.00540184218592816,0,0,0.000984039847663434,0.00410026684686346,0.022286593287374
0.121786511767454,0.0628805463148268,0.0653052604575441,2.22739786967515,0,0.225732987709777,0.378535558978792,0.143747544295846,2.97946409388162,0.586066317315173,0.00416299704312254,2.7214848853428,0.00416280091223394,0.084452974590772,0.0125088071653256,0.742305487107834,0.0248613710212448,0.000406041009875183,0.0070313726144594,0.925451042955049,0.0936499061753098,1.72153177602053,0.0510286559171864,0,0.00613173830864175,0.0215337190454539,0.167747767313276,3.25099986020316,0.131612233427511,0.200117686168807,0,0.000374983893336924,0.0375724831710727,0.0816843356601022,0.00628221928756011,0.243626339123514,0.065416227071897,0.15831113840326,0.0644691660605723,0.190021214343677,0.00546549444917113,0.00322527555629556,0.0522554847892356,0.0125628314549029,0.0305211000265876,0.00938115163152496,0.0481492359133741,0.00957910976496385,0.000520713170349138,0.0309223245195235,0.0045514960112352,0.00740311538305553,0.0355193170716901,0.000119032866753748,0.00941644512971145,0.0387374440587522,0.0313863278429343,0.248426871956056,0.0156145992045279,0.00162782318295257,0.0564625079289816,0.00113790765825716,0.022632325698053,0.000842892837374582,0.044946359654757,0.0022139688439777,0.000189334487069426,0.00117667256911459,0.00501859685026826,0.0224310066144953,0.0692670065571107,0.00986812770925351,0.338496152966686,0.00048359163174322,0.00264446022138762,0.013125897800638,0.100347193235212,0.0609673751514979,0.0787752579022414,0,0.000710489677194656,0.0142656891289565,0.0145321384810596,0.00390115154234856
0,2.02642045011362,0.000295067107550171,0,0.000141499730382123,5.60105511204063e-05,3.9253249615393e-05,0.000112544441054159,0.0279251866226674,0,0.563311434876283,0,2.80591146320947,0.000320995921330698,0,0.00406347040690003,0.000607101833537828,0.0234886283362221,0.00572192193009671,0,0.000122979961398345,0.140704169744994,0.000236609639523905,0.00613173830864175,0,0.22753786596765,0.724277697970147,9.94629375858098e-05,0.00095449468901641,7.80563364435592e-05,0.00493499242003033,0.000632484911761447,0.000306595777220357,0.0225769940027273,8.75393083142801e-06,0.00575984111423392,0.31610839916002,0.073848267377064,0.00886809717740426,0.00276955117254402,0.000981487356830645,0.618873640990956,0.00375642543328743,0.284252349277459,0.0232539881785429,0.00313318490057955,0.000616223910102243,0.000915618850423317,0.105549954019551,0,0.0709996608082819,0.00161420390776188,0,0.000396693551985544,0.000356508353620036,0,0.000218770808503452,0.000662135751186066,0,0.140862967626028,5.67745512357401e-05,0.411892465530915,0.000617082871996144,0,0.000371543901901574,0.00104588010637568,0.00656513220886196,0.00456955158836318,0,8.17867781341564e-05,0.00421536381626319,0.000185080445339165,0.000361876129465017,0.172073530813573,0.0243439121093948,0.0290814039950018,0.000232879508962248,0.0023392742877595,0,0.0337305028225017,0.00182725072681666,0,0.0101495797853203,0
0.00813237955684834,0.0650537496128869,1.1554128068987,0.000956144516112417,5.51617483119105e-05,0.00307376643315515,0.0279328375044402,0.0123167314814349,0.00950299136771186,0.00326121968484849,1.67580359510647,0.000242271015270486,1.41945426944923,0.0164102773523183,0.000228728948402075,0.00789509580367265,0.489757620790059,1.35658455513828,2.01540193423127,0.000164266137628525,0.0029067098490687,0.0250667668323403,0.0349795839288434,0.0215337190454539,0.22753786596765,0,2.24630502915546,0.0216805453723035,0.00763223362416539,0.00790727109816234,0.113444833098602,0.000720392551170836,0.000693916705113322,0.104116890004302,0.00232093894341702,0.101287096706311,0.293412923072163,0.376871962338404,0.0654786919815994,0.00601691624904523,0.000744644658163702,0.0118976596131039,0.0113767513801198,0.0511680319853639,0.0237977811794333,0.00739221550940833,0.00065767236676146,0.000152652947771167,0.0041422266791656,0.000529023292654474,0.0334408933827872,0.00499299610068742,0,0,0,0.00019686492133581,0.000188568763401275,0.00112903280151343,3.11906706002569e-05,0.0570544673081405,5.43743843427714e-05,0.168685946561155,0.000542020295974968,0.00010500031989396,0.00147528380222381,0.0022522043393794,0.0112370587858984,0.00988133526117071,6.54125050219309e-05,0.000670064907083358,0.00493135836557318,0.000792260475028874,0.00173726614088223,0.0546539085459036,0.0742282286730327,0.131493201248164,0.000463823723225719,0.000692447051661689,0.00061541514403158,0.0143403600297026,0.000186260489807286,5.08407089887491e-05,0.004993113225533,0.00147724888063876
0.00893387216367859,0.861922094620571,1.25759557323165,0.000453078044248901,0.00034109880931827,0.0011322235350684,0.0242524454347589,0.00734065421547452,0.0628464820457863,0.0032836333134616,0.111788109319111,0.000173889881528667,0.350989281560296,0.0118656159820622,0.000723419798977927,0.534734012066285,0.323097027160416,0.0434739985302512,0.147975584500625,0.000258038409657359,0.0777849801328924,0.624202892315073,0.913311176643178,0.167747767313276,0.724277697970147,2.24630502915546,0,0.113296955915542,0.00646029652158106,0.0123910585189684,0.199107219186042,0.000331414592639408,0.00138064409163437,0.202611334771567,0.02352694813786,0.41558912795152,0.478500584554922,0.546302747745231,0.174409187928308,0.0244244173399744,0.00223877381020308,0.00328527987960478,0.0753631412967401,0.0615730347037792,0.0658178189457972,0.0299054842332582,0.00483792906792009,0.000596123254670852,0.00209319741585384,0.00165233184626879,0.14555604268854,0.0840675718299983,0,0,4.03221499116111e-05,0.00356318211147061,0.00141677110148321,0.00773020913893562,0.000170978112115831,0.0234503129839216,0.000198910078669525,0.0783256438543384,0.0017262555171667,0.000431755394966288,0.0298321674360269,0.0349450077756728,0.00855862962206866,0.0287330335592961,0,0.00477110565322263,0.135177458140206,0.0294692677193162,0.01030778422954,0.0776976496439432,0.13520692662347,0.453342329731563,0.00661361148015186,0.00176280499788766,0.00286829423181002,0.00829592302640679,0,0.000215118971578627,0.0161875016953299,0.0205481606885895
0.0715515848265187,0.00142705389174717,0.225057241627224,2.30497217864626,0.000109287602158207,0.0625385622870894,2.37091556639901,0.0503969188068249,0.138877475448124,0.632866178715734,0.00326343435155798,0.0241067509431065,0.000313672249854218,0.0651624860812022,0.00206624845498606,0.175138813029962,0.0244322960191861,0.00123999946162271,0.00668836676370177,0.155866814197101,0.293310165950819,0.0369518196251844,0.304304095747422,3.25099986020316,9.94629375858098e-05,0.0216805453723035,0.113296955915542,0,0.0819575795854534,1.14619184854546,0,0.000170043709528517,0.022818011416209,0.133426004209863,0.0126411541292183,0.292673331713124,0.0555872747860614,0.240521950480513,0.0896519389811903,0.107301073626545,0.00761869114666903,0.00102409961241266,0.0191144198521594,0.00711589728768032,0.00910437224620745,0.0042966811043409,0.0128265134395996,0.00235331847001534,0.00013103921487901,0.00953025677334329,0.000567293571339251,0.00328543062377845,0.00831768491641632,8.03941219372972e-05,0.00159763979943873,0.0116684255838411,0.00676770021912511,0.04946543782668,0.0017140014269711,0.000695939918287012,0.00767557243181573,0,0.00655557741757269,0.000141219523320901,0.0216520377884447,0.000856422078950514,2.27936923520729e-05,0.000792751729635134,0.000683384678342436,0.0196727936446218,0.0263454356262236,0.00525165251075278,0.0868784032916763,0.000112967381414394,0.00100642633394234,0.0051277999564248,0.0439549385482847,0.0207736412947418,0.0448578113428482,0,0.000176702177258219,0.00695049628282599,0.00625089262909249,0.00810680368803474
