0,0.00190420954162618,0.0994902350443582,0.000240313977062423,0,0.00139979780173949,2.68952638314058,0.118301653031301,0.00492985959576274,0.0104927395897484,0.000676301588325117,0.000339252614760671,0.000565613374109753,2.04508710395805,0,0.000726866529760187,0.0603354302591271,0.000461490750844167,0.00378170004596811,0.000175288058535898,0.0411602295748918,0.000694529545257191,0.037671622523801,0.009301172165551,0.000222587823892638,0.022920551793808,0.00807974590875026,0.0350558310075698,0.895900304132627,0.91487207712426,0.0001457451724341,0.000165377440176545,0.00421431659082205,0.0424695054836407,0.000131163218963016,0.0224698273547936,0.0162299975787272,0.0513116218860218,0.0252580048196337,0.00321660791302463,0.00305463258162757,0,0.00304543863507038,0.00056525124129744,0.00231622229581057,0.00202808663293513,0.00059766385171163,0,0,0,0.00160840933888866,0,0,0,0,0.000719610494732308,0.000283535160516423,0.00357922640130369,0,0,0,0,0.000404626781101702,0.000780642143153543,0.00102388923361026,0,0,0,0,4.94968751916804e-05,0,4.31139365637944e-05,0.00484733316370567,0,0,8.47572745486759e-05,0.00194085980071528,0.000320211206590012,0.000216249568959346,0,0,0.00142378478803689,0.000246740090826436,0.000420584896902096
0.00190420954162618,0,0.465297585775731,0.000322336747016608,0,0.000194436230640816,0.00395312840436229,0.00139100255375134,0.533542347575573,0.000830642057744512,0.00844108928481235,0.000608790601446842,0.0309666027025641,0.00178733970775395,0.00452424947601969,0.140721049285474,0.0571125740817092,0.00888291820804274,0.0297225579219625,0.000215492898801538,0.00741492309200364,2.27941505459296,0.0176481567221635,0.299140803330228,2.9554955724747,0.150068930817308,2.09831758306646,0.0198092607108707,0.00143612229400982,0.00525345887928826,0.0130931833968485,0,0.00118944599880399,0.050930062315767,0.000414827572469405,0.0558051407213668,0.107150802504742,0.139185360233175,0.0690587178344629,0.0289664751928688,0,0,0.0113005108508517,0.0671624848167333,0.0159790681364164,0.0187517378125113,0.00177061315881691,0,0.00355911455112523,0,1.22388050419729,0.0802996766409197,0.000181386871744001,0,6.53876910155049e-05,0.000883431180427342,4.63371040123647e-05,0.0546036556399456,4.10351511710388e-05,0.00376376211358732,0,0.00207929027672242,0.000784290132929733,0,0.0310500795462208,0.0164366373657741,0.00134068867287118,0.00918421474626733,0,0.00210296099549998,0.17462828852687,0.00683327523983197,0.00698133766314448,0.0478097372361223,0.0885028409453717,0.41050938397849,0.00108693489706821,3.6284797896908e-05,0.00151687893939999,0.00158055631549581,0,0,0.00624663002733203,0.000811422091202581
0.0994902350443582,0.465297585775731,0,0.000513660406479598,0,0.00254809512401474,0.159492055676734,0.0991149385046266,0.0030059694804679,0.0117226426916741,0.0129797381287958,0.00052479416780385,0.00961781019095948,0.126446214459731,0.00078641512611514,0.0210597762017273,2.5387107740366,0.00288935149063928,0.0615387801092567,0.00183232760079991,0.319904643299959,0.0150105214520678,3.03134725008491,0.0152400291725192,0.00261776430287071,1.17753931424205,1.85005402265074,0.0907854111842707,0.0353707845375737,0.328590620791036,0.0030891790092558,6.3194831581469e-05,0.00650334140566642,0.311494032378651,0.00315921252627096,0.306737774751722,0.4590216383134,0.596054836413988,0.219067256461269,0.00821987050995644,0.00106943962112403,0.000961458997616078,0.00344843782891392,0.00226533603567283,0.00144886091228909,0.00264356339412225,5.91618200089031e-05,0,0,0,0.0173080528212089,0.00865952680416642,0,0,0,0.000341202064060863,0.000169287879830345,0.00105954582053514,0,4.45049785180638e-05,0,0,7.58018073665229e-05,0.00108507189460198,0.00330564910221325,0.00151618847097312,0,0.000204805297558656,0,7.37925252777142e-05,0.00699876430017662,0.00183230800942804,0.00261168412036496,0.000110074551823497,0.00337192130548861,0.0361811852162404,0.0016515237292786,0.000208788091201319,0.000251863670315274,0,0,0,0.000606627930309976,0.00449257658266607
0.000240313977062423,0.000322336747016608,0.000513660406479598,0,0,0.0198301517058548,0.0145811729319676,0.00868200663674668,0.311865883415689,1.30482667274727,0.000106143361592959,3.24281313345849,0,0.00424477771180273,0.0060885322739125,0.00119321041905832,0,0,0.000150565298319963,10.386676869906,0.00039994539187304,0.000622143032819891,0,4.98004118540588,0,0.000209295185768458,0.000182417610999651,2.44011944752397,0.00612556747440805,0.000333471805042249,0,0.000888466215611134,0.00153953141898928,0.00615367536480116,9.80476234412789e-05,0.0142526366676269,0.000991242955011214,0.00988276225102606,0.00914818562214358,0.0498986101821015,0,0,0.000607643919808725,0,0.00105877387940442,0.000437578192484881,0.000312870528389769,0,0,0.000596398937056139,0,0,2.66192228084096,0,0.000562323263770505,0.00105070348578357,0.000594618319532703,0.0244644497064847,0.0183626383866556,0,0.951436895459015,0,0.000230490021463406,0.00025225349130522,0.000189134160892376,0,0,0,0.0260413333429435,0,0,0,0.0163315835970811,0,0,6.61127672637596e-05,0.0432808935359057,0.000476010347052054,0,0,0,0,0,0
0,0,0,0,0,1.54521624920365,5.6109816384035e-05,0.0353672366150587,0,0.000669356782359992,0.00146624771335591,0.00110519864903291,0,0.0017239863826715,0.0478202326868898,0,0,0,0,0.0016537942591346,0,0,0,0,0,0,0.000366466229841366,5.63854880925216e-05,0.129121748753182,0,0,1.68077665140016,0,0.840898965811793,0.000177469720011663,0.000250907041022966,0,0.0552226340032816,0.00881573424823734,2.16172822281159,5.19251586607957,0,0,0,0.00109443357779442,0,0,0,0,0,0,0,0,0,0,0,0,0,0,0,0,0,0,0.000322764526748967,0,0,0,0,0,0,0,0,0,0,0,0,0,0,0,0,0,0,0,0.00194753814170163
0.00139979780173949,0.000194436230640816,0.00254809512401474,0.0198301517058548,1.54521624920365,0,0.153478878033621,3.28733243393268,0.0158234287228773,1.44918357007346,0.00118824226831948,2.51559616342825,3.9495509179842e-05,0.0951244094145657,0.255191607819997,3.99611181057689e-05,0.000258825151156609,0.000119848412356218,0.000876063867845476,0.151351377917287,0.001546232337277,0,0.00135794670530471,0.0322806632861556,0.000427733320015296,0.00179059732557956,0.00208795519968801,0.1388788147764,0.557178377445114,0.00239442179472999,0,0.244832509468282,0.00240379715415669,0.382076253151241,0.230668446917579,0.0171309866203486,0.00196193658630106,0.14589891107006,0.0324723182420647,1.06774750698953,0.544556635721242,0,0.000400194038364761,0,0.000311572977804094,0.000132648307023395,0.000592843943718032,0,0,0.000137285620289106,0,7.76944565602372e-05,0.000815142853356028,0,5.13358221230628e-05,0.00144446487820384,0.0001415855433243,0.00474827737949457,0.000604408389942024,0,0.00810193575466132,0,0.000460007642441074,0,8.96551521485239e-05,0,0,0,0.000174736226992867,4.46466815785091e-05,0.00020975984734632,8.7543160927025e-05,0.00622648538058014,0,0,8.31232064761314e-05,0.00388250785046245,0.000465732731424568,0.000409915762316676,0,0,0,0.000242153235034567,0.00225288078011155
2.68952638314058,0.00395312840436229,0.159492055676734,0.0145811729319676,5.6109816384035e-05,0.153478878033621,0,0.389472805958913,0.0548084256259747,2.50111058184308,0.00116493778819623,0.00655885387830236,0.00088844326064453,1.72042568492603,0.00123034886100253,0.00573506609143574,0.0238000042800005,0.000375626418503043,0.00237180605102814,0.0281728627079246,0.131917476693398,0.00489361953875237,0.092621799007412,0.085633836240247,0.000930980000078656,0.0263618046485458,0.0283727097332218,3.98497753550949,0.167746196690121,2.07315111177893,0.000154004995969309,0.00111297885252393,0.0383357265420938,0.0995415457087056,0.00212019343338732,0.202973105787417,0.0391069149514572,0.149886936381647,0.131037460070662,0.0470824105819685,0.00239360435863416,0.00024260910345269,0.00827648503564075,0.00183283791681112,0.00476557332376869,0.0044323539130137,0.00155836133608964,0,0.000176242572732573,0.000799967748426677,0.000183609405420995,0.000377943882311476,0.00225892673104359,0,0.000396579687936095,0.00645849489744887,0.000623814647343009,0.0252099151286926,0.00239986962113803,0,0.000630010845605938,0,0.00294521943616034,0.000330142220847986,0.00488305181895606,0,0,0.000102291924370386,0.000209514906975541,0.000647723915372131,0.0028402934772454,0.000557389139301009,0.0557476514229697,7.8451287412731e-05,3.74964857000513e-05,0.00184718428260823,0.0240486449210032,0.00490800835737561,0.00346356911092675,0,0.00018227684332885,0.000201393520859848,0.00169379945615288,0.00303545715609047
0.118301653031301,0.00139100255375134,0.0991149385046266,0.00868200663674668,0.0353672366150587,3.28733243393268,0.389472805958913,0,0.0174515160153345,0.512878281377511,0.000774102118678528,0.0799271380884779,0.000229098776385338,0.699787081029277,0.00240794352741442,0.001062027503637,0.0427888171925925,0.000265427129223103,0.00331815943576331,0.0742734327509903,0.041425178994058,0.00110535051517849,0.0394982799601418,0.0555614052170924,0.000902843565747597,0.0278507355354854,0.0132342367994274,0.126630395862321,0.42221180368959,0.211497469407976,0,0.0507200651591213,0.00699988764321139,0.186581106412445,0.000753313018866951,0.0350769007033325,0.0138537855856558,0.118416378221333,0.0399545886128599,0.194338548863016,0.0962274601205413,0.00022442877284352,0.00261728573825102,0.00078429063602158,0.00197651579841972,0.00197154658853843,0.000765902104795134,0,0,0.000148995911635408,0,5.97150979047677e-05,0.00112831496071975,0,0,0.00266585285298732,0.000555516587585537,0.007626221706061,0.00112119606465099,0,0.00242779668929928,0,0.000966527019273212,0,0.000808165001610816,0,0,0,0.000621351867965717,3.68347423981745e-05,0.000259061773762222,3.61021113829494e-05,0.0261992637800801,0,0,0.000414818725166825,0.0111574788250402,0.00168039359057923,0.00121828229763791,0,0,0.000225529379255678,0.000912302876936483,0.000893476887354434
0.00492985959576274,0.533542347575573,0.0030059694804679,0.311865883415689,0,0.0158234287228773,0.0548084256259747,0.0174515160153345,0,0.105787479979269,0.00122232404685745,3.31694680757319,0.00555541521491426,0.00816526897085991,0.762856556938272,0.0148527157864296,0.00101668246387431,0.00141299517490705,0.00194776078686827,0.957300202558709,0.00494544388921838,1.65758261897366,0.00272277085375563,5.51930529555756,0.224682430663952,0.00768216371629256,0.102834465842899,0.490089568211742,0.00867878553706223,0.0136394248659889,0.00116665387709372,0.000448136199045188,0.00509273128069691,0.00787045486269526,0.000329172912805017,0.125797452654249,0.0195072041235123,0.0146178492377293,0.0244871680703962,1.83792136430101,0,0.000307825789176361,0.0714286516068148,0.0224253606289105,0.027108531487778,0.0431079160630622,0.0156989288853392,0,0.00121926657914946,0.0143271551822137,0.0238388686636884,0.00193997238779852,0.0341695178149184,0,0.00322429954305276,0.0246879711386603,0.00623518793141276,0.844637088631922,0.0110446609896141,5.57870840121105e-05,0.0259857134449849,0,0.016829021655181,0.00185534581238608,0.126657191287697,0.000836714352267714,0,0,0.00294412990022373,0.0205740641468613,0.230149643254876,0.00811661271911221,0.368139600150396,0.00309395443884545,0.000832872449049108,0.0133965806035018,0.109235461796804,0.0351328304823324,0.038913685870221,0,0,0.0166962211080373,0.00980401194217294,0.0015334031799877
0.0104927395897484,0.000830642057744512,0.0117226426916741,1.30482667274727,0.000669356782359992,1.44918357007346,2.50111058184308,0.512878281377511,0.105787479979269,0,0.00187214284368798,1.02782082282038,7.35438945540473e-05,0.279822076397221,0.00342640381149184,0.00102180090320653,0.00171166012902767,0.000249992863481879,0.000528383917560852,3.56420678336473,0.0090973481630706,0.000704565735247397,0.00768967731697452,0.199224398137217,0.000379153249097962,0.00350428470519599,0.00377939099970376,3.15391728644645,0.105551238910396,0.0123982556245643,9.26136163919167e-05,0.00290481672488698,0.0121344860522514,0.109664042228841,0.00331129276094483,0.137280888362021,0.0128271902926474,0.118431468368127,0.0992744082241061,0.171358602971322,0.0048991329691389,0.000784243194426246,0.00173625669602675,0.000220219812577971,0.00105781134654544,0.000959698841584779,0.00120612731333385,0,5.3503248608667e-05,0.00028178893880479,0,0,0.00880391779488175,0,0.000681354027268976,0.00563750941108,0.000935506047734747,0.022632726866158,0.0018075888617977,0,0.0213761879491341,0,0.000953158567284755,0.00025854823258614,0.000398245403513883,0,0,0,0.000827090546368439,0.000101625798366788,0.000217597562083443,0,0.0381502319890705,0,0,0.000333034119809824,0.0171901861759196,0.00107618974764511,0.000471640411017491,0,5.08403980836588e-05,0,0.00043073129671861,0.000779722798726489
0.000676301588325117,0.00844108928481235,0.0129797381287958,0.000106143361592959,0.00146624771335591,0.00118824226831948,0.00116493778819623,0.000774102118678528,0.00122232404685745,0.00187214284368798,0,0.000335541978985195,1.77148801944176,0.000721921504896874,0,0.000429683244681331,0.0156003605256785,0.400087855990346,2.27462575649443,0.000472478047718863,0.00129657121369768,0.00107206663622396,0.00415280251795953,0.00113998438292718,0.806585332534477,0.435479015501254,0.0913100241827463,0.0019627035545508,0.00636976645929499,0.00237870302406599,0.239690190332144,0.100078222962851,0.000855093532320134,0.922489570877115,0.00091055990191511,0.0756394097201577,0.892712453632695,1.81854181065513,0.0814791554109654,0.00264760087361847,0.0044263208096057,0.183080815742574,0.00121026334261684,0.000872869530602187,0.000367693612494197,0.000861571574793425,0,0,0,0,0.00152622702928387,0.000200534411305302,0,0,0,0,0,0.000127673777433893,0,0.000762390743418667,0,0.00391516603291638,0,0,3.76115068854432e-05,0,0.000488627215345335,0.00111564728449011,0,0,0.000227038869225302,0,0.00010817733794849,0.0111112211652639,0.002585908460877,0.00555943733980579,4.13365305733729e-05,0,0,0.000332332698401699,0,0,7.9541602278993e-05,0.000723678466566008
0.000339252614760671,0.000608790601446842,0.00052479416780385,3.24281313345849,0.00110519864903291,2.51559616342825,0.00655885387830236,0.0799271380884779,3.31694680757319,1.02782082282038,0.000335541978985195,0,0.000243616864215466,0.0327574840003046,0.254156002871033,0.000216538741736046,5.59336378836602e-05,0,0.000906601854533584,10.2973388093085,0.000347788655135257,0.000127966259614001,0.00033415031788336,2.37118572742639,0.000988479948125537,0.000601469925046915,0.00107803648417485,0.11010405430366,0.0700495280872035,0.000552369654436317,0,0.00563472721840279,0.000521603734905302,0.0780056853078109,0.323456887984158,0.0804640239344371,0.00154127047601001,0.0566080986156439,0.0265527449889907,1.57425278012427,0.00547081516391201,0,0.0010036631473561,0.000498738829322887,2.73692925152522e-05,0.000726564300509255,0.000802695559088025,0,0,0,0,0,0.0657496464435461,0,0.000139541419158173,0.000641772286990511,4.9022688212403e-05,0.00571544028138685,0.000605141252735431,0,0.71915472923492,0,0,0,0,0,0,0,0,9.12378981740725e-05,0,0.00010634944810147,0.00633686525989062,0,0,2.52001638323936e-05,0.00254700067104666,0.000231042713871705,5.04782168816525e-05,0,0,0,0.000212178510683163,0.0174182764276204
0.000565613374109753,0.0309666027025641,0.00961781019095948,0,0,3.9495509179842e-05,0.00088844326064453,0.000229098776385338,0.00555541521491426,7.35438945540473e-05,1.77148801944176,0.000243616864215466,0,0.000690385666517511,0,0.00118772044219235,0.00363891358979334,0.00705013636724336,0.0210625623149986,7.76475217411938e-05,0.000712021580449797,0.00331912972701224,0.0029189360891988,0.00201324388257741,6.71077299809951,0.28743995207863,1.10850899689544,0.000720414224568332,0.000857935793538732,0.0014038866532506,3.72364352688937,0,0,0.0556407192743881,0.000430344165064631,0.0608203755193475,1.54316169863093,0.417992157177977,0.0394497080202432,0.000565612832436946,0,1.37647391708149,0.00139684850862864,0.00171641724627126,0.00140713664186573,0.000302254221996357,7.92443062592888e-05,0,0,0,0.00416012767088777,0,0,0,0,0,0,0.000220840964031924,0,0.00604952576186223,0,0.251935998874969,0,0,0.000376982599033238,0,0.00290224151436333,0.00215507222108137,0,0,0.000334319147018374,0,0,0.0359882816548058,0.01067256653556,0.0143091500451075,2.88419907827639e-05,0,0,0.0018036602247268,0,0,0.000232669588079213,0.000338093774204704
2.04508710395805,0.00178733970775395,0.126446214459731,0.00424477771180273,0.0017239863826715,0.0951244094145657,1.72042568492603,0.699787081029277,0.00816526897085991,0.279822076397221,0.000721921504896874,0.0327574840003046,0.000690385666517511,0,0.000257628762656388,0.00201772299029744,0.0665400693935648,0.000148828888549423,0.00636106447318591,0.0390067603961294,0.0604713392663139,0.00177869154611831,0.0564660522560306,0.0408633017147958,0.00048118549606018,0.0374545105190096,0.0177803800890542,0.142198576738495,3.27792826215562,0.593262085402609,0.000215045153891206,0.0179375099537991,0.0167546102408119,0.255255734073371,0.000917363176047244,0.0490547420926338,0.0183134435199771,0.137748774000019,0.0515954238235615,0.0791280771635834,0.0199234212094598,0.00020641681034929,0.00304746474983304,0.000337940519089863,0.00224514494735999,0.00118883654719597,0.000347654388820048,0,0,0.000314940313426729,0.000184272080706663,0.000323324252936185,0.000350423279794664,0,7.96910856386301e-05,0.00219748648193355,0.00062113024259596,0.00895739444457044,0.000257495900580025,0,0.000444628635518334,0,0.000835018527478504,0,0.00150843471177002,0,0.000103997463959915,0,0,0.000449245692222087,0.000386903646773805,3.14516654004561e-05,0.0145910550471748,0,0,0.000570227971146282,0.00717552967318192,0.000998177035573939,0.00108388006450324,0,0,5.72757852372887e-05,0.000838887671780606,0.00102107907891
0,0.00452424947601969,0.00078641512611514,0.0060885322739125,0.0478202326868898,0.255191607819997,0.00123034886100253,0.00240794352741442,0.762856556938272,0.00342640381149184,0,0.254156002871033,0,0.000257628762656388,0,0,0,0,0,0.0219042561436777,9.89254557609712e-05,0.000993056942987215,6.07445335396826e-05,0.0673530045272205,0.000351112378331851,8.90262920350722e-05,0.000675315563459138,0.0069163480481251,0.00142535974147907,0,0,0.00348414362931753,0,0.00365644642550496,0.0446041172270818,0.0326691461673862,0.000597874502795952,0.00111881110950221,0.002300572101867,3.28725709002544,0.0235700717030702,0,0.00108013131069404,0.000696226987740243,0.00292230693789968,0.0101743079147016,0.00499624008953883,0,0,0,0,0,0.00045595355722558,0,0,0,0,0.000998007433323525,0,0,9.64124826870823e-05,0,0,0.0129825022952405,0.0019792376524389,0,0,0,0,0.000297383018891857,0,0.000659659589038549,0.00173954286318928,0,0,0.000152520644138012,0.000618789616875056,0,0.000144445667195335,0,0,0.000462675986284786,0,0.0196507497963123
0.000726866529760187,0.140721049285474,0.0210597762017273,0.00119321041905832,0,3.99611181057689e-05,0.00573506609143574,0.001062027503637,0.0148527157864296,0.00102180090320653,0.000429683244681331,0.000216538741736046,0.00118772044219235,0.00201772299029744,0,0,0.02398341274672,0,0.00242144231379746,0.000340843692235348,1.0348813200479,2.91582206570025,1.72830083755029,0.841564887795377,0.0247536005601042,0.0068412035801119,0.999775366302411,0.313289541386818,0.00347149311422675,0.0273037562534506,0.000109686625232934,0,0.00567947746650736,0.0696677359146228,0.0082068470316736,0.495200975990239,0.387318171672199,0.134905913826422,0.261908155244334,0.0575865345549007,0.0029507247042928,0.0043776426980651,0.0447125700762879,0.028612623925295,0.0226497654741077,0.0419441217395057,0.00357525597369757,0,0.000806751928112796,0.00134249938171379,0.0185954140497133,0.00547746235694701,0,0,0,0.0023469146478497,0.000359219604168958,0.0258519748024228,8.31089080785118e-05,0.000162724886456101,0,0.000474280506157089,0.00104504978718102,0.000550210391215174,0.57755634134633,0.00301057560005091,7.47280707479826e-05,0.000988329116709809,0,0.0222436730075476,0.23375399079696,0.0761850250232061,0.020269012349118,0.0034888708526717,0.00145415676236892,0.0577538627990479,0.0112280534764682,0.00345256055186381,0.0080682169096359,0,0,0.00202612308025474,0.00441742369486696,0.00975939340374832
0.0603354302591271,0.0571125740817092,2.5387107740366,0,0,0.000258825151156609,0.0238000042800005,0.0427888171925925,0.00101668246387431,0.00171166012902767,0.0156003605256785,5.59336378836602e-05,0.00363891358979334,0.0665400693935648,0,0.02398341274672,0,0.0198452014922776,1.68880194841125,0,0.155183032347616,0.0102905722915309,1.81037332118653,0.0139192450084473,0.00156517367912822,1.76993405145556,0.429742871743017,0.0322869796563904,0.0558399325042931,0.260570104710942,0.00197123267590572,0.000164790081745707,0.00597187921842756,0.537858170619819,0.000433898271837346,0.0428080188318934,0.106680060222716,0.0645425685928171,0.0253556415604524,0.00281589179624384,0.000327974911907109,0.00044013222667446,0.00042444789482131,0.000565712098364293,0.00053658283993295,0.000434604904100142,0,0,0,0,0.0021614349313341,0.00107927934668664,0,0,0,0.000123933072663977,0,0,0,7.29565362580526e-05,0,8.77633671818165e-05,0,0,0.00137510192719856,0.000103726234474487,0,0,0,0,0.00268695762264526,0.00109780995118886,0.00122507772102103,0.00120322562227337,0.000517729214923197,0.00713911884446103,0.000190038724596881,0.000187769852347417,8.66465135652347e-05,0,0,0,0,0.000968560426157368
0.000461490750844167,0.00888291820804274,0.00288935149063928,0,0,0.000119848412356218,0.000375626418503043,0.000265427129223103,0.00141299517490705,0.000249992863481879,0.400087855990346,0,0.00705013636724336,0.000148828888549423,0,0,0.0198452014922776,0,0.471109069211537,0,0.000658817190809116,0.00157210813783856,0.0015100852275836,0.000578419872060789,0.0136255183931954,0.157881006463403,0.024903712675122,0.000222013146651654,0.000617474928788588,0.000544787251575279,0.00398717486984418,0,0.000309127272854114,0.0137415885615999,0.000233606256349884,0.0141863769993948,0.0348357421697606,0.0750742694259349,0.0348122168050969,0.000656403890582538,0.000569119578794353,0.000528997383931291,0,0.00210392195494251,0.000144275314256278,0.000132741959578341,0,0,0.000225285213876445,0,0.00128072059244554,0,0,0,0,0,0,0,0,0.000646658763559563,0,0.000917724986639865,0,0.00016437198271772,0,0,0.000486861437399022,0.00126306380419794,0,0,0.000201959095715767,0,6.79763241682643e-05,0.00309324964210748,0.00238270303939756,0.00396370794226877,0,0,0,0,0,0,0,0.000344986114864158
0.00378170004596811,0.0297225579219625,0.0615387801092567,0.000150565298319963,0,0.000876063867845476,0.00237180605102814,0.00331815943576331,0.00194776078686827,0.000528383917560852,2.27462575649443,0.000906601854533584,0.0210625623149986,0.00636106447318591,0,0.00242144231379746,1.68880194841125,0.471109069211537,0,0.0011142283529241,0.00651591557453957,0.00251085834497972,0.0277229167689803,0.00308649140887607,0.0227619248150026,1.62367356254533,0.177933786546435,0.00287145933464373,0.0087602181703507,0.0127375237904438,0.00671630531857467,0.00135721920111897,0.00128264288692203,0.517837291188487,0.000977969207162896,0.0613439209316839,0.204433193728855,0.564062639990426,0.138735319959123,0.00337684211530181,0.000979730688918906,0.00156620793068976,0.000937523606060434,0.00295018450976381,0.00226184451205226,0.000400327701427252,0.000352100929446864,0,0,0,0.00274346105705849,0,0,0,0,0,0,0,0,0.00261648538775392,0,0.000543312933090999,0,0,0.000363055948282873,0,0.00120973506973294,0.00118725518891149,0,0,0,0,8.38491971134371e-05,0.00776364068968091,0.00438998984170845,0.0111757190685829,0.000126291517860461,0,0,0,0,0,0.000858097816954437,0.00125002825971167
0.000175288058535898,0.000215492898801538,0.00183232760079991,10.386676869906,0.0016537942591346,0.151351377917287,0.0281728627079246,0.0742734327509903,0.957300202558709,3.56420678336473,0.000472478047718863,10.2973388093085,7.76475217411938e-05,0.0390067603961294,0.0219042561436777,0.000340843692235348,0,0,0.0011142283529241,0,0.00106176437789598,0.000349282923729696,0.000635133948820536,2.76064051510566,0.00059489707855743,0.000707556120605813,0.00127986895239245,0.572875574371991,0.0549889998388984,0.00151295222086492,0,0.00300988532183657,0.00228792323195301,0.0743671472631937,0.000364909000446908,0.0857223523746445,0.00586876819413366,0.0807772158352427,0.078439556164002,0.333961939987803,0.00636723778812665,0,0.00160519514333259,0.000118739075455593,0.00133320653345683,0.000631883256377818,0.00178238834114232,0,0,0.000551382854627164,0,0,0.425472326091695,0,0.000370531232492706,0.00346368284096425,0.000325556582312296,0.0307259244045944,0.00316627132879438,0,0.825652987953162,0,0.000151330827306488,0,0,0,0,0,0.000434647217580613,0.000344494227582063,0.000735936074508212,0.000100473738885651,0.0232132163761522,0,0,0,0.00995389738416435,0.00030076138647694,0,0,0,0.000458508577537604,0.000403126876372317,0.000245439950198228
0.0411602295748918,0.00741492309200364,0.319904643299959,0.00039994539187304,0,0.001546232337277,0.131917476693398,0.041425178994058,0.00494544388921838,0.0090973481630706,0.00129657121369768,0.000347788655135257,0.000712021580449797,0.0604713392663139,9.89254557609712e-05,1.0348813200479,0.155183032347616,0.000658817190809116,0.00651591557453957,0.00106176437789598,0,0.0335007268709086,4.77388278666961,0.240650963336364,0.00299661243326382,0.0413387030288537,0.0898137590222751,1.46814983587783,0.493424659459339,3.58800688725215,0.000275153111138589,0.000474682535492226,1.36825659856341,1.03607332520776,0.0179512885289934,0.626975406248806,0.175068242315454,0.606748654342047,0.478169412564591,0.0842552037530338,0.00234592964160808,0.00204142852121975,0.01397606170925,0.0023491357241859,0.00290286752065631,0.00636535453930513,0.0034553188361471,0,0.000157714910443828,0.000307821435134734,0.000698460732951455,0.000613367380918578,0,0,0,0.00120154276139415,0.000283325417600004,0.0055371246345557,7.48762687696352e-05,0,0.000107704894383137,0,0.000467122527416693,0.00160387932749435,0.0148368853170668,0.000221184773865595,0,5.63394644067096e-05,0,0.00217976609634152,0.0107009632077775,0.00252865919625418,0.00785264298298506,0,0.000313865629140933,0.00316187916366045,0.00437215320990807,0.00238802058108704,0.00313652704890449,0,0,0.000448373187851656,0.000946527729365173,0.0237971993189707
0.000694529545257191,2.27941505459296,0.0150105214520678,0.000622143032819891,0,0,0.00489361953875237,0.00110535051517849,1.65758261897366,0.000704565735247397,0.00107206663622396,0.000127966259614001,0.00331912972701224,0.00177869154611831,0.000993056942987215,2.91582206570025,0.0102905722915309,0.00157210813783856,0.00251085834497972,0.000349282923729696,0.0335007268709086,0,0.0666834783073301,1.9891621447168,0.229350486148188,0.00883397421124467,0.803650402880284,0.102873695813688,0.00407603201194578,0.011093520723139,0.00426374265663636,0,0.00459785862158519,0.0140510714128606,0.000783939215630722,0.0638723995013595,0.0385278318666582,0.0413693780758294,0.0295328609464222,0.0118117479190747,0.000162453088934814,0.00294899639657148,0.044252800571977,0.0324972868938488,0.0255110039601197,0.0295387667866757,0.0158472585478498,0,0,0.00348879528260983,0.13702575212451,0.0138296815246647,0.00176841303401345,0,0.000153382026406097,0.00424306174231077,0.000871244185810778,0.201282140865509,0.00101013222325117,0.000524688302367221,0,0.0025066562039197,0.00408414917114878,0,0.328388195133024,0.00351653381486939,0,0.00120333071408162,0,0.0387387862822178,0.541696426173157,0.0408068548407113,0.0404686950766551,0.00956623284602377,0.00245412875652925,0.0969594741289469,0.0187748138754455,0.0152833159912669,0.028486881754746,0,0,0.00751049243088121,0.00770541950576279,0.00131613112082571
0.037671622523801,0.0176481567221635,3.03134725008491,0,0,0.00135794670530471,0.092621799007412,0.0394982799601418,0.00272277085375563,0.00768967731697452,0.00415280251795953,0.00033415031788336,0.0029189360891988,0.0564660522560306,6.07445335396826e-05,1.72830083755029,1.81037332118653,0.0015100852275836,0.0277229167689803,0.000635133948820536,4.77388278666961,0.0666834783073301,0,0.127209840543313,0.0116059729201404,0.186711091414359,0.9647866052326,0.549761072650286,0.429459460225273,0.421889594177335,0.000283190521437208,0.000686556722481674,0.299368133204626,0.64975044325938,0.0362291197968488,1.05380296217652,0.76400041086712,0.79040966703853,0.717113327565903,0.132204828212765,0.00495124147420355,0.00584449587400066,0.0239092318690663,0.00738407252250256,0.0072893706613864,0.0149856446821654,0.00289258691267159,0.000125009863365237,5.83391604481592e-05,0.000192618459166648,0.00292480400616912,0.00389470972492302,0.000205646571993194,0,0,0.00131869486300186,7.91730982127971e-05,0.00376878762046531,0,0,0.000138854539928222,0.000259467332741122,0.000327594511958386,0.00144281783122344,0.0540717683078853,0.000440489567523294,5.92731382378351e-05,0.000156345126429844,0,0.00464203658246026,0.0265381099519048,0.0158567442719677,0.00592725896200707,0.000105338999169214,0.000539262709881351,0.0318644969676003,0.00254005945818394,0.00110703384285904,0.00238596155835366,0,0,0.00023566713080677,0.00102453879508265,0.0452791942888172
0.009301172165551,0.299140803330228,0.0152400291725192,4.98004118540588,0,0.0322806632861556,0.085633836240247,0.0555614052170924,5.51930529555756,0.199224398137217,0.00113998438292718,2.37118572742639,0.00201324388257741,0.0408633017147958,0.0673530045272205,0.841564887795377,0.0139192450084473,0.000578419872060789,0.00308649140887607,2.76064051510566,0.240650963336364,1.9891621447168,0.127209840543313,0,0.0795707119604488,0.0108503063412215,0.309246838555408,3.05996334336537,0.0519580359905828,0.0637854416463041,0.00116152195020148,0.000468261798114787,0.0254346133248641,0.0708514595469987,0.00403113709237063,0.332277981051007,0.091443156337259,0.0861104936353483,0.0958466558953136,0.444142791794118,0.000895864350292029,0.00276120025508854,0.0838645316169602,0.0174373769777123,0.037088186015775,0.0349199023972575,0.0142082099446485,0.000143610705000439,0.00110996242393473,0.00987289376992859,0.00945859917973514,0.00246155544581194,0.506105713337959,0,0.00343884824978205,0.0518750728451546,0.0103313399917513,0.31066496782259,0.0140041517070758,0.000613674460420505,0.230642672951843,0.00016656959045419,0.0209290528228191,0.0018852295174926,0.135222011866965,0.000699488628600475,0.000134986792985576,0.000476662100992762,0.00220583066400168,0.0243776642623482,0.0806566397341646,0.0202372641766697,0.803899956234393,0.0012322202074149,0.00208679686329047,0.0174033162583039,0.195183788633338,0.0440033673629735,0.0383795573137534,0,0.000725549939754137,0.00663732368287875,0.0150000113888788,0.00606643893200629
0.000222587823892638,2.9554955724747,0.00261776430287071,0,0,0.000427733320015296,0.000930980000078656,0.000902843565747597,0.224682430663952,0.000379153249097962,0.806585332534477,0.000988479948125537,6.71077299809951,0.00048118549606018,0.000351112378331851,0.0247536005601042,0.00156517367912822,0.0136255183931954,0.0227619248150026,0.00059489707855743,0.00299661243326382,0.229350486148188,0.0116059729201404,0.0795707119604488,0,0.384435903605657,1.21105953371115,0.0101834406269112,0.000938306550520039,0.000914564291180577,0.684227312470619,0,0.00114139108352594,0.0400192760626298,0.00198560607795597,0.89467737341762,2.66085379614886,0.589765297031217,0.662676696025735,0.0212274154257271,0,4.75954032291846,0.072862919777893,0.0103171499969165,0.0040268069206973,0.00218815507841254,0.000663914473034601,0,0,0,0.129470172760019,0.00188006306084603,0.000481156433371023,0,0.000320396271457652,3.4345338083767e-05,0,0.0221338451417262,0.000215698800006998,0.00854449118535981,0,0.0765927139530713,0,0,0.00507165949301618,0.000702115375706535,0.00738178077568708,0.00828973316567838,0,0.000675433940727458,0.0334338676681693,0.000299683248607222,0.00242101133327007,0.398059262945031,0.0299419792507975,0.0849332269268373,0.000627665279506681,0.000494921716540423,8.72513440277299e-05,0.00736022675341142,0,0,0.00290166781214187,0.00177515637232481
0.022920551793808,0.150068930817308,1.17753931424205,0.000209295185768458,0,0.00179059732557956,0.0263618046485458,0.0278507355354854,0.00768216371629256,0.00350428470519599,0.435479015501254,0.000601469925046915,0.28743995207863,0.0374545105190096,8.90262920350722e-05,0.0068412035801119,1.76993405145556,0.157881006463403,1.62367356254533,0.000707556120605813,0.0413387030288537,0.00883397421124467,0.186711091414359,0.0108503063412215,0.384435903605657,0,2.15692053519221,0.0197415944586158,0.0238474494346514,0.0825498538327364,0.223212562900677,0.000955672946576587,0.00247089110590981,0.332861376551854,0.00483915072425996,0.24972337727283,0.631638208955413,0.834568877992034,0.163911960278518,0.0045089082667166,0.00040184762308967,0.0103452702601935,0.00719840292403067,0.0233657436329566,0.00574297945312657,0.00372882087024639,0.000399676628258275,0,0.000189172433757628,0,0.0406606156365879,0.00112893754586285,8.27808651585598e-05,0,2.28315109119044e-05,6.52845829640968e-05,0,0.000268650835249971,0,0.0171813894550755,0.000113318124429022,0.0165609378412152,0,0.000268090698825236,0.000686916271787595,8.26600123463141e-05,0.00893105218598496,0.0120256967955213,0,0.000157335339238961,0.00183575046181826,0.00032515425247598,0.00082038966374615,0.0777580713280678,0.054946256191526,0.117492278639995,0.000447700378052802,0.000169361889213072,0,0.0029880218900962,0,0,0.00281015807686074,0.00573638511727872
0.00807974590875026,2.09831758306646,1.85005402265074,0.000182417610999651,0.000366466229841366,0.00208795519968801,0.0283727097332218,0.0132342367994274,0.102834465842899,0.00377939099970376,0.0913100241827463,0.00107803648417485,1.10850899689544,0.0177803800890542,0.000675315563459138,0.999775366302411,0.429742871743017,0.024903712675122,0.177933786546435,0.00127986895239245,0.0898137590222751,0.803650402880284,0.9647866052326,0.309246838555408,1.21105953371115,2.15692053519221,0,0.15668084213053,0.0169631632272211,0.0435401117883085,0.426844669415632,0.00145326907263115,0.00257365613754528,0.482863735007843,0.0186529402110936,0.690104528002198,0.591271587851486,1.00317278567285,0.374740738759408,0.0303802134623153,0.00187895576671034,0.0051045852575551,0.0303810690203557,0.0670471638721919,0.031373353809596,0.0172741329337067,0.00178279853899523,0,0.000193854129928125,0.000563280746837586,0.346644001663225,0.079067395492408,0.000386395664532201,0,0.000110416051136697,0.00230114661584766,0.000313016105129993,0.00515339340193997,0.000216923732087902,0.0310985176594738,9.47047367894757e-05,0.0233588471712487,0.000623401880567058,0.000693874541051452,0.0754977474817492,0.0093877136822932,0.00987665290888588,0.0263178499446986,0,0.00500850196239122,0.0763149606124989,0.0451417625412732,0.00786189070635078,0.146171132550639,0.171317878691447,0.842336433525759,0.00512643074780258,0.000445322719636952,0.00199803869875435,0.00521326721181367,4.88151970883866e-05,6.54074221409636e-05,0.0102743464921413,0.0217653954675584
0.0350558310075698,0.0198092607108707,0.0907854111842707,2.44011944752397,5.63854880925216e-05,0.1388788147764,3.98497753550949,0.126630395862321,0.490089568211742,3.15391728644645,0.0019627035545508,0.11010405430366,0.000720414224568332,0.142198576738495,0.0069163480481251,0.313289541386818,0.0322869796563904,0.000222013146651654,0.00287145933464373,0.572875574371991,1.46814983587783,0.102873695813688,0.549761072650286,3.05996334336537,0.0101834406269112,0.0197415944586158,0.15668084213053,0,0.187630737965546,2.02345765651009,5.96269785121831e-05,0.00103786369685043,0.115522648701957,0.34333852698425,0.0155476050870878,0.580271569657388,0.159098713602756,0.298132858539525,0.260946505203997,0.110172680805558,0.00141715965410971,0.00573448152692584,0.0407517368490617,0.0100729417906388,0.0190842229588609,0.0188206871907344,0.00886620200345601,0,0.000340775104504384,0.00455629462627193,0.00141287072790848,0.00105628010996595,0.142168414027935,0,0.00321279044111371,0.0371352107906856,0.00697418294679218,0.151897457086741,0.0142817221363971,0.000247983263450755,0.042711892299962,0.000323900019434372,0.0135040712506762,0.00183440093102311,0.0406367670835262,0.000261033820488668,5.78038462548342e-05,0.000149695104976412,0.00182705596347215,0.00812670475844419,0.0211376151656629,0.00661793552114167,0.310386791809931,2.40840913491762e-05,0.0008588916025432,0.00797779094649607,0.134092324583057,0.0265227239228972,0.0225386693241268,0,0.000222214296014586,0.00344463168512849,0.00659721675500688,0.0160307365633389
0.895900304132627,0.00143612229400982,0.0353707845375737,0.00612556747440805,0.129121748753182,0.557178377445114,0.167746196690121,0.42221180368959,0.00867878553706223,0.105551238910396,0.00636976645929499,0.0700495280872035,0.000857935793538732,3.27792826215562,0.00142535974147907,0.00347149311422675,0.0558399325042931,0.000617474928788588,0.0087602181703507,0.0549889998388984,0.493424659459339,0.00407603201194578,0.429459460225273,0.0519580359905828,0.000938306550520039,0.0238474494346514,0.0169631632272211,0.187630737965546,0,2.29450139719429,0.000146401121177571,0.969821298538741,2.85286568498556,2.57827529149185,0.0014249316808977,0.113022045192546,0.0186530704387043,0.691091470241668,0.147577715975398,0.419579789468944,0.477316228250169,0.000407837785886059,0.00367448983303942,0.000186179103268382,0.00100728481125303,0.000921911514638611,0.00040619009733955,0,0,0.000667471104263534,0,5.8310477828798e-05,0.000565616261862687,0,2.07391605735142e-05,0.000776346331484256,0.000585945758759684,0.00523517635931553,0.000180303683458468,0,0.00132696552065875,0,0.000708819481067424,0.000358910418271461,0.00182029514974912,0,0,3.18362560887326e-05,0,0.000827945060740809,0.00135673795422348,0.000611108757110641,0.0138837412267118,0,4.04791253307848e-05,0.000589908263583868,0.0061117723012474,0.00134751196504471,0.00159072757405306,0,3.16071923847367e-05,0.000159649536143377,0.000217199757897718,0.00163161928216577
0.91487207712426,0.00525345887928826,0.328590620791036,0.000333471805042249,0,0.00239442179472999,2.07315111177893,0.211497469407976,0.0136394248659889,0.0123982556245643,0.00237870302406599,0.000552369654436317,0.0014038866532506,0.593262085402609,0,0.0273037562534506,0.260570104710942,0.000544787251575279,0.0127375237904438,0.00151295222086492,3.58800688725215,0.011093520723139,0.421889594177335,0.0637854416463041,0.000914564291180577,0.0825498538327364,0.0435401117883085,2.02345765651009,2.29450139719429,0,0.000157076273721759,0.00168930355494833,0.79760506494795,0.589578593372764,0.00300325953391841,0.190690580272509,0.0535995039734484,0.209716311369656,0.109975832586247,0.0173823571919331,0.000996252009641437,0.00117892289705533,0.00925908590974509,0.000917662891006346,0.00408439159930278,0.00434159609071066,0.00060879000455815,0.000133894558017519,0,0.000503139342494778,0.000456300709300724,4.26204491753813e-05,0.000697356844379078,0,0,0.00253452575051546,0.000619544859869739,0.00865495551100628,0.00111363963047012,0,0,0.000243500688275104,0.00195621445169935,0.000347190551934853,0.0070096330388869,0.000128421007744919,0,0.000155773117454373,0,0.00165246994117786,0.00407297247460385,0.000790202912577979,0.0320621099432418,0,0.00016250042011659,0.0019065235946332,0.014194126619859,0.00460082010744332,0.00453870910161536,0,0,0.000515897980820874,0.000661371501634886,0.00336967707231267
