0,0.00287538345696354,0.142896592343336,0.00668375151281672,0,0.00352514176944923,2.32500644271267,0.0839447334160066,0.0261754447086582,0.0188825472676525,0.00256410323008094,0.00115617035574838,0.000372146614100469,1.7510231290655,0.000757404207829011,0.00270142240733397,0.193157949708702,0,0.0114249526510862,0.00528235608023668,0.048056216986031,0.00412976347632099,0.104940209219156,0.0195316007613923,0,0.0364509644821556,0.00881484739842179,0.0702430981824766,0.84139808994134,0.395692442243586,0.000867329321439255,0.00144012265568418,0.0204042093280991,0.037176756101437,0.000130415900407502,0.00735992568456477,0.00729126075213281,0.0311424758665183,0.00436668034720848,0.00634468170654257,0,0.000284898944027334,0.00122390363615769,0.000576226433776666,0.00250433155664516,0.000558280388269966,0,0.000467865687477143,0,0,0.000638868465938844,0.00118284944197914,0,0,7.31107348767458e-05,0.000932907845127803,0.000100449028176998,0.000934100667443491,0.000362242194268184,0,0.000105459975282783,0,7.13405371886308e-05,0.000265335351627916,0.00023124473014869,0,0.00019274551935361,0,0,0.000302810546976503,0.0013737185794632,0.000379944863469229,0.00449891086611443,0.000311522145078826,0.000180998328143836,0.000914852166905563,0.00165952616744283,0.000599771535971044,0.000466691346651064,0,0,0.000682377198078638,0.000187108661975532,6.08906663650188e-05
0.00287538345696354,0,0.302973700213588,0,0,0.000296531124573699,0.00348034360947419,0.0008164640402805,0.0896209770570537,5.76808462899557e-05,0.0148412386055007,0.000272134226940718,0.168265595142667,0.00229590105544036,0,0.228954747518926,0.206767716706978,0.00444984672918118,0.134940864401441,0.000159028334342989,0.00801905979377,2.21063166274969,0.0277581548443565,0.068347774378127,1.57168652499643,0.232969306050814,1.67605336551465,0.0107043427674918,0.00258210336196646,0.00374027874840255,0.0760405644070279,0,0.000755859744568869,0.0957805176337589,0.00150302930416206,0.0953183985041508,0.127255102736686,0.180871262952153,0.0605504464460847,0.00424272667792563,0,0.0264743132708165,0.0449875122290508,0.0784263551695824,0.0927527773887599,0.0836165985865614,0.00129717531915317,0.00150134501881404,0.00326356793713211,0.00245811350029298,1.01935315113897,0.120984048941018,0,0,0,0.00271690715238353,0.000169475427795088,0.00665651932546638,0,0.00191039638386433,0.000240026848163266,0.00860502378683238,0.000821815856253513,0,0.0213122992838931,0.0601890825327342,0.00058758622827549,0.0364173931744225,0,0.00243907939584342,0.106202861727941,0.00715835322794638,0.00560053867689488,0.114493840859864,0.0940737518285299,0.230514521809988,0.00361956247408947,0.00116361145112964,0.00234076378790331,0.00561756464196369,0.00057468652746083,0.000248457870421036,0.0184892668395637,0.00140812317374907
0.142896592343336,0.302973700213588,0,0.000530918266684217,0,0.00336409965866501,0.162334888355812,0.0759695162984109,0.0150317340227935,0.0111145801828561,0.00334424574644473,0.000821317778400776,0.000603710680307437,0.163064178740496,0.000170214639106329,0.0232313345458701,1.64287576878324,0.000418504935926049,0.051800109992078,0.000169273563168581,0.370334784357568,0.123632686701604,2.5858814835315,0.0181877123006773,0.00113892681536033,2.49962951199127,2.03086018941618,0.169189418960176,0.0398568202620731,0.119784503829595,0.00173004786536928,0.00129585990442851,0.00712339908528993,0.155652193290988,0.00542739090671731,0.237152976320688,0.448329602811539,0.453530322931035,0.166533540991434,0.00726621594439115,0.00176221408394539,0.00272280832318148,0.0235424078254933,0.0261673739748782,0.0463492524463795,0.0253363056311799,0.00185983147543775,0,0.000230207511504568,0.000534759625611021,0.0343498704562628,0.0790901261313599,0,0,0,0.00132671870902711,0.000154848119086733,0.00376130683571364,0.000213706789952254,0,0,0.000518936564446952,0.00036789917422389,0.00173247083897099,0.0177559740349457,0.0268476844006255,0,0.00417780785326175,0,0.0025489938601813,0.0221680737563732,0.00600038465749256,0.0069260338084723,0.00381962422334668,0.0222027722324448,0.160969873456154,0.00469731963128722,0.000627006267276796,0.00322546024350464,0,0,0.000177168235446327,0.00550573739500266,0.00344269236260271
0.00668375151281672,0,0.000530918266684217,0,0.000312155920507377,0.0265812801424174,0.0384533252527278,0.0284035268560058,0.479673194529435,1.36757683734434,0.00141971067497331,1.32429468055667,0,0.022660712214859,0.0063885641696872,0.000115355383162112,0.000300867048310033,9.71448575344327e-05,0.000532144777961362,9.51856249861238,0.000391255766452627,0.000395681565788851,0.000581576446267201,7.37071320699129,0.000727323341156869,0.00062909537816369,0.000647437237837349,3.03090507201317,0.0187223623440778,0.00157996880933204,0,0.00106517874951665,0.00249037497293648,0.0186525706981968,0.000105024119003988,0.00468856125523492,0.00103105297466058,0.0224898152345303,0.00977832809129224,0.0454774646151411,0.000263657902311101,0.000942526974449078,0.0032434269254901,0.000244470438694752,0.00851688156714341,0.00405947963112092,0.0189399672829112,0.000574231117270651,0,0.00112153414739003,0,0.000507747151861889,2.37854425763785,0.000126158465687178,0.00583702063751906,0.0130564946869307,0.00325667573579581,0.034600760286561,0.0174044627091559,0.000431364376068811,0.0581959946567571,0,0.00160859182504029,0.00201619554853548,0,0,0,0,0.327377047232074,0.000361875386675653,0,0.000121234875030081,0.277195542100705,0,0.000133802823374906,0.000265087747269573,0.2389459454628,0.00281071264391584,0.000454475085723783,0.000474134429997997,0.000571150246057347,0.00101012081100976,0.00296285583211564,0.000187210155963364
0,0,0,0.000312155920507377,0,0.705630443200357,0.000113038636031168,0.148536543613427,0,0.000309455841276522,0.00298346133252592,0.00101116770562803,0.000494087673781268,0.00892804583000818,0.0417021088268262,0,0.000134069082898289,0,0,0.000596432588647815,0.000846962690111631,0,0.000146606391496314,0,0.00194077647648128,0.000360575883245756,8.4787744540773e-05,9.5528559875574e-05,0.0199054624565141,0.000281636646244088,0.000679874130887548,0.749970747383467,0.00382232579150824,0.0669860217355426,0.0272330161077215,0.00166381585168799,0.0016076805146502,0.0152327639616381,0.00197942530914444,1.41786072326382,6.10387315535499,0.00171952103246968,0,0,0.000500031719479488,0,0.00125570022160366,0,0,0,0,0,0,0,0,0.000215122715160349,0,0,0,0,0,0,0,0,0,0,0,0,0,0.000362751789687019,0,0,9.05895248748834e-05,0,0,0,0,0,0,0,0,0,0,0.00150451661212616
0.00352514176944923,0.000296531124573699,0.00336409965866501,0.0265812801424174,0.705630443200357,0,0.197979917343329,3.54408165566554,0.0155870935386804,2.18611402825065,0.00359898213682164,1.71635560382448,0.000272931043825619,0.108694747108749,2.97151080695034,0.000192736732937446,0.000716589282526641,0.000538244594573559,0.00123280477894902,0.071645576104458,0.00211230797635884,0.000549916176201407,0.00230197797375334,0.0195310844974427,0.000481661934808152,0.00211103600384376,0.00131781983642277,0.092219476807677,0.0495432976617249,0.00243498172762142,0.000335704056369636,0.27173729361568,0.00166561129017695,0.0273724124111872,0.817546226816241,0.00465960662418419,0.00219784743227775,0.0280913399819882,0.00508443884735282,0.986262896533883,0.498672555041268,0.000213398059606453,0.000330614766753569,0.000522269384565762,0.000415643103479277,0.000692252613189582,0.00149130649546771,0,0,0.000447639930033225,0,0.000159289045670813,0.00163030079358922,7.20615603650573e-05,0.000638199082721217,0.00115877338328687,0.000164065752271705,0.00191516298208688,0.00100310515093201,0,0.000390347807103582,6.13317006898572e-05,0.00049050015656597,0.000344441312313093,0.000177553341807583,5.65617642743592e-05,0,0,0.00212523582591678,0.000122610607728907,5.8951501636738e-05,0,0.00423425411608978,0,8.72361817584747e-05,0.000304345716885264,0.00264429964641545,0.000370010020751758,0.00075890266667071,9.84907100522446e-05,7.80860693730921e-05,0.000133832944221018,2.78071391630918e-05,0.00362807755512121
2.32500644271267,0.00348034360947419,0.162334888355812,0.0384533252527278,0.000113038636031168,0.197979917343329,0,0.415381808184636,0.153171138300456,2.07628685342318,0.00306847753766361,0.0147756443572899,0.000719522732858214,1.04022829157809,0.00883078384911182,0.00276130225449933,0.0373022623425556,0.000780817405393164,0.00490616387490203,0.00506258904261488,0.121674929646458,0.0220693012936131,0.104285741832357,0.195110885447043,0.000986660628308697,0.0486368697286233,0.0270756952365301,3.2447642390147,0.220961958443333,1.52022541995022,0.000631229174770405,0.00343454253959763,0.0317363923380324,0.0873371404750727,0.00197320778906741,0.0643001793212778,0.0177656367889641,0.133376852017705,0.0546773177513277,0.0302566309319333,0.00202754358834993,0.00155686551964123,0.0256270121546861,0.00331992050366062,0.0198963833473012,0.010133382182764,0.00656343137168439,0.00087715251199146,0.000276508064527568,0.0027320585667197,0.000721056202382976,0.00168545904399874,0.00294240767077569,0,0.00173413233765644,0.0156769176344791,0.00259209912999916,0.013327273778782,0.00300847116900825,0.000849306829964695,0.00247997661382398,4.95541060212129e-05,0.00278872186131635,0.000902454720625329,0.00360439690518558,0.000576193066530391,0.00012382639055134,8.80136377946939e-05,0.00224600089506598,0.00440219459043778,0.00472791366127659,0.0021772959167619,0.047010420387007,0.000189573850845695,0.000883237777933109,0.00488587761717389,0.0333778650556094,0.00716136302755709,0.00972012124241804,0.000136313844514513,0.0011147959240143,0.0038858025545747,0.00704539693351029,0.000875861597423292
0.0839447334160066,0.0008164640402805,0.0759695162984109,0.0284035268560058,0.148536543613427,3.54408165566554,0.415381808184636,0,0.0340612966429534,0.95235579432348,0.0138931776768577,0.15018744181324,0.000626473122807471,2.60742822191627,0.0373996684939693,0.000639834594751221,0.0518829009295581,0.00162164401607695,0.00808335670506332,0.0980118948376556,0.0190154699197314,0.00254533505771077,0.0458400113341187,0.032203560719377,0.00205081138323658,0.0276821205274756,0.010227683090196,0.114818117971741,0.231144137378814,0.0605094223841946,0.00236045588538112,1.37230985841137,0.00458076467425833,0.0917930305067003,0.000252672150809744,0.0134667529431106,0.00951051954180119,0.071893907367678,0.00931517185737859,0.368466040458301,0.134710915085942,0.0030218154474508,0.00222516774105054,0.00037538221180442,0.00313893638438807,0.00094204810425927,0.00191426882249321,7.85767649514419e-05,0,0.000751120592044272,0.000457829611719821,0.000273254334234124,0.00187773620609868,0,0.000436990648030466,0.005269851899475,0.000592480923195022,0.00386448434258536,0.00229266095703915,3.12348056447352e-05,0.00065140520346702,0.000163792028161015,0.00040971460957397,0,0.000533079710022118,0.000145029163220648,0.000226014181393425,0,0.002210208816729,0.000607757220974914,0.000497493729747493,0.000454295870229368,0.0113758745733973,0.00028848640086005,0.00058064773900161,0.00107209791076657,0.0088248734789122,0.00118196656955128,0.0010443672393671,0,0.000122453909707956,0.000428275270390464,0.000966618000848556,0.000144551625691711
0.0261754447086582,0.0896209770570537,0.0150317340227935,0.479673194529435,0,0.0155870935386804,0.153171138300456,0.0340612966429534,0,0.190103087070599,0.0019472544115095,3.54355716389495,0.00530892422684725,0.0615976293802412,0.464662083671292,0.0314632256020226,0.0152692548271666,0.000650200778471379,0.00700300796156476,1.03600296696157,0.0236750927144394,2.42647190814476,0.0120589454197226,5.12748214775047,0.0236165830756886,0.00824170410936456,0.0691583624513216,0.701242793197852,0.126706493147785,0.215506182318891,0.00244580318386267,0.00323843862612524,0.136972691779238,0.099238011297572,0.00169749908973928,0.258342987948553,0.0508760777895468,0.179615323803065,0.102817118797389,1.46833608026003,0.00697226712822771,0.00518813723587987,0.103249342204564,0.0179883356143859,0.0895026788130097,0.0473307130477779,0.129414084619848,0.00541822086295034,0.00188543034164955,0.0242536958559136,0.00134070485229784,0.00755519548381198,0.121066856708492,0.000473303427272531,0.0154512792454875,0.0972063151133639,0.0139798169790199,1.53793254529985,0.0568699456962704,0.00207039146384311,0.0728678498183053,0.000832894276889597,0.0133469129447363,0.00877556642563037,0.0321001532812878,0.00644711729723969,0.000820921447593593,0.00158993320997489,0.117159006701497,0.0260837383424886,0.10910411844706,0.0118235953912481,0.513255991236598,0.000378546029031052,0.00301209931687036,0.00675791925224587,0.198633539549099,0.0379790580807441,0.0851245123593268,0.00174793788102465,0.0064099521183897,0.0525191847308917,0.0317020969827774,0.00166329995168521
0.0188825472676525,5.76808462899557e-05,0.0111145801828561,1.36757683734434,0.000309455841276522,2.18611402825065,2.07628685342318,0.95235579432348,0.190103087070599,0,0.00519124013171237,2.16552572110945,0.000272794990996746,0.217120432200036,0.0222087140016675,0.000424183062783957,0.00247180476179538,0.000612623928795656,0.00357095610928384,3.79985133679958,0.00533508073747754,0.00221338073901356,0.0046371346073637,0.279301555222229,0.000555706559826914,0.0074898915664706,0.00356186041031929,1.29648203668334,0.104583019468682,0.00845501174210796,0.00141190208974203,0.00365585085349174,0.00449449572946938,0.0828035185523479,0.00844506164897989,0.0200527191550615,0.00606379503458778,0.0934409817736751,0.0271920732598959,0.0885514460822802,0.0016129636265036,0.00236491813319007,0.0047925456592572,0.000911109536429924,0.00833341524019408,0.00197812915448216,0.0183913366116415,0.000574884805784473,0.000201680852687826,0.00189117254509165,0.000187885523466691,0.000368147302832799,0.0983237851187474,3.38935033494623e-05,0.00660171468062311,0.0164708428010618,0.0051094954699558,0.0174950284901632,0.0211431367052758,0.000342946179255124,0.0183433053185582,0.000176620254759314,0.00366765932586231,0.000604813950624902,0.000711769212879776,0.000192146692784515,0.000203201770081997,0.000153420825057778,0.0225545301182096,0.000515295840314792,0.000458505041373713,0.000312654264535758,0.050815797019198,0.000283074056939225,0.000275621835560537,0.00051454211313447,0.0396420517515795,0.00425147700308367,0.00122800458987303,0.000110870052897859,0.00112450381689013,0.000768114312417519,0.00324164247471176,0.000215563641533791
0.00256410323008094,0.0148412386055007,0.00334424574644473,0.00141971067497331,0.00298346133252592,0.00359898213682164,0.00306847753766361,0.0138931776768577,0.0019472544115095,0.00519124013171237,0,0.00597028115300987,0.859785683466736,0.023405885262975,0.00095578817218741,0.000492307611659531,0.0149797825607652,1.52611789606819,1.14064166493835,0.00430417713184215,0.00272032900791859,0.0063449697603051,0.0076959556548727,0.00215350774498622,1.3586296167387,0.523963366219447,0.0678997490247334,0.00372595226329918,0.0758006706191193,0.000934803498978435,0.482721130088882,0.031739415777653,0.00110196025057056,1.42606471880322,0.000450871007069186,0.0295897060956177,0.875228713396013,1.22580641727966,0.0211487442452962,0.0116154696578308,0.0651392560304956,0.582572094830829,0.00156610029103323,0.0140399232051511,0.00881608407860513,0.000803998574555017,5.56202123977042e-05,0,0.00231874488069179,8.11784367115397e-05,0.0017354223726343,0.000315741880232159,0,0,3.67879107033191e-05,0.000130290520232482,8.32209720897283e-05,0.000160082323889778,0,0.0162629514024093,0.000115195005253206,0.0235024756138477,0.000100483702974739,0.000177368842860171,0.000741272113696751,0,0.0144862177397621,0.00637032188157993,0,3.30274244170542e-05,0.000672604402321503,0.000145942792035186,0.00111974920568734,0.0325280108983355,0.0253964481316952,0.0168023530250331,0.000632710662200869,0,0.000185611426122828,0.0392692216607499,0,0,0.00246695051954934,0.000303240263629775
0.00115617035574838,0.000272134226940718,0.000821317778400776,1.32429468055667,0.00101116770562803,1.71635560382448,0.0147756443572899,0.15018744181324,3.54355716389495,2.16552572110945,0.00597028115300987,0,0.000399346479479216,0.0459446594989331,0.846430680312605,0,0.000333934492818164,0.00104819884223503,0.0027951872574275,14.2448309202158,0.000277868459276858,6.60758837859234e-05,0.000472552066200923,1.95977150158707,0.000920724047146458,0.00237506620757728,0.00137958262416938,0.1120048535488,0.0597937947221155,0.000520811371012623,0.00155123769376363,0.0119556556377071,0.000870182768324374,0.0355959220818372,0.212493914429571,0.00638259854542161,0.00202087331299454,0.034914980095717,0.00443136459164504,0.776677330358671,0.00335850803997101,0.00145795805709564,0.00216859908933799,0.000280356973117014,0.00269091367435085,0.00063889518915089,0.0122039240760817,0.000141976589640089,0,0.000134907054419277,0,0,1.5959518336437,8.51200826052214e-05,0.0022693945395064,0.00164608581273833,0.000991654250013103,0.016077770540898,0.0065121321200938,8.46336757243703e-05,0.249775349989106,0,0.000441586627522903,0.000747084013716594,0,0,0.000343153021163577,0,0.823053093340367,0.000128686161831053,0,0,0.102610215301945,0.000111750234030808,0.000133336777059191,0.000341190549553051,0.0247029908046314,0.000796927742699495,0,0,7.53650537060526e-05,0.000149923717082325,0.00057506167374701,0.00292032832067033
0.000372146614100469,0.168265595142667,0.000603710680307437,0,0.000494087673781268,0.000272931043825619,0.000719522732858214,0.000626473122807471,0.00530892422684725,0.000272794990996746,0.859785683466736,0.000399346479479216,0,0.000818332326868912,0,0.00154563809002708,0.000441897126104171,0.0045116118300322,0.00457016878075345,0.000612888968400645,0.000924299836158655,0.0468075722893937,0.00184990514328668,0.00292613710868143,4.49603295397139,0.0423547759449849,0.562988770844434,0.00189751445571936,0.0054824541626571,0.00050854440633159,1.91082372946707,0.00295170369966894,0.000288902430017611,0.0408000235755236,0.000480502369359574,0.195917178179959,0.583619612313628,0.411482235037982,0.654095392990517,0.00261818244177211,0.00406348246942204,1.25701219908305,0.00325287010559519,0.0149938932936727,0.0115315985370365,0.00222786281861117,0,0,0.000867401546598055,0,0.00687836587118629,0.000139576627744603,0.000451849549248665,0,0,0.000272661171526855,0,0.000632039241333065,0.000127984510894055,0.0147482011885477,0,0.0177621665865262,0,0,0.00037039106433877,0.000248166680550407,0.0105364717787386,0.00364154382628232,0,7.75004852690952e-05,0.00178386318539345,0.000314385585651635,0.000124555943355661,0.0361745853817119,0.0244390340148536,0.0168460887751264,0.00030122112974728,0,0.000272826140322818,0.034933353120078,0,0,0.00396583493392504,6.97495128989601e-05
1.7510231290655,0.00229590105544036,0.163064178740496,0.022660712214859,0.00892804583000818,0.108694747108749,1.04022829157809,2.60742822191627,0.0615976293802412,0.217120432200036,0.023405885262975,0.0459446594989331,0.000818332326868912,0,0.00362120735734415,0.00136701957042203,0.130364338872991,0.00248017804365747,0.0189324434531581,0.0591496723596578,0.0442257632060976,0.00624566357371499,0.101670510573179,0.0580775782781528,0.00245403738717245,0.0544026519725004,0.0207367883600181,0.161257555664646,2.96167648156375,0.154075997259908,0.00303560528668828,0.119566289404396,0.0218652225727778,0.191386395897957,0.000366565632207012,0.0181133183379918,0.012564823696054,0.123700739235504,0.0112099013486369,0.0940251321781618,0.0154630344561896,0.00244300756873483,0.00398870854911972,0.000268196576844852,0.00515548640210866,0.00139879591683546,0.00191280072813793,0.00073765858970323,0.00011618709603074,0.000551910284578637,0.00032040309550464,0.000498621805361914,0.00141974403278276,0,0.000663596911465529,0.00729785813885892,0.00106274555056742,0.00578133008862355,0.00155449157971048,0.000210793583509291,0.00142809090073107,0.000399105329587334,0.00071466598097306,0,0.000951117326993985,0.000838721668323233,0.000265010902639454,0.000195810195395918,0.00114478102460626,0.00111137855966957,0.00146007558910325,0.00089683140590433,0.0215620025225551,5.58624012248518e-05,0.00108014801198182,0.00410121718515147,0.0126146402794213,0.00175830784000785,0.00252920524655338,0,8.94196858017863e-05,0.00105532887510662,0.00165231957759385,0.000312956744294178
0.000757404207829011,0,0.000170214639106329,0.0063885641696872,0.0417021088268262,2.97151080695034,0.00883078384911182,0.0373996684939693,0.464662083671292,0.0222087140016675,0.00095578817218741,0.846430680312605,0,0.00362120735734415,0,0.000681481243645473,0,0.000187089871806261,0,0.0297070039965481,0.000190837266641155,0.000114065408819993,0.00129000739423032,0.00837279270274466,0,0.000183552772301638,4.49232420629152e-05,0.00301802402821652,0.00889132440032993,0,0.00103720025800252,0.0206931008938179,0,0.00351636628341892,0.116286468662775,0.000752304442032986,0,0.00431969856603702,0.000485387861481321,1.02180303340966,0.0533045891969618,0.00174260382797796,0,0.00209059860065122,0.00102641698715971,0.00344445092337969,0.00025398725620962,0,0,0,0,0.000189227469743435,0.000505568875127149,0,0,0.000139955301283523,0,0,0,0,0.000418018814476595,0,0,0.000323489852459776,0,0,0,0,0,0.000170524542951507,0,0,0.00022214977627527,0,0,3.19394556519432e-05,0.000275854464508081,0,0,0.000420002809158326,0,0,0,0.00444988929576521
0.00270142240733397,0.228954747518926,0.0232313345458701,0.000115355383162112,0,0.000192736732937446,0.00276130225449933,0.000639834594751221,0.0314632256020226,0.000424183062783957,0.000492307611659531,0,0.00154563809002708,0.00136701957042203,0.000681481243645473,0,0.0547365731682315,0,0.00874041030649814,8.60799490704353e-05,0.587582407428311,4.14167287135513,2.21574414312626,1.63586536349614,0.0104449605752682,0.0187559578919076,1.03898067704961,0.512113725355763,0.00338429320370765,0.0423524549960959,0.00312529494873404,0.00124519862513341,0.00352610696905635,0.0759100611278305,0.00788024058053378,0.330841388817406,0.24361593578692,0.176453399685004,0.141221683346034,0.0181096369359131,0.00315185636544295,0.00397113673075689,0.0870467430517995,0.0925297895591521,0.0509433363560389,0.0577989846708084,0.0100615569676386,0,0.00101288229490092,0.0018315772711525,0.00874059001068582,0.00916987928844784,0,0,0,0.00348188817575213,0,0.0191992626688501,0.000153527312135235,0.000151730309999644,8.04868946359776e-05,0.000489802507471007,0.000995623900202292,0.00179711719929257,0.578094157650305,0.00817134271581661,0.000243820854308841,0.00112142710397571,0,0.063714425241464,0.163408998440409,0.154017436266066,0.0502845794674503,0.00499721396865883,0.00221450033462373,0.116772997715427,0.0245565769830124,0.00263642188134546,0.0214318762255389,0.000136856515005133,0,0.000766385875635569,0.0048328325103004,0.00574728225303009
0.193157949708702,0.206767716706978,1.64287576878324,0.000300867048310033,0.000134069082898289,0.000716589282526641,0.0373022623425556,0.0518829009295581,0.0152692548271666,0.00247180476179538,0.0149797825607652,0.000333934492818164,0.000441897126104171,0.130364338872991,0,0.0547365731682315,0,0.00607950246643289,2.33891917588584,0.000611376885002344,0.17358656578193,0.0680635772149497,2.00397825960918,0.0191068378313963,0.00325458394201717,1.04382294701862,0.639994569177747,0.0637057538697585,0.188517913762258,0.118196089987977,0.00276263722391681,0.00137243549708039,0.0784911410408522,0.222695432621847,0.00124226289005075,0.0761478148718211,0.230414076589886,0.138146325459318,0.0444540282102107,0.00469534918346784,0.000874368422727539,0.000391744324396385,0.0190081042806751,0.0195558478620277,0.0273427301965415,0.0155231328187314,0.000994736487620722,8.24567324203204e-05,0,0.000316691070043368,0.0471009571035248,0.0244855531614662,0,0,0,0.00168078742399947,2.96130376862703e-05,0.00188836870286133,8.70956381223507e-05,0,0,0.000890004671130732,0.000135843791715851,0.000193712164765261,0.0115367560020042,0.0193637825299418,0.000170934475583612,0.00706592087043361,0,0.00300207103274728,0.0178413151770103,0.00579378626074655,0.00699384627297768,0.00684878729129307,0.0259474843859343,0.0809848601030835,0.00283660321926177,0.000501477419636348,0.00318387378411128,0,0,0.000204312341156978,0.00442476674543204,0.00100601494999062
0,0.00444984672918118,0.000418504935926049,9.71448575344327e-05,0,0.000538244594573559,0.000780817405393164,0.00162164401607695,0.000650200778471379,0.000612623928795656,1.52611789606819,0.00104819884223503,0.0045116118300322,0.00248017804365747,0.000187089871806261,0,0.00607950246643289,0,2.63184242245337,0.00107944509609523,0.000941412810665333,0.00130936338623073,0.00108876117136002,8.7047886582833e-05,0.0380002838218199,0.610004808233415,0.0125512451751631,0.000562200583918192,0.0068249464056338,0.000241673828827787,0.043576042300231,0.00481956803394777,0.000575442734985047,0.0566398817884238,6.22433994962677e-05,0.0114004917045588,0.104927143910718,0.0668004352061866,0.00567930141325187,0.00184158211554007,0.00132119054612607,0.00114995562839098,9.48805743177872e-05,0.0113834393870055,0.00248287191612308,0.000692489541931983,0,0,0.00046040747690132,0,0.000584497711606541,0,0,0,0,0,0,0.000258294470093783,0,0.00264789480459859,0,0.00550857113336997,6.49812936768302e-05,0,0,0.000201125615834685,0.00471262581689894,0.00348467165268651,0,5.83670342317721e-05,0,0,0.000149316818940079,0.00925447110134427,0.00828250124897918,0.00517805619256795,0,0,0,0.0146102819551749,0,0,0.000924425936381785,1.24307549484779e-05
0.0114249526510862,0.134940864401441,0.051800109992078,0.000532144777961362,0,0.00123280477894902,0.00490616387490203,0.00808335670506332,0.00700300796156476,0.00357095610928384,1.14064166493835,0.0027951872574275,0.00457016878075345,0.0189324434531581,0,0.00874041030649814,2.33891917588584,2.63184242245337,0,0.00265007584919643,0.014186727072451,0.0221201634578712,0.0413603299967591,0.00482149724470155,0.0459060450186777,2.99744657836941,0.202895342911853,0.00669457890306659,0.0455949074477539,0.00906470929797916,0.0372271245143478,0.0126270220183646,0.0135295735632829,0.977191959652078,0.00141476941398978,0.092500181385177,0.371509803447441,0.418530038580083,0.0456202026355697,0.00621065641008173,0.0029711415666802,0.00245498609650948,0.00836528743581602,0.0277023830447127,0.0243860965842354,0.00676074070334798,0.000236235429499181,0,0.000835090809298618,0.000384785005164836,0.0280891877310911,0.0028166871655273,0.000271064923175444,0,0.000129889468831728,0.000489869449245982,0.000108314918182096,0.00101245832897294,0,0.00502491553111253,0,0.0105472811653246,6.98824580495732e-05,0,0.00287815661379886,0.00423947678422695,0.00890792867357889,0.0156220398520009,0,0.000420847316352356,0.00346224996630599,0.00186941065254024,0.00126679861112053,0.0182240074057743,0.042013866343429,0.0430873733359392,0.00117408637569455,0.000242392445304342,0.000868994161890273,0.0179932779609697,0,0.000105951320287286,0.00696715829087286,0.000499068620573262
0.00528235608023668,0.000159028334342989,0.000169273563168581,9.51856249861238,0.000596432588647815,0.071645576104458,0.00506258904261488,0.0980118948376556,1.03600296696157,3.79985133679958,0.00430417713184215,14.2448309202158,0.000612888968400645,0.0591496723596578,0.0297070039965481,8.60799490704353e-05,0.000611376885002344,0.00107944509609523,0.00265007584919643,0,0.000474323327868059,0.000258437133034263,0.000453874867620894,2.30813801825976,0.00143510252129226,0.0016172873560792,0.000750041061807635,0.337489401095573,0.0476096847277943,0.000717590035516495,0.00214815339270864,0.00525619053752896,0.00355665472916022,0.0436361024283672,0.00012454779212069,0.00489467072439843,0.00342064533958797,0.0511059350256919,0.0183875967726746,0.151418165430284,0.00167496785298484,0.00179902541378055,0.00254704106185992,0.000564822515675473,0.00530970710599659,0.0011401330707817,0.0163435538000151,0.00141828095626177,0.000386871070404343,0.00253771054328426,0,0,0.343513809260831,0.000331556157492863,0.00489208046756974,0.00738317933767206,0.00169311592109199,0.0171573750094631,0.0104475664972957,4.39761073074219e-05,0.016146688337542,7.03347782297645e-05,0.00180465308343275,0.000689587560803052,0,0,0.000218856433360885,0,0.343693707620748,6.36696304218707e-05,0,7.80917492974225e-05,0.0533303282161661,0,0.000133074467038162,0,0.0183769672909405,0.00155485412898293,9.40707579828951e-05,0,0.000342608144631404,0.000543613885865303,0.00135870567992836,0
0.048056216986031,0.00801905979377,0.370334784357568,0.000391255766452627,0.000846962690111631,0.00211230797635884,0.121674929646458,0.0190154699197314,0.0236750927144394,0.00533508073747754,0.00272032900791859,0.000277868459276858,0.000924299836158655,0.0442257632060976,0.000190837266641155,0.587582407428311,0.17358656578193,0.000941412810665333,0.014186727072451,0.000474323327868059,0,0.202449372090863,7.1821727834155,0.0510916888188886,0.00168515867175381,0.0394572830559229,0.192745532373115,1.16539432879409,0.220210036621745,2.66372233641286,0.000432368592435172,0.00153858837461555,0.190266361700159,0.473811476184329,0.0253130092750703,0.574488007416095,0.198401477646464,0.529030944712782,0.227212135000599,0.0363462691470317,0.00496575353789398,0.0045413835756569,0.0297978157131118,0.0195305496822449,0.00911064934775384,0.0092077107698409,0.00553271409627836,0.000376565670040123,0.000547121641074216,0.0014993759200185,0.00198795486791911,0.00320002773182694,0,0,9.67052602594345e-05,0.00183254074245314,6.45022540031875e-05,0.00804215047805912,3.79965961147637e-05,5.7352783857641e-05,4.06057758694654e-05,0,0.000749616623044347,0.00524501984491758,0.0773483870407712,0.00126130172320386,0,0.000230200474892427,0,0.0333426018501798,0.0328715235717109,0.0281430191084826,0.0190952492089644,0.000155005329569913,0.000787159907708013,0.0172361695471702,0.013003516008912,0.00302000575740564,0.021973589524684,0,0,0.00175194114069984,0.00225976680390126,0.0113501491898514
0.00412976347632099,2.21063166274969,0.123632686701604,0.000395681565788851,0,0.000549916176201407,0.0220693012936131,0.00254533505771077,2.42647190814476,0.00221338073901356,0.0063449697603051,6.60758837859234e-05,0.0468075722893937,0.00624566357371499,0.000114065408819993,4.14167287135513,0.0680635772149497,0.00130936338623073,0.0221201634578712,0.000258437133034263,0.202449372090863,0,0.422405869169737,1.82407521373327,0.323018083525106,0.0442367305009959,0.933498273235829,0.135630589265115,0.0142381852144401,0.129265381422256,0.0233978651887874,0.000343688462309125,0.0136732936677798,0.086604802625362,0.00559603839599524,0.320932377263502,0.221256111189442,0.172997009722973,0.111585740387613,0.0227232927257417,0.00194789422520726,0.0126365791913164,0.145450635224138,0.14074418020106,0.083733000202717,0.0836268659791218,0.0192541851607171,0.00195605161896173,0.00276308416214324,0.00491753071968825,0.185928102059204,0.0448835941217371,0.000258230861368805,0,0.000368978127267186,0.0076921869261688,0.000364735091378389,0.0598993915784928,0.000248707222633396,0.000621571152084647,0.00019827436966453,0.0014284507673634,0.0020412213496156,0.00193610907673993,0.632872987589133,0.0246831109334625,0.000537817636095277,0.00320091249645049,0,0.154977582640764,0.710080233749464,0.161638957232795,0.0972160309441298,0.0414160605485112,0.0065167282909131,0.199367746617442,0.0609118062690721,0.0111758025799196,0.0891215796480615,0.0020625005070077,0.000634854014393454,0.00861786335933097,0.0147462650220591,0.0057373709045323
0.104940209219156,0.0277581548443565,2.5858814835315,0.000581576446267201,0.000146606391496314,0.00230197797375334,0.104285741832357,0.0458400113341187,0.0120589454197226,0.0046371346073637,0.0076959556548727,0.000472552066200923,0.00184990514328668,0.101670510573179,0.00129000739423032,2.21574414312626,2.00397825960918,0.00108876117136002,0.0413603299967591,0.000453874867620894,7.1821727834155,0.422405869169737,0,0.0490014854826759,0.00164409574731096,0.222704099438728,1.48668567274748,0.270264786501436,0.0788327175446961,0.347976668757056,0.0011601558108001,0.000339303558818968,0.019991591763763,0.537438358130622,0.0362515830310241,0.787135742548652,0.697240147989007,0.912153322921582,0.429398939545894,0.062444703617432,0.0107240241126431,0.0057037842463922,0.0560781619076676,0.040056407072112,0.0477178593752068,0.0320951401676605,0.00651136887617058,0.000439284328849434,0.000589597090031965,0.00025901249879602,0.0062208519420872,0.0150929053038504,0,0,7.10428959025673e-05,0.0017090775732754,0.000284856824505023,0.00553119636925266,2.64241833664233e-05,0.000457102843407652,0,0.000132447692857917,0.00051680751641437,0.00718014766758161,0.213852526152755,0.00872425194249683,0,0.00147450902566595,0.000151992451973712,0.0217414488333187,0.0561902043703064,0.0785155762078529,0.0260213495434516,0.00180609004920792,0.00423045692866138,0.175300220016099,0.0133435976483673,0.00121528865757046,0.00535686280778648,4.85549801739708e-05,5.85302630477886e-05,0.000588373815171554,0.0030976260110234,0.0203986935125596
0.0195316007613923,0.068347774378127,0.0181877123006773,7.37071320699129,0,0.0195310844974427,0.195110885447043,0.032203560719377,5.12748214775047,0.279301555222229,0.00215350774498622,1.95977150158707,0.00292613710868143,0.0580775782781528,0.00837279270274466,1.63586536349614,0.0191068378313963,8.7047886582833e-05,0.00482149724470155,2.30813801825976,0.0510916888188886,1.82407521373327,0.0490014854826759,0,0.00849581702391415,0.0146416353943506,0.170853615564474,3.08894527009093,0.103050863059082,0.1976951848011,0.00148133638675223,0.00177034865272652,0.0533645066876803,0.0824110053959785,0.0037555936795395,0.181667392445128,0.0519471541700759,0.132324797723903,0.0754951121250414,0.105597365828473,0.0023622175629387,0.00254384913515179,0.0962741332910397,0.015851260842966,0.0715964032981019,0.0399129627324867,0.03836415303753,0.00406285151384266,0.00153808923897305,0.01147813162312,0.00164855409109441,0.00683556750758651,0.0326849513670444,0.000162771012702609,0.0119431928228796,0.0624153847581444,0.010479610058594,0.119528218948953,0.0302711056227893,0.0015840438756224,0.0188605330091898,0.000543654572234044,0.0112680760090298,0.00230089752552534,0.0415557833088416,0.00414129698045714,0.000264293191229957,0.00100899215031092,0.0343522037597776,0.0305262663578306,0.039704518273738,0.0164930942574191,0.24396821917632,0.000568525217316251,0.00259315071429975,0.0119001303486039,0.148817665207056,0.0291076124080409,0.051424352566332,0.000314805284510815,0.00269246770018199,0.0186004111111675,0.0246037648472943,0.00281646065607036
0,1.57168652499643,0.00113892681536033,0.000727323341156869,0.00194077647648128,0.000481661934808152,0.000986660628308697,0.00205081138323658,0.0236165830756886,0.000555706559826914,1.3586296167387,0.000920724047146458,4.49603295397139,0.00245403738717245,0,0.0104449605752682,0.00325458394201717,0.0380002838218199,0.0459060450186777,0.00143510252129226,0.00168515867175381,0.323018083525106,0.00164409574731096,0.00849581702391415,0,0.289819980433614,1.30623203246727,0.00180190113911464,0.00827952160939596,0.000582069471785027,1.30973211175749,0.00526091694907483,0.00107737276241235,0.0871848750390545,0.000351607381550687,0.10458665353456,2.28258004606782,0.625345117913168,0.0792098263722036,0.00226945976306044,0.00703463463907598,2.79285459227216,0.0596493284549373,0.199871737309568,0.137329772370593,0.0591246910000352,0.000334336825394462,0.00581577020750816,0.0921311614096458,0.000825095483371167,0.133137691613354,0.00271661801423708,0.000246043838389667,0.000580892138598767,0.000425971233326717,0.00130896259039966,0.000445870318696092,0.00281650007051438,0.000948203794131426,0.140644933664335,0.000448086070315457,0.188612819227133,0.000625619873062957,0,0.00187724116164536,0.00307686716102119,0.0795602770518743,0.0550457803551917,0.00145457931017083,0.00111857995626678,0.0134137505014407,0.00173902272596621,0.00189356458905053,0.366628396341589,0.136927758768641,0.133421378389145,0.00161350029300595,0.00135829458431219,0.000421725766186435,0.258211573415135,0.00290937750426959,0.00025732965135215,0.0222724428668027,0.00053420974485625
0.0364509644821556,0.232969306050814,2.49962951199127,0.00062909537816369,0.000360575883245756,0.00211103600384376,0.0486368697286233,0.0276821205274756,0.00824170410936456,0.0074898915664706,0.523963366219447,0.00237506620757728,0.0423547759449849,0.0544026519725004,0.000183552772301638,0.0187559578919076,1.04382294701862,0.610004808233415,2.99744657836941,0.0016172873560792,0.0394572830559229,0.0442367305009959,0.222704099438728,0.0146416353943506,0.289819980433614,0,2.70676917583098,0.0589379094586991,0.0625100702491875,0.0380775226142468,0.540373998360024,0.00926833243843554,0.0078133619082591,0.371080915185662,0.0050446770098735,0.260701495031954,0.689833819161507,0.473125173995812,0.0703538987324433,0.00862343910798914,0.00255957019672907,0.00849725220155207,0.0374286275753346,0.093168303278581,0.0743420652687088,0.0172464564880126,0.00117991099769755,0.000366827679683177,0.00166658006846363,0.000734516642264782,0.058994351584612,0.0129271963659978,0.000127555136555921,0,8.87515006531385e-05,0.00199522657145212,0.000375524204553402,0.00160540066568299,0.000328288585082172,0.0208522323903052,0.00016166270254964,0.0517763773461295,0.000701664573954826,0.000592612982177106,0.00373143027468292,0.015340415772459,0.0340101657551465,0.059999153025322,7.74568612007392e-05,0.00138791513852163,0.00697162887061747,0.00600820039511072,0.0027154188406082,0.0769263921518599,0.228658021279071,0.246141739732332,0.00222617869722089,0.00160420855404512,0.00194452370335149,0.0532043680902876,0.000418624811072435,0.00026246663628906,0.0230118536976555,0.00350890235955474
0.00881484739842179,1.67605336551465,2.03086018941618,0.000647437237837349,8.4787744540773e-05,0.00131781983642277,0.0270756952365301,0.010227683090196,0.0691583624513216,0.00356186041031929,0.0678997490247334,0.00137958262416938,0.562988770844434,0.0207367883600181,4.49232420629152e-05,1.03898067704961,0.639994569177747,0.0125512451751631,0.202895342911853,0.000750041061807635,0.192745532373115,0.933498273235829,1.48668567274748,0.170853615564474,1.30623203246727,2.70676917583098,0,0.151452163351473,0.0218587230299041,0.0208005704923148,0.630192249287668,0.00231141750310534,0.00237739720972933,0.416947238571109,0.0219389801124096,0.503440889153575,0.466253998501488,0.802593578651791,0.234194745506687,0.0144393988885041,0.00461423443463913,0.00380052774524075,0.102997302527969,0.12144049760064,0.156902037573208,0.0650271152658174,0.00546453715259949,0.000528324958913113,0.00188275700125273,0.00172139589692513,0.154697986064102,0.11664845260007,0.000163611631661761,0,0.000380544618560224,0.00741757732668302,0.000658291494212669,0.00953125087536622,0.000476932433234924,0.0162134860972777,0.000311670267527588,0.0396857799873321,0.00157828917603527,0.00217356880533446,0.0612880335331726,0.0548302249450832,0.0219893743226663,0.0578792597577362,0.000147263983124506,0.00701485484069918,0.104198893105458,0.0400222517697524,0.0255341576530205,0.0687614362119638,0.24069150660641,0.748429450278562,0.0148133761533312,0.00233114282303484,0.00452687376757514,0.0350319135716186,0.000462870203556584,0.000594278914058306,0.0337395320395947,0.016425115026745
