0,0.000185880183814158,0.0106771264000193,0.00272388707671272,0.000297368497023351,0.00169500446669031,1.19733551975392,0.171501687721218,0.10071591816223,0.00871450863833666,0.000730138074577452,0.00017393768630777,0,2.06347553110572,0,0.00318117657346757,0.023423668750352,0,0.00142051865036306,0.000858105827604412,0.0161921664936944,0.00582987955503735,0.0165714981228776,0.0915207387796084,0.000102101752470886,0.00167715532159393,0.00224911041198962,0.0381147568201989,0.938229988205546,0.488697032567889,0,0.00637739161420777,0.148031855458345,0.144119580515492,0.00016827224976159,0.0119041171774052,0.000846365771491693,0.0600753689149885,0.0169176649869623,0.000162015788995093,0.00155054749436095,0,0.00421590500482753,0.00023284120634795,0.00292787413111782,0.000976261227676543,0,0,0,0.00343417175298001,0,0.000376515137586946,0,0,0,0.000965166329776869,0,0.000898774942104433,0,0,0,0,0.000277287133748739,0,4.76681950521787e-05,0,0,0,0,0.000181147936247884,0.000702340388975365,0,0.00444062796022659,0,0,5.8357187031048e-05,0.00665777651097475,0.000222055805116675,0.00115236986630469,0,0,0.000447274196104852,0.00173897328420449,7.06129757802504e-05
0.000185880183814158,0,0.0178270300702538,0,0,0,0.00088851464368589,0.000114014085181107,0.0206213903075811,0.00022410397740997,0.0107034147841481,0,0.0454862443352121,0.000205575775223983,0,0.0393457585137262,0.0965292763827366,0.00742104865422369,0.0340334382695039,0,0.000412840125910916,0.870333666230654,0.00343728115464981,0.0118582724550057,0.765339898122427,0.0319640149829775,1.07370351875531,0.00164863022248362,8.83124017154696e-05,0.00126083675258438,0.00231708801463236,0,0.000170167093822032,0.0594665020077254,0.000359448897780928,0.0542888320928322,0.108349286707049,0.297659311012416,0.0223003304207619,0,0,0.00237744848901818,0.010144907128008,0.0300715936901524,0.0408422719877709,0.0142148003775616,0,0,0,0,0.660906054490706,0.00523413133353492,0,0,0,0.000584561870208297,0,0.0067435710064599,0,0,0,0,8.44915152418552e-05,0.00112058077296591,0.0114692565601058,0.0124727820871861,0.000428876604160676,0.00959912562602095,0,0.000932429161008743,0.205625004115704,0.0015098240578508,0.00104015463042827,0.0536019678601133,0.00761643897382863,0.047974271077051,0.00018132848543872,0,0.000130699936470711,0.000505709547921635,0,0,0.00917963876170924,0.000528649422179507
0.0106771264000193,0.0178270300702538,0,0.000139970729293859,0,0.000107218168676759,0.136604524603868,0.00363429183057341,0.0033227275767254,0.000643952705702921,0.000629901915960704,0,4.23709929190299e-05,0.00623061094434187,5.09339437750785e-05,0.00485918875754979,0.67148093331614,0.000188290133492705,0.0173686983815732,0,0.124310147186517,0.0127545340774826,2.03599654407429,0.00457070293459744,0.00122916575802743,1.41714176375937,1.29615700520852,0.0908209398275269,0.00361162213105371,0.0555229481805738,0,0.000328778769169744,0.000131768389313398,0.0605696594962668,0.000205912825948511,0.0160703510212962,0.0147051024213147,0.148748146390949,0.0132900614063772,6.21720432480788e-05,0,0.000744514211669149,0.00135184896777949,0.000907487239042492,0.000693544245834271,0.000309531122030227,8.05532438091709e-05,0,0,0,0.00765616292683786,0,0,0,0,0,0,0.000147656568560729,0,0,0,0,0,0.000586576354882004,0.00108004918781477,0.000220673236490478,0,0.000509152762110922,0,0,0.00385281867000092,5.48964016127177e-05,0,0.00134398999926185,0.00014291504322109,0.0019630782049471,3.68779400496102e-05,0,0,0,0,0,0.000449252112407178,0.000269511727499102
0.00272388707671272,0,0.000139970729293859,0,0.000475247965185204,0.0110603926916429,0.00541470773935749,0.0307848447484077,0.0407638343923612,1.46313351858554,0.000200249081485171,0.121724302606525,0,0.0191603379904876,0,0.000236243425758609,0,0,0,6.12297985487785,0.000101592933700543,0,0.00048489718245809,3.80869548903914,0,2.09083832003183e-05,9.247984835728e-05,1.32437157726214,0.0115199319065644,0.000521377717387194,0,0.0014166076320417,0.00296948326382104,0.011429206632514,1.03816317801342e-05,0.00330137918865397,5.19359605100349e-05,0.0124956446621568,0.0095040047082148,0.0011745589589837,0,0,0.000271928231382022,0,0.000508393007134129,0,0.000219797920744617,0,0,0.000537648117603113,0,0,0.214756696367661,0,0.000109471679823267,0.000736012215314564,6.65196518536866e-05,0.000320119953271915,0.000587715266074691,0,0.121964989354701,0,0.000844123275043423,0,0.00027876599357458,0,0,0,0.0996932587202989,0,0,0,0.00182617921542891,0,0,0,0.00192500693968413,0.000436896176878504,8.32246801194259e-05,0,0,0.000111282355642114,0.000155412273259672,0.00011697247739916
0.000297368497023351,0,0,0.000475247965185204,0,0.895955725843306,8.63957416700715e-05,0.0581887709852238,0.000794957362693225,0.000212171003946245,0.000325453735628853,0,0,0.0130421975511881,0.00978436869714201,0,0,0,0,8.12814566296676e-05,0,5.94459031710518e-05,0,0.000387678234624625,0,0,0,0.000127743650913548,0.0169006867369664,0.000104019664215195,0,3.13314024002475,0,0.0510250158283987,0,0.000545680956779416,0,0.00721826570475321,0.000328291799277187,1.36210042346495,2.99548112992462,0.000417857649187055,0,0,0,0,0,0,0,0,0,0,0,0,0,0,0,0,0,0,0,0,0,0,0,0,0,0,0,0,0,0,0,0,0,0,0,0,0,0,0,0,0,0
0.00169500446669031,0,0.000107218168676759,0.0110603926916429,0.895955725843306,0,0.00547414005946296,2.08869765500609,0.0135773096916214,2.17972464563163,0.00179791067615584,1.7544064859623,0.000197439023228923,0.0839641880926971,1.63076595117194,7.1711251517228e-05,0,0,0,0.252520117920909,4.47361695275417e-05,0.000321892590226776,0.00049702870239898,0.0609547424604116,0.000104944870847654,6.24440252498012e-05,6.48710541726947e-05,0.00787393718502418,0.0320001950369181,0.00108121480323093,0,0.353312810640786,0.0015094636128919,0.0365643259680743,0.0329369003972832,0.00400108754224742,0.000362624064160842,0.0312925191810277,0.00407346793481106,0.42956228966659,0.434044075483926,0,0.000799379651803228,0,0.000114094758976724,0,0.00104941376732957,0,0,0.000304563644119812,0,0,0.000695131728422376,0,0.000504997950398576,0.000851366564531804,0.000174080744371011,0.00139290445044344,0.000403811222638586,0,0.000421587174006676,0,0.000584823478449507,0,0,0,0,0,0.000133416041283151,0,0,2.96041371360412e-05,0.00194401500140015,0,0,0,0.00275446145864055,0.000462324913880559,9.47718023855018e-05,0,0,0.000368079059973746,0.000845650730769779,1.75415468146909e-05
1.19733551975392,0.00088851464368589,0.136604524603868,0.00541470773935749,8.63957416700715e-05,0.00547414005946296,0,0.319645334181532,0.147932862703739,1.34355272629949,0.00112445172825437,0.000284636751687209,5.82482616580597e-05,1.42334639327451,1.88500619917518e-05,0.017729571086569,0.0544081674434552,0,0.00181440080582085,0.00201357661105863,0.0672083402164261,0.0273767541727792,0.164859370115792,0.424578619184177,0.000253747857394186,0.0142632479755371,0.0322122162264438,2.42202104802424,0.0793050078170809,0.832145741332765,0,0.00502945544314092,0.0226667397951718,0.146956162966985,0.00119977019175533,0.0502975236534585,0.00551539951827998,0.160336405039589,0.0468995720144112,0.00183673476323856,0.00147525150420457,7.16924611365013e-05,0.00304836252938524,0.000243058811430646,0.00185701197039667,0.00218105467924983,0.000119982094739068,0,0,0.000816185607861991,0.000624909157123003,0,0,0,0,0.000802948034656771,1.94145615022153e-05,0.000493862786825865,3.82612521388163e-05,0,0.000379818650028536,0,0.000391798382212734,0,0.00198093707627547,0,0,0,0,0.000689520651397089,0.000646139555678282,0.000492395021200654,0.0036515774064685,0,1.65804609131492e-05,0.000491001785351576,0.00642792420973455,0.000904345660529231,0.000694001840140083,0,0.000241606706340356,9.82207315417612e-05,0.000226771276729798,0.000623915799752905
0.171501687721218,0.000114014085181107,0.00363429183057341,0.0307848447484077,0.0581887709852238,2.08869765500609,0.319645334181532,0,0.0454077836731949,0.720723980458915,0.0110653491146419,0.0146906636946424,0.000497820762692202,3.3164745984281,0.00288439805451859,0.00253353028307708,0.00229637363403202,0.000394672577991938,9.29454752454303e-05,0.0651420534631556,0.00331800982511657,0.00312697673525661,0.00733452539931156,0.225848369978007,0.000936400162217558,0.00105821800092779,0.00135948040826696,0.0641652238459972,0.315748820475679,0.00846453958123711,0,0.752327937752066,0.00876287633581265,0.195395378211686,8.24509909093016e-05,0.0350342927625543,0.00284403373498844,0.170073017329601,0.0293304202982495,0.00404237945130292,0.0831322497413526,0.000944964791439426,0.00535573721851189,0.000885438862033559,0.00305071499842192,0.00280608959855476,0.000256513305171641,0.000234199278648212,0,0.00359319784111321,0,0,0.00137808513260402,0,0.00055069891379467,0.00359475705766726,0.000440154277184094,0.00160268038892226,0.00105258308408726,0,0.00133414425435719,0,0.00104307046225744,0,0.000239652451919239,0,0,0,0.000483751698573864,0.00012837299303,0.000228550445063611,0.000117380570141878,0.0103742453085948,0,0,8.82942643511616e-05,0.012556876275018,0.00273224212361913,0.000510410187284533,0,0.000239105901048229,0.00202847588241441,0.00251433010241357,8.911406533129e-05
0.10071591816223,0.0206213903075811,0.0033227275767254,0.0407638343923612,0.000794957362693225,0.0135773096916214,0.147932862703739,0.0454077836731949,0,0.0368067551677213,0.000810368506078372,1.85218200416961,0,0.045214367545636,0.444926485725655,0.00849033484147731,0.0065711986112398,0,0.00113741827749961,0.159924847773909,0.00243680706387996,0.866556805277271,0.00463438980189092,4.19764124168111,0.00259218647198048,0.000915862832887682,0.0157350875252351,0.179586722613956,0.0888023610507632,0.0997933324890105,8.48296447542706e-05,0.00548776408507519,0.119471114765569,0.112614517536286,0.000809570653705397,0.246044303207333,0.00946839770779507,0.145271312350135,0.102216385380331,1.99658321323538,0.00333712090124442,0.000311503333485653,0.121390207570416,0.0133585731791809,0.0626156616456229,0.0860974529149747,0.0835751672724503,0.00145960467258641,0.000601786631980149,0.0541390794345472,0.000741322585178594,0.00216209377430853,0.0117623764637625,0,0.00433426885311148,0.0330178315295985,0.00464199309427059,0.523770888624027,0.0156687647198189,4.95514560133409e-05,0.0601324556832558,0,0.0185787382385638,0.00081660117103478,0.00592978171209751,0,0,0.000131463418369055,0.0119039823588622,0.00268856034787898,0.0039461604479363,0.00387890694643081,0.252727131263611,0,0.000440759163809035,0.00223820147673129,0.171245292103462,0.0448791665812033,0.0111459620922233,0,0.0026581835439608,0.0419988320096889,0.0264790831208595,0.000957110237740077
0.00871450863833666,0.00022410397740997,0.000643952705702921,1.46313351858554,0.000212171003946245,2.17972464563163,1.34355272629949,0.720723980458915,0.0368067551677213,0,0.000746271594123007,0.618374737883898,0,0.546890871324488,0.00113071045253615,0.000521924228477401,0.000206248258117019,0,0,2.12592261576291,0.000380416241877813,0.00107756680403318,0.00149902664065744,0.316620239984821,8.11420953771955e-05,4.04288518546428e-05,0.000546131606524818,0.617450771954922,0.0262990840587658,0.0104504355161289,0,0.00316394362344617,0.00465754247430959,0.0357688459874986,5.47081102394793e-05,0.0141587297848754,0.000298558936732983,0.0314732050746408,0.0173947186573289,0.00886878917378276,0.0012032919450218,9.00786205003615e-05,0.00154297318020935,0.000161701132393067,0.00296555849465144,0.0013916983901761,0.000775655875794646,0.000216243107037523,0,0.000463974668166306,0,0,0.0288899753804472,0,0.00104800904112381,0.00140812843332094,0.000520187114975923,0.00199575549783194,0.000586487397647515,0,0.00077069626661868,0,0.0015370237374997,0.000296652717455334,0.000174628825131502,0,0,0,0.000930087100962008,8.44093353329946e-05,0,0,0.00553249061912404,0,0,0,0.0048659875561094,0.000736428763791607,0.000135009742604584,0,0.00035118975258885,0.000263594350653304,0.000506001424185078,0.000135949627436988
0.000730138074577452,0.0107034147841481,0.000629901915960704,0.000200249081485171,0.000325453735628853,0.00179791067615584,0.00112445172825437,0.0110653491146419,0.000810368506078372,0.000746271594123007,0,5.66484918597767e-05,2.22303627543762,0.004153639003065,0,0,0.00657960392194423,1.55745109417154,0.325443872730031,0.000212260109320288,9.80987128294324e-05,0.00429159080662749,0.000166879544663009,0.00140422221678677,0.467710190960822,0.227655830783532,0.0379630025597332,0.000706338227332534,0.00864387345564114,0.000507792608346365,0.0361677344018191,0.0154207529364543,0.000897558896037703,0.559019672024226,5.60757642327353e-05,0.00355743717971999,0.303308703914689,0.882599624719516,0.0416727832255069,0,0.000271126863510496,0.0985063600609397,0.000737446124349861,0.0068273342469044,0.00444015364720547,0.00120727419356967,0,0,0,0,0.00323820914369162,2.40510551261619e-05,0,0,0,1.56739685399701e-05,0,0,0,0.00094529128792161,0,0,0,0,5.16297130844553e-05,0.000507082071286909,0.000289962439419027,0.00270123062465131,0,0,0.000703768771097557,2.47953512177729e-05,0.000186351938833383,0.0178469526713697,0.00299370090339724,0.00286115357536699,0.000349935840732252,0,0,0.000104234148067097,0,4.66223039737599e-05,0.000328249968628607,0
0.00017393768630777,0,0,0.121724302606525,0,1.7544064859623,0.000284636751687209,0.0146906636946424,1.85218200416961,0.618374737883898,5.66484918597767e-05,0,0,0.00140730000341978,0.171560983177118,0,0,0,0,6.82141466052235,0,0,0,1.18707387028898,0,0,0,0.0004836538617811,0.000555005754233143,0,0,0,0,0.00125449658667756,0.0636379605526648,0.000842915731733562,5.79553102070898e-05,0.00167849183965605,0.000975034317154179,0.129488356688483,0,0,0.00212643576805546,9.13549051236653e-05,0.000692546697125673,0.00149089882671574,0.00591177978145826,6.30235021131104e-05,0,0.000332164922301458,0,0,0.00105526215996145,0,0.000437356156143916,0.000456557206839792,0.000226251079582426,0.00304111144890243,0.000869949071657196,0,0.125408129613191,0,0.00023537102766424,0,0,0,0,0,0.0241877281102535,7.52627770725361e-05,3.39468722605381e-05,9.99176751150842e-05,0.0061159742659075,0,0,5.71946879577559e-05,0.00219140277737075,0.000567653154547761,4.22429432094004e-05,0,0.000175743294990906,0,0.000342273206195394,5.37938300379628e-05
0,0.0454862443352121,4.23709929190299e-05,0,0,0.000197439023228923,5.82482616580597e-05,0.000497820762692202,0,0,2.22303627543762,0,0,0.000438377598240194,0,6.12906090821236e-05,0.000635435696950994,0.00874135610536177,0.00564070495903948,4.89413934702302e-05,0.000141444346620981,0.0184907806322895,0.000220715768753817,0.000264753722528801,4.13430133480141,0.083903433649622,0.659363202079073,0.000188492245688826,0.000593444176623021,0.000136264008846004,2.49292377356786,0.000795985371459436,0,0.00692808884938768,0.000257933277255945,0.0492549782219274,0.39262151406583,0.172498248699872,0.209592133808459,0,0,0.74811302344306,0.00257543704839978,0.00779593785204471,0.00447961426318542,0.000393326794716322,0,0,0.000994509872943208,0,0.00987116144333145,0,0,0,0,0,0,0.00041670685720363,0,0.00109001654655883,0,0.10042944015405,0,0,0.00023652006531498,0.000500258099817973,0.000157150743230486,0.00309195535325969,0,3.28814852026257e-05,0.000940004354180876,3.49034203039403e-05,0.000158501328722028,0.0361894432355336,0.00314581921376584,0.00486858771771838,3.66202541809122e-05,0,2.68174336384981e-05,0.00162830441597168,0,0,0.00091887065862878,5.03391782310989e-05
2.06347553110572,0.000205575775223983,0.00623061094434187,0.0191603379904876,0.0130421975511881,0.0839641880926971,1.42334639327451,3.3164745984281,0.045214367545636,0.546890871324488,0.004153639003065,0.00140730000341978,0.000438377598240194,0,0,0.00336658871856151,0.00710894536401729,0.000323556184224924,0.000734206917108279,0.00822658415266075,0.00748866246140344,0.00561399742908082,0.00895660189166694,0.119796129623154,0.00079738516200522,0.0012925166883663,0.00216572388364196,0.0628256186357119,3.4019901838026,0.078086252155324,6.99201305676238e-05,0.181754115667176,0.0197931463992325,0.205556249667958,0.000201392854028078,0.0173413528139825,0.00098633816299833,0.0742891865150831,0.0189602825482782,0.000543927072683831,0.00876907713748221,0.000753494882953683,0.0035601866588935,0.000452160831816191,0.00110876549592988,0.00126557932376087,0.000452641925498905,0,0,0.00178995285019215,0,0,0.000637531800141814,0,0.000319165826013762,0.000773113013985369,0.000207345100949607,0.00140542574748759,4.41788571770877e-05,0,0.000147457762238439,0,0.000546902758060503,0.000341244027311316,0.000583960315180539,0,0,0,0,0,0,4.02186265683099e-05,0.00476958831756232,0.000211924728879469,0,0,0.00551750030913328,0.000974934393059831,0.000208549004528866,0,0,0.00143233151538827,0.00185054802557561,0.000223391390208875
0,0,5.09339437750785e-05,0,0.00978436869714201,1.63076595117194,1.88500619917518e-05,0.00288439805451859,0.444926485725655,0.00113071045253615,0,0.171560983177118,0,0,0,0.00224615641558253,0,0,0,0.00590229021523524,0,0.00402403559936105,0.000597649324506197,0.00311635763002222,0,0,0.000829260030664376,0.000485703739763445,0.000376150425734467,0,0,0,0.000205957119782168,0.000395328469902784,0.0553411293576407,0.0024846365421625,0.0103908356804643,0.00999238394726167,0.00989516258598819,1.65161335447333,0.0132891158927305,0,0.00130682316397116,0.00649328055289133,0.0125760825503494,0.0251784914829933,0.00441125031450076,0,0,0,0.000304689157660624,0,0,0,0,0,0,0,0.00048514866811053,0,4.84260300750599e-05,0,0,0.00766985997124116,0.00178645166162436,0,0,0,0,3.90141591719365e-05,0.000305025696898238,0.0022886554820114,0.000208272896582482,0,2.00075627508484e-05,0.000173824471036465,0.000211189059315277,0,6.27653719674133e-05,0,0,0,0,0.0144952249375117
0.00318117657346757,0.0393457585137262,0.00485918875754979,0.000236243425758609,0,7.1711251517228e-05,0.017729571086569,0.00253353028307708,0.00849033484147731,0.000521924228477401,0,0,6.12906090821236e-05,0.00336658871856151,0.00224615641558253,0,0.00750479620446614,0,0,6.21848790038509e-05,0.693965808599657,3.3463647255207,1.55869522213479,0.494365439477282,0.000533088774794868,0.00104261701706582,0.486324551564549,0.351704421510058,0.00255686499780912,0.0378510140988038,0,0.000308144700225037,0.00191629819093744,0.0675578314983097,0.00803249616322774,0.426012741350362,0.183732009589154,0.25638380962766,0.237483708013997,0,0.000396404189678233,0.00416250881621381,0.0229893569172313,0.00569161657810291,0.0067029783141052,0.0137961241305668,0.00109479487650904,0,0,0,0.00206409386718416,0.000354235304719806,0,0,0,0,3.17806148012129e-05,0.0287860835301819,0,0,0,0,0,0.00382731253717059,0.125254443205935,0.000402271781439006,0,0,0,0.000617172180454946,0.0764539814643437,0.00422637964173374,0.0176331871777799,0.000847782523563649,0.000126680056953684,0.00233306705128699,0.00274470717297676,0,0.000254648226806447,0,0,0.000460171453338237,0,0.00591877649500762
0.023423668750352,0.0965292763827366,0.67148093331614,0,0,0,0.0544081674434552,0.00229637363403202,0.0065711986112398,0.000206248258117019,0.00657960392194423,0,0.000635435696950994,0.00710894536401729,0,0.00750479620446614,0,0.00232861178222137,2.78480018505771,0,0.0323510458291886,0.0414759025038577,1.22519565112569,0.00405248578766956,0.00755894385798127,0.719378080426656,0.406022458538731,0.0180223888432566,0.577633922411508,0.0376378970252364,0,0.000202330626257463,0.00712862979630791,0.15649666860047,0.000134865514033288,0.00921097048335082,0.0111029400320714,0.106044743017742,0.00581045099783596,0,0,0,0.00129731691926852,0.00325321966460113,0.00401637112781073,0.00220260948092198,0,0,0,0,0.0469619633395172,0.000898541054720444,0,0,0,7.25285951786547e-05,0,0.00278223342133094,0,0,0,0,0,0,0.00245287526824512,0.0011067084353825,0,0.000186263677250108,0,0.000100244088749686,0.00765988930743068,0.000743268133131456,0.0004497492581173,0.00458198684712545,0.000793526510625267,0.00765729392247881,1.66747971185779e-05,0,0,0,0,0,0.000464675448088992,6.61851579515592e-05
0,0.00742104865422369,0.000188290133492705,0,0,0,0,0.000394672577991938,0,0,1.55745109417154,0,0.00874135610536177,0.000323556184224924,0,0,0.00232861178222137,0,0.884121604241787,0,0,0.00341143404241102,5.06524361000601e-05,2.71947847994068e-05,0.0468776937179763,0.361666478828966,0.0266679392061505,0,0,0,0.00171177770106282,0,0,0.00681738900340715,0,0.000334303442930083,0.0193817520683733,0.0409620143188488,0.00429592283910041,0,0,0,0.000149292468997218,0.00553132900528896,0.00470838212057371,0.000161704611346772,0,0,0,0.000221579885500173,0.00387528797203123,0,0,0,0,0,0,0,0,0.000647476587740094,0,0,0,0,0,0,0,0.00336213991722518,0,0,0.000943576229499365,0,0,0.0139173022402804,0.00366294156628618,0.00253632578794737,0,0,0,0.000140400512889145,0,0,0.00189380984613341,0
0.00142051865036306,0.0340334382695039,0.0173686983815732,0,0,0,0.00181440080582085,9.29454752454303e-05,0.00113741827749961,0,0.325443872730031,0,0.00564070495903948,0.000734206917108279,0,0,2.78480018505771,0.884121604241787,0,0,0.00125837220031897,0.0151502595908452,0.00491105217989789,0.000230970322074001,0.0496307436652525,1.28585546356357,0.139827033979894,0.000937305609378356,0.000317086486034257,0.00120959325665553,0.000414202080353983,0.00016187959183042,0,0.181144624043806,3.29734974449387e-05,0.00244775900956746,0.0377511661060472,0.146409060246389,0.00214325583803767,6.50621714557084e-05,0,0.000635644586837233,0.00143601687637439,0.00773840107633632,0.00808762176124005,0.00137520347974277,0.000116030705345571,0,0,0,0.0282887664540451,4.67576725147112e-05,0,0,0,0.000229577058020177,0,0.000382077303446894,0,0.000808377782599642,0,0.000592843548359832,0,0,0.000518399512014869,0.000680943328698419,0,0.00525071743171033,0,0.0002329601141312,0.00319423476194348,9.15117141070409e-05,0.000243721573618251,0.0136739228124266,0.00385151818478806,0.00837866180947248,0.000101452192085345,0,0,0.000564942927112053,0,0,0.00137125654591168,2.70398456527967e-05
0.000858105827604412,0,0,6.12297985487785,8.12814566296676e-05,0.252520117920909,0.00201357661105863,0.0651420534631556,0.159924847773909,2.12592261576291,0.000212260109320288,6.82141466052235,4.89413934702302e-05,0.00822658415266075,0.00590229021523524,6.21848790038509e-05,0,0,0,0,0,0.000401821293902382,8.64657472915879e-05,0.562646133625343,0,1.97676603248605e-05,2.14232487575122e-05,0.0224917530561202,0.00485463887778982,0.000285159577232503,0,0.00104925948285388,0.00261490830134329,0.00912286169052439,5.75042311105607e-06,0.00212689602250692,0,0.00658305367128006,0.00661393100197168,0.00936230290453904,0.000329744931796228,0,0.000391481170632122,0,0,0.000173277877889504,0.00099904413149111,0,0,0.000577967225113437,0,0,0.00113710808896184,0,3.85915423389144e-05,0.00055385620350059,0,0.00076863748711653,0.000313622358256976,0,0.0131455067775088,0,7.28854206423065e-05,0,0,0,0,0,0.006039398415163,0,0,0,0.00083702503355015,0,0,0,0.000799169615023548,0.000492420651048457,0,0,0,0,0,0
0.0161921664936944,0.000412840125910916,0.124310147186517,0.000101592933700543,0,4.47361695275417e-05,0.0672083402164261,0.00331800982511657,0.00243680706387996,0.000380416241877813,9.80987128294324e-05,0,0.000141444346620981,0.00748866246140344,0,0.693965808599657,0.0323510458291886,0,0.00125837220031897,0,0,0.0177039426433881,4.07719632635922,0.0334174536203853,0,0.00669584443382399,0.0378791824291514,1.12497316801731,0.273802929967484,1.49251267744284,0,0.000159851425050405,0.0110490657467772,0.188963394331145,0.00129874648654325,0.051810089658422,0.00542622420216444,0.166318145722206,0.0441963215926868,0,0.00054176701866738,0.000396728085195391,0.000958491258937806,0.000488393999141199,0.000272817775928965,0.00181371209757956,3.3375534674196e-05,0,0,0,0,0.000216724507468478,0,0,0,0,0,0,0,0,0,0,0,0,0.00256795845948418,0,0,0,0,0.000131147541042995,0.000462949810884359,0.000111086085120552,0.000591591913666552,0,0,0.000372714425251812,6.02239491266233e-05,0,0.000293855864150372,0,0,0,0,0.000829196925430233
0.00582987955503735,0.870333666230654,0.0127545340774826,0,5.94459031710518e-05,0.000321892590226776,0.0273767541727792,0.00312697673525661,0.866556805277271,0.00107756680403318,0.00429159080662749,0,0.0184907806322895,0.00561399742908082,0.00402403559936105,3.3463647255207,0.0414759025038577,0.00341143404241102,0.0151502595908452,0.000401821293902382,0.0177039426433881,0,0.0294130481322013,1.07298531526298,0.108588697685623,0.0188182363608045,0.491117269739225,0.061348538283584,0.0035153654429392,0.0279213525086967,0.000836203778271033,0.000787275038516758,0.0017501034032309,0.0695485146406143,0.00520702478435787,0.422936776251331,0.249371276713772,0.309951352231393,0.189799516856741,0,7.19917623663805e-05,0.000970274872471113,0.0930863570570152,0.0520621038775073,0.0434237317494318,0.0572708695940469,0.00119550626983546,0,0,0.00313261838754077,0.205940262747517,0.0115210241217606,0,0,0,0.00151455959441479,9.35726382662763e-05,0.101936161397559,4.34049770896074e-05,0,0,0,0.000587616905441807,0.00198770959420818,0.280834050498621,0.0038073622357611,0.000447229232903031,0.00051023484156535,0.000443308145444653,0.0061431012013528,0.973546353945296,0.0212432531617072,0.0562757670178383,0.0139047530621129,0.00201968610257077,0.0562398936432582,0.0162643953485475,0.00162728674082735,0.00498019141976643,0,0,0.00214619484715238,0.00264735975084677,0.00528126195625029
0.0165714981228776,0.00343728115464981,2.03599654407429,0.00048489718245809,0,0.00049702870239898,0.164859370115792,0.00733452539931156,0.00463438980189092,0.00149902664065744,0.000166879544663009,0,0.000220715768753817,0.00895660189166694,0.000597649324506197,1.55869522213479,1.22519565112569,5.06524361000601e-05,0.00491105217989789,8.64657472915879e-05,4.07719632635922,0.0294130481322013,0,0.0133796268514562,0.000263781342028151,0.0619206972007428,0.949536154893089,0.292077192364925,0.370050331903573,0.177023897194059,0,0.000478025721608667,0.045258379050816,0.22043128479071,0.00799164245379654,0.149663880172325,0.0348545760679912,0.430056287054457,0.131932020381441,0,0.000554960536477845,0.000519228460040137,0.00746442460501273,0.000882070171346228,0.00221384605826342,0.00496571446011966,0.000388249965972001,0,3.10932405228998e-05,4.30817278687708e-05,0.00179809346115996,0.000322381666209262,0,0,0,9.04253583719158e-05,0,0.00187539230354564,0,0,0,0,0,0.000742424043854981,0.0128183554283197,2.62454586697023e-05,0,6.36116967069622e-05,0,0.000484539183865595,0.00598872634383189,0.00101421309365457,0.00124912462048593,0.000132391200671655,2.86333169849739e-05,0.00346824951965273,0.000634366977411055,1.58039124485681e-05,0,0,0,0,0.000117531672586005,0.00685226081907786
0.0915207387796084,0.0118582724550057,0.00457070293459744,3.80869548903914,0.000387678234624625,0.0609547424604116,0.424578619184177,0.225848369978007,4.19764124168111,0.316620239984821,0.00140422221678677,1.18707387028898,0.000264753722528801,0.119796129623154,0.00311635763002222,0.494365439477282,0.00405248578766956,2.71947847994068e-05,0.000230970322074001,0.562646133625343,0.0334174536203853,1.07298531526298,0.0133796268514562,0,0.000898611064868097,0.000999217672757716,0.0335189692812385,2.15438377751233,0.146618703880468,0.134092241563508,0,0.00787476694909058,0.0827326775629203,0.14625632417827,0.00100924627149698,0.093306782112444,0.0103712847426336,0.148368657333879,0.0831237568444263,0.00624648442606761,0.00277970663995899,0.000697615404681514,0.0332268465357389,0.00106559329310867,0.0233618093280376,0.0248193512892295,0.00340059032839672,0.000293528195684436,0,0.0126528101074109,0.000268760624543187,9.42096346339982e-05,0.0328944234211739,5.92652341965634e-05,0.00361786423690147,0.0149506410661415,0.00228984308507782,0.0192386435468045,0.00444121928479507,0,0.00191383658439689,0,0.00706702116490237,0.000291653710472635,0.0162442406318772,0,0,0,0.00116097160394662,0.00171252253519792,0.00811596368400715,0.00191754866449643,0.0628174775820851,0,0,0.00153245393851138,0.0536095208607203,0.0106669448300758,0.00380970330751349,0,0.00196491934274924,0.00440148836846756,0.0113252750636649,0.00104104339536025
0.000102101752470886,0.765339898122427,0.00122916575802743,0,0,0.000104944870847654,0.000253747857394186,0.000936400162217558,0.00259218647198048,8.11420953771955e-05,0.467710190960822,0,4.13430133480141,0.00079738516200522,0,0.000533088774794868,0.00755894385798127,0.0468776937179763,0.0496307436652525,0,0,0.108588697685623,0.000263781342028151,0.000898611064868097,0,0.143589968491144,0.635511862762301,0.00011699250884692,0.00127395869327057,0.000111010194072916,0.0697505240385609,0.000573036472144024,0,0.0181604588351052,0.0001365992970254,0.055233323987495,1.08114799645644,0.287935116567657,0.0667429776664109,6.97223500069227e-05,0,0.924534185443483,0.0404430392038642,0.0506776654185794,0.0471964815467153,0.00829415987372293,0,0,0.0543221193037193,0,0.179629726895011,0.00187024195463174,0,0,0,0.000211078902108319,0,0.0051677160941002,0,0.0016348514203433,0,0.0122158924992788,0,0,0.00276871926298896,0.00416473783394047,0.000736013733991715,0.0342869056686498,0,0.000377290024495644,0.0245644946102507,0.00108796542134948,0.000170813320523908,0.249776883486534,0.0189703561941418,0.0400797786834425,0.000107195766477793,0,4.43157035777547e-05,0.00177068535633666,0,0,0.00817321854471333,0.000138498811063892
0.00167715532159393,0.0319640149829775,1.41714176375937,2.09083832003183e-05,0,6.24440252498012e-05,0.0142632479755371,0.00105821800092779,0.000915862832887682,4.04288518546428e-05,0.227655830783532,0,0.083903433649622,0.0012925166883663,0,0.00104261701706582,0.719378080426656,0.361666478828966,1.28585546356357,1.97676603248605e-05,0.00669584443382399,0.0188182363608045,0.0619206972007428,0.000999217672757716,0.143589968491144,0,1.37557221332607,0.00623618514638493,0.00109824304755609,0.00673269719398825,0.292233217996641,0.000247636395774882,0.000150868152352861,0.0593633641668454,0.000170311281513456,0.011195653123844,0.174633291224047,0.206641046830979,0.0131420940512283,0,0,0.000791268921141631,0.0020505552093677,0.0154863929758032,0.0165977915277518,0.00292495264607063,0,0,0,0,0.0209854102942277,6.18396200735899e-05,0,0,0,1.90515305284436e-05,0,0.0003203631292286,0,0.000976940876552325,0,0.000658177357699549,0,0.000174441798138767,0.000180805354697317,0.00206377448204215,0.000390242271423207,0.00711092009671457,0,4.66633783386191e-05,0.00299654861386089,0.000343643611013449,9.6712381441157e-05,0.0233692543106204,0.0124775578289583,0.0187520210021154,6.20418222602942e-05,0,3.72786590222016e-05,0.0017285411553089,0,0,0.00355649019856523,0.000141501668620196
0.00224911041198962,1.07370351875531,1.29615700520852,9.247984835728e-05,0,6.48710541726947e-05,0.0322122162264438,0.00135948040826696,0.0157350875252351,0.000546131606524818,0.0379630025597332,0,0.659363202079073,0.00216572388364196,0.000829260030664376,0.486324551564549,0.406022458538731,0.0266679392061505,0.139827033979894,2.14232487575122e-05,0.0378791824291514,0.491117269739225,0.949536154893089,0.0335189692812385,0.635511862762301,1.37557221332607,0,0.0672602971132165,0.00160333331432321,0.0141362356936148,0.32467754514321,4.62576453652808e-05,0.000296041906079805,0.227278194282913,0.00981223337189509,0.240697651984992,0.313790870248432,0.894210645221842,0.0939251835949649,1.51695588404522e-05,0,0.00284732713825508,0.0196733809769254,0.0222200020694584,0.0325148464295435,0.0136721608266149,0.00063921864956105,0,9.41457076682611e-05,0,0.0600860128220714,0.00312450651211892,0,0,0,0.000492969497937197,0,0.0029717977548018,0,0.00128241746650284,0,0.000917086689051821,2.80448178414552e-05,0.00201501208207097,0.0192525658321405,0.0028684924837581,0.000975897326648119,0.0106079260457849,4.6319835490115e-05,0.000956434135391242,0.0339187608163304,0.00737930799047468,0.00219571334065307,0.0290956050184628,0.0144893993249276,0.060651313209476,0.00118970057212453,5.8287233430928e-05,0.000173986134977815,0.000156507130668759,0,1.10366076120016e-05,0.005177584325834,0.0106273184067987
0.0381147568201989,0.00164863022248362,0.0908209398275269,1.32437157726214,0.000127743650913548,0.00787393718502418,2.42202104802424,0.0641652238459972,0.179586722613956,0.617450771954922,0.000706338227332534,0.0004836538617811,0.000188492245688826,0.0628256186357119,0.000485703739763445,0.351704421510058,0.0180223888432566,0,0.000937305609378356,0.0224917530561202,1.12497316801731,0.061348538283584,0.292077192364925,2.15438377751233,0.00011699250884692,0.00623618514638493,0.0672602971132165,0,0.054509388380762,1.01668812680211,0,0.00202524310867377,0.0223150800457131,0.121642677922203,0.00182038401366702,0.095851664394932,0.0128481533556123,0.173357851381331,0.0629573679989162,0.000855662165669917,0.00079881434912767,9.69088998652708e-05,0.00630037983236271,0.000855915155518066,0.00135321708801824,0.00263352947656713,0.000570731074322698,0,0,0.00055210140490746,0.000133301010457887,0.000201802174431817,4.66317737720739e-05,0,1.4057962324154e-05,0.000902570710374867,0.000139694083161143,0.00159720598426503,0.000119273559570541,0,0.000271119909151195,4.9530574288633e-05,0.000478868068825161,0.000276224412766727,0.00600594756951002,0,0,0,0,0.000122581378953182,0.00217131876614689,0.000199356792526223,0.00515338403918958,0,0,0.000765491664703678,0.00756774234941811,0.000705924562144414,3.29948933231554e-05,0,0,0.000759625427925961,0.000934477170474949,0.00162706158902826
0.938229988205546,8.83124017154696e-05,0.00361162213105371,0.0115199319065644,0.0169006867369664,0.0320001950369181,0.0793050078170809,0.315748820475679,0.0888023610507632,0.0262990840587658,0.00864387345564114,0.000555005754233143,0.000593444176623021,3.4019901838026,0.000376150425734467,0.00255686499780912,0.577633922411508,0,0.000317086486034257,0.00485463887778982,0.273802929967484,0.0035153654429392,0.370050331903573,0.146618703880468,0.00127395869327057,0.00109824304755609,0.00160333331432321,0.054509388380762,0,1.20201875789436,0,0.831810273963267,2.23250346459945,1.2312188456416,0.00013088990805091,0.0175468053050552,0.000903344618712593,0.155849715295822,0.0207142228982354,0.000247042326108723,0.0102372990824984,0.000194807804917354,0.00671197684929629,0.000597043132071918,0.00260146334869922,0.00260196462371367,0.00011094429923797,0,0,0.00293051055431813,0,0.00039714503586365,0.00012232161230174,0,4.10708392991365e-05,0.00130384443194689,0.000185588842193361,0.00254959254145706,0.000322934597479629,0,0.000400469402502949,0,0.00146080219173898,0.000225167554684944,0.000491093093408293,0,0,0,0,0.000494885031336713,0.00028829839029881,0.000178258507573095,0.0104269823968719,0,0,0.000163382207280527,0.0223465621921105,0.00425390844976595,0.000628094286570366,0,0,0.00320558104936537,0.00192796629876402,9.3731615525784e-05
0.488697032567889,0.00126083675258438,0.0555229481805738,0.000521377717387194,0.000104019664215195,0.00108121480323093,0.832145741332765,0.00846453958123711,0.0997933324890105,0.0104504355161289,0.000507792608346365,0,0.000136264008846004,0.078086252155324,0,0.0378510140988038,0.0376378970252364,0,0.00120959325665553,0.000285159577232503,1.49251267744284,0.0279213525086967,0.177023897194059,0.134092241563508,0.000111010194072916,0.00673269719398825,0.0141362356936148,1.01668812680211,1.20201875789436,0,0,0.0011322708574895,0.226103762732082,0.904084291160089,0.000724686146796353,0.0422302299958477,0.0022776166819936,0.119976256176381,0.0305341346841663,0.000195408702487062,1.36505558677078e-05,0.000213599110026927,0.00609941847455728,0.00207818265394177,0.00130032398784912,0.00207163058179963,0.000599341044671137,0,0,0.00167910679107744,0.000164980315827345,0,0,0,0,0.00054669122075839,0,0.00154938142864057,0.000148321824140207,0.000139385583756661,2.52542248961032e-05,0,0.000571246178904103,0,0.00107901396049203,0,0,0,0,0,0.000322036662053333,0.000549796279545037,0.00845289882609391,0,0,0.000230935541252663,0.0093658713118235,0.00131695129834174,0.000684573535876331,0,0,0.000850271455770588,0.000437595463983891,0.000272632364857847
0,0.00231708801463236,0,0,0,0,0,0,8.48296447542706e-05,0,0.0361677344018191,0,2.49292377356786,6.99201305676238e-05,0,0,0,0.00171177770106282,0.000414202080353983,0,0,0.000836203778271033,0,0,0.0697505240385609,0.292233217996641,0.32467754514321,0,0,0,0,0,0,0.000196499155757507,0,0.00040109923241816,0.0148183861267295,0.00517486299034451,0.00116576922067173,0,0,0.0011085383128443,0.000118057564600775,0,8.53173737664194e-05,0,0,0,0,0,0.00114457427124252,0,0,0,0,0,0,0,0,0.000169906873434408,0,0,0,0,0,0,0,0.00042904079751371,0,0,0,0,0,0.00212652625664079,7.28625323171187e-05,0.000184240865842749,0,0,0,0.000873051310767869,0,0,0.000231505104369442,0
0.00637739161420777,0,0.000328778769169744,0.0014166076320417,3.13314024002475,0.353312810640786,0.00502945544314092,0.752327937752066,0.00548776408507519,0.00316394362344617,0.0154207529364543,0,0.000795985371459436,0.181754115667176,0,0.000308144700225037,0.000202330626257463,0,0.00016187959183042,0.00104925948285388,0.000159851425050405,0.000787275038516758,0.000478025721608667,0.00787476694909058,0.000573036472144024,0.000247636395774882,4.62576453652808e-05,0.00202524310867377,0.831810273963267,0.0011322708574895,0,0,0.00735443964548405,0.769552606413421,0,0.00763177435041975,0.000849437749437267,0.184714211710777,0.0176123309544763,0.0104885320515045,0.630519889919183,0.00199229661242603,0.000510135042114408,0,0.000176259495752933,0.000290302838664505,0.00014688216173604,0,0,0.000571891767443017,0,0,0,0,0,0,0,0.000634614180976274,0,0,8.73945576949321e-05,0,0,0,0,0,0,0,0,0.000155422382965442,0,0,0.000461346282475616,0,0,0,0.00197739792264196,0,2.74363149462954e-05,0,0,0,0,0
0.148031855458345,0.000170167093822032,0.000131768389313398,0.00296948326382104,0,0.0015094636128919,0.0226667397951718,0.00876287633581265,0.119471114765569,0.00465754247430959,0.000897558896037703,0,0,0.0197931463992325,0.000205957119782168,0.00191629819093744,0.00712862979630791,0,0,0.00261490830134329,0.0110490657467772,0.0017501034032309,0.045258379050816,0.0827326775629203,0,0.000150868152352861,0.000296041906079805,0.0223150800457131,2.23250346459945,0.226103762732082,0,0.00735443964548405,0,0.893801651435459,3.64970555711461e-05,0.0293420886480611,0.000283405311707527,0.0510182355173759,0.0131296326785611,0,0.000441527939501483,0.000138124920540328,0.00472664393984302,0.000971466361772283,0.00281464103226642,0.00470137642799654,0.00186577236091015,0,0,0.00936458380583899,0.000116818266569344,0,0,0,0,0.000749274841983905,0,0.00338446522655501,0.000354601331158167,0,0.000390938714223077,0,0.000192154767947135,0,0.00070235619588746,0,0,0,0,0.000390855580789662,0,0.000177335196016305,0.00704526743823154,0,0,2.41200205673669e-05,0.0113260716692465,0.00265332597010542,0.00122260948889288,0,0,0.00405133397110457,0.000479556552781573,2.45350167036375e-05
