0,0.00232070885419621,0.0311716348999666,0.0117499373313351,0.000212609920388712,0.0024006940388749,1.49910928612482,0.0765229835948837,0.0661896493286958,0.0277263357670361,0.0040474767374528,0.00143284822660092,0.00115065076700508,5.71635593872589,0,0.00777592670642214,0.164704761433792,0.0102205015163198,0.111413025216606,0.00655488002222426,0.0134184674273985,0.0208532502347399,0.00879173310918459,0.0360254246545954,0.00123405528151141,0.0164066760006138,0.00513353705914595,0.074780277044428,3.53710872256403,1.02881278892621,0.000330593710353086,0.00237712870864399,0.255513120432198,0.237498450826939,9.47028460133658e-05,0.00812041319226497,0.00971600430524798,0.0556213571908231,0.0152763862265413,0.00888146389605842,0.00246000328973525,0.00288548822821208,0.00395089571433882,0.000124193494533856,0.00612536581766308,0.00204819766648291,0.0041538320825234,0.0020951976217303,0,0.00274970142101015,0.00108623625798834,0.000510040410650264,0,0,0,0.00767350764249653,0.00160657013074634,0.012219336568143,0.000219087189151575,0.000256008996604301,0.000280301294227268,0.000341727012310656,0.00177210247131463,0.000126592245330721,0.00932817196255841,0,0,0.000190488963606556,0,0.000497787271370263,0.00852209910691236,0.00030736053365986,0.00943538852935721,0,0.000225439238098282,0.000901986409914153,0.0179689624498491,0.00570423506711868,0.00879486323004253,0,0.000160271734831793,0.000368990967352332,0.00147073152084871,0.000347646372124858
0.00232070885419621,0,0.0673528990373564,0,0,0.000435202165805553,0.00105890117782675,0.00131073261969084,0.294067799799311,0.000150304569635908,0.0396047551566813,0.000969477304702226,0.120349754960759,0.00161964980602831,0.000503613063418042,0.0589743495899019,0.114448674603497,0.0154438995438633,0.0628631528445907,0.000314529135058028,0.00115344809647681,0.96510497646456,0.00567069820019101,0.0973740289414213,2.00557228109071,0.133450232147952,1.02266118735691,0.00984621176777564,0.00288076506073451,0.00645520901657321,0.0833313845023333,0.00269750302582363,0.000214162923879522,0.0509017359374668,0.00118012066977166,0.0964185296799679,0.141400300556677,0.189855650912371,0.0534386972545828,0.00835062638059403,0.00296895315065882,0.065369476040461,0.00490152799331469,0.0287198949581259,0.0126289571425239,0.00274074533986779,0,0,0.00156293713632837,0.000175830143112621,0.764063890047255,0.0222837576101073,0,0,5.64970561409014e-05,0.000362926660020815,5.91823636340513e-05,0.00256998687205744,0,0.0113584448006167,0,0.0280270694277727,5.64190483584035e-05,0.000616896061140025,0.00163275897850826,0.0110975720815154,0.0062578746652254,0.00670410685105387,0,0.000193555270648359,0.0253640170709081,0.00455537901160926,0.000326114804083347,0.076634394919947,0.0308833118861925,0.0672155874053473,0.00091365534765829,0.000377991939828449,0.000777339884244209,0.0709528255369911,0,0,0.00174683154568832,0.00163815420751251
0.0311716348999666,0.0673528990373564,0,0,0,0.00796618338018003,0.349318414656302,0.0708091715081554,0.0301306533120291,0.00496645445577872,0.00953454771417963,0.000353871091134982,0.0029671891189159,0.0531238600182697,0.000458401997509615,0.0159115060666101,1.75033693644935,0.00477217729064577,0.0820650660065253,0.000372961760385204,0.0337417148981037,0.0893628021557714,2.39800102441337,0.034137594598552,0.00111512966354545,1.85563565780246,1.10311525323854,0.220247777077533,0.00845633000641223,0.102208757611902,9.49257629914027e-05,0.000734336376350158,0.00244959386713388,0.20382040292599,0.00541548936691956,0.372174237482848,0.687291441839519,0.531768057934389,0.130672492710165,0.0151964787331711,0.00237074254476971,0.000671244513510638,0.0153323116460626,0.0578314906665199,0.01494922797878,0.00773145601288895,0.000770016058202233,0.00100790243384901,0,0.00099074580636924,0.120323216466674,0.0838954615854531,0,0,5.73119645865708e-05,0.001784078128148,0.00040263266563139,0.00558150097746659,0.000224202013780251,0.000591594000231177,5.1808635207365e-05,0,0.000443224758710236,0.00388138427947572,0.00753912240496838,0.0285402871891726,0,0.00299152286351048,0,0.00241324303831376,0.0795105499264281,0.0405052944411454,0.00130430369737526,0.000300801903338699,0.0116665147008243,0.12634092332181,0.00155767689219972,0.00021215039622372,0.00184282724240756,0.000172842260795086,0,0,0.00319708763275631,0.0082640647496037
0.0117499373313351,0,0,0,0,0.0148723716028611,0.01762546212971,0.0177018520679656,0.247006683647926,1.50035832553005,6.01616165243866e-05,0.500319129796708,0.000175789174409838,0.0094448187619056,0.00180397860170616,0.000150471353781456,0,0,0,14.6530593291835,7.38298190618731e-05,0,0.000133448653775383,1.73338910427459,0,0.000309119178303974,0.000199018721943552,3.32484857243232,0.00743201213563381,0.000433997284403288,0,0.000690247472064366,0.00132803006986969,0.00431886482551204,0,0.00429400083021429,0.00017184987942861,0.0119216923221927,0.0033345633444443,0.0267081780791064,0.00184253460336904,0.000156388968495932,0.000629537370082707,0,0.00212464441905001,0.000418098636659999,0.00661718868894405,0.000644138629333674,0,0.000665320447720901,0,0.00026281992552755,0.912994907758796,0,0.002691314843764,0.00224685516561673,0.00230608289473345,0.033453311666646,0.012239064139812,0.000143981874597284,0.0297412932829699,0,0.00139292718911073,0.0024745867670936,0,0,0,0,0.647579823343579,0,0,0.000142618728332079,0.0400478307002132,0.000115710301254712,0,0,0.0278042565898357,0.000931807642807654,9.41472273021868e-05,0,0.000526502533679682,0,0.00093934984546468,2.29311043447416e-05
0.000212609920388712,0,0,0,0,1.71904043905032,0.000173483446827406,0.245818828365686,0.00823881143761404,0.000742973150251657,0.264784808027357,0.00415022223765601,0.00736641559481499,0.263668247655678,4.24969486900309,0.000123577738475233,0,0.00438485285624283,0.00175618918214233,0.000636744088819391,9.13196986003211e-05,0,0,0.000305281880898221,0.000632847570547157,0.00163024350316935,0.000516475142758605,0.000456325768515012,0.0620001396749397,0,0.000718029648229049,3.29459028238264,0.00042006372878953,0.169853184570126,0,0.00279626682713328,0.00583193330336837,0.0713777124237692,0.0156116752643183,5.4048704977579,17.4807618921692,0.0103848471681676,0,0.000216369949922503,0.00116136872951219,0.000790042797607516,0.000614406993760586,0,0.000793255456916074,0,0,0,0,0,0,9.18115690895392e-05,6.1677662351814e-05,0.00100552688933748,3.91967867938619e-05,0.000386192373346184,7.00244883627393e-05,0.000486391410608172,6.36840479784008e-05,0,0,0,0,0,0,0,0,0,0.000142448492158859,0.00152422194833673,0,0,0.000263774265290007,0,0,0,0.000152811635865988,0,0,0
0.0024006940388749,0.000435202165805553,0.00796618338018003,0.0148723716028611,1.71904043905032,0,0.168810585884024,1.27657344756494,0.0879019280174855,1.75957905191422,0.00342086679890105,1.73089026743394,0.00129842662224836,0.465688719417079,1.36525528073309,0.000101826668239741,0.00452849242155288,0.000302655240467509,0.0018014956343732,0.0824791443764671,0.000246953228746852,0.000393839670115548,0.000978141006900122,0.0713033069178123,0.000363319853328218,0.00229591990156777,0.000607472428896347,0.0680044999208417,0.170031192997446,0.00124894001295826,0,0.347354975072472,0.00112262769907575,0.0094483279909847,0.0314731930999829,0.0123949403651455,0.00143704468754595,0.0225911701766703,0.00350487058386446,1.6945824738877,0.0899282297131093,0.000655116264939944,0.00293866958759712,0.000135052477437518,0.00278014414664784,0.00126162393806451,0.0133244210129263,0.000141232162840314,0,0.000410709171766565,0,0.000161518671919366,0.0054888131474282,0,0.00355812007136325,0.00495565993482934,0.00415999204254428,0.0158628134916113,0.00663614436845674,0.000233211227241547,0.0171621811478982,0.000146212790646735,0.00285945758570745,0.00501339772499323,2.92227177666657e-05,0,0,0,0.010782569829076,3.75510787355604e-05,7.64761869292453e-05,0.000166629553883296,0.00572265714845734,0,7.92650483929271e-05,0.000269205237001544,0.00771932876623325,0.00124033123375245,0.000223838002489669,0,6.96718668063586e-05,0.000199251884546699,0.00059922215520005,4.53264638425376e-05
1.49910928612482,0.00105890117782675,0.349318414656302,0.01762546212971,0.000173483446827406,0.168810585884024,0,0.543752398125299,0.124741388346216,1.95282091409068,0.00214899117719665,0.0171487936256956,0.00099295298603312,0.95856737492627,0.000204293874723077,0.00252940371020258,0.208221245198978,0.00196450341255163,0.0387825270645772,0.0173692777631321,0.0365853186399776,0.00699933906501834,0.201346722239328,0.246547782335447,0.000126286878248372,0.0276979380588707,0.0110638232891331,2.40407557462227,0.132247333212398,1.25593058951275,0,0.00192941879244773,0.0152898192982116,0.0756336093745756,0.000456994885517679,0.0223343817290412,0.0123021157749751,0.0804426559567822,0.0228678205966563,0.0438908853260722,0.00550882704408734,0.000947790768291855,0.00508842319672721,0.000447730730311434,0.00640496046361002,0.00132294693195937,0.00843884469258387,0.00104717022422122,5.2374155371722e-05,0.000830212251128213,0.000805900785644802,0.000465094509336655,0.00190603901282736,0,0.000563619269326202,0.00595551051416282,0.00263527979726595,0.0145176184253783,0.00166605885161675,0.000211940296953339,0.0023362492077715,0,0.00245859165023338,0.000573532835329899,0.00367999047026478,0.000413817789168897,0,0,0.00357901143219664,0.000585032520982378,0.00471227566312937,0.00158641394351494,0.00963482179251157,0.00028867381009262,0.000366298160594382,0.00248890026312045,0.0128273706655255,0.0039733991589469,0.00313872472344246,0,0.00041107881653431,0.00021277450237029,0.00230167266590676,0.000361401626408939
0.0765229835948837,0.00131073261969084,0.0708091715081554,0.0177018520679656,0.245818828365686,1.27657344756494,0.543752398125299,0,0.0700836249355167,0.861954851367949,0.0185035984597397,0.135551224581404,0.00503523944028925,5.31866344072221,0.0136277275968121,0.000467004562039484,0.0890822570814359,0.0046485509991901,0.0328289919767822,0.0824891030171692,0.00435386777695217,0.00250919977618638,0.0144553196952868,0.0536629765485878,0.00177711186581994,0.0199238782272995,0.00482292306870244,0.0853562763536598,0.23764468656219,0.0226830935236419,0.000664822347985573,0.349313546263291,0.00330567087106898,0.0618815048059897,0.000139433856377462,0.00976938253725695,0.00863860696170682,0.134006368604944,0.0127851710055988,0.575590729912034,0.0275070955830035,0.00469428310529871,0.00306202955997882,0.000732403045311548,0.00729846486268457,0.00312639637505677,0.00958082411122526,0.000561876233866508,4.26945784337942e-05,0.00171800440161353,0.000307798817362382,6.59786733764388e-05,0.00243979639068979,4.55306199195261e-05,0.00140076342854363,0.0110031179962888,0.00575581382970481,0.0130908869000952,0.00260745813075255,0.000501142122459967,0.00616199138455614,0.000495110057639882,0.00436129165570975,0.000907413298820075,0.00147174329363575,0.000136556824721357,0.000189121430675532,9.3625085637818e-05,0.00343811095941436,9.74698700117777e-05,0.00115510465502611,0.000480509345425589,0.0168522668247984,0.000378298658708382,0.000256752460412715,0.000752994716968027,0.0190931664920646,0.00322096590227073,0.00206400812050691,0,0.000560563211585137,0.000434373308521599,0.00174219246396787,0.000110161999455681
0.0661896493286958,0.294067799799311,0.0301306533120291,0.247006683647926,0.00823881143761404,0.0879019280174855,0.124741388346216,0.0700836249355167,0,0.239665235569956,0.00440096945133893,0.991356131127557,0.0157469551444741,0.0319281824224568,0.953861685636112,0.0389695378731678,0.0522898429812129,0.00370994836663808,0.0055489599062774,0.525498629767404,0.00241850489164305,1.93676981022244,0.0186208730042559,5.53140772049896,0.0658490919156149,0.0162704749482813,0.193058787955818,0.45993245034962,0.0497435433012948,0.0399320980164213,0.00892792725979538,0.00397195076589953,0.0276058469582354,0.0468979725925264,0.000766448069838835,0.314443223699921,0.0430857478514524,0.111075173664883,0.0420741618609812,1.44489685285582,0.0093470083973003,0.00268759929988394,0.0192079032974348,0.00308445357741774,0.0265123866217493,0.00873970922014504,0.110601309413056,0.00613781270806349,0,0.0112437494525814,0.00572967996230902,0.0035054510504648,0.0650140234970851,0.00101145935961028,0.0198102990781695,0.0235638401178733,0.0159684889787651,0.765469905664062,0.0331708437038152,0.00153105527634211,0.128059120466318,0.00545866851890679,0.0143213683129908,0.0616395665255717,0.0206168864982359,0.000817537252608423,0.000199572296198935,0.000190090877879526,0.1022003106301,0.00204249070301554,0.0933774904752658,0.00127218949384746,0.0905718114044157,0.00563402756087707,0.00125872627056756,0.0039983972380051,0.0626349503629722,0.0155752808763183,0.017634953728355,0.00347825464209778,0.00240114917403488,0,0.0111292058685392,0.00124112324563687
0.0277263357670361,0.000150304569635908,0.00496645445577872,1.50035832553005,0.000742973150251657,1.75957905191422,1.95282091409068,0.861954851367949,0.239665235569956,0,0.00149847743787914,1.9326972962395,0.00107576365624257,0.16763666846375,0.00141020617820322,0.000234493564602534,0.00200061635495977,0.00058902448506401,0.000724108581962138,3.07576519208292,9.83378366710037e-05,0.000520018161754921,0.00283362729132282,0.292973727165145,0.000446639068560775,0.00113406797657788,0.000465439601035987,1.1507979902122,0.0628366213746455,0.00172763253757035,0.000151047084270143,0.00441905606732421,0.00503169430856654,0.0265803283522647,0.000117272377656202,0.0145451528146225,0.00146616407142642,0.0746590347561457,0.00961210829069307,0.173515785568112,0.00708104985211892,0.000432458173485176,0.00204659122427882,0.000155287931037489,0.00644096571930923,0.00157639005510749,0.00847036541773101,0.000953756564434513,0.000105308990739955,0.000700501187695164,0,0.000111752294540369,0.0161921945287523,0.000213853164890364,0.0060583359163682,0.00508355171929988,0.0082626524923993,0.0355472756069427,0.021791738303597,0.000560355869680966,0.0305903104231152,2.39135958156459e-05,0.00463228049211197,0.00178657871666191,0.000345652314973522,6.27295182848552e-05,0,6.36106219751881e-05,0.0268778230446748,0,0.000156430663160351,6.48734396847253e-05,0.013686887998142,8.27664455737729e-05,2.05463455829474e-05,0.000249464689458864,0.0118758125742184,0.00286520067795318,0.000198706983189838,0,0.00052498932521747,4.45325358113431e-05,0.00143302856615305,0.000129468215303654
0.0040474767374528,0.0396047551566813,0.00953454771417963,6.01616165243866e-05,0.264784808027357,0.00342086679890105,0.00214899117719665,0.0185035984597397,0.00440096945133893,0.00149847743787914,0,0.00143621622307308,2.01677247588594,0.0282374748508063,0.000466193928654024,0.00112040020370285,0.0454768007728917,3.4363039675326,0.543572335110772,0.00166211830829689,0.000315401126259062,0.009837347584223,0.00234775806822724,0.00159516526706959,0.837756544377856,1.1156182659152,0.0542520317879156,0.00224169533803072,0.0944932594158143,0.00191887512712862,0.351649808745242,0.157954277860326,0.00321217835280728,1.90742998161916,0.00112880524794221,0.0799130850269063,0.62832677976053,1.0638769320619,0.0771562555195856,0.0408482283580822,0.20408665621485,0.699423984794609,0.00369153182298611,0.028410711600437,0.0137615037830977,0.00116713907155539,0,0.000407758833577122,0.0142717191617276,0,0.00927658486546663,0.000750817202228343,0.000145344003468924,0,0,0.000410735869922808,0,0.000256215949090029,0.000105917856782847,0.100666462478149,0.000120197711355782,0.258541163263905,0.000113102257514006,0.00101453808622572,0.000150115378392511,0.000361900591502429,0.0138727562582361,0.00335708701801459,0,0,0.000222701226840829,9.05526078656173e-05,0.00056808261504309,0.319970418527157,0.0539510282430977,0.0533622617722783,0.000127362997578302,0.000400789845520746,0.000177443074778426,0.140653732636351,0.000118841665685324,0,0.00182996328580404,0.000916224540592197
0.00143284822660092,0.000969477304702226,0.000353871091134982,0.500319129796708,0.00415022223765601,1.73089026743394,0.0171487936256956,0.135551224581404,0.991356131127557,1.9326972962395,0.00143621622307308,0,0.000677143765169183,0.0317124390409449,1.313016230168,0.000233309980266084,0.000394475571137597,0.000450650146223223,0.000177403824080622,7.64292017575046,0,0.00176011363969313,0.000307159675537991,0.305237634391884,0,0.000510347914791085,0.00138512033256916,0.12203625948152,0.0228359631320231,4.95399469776147e-05,6.57749028322246e-05,0.00400201923271181,0.00037305792206142,0.00779000608285133,0.0050675526687569,0.0507828739212959,0.0011623842761253,0.0385261018918989,0.00452641308059718,0.719345678903209,0.00308738099216752,0.0005231632211608,0.00805840716672221,0.000130863243654814,0.00528230500388059,0.000731780433163719,0.0577189138459191,0.00044187816587076,0.000141072269523966,0.00054560842824346,0,7.10875406180977e-05,0.202431160364428,0.000719489129945151,0.0167588456800143,0.00525013971416231,0.00810505075138735,0.0721905723090617,0.0344526209676916,0.000297256874786655,0.555747192079045,0.000175795337103446,0.00344120594730926,0.0280952951430426,0.000326970808317882,3.82566482015523e-05,0,5.62818491599282e-05,0.53522204393654,3.151629207402e-05,0.000190435719822401,6.3283937987491e-05,0.0186602218340048,0,4.30304904779572e-05,0.000240044730008275,0.017012359799276,0.0027680128568742,0.000501949810883533,0,0.000453609078490408,0,0.00145927520181529,3.39565994892294e-05
0.00115065076700508,0.120349754960759,0.0029671891189159,0.000175789174409838,0.00736641559481499,0.00129842662224836,0.00099295298603312,0.00503523944028925,0.0157469551444741,0.00107576365624257,2.01677247588594,0.000677143765169183,0,0.00511395305957659,0,0.00338922202299387,0.000655455225723588,0.0165012362058025,0.00411298990813396,0.000307219709768288,0.00108985722302653,0.0260624961194312,0.00650686243793547,0.00491960723477689,2.55207861696005,0.219883936056466,0.596506694395832,0.00533472782011205,0.0163338160513948,0.00151303130313828,2.76935941388149,0.0320202644907754,0.000780237957732911,0.127622424421287,0.00082733538269778,0.753715395310628,0.509858406223883,0.512554900375725,0.212321643830297,0.138481162069715,0.542874902730588,1.75569778398625,0.128399056252382,0.0325174874317959,0.0908295742235635,0.0803901544936675,0.00314897017283792,0.00888177524463697,0.0356740464795053,0.000203793088469485,0.00575095892086459,0,0.000292248427458448,0,0.000278272098588063,0.000624827841127282,0.00104547624983827,0.000434317400223507,0.000424554072051312,0.121811327350069,0.000574083931211876,0.208274019066033,0.000199157247181727,0.000490804143334853,0.000192825416333821,0.000167329645474654,0.0088695750584778,0.00156973047262438,0,0.000406964319451198,0.00100342885668972,0.000437031848526065,0.000543329652215907,0.242728385550171,0.0411875238029448,0.0335907819535965,0.00133726346688396,0.000744535138730157,0.000581672986695755,0.14996610049812,0.00223293209482635,0,0.00495459384539939,0.000587176442482658
5.71635593872589,0.00161964980602831,0.0531238600182697,0.0094448187619056,0.263668247655678,0.465688719417079,0.95856737492627,5.31866344072221,0.0319281824224568,0.16763666846375,0.0282374748508063,0.0317124390409449,0.00511395305957659,0,0.00233456965904471,0.00214274167123187,0.124818526301138,0.00587069663830107,0.0567811343165821,0.0340154474671877,0.00778880945746419,0.00546632608572453,0.0178435819085135,0.0302802098991779,0.00214763394656874,0.0252179645460308,0.00698336727557942,0.0568298942724666,1.67316256292871,0.0623904487515459,0.00025840311221439,0.613142685976589,0.0113520724531045,0.15327724715313,2.74779720212422e-05,0.0115253068188077,0.00953281355276983,0.170024676901193,0.00940093839259028,0.387546394747242,0.0277872014386226,0.0045915001834506,0.00412428506574008,0.000508333345775831,0.00490210461251486,0.0014004454425044,0.00398284391516787,0.000346932568660713,0,0.00150441544656119,0.000568599464220633,0.000132947632721789,0.000702006095056487,0,0.000502878754046816,0.00602234116702657,0.0027751572561821,0.00624792938753366,0.000897920490452045,0.000686490564407925,0.00200013880488791,0.000196141546107391,0.00184250547764389,0.000284625412820776,0.00302682592778755,0.00013112268031623,0,0.000177102101792358,0.00167094506299401,0.000117509175605361,0.00191339117533019,0.000426836359591223,0.00723510247214252,0.000508078035727368,0.000673019973443492,0.00095367338316812,0.0143152268973516,0.00346391082753103,0.00288493020405267,0.000421221337769136,0.000127120691651897,0.000107011092010091,0.00169243536132949,0.000222114707351933
0,0.000503613063418042,0.000458401997509615,0.00180397860170616,4.24969486900309,1.36525528073309,0.000204293874723077,0.0136277275968121,0.953861685636112,0.00141020617820322,0.000466193928654024,1.313016230168,0,0.00233456965904471,0,0.00308600653515315,0.000394534555415646,0,0,0.00660917090614126,0.00233316407938912,0.00308394270798622,0.00415300599096801,0.00106335150604243,0,0,0.00102174900309651,0.00247058914185752,0.00217058696132946,0.00146821582887819,0,0.040315957503202,0,0,0.00399211342047968,0.0347932416511866,0.000463613303734858,0.00176092536826786,0,11.2391965986705,0.40949318665416,0,0.00357221252882059,0,0.000389235058705431,0.000333192365533641,0.0294079319031821,0,0,0,0,0,0.00477769282397772,0.000484664547799777,0.00411587190446705,0.00056019486249753,0.000321998801256491,0.0128140283622761,0.00246290964300613,0.000165859904272658,0.0195859171233949,0,6.94967756971802e-05,0.0136891170931064,0.000559235272388908,0,0,0,0.00886607768797307,0.000198546557367563,0,0,0.00152694827191938,0,0,0,0.0019973090330708,0.000176321948753657,0.000135357156995686,0,0.000188942175328297,0,0,0.000259196872901037
0.00777592670642214,0.0589743495899019,0.0159115060666101,0.000150471353781456,0.000123577738475233,0.000101826668239741,0.00252940371020258,0.000467004562039484,0.0389695378731678,0.000234493564602534,0.00112040020370285,0.000233309980266084,0.00338922202299387,0.00214274167123187,0.00308600653515315,0,0.00965940689407778,0.000114283073982665,0.00112620891359686,0.000186087855366586,1.08032594669572,1.98626573529392,3.52719539837369,0.839823477569373,0.00517700016578707,0.00345710097258086,1.0971046000281,0.424485214088478,0.00531750251426211,0.117744840560118,0.000300415570073679,0.00028459864060829,0.00351483953359286,0.0296287306803467,0.00706312927297952,0.456362580403522,0.279137056962374,0.134444782276624,0.064614037764125,0.027169254119291,0.00259095134645079,0.000480520765856668,0.0202489988263862,0.00929565441536486,0.00771253627858541,0.00497795588002419,0.00143156736987012,0.00135510771066158,0.000649832083998159,0.00678721469604752,0.00260422200462508,0.00159892263844469,0.000107867703385646,0,0.000124621090094041,0.00602802282418573,0.00279048032322848,0.00132241019138359,0.000167925972848669,0.000364928674556908,5.22782929589481e-05,7.08640042756618e-05,0.00575167230981577,0.00268748065478912,0.26412832975939,0.0018761976610823,0,0.000157303679585519,0,0.0322268219336715,0.515810621084627,0.10218072791825,0.00676746893073862,0,0.000390703575204899,0.00931725593344781,0.0116975880053488,0.0077617176948799,0.0514955479788711,0.000116492964191937,0,0.002185639792605,0.00183821668354491,0.00522293899311849
0.164704761433792,0.114448674603497,1.75033693644935,0,0,0.00452849242155288,0.208221245198978,0.0890822570814359,0.0522898429812129,0.00200061635495977,0.0454768007728917,0.000394475571137597,0.000655455225723588,0.124818526301138,0.000394534555415646,0.00965940689407778,0,0.0276319211928603,2.22617196072093,0,0.0550935907228843,0.0763161527551142,2.25760905426792,0.0212330143969468,0.0039936868145427,0.68643159260769,0.385132755858876,0.0360417692630561,0.046870920559514,0.235085520701496,0.000293142700534526,0.00200595169771984,0.00874296644818764,1.29521918931821,0.000655663151449454,0.0422701281847497,0.43754634804158,0.224618676837062,0.0366547733813162,0.00641719769899047,0.00246180959696347,0.000539081483594433,0.00858631712090872,0.0413093891747187,0.00813508700599081,0.0042685908381826,0.000570364453177391,0,0,0.000106106182651305,0.124041488810884,0.0501890454278982,0,0,0,0.000640669690763103,0.00015136729529475,0.00232873276163921,0,0.000855442944227259,0,0.00111394521024876,0.000147228310052316,0.0011502260453244,0.00326503208956907,0.0185247783161009,0,0.00383094682065439,0.000193746827491348,0.000621239473575668,0.0306027745553776,0.00986459943478967,0.00122943603496384,0.00181254036534551,0.0184319554340159,0.080610680633604,0.00211196391370582,0.000649519866215372,0.000658782111664946,0.000471500618342981,0,0,0.00222092487697917,0.000956576764322567
0.0102205015163198,0.0154438995438633,0.00477217729064577,0,0.00438485285624283,0.000302655240467509,0.00196450341255163,0.0046485509991901,0.00370994836663808,0.00058902448506401,3.4363039675326,0.000450650146223223,0.0165012362058025,0.00587069663830107,0,0.000114283073982665,0.0276319211928603,0,2.9276623059682,0.000413202708479451,0.000288808006159056,0.00474411329785519,0.00235902659498096,0.00132580819163425,0.175181909545836,0.851575097184519,0.0270105934281112,0.0010410366426733,0.0160663488790986,0.00290249111614508,0.0426382115978846,0.0223130598304649,0.00256480532180849,0.146603676481133,0.00074860609826806,0.0715432843794056,0.153165422514216,0.307174839944382,0.0863205156390693,0.00673935475284534,0.0134242475587671,0.0244967708565068,0.00197669025586815,0.0112628655695208,0.00531945466767949,0.00106269451101539,0,0,0.00107247197965888,0,0.00730638185676358,0,0,0,0,0.000107845115609645,0,0,0,0.0150382300430293,0,0.0583557738660675,0,0.00164545096878932,0,0,0.0224379225323869,0.0020657056097686,0,0,0,0.000173901835329966,0,0.123422926388078,0.0391771675423508,0.0423600526275332,0,4.66372957737748e-05,0.000243971622753769,0.0508693820225601,0,0,0.00053758673268903,0.00102527937977819
0.111413025216606,0.0628631528445907,0.0820650660065253,0,0.00175618918214233,0.0018014956343732,0.0387825270645772,0.0328289919767822,0.0055489599062774,0.000724108581962138,0.543572335110772,0.000177403824080622,0.00411298990813396,0.0567811343165821,0,0.00112620891359686,2.22617196072093,2.9276623059682,0,0.000425601617873063,0.0115267683022555,0.00787777034181148,0.0457096285376124,0.00267446661867842,0.058738259804032,2.1350328917582,0.0962645988531264,0.00513254441268694,0.0537904253266282,0.0583787363525738,0.00464968539297951,0.0122522305566968,0.0077071758958414,0.626451889914187,0.00133171202222333,0.120768286950561,0.145988222769306,0.480568352511114,0.0845780022550062,0.00726650331538591,0.00557752726947985,0.00331278168474106,0.00440097514139303,0.0147197039348593,0.00512779425088501,0.00267877684533082,0.000514587774091096,0,0,0,0.0433472385900318,0.00517102898092602,0,0,0,0.000349422264973212,0,0.000122557377329278,0,0.00336563200417822,0,0.00374877985513938,0.000105715006302863,0.00129797072908605,0.00018651892415936,0.00436575042282315,0.00162447236631513,0.00649728888550884,9.4322353094557e-05,0.000145049522114781,0.00183764969769165,0.00085397215961883,0.000349972312954917,0.0495457259718615,0.0348645834570819,0.0500210540286336,0.000393301879522655,0.000233360507742491,0.000734263805225302,0.00513264074032569,0,0,0.000417861518233243,0.00148872938811727
0.00655488002222426,0.000314529135058028,0.000372961760385204,14.6530593291835,0.000636744088819391,0.0824791443764671,0.0173692777631321,0.0824891030171692,0.525498629767404,3.07576519208292,0.00166211830829689,7.64292017575046,0.000307219709768288,0.0340154474671877,0.00660917090614126,0.000186087855366586,0,0.000413202708479451,0.000425601617873063,0,8.78895656884955e-05,0.000288916103775849,0.000241767445808788,0.916549960021589,0.000430638937736656,0.000386320276600876,0.000162100710091638,0.584099268141389,0.023849476089152,0.000458861181681057,0.000189453515751642,0.00239650530802599,0.00267151336879795,0.0109340044972322,0,0.00567513100119,0.00104515297554697,0.0455959092755124,0.00928755355846726,0.167101688891236,0.00746291319457459,0.000581572240804434,0.00192908829499982,0.000128769980089152,0.00730219404086158,0.00136912533849176,0.019177418846797,0.00140015176989471,0,0.000360930089316683,0,0,0.0452503603769444,0,0.00949022713418032,0.00682924154893447,0.0104907319591888,0.0893910453852114,0.0294745318068103,0.000335405250829555,0.0591391879739337,8.48390562517756e-05,0.00349416651336675,0.0103947182074166,0,0,0,0.000152045997703285,0.0933413989740657,0.000147716256322611,8.95702577915097e-05,8.43202408338482e-05,0.0197326094147436,0,0.000190181794451696,0,0.0164630437700327,0.00248316512789261,0.000269379336999518,0,0.00144503249489852,0,0.00223242429528316,4.06651527701787e-05
0.0134184674273985,0.00115344809647681,0.0337417148981037,7.38298190618731e-05,9.13196986003211e-05,0.000246953228746852,0.0365853186399776,0.00435386777695217,0.00241850489164305,9.83378366710037e-05,0.000315401126259062,0,0.00108985722302653,0.00778880945746419,0.00233316407938912,1.08032594669572,0.0550935907228843,0.000288808006159056,0.0115267683022555,8.78895656884955e-05,0,0.0534558386834069,3.64984153843306,0.0392356906003861,0,0.0021050974379727,0.0159773204070931,0.649008988944667,0.00784887059247219,2.11560780980716,0,0.000255541634292646,0.0100838660032076,0.401960412576778,0.00417417989514427,0.228278944081335,0.0882088700818368,0.202163825850112,0.0546895646208233,0.0197988077092512,0.00194958135518659,0,0.00291896050649571,0.00119345977359492,0.000688588898980609,0.000292211262870355,0.000179819696499216,0,0,0.000630432325595212,0.000633391610125473,0.00021770280771952,0,0,0,0.00080036262504754,9.88301052747206e-05,0.000112655753846849,4.86926177107807e-05,5.23470910546229e-05,0,7.45960326829428e-05,0.000508817959611136,0.00276635609614436,0.0161253194672185,0.000256870008612854,0,0,0,0.00149332567636484,0.0267874347678787,0.0106220601750223,0.000404292294911353,0.00033633191771526,0.000170973706838845,0.00172200887066686,0.00114413524552239,0.000554321358866835,0.00284386484980861,0,0,0,0.000264951149563208,0.003811358640724
0.0208532502347399,0.96510497646456,0.0893628021557714,0,0,0.000393839670115548,0.00699933906501834,0.00250919977618638,1.93676981022244,0.000520018161754921,0.009837347584223,0.00176011363969313,0.0260624961194312,0.00546632608572453,0.00308394270798622,1.98626573529392,0.0763161527551142,0.00474411329785519,0.00787777034181148,0.000288916103775849,0.0534558386834069,0,0.194838596163529,1.55349527903642,0.144284259005605,0.026234692860425,0.519132630837202,0.106489314105488,0.0147664175532788,0.189994406563381,0.0187263976527444,9.67016752506681e-05,0.00551273619876697,0.0484441789221336,0.00332669891387466,0.304120944410246,0.260792022977785,0.151082698157221,0.0560219136127326,0.0245427886846459,0.00120234017121178,0.0122897433977335,0.018339638654968,0.0235189405531118,0.00828625949676275,0.00397334861782138,0.00147156225298105,0.000523217826960117,0.000529560315273674,0.00444930319240838,0.017849625651761,0.00678097969638588,0,0,5.51718125891805e-05,0.00320010142420381,0.00126577807289621,0.00655865488110152,0.000205372370554444,0.00348901477882811,4.25380045066719e-05,0.00824765320197703,0.0026940167540731,0.00117425162085687,0.135170507018958,0.0022095708540446,0.000494245135105736,0.00115991442934117,0.000115589416474104,0.0164736619825556,0.986141134996896,0.0528276492710996,0.00493510845566603,0.0135472090162556,0.00214183505184067,0.0356863315482243,0.00662878246960713,0.00584565477700262,0.0258560428135821,0.00891415419172388,0,0.00119665122956588,0.00129947495811282,0.00357465343732108
0.00879173310918459,0.00567069820019101,2.39800102441337,0.000133448653775383,0,0.000978141006900122,0.201346722239328,0.0144553196952868,0.0186208730042559,0.00283362729132282,0.00234775806822724,0.000307159675537991,0.00650686243793547,0.0178435819085135,0.00415300599096801,3.52719539837369,2.25760905426792,0.00235902659498096,0.0457096285376124,0.000241767445808788,3.64984153843306,0.194838596163529,0,0.0804845599345687,0.000236528201773362,0.0459478480512664,1.5580159649557,1.17374746255046,0.011612007594284,0.845592394984052,0.000178926167216049,0.00163087846120359,0.00317018137257831,0.554286761166207,0.0447731504389347,1.07448663677202,0.629345954285766,0.975618276957556,0.328435161611502,0.0985536780758989,0.00956435596633968,0.00075738582066855,0.0242496091471153,0.0312633220147204,0.00758349486987102,0.00476300135673095,0.0010723223560159,0.000538518369778299,7.57417507218808e-05,0.00134354845305847,0.00589062151275022,0.00466278335986645,0.000168786358360801,0,6.36596018814653e-05,0.00180742886029111,0.000414733791072835,0.000706964493521608,3.78276666807139e-05,0.000438562968271311,0.000143059411411994,6.68812392722101e-05,0.00193884002654984,0.00360313113317905,0.0873997089720284,0.00122437649073799,0.000250763398857705,0.000265531342722758,0,0.0134933381731672,0.211493975264129,0.0981356683758209,0.00246879364248979,0.000271847454346944,0.00118607410222362,0.0421145996021347,0.0063999895608874,0.00136494174456771,0.0142907316537045,3.94211066264798e-05,0,0,0.000466660571412006,0.0371143554506609
0.0360254246545954,0.0973740289414213,0.034137594598552,1.73338910427459,0.000305281880898221,0.0713033069178123,0.246547782335447,0.0536629765485878,5.53140772049896,0.292973727165145,0.00159516526706959,0.305237634391884,0.00491960723477689,0.0302802098991779,0.00106335150604243,0.839823477569373,0.0212330143969468,0.00132580819163425,0.00267446661867842,0.916549960021589,0.0392356906003861,1.55349527903642,0.0804845599345687,0,0.0185550130474228,0.00721684637322286,0.223944730055829,4.52732153833147,0.0418298002936997,0.0579096183500298,0.00296668357489775,0.0013409162379921,0.0110634775156007,0.0341318180279263,0.00193137545320369,0.128873504460411,0.0331013494177552,0.0789849953304771,0.0259102794231457,0.076810012856621,0.00606261897044281,0.000907231296682705,0.042558129863872,0.00456725749059576,0.0475168057203004,0.00892236087169011,0.0611478280213108,0.00669819370722746,0.000191584202302713,0.0125368754573014,0.00385825121041933,0.00262243831745981,0.0386960244070937,0.00037556591038776,0.0139121895932454,0.0617705787232375,0.0373016923363093,0.16743272797848,0.0393481949157235,0.00188072285998104,0.0701958268357231,0.00017476657085622,0.0325250672496398,0.00739789480121999,0.0350543158323602,0.000813591431759807,0.000227849523256737,0.000481318947047471,0.0683871722910881,0.00355141082887686,0.0298764986798219,0.00554779660625176,0.11216112591615,0.000689874433876369,0.00104885931347325,0.00742395272140302,0.117544950130492,0.033129817122674,0.0291980031070772,0.00150671701678168,0.00352217161642826,0.00218906356435917,0.0150371913260583,0.00218940756197348
0.00123405528151141,2.00557228109071,0.00111512966354545,0,0.000632847570547157,0.000363319853328218,0.000126286878248372,0.00177711186581994,0.0658490919156149,0.000446639068560775,0.837756544377856,0,2.55207861696005,0.00214763394656874,0,0.00517700016578707,0.0039936868145427,0.175181909545836,0.058738259804032,0.000430638937736656,0,0.144284259005605,0.000236528201773362,0.0185550130474228,0,0.329642932455006,0.653415531934894,0.00144773562370616,0.00586588922066878,0.00127704317920747,0.73783950758079,0.0156607993223094,0,0.0576645426587858,0.000327697661703621,0.026278926669192,0.696994039447836,0.209464855480513,0.0271573692395665,0.0030018545227644,0.0115601598778932,0.486760844720126,0.000662307448357533,0.00794053465840184,0.00450883839333402,0.00174281010657868,0,0,0.00664025229464141,0,0.0600492610566792,0.00034989122153779,0,0,0,6.11721447680456e-05,0,0,0,0.039378616229978,0,0.099321476384824,5.23090564269121e-05,0,0.000515210325169545,0.000959954644309965,0.0059138020891787,0.00130291439506434,0,0.000149019872008656,0.00311579199623269,0.000214885825686198,0.000139889078001926,0.53650453038171,0.0307024436922112,0.0373358104830225,5.50521507335054e-05,6.20202373086787e-05,5.66243529991073e-05,0.101800308298492,0,0,0.00114247431234137,0.000210811718424124
0.0164066760006138,0.133450232147952,1.85563565780246,0.000309119178303974,0.00163024350316935,0.00229591990156777,0.0276979380588707,0.0199238782272995,0.0162704749482813,0.00113406797657788,1.1156182659152,0.000510347914791085,0.219883936056466,0.0252179645460308,0,0.00345710097258086,0.68643159260769,0.851575097184519,2.1350328917582,0.000386320276600876,0.0021050974379727,0.026234692860425,0.0459478480512664,0.00721684637322286,0.329642932455006,0,1.35258751785618,0.0107297472617429,0.0247254103369376,0.0185027001599155,0.598213155505444,0.0178526996687635,0.00122680146441612,0.22721252269319,0.00489102339811989,0.251502321450087,0.410460756190336,0.546474504908022,0.133115155584476,0.00832166074512213,0.00819385962542521,0.0197883169071641,0.0113813828605824,0.053004705252751,0.0215213794907521,0.0063605930357837,0.000362004992005026,0,0.00185287592813225,0.000386939510402455,0.116057470308082,0.0208476671097795,4.39000230882235e-05,0,2.51295738876462e-05,0.00112854596580356,0.00012486409989949,0.00143436555854844,0.000122561084730164,0.0345190020814915,0.000107659944227484,0.116704186227555,0.000231796507794243,0.00288927356984424,0.00117385695801979,0.0197696524916426,0.0197786146728274,0.0249705415130997,8.02106228917493e-05,0.000480937583991235,0.00484442500213747,0.00245154285443192,0.00133065863184858,0.246822757516687,0.226350971176437,0.366587272168271,0.000406470430730336,0.00081551491489309,0.00122363920365688,0.0531014312756341,6.3890172068426e-05,0.000119582760027782,0.00724144377842341,0.00734004663178853
0.00513353705914595,1.02266118735691,1.10311525323854,0.000199018721943552,0.000516475142758605,0.000607472428896347,0.0110638232891331,0.00482292306870244,0.193058787955818,0.000465439601035987,0.0542520317879156,0.00138512033256916,0.596506694395832,0.00698336727557942,0.00102174900309651,1.0971046000281,0.385132755858876,0.0270105934281112,0.0962645988531264,0.000162100710091638,0.0159773204070931,0.519132630837202,1.5580159649557,0.223944730055829,0.653415531934894,1.35258751785618,0,0.148152913775011,0.00713119806332795,0.017991190506545,0.29519538786054,0.00275776420704014,0.00107532004370446,0.226384396117503,0.0169181222555285,0.507764216658459,0.496370529404028,0.582294605895945,0.128484993913562,0.0193450829692963,0.00257567555403383,0.00361447588011132,0.027723570717872,0.10453887693129,0.0313065925003234,0.0126248339324467,0.00109638438216264,0.000629392570778676,0.000380400397659359,0.000580553051673661,0.240026431602315,0.0893815985678331,0.000139200201681761,2.79598798760177e-05,0.000122318604574098,0.00355669627318789,0.000651875676038298,0.0037918975724158,0.000405202092524097,0.0152719862884834,0.000243348911364153,0.0388748651214213,0.00105183263449225,0.00295086672542565,0.0318108910540987,0.0337070721009818,0.00884070602831514,0.0175324054733326,0,0.00536307729372482,0.168234758373309,0.112802964238423,0.00264135230340018,0.155691807992916,0.178442984187922,0.497427887600671,0.00563346980323075,0.000531866835644849,0.00423768717588058,0.0295622186605792,0,0.000133898626018475,0.00838184555932339,0.0225053779937337
