0,0.00257435123054438,0.111464659057448,0.00343684557091815,0.00203220629189644,0.0057687629350321,1.25827200854489,0.12946042589882,0.0794812383129116,0.0332618039943058,0.0040819383405239,8.72554050574638e-05,0.000810130689490774,4.7470101994072,0.00011974963287252,0.00040827359627473,0.230615916822266,0.00944317175350573,0.0614607247709768,0.00188663678655904,0.0129936262652194,0.00276567239893587,0.0531822555987242,0.0340687181937082,0.00185146210598604,0.0430242574588394,0.0119153519556121,0.01997924994497,2.1765455540484,1.87429999663257,0.000594654114324904,0.00265971591808364,0.337214191058649,0.211648083136762,2.88128186584178e-05,0.00389518027207354,0.00631791190685127,0.0358707323363407,0.00872018186724962,0.00310310999419441,0.00885080690982135,0.000831793803420963,0.00164268040937322,0.000343321595865521,0.00311389922557552,0.00122726033348183,0.00140255000371049,0.000542498336734736,0,0.00113196339531224,0.001259065029001,0.000308335842417323,0,0,0.000275640503512719,0.0011368357311883,0.000884490286553632,0.014222745369226,0.000637116914441225,0.000206534912854522,0,0,0.00021001167682172,0,0,0,0.000316076085443762,0,0.000747791352815733,0,0,0.000174126909604416,0.00539554660676738,0,0.000164525781504438,0.000280533194311487,0.00664903923954163,0.000957354206677694,0.000348108269046894,0,0,0,0.0020053259105751,0.000164521076968984
0.00257435123054438,0,0.0914152641124403,0,0.00105054920944208,0.00119884335240889,0.00237234425289696,0.0029264773809425,0.439884770367276,0.000470594373088934,0.0744811792121952,0.000121441884474417,0.252143987210514,0.0022662746688342,0.00117752907219303,0.0755566090121893,0.138277319172567,0.0862630426572142,0.193459006944748,0,0.00325040103801564,2.91041606908225,0.00927427435867977,0.0869388483931517,1.45526709103154,0.165979492214918,0.819253735378111,0.00512363133940999,0.00476601790210786,0.00276055773716272,0.0422289393414598,0.0040465783526859,0.00028819599094974,0.121870810633065,0.00110833451150809,0.0333778039280014,0.0417375291719947,0.314061373568909,0.0740122556415981,0.00330896456065043,0.00610570062162134,0.0239919504108663,0.0222642605470184,0.0647368495439432,0.054412242115615,0.0330880759088522,0,0,0,0,1.29390507786495,0.0161771355022514,0,0,0,0.000949417877401538,0.000259244361303264,0.00143553904350543,0,0.00168530041535449,0,0.00201252966816191,0.000345166363985676,0.000615295187915928,0.00464466925352624,0.0391641456126538,0.00741378445978755,0.0240832114402682,0,0.000453372644351551,0.0384173113497057,0.00222788811537157,0.00125865057084798,0.0603012844422687,0.0261367230862336,0.0208322717729431,0.000250968724260536,0.000516247163363189,0.000280058424573427,0.0068847224558007,0.000331751493357523,0.000613274019959094,0.0116088021570534,0.00100012643275474
0.111464659057448,0.0914152641124403,0,0.00405486194309133,0.000150409693401422,0.0136789581958322,0.361991725810782,0.201290619602698,0.0385100403987357,0.0200902098169533,0.0123284403565445,0.000498940367493515,0.00197154010014758,0.159255880847065,0.000601595716854264,0.0233655378000613,1.89160595407631,0.0143204799969777,0.143168350512513,0.0011720904451015,0.257168867951771,0.0220424061165214,2.73097735086161,0.0648856012386221,0.0055876325247377,1.86055058128173,2.30294134453376,0.216000612216909,0.0394670966496572,0.1478918699153,0.00108933570452757,0.000801973137311006,0.00806722827870142,0.18012700131477,0.0014092912926263,0.0201579985202454,0.283603881318082,0.278165941812604,0.0599046504076765,0.00418139785840109,0.00754628111607967,0.000352363777955071,0.00757889720576513,0.0174052955166107,0.0140689300202989,0.00642046285791186,0.000380461643012095,0,0.000319081700339147,0.000536231717677286,0.0553071962426147,0.00641666110232221,0,0,0.000141618066566806,0.000654604409150114,0.000200810514500077,0.00564267369781509,0.000752171050374919,0.000690132779854474,0,8.30996217139565e-05,0.000562248044623781,0.000120548061792025,0.00183283178714129,0.00691635732616377,0.000795307096742207,0.00491584218264014,0,0.000180825681016602,0.0125548944809963,0.00199026435063936,0.00210856305233517,0.00226815560246644,0.00822219678511196,0.00577223817864975,0.000949664796415304,0.00017438091918631,0.000113875190858471,0.000505138847192804,0,0,0.00238885349724878,0.000873745882027503
0.00343684557091815,0,0.00405486194309133,0,0,0.0182061920627739,0.159521844654597,0.022872720299288,0.305652069778672,2.6011133501925,0.000441977590209194,0.813668543187259,0.000147684895024981,0.00867501405446998,0.000584288382985645,0.000141619387524667,0.000385160513613459,0,0.00110107776196513,13.3162433267836,0.000772560500340624,0.000134913831072954,0.0014136038916705,3.63918542783023,0,0.00127968561568209,0.000514005813295297,2.7876285757156,0.00914421539028561,0.00146257395731545,0,0.000428460538080128,0.00607561646191689,0.00879850166145155,5.2697358535404e-05,0.00424143075970907,0.000397106405620518,0.0137391933840805,0.00466939204544856,0.00512201466526482,0.0071808443765728,0.00023452374117508,0.000608808361347688,0,0.00278628956049278,0.00124365311559216,0.00789631643457881,0,0,0.000860207214963046,0.000814398635887836,0,1.58816846139479,0,0.010470428008245,0.000611105003905566,0.00240249512024328,0.0837923167979898,0.0101108692591068,0,0.0136016035755548,0.000358283831088017,0.00056571082575299,0.00523428909415716,0,0,0,0,0.0231754872387952,0,0,0,0.0309589838508953,0,0,0.000120587950970012,0.00635150223333932,0.000754024193705779,0,0,0.00013346856486963,0,0.000253101026699898,8.21563663446097e-06
0.00203220629189644,0.00105054920944208,0.000150409693401422,0,0,2.09120040567889,0.000718417490774738,0.866061830058183,0.00258390851107571,0.000710182399329779,0.00613736366415887,0.000456865084526397,0.00333529126632976,0.0202480352387965,1.15290460201526,0,0.000813700878636757,0.0034605448276034,0.00173342504434223,0.000990815610104816,0.000169412093161231,0,3.77064448752263e-05,0.000685377043943544,0.00170885049214566,0.00111306946256059,0.00108520750863961,0.000580275718002583,0.386175233072231,0.00054363573660719,0.00037771485412022,2.15450229157433,0.00395181989358876,0.160368025112352,0.000112227807257731,0.00176247651891359,0.00410495402219943,0.0693231427833234,0.0198035432944198,4.2308468322314,5.50918154633109,0.00702472578744643,0,0,0.00169938161854265,0.000949566090282915,0,0.000602443067107997,0,0.000283810121772025,0,0,0,0,0,0,0,0.00122733050184017,0,0.000144302031539157,0,0.00022270017237469,0,0,0,0,0.000250692538099506,0,0,0,0,0,0.000701860248545829,0.00288632933198536,0.000209567240004862,0,0.000228361654267067,0.000376785151517668,0,0,0,0,8.2801367319054e-05,1.75504081808544e-05
0.0057687629350321,0.00119884335240889,0.0136789581958322,0.0182061920627739,2.09120040567889,0,0.226504814384494,2.35563208958217,0.0941531472902225,1.72632964329932,0.0049380464184027,1.77510883556305,0.00565091024370981,0.181698395821011,1.18752675098756,0.000131458125819882,0.00420696025745329,0.00188565191514315,0.00198651129407644,0.485929299505875,0.000886722513068889,0.000864710831625077,0.0057657911614111,0.03451051850659,0.00401440612571737,0.00578305754530557,0.00446290119067642,0.0742837108943578,0.6923088359256,0.00480799943618804,0,0.281347173594707,0.00471450510367233,0.187375425604726,0.0724789104366979,0.0235821501385687,0.00714120829973883,0.245835765319198,0.0514667038467328,0.822273729652743,0.255990841765366,0.00378041555242349,0.00157225438837146,0.000902222951576677,0.00200675937792441,0.00130302309179853,0.000978934655543524,0.00155583619074225,0.000167467637801557,0.000292026527391714,0.000495699353451449,0,0.000976525340883312,0,0.00233484445735697,0.00247796398156812,0.00245205550485514,0.0216151862728874,0.00535316278539463,0,0.00235910554033354,0.000155832321653886,0.0014396585521126,0.000361575482952938,0,0,0,8.4189751792571e-05,0.00199645993336963,6.37020569534828e-05,0,2.07926182535744e-05,0.00996625929375363,0.000705870500687896,0.00055972515046575,7.093286260838e-05,0.00250904965893017,0.00203395843616595,0.000135743580730889,0,8.11984794354655e-05,0,0.00159867897001682,0.000188524921908334
1.25827200854489,0.00237234425289696,0.361991725810782,0.159521844654597,0.000718417490774738,0.226504814384494,0,0.430675473662565,0.413093026601959,1.78981624564433,0.00103510868480088,0.00716516139577346,0.000480080734696804,1.03318396641233,0.00155720001594598,0.0021251310147354,0.0585606271625222,0.00124374100863295,0.00954588571446311,0.0397270109705659,0.0812622846122752,0.00360975404529985,0.279074815844553,0.545106630488564,0.00083581773907165,0.0564768788401108,0.0242544301862336,4.31768680436437,0.105442799771745,1.69880830975683,0,0.00207057888473029,0.0143787316178368,0.0750902593278108,0.000817252885698789,0.0255461375887928,0.00910846853681874,0.0576809001389244,0.0192487581601903,0.0184045484522403,0.0145994999124665,0.000156417640751375,0.00482282981873507,0.00139723512163284,0.00740112223259492,0.00314482289822012,0.003550609101062,0.00091786173158202,0,0.00164183949114171,0.00179151211105565,0.00033359795628387,0.00440593046141967,0,0.0067877729194099,0.00510579566588394,0.00639027502531527,0.0559683517336334,0.0106557894969754,0.000236438457631659,0.00305250268842795,3.43954535250782e-05,0.00301407391982994,0.00118554732445294,0.00032867893032848,0.000310814826724119,0,4.60785056914477e-05,0.00396003706147108,0.000386041957085514,0.00197471914460728,0.000293035236988827,0.0245013663272234,8.09070487307211e-05,0.000395977586559716,0.00111743859339033,0.0109105230974521,0.00407896290251597,0.000708759372370154,9.80290354368621e-05,7.67200133250218e-05,0.000541801273315514,0.00214504948796699,0.000355836710924148
0.12946042589882,0.0029264773809425,0.201290619602698,0.022872720299288,0.866061830058183,2.35563208958217,0.430675473662565,0,0.111425484085819,0.688067736581393,0.0116975414100612,0.0130727100563936,0.00543996133057549,2.99906633910235,0.0231223587067655,0.000613602674210403,0.10347347616816,0.00512166352572347,0.0314425576112762,0.0758756817158517,0.0136925935347283,0.00164017924926015,0.0906462485166382,0.0604050953777144,0.00451979860448428,0.0674957152804778,0.0295064003241276,0.0695204658130771,1.07186994643944,0.0681313822640592,0.000312659765333579,0.837661347699493,0.00730865992660063,0.277638248622008,0.000591948272023784,0.0164174863693999,0.0203138992822566,0.217715348101629,0.0338152267794307,0.0316118935197264,0.319052927612631,0.00433898380283061,0.00174226197554325,0.000865164323312836,0.00426662517924428,0.00131409372006829,0.00175787338836725,0.00260050624727691,0.000300704868455195,0.00117968748288288,0.00163933295665009,5.08572446495581e-05,0.0013310626226307,0,0.00190733111593292,0.00290826118763071,0.00210514248102987,0.0197249690100241,0.00213964615656868,9.58503104554163e-05,0.00113158206966561,0.000308373122376311,0.00211795574788524,0.000297953341900532,3.91461436277957e-05,0.000145948993033453,0,7.94311827301275e-05,0.00131141857460271,4.3875708506844e-05,0.000321437492301996,0.00017661331350166,0.0116170837279318,0.00226689138087467,0.000789221528967837,0.000350151989987538,0.00478513146141241,0.00180428106585796,0.000279237836444158,0.000132081538147871,4.49605545177478e-05,0.00060707402423338,0.00334526704655591,0.000282865036500398
0.0794812383129116,0.439884770367276,0.0385100403987357,0.305652069778672,0.00258390851107571,0.0941531472902225,0.413093026601959,0.111425484085819,0,0.0975765579532699,0.0188828963882704,3.18495932492195,0.0506304416486043,0.0600080413841642,1.48041895054752,0.0290566289503803,0.0190639191269846,0.0219950528472484,0.0330275179707414,0.482485171579243,0.0060200657726587,3.33901100965239,0.0188277263298226,5.19442119916514,0.0753101291268262,0.0569917889172074,0.149581854188281,0.278096359500543,0.151081486350339,0.176066203072843,0.00663413101000922,0.00383210832190227,0.158620925559116,0.191206032443013,0.00595304874067999,0.199025891351827,0.0388866257573856,0.254159389193384,0.0995507613981744,1.86664225635032,0.0668322511150847,0.00131421886092715,0.0365118477248682,0.00182852173505745,0.015587300093114,0.00633931251341758,0.08992053807237,0.00228036786299808,0.000947530928085624,0.00768582110548185,0.00995225622646527,0.00215522081936535,0.0145127763778989,0.000316439906370414,0.0226429234195862,0.00725153944812832,0.00909439646503071,0.891644150630296,0.0200071332453125,0.000984276214078047,0.0562104186258146,9.95674163285923e-05,0.00547020242066697,0.0434719600189821,0.00872075711882569,0.00138621250123937,0.000485904853371627,0.000944670352269084,0.0311883710362163,0.0030088286933042,0.170286860810755,0.000946297259876857,0.121791197402069,0.00140095144295939,0.00129686316995318,0.0010294183063557,0.0302640215126954,0.00799459048627196,0.00137879710597308,0.00127479461260079,0.000604946192448547,0.00101899413238225,0.00669597517869598,0.00174679625743604
0.0332618039943058,0.000470594373088934,0.0200902098169533,2.6011133501925,0.000710182399329779,1.72632964329932,1.78981624564433,0.688067736581393,0.0975765579532699,0,0.000296551702956768,1.60797086768307,0.000767722010298253,0.195972925703833,0.00256156010113992,0.00044492091147345,0.00282765030936392,0,0.00110773491463872,4.80893274624754,0.00247822301910067,0.0002327945941344,0.0109667988144885,0.0955021694105412,0.000333350246564034,0.00615104360010614,0.0034687829165989,1.63014177326432,0.0968184861553962,0.00882388205893208,0,0.00305765648659463,0.00860538068038584,0.07307890957469,0.0007013525640475,0.0271778205376342,0.00238103257609872,0.0627541290025888,0.0200153061163473,0.024610967196571,0.0222400776790842,0.00057734890058631,0.000903971422472616,0.000330840585090643,0.000950742524363133,0.000506139810357559,0.00126388633087156,0.000463695734451408,4.87028102746779e-05,0.000183507044569913,0,0,0.0415644183938964,4.8481447295991e-05,0.00323300947846607,0.00147369048710941,0.00210844210491863,0.0260669314038301,0.00698564369215244,0,0.00369379335703632,3.82451174058716e-05,0.000534481447171743,0.000524598596273163,0.000142924549385123,6.91763995144187e-05,0,4.0503647673891e-05,0.00395863435257755,0,6.56135961448544e-05,0,0.012649566231231,6.79686528084339e-05,0.000141299251169052,0.00012744132212236,0.00328557289608904,0.000467557431610213,9.85327298206225e-05,0,0.00014825494380875,0.000279551783885471,0.00051573385793206,0.000254742281679684
0.0040819383405239,0.0744811792121952,0.0123284403565445,0.000441977590209194,0.00613736366415887,0.0049380464184027,0.00103510868480088,0.0116975414100612,0.0188828963882704,0.000296551702956768,0,0,3.28360144301963,0.00543173724858903,9.96623538300034e-05,0.00329498405744316,0.0348812590184481,3.24147560981356,1.00721268358586,0,0.00188383576440033,0.0243335525893313,0.00556530739937323,0.00376578334955106,2.05948905811789,1.50534543861547,0.209960646664743,0.00113391414230173,0.0214725380324764,0.00141935892668784,0.352967845705319,0.0113611385430843,0.00234755655280029,1.64620621717192,0.000339840646840305,0.0133715363539321,0.370844913477779,0.512830805388778,0.0486620684493138,0.000519371448818556,0.0252223948463697,1.00522673869357,0.00085516326753301,0.0229578210225952,0.00546729941341432,0.000341925389146826,0.000220791917979047,0,0.00451091084966341,0,0.00451714559670352,0.000268822421056705,0,0,0,0.00021179063382375,0.000143504302725197,0.000555492256750011,0,0.0262853351561852,0,0.033490367549891,6.72772157983884e-05,0.000382796669650881,0,0.00133883659671283,0.0294294769276963,0.00503069113640749,0,0,0.00052847845822408,0.00038950478765136,2.88769915588924e-05,0.0948062345259496,0.0427346537178649,0.0146829630120664,0,0.00021103654620311,8.79571521198233e-05,0.0486656077436,0.000460869413056522,0,0.00554093515675553,0.00016432287443158
8.72554050574638e-05,0.000121441884474417,0.000498940367493515,0.813668543187259,0.000456865084526397,1.77510883556305,0.00716516139577346,0.0130727100563936,3.18495932492195,1.60797086768307,0,0,0.000399958458201297,0.00480451192468302,0.560929782037635,0,8.01015532829181e-05,7.79527728853435e-05,0.000218544029833592,13.6701045542503,7.17487590908387e-05,0.000569365654004606,0,1.72225359981515,0.000176815360752092,0.000164973543348932,0.000333191086132083,0.0286926238264587,0.00866970834432805,6.78019371206469e-05,0,0.000639561235158846,0.000228320417900094,0.011496808499462,0.187170752716623,0.00487980654327544,0.000358225442697252,0.0113629474310894,0.00349508345294245,0.429059996822407,0.00366390903666769,0,0.00588176709377342,0,0.00172719212030365,0.00030153695608732,0.0346366623043927,0,0,0,0,0.000216563776411287,0.188490889404688,0.000122099730056552,0.0132083025143833,0.000638853949435061,0.00159700993854723,0.0496657702457565,0.0045537619137867,0,0.14419826697276,0,0.000514707633025749,0.0124969428899824,0,0,7.0462312431345e-05,0,0.0145477063655823,0,0.000810663296514941,0,0.0158766615890229,0,0,0,0.00255888085182535,0.000398338608362942,0,0,0.000202590188059026,0,0.00043188852082798,0.00368541997855424
0.000810130689490774,0.252143987210514,0.00197154010014758,0.000147684895024981,0.00333529126632976,0.00565091024370981,0.000480080734696804,0.00543996133057549,0.0506304416486043,0.000767722010298253,3.28360144301963,0.000399958458201297,0,0.000905293849167172,0.000116618914306549,0.00378477572939728,0.000719605077872053,0.0337613400493438,0.00594454552897612,0.00157438254312409,0.000115713376498658,0.0667876885925985,0.000985450694163488,0.00900313918827939,3.68749198731606,0.442559487221789,0.849851718185815,0.000612124945840858,0.00581245874662722,0.000151924343473352,3.99069577755275,0.00187302823154702,0,0.220745959729884,0.00200162236188673,0.252625022332139,0.29866286892943,0.620829708128085,0.475435981144465,0.00494382401815041,0.479882381039282,2.43462143135547,0.0288742606856893,0.0311507644766565,0.047921374549531,0.0161658000427455,0.0010976065587277,0.0887186877114119,0.0355441677984812,0.000194350793950429,0.00273056456599191,0,0,0.00107178930089697,0.000594371977057086,4.9351929845118e-05,0.000845504309856891,0.000941985201518766,3.7300626148669e-05,0.0291559459821506,5.44457127421337e-05,0.02546465825076,0.000519732215935506,8.29970610732866e-05,0,0.000115888897355924,0.0155327148463249,0.00131561859219418,0,0.000286888915331946,0.000366097140311807,0.000464233863031167,0.000652391800935306,0.0344435773469444,0.0159438541830843,0.00635573652460762,0.000910910543310728,0.000666467530083697,0.000290790261491633,0.0279272634573672,0.00186628193149075,0,0.0450468198056144,0.000598899598947294
4.7470101994072,0.0022662746688342,0.159255880847065,0.00867501405446998,0.0202480352387965,0.181698395821011,1.03318396641233,2.99906633910235,0.0600080413841642,0.195972925703833,0.00543173724858903,0.00480451192468302,0.000905293849167172,0,0.000821851049958786,0.000477517672397215,0.122650066785628,0.00413610151037334,0.033179300369303,0.0240503162466889,0.0140321365672018,0.00107167593597457,0.073975759365915,0.0389620263611169,0.00233679139245983,0.0563669640154032,0.0229172463898365,0.0340720405968329,2.04585068319804,0.187665981046235,0.00015775324552641,0.123907616150772,0.00955007054363827,0.13291318423714,0.000168517900580372,0.0100751058640799,0.00884063636078836,0.0766848211178399,0.00990700160585093,0.00841368446063744,0.0236146391296317,0.00141120559094448,0.00147155988110283,9.95563428275348e-05,0.00321839497999128,0.00111643839205251,0.000704482649815097,0.000341727446784281,0,0.00132746668351354,0.000687622608760735,0.000192869759417487,0.000342402084800836,0,0.00107072372964752,0.00160303486598878,0.000837236830028738,0.00962744792178126,0.000557458161955168,7.55153520726748e-05,0.000345808096126184,0.000131047755887001,0.000616112384511267,0.000572412790489363,0,0,8.7484879868008e-05,0.000173203063340892,0.000296730317854103,0,0.000158113070863573,0.000382064756728147,0.00729449715771381,0.000629228698258068,0.000314191156066664,0.000254897299578846,0.00451701578495167,0.00160697721025044,0,0.000155599636178618,0,0.00057624032608532,0.000901160398956214,7.71234539455091e-05
0.00011974963287252,0.00117752907219303,0.000601595716854264,0.000584288382985645,1.15290460201526,1.18752675098756,0.00155720001594598,0.0231223587067655,1.48041895054752,0.00256156010113992,9.96623538300034e-05,0.560929782037635,0.000116618914306549,0.000821851049958786,0,0.00521833335403277,0,0,0,0.0383932822897853,0.00345759122841438,0.00277332097634323,0.0030313816993701,0.0271322868437717,0.000169853828372521,4.31377017046908e-05,0.000909406312867179,0.00329463233215099,0.0121453443675304,0.00200389677817742,0,0.0337672149669299,0.00172398727803375,0.00825552190910437,0.122633514990548,0.0125748198146306,0.0300772521431984,0.0191821128823628,0.0116234949639911,13.7718782220499,0.0855709674403173,0,0.0031821350081298,0.00583338388255377,0.00110643624400998,0.00215988667422957,0.00782155020975422,0.000214264044688113,0,0.000508082735024139,0,9.3242030188203e-05,0.000388914977556665,0,0.00103334465183556,0.00081804670331201,0.000189457331155447,0.00968545470838334,0.000475410099094454,0,0.00345449189600888,0,3.79088784889453e-05,0.0240143439962354,0.00227526535736689,0,0.000281733547653111,0,0.000763713999225231,0.000783624036800767,0.00158531303399579,0.00157777154252961,0.0023122075757384,0,0,0.000912798653300317,0.00171313621571483,0,0,0,0,0,0,0.0234088646367193
0.00040827359627473,0.0755566090121893,0.0233655378000613,0.000141619387524667,0,0.000131458125819882,0.0021251310147354,0.000613602674210403,0.0290566289503803,0.00044492091147345,0.00329498405744316,0,0.00378477572939728,0.000477517672397215,0.00521833335403277,0,0.0453536188136489,0.00237405895205783,0.00814280350125583,0,0.998396680021945,2.93181561670224,3.393294782182,1.49810797785854,0.00333199576221928,0.00545035427070678,1.57436144175564,0.198286893520616,0.0016848283773775,0.0855523100011756,0,0,0.000215237866009691,0.126563456771869,0.0143945831494944,0.178630369789125,0.0711500134709339,0.28530239705889,0.18364862944553,0.0308305245670053,0.00629425220051714,0,0.0141758352190788,0.00689516552134367,0.00317743424631344,0.00285448535259907,0.000993284171833409,0.000351608507719182,0,0.00100004377599572,0.00741533812847356,0.0033967542725503,0,0,0,0.000451988966168586,0,0.0266169209987297,0,0,0,0,0.000119212154169604,0.00294053129202848,0.256385603878025,0.000964842418711656,0,0.000425490804991994,0,0.024597397466695,0.437582762519663,0.0184308736106356,0.04511803565678,0,0.000233469179228927,0.0209762545401421,0.0443876546205394,0.000617593775578559,0.00229906909797547,0,0,0,0.000818126590813697,0.0057795294142132
0.230615916822266,0.138277319172567,1.89160595407631,0.000385160513613459,0.000813700878636757,0.00420696025745329,0.0585606271625222,0.10347347616816,0.0190639191269846,0.00282765030936392,0.0348812590184481,8.01015532829181e-05,0.000719605077872053,0.122650066785628,0,0.0453536188136489,0,0.0679782802643437,2.91095500488546,0.000190431405871746,0.401091583091133,0.0344022912140335,1.88439981895877,0.0244134923665795,0.00763431520620718,0.995178621326243,0.592036528032315,0.0473656295069303,0.102201969245523,0.411073058818067,0.000147530316250994,0.00041885829739347,0.0294445711667441,0.615607276073614,0.000455097149538493,0.00892750163680305,0.282273615087751,0.145098369646294,0.0308839743896753,0.00310346774273163,0.00169757242146768,0.000880160211155024,0.00339282810101698,0.00641368121658644,0.00610009402852684,0.00323750911360713,0.000319933207321866,0,9.02735649411027e-05,0,0.0634226394543289,0.00496428560611137,0,0,0,0.000281209047433287,0.000131836986775602,0.00145536826034918,0,0.000166266148134173,0,0,7.2159657465997e-05,0,0.00082979171329196,0.00511651770565623,0.000442301347573094,0.00311299704768971,0,0.000314914032908302,0.0120327300349334,0.000897691558997982,0.00153101117272032,0.00295264876964208,0.00655276561903031,0.00615455137858155,0.00159405815987676,0,0.000319170866579247,0.000146435495732386,0,0,0.00202230443218765,0.000492479723689539
0.00944317175350573,0.0862630426572142,0.0143204799969777,0,0.0034605448276034,0.00188565191514315,0.00124374100863295,0.00512166352572347,0.0219950528472484,0,3.24147560981356,7.79527728853435e-05,0.0337613400493438,0.00413610151037334,0,0.00237405895205783,0.0679782802643437,0,3.51045653985947,0,0.000953450197499615,0.0277275814743273,0.00483631619648129,0.00444945326671859,0.30519028691784,1.0411549878534,0.150905974867271,0.000837301044040732,0.0119076229175144,0.00262732003912503,0.0409385964160968,0.00481850616041099,0.00140511586747205,0.284961622326644,0.000117911262192302,0.00788186993346993,0.0372284897042523,0.165082541350522,0.0277103103262796,0.000173321066954886,0.00342139674165295,0.0119176726990669,0.00014914869304955,0.00687890329428287,0.00522654386611961,0.00159744692369841,0,0,0.000749174844426832,0,0.012042511147892,8.68685008439517e-05,0,0,0,9.67126676122828e-05,0,0.00100980559102709,0,0.00830106931821975,0,0.00849128564600676,6.5691849552445e-05,0,0.000150787704235744,0.000562559090980821,0.017762338525075,0.00525797687105909,0,6.38557673815522e-05,0.000488533885624205,5.11611247303407e-05,0,0.205093209484946,0.0217213978816064,0.00838346408036133,8.65752582796123e-05,0.000309919850432825,0.000259698232652032,0.0217993924341773,0,0,0.00463623066852058,0.00017159382273448
0.0614607247709768,0.193459006944748,0.143168350512513,0.00110107776196513,0.00173342504434223,0.00198651129407644,0.00954588571446311,0.0314425576112762,0.0330275179707414,0.00110773491463872,1.00721268358586,0.000218544029833592,0.00594454552897612,0.033179300369303,0,0.00814280350125583,2.91095500488546,3.51045653985947,0,0.00126942571843957,0.0123168828269759,0.0305898568056334,0.0471959080581961,0.00722716390153896,0.0947899213922133,1.78877873460864,0.362721267036052,0.0053078660975502,0.0396277675438398,0.0370325680597424,0.00416398994432842,0.00398152904873685,0.0150485784436932,0.555797124767317,0.000164820557291272,0.00700558372978801,0.238001223988043,0.129273062277293,0.0196269808039323,0.00108249466368163,0.0059938380663153,0.00213093498142213,0.0025082548259876,0.006305187658548,0.00803504386684101,0.00121166907026998,0,0.000303087266845012,0,0.000216863384488775,0.0906992551618248,0.000716079852329387,0,0,0.000131877555127224,0.000177149954092322,0.000205134559534692,0.000941752677083017,0.000178527546423371,0.00278071305118483,0,0.0013101698827774,0.000100820008551154,0,0,0.00355102823831882,0.00706309566577114,0.0136965693416875,0,5.67331175988259e-05,0.000982475437746946,0.000573979449688236,0.000215408290035591,0.093092092912201,0.0242206282912349,0.00722571732284264,0,0.000113618388088006,7.13808848493824e-05,0.00473340140546439,0.000125239212780386,0.000211018859553958,0.00438347287802978,0.000156030653713829
0.00188663678655904,0,0.0011720904451015,13.3162433267836,0.000990815610104816,0.485929299505875,0.0397270109705659,0.0758756817158517,0.482485171579243,4.80893274624754,0,13.6701045542503,0.00157438254312409,0.0240503162466889,0.0383932822897853,0,0.000190431405871746,0,0.00126942571843957,0,0,0.000141475326032207,0.000731131356076,1.54574278447363,0.00060799174400053,0.000550888026066535,0.000573468655145046,0.478361174965475,0.0462683811011675,0.000809540399090741,0,0.00379238732456131,0.00370024194421743,0.0512326276311193,0.000216114006152392,0.0192079107994081,0.0009951808593669,0.0566142722158834,0.0197582185442733,0.0292452012348877,0.0336322984899072,0,0.000887136600997005,0,0.000572751222716099,0.000601976137403328,0.00531488497763118,0.00163725954989808,0,0.000859120198657484,0,0,0.669478998241025,0,0.00300063499846109,0.000317365939600351,0.000538456466512022,0.0239036290894574,0.00254425677904328,0,0.154197990109915,0,0.000485545988005237,0.00209357635113929,0,0,0,0,0.00999135679901884,0,0,0,0.00836381726640015,0,9.17539895823405e-05,0,0.00128192773339264,0,0,0,0.000467563805547619,0,0.000197353302874961,0.000334315897386045
0.0129936262652194,0.00325040103801564,0.257168867951771,0.000772560500340624,0.000169412093161231,0.000886722513068889,0.0812622846122752,0.0136925935347283,0.0060200657726587,0.00247822301910067,0.00188383576440033,7.17487590908387e-05,0.000115713376498658,0.0140321365672018,0.00345759122841438,0.998396680021945,0.401091583091133,0.000953450197499615,0.0123168828269759,0,0,0.0309849757533629,6.16371564881966,0.111540900577363,0.000493268870344442,0.0182457374613304,0.0625485828327396,1.14710223011497,0.00902167781084839,2.64431574263566,0,0.00073213984451706,0.00288044691563192,0.671233028965185,0.0141659837662085,0.114674918806602,0.115522172229848,0.296269580525636,0.0882283516620062,0.0361571818258736,0.00361849177933038,8.2914780026028e-05,0.00610650351238586,0.00299200991818239,0.00175260852446802,0.00124196665875412,0.000340790889303,4.95743668866378e-05,0.00018853410219323,0,0.00100100487218852,0.000339639398436987,0,0,6.14406512403644e-05,0.000371638666323232,3.20430607126539e-05,0.00563787603943522,7.38862053545645e-05,0,0,0,0.000122686868970568,0.000620142880664778,0.0221942638370234,0,5.15927037951741e-05,0,0,0.00975635607484523,0.024255249626424,0.00124770811742897,0.00859375624183231,0.000105568750988908,8.16396906531864e-05,0.00155455418731579,0.0161245278540211,0.000165421721569857,0.000593674243403314,0,0,0,0.000293887702399452,0.00682252188254127
0.00276567239893587,2.91041606908225,0.0220424061165214,0.000134913831072954,0,0.000864710831625077,0.00360975404529985,0.00164017924926015,3.33901100965239,0.0002327945941344,0.0243335525893313,0.000569365654004606,0.0667876885925985,0.00107167593597457,0.00277332097634323,2.93181561670224,0.0344022912140335,0.0277275814743273,0.0305898568056334,0.000141475326032207,0.0309849757533629,0,0.0883530997854299,1.887125648823,0.155397357305162,0.0535398879261016,0.719656958692352,0.0545142485689843,0.00354297965773229,0.024331286413035,0.00537738779863651,0.000593625343994873,0.00203641365657667,0.0580018846200332,0.0029048283415967,0.0768112492234738,0.0268385097326222,0.144944910449186,0.062589381859554,0.0144847820733535,0.00205422298203272,0.00386669623820123,0.00726665509854479,0.0133288341754284,0.00644129405232788,0.00566653082363839,0.000198469014402906,0,0,0.000176493748566913,0.13592276959258,0.00663044233753423,0.000727463873940147,0,8.16899447540365e-05,0.000697098585470202,0,0.0581006983619636,0.000159025995341263,0.000381198135974963,0,0.000597700725182124,0.000137404106808616,0.00202555010095425,0.278683202445525,0.00350952060742152,0,0.0012319629792245,0,0.011581795804498,1.07794667332459,0.0114481519731618,0.0263603105705282,0.00286158206973476,0.00166669668660946,0.00595697391164838,0.0161639899702336,0.000617533687268102,0.000910271587738695,0.00390592585604477,0.000138461992658543,0,0.00107805396042749,0.00219817153060832
0.0531822555987242,0.00927427435867977,2.73097735086161,0.0014136038916705,3.77064448752263e-05,0.0057657911614111,0.279074815844553,0.0906462485166382,0.0188277263298226,0.0109667988144885,0.00556530739937323,0,0.000985450694163488,0.073975759365915,0.0030313816993701,3.393294782182,1.88439981895877,0.00483631619648129,0.0471959080581961,0.000731131356076,6.16371564881966,0.0883530997854299,0,0.219732525381138,0.00175616225449153,0.131137548990981,0.835126910554714,0.722029878551266,0.0325600925412513,0.418435782504787,0.000727808935328495,0.000150646073004261,0.0165243126851564,0.491073124475033,0.0272908723709484,0.186881320078273,0.556388084011141,0.599069116783316,0.330839338930472,0.0437704607995602,0.00659599618104283,0.00146354587289041,0.0147897758117161,0.00899823303262768,0.00461433143736426,0.00363245921861212,0.000105322732879042,0.000159994441259058,9.78280905010809e-05,0,0.00846240468285232,0.00312745068801905,0.000189080590436009,0,0.000146221723374438,0.000441782892301245,9.04981943876198e-05,0.00372436394129096,0.00049103012488583,8.72335638143484e-05,0,0.000197295308507321,0.000180498136289982,0.000974257946486344,0.0363186247712858,0.00188751378305447,0.000396318781862318,0.000671487878292653,0,0.00261812909622605,0.0766786880877987,0.00407704875809654,0.00656539962110978,0.00134583695740073,0.00101458680472101,0.0188464809223131,0.00432599167406288,0.000205798769610303,9.07420904000639e-05,0.000247157542619358,0,0,0.000510090779805277,0.0197330236195974
0.0340687181937082,0.0869388483931517,0.0648856012386221,3.63918542783023,0.000685377043943544,0.03451051850659,0.545106630488564,0.0604050953777144,5.19442119916514,0.0955021694105412,0.00376578334955106,1.72225359981515,0.00900313918827939,0.0389620263611169,0.0271322868437717,1.49810797785854,0.0244134923665795,0.00444945326671859,0.00722716390153896,1.54574278447363,0.111540900577363,1.887125648823,0.219732525381138,0,0.00877572562016713,0.0302977050244577,0.227124982142443,3.60331044052992,0.0960740671600637,0.249631365109427,0.00104812625293109,0.00201740434250997,0.0522085530774466,0.15171841839605,0.0103215129988957,0.171632477883647,0.0206899318329008,0.13687710448854,0.0581359909022139,0.0616716863060304,0.0253260612657973,0.000621313777800142,0.0179558791335086,0.00260002357232244,0.0178069841280742,0.00356280345140284,0.0215020941730667,0.00408606427801326,0,0.00456217110558579,0.00339299119191949,0.00200233044004992,0.14543416325959,0,0.0203111473703437,0.00627408617163029,0.00857186810930893,0.246558757743042,0.0307955663311125,0.000229200868599428,0.0292107791242769,5.57805849583518e-05,0.0060981971631548,0.00785791576921322,0.0341106795298122,0.00131271426337883,0.000343688435029802,0.000492832135819341,0.0170820877072473,0.0104355399075247,0.0904653122363615,0.00357996451547729,0.145813173637794,0.000173026927335409,0.000925910854104299,0.00248767663191376,0.0676038765052406,0.0108896909025015,0.00503266575568171,0.000233796934824004,0.000187172160297751,0.000333509676282397,0.00684767390738931,0.00467377731391271
0.00185146210598604,1.45526709103154,0.0055876325247377,0,0.00170885049214566,0.00401440612571737,0.00083581773907165,0.00451979860448428,0.0753101291268262,0.000333350246564034,2.05948905811789,0.000176815360752092,3.68749198731606,0.00233679139245983,0.000169853828372521,0.00333199576221928,0.00763431520620718,0.30519028691784,0.0947899213922133,0.00060799174400053,0.000493268870344442,0.155397357305162,0.00175616225449153,0.00877572562016713,0,0.713993892135212,0.876155363068951,0.000428818001703907,0.00667903993790948,0.000460965657394924,0.509521270158234,0.00768971607253298,0.000521030558397681,0.242016689476907,0.000698565934550546,0.0829124970629462,0.823244889835261,0.495302261007653,0.230197860071856,0.00498915479686738,0.0492649647201361,1.12495267287462,0.105584331439302,0.157366849625132,0.0556099703170237,0.0628985954502445,0.000301805079947731,0.0357015807956378,0.11707841439189,0,0.0267405106091677,0.00101185677523914,0,0.000211981601167727,0.000368639604401845,0.000109557662018062,0.000533246752563305,0.000351337472658576,7.32272453468385e-05,0.0632150091679869,9.13856333126482e-05,0.129403614763617,0.000798377671767666,0.000667484237519394,0.000479036519839826,0.00014134916672876,0.0299658771100173,0.00902938028369578,0.00105636897532086,0.00033454604797657,0.00190309948101654,0.000506918676217263,0.000179269328228725,0.722762612235974,0.0357264390213321,0.0111087747810947,0.000443693091741846,0.001393287519989,0,0.0840512794274311,0.00335343405817373,0.000455595276317149,0.0415970544967509,0.000469476979358788
0.0430242574588394,0.165979492214918,1.86055058128173,0.00127968561568209,0.00111306946256059,0.00578305754530557,0.0564768788401108,0.0674957152804778,0.0569917889172074,0.00615104360010614,1.50534543861547,0.000164973543348932,0.442559487221789,0.0563669640154032,4.31377017046908e-05,0.00545035427070678,0.995178621326243,1.0411549878534,1.78877873460864,0.000550888026066535,0.0182457374613304,0.0535398879261016,0.131137548990981,0.0302977050244577,0.713993892135212,0,2.70796343170532,0.0305144445244275,0.0376965172887649,0.0322382214895216,0.223220313308175,0.00331437971148466,0.00514097533753976,0.239108404206241,0.00102335715207814,0.0217602644321179,0.0590025716257008,0.241207374946527,0.0389520488233596,0.00131734808369813,0.00587991834200642,0.00713013822531944,0.00416639624751244,0.0171382728406148,0.0161825053215784,0.00379645251229091,0.000166994333009509,0.000238276530955716,0.000905971101772775,0.000315625178739738,0.0577400220967016,0.00187496213708524,0,0,0.000347672242682381,0.000821629249940223,0.000239985141701267,0.00120558536259729,0.000167171627075133,0.0185282706099612,8.97508268303325e-05,0.02263514874396,0.000316468454973923,4.39857004822727e-05,0.000730381414900897,0.00294938179204488,0.030331250044637,0.0182388228076482,4.08085335793112e-05,0.00023169374962755,0.00233064053524148,0.000929670330391369,0.000444907704023103,0.242920785532496,0.0850264216872183,0.044976707477202,0.000523013055238351,0.00125515516506751,0.000316221941621357,0.0276715453087705,0.000275578866377311,0,0.0123130560441378,0.000765125854138168
0.0119153519556121,0.819253735378111,2.30294134453376,0.000514005813295297,0.00108520750863961,0.00446290119067642,0.0242544301862336,0.0295064003241276,0.149581854188281,0.0034687829165989,0.209960646664743,0.000333191086132083,0.849851718185815,0.0229172463898365,0.000909406312867179,1.57436144175564,0.592036528032315,0.150905974867271,0.362721267036052,0.000573468655145046,0.0625485828327396,0.719656958692352,0.835126910554714,0.227124982142443,0.876155363068951,2.70796343170532,0,0.0997910038318081,0.0219462099130344,0.0171082726334524,0.404106304093031,0.004430713283282,0.00253819637829754,0.433019202526121,0.0179792120188268,0.166134120246256,0.0831385524609863,0.884192853969585,0.225827519426584,0.0125859242610303,0.00679618262848212,0.00511209224916983,0.0247953296816612,0.043097267076446,0.0337441010031329,0.0150591536591597,0.000269624469373096,0.000481695366981923,0.00121411383285936,0.000437421266985495,0.198991039372622,0.0229424445802718,8.86809298852043e-05,0,9.66645126430242e-05,0.00126964443010581,8.6747873096581e-05,0.00285379366469856,0.00015165410892607,0.0101184596884326,7.04211501183051e-05,0.00774464294520056,0.00109923411794857,0.00140035738145188,0.0088219564777734,0.0231505017380866,0.0156581498175665,0.0166297053569787,4.19014315910368e-05,0.000912181400536204,0.0719406804989851,0.00726440260749249,0.00396623545889695,0.1197306248461,0.0672013999730688,0.0559115458486522,0.00178680130107854,0.000562485997585913,0.000800656922009035,0.0138795855783734,0.000429235183866713,0,0.0121687800581871,0.0131259953464817
0.01997924994497,0.00512363133940999,0.216000612216909,2.7876285757156,0.000580275718002583,0.0742837108943578,4.31768680436437,0.0695204658130771,0.278096359500543,1.63014177326432,0.00113391414230173,0.0286926238264587,0.000612124945840858,0.0340720405968329,0.00329463233215099,0.198286893520616,0.0473656295069303,0.000837301044040732,0.0053078660975502,0.478361174965475,1.14710223011497,0.0545142485689843,0.722029878551266,3.60331044052992,0.000428818001703907,0.0305144445244275,0.0997910038318081,0,0.0616408437117323,1.57141820951702,0,0.00065250077344643,0.0338017515856995,0.18839596448529,0.00912020840971559,0.0909835013096388,0.0159480343161218,0.111451917704442,0.038318225834636,0.0164997461466157,0.0113389249442278,0.000148338355206034,0.00900675582854467,0.00196105216662233,0.0072306255149041,0.00160888286006162,0.00351038583401928,0.00127724849618138,0,0.00206624790836577,0.00117413941130006,0.000565643275680848,0.0538872609656579,0,0.00613687481109892,0.00247363890847799,0.00223083832431548,0.0821624704496328,0.00759960377225793,0,0.00466530719824059,0,0.00183298911487866,0.00136222173339427,0.00631414398830988,0.00092030922323124,6.97957551848514e-05,0.000157248773633883,0.00283488390021221,0.00516705193637942,0.0190884641776665,0.00156365532516361,0.0473493439371487,0.00012157271743684,0.000313271143685382,0.00139726370162065,0.0540810892573671,0.0034188836156779,0.00441586702477791,0,0.000486686219971098,0.000293018324107113,0.00255399774595705,0.00427721731051842
