0,0.000402711283180486,0.127747405247928,0.00887334110340457,0.00231787865147156,0.125101684754966,1.88639471782649,0.585260980356864,0.0263609894711559,0.332283143849253,0.00189208349635789,0.0162526570793512,0.000586253644266732,2.45561838013061,0.0848101374793891,0.00207046704220089,0.161471286444894,0.000764219065652688,0.0262164878903047,0.0481882100521796,0.0278334596872797,0.0168606737005753,0.0894305755580879,0.0209596565782653,0.00228061448752953,0.0235610450428684,0.007455818851219,0.0748250330826865,2.1855886666146,1.42784382676815,0.000296913035393176,0.0173094233548743,0.0128892657290026,0.0520794460851807,0.000240013146335172,0.0112150996721461,0.00482080823407434,0.065100424384642,0.0269176132178608,0.0891798862427427,0.00143595840806785,0.00116154956571782,0.00194184616625502,0.00228717237780739,0.000902635008888585,0.00301955529806388,0.000454520792467564,0.000572612286915641,0,0.00035079213366539,0.000810271069556648,0.0012445052893684,0,0.000260107040701325,0,0,0,0.00564736061468015,0.000499638990970366,0.000137990173526374,0.000312262420450078,0,0.000315742562364479,0.000246776934780198,0.002146545729026,0,0,0.000366505704088632,0.000990851083030331,0.000311616349701374,0.00223888692328958,0.000506010447554572,0.00297080348421862,0,0.000230398852768852,0.000749108696101012,0.000743385481961213,0.00108786521349722,0.000495240634201237,0,0,0.00146812190758316,0.000900404306487201,0.00020583075812999
0.000402711283180486,0,0.07423488858777,0,0,7.69924652116775e-05,0.00133204509908853,0,0.134290683981259,0,0.0271491154780418,0,0.0815077101892786,0,0,0.0538440501352523,0.0514620047864692,0.0332181405774222,0.0543123857870471,0,0.00192069906730962,1.31083689016092,0.00990211636691246,0.0126785290623665,2.28368256405016,0.0993077640988763,0.749188755788288,0.00477528322816221,9.65804198610129e-05,0.00245262484464313,0.123129683420029,0,0.000527615470930387,0.0114436832016213,0.000583305011248835,0.0433488904170145,0.0775724961421197,0.106725022923996,0.0419525386322177,0.00192919680438329,0,0.0057316560437444,0.0151472013034656,0.172925365278199,0.0350646310486226,0.0214942808190217,0.000587690258161449,0,0.00183149704352162,0.00243669303971715,1.15401070247998,0.171881146630307,0,0,0.000401319939220731,0.0008994631496363,0.000541913014972856,0.00378785985971272,0.000129079908866174,0.0055684976436751,4.13836944282591e-05,0.00233310555295282,0.00269312566377621,0.00426182587133765,0.0160915474073449,0.0575910306099981,0.00523356355187148,0.0375229745577822,0,0.0012174142774808,0.126467164218992,0.0138099784454694,0.00312388664533125,0.0395585906147662,0.0989905908505858,0.105134279918309,0.000710744400698625,0.000438881767724266,0.000924648539699575,0.00082605221388924,0,0.000459612561436923,0.0173540722850321,0.000872304501197851
0.127747405247928,0.07423488858777,0,0,0,0.00227837994047307,0.118054828283448,0.00292274173266919,0.00789090511294922,0.00220020989689555,0.00629513294338876,0.00138054488114423,0.00264939170147992,0.0119284234524677,0.000606132328527549,0.0434714751277444,2.0601582560758,0.00464420021775941,0.0646993694467253,0.000383650785023867,0.287386508642768,0.121972852881399,4.69565963606441,0.0111055499644012,0.00245906354045236,0.728765305995596,2.05982817332555,0.0699664279743689,0.0172958393514538,0.317041960043303,0.00421910150805982,0.000267815916724094,0.0045801683943037,0.0671286038558089,0.00602570246978083,0.0777295206662435,0.0913518670041103,0.372409806531455,0.106755912670731,0.000658649850783719,0.000249656147738433,0.000378450598278282,0.0230464709091983,0.0557594641400429,0.0262389139093479,0.016339207915927,0.000116840637599362,0,0,0.000854334720094318,0.105161470332009,0.121057550980263,0,0,7.74057682162727e-05,0.00206926207775304,0.000548762128647826,0.00305332469442693,0.000298222109403283,0.00137700487862269,6.23796945856334e-05,0.000258016562808737,0.000613483228670462,0.00341933523477731,0.0189011775691453,0.0162598143368432,0.000417133636284844,0.00570123568221939,0,0.00352717599933746,0.10734084441616,0.0697192393867365,0.00366213698510618,0.00248277308103708,0.00843673354063947,0.111217176786142,0.0035658566137334,0.00201137729780533,0.00244178516289326,0,0,0.000196780362627821,0.0101485390216022,0.00554563016913398
0.00887334110340457,0,0,0,0.000124294631124915,0.00158232886670831,0.101907983398251,0.00207821238159666,0.293796133731656,0.943977156575892,0,0.436605532827294,0.000159248192645768,0.00810267364331806,0.00247220956445876,0,0,0,0,3.35873385871258,0.000350880550506222,0,0.000175284562401163,5.24869068212023,0,6.18373147453334e-05,5.0575686440426e-05,3.18046253743401,0.00899051641862269,0.00321911799064114,0,0.00126609856246807,0.005000297592367,0.0133043066075417,0.0001792560035496,0.00445856881649393,0.000796129836697773,0.00780963231204493,0.0052861169406729,0.0378521975993083,0,0,0.00242898377434173,0,0.0021694371118112,0.00190092750951834,0.00674141271070289,0.00019952157009424,0,0.00026833797575182,0.000327976415577693,0,0.620003090783394,0.000115592217340141,0.00552929821749101,0.000727855164862118,0.0058245635640404,0.0188828964384321,0.0213555377019651,0,1.56417933399591,0,0.00432643586290274,0.00295571677479513,0,0,0,0,2.25819461408319,0.000161174777795543,0,0.000193831506267256,0.0475836345534789,0,0,0,0.00840112703031837,0.00519569766651892,5.33680868929475e-05,0,9.63417137250615e-05,0.000247467206817264,0.00227578184480551,0
0.00231787865147156,0,0,0.000124294631124915,0,0.883381076088494,0.000367656744578088,0.0677935062267181,0.0111746083929076,0.000699621958066738,0.00275277194272716,0.000430428619968819,0.00320349690942613,0.0455400057555209,0.694701811749472,0,0,0,0,0.000477902744441084,0.000254326656916569,0,0,0.000237917023213339,0.000662160174701755,0.000170725432434257,0.000104187199083616,0.000504452682107413,0.133196817947014,0.000163520466858841,0,0.945197304706703,0.000207865718050964,0.0377075998377512,0,0.0125296490549037,0.00307835861715777,0.0282884285010516,0.0128883305252978,7.47544373768391,2.16548651836975,0.00154052754054512,0.000148709650370074,0,0,0.00026255727451831,0.000539026780875236,0,0,0,0,0,0,0,6.85395979782653e-05,0,0,0,0,0.000359327167416928,0.000119165800975208,0,0,0,0,0,0,0,0.000158274169419746,0,0,0,5.29054694722707e-05,0,0,0,0,4.31669580942158e-05,0.000148806177380847,0,0,0,0,0
0.125101684754966,7.69924652116775e-05,0.00227837994047307,0.00158232886670831,0.883381076088494,0,0.064403964926414,1.71016849841309,0.011741258747273,0.238942721110731,0.000998949908930085,1.65460459544395,0.00165375362935075,0.190398788305687,0.484710486525401,0.000403568193591664,0.000586746971070681,0,0.00024709359767729,0.0475719621061409,0.00114944461231436,4.90220606079641e-05,0.00232345180471642,0.0696123109757173,0.000114882595556509,0.000730916156500931,0.000420214553630682,0.00937349989736813,0.244861262851945,0.00419710212212024,0,0.594330308187192,0.00048220525628279,0.0393311763664818,0.745891887098412,0.00214065973626403,0.00219845343292523,0.0151352143024116,0.00299780225856098,1.82387894283057,0.10876244953475,0.000108093458880185,0.00129183927859066,0.00216514376290157,0.0016427635493066,0.000620100162888093,0.00120018690185874,4.69675385995618e-05,0,5.66501068689669e-05,0.000625730893664793,0,0.000672154626130692,0,0.000633335873065875,0.000408258636944127,9.83984923803977e-05,0.00132699487816073,0.00111295484882068,0.000627268997633855,0.000985289390281635,0,0.000127342099441345,0.00313700740269792,0,0,0,0,0.00142624953365198,0.000163556803467607,0.00022341353343403,0.000474996216988758,0.00279907787216268,0,0.000130809572325439,0.000350278218363737,0.000885376688625605,0.000324081185910501,0,0,0,0,0.000251389616565951,0.01497251320585
1.88639471782649,0.00133204509908853,0.118054828283448,0.101907983398251,0.000367656744578088,0.064403964926414,0,0.230619739946764,0.304963823704472,4.07725621458681,0.00145041943420604,0.0386287736824967,0.00171686714225587,0.402231143831671,0.0252496551819863,0.00248426752557492,0.0253951829019102,0.00026267378179079,0.00682276313468392,0.0817823615041514,0.104688541534985,0.0128286590809977,0.167805297660162,0.407742735319663,0.000514924554364613,0.0331474426553513,0.0283585863207808,4.76941890265692,0.230777845461941,2.22141968393611,0.000384338901489362,0.00679397487041956,0.0218987361109344,0.115507034646601,0.00218008126977852,0.0583367193337243,0.0115231182947786,0.10947635637003,0.0442206042394317,0.0326666322652796,0.00122284226949343,0,0.00676711876329084,0.00299762025980382,0.00643372775094028,0.0037435624902936,0.00464395209276836,0.000231004206457973,0,0.000117123107230381,0.00206116143323872,0.00251320090652927,0.0129415104542271,0,0.00310700658300329,0.00237816076152994,0.00335603009216827,0.0367985514457843,0.0177933136332562,0.000780798024482478,0.00481598305428503,0,0.00406617255458323,0.00106676465045691,0.00133109202340687,0.000144067519307391,0,8.9145333743771e-05,0.0146180113469395,0.000388731242292422,0.00580077556669945,0.00221322656074579,0.0449571300340551,0.000221527988148534,0.00065554217241629,0.00283292876658921,0.00878174444632782,0.00741047266988756,0.00124388044517137,5.86974788588509e-05,0.000695820942660077,0.000549696147582872,0.00443915717592296,0.000985303634323651
0.585260980356864,0,0.00292274173266919,0.00207821238159666,0.0677935062267181,1.71016849841309,0.230619739946764,0,0.0130738236838485,0.886692276490636,0.00177546407939198,0.097864191367837,0.00175953105807188,2.7321726898693,0.0713325037983157,0.000344642396885532,0.00182312065945853,9.1683205459988e-05,0.000887968206881051,0.0357847696047126,0.00188266978352499,0.000970176937825657,0.00365284010196974,0.0383231785799159,9.40250560789967e-05,0.000828686988178677,0.000585637558830802,0.0250371803863099,0.677637944640039,0.0293383599674961,0,0.398553231206769,0.00233548117857814,0.0568782256997373,0.000150515210462423,0.00924748871863597,0.00132499981405172,0.0474898551572099,0.00975926467473561,0.192173348219917,0.00845805371325642,0.00067687101370678,0.000917078133356532,0,7.7190827604288e-05,0,0.00120453373976056,0.000328570904261529,0,0,0.000266451287377694,5.35188308601639e-05,0.000685629893270097,0,0.000193236923456559,0,0.000193921486250095,0.00205170916931699,0.000724010936959554,0.000976431559853037,0.000481258160354193,0,5.50071388645294e-05,0.000254912881908842,0.000115879833735254,0,0,0,0.000460698957784343,5.79937899957647e-05,0.000824230939451494,0.000273825981905744,0.00418962060862967,6.26876515885111e-05,4.29883978438658e-05,0,0.00110999824796782,0.000366920520126401,0.000125929318805186,0,0,0,0.000428597905418188,1.12244095378873e-05
0.0263609894711559,0.134290683981259,0.00789090511294922,0.293796133731656,0.0111746083929076,0.011741258747273,0.304963823704472,0.0130738236838485,0,0.0825759695320367,0.00419981357993878,0.799038273762333,0.0107677543060607,0.017381383169494,0.152229421578172,0.0242487378558791,0.0106473627935954,0.00530115200725593,0.00925675297646813,0.204180574607406,0.0159356627779492,2.9537445218331,0.010510789680481,3.82993182792419,0.0599149013486372,0.0105627338694936,0.0717290964030357,0.729190730484062,0.0381265619115072,0.186508268822055,0.00989291900446831,0.00297501416771561,0.0674379704555512,0.0568449169914112,0.288879602713944,0.131902311075918,0.0177573985994553,0.0642218467914434,0.0250480486889903,1.3424734765411,0.000657148217279982,0.00191253679815168,0.0400106735133426,0.00156746796546158,0.0238954337522373,0.0215346049757941,0.122949634567802,0.00422721148878474,0,0.00461577040796477,0.0172876490330724,0.00186454985477794,0.0330772712320114,0.00135568494638178,0.00449196655136292,0.0180977056446192,0.0109994286568761,1.54490790456637,0.0219020117952277,0.00054718743315444,0.0306260681393299,0.000307207441879277,0.0128152984486132,0.0116723859902267,0.00420065946318772,0.00135860849476464,0,0.000415718450579895,0.0388018709978024,0.00119068041236507,0.00579782180230147,0.00246383557743022,0.17195297455498,0.00147650136592958,0.00180506066374005,0.00385225311935673,0.0402307467513255,0.0388971435469766,0.0155618160047222,0.000182632190852197,0.00138870143488608,0.010180538070099,0.0250164108436279,0.0611617710547967
0.332283143849253,0,0.00220020989689555,0.943977156575892,0.000699621958066738,0.238942721110731,4.07725621458681,0.886692276490636,0.0825759695320367,0,0.000275186151670883,0.231823416286629,0.00132337449394074,0.553117143374879,0.0321100126951722,0.00033665774364102,0.000337588343963064,0,0.000190965939928598,3.05387554245931,0.00162814639502575,0.00148537885044853,0.00361527947244486,0.154543159668907,0.000246052899352775,0.000682288742518041,0.000772588312896362,1.82337238764962,0.0718801146014891,0.00645322782071278,0.000107647058763465,0.00697802159302176,0.00442961191300145,0.0921371753481852,0.0483217524183397,0.0282003009391956,0.00285733554138166,0.0531472066764623,0.0189648556392402,0.0485904346910244,0.000471815032968009,0.000191422469536656,0.00205801342658479,0.000338094717859255,0.00197879003672381,0.000561498331768155,0.00874682576613903,0.000401616747380392,4.22613805163563e-05,5.520275226693e-05,7.35720224921601e-05,3.10395097566877e-05,0.0136144174908713,0,0.00329486609530988,0.00126872036708368,0.00318712546794065,0.0113483521198608,0.0190906902871653,0.000440945618310021,0.00552210891157555,0,0.00210343376224581,0.000967162282191676,0.000120460466073675,0,0,0,0.014970210947715,9.09450274848385e-05,0.000411112322573071,0.000100891758881638,0.0346495693911299,6.55651702044999e-05,6.06130358041948e-05,2.36392401005872e-05,0.00596964285897023,0.00197176208674772,0.000170538392412475,0,5.86048264499929e-05,0.000255675334887945,0.00072279226940514,0.000688967961945109
0.00189208349635789,0.0271491154780418,0.00629513294338876,0,0.00275277194272716,0.000998949908930085,0.00145041943420604,0.00177546407939198,0.00419981357993878,0.000275186151670883,0,8.92486899245907e-05,6.06357785568638,0.00279391511458462,0,0.00186035601135438,0.0382290202203753,3.49154063028798,0.697224992376439,0,0.00179416613140366,0.0227087475795759,0.00778079143791226,0.000856797520385145,0.93964581314509,1.47919504339582,0.166310848430941,0.000725590787597843,0.0270642597752692,0.0068005378597705,0.453873291159235,0.0689926839982432,0.00911122566603267,1.07429624804826,0.00099607043010033,0.0920257018378889,0.713939521623787,0.964409034752912,0.161668669474255,0.000645427843366339,0.087116728555533,0.276217567618162,0.001080106806624,0.00397923559158616,0.00444986906844285,0.00165952485357405,0,0.00163744806318801,0.0316106739749274,0,0.0228529233416159,0.00081677826944171,0.000124881506314701,0,0,6.53578290529173e-05,4.97906189326862e-05,0,0,0.131031265787364,0,0.469866532859283,0.000301545371248587,0.00078808953189743,0.000188316069509705,0.000714368297357633,0.0437729915731102,0.0102803230623574,0,5.556234547845e-05,0.000257626271908327,0.000465124198914951,0.000307501940893525,0.634098529192602,0.0587907027034421,0.0102855069218236,0.000185496358300011,0.000117054719611687,0.000362369642115345,0.00495384720921272,0.000285593863502288,0,0.00497680424894101,0.000953560716896706
0.0162526570793512,0,0.00138054488114423,0.436605532827294,0.000430428619968819,1.65460459544395,0.0386287736824967,0.097864191367837,0.799038273762333,0.231823416286629,8.92486899245907e-05,0,0.000293441148078017,0.0078978034241546,1.0356814428623,0.000785755741406083,0.000417129711308334,0,0.000240511031995756,2.7462830776908,0.000122188582871901,0.00110013597867531,0.00240507633090769,0.863016132819301,0,1.26305989818385e-05,0.000101000822368857,0.167856436380339,0.00886491215187823,0.00158868557778816,0,0.00125548578091354,7.39324973588959e-05,0.00827289928423388,2.33572035517484,0.00723693163812586,0.00299529701683659,0.00714523889671589,0.00423975028522032,0.729950012864319,8.6961754414229e-05,0.000194187427464817,0.00246409340597948,0.000992879633443282,0.00112076416956249,0.000474559320955336,0.00262519425053536,0,0,0,7.67225547503008e-05,0.000189339149269677,0.00673539553359978,0,0.00132436069528235,0.000129571888344256,0.00110159414905658,0.000881936247438056,0.00356338258146683,0.000967321269820212,0.449561937931039,0,0.000571596233684611,0.003314992221132,0.000125261893479415,0.000138048723321814,0,0,0.45572335422952,0.000197949993084114,0.000802971747903959,0.000785881722490463,0.00363310157546902,0,2.40316845293703e-05,5.63480835710168e-05,0.00121648537422875,0.000824116354381031,0,0,0,6.90009782167069e-05,0.00050903669940741,0.0664071577555133
0.000586253644266732,0.0815077101892786,0.00264939170147992,0.000159248192645768,0.00320349690942613,0.00165375362935075,0.00171686714225587,0.00175953105807188,0.0107677543060607,0.00132337449394074,6.06357785568638,0.000293441148078017,0,0.00335259682104075,0.000271991161718346,0.00169487646503464,0.000869943689979964,0.349749467123129,0.0317126771164321,0.00244709640894157,0.000809587647259481,0.0511040622954478,0.00400510510614628,0.00164884228840958,3.44989186119318,0.314502503907975,0.668151589329906,0.00142232977207992,0.0293127173932375,0.0015432488615302,3.80582449097206,0.072910753845843,0.000535372941785463,0.669418938787587,0.0032677875637218,0.460804909769212,0.336411259042398,0.952558673653521,0.610155107240317,0.00148750405561612,0.186752856494633,1.17313689811326,0.0256144465409363,0.0112604238036771,0.0167625445187802,0.00792880460329837,0.000474508922999942,0.0139450022657167,0.124962082481706,0.000109383049582135,0.0111209442527261,0.0013518185337097,0,0.000152133649298496,0.000149456738858352,0.000402739804424053,0.000144504696659666,0.000168374219688149,6.85674359044595e-05,0.358473592386218,3.46111432385494e-05,1.39165662891569,0.000616726549338403,0.000892607723863048,0.000482872180302302,0.00042130256695451,0.10251099975476,0.00936346532089154,6.83909985273535e-05,0.000199550354524687,0.00177580568299555,0.00110826154445167,0.000282134085827873,1.28630357695925,0.0875031536820454,0.0126050725125455,0.000216663439114567,0.000871214596862271,0.000407908482743349,0.150040641938455,0.000581370132825758,0.000183290297142855,0.00780591631904458,0.00395760984308737
2.45561838013061,0,0.0119284234524677,0.00810267364331806,0.0455400057555209,0.190398788305687,0.402231143831671,2.7321726898693,0.017381383169494,0.553117143374879,0.00279391511458462,0.0078978034241546,0.00335259682104075,0,0.0186134955141265,0.000357932037914933,0.0279114212862455,0.000688912086955619,0.00528162701196689,0.0664970674342486,0.00573871869674263,0.0041452857500951,0.01290384008203,0.035854607204168,0.00044553138516156,0.00376591049180627,0.00131403737232817,0.0426150534795114,3.36310005119073,0.240818020749364,0,0.25789331641595,0.0231073436881456,0.139643776024125,6.79136359585359e-05,0.0171532248633031,0.00458192376289045,0.115141359171253,0.0213006779704256,0.123530929071605,0.0105510466369191,0.000743009743088052,0.00155253398754573,0,0.00185396884753063,0.000538951960560306,0.00118101235193523,0,0,0.000629661820318313,0,0.000130197711681001,0.000944656543476054,0,0.000122474929220567,0.000348440941202008,0.000218237519632112,0.00391333570034205,0.00090603974419537,0.000401599614824505,0.000232000861785168,0,0.000886536029864579,0.000189272472088614,0.00109234030039145,0.000136477641979333,0,0,0.000722742696388136,0.000436502124498563,0.000900003160232,0.000383437959790525,0.0052441111811383,0.000313856025741582,0,0.000433570151887647,0.00193118685190526,0.00181640858658147,0.00102719233033258,0,0,0.000349373583037084,0.0015061039035297,0.000118648801568166
0.0848101374793891,0,0.000606132328527549,0.00247220956445876,0.694701811749472,0.484710486525401,0.0252496551819863,0.0713325037983157,0.152229421578172,0.0321100126951722,0,1.0356814428623,0.000271991161718346,0.0186134955141265,0,0,0,0,0,0.0406306885403457,0.000497656599936083,0.000257335834925113,0.000644817356991442,0.00930588357140795,0,0.000305016987702939,0.000187662587954444,0.00489790141307134,0.0229524841057698,0.00177860251598496,0,0.0226951207706017,0.000286812958901201,0.00296298984953891,0.20111190585335,0.0174068763962845,0.00013891537238444,0.00375997354173502,0.00196428222388115,7.79258148867668,0.00397294227269636,0.000790025586909177,0,0,0.00101376597941158,0,0.000769493407204475,0,0,0,0,0,0.000460142020588354,0,0.000333003281208717,0,0.000222846600796512,0.000431012591769876,0.000254075543413668,0,0.000361908506071087,0,0,0.000151659177088858,0,0,0,0,0.00068934898378464,0,0,4.90800782904925e-05,0.000953999565615786,0,0,4.17628061134818e-05,0.000178774940865545,5.36579578391816e-05,0,0,0,0,0.000175223317624686,0.00233885964637699
0.00207046704220089,0.0538440501352523,0.0434714751277444,0,0,0.000403568193591664,0.00248426752557492,0.000344642396885532,0.0242487378558791,0.00033665774364102,0.00186035601135438,0.000785755741406083,0.00169487646503464,0.000357932037914933,0,0,0.0333907956477007,0.00135496498104067,0.00877110113228658,0,0.573894622947258,5.25864757732276,2.48031273744023,1.91775577345483,0.00728699798453703,0.0105028489614235,2.6165846715866,0.48800340426885,0.00315750299179456,0.0197795536891925,0.00214784153441734,0.000571452682814402,0.011844368133048,0.0295834972352307,0.0147004639933739,0.236623739875159,0.318490053823868,0.195752430586172,0.14200805192446,0.000522618984072822,0.000681999402402836,0.000663875100649218,0.0321115601890853,0.0604019254442194,0.014614230738855,0.0143039780933019,0,0.000173500359893395,0,0.000122666986764747,0.0302175488283452,0.0169828208048626,0,0,0,0.00123366156080637,0.000341363163583349,0.0127131034089832,0.000151038400405407,0.00086935234601553,0.000650250082822882,0,0.000447010113020091,0.00469308800701067,0.124551000100946,0.00248324232744322,0,0.000991599620217599,0,0.007742911160067,0.279668639577035,0.0705319844539182,0.0104479283279034,0.000830318843397904,0.00104037328977188,0.0241920718497773,0.00502590675694057,0.00280334302240304,0.00624902174669793,0,8.20630588831356e-05,0.00282680874955472,0.0092285512398138,0.00684395711976305
0.161471286444894,0.0514620047864692,2.0601582560758,0,0,0.000586746971070681,0.0253951829019102,0.00182312065945853,0.0106473627935954,0.000337588343963064,0.0382290202203753,0.000417129711308334,0.000869943689979964,0.0279114212862455,0,0.0333907956477007,0,0.0120855391920806,2.04874592610938,0.00040253793931288,0.122112789144178,0.0463756709495032,2.25079871933223,0.0115991463199728,0.00325693864170326,1.02921951784151,0.501518188758309,0.0189551389382662,0.0736611750584272,0.462682740331782,0.00277095906332324,0.000806519064588647,0.0641768125177899,0.666024046050759,0.000361382793776184,0.0070837799496207,0.31619449686549,0.270751743245525,0.0169524863575376,0.00108960525088512,0,0,0.00588229221326443,0.0262529300292516,0.00774705030882396,0.0035756026434221,0,0.000106487202211188,0,0.000165707869719839,0.0960966362295618,0.0355167291242178,0,0,6.21787884404292e-05,0.000359965832897885,0.000209166060718059,0.00282144724184803,9.62294772490595e-05,0.00154119140923581,0,0.00051383458108472,0.000417867021864945,0.000343318733886617,0.00359438233084198,0.00592305988382652,0.000880768068313301,0.00358913572301938,6.73388172491947e-05,0.000614125943028419,0.0161345584145607,0.00890174301369701,0.000772599385637024,0.00605377226880936,0.0100020492801972,0.027552430309736,0.000622084854958579,0.000401721321060002,0.000826286701782585,0,0,0,0.00396025402761476,0.000474746107298364
0.000764219065652688,0.0332181405774222,0.00464420021775941,0,0,0,0.00026267378179079,9.1683205459988e-05,0.00530115200725593,0,3.49154063028798,0,0.349749467123129,0.000688912086955619,0,0.00135496498104067,0.0120855391920806,0,2.78640521732727,0,0.000384974099041144,0.0287166325697034,0.00381895865925128,0.000509205975041544,0.246370735215451,0.600333523013886,0.0978625955457989,0,0.00155104391999113,0.00350690441045656,0.255807478064214,0.00223743145371745,0.00228530339862856,0.0304432975189816,0.000146196703327501,0.0162494586177173,0.127635962138762,0.0867536768819942,0.0449899384278517,0.000400197619884168,0.00245045529796531,0.00457391738897597,0.000334543077769007,0.000609620258186595,0.000656008399048462,0.000368120485349304,9.29500861288415e-05,0.000252366323236438,0.00158818585988882,0,0.0190681435593742,0.000660591687227226,0,0,0,0,0,0,0,0.0193623314267814,0,0.0493712856534908,0,0.000291356005009411,0,0.000946401876522,0.0333191028764996,0.00755713967447526,0,0,0.000152777674430877,0.000229790049111587,0,0.363810602306578,0.0463224232465668,0.00689171568985043,0.000140839617283606,0.0001714007605862,0.000202293126721615,0.00429637777972852,0,0,0.00124345793554707,0.000219537839654012
0.0262164878903047,0.0543123857870471,0.0646993694467253,0,0,0.00024709359767729,0.00682276313468392,0.000887968206881051,0.00925675297646813,0.000190965939928598,0.697224992376439,0.000240511031995756,0.0317126771164321,0.00528162701196689,0,0.00877110113228658,2.04874592610938,2.78640521732727,0,0.000189413041551994,0.011327705016261,0.0258880099365158,0.0651298936639553,0.0024346947384921,0.198503776912622,1.67744840345845,0.396943848605981,0.00440219969584789,0.014982532786561,0.0653404124746847,0.0194509516152689,0.000232812895234949,0.0379909434878613,0.321556716503176,0.000445795581212283,0.0248069542597522,0.257275533268351,0.158108468708596,0.031034978897596,0.000552464181289462,0,0.000235710421335586,0.00382166764212727,0.0133006807104559,0.00982391001276062,0.00184572045320878,6.32829215250832e-05,0,0,0.000156503644262649,0.234104380159088,0.015468845560317,0,0,0,0.00019271568153733,0,0.00039910256504655,0,0.0149199325029206,0,0.00455567943708311,0.000254202837637748,0.000835370407317314,0.00132881629992494,0.0067177534814204,0.0166415498699795,0.033664285527802,0,0.000619182908353073,0.00106148085964761,0.00136901588308976,0.000201920697164891,0.24327994605518,0.0966801468738055,0.0440703872737763,0.000261240637455396,0.000257337987093566,0.000382246628905122,0.0013036068483976,0,0,0.00883387255865413,0.000131927554574932
0.0481882100521796,0,0.000383650785023867,3.35873385871258,0.000477902744441084,0.0475719621061409,0.0817823615041514,0.0357847696047126,0.204180574607406,3.05387554245931,0,2.7462830776908,0.00244709640894157,0.0664970674342486,0.0406306885403457,0,0.00040253793931288,0,0.000189413041551994,0,7.7738598655802e-05,0.00120156041869385,0.000460360935794751,0.855717354196525,0.000334474345834689,0.000213410532472419,0.000115243446485734,1.11014454756723,0.0694730701264362,0.00185289359534589,0,0.0135704457984046,0.00400625747411119,0.116566589951325,0.000250172567894843,0.035046230050097,0.000985105314225782,0.0819736057783158,0.0304977849299659,0.120251079969914,0.00321229279985369,0.000623322185028703,0.00123999074618722,0,0.00113708666076004,0.000479365909070674,0.0239146414718501,0.00067778759768268,0,0,0,8.13721854062482e-05,0.01624862746996,0.000241912297344292,0.00246620267117941,0.000588336062749874,0.00207174352014367,0.00739180894288244,0.0136245992777981,0.00023108868728864,0.00612170243773199,0,0.000794052373259513,0.00495186579212636,0,0,0,0,0.0241742241447661,0,0,0,0.0193927842149071,0,0,0,0.00349988554459291,0.00220352927747859,0.000124008639159271,0,0.000106447409690463,0,0.00093551780648458,5.34097568041648e-05
0.0278334596872797,0.00192069906730962,0.287386508642768,0.000350880550506222,0.000254326656916569,0.00114944461231436,0.104688541534985,0.00188266978352499,0.0159356627779492,0.00162814639502575,0.00179416613140366,0.000122188582871901,0.000809587647259481,0.00573871869674263,0.000497656599936083,0.573894622947258,0.122112789144178,0.000384974099041144,0.011327705016261,7.7738598655802e-05,0,0.364349999986775,6.04014237258844,0.137789345527867,0.0010417181873115,0.0351470158744824,0.107013525721536,1.04418543697554,0.104996398933726,4.18433553729916,0.000636182342234119,0.00140764221604608,0.732781481818344,0.57897283180038,0.0121737165431014,0.124844462319788,0.0342429888549435,0.207966088505814,0.0528204008809635,0.000206074350397191,0.000431442952678941,0.000748514318839575,0.0375437086754709,0.019499473956468,0.0155458755086357,0.007647062603242,0,0.0012322199728349,0.00011430699292272,0.00186143060480534,0.00222604069698321,0.00361456085060759,6.06552821629989e-05,0.000245936462739025,0.00048775685254776,0.00169601069546665,0.000698555831481214,0.0217271009445858,0.00013191445544369,0.000434440790001646,0.000215563675220846,0.000179313681904991,0.00172418261890358,0.00168410798187841,0.0261516519033022,0.00132514978544687,0,0.000141293686758675,0.000261670722553633,0.0214204890697376,0.0968012090105023,0.0224892422299161,0.0139139572582984,0.000275857959756323,0.000658010266321438,0.00524325901274595,0.0191843548599312,0.015306051047298,0.0178617430091488,0,0.000425858901583953,0.00690922839822521,0.0260764663649812,0.00399355222122639
0.0168606737005753,1.31083689016092,0.121972852881399,0,0,4.90220606079641e-05,0.0128286590809977,0.000970176937825657,2.9537445218331,0.00148537885044853,0.0227087475795759,0.00110013597867531,0.0511040622954478,0.0041452857500951,0.000257335834925113,5.25864757732276,0.0463756709495032,0.0287166325697034,0.0258880099365158,0.00120156041869385,0.364349999986775,0,0.519258793319557,2.32249845269029,0.365142794644382,0.0389730556266545,0.893455435614048,0.194433370236747,0.0190961802487708,0.187437150401163,0.0754234297288091,0.000901035124395734,0.0881461630940848,0.0752997458394091,0.0229825055065133,0.516611480665238,0.554882173000724,0.293325126774952,0.213349646642665,0.00790306237326743,0.0030075065962332,0.00397505841969395,0.066267768317483,0.107024635789609,0.024093504353379,0.0246779188006476,0.00058357935154529,0,0.000427851190234634,0.000210452823078159,0.161184424223489,0.0140540127351749,0.000574436359211932,0,0.000305923883709759,0.00281996075596339,0.000466156368893388,0.213006579522398,0.00026444722036826,0.00256765254297406,0.000122145792415316,0.000747013525686483,0.00214688131745876,0.0115806299320549,0.165166627918738,0.00172912848543034,0.00139226363878333,0.00129880536698623,0,0.0191951870578651,1.32431285928907,0.0732925493811083,0.0228813371425279,0.00964744607950574,0.00416765363182678,0.0311621259288796,0.0193398730910721,0.0111241410921048,0.0202900118205409,0.00116884771489795,0.000227787180986858,0.00671046949320171,0.0208247016430893,0.0115344262026023
0.0894305755580879,0.00990211636691246,4.69565963606441,0.000175284562401163,0,0.00232345180471642,0.167805297660162,0.00365284010196974,0.010510789680481,0.00361527947244486,0.00778079143791226,0.00240507633090769,0.00400510510614628,0.01290384008203,0.000644817356991442,2.48031273744023,2.25079871933223,0.00381895865925128,0.0651298936639553,0.000460360935794751,6.04014237258844,0.519258793319557,0,0.0955440340405124,0.00256166301657529,0.173157969270327,1.36715987059461,0.353593816212532,0.507078806987986,0.839800025744362,0.0010644521291499,0.00206787522515463,0.12561496583782,0.600270220142954,0.0626327701372439,0.400350493191543,0.465123593517996,0.849388239897724,0.277782116467796,0.000748910505121233,0.000620754654654295,0.00206029047130016,0.0589907913603646,0.0547467100301492,0.0231842291435039,0.0131477578267635,0.00012136172030091,0.000359118560108946,0,0.000614725330167611,0.0108500567347502,0.0206695232217182,8.50354627124055e-05,5.6292720127095e-05,4.11009963782573e-05,0.00238220792526705,0.000296963544986258,0.00842847982160923,0.000148709057730739,0.00127826594527507,0.000445929828503261,0.00017528097279975,0.0011482435550478,0.0086044927303616,0.0788642883983138,0.00286018975432627,0.000310323440057644,0.0014896010100323,0.000255262455145486,0.0185157874612285,0.202122912586761,0.0858841740776694,0.0134007232658371,0.00119268928876428,0.00250867492110506,0.0513090479537204,0.0129722522728673,0.00925457294646869,0.0139984208874714,0,3.85666868845265e-05,0.0037418913123485,0.0173417876755252,0.0240604848747269
0.0209596565782653,0.0126785290623665,0.0111055499644012,5.24869068212023,0.000237917023213339,0.0696123109757173,0.407742735319663,0.0383231785799159,3.82993182792419,0.154543159668907,0.000856797520385145,0.863016132819301,0.00164884228840958,0.035854607204168,0.00930588357140795,1.91775577345483,0.0115991463199728,0.000509205975041544,0.0024346947384921,0.855717354196525,0.137789345527867,2.32249845269029,0.0955440340405124,0,0.0034264839905012,0.00491588997404127,0.0952438549782462,5.05248970596423,0.0496478201414651,0.0784982444812059,0.000807166965259503,0.00475032420883176,0.0224660398194469,0.118841729767751,0.00267108736270081,0.0870957714810447,0.0203346214381364,0.0803212002084961,0.0339877063297841,0.121012324093976,0.00130196097850705,0.000247720196956767,0.0200003800644108,0.00513502705592887,0.0130695147334026,0.00970074116212537,0.00862458523087518,0.00186417883820868,4.53278866099837e-05,0.00211316751090702,0.00600415929209514,0.00471611615960916,1.40739284123211,0,0.00428083682711069,0.00792624546569394,0.00688981957661781,0.104692157139188,0.0347653924074306,0.000468041281252612,0.0323413005038142,0.000515677624988763,0.00832778188369879,0.00273308026635851,0.0155284815244403,0.00144072447773972,0,0.000728413482117218,0.0925705401830916,0.00475901921028098,0.0454078447570496,0.00815427024026558,1.32223786651903,0.000118217894082277,0.000856058370486927,0.00929494629893052,0.213725848369531,0.0179455858479097,0.00942447722975245,0,0.000831388587246823,0.00282459567959639,0.0166035522020508,0.00168618519151919
0.00228061448752953,2.28368256405016,0.00245906354045236,0,0.000662160174701755,0.000114882595556509,0.000514924554364613,9.40250560789967e-05,0.0599149013486372,0.000246052899352775,0.93964581314509,0,3.44989186119318,0.00044553138516156,0,0.00728699798453703,0.00325693864170326,0.246370735215451,0.198503776912622,0.000334474345834689,0.0010417181873115,0.365142794644382,0.00256166301657529,0.0034264839905012,0,0.337910446812739,0.903212446697057,0.000612380744120259,0.00497568141017358,0.0017652768358479,1.41066341691686,0.0118014380828366,0.00137684430524392,0.0582121774457176,0.00085918793270262,0.0503592557405079,0.260871969372278,0.238535773004902,0.138391894765709,0.00205745155371037,0.0219557084857699,0.358912650829085,0.00124059943940634,0.00799853262877192,0.00997969696845896,0.00421918648322353,0,0.000276072958832533,0.0774031216818825,0,0.387553084865891,0.00311649196339724,0,0,0,0.000299026683707131,0,0.000362788035541954,0,0.092346733054589,0,0.168797592917149,0,0.00279861036725782,0,0.00190516397848015,0.113292793791939,0.0652674401115253,0,0.000348492703443821,0.00465757156605539,0.000496249880469852,0,1.34234866757308,0.168551694448053,0.0385646276270381,0,0.000280079429200354,7.92482482891597e-05,0.0331425527795602,0,0,0.00998170563384241,0.000717481221078379
0.0235610450428684,0.0993077640988763,0.728765305995596,6.18373147453334e-05,0.000170725432434257,0.000730916156500931,0.0331474426553513,0.000828686988178677,0.0105627338694936,0.000682288742518041,1.47919504339582,1.26305989818385e-05,0.314502503907975,0.00376591049180627,0.000305016987702939,0.0105028489614235,1.02921951784151,0.600333523013886,1.67744840345845,0.000213410532472419,0.0351470158744824,0.0389730556266545,0.173157969270327,0.00491588997404127,0.337910446812739,0,2.07864831198179,0.0123803191936338,0.00752290899676551,0.0689479483022416,0.616450305389306,0.00195337559111389,0.00319633096038215,0.0503247670857302,0.00122874070447739,0.0340088873709582,0.170018145194617,0.124369449270648,0.0367983944131792,0.000549062004187412,0.00115620461375147,0.00346729851191265,0.00816174576844425,0.033137901046442,0.0160837169268092,0.00344854343728611,8.15885151152218e-05,0.000140591085787499,0.00191215692241228,0.000284473930463975,0.246144781574988,0.0482306524467845,0,0,3.00359566100393e-05,0.000797007805179668,0.000258592333943055,0.000600684018146311,2.12899469738473e-05,0.0384451050623197,0,0.0529089126762103,0.000639022157292578,0.00107955622246893,0.00324521769625908,0.0162541913445452,0.0410879622863765,0.0469760476059128,9.94717341078451e-05,0.00080437441403232,0.00234419710873549,0.00524869638707416,0.00145818675400923,0.404739920022147,0.23503923409931,0.120269456377429,0.000303055350477763,0.000783253875061993,0.00071003947497522,0.00161657602463705,3.68848543553879e-05,4.76703230655878e-05,0.018472943136807,0.00119141830723484
0.007455818851219,0.749188755788288,2.05982817332555,5.0575686440426e-05,0.000104187199083616,0.000420214553630682,0.0283585863207808,0.000585637558830802,0.0717290964030357,0.000772588312896362,0.166310848430941,0.000101000822368857,0.668151589329906,0.00131403737232817,0.000187662587954444,2.6165846715866,0.501518188758309,0.0978625955457989,0.396943848605981,0.000115243446485734,0.107013525721536,0.893455435614048,1.36715987059461,0.0952438549782462,0.903212446697057,2.07864831198179,0,0.124649535671749,0.00563299385699449,0.0305454330669874,0.658187904141348,0.00099863922998143,0.00332252500238887,0.146456152231102,0.0337771835555414,0.333580814531914,0.470013882651826,0.772188401559181,0.24828588913118,0.00189038588103702,0.000918398920830561,0.001049696747443,0.0500714554281018,0.101260894660239,0.0507036544489322,0.0228500811174754,0.000258199134910378,0.000420309828692633,0.000451016568784546,0.000902627280109469,0.679599524542571,0.225921281401387,3.33285349458556e-05,9.45585536325398e-05,0.00018501147159482,0.00427083450056275,0.00116035372018189,0.00280123897898559,0.000152362065366919,0.0301200736719973,9.2914024187288e-05,0.0296925456718759,0.00302626045184601,0.010199802684783,0.0537428845838026,0.0417029413904454,0.0255197831616458,0.0488110101894115,3.94051152839956e-05,0.00573735243908522,0.171344003447873,0.11977770374283,0.00570537774004002,0.33098303359303,0.228945247500696,0.652710035546519,0.00330721046871672,0.00226925099685051,0.00376087951622559,0.0134873213949473,4.51306175536753e-05,0.000323054863469107,0.0346041228241053,0.0306588011529773
0.0748250330826865,0.00477528322816221,0.0699664279743689,3.18046253743401,0.000504452682107413,0.00937349989736813,4.76941890265692,0.0250371803863099,0.729190730484062,1.82337238764962,0.000725590787597843,0.167856436380339,0.00142232977207992,0.0426150534795114,0.00489790141307134,0.48800340426885,0.0189551389382662,0,0.00440219969584789,1.11014454756723,1.04418543697554,0.194433370236747,0.353593816212532,5.05248970596423,0.000612380744120259,0.0123803191936338,0.124649535671749,0,0.0582593968265888,1.69785655138539,7.36684275045494e-05,0.00223911807227637,0.0406647070012338,0.0997189628993238,0.00569861096302505,0.103277509111203,0.0308997313185933,0.115756794628339,0.0439716164515519,0.0203495791952935,0.000750197171119699,0.000380357559935352,0.0314467139593729,0.0042210577450273,0.0176899875434743,0.0119048959328895,0.0133040290843111,0.002092976350016,7.79649994542449e-05,0.00177461635581269,0.00581265614166005,0.00410566488151549,0.0279595943666574,6.20051112397847e-05,0.00507554778983288,0.00654867194615838,0.00910464998130956,0.0913316210243245,0.0351928148731411,0.000673130257173323,0.0120936183374536,0,0.00880080589643254,0.00238797663271117,0.00798193464526625,0.00111394014159164,0.000180390632886218,0.000252924869166876,0.0320380798896318,0.00551080684584034,0.0316959595427871,0.0109553259020906,0.0959990508801036,0.000497828704860659,0.000649043880789031,0.00826720185942803,0.0293951774947457,0.0271364014554533,0.0109350183229617,0,0.000770101823326059,0.00647557355139717,0.0216680366951004,0.00341768509743373
