0,0.000253426351753997,0.159970218816802,0.0308628606633502,0,0.00163661736570322,2.12326595133201,0.13813232932558,0.00574901158874877,0.0790305310125532,0.000164674900445302,0.00187160663979488,0,3.1178929042529,0,0.00104268006047486,0.0255659596479295,0,0.000284115271381902,0.0733461996295856,0.014109078251207,0.000235046674658602,0.0904707888038124,0.037131905477313,6.8031445792018e-05,0.0176730208301288,0.00791932756633439,0.118178644395369,2.24655787129359,0.414650869669439,0,0.000121278192083884,0.045096718070736,0.0447928718646043,8.73812462022119e-05,0.0119462239879327,0.00526346193195855,0.0199256729580128,0.0145808285928745,0.00329287736156266,0,0,0.000176200411628289,0,0,0,0.000160003323300753,0,0,9.5712283226617e-05,0,0,0,0,0,0,0,0.00162960063706288,0,0,0,0,0.000138550089391471,0,0,0,0,0,0,0.000277553295393428,0,0.000123414578975018,0.00231235824075909,0,1.9908095591421e-05,0,0.000380410141640059,0.000108954208371171,0.000419558538483639,0,0,0.000606346512783032,0.000439721312849378,0.000103391818812693
0.000253426351753997,0,0.0021339998542357,0,0,0,0.000183521151235122,0,0.231729538371013,0.000105837147456284,0.00438109495765805,0,0.0398928681301488,0,0,0.110371447588853,0,0,0.00327421004916976,0,0.000149721787461908,0.779254037768201,0.000768173352901894,0.0694679132781652,1.89507920662527,0.0107493983824463,1.48922527327953,0.00225101183140231,0.000152035434482066,0.000252498478072068,0.00332315189402881,0,0.000253558904653444,0.00290271169473907,0.000114511204961781,0.00499714205207726,0.0301113249133166,0.0142438692907401,0.00511531711156474,0,0,0.000131872907229809,0.0043295591638753,0.0124794433955414,0.0163625250113571,0.0083559102727194,0,0,0.000299141633836094,0.00014655977957914,0.427264599203835,0.0108779060123001,0,0,0,0.000208820832322311,4.09112690323218e-05,0.004202498684434,0,0.00130554182600635,0,0.00785807667496484,4.12646992889679e-05,0,0.0329581996963816,0.0102879471377066,0.00157366146815565,0.0171771456466295,0,0.000421247625732209,0.168843740588251,0.00436145806360917,0.00273926288357017,0.30102641882844,0.0211961556592404,0.100643338348668,0.000494242579296864,6.46908621652707e-05,0,0.00207798712700722,0,0,0.00424658498881166,2.57584714579379e-05
0.159970218816802,0.0021339998542357,0,0.000132794141622113,0.000108570458001195,0.00100972917465425,0.269821056292968,0.00919275751297894,0.00159141051395488,0.00129930720329632,0.00267042543809658,0,0.000717263517109033,0.0335188979281534,0,0.0799305197318736,1.66059642738288,0.000590688446582269,0.0143058002633258,0.00014209391306248,0.113401820341187,0.00787691749325243,3.05629190357371,0.0329993639318813,0.00146856421942752,2.19310586981586,2.51520968949096,0.12086982609302,0.017696319307602,0.0887572790050132,0.000546405617624299,0,0.00418845432505936,0.0399727788623073,0.000584898297738796,0.051695462765537,0.171527523881818,0.139811520037621,0.0508307891007833,0.000642059369952774,0,5.0497748530054e-05,0.00044645816889651,3.32510120676767e-05,2.77004329611724e-05,0.000336949563973087,0,0,0,0.000123306615009422,4.50928263822335e-05,0,0,0,0,0.000213751176438015,0.000198381359181176,0.00112756406736244,3.0194543187633e-05,0,0,0,2.7173629251454e-05,0,0.000379047186700449,0,0,0,0,0.000159154449597443,0.000695293734406987,1.7390709670109e-05,0.00166672245610981,0,0.000262093345992302,0.000450887757652807,0.000877477013303099,0,9.75356101691194e-05,0,0,0,0,0.000278427960302503
0.0308628606633502,0,0.000132794141622113,0,0,0.00292875587510182,0.0124200179311989,0.00208203976465226,0.215195694929736,0.822673059125774,0,0.671827813850191,0,0.00576753247258558,0,0,0,0,0,8.31138166793682,0,0,0,7.64208498543081,0,0,0.000127165107621705,2.00803678417796,0.00826836121009484,5.69082387417014e-05,0,0,0.00482178210290333,0.00384094062005925,0,0.000118103781711135,0,0.000763336360763481,0,0.000768081561015965,0,0,0,0,0,0,0,0,0,0.000120169785026687,0,0,2.62331370264428,0,0.000345847144908016,0.000173081619962814,0.000223771582621892,0.000119731992372675,0.0156680477320544,0,0.00102960260867005,0,0.000235253539557999,0,0,0,0,0,0.0751649301963975,0,0,0,0.0721252792385209,0,0,0,0.0427363868435046,0.000207203123259284,0,0.000135405456707068,0,0,0,0
0,0,0.000108570458001195,0,0,0.512085758017521,0.000112388788550017,0.00216367952183335,0,0,0.00118994784597025,0,0,0,0,0,0,0.000699353716651207,0.000203995776004683,0,0,0,0,0,0.000107619560453541,0,3.44520705437056e-05,0,0.0420576490484637,0.00028238770538488,0,0.785597694713514,0,0.223596144823875,0.000676120705123366,0,0,0.0188280028556406,0,0.0555545796327397,1.54383297285308,0,0,0,0,0,0,0,0,0,0,0,0,0,0,0,0,0,0,0,0,0,0,0,0,0,0,0,0,0,0,0,0,0,0,0,0,0,0,0,0,0,0,0
0.00163661736570322,0,0.00100972917465425,0.00292875587510182,0.512085758017521,0,0.0225966520534601,1.40105083847682,0.00289234790262323,0.902271218948858,0,1.98127097416879,0,0.00145115434551592,0.46674985672106,0.000194688285437804,0,0,0,0.378050850470245,0.000110686701521707,0,0.000374025821866535,0.0105012596524058,0,2.43409863149035e-05,0.000322402143080025,0.014895858878794,0.01143244774064,0.000201071256483459,0,0.390070168307047,3.75528675877431e-05,0.031355349583324,0.935186038686268,0.00116785064804387,0.00109381690867161,0.0703011901342136,0.000917340084743166,0.898987288319782,0.316242623727437,0,0.000298863374892716,9.52382092881884e-05,0.000485982116907361,0.000302287066771288,0.000169204604828501,5.28443019376934e-05,0,0,0,0,0,0,0,8.81569424217672e-05,0,0.000107242737899836,4.11221759356432e-05,2.58892066048875e-05,0,0,2.92083132312948e-05,0.000395292449255426,0,0,0,0,0,1.9626178026935e-05,0,0,0.000404179194925496,0,8.34077941606615e-05,0,0.000474874600638234,0,0.000185580564159107,0,0,0,0,0.00792768946156579
2.12326595133201,0.000183521151235122,0.269821056292968,0.0124200179311989,0.000112388788550017,0.0225966520534601,0,0.143982180169163,0.0765031426162739,2.55460940046479,0.000906472600565737,0.000923117867185235,0.000120142699111438,1.04856976661261,0,0.00887772689639389,0.00983690104140636,0,0.00134087657351155,0.00947504782027765,0.0592190164111315,0.00181128041906939,0.171211736242481,0.120704271485684,0.000486141897120771,0.0369761779913967,0.0279940538511404,4.81160094255185,0.15512300854735,1.35724356947701,0,0.00026575328702053,0.0219989436537312,0.0446135552543934,0.00152325181793162,0.0882374935936557,0.0254939217064405,0.0702738468003083,0.0532244166882798,0.000256769451974881,0,0.000241056705188973,0.00100049627515352,0.000326355217280411,0.00128743614296982,0.000865042035961897,0.000175580496482102,0,4.95255737184216e-05,0.000410866698213682,0,0.000418554864078873,5.19953392685152e-05,0,7.30039519790149e-05,0.00117711698702678,0.00103483105259826,0.0138680701661109,0.00052219940783465,0,8.89046464878369e-05,0,0.000715680168449135,0,0.00132171597710409,6.55490490178651e-05,0,0,0.00024129386551447,0.000300361125014631,0.00104505798365649,0.000152414977500209,0.0146407590858557,0,0,0.00010845744695573,0.00908188666269743,0.00049585065650616,0.00177615743590666,0,0,0.000431623696525868,0.000758821538934554,0.000930506539069981
0.13813232932558,0,0.00919275751297894,0.00208203976465226,0.00216367952183335,1.40105083847682,0.143982180169163,0,0.00991631121908053,0.955011743906261,4.036049180248e-05,0.00352473201357812,0,1.32995815766237,0,5.78825768369649e-05,0.000380562536034046,0,4.39480623972838e-05,0.0270510676075254,0.000263627277741038,4.58836431289564e-05,0.00279819259240775,0.0100813810395166,0,0.00177404872166864,0.00125038085307465,0.0288725064046104,0.233213240934981,0.00152358753899643,0,0.00133373072550496,0.000606843447595873,0.00228278508017139,0.0591472954916712,0.00351244251415037,0.00130957456214806,0.00226080415556742,0.00178191348547594,0.000148055103351075,0,0,9.05101864531396e-05,8.78173651306761e-05,0,0.000191562026788487,0,0,0,0.000214516325018874,0,0,0,0,5.39409319012074e-05,0.000343893559571206,0,0.00154068705026132,4.86946326204987e-05,0,3.33663517007934e-05,0,0,0,0,0,0,0,0,0,0,0,0.00147396096953376,0,0,0,0.00137611969957103,0,0.000290483171332584,0,0,0,0,0
0.00574901158874877,0.231729538371013,0.00159141051395488,0.215195694929736,0,0.00289234790262323,0.0765031426162739,0.00991631121908053,0,0.00585834018391825,0.000689703013140285,3.14261269467742,0.00654872869274439,0.00220005208805306,0,0.0415370198240987,0.000321780918980363,8.09803123124758e-05,0.000858651207713672,0.250753328326598,0.0006752719899072,2.41298004933293,0.00257314698699144,4.95951827854079,0.100992683407116,0.00269754141088367,0.0820439614538632,0.119647016118082,0.00842491631149983,0.0071324891804181,0.000682013575268342,0,0.0152351674649135,0.0158164420136046,0.000131702611682308,0.110293320732886,0.0308324821300637,0.0169034298208977,0.0208209715446086,0.891346961330216,0.000307809607217957,0.00157145667453828,0.0112995375547385,0.00726696360042704,0.0112109883126769,0.0103196781560098,0.00101043589125257,0.000110676069069005,0.000352319312315573,0.00226408747881577,0.0753675047916019,0.00621207881967851,0,0,0,0.00361651427620952,0.00144373607651453,0.662204722938444,0.000649183315227739,0,0.000336833489646825,0.00100110268389248,0.0024925924878178,0,0.224147331887651,0.00423310971881876,0.000127550072223719,0.000707019769478045,0.000358651752916449,0.00664717361822092,0.37304713685711,0.0287584805647981,0.106705482686616,0.0351788988497116,0.00284587118289772,0.0307646424030479,0.0318025644570224,0.0045575587167561,0.0101150549214842,0,0,0.00134108653052408,0.00620106729421305,0.000259244560567351
0.0790305310125532,0.000105837147456284,0.00129930720329632,0.822673059125774,0,0.902271218948858,2.55460940046479,0.955011743906261,0.00585834018391825,0,0,0.532193429147781,0,0.0399399522302664,0,0.000260170735375503,0.000100421632503952,0,0,2.77256801838309,0.000256775518480604,8.96714249358907e-05,0.00118928854339395,0.18301241487159,2.45280005142341e-05,0.000233310878857143,0.000786786069761844,1.17471928361378,0.0517040166363563,0.000931316442138196,0,3.90995474082011e-05,0.00433895145980548,0.0255914382918741,0.21472582815425,0.00382132250882141,0.00221764683639422,0.0049504035083927,0.00175991113158908,0.00750163240236648,0.000197940556746931,0,0,0,3.83284053420106e-05,9.50495837290823e-05,0,0,0,3.93000709609237e-05,0,0,0.00262461790184031,0,4.26637586662783e-05,0.000157437761917255,3.00929922197922e-05,0.000720582503290836,2.19908158943598e-05,0,0.000475307688310075,0,0.000100658398550225,0,0,0,0,0,0.0151928955833379,1.60605616290898e-05,3.04757829286721e-05,0,0.00110527477959708,0,0,0,0.000595696652746173,4.78985958990226e-05,8.08222862201975e-05,0,0,3.08602388716687e-05,0.000156420750425696,0.000137345100064542
0.000164674900445302,0.00438109495765805,0.00267042543809658,0,0.00118994784597025,0,0.000906472600565737,4.036049180248e-05,0.000689703013140285,0,0,0,0.72755594750683,0.00408111614877867,0,0.000569687028830366,0.000760882823722059,0.768198948749912,1.56721050130016,0.000266681847780829,0.000234503814042389,0.000790635763757361,0.00138666942333667,0.000511915337912737,0.370303246659057,0.329259848729841,0.0855268422371418,0.00100999674146552,0.330795166295419,0.000323832991669819,0.276169703430213,0.0494234170845175,0.00122946709553936,0.806234263404577,0.000343397641008181,0.0207438390221292,0.581743850675788,0.759933495441698,0.0810957587836067,0,0.00229582673232989,0.0209956854127785,0.000259352518618389,0,0.000290945353291405,0.000170410926858085,0.00011933252224967,0,6.07301724566659e-05,0,0.000140685231099488,0,0,0,0,0,0,9.14355067251267e-05,0,0.0001815784189086,0,0.000472096029845203,0,0,8.78858106402149e-05,0,5.47952502606914e-05,3.84600127872317e-05,0,0,0.000123845980735569,0,9.39063927259901e-05,0.00229100292078705,0.000952227636946046,0.00499694772034049,0,0,1.87926586171197e-05,0.000838163169277211,0,0,0,0.000386233968628657
0.00187160663979488,0,0,0.671827813850191,0,1.98127097416879,0.000923117867185235,0.00352473201357812,3.14261269467742,0.532193429147781,0,0,0,0.00205678632425074,0.282092826800717,0,0,0,0,10.7824957727827,0,0,0.000268729104278224,1.65746159369686,0,0,1.37613297152618e-05,0.00106252303427588,0.00398894609848877,0,0,0,0.000100087633933593,0.00528874420451666,0.412788525349123,0.000469708775228075,0.000971468500097144,0.000976255421694382,0.000158874716790977,0.307010554692816,0.000565509611808752,0,0,0,0,0,9.91072486310764e-05,0,0,0,0,0,0.233734940038109,0,8.96161669044172e-05,0,0.00017217893394067,0,0.000315578187267636,6.77546123762601e-05,0.0253435363591948,0,4.24132268632476e-05,0,0,0,0,0,0.0787956003759396,0.000131396339595347,0,0,0.00204034785046384,0,0,0,0.000592501403083762,0,0,0,0,0,9.03709796897245e-05,0.0125199955167393
0,0.0398928681301488,0.000717263517109033,0,0,0,0.000120142699111438,0,0.00654872869274439,0,0.72755594750683,0,0,0,0,0.0021807384526302,0.000184402615859848,0.000339169129381171,0.00249057562873428,0,0.000347677450947925,0.00629614102229295,0.00116923571364243,0.00265669119719583,3.89195624960193,0.148444997708699,0.783630615457748,0.000625151727322307,0,0,2.08728109234696,0,0.000133395198619815,0.00382576859230408,0.000169972328971217,0.0296614405853514,0.275085818370357,0.0938957934912261,0.053446815507536,0,0.0140312736310243,0.327830605994601,0.000181551987096135,0.000594975174880358,0.000162432119140818,6.3957807788736e-05,0,0,0,0,0.00535237877627703,0.000532668166059784,0,0,0,0,0,0.00059675129123656,0,0,0,0.00263351631536181,0,0,0.00022879923921512,0.000548551710891027,0.00180298257941225,0.001952745957085,0,8.40952282728383e-05,0.0026692368017521,0.00014325438013149,4.90175696477736e-05,0.0103912409395477,0.00227916590225864,0.0101436518574961,0,0,0,0.000231068547128812,0,0,9.0452673786834e-05,5.48574883649927e-05
3.1178929042529,0,0.0335188979281534,0.00576753247258558,0,0.00145115434551592,1.04856976661261,1.32995815766237,0.00220005208805306,0.0399399522302664,0.00408111614877867,0.00205678632425074,0,0,0,0.000469312194697021,0.00201211696177855,0,0.000171146354979194,0.0361065258052106,0.00300668998935208,0.000217223954207625,0.014579246028954,0.0112402672492385,0.000291423224032477,0.00420457621542674,0.00221610209612442,0.0359780209554473,3.68960614229779,0.0487812765623357,0,0.0119073920752277,0.00795463827355524,0.046202675439882,0,0.00334013652529172,0.000789786677347078,0.0129457697606541,0.00352474597530502,0.0075185964576438,0.000125625212355254,0,4.15638953155991e-05,0,0.000228143369246934,0,0,0,0,0,0,0,0,0,0,7.35882608309435e-05,7.86660949398037e-05,0.000503029468549801,0,0,0,0,2.93288402638515e-05,0,0,0,0,0,0,0,3.5983714291081e-05,0,0.000143454853972319,0,0,0,0.000464771700609999,3.90587912081132e-05,0.000126510143848663,0,0,0,0,5.59832870433222e-05
0,0,0,0,0,0.46674985672106,0,0,0,0,0,0.282092826800717,0,0,0,0,0,0,0,0.00113984185824386,0,0,0.000358479311887719,0.00031726823122966,0,0.000104275354221409,0.00010972176775844,0.000198833854796243,0,0,0,0,0,0,0.297194708701862,0.0101256730138061,0.00209398585949588,0.00325030285929546,0.00333192411242764,0.512166694149775,0,0,0,0.000476137780453509,0,0.000184834949694311,0,0,0,0,0.000239145980271832,0,0,0,0,0,0,0,0,0,0,0,0,0.000167273610457108,0,0,0,0,0,0,0.00012673915128311,0,0,0,0,0,0,0,0,0,0,0,0,0.0100073463913649
0.00104268006047486,0.110371447588853,0.0799305197318736,0,0,0.000194688285437804,0.00887772689639389,5.78825768369649e-05,0.0415370198240987,0.000260170735375503,0.000569687028830366,0,0.0021807384526302,0.000469312194697021,0,0,0.0106070376158584,9.25015338545327e-05,0.00135411379175238,0,0.37785944283722,3.38223741267547,1.78725175754084,1.68090098604115,0.0103568869448556,0.0175480031479603,1.32680296115231,0.361293568364271,0.00118707193003481,0.00398146966439964,0.000250629545861095,0,0.000389069762335701,0.0315484682370402,0.00607903180146586,0.492517404293849,0.226008237816128,0.375881175994607,0.403463914325864,0.00266352055334861,0,0.00732941210167793,0.00929914753003253,0.00406985786805028,0.00371847695706242,0.00530848750622587,0,9.3332679076802e-05,0.000139219738689189,0.000463570683334191,0.0101654503730968,0.00102423522073933,0,0,0.000273474441776363,0.000165328964178021,0,0.00356086232915366,7.21550897737335e-05,0,0,0,5.46387005345953e-05,0.000675552309813685,0.180941573963745,0.000678635624721272,0,0,0,0.00168341139478856,0.026578423039204,0.00687318173571482,0.0103847836598095,0.00084671878234592,0.000348100128685109,0.0032281752297555,0.005176271972429,0,0.00110726354367584,0,0,0,0.000988939559274,0.00343183471406119
0.0255659596479295,0,1.66059642738288,0,0,0,0.00983690104140636,0.000380562536034046,0.000321780918980363,0.000100421632503952,0.000760882823722059,0,0.000184402615859848,0.00201211696177855,0,0.0106070376158584,0,0.000104316972576641,0.493848578321693,0,0.00604931587913364,0.00272726480995651,1.78489467359014,0.00403569641210085,6.29096727595914e-05,1.35174563770288,0.117105450246338,0.00627344774474733,0.105528291819902,0.00426456870960723,0,0.000447642807224105,0.00136639171912644,0.237137250065925,0.000122468515784155,0.00751796332900888,0.0136237466576387,0.0315896459181516,0.00811274855329996,0.000187051542578678,0,0,3.38523353267408e-05,0,0,0,0,0,0,0,0,0,0,0,0,0,0,4.96487181039073e-05,0,0,0,0,0,0,0,0,0,0,0,7.17464280824151e-05,0.00046809141599057,0,6.67079032898486e-05,0,0,0,8.27215299402792e-05,0,0,0,0,0,6.41076459986789e-05,0
0,0,0.000590688446582269,0,0.000699353716651207,0,0,0,8.09803123124758e-05,0,0.768198948749912,0,0.000339169129381171,0,0,9.25015338545327e-05,0.000104316972576641,0,0.844986647597299,0,0,0,0,0,0.00460527610384919,0.266961823379048,0.00400959836611686,0,0.00526255635275705,0,0.000928509462086016,0,0,0.00892747444110059,0,0.000428907754364135,0.0110961564171083,0.0195145669652011,0.00452517156920134,0,0.000190591058931096,0,5.00662082746663e-05,0,0,0,0,0,0,0,0,0,0,0,0,0,0,0,0,0,0,0,0,0,0,0,0,0,0,0,0,0,0,0.000667738474238733,0,0.00023557152297039,0,0,0,0,0,0,0,0
0.000284115271381902,0.00327421004916976,0.0143058002633258,0,0.000203995776004683,0,0.00134087657351155,4.39480623972838e-05,0.000858651207713672,0,1.56721050130016,0,0.00249057562873428,0.000171146354979194,0,0.00135411379175238,0.493848578321693,0.844986647597299,0,0,7.094063675948e-05,0.000879608277419211,0.00181893953353105,0.000628268083855104,0.0453369478134237,3.85078437749877,0.0606554788080781,0.000531599614630434,0.00227587885237827,0.000491998120326912,0.0017591367278664,0.000359201106815941,0.000447318622240255,0.675273149334749,9.14701149907961e-05,0.00529121781390726,0.174572357647753,0.526806125283285,0.082657131464268,0,0.000817792769568839,0,5.80693168243272e-05,0,0.00069937809827708,0,7.82740537907459e-05,0,0,0,0.00161564984855078,5.87792506324459e-05,0,0,0,0,0,0.00055039907767751,0,0,0,0.000730214476888747,0,0,0.000140539226201206,0,8.17629420304077e-05,0.000199568071379897,0,3.16385154969338e-05,5.99679623362786e-05,0,0,0.00460078407158837,0.00110426425052984,0.00499713992258569,0,5.70153368799776e-05,0,0,0,0,0,6.26624175936574e-05
0.0733461996295856,0,0.00014209391306248,8.31138166793682,0,0.378050850470245,0.00947504782027765,0.0270510676075254,0.250753328326598,2.77256801838309,0.000266681847780829,10.7824957727827,0,0.0361065258052106,0.00113984185824386,0,0,0,0,0,0,0,0,1.7711804570046,0,0,0,0.170412258492114,0.0382046651908774,0,0,0,0.00279204312562748,0.0380747478240644,0,9.114161387061e-05,9.76502090779116e-05,0.0106594495366725,0,0.0332365587880755,0.00145277767122551,0,0,0,0,0,0,0,0,8.46941208022508e-05,0,0,0.0255348049928383,0,0,3.24809306041559e-05,8.27988974231864e-05,0,0,0,0,0,0,0,0,0,0,0,0.00118340481396417,0,0,0,0.0038188864913139,0,0,0,0.000131990986886859,0.000160964644131617,0,0,0,0,0.000206181804745777,0
0.014109078251207,0.000149721787461908,0.113401820341187,0,0,0.000110686701521707,0.0592190164111315,0.000263627277741038,0.0006752719899072,0.000256775518480604,0.000234503814042389,0,0.000347677450947925,0.00300668998935208,0,0.37785944283722,0.00604931587913364,0,7.094063675948e-05,0,0,0.0020491112204282,5.64262516055997,0.0251850486785203,0.000390760487660098,0.00489497720107601,0.0421786618360675,0.941090986064047,0.520840310623353,3.92657811188425,0,6.43711801810742e-05,1.30090159735472,0.0992188147702628,0.00351640081512831,0.199601669372023,0.0357890608663886,0.10994751215859,0.119049357794365,0.000124111274279054,0,0.000832166578654814,0.00172838501769906,0.00084782667908676,0.000415496771998793,0.00100909094223974,0,0,0.000398633735726843,0,0,0,0,0,0,0,0,0.000134824879908701,0,0,0,0,0,0,0.000606454668618294,0,0,0,0,9.90258656478563e-05,0.000138484999395216,0,0.00104570454745739,0,0,1.58174573750291e-05,0.000725038771520296,0,0.000345152043702648,0,0,0,0,0.00180375860809485
0.000235046674658602,0.779254037768201,0.00787691749325243,0,0,0,0.00181128041906939,4.58836431289564e-05,2.41298004933293,8.96714249358907e-05,0.000790635763757361,0,0.00629614102229295,0.000217223954207625,0,3.38223741267547,0.00272726480995651,0,0.000879608277419211,0,0.0020491112204282,0,0.00964664499454268,2.08631760248431,0.137195356925988,0.0073239546613934,1.17218545392108,0.0399945879227868,0.000595841959928811,0.00110098492804833,0.00102118664871464,0,0.00121847535629253,0.00385000784211632,0.000225864715960731,0.0212003041202388,0.0196779993652603,0.0190036807571407,0.011666933351628,0.000211173565737008,0,0.000150400825577423,0.0119269309978508,0.0065435005996922,0.012763225168507,0.00888296024472554,0.000558999209302857,0,0,0.000946696651713319,0.280898592391112,0.0136905039552034,0,0,0,0.00107181613649738,0.000298570420931718,0.0861587296286927,7.50851546804246e-05,4.58356296344784e-05,0,0.00124701664436165,0.000567935338781393,0,0.211625798455112,0.00574678730699338,0.000418359799622313,0.00314982369232066,0,0.0142289958386818,0.70628144320369,0.0212696697833425,0.112737216173524,0.0723602554938658,0.00310697608278822,0.0392755574980457,0.037930839783514,0.000331957972836031,0.00793796253248352,0,0,0.000613867058259665,0.00435750463372058,0.000153621671433191
0.0904707888038124,0.000768173352901894,3.05629190357371,0,0,0.000374025821866535,0.171211736242481,0.00279819259240775,0.00257314698699144,0.00118928854339395,0.00138666942333667,0.000268729104278224,0.00116923571364243,0.014579246028954,0.000358479311887719,1.78725175754084,1.78489467359014,0,0.00181893953353105,0,5.64262516055997,0.00964664499454268,0,0.0701386996337176,0.000630302055637851,0.105377588670492,1.40206611619818,0.373148585169591,0.77622076547811,0.319915001752583,7.22100314400551e-05,0.000109952165423434,0.185303837088415,0.0689934945587325,0.0142190233678825,0.49776292862984,0.269982997017498,0.484952101900942,0.34822947281555,0.00356451035755817,0.000293046502868205,0.00304459086731055,0.00736431792909867,0.00262621376206535,0.000675146614083638,0.00247783582015885,0,0.00046368636673344,3.96416323559406e-05,0.000219481881698859,0.000152779036744542,0,0,0.000282472860846927,0,6.67505997411369e-05,0,0.000421022105583992,0,0,0,0,0.000101165579801914,0,0.00481537006200783,0,0,0,0,0.00023460899793124,0.000541042329695273,0.000418479719789882,0.00160194628569574,0,3.92486239290922e-05,0.000217470797408319,0.001139682209299,8.89961686794992e-05,0.000609050544323672,0,0,0,7.45128749026601e-05,0.00745559583134543
0.037131905477313,0.0694679132781652,0.0329993639318813,7.64208498543081,0,0.0105012596524058,0.120704271485684,0.0100813810395166,4.95951827854079,0.18301241487159,0.000511915337912737,1.65746159369686,0.00265669119719583,0.0112402672492385,0.00031726823122966,1.68090098604115,0.00403569641210085,0,0.000628268083855104,1.7711804570046,0.0251850486785203,2.08631760248431,0.0701386996337176,0,0.0256690702127218,0.00998325589927163,0.221798817812782,2.64888969188082,0.0462365979723682,0.0394714685694653,0.000440709468305584,0.000581814700032312,0.0318487364783703,0.0609074063065068,0.00234067322203143,0.209685717037451,0.0772305617125989,0.0805645423640526,0.0819547961297847,0.00900421856153098,0.000164510496739697,0.00108763542457572,0.02494211882124,0.00279961429329732,0.0162816753127577,0.0137006299293924,0.000893618790822646,0.000287330893222772,0.000153511902846355,0.0103392512017919,0.0140671915414175,0.00374690753610861,0.00058603088889932,0,0.00119529089283518,0.0200878868527374,0.00960077258976362,0.294752298173635,0.00270341354441041,5.26935543320216e-05,0.000503497323565079,0.000403640347134364,0.0105304731252185,0,0.0660013770008407,0.000975524455067759,0,0.000320749331849763,0.000847080697027621,0.0157867229853911,0.0972217264428346,0.00906813183946834,0.35475308138153,0.00474691791549242,0.00084013978355729,0.00895902763279695,0.144253773660302,0.0136148300236741,0.0554213660548548,0,0.000193707046482163,0.00452553412507359,0.0161745857073834,0.00125293949843796
6.8031445792018e-05,1.89507920662527,0.00146856421942752,0,0.000107619560453541,0,0.000486141897120771,0,0.100992683407116,2.45280005142341e-05,0.370303246659057,0,3.89195624960193,0.000291423224032477,0,0.0103568869448556,6.29096727595914e-05,0.00460527610384919,0.0453369478134237,0,0.000390760487660098,0.137195356925988,0.000630302055637851,0.0256690702127218,0,0.279287994443002,1.26737342563888,0.000952226282872873,0.000202611306440821,0.000566045651643999,0.155775559542464,0,0,0.0106626868758613,9.72505317697719e-05,0.050707191811023,1.0867307413352,0.145271944580503,0.099569043435314,0,0,0.795192215889297,0.00395829249754239,0.0202437536688367,0.0108798423034899,0.00985193876557432,0.000252098627778828,0.000395289765795651,0.0223476350926035,0,0.330126504340985,0.00836164228381655,0,0,0,0.000347833560952436,3.60766692241233e-05,0.0074995545143052,0,0.00479208751312441,0,0.0908373663165007,0.000308297834825344,0,0.0162887044763348,0.00729671131824131,0.00618084788375561,0.0186466112825155,0,0.000755333680792232,0.0966859561329799,0.00449363333332431,0.00317444215505555,0.785037704719956,0.0472383237072539,0.228589693443584,0.000268147750614324,2.78452918415963e-05,0.000555217429278131,0.0166423285209439,0,0,0.00319901881842308,0.000141718808024808
0.0176730208301288,0.0107493983824463,2.19310586981586,0,0,2.43409863149035e-05,0.0369761779913967,0.00177404872166864,0.00269754141088367,0.000233310878857143,0.329259848729841,0,0.148444997708699,0.00420457621542674,0.000104275354221409,0.0175480031479603,1.35174563770288,0.266961823379048,3.85078437749877,0,0.00489497720107601,0.0073239546613934,0.105377588670492,0.00998325589927163,0.279287994443002,0,1.71246247193125,0.0148289275588083,0.00381377132547167,0.00499642935088142,0.322288541851065,0.000361243242117333,0.000298282759586786,0.0715735725382124,0.0009878051700824,0.046693487871089,0.381994356258936,0.262272326866216,0.0644641377895557,0.000239879039694347,0,0.00118130150304843,0.000554197391645669,0.00147112679537816,0.00172454681304096,0.000141316758543724,0,0,7.4809863315848e-05,0,0.00303271645670174,0.000141813858700655,0,0,0,0,0,0.000388627642930627,0,0.000850749488299975,0,0.00729684577816132,0,0.000137651102902344,0.000241646269615533,1.90988222726608e-05,0.000712041248364904,0.00156897812357168,0,4.83601061384239e-05,0.00167398243824438,0.000156478239900633,0.00040963274028389,0.0182567160691608,0.0101842757789072,0.0405720803316718,0.000134294589153666,0,0,0.000561781183045327,0,0,0.00025042182497018,0.000626674993022905
0.00791932756633439,1.48922527327953,2.51520968949096,0.000127165107621705,3.44520705437056e-05,0.000322402143080025,0.0279940538511404,0.00125038085307465,0.0820439614538632,0.000786786069761844,0.0855268422371418,1.37613297152618e-05,0.783630615457748,0.00221610209612442,0.00010972176775844,1.32680296115231,0.117105450246338,0.00400959836611686,0.0606554788080781,0,0.0421786618360675,1.17218545392108,1.40206611619818,0.221798817812782,1.26737342563888,1.71246247193125,0,0.132850777783153,0.00325589972579163,0.00598178780774257,0.38442378749498,0.000215289500000241,0.000850474605751252,0.111534989136923,0.00590665637587286,0.19787158700715,0.474817528518323,0.483718985723558,0.17843586584698,0.0033417113031061,0.000179134464122245,0.00218641741607956,0.00540066886724747,0.00373064205445147,0.00341103664063659,0.00204691610407677,0.000179494271450369,4.29819347598313e-05,0.000221571733126385,6.6300718431394e-05,0.0784401147378475,0.00522580496420701,0,0,0,0.000102981949701056,6.85277605635866e-05,0.00275044804461663,4.10620129973327e-05,0.00127755061007792,0,0.00684456248515178,7.00293902729634e-05,0.000104316032605547,0.0160335121194236,0.00182459670995106,0.00182063740216052,0.00571694171552389,0,0.000779274811950922,0.0587103893270875,0.0060296832070129,0.0032326128404662,0.058841561013448,0.0216338862657987,0.0952065977819836,0.000941124520693638,4.43825544784522e-05,0.000237438515303777,0.0015462034362877,0,1.81425754862408e-05,0.00151334703989258,0.00373567086750539
0.118178644395369,0.00225101183140231,0.12086982609302,2.00803678417796,0,0.014895858878794,4.81160094255185,0.0288725064046104,0.119647016118082,1.17471928361378,0.00100999674146552,0.00106252303427588,0.000625151727322307,0.0359780209554473,0.000198833854796243,0.361293568364271,0.00627344774474733,0,0.000531599614630434,0.170412258492114,0.941090986064047,0.0399945879227868,0.373148585169591,2.64888969188082,0.000952226282872873,0.0148289275588083,0.132850777783153,0,0.10239297083474,1.0989843783415,0,0.000407177013319425,0.0527638455206717,0.130483531946141,0.00384561742717491,0.327847526821955,0.080201774608143,0.144229089414477,0.139497833364242,0.00103260060728486,0.000421132251651392,0.0011248650789805,0.00503152374605128,0.000367547700001172,0.00414037551434109,0.00356896021271316,0.000443179849755766,0.0002144739365606,0.000161472571594806,0.00209085253404418,0.000242498739867318,0.000506095566491025,3.69408070404137e-05,0.000245455343810154,0.000650791272669825,0.00685822955741478,0.00299792301991172,0.0546661210335578,0.00125976259794317,0.000160817524076952,0.000292968610054178,0,0.00379504174862499,0.000118351925677305,0.00348823964078861,4.58671392747009e-05,0,0,0.000375875188245765,0.00260165639479198,0.004185670600654,0.000698066050425498,0.0826132521115006,2.73581127129795e-05,0.000110805598072427,0.000546114630557663,0.0418274583048795,0.00357938865322279,0.0125272116541207,0,0.000120949799857962,0.00081721272309106,0.00413378067865154,0.00161708199270469
2.24655787129359,0.000152035434482066,0.017696319307602,0.00826836121009484,0.0420576490484637,0.01143244774064,0.15512300854735,0.233213240934981,0.00842491631149983,0.0517040166363563,0.330795166295419,0.00398894609848877,0,3.68960614229779,0,0.00118707193003481,0.105528291819902,0.00526255635275705,0.00227587885237827,0.0382046651908774,0.520840310623353,0.000595841959928811,0.77622076547811,0.0462365979723682,0.000202611306440821,0.00381377132547167,0.00325589972579163,0.10239297083474,0,2.04946590646086,0,1.18504401517504,1.60368047541864,2.17633672749529,2.08418951831295e-05,0.0120823295144603,0.00298260992474776,0.219031972399045,0.0152298808642643,0.00919068360488346,0.153566374172376,8.23076533591465e-05,0.000414331822480542,0,0.000110777224767947,0.00017582050425566,0,0,0,9.59620694862377e-05,2.95557044312036e-05,0,0,0,8.34247508806592e-05,0.000315680898074809,0.000183163172325954,0.0020896591690688,2.44356958818102e-05,0,0,0,8.3737777153142e-05,0,0.000212625916822692,0,0,0,0,1.98560047225592e-05,8.5484322436783e-05,0,0.00287120510248863,0,2.77500201511767e-05,8.13063087311792e-05,0.00281546069948711,0.000157134042100943,0.00072620168367309,0,0,0.000145374776832155,0.000253275877016191,2.63532239095535e-05
0.414650869669439,0.000252498478072068,0.0887572790050132,5.69082387417014e-05,0.00028238770538488,0.000201071256483459,1.35724356947701,0.00152358753899643,0.0071324891804181,0.000931316442138196,0.000323832991669819,0,0,0.0487812765623357,0,0.00398146966439964,0.00426456870960723,0,0.000491998120326912,0,3.92657811188425,0.00110098492804833,0.319915001752583,0.0394714685694653,0.000566045651643999,0.00499642935088142,0.00598178780774257,1.0989843783415,2.04946590646086,0,0,0.000670269114497274,0.484619728565558,0.467899298871219,0.000299044576942446,0.0500271362330514,0.00539403237532856,0.0729885585554832,0.0500551757660579,0,7.01356112895123e-05,0.000153433013544031,0.000515532169732495,0,0.000482622934955627,0.000202150758958871,0,0,4.92873760780249e-05,0.000207079611819036,4.84450522286912e-05,2.37184982931592e-05,0,0,3.35759668171941e-05,0.000920737478375542,0.000277092071835625,0.00440873863904527,0.0002078746652876,0,0.000109132257207895,0,0.000376400197318725,0,0.000177926033665086,4.22333600069292e-05,0,0,0,0.000114693172684533,0.000299868433290144,0.000392019357271746,0.0108146442640712,0,0,0,0.0049874371413556,0.000117794706443614,0.00194162920042677,0,0,0,0.000384009594749379,0.000211873166339899
0,0.00332315189402881,0.000546405617624299,0,0,0,0,0,0.000682013575268342,0,0.276169703430213,0,2.08728109234696,0,0,0.000250629545861095,0,0.000928509462086016,0.0017591367278664,0,0,0.00102118664871464,7.22100314400551e-05,0.000440709468305584,0.155775559542464,0.322288541851065,0.38442378749498,0,0,0,0,0,0,0.00138205486825386,2.98238772716078e-05,0.00302062540773067,0.0756038552905592,0.0241960123752269,0.00749468121910424,0,0,0.0015505285688183,9.13566095073204e-05,0,0,0,0,0,0,0,0.00101944067958028,4.86252660498437e-05,0,0,0,0,0,0.000534409965170762,0,0,0,6.2137330253766e-05,0,0,0,0,0.000192068417096181,0.000583975140020298,0,0,0.000575219850671844,0,0,0.00240211154789013,0.000637875472146041,0.00235552795125695,0,0,0,0,0,0,0,3.64866620304292e-05
0.000121278192083884,0,0,0,0.785597694713514,0.390070168307047,0.00026575328702053,0.00133373072550496,0,3.90995474082011e-05,0.0494234170845175,0,0,0.0119073920752277,0,0,0.000447642807224105,0,0.000359201106815941,0,6.43711801810742e-05,0,0.000109952165423434,0.000581814700032312,0,0.000361243242117333,0.000215289500000241,0.000407177013319425,1.18504401517504,0.000670269114497274,0,0,0.00321573399642931,1.39871633809764,0,0.000600942784738023,0.00166152764857756,0.133150974752438,0.00231261662966099,0.0681105112408364,1.98982347006403,0,0,0,0.000132829502086086,0,0,0,0,0,0,0,0,0,0,0,0,0,0,0,0,0,0,0,0,0,0,0,0,0,0,0,0,0,0,0,0,0,0.000188078684994564,0,0,0,0,0
0.045096718070736,0.000253558904653444,0.00418845432505936,0.00482178210290333,0,3.75528675877431e-05,0.0219989436537312,0.000606843447595873,0.0152351674649135,0.00433895145980548,0.00122946709553936,0.000100087633933593,0.000133395198619815,0.00795463827355524,0,0.000389069762335701,0.00136639171912644,0,0.000447318622240255,0.00279204312562748,1.30090159735472,0.00121847535629253,0.185303837088415,0.0318487364783703,0,0.000298282759586786,0.000850474605751252,0.0527638455206717,1.60368047541864,0.484619728565558,0,0.00321573399642931,0,1.22164101181278,0,0.00585757096568595,0.00390383421207163,0.101319040615128,0.0384323268410808,0,0.00362648338765978,0,0,0,0,0.000487844633457069,0,0,0,0,0,0.000108977338832453,0,0,0,0.000153270114982874,0.000225941398517542,0.00349393320169562,3.17774781134338e-05,0,5.95803701348221e-05,0,5.22723873300416e-05,0,0.0002019701834024,0,0,0,0,0.000166750200738172,0.00121231295561892,8.04724489766916e-05,0.00178315093538744,0,0,0,0.00147955936618122,0.000152936077596972,0.000129338857647317,0,0,0,0,0
0.0447928718646043,0.00290271169473907,0.0399727788623073,0.00384094062005925,0.223596144823875,0.031355349583324,0.0446135552543934,0.00228278508017139,0.0158164420136046,0.0255914382918741,0.806234263404577,0.00528874420451666,0.00382576859230408,0.046202675439882,0,0.0315484682370402,0.237137250065925,0.00892747444110059,0.675273149334749,0.0380747478240644,0.0992188147702628,0.00385000784211632,0.0689934945587325,0.0609074063065068,0.0106626868758613,0.0715735725382124,0.111534989136923,0.130483531946141,2.17633672749529,0.467899298871219,0.00138205486825386,1.39871633809764,1.22164101181278,0,0.00105568188864357,0.136301174235488,0.201622940146148,5.54849728469757,0.456709774536324,0.0506488705882237,1.13710266481334,0.00250665074537461,0.000770123932913359,0.00034760416129147,0.00052806232400512,0.000672402581668656,0,0,0,4.82899710336246e-05,0.000613591069367365,0,0,0,0,0.00105092546167599,2.60142794955143e-05,0.00621320525471018,0,0,0,6.47458600198836e-05,5.43202818290708e-05,0,0.000952972365437661,0,0,0.00020749017785586,0,0.000250979958383726,0.000791316678096788,0.000359173364959734,0.013059037544787,0.000912872501858113,0.000397423293159379,0.00334377733204501,0.00443125730774236,0.000155146214996379,0.0011345030576735,0,0,4.579353584978e-05,0.00032266006024598,0.000919793226864705
8.73812462022119e-05,0.000114511204961781,0.000584898297738796,0,0.000676120705123366,0.935186038686268,0.00152325181793162,0.0591472954916712,0.000131702611682308,0.21472582815425,0.000343397641008181,0.412788525349123,0.000169972328971217,0,0.297194708701862,0.00607903180146586,0.000122468515784155,0,9.14701149907961e-05,0,0.00351640081512831,0.000225864715960731,0.0142190233678825,0.00234067322203143,9.72505317697719e-05,0.0009878051700824,0.00590665637587286,0.00384561742717491,2.08418951831295e-05,0.000299044576942446,2.98238772716078e-05,0,0,0.00105568188864357,0,0.0574697156570013,0.0378101515608759,0.0276594132832029,0.0246546661988159,0.010553411956527,0,0.000200490827420839,0.0124435873969876,0.0192895734608011,0.0134072699405616,0.0104537612998364,0.0061759401724753,0.00111991003733511,0.00104728245595632,0,0.00018323545548254,0.00030170853487695,0,0.00255798189327931,0.00113256152052889,0.000249489553636757,0.000135515227964166,1.56870479788889e-05,2.9301058415403e-05,0.000149805967604678,0.00162848258821374,3.45135550850976e-05,2.47541790966495e-05,0.00859115180371874,9.82282827157353e-05,0,8.11252439851982e-05,5.11174483152676e-05,0,0.00109256341762542,0.000420813811739627,0.00366591343175591,0.000381161854092753,7.3231698237924e-06,0.000381880095426937,0.00163060375723087,0.000711616608336685,5.99812824931966e-05,0.000353877129709239,1.1287052871192e-05,0,6.1890023191816e-05,0.000796844916316169,1.5713454409749
0.0119462239879327,0.00499714205207726,0.051695462765537,0.000118103781711135,0,0.00116785064804387,0.0882374935936557,0.00351244251415037,0.110293320732886,0.00382132250882141,0.0207438390221292,0.000469708775228075,0.0296614405853514,0.00334013652529172,0.0101256730138061,0.492517404293849,0.00751796332900888,0.000428907754364135,0.00529121781390726,9.114161387061e-05,0.199601669372023,0.0212003041202388,0.49776292862984,0.209685717037451,0.050707191811023,0.046693487871089,0.19787158700715,0.327847526821955,0.0120823295144603,0.0500271362330514,0.00302062540773067,0.000600942784738023,0.00585757096568595,0.136301174235488,0.0574697156570013,0,3.82015828611984,1.26410124556022,1.14037407037448,1.05101756806866,0.000302541240683836,0.105570967091603,0.0673841483911048,0.0460872532920518,0.0182666276398904,0.0179020329318109,0.00225703037257053,0.00127086160591106,0.00281939189195987,0.000803655215959307,0.0011347329709385,0.0011417574987608,0,0,0,0.00177486914759321,0.000608276827018374,0.0192371717528184,1.80228823841247e-05,0.00017695544350861,0,0.000276826815140492,0.000660839856702844,0.00114446729207084,0.00502211065530001,3.86360226141934e-05,4.45261309347537e-05,0.000201004964587755,5.07273396590769e-05,0.00430262131085424,0.00663442075393357,0.00654695891138932,0.0374638283313576,0.00161058011296897,0.00109933054762549,0.00420013711243793,0.0234304279214397,0.00157895675712131,0.00467458679892873,0.000109809049645178,0,0.00108794428509678,0.00187275629600727,0.0232911836016054
