0,0.000151551132774676,0.0385380091119176,0.00161067332650176,0.000915536986286311,0.0125827717287882,0.477851505283059,0.894909098878579,0.149555535147692,0.00854586310837533,0.00250445473312018,0.00388481610584222,0.000576236737178679,2.72490068938118,0,0.0120350214788159,0.093217081483106,0.000815054190845821,0.0171347159068244,0.00486033227146334,0.0351358224836837,0.0293133282019398,0.0788727776442225,0.0840337247344149,0.000627616980294717,0.00579694148745064,0.00876063139238181,0.123269412592698,1.69301474769897,0.829973408961978,0,0.00268414412054896,0.286135134814813,0.264436518821573,0.000303280135529292,0.0308394253108916,0.0133562459773475,0.0718074320529298,0.0216944487193967,0.0265715805972585,0.00188671152231726,0.000729689230255817,0.00490221808832715,0.000959664393711004,0.0121711250680869,0.00866143135450241,0.00157049153759004,0,0,0.0123534387279648,0,0.00222700500000529,0,0,0.000445829048090918,0.00553253459949222,0.00249408457739107,0.0347879953938497,0.00105131722322854,0.000284510655090336,0.000102027175896592,8.81959997027591e-05,0.00474892003219028,0,0.0501237452984347,0.000777841020000638,0,0.000376953930168997,0,0.00244802210158278,0.0111466442012527,0.00375903888098897,0.0412054881308556,0.000174093351884739,0.000258784826224156,0.00239969538604475,0.0122038672637451,0.0108777077529151,0.0203971730446538,0,0,0.00577425295465411,0.00283829102060053,0.00020148008314814
0.000151551132774676,0,0.0377132620020289,0,0,4.88222233082786e-05,0.0012337104048826,0.00047826844935062,0.131307741050597,0.000402267033012792,0.0520961867219713,0,0.35087282857775,0.00109717880573373,0,0.0352912569322109,0.0562546477491964,0.00436859845259682,0.118278970601131,0.000160862605673814,0.0018060849817571,1.96120115510506,0.0148608113695524,0.0265982634010067,1.567900071053,0.313002597069326,2.21073539493122,0.00194953020104525,0.0017809379960497,0.00144192961059892,0.0372674811856988,0.000163950846251815,0.000609048121605019,0.0867905423333641,0.00189902845919414,0.064002293707127,0.136114875326801,0.17746533628489,0.0640444248157856,0.00244952918822064,0.000655293051089252,0.00405564984406843,0.0830418044997972,0.134908596293852,0.0834576485533652,0.0680809316052129,0.00106944141718667,0,0.00101054819909774,0.00218531818677273,0.618754955469016,0.237287988142438,0,0,4.74388917755912e-05,0.0029208327315867,0.000272904393005811,0.00492404022632704,0.000134059834980028,0.00219923843418136,7.92636962036689e-05,0.0108896835938572,0.00130782302920434,0.000424561985224028,0.0228695173410541,0.0656732821196698,0.000616831019878391,0.0122221529515577,0.000364322750408857,0.00251813106254502,0.0761398376212772,0.0194622663478205,0.00288105308288371,0.209081969212248,0.144892914565997,0.76651080722232,0.000893739424650876,0.000419893192727117,0.00409598583532426,0.019016905343723,0,0.000556473599737962,0.0125065372378852,0.00266183031119433
0.0385380091119176,0.0377132620020289,0,0.000397577368578443,0.000759231436693777,0.00356485490431081,0.132212418937586,0.054608369325482,0.00760570234260432,0.0233961343772368,0.0125843243135563,0.00093683880694408,0.00441046917327186,0.0148060337002255,0,0.0195218030371352,2.75637463564053,0.0125965809290528,0.259425373668562,0.0010432212701264,0.116912176185835,0.0396100000869358,2.85925049851057,0.0161483415202608,0.00491289252919266,2.08324139511499,1.63963084060973,0.0976856109252659,0.018404505527654,0.126610803490171,0.00239495289581825,0.00197814133654647,0.00886163458116413,0.444333692466288,0.00542039270306749,0.33471038632214,0.648435823216297,0.678910363508198,0.211015740326205,0.0206667422099423,0.00230885632947895,0.00262741734351821,0.0101678749121646,0.0054764629968614,0.00344320361645506,0.00419655298060668,0.000624299462854774,0,0.000313740662900477,0.0014260284194584,0.0121971447170214,0.00573114744339329,0,0,0,0.000630027385625049,0.000239419973684806,0.000707433778380553,0,0.000353731725621737,6.08650114508596e-05,0.000414104924136809,0.00013027458435194,0.00184390139216357,0.0286854564537636,0.00142003750381888,0,0.000161891710900054,0,0.00245082112586883,0.00865666813162444,0.00645868281945582,0.00113827226887058,0.00252279041859439,0.00245416794915205,0.0203304584561952,0.000261338043594354,0.000170398554159665,0.00273037925539265,0.000669480357395467,0,0.000776521750900372,0.000253982120621363,0.00700378799181872
0.00161067332650176,0,0.000397577368578443,0,0,0.00354876674329706,0.100108167319043,0.0149156912697488,0.302724170440397,0.948727676968206,0.000455612904546171,3.09846139499535,0,0.00261125130458235,0,0.000316062743769802,0,0.000130781740960142,0.000145031288259768,14.6401393285128,0.000183062132540577,0,0.000781722730177599,8.51529345613996,0,3.60675647869462e-05,0.000225763538887889,3.0689481816102,0.00563494245494204,0,0,0.000994243697088772,0.00167596942621175,0.00345080897211214,3.27324071791048e-05,0.00236586955363482,0.000238656087229081,0.0138779137789546,0.00713535830709117,0.0150573534961123,0.00126422807052427,0,0,8.62328410421165e-05,0,0.000266738676161893,0,0,0,0,0,0,0.66250603714992,0,0,0.000130528144637007,0.00024295333760574,0.0012009472646677,0,0,0,0,0,0,0.000119329308347462,0,0,0,0,0,0,0,0.0041723140563084,0,0,0,0.000122384441749241,4.02796611738442e-05,0,0,0,0.000179628617360053,0,0
0.000915536986286311,0,0.000759231436693777,0,0,1.12015564460892,0.00078771427034631,0.840793922336164,0.000701129668929903,0.000213648071348496,0.0156095909900569,0.00255359759711454,0.00230989385749214,0.00475489686721717,0.114483061685267,0,0,0.00270059338904315,0.0020463085754548,0.000329908148963914,0.000180033675352294,0,0,0.000330864494317098,0.00165765859072537,0.000962946911717575,0.000623826594996722,0.000464424206860071,0.389836971315405,0.000332313282658395,0,2.26884303438333,0.00485033761310651,0.221433858367109,0,0.000159409835999741,0.00513962859561658,0.0337443503000106,0.00027391517458443,2.1154993642657,2.21359056384682,0,0.00014522983960216,0,0,0,0,0,0,0,0,0,0,0,0,0,0,0,0,7.01515813256431e-05,0,0.000201915822610754,0,0,0,0,0,0,0,0,0,0,0.000319050913386688,0.000292199314701029,0.000269784651386926,0.000117257670345136,0,0,4.2591988988342e-05,0.000343087340759426,0,0,0,0
0.0125827717287882,4.88222233082786e-05,0.00356485490431081,0.00354876674329706,1.12015564460892,0,0.095766748071604,3.639157165168,0.0273247108309671,0.802654347099961,0.0101164303243907,5.05094140248366,0.000393110100112839,0.048608524412202,3.03046631461198,6.53424837611591e-05,0.00492517436291708,0.00197415153685202,0.00200841115219612,0.0762269410459429,0.00284033074930295,0.000597632383790563,0.0074410626553327,0.0375805139703678,0.00180993864099621,0.00223646858095875,0.00216165930785747,0.0274892786982656,0.115229330821882,0.00755586145888673,0.000369916066312519,0.209688732001033,0.00150609060335148,0.0647340917624499,0.0505474107021598,0.00257860734063413,0.00418675163356258,0.0322149589585066,0.00484026600853549,0.91086635065704,0.0325960724429707,0.000525652400313027,0,6.5442847582814e-05,0.000271654137174802,0.000222852801600138,0,0,0,0.000513008317228909,0,0.000101406000613297,0.000252709297428533,0,3.70402460374934e-05,0.000147532027640111,0.000313225375190177,0.00924824987448672,0.000237116416238923,0.000104613747198886,0,0,0.000799462417599782,0,0.00103292370873764,7.20070257732488e-05,0.000112348576293294,0,0,8.45175903149524e-05,6.58793718407557e-05,6.4621140453578e-05,0.00239756842868056,0.000267074288676721,0.000109180404603609,0.000576877737763141,0.000715633811171751,0.0009891050466243,0.000769168849901955,0.000160003654537968,0,0.000150490271511634,0.000127798392598379,4.66189457381467e-05
0.477851505283059,0.0012337104048826,0.132212418937586,0.100108167319043,0.00078771427034631,0.095766748071604,0,0.806181310727074,0.126298851366223,3.88186513424051,0.00257378033790728,0.0152921350838903,0.000965525678359429,1.26807237282452,0,0.0114395157678474,0.0498214053062207,0.000882829192330996,0.00998246203366649,0.166121791160194,0.184193511580959,0.00590104985497214,0.295653184340982,0.495040330996365,0.00023781841601974,0.00635709354161557,0.0310420788262382,4.33915934169802,0.0760530628974291,2.70861994257456,0.000228033005339129,0.00299754649340675,0.0114400373858225,0.0787625540978919,0.00152089412824288,0.0457160536196177,0.0205746521160327,0.106975867855353,0.0399329140214099,0.0639331737001274,0.0042303339348838,0.000232069576548002,0.00236691783405941,0.000582738210263748,0.00474392581322212,0.00198393690301072,0.000740209382923015,0,0,0.00464743765844636,9.10004018159979e-05,0.000636224492644281,0.000448411629358825,0,0.000294373587432093,0.00441583262607872,0.00137069826504537,0.0233581193962106,0.000537754148557681,9.14096722015936e-05,0,0.000165217521515791,0.00191752377313041,0.000126288863609019,0.00850107890611161,0.000176737550243424,0,0,8.77895361093206e-05,0.000569641136909018,0.0011746377731598,0.00174192907616178,0.023257377262247,0,0.000361021602819302,0.000788911335598333,0.0088355484802778,0.00425433466358878,0.00654314264397609,0,0,0.00168277723065486,0.000997291649276274,0.000993933434102487
0.894909098878579,0.00047826844935062,0.054608369325482,0.0149156912697488,0.840793922336164,3.639157165168,0.806181310727074,0,0.0849257405395239,0.543729985192955,0.045074560377702,0.324052253809212,0.0030153502208611,2.87478731824384,0.0305117677629762,0.0039282706864554,0.0806217320855014,0.0110848535552327,0.0277780163702701,0.110904491314769,0.0387897285710254,0.00743657929998395,0.136384858810643,0.0836174577003287,0.0069415109082109,0.016584175067081,0.0164125063198462,0.161071126946385,1.07184106076991,0.143485679412603,0.00111859975309296,0.573964571147756,0.015203117840258,0.329799371213531,0.00075036947286017,0.0172029592052166,0.0229034091505482,0.200978088751713,0.0185648631892618,0.785262698447099,0.0617511731313522,0.00327740125092555,0.00234365213569877,0.00134886239974985,0.00534788180228817,0.0019599901057865,0.00049099331478213,0,0,0.00495189668697424,0.000144043076335698,0.00152639636392032,0,0,0.000111810036601871,0.00344707834978208,0.00260083327041262,0.0197914756619312,0.000446161954066733,0.000502251947911628,7.06769053050692e-05,0.00053858296044556,0.00348443288309505,0.000101548199588115,0.0124505372829705,0.00034217446322129,0.000155878836233659,0.000236117226134862,7.99863258898418e-05,0.000708760970001545,0.00301667522944426,0.00271152345001392,0.0269226256770855,0.000811230880542611,0.00105890493637829,0.00277254957258535,0.0084675379113179,0.00471967924387238,0.0110886045029013,0.000684487556034509,0,0.00164937840518557,0.0022166458017627,0.000563812934286066
0.149555535147692,0.131307741050597,0.00760570234260432,0.302724170440397,0.000701129668929903,0.0273247108309671,0.126298851366223,0.0849257405395239,0,0.105614452449013,0.0408907979954761,4.99803094199612,0.191006917495264,0.0202383290694868,0.392400657363522,0.0805687840693398,0.00822833370382095,0.00718635111800564,0.00946765958468081,0.468766750151345,0.00618750175089118,2.66216041532247,0.0141694303026033,7.17361269289677,0.268407726849997,0.0340953904995804,0.143391384948777,0.287193222993744,0.0548331182149297,0.0324833078724897,0.0181947795859971,0.00291012044472361,0.0373563973078993,0.0461141264712528,0.00245885497416753,0.218165865487953,0.0237168192219253,0.127941390329596,0.112645417216965,2.02068221225898,0.0106208651545252,0.00157440841589883,0.00528856887733735,0.00144814239399044,0.00958365788851787,0.00536363285950025,0.041473301542004,0,0.000637522148511985,0.0118285987473849,0.00723417512145973,0.00372427642945822,0,0,0,0.00387307100620233,0.00194443514988977,0.314994715400039,0.00124312929081259,0.000473309701676151,0.000780521371802345,0.000207128885459343,0.00288796056785632,0.000268497557499456,0.0501301454860193,0.00125899518674217,0,0.000164147853157638,0.00100459357519895,0.00222066702184543,0.0869727066667173,0.00328221418134701,0.0424432910366012,0.00194280931100217,0.00137725290594026,0.00758796269616982,0.00963993108287226,0.00641691527866972,0.0140814340104288,0.000676944299730524,0,0.00346054118674004,0.00407729683727329,0.000935968636809375
0.00854586310837533,0.000402267033012792,0.0233961343772368,0.948727676968206,0.000213648071348496,0.802654347099961,3.88186513424051,0.543729985192955,0.105614452449013,0,0.00186984476464408,2.96629483147559,0.000189189929771282,0.309562267895313,0,0.0019693757668325,0.00196396469180078,0.000509437220651721,0.00113248721420276,3.97145454138963,0.0181703169253296,0.00142534782270405,0.0343409395019843,0.362117091720131,0.000325633891698747,0.000975005102419013,0.00534676119490526,3.00391193380705,0.0430546880104834,0.00897564591449675,0,0.00165347197624353,0.00302734393033003,0.0366012912236922,0.021180220179029,0.0180251086360437,0.00493425433119658,0.056979714833956,0.0175496838474484,0.11097777815795,0.0041765707486281,0.000289224029729345,0.000910716455324528,0.000301584262052445,0.00147941006136601,0.000468433227432061,0.000187091068170925,0,0,0.000379616068747765,5.62215053003705e-05,0.000176317451608748,0.002544315779765,0,0,0.000670716571472225,0.000576378689675631,0.0179649806366036,0.000728578423393198,7.09564798977748e-05,0.000318099698241453,4.01000432265894e-05,0.0011285610989705,0,0.00156617047076844,0,0,0,0.000279410200319873,0.000201927745618902,0.000137893290748353,0.000429816112361016,0.00574381503539438,0.000127563506376696,7.26154207103585e-05,0.000410289705755601,0.00260661733955968,0.00145628666843555,0.00192902178320303,0,0,7.88512748941513e-05,0.000308511390924717,0.00022538091944456
0.00250445473312018,0.0520961867219713,0.0125843243135563,0.000455612904546171,0.0156095909900569,0.0101164303243907,0.00257378033790728,0.045074560377702,0.0408907979954761,0.00186984476464408,0,0.00481091995952969,3.52906273460518,0.0233307233723257,0.000799585610914163,0.00376852058550449,0.0100329472619058,2.41686257130363,0.800879550513683,0.00169251030363296,0.00131578873267531,0.0517662641192444,0.00849491078946672,0.00735575486444403,2.73974750042894,1.21810470866508,0.0822679560656795,0.00257196290328223,0.0921218798716463,0.00112425876507892,0.962383362500538,0.0562980926598234,0.00145110944446468,1.89323990098333,0.00122836496777856,0.0947627520281461,0.711932815046574,1.07916852169675,0.0511717421604052,0.0136663640615066,0.0524295918793919,0.623899533402549,0.00694923862735512,0.0683561279058391,0.0201954957858043,0.00645160063511487,9.78900967521599e-05,0.000142373710356205,0.00434792357063307,0.000270466237501852,0.00333195962998923,0.000520492153881402,0,0,0,0.000135559552564697,4.62966327388192e-05,0.00109023656957472,6.73145077476249e-05,0.0832322545793808,4.38250385985687e-05,0.0854780613196492,0.000646647974448892,5.30558730962708e-05,0.00190140633316525,0.000207719945545075,0.0131610398487676,0.00475362183873358,0,0.000648506940315399,0.00351050597626306,0.00102681592702639,0.000446960321262211,0.0850202184861397,0.0881276470970671,0.0903785534132451,0.000147631522159599,0.000773007746882372,0.000151014254055861,0.109331295754568,0,0,0.00381651288299037,0.000948442250951893
0.00388481610584222,0,0.00093683880694408,3.09846139499535,0.00255359759711454,5.05094140248366,0.0152921350838903,0.324052253809212,4.99803094199612,2.96629483147559,0.00481091995952969,0,0.000279275932524184,0.0512755666943413,0.225146959292982,0,0.000672590961508394,0.0021300094392727,0.0017811921517472,12.1419560980842,0.000502399651659144,0.00029043599162586,0.000679935656971882,2.09164704213094,0.000128256953538075,0.00121236376080883,0.00155926266167391,0.0633788662440972,0.0647790572703715,0.000343017173598851,0.000465904076727012,0.0141340620584748,0.00254085984930069,0.0501199622104139,0.175636227321341,0.01524783662512,0.00280652643086686,0.0657728981682209,0.0114441144781363,1.00965490340557,0.0069400431557466,0.000145919629381217,0.000235217915734191,0.000105238329978037,0.000430358034214629,0.000417684702980509,0.00275941717670431,0,0,0.000333159094119157,0,0,0.0016039470256611,0,3.72071348123154e-05,0.000556610023699635,0.000154745741849596,0.00262006444088365,0,0,0.00142912108647723,6.61367004788547e-05,0.000110686629481826,0,0,0,0,0,0,0.000150266351588559,0.000286902001104872,0,0.00102399727276416,0,2.80802882498556e-05,9.20313368276797e-05,0.000838469075431567,0.000347013994310891,0.000195591653654078,0.000105657644627779,0,8.80732300069798e-05,0,0.00553780782377987
0.000576236737178679,0.35087282857775,0.00441046917327186,0,0.00230989385749214,0.000393110100112839,0.000965525678359429,0.0030153502208611,0.191006917495264,0.000189189929771282,3.52906273460518,0.000279275932524184,0,0.00169593450633161,0,0.012578395704167,0.000781124506405893,0.0711454901568174,0.015715319024351,0.000594899265907238,0.00136836059009241,0.20933869494956,0.00740614475376533,0.0337418221171433,4.75185550166225,0.417800279399416,0.55924461589272,0.00277819318696309,0.00638887352934891,0.00195621851198158,1.0986724552047,0.00318949586733872,0.000844158098505254,0.0656515766675458,0.00173332876717426,0.47590716055572,0.822625170549056,0.667518896531537,0.230037043328981,0.00204117546357487,0.17447008884907,2.27061927406811,0.0916206800810371,0.0993355954342712,0.0203744254259059,0.0145500168956269,0.000122365637630001,0,0.033979773180378,0.00025859765359572,0.00588752682137608,0.0020986211265424,0,0,0,0,0,0.0012631725503553,0,0.0368601528938755,0,0.154608775037307,0.00028863034890791,0,0.00485932511412993,0.000600834974639292,0.00708014579070081,0.00184005456751318,0,0.000488396987609962,0.00708005545066074,0.00153617524055214,0.000717557499176584,0.084301896969704,0.0676278859200859,0.106955296860548,0.000139361649638418,0.000503669963872327,0.00035497822098831,0.0802356908944989,0,0,0.00182584337921511,0.00139663385885411
2.72490068938118,0.00109717880573373,0.0148060337002255,0.00261125130458235,0.00475489686721717,0.048608524412202,1.26807237282452,2.87478731824384,0.0202383290694868,0.309562267895313,0.0233307233723257,0.0512755666943413,0.00169593450633161,0,0.00256039259187129,0.00222139981707813,0.0276422566067147,0.0055810836965419,0.0152110074698328,0.0240648131844649,0.0159062582638617,0.00383568176651834,0.0485490206967199,0.0295824812340297,0.00276654041804388,0.00999534280868265,0.00758943176950597,0.0589006500577207,2.30840693663675,0.0975597037333206,0.000858354520497358,0.141496135505145,0.0150369071481885,0.293663848282883,0.000197740614475129,0.0108216305857641,0.0105080170824146,0.15915000872203,0.0139530015016869,0.154323148404643,0.0237684593392268,0.000886393949337001,0.00080665838751058,0.000623526832689991,0.00285099495199828,0.00029674416009786,0.000339086772520058,0,0,0.00238856010497359,7.01544438967872e-05,0.000733249380006453,0,0,4.14822551846365e-05,0.00201305355971752,0.000620909159797497,0.00431411421848623,0,0.000103989472485811,0,0.000454436949518906,0.000999477543311002,0,0.00589431022569047,6.38372493209074e-05,9.80806877670026e-05,0,0,0.00019542813561819,0.00157086560462605,0.00161181123178265,0.00904495506161852,0.000243373088651837,0.000514639166524456,0.00222357584954001,0.00232008924320136,0.00223343052918397,0.00475514948065243,0.000318245195101624,0,0.00120901471476849,0.000564698998338151,0.000174317453988123
0,0,0,0,0.114483061685267,3.03046631461198,0,0.0305117677629762,0.392400657363522,0,0.000799585610914163,0.225146959292982,0,0.00256039259187129,0,0,0,0.000880713966558071,0.000182761123081101,0.000467544943342456,0,0,7.17672443629313e-05,0.000540378655929511,0,0.000167757210669315,9.52063158500193e-05,0,0.00607491252539636,0,0,0.00607326835962249,0,0.00333600050062674,0.00115928656992438,0.000425320378937817,0.000294717363312144,0.00169925379213991,0,1.23218063379623,0.0339038572054689,0,0,0,9.33709346565134e-05,0,0,0,0,0,0,0,0,0,0,0,0,0,0,0,0,0,0,0,0,0,0,0,0,0,0,0,0,0,0,0,0,0,0,0,0,0,0,2.63437998117078e-05
0.0120350214788159,0.0352912569322109,0.0195218030371352,0.000316062743769802,0,6.53424837611591e-05,0.0114395157678474,0.0039282706864554,0.0805687840693398,0.0019693757668325,0.00376852058550449,0,0.012578395704167,0.00222139981707813,0,0,0.00821661453325512,0.000476048382718742,0.0020068972419298,0,0.702627117497542,4.71371536254688,2.73097838674284,2.46590935505745,0.0156615463077191,0.00817739888182788,1.30121681907163,0.410713180689667,0.00948644263018805,0.0701713042030382,0.000770810778375364,0,0.00714854025184313,0.0433264645029215,0.00661030552683723,0.436813034933979,0.354012756152554,0.130444121147167,0.115563723774994,0.0189457035906138,0.00182895652336349,0.00229508761438733,0.0300951616113761,0.0261497911340506,0.0155067001327032,0.0152845611534489,0.00232176004108767,0,0,0.00288522311223261,0.0163322110328733,0.00491900948159692,7.79756860293454e-05,0,2.83500848254341e-05,0.00209773192268647,0.000724916309595368,0.00380737532956117,0.000142585148300617,4.49985094917254e-05,0,0.0012335157604678,0.00132717112317072,0,0.583098773058962,0.00112077449750003,8.26408320381989e-05,7.35892436509282e-05,0,0.0188212765267162,0.10117877113817,0.0812073465431419,0.00830322206892485,0.00661466370606866,0.00144439229668787,0.0509630145347417,0.00252952543579561,0.00222322490956178,0.0144892401606582,0,0,0.0010088794581564,0.00157301135824662,0.00587239517053787
0.093217081483106,0.0562546477491964,2.75637463564053,0,0,0.00492517436291708,0.0498214053062207,0.0806217320855014,0.00822833370382095,0.00196396469180078,0.0100329472619058,0.000672590961508394,0.000781124506405893,0.0276422566067147,0,0.00821661453325512,0,0.0132261684852847,3.57631402822261,0.00047369724126496,0.0545875672092657,0.016641590585315,2.46648253905365,0.00622060614924324,0.00119284992684526,1.46855955096618,0.477829558045153,0.0117435018636108,0.0210143405113221,0.0796225659015857,0.00250831095822788,0.00186575446035904,0.0056506903058926,0.373532705610492,0.000838325488624989,0.0402130335101853,0.372602753168492,0.218238297694104,0.0575797698187821,0.00527414265917242,0.00102943364097752,0.0012502627872481,0.0033392901934828,0.002870910932808,0.003155165572603,0.00131728585624417,0,0,0,0.000324422922851064,0.0109996730892108,0.00481905467995099,0,0,0,3.53982150918654e-05,0,0,0,0,0,0.000263491735422866,0,0.000284399153036817,0.00452393759511452,0.00133433868891164,0,0,0,0.000192804719168752,0.000877238013542798,0.00113177853060344,0.000522201785973164,0.00206282512277549,0.00355642793322241,0.0253218179588945,0.000124045922218859,0,0.000523401268958548,9.59197588114667e-05,0,0,5.36303121355672e-05,0.00142354907427039
0.000815054190845821,0.00436859845259682,0.0125965809290528,0.000130781740960142,0.00270059338904315,0.00197415153685202,0.000882829192330996,0.0110848535552327,0.00718635111800564,0.000509437220651721,2.41686257130363,0.0021300094392727,0.0711454901568174,0.0055810836965419,0.000880713966558071,0.000476048382718742,0.0132261684852847,0,4.10505421252519,0.000664364230005647,0.000169700355820283,0.00532545226035146,0.00257649594785956,0.00114347502556696,0.0883353106203086,1.10095819268555,0.042188805177403,0.000274999694843724,0.0162485559614376,0.000609047974642275,0.0847731522765159,0.00975861600753737,0.00169376063903665,0.229798637166649,0.000335139861247208,0.0292689035566975,0.1321031325593,0.3343420157698,0.0668020277296915,0.00694909032973215,0.0142463483851019,0.0152009489956774,0.00262108087605021,0.0209527116536098,0.0040451551461966,0.00281861086968693,9.88690685551283e-05,0,0.00131422375442908,0.000263290562617778,0.000703269785055907,9.06202922274224e-05,0,0,0,0,0,0.00198504198049091,0,0.0118741040076523,7.82827452614175e-05,0.0152837381469766,5.19176557928626e-05,0.00014266482526612,9.6860025186914e-05,0,0.00563522933593919,0.00156051834626624,0,0,0.00141840991537065,8.22907265229621e-05,0,0.0388333822595688,0.0232599699281792,0.0332032109252376,0,0,0.000246094581670409,0.0361736024804788,0,0,0.00200514652000942,0.00022504194059474
0.0171347159068244,0.118278970601131,0.259425373668562,0.000145031288259768,0.0020463085754548,0.00200841115219612,0.00998246203366649,0.0277780163702701,0.00946765958468081,0.00113248721420276,0.800879550513683,0.0017811921517472,0.015715319024351,0.0152110074698328,0.000182761123081101,0.0020068972419298,3.57631402822261,4.10505421252519,0,0.00187651792749682,0.00897290229397833,0.00828869558567209,0.0818175404550194,0.00276539385619288,0.0604415830017707,2.72691657012625,0.263472047228732,0.00261916422805323,0.0352900409533434,0.0155751926374062,0.0307781823396693,0.00820250597642448,0.00235376764935057,1.07601092667703,0.00109358287977664,0.0741205530486558,0.367986624854337,0.849930151726424,0.247547644729889,0.0088118423804471,0.00797346004112345,0.00619852185036286,0.00492606127905389,0.0203362704340853,0.00538493907600746,0.00910693857917182,0,0,0,0.000152350843534052,0.0103207175990839,0.00257278589303416,0,0,0,0,0,0.00105949271573992,0,0.00236009215763864,5.99840518423914e-05,0.00555135210717102,4.74328102545571e-05,0.000153845205732671,0.00125291569229605,0.00285225359647917,0.00136739012227585,0.00161022235132303,0,0,0.00047919065981938,0.000779655472366915,0.000145370230090211,0.0346074892160521,0.0315887101149825,0.0587287819447043,0.000163147659301507,0,6.13685996181581e-05,0.00735810260543739,0.00017825330002246,0,0.000904643868544438,0.00134339232191442
0.00486033227146334,0.000160862605673814,0.0010432212701264,14.6401393285128,0.000329908148963914,0.0762269410459429,0.166121791160194,0.110904491314769,0.468766750151345,3.97145454138963,0.00169251030363296,12.1419560980842,0.000594899265907238,0.0240648131844649,0.000467544943342456,0,0.00047369724126496,0.000664364230005647,0.00187651792749682,0,0.000210512013666855,0.000170201221605814,0.000444398633294199,1.75182699249943,0.000224843493085436,0.000300692338174312,0.00039365734749194,0.602966058566676,0.0313047794462956,0.000814343799566347,0,0.00482394817126471,0.00144074810974432,0.0298862649307203,0,0.0127125467158965,0.00152296862373547,0.057142300626758,0.0213420509957411,0.147746544755022,0.00534816139910402,0.00120921890470849,0.000423937833849751,7.15658522527775e-05,0.000552694853321663,0,0.000854550543129965,0,0,0.000244232359628494,0,0,0.0602048740024302,0,0,0.000197828003623692,0,0.00288055290961862,0.000256442806668717,0,0,0,5.5343544205532e-05,0,0,0,0,0,0,0,0,0,0.00185706331249309,0,0,4.14886502853962e-05,9.7651879680109e-05,0,0,0,0,0,0.000283393800457305,4.56609703960566e-05
0.0351358224836837,0.0018060849817571,0.116912176185835,0.000183062132540577,0.000180033675352294,0.00284033074930295,0.184193511580959,0.0387897285710254,0.00618750175089118,0.0181703169253296,0.00131578873267531,0.000502399651659144,0.00136836059009241,0.0159062582638617,0,0.702627117497542,0.0545875672092657,0.000169700355820283,0.00897290229397833,0.000210512013666855,0,0.0438759176581219,7.85329539539538,0.220522123303638,0.000536354521398642,0.00513965332571631,0.0730699036335834,1.78221412879956,0.112843804194778,2.24373029146314,0,0.000953245172509479,0.170845554008514,0.420812941847879,0.0100179774345268,0.285619237817866,0.123945009254394,0.244227667092875,0.123803649066382,0.0258611558535336,0.00241943055589131,0.000762446710235351,0.00798123482501402,0.00400663154122921,0.00138575612565855,0.0012837180316115,0.000169437850786533,0,0,0.00100942867980187,0,0.000646585624013607,0,0,0,0.000895621910404347,0.000112820683047395,0.000358905766976387,4.10846822599244e-05,0,2.68854838851354e-05,3.39553546554209e-05,0.000387244927468935,8.48764037601831e-05,0.0303121735571859,0,0,4.71555802083086e-05,0,0.00144253093921056,0.00515653273396331,0.00460822773492101,0.00258997492285523,0.000253903752910302,0.000232834184906253,0.00675419967224599,0.00112046265088658,0.000566176774500853,0.00250334758197351,0,0,0.000293208427155217,0.000167249543111484,0.00661380894373367
0.0293133282019398,1.96120115510506,0.0396100000869358,0,0,0.000597632383790563,0.00590104985497214,0.00743657929998395,2.66216041532247,0.00142534782270405,0.0517662641192444,0.00029043599162586,0.20933869494956,0.00383568176651834,0,4.71371536254688,0.016641590585315,0.00532545226035146,0.00828869558567209,0.000170201221605814,0.0438759176581219,0,0.13134966826049,1.36727585340018,0.439005138782259,0.0333942620398671,0.995177811185596,0.0634199771224533,0.0162266376063939,0.056161068153689,0.014298809531207,0.000499765916644593,0.012547954717065,0.067431884909009,0.00408536998566456,0.240949615155688,0.143914833857755,0.161007394892276,0.100726318610606,0.00907727781166712,0.00165039575734224,0.00437386435249382,0.0878096986740503,0.0799510975089814,0.0422958335781704,0.0480637237422668,0.00851514680754684,0,0.00137006732509626,0.00959552810493585,0.153867589484168,0.133769209900156,0.000907307976399516,0,0,0.00612417821017344,0.00121793289565,0.036176686220684,0.000757228014916515,0.00201519869503998,0.00071896778066629,0.00456930365805483,0.00276647748454445,0.000505370005606902,1.21929462992144,0.0122805018667677,0.000834723029396335,0.00111054969109092,0.000192958257361295,0.0446086863151653,0.422711967100705,0.215754341113587,0.0187162373228973,0.0240200808704495,0.00573859079622034,0.380154352118971,0.0050888520893406,0.00513699272495315,0.0386171298932336,0.00198393495017986,0,0.000813110145354536,0.00573194631589378,0.00517703674448533
0.0788727776442225,0.0148608113695524,2.85925049851057,0.000781722730177599,0,0.0074410626553327,0.295653184340982,0.136384858810643,0.0141694303026033,0.0343409395019843,0.00849491078946672,0.000679935656971882,0.00740614475376533,0.0485490206967199,7.17672443629313e-05,2.73097838674284,2.46648253905365,0.00257649594785956,0.0818175404550194,0.000444398633294199,7.85329539539538,0.13134966826049,0,0.104081851409446,0.00195214841398125,0.0916292673150885,1.37761710410639,0.543392705330095,0.213454501201435,0.668641042131371,0.000640545527408581,0.00101036013629247,0.180442310273233,0.475819716168171,0.0393709543257945,0.815610649306289,1.14601252649028,0.76887209947986,0.390664014842787,0.0804959613022833,0.00528473953227418,0.00360211372393926,0.0353850660715155,0.0158597913681936,0.00989668213204524,0.00824622887942873,0.00160386424323001,0.000184860188639821,0.000410255117823631,0.00123383067221537,0.00536583575939991,0.00567157887034215,0,0,0,0.00147126977882156,0.00061667289327279,0.00205160030567941,0.000119553904719769,0.000197528040959358,0,0.000427811583388182,0.000760661194470421,0.000606172473068086,0.0894879844790253,0.00126520074725791,0.000109758460422645,7.31206698933312e-05,0,0.004240520379384,0.0200445148838011,0.0236530691430174,0.00396582587115965,0.00132490949164106,0.00144700292223318,0.0499287834710388,0.00141203380324186,0.00103384281709093,0.00493534975322021,0.000262509610477522,0,0.000769656644128314,0.000712202776755676,0.0331262825887978
0.0840337247344149,0.0265982634010067,0.0161483415202608,8.51529345613996,0.000330864494317098,0.0375805139703678,0.495040330996365,0.0836174577003287,7.17361269289677,0.362117091720131,0.00735575486444403,2.09164704213094,0.0337418221171433,0.0295824812340297,0.000540378655929511,2.46590935505745,0.00622060614924324,0.00114347502556696,0.00276539385619288,1.75182699249943,0.220522123303638,1.36727585340018,0.104081851409446,0,0.0336591089953484,0.0116592801328707,0.222488706211525,4.61614966191438,0.0669400149561385,0.0623981330425851,0.00250772276258595,0.00105883707933026,0.0224751771104278,0.044734779955753,0.00223760209279883,0.155301887763496,0.0416351611540531,0.105924489774418,0.0633354370296921,0.0197454652199062,0.00297485330627515,0.000175910480674853,0.013533567450054,0.00253680283528002,0.0256389585276416,0.00995584749763928,0.00687970900503669,0.000232527437102201,0,0.0265786283512995,0.00148014078813014,0.00607698568479785,0.00339198145175764,0,0.000664208427745314,0.0171934536396513,0.00635452546615739,0.122725815510263,0.00288904228591769,0.000478273103190059,0.000959180715094258,0.000584242586615038,0.0139741866719072,3.6470440824863e-05,0.129149240760327,0.00150534568275495,3.66383079399572e-05,0.000259061113935042,0.000396686412780941,0.00875860227138847,0.0329507427766647,0.0213410810964042,0.113552164403875,0.00177295183198574,0.00167338957339555,0.0115704871110858,0.0343430140107253,0.0254226186820926,0.0483979302680332,0.000307798498761551,0.000393339013737169,0.0124874167412992,0.00819957593251097,0.00190268310729729
0.000627616980294717,1.567900071053,0.00491289252919266,0,0.00165765859072537,0.00180993864099621,0.00023781841601974,0.0069415109082109,0.268407726849997,0.000325633891698747,2.73974750042894,0.000128256953538075,4.75185550166225,0.00276654041804388,0,0.0156615463077191,0.00119284992684526,0.0883353106203086,0.0604415830017707,0.000224843493085436,0.000536354521398642,0.439005138782259,0.00195214841398125,0.0336591089953484,0,0.334274884792655,0.81087545454411,0.00176642289229919,0.0125617796204393,0.00126109848041179,0.314605718394489,0.0085026621662418,0.000173872829607824,0.139948554331339,0.000279696229222867,0.053848898490147,0.941557373205506,0.314537469703917,0.0375169366316314,0.0035758024174792,0.0118701662913603,0.355870999573402,0.00914804610695063,0.106141277167693,0.0276699988065754,0.0134791257671117,0,0,0.00512435938954905,0.000376477754894178,0.0339019284159751,0.00234129848411096,0,0.000423638448673859,4.4999026099269e-05,6.35159789030306e-05,0,0.00379174535709256,0,0.0458671693942378,0,0.0915911369227341,0.000878037729125938,8.37442512335953e-05,0.00918626188408903,0.00165374615630951,0.00934165098470412,0.0110681685729699,0,0.000186447206489027,0.021937250935869,0.00190798860560603,0.00108396540828668,0.508575677052565,0.0761591699468843,0.200357967808723,0,0.00121370633520304,0.000438684866973745,0.150670472621128,0.000254348728186979,0,0.00621020174840478,0.000325035685504378
0.00579694148745064,0.313002597069326,2.08324139511499,3.60675647869462e-05,0.000962946911717575,0.00223646858095875,0.00635709354161557,0.016584175067081,0.0340953904995804,0.000975005102419013,1.21810470866508,0.00121236376080883,0.417800279399416,0.00999534280868265,0.000167757210669315,0.00817739888182788,1.46855955096618,1.10095819268555,2.72691657012625,0.000300692338174312,0.00513965332571631,0.0333942620398671,0.0916292673150885,0.0116592801328707,0.334274884792655,0,2.95046980738285,0.004825917698931,0.0216559556732867,0.0067922163351004,1.12715566022992,0.00570258677039456,0.00103348064270931,0.36355784674888,0.003674310663162,0.231222256427099,0.616363769645671,0.777841263653688,0.186320221650602,0.00656081041408799,0.00466593586674381,0.0102400712208494,0.0213259834225132,0.0723520022842486,0.0302681159440719,0.0136366341806952,0.000457416316700229,0,0.00353818401793984,0.000143055121048844,0.0229202258217073,0.00462742305911237,0,0,0,0.000251939875014372,0.000114617414482274,0.000754792750914588,0,0.0426373909406325,7.14282978186431e-05,0.0571384453588025,0.000327819025630369,0.000560205535615859,0.00246098853283007,0.00494470577233818,0.0101384514749985,0.00815193020768863,0,0.00020137482373257,0.00301934483088843,0.00146520243718461,0.000507430658866523,0.115555340722004,0.178909670541207,0.3351321174623,5.49348102858009e-05,0.00106129122752771,0.00100609925232512,0.0636397663049239,2.57643658747963e-05,0.000129518105290445,0.00672286227085948,0.00510948911988916
0.00876063139238181,2.21073539493122,1.63963084060973,0.000225763538887889,0.000623826594996722,0.00216165930785747,0.0310420788262382,0.0164125063198462,0.143391384948777,0.00534676119490526,0.0822679560656795,0.00155926266167391,0.55924461589272,0.00758943176950597,9.52063158500193e-05,1.30121681907163,0.477829558045153,0.042188805177403,0.263472047228732,0.00039365734749194,0.0730699036335834,0.995177811185596,1.37761710410639,0.222488706211525,0.81087545454411,2.95046980738285,0,0.0944915131495321,0.0184806557433417,0.0459837296501124,0.277017137392813,0.0024550819173092,0.00188106223555874,0.439779536703347,0.0205811037291438,0.516786207972314,0.633877532027612,0.828760226485639,0.231247362461994,0.0210394607207074,0.00266278107342003,0.00488036901238723,0.0713473268935245,0.0712126544763761,0.0471290918441246,0.0260763239775634,0.00217510636316894,0.00042879406964507,0.000826656588119887,0.00136133298765045,0.103692848621066,0.0511156475027993,1.86718193085147e-05,0,1.31015167851138e-05,0.00213528427205625,0.000416727417340632,0.00243496985618377,0.000336333278596512,0.010834713635609,0.000141234559762552,0.020216129203899,0.000885423286142665,0.000373426436997724,0.0876925133926479,0.0186007360134401,0.00327304915694967,0.00807355220736133,0,0.00678677967205119,0.051022164508387,0.0499293672503788,0.00342147577196753,0.0835956698492828,0.138883660046362,0.663879285425521,0.00172415246538261,0.0011238008418955,0.00569732987379076,0.0241208006768941,3.77153353461196e-05,0.000505110590125465,0.00977033837229729,0.0211886847008656
0.123269412592698,0.00194953020104525,0.0976856109252659,3.0689481816102,0.000464424206860071,0.0274892786982656,4.33915934169802,0.161071126946385,0.287193222993744,3.00391193380705,0.00257196290328223,0.0633788662440972,0.00277819318696309,0.0589006500577207,0,0.410713180689667,0.0117435018636108,0.000274999694843724,0.00261916422805323,0.602966058566676,1.78221412879956,0.0634199771224533,0.543392705330095,4.61614966191438,0.00176642289229919,0.004825917698931,0.0944915131495321,0,0.1724941193042,2.13059819825255,0.00015306650217674,0.0037401243414076,0.0695870649564501,0.286087902331538,0.0111814926083812,0.309540101828695,0.0704660224972514,0.313978547386063,0.150374239865934,0.0577483869587793,0.00670145763269551,0.00083552240501839,0.0104302596612791,0.00323153079934512,0.0112453638837571,0.00627339746282566,0.000851326730725344,0,0,0.0141948475280811,0.00031598041419682,0.0014741806296363,0.0122493839633992,0,0.000213762721397743,0.011951982560538,0.0057040142779076,0.0746764000093436,0.00249386846510057,0.000169429457568919,0.000615683634982901,0.000115627576331804,0.0100601601402692,0,0.041103757106018,0.000345337610432729,0,0.000115458293018706,0.00023222539556995,0.00347978103782119,0.00861220081364794,0.00943678341719087,0.0706021139243488,0.000594600479635208,0.000637099442043419,0.00514575047582552,0.0310386739763517,0.0135963858553123,0.0279395110558683,6.85401264708275e-05,0.00020545344084621,0.0060087894312054,0.00483522789164136,0.00674120101412953
1.69301474769897,0.0017809379960497,0.018404505527654,0.00563494245494204,0.389836971315405,0.115229330821882,0.0760530628974291,1.07184106076991,0.0548331182149297,0.0430546880104834,0.0921218798716463,0.0647790572703715,0.00638887352934891,2.30840693663675,0.00607491252539636,0.00948644263018805,0.0210143405113221,0.0162485559614376,0.0352900409533434,0.0313047794462956,0.112843804194778,0.0162266376063939,0.213454501201435,0.0669400149561385,0.0125617796204393,0.0216559556732867,0.0184806557433417,0.1724941193042,0,2.02672727546682,0.00240978288672438,1.20278923806564,3.30595635647816,2.47630330087904,0.000909511439003238,0.086005174172543,0.0316930036940028,0.564568507778648,0.0555691483718989,0.245323986811463,0.589372982736052,0.00279128489102273,0.00343481517689734,0.00155264785081734,0.00271914163296651,0.00219778690538307,0.00142903466694682,0,0.000108032379101796,0.00557878355017296,0.00034699691718386,0.00125533392228817,0,0,2.77473940274923e-05,0.00328285127812578,0.00109852120097062,0.0119101409093432,0.000343533484709748,0.000919101002244735,0,0.00109421830009451,0.00232358285843907,0,0.0266446671319513,0.000843183245449085,0,0.000107352030717764,0.000261488542486511,0.00118277393401757,0.00462978826059117,0.00259742614440887,0.0203055481326846,0.00132889031416009,0.00213354145698206,0.00446993486225213,0.0054120968400871,0.00372385151600528,0.00911928693570191,0.000994638234317552,0,0.00166911352785047,0.00144312889634527,0.00110087736063404
