0,0.00182281366832335,0.094216325576896,0.00571120588078616,0,0.0201583241302736,1.87663744397538,0.21842464156099,0.0221906529125132,0.0778277701164106,0.00688639544774539,0.00829315934137998,0,3.42562681012609,0,0.00101096102382282,0.256285296318172,0.00749531628374386,0.0550394250341359,0.00767106726724173,0.00791569707551874,0.00280413281334071,0.0305618478223591,0.0285453902199803,0.000235648596169064,0.0249516704033238,0.0143385705168323,0.0860492120769405,1.10936127204969,0.205041890119069,0.000412516328931849,0.00109166671082317,0.00686104913865879,0.0880450541398063,4.09343988848985e-05,0.0061644417853999,0.00924246723785559,0.0251110595287355,0.0137432707380315,0.00312922083678955,0.00156373351907535,0.000542429660498146,0.000961504393457569,0.000182687977425655,0.00294989252056947,0.00193891850228433,0.000391548073988369,0,0,0.00379864550603592,0.000704555779970049,0.000533871904033879,0,0,0,0.00415563960467505,0.000471595763935531,0.00578108730212352,0.000173933606888046,0,0,0,0.00131811546640355,0,0.000440905162267961,0,0,0.000170805380150848,0.000310419253088976,6.98387249899873e-05,0.00116527915930912,0.00100236989946989,0.0101552849395495,0,0.000517454857438777,0.00236541495929762,0.0107816043706428,0.00287251065791522,0.00214376640516307,0,0,0.0052062703984141,0.00271334695438292,0.000110701671330525
0.00182281366832335,0,0.0925806429798404,0,0,0.00025315441273452,0.00278306057175443,0,0.213728024460134,0.000313943071927237,0.0316308778012499,0,0.35994066629826,0.00138478039986709,0.000768829562440163,0.172521618823809,0.0699504177127538,0.0148572809995778,0.0362099341609791,0,0.00382841346974079,2.85981971691628,0.00976751570400137,0.0610482118267111,1.96064396646855,0.075639571899636,1.52936970845713,0.0066927303459446,0.00131707797943877,0.00255788488581236,0.0499350079266091,0.000195064184711517,0.000766366709912383,0.0456704247535451,0.000832326481910344,0.0676475221494564,0.0915753964934973,0.122981617740248,0.0466934107163801,0.00100455708399449,0,0.00211255556730315,0.0400977353301433,0.0247156285839321,0.0453034359692933,0.0390280035770662,0.00109381970403853,0,0,0.000797823228951994,1.1502592339559,0.0571755683099582,0,0,0,0.00196792729613345,0,0.00617062377939619,0,0.00205444657992737,0,0.00183667351156908,0.000560657428377275,0.000401108611438393,0.025711396161954,0.0282659422119737,0.000813892639140699,0.0101175197545765,0,0.00157004805324993,0.0926494158842728,0.0152000261742814,0.00575918277740534,0.0374046130205824,0.0295167249321416,0.257026474296007,0.00466423794899941,0.000186307812077724,0.000715409295018064,0.00359230024033026,0,0.000247686631749382,0.00875653354673677,0.000829383442207003
0.094216325576896,0.0925806429798404,0,0,0,0.00822973941725383,0.336381389089884,0.00694304934958677,0.01503525851917,0.0259682742707819,0.0103769997370799,0.00017327851614614,0.00082692387171237,0.0711164645348878,0.00124522709872717,0.0261789676076906,1.92868794507958,0.0116973960005376,0.0988707449368653,0,0.15897884545762,0.124008156811638,4.06005425462893,0.0158570891545742,0.00232145244376791,1.57350613652757,2.60707626273305,0.185890289317333,0.0179124277199682,0.124742790831581,0.00178671831749799,0,0.00321559885272552,0.0948325569979827,0.0021612358126713,0.124097187175841,0.511099971221019,0.199701685153881,0.0871192219205902,0.00864989641252979,0.000268600076920493,0.000140502544024174,0.0337053960062273,0.0198784377346231,0.0283825761723798,0.0168783855378123,0.000482052644770072,0,0.000259079700958105,0.000870074008798852,0.0665387692366458,0.0604028963634392,0,0,0,0.00268589332480408,0.00033744143754167,0.00310809030277489,0,0.000124342555323798,0,0.00015472813024708,0.000650003237474051,0.00101885494339369,0.0299391740819658,0.0293733793564418,0.00026566381457822,0.00276562978295284,0.00014095676280236,0.00488945179283067,0.0230168778757695,0.0273673256980025,0.00647899976914989,0.000694599681169148,0.0103414889592559,0.195568223557239,0.00617837893008995,0.000947560126262353,0.00457670366233125,0.00039162921621177,0,0.00102089123904363,0.00791208799993524,0.00217814305963116
0.00571120588078616,0,0,0,0,0.000904737138785813,0.0420215371121002,0.000737134743202699,0.341043682312023,0.42575686069337,5.05685320529967e-05,1.35421557763048,0,0.00340326307258489,0.000925462679432082,0,0.000132193441875567,0,0,14.9987159986224,0,0.000196059332383793,0.000171010205031658,7.2422742121888,0,0.000132144670937175,3.06578748362381e-05,3.08533069327432,0.00319673854164468,0.000135034028509516,0,0,0.00123461035865767,0.00233797177063083,7.88005192898862e-05,0.00381371471911588,0,0.000481239939558587,0.000469745021888793,0.0051750574087816,0,0,0.000553542956561366,0,0.000607235986502815,0,0.00684061792746438,0,0,0.000613681358518539,0,0,0.288581189867312,0,0,0.0010045540173799,0,0.000855100759205869,0.00123764102628123,0,0.0539024661095067,0,0.000389470021430285,0.000195866680596776,0,0,0,0,0.0265611371269554,0,0,0,0.0104765840131063,0,0,0,0.00294765676193189,0.000669491331659987,0.000164360385669417,0,0,0,0.00021623736490548,7.81363899033174e-05
0,0,0,0,0,0.0628965811119477,7.44178294345491e-05,0.153171287959236,0,0,0.000890844356957304,0,0,0.00561347574935093,0.00771187894153328,0,0,0.000155906887014412,0,0,0,0,0,0,0,0.000224381287908766,9.48212998370919e-05,7.45437345310331e-05,0.0706176677348787,0,0,1.09603296135072,0,0.0269249407707251,0.000784435833393216,0.000407906801320301,0.000214880750278746,0.014051809204916,0,0.105797121397049,1.48896937684012,0.000755741557282738,0,0,0,0,0,0,0,0,0,0,0,0,0,0,0,0,0,0,0,0,0,0,0,0,0,0,0,0,0,0,0,0,0,0,0,0,0,0,0,0,0,0
0.0201583241302736,0.00025315441273452,0.00822973941725383,0.000904737138785813,0.0628965811119477,0,0.198194931503647,5.25451425528129,0.00900638672720173,0.894119595130005,0.000921174959606337,3.19270691142107,0.000186097698570291,0.112256961222253,1.28463576316316,0.000113339973015318,0.00136526264496028,0.000490644808517232,0.000891606534952339,0.0353303315816467,0.00101530986413063,4.76460104594694e-05,0.00310239675411789,0.0268023212579595,0.000423255701828303,0.00157879097772136,0.0012763246572547,0.028922690419777,0.151070938687489,0.00235237081246372,0.000189534904732318,0.267545225658625,0.00862053709017324,0.0584114387921262,0.2946645823262,0.00425301631020336,0.00211031750918973,0.0243834614869785,0.00174882504050688,0.929318235316706,0.0567452261100064,0.00146653163818614,0.00106519844241132,0.000104553624327552,0.000604445259702385,0,0.00205492636371211,0,0,0.000540659654501537,0.000251227687280317,0,0.000870945265904755,0,0,0.00130204433379377,0.000334312535033745,0.000375538834350759,0.00055642798873136,0,0.000333955314551229,0,0.000323351491945501,0,0,0,0,0,0.000391755473953851,3.52151643117963e-05,0,7.86872971822472e-05,0.00636044232535037,0,0,0.000104036662852692,0.00260564366976464,0.000485428305039419,7.87296449773879e-05,0,0,8.11712128973708e-05,0.00042839653334139,0.00163405159547089
1.87663744397538,0.00278306057175443,0.336381389089884,0.0420215371121002,7.44178294345491e-05,0.198194931503647,0,0.164430101596924,0.0661918168322561,2.47724145628584,0.00266054132203719,0.0358792367686147,0.000261940999356905,1.20942565108009,8.3437280551114e-05,0.00167805286749702,0.100347843731083,0.00194823761067376,0.0140517824413173,0.0296174363143292,0.105517888963839,0.0059152587239688,0.160830058240417,0.190178822403198,0.000134536695558653,0.0451204644477495,0.0313472545682177,3.21128231428268,0.160559623883167,1.73834440831836,0.000120844821198956,0.00127680778836831,0.054072240091163,0.0886931946972351,0.000847382052939537,0.0373474452540736,0.0178543503422162,0.0772880246616078,0.0359724604054271,0.0197793037379761,0.00192340583559771,0.000495287136479049,0.00553173795995788,0.00114848729546051,0.00400992692131421,0.00195495693231124,0.00758549045475094,0,9.61536260911389e-05,0.00483930513631633,0.00111567690177369,0.00071602905103242,0.000913790532403582,0,3.30493478742256e-05,0.0131477685540235,0.00111897963471148,0.00882807104852929,0.0016787017714268,0,0.00188575436851018,0,0.00300387365452008,0,0.0022557289147043,0.000735874140352055,0,0.000214884691086051,0.000826264124577723,0.00121337728031716,0.000838098312356598,0.00165109823602701,0.0398246092765193,0.000212825144728555,0.000644050357193461,0.00563049059906301,0.0280763773779082,0.00661393983478337,0.00385352998184122,0,0,0.00160464106279253,0.00225325407829026,0.000526799286960191
0.21842464156099,0,0.00694304934958677,0.000737134743202699,0.153171287959236,5.25451425528129,0.164430101596924,0,0.00224813031530045,0.305141147651633,0.00291782761316213,0.114659388398211,0.00120002434793496,4.34371678463206,0.0067120428473303,0,0.0104420005603526,0.000935831407896869,0.00323095018435406,0.00999392106135624,0.000730062993936045,0,0.00149593152266727,0.00503547364132817,0.000791360043076739,0.00315620682982079,0.00127419500001443,0.0150334091814295,0.406155093722607,0.00569438479734911,6.31286508614207e-05,0.356462712154917,0.00260365700790696,0.165364209948889,1.5914943571321e-05,0.00191532427617524,0.00426431349692511,0.103238421903324,0.005050905045657,0.373111785327524,0.0757257639317274,0.00218044118952146,0.000108081271621323,0,4.991322912215e-05,0.000112158355374186,0.000194179600409786,0,0,0.000331883590625136,0,6.32502396237522e-05,0,0,0,0.0007499188601434,0.000116892898725078,0.000246142440029081,0,0,0,0,0.000149415476013749,0,0.000275604337037999,5.8501819771681e-05,0,0,0,0.000154628726806489,0,5.62049297082082e-05,0.0020321489261911,8.88819987000834e-05,0,0.000313771119961136,0.00112007736615146,0.00057262832579842,0.000275821635032116,0,0,0.000196850596541906,0.000117105716742659,0
0.0221906529125132,0.213728024460134,0.01503525851917,0.341043682312023,0,0.00900638672720173,0.0661918168322561,0.00224813031530045,0,0.0341725990652861,0.00480034833365339,2.1359450764614,0.041270770593912,0.0154319545737701,0.302110273564917,0.0108943650317043,0.0279073848342485,0.00385803563630907,0.0126451875466733,0.913117012029949,0.00350450642512603,2.96357858791078,0.00545650198529935,5.00765175434404,0.0789960830834259,0.0259124762527389,0.136550425917293,0.204444090024306,0.04066955794398,0.0694768488954963,0.0090983772339355,0.000271731156311177,0.0390398537794996,0.0389930617266304,0.0252127855024693,0.0992442240981711,0.0381112537502166,0.0601241306094439,0.0380600185308971,1.09226973606486,0.000605618173909387,0.000391618177482005,0.0101200102656384,0.0049617189258136,0.0108192343071369,0.0101411206443076,0.00553348254667967,0.000105044051560346,0,0.0158024261666141,0.0109267029759892,0.00614915670053304,0.0052179225278653,0,0,0.0240045928018813,0.00404588572396721,0.559842624849597,0.00466395964144344,0.000158091492810682,0.00253036006511903,0,0.00580009394523736,0.000115569864512433,0.00530110310674793,0.0021675839751415,0,0.000640911879428403,0.0033590678826626,0.00283806193752854,0.0200229900053733,0.00207770716836035,0.18573890007463,0.00332919686654244,0.00179282894638289,0.0136766436214712,0.0464740825657445,0.0120305216305533,0.0111959592398735,0.000201112320924159,0.00101812254357513,0.0102123805750439,0.010778837227348,0.00210757354311845
0.0778277701164106,0.000313943071927237,0.0259682742707819,0.42575686069337,0,0.894119595130005,2.47724145628584,0.305141147651633,0.0341725990652861,0,0.0013381789732206,0.82200043712262,8.78474446890352e-05,0.433421620549761,0.000138745128194066,0.000142149095532805,0.010393466169308,0.000369098203227892,0.00236633275142319,1.56372165700246,0.00373241124330522,0.000631371637676861,0.00925371691459132,0.220378988575557,0.000324402766158473,0.00495429699169813,0.00344743512113302,2.00475255671436,0.0920432665211698,0.00597913361252226,4.92084184226045e-05,0.00220854658912535,0.0343944434527366,0.0724196935627403,0.0110735574803335,0.00921558835926467,0.00341891798792001,0.0307937680120888,0.00572880318510951,0.081612292192385,0.00125263804772138,6.70868980282716e-05,0.00197929936423781,0.000316088300319041,0.00067413033050212,0.000101254896777425,0.00684999485643127,0,0,0.0010431218789252,8.22630269882441e-05,3.94484606087819e-05,0.00935014735580911,0,3.52489545907657e-05,0.00388606121687948,0.000480930735198828,0.000744921564004895,0.00203257985870406,2.75474783617128e-05,0.00154509287744687,4.21096975303072e-05,0.00058276554827171,0,9.33778053819928e-05,0,0,0,0.00057781540214723,0.00011442435577904,5.36214043722477e-05,0.000177964062089989,0.0174234066532494,0,9.08998421964369e-05,0.000757384224094475,0.00601772433225353,0.00120814277043066,0.000778385350071242,0,0,0.000129644833319161,0.000403343858103553,5.37334623848931e-05
0.00688639544774539,0.0316308778012499,0.0103769997370799,5.05685320529967e-05,0.000890844356957304,0.000921174959606337,0.00266054132203719,0.00291782761316213,0.00480034833365339,0.0013381789732206,0,0.000797852869568614,2.98173324271585,0.0132719874336446,0.000298196574755465,0.00127787843979822,0.0272515279053107,2.49525190866396,1.16312860407893,6.64601474168521e-05,0.00309416149930207,0.0175301345655155,0.00933242476216645,0.00154753628281428,1.79975699517246,1.62459275839551,0.124081861032392,0.0018214396073528,0.0445415215178525,0.00663634137909177,0.916775318336098,0.0162282295946619,0.00443435423339829,1.2942749414275,0.00151862728338233,0.125014279856079,1.06135484980652,1.19514477507679,0.0634495374351777,0.00274178006160045,0.00739601460743287,1.12363995086601,0.00402657131383313,0.0163607288734637,0.00783239263766688,0.00212730839109908,0,0.000373585059801951,0.00538730570738421,7.03078026202328e-05,0.00512194481085087,0.000970871581396351,0,0,9.31956161291554e-05,0.000168720911699738,0,5.19835659887494e-05,0,0.0497666611498429,0,0.048858700373733,0.000308721688524675,4.1557886195762e-05,0.000511256496116302,0.000785614238269644,0.00873399518650826,0.00138671222868716,0,3.07190132471191e-05,0.000460288060702141,0.000522016688391502,0.000230138002538836,0.115860773223716,0.0330865346776081,0.0282075560209298,0.000173757571570687,0.000333466838450731,0.000195685255685153,0.0541722145382802,0,0,0.00337616936285316,0.000736201210910152
0.00829315934137998,0,0.00017327851614614,1.35421557763048,0,3.19270691142107,0.0358792367686147,0.114659388398211,2.1359450764614,0.82200043712262,0.000797852869568614,0,6.73580602320381e-05,0.0372042731001444,0.574546439888169,0,0,0.000812678572055657,0.000291733289743606,10.9699626335778,0.000154343505863868,9.09457622752441e-05,0.000132613445393153,0.90394316038255,0.00044461588853769,0.000392619680953151,0.000114269384896023,0.085092209719255,0.0373168757837884,0.000117098384241137,0,0.00228177109364166,0.00584481000110413,0.035586808908089,0.847317971404048,0.0207074092845732,0.00117996913737434,0.0237632084058352,0.000610920555184712,0.683105211129894,0.000744775626752389,0.000632144577041187,0.00099221791983296,0,0.000184668659602427,0.000206869762736761,0.0053702117540343,0,0,0.000233704533345777,0,0,0.000237200473288754,0,0,0.000709112451765392,0.000226897820705685,0,0.000411431467328221,0,0.0197545106322255,0,0.000100095935655634,0.000643359002230656,0,0,0,0,0.000239341239699851,6.67938766282039e-05,0,0,0.0037559981837282,0,4.65884861411969e-05,7.08234789931171e-05,0.00162089831079972,0.000165477803170759,5.21201105392818e-05,0,0,0,0.000337333384749922,0.0310637289539852
0,0.35994066629826,0.00082692387171237,0,0,0.000186097698570291,0.000261940999356905,0.00120002434793496,0.041270770593912,8.78474446890352e-05,2.98173324271585,6.73580602320381e-05,0,0.000831774509047565,0,0.00462998846389648,0.00108690265624878,0.0259598406203967,0.00871396443323765,0,0.00120891520824577,0.138200305476873,0.0040036018048003,0.00698565261116694,2.8998201020249,0.358845676895746,0.795398636579737,0.00162009749183971,0.00349492229888108,0.000559019210216559,3.69425783286933,0.00314280521569541,0.000620754594541485,0.0412358323681848,0.000944169015179103,0.387054602753859,0.471357534032867,0.297227751245831,0.497101704180948,0.000917799895769301,0.00942180900241755,1.1401408539603,0.0342229055556658,0.00892740623958427,0.00507092682810178,0.00183841873630814,0,0,0.00380190272950522,0.000419819226455852,0.0053468088468083,0,0,0,0,0.000152790360997803,0,0.000202463563528899,0,0.0297284551427335,0.000114242315290797,0.0468235984183826,0,0,0.000511951650635119,0.000540810661564745,0.00676180528742299,0.00145158784018597,0,0.000365114512826514,0.00106700605377232,0.000110484519560861,0.000309117609668825,0.0584269141075463,0.0218631394014119,0.0208839422758909,0.000246248814680708,0.000127579029946193,0.000192663599785127,0.0505428378121601,0.000135098993637243,0,0.000760906191398276,0.000560945420298256
3.42562681012609,0.00138478039986709,0.0711164645348878,0.00340326307258489,0.00561347574935093,0.112256961222253,1.20942565108009,4.34371678463206,0.0154319545737701,0.433421620549761,0.0132719874336446,0.0372042731001444,0.000831774509047565,0,0.000583644518018823,6.33538221083622e-05,0.108428192152683,0.00740857240009417,0.0276291564821033,0.00904169136506893,0.0084510607982392,0.00229226033567433,0.0251912498080589,0.0318233656450203,0.00154940688803595,0.022672275497998,0.0140381461627903,0.101150504077282,5.02046488942815,0.151471093880864,0.000250742314413311,0.0713032525957459,0.0461844788288353,0.267913083567099,0.000178345861429123,0.00952473118988104,0.0110199242506022,0.186177793107703,0.0108865343084318,0.10801954936148,0.0300101190446277,0.00269841939419622,0.00113266281393312,0.000424723244958265,0.00180150914027481,0.00122964937814111,0.000479475056485966,0,0,0.0031796722657504,0.000825090077267402,0.000376614266765888,0.000105610225835153,0,4.96775023344103e-05,0.00426676422982048,0.000383588275235459,0.00248711053547519,0.000343873835993042,0.000198375376438196,0.000115544463588613,0.000312365890537791,0.000889145912041461,0,0.000770798639541381,0.000253447902502814,0,9.03520714762556e-05,3.91799387452964e-05,0.000757179444278393,0.000521134892485057,0.000502144173509524,0.0114745999620153,0.000255694550187424,0.000595931990154344,0.00259834078143707,0.0116236699928026,0.00310109556416604,0.00251265766467526,0.000146489417704072,0,0.00158073126801951,0.000861918912791686,6.39892181671618e-05
0,0.000768829562440163,0.00124522709872717,0.000925462679432082,0.00771187894153328,1.28463576316316,8.3437280551114e-05,0.0067120428473303,0.302110273564917,0.000138745128194066,0.000298196574755465,0.574546439888169,0,0.000583644518018823,0,0.00233058148192674,0.00158782537810663,0.000791039372637402,0.0014219616067753,0.00458834207118365,0.00394506528783961,0.00102788708414586,0.00757254062372495,0.00178142738092087,0.000163215646202801,0.0017763693179944,0.00450014165474706,0.00204640740985401,0.000509377663096052,0.000847201114088675,0.000513517913789063,0.00127705178467331,0,0.00186160554459774,0.323845646738165,0.0566021978935514,0.0343932362167458,0.0207732001915507,0.0311279444074716,0.370948445441493,0,0,0.0127499926442585,0.0241185141399628,0.00808606303102752,0.0154288829623612,0.00589535446662038,0.000913353611287559,0,0,0.00089397160534473,0.000953255569817395,0,0,0,0.000100970860142421,0,0.000440062592053897,0,0.000177247175695361,0.00221422089000561,5.94610439163343e-05,8.52220445732056e-05,0.00842432650866046,0.00339726619218333,0.000272296239788599,0.000438596800807693,0.000644367895893047,0,0.00338464672626727,0.00219644448225583,0.00698745958064491,0.000370920253754581,0,0.000791679605180829,0.00366077148360391,0.00101895864176482,0.000151952710509384,0.000179306518947218,0.000331924668899763,0,0,0.000543474434883057,0.0393162090625231
0.00101096102382282,0.172521618823809,0.0261789676076906,0,0,0.000113339973015318,0.00167805286749702,0,0.0108943650317043,0.000142149095532805,0.00127787843979822,0,0.00462998846389648,6.33538221083622e-05,0.00233058148192674,0,0.0188259420134875,0.00121816304851668,0.00578161078350933,0,0.505233456155314,4.87059709028384,2.13563838575984,3.33246352610545,0.0166387711700995,0.0132808678550293,1.09760496599568,0.57918907691107,0.00157989148212917,0.0238182541960665,0.00085788667285272,0,0.000277054376868861,0.0354495646040285,0.00405876405651563,0.193022573251178,0.19510678508499,0.14049377679796,0.0835877435459001,0.0259521072757513,0,0.00253980990714463,0.0309146645945009,0.0168940143145667,0.0222921494063321,0.0129449237375431,0.00355614019633795,0,0,0.00408228775426998,0.0054709293065208,0.00669945885746106,0,0,0,0.00238323883243994,0.000138875867443227,0.0142977430181963,0,5.3806938447639e-05,0,0.00017228321274329,0.00077583943948224,0.000737816720193241,0.542190311679626,0.00280215285379462,0.000255898388954401,0.00115291955934779,0,0.0533596963049042,0.309178059131244,0.177360456158826,0.0542555061721691,0.000264941232736432,0.00205493261731467,0.0354230750162446,0.0378626215902008,0.00651201156122365,0.0298706539262629,0.000211049273109443,0,0.00958894570534286,0.0126423336528769,0.00240617910816268
0.256285296318172,0.0699504177127538,1.92868794507958,0.000132193441875567,0,0.00136526264496028,0.100347843731083,0.0104420005603526,0.0279073848342485,0.010393466169308,0.0272515279053107,0,0.00108690265624878,0.108428192152683,0.00158782537810663,0.0188259420134875,0,0.0267302420517397,2.03647340084534,0,0.0267271943854946,0.0321425633451643,1.86578308772335,0.00874809786158416,0.00245166145613819,0.894255345937783,0.488973993751834,0.0263682067344274,0.098945797769782,0.105016850212154,0.00234671617756907,0.00063047615409349,0.0281966320139138,0.354550938892728,0.00152448251143398,0.110675528239182,0.567494181898822,0.264708553163627,0.0741110557027757,0.00445562654449632,0.000616958694067417,0.000193296493333288,0.0154342457271741,0.0119077538440817,0.0166325072852938,0.0142715403757324,0.000770544082670174,0,0.000329508937787342,0.000111291669760892,0.0795891043963611,0.0331547187598819,0.000145079111164022,0,0,0.000995187202972857,0,0.00239312177252066,0,0,0,0.000738464799183588,0,0.000422709799401235,0.0091677425177408,0.0181646033117713,0.000500559293231602,0.00418231873973168,0,0.00134162626769433,0.00862636445374668,0.00637838496162728,0.00281102377624432,0.000445099145950484,0.0174426728889133,0.101030832764867,0.00251913727668701,0.000344438604628003,0.00149562433423579,0.000322489601283253,0,0.000197093824894006,0.00327707758261822,0.00190373024895567
0.00749531628374386,0.0148572809995778,0.0116973960005376,0,0.000155906887014412,0.000490644808517232,0.00194823761067376,0.000935831407896869,0.00385803563630907,0.000369098203227892,2.49525190866396,0.000812678572055657,0.0259598406203967,0.00740857240009417,0.000791039372637402,0.00121816304851668,0.0267302420517397,0,3.46210600924142,0,0.000658798017935878,0.00638016965638814,0.0042833851585374,0.000362146863393871,0.179241661895058,0.669911856824408,0.0623579208304027,0.000961906223136686,0.0162066827615712,0.00454051256176823,0.0837611679734618,0.00709406729632187,0.00343073467939953,0.255786532168804,0.00134389530072503,0.113751297700165,0.394330303542243,0.312586000738546,0.0848545126857486,0.00132900705367746,0.00269857900249635,0.0317989986498805,0.00406288075835951,0.00902265282615932,0.0054797180407287,0.00470881942287435,0,0,0.00206704881300806,0,0.00620970690922683,0.00124198486798266,0,0,0,0,0.000122206347950642,0.000350736798399269,0,0.00523659667519175,0,0.00763842961749862,0,0.000310099729186608,0.000376831076977736,0.000647909724869762,0.00323817470388573,0.00112249561225928,0,0,0.00124556202094864,0.000100871664216304,0.000150214981861289,0.0228006045542142,0.0215621124295932,0.0196458242956611,4.80339565891758e-05,0.000488781339201532,0.000528735467926033,0.0294022207437186,0,0,0.00174496553729492,0.000540081570621085
0.0550394250341359,0.0362099341609791,0.0988707449368653,0,0,0.000891606534952339,0.0140517824413173,0.00323095018435406,0.0126451875466733,0.00236633275142319,1.16312860407893,0.000291733289743606,0.00871396443323765,0.0276291564821033,0.0014219616067753,0.00578161078350933,2.03647340084534,3.46210600924142,0,0.000299277870391978,0.00319435251589816,0.0206936707287417,0.0355033137766518,0.00376270929150124,0.073319900426235,2.01711431689993,0.23515708293983,0.00515203694403638,0.0450701590318995,0.0159003419660642,0.0232617738316001,0.00731541517881937,0.0120826336883377,0.993917584800381,0.00211453882730484,0.188825464351862,0.436433277632843,0.591579645068275,0.174324102030006,0.0037921590831143,0.00357627553270116,0.0030075378534799,0.00907715816284323,0.00989085130873327,0.0108646224304938,0.0087770576312857,0.000116174327807076,0,0.000183812357757579,0.000121988446800839,0.0346536560964165,0.0110214554096542,0,0,0,0.000246083723132045,0,0.00089289814598816,0,0.00252822089195561,0,0.00486522502145341,0.000151788528218315,0,0.00226451089763104,0.00722175901424795,0.00310585209274133,0.00607227290827885,0,0.000173388711360165,0.00326256264329066,0.00107858985332778,0.0011072298608386,0.0134234161444443,0.0454940947047348,0.0714273757797098,0.00035964920307491,0.000186053978476073,0.000216853928879956,0.00785478863349005,0,0,0.00349437957885115,0.00178628241583316
0.00767106726724173,0,0,14.9987159986224,0,0.0353303315816467,0.0296174363143292,0.00999392106135624,0.913117012029949,1.56372165700246,6.64601474168521e-05,10.9699626335778,0,0.00904169136506893,0.00458834207118365,0,0,0,0.000299277870391978,0,0,0.00019640140388138,0,1.20778131791926,0.000213673457868269,3.74536981970408e-05,4.43140564491875e-05,0.664260973065236,0.00722888922963833,0,0,0.000699656792219847,0.00467332142801952,0.00825636677724576,0,0.00248814910993647,0.000541164133425351,0.00372314685995414,0.000697801478280163,0.0279530721185196,0.000393877859204805,0.000581773675983367,0.000888112831830695,0,0.000181355044436698,0.000301915719328806,0.00421361455971958,0,0,0,0,0,0.00349835864874802,0,0,0.000523494429317571,0.000165476238622293,0,0.000417304808578022,0,0.00174827687492841,0,0,0,0,0,0,0,0.000140391979474677,0,0,0,0.00344528533894281,0,0,0,0.000726139628193061,0.00019596593453447,0.000121639597619268,0,0,0,0.000327602828362303,0
0.00791569707551874,0.00382841346974079,0.15897884545762,0,0,0.00101530986413063,0.105517888963839,0.000730062993936045,0.00350450642512603,0.00373241124330522,0.00309416149930207,0.000154343505863868,0.00120891520824577,0.0084510607982392,0.00394506528783961,0.505233456155314,0.0267271943854946,0.000658798017935878,0.00319435251589816,0,0,0.0546294013431163,6.68818686744724,0.0590497019629979,0.00023380778474037,0.00639472783600029,0.100048328439113,1.57436478994543,0.403948296424867,5.29834407636239,7.44632451010331e-05,0.00101364717441176,0.440222942364102,0.651404592468174,0.0146913155670292,0.583587326952223,0.223765561410595,0.416715098925765,0.211000294599462,0.0645108235844242,0.00105671572175767,0.000874070055969577,0.0207854442879449,0.00438204050302842,0.00798587792550354,0.00723427193184862,0.00233621002471292,0.000164039241023194,0,0.0049485333775215,0.000981114823402813,0.000711319525944475,0,0,4.00595379540722e-05,0.00434145809345204,0.000174436891588031,0.00303928055847472,7.00010619795284e-05,5.81059932321859e-05,0,0.000267029044684071,0.00139060256570765,0.00290506926671783,0.0626496293646462,0.000919410257681349,0.000170741501587912,5.90745077759317e-05,4.00055416341079e-05,0.0391517003596289,0.033851038351143,0.0406719960051704,0.0367614573846798,0.000144011148160726,0.000834335726331242,0.0073234988467015,0.0446964336639009,0.0112620997038869,0.0310471229708012,0,0,0.00571373193647229,0.0120380198825171,0.0121336692361366
0.00280413281334071,2.85981971691628,0.124008156811638,0.000196059332383793,0,4.76460104594694e-05,0.0059152587239688,0,2.96357858791078,0.000631371637676861,0.0175301345655155,9.09457622752441e-05,0.138200305476873,0.00229226033567433,0.00102788708414586,4.87059709028384,0.0321425633451643,0.00638016965638814,0.0206936707287417,0.00019640140388138,0.0546294013431163,0,0.27266949473091,1.50967791844382,0.277176683607834,0.0368643985653722,0.768009068132716,0.102190736590421,0.00661203420381272,0.0406491917150709,0.0185618171657542,0.00116563975512531,0.00587393301570509,0.0506281615306964,0.00196890094827774,0.117197720106718,0.12659250504493,0.11496746552471,0.0643489156884293,0.0109623682859495,0.00043901137960899,0.00232850024763247,0.0788056521842472,0.0374000196506159,0.0431967631559786,0.0411644580045564,0.0043669817445186,0,0.000260879056282963,0.0202570220089775,0.183591127587506,0.0244512883714203,0.000149760735980721,0,0,0.0159399452938316,0.00127742308725475,0.0896629959644012,8.43822667250887e-05,0.000943155965430981,0,0.00103523468523977,0.00528646085070356,0.000662179792893551,0.454240112361296,0.00996550881171613,0.001152937160899,0.00181742082687181,0,0.0478441849400922,0.62172438976929,0.146964235149197,0.136146062735536,0.0110192626458734,0.00607128142435439,0.160618708765644,0.10484144062525,0.0278089873142281,0.0645473085033976,0.00125951071762565,0,0.0276441034452748,0.0308726569168581,0.00238806366083348
0.0305618478223591,0.00976751570400137,4.06005425462893,0.000171010205031658,0,0.00310239675411789,0.160830058240417,0.00149593152266727,0.00545650198529935,0.00925371691459132,0.00933242476216645,0.000132613445393153,0.0040036018048003,0.0251912498080589,0.00757254062372495,2.13563838575984,1.86578308772335,0.0042833851585374,0.0355033137766518,0,6.68818686744724,0.27266949473091,0,0.020672830098509,0.00119062280880391,0.0692605304987008,2.29129130226408,0.348272589784271,0.18073534410879,0.340296096721195,0.000304891031808749,0.00105438524233872,0.237486074816366,0.369654733157252,0.0393305492720218,1.02085418296675,0.747907052001245,1.00806287065477,0.470743040786531,0.163223356704777,0.00154977071572504,0.0010865480712209,0.040022027288596,0.0139448546692443,0.0157363202857511,0.0164380989855721,0.00563422974779061,0.000346629553801705,0.000308333956759999,0.000959534160809852,0.00354988886265632,0.00558893797416499,0,0,0,0.0032723562636403,0.000169482994707324,0.00324907513103426,0,0.000355260415318205,0,9.40219072780037e-05,0.000485324831223243,0.00650227867439427,0.273639025936367,0.00216802378739095,3.84777918574618e-05,0.000519184758884188,0,0.028045065420383,0.115558251261189,0.136916554837038,0.0240437056170156,0.000256987551456879,0.00263242123136844,0.0881317263498224,0.0185270714134305,0.00272433545562778,0.0115011926598277,0.00027324365372101,4.55137437731902e-05,0.00106347582807075,0.00520181375728121,0.0305894843356086
0.0285453902199803,0.0610482118267111,0.0158570891545742,7.2422742121888,0,0.0268023212579595,0.190178822403198,0.00503547364132817,5.00765175434404,0.220378988575557,0.00154753628281428,0.90394316038255,0.00698565261116694,0.0318233656450203,0.00178142738092087,3.33246352610545,0.00874809786158416,0.000362146863393871,0.00376270929150124,1.20778131791926,0.0590497019629979,1.50967791844382,0.020672830098509,0,0.0116586006135274,0.00990432621638087,0.0740400988506173,3.52255618929356,0.0652709559036952,0.0932194529931553,0.00094235552896427,0.000277941156513106,0.0302224866818394,0.0397022548283375,0.00208484891478005,0.0751516473685541,0.0237492539942123,0.0423740876208155,0.0206267762022429,0.017295660492046,0.000425291379054708,7.4675080677435e-05,0.0298463803687622,0.00271274712262681,0.0244742425391208,0.0136591462672116,0.0253172439183414,0.000338200516322316,0.000123984493173223,0.0382272562072711,0.00239714182428144,0.00242001923750102,0.0625831184639142,0,0.000506344060897772,0.0737039736262856,0.00611441521426512,0.12055994011375,0.00978186632055589,0.00040065524350289,0.00755794497897428,0.000454588513430164,0.0163942132964041,6.93622948447943e-05,0.0332009082738023,0.000949287567605806,7.24750552549567e-05,0.000448624787148528,0.0337434521335055,0.0204050319839686,0.0250353275873443,0.0160024693786335,0.372800267001677,0.000666331497667663,0.00137348882694459,0.00994948175751025,0.174200818150368,0.047424818289103,0.0484907929972652,0.000162475921206252,0.000219672446847259,0.0191755485259654,0.0233162676854465,0.000804971367184089
0.000235648596169064,1.96064396646855,0.00232145244376791,0,0,0.000423255701828303,0.000134536695558653,0.000791360043076739,0.0789960830834259,0.000324402766158473,1.79975699517246,0.00044461588853769,2.8998201020249,0.00154940688803595,0.000163215646202801,0.0166387711700995,0.00245166145613819,0.179241661895058,0.073319900426235,0.000213673457868269,0.00023380778474037,0.277176683607834,0.00119062280880391,0.0116586006135274,0,0.536988695101261,0.946703733486999,0.000668574675765837,0.00446334639466578,0.000542180576118467,1.13942186268093,0.0036586051431194,0.000666996727663622,0.0941984416417256,0.000428717298855605,0.177056965734817,1.3419080081206,0.317568901956719,0.0408778803040295,0.000202629634886729,0.0015443745188376,1.41130085835535,0.0494295742086484,0.0607447779574801,0.0401845450239788,0.0143880405424653,0,0,0.0156954761162092,0,0.148279805666925,0.00221733625993162,0,0,0,0.000489525038849115,0,0.00231852994918161,0,0.0806512094881142,0,0.0795503413485087,4.91685534722008e-05,0,0.000424591247140976,0.00219012919871452,0.0273138987840397,0.0113743727452695,0,0.000364445700074965,0.00377411245868117,0.00135401344160258,0.00060822290926394,0.691350723965242,0.110041860174836,0.123476104449123,0.000426427267397571,0.00155647032822933,0.00015340814053888,0.136153946947577,0,0.000296485675856092,0.0127455262970055,0.000449828911981443
0.0249516704033238,0.075639571899636,1.57350613652757,0.000132144670937175,0.000224381287908766,0.00157879097772136,0.0451204644477495,0.00315620682982079,0.0259124762527389,0.00495429699169813,1.62459275839551,0.000392619680953151,0.358845676895746,0.022672275497998,0.0017763693179944,0.0132808678550293,0.894255345937783,0.669911856824408,2.01711431689993,3.74536981970408e-05,0.00639472783600029,0.0368643985653722,0.0692605304987008,0.00990432621638087,0.536988695101261,0,2.07518655505129,0.0243878359357844,0.0252160313050108,0.0184074424085104,0.51715144702406,0.00337362518336456,0.00278694817684655,0.261571064856188,0.00492187881289332,0.243187705874044,0.63460748764006,0.38906037646817,0.0946977843973057,0.00202778876361882,0.00170118113957316,0.0289835807898706,0.0392929208298743,0.0450567926752365,0.050057659715014,0.0191169873619806,0.000368523964246203,0,0.00340394108837847,0.000606602444596987,0.0714632694902496,0.0255798337706317,0,0,0,0.00148402474162128,8.97760061199394e-05,0.00289927567114447,0.000194682876152692,0.0349948087762018,0,0.0481876550205411,0.000668721499245307,0.00033414654839266,0.00367674048095478,0.0187929059600756,0.0217368835601415,0.0247445311206813,0,0.0012919252920058,0.00759597528078449,0.00457461170730067,0.00359584939582256,0.0891884374695788,0.305070848083357,0.438730742600615,0.00190524816135437,0.000554221621884455,0.00203456189835851,0.0616804816657054,6.12629370541247e-05,4.92040854861492e-05,0.0168793977309136,0.00453163262735493
0.0143385705168323,1.52936970845713,2.60707626273305,3.06578748362381e-05,9.48212998370919e-05,0.0012763246572547,0.0313472545682177,0.00127419500001443,0.136550425917293,0.00344743512113302,0.124081861032392,0.000114269384896023,0.795398636579737,0.0140381461627903,0.00450014165474706,1.09760496599568,0.488973993751834,0.0623579208304027,0.23515708293983,4.43140564491875e-05,0.100048328439113,0.768009068132716,2.29129130226408,0.0740400988506173,0.946703733486999,2.07518655505129,0,0.131957268040638,0.0175285932471842,0.0168704723000802,0.316494888322528,0.00121869302435415,0.00268272082388674,0.425843420578711,0.0240976456947374,0.616595553470992,0.489736235563825,0.78548891685097,0.259411265358393,0.0277150430608882,0.00150497756556155,0.00483674775959219,0.102455360429003,0.0674407179728701,0.0846592332994623,0.0474808020517311,0.00398090355113067,0.000368742096956998,0.00134760096279092,0.000958571282876859,0.152626398429842,0.104475310844915,0,0,0,0.00851737264692645,0.000529483902419583,0.0067942251166016,7.42399877305855e-05,0.0126737397961673,0.000111257313371025,0.0177406567096717,0.000790872938332528,0.00255798637372444,0.147045628714242,0.0499104920344047,0.0100119950746724,0.0221495493534651,0,0.00694181865135114,0.0887980841784621,0.108730970114933,0.0153198794501244,0.0568636582309193,0.263665210562248,0.940220957687296,0.0128626159105963,0.00145061853081336,0.00357499008215647,0.0219822468340873,0,0.000307028147631509,0.0219873183979217,0.020135534469343
0.0860492120769405,0.0066927303459446,0.185890289317333,3.08533069327432,7.45437345310331e-05,0.028922690419777,3.21128231428268,0.0150334091814295,0.204444090024306,2.00475255671436,0.0018214396073528,0.085092209719255,0.00162009749183971,0.101150504077282,0.00204640740985401,0.57918907691107,0.0263682067344274,0.000961906223136686,0.00515203694403638,0.664260973065236,1.57436478994543,0.102190736590421,0.348272589784271,3.52255618929356,0.000668574675765837,0.0243878359357844,0.131957268040638,0,0.243485243247245,2.41276480345944,0.000273389848442968,0.00243024103572141,0.161421840248251,0.235342511402429,0.00776232183691453,0.386280236227562,0.0919068540085216,0.26085428575959,0.140055326258708,0.0399196610840673,0.00152509447355358,0.000812816164501591,0.0272259445796709,0.00299420174246511,0.0241278990688062,0.0117214185803461,0.0167138954380751,0.00045549926477817,0.000100528330554071,0.036723858815656,0.00128710445695907,0.00247595466769086,0.012857309752671,0,0.000302020105761367,0.0664342484282011,0.00423013568814799,0.0420474354028325,0.0035711483919682,0.000194205258514104,0.00375083102704271,0.000474504029412704,0.0172193388607887,0.000846935399911358,0.0327722486047606,0.0019507829671699,0.000212615740639169,0.000750463548039723,0.000713931756069593,0.0306157371376769,0.0220708185699377,0.0207533707714263,0.187008060008831,0.000218359086487723,0.00123730174555017,0.0149170615867861,0.18213183567732,0.0549621835519506,0.0698247954626136,0.000108533315728245,0.000198355571455157,0.0193035860261194,0.0224721787648611,0.0050383397657459
1.10936127204969,0.00131707797943877,0.0179124277199682,0.00319673854164468,0.0706176677348787,0.151070938687489,0.160559623883167,0.406155093722607,0.04066955794398,0.0920432665211698,0.0445415215178525,0.0373168757837884,0.00349492229888108,5.02046488942815,0.000509377663096052,0.00157989148212917,0.098945797769782,0.0162066827615712,0.0450701590318995,0.00722888922963833,0.403948296424867,0.00661203420381272,0.18073534410879,0.0652709559036952,0.00446334639466578,0.0252160313050108,0.0175285932471842,0.243485243247245,0,4.32385645945592,0.000879306248388792,0.936018390022424,2.49010326435865,2.26965556006463,0.000187675245065758,0.0229308681783854,0.02648405766163,0.740729811102943,0.0276150472814434,0.1492965210596,0.543189347593838,0.00929179578351455,0.0049624581369035,0.000285929018521207,0.0043875762860798,0.00242453366339049,0.000912393944627595,9.63419281728248e-05,0,0.0078763567429821,0.00187845560546522,0.000204009195144605,0.000168186910288411,0,0.000144735365792787,0.0106149161196543,0.000698988553777344,0.0054055884431397,7.24024014637982e-05,0.000160435168549349,9.41954712553421e-05,9.21030491845675e-05,0.00287649327276905,0,0.0015198790632813,0.000378216665217618,0,0.000323745373386889,3.39487932098414e-05,0.00296188775348401,0.000488119824647093,0.00132052678819988,0.0242222970074626,0.000106545516134959,0.00130373803230742,0.00389534727044182,0.0309314495884232,0.0100680954529814,0.00930751564900931,0.000230742240261731,4.3574514194815e-05,0.00335755159385802,0.00378565300801853,0.000178690622613086
