0,0.00309011711858397,0.0538908970676113,0.0202616502230521,0,0.0258828162183865,3.00828474207839,0.162432948005411,0.0646248035167266,0.0690042016255914,0.00806251629462182,0.00388939276664687,0.000713381584685549,4.06950370480585,0.000487585702418802,0.00141228055988735,0.0804750986794571,0.014312075256442,0.031165328166841,0.0468065391678143,0.0308934620483839,0.0107998396712462,0.046961495753503,0.0607455085664325,0.000570019755217199,0.0461692563925946,0.0167212319172149,0.165466740903779,0.994411041494776,0.573092313291354,0.00227682394707459,0.00136531235531715,0.0877390233622408,0.092434654363319,0.000498674954811577,0.0323770576169587,0.0255022439610087,0.105596047623579,0.0317050561659716,0.00547266223765169,0.000622203442331351,0,0.00682617672136779,0.0022528167152307,0.0132242439113038,0.00796908862294076,0.00068408350794593,0.000163923282688282,0,0.00869160600794665,0.00180034542200767,0.00127179722462063,0.00101620851889624,0,0.000201340847705009,0.00998819864462344,0.000494181709387118,0.0175933942612711,0.00175978122457253,0.000207652700639729,0.000715784888802788,0,0.00606855412388236,0.000445451556935971,0.00194487797116175,0.000411186475553537,0,0,0.000338533737341922,0.00232867584401786,0.00179120867048899,0.00112944996467686,0.0350519726246609,0.00176024910466044,0.000466497592222664,0.00214535793542537,0.0220960114191792,0.00601430296035748,0.00620597692845877,0,0,0.00697924189782895,0.00560919532602041,0.000411646040102295
0.00309011711858397,0,0.0584324699541843,0,0.000517753514969993,0.000184967746497809,0.00238038319743923,0.000206744325951394,0.171103620034813,0,0.0196069182181161,0.000151957117151824,0.0329521441270333,0.000297657254588875,0.000186179501999603,0.176232269012115,0.0530703568275574,0.0149474975740285,0.0202515483875274,0,0.00147425654673874,2.65069394872569,0.0118885165323054,0.0474948134223419,2.3991875252795,0.0870018716867752,1.94155679303696,0.00561203704905308,0.00345836158850945,0.00391361069915112,0.0420601570783752,0.00173390588772285,0.00143810446324139,0.043186122590577,0.000588729201706194,0.0544689619227724,0.171815651545941,0.12944807696997,0.0546354596325418,0.0016548403789641,0.000938418466406056,0,0.0190365293075957,0.0220083058252298,0.0345106006605969,0.0277820546080924,0.000304374066864918,0,0,0.00377097980636181,1.57828807847128,0.031607637437678,0,0,5.36553304523804e-05,0.00360855635744661,0,0.0286418513730084,0.000234865336669227,0.00187122675181492,0,0.00201738938169775,0.00120198641194779,0.000171857500115724,0.013627467522311,0.0158223656997781,0.00377476566748279,0.00870909685560998,0,0.00229295008917391,0.313765504043621,0.0104909912729056,0.00694956602989241,0.145962702861213,0.0315849391360154,0.149418493876199,0.00158138557947987,0.000541184740760449,0.00145754342978612,0.00139120161014321,0,0.00151504446234307,0.00761323529699577,0.000834146545005528
0.0538908970676113,0.0584324699541843,0,7.32522542371758e-05,0,0.00320634465597987,0.105042194521879,0.00543389873070355,0.0185532834216558,0.0014201504136424,0.00991865908789569,0.00010271227930859,0.00387791483907458,0.0151741868030056,0.000398083906231507,0.0252629353380204,1.76922468130462,0.0105976922313654,0.066198457202565,9.48125232171776e-05,0.173120650880643,0.1110970316316,5.23155601338196,0.0288956568528048,0.00257943498178509,1.88327836822942,2.7534888207414,0.18322105199436,0.0125873322822732,0.132377728909437,0.00489321036259544,0.000588555417851257,0.00553214370411077,0.149145255599845,0.00409648877598714,0.261974201435025,0.970836471423855,0.448254325304737,0.166472083407922,0.0030632015803379,0.00102381299926313,0.000735142900879948,0.0166507344150405,0.0112375021228805,0.015995666578206,0.00586029921076268,0.000267131728864299,0,0,0.00131422080997727,0.0590989342719103,0.00792071540845811,0,0,0,0.00237373489834899,7.72371233967494e-05,0.00459681274726221,0,0.000726506412560305,0,0.000297220223364047,0.000849178917766917,0.000404538692908239,0.0110545177119029,0.00507118720217698,0.000574764850268638,0.00167857625490185,0,0.00317216815078967,0.0508183028521373,0.0207038245455431,0.00698951901015359,0.00310662124128038,0.00462549895537989,0.10553185067751,0.00271603224272167,0.000712716675906914,0.00081694835248252,9.89299255171085e-05,0,8.4643359044281e-05,0.00488007147082843,0.00360582482039406
0.0202616502230521,0,7.32522542371758e-05,0,0,0.00948797793062865,0.0797426763559853,0.00412987298442715,0.0961245233404765,1.21871942673731,0.00028644622518883,1.15151800340841,0.000583412404174517,0.015402020693449,0.000396879232128356,0,0,0.000148883481848553,0,12.4339562371267,0.000473394282413881,0.000210077032593931,0.000387385525204766,7.74599848994729,0.000150080411407614,0.000515181678808205,0.000243622730067262,2.37034773515991,0.0260163177870998,0.00186312887706066,0.000132701250650027,0.000890872046041311,0.0103437241045657,0.0172520445872306,0.000119369156596147,0.0137088726798639,0.00350732923481776,0.0284271003620226,0.0288733391938281,0.00387229870784276,0.00167479189584286,0.00040386328473143,0.0014735479756123,0.000382550858557415,0.00371936826201891,0.000725087376437811,0.000260342185064016,0,0,0.0020315712177738,0,0,3.72511348122598,0,0.00193398756740502,0.00299717067836955,0.000176224280855248,0.00487101646895742,0.0486316563405594,0.000127616337646523,0.544312573890096,0,0.00381099598834967,0,0,0,0,0,1.77741948922393,0,0.000349988468449958,9.42113051442426e-05,0.0982305929324269,0,6.04102559717519e-05,6.40144311524718e-05,0.0699490726485223,0.0030364938859786,0,0.000292141275663089,0,0.000367984503223614,0.00156085974979136,7.34688109853797e-06
0,0.000517753514969993,0,0,0,1.20641241909061,0.000787107873587345,1.35541210452437,0,0.000577296036825759,0.0102474077998876,0,0.00162973571871598,0.0253681100943675,0,0,0,0,0.000198132332923163,0.00137441094038501,0.000628580358567686,0.000140340801913307,7.08981676449711e-05,6.94594125846739e-05,0.00293840504721897,0.00114171630062237,0.000699720147401737,0.000331063242102844,0.100396837088017,0.000734163125013051,0,3.55603819914731,0,0.156111017955939,0,0.000365851750816411,0.00984204706999353,0.0402176429311269,0.0101983728237887,0.215903684681106,2.67380940284683,0,0,9.40688103171733e-05,0,0,0,0,0,0,0,0,0,0,0,0.000129988161209474,0,0,0,0,0,0,0,0,0,0,0.000521248376182711,0,0,0,0.000289546836259359,0,0,0,5.43460469915784e-05,0,9.27246647688985e-05,0,0,0,0,0,7.04203127264522e-05,0
0.0258828162183865,0.000184967746497809,0.00320634465597987,0.00948797793062865,1.20641241909061,0,0.407909546546291,3.61238230425754,0.0133774461036378,1.58624775911591,0.00626702298207758,1.89953570557168,0.00252936998992676,0.238787160261068,2.688569734534,8.19056576932269e-05,0.0025369821898948,0.00116264067477728,0.000763340421502261,0.155211013685609,0.00152641353720481,0.000117050399460485,0.00336331892181104,0.112614346496858,0.0032038608168577,0.00415834409417911,0.00154388704894916,0.0469412731827202,0.173124977797582,0.00649505602923002,0.00047118577046959,0.216533882648386,0.00388201732294393,0.0714004098064785,0.197074311690612,0.00705964871151136,0.0117921502405889,0.0820556423680624,0.0108590154548526,0.779972089856541,0.0990605864838655,0.00154604505680217,0.000724369916373714,0,0.00149854724470117,0.000520932147582059,0,0,0,0.000220930006552557,0.000156975438797531,0,0.000455281883632442,0,0.000843902325258492,0.00146793154142166,0.000246568749418686,0.00148758294605423,0.000674469100233616,0.000166974994759192,9.21738079906614e-05,0.000464010272059634,0.00127275025496232,0.000109083617747253,5.01427966323139e-05,0,0,0,0.000644591329917697,7.37913261034864e-05,0.000262241941505561,0.000107606617175983,0.00473521465234635,0.000698527649837006,0.000254207138697616,0.00036530692980418,0.00289323149833335,0.000778081082466329,0.000414379980047989,0.000303699329172149,0,0.0003727100698368,0.000826867038105014,0.000377118972540955
3.00828474207839,0.00238038319743923,0.105042194521879,0.0797426763559853,0.000787107873587345,0.407909546546291,0,0.203708037423319,0.198356876617128,3.86142389657197,0.00626318682105695,0.0311037218027548,0.00275367629078973,0.725367229192146,0.00596790048450657,0.00287728638867281,0.0424881070930821,0.00485060905339278,0.0101099242918481,0.0909672894228746,0.101217349607705,0.00809384804786945,0.107389842299034,0.302026380706616,0.00160293013040309,0.0603682950989151,0.021669380888475,5.46752561643164,0.282638380225459,1.73035391331868,0.00117210152619297,0.00440313054782951,0.0968570660825913,0.116004510894402,0.00116603633536422,0.0884847729649207,0.0415110348799242,0.216341260829654,0.0940371603495842,0.011451151204984,0.00962329777270751,0.000648910132970808,0.0118685336856266,0.000858872158250005,0.0174752546169452,0.006445761364755,0.00100879090969779,0,0,0.00713344560628296,0.000828837715166536,0.000774373579811372,0.00442618549680489,0.000226252253512979,0.00273282502122768,0.0196512510244986,0.00104178635202941,0.0176490108536216,0.0077521115293922,0.000299862446033635,0.0014156238678752,0.000505212448784088,0.0141945435702158,0.0011935031346882,0.00102355799015442,7.17984127365755e-05,0,5.3809559566935e-05,0.00422378967513582,0.00244046450584334,0.00251228748211163,0.00198326917576013,0.0593908548162024,0.00115691304737885,0.000820199095554887,0.00407817718730932,0.0288907745589615,0.0113693629152998,0.00815356357252838,0,6.14459271472897e-05,0.0025554131374183,0.00735572116257164,0.00170542664561065
0.162432948005411,0.000206744325951394,0.00543389873070355,0.00412987298442715,1.35541210452437,3.61238230425754,0.203708037423319,0,0.0119881673611175,0.626910239312337,0.00570235766259211,0.0540296758574545,0.00195279288917207,3.80257369993949,0.0112669910098399,0.000177521528057064,0.00439111575556004,0.00130393995983322,0.00185768924725308,0.0461831622561566,0.00396476550622877,0.00115602222337474,0.00554171074147951,0.0430040050942395,0.00287434687932644,0.00628178187818007,0.00300847342551855,0.0324421461331628,0.711450945330182,0.0225455199121351,0.00061838474893642,0.154976385346374,0.00485794612004913,0.0469211962367545,0.000200296757518136,0.0058817455326836,0.0135678871248998,0.0601626220370158,0.00867282229978218,0.175088850639518,0.0673956347800296,0.00152761200507153,0.000945857122403512,6.71448483121062e-05,0.00119298037808608,0.000866366140761373,0.000185888601545201,0,0,0.000895963177174182,0,0,0.000383554533157613,0,0.000432435363431142,0.00219275451775596,0.000163953760479793,0.00151892774004427,0.000915425819361468,0.000131019753159379,0.000138427466156776,0,0.00128813617793728,4.77064337009174e-05,6.16624281061023e-05,0,0,0.000205179366962268,0.000131573470960404,0.000389816967232021,0.00040897942747611,0.000119497273732677,0.00606881715549082,0.000152792052870086,0.000484398793272645,0.000218203683856615,0.00370176207953176,0.00132750288800811,0.00118296470150261,0,0,0.000368596203401637,0.000982044749681249,0.000133895965712714
0.0646248035167266,0.171103620034813,0.0185532834216558,0.0961245233404765,0,0.0133774461036378,0.198356876617128,0.0119881673611175,0,0.0646591901494789,0.00408261198731089,1.8378935217267,0.00795334151847549,0.028877373493488,0.0100352455832819,0.0240052138313088,0.0157114874770379,0.00206739409146072,0.00389676655678833,0.215055498628186,0.011320508704192,2.8007745777574,0.00634848758772422,6.12350720148639,0.158420032139571,0.0222708197217353,0.169403306052803,0.242438001139187,0.0547027087532594,0.0732835638810998,0.00688518922729386,0.00142297917090305,0.0599693904917106,0.0355958350470829,0.0324696581739124,0.415333706215046,0.03676834453117,0.0884881972231124,0.049755164603235,1.08443407635823,0.00250217746277964,0.000933106688595225,0.0210944890211507,0.00486683014902896,0.0308090995289491,0.0150464989902696,0.00360025377909082,0.000266785508716616,0,0.0246995078376327,0.0224091744850499,0.000934241638640657,0.0137236372323451,0,0.00740903462251957,0.0459647125645273,0.0018269887276523,0.575797661662811,0.0251608786342323,0.00114303035346099,0.00210355749106899,0.0010155224571122,0.0248347495561604,0.00108421705643249,0.00589311388347351,0.000810242049965881,0.000567220672836473,0.000310668397312707,0.0162916751619915,0.00641458554002938,0.146514827473851,0.00291900502176065,0.198926293082707,0.00489201216490405,0.00133199751261308,0.00611690530578569,0.0640532322827601,0.0187494989699228,0.0146494774324252,0.000205493982842406,0.000141079895582749,0.0112184696743563,0.0120964341864515,0.00186385143915122
0.0690042016255914,0,0.0014201504136424,1.21871942673731,0.000577296036825759,1.58624775911591,3.86142389657197,0.626910239312337,0.0646591901494789,0,0.00172243960677144,1.1430104249134,0.00104087302518605,0.24852890633958,0.0108401330579252,0.000185067516274653,0.000342316669761249,0.000627408405281971,0.000175486453449558,5.31089644730943,0.00210568244742386,0.00065221301471672,0.00221346414808036,0.252195149950002,0.000688743268897169,0.00223095464791224,0.00134641559325849,3.94588410551049,0.109407267936708,0.00429041624525548,0.00017235446013624,0.0033596886310135,0.00954697225671594,0.0536569550623332,0.000233152531031814,0.0228629558814889,0.00858702816450478,0.0760001586063851,0.0384047335477098,0.00797029138115581,0.00302973407340973,0.000359233903652291,0.00152146388685188,0.000127246135081336,0.00139066074859994,0.000121947129797916,0.000766909689864356,0,0,0.00108717685533625,5.47341859807485e-05,0,0.00269701473389488,0,0.00235843335329777,0.0046441516572114,0.000633982999288677,0.00392298501454597,0.0081777029623556,0.000155786183957626,0.00118561570501276,0,0.00399706701701612,0,0.000161968666453219,4.75485041883132e-05,0,0,0.00344302782378162,0.00020979932213373,0.000156839562537195,0,0.0209308570543845,5.07923833347771e-05,0.000196433453357645,0.000220552148643186,0.00630714234627905,0.000972129365192726,0.000264264504968176,0,0,0.000113998880575677,0.000833010070357175,0.000193688322522712
0.00806251629462182,0.0196069182181161,0.00991865908789569,0.00028644622518883,0.0102474077998876,0.00626702298207758,0.00626318682105695,0.00570235766259211,0.00408261198731089,0.00172243960677144,0,0.00219791169772693,4.2112328542692,0.0132656942607419,0,0.00129421585785805,0.00904405934715794,1.90774000806231,1.63672333110561,0.00279548075880885,0.0168291907474952,0.00727233028960967,0.0147962326561255,0.00195730129748661,1.78195305361127,1.17551166769489,0.224076587498559,0.00771917819021889,0.127357118616379,0.0176553448749755,0.495979005276401,0.0791975419063116,0.00823333507101583,1.12582470458336,0.00185163079478844,0.149709821444104,1.22835156798777,1.29478351286156,0.140426391127933,0.00428107478398789,0.0544039912444259,0.341742253968155,0.0180422407677163,0.0325327213778183,0.0257236849724867,0.00660001686223131,0.000123950189059254,0,0.00107850941711002,9.91374235117942e-05,0.00714039148331847,0.000444862305474459,5.6738764388567e-05,0,0.000104622171250036,0.000658575452003388,0.000219861849018875,0.000304352660004682,4.080715949022e-05,0.037902047574017,0,0.0660539060807769,0.000540495737216368,0.000263997229377391,0.00010995152380001,0.00161480323643902,0.0420497597030083,0.0155333691553352,5.55499027908679e-05,0.000918694809462084,0.00132818899397019,0.00146215258418911,0.000751389043213201,0.277347734369774,0.0872026343273056,0.021301777005382,0.000354097122318742,0.00102322763979921,0.00031046310507942,0.0255763013860425,0.000239653537088588,0.000152478900208634,0.00579928882636398,0.00146213039071964
0.00388939276664687,0.000151957117151824,0.00010271227930859,1.15151800340841,0,1.89953570557168,0.0311037218027548,0.0540296758574545,1.8378935217267,1.1430104249134,0.00219791169772693,0,0.00117202882682901,0.0970151283549534,0.379839666097231,0,0,0.000352617489567857,0.000543255745506387,10.4331107772178,0.000468439251330621,0.000345391119439759,0.000272067266263686,1.12204231900596,0.00136911103806193,0.00065308487055347,0.000568976386708184,0.023904225552961,0.0678632603914582,0.000720674065303132,9.28157646509081e-05,0.00160780185464251,0.00117704796632445,0.0535234475597318,0.703654891394718,0.0329722765150103,0.00719441466996715,0.0332606703291475,0.00291120678378463,0.429059669060115,0.00322497861912504,0.000265319307721159,0.000443428940331009,9.52403128240682e-05,0.000833929336037981,0.000259393994925835,0.00116473080966058,0,0,0.000158430394891444,0,0,0.0350923679867228,0,0.000907395929251509,0.000762333639644927,0.000202819530102863,0.000812453619427577,0.00202941333709362,0.000102450144493643,0.124223128143474,0,0.00107162602337369,6.54458182126373e-05,0,0,0,0,0.152069694867501,0.000363265146924532,0,0,0.00491698760717549,0,0.000179737105843593,6.18186611956715e-05,0.00123409920527768,0.000234020178442041,0,0,0,0,0.000316474662360122,0.00974817319578631
0.000713381584685549,0.0329521441270333,0.00387791483907458,0.000583412404174517,0.00162973571871598,0.00252936998992676,0.00275367629078973,0.00195279288917207,0.00795334151847549,0.00104087302518605,4.2112328542692,0.00117202882682901,0,0.0024938705224754,0,0.00203620364402712,0.000781054089636481,0.0329338167696522,0.00317341484627931,0.000893271951939209,0.00263946766337017,0.0253646777163383,0.00434730213967619,0.00152810792602503,6.86133514820017,0.46446094403436,0.632155704228933,0.00340852726160637,0.0195053042958435,0.00177650510199198,5.57377606982623,0.0101832175917658,0.000539853715861439,0.0643870827899033,0.00158045685310685,0.470076576261959,0.71716344308026,0.526324129486602,0.617241028754246,0.00102246880573162,0.020366472550921,1.95502784195412,0.0686155914380879,0.029775996970972,0.0206383797010951,0.0729191378630103,6.45114220218538e-05,0,0.000802255887129949,0.000289624869192723,0.00484882360283364,4.85666933946948e-05,0,0,3.57843044511896e-05,0.000332099310069944,9.93705767971705e-05,0,0,0.0555037122145008,0,1.00941837196096,8.23220054421158e-05,0.000181345827575134,0,0.00144595486534973,0.029833462821754,0.00914412438463615,0,0.00040636635754293,0.000465854859814287,0.00196938748011455,0.000670732222070341,0.310536292229528,0.0577445862171416,0.011773619941742,0.000124211213378736,0.000724970333098318,0.000322278881457351,0.448332733547158,0,0,0.00302911318546957,0.00114795600844979
4.06950370480585,0.000297657254588875,0.0151741868030056,0.015402020693449,0.0253681100943675,0.238787160261068,0.725367229192146,3.80257369993949,0.028877373493488,0.24852890633958,0.0132656942607419,0.0970151283549534,0.0024938705224754,0,0.00229022049415452,0.000883655580029142,0.0155499337833676,0.00554825510221169,0.00841562304239257,0.108849450600579,0.0125049779718406,0.00628502310559975,0.0191700676582225,0.0766198392396694,0.00390007507486032,0.0223616518650171,0.0116303363300607,0.131651045860338,6.425252083919,0.176376033134919,0.00106844999694761,0.0665107189591106,0.0301417093095401,0.206448003504593,0.000448036068697779,0.0196219608135763,0.038614879218281,0.191626670720331,0.0209693043222182,0.181449180966334,0.0202296055745784,0.00220591419548342,0.00575624493119374,0.000724291070835423,0.00685834795263326,0.00314689845779878,6.14454175883461e-05,7.02931822797737e-05,0,0.00310101939476359,0.000468010990037218,0.000224153309741045,0.0003483430950819,6.20676673909917e-05,0.000227137558211901,0.0061447419419644,0.00083285794648284,0.00414875830877538,0.00196005082464373,0,0.000228531672346819,0.000507889015657861,0.00317736246825332,9.57387733113522e-05,0.000508634767735751,0.000204795461419846,4.05240890763913e-05,0.000481139573693942,0.000326985305009777,0.00100905748236486,0.000933952384791839,0.000627486548672155,0.0179290237695824,0.00116617283643393,0.000441583576714195,0.00100733762252762,0.0130069330840735,0.00434867566454058,0.00269760017405764,0.000226982502286698,0.000173205410696455,0.00112238627738261,0.00233021067046171,0.00037228544426166
0.000487585702418802,0.000186179501999603,0.000398083906231507,0.000396879232128356,0,2.688569734534,0.00596790048450657,0.0112669910098399,0.0100352455832819,0.0108401330579252,0,0.379839666097231,0,0.00229022049415452,0,0.00031648924749929,0,0.000318361603343569,0.000163973275082482,0.0102550748906492,0.000743029655460914,0,0.000992616847333545,0.00550399750562285,0.000597699492046466,8.8010088619174e-05,0.000127108176418304,0.000534404680417162,0.000836280966989353,7.67066739016634e-05,0,0,0.00028151379296174,0.00214796447137308,0.162536417197684,0.00440195667952817,0.00635407066233232,0.00263693924349467,0.00119148745204009,0.0086627226894721,0,0,0.00593337154513984,0.0185965677325048,0.0186906552483226,0.00783794034100203,0.00424686054320809,0,0,0,0.000191702352013923,0.000472134042009082,0,0,0.000778411506616866,9.0436376233051e-05,0,0,0,0,0.000589678568417008,0,0,0.0488798446384084,0.000609178219993653,0,0.000109902954377735,0,0,0.00336796337549934,0.000202040062595634,0.00287020576723665,0.000543063198320186,0,0.000275813246848666,0.00128501114434293,0.000294035008243668,0,0,0,0,0,0.000900236383745388,0.0140570823344573
0.00141228055988735,0.176232269012115,0.0252629353380204,0,0,8.19056576932269e-05,0.00287728638867281,0.000177521528057064,0.0240052138313088,0.000185067516274653,0.00129421585785805,0,0.00203620364402712,0.000883655580029142,0.00031648924749929,0,0.0134481536912926,0.00128682183760422,0.00210417658227025,0,0.483999484608318,6.84052567687769,2.86920732435546,1.75476084592028,0.0180524780310575,0.0116625703895354,0.97325644543127,0.730814087037715,0.0024839678224745,0.0132268376096204,0.000148558255371774,0,0.00227893525372531,0.0414946939332848,0.00544809727162271,0.222363312571179,0.237805022644015,0.234901306372176,0.0713160347481251,0.00973761159502222,0.000688719387325239,0.00114521924512038,0.0515614696293749,0.0230529849115234,0.0266671455879035,0.0175056812731387,0.000276014891974981,0,0,0.0082486925859818,0.0282600407691936,0.00256777092274186,0.000129428243802788,0.000125607823559101,0,0.00305543130384905,5.81021873466616e-05,0.0416746698923408,3.81351060734147e-05,0.000369061935081103,0,0.000328361818577394,0.00272370218329094,0.00190091535354909,0.493583875968374,0.00284550710623265,0.0002851957070599,0.000479769565456279,0.000182793556947484,0.126159816395222,0.651616657603045,0.141420430971077,0.0463401859115079,0.00425764963689335,0.001167141750404,0.025882736280912,0.0245742781898506,0.00529467697387188,0.0126955935794152,0,0,0.00166827587839645,0.00722102198686399,0.00593181121510876
0.0804750986794571,0.0530703568275574,1.76922468130462,0,0,0.0025369821898948,0.0424881070930821,0.00439111575556004,0.0157114874770379,0.000342316669761249,0.00904405934715794,0,0.000781054089636481,0.0155499337833676,0,0.0134481536912926,0,0.0179425619402097,2.02913612875823,0,0.075456559873816,0.0279361599413828,2.27532843845714,0.0116205062528606,0.00128525095938689,1.44378882108563,0.381773345794784,0.0346540169570036,0.0197040167704312,0.134060529869265,0.00118715594368335,0.000663012636377911,0.0124451472150911,0.199161163635548,0.000733622153642466,0.0621366084022263,0.439655812386632,0.141411399682281,0.0492645188463612,0.00105762015303249,0.000124969928963223,0.000709805777150713,0.00506827042796819,0.00351551203346349,0.00568089242817819,0.00230187554732439,0,0,0,0.000201805632717784,0.0228097826570837,0.00394669616154941,0,0,0,0.000880804381638622,0,0.00155983638897168,0,0.000213951766292898,0,0,0.000295769579281062,0.000294284922282135,0.00136986210159115,0.00372401944667841,0.000455794559054011,0.00156678497247082,0,0.00101558051328957,0.0114124922716298,0.00287879370503409,0.00157787285129803,0.000649349161673168,0.00274095120567776,0.0331775031654269,0.000868240305737702,0.00048823318334745,0.000831211762852456,0.000146726283387119,0,0.000316495612422332,0.00171193910026024,0.000645712764975668
0.014312075256442,0.0149474975740285,0.0105976922313654,0.000148883481848553,0,0.00116264067477728,0.00485060905339278,0.00130393995983322,0.00206739409146072,0.000627408405281971,1.90774000806231,0.000352617489567857,0.0329338167696522,0.00554825510221169,0.000318361603343569,0.00128682183760422,0.0179425619402097,0,3.24250760096809,0.000416646607792597,0.00771308288927787,0.00774325837010274,0.00571282482400604,0.00148247037289353,0.0947533776726868,0.679114758406301,0.10010197721028,0.00288946009868422,0.024560807627692,0.01336062272731,0.0577546236280721,0.00788924700237847,0.00868836713809574,0.155859693735786,0.000568775297037593,0.0632508035885538,0.339221616218486,0.179045694753953,0.105081211415547,0.00122875732169622,0.00764275013415981,0.000731181095308984,0.00578370401690977,0.0121897358827161,0.0177478947977518,0.00359202992533214,0,0,0.000299262204528611,0,0.00536444358643558,0.000925808123861945,0,0,0,0.000104814545977829,0,0,0.000132608034187668,0.00484253738776695,0,0.00325289899452647,5.54306280003899e-05,0.000506662395515153,0.000165794314308946,0.00139743905450519,0.0134189015109211,0.0152681606155412,0,0,0.000957804450148336,0.000398940486277638,0.000374089749282839,0.11593609571267,0.0281863095851171,0.0134365847776616,8.54638333570249e-05,0.000252839851513003,0,0.00339804019873369,0,0,0.00399167991273687,0.000529311913468721
0.031165328166841,0.0202515483875274,0.066198457202565,0,0.000198132332923163,0.000763340421502261,0.0101099242918481,0.00185768924725308,0.00389676655678833,0.000175486453449558,1.63672333110561,0.000543255745506387,0.00317341484627931,0.00841562304239257,0.000163973275082482,0.00210417658227025,2.02913612875823,3.24250760096809,0,0.00031539692793518,0.0236009663325806,0.0116828796894608,0.0407429758406883,0.00142957502985067,0.0264745619305937,2.18597157626051,0.118028749512555,0.00721037527442222,0.0261995907896647,0.0424655854694732,0.00654734653140559,0.0076334256251132,0.0134211698815661,0.599912020021255,0.000242084411321288,0.04052469252854,0.218069359469441,0.208068701321643,0.052763532870386,0.000971592172368716,0.00353067418739268,0.000432985388641879,0.00321637208022643,0.00625030723263357,0.0112416504497485,0.00314955924001042,0,0,0,0,0.022258673533431,0.00130319943522568,0,0,0,0.00023171494759564,0,0.000372484921962674,0,0.00139643312856881,0,0.00055458378292729,0.000261465535122792,0.00031082975801091,0.000298549094921059,0.00133940412621637,0.00212328876995983,0.00722294410283155,0,0.00011327690513643,0.00152781359198169,0.000752726976364977,0.000447305741350212,0.0226724404250229,0.0186449875422976,0.0181083580038569,0.000237365044557879,0.000195689664476729,0.000213265897563043,0.000286817462290482,0,0,0.00163438998164382,0.000627847604347969
0.0468065391678143,0,9.48125232171776e-05,12.4339562371267,0.00137441094038501,0.155211013685609,0.0909672894228746,0.0461831622561566,0.215055498628186,5.31089644730943,0.00279548075880885,10.4331107772178,0.000893271951939209,0.108849450600579,0.0102550748906492,0,0,0.000416646607792597,0.00031539692793518,0,0.000483791571087385,0,0.000197256449813192,1.90863930019243,0.00119954763786428,0.000894812287160998,0.00102993431658687,0.416134097418871,0.0941970565755106,0.000971899770689805,0.000196727141899382,0.00452114990526309,0.0121887566795666,0.0852679796496165,0.000102508303361458,0.0108747825403521,0.0138592977779944,0.0706428365149235,0.0329598986633419,0.0580299379713038,0.00862830223334703,0.00101929168098221,0,0.000306744541421072,0.000581385375966949,0.000199602181122914,0,0,0,0,0,0,0.0345799223964699,0,0.000623019944410733,0.000891358665236502,0,0.000846516333149635,0.00225980790627202,0,0.0302937118123437,0.000221415614817984,0.00176646296989254,0,0.000190021628269088,0,0,0,0.151823529324029,0.000175204790469558,0,0,0.00473128345039857,0.000395026488620467,4.57306981182237e-05,0.000136792743824186,0.00157928610516578,0.000478434402675015,0.000533795957732806,0,0,0,0.000248318834384005,0.000249309267750035
0.0308934620483839,0.00147425654673874,0.173120650880643,0.000473394282413881,0.000628580358567686,0.00152641353720481,0.101217349607705,0.00396476550622877,0.011320508704192,0.00210568244742386,0.0168291907474952,0.000468439251330621,0.00263946766337017,0.0125049779718406,0.000743029655460914,0.483999484608318,0.075456559873816,0.00771308288927787,0.0236009663325806,0.000483791571087385,0,0.154728225811782,8.99015653811428,0.0635060020719367,0.00196374447602384,0.0401386652139085,0.0556846580501024,2.64091769869367,0.686853934227888,3.98375296863305,0.000171635238786039,0.000751528438328303,1.0632988195105,0.697859646657154,0.0183294268190452,0.545004455077666,0.244969170024963,1.04914412358941,0.125255801461097,0.0235388141690099,0.00378201102278306,0.000506610881569477,0.0192186942076717,0.00318451926015346,0.0095582924608808,0.00805441922043045,0.000400862706844557,0,0,0.00394855826900865,0.00202726642010142,0.000561280869921195,0,0,0.000249451706754373,0.00344363260855307,0.000148504269983547,0.019075220560775,4.071607607028e-05,3.19389176599155e-05,0,7.01130707023486e-05,0.00308788980716786,0.00700827534439457,0.0327945628646473,0.000889323362947441,9.68804297708861e-05,8.80236365678596e-05,0,0.0239128001493226,0.113048432470601,0.0183886756779431,0.0254251226492363,0.000561941797707576,0.000656544160949128,0.00468282634641208,0.0202739800615646,0.00612400775066917,0.00808252207201509,0,0,0.00216842826524417,0.00389120612769175,0.0193989724111135
0.0107998396712462,2.65069394872569,0.1110970316316,0.000210077032593931,0.000140340801913307,0.000117050399460485,0.00809384804786945,0.00115602222337474,2.8007745777574,0.00065221301471672,0.00727233028960967,0.000345391119439759,0.0253646777163383,0.00628502310559975,0,6.84052567687769,0.0279361599413828,0.00774325837010274,0.0116828796894608,0,0.154728225811782,0,0.296515035674858,1.33990115823178,0.71528472846247,0.0384238247854474,1.67413137073609,0.104691138216592,0.0131598449692181,0.0434593337909122,0.0115121920074114,0.00055666557546395,0.0104834906597771,0.0444646921130433,0.00333049025311695,0.123404827293981,0.163257685585314,0.176848361716544,0.0603460681141969,0.00520729479124877,0.00222606628028157,0.00068641515869701,0.072921509143381,0.0304692208435197,0.0415755199909377,0.039163941035894,0.000505321873137806,0.000204016941079031,0.0114932458730792,0.0289494295188171,0.69811349230806,0.00454847237872663,0.000110395650084265,0,0.000292813557290737,0.00927724472656144,0.000306752412114042,0.331699408457434,9.57188375834573e-05,0.000172050660006643,6.44261655057773e-05,0.0137275738346945,0.00943646165928611,0.00225044045370611,0.274879890306347,0.00588113569605155,0.00105610407973583,0.0017565853874802,0,0.064932159004836,0.902966289273947,0.0980521719445227,0.0919842409335688,0.0676552069241528,0.00400546641247208,0.0743791660086368,0.0570440799303478,0.0118508630109465,0.0232672137126649,0.000380222835224629,0,0.00701858456428065,0.0132507650312815,0.00483843236855226
0.046961495753503,0.0118885165323054,5.23155601338196,0.000387385525204766,7.08981676449711e-05,0.00336331892181104,0.107389842299034,0.00554171074147951,0.00634848758772422,0.00221346414808036,0.0147962326561255,0.000272067266263686,0.00434730213967619,0.0191700676582225,0.000992616847333545,2.86920732435546,2.27532843845714,0.00571282482400604,0.0407429758406883,0.000197256449813192,8.99015653811428,0.296515035674858,0,0.0976266080238522,0.00238477141357291,0.159086822176427,1.88438389471087,0.802697025695123,0.466675007618442,0.296991643650468,0.000888980257588136,0.00120411536684405,0.271873406905141,0.416457125048679,0.0330802538585699,0.906472484943132,1.06661633212949,1.52557102649663,0.210659123366608,0.0372446824111288,0.00258407350036804,0.00165852362736749,0.0423196919717863,0.0139280153227775,0.017866820517383,0.0131287610786695,0.000265021594054449,0,0,0.00259317460543939,0.0141004402239849,0.00185824553948064,0.000168287280085787,0,0,0.00213212682869355,8.40463506608263e-05,0.00628682967616109,0.000148389151140765,0.000180160783257305,3.63340876947998e-05,0.000289745019342575,0.0019006732795516,0.0062334026906823,0.116503731650535,0.00171475610849427,0,0.000629752601320921,0,0.0205362657215348,0.201376531707863,0.0754806847268139,0.0197144676180547,0.00161788632661228,0.00111716494932872,0.0565608921294304,0.00770170809151282,0.00175250338585416,0.00341133613976268,0,5.31445065370187e-05,0.000325843118620876,0.00343086926360394,0.030989914187635
0.0607455085664325,0.0474948134223419,0.0288956568528048,7.74599848994729,6.94594125846739e-05,0.112614346496858,0.302026380706616,0.0430040050942395,6.12350720148639,0.252195149950002,0.00195730129748661,1.12204231900596,0.00152810792602503,0.0766198392396694,0.00550399750562285,1.75476084592028,0.0116205062528606,0.00148247037289353,0.00142957502985067,1.90863930019243,0.0635060020719367,1.33990115823178,0.0976266080238522,0,0.0183711752138223,0.0183146333768667,0.165475567807784,3.75772125625465,0.110871889778096,0.115376796207013,0.00143904233966084,0.00229180906407515,0.0506212138485029,0.0644395442925889,0.00228905161538575,0.0865106766626277,0.0454530057314257,0.147384856701269,0.0523012053069018,0.0378564147425231,0.00517215899114703,0.000471135915316774,0.0489420567326394,0.00432937461291681,0.0501538308008781,0.0246126963637433,0.00660248285055832,0.000984936713547729,0,0.032188544910116,0.00604476126888623,0.00137757638135885,0.80670331474887,6.72649023825715e-05,0.00789357622514682,0.0608817023826503,0.00503588395107583,0.127040438917953,0.0306762701313212,0.000732851156186379,0.00805489080138379,0,0.0384795780824309,0.00154819993957657,0.0228097690013087,0.00148827687162627,0.000392344037019015,0.000728106045850186,0.0268318025918885,0.0176854532077012,0.0540421272944655,0.0113061829700135,0.963871356164911,0.00108850940881668,0.00127122814153186,0.0126687675377955,0.126304400091983,0.0385921033605881,0.0297501480502384,0.000152744711281682,0.000314305982998545,0.0131356161716106,0.0230037920721296,0.00355769328911649
0.000570019755217199,2.3991875252795,0.00257943498178509,0.000150080411407614,0.00293840504721897,0.0032038608168577,0.00160293013040309,0.00287434687932644,0.158420032139571,0.000688743268897169,1.78195305361127,0.00136911103806193,6.86133514820017,0.00390007507486032,0.000597699492046466,0.0180524780310575,0.00128525095938689,0.0947533776726868,0.0264745619305937,0.00119954763786428,0.00196374447602384,0.71528472846247,0.00238477141357291,0.0183711752138223,0,0.459454190777837,1.48052019127956,0.00287056172622679,0.0299616394990649,0.00233008321189864,1.34458173990082,0.0121873769925438,0.00135753450892045,0.132714729422149,0.000860956331980029,0.105056205764682,1.50517370668879,0.761068052872308,0.128119232897275,0.00210362450008555,0.0148191165044879,2.57345183600206,0.0196488948910467,0.0458197435752195,0.0559636497435547,0.0150746604293426,0.00107116763294231,0,0.00328213343416501,0.00129227796747411,0.145188058858101,0.0047174841405199,0,0,0.00024151257262193,0.00119931233436006,0.000122889296042736,0.00281210378478451,0.000210976458536851,0.0256674734464738,0,0.0663077502274211,0.000286318377716787,0.000724712371005824,0.00345650639990007,0.00424122014069747,0.0426597707077162,0.0298956546548746,0.000167055151272809,0.00213446029142957,0.0328479392618769,0.00384539904584035,0.00187966929223159,0.884679722330851,0.0847404717779902,0.0409511521984993,0.000862052433665599,0.000909441631247131,0.000409870779063723,0.0218573163508473,0.000333542938938346,0,0.0109294166341248,0.00059528433181035
0.0461692563925946,0.0870018716867752,1.88327836822942,0.000515181678808205,0.00114171630062237,0.00415834409417911,0.0603682950989151,0.00628178187818007,0.0222708197217353,0.00223095464791224,1.17551166769489,0.00065308487055347,0.46446094403436,0.0223616518650171,8.8010088619174e-05,0.0116625703895354,1.44378882108563,0.679114758406301,2.18597157626051,0.000894812287160998,0.0401386652139085,0.0384238247854474,0.159086822176427,0.0183146333768667,0.459454190777837,0,3.15392479879555,0.0526997904303863,0.0645628241093524,0.116587028969009,0.466300835635003,0.00918530440840946,0.00824464685037544,0.309808697477363,0.00503598528903908,0.270702629335729,0.887340723147554,0.533631123313676,0.143961818245407,0.00216591514631344,0.00662912634760121,0.00200049699762888,0.025959065688508,0.0436983864938215,0.0670417887267993,0.0143681580376067,0.000136392518143184,0,0.000152048409772912,0.000781018365437465,0.0750486224116901,0.0108162075524045,4.13278341741667e-05,0,6.63824497302656e-05,0.0020476674551761,0.0006476645186039,0.0016918077452891,0.000288199147970038,0.0149927248974638,4.69486419768402e-05,0.0120119974029303,0.0012898569243955,0.00146512593724804,0.00202994027516076,0.0105688428321763,0.0274032381952712,0.0359556277874708,0.000218640948517271,0.00193919393109374,0.0089940062292641,0.00497999874716791,0.0034499089328434,0.27419389753775,0.18296558095974,0.215574939491973,0.00225982293095352,0.00198875734248393,0.000811991162920048,0.00573112638789089,0.000188579923914437,3.45681652467772e-05,0.0172045976033019,0.00412814563815317
0.0167212319172149,1.94155679303696,2.7534888207414,0.000243622730067262,0.000699720147401737,0.00154388704894916,0.021669380888475,0.00300847342551855,0.169403306052803,0.00134641559325849,0.224076587498559,0.000568976386708184,0.632155704228933,0.0116303363300607,0.000127108176418304,0.97325644543127,0.381773345794784,0.10010197721028,0.118028749512555,0.00102993431658687,0.0556846580501024,1.67413137073609,1.88438389471087,0.165475567807784,1.48052019127956,3.15392479879555,0,0.138678151241986,0.0484792398835778,0.0518984316112481,0.689543024501059,0.00650039624778149,0.0059759694186921,0.415172017672501,0.0210783057981162,0.587400082992152,1.12370315394991,1.07775601094385,0.33448623029586,0.0070720844241119,0.00413154534279866,0.00212531860548242,0.0814132019728794,0.0712252068819152,0.115633046064759,0.041150442163208,0.000502989450540518,3.74095218686889e-05,0.00066609692761635,0.00558209253757374,0.208811493574616,0.0435242600445615,0.000303134594772483,0,0.000105404939234717,0.00957914286034964,0.000820767037011845,0.00923627964777073,0.000600539606123893,0.0132588741516327,4.34869368712513e-05,0.0124137047343125,0.00591446557350518,0.0022794924960677,0.0439991954355468,0.0248771999621261,0.026894043899905,0.0420191671113202,0.000144997442786458,0.0103370598723032,0.135273005969824,0.102053831759452,0.0167255038584492,0.287559619568763,0.221105097710145,0.633382715952873,0.0084224280574226,0.00395018129563178,0.00379077093256807,0.00443502580348594,9.62983476934312e-05,0.000343265750299638,0.0306786460796901,0.0211764954640069
0.165466740903779,0.00561203704905308,0.18322105199436,2.37034773515991,0.000331063242102844,0.0469412731827202,5.46752561643164,0.0324421461331628,0.242438001139187,3.94588410551049,0.00771917819021889,0.023904225552961,0.00340852726160637,0.131651045860338,0.000534404680417162,0.730814087037715,0.0346540169570036,0.00288946009868422,0.00721037527442222,0.416134097418871,2.64091769869367,0.104691138216592,0.802697025695123,3.75772125625465,0.00287056172622679,0.0526997904303863,0.138678151241986,0,0.270672390957385,2.24868242138757,0.00104237359168291,0.00373195584947497,0.144089319712284,0.189005417162347,0.00910316236640715,0.277185868310653,0.11947300723684,0.529499936546762,0.160222755995078,0.013090225217217,0.0119652937229517,0.000867808727985945,0.0476561722878837,0.00566562268095284,0.0401745767904843,0.01923544342887,0.00269614401947582,0.000619967654511588,6.08300358787006e-05,0.024415512585982,0.00297347398194365,0.00134269037368699,0.00339012151380571,0.000184442193441239,0.00433589008570336,0.0455173981242088,0.00355775744057216,0.0562811693545074,0.0151818899101406,0.00100699671742947,0.00154452146869131,0.000355002906448937,0.0319641318707469,0.00452766501397948,0.0188830732650854,0.000791901542147232,0.00030315161379977,0.000489880648502215,0.00554671434488935,0.018601979440205,0.0452901774973016,0.0113447526695973,0.156957448587839,0.0011923997656502,0.00109410565256027,0.0164388033323,0.0980498775678681,0.0314549054407201,0.026689673354279,0,0.000259111443839858,0.00628827711677298,0.0183738551267449,0.0108689402278096
