0,0.000780368850546369,0.143752868293116,0.0103692387900649,0,0.00151918174875273,1.6131644552484,0.241875619277788,0.0117009555818373,0.0221145573221418,0.000162491516365775,0.00285682044988183,0,2.69858622360001,0.00114754745006609,0.00274468712385677,0.0262230484744171,0,0.00123080072912674,0.0452240801249209,0.0246093763369516,0.00272707705347541,0.0728276821671793,0.0150427624019363,0,0.00722610212408391,0.00827284952084227,0.143089341844301,3.40962956023411,0.475465408774492,0,0.000190291036129028,0.0115734678005682,0.026377950384588,0.000599977730131964,0.0171595374418992,0.010664280766323,0.0319700197884093,0.0201578508257597,0,0.000592110066597352,0,0.000314209591391729,0.000212721884334487,5.70011531613969e-05,0.000479212012309965,0,0,0,0.000876510505573561,0,0.000156087223486274,0,0,0,0.00017468668012038,0,0.0055719584665076,0,0,0,0,0.000119270199253279,0,0,0,0,0,0,0,0.00116061869543016,3.28638351742335e-05,0.00434496890558175,0.000538019801255667,0,5.55565886788036e-05,0.00217047189013012,0.000437952963195445,0.000713260940486631,0,0,0,0.000236724089679005,0.000243194802236605
0.000780368850546369,0,0.055457344624768,0,0,0,0.000475268405782386,0,0.289639074759921,0,0.0239229602743666,0,0.0331981538398205,0.000126635585492113,0,0.0883489451785909,0.0846660091476114,0.00217969579073753,0.0423821324320816,0,0.00274552639627455,1.70506565300945,0.0128951478794156,0.0733095478382886,1.9704370614349,0.111636291112328,2.27244441670369,0.00432538008313776,0.000859854509733956,0.00371476398740077,0.0226567236263477,0,0.000622639502617789,0.101434567997715,0.000606823909708731,0.0255564018428621,0.182424934758582,0.0912115283883048,0.0124771390268884,0,0.000186307688455845,0,0.00136462005309174,0.0553713673660683,0.0225910771734167,0.00582799588761213,0,0,0.000165630152088295,9.04140834817315e-05,0.0707525930594149,8.08038040527956e-05,0,0,0,0,0,0.0344582773498044,0,0.00335981629220562,0,0.00829871746861133,3.85452936847654e-05,0,0.000465308277378812,0.00888489851827604,0.00201143070674748,0.013241151103915,0,0,0.0496354780856227,0.00141008472374972,0.00152371497344621,0.184460171978163,0.0279132337806398,0.0869066208146439,0.000142730837588057,5.56870289128084e-05,5.6100725599569e-05,0.0037977792506804,0,0,0.0141195032048794,0.000459120936938678
0.143752868293116,0.055457344624768,0,0,0,3.09862236257967e-05,0.0745954650951046,0.000760546872430932,0.00759294168553081,0,0.0208026045731877,0,0.00196902312061595,0.0114323054612746,0,0.0226616310439662,1.89308923881123,0.00128485431456788,0.0167378343234398,0.00021916601975213,0.229576956659995,0.0393862984375847,4.8266601745512,0.011987149744746,0.00741806678764152,1.67894944005326,2.58953298293164,0.252728550369141,0.0213397424198868,0.0979995011475424,0.00123282587921655,0,0.00130097849429173,0.0390545998777275,0.00218971773010315,0.041959251970499,0.204879289755661,0.107278233030391,0.0393941604095629,0.00014785456862136,0,0,0.00118107152447813,0.00162434964622987,0.000454630790394372,0.00102153329561288,0,0,0,7.35549092091125e-05,0.00107280768752739,0,0,0,0,0,0,0.00282938932146725,0,0.000173872467949004,0.00028264668932558,8.64989448897315e-05,0,6.11758890666143e-05,0.000280121305420106,0,0.000118623011568165,0,0,0.000285480773496653,0.00163606548395577,0.00100943498630453,0.00132687349698449,0.00166489315915465,0.000567127305423206,0.00756055658949822,0.000178787587960716,0.000133918299513005,3.49285110677381e-05,0,0,0,0,0.00130180071205047
0.0103692387900649,0,0,0,0,0.00200362203845119,0.199338441378471,0.000495347832395437,0.592608394485976,1.05750766015357,0,0.602742583301853,0,0.00264420537666388,0,0,0,0,0,10.9157195066537,0,0,0.000168704004410608,5.25674706288743,0,0,0,4.24439429634121,0.00531548127795764,4.27283627287673e-05,0,0,0,0.000366108711315725,0,0,0,0,0,0.00511874438949361,0,0,0,0,0,0,0,0,0,0,0,0,0.443723225668762,0,0,0,0,0,0.00146800886286744,0,0.232158046453193,0,0,0,0,0,0,0,1.9043163154238,0,0,0,0.00304839234134,0,0,0,0.000924895090413818,0,0,0,0,0,0,0
0,0,0,0,0,0.012980740808348,0,0.0250330132760186,0,0,9.1398599483955e-05,0,0,0.00107996635668307,0,0,0.00020317187865203,0,0,0,0.000511206583902236,0,0,0,0.000362238969578779,0,0,0,0.0609748120971523,0,0,0.349894814026632,0,0.0334730889441113,0,0,0.000704246622437663,0.0174707703352071,0.000735155934158405,0.0500935407149235,0.385366886172556,0,0,0,0,0,0,0,0,0,0,0,0,0,0,0,0,0,0,0,0,0,0,0,0,0,0,0,0,0,0,0,0,0,0,0,0,0,0,0,0,0,0,0
0.00151918174875273,0,3.09862236257967e-05,0.00200362203845119,0.012980740808348,0,0.139347127769721,1.35182001774845,0.0165125141925802,0.79452591907794,0.000123675206185978,3.17216688130961,0,0.0329528402771795,0.439351638927316,0.000160007970136777,0,0,0.000164042839659793,0.0997124168493525,0.00129785749794606,0,0.00136024345535668,0.00951050927538198,0,8.73164730289275e-05,0.000183994989696846,0.018799743842108,0.411358304049319,0.000102248182959645,0,0.355867218291931,0.000684403400283459,0.0560614078355204,1.58571784125061,0.00421995683640153,0.00442194247241915,0.00388934579427705,0.00177223785028872,0.30400908773848,0.0266240188534478,0,0.00188090144852023,0.00557740181271816,0.000960594752678606,0.000859532002791623,0,0,0,0,0,0,0,0,0.00318346095580721,0,0,0.000567549843470995,0.000314019032131622,0,0.00406826338444386,0,0,0.00111458966132675,0,0,0,0,0,0,0,0.000475564921201099,0.000274824737896635,0,0,3.6252176386746e-05,0.000548457835658292,0,0,0,0,0,4.57863343391444e-05,0.0317301052765432
1.6131644552484,0.000475268405782386,0.0745954650951046,0.199338441378471,0,0.139347127769721,0,0.0284737671448757,0.12431598366193,3.3155299020916,9.41659391408499e-05,0.170331997920872,0,0.777539968914447,0.000564833297865028,0.00469974247329097,0.00535014273247421,0,0.000355081106479184,0.0409562698776168,0.0418018845484092,0.000544500573846692,0.0569127245272391,0.187487972164175,0,0.00351890563057598,0.010302655775945,6.40691366977376,0.350218407418315,1.43408184874405,0,0.000205236444979905,0.00860766849124784,0.00904269278785174,0.000973705738953634,0.00827326074969552,0.00288448976603184,0.0149363915853497,0.00609660506260551,0.00330392951343292,0,0,0.000210900330072408,4.72408355086692e-05,0.000200090364971616,0.000107140096437007,0,0,0,0.000240985058756638,0,0,0.000287805230992364,0,0,0.000494307452265597,0,0.00236269046073831,0,0,0,0,3.49841752207165e-05,0,0.000149475295786439,0,0,0,0,0.000283752765155996,0.000155310273688314,7.82277932860802e-05,0.00633922627010225,0,0,0.000106281222769447,0.00334703865088272,0.000251948089757638,0.00047373946208369,0,0,6.50821294488346e-05,3.61758065392298e-05,6.86492074497965e-05
0.241875619277788,0,0.000760546872430932,0.000495347832395437,0.0250330132760186,1.35182001774845,0.0284737671448757,0,0.000198570129511091,0.190253692617863,0,0.00408060294115073,0,1.78655933843387,0.000211795727967487,6.37841883199264e-05,0,0,0,0.000338671690025874,0.000378145552151102,0,0.000967256106421116,9.29509076788952e-05,0,6.48910218671722e-05,0.000236352024327045,0.00239949873362937,1.16798877972887,0.00059284499118159,0,0.284234018542693,0.000728761154664089,0.0295994384519732,0.00377215549737507,0.000134478036342955,0.000143855331535767,0.00083452794638357,0.000233041530963494,0.00296003074851427,0.0603438831914661,0,0,0,0,0,0,0,0,0,0,0,0,0,0,0,0,0,0,0,0,0,0,0,0,0,0,0,0,0,0,0,0,0,0,0,0,0,0,0,0,0,0,0.000127464225874372
0.0117009555818373,0.289639074759921,0.00759294168553081,0.592608394485976,0,0.0165125141925802,0.12431598366193,0.000198570129511091,0,0.0035147666630269,0.00487627983902565,1.14412571442352,0.013997791114888,0.00562687660232203,0.710515718404548,0.0134801246920601,0.0101059474582146,0.00138766557673835,0.0079714990031748,0.182034773348895,0.00135402329105767,1.36215146090104,0.00300784799617102,5.3778309486553,0.328560052104746,0.025087637942472,0.101729051989876,0.451106025484033,0.013418285853122,0.0229255020063595,0.00577965282893711,0,0.00919438300086903,0.018257798148618,0.308765470757911,0.0338964795534926,0.049126078536721,0.0189685695734816,0.00824885085359104,0.227658496413465,0,0,0.00365570364268915,0.00329541416436597,0.00198001706578545,0.00349407836393666,0,0.000185870781093984,0,0.00321277803986241,0.00656194417770175,0,0,0,0.000282732219546319,0.0280321074211335,0,0.715165330750397,0,0.000627621671602137,0.0647831189880513,0.00187340798856736,0.000525902583901796,0.00413253848274306,0.00507938585896942,0.000779260510586044,0.00123655441318996,0.000782056556770411,0,0.000988520983668929,0.146710773453269,0.00178837914933206,0.0976647068280058,0.0133462138124521,0.000924052647595488,0.00538471576233336,0.0346788699760581,0.00370570051948559,0.00856296486052705,0,0,0.00201642689077739,0.00407075916093607,0.0388361508192254
0.0221145573221418,0,0,1.05750766015357,0,0.79452591907794,3.3155299020916,0.190253692617863,0.0035147666630269,0,0,0.733505159227128,0,0.0913922703966523,0.000472825203161747,0,0,0,0,1.03847270934269,3.80113583133693e-05,0,0.000254462597891952,0.119624398751566,0,0,1.79646770843587e-05,1.52303188113056,0.0243788528628663,0.000602360122101278,0,0,0.000308632180806283,0.000808916102373174,0.137942135200052,0,0.000204247990088547,0.000151616318448768,0,0.000390078523753996,0,0,0,4.56135236213996e-05,0,0,0,0,0,0,0,0,0.000284099995804173,0,0,0,0,0,0,0,8.53501148790105e-05,0,0,0.000297082665290452,0,0,0,0,0,0,0,0,3.90016109978058e-05,0,0,0,6.96043881084005e-05,3.47156584220715e-05,0,0,0,0,0,0.000193163809668162
0.000162491516365775,0.0239229602743666,0.0208026045731877,0,9.1398599483955e-05,0.000123675206185978,9.41659391408499e-05,0,0.00487627983902565,0,0,0,1.89662072334502,0.000322681474385275,0,0.00154503477397116,0.0774443660252165,1.48647179485195,1.40594314813271,0,0.000578232691659254,0.00849047210926856,0.00207260455507209,0.00294312618802104,1.97996671620941,1.05963599800236,0.14869467201417,0.000974789900497541,0.0145790056284548,0.000341964821918021,0.828615791367827,0.00278303118660996,0.000428685660990073,1.30914722078446,0.00033954917548537,0.021540338348425,1.17884537420138,0.888057738252068,0.017944741802039,0.000623981792353713,0.00622699922149774,0.113584381960261,0.000425238708804013,0.0272871539997233,0.00841378626317373,0.00148650225046901,0,0.00018343480143692,0.000945679329071189,0,0.000154614274035624,6.86980138030436e-05,0,0,0,0,0,0.000279618883045153,0,0.0338913437376756,0,0.0216843822175,0,0,0,0,0.00631621755195645,0.00161654121571405,0,0,0.000187591533263202,8.74603146678015e-05,8.92173676743399e-05,0.0344953884595842,0.0214876204992155,0.0166197585389275,2.42738708065835e-05,0,0,0.0106430186050966,0,4.19971572270484e-05,0.00272964084518486,5.14130857202938e-05
0.00285682044988183,0,0,0.602742583301853,0,3.17216688130961,0.170331997920872,0.00408060294115073,1.14412571442352,0.733505159227128,0,0,0,0.00177673896399701,0.93245681566278,0.000227985364645366,0,0,0.000307360839286071,6.72898698990598,0.000275750571507424,0,0.00174035900793253,1.06019049554091,0,0,0.000359773878535055,0.0530301623591569,0.0128126301839125,0.000122418140956286,0,0,0.000196984535650185,0.000956306388759622,1.5644552114936,0.00689639928093694,0.00649372579521436,0.00255652507830448,0.00132975789103809,0.463177578640836,9.98565403999164e-05,0,0.000903128881567895,0.00390978767944008,0.0012458621544098,0.0013587015257801,0,0,0,0,0,0,0.00457494537533967,0,0.00312309101342063,0,0,0.000450277955253462,0.000440323823029633,0,0.115271638490366,0,0,0.00124973239514995,0,0,0,0,0.0552401316903262,0,0,0.000553361143786264,4.16253266128253e-05,0,0,0,0.000303572807033542,0,4.63686737358091e-05,0,0,0,0,0.0686927603357805
0,0.0331981538398205,0.00196902312061595,0,0,0,0,0,0.013997791114888,0,1.89662072334502,0,0,0,0,0.00156830132232033,0.000505399837042264,0.00410026822331115,0.00199571748518053,0,8.05955907578588e-05,0.0194950811153103,0.000184963865447183,0.00118843228113552,3.18609815026427,0.344311765573504,0.651400603819002,0.000102858419947707,0.000227546298305816,9.28660345984695e-05,3.73586021465333,0.00012853845531626,0.000185732075818051,0.0141568871351028,4.40868977339313e-05,0.110506815707633,0.480719538754892,0.0615094933115877,0.0815804198277828,0,0.000108021017522044,0.178548131075797,0.000289642245113947,0.00746898165180408,0.00292188235134089,0.000387098681489133,0,0,0,0,0.000225031531573742,0.00019882970511772,0,0,0,0,0,0.000293999014039238,0,0.00783971665976664,0,0.00696204636103624,0,0,0,0,0.00281687141000186,0,0,0,0.0011795003167062,0,0.000181025140638292,0.0128967913333012,0.00905021245397113,0.00651314255827846,0,0,0,0.00308748322796915,0,0,0.000635633641085456,0.000108749677816834
2.69858622360001,0.000126635585492113,0.0114323054612746,0.00264420537666388,0.00107996635668307,0.0329528402771795,0.777539968914447,1.78655933843387,0.00562687660232203,0.0913922703966523,0.000322681474385275,0.00177673896399701,0,0,8.09645877243039e-05,0.000963582876475806,0.00203722859739964,0,3.93415205924208e-05,0.00897698987133727,0.00435901837413952,0.000551854396765023,0.010997417503333,0.00715341611313754,0,0.000713969989346387,0.0012189228592299,0.0596450194257891,5.72519195581888,0.0886309783107698,0,0.0107921326476082,0.0131272758422979,0.107745946916572,7.70207948610429e-05,0.00131279100430645,0.00157414925516871,0.0130206069889511,0.00194587729941289,0.00281259403946996,0.00766666832893179,0,7.87284669512714e-05,0,7.38092076441577e-05,4.01943611202495e-05,0,0,0,0.000140160923465338,0,0,0,0,0,0.000142806407007201,0,0.000874958580097765,0,0,0,0,0,0,0,0,0,0,0,2.64905603565534e-05,9.76775279492121e-05,0,0.00170414736584666,0,0,0,0.00132464225078687,0.000302084779945239,0.000126974982281711,0,0,0.000136476109734806,2.98716824514655e-05,3.20322924093636e-05
0.00114754745006609,0,0,0,0,0.439351638927316,0.000564833297865028,0.000211795727967487,0.710515718404548,0.000472825203161747,0,0.93245681566278,0,8.09645877243039e-05,0,0.000206413708302962,0,0,0,0.000486506789466698,0.000431747723059575,0,0.000767784560734427,0.000132118313051441,0,0,7.46139783628481e-05,0.000280001092569477,0.0102482638049337,0,0,0,0.000433351915902908,0.000714924517475554,0.273461971047941,0.0178780921263014,0.00529472171868788,0.00333635796884702,0.00338601522487463,2.00133161359828,0,0,0.00921638832342544,0.0111594782749189,0.00390006874691471,0.0116890020686372,0,0,0,0,0,0,0,0,0.00631541352543475,0,0,0,0.00013449434668048,0,0.00920430010268495,0,0,0.0215322942281722,0,0,0,0,0,0,0,0.000334995092012534,0,0,0,0,0,0,0,0,0,0,0,0.0367479209266121
0.00274468712385677,0.0883489451785909,0.0226616310439662,0,0,0.000160007970136777,0.00469974247329097,6.37841883199264e-05,0.0134801246920601,0,0.00154503477397116,0.000227985364645366,0.00156830132232033,0.000963582876475806,0.000206413708302962,0,0.00890780639561885,0,0.000836141065997639,0,0.495900378069018,3.0635897964622,2.16221823416606,2.03356035207679,0.025282497603773,0.00575052107162748,1.09411039661711,0.378552876110938,0.00515309343504779,0.0739934149833556,0.000941827788380193,8.51597581022507e-05,0.00955359268276573,0.0306255184036621,0.00506466297080556,0.120731570901408,0.0622955360630625,0.0902564100189527,0.0594098176389191,0,0,0.00118606385851647,0.0225501956119813,0.0039969008399509,0.0111405298758639,0.0165773252459291,0,0.000157306923421225,0,0.00209787569706805,0.00347080996990463,0.000580750676157489,0,0,0,0.00101593407090067,0,0.143515581326154,0,4.32654680130873e-05,0,3.66543486038417e-05,0.000831264149458639,0,0.0326757722104832,5.10330340345007e-05,0,0,0,0.00650040229837962,0.411946782136038,0.0144000922387982,0.100397945570844,0.00668581631537667,0.000137144848605772,0.0103577199922228,0.035924534051766,0.00227428335319294,0.00896222361584476,0,0.000375163487399681,0.00146468532701281,0.00642064510964788,0.0023332652444715
0.0262230484744171,0.0846660091476114,1.89308923881123,0,0.00020317187865203,0,0.00535014273247421,0,0.0101059474582146,0,0.0774443660252165,0,0.000505399837042264,0.00203722859739964,0,0.00890780639561885,0,0.00529379311894393,1.63692114447072,0,0.0126865934370177,0.0164845877256261,1.54905334562305,0.0104276432498718,0.00550212790087331,1.82152423431651,0.236673834075836,0.00727893807431409,0.0184961654858601,0.0118795649765921,0.001157180052344,0,0.000357029305166914,1.42010854391551,0.000251557068403492,0.00733453283860472,0.0729069963207376,0.10430203305181,0.0058935741792243,0,0.000769720022293103,0,0,0.000626702352661611,0.0003091871080016,0.000369220547397138,0,0,0,0,0.000584211416735574,0,0,0,0,0,0,0.000542227610715929,0,0.000125739608562568,0,0.000137904555552787,0,0.000977358834822195,0.000221666586685751,0.000185925566123173,0.000285212544941182,6.51642160711362e-05,0,0,0.00133494258553632,3.37976852079567e-05,6.90321263004828e-05,0.00112741809923854,0.000647638468162908,0.00112017623671886,0,0,4.62425408631977e-05,0,0,0,6.87245878599413e-05,0.000115559535704384
0,0.00217969579073753,0.00128485431456788,0,0,0,0,0,0.00138766557673835,0,1.48647179485195,0,0.00410026822331115,0,0,0,0.00529379311894393,0,2.82848087130046,0,0,0.00114295131336931,0.000306819145982693,3.84177557426688e-05,0.0922534950339452,0.78094184581512,0.0139299031842986,8.00611864730308e-05,0.00131071046533643,5.06910118991876e-05,0.0158424228736535,0,0,0.0812519160697125,0,0.00172594641113883,0.151010413471285,0.0795997559610126,0.00315689790829722,0,0,0.00028931676599812,0.000205356234331257,0.00944694747525897,0.00276410380264268,0.000447867801611296,0,0,0.00102426141075854,0,0.000840678714690568,0,0,0,0,0,0,0,0,0.00618079305889703,0,0.00470901805932848,0,0,0,0.000116424055798656,0.00265790157055713,0.000210684957364142,0,0,0,0,0,0.0161793032841707,0.00609826359633069,0.00476877579952353,0,0,0,0.00297660483443037,0,0,0.000597297557371436,0
0.00123080072912674,0.0423821324320816,0.0167378343234398,0,0,0.000164042839659793,0.000355081106479184,0,0.0079714990031748,0,1.40594314813271,0.000307360839286071,0.00199571748518053,3.93415205924208e-05,0,0.000836141065997639,1.63692114447072,2.82848087130046,0,0,0.00104627415210922,0.0102811850975988,0.00273651947609707,0.00122116114978165,0.074614811713965,1.86402224124817,0.0545703243784925,0.00040993328090124,0.00290976514415218,0.000155523682345508,0.0090254218001462,0.00114959435824413,0,1.51043250120609,0.000130933300991521,0.00855854276254272,0.578605359718489,0.304095141110502,0.0132228762648957,0,0.00195697042612565,0.000307136070790113,0.000348860257445941,0.0116190570792619,0.00481230270175118,0.000279560078131676,0,0,0.000833189044578977,0,0.00314625080204373,0.000104402732617214,0,0,0,0,0,0.000451321240055771,0,0.00610648242340273,0,0.00466336283176702,0,0,0,0,0.00191097872376752,0.00309949456878999,0,0,0.000417402201131702,0.000111597469922177,3.18981911498141e-05,0.0126591485694093,0.0129784391490457,0.0111380616061466,6.88211528995938e-05,7.84736336097783e-05,0,0.00173349349717076,0,0,0.00148577426703846,0.000204537287134058
0.0452240801249209,0,0.00021916601975213,10.9157195066537,0,0.0997124168493525,0.0409562698776168,0.000338671690025874,0.182034773348895,1.03847270934269,0,6.72898698990598,0,0.00897698987133727,0.000486506789466698,0,0,0,0,0,0,0,0.000169071823178822,1.21717102307012,0,0,0,0.278637243888388,0.0411001297130642,0.000131120718979927,0,0,0.00137147479632981,0.00187543309626143,0,0,0,0,0,0.0037358241192828,0.000167661766512592,0,0,0,0,0,0,0,0,0,0,0,0,0,0,0,0,0,0,0,0,0,0,0,0,0,0,0,0,0,0,0,0,0,0,0,0,0,0,0,0,0,0,0
0.0246093763369516,0.00274552639627455,0.229576956659995,0,0.000511206583902236,0.00129785749794606,0.0418018845484092,0.000378145552151102,0.00135402329105767,3.80113583133693e-05,0.000578232691659254,0.000275750571507424,8.05955907578588e-05,0.00435901837413952,0.000431747723059575,0.495900378069018,0.0126865934370177,0,0.00104627415210922,0,0,0.0484677167941678,6.28425712570518,0.25741595997463,0.00193713676671796,0.00866666659537368,0.115787727642519,2.71250530086398,1.28313932426917,3.74469753347966,7.97830002121636e-05,0.000935783531128154,1.29321001542585,0.375627848729808,0.0166283896899914,0.349371661560421,0.143869177993489,0.213055264171216,0.119336129065182,0,0.000827755645411847,0.000715754302922143,0.0118831132482852,0.00229617293891074,0.00196650416908581,0.00439334635878907,0,0.000115018060447042,0,0.000637387104332877,7.05360407940447e-05,0,0,0,0.000170583776964044,0.000965544151077383,0,0.030803431154568,0,2.9661933179692e-05,0,0,0.000578887406801992,5.3603173868615e-05,0.00987699373822153,0,0,0,0,0.00381791833136282,0.0108125938133069,0.00653612192321987,0.0443349522775059,0.000296217548625341,0,0.000871861197855466,0.019591503027049,0.00110484648805327,0.0046989456047708,0,0,0.000112221616117014,0.0017433960609041,0.00516375707746637
0.00272707705347541,1.70506565300945,0.0393862984375847,0,0,0,0.000544500573846692,0,1.36215146090104,0,0.00849047210926856,0,0.0194950811153103,0.000551854396765023,0,3.0635897964622,0.0164845877256261,0.00114295131336931,0.0102811850975988,0,0.0484677167941678,0,0.126865746027282,1.52564487203311,0.709313364284519,0.0306271375796178,0.862504737142971,0.0453939398156516,0.00334228228438705,0.0364409118790401,0.00703622039479976,0,0.00443220877316203,0.0270029493077736,0.00132449874662453,0.0252981449315847,0.0465726905983077,0.0392083562861768,0.0131253665992532,0,0,0,0.0116194255222869,0.00932281997761386,0.00957204013908777,0.00931147589125809,0,0.000142140885492516,0,0.00101624527968771,0.0585547241574502,0.000632904751350276,0,0,3.86958420061883e-05,0.000487990148464758,0,0.496452012813573,0,0.00115590907649679,0,0.00457664865520404,0.000784952757181962,0.000154946227613704,0.0311572430787766,0.00183520486055271,0.000554897192079553,0.00108048912912241,0,0.00609661896378585,0.757178116688502,0.0118764785839466,0.0676320702532335,0.0859915854561956,0.00381881349301883,0.0295845464812958,0.00988938068194184,0.00140692268223423,0.00356870131960103,0.00085612784870806,0.000136637174477644,0.0013822765384202,0.00470466741140592,0.000521237021142473
0.0728276821671793,0.0128951478794156,4.8266601745512,0.000168704004410608,0,0.00136024345535668,0.0569127245272391,0.000967256106421116,0.00300784799617102,0.000254462597891952,0.00207260455507209,0.00174035900793253,0.000184963865447183,0.010997417503333,0.000767784560734427,2.16221823416606,1.54905334562305,0.000306819145982693,0.00273651947609707,0.000169071823178822,6.28425712570518,0.126865746027282,0,0.104023577054326,0.00443579261031063,0.130812539113771,2.02985770119313,0.452629156285924,1.03764545749375,0.174254280359584,0,0.00151255782357726,0.129273640904531,0.130097666675599,0.0481123267986,0.481218385895533,0.249791297865976,0.472276662034697,0.228220554524853,0.000646238092717135,0.00140562075262895,0.000263938934041408,0.0162713140975025,0.00391281182918634,0.00262725827799105,0.00513953233060438,0,0,0.000229264250173314,8.76119544586937e-05,0.000487948447901567,0.000238109824761428,0,0,0.000214080343004887,6.12603945801825e-05,4.27642293759352e-05,0.0254391259673938,4.64051449323606e-05,0,0.000454823924737144,0.000296229033821147,0,0.000220974458977842,0.00688509522352999,0.000165097550224567,0,0.000104599608961694,0,0.00249356641468926,0.0453262578241926,0.00473930010577638,0.0192150745191837,0.00112528549832289,9.56075928134422e-05,0.00579182887850493,0.00496208834156744,0.000395612601295853,0.00118402874415643,0,0,5.35695434210476e-05,0.000683282882641833,0.0147750970969096
0.0150427624019363,0.0733095478382886,0.011987149744746,5.25674706288743,0,0.00951050927538198,0.187487972164175,9.29509076788952e-05,5.3778309486553,0.119624398751566,0.00294312618802104,1.06019049554091,0.00118843228113552,0.00715341611313754,0.000132118313051441,2.03356035207679,0.0104276432498718,3.84177557426688e-05,0.00122116114978165,1.21717102307012,0.25741595997463,1.52564487203311,0.104023577054326,0,0.0228742608093203,0.00926926529611307,0.187585241435927,3.50368874810544,0.0309845808185613,0.167962165903335,0.000585456674903027,0,0.0210200922690258,0.0412132456292386,0.000482796898424421,0.022591776279061,0.0124664821612047,0.0194416468061392,0.00772400747150241,0.0305114472062073,7.76920392363215e-05,9.30185655242644e-05,0.0115095816439733,0.0018311708664204,0.00805311151764778,0.00802006105127554,6.36732486608794e-05,3.64789635077252e-05,0.000375909073220308,0.014243964716677,0.00162912787901171,0.000181608798211984,0.0727524451066609,0,0,0.0139200867740666,4.39841345707404e-05,0.1964956895874,4.63037138152659e-05,0,0,0.000255638461544045,0.004325148404779,5.70192829658961e-05,0.00773413995674901,4.72312803503731e-05,8.8362045090884e-05,8.15701793430868e-05,0.00101166943907879,0.00481062210480333,0.0369539208306474,0.00403556561965885,0.385250145691693,0.00272967941586864,0.000262845592788125,0.0044016865685913,0.126510768372315,0.0183611236848132,0.0364645044436548,5.65364020997132e-05,0,0.0054135566481937,0.0134523862493384,0.000195325110107843
0,1.9704370614349,0.00741806678764152,0,0.000362238969578779,0,0,0,0.328560052104746,0,1.97996671620941,0,3.18609815026427,0,0,0.025282497603773,0.00550212790087331,0.0922534950339452,0.074614811713965,0,0.00193713676671796,0.709313364284519,0.00443579261031063,0.0228742608093203,0,0.590584514599146,1.20287254359149,0.00165438259130903,0.00330027792452238,0.00128583478809546,0.697228151709043,0.00121528959578733,0.00028943007471342,0.0929690734296308,0.00022652080185554,0.0288354589077933,1.52028833279415,0.343093485434821,0.0138121031464355,0.000201850235682947,0.00164367553088172,0.0813803389166514,0.00148600222020162,0.0651948505352327,0.020924881562707,0.00413287215834856,0,0.000711839600814652,0.00116934096163068,0.000101270170203571,0.023408990931285,0.000552096992067617,0,0,0,0.000110116809679829,0,0.0387195793424479,0,0.0426063103977695,0,0.0377373832466378,0,0,0.00114918330738129,0.000426957708067749,0.0152315425841071,0.00711397783265317,0,7.55237664538026e-05,0.055161562010067,0.000490050315238078,0.00225256492279455,0.234361404333806,0.0517993301398385,0.048415512123322,7.07095220415111e-05,0,0.000187523238971912,0.0181713981520308,0,0,0.00592018986890777,5.99425961905772e-05
0.00722610212408391,0.111636291112328,1.67894944005326,0,0,8.73164730289275e-05,0.00351890563057598,6.48910218671722e-05,0.025087637942472,0,1.05963599800236,0,0.344311765573504,0.000713969989346387,0,0.00575052107162748,1.82152423431651,0.78094184581512,1.86402224124817,0,0.00866666659537368,0.0306271375796178,0.130812539113771,0.00926926529611307,0.590584514599146,0,2.66211136243213,0.0155562286380599,0.00331292761520638,0.00494787028344172,1.10310440276739,0.000707897093393356,0.000216094489625408,0.11295952372699,0.000484253328329941,0.024566955876638,0.471336995132229,0.15112559027284,0.0106981321845686,0.000194475625469797,0.000443116933303459,0.0023996862210301,0.00185134173429751,0.0673585767201218,0.0269329498937121,0.00319338144792434,0,0,0.00161468466240376,3.74043009801484e-05,0.00463144143117662,0.000231124872650517,0,0,0,2.4204223711985e-05,0,0.00117148666362796,0,0.048801570530825,1.85689532146431e-05,0.0422141867479044,0,2.81815307321459e-05,0.000170273370990789,0.000846336102185485,0.0174602949170938,0.00889210587598164,0,0.00011986275467425,0.00149252412211581,0.000122289252850335,0.000264736087787063,0.0710421010251544,0.0834120138695352,0.0810004246490354,3.2520552935897e-05,0.00018391761745909,0,0.0111050921746148,0,0,0.00783735406286862,0.000251831223049212
0.00827284952084227,2.27244441670369,2.58953298293164,0,0,0.000183994989696846,0.010302655775945,0.000236352024327045,0.101729051989876,1.79646770843587e-05,0.14869467201417,0.000359773878535055,0.651400603819002,0.0012189228592299,7.46139783628481e-05,1.09411039661711,0.236673834075836,0.0139299031842986,0.0545703243784925,0,0.115787727642519,0.862504737142971,2.02985770119313,0.187585241435927,1.20287254359149,2.66211136243213,0,0.113167321784168,0.00389089359239708,0.0149957692410149,0.433179617325299,2.18770945130372e-05,0.000628101694166988,0.169929085472055,0.00936874142204011,0.093926499990198,0.221257857435676,0.265692885114282,0.067618605497871,0,0.000186411057545087,0.000556845409284103,0.00608298864704766,0.0558291422178492,0.0247581609763958,0.00426265423213914,0,0,0.000157488049854643,0.000234480255035182,0.0191334399758463,0.00164251132447375,0,0,0.000168570105645385,0.000501088508012071,0,0.0119558495447565,1.45263950101934e-05,0.018356828415414,0,0.0194663466489806,0.000138105723102453,0.000163540084317575,0.00603250135731434,0.00283812085655714,0.0100393859837655,0.00933517613867074,0,0.000610356311427596,0.0338181456147003,0.0217505492128074,0.00339456641530234,0.0593442544294133,0.0639386932326483,0.184905461508321,0.0020897633344703,0.000300560945319352,0.000182974121674083,0.00421199077754176,0,0,0.00846358795509161,0.00546890183538081
0.143089341844301,0.00432538008313776,0.252728550369141,4.24439429634121,0,0.018799743842108,6.40691366977376,0.00239949873362937,0.451106025484033,1.52303188113056,0.000974789900497541,0.0530301623591569,0.000102858419947707,0.0596450194257891,0.000280001092569477,0.378552876110938,0.00727893807431409,8.00611864730308e-05,0.00040993328090124,0.278637243888388,2.71250530086398,0.0453939398156516,0.452629156285924,3.50368874810544,0.00165438259130903,0.0155562286380599,0.113167321784168,0,0.189245969049164,2.48056457914792,0,0.000117385590746187,0.0783629708019671,0.125251575269861,0.00527807667821424,0.130087112839553,0.0360237754245017,0.0988732443972738,0.0548937707827716,0.0036942611753579,0.000171651438727943,0.000160582649189417,0.0110786503467115,0.000681603804775264,0.00522623952291962,0.00564328789851331,0,0.000108816404715746,4.98092324339588e-05,0.00677523736447841,0.000105556842475572,0,0.0028159224123461,0,0.000144405260133729,0.0110937681958536,7.86314832371343e-05,0.116341408348826,7.85042372612472e-05,0.000123984397600493,0,0,0.00317524081786733,0,0.00977555892991547,0,0,5.45935221258134e-05,0,0.00405975181062914,0.0130901520406035,0.00217802268183308,0.213448211389785,0.000516988767716658,4.53605931296976e-05,0.00174560259801733,0.115857231558766,0.0102867701938352,0.0241266171513676,0,7.52498083636101e-05,0.00281558157286991,0.00748654417667352,0.00162734542541031
3.40962956023411,0.000859854509733956,0.0213397424198868,0.00531548127795764,0.0609748120971523,0.411358304049319,0.350218407418315,1.16798877972887,0.013418285853122,0.0243788528628663,0.0145790056284548,0.0128126301839125,0.000227546298305816,5.72519195581888,0.0102482638049337,0.00515309343504779,0.0184961654858601,0.00131071046533643,0.00290976514415218,0.0411001297130642,1.28313932426917,0.00334228228438705,1.03764545749375,0.0309845808185613,0.00330027792452238,0.00331292761520638,0.00389089359239708,0.189245969049164,0,2.00496499119253,0.00027204716958139,0.776099286026747,2.24026840092519,2.61935768052376,0.000213461700864069,0.00724939888563687,0.0212501582614766,0.393346431668077,0.00943749957566336,0.263797109900032,0.640417589358955,0.000126268295167591,0.000589622423102737,0.00021139856954217,0.000251946001514549,0.000116034803395002,0,0,0,0.000562376412392102,0,0,0,0,0,0.000348850426237154,0,0.00525563225295944,0,0.000130947169686352,0,0.000251175227356508,0.000124095146288445,0,0.000519062157228611,0,0,0,0,9.05299325208164e-05,0.000764569478901822,7.9786805535683e-05,0.0130969807528185,0.000177330716837448,3.57540350626165e-05,0.000185976824068413,0.00632636610235707,0.00114224028151308,0.00203324995814618,0,0,3.66894261313059e-05,0.000293336212270567,0.000124649424820251
0.475465408774492,0.00371476398740077,0.0979995011475424,4.27283627287673e-05,0,0.000102248182959645,1.43408184874405,0.00059284499118159,0.0229255020063595,0.000602360122101278,0.000341964821918021,0.000122418140956286,9.28660345984695e-05,0.0886309783107698,0,0.0739934149833556,0.0118795649765921,5.06910118991876e-05,0.000155523682345508,0.000131120718979927,3.74469753347966,0.0364409118790401,0.174254280359584,0.167962165903335,0.00128583478809546,0.00494787028344172,0.0149957692410149,2.48056457914792,2.00496499119253,0,0,0.000336998964949433,0.831574658036197,0.636442200782235,0.000860171721594629,0.042021183194199,0.0133884004465942,0.0563313018857199,0.0201295212676169,0.000336801924507375,0.00177712737777665,0,0.00443176215990847,0.000359901661784575,0.00230392333092844,0.00309279948494073,2.52136519003849e-05,3.4774202596722e-05,0,0.00282434568411968,0.000524674525332285,7.61321798505403e-05,0,0,0,0.00275304042382809,5.44091467697789e-05,0.0467231298779907,2.9262958267036e-05,0,0,0,0.000786893240404576,0,0.00520931819710238,0,0,0,0,0.00327550506244811,0.0129488174719722,0.00131079199196742,0.0872478243459199,0.000738527066072474,3.41089503605868e-05,0.000231003034107565,0.0401170559555849,0.004348023312803,0.0118659050746411,0.000175338616130269,0,0.000878333540645858,0.00413748648964163,0.000596183008234418
0,0.0226567236263477,0.00123282587921655,0,0,0,0,0,0.00577965282893711,0,0.828615791367827,0,3.73586021465333,0,0,0.000941827788380193,0.001157180052344,0.0158424228736535,0.0090254218001462,0,7.97830002121636e-05,0.00703622039479976,0,0.000585456674903027,0.697228151709043,1.10310440276739,0.433179617325299,0,0.00027204716958139,0,0,0,0,0.0110836851341365,0,0.00414305454961692,0.157294266553544,0.0453802314837486,0.00275295596219656,0,0.000350341153878858,0.00749770505743465,9.69076418007309e-05,0.0103429889172648,0.00318095800251696,0.00028273664426157,0,0,0.00149385917892741,0,0.00129256408369006,0.000422610045243535,0,0,0,0,0,0,0,0.00915830422898167,0,0.00751847395586712,0,0,0,0,0.00256014424404662,0.00110471547282471,0,0,0.000148841647741704,6.66628967567612e-05,9.2357157180081e-05,0.02471417448616,0.00798597251675067,0.00383269263610375,0,7.30025254854667e-05,0,0.00350130965215373,0,0,0.000778929369282158,3.99399124618059e-05
0.000190291036129028,0,0,0,0.349894814026632,0.355867218291931,0.000205236444979905,0.284234018542693,0,0,0.00278303118660996,0,0.00012853845531626,0.0107921326476082,0,8.51597581022507e-05,0,0,0.00114959435824413,0,0.000935783531128154,0,0.00151255782357726,0,0.00121528959578733,0.000707897093393356,2.18770945130372e-05,0.000117385590746187,0.776099286026747,0.000336998964949433,0,0,0.00767414257223948,0.525643786568685,0,0.000472433779290789,0.00863784369934707,0.159338783371359,0.000986852814349166,0.500449039453073,3.52411694140742,0,0,0.000197123072255279,0,0,0,0,0,0,0,0,0,0,0,0,0,0,0,0,0,0,0,0,0,0,0,0.000164136814322861,0,0,0,0,0,0.000760611784841941,8.52091270008067e-05,8.406896165212e-05,0,2.73175156726615e-05,0,0,0,0,0,0
0.0115734678005682,0.000622639502617789,0.00130097849429173,0,0,0.000684403400283459,0.00860766849124784,0.000728761154664089,0.00919438300086903,0.000308632180806283,0.000428685660990073,0.000196984535650185,0.000185732075818051,0.0131272758422979,0.000433351915902908,0.00955359268276573,0.000357029305166914,0,0,0.00137147479632981,1.29321001542585,0.00443220877316203,0.129273640904531,0.0210200922690258,0.00028943007471342,0.000216094489625408,0.000628101694166988,0.0783629708019671,2.24026840092519,0.831574658036197,0,0.00767414257223948,0,1.41220741927928,0.000125389606022217,0.181433727318678,0.0138484487873402,0.187335251009592,0.0686753109217156,0.000472062484934941,0.02521482173164,0,0.000185701050443446,0,0.00015796604531864,0.000160260765368701,0,0,0,0.000143185568592941,0,0,0,0,0,0.000176225192466794,0,0.00778364777859532,0,0,0,0,5.2101263329577e-05,0,0.000325787486566381,0,0,0,0,0.00013559353755871,0.000827438054891674,0,0.0084486072236784,0,0,0.000105424560435682,0.00340908931213843,0.000130533277049253,0.00115888322744918,0,0,0,0.000319948711909304,0
0.026377950384588,0.101434567997715,0.0390545998777275,0.000366108711315725,0.0334730889441113,0.0560614078355204,0.00904269278785174,0.0295994384519732,0.018257798148618,0.000808916102373174,1.30914722078446,0.000956306388759622,0.0141568871351028,0.107745946916572,0.000714924517475554,0.0306255184036621,1.42010854391551,0.0812519160697125,1.51043250120609,0.00187543309626143,0.375627848729808,0.0270029493077736,0.130097666675599,0.0412132456292386,0.0929690734296308,0.11295952372699,0.169929085472055,0.125251575269861,2.61935768052376,0.636442200782235,0.0110836851341365,0.525643786568685,1.41220741927928,0,0.00551290537140628,0.479200578549294,0.527837410315456,5.22217663731092,0.441164027634034,0.244856562296066,1.30783513596124,0.00375114751517606,0.00211278741584173,0.00997615110865331,0.00434066639547895,0.0011881217525557,0,0.000209822458314577,0.000178148800108822,0.000333021437156336,0.00305422588294779,0,0,0,0.000112183228803598,0.000195082051042284,0,0.0153613013149093,0,0.00381372725137944,9.12916708637433e-05,0.0043684465047479,0.000290191138964001,5.49249962969304e-05,0.000317688663458173,0.000342174986306939,0.00234869541479126,0.00176639350349028,0,0.000192015513240853,0.00368223531362509,0.000394088258557832,0.0164873231059991,0.0201465548610726,0.00949640490025304,0.0141331867699945,0.00827973449632706,0.000398842263904839,0.00243363303240741,0.000639853943661024,0,0.000363800714124936,0.00187952051881612,0.00264804293946242
0.000599977730131964,0.000606823909708731,0.00218971773010315,0,0,1.58571784125061,0.000973705738953634,0.00377215549737507,0.308765470757911,0.137942135200052,0.00033954917548537,1.5644552114936,4.40868977339313e-05,7.70207948610429e-05,0.273461971047941,0.00506466297080556,0.000251557068403492,0,0.000130933300991521,0,0.0166283896899914,0.00132449874662453,0.0481123267986,0.000482796898424421,0.00022652080185554,0.000484253328329941,0.00936874142204011,0.00527807667821424,0.000213461700864069,0.000860171721594629,0,0,0.000125389606022217,0.00551290537140628,0,0.156881329835747,0.149480389340069,0.058507787615031,0.0389791679847759,0,0,0,0.0523240456533564,0.0692626019258456,0.0269208773461002,0.0180806508551411,0,0,0.000182668055635415,0.000111068409173035,0,0.000560540479191805,0,0,0.0276695320806476,4.89233312610824e-05,3.15622701816388e-05,0.00670636734184151,0.00207137137086994,0.000112825211693674,0.1320909496993,1.04285920036887e-05,0.000130556068949465,0.00881071161167653,0.00204366620672719,0,4.37732935229559e-05,0,0,0.0020115688817126,0.00114436589019451,0.0126654534030368,0.000479317679882689,0.000136982875358921,5.29088664744853e-05,0.0031262985899489,0.0011418556039177,5.44516285274537e-05,0.000121740496574592,0,0,0,0.00129681470652527,1.51357580626667
0.0171595374418992,0.0255564018428621,0.041959251970499,0,0,0.00421995683640153,0.00827326074969552,0.000134478036342955,0.0338964795534926,0,0.021540338348425,0.00689639928093694,0.110506815707633,0.00131279100430645,0.0178780921263014,0.120731570901408,0.00733453283860472,0.00172594641113883,0.00855854276254272,0,0.349371661560421,0.0252981449315847,0.481218385895533,0.022591776279061,0.0288354589077933,0.024566955876638,0.093926499990198,0.130087112839553,0.00724939888563687,0.042021183194199,0.00414305454961692,0.000472433779290789,0.181433727318678,0.479200578549294,0.156881329835747,0,4.37344608264061,0.686267176473504,0.910630666109541,0.992517057368665,0.0067577581321223,0.0477951926125705,0.155608878117965,0.096624826941378,0.0187379727658727,0.0239640417942894,0,0,0.000443885270800192,0.000637424897651527,0.000549091484882188,0.000393324251125485,0,0,0.000644142709847159,0.000254817280851476,0,0.00963301564252654,0.000358792867474894,0.00104845779095815,0.00607334591299596,0.000822891141962721,4.40344296068033e-05,0.000137943277438087,0.00543580645038601,0,0.000740845748424257,0.0004311724454305,0,0.00197546945902671,0.0108354010941345,0.0134881193665399,0.00993027236159681,0.00288908792625407,0.00193946917329875,0.00543632305930313,0.00351731901723527,0.000128525926305036,0.000897813610435249,0,0,0.000322356411060324,0.000858814435399826,0.048206172639184
