0,0,0.0318415628547943,0.000639343100403483,0,0.00193807788495574,2.30688200825628,0.313488296095403,0.0214584169342988,0.0562137089187478,0,0.00021791617321933,0,3.01823876934762,0,0.00124366664998841,0.00343454532642056,0,0,0.0355298341788755,0.0547833667847488,0.0015073540982257,0.0745774271711914,0.0239599287823185,0,0.0024317404184831,0.00130788575517562,0.0599593231706535,1.97096707863488,0.758273002986885,0,0.0022978153464949,0.0766666705934454,0.0724070313554172,0.00037841459881965,0.0152138567859329,0.00430027685901838,0.0256946276862958,0.0166712996710438,0.000454085162679776,0.000230967546601613,0,0.000627097488743143,0.000115194381504341,0,0.000373323088286859,0,0,0,0.0009418225039938,0,0,0,0,0,0.000377124432249529,0,0.0126447462562046,0,0,0,0,0,0,0,0,0,0,0,0,0.000163516390324064,8.45245051920851e-05,0.00393894735982764,0,0,9.65126341673059e-05,0.00111618103804357,0,0,0,0,0,5.52837924347105e-05,1.60813474292046e-05
0,0,0.0398754354620812,0.000508402602931272,0,0,0.00110214552625299,0,0.179811069200665,0,0.00014582344097213,0,0.00242024316864047,2.52327415231524e-05,0,0.0405850806638711,0.0157105792515989,0.000141670056041539,0.00146209174606249,0,0.00218594000919844,1.04012098555666,0.00504845691130133,0.0280836188187019,1.05938525691827,0.0457338177248023,1.18265533348682,0.00353214454767453,3.79572867926098e-05,0.000776358925391593,0.00143534749194021,0,0,0.010533495017287,1.26632489283538e-05,0.0027496035929585,0.0209195123683597,0.0196770590427069,0.00648013803517747,0,0,0,0.00102176148086958,0.00563083651429902,0.0013618377802348,0.000315573880368063,0,0,0,0,0.632953440071928,0,0,0,0,0,0,0.174136621410857,0,0,0,0.00431663324968753,3.9616966840952e-05,0,0.00677535477644506,0.000532824443427313,0,0.00189982986890632,0,0.000255303869724313,0.683350773175544,0.000285933915718823,0.0370703166974606,0.512894229458593,0.00760948002538358,0.117722981005265,0.000595443783352516,0,0,0,0,0,0.00108409401384023,0
0.0318415628547943,0.0398754354620812,0,9.97745144209901e-05,0,0.000128164889140883,0.0969556236980502,0.00557077332851692,0.0086884973118315,0.00863739160985851,4.88770651490139e-05,0,0.000199510908624352,0.00843625761307473,0,0.0395569574575714,3.07385141319722,0,0.00316069404341553,0.000130623273826569,0.255343116290896,0.0251342955998651,3.61178576519117,0.0238850595859793,0.00348474932521091,2.18404700519453,1.76438712078732,0.109893788386547,0.00842598723035723,0.0774560717839297,0.000157915475437626,5.08107857030262e-05,0.00264650487414128,0.15105532082611,0.00163563208125173,0.062854724131042,0.188471298279674,0.322956271577671,0.133705213210417,0,0,0,0.000979191822557999,0.000235385510753755,0.00025405839947652,0.000559305295714614,0,0,0,0.000622406381779817,0.00242775524146792,0,0,0,9.28029212901075e-05,0.000338368040303768,0,0.00329041829970426,0.000160277751589706,0,0,0,0,0,6.45979257145766e-05,0,0,0,0,1.84245887385704e-05,0.00429707544903342,0,0.00344271779968582,0.000402009349678993,0.000150718719246136,0.00105841389161462,0.00108023895264745,0,2.52264399931991e-05,0,0,0,0,0.000558646176245797
0.000639343100403483,0.000508402602931272,9.97745144209901e-05,0,0,0.000242289856066672,0.025907941093641,0,0.065551698480901,0.731139381163564,0,2.4611963665763,0,0.000358154160993904,0,0,0,0,0,15.648636874734,5.78732061991549e-05,0.000469265863980689,0,4.3840302877529,0,2.17572307638347e-05,0.00015777386691672,2.70985956913345,0.000375907516279831,0.000475332447482484,0,0,0,0.000501609310611015,0,5.59304885953591e-05,0,0.000255003458237472,0,0,0,0,0,0,0.000114392866354445,0,0,0,0,0,0,0,0.0046103803537912,0,0,0,0,0.000549564978606885,0,0,0,0,0,0,0,0,0,0,0.00330514073888728,0,0,0,4.99066680506358e-05,0,0,0,0,9.79604733798755e-05,0,0,0,0,0,0
0,0,0,0,0,0.952166012497874,5.6143579815553e-05,0.0103257381370282,0,0,0,0,0,0.00868982125925022,0.427338439320605,0,0,0,0,0,0,0,0,0,0,0,0,0,0.00962505872140386,5.15493652119142e-05,0,0.220358391724431,0,0.0390477499118457,0,0,0,0.00273111623444207,0,0.417503113284613,1.25029703229891,0,0,0,0,0,0,0,0,0,0,0,0,0,0,0,0,0,0,0,0,0,0,0,0,0,0,0,0,0,0,0,0,0,0,0,0,0,0,0,0,0,0,0
0.00193807788495574,0,0.000128164889140883,0.000242289856066672,0.952166012497874,0,0.025866529801941,1.03252287055064,0.00105836881681597,0.452927984720646,0,3.88405971952196,0,0.0487460586321882,0.284852548633711,0,0,0,0,0.0925973799387821,0.000428333418071378,0,0.000529355883911919,0.00799647845443296,0,3.21492737244949e-05,3.5293659816617e-05,0.001905077036044,0.0461937011286054,0.000473727693192049,0,0.0592420056894577,0.000725460256112026,0.0198451523455145,0.804147694147687,0.00124960536025942,5.17365163947014e-05,0.00228372558061443,3.83632680803366e-05,0.456921775797268,0.173144394432276,0,0,0.000301320255825395,0,0,0,0,0,0,0,0,0,0,0.000421055784176599,0,0,6.14552160819017e-05,0,0,0.000299109950129748,0,0,0,0,0,0,0,0,0,0,0.000190161660753902,0.000117033295510754,0,0,0,0,0,0,0,0,0,0,0.00699663778802347
2.30688200825628,0.00110214552625299,0.0969556236980502,0.025907941093641,5.6143579815553e-05,0.025866529801941,0,0.15682062039876,0.0796213542914918,3.1473367532587,0,0.000907984285514989,0,0.445201941244134,0,0.00599409102585747,0.00787496096838367,0,7.80573944540129e-05,0.26537053749411,0.157100252119271,0.0120659544260558,0.196416030823931,0.261515194926141,0.000660714453600977,0.00876017295739645,0.0110406926561938,5.2498614939969,0.201547987207807,2.19500343512515,0,0.00138714242739614,0.0717175092264029,0.113351177158821,0.0019706914446149,0.0505532472379958,0.0130858125238108,0.0611473342238966,0.0338557269342694,0.00185644103079797,0,0,0.0029664939456515,0.000353187434056965,0.000305716893219199,0.000316220298365178,0,0,0,0.000673824562793305,0.000470651461634217,0.000179918713331261,0,0,0,0.00560515799707272,0.000130026896137282,0.0392614386060428,1.60270455799904e-05,0,0,0,0.000885035123944194,0,0.000366566956119974,0,0,0,0,0.00118197854115974,0.00392056644892998,0.00027018543556521,0.0380062885763472,2.65046993907034e-05,0,0.000288490653318681,0.017042052684895,0.00147887355963663,0.00115320449116243,0,0,0.00121877607074313,0.000911134310033242,0.000366645236912953
0.313488296095403,0,0.00557077332851692,0,0.0103257381370282,1.03252287055064,0.15682062039876,0,0.00338373813735159,0.954810260745157,0,0.0605308202704054,0,2.76753339397596,0,0.000228842131335217,0.000451588498364131,0,0,0.100401975944786,0.0073328059510992,0.000474638167993742,0.0123948667672974,0.0200467738972911,0,0.000570115105046809,0.000150699264148399,0.0176667714641192,0.130937882251781,0.0258769047072674,0,0.158900917223796,0.00650082642575301,0.0504405351117645,5.37747865973965e-05,0.0023865867000705,0.000474360773790151,0.00564925902800092,0.00154468384076953,0.0348539327130234,0.00601254991711419,0,0.00015896905983839,0,0,4.92959820114214e-05,0,0,0,0,0,0,0,0,0,0,0,0.00133955512658126,0,0,0,0,0,0,0,0,0,0,0,0,0,0,0.000452854508202893,0,0,0,0.000343163728210589,0,0,0,0,0,0,0
0.0214584169342988,0.179811069200665,0.0086884973118315,0.065551698480901,0,0.00105836881681597,0.0796213542914918,0.00338373813735159,0,0.00400217703538972,0.000697264744020611,1.61606375135036,0.000277238871839991,0.00577790480130944,0.131263947703383,0.026742911562562,0.00118802324256912,0,0.000469915689739937,0.121706791095098,0.008884637648924,2.36212101206686,0.00870514511951922,4.92477793566304,0.0921088616059754,0.00625651373247946,0.0817691340225149,0.337437031279376,0.0128285061933908,0.0466523188342898,0.000139173161060206,0.000451464521767946,0.023569422837654,0.0302523595039242,0.0597931946780685,0.0345129818267092,0.00489427834911661,0.0104958149852246,0.0102159821908284,0.929389443092067,0.000486746734316451,0,0.00154132584583271,0.00104518444624706,0.00204169125861332,0.00453934531563308,0,0,0,0.00343395547328378,0.0649330244597972,9.25194447664989e-05,0.000106001654604773,0,0.000303209788308379,0.00485874526140718,0,0.925570464559857,0.000463499754741369,9.91131221034615e-05,0,0.000444006524597897,0.00131273516847132,0,0.00268462812392183,0,0,0,0,0.000569092126572276,0.509779601736123,0.00082892974535405,0.225993201497191,0.0272910382237871,0.000931892156610518,0.0125440754644913,0.0331990605982703,0.00132134628888241,0.00288207102971442,0,0,0.00174319719948043,0.00345127883998078,0.00252498459041897
0.0562137089187478,0,0.00863739160985851,0.731139381163564,0,0.452927984720646,3.1473367532587,0.954810260745157,0.00400217703538972,0,0,0.525133449128256,0,1.36644110907849,0,0.000142195276779845,0.000437222101071525,0,0,3.68072791037859,0.00562844310087389,0.000185857096220579,0.0115934216832023,0.318669534663089,0,0.000742034492807611,0.000773910568668073,1.11850341190338,0.106891409537463,0.0169012289478306,0,0.001384051985399,0.0166835166941273,0.0581471313082299,0.0786890190878093,0.00303080050307531,0.00102647784761069,0.00825752220515267,0.0032468231989995,0.013015553656479,7.14796872002318e-05,0,3.10829273894057e-05,0,0,0.000215551110417721,0,0,0,0,0,0,0,0,0,0.000110807127583859,0,0.00236976396183287,0,0,0,0,0,0,0,0,0,0,0,0,0.000295200428006452,0.000159024731082522,0.00169981360399468,0,0,0,0.000836391741242119,0.000168738948132777,8.26001907282409e-05,0,0,0,4.83521849073409e-05,7.69854948510319e-05
0,0.00014582344097213,4.88770651490139e-05,0,0,0,0,0,0.000697264744020611,0,0,0,3.71070861045711,0,0,3.20378850450383e-05,0.0125720928743325,0.539122108434305,2.68719545392314,0,0,0.000365875126245013,0,5.70420406929371e-05,1.30055912284188,0.286991791509929,0.114590880330608,4.80391712537583e-05,0.0584398890294681,0,0.108942669561941,0.0351576647407027,0,0.454060839269345,3.08336220877279e-05,0.00980672086148285,1.04023437813917,0.806159828440277,0.0178035702747092,0,0.0364735261929394,0.0927276068932984,0,0.00201394023403374,0.001090248658558,0,0,0,0,0,0,0,0,0,0,0,0,0,0,0,0,0.00146401921436195,0,0,0,0,0,0.00237091832477792,0,0,0.000273288099266862,3.68307148212509e-05,0,0.00387065120719262,0.00609264617979002,0.00820351322429607,0,0,0,0.000153992603490929,0,0,0.000433430606399694,1.03122247198538e-05
0.00021791617321933,0,0,2.4611963665763,0,3.88405971952196,0.000907984285514989,0.0605308202704054,1.61606375135036,0.525133449128256,0,0,0,0.00322801118097065,0.868225646382048,0,0,0,0,5.94229181483853,0.000132805592005791,0.00013424326204825,0.000673009490502748,1.57286677949752,0,0,1.61295258414904e-05,0.000696397870719721,0.00141243880118476,4.20747931723056e-05,0,0,0,0.00115009180551668,1.76348697425861,0.000760745513697113,0.00118022480591458,0.000326042408386425,0.000721614472685347,0.437376896355749,0,0,0.00127938334487601,0.000164169444250001,0.000457330594330141,7.28170680124171e-05,0,0,0,0,0,0,0,0,0.00196070139610915,0,0,0,0,0,0.0458774544012755,0,0,7.64467721201044e-05,0.00022516993924593,0,0,0,0,5.11987478285293e-05,0,0.000211658001875678,0,0,0,0,0,0,0,0,0,0,0,0.0438211117560351
0,0.00242024316864047,0.000199510908624352,0,0,0,0,0,0.000277238871839991,0,3.71070861045711,0,0,0,0,0,0.0001057768255998,0.00329863550908973,0.00496708288209651,0,0,0.00200697094003279,0.000126709888638348,8.79966309988954e-05,2.81348753499112,0.277448541276966,0.488173082359485,1.81938091890024e-05,0,0,1.17669410932951,0,0,0.00546861788100208,2.96665223178602e-05,0.0158462985765094,0.742214367149382,0.112035773948411,0.0304718647386952,0,0,0.426127776537059,0.00334519545365529,0,0,0,0,0,0,0,0.000143101193085888,0,0,0,0,0,0,0,0,0,0,0.00340951348327963,0,0,0,0,0.000109427660051729,0.00043639263024634,0,0,0.000211676226827389,0,3.30137005382068e-05,0.00163454761554409,0.000903017127420013,0.00131903440029769,0,0,0,0,0,0,0,7.13119707636668e-06
3.01823876934762,2.52327415231524e-05,0.00843625761307473,0.000358154160993904,0.00868982125925022,0.0487460586321882,0.445201941244134,2.76753339397596,0.00577790480130944,1.36644110907849,0,0.00322801118097065,0,0,0,0.000221158321174978,0.00102682361722817,0,0,0.052082436475872,0.0101038934048605,7.36576615367316e-05,0.0175972191700767,0.021945208560771,0,0.000875431896142324,0.000614082780309243,0.0297050913443291,4.48093570042122,0.164301653367537,0,0.222613870843484,0.0578191765097384,0.33464936393784,0.000260860524910061,0.00478175801990176,0.000744807924211797,0.0482450414410612,0.00358426107731499,0.0119438767009022,0.0076962999778373,0,0.000218469858838052,7.11857112102032e-05,0,0.000228180660280172,0,0,0,0.000347173477312765,0,0,0,0,0,0,0,0.00220782232345506,0,0,0,0,0.000142607774102868,0,0,0,0,0,0,0.000243576314272407,3.82486734118513e-05,0,0.00162825611367235,0,0,7.56174872079771e-05,0.000426715743509882,1.4245382067083e-05,5.75148930846616e-05,0,0,0,0,0
0,0,0,0,0.427338439320605,0.284852548633711,0,0,0.131263947703383,0,0,0.868225646382048,0,0,0,0,0,0,0,0,0.000232213098120753,0,0,0,0,0,7.3432405405493e-05,0,0,0,0,0,0,0.000480597908950059,0.301674689352205,0.00103764873592899,0.000847236594241128,0,0,0.133000388721057,0,0,0.000738624854411028,0.00105991764349295,0,0,0,0,0,0,0,0,0,0,0.00203689760220138,0,0,0,0,0,0.000116097116367272,0,0,0,0,0,0,0,0,0,0,0,0,0,0,0,0,0,0,0,0,0,0,0.00787492651524342
0.00124366664998841,0.0405850806638711,0.0395569574575714,0,0,0,0.00599409102585747,0.000228842131335217,0.026742911562562,0.000142195276779845,3.20378850450383e-05,0,0,0.000221158321174978,0,0,0.0114196564956606,0,0,0,0.616414130722352,4.01018866483719,1.53863545755151,3.2892707797084,0.00520609206261823,0.00868839260300408,1.23942349030781,0.361816650941679,0.000160511986087356,0.0028492435504757,8.03317109853811e-05,0,0.00140163010283279,0.023867959588135,0.00387990650437768,0.121484446041648,0.058783363254692,0.141475989272102,0.167051501362297,0,0,0.00105597889303099,0.00232272679146648,0.000756208581115534,0.000200201094367967,0.00107259815744922,0,0,0,0,0.00512917157080299,0,0,0,0,0.000155172562091197,0,0.0342524762555753,0.000151768120889425,0,0,7.51880888471747e-05,0,0,0.00368123738589018,0,0,0,0,0,0.0669926400620934,0.000523880211823294,0.0130220197137523,0.00376889523442846,0,0.0016961465009998,0.00241221332899353,0.000174644293803051,5.91227347100068e-05,0,0,0.000451758938745554,3.36895312573493e-05,0.000800425077930303
0.00343454532642056,0.0157105792515989,3.07385141319722,0,0,0,0.00787496096838367,0.000451588498364131,0.00118802324256912,0.000437222101071525,0.0125720928743325,0,0.0001057768255998,0.00102682361722817,0,0.0114196564956606,0,0.000228723361532227,1.46256955775803,0,0.0199850003084259,0.0101381042663272,2.11925888589923,0.00414728271008614,0.00180753146120772,2.77943439994628,0.271869538611013,0.00850531734400804,0.840049859494392,0.00682328773686666,0.000105056140033553,9.28917847556159e-05,0.0217580805907794,0.613594797297608,0.000205610420350364,0.00475355003917358,0.0393474464996102,0.100143098876184,0.0147141779999637,0,0,0,0,0.00025809245975409,0,0,0,0,0,0,0.00239890910794385,0.000106560898077526,0,0,0,0,0,0.00140421554808224,0,0,0,7.2170951516709e-05,0,0,0,0,0,0.000298931503284923,0,0,0.00217732807792691,2.85199453029378e-05,0.000234648786078543,0.000745101452025118,0.000783597859302762,0.00157892825854137,0,0,0,0,0,0,6.68957707716583e-05,2.08282071812861e-05
0,0.000141670056041539,0,0,0,0,0,0,0,0,0.539122108434305,0,0.00329863550908973,0,0,0,0.000228723361532227,0,1.39077534925421,0,0,0.000339408070126713,0,3.70283729371722e-05,0.0323204080547366,0.504156120384511,0.0260659143666751,0,0,0,0.00419477634568179,0,0,0.00470336127519692,0,0.000915352875537268,0.0211877743758104,0.0113532659058034,0.000273578650456713,0,0,0.000231064756351471,0,0.00118856208801983,0.000507284912610717,5.40156270521603e-05,0,0,0,0,0,7.13178089487851e-05,0,0,0,0,0,0,0,8.93755842045155e-05,0,0.000241464572984927,0,0,0,0,0,0.0015375894971824,0,0,0,0,0,0.00388974264146811,0.00311425580475457,0.00428094086206434,0,0,0,0,0,0,0.000118711674076257,0
0,0.00146209174606249,0.00316069404341553,0,0,0,7.80573944540129e-05,0,0.000469915689739937,0,2.68719545392314,0,0.00496708288209651,0,0,0,1.46256955775803,1.39077534925421,0,0,4.58064609289402e-05,0.000650880916679147,0.0017187062860448,0.000189065023545592,0.0692485095626444,1.61666977200556,0.0926713117481739,6.15462171454971e-05,0.157005539790098,7.66798914093598e-05,0.00715397381367919,0.000251490073050753,0.00026021450034798,0.528456124844827,3.63910855480651e-05,0.00367577648057851,0.116307753147728,0.222337883180479,0.00432601883373919,0,0,0.000526796055064324,4.12911427323313e-05,0.00285125177994653,0.00125455575094285,0.000882745313255308,0,0,0,0,0.00141824807195279,0,0,0,0,7.02143279894931e-05,0,0.000106863325107778,0,0.000245291707153523,0,0.00285303753032258,0,0,0,0,0.000647610375511757,0.00269169235386841,0,0,0.000552342590532797,7.11771128139255e-05,0.000112999800487068,0.0113485955530525,0.0107722798347709,0.0144924600114492,0,0,0,0.000283215120915536,0,0,0.000180908315647483,0
0.0355298341788755,0,0.000130623273826569,15.648636874734,0,0.0925973799387821,0.26537053749411,0.100401975944786,0.121706791095098,3.68072791037859,0,5.94229181483853,0,0.052082436475872,0,0,0,0,0,0,0.000111937778537179,0,0.000352617710017817,2.75614653969073,0,3.81778791826992e-05,0,0.140426307806732,0.0476800397286919,0.000400227256021086,0,0.000840670585276662,0.0172928876623286,0.0273649104297916,0,5.98776162413564e-05,0,0.00346243492252103,0,0.0226164272184317,0.000352417000284117,0,0,0,0,0,0,0,0,0,0,0,0,0,0,0,0,0,0,0,0,0,0,0,0,0,0,0,0,0,0,0,0,0,0,0,0,0,0,0,0,0,0,0
0.0547833667847488,0.00218594000919844,0.255343116290896,5.78732061991549e-05,0,0.000428333418071378,0.157100252119271,0.0073328059510992,0.008884637648924,0.00562844310087389,0,0.000132805592005791,0,0.0101038934048605,0.000232213098120753,0.616414130722352,0.0199850003084259,0,4.58064609289402e-05,0.000111937778537179,0,0.0500706242008795,5.81708786031266,0.29532289847986,0.000226100507215221,0.0172173307085471,0.0467404677602144,2.68630734215921,0.705398023335925,4.20580800207507,0,0.000321539544134234,1.00856090627785,0.143142136629476,0.0145579954930368,0.35851118438856,0.118249712178357,0.284453242063804,0.22346202950035,0,4.93031910539041e-05,0,0.00768328287630723,0.00100594090752861,0.00030552579100478,0.0030023613769266,0,0,0,0.000759441274820655,6.44384315037811e-05,0.00023974345118612,0,0,0,0.000639984239967806,0,0.00680994488266913,0,0,0.000414600159412015,0,0.000177510929203557,0.000143419659026735,0.000193120905608413,0,0,0,0,0.000761767524337348,0.0066863107312549,0.000906070038107296,0.00751939610546768,0.000154761817515804,0.000102954444209193,0.000186571709205597,0.00264258718815398,0.000124971040625762,0.000416299989995997,0,0,0,0.000617100470778898,0.00524664250397874
0.0015073540982257,1.04012098555666,0.0251342955998651,0.000469265863980689,0,0,0.0120659544260558,0.000474638167993742,2.36212101206686,0.000185857096220579,0.000365875126245013,0.00013424326204825,0.00200697094003279,7.36576615367316e-05,0,4.01018866483719,0.0101381042663272,0.000339408070126713,0.000650880916679147,0,0.0500706242008795,0,0.0420356045324337,2.35476222169355,0.219273112982807,0.0168026441709606,1.35645506987424,0.11043052335539,0.000817861474583751,0.00680775649530239,0.000884848653865886,0,0.00335672841035613,0.0142536706995032,0.000808536030229464,0.0283490313991741,0.017184706771365,0.0331850244772064,0.0287597814682621,0,0,0,0.00273157339879009,0.000529783523978582,0.00038505585691977,0.00158327989887382,0,0,0,0.000283848746953919,0.40748065290337,0.000178997873579514,0,0,0,0.00174939179574124,0,0.908981221267915,0.000232786489241573,0,0,0.0025792370264481,0.000487371389522586,0,0.0140302853222607,0.000410226688961846,0,0.00156108549127578,0,0.000100087327111797,1.60710440434468,3.78979538209908e-05,0.217307407098907,0.150459771849154,0.00271647562206093,0.0712398106777436,0.00875072434970299,0.000461082124481067,0.000924210955800474,0.000837564497912714,0,0.000268868026290506,0.00100090596569025,0.000402898367514155
0.0745774271711914,0.00504845691130133,3.61178576519117,0,0,0.000529355883911919,0.196416030823931,0.0123948667672974,0.00870514511951922,0.0115934216832023,0,0.000673009490502748,0.000126709888638348,0.0175972191700767,0,1.53863545755151,2.11925888589923,0,0.0017187062860448,0.000352617710017817,5.81708786031266,0.0420356045324337,0,0.0531933974179426,0.00029429509678203,0.190902310377418,1.33915098282692,0.526529483828341,0.324462344372366,0.412237284928736,0,3.36269694576953e-05,0.120867649832912,0.308966527506253,0.0216963987608417,0.519979893795112,0.216009454735439,0.747847018044975,0.537415704103426,0,0,0,0.00965464124433823,0.00206810238975319,0.00079970542990226,0.00341407358843205,0,0,0,0.000177131579127343,0.00039780676376133,8.48586578254106e-05,0,0,2.59011420871742e-05,0.000603041937204056,0,0.00480130193630876,0,0,0,0,0.000219406689144818,0.000385397585418616,0.000830022797179518,0.000121252592580583,0,0,0,0.000812618799231612,0.00304962709349609,0.000985318065726062,0.00541190728553095,0.000179033286300608,4.82063743237125e-05,0.000528245749316904,0.00354471031516659,0.000445635025042179,0.000419761450746943,0,0,0.000460839379563836,0.000155965719865134,0.00634855838388076
0.0239599287823185,0.0280836188187019,0.0238850595859793,4.3840302877529,0,0.00799647845443296,0.261515194926141,0.0200467738972911,4.92477793566304,0.318669534663089,5.70420406929371e-05,1.57286677949752,8.79966309988954e-05,0.021945208560771,0,3.2892707797084,0.00414728271008614,3.70283729371722e-05,0.000189065023545592,2.75614653969073,0.29532289847986,2.35476222169355,0.0531933974179426,0,0.0121122083807947,0.00750844288689979,0.195179849806312,3.8119369095276,0.0356700734596772,0.0776285337954016,0,0.000500437179683076,0.0289425733993791,0.0670104281679649,0.00194024541714567,0.0482604243235292,0.0112751143662857,0.033705823360418,0.0210608318058185,0.0103501186937258,0,0,0.00653035874968496,0.00101286609712782,0.00764048670785176,0.00867841696809145,7.3908494387378e-05,0,0,0.00832829357935721,0.013125195879724,0.00162753068944704,0.000316130348435029,0,0,0.0304261244107745,0.000416260228991644,0.32672161146767,0.000736262721536821,0,0.0302689707780564,5.7740243121342e-05,0.00740520644818409,6.44637233687575e-05,0.00494580992599993,3.89388946491237e-05,0,0,0.00130440937190745,0.00551475303257552,0.119931352520847,0.00360946328030331,0.302508050744251,0.00384007695009274,0.000284027509516775,0.00555278771763325,0.132480914900634,0.00951028787303222,0.00763645702958038,0,0.000328521905489954,0.00407056827494819,0.0127370186476341,0.00154220168526143
0,1.05938525691827,0.00348474932521091,0,0,0,0.000660714453600977,0,0.0921088616059754,0,1.30055912284188,0,2.81348753499112,0,0,0.00520609206261823,0.00180753146120772,0.0323204080547366,0.0692485095626444,0,0.000226100507215221,0.219273112982807,0.00029429509678203,0.0121122083807947,0,0.576297614980253,0.502869015492798,0.00141017937994673,7.00158115507425e-05,0.000126928430801318,0.121022351891137,0,0,0.0447346055691385,2.54845515375635e-05,0.0544012390142699,2.33465601998137,0.193810116255132,0.0903081755715555,0,0,0.557603032765679,9.19759791112684e-05,0.0235127808189441,0.00974975191543641,0.00331341124403705,0,0,0,0,0.299569921438254,0.0008905023723991,0,0,0,0.000167524183229454,0,0.0421066230369782,0,0.001641411134777,0,0.0141171039002794,0,0,0.00146101002800969,0.000662946428596246,0.00171331240570015,0.0170434023192623,0,0.000175147639720832,0.112838043870779,0.000306441874159316,0.00732299319814766,0.390980646469203,0.0499926829533081,0.164000996992108,0.000540383549062097,0,0,0.00021374957244405,0,0,0.00565719456477207,1.32359097577362e-05
0.0024317404184831,0.0457338177248023,2.18404700519453,2.17572307638347e-05,0,3.21492737244949e-05,0.00876017295739645,0.000570115105046809,0.00625651373247946,0.000742034492807611,0.286991791509929,0,0.277448541276966,0.000875431896142324,0,0.00868839260300408,2.77943439994628,0.504156120384511,1.61666977200556,3.81778791826992e-05,0.0172173307085471,0.0168026441709606,0.190902310377418,0.00750844288689979,0.576297614980253,0,3.36088787247426,0.0119313259829477,0.00148298775902639,0.0061140805511792,0.280192177932885,8.25482448070167e-05,0.000216931608253163,0.32034518050485,0.000724992218975472,0.0230055859343635,0.447921552973431,0.26357102052743,0.0256537160384999,0,5.55912504910097e-05,0.00243565674877652,0.000667192648331355,0.012674655861265,0.00503806818073334,0.00103971707456348,0,0,0,0,0.0133828740268454,0.000797281504685982,0,0,0,5.17178528212643e-05,0,0.00251944197588037,0,0.000990841259363639,0,0.00898975422982028,1.77187877253159e-05,0,9.40529524397096e-05,0.000301652335082944,0.000681345793465479,0.00839089822352208,0,3.29609851272253e-05,0.00618746931953822,9.45744065298936e-05,0.00170402696655707,0.0322562058801439,0.0560479735919492,0.112641207209034,0.000526549557561042,0,0,0.000445378765005872,0,0,0.00111799028078692,0.000193462010817215
0.00130788575517562,1.18265533348682,1.76438712078732,0.00015777386691672,0,3.5293659816617e-05,0.0110406926561938,0.000150699264148399,0.0817691340225149,0.000773910568668073,0.114590880330608,1.61295258414904e-05,0.488173082359485,0.000614082780309243,7.3432405405493e-05,1.23942349030781,0.271869538611013,0.0260659143666751,0.0926713117481739,0,0.0467404677602144,1.35645506987424,1.33915098282692,0.195179849806312,0.502869015492798,3.36088787247426,0,0.0587752956999191,0.000954901405158162,0.00466894957999709,0.331098197311492,0.000217474199136004,0.000332138023797864,0.320025778464646,0.00552120488275208,0.103815509412787,0.353167612078132,0.424903425190858,0.118702344314148,0,0,0.000829024890194954,0.00293381572813454,0.0138414924576242,0.00738320321303985,0.00149272605497126,0,0,0,2.42525252956839e-05,0.0754073656896364,0.00085631072282171,0,0,0,0.000219020152605825,0,0.0300241430201082,4.13290329615451e-05,0.00158361118446327,3.81125584378568e-05,0.0107807253832883,8.22562203065024e-05,9.0607624428557e-05,0.001081337005202,0.000158772622205754,0.0004729615199911,0.00947165007424463,0,0.000385204153471103,0.0913598269205292,0.000320050981393915,0.0139319028946721,0.0704035169786427,0.0719823686028675,0.207163886163518,0.00191490731492567,8.17800740271941e-05,0.000107568071629535,0.000451425383141415,0,8.11670835774381e-05,0.00281597932148148,0.00203563446445535
0.0599593231706535,0.00353214454767453,0.109893788386547,2.70985956913345,0,0.001905077036044,5.2498614939969,0.0176667714641192,0.337437031279376,1.11850341190338,4.80391712537583e-05,0.000696397870719721,1.81938091890024e-05,0.0297050913443291,0,0.361816650941679,0.00850531734400804,0,6.15462171454971e-05,0.140426307806732,2.68630734215921,0.11043052335539,0.526529483828341,3.8119369095276,0.00141017937994673,0.0119313259829477,0.0587752956999191,0,0.0547301778945469,2.40809363723169,0,0.000622887423148961,0.0518666864061417,0.142929636815983,0.00804715146248898,0.146128674908938,0.0292945852797743,0.0996442395306698,0.0654746992583246,0.000478079321086592,0,0,0.00708732680529727,0.00227245867167391,0.00269152861291052,0.00496745461821125,0,0,0,0.00562473182142739,0.00268138578146379,0.000966876077335125,0.000106872901724607,0,1.81147013980521e-05,0.0240736444067865,5.64952599015338e-05,0.105042394925462,0.00121045498281861,0,2.77314464815887e-05,0,0.00367235427959148,2.36022868951163e-05,0.00128223047302312,0,0,0,0.000151275337816904,0.00388044179455953,0.0146920776053453,0.00230805264980654,0.159804330485136,0.000497987490860507,0.000294333267183066,0.00177938813216671,0.0884842121885091,0.0064787029397519,0.00402739110768207,0,1.97143451938528e-05,0.00172338313663449,0.00430354522609503,0.00228467389880479
1.97096707863488,3.79572867926098e-05,0.00842598723035723,0.000375907516279831,0.00962505872140386,0.0461937011286054,0.201547987207807,0.130937882251781,0.0128285061933908,0.106891409537463,0.0584398890294681,0.00141243880118476,0,4.48093570042122,0,0.000160511986087356,0.840049859494392,0,0.157005539790098,0.0476800397286919,0.705398023335925,0.000817861474583751,0.324462344372366,0.0356700734596772,7.00158115507425e-05,0.00148298775902639,0.000954901405158162,0.0547301778945469,0,3.05552190310426,0,0.712228540940172,2.86567449001739,2.26472612418494,0.00029268614196741,0.0134175073495082,0.00197971123091519,0.392650593089958,0.0120103914864183,0.28833835726535,0.25201601539927,0,0.000372575817833344,0,0.000207224294089522,2.83027885298675e-05,0,0,0,0,5.14272679889285e-05,0,0,0,0,0.000292743348224274,0,0.00265523410982134,0,0,0,0,0.000129686998447888,0,0,0,0,0,0,0,0.000300533844399271,6.08543218197019e-05,0.00351580966801364,0,0,6.4361529194273e-05,0.00214808279595675,0.000131552183983885,0,0,0,0.00017601738116252,6.6972091260515e-05,6.21011638028318e-05
0.758273002986885,0.000776358925391593,0.0774560717839297,0.000475332447482484,5.15493652119142e-05,0.000473727693192049,2.19500343512515,0.0258769047072674,0.0466523188342898,0.0169012289478306,0,4.20747931723056e-05,0,0.164301653367537,0,0.0028492435504757,0.00682328773686666,0,7.66798914093598e-05,0.000400227256021086,4.20580800207507,0.00680775649530239,0.412237284928736,0.0776285337954016,0.000126928430801318,0.0061140805511792,0.00466894957999709,2.40809363723169,3.05552190310426,0,0,0.00250964038674041,1.56559075340677,0.842146392778685,0.00481348927123966,0.132457321541972,0.0213856515338015,0.130008612008037,0.0635882602658113,5.2914969540721e-05,0.000146927645438596,0,0.00186969062517778,0.000219166379525919,0.00075290218763967,0.00102689346201879,0,0,0,0.000389616937958969,0.000222607733070808,0,0,0,3.0228741017462e-05,0.00359463535410509,0,0.0205855343749565,9.66330428182079e-05,0,0,0,0.000153349505667161,9.90652655484189e-05,0.000159206827466262,0,0,0,0,0.000345484398691499,0.00185787573328934,0.000378329209370367,0.0283536769374504,0,0,0.000179202728773737,0.0106992377253507,0.00125510116620139,0.000550171513968548,0,0,0.000339305833898415,0.000709390921405961,0.00116065483994242
0,0.00143534749194021,0.000157915475437626,0,0,0,0,0,0.000139173161060206,0,0.108942669561941,0,1.17669410932951,0,0,8.03317109853811e-05,0.000105056140033553,0.00419477634568179,0.00715397381367919,0,0,0.000884848653865886,0,0,0.121022351891137,0.280192177932885,0.331098197311492,0,0,0,0,0,0,0.0041881338636252,0,0.00188581760558281,0.0434827509822074,0.015020132907973,0.000847721357004989,0,0,0.00172742292231494,3.89036044002762e-05,0,0,0,0,0,0,0,0,0,0,0,0,0,0,0,0,9.52706138315686e-05,0,0.000265369489138622,0,0,0,0,0,0.000109275743307283,0,0,0,0,0,0.0022662226490622,0.000632712781824608,0.0011052135155932,0,0,0,0,0,0,0,0
0.0022978153464949,0,5.08107857030262e-05,0,0.220358391724431,0.0592420056894577,0.00138714242739614,0.158900917223796,0.000451464521767946,0.001384051985399,0.0351576647407027,0,0,0.222613870843484,0,0,9.28917847556159e-05,0,0.000251490073050753,0.000840670585276662,0.000321539544134234,0,3.36269694576953e-05,0.000500437179683076,0,8.25482448070167e-05,0.000217474199136004,0.000622887423148961,0.712228540940172,0.00250964038674041,0,0,0.0131620666101646,1.50477518563782,0,0,0.000121890705711548,0.161107907280768,0.00140752115920747,0.0914896382375431,2.1024946946671,0,0,0,0,0,0,0,0,0,0,0,0,0,0,0,0,0,0,0,0,0,0,0,0,0,0,0,0,0,0,0,0.000162421244949943,0,0,0,0,0,0,0,0,0,0,0
0.0766666705934454,0,0.00264650487414128,0,0,0.000725460256112026,0.0717175092264029,0.00650082642575301,0.023569422837654,0.0166835166941273,0,0,0,0.0578191765097384,0,0.00140163010283279,0.0217580805907794,0,0.00026021450034798,0.0172928876623286,1.00856090627785,0.00335672841035613,0.120867649832912,0.0289425733993791,0,0.000216931608253163,0.000332138023797864,0.0518666864061417,2.86567449001739,1.56559075340677,0,0.0131620666101646,0,1.88986943504646,0.000404837768569141,0.0364372309577921,0.00308488046686794,0.209680214968131,0.0664872246540344,0.000374761840302995,0.00746857546818915,0,0,0,0,0.000265526808277312,0,0,0,0.00116927798648313,0.000937283862358769,0,0,0,0,0.000834118453313871,0,0.00664925556826542,0,0,0,0,0.000515168363356672,0,0,0,0,0,0,0.000200817385724625,0.000374585857377557,0,0.00312579241835772,0,0,4.64644682548038e-05,0.00123243615844957,3.22632788972094e-05,0.000191741059724481,0,0,0.00259225067853741,0,9.4816042902934e-05
0.0724070313554172,0.010533495017287,0.15105532082611,0.000501609310611015,0.0390477499118457,0.0198451523455145,0.113351177158821,0.0504405351117645,0.0302523595039242,0.0581471313082299,0.454060839269345,0.00115009180551668,0.00546861788100208,0.33464936393784,0.000480597908950059,0.023867959588135,0.613594797297608,0.00470336127519692,0.528456124844827,0.0273649104297916,0.143142136629476,0.0142536706995032,0.308966527506253,0.0670104281679649,0.0447346055691385,0.32034518050485,0.320025778464646,0.142929636815983,2.26472612418494,0.842146392778685,0.0041881338636252,1.50477518563782,1.88986943504646,0,0.0148484770084026,0.786408358857733,0.359912070499963,4.50779880976745,0.341042453244736,0.143041064268274,1.37077510553952,0.00361956342130361,0.0046946261483141,0.00242973750701714,0.00201517919748262,0.0049250116788848,0,0,0,0.000407130728260298,0.00379420819046131,0,0,0,0,0.00065103202521074,0,0.0107930712246104,9.94974061271632e-05,0.000181313822602391,4.30022218035897e-05,0.00212529477728022,5.32949526981556e-05,0.000397980788926257,0.000652410395864852,0,0,0.00167954916045105,0,0.000615552576220535,0.00326145100144558,0.000361170138329983,0.0138057317353554,0.00576017686673466,0.00547249986576501,0.0159510140540818,0.00644249041046331,0.00041350455160012,0.00027487791204749,0,0,0,0.000671842057162073,0.00359724933178549
0.00037841459881965,1.26632489283538e-05,0.00163563208125173,0,0,0.804147694147687,0.0019706914446149,5.37747865973965e-05,0.0597931946780685,0.0786890190878093,3.08336220877279e-05,1.76348697425861,2.96665223178602e-05,0.000260860524910061,0.301674689352205,0.00387990650437768,0.000205610420350364,0,3.63910855480651e-05,0,0.0145579954930368,0.000808536030229464,0.0216963987608417,0.00194024541714567,2.54845515375635e-05,0.000724992218975472,0.00552120488275208,0.00804715146248898,0.00029268614196741,0.00481348927123966,0,0,0.000404837768569141,0.0148484770084026,0,0.101551992003324,0.065279441989257,0.0205665598673482,0.014470153507753,8.97059694105352e-05,0,0,0.0447343025235898,0.030730122110437,0.0103069009291762,0.0130623753610868,0,0,0,0.00029598814758432,6.73930487321897e-06,0.000318128694181528,0,0,0.0170601963953688,0.00135410321375201,0,0.000236556315361644,0.000145138207116917,0,0.0539701969594866,0,0.00023926755632752,0.00314063249892657,0.00384270728765389,2.98022484635163e-05,0,1.68148456701107e-05,0,0.00282375594372348,0.00022289075491635,0.0112888305871011,0.00091725954031746,1.81943897089535e-05,0.000332861735841518,0.00192499693053416,0.00406490576390893,0.000300446670224045,0.00132631993107918,0,0,6.70058798045558e-05,0.00143426383775992,1.59872976736051
0.0152138567859329,0.0027496035929585,0.062854724131042,5.59304885953591e-05,0,0.00124960536025942,0.0505532472379958,0.0023865867000705,0.0345129818267092,0.00303080050307531,0.00980672086148285,0.000760745513697113,0.0158462985765094,0.00478175801990176,0.00103764873592899,0.121484446041648,0.00475355003917358,0.000915352875537268,0.00367577648057851,5.98776162413564e-05,0.35851118438856,0.0283490313991741,0.519979893795112,0.0482604243235292,0.0544012390142699,0.0230055859343635,0.103815509412787,0.146128674908938,0.0134175073495082,0.132457321541972,0.00188581760558281,0,0.0364372309577921,0.786408358857733,0.101551992003324,0,3.68371321624171,0.663653860914521,0.262078843368054,0.406669342229262,8.40803562313017e-05,0.0655466802226089,0.0760289213731923,0.0426227433345682,0.012243069039309,0.0238617991858327,0,0,0,0.00132713189391486,0.000336227488333099,0.000864914349071738,0,0,0.00150491136596673,0.00137416892179688,0,0.00827881696632244,5.02088244749236e-05,3.30998566604609e-05,0.000605304879584121,0.00172395030155942,0.000117172912323509,0.000601778087579519,0.00466611765972917,0,0,0.00030433574870094,0,0.00498291306497875,0.00214492213800807,0.0100089726612768,0.0073560512727684,0.000972665756882549,0.000981487372078579,0.00318782264089846,0.00879234665565158,0.000609170624411522,0.0023859321925992,0,0,3.87381430838529e-05,0.00221122533954828,0.0285352350021395
0.00430027685901838,0.0209195123683597,0.188471298279674,0,0,5.17365163947014e-05,0.0130858125238108,0.000474360773790151,0.00489427834911661,0.00102647784761069,1.04023437813917,0.00118022480591458,0.742214367149382,0.000744807924211797,0.000847236594241128,0.058783363254692,0.0393474464996102,0.0211877743758104,0.116307753147728,0,0.118249712178357,0.017184706771365,0.216009454735439,0.0112751143662857,2.33465601998137,0.447921552973431,0.353167612078132,0.0292945852797743,0.00197971123091519,0.0213856515338015,0.0434827509822074,0.000121890705711548,0.00308488046686794,0.359912070499963,0.065279441989257,3.68371321624171,0,2.07974639948344,1.39891711621792,0,0,1.66252798929687,0.051448481672316,0.0224890837347044,0.00739174199321419,0.0275834240553481,0,0,0,0.000636730771440105,0.00489394824541989,0.000405566163786048,0,0,0.00120730330063781,0.000629314501311691,0,0.00113824076873741,3.96843813277132e-05,0.000179115881095696,0.000437227124816163,0.00978260130206,0.0001836916805706,0.00138344739203635,0.00340731145795848,0,0,0.00477521359309887,0,0.00327297997577333,0.00282489532566494,0.00454938110926814,0.0016850032701986,0.0178621591517982,0.0178010569571644,0.0290298995584134,0.00308060556085453,0.000258699507395257,0.00144454879826636,0,0,9.44634116569172e-05,0.00132525507830438,0.0251272897668174
0.0256946276862958,0.0196770590427069,0.322956271577671,0.000255003458237472,0.00273111623444207,0.00228372558061443,0.0611473342238966,0.00564925902800092,0.0104958149852246,0.00825752220515267,0.806159828440277,0.000326042408386425,0.112035773948411,0.0482450414410612,0,0.141475989272102,0.100143098876184,0.0113532659058034,0.222337883180479,0.00346243492252103,0.284453242063804,0.0331850244772064,0.747847018044975,0.033705823360418,0.193810116255132,0.26357102052743,0.424903425190858,0.0996442395306698,0.392650593089958,0.130008612008037,0.015020132907973,0.161107907280768,0.209680214968131,4.50779880976745,0.0205665598673482,0.663653860914521,2.07974639948344,0,1.99571560427609,0.00902515163571349,0.0557979378428107,0.368986221197969,0.00929281287751641,0.00532335811684613,0.00357545918887615,0.00567621240819301,0,0,0,6.84385566197092e-05,0.00610642661915944,0.000642841405257954,0,0,0.000771489311386819,0.000479736584914471,0,0.00391152355669791,0,0,0.000332741962484096,0.00327154167695916,0,0.000536661872361302,0.000825806140916002,0,0.000190202313516269,0.00237291146855357,0,0.000348320080704368,0.00555914217509802,0.000641898770262148,0.00525255797136948,0.0105393937985583,0.00802761008057016,0.0178124679892206,0.00321835059179941,0.000510944201755716,6.69017576000715e-05,0.000311001109242035,0,0,0.00088564064994644,0.00842751954970045
0.0166712996710438,0.00648013803517747,0.133705213210417,0,0,3.83632680803366e-05,0.0338557269342694,0.00154468384076953,0.0102159821908284,0.0032468231989995,0.0178035702747092,0.000721614472685347,0.0304718647386952,0.00358426107731499,0,0.167051501362297,0.0147141779999637,0.000273578650456713,0.00432601883373919,0,0.22346202950035,0.0287597814682621,0.537415704103426,0.0210608318058185,0.0903081755715555,0.0256537160384999,0.118702344314148,0.0654746992583246,0.0120103914864183,0.0635882602658113,0.000847721357004989,0.00140752115920747,0.0664872246540344,0.341042453244736,0.014470153507753,0.262078843368054,1.39891711621792,1.99571560427609,0,0.0474890065045738,0.406601283574381,0.160445067627795,0.00706556310919598,0.011038098618661,0.0018524281524125,0.00294283330174331,0,0,0,0,0.00137729559222784,0.00012322832949531,0,0,0.000775307960015679,0.000553492172025044,0,0.00503468074502912,0,0,0.000497870905457605,0.0013108753138897,0.000168858242467295,0,0.00135338917463196,0,0,0.000138053797789656,0,0.000452240016385474,0.000774872044261444,0.00110848300314439,0.00324592168811872,0.00520810378038847,0.000555511282959967,0.0011076200546695,0.00128248521149735,0.000179637326980165,6.53963413285033e-05,0,0,0,0.000355735794866655,0.00759344604529532
