0,0.00324272741418942,0.0875321227745034,0.0024253107850158,0.000131866352107275,0.011572639454757,0.991604940864383,0.288606911510416,0.0645007507827182,0.0182076148006132,0,0.000186852107551034,0.000336016402125262,3.77107321922221,0,0.0356949880668279,0.0450258663894063,0.000270499930270689,0.00351103789721278,0.0023327857811824,0.0310362850906865,0.0212706941319419,0.0736253284509575,0.178444113816495,0.00193250830134519,0.0131994555555383,0.016325731647098,0.19575858923426,1.69510199199688,2.01666292133081,9.10302544876729e-05,0.00129302965109121,0.271530589308827,0.392674847289046,0.000776599431839064,0.0430494591725953,0.016763517116895,0.084869852127991,0.0346375234084191,0.0158616806304641,0.000936376521478849,0,0.00391145703263143,0.00117976583354863,0.00685482057965997,0.00264412855450967,8.31232299102445e-05,0.000326556876740856,0,0.0180510858854831,0.00392074828225602,0.000572698166917367,0,0,0.00035247957141857,0.00486573868637318,0.00479269969663056,0.0334445791914649,0,0,0,0,0.00284066665573488,0,0.0053509057444889,0,0,0,0.000397669619530736,0.000228250124529374,0.00589146083129351,0.000629681560941155,0.0621672198074226,0.00102532197765681,0,0.000768467169782591,0.0193043538521782,0.00669935016822897,0.00639618644563261,0,9.93985499848898e-05,0.00186793981371287,0.0042973545422141,0.000603878148113003
0.00324272741418942,0,0.098335824246843,0,0,0.000230076504152844,0.00289740334481866,0.00107261423760123,0.468846428047771,0,0.00349264804384454,0.000309029643819937,0.0118143068884126,0.00162292843093075,0,0.197260186299162,0.0798128618596259,0.00125581146900285,0.0515335579068772,0,0.00325957858093961,2.42178149732274,0.0167555315849453,0.0694293504642758,2.7782112656371,0.142556981997005,3.31175160482382,0.00821182629976932,0.00223893536677045,0.00312493064902455,0.00202918653346811,0,0.00243730949149329,0.0725008821358938,0.00130099875135702,0.0565807155622882,0.147672051581772,0.125445659808777,0.0550647441838938,0.00966551693860209,0.00335596281009357,0,0.0142273414696847,0.0511338181270645,0.0261552935526385,0.0217961339492309,0.00133737246405232,0,0,0.000851213446374536,3.21402026144815,0.0140745581282744,0,0,0,0.00162344577878957,0.000433773846536084,0.311139795812883,0.000387142159524456,0.000496322469594981,0,0.015655467444003,0.000437083464630766,0,0.0566175896806619,0.00770956422580447,0.000653026034469394,0.0233000782014264,0,0.000546655170068988,0.940641980023312,0.00813488896405044,0.038093885056537,1.10758322050666,0.078895089033417,0.238647042810849,0.00391451501130647,0.000433075332079611,0.00250246284437386,0.00228200617194803,0,0.000352790728233358,0.00642002793093061,0.000551099615855468
0.0875321227745034,0.098335824246843,0,0.000420892232087919,5.77632800826148e-05,0.00557849278075606,0.11619445479218,0.0548118514055909,0.00720941681098752,0.00476472102563345,0.00111474332259877,0,0.00041664456280642,0.040937865684082,0,0.0956331320216187,1.1529239701116,0.00080206990584179,0.0451602311912738,9.39017225519336e-05,0.131792343156985,0.087817151027506,3.19630650322358,0.022698230420422,0.0029499788947775,2.08448970719665,1.4670936305561,0.10401168769357,0.00896791571134689,0.109760067837917,0.00119757739254574,0,0.00503618481842785,0.28003876874998,0.00410261925932911,0.201030354251184,0.726965432645441,0.493193917778376,0.196450761836137,0.0290406133307549,0.00496416153612919,0,0.00314050338385402,0.00314987050583824,0.00265957933972491,0.00234047472470432,0.0029777800326693,0,0,0.00116010699819883,0.0468984881480241,0.00105392601941115,0,0,0.000119526053331391,3.73559062102696e-05,0,0.00838027027544225,0,9.91926409065333e-05,0,0.000102083231853824,0,0,0.00759248028006695,0.000904694210315882,0,0.000513985094423362,0,4.46530568396974e-05,0.0310534284811542,0.00147673083080794,0.0052353262889621,0.0041005469340141,0.00280118159081893,0.0180666756284688,0.00177842965005715,0.000226011849225345,0.000663858792846458,0,0,0,0.000369451695826017,0.00285464329220537
0.0024253107850158,0,0.000420892232087919,0,0,0.00958148337220198,0.0337123178717534,0.00748290766570467,0.0227633028526935,1.23393174370217,0,1.08667229681727,0,0.00409824032767349,0,0,0,0,9.69861639418769e-05,13.1732615324476,0,8.40445514695481e-05,0.000354417955924827,5.17081152839844,0,0,0,4.11294544371066,0.00333631663710298,0.00020932078776819,0,0,0.000630904704670882,0.000201797634019256,0,6.68030921865785e-05,0.000127393693361613,0.00105545986743681,0.000567992400149158,0.00679225758014294,0.000122712576974433,0,6.80703416671038e-05,0,0,0.000152591274535908,0,0,0,0,0,0,0.626279005060511,0,0,0,0.000139096514987447,0,0.000452951578502961,0,0.364648759895012,0,0,0,0.000126076308008642,0,0,0,0.955317579033086,0,0,0,0.003437796774914,0,0,0,0.0003475124044428,4.32487913525417e-05,0,0,0,0,0,0
0.000131866352107275,0,5.77632800826148e-05,0,0,0.826708387482434,0.000119297757176118,0.529903441372214,0,0.000125181541478569,0.00140779792959964,0,0,0.026085895773765,0.376836378239895,9.77682319659237e-05,0,0.000339492272846999,0.00148506943414619,0,0.000321874559932609,0,0.0001286952862817,0.00040861860352848,0,0.000487786457981789,0.000225150716395306,0.000209009912089369,0.287940924080588,0.00016120238538535,0,2.73043853193091,0.00165606788915684,0.362158849836667,0,0.000183460779872038,0.00194581379128495,0.0568458866416659,0.00386219437269128,1.07622048015972,1.15047608660664,0,0,0,0,0,0,0,0,0,0,0,0,0,0,0,0,0,0,0,0,0.000103917867716276,0,0,0,0,0,0,0,0,0,0,0,0,0,0,0,0,0,0,0,0,0,0
0.011572639454757,0.000230076504152844,0.00557849278075606,0.00958148337220198,0.826708387482434,0,0.158718853224565,2.0345258377054,0.0268280414388776,1.68143056846866,0.0037962612288505,1.67121228054446,0.000445792359303809,0.232285204624653,0.206021850559304,0.00146198352780486,0.000546733078016862,0.00128352711198561,0.00636588828941529,0.081727430038495,0.00162898471471455,0.000477399179414175,0.00726302510451893,0.648264248875304,0.000657365614361152,0.00306651158686476,0.00140674321934562,0.0620764621928838,0.210833676044202,0.00501407837105659,0.000149287202232724,0.0997651939157487,0.0123398822327334,0.231067250899801,0.00231217793043788,0.00484613205967318,0.00696481178914971,0.187038323534029,0.0126253979221614,2.582265400896,0.205756304080858,8.0672638834683e-05,0.00035458222800943,0.000754054380913048,0,0.000455348701714018,0.000549600576545937,0,0,0.00202218858288625,0.000183454342634185,0,0.00060607179797976,0,3.55925650997609e-05,0.00150435703087122,0.000187091531234041,0.00281357518305001,0.000391936470852791,0,0.00120173511113096,0,0.000428911474645497,0.000422751255265613,0.000256099366851295,0,0,0,0,0,0.000497929832025519,0.000231184629234972,0.00377323337882208,9.25827892493845e-05,0,5.01032172722565e-05,0.00239646655987109,0.000893277817132821,0.000517364555742115,0,0,0,0.000611288793759754,2.63517999626482e-05
0.991604940864383,0.00289740334481866,0.11619445479218,0.0337123178717534,0.000119297757176118,0.158718853224565,0,0.563255396991384,0.0875067500145299,3.24360356902202,0.000140833703587326,0.000979694819965802,0,1.66868437552339,0,0.0311526862995752,0.0213922003353464,7.96115873733612e-05,0.00151994889041253,0.0208957398562953,0.101376042487312,0.00516334769263514,0.339358326413399,0.426026808236039,0.000256211368298159,0.0103560015144707,0.0205997743485973,3.19387816912902,0.0855123244211045,2.99966332502833,0,7.55464388111954e-05,0.0380947076422358,0.0669549464889003,0.00112814791379693,0.0477773822252117,0.0184891618040175,0.0656810277612286,0.0285151088465207,0.0601878173310729,0.00085125265869446,0,0.0046152709519316,0.000928643502889378,0.00378154717901522,0.00404969280081596,0.00184450338263353,0,0,0.0136617646946114,0.000778036863384477,0.000138211285254557,0.000130648500893837,9.02468620140456e-05,0.00183347546018332,0.00722636477489244,0.00377069726353213,0.0191413588738184,0.00118490089256074,0,0.000935937601906849,0,0.00336443736058825,0,0.00284755423199495,0,0,0,5.66293707576215e-05,0.000559143781886569,0.00392544544808436,0.000486567156037965,0.0526546433600235,0.000375323357812809,8.90333535825973e-05,0.000642746966623866,0.0169894279173945,0.00833624621303166,0.00338772896348829,0,0,0.000975667513278776,0.00204583265425579,0.000720722247279315
0.288606911510416,0.00107261423760123,0.0548118514055909,0.00748290766570467,0.529903441372214,2.0345258377054,0.563255396991384,0,0.0541417317822973,0.487527390741667,0.00153251907301526,0.0121333773702109,0.000219491818253452,2.51428858464411,0.00422172260073989,0.00861425579319097,0.0196043494808464,0.000748580347598664,0.0044093492705934,0.0162234158666222,0.0211133234527224,0.00454991155839636,0.0668058209595512,0.161040642964909,0.000904003516591778,0.00809645446662,0.0102068219959378,0.153141384331791,0.321028309356353,0.104805034400761,0,0.58132128512273,0.0146852669654878,0.222585387489118,0.000496684687108902,0.014575543481395,0.0114942174353789,0.107868174177832,0.0175279958558352,0.305841213042009,0.183683742129774,0.000259304738345181,0.00400588619109151,0.000598246582215189,0.00461631291959229,0.00233557781564148,0.00113808274393722,7.67807184038445e-05,0,0.009326936795429,0.000778069948944968,0.00032655205338257,0,0,0.000424787455537526,0.00821936482963369,0.00238020972495559,0.0128226294974393,0.000275284955176006,0,0.00112484036631222,7.62597935185377e-05,0.00306948870991353,0,0.00107008903724419,0,0,0,0.000455921812598056,0.000420672955072725,0.00168666484243475,0.000961024502866859,0.0462652203492834,4.27048526088422e-05,0.000226259516147862,0.000487119263240831,0.0134489392808895,0.00453479962451246,0.00304879282265235,7.35744860987418e-05,0,0.00082767532116708,0.00223985468615189,8.83954655149721e-05
0.0645007507827182,0.468846428047771,0.00720941681098752,0.0227633028526935,0,0.0268280414388776,0.0875067500145299,0.0541417317822973,0,0.0666702932921503,0.00087665273689316,2.20940836561432,0.00452595648875772,0.0445150868336831,0.138442128014702,0.146288430345137,0.00930537244242334,0,0.00398312758268412,0.241498356510982,0.00127026187927991,2.76235629684448,0.00408129672835473,7.08809810671261,0.26852408825885,0.0167022855283322,0.117676186521829,0.16719276777363,0.0309932970524888,0.0197889190615464,0,0.000592138007588245,0.0294415833769004,0.0142907651859154,0.000187035158199091,0.0776512109065295,0.0147579456970615,0.0245461606795109,0.012953473536889,0.634833574352865,0.000298297768112851,0,0.0165737679399006,0.00452701430894641,0.0229239704447538,0.0223459245951259,0.0225276382198944,0.00225087808377328,0,0.0525483094525849,0.124067830494015,0.00261659448260907,0.00746577436491331,0,0.02142527212583,0.0537934894368606,0.0233296173699272,1.41702607448787,0.0190241143498386,0.000144697964946205,0.0875003902659748,0.000217438144743212,0.0131494436536494,0.00165005476018967,0.0993346898397752,0.000543617115965261,9.5394798810571e-05,0.00025531135967424,0.013225661412113,0.00152093085629463,0.24696274990804,0.0109438655575647,0.382875320202202,0.0410039493470633,0.0034693232641473,0.0107325322882103,0.0513929390152937,0.02061321928994,0.0205401171933369,0.000106377835953832,9.43943889218039e-05,0.0108928605627522,0.011347253820095,0.000368795571648723
0.0182076148006132,0,0.00476472102563345,1.23393174370217,0.000125181541478569,1.68143056846866,3.24360356902202,0.487527390741667,0.0666702932921503,0,4.94704963236586e-05,0.998639055052855,0.00010891015516513,0.270290110839597,0,0.00267073391901624,0.000495048007049971,0.00017289181409211,0.000151961689071359,2.93813713617957,0.00246095038840148,0.000621377084311007,0.0136327802030528,0.639767876589212,0,0.00062526550856823,0.00241550153883421,1.58192540627155,0.041707276446391,0.00704308011469097,0,0,0.00546458265589645,0.0133915614944415,7.59977848127962e-05,0.00488863519798637,0.00174601070479636,0.0100400070540473,0.00286457672112118,0.184788064310224,0.000490568949524075,0,0.000801440736995281,0,0.00127889608571572,0.00016627101005795,0.000644380299306167,0,0,0.000785053888103815,0,0,9.07650547794792e-05,0,7.76671063021026e-05,0.00173857956658529,0.000565667974242747,0.00350583174176724,0.000494959784705035,0,0.00205743044652008,0,0.000241476084368582,0,8.61340717841865e-05,0,0,0,0,0,9.35295443972852e-05,0.000147113786865223,0.00458830523760826,0,0,1.29031757149073e-05,0.00231480228785747,0.00128829677738235,0.000156921888900555,0,0,0,0.000175080924266427,2.73276693391016e-05
0,0.00349264804384454,0.00111474332259877,0,0.00140779792959964,0.0037962612288505,0.000140833703587326,0.00153251907301526,0.00087665273689316,4.94704963236586e-05,0,0,2.05449799572103,0.00254675053101173,0,0.000227350334234367,0.00452314859651338,1.44759205627483,2.18121267371739,0,0.000164684517755363,0.000228723633184916,0.000868621362124798,0.000219479290891478,1.78495919786161,0.540771770522052,0.0657684382892542,0.00018423492985393,0.0160288343222328,0.000139546291659125,0.200626678447293,0.00216922508729077,0.000587803220093743,1.46156995047194,0.000161080571714607,0.0243808137238422,1.95771843881808,1.27218456364534,0.0096752362271607,0.0026384385490775,0.00198189734750094,0.351219953355673,0.000108883848171715,0.0123908337040663,0.00731304588044436,0.00086821917591767,0,0,0.000659436173573592,0,0.0012517855487922,4.7049800680498e-05,0,0,0,0,0,6.75956596622555e-05,0,0.00597879961433892,0,0.00676331140906099,3.04076963999734e-05,0,0.000109951889917367,0,0.00137809291777011,0.00115507262115053,0,0,0,0,4.92525693014203e-05,0.0134903422525622,0.0219820926671327,0.00915495782722426,0,0,0,0.0020234647613796,0,0,0.000378837069406705,7.19464092414294e-05
0.000186852107551034,0.000309029643819937,0,1.08667229681727,0,1.67121228054446,0.000979694819965802,0.0121333773702109,2.20940836561432,0.998639055052855,0,0,0,0.00541884468404383,0.25330064508338,0,0,9.42150663262378e-05,4.88578173372741e-05,12.4645103329426,0,0,6.41855758800923e-05,3.10771525878825,0,4.24679853553277e-05,0,0.0326291153986103,0.00709467409587367,3.5890580948791e-05,0,0.000220488516318547,0.000243985675218859,0.00367319616931331,0.0266571974323582,0.0990231472111931,0.000371114846314218,0.00299087452556335,0,1.36715930023292,0.000222546820473576,0,0.00151547509662313,0,0.00145818498334437,0.00145325216247591,0.00312484735381229,0.000145217800534837,0,0.00364249371123729,0,0,0.000493160995938764,0,0.00220573464412775,0.00482185003249641,0.00527055140258679,0.0142057132909118,0.00295062522052754,0,0.0137099640256678,6.68357039214224e-05,0.00205201146787476,0.000151597937443055,0,0.000138975762989743,0,3.74194087300155e-05,0,0,0,0,0.0104920073626369,0,0.000108815148781478,4.30641190395326e-05,0.00321981886919378,0.00322077595915084,0,0,0.000283084721515572,0.000317013818807561,0.00165016861708498,0.000276377951335198
0.000336016402125262,0.0118143068884126,0.00041664456280642,0,0,0.000445792359303809,0,0.000219491818253452,0.00452595648875772,0.00010891015516513,2.05449799572103,0,0,0.000180860254761286,0,0.000812618724420795,0.000105640421146765,0.0379435482694614,0.0129799429013275,0,4.29689319663383e-05,0.00612315587242609,0.000262204011723316,0.000228492173461943,3.75159485009943,0.677647568640595,0.417860512014784,7.85012793602796e-05,0.00133977227807537,0,2.25265550329199,9.27219198882945e-05,0,0.0355218877256123,5.54249203723114e-05,0.136319655015011,0.596332147865692,0.182524418487494,0.0582664210905084,0.000476467613724304,0.000198825275853076,1.40578380747583,0.00483964927139013,0.0253384541007102,0.00865342514510539,0.00243763596907761,7.62732025451612e-05,0,0.00802044417746881,0,0.00357376438093306,0,0,0,0,0,0,0.00167204828363836,0,0.00344356561650635,3.12321391749901e-05,0.203039145917259,0,0,0,0,0.00393472962474546,0.00280208808011323,0,0,0.00095177118079703,3.15315448144032e-05,9.51189767938732e-05,0.0351025945020379,0.0238054817512393,0.0163116342057105,0,0,0,0.00482640628630648,0,0,0.00136197788435513,7.89511973274849e-05
3.77107321922221,0.00162292843093075,0.040937865684082,0.00409824032767349,0.026085895773765,0.232285204624653,1.66868437552339,2.51428858464411,0.0445150868336831,0.270290110839597,0.00254675053101173,0.00541884468404383,0.000180860254761286,0,0.000237017893174069,0.00978922001271732,0.012510691254839,0.000277092094994847,0.00514886383301605,0.00911851464112196,0.013921145320652,0.0048217196057891,0.061079132195463,0.153258875883717,0.000328782798683754,0.00744268700709571,0.00859331295735875,0.155418569254367,3.12651239754771,0.125410350429674,0,0.0364377154302022,0.0518847548083937,0.25392663087327,9.41926492269095e-05,0.0133998696463396,0.00953122796780665,0.14500089006242,0.0143951908353674,0.208312658841357,0.0305343628955898,0.00022689862641645,0.00259054869033118,0.000242895581702026,0.00369267875525399,0.00185112752470175,0.000606590309542066,0,0,0.00943912109644449,0.000398818758980803,0.000103148069822145,0.000546385381480961,0,0.000156260002655955,0.00616589065172766,0.00306064314786585,0.0188484634420798,0.000363879763633728,0,0.000297613564166785,0,0.00131755304654657,0,0.00166137385915792,0,0,0,0,0.00014638789250379,0.00123864063438898,0.000821499742995051,0.0423103479468649,3.73628377318088e-05,0.000191665542363881,0.00091985727713588,0.0124866090677137,0.00455595072907737,0.00274830282466104,0,0,0.00106518981434427,0.00248087668966321,0.000157103121982036
0,0,0,0,0.376836378239895,0.206021850559304,0,0.00422172260073989,0.138442128014702,0,0,0.25330064508338,0,0.000237017893174069,0,0,0,0,0.000146571264383505,0,0,0,0,0.000169241638978954,0,0,0,0,0.0010744670931423,0,0,0.00200450221450515,0,0.000677668298374803,0.00981297811263506,0.0489779942098102,0,0,0,5.47841740826392,0.00999210761672531,0,0,0,0,0,0,0,0,0,0,0,0,0,0,0,0,0,0,0,0,0,0,0,0,0,0,0,0,0,0,0,0,0,0,0,0,0,0,0,0,0,0,0
0.0356949880668279,0.197260186299162,0.0956331320216187,0,9.77682319659237e-05,0.00146198352780486,0.0311526862995752,0.00861425579319097,0.146288430345137,0.00267073391901624,0.000227350334234367,0,0.000812618724420795,0.00978922001271732,0,0,0.0410759083732549,0.000101735212332055,0.00405568027093366,0,0.949588550278443,5.21361681377345,1.77245718814725,1.45449734220386,0.0184435818466382,0.015426805839244,1.06365678062517,0.602414973284999,0.0256155749977842,0.101750374175193,0.000130686277273869,0,0.0497486842875068,0.174346131720263,0.00913807487833389,0.482497348691795,0.270023832830422,0.273328279277418,0.27456573398384,0.0751553497392956,0.000512565772882142,0.000267314163534454,0.0189312145494799,0.00427435751822957,0.00773704541380675,0.00991512810655924,0.0010701982602886,0,0,0.00635217164530333,0.0280183330044613,0.00118739865169045,0,0,0,0.00258638281942555,0.000726771046331872,0.108663851435636,0.000215587599070137,4.95748122865186e-05,0,0,0.000658987700847564,0,0.322537346757176,0.000714007290505459,0,0,0,0.0259714679415239,0.300867455355784,0.0300025107797849,0.105450295160442,0.00634903044832673,0.000488881583957364,0.0107643688651239,0.0315915334268876,0.00478341353512063,0.0150853143899674,0,0,0.0040279664066922,0.00422066998379301,0.00512766024228423
0.0450258663894063,0.0798128618596259,1.1529239701116,0,0,0.000546733078016862,0.0213922003353464,0.0196043494808464,0.00930537244242334,0.000495048007049971,0.00452314859651338,0,0.000105640421146765,0.012510691254839,0,0.0410759083732549,0,0.00223927978570947,1.70231322775648,0,0.0371034088079432,0.0196656797091896,2.00561340480628,0.0055746022568922,0.00406829909153233,1.33786846319758,0.309435882694845,0.0168193894486752,0.0058334698085227,0.0378969267906526,0.00166205916179776,0.000144323201241156,0.00394238366202127,0.503021768945712,0.00181229112159559,0.0814541739507408,0.635786344831147,0.27202157411673,0.0936708703316644,0.00694092657453696,0.00270964154865859,0,0.00111493552287128,0.00260729286575888,0.00105916956184641,0.000425073395332739,0,0,0,0,0.0442149640104954,0.000585690716756272,0,0,0,0,0,0.00169012702631949,0,0,0,0.000226875301912583,0,0,0.00127015240191248,0.000495247672976373,0.00013143389976697,0.00122914864369167,0,0,0.0068498143128887,0.000241859179483313,0.0014729541054985,0.00921071489868012,0.00425781232014457,0.0129562325843641,0.000270846240104625,0,0,0,0,0,0.000291229223200023,0.00125079177175137
0.000270499930270689,0.00125581146900285,0.00080206990584179,0,0.000339492272846999,0.00128352711198561,7.96115873733612e-05,0.000748580347598664,0,0.00017289181409211,1.44759205627483,9.42150663262378e-05,0.0379435482694614,0.000277092094994847,0,0.000101735212332055,0.00223927978570947,0,3.2579128365936,0,0,0.000161441342401551,0.000211529107005226,0,0.212744458986608,0.446534558668173,0.0454796624312118,2.42595285706931e-05,0.00358983870969473,5.33201407763666e-05,0.0742573050379214,0.00043021309348312,0.000931706402527179,0.0782274116498045,8.68742856691791e-05,0.0094742138325484,0.163770076067847,0.0821300814239038,0.0117863047374776,0.00103238426719208,0.00170720138176897,0.00837794993709106,0.00115617443220744,0.0152876188428573,0.00963098674554229,0.00357572266033952,0,0,0.00179136184948695,0,0.00148528569894694,0,0,0,0,5.2260086743684e-05,0,0.000309860238135279,0,0.00419904042361157,0,0.00727302177441685,7.94839453663841e-05,0,0,0,0.00353065984680404,0.00214671625540566,0,0,0.000335868360513309,0,0,0.0221041940510997,0.0205835165193051,0.00838639084619593,4.9063852586218e-05,0,0,0.0032586594727416,0,0,7.86733915111035e-05,9.50284988307157e-05
0.00351103789721278,0.0515335579068772,0.0451602311912738,9.69861639418769e-05,0.00148506943414619,0.00636588828941529,0.00151994889041253,0.0044093492705934,0.00398312758268412,0.000151961689071359,2.18121267371739,4.88578173372741e-05,0.0129799429013275,0.00514886383301605,0.000146571264383505,0.00405568027093366,1.70231322775648,3.2579128365936,0,0,0.00189139376472479,0.00432147581311733,0.025539374778062,0.0013469893094651,0.0589543702771769,1.82547798722196,0.250127920200127,0.00141885524943567,0.0274194815986753,0.00287803249372816,0.0104721822229708,0.00645678648359435,0.00130290637801427,1.87558445032536,0.00089556649726043,0.0544790958912218,0.646682055577367,0.829189509872279,0.0892607652932351,0.00827079764787822,0.00381183023086693,0.00535058324710478,0.00125324649456127,0.0237599521427913,0.0112961136968752,0.00384966571324666,0,0,0,0,0.028987848958308,0.000467627982654156,0,0,0,2.9297646960625e-05,4.63127995132921e-05,0.00145740561182134,0,0.00501521051484357,0,0.00854262822832028,3.85494227481548e-05,0,0.00056856889107725,0.000519035174775938,0.00460977121881858,0.00579259302726743,0,0,0.000686985580144982,0,0.000252494786917478,0.0536783189945306,0.0334775847868798,0.0248472144500305,0,0,0,0.00313262666263513,0,0,0.00139358944958558,0.000791946523536087
0.0023327857811824,0,9.39017225519336e-05,13.1732615324476,0,0.081727430038495,0.0208957398562953,0.0162234158666222,0.241498356510982,2.93813713617957,0,12.4645103329426,0,0.00911851464112196,0,0,0,0,0,0,0,0,0.000289796666961689,2.89677505526497,0,2.53918337408969e-05,4.44059096412755e-05,1.32047177397215,0.00495943909673197,0.000160707889847009,0,0,0.000525818859207054,0.00197025649317882,0,0.000255693701911359,0.000105925006429055,0.00148779371823616,0,0.0355117803112431,0,0,0.000184747954641903,0,0,0,0.00149604602184965,0,0,0.000229593781714235,0,0,0.000534831456103172,0,0.000186443476284388,0.000689473972103618,0.000842669224783182,0.00875775577156595,0.000435698181918668,0,0.00168844855231678,0,9.12832992293403e-05,0,0,0,0,0,0,0,0,0,0.00421065719564266,0,0,0,0.000680636948442847,0.000141714368785559,0,0,0,0,9.85556178594903e-05,6.34622479838195e-05
0.0310362850906865,0.00325957858093961,0.131792343156985,0,0.000321874559932609,0.00162898471471455,0.101376042487312,0.0211133234527224,0.00127026187927991,0.00246095038840148,0.000164684517755363,0,4.29689319663383e-05,0.013921145320652,0,0.949588550278443,0.0371034088079432,0,0.00189139376472479,0,0,0.0136721414508164,4.27315141570455,0.0289389865924985,0.000379153719580037,0.0115280673197646,0.0278330704030336,1.32033180655525,0.0475081478225269,3.11793522224748,0,4.17881021467989e-05,0.681440794438962,0.3006375859531,0.00765165041784707,0.272980546527645,0.109292890003826,0.280342759523978,0.166139278382043,0.0436396274208009,0.000304493142873789,0.000651124128557258,0.00300603548107986,0.000833138098346389,0.000984739165019018,0.00119293134204955,0.000205458536326553,0,0,0.00175453274586946,0.001799221689941,0.000199546933345675,0,0,0.0001163129028475,0.0003174621213611,0.000298664498602904,0.00726876776842613,0,0,0,0,0.000122839162896523,0.000731213083490664,0.00670596668861844,0,0,7.73431306290862e-05,0,0.000233829775297772,0.00593438899299612,0.000246673190916418,0.016612258362053,0.000120053835752053,5.35147823542459e-05,0.000628956716162128,0.00587684782245168,0.000954508261627617,0.00166054870636365,0,0,0.000932072104535751,0.000810324814324762,0.00495407787439176
0.0212706941319419,2.42178149732274,0.087817151027506,8.40445514695481e-05,0,0.000477399179414175,0.00516334769263514,0.00454991155839636,2.76235629684448,0.000621377084311007,0.000228723633184916,0,0.00612315587242609,0.0048217196057891,0,5.21361681377345,0.0196656797091896,0.000161441342401551,0.00432147581311733,0,0.0136721414508164,0,0.127446808477152,1.42504101931909,0.291437371700855,0.0155848425199798,1.94232070447812,0.0762805217300225,0.00792507307702809,0.0177552801302563,0.000167942476138517,0.000150817395515031,0.0173323863564399,0.0500169960177322,0.00204873422389881,0.0861559126377251,0.121298704476337,0.0912309085738482,0.100173285699571,0.0249436152628738,0,0,0.0122539008289953,0.0122751983068939,0.0120507078973596,0.0186603267780646,0.00334574063511319,0,0,0.00658904322752893,0.422615519804385,0.00550950440210607,0,0,7.67096580608674e-05,0.00105922641286641,0.000949008328630356,1.09432192483448,0,0.000375777085846265,0,0.000222429002495178,0.000846329986742716,0.00028957788228174,0.450387111739467,0.00162116427261663,0.000237291781248108,0.00160050160898248,0,0.00210224292657224,1.34293931917092,0.0528532045376409,0.138606346905791,0.0952156794468964,0.00625516266473509,0.0426269176762206,0.0119590558678431,0.00218053095182922,0.0058971707963645,0.000507031403412458,0,0.00294002526226897,0.00166997611922878,0.00205206860669819
0.0736253284509575,0.0167555315849453,3.19630650322358,0.000354417955924827,0.0001286952862817,0.00726302510451893,0.339358326413399,0.0668058209595512,0.00408129672835473,0.0136327802030528,0.000868621362124798,6.41855758800923e-05,0.000262204011723316,0.061079132195463,0,1.77245718814725,2.00561340480628,0.000211529107005226,0.025539374778062,0.000289796666961689,4.27315141570455,0.127446808477152,0,0.0646613206091626,0.00159906043498546,0.224216149295772,1.53610886660329,0.80936832749941,0.0170161771260929,0.439788073872419,0.000227286086058242,0.000466378131650513,0.0111742782759952,0.509385981734369,0.0282195816342206,0.764607713065608,1.05931200332104,0.789330213211491,0.529409486461705,0.170274150935163,0.00110441659636418,0.0011206100427429,0.00608345153621608,0.00275492064314503,0.00204334866883594,0.00419828391109564,0.00424470611967685,0,0,0.000585801591292002,0.00720512674555179,0.000416895581281368,0,0,0,0.000663009490798872,0.000267289593765454,0.00913447066039781,6.7100511667349e-05,0,9.02300606720483e-05,0,0.000127702984360981,9.15759291602323e-05,0.0241913224102893,0.000256233149451222,0,0,0,0.000492517400009377,0.0487160954278781,0.00458900672586682,0.0108887659498236,0.00101639807318772,0.000255613553136882,0.0074045130849882,0.00315088472113594,0.000583867207051369,0.000497173302250098,3.15502704826809e-05,0,0.000177186741850739,0.000351023901400028,0.0211310346714901
0.178444113816495,0.0694293504642758,0.022698230420422,5.17081152839844,0.00040861860352848,0.648264248875304,0.426026808236039,0.161040642964909,7.08809810671261,0.639767876589212,0.000219479290891478,3.10771525878825,0.000228492173461943,0.153258875883717,0.000169241638978954,1.45449734220386,0.0055746022568922,0,0.0013469893094651,2.89677505526497,0.0289389865924985,1.42504101931909,0.0646613206091626,0,0.0126585485670047,0.00678683896039684,0.140776014688146,4.60070921383624,0.141020566852493,0.0819473681846692,4.10524641226602e-05,0.000807556085727173,0.0683918497889104,0.0600862115655443,0.00160358370069253,0.0938116458757254,0.0285957784086246,0.0677500394922479,0.0288118493774214,0.187222949912986,0.000553660621891144,0.000217855564633829,0.033233694647159,0.00249167139797947,0.0539685995321315,0.039069013299707,0.0356963295439033,0.00212466163057575,0,0.109119105976362,0.0168657495074774,0.00234864489974988,0.0334584988548871,0,0.021732578686564,0.0965582243978842,0.0468741226950382,0.324738782660211,0.0258578348316238,0.000519620637826788,0.0824173691241307,0.000334160933106203,0.0336936294118117,0.00212281319160327,0.0613137702151086,0.000731437677296204,4.59984143349025e-05,0.000359261736903335,0.00599296441741887,0.00470213542813737,0.0553625357229885,0.00980986077391228,0.53151310778835,0.00326213742112429,0.00115843068646297,0.00747889249747661,0.144892226292744,0.0684261645256634,0.0390687359875203,0,0.000104537864180766,0.0113740805387266,0.0245815134048283,0.000752922622539462
0.00193250830134519,2.7782112656371,0.0029499788947775,0,0,0.000657365614361152,0.000256211368298159,0.000904003516591778,0.26852408825885,0,1.78495919786161,0,3.75159485009943,0.000328782798683754,0,0.0184435818466382,0.00406829909153233,0.212744458986608,0.0589543702771769,0,0.000379153719580037,0.291437371700855,0.00159906043498546,0.0126585485670047,0,0.758873858944763,1.19138621931245,0.0012470183932286,0.00196144936020495,0.000755207141235031,0.50913066151637,0.000110588155839849,0.00108822417977275,0.0415590068831927,0,0.111241197865076,1.49073969995585,0.261521928586175,0.0100279677991522,0.00163718427004973,0,1.13026771448031,0.142421198825048,0.103415679174957,0.0417383746512486,0.0119523701343428,0.000523086728674559,0,0.0741783288872597,0.000398488503236006,0.543334005118708,0.00104003083574057,0,0,7.10835114581519e-05,0,0.000273776976458241,0.0575328341483419,0,0.0113348597121179,0,0.276645002396404,0.000444945284773685,0,0.0100595762518992,0.000894766668115931,0.0121601248063685,0.0190179325695346,0,0.000208987677290666,0.0994533671883164,0.000958337236011417,0.00948637727182118,0.905802844447931,0.0953672464525974,0.103529810155835,0.00126669931093345,0.000364486985459025,0.00149224285325127,0.0153987848638756,0,0,0.00298924844680946,0.000180085939317866
0.0131994555555383,0.142556981997005,2.08448970719665,0,0.000487786457981789,0.00306651158686476,0.0103560015144707,0.00809645446662,0.0167022855283322,0.00062526550856823,0.540771770522052,4.24679853553277e-05,0.677647568640595,0.00744268700709571,0,0.015426805839244,1.33786846319758,0.446534558668173,1.82547798722196,2.53918337408969e-05,0.0115280673197646,0.0155848425199798,0.224216149295772,0.00678683896039684,0.758873858944763,0,2.47446494117335,0.0101756510004074,0.0131661803187268,0.0179109713329602,0.407190438988282,0.00118290431082191,0.00122409309723489,0.306625422099803,0.00289659368656207,0.128853994195924,1.06401969144779,0.612367933095495,0.0867211369128844,0.0054009411649785,0.00270055477784322,0.0191590559392025,0.00505354624724173,0.0761228344305025,0.03606626938669,0.0121743168328735,0.000727548879633926,6.3532553964683e-05,0.000615845538786852,0.000244112541979232,0.0901976120612224,0.00113013854990063,0,0,3.96558824100317e-05,0.000105154330834781,0.000132346802204953,0.00226077509093595,2.47084505616588e-05,0.0166096699636345,0,0.0336578893294901,7.46789644442256e-05,0.000368956360603304,0.00119592397326682,0.000997002791179251,0.00768024633745312,0.0234334874613407,0,2.342435490975e-05,0.0074612001238146,0.0007021338568624,0.00168761929736464,0.147049327969046,0.169496485429506,0.139241067672102,0.000339942272805755,0.000297846165919885,0.000335309125402571,0.0071747017172139,0,0,0.00472401124347807,0.00262652148366346
0.016325731647098,3.31175160482382,1.4670936305561,0,0.000225150716395306,0.00140674321934562,0.0205997743485973,0.0102068219959378,0.117676186521829,0.00241550153883421,0.0657684382892542,0,0.417860512014784,0.00859331295735875,0,1.06365678062517,0.309435882694845,0.0454796624312118,0.250127920200127,4.44059096412755e-05,0.0278330704030336,1.94232070447812,1.53610886660329,0.140776014688146,1.19138621931245,2.47446494117335,0,0.0626559724892697,0.0084107427095038,0.0221566141063883,0.127420774953215,0.000543665452416255,0.00328818923608842,0.344924006108339,0.0124502854463654,0.310018821626865,0.784459886001424,0.629924675634042,0.193866010391452,0.0302404110290134,0.00659959558692842,0.00314786949419054,0.014877320070557,0.0645061912048443,0.0368770050099793,0.0143132268262562,0.00175536945372854,0,0.000616999881262804,0.000748817187248983,0.423080421370701,0.0121971467315203,0,0,0.000236232218216378,0.0011047168114243,0.000297958118228714,0.0254753787903299,0.000139961286224494,0.00965356422550348,6.58571551247697e-05,0.0209327162008214,0.000256698624166666,0,0.0468568200908003,0.00442932349733226,0.00522641846519845,0.0260112714424674,0,0.000459555271187437,0.20131222425841,0.0150840877014801,0.0162533808936419,0.198613419381198,0.176568208615188,0.35845636651885,0.00262118365212138,0.000725841094625034,0.000825308139474294,0.00505030121892097,5.89510298206544e-05,0,0.00680812120046479,0.0106216362148445
0.19575858923426,0.00821182629976932,0.10401168769357,4.11294544371066,0.000209009912089369,0.0620764621928838,3.19387816912902,0.153141384331791,0.16719276777363,1.58192540627155,0.00018423492985393,0.0326291153986103,7.85012793602796e-05,0.155418569254367,0,0.602414973284999,0.0168193894486752,2.42595285706931e-05,0.00141885524943567,1.32047177397215,1.32033180655525,0.0762805217300225,0.80936832749941,4.60070921383624,0.0012470183932286,0.0101756510004074,0.0626559724892697,0,0.162999321883917,1.73305774871482,0,0.000298960642790992,0.107460722174947,0.19361253655957,0.00459882063593673,0.202600017201325,0.0446998803595776,0.163085629583456,0.0872924463597377,0.0625950486230297,0.000757357565411948,9.80694034497642e-05,0.015350873621728,0.0021448204060044,0.0143251634503402,0.00977536491082662,0.00600771068706264,0.000101945494188072,0,0.0322411122136383,0.00369495669997128,0.00102486222411949,0.00278387124900873,0,0.00271564939352501,0.0217989238051302,0.00947026499853904,0.0590006010742706,0.00189350855165432,0.000201865622109466,0.00272908542208039,0,0.0110248482948666,0,0.0218678524730808,0.000107763818528858,0,8.04142679526002e-05,0.000135965888622691,0.00209220830609844,0.0124598036994363,0.00457016449449856,0.191211955604934,0.000671393463315271,0.000140992409404627,0.00275078046042731,0.0642567807759849,0.016940398222714,0.0168689216677768,0,0.000126065565569632,0.00506157015127482,0.00830998023243817,0.00368235606656618
1.69510199199688,0.00223893536677045,0.00896791571134689,0.00333631663710298,0.287940924080588,0.210833676044202,0.0855123244211045,0.321028309356353,0.0309932970524888,0.041707276446391,0.0160288343222328,0.00709467409587367,0.00133977227807537,3.12651239754771,0.0010744670931423,0.0256155749977842,0.0058334698085227,0.00358983870969473,0.0274194815986753,0.00495943909673197,0.0475081478225269,0.00792507307702809,0.0170161771260929,0.141020566852493,0.00196144936020495,0.0131661803187268,0.0084107427095038,0.162999321883917,0,1.54287344924794,0.00123263262157954,1.43941841819471,2.73532086548735,2.6075575649325,0.00042511762944828,0.0383459151449787,0.0275339949463143,1.04951586977086,0.0405970333953692,0.358690716336293,0.437451562012807,0.000490472399511426,0.00380104045902108,0.000640248487092358,0.00333717272482863,0.00265570730500923,0.000779523360253136,0.000130909817902976,0,0.00801288425888373,0.000574841984027522,0.000287860000017211,0,5.5943715443544e-05,0.000587460347748352,0.00430883793275032,0.00135180709936849,0.0140223308206349,0.000519293556058629,2.59820777714618e-05,0.000155075995429116,6.20374472288868e-05,0.00205737154470258,0,0.0027377487711438,0.00012359356106118,0,0,0.000243747544317662,0.000427668872266177,0.0028580810819624,0.00102399941899543,0.0474454415338236,0.000405585944489102,0.000511026748705905,0.00108398137180934,0.0134209800612703,0.00615193175861788,0.00395839559881286,0,0.000109993108776119,0.00134449297875188,0.0022529340890211,0.000452862397822445
2.01666292133081,0.00312493064902455,0.109760067837917,0.00020932078776819,0.00016120238538535,0.00501407837105659,2.99966332502833,0.104805034400761,0.0197889190615464,0.00704308011469097,0.000139546291659125,3.5890580948791e-05,0,0.125410350429674,0,0.101750374175193,0.0378969267906526,5.33201407763666e-05,0.00287803249372816,0.000160707889847009,3.11793522224748,0.0177552801302563,0.439788073872419,0.0819473681846692,0.000755207141235031,0.0179109713329602,0.0221566141063883,1.73305774871482,1.54287344924794,0,4.73845564876927e-05,9.93604970372997e-05,0.403845060382512,0.477642970892562,0.00502853047597545,0.190242813488045,0.0339978331154813,0.174841172380972,0.098037030921234,0.022096115596338,0.000748284572276839,7.84872578462534e-05,0.00377952665800471,0.000561941346534056,0.00381958260143743,0.00234544635138607,0.000532454896792775,0,0,0.00548518871337102,0.00199129796135371,0,0,0,0,0.00170900657421227,0.00118470031371427,0.0150043929836774,0,0,0,0,0.00117296676524691,0.000233339532981061,0.00754623599965525,0,0,0,0,0.000513344978443158,0.0084625225682547,0.00101637860300077,0.0450467142404298,0.000410418802956434,4.30083254519232e-05,0.00092067826429622,0.0142688000547598,0.00491737006903602,0.00593301364924782,0,6.1704541599204e-05,0.000825947076812191,0.00208254994467968,0.00272399294098847
9.10302544876729e-05,0.00202918653346811,0.00119757739254574,0,0,0.000149287202232724,0,0,0,0,0.200626678447293,0,2.25265550329199,0,0,0.000130686277273869,0.00166205916179776,0.0742573050379214,0.0104721822229708,0,0,0.000167942476138517,0.000227286086058242,4.10524641226602e-05,0.50913066151637,0.407190438988282,0.127420774953215,0,0.00123263262157954,4.73845564876927e-05,0,0,0.000787035303489336,0.0172750964127241,4.63527666889901e-05,0.003471414685288,0.181063944536923,0.039356723669836,0.00491118572660493,0,0,0.02804761941732,0,0.0104068444534131,0.00164619370329155,0.000180715869740666,0,0,0,0,0,0,0,0,0,0,0,0,0,0.00151350481759339,0,0.00190354437150607,0,0,0,0,0.00163285222233622,0.00245061105178887,0,5.01304056546136e-05,0.00041883473975593,0,0,0.0120362156650056,0.00537784329925293,0.0030232485340606,0,0,0,0.000786202945316297,0,0,0.000435835976178873,0.00010467598917203
0.00129302965109121,0,0,0,2.73043853193091,0.0997651939157487,7.55464388111954e-05,0.58132128512273,0.000592138007588245,0,0.00216922508729077,0.000220488516318547,9.27219198882945e-05,0.0364377154302022,0.00200450221450515,0,0.000144323201241156,0.00043021309348312,0.00645678648359435,0,4.17881021467989e-05,0.000150817395515031,0.000466378131650513,0.000807556085727173,0.000110588155839849,0.00118290431082191,0.000543665452416255,0.000298960642790992,1.43941841819471,9.93604970372997e-05,0,0,0.00578606090208562,0.923784895277004,0,0.000793193462270621,0.0054630962482333,0.110652402042564,0.0096596537388254,0.200101927643742,5.57500404671776,0,0,0,0,0,0,0,0,0,0,0,0,0,0,0,0,0.000135646141383746,0,0,0,0,0,0,0,0,0,0,0,0,0,0,0,0,6.00702893880836e-05,0,0,0,0,0,0,0,0,0
