0,0,0.0190340204520079,0.00814925101771432,0.000320564020261302,0.0037738892739169,1.69521808416145,0.235721560695201,0.00231179735033339,0.0625802440500514,0.000624139988086656,0.00112867209397687,0,2.7992685897943,0,0.00011462361951382,0.00852408442447047,0.000693938793473104,0.00112613252902863,0.0194392799943406,0.00820683354827355,0.000122167381546882,0.0150817003728207,0.0027944666706598,0.000973103399363301,0.00404937450780094,0.000854960896037178,0.0158683952030767,0.991688989622458,0.266143006379733,0.000129838934789184,0.000615502463586018,0.0369634298582955,0.0452162786424916,1.8289885815672e-05,0.00218990855090406,0.00193595194366608,0.024464762768454,0.00380069642974265,0.00297872557355232,0.00192016811716832,0.000184684212137902,0,0,0.000137575613526137,0,0,0,0,0,0,0,0,0,0,0.000112627487635699,0,0.00115083641893481,0,3.56589933141549e-05,5.94252826485965e-05,0.000104440209771888,4.15405948460783e-05,0,0,0,0,0,0,0,0,3.53350428835349e-05,0.000476738526616516,0,0,0,0.000333400891318664,0,7.68616363585536e-05,0,0,0,0,4.64088604818023e-05
0,0,0.00514361773574369,0,0.000123440258144375,0,5.95097949290515e-05,4.38158736831135e-05,0.110582174862262,0,0.0343539653453104,0,0.0336435689437819,0,0,0.0509141975996381,0.00776226763084656,0.0444871181014832,0.0226707103254078,0,0.000254350137737782,1.34220928696,0.000432461048609272,0.0703005373212803,1.1733677989341,0.182143473813397,1.38966416833109,0.00227540061359085,0.000579861844773486,0.00074088012382685,0.0170170133566257,0.000252031264683109,0.00032540625765165,0.0130646761323704,8.13727059796744e-05,0.00749241816051962,0.0250599547097495,0.0474090640741287,0.00537505174714247,0,0.000233060049064718,0.00125095356188715,0.000982582425007156,0.00395934340465896,0.00772989153586819,0.00181420838075665,0,0,0,0,0.422613093318106,0.000101900630708291,0,0,0,0,0,0.0113956221900086,0,0.00365994447385943,0,0.00332449695055958,0,0,0.00227786500194447,0.00123891212070312,0.000914259760229813,0.00683281600354523,0,0,0.0387181995054385,0.000108318159073074,0.00104984828205833,0.0571296778128558,0.028474775568665,0.112245257961324,0.000186895478299313,0,0.000110182892322063,0.00112252063432157,0,0,0.00215590126744888,7.00226973864845e-06
0.0190340204520079,0.00514361773574369,0,0,0.000265077832881665,9.92237059041501e-05,0.0375377688361136,0.000279937515453319,0.0017399927984285,0,0.00318149739623693,0,0.000178464454541136,0.00512218017005973,0,0.0114716604299104,1.22520412000628,0.0041203741895499,0.0634949109180283,0,0.17424803571288,0.00906535815195839,2.51337912778985,0.0120528041006048,0.000189048120937145,1.3678186102159,1.74977758811114,0.120597586138934,0.00519738792665041,0.201033723072582,0,8.02368892545511e-05,0.000655615575418982,0.0389951015810644,0.000906440181997933,0.0181247551654444,0.0145778306554574,0.104409014853895,0.0251750068074961,0,0,0.00028439037313855,0.00154693507331234,0.000280104296473131,0.000589660370307551,0.000387701002826917,0,0,0,0,0.00526739102448612,5.27763554475924e-05,0,0,0,0.000126276403399731,0,0.000551253000562683,0,0,0,0,0,0.000631177000452397,0.000399220831425488,0.000148327649312243,0,0,0,9.11758992810734e-05,0.00362984697963533,0.00031686709220708,0.00171915928839779,0.000222147851583698,0.000187053202484098,0.0037715220326291,0.000968722613100443,3.55401316876535e-05,3.75416476210415e-05,0,0,0,0.000171233803063493,0.000707218965432895
0.00814925101771432,0,0,0,0,0.0133547312592826,0.020018242856899,0.00168173171229239,0.193506136020367,1.38707631952965,0,1.27269473976294,0,0.00240301569087107,0,0,0.000119880454300312,0,0,7.574963142798,0,0,0,3.16717265520467,6.13188446774464e-05,2.59640621549635e-05,0,1.59327411547403,0.00198626960067276,0.000164916453853552,0,7.47769519811401e-05,0,0.00245686523742862,0,0,0,0.00054642873597309,0,0.0017958507575564,0,0,0,0,0,0,0.000115250877849587,0,0,0,0,0,0.211403041907305,0,0,6.31235932508122e-05,0,0,0,0,0.00029298286373807,0,0,0,0,0,0,0,0.003384097761607,0,0,0,0.000685466935152612,0,0,0,0,0,0,0,0,0,0,0
0.000320564020261302,0.000123440258144375,0.000265077832881665,0,0,1.38197493383711,0.000130561055682475,0.158900308540736,0,0.000156820315222073,0.0215772337092252,0.000705664641758287,0.000388338011548078,0.102725841523916,0.926376265309171,0,0,0,0,0,0,0,0,0.000109469103250805,0.000784035273179145,9.02060343498292e-05,0,0,0.175899898311134,0,0,1.03381397806313,0.000748508137971005,0.0675448675421566,1.34836521854307e-05,0.000637833655156298,0.00151963062068326,0.0272151641998391,0.002170515324752,1.30945232715106,2.9813109865657,0.00066515469130906,0,0,0,0,0,0,0,0,0,0,0,0,0,0,0,0,0,0,0,0,0,0,0,0,0,0,0,0,0,0,0,0,0,0,0,0,0,0,0,0,0,0
0.0037738892739169,0,9.92237059041501e-05,0.0133547312592826,1.38197493383711,0,0.0660005259765916,1.71997733336631,0.000873341004065546,1.07347354511244,0.000977714048081309,2.25528143824839,9.80596353151383e-05,0.208801834567321,2.58239717160686,0,0,0,7.70602780884415e-05,0.0410246242002583,6.41253719976444e-05,0,0,0.00543628280246668,0.000416215134646401,0.00022252172712379,9.51380225973403e-05,0.0277365903799007,0.420700465855688,0.000437064700809179,0,0.152431906020541,0.000191706943714847,0.0240920693232147,0.773749907198959,0.000763354881037955,0.00150001227375749,0.0327724100281441,0.000738367166201595,0.386289565853363,0.0738010278845311,0.000796779228367875,0.000125854162698794,0.000326604067412133,0,0,0,0,0,0,0,0,0,0,0,1.65296194975574e-05,0,0,0,0,0.00043203217369274,0,0,0.00068406059153011,0,0,0,0,0,0,0,0,8.08842408050623e-05,0,0,0,0,0,0,0,0,0,0,0.00505976105700465
1.69521808416145,5.95097949290515e-05,0.0375377688361136,0.020018242856899,0.000130561055682475,0.0660005259765916,0,0.0710764529501441,0.0288297971656976,2.37954934759958,0.000157473716782139,0.00101355986000468,0,1.03307807610503,8.85057308859516e-05,0.000383576938310498,0.00348450663696536,4.08035587793417e-05,0.000466431100960557,0.00338301226235958,0.0143145694327621,0.000380602711091436,0.031894856608144,0.215961710077478,3.60868019467523e-05,0.00305819960661345,0.00132844053090948,3.57492114961159,0.0592356488213886,1.77366413514382,0,0.000166838822351448,0.00500642846333619,0.0190185340771246,0.000230797617415329,0.00583731416494336,0.00102446786347493,0.0122106943086176,0.00469900703383509,0.000689910403930708,0.000579789338353882,0,0.001001147430077,0,0.000616978256627431,0.000446755227124744,0.000447092447762004,0,0,0.000567859056668708,0.00017037730819558,0,0,0,0,0.00265177757978387,0,0.0124483607574398,0.000316690524515777,3.61714941171252e-05,0.000856240944908819,0,0.000516478800399528,3.21045040108426e-05,0,0,0,0,0,0.00013412762065553,0.000195744299986604,2.17925434729633e-05,0.0110779541604537,0,0,0.000113945388446847,0.00752723171763503,0.00133741875926207,0.000204736837410379,0,0,0,0.000165388510911712,0.000275787173490489
0.235721560695201,4.38158736831135e-05,0.000279937515453319,0.00168173171229239,0.158900308540736,1.71997733336631,0.0710764529501441,0,6.89759690898611e-05,0.760379208438157,8.66041340707514e-05,0.0100545943451046,6.78648072229677e-05,2.64356935861882,0.0034987099864031,0,0.000199782377311256,0,0.000114733694721084,0.00286344162242371,0.000217447827085564,0,0.000531002888608526,0.00190863076262421,0.000211769285948372,0.000193572684628619,2.55100311853619e-05,0.0155811285176017,0.330675077253422,0.00624924324391514,0,0.0459934590310736,0.000476498754562473,0.00403570670217522,0.00175262391530115,8.63629654705364e-05,0.000262741765521485,0.00318450967154896,0.000239334021417854,0.0115237836880369,0.00620881472001681,8.14078429493999e-05,0,0,0,0,0,0,0,0,0,0,0,0,0,0,0,0,0,0,2.7938229786301e-05,0,0,0,0,0,0,0,0,0,0,0,6.2061306944915e-05,0.000170306251319648,0,0,3.70476362580841e-05,0,0,0,0,0,0,0
0.00231179735033339,0.110582174862262,0.0017399927984285,0.193506136020367,0,0.000873341004065546,0.0288297971656976,6.89759690898611e-05,0,0.0015371882117375,0.00500417145044902,1.40716077334029,0.00122122733948508,4.38653500052372e-05,0.425266341555467,0.0130645778415332,0.000370126021025494,0.00769854903777291,0.00278191374562024,0.5330001598529,0.00154833184489367,1.62945668744248,0.000736601199294445,4.83594634628818,0.0494497846213569,0.0203727808524982,0.0498458879894613,0.0949502718417086,0.00303930550844704,0.0188902615568221,0.00149305881783604,0,0.00686703388992664,0.00705199725392721,0.00139134032829858,0.017618009512137,0.00469411625915291,0.0145834211250197,0.00711148706882762,0.946072623782084,0,0.000436313680393496,0.0100251404888411,0.000399737483573518,0.0150409594661728,0.0108721746153324,0,0.000518520374311829,0,0.0119993491053452,0.00180101259571903,9.09355224479151e-05,0.000578498849602285,0,0,0.0168637172176384,0,1.03289249630358,0.000808798768597575,0.000496253616363424,8.23397759662629e-05,0,0.00207375396338092,0,0.00145759814616013,0,0.000196469860620281,0,0,0.000274909380970023,0.0024889956025495,0.000406334175303133,0.0926910601183751,0.00115534100159791,0.000368709068271544,0.00143296487685057,0.0502794718076656,0.00909675850863487,0.00664821740702526,0.000735030489442616,0.00019627916916459,0.00655113627507226,0.00676793865279054,0.000141711654847038
0.0625802440500514,0,0,1.38707631952965,0.000156820315222073,1.07347354511244,2.37954934759958,0.760379208438157,0.0015371882117375,0,0.000199134455471074,0.411002096651069,0,0.0927018270451072,0.000936298391960135,0,3.69885083406768e-05,0,0,1.95328346033487,0,0,5.96947446966792e-05,0.055396455949746,3.11985581251221e-05,7.2351659924448e-05,4.80757536689964e-05,1.21251514827214,0.0193092403310419,0.00156656762109936,0,0.000312953170018183,0.000586243130904045,0.00756973023609179,0.101723191369767,0,0.00017239647521319,0.00399036621620987,0.000211165723625006,0.00933302536835422,0.000228006350787374,0,0,0,0,0,3.7139164836083e-05,0,0,0,0,0,0,0,0,0.000141372523327132,0,0.000663094388298708,2.18561559627659e-05,0,0,0,6.45878150571759e-05,0,0,0,0,0,0,0,0,0,0.000308317938759955,0,0,2.96928599371601e-05,0.000170533275779513,0,0.000189149075085692,0,0,0,0,9.43189967121663e-05
0.000624139988086656,0.0343539653453104,0.00318149739623693,0,0.0215772337092252,0.000977714048081309,0.000157473716782139,8.66041340707514e-05,0.00500417145044902,0.000199134455471074,0,2.53191615717444e-05,1.57995801049411,0.00119485756188307,0,0.000426508494306302,0.0223017479471483,1.62563562053603,1.26742199716511,0,0.000308525058475233,0.0159033204719402,0.00361724824372896,0.0011732880491401,1.22333061804699,0.706332741831632,0.0856290113124876,0.000946025493541327,0.00998564352484441,0.00106910316511585,0.252623548890443,0.00281312355546509,0.000840228883607411,1.17218811752012,0.000100382819200864,0.0124188516995537,0.597690600394389,0.452047465356151,0.013687684889443,0.00580177684729226,0.114648510670725,0.0471275304997954,0.000375066853159997,0.0111139272682312,0.00215365727243031,0.00105174595142594,0,9.67412316629779e-05,0.00120465422760226,0.000215663017969932,0.000933191709111279,8.9822877558654e-05,0,0,0,5.40910657468837e-05,0,6.92698835822424e-05,0,0.0239334385697624,0,0.014223408050134,0,0,0,0,0.00618327580759763,0.000504100321873009,0,0,0,6.05556700420172e-05,4.90143691264048e-05,0.0261317336470615,0.0115146438387615,0.00637569600558746,4.30801301954885e-05,0.00026201798854846,0,0.00851624902821725,0,0,0.000991557348568547,6.59792730916926e-05
0.00112867209397687,0,0,1.27269473976294,0.000705664641758287,2.25528143824839,0.00101355986000468,0.0100545943451046,1.40716077334029,0.411002096651069,2.53191615717444e-05,0,0,0.00185083296824913,0.603928349706066,0.00014551755901504,0,0,0,6.57444343624659,0,0,0.000168515132484147,0.636406491697426,4.30722903656732e-05,4.97418045034032e-05,0,0.0125059827709437,0.00484255057565672,0,0,0.000943321653582019,0,0.000555983782902052,0.673308099926759,0.00101130047604959,0.000107411566427865,0.000977493061531286,0.00056116972492434,0.243473892052074,0,0,3.07722149176597e-05,4.30167690381074e-05,7.17623948723249e-05,0.000408931896477527,0.000613314914895584,0,0,0.000136007931453733,0,0,0.000367839277291756,0,0.000430171063863969,0.000137801495874506,0,0.00104072023437645,6.63938282872826e-05,0.000120222024555659,0.0060247378061449,0,2.27552575091127e-05,0.000454287358341299,0,0,0,0,0,0,7.61996809489907e-05,0,0.00160096652492881,0,0,0,0.000561951247567637,5.56879257285875e-05,0,0,0,0,0.000151796513044093,0.0271733785332135
0,0.0336435689437819,0.000178464454541136,0,0.000388338011548078,9.80596353151383e-05,0,6.78648072229677e-05,0.00122122733948508,0,1.57995801049411,0,0,0.00012853845296416,0,0.00078128825849422,0,0.0239592715010239,0.00354667885093995,0,0.00018706481960461,0.00805451928297283,0.000328303218768625,0.00104215277351706,1.96114926737849,0.18158010680385,0.401723932709813,0.000104455413367413,0.00193600403226074,0.000231939491602154,2.37938140450905,0.000334837347028222,0.000339123377893028,0.0745894571218285,4.26764535257782e-05,0.10213504516059,0.453025284232173,0.249648804403698,0.157778142055825,7.26155608856234e-05,0.0021002618505248,1.02765509710681,0.0588287774829624,0.0740385449026011,0.00720714164310239,0.055614047731851,0,0.000293449821124555,0.137977989269247,0,0.000282794675595206,6.67139754655429e-05,0,0,0,0.00013891765355647,0,0,0,0.0532164899356558,0,0.0520739998312757,0.000155561531054569,0,0.000220987781811663,9.83326236455204e-05,0.00308286223298952,0.000125415386111546,0,0,0,0.00011104263626948,0,0.00915005971504393,0.00499345941497069,0.00211992124362316,9.9373418794387e-05,4.41652562318996e-05,0,0.00449924378923935,0.000111311743522451,0,0.000747294897237016,7.58050435274872e-06
2.7992685897943,0,0.00512218017005973,0.00240301569087107,0.102725841523916,0.208801834567321,1.03307807610503,2.64356935861882,4.38653500052372e-05,0.0927018270451072,0.00119485756188307,0.00185083296824913,0.00012853845296416,0,0.000742591386991315,0,0.00192741830154843,0,0.000766807915402346,0.00353787926237128,0.00266116338708621,4.60144579952308e-05,0.0048610784290676,0.00229543598126139,0.000839397946737861,0.00109733076834377,0.00050222968724551,0.00879417296934393,3.97642124632587,0.0683224641182248,0,0.0846932960408656,0.00501846997091004,0.052440532087944,5.2733691972081e-05,0.00105297880508127,0.00234803554160481,0.0372858786909085,0.00159646614797448,0.0116813006934261,0.0139387494238389,0.000282530195836088,0,0,0.000104240738053788,0,0,0,0,0,0,0,0,0,0,0.000191968315144279,0,0.000290405504337791,0,0,0,0,0,0,0,0,0.000128713735960823,0,0,0,0,0,0.000263954888886193,0,5.91541436595323e-05,0,0.000242084323228933,2.98171341735142e-05,6.85122814650537e-05,0,0,0,5.68208883395876e-05,0
0,0,0,0,0.926376265309171,2.58239717160686,8.85057308859516e-05,0.0034987099864031,0.425266341555467,0.000936298391960135,0,0.603928349706066,0,0.000742591386991315,0,0.000301152287924929,0,0,0,0,0.00108102474350898,0.000713322402398575,0.000179497524507778,0,0.000124867819252492,0,1.51198412266877e-05,0.000836125106484516,0.0110591074218741,0.00057189632041257,0,0.0298471007997945,0,0.00452204468793997,0.15579680942062,0.015820341887572,0.00230480621601111,0.00418749288722133,0.00229972883148328,0.995514090077327,0.154512115203556,0,0.00336185067901765,0.0069280589734796,0.00964553676522025,0.00695141152636556,0,0,0,0,0,0,0,0,0.000744795874192009,0,4.64287578728781e-05,0,0,0,0.00201257530745566,0,0,0.0238833317350847,0.00016000876354188,0,0,0,0,0,5.26669199259178e-05,0.000525312548233978,0,0,2.26698329731723e-05,0.00031252464917836,0.000210155327157638,0,0,0,0,0,0.00031306658996173,0.0267751514480222
0.00011462361951382,0.0509141975996381,0.0114716604299104,0,0,0,0.000383576938310498,0,0.0130645778415332,0,0.000426508494306302,0.00014551755901504,0.00078128825849422,0,0.000301152287924929,0,0.00255373784000552,0.000220717891493843,0.00149666611698401,0,0.539871897802053,1.87557010223558,2.32508057850827,1.90599960539275,0.00254041734280318,0.00286470260666543,0.750979684294895,0.66439539305541,7.95853244499141e-05,0.0123529846329091,9.82709927309956e-05,0,0.000170174166082152,0.0246447014218033,0.00691236227360152,0.192173334510964,0.16960297585423,0.113477419767248,0.1090161868975,0.000568295022943033,0.000299191641100647,0.00195793778212351,0.128635633723795,0.0604750375820299,0.053052160016154,0.0767539855753496,0.00115107454585359,0,0.000624396577086211,0,0.00366637761932152,0.000949637189749101,0,0,2.27240808112318e-05,0.000512235535727888,0,0.0139390471369491,8.23313906443564e-05,0,0,0.000104825420016649,0,0.00070016796291817,0.324161655507378,0.00104474506918775,0,0.000198055113572108,0,0.0293490313019957,0.305226192996604,0.0989446607617484,0.0287024480713179,0.000692780595198131,0.000289113239256129,0.0112715215888597,0.0153865169335197,0.000209083634778246,0.00976231312867343,0,0,0.000165576233296018,0.00952028060217136,0.00557455882307308
0.00852408442447047,0.00776226763084656,1.22520412000628,0.000119880454300312,0,0,0.00348450663696536,0.000199782377311256,0.000370126021025494,3.69885083406768e-05,0.0223017479471483,0,0,0.00192741830154843,0,0.00255373784000552,0,0.0198670332748309,1.9577679737568,0,0.0351685305571146,0.00550514150381876,1.36405832785653,0.00255147179144831,0.00097886959710845,1.34966421603789,0.0907093965519352,0.00689202845564436,0.296522663745384,0.0310998910378498,0,0.000212885595404624,0.00859804408800074,0.097951628779002,0.000320478073244842,0.0043375599695221,0.434994630562069,0.0511034550144173,0.00502013788752671,0,0,0,0.000117916889532379,9.5875036990367e-05,0.000381862725716648,0,0,0,0,0,0.00525690480017605,0,0,0,0,0,0,0.000391255484548012,0,0,0,0,0,0,4.30077926652428e-05,8.55078608690612e-05,0,0,0,3.95375153150689e-05,0.00131165133519201,0,0.000130964007371953,0.000431838381180882,3.60180326527365e-05,0.00229689802845519,0.000128034465009636,0,0,0.000303888238414632,0,0,0,3.03629580247784e-05
0.000693938793473104,0.0444871181014832,0.0041203741895499,0,0,0,4.08035587793417e-05,0,0.00769854903777291,0,1.62563562053603,0,0.0239592715010239,0,0,0.000220717891493843,0.0198670332748309,0,4.13993299573998,0,0.000457139320894247,0.0184722185251876,0.00289646631426849,0.00143154083470462,0.196738343717981,0.640660560547649,0.0612832314807062,0.000260851224752343,0.000789859780598848,0.000284062568958038,0.0226060674412439,0.000361657737614037,0,0.0305258387185479,2.60059424127419e-05,0.00127071215308538,0.0185540371180355,0.0246365417174344,0.00175832132703391,0,0,0.00057231097670713,0.000367252039821762,0.00573763362194896,0.00318230287731829,0.000305561164627823,0,0,0.000539530213873284,8.81098988968999e-05,0.00128565629622073,0.000245479705042406,0,0,0,6.70395573163455e-05,0,0,0,0.0127819787752522,0,0.0086845731177622,4.64571710494096e-05,0,0,0,0.00585931420736241,0.000847647740411208,0,0,0.00018853655293307,3.32420329385123e-05,0,0.0388206153112972,0.0108533249174029,0.00565864735906533,5.9866717245366e-05,5.4005995197455e-05,0,0.00978596882555728,0,0.000160878787112961,0.00138386835744775,0
0.00112613252902863,0.0226707103254078,0.0634949109180283,0,0,7.70602780884415e-05,0.000466431100960557,0.000114733694721084,0.00278191374562024,0,1.26742199716511,0,0.00354667885093995,0.000766807915402346,0,0.00149666611698401,1.9577679737568,4.13993299573998,0,0,0.00247842383616617,0.0100738563571518,0.0259663725115016,0.00075865370980032,0.0363545991656401,1.62298261274702,0.0695342897619668,0.0015302037496176,0.00120596057011664,0.00748032692728735,0.00282953041441639,0.000213540620675277,0.00046757020471353,0.400775784559884,6.37699803639298e-05,0.000851939374581608,0.199137865355852,0.103407046369561,0.00257160190921027,6.05499472992013e-05,0.000611211010318129,0,0.00010405919441748,0.00137624937154834,0.00171097025938164,0,0,0,0,0,0.00192012459226881,0,0,0,0,0,0,0,0,0.00154495822588326,0,0.0018633687951484,0,0,0,0,0.000650770430508978,0.000797993883649966,0,0,0.000220474642534812,5.34245798757194e-05,2.79906284582278e-05,0.0075399526266849,0.00282726010986656,0.00359886954576255,0,8.62284879045352e-05,5.95876370137948e-05,0.0014521463332339,0,0,0.000479810330412962,0
0.0194392799943406,0,0,7.574963142798,0,0.0410246242002583,0.00338301226235958,0.00286344162242371,0.5330001598529,1.95328346033487,0,6.57444343624659,0,0.00353787926237128,0,0,0,0,0,0,0,0,0,1.1102116959455,0,0,0,0.0979834379719318,0.0033315668803005,0,0,0.000120895403723054,0.000746167592720302,0.00132391046581272,0,0,0,0.00161886647825047,0,0.000928110585899278,0,0,0,0,0,0,8.3571853988388e-05,0,0,0,0,0,0,0,0,0,0,0.000223714622620726,0,0,0,0,0,0,0,0,0,0,0,0,0,0,0.000215293034535751,0,0,0,0,0,0,0,0,0,0,0
0.00820683354827355,0.000254350137737782,0.17424803571288,0,0,6.41253719976444e-05,0.0143145694327621,0.000217447827085564,0.00154833184489367,0,0.000308525058475233,0,0.00018706481960461,0.00266116338708621,0.00108102474350898,0.539871897802053,0.0351685305571146,0.000457139320894247,0.00247842383616617,0,0,0.0114973541562555,4.22406870986905,0.0223344304249689,0.000357469045137416,0.00903861885046466,0.0285199384489786,1.13401218266665,0.243426417318961,2.56356845555298,0,0.00038209416733566,0.421873482313276,0.171776050313112,0.00537140582875836,0.150394401672695,0.0407069359718131,0.146428762318188,0.0871095244113623,0.00049743229217924,0.000633793644320422,0.00014164649680674,0.0131642875389394,0.00241751320769809,0.00251436149702932,0.00238480999728619,0,0,0,0,0,0,0,0,0,0.000334087905463248,0,0.0024780223062334,0,0,4.69287259040295e-05,0,0,0,0.00634573764996567,0,0,0,0,0.00207014518285093,0.0068788774473093,0.0035821513874124,0.00973574623804707,9.16979538351471e-05,0,0.000195159041448463,0.00503495890871071,0,0.00207899299930829,0,0,0,0.00166656446571856,0.00306153207692715
0.000122167381546882,1.34220928696,0.00906535815195839,0,0,0,0.000380602711091436,0,1.62945668744248,0,0.0159033204719402,0,0.00805451928297283,4.60144579952308e-05,0.000713322402398575,1.87557010223558,0.00550514150381876,0.0184722185251876,0.0100738563571518,0,0.0114973541562555,0,0.0430810194366882,1.46301280610833,0.253850296281951,0.045678678848309,0.783017039423168,0.0387457597566741,0.000893771198605614,0.00467449825554761,0.00712519207240811,0,0.000243856157523635,0.0151272012601901,0.00117840379355823,0.0528627269977851,0.0444932351893445,0.0742833184006275,0.0336352039616458,0.000102952304785481,0,0.00230448019597503,0.0384844932801639,0.0169276112376806,0.0213330641055666,0.0187893665017008,0,0,0,0,0.0571325302736085,0.001299670495035,0,0,0,0.000694384888607876,0,0.13821245347228,5.66343312475952e-05,0.00118024375891568,0,0.000968607449635963,7.18084572145844e-05,0.000507285414930524,0.0652162821958796,0.00167360607024905,0,0.00131018727366275,0,0.00732590425385386,0.453511958721446,0.0186892169691177,0.0346575886442388,0.0142261602808315,0.000711582042534238,0.0278321051913021,0.0126455994919441,0.000512342958485165,0.00547258055570161,0,0,0,0.00495872673100477,0.00120800546047671
0.0150817003728207,0.000432461048609272,2.51337912778985,0,0,0,0.031894856608144,0.000531002888608526,0.000736601199294445,5.96947446966792e-05,0.00361724824372896,0.000168515132484147,0.000328303218768625,0.0048610784290676,0.000179497524507778,2.32508057850827,1.36405832785653,0.00289646631426849,0.0259663725115016,0,4.22406870986905,0.0430810194366882,0,0.0235365649415894,0.00065765021894895,0.129836238828832,0.656849189080693,0.297409403020388,0.753203866085707,0.249810340043479,0.000142062600592854,0.000217358842190939,0.121959109306826,0.149601904582312,0.022215711625069,0.345465243375426,0.18012721067265,0.423015323724206,0.235089775173732,0.00256049204800745,0.00105628565250356,0.000398265893776803,0.0173455561334842,0.00499774750863784,0.00517351796122416,0.00840749853393444,0,0,0,0,0.000527870510159197,2.93886466388397e-05,0,0,0.000493299533511718,9.75807395259421e-05,3.14407144895138e-05,0.00102605904302355,0,0.000120632832434027,0.000314865187934148,2.415504422381e-05,0,0.00103177744530517,0.0301156369712952,7.01617335157386e-05,0,2.562713531827e-05,0,0.00251513815026692,0.0253619956691539,0.0117861747680388,0.00249514918159342,0,0.000119080130121997,0.00212546144732721,0.00157313953291279,0,0.000420597969083013,0,0,0,0.000962260652413592,0.0166217763615999
0.0027944666706598,0.0703005373212803,0.0120528041006048,3.16717265520467,0.000109469103250805,0.00543628280246668,0.215961710077478,0.00190863076262421,4.83594634628818,0.055396455949746,0.0011732880491401,0.636406491697426,0.00104215277351706,0.00229543598126139,0,1.90599960539275,0.00255147179144831,0.00143154083470462,0.00075865370980032,1.1102116959455,0.0223344304249689,1.46301280610833,0.0235365649415894,0,0.00963805712311692,0.0105228586236153,0.103957502476385,2.3300677039455,0.00491248435378462,0.0603194798126518,0.000316750839368786,0.000167129588126268,0.00479170999810058,0.0152781503457358,0.00124776423692246,0.0642763304141404,0.0184373203812994,0.0330789482273509,0.019009253306515,0.000292554681469822,3.71829315926526e-05,0.000118574998004044,0.0558899535900902,0.00939987698483382,0.0217102496249371,0.0224612856207677,0.00258874751942845,0.000694429389715714,7.59895624552354e-05,0.0112901796095151,0.00120362774448457,0.000219820068606694,0.0908594947434902,0,0,0.030211887561018,0.000207165674329945,0.160914798332069,0.00184164602721502,0.000275955764646812,0.00304096783658731,0.000109354040597308,0.00341784746847705,0,0.0199790818071207,0.000394145323893569,5.7062059220056e-05,0.000125243564807767,0.00103172218029752,0.00830587095246273,0.0268083154853917,0.00639279839850912,0.255891638598293,0.000523975985475943,0.000342484053538004,0.00190148259947048,0.133070995048145,0.0147667348840688,0.0248838435822378,0.000136831390802524,0.000128594241878822,0.00282024041678074,0.0129063708698599,0.00117670184552583
0.000973103399363301,1.1733677989341,0.000189048120937145,6.13188446774464e-05,0.000784035273179145,0.000416215134646401,3.60868019467523e-05,0.000211769285948372,0.0494497846213569,3.11985581251221e-05,1.22333061804699,4.30722903656732e-05,1.96114926737849,0.000839397946737861,0.000124867819252492,0.00254041734280318,0.00097886959710845,0.196738343717981,0.0363545991656401,0,0.000357469045137416,0.253850296281951,0.00065765021894895,0.00963805712311692,0,0.298738514762141,0.567158485680525,0.000763744188013889,0.00608159038382117,0.000342527303236523,0.180609412273744,0.00190930687153509,0.00055956037786489,0.0787576651201728,0.00018000286067017,0.020337015146352,0.860570896004676,0.287860840406106,0.0306478146999359,0,0.00147190931530159,0.275623932353737,0.00148603097037891,0.0387541006660761,0.0181841917365304,0.00144887675726216,0.000101897516120606,0,0.00212342633300424,0,0.026096651364902,6.88990479848581e-05,0,0,0,0.000101840509388795,0,0,0.000163936368500797,0.058592165281438,0,0.038816487321219,0.000161390594939891,6.3344819558657e-05,0.00024213349412084,0.000131984330123752,0.0187234365742933,0.00903900434499296,0,0,0.00315841909596753,0.000268179707165021,0.000406795843244031,0.394354887681799,0.0408153711669743,0.0353061841525839,3.63434760291745e-05,0.000683554734480998,0,0.0176426577596921,0.00071081623754698,0,0.00562499908764996,1.11860168597365e-05
0.00404937450780094,0.182143473813397,1.3678186102159,2.59640621549635e-05,9.02060343498292e-05,0.00022252172712379,0.00305819960661345,0.000193572684628619,0.0203727808524982,7.2351659924448e-05,0.706332741831632,4.97418045034032e-05,0.18158010680385,0.00109733076834377,0,0.00286470260666543,1.34966421603789,0.640660560547649,1.62298261274702,0,0.00903861885046466,0.045678678848309,0.129836238828832,0.0105228586236153,0.298738514762141,0,1.4924546976068,0.00607484782096874,0.00427151939830165,0.0269166996199556,0.304194131498197,0.000355289201362785,0.000323486615286101,0.0947311236924896,0.000461900145901354,0.0154022393430862,0.173180823694274,0.171601670305778,0.0178637225723781,9.98867646358867e-05,0.000350845774922419,0.00124859617337359,0.000619828948790774,0.00790901102261602,0.00665958330086195,0.000950177134448411,9.66884534168815e-05,0.000111526678393051,0.000271390080865786,2.20340973365214e-05,0.0311960952909576,0.000159511153532062,0,0,0,0.000165508137341103,0,0.000766601669881712,1.22920887860589e-05,0.0224146778491688,0,0.0157733046320152,0.000179373288227936,1.71982555019543e-05,0.0001442108349922,5.25451739826836e-05,0.0084186286679475,0.00332449139863022,0,0.00012040030724522,0.0021052897537404,0.000112059536522565,0.000426594378706857,0.0466482107028381,0.045778239703412,0.0760413160602579,5.32270348302562e-05,0.00042648314566511,0.000102268295211145,0.00903570407329048,0.000121449429826198,3.1254723028518e-05,0.00427218762883918,0.000162317918751492
0.000854960896037178,1.38966416833109,1.74977758811114,0,0,9.51380225973403e-05,0.00132844053090948,2.55100311853619e-05,0.0498458879894613,4.80757536689964e-05,0.0856290113124876,0,0.401723932709813,0.00050222968724551,1.51198412266877e-05,0.750979684294895,0.0907093965519352,0.0612832314807062,0.0695342897619668,0,0.0285199384489786,0.783017039423168,0.656849189080693,0.103957502476385,0.567158485680525,1.4924546976068,0,0.0523221641243604,0.0025594816541592,0.00573377316928556,0.450254849619595,0.00070430377010376,0.000124505900040487,0.113835503811047,0.00691345611254024,0.133620001075803,0.0813662370790339,0.317121443587016,0.067504137335306,0.000317230906217226,0.000306896581365523,0.000423892757792397,0.0134653233259801,0.0119577293959623,0.019716569406513,0.00618276221628105,8.1863780668147e-05,8.83629816164811e-05,0,7.25002050478186e-05,0.0824011318033004,0.00215228958036227,0,0,5.86894862837624e-05,0.000403308299692764,5.8959250887396e-05,0.00390544800516104,2.40448399011422e-05,0.016252665395972,1.49819037299436e-05,0.00868511282039838,0.000277226811655706,0.000694703595477686,0.0216141449597881,0.00152118375468872,0.0072792487098548,0.00543649638347747,0,0.000273273207954149,0.0559208712919956,0.00559607700387715,0.00252978525813365,0.0424789129314794,0.0467632211091391,0.153836413430109,0.000474715614962256,0.000466286067830482,0.00017922597420556,0.00486814586086666,6.36707037182254e-05,0,0.00592833414089085,0.00574686617043413
0.0158683952030767,0.00227540061359085,0.120597586138934,1.59327411547403,0,0.0277365903799007,3.57492114961159,0.0155811285176017,0.0949502718417086,1.21251514827214,0.000946025493541327,0.0125059827709437,0.000104455413367413,0.00879417296934393,0.000836125106484516,0.66439539305541,0.00689202845564436,0.000260851224752343,0.0015302037496176,0.0979834379719318,1.13401218266665,0.0387457597566741,0.297409403020388,2.3300677039455,0.000763744188013889,0.00607484782096874,0.0523221641243604,0,0.0126692105153261,1.0768233930107,0,0.00040733657469783,0.0134635115735863,0.0816580188106116,0.0098672227617249,0.276007237113347,0.0565759297632105,0.14641619672105,0.0970682480326601,0.00264901929780103,0.000594964202672207,0.000706259493777371,0.0326867645383416,0.00538534143844274,0.00814280778804224,0.0080293834370837,0.00157636361711245,0,0,0.00441533628733857,4.93333763004968e-05,7.15855234594866e-05,0.000122689528994462,0,0.000121626675895872,0.0146770092434126,7.89253944398158e-05,0.0328298498335433,0.000371786423447097,0.000115723989739687,0.00208213030977833,0,0.00136377789658002,0.000604002533001897,0.00789095291431854,3.69169741781976e-05,2.45690739688203e-05,0,0,0.00469893606312398,0.00742016974124539,0.00294628064980396,0.0963472863362096,0.000224581443587825,0.000103032716688674,0.00125953931101809,0.0922954598964967,0.00763686341534699,0.0177725442046221,0,6.33456120387801e-05,0.00125342800402367,0.00649331383462572,0.00545290159281272
0.991688989622458,0.000579861844773486,0.00519738792665041,0.00198626960067276,0.175899898311134,0.420700465855688,0.0592356488213886,0.330675077253422,0.00303930550844704,0.0193092403310419,0.00998564352484441,0.00484255057565672,0.00193600403226074,3.97642124632587,0.0110591074218741,7.95853244499141e-05,0.296522663745384,0.000789859780598848,0.00120596057011664,0.0033315668803005,0.243426417318961,0.000893771198605614,0.753203866085707,0.00491248435378462,0.00608159038382117,0.00427151939830165,0.0025594816541592,0.0126692105153261,0,2.26181243702868,0.000196854466793562,0.530972672371903,1.85824071514816,1.01082772754653,7.53307673377735e-05,0.00754208867421876,0.0183770623327067,0.443676172134839,0.0247101143087186,0.0715976484630635,0.235245883445409,0.00471642967989685,0.000210405202371547,0.000143640554164784,0.000108122021675823,8.57288962725807e-05,5.41442384818193e-05,0,0,0.000258365322897388,0.000234192036139836,0,0,0,0,0.00094970715143537,0,0.000798529132235138,0,0.000333504425061069,2.31964804436576e-05,0.000105579560960843,4.12001756634266e-05,0,0,0,0,0,0,0,0,3.46574092295292e-05,0.00233486651801796,0.000297675488657209,0.000296812950721673,0.000215055996860059,0.00331301057095294,0.000479254097845175,0.000369383263280096,0.00012109234174797,0,0.00012490517880092,0.000152320383550549,3.72549563800937e-05
0.266143006379733,0.00074088012382685,0.201033723072582,0.000164916453853552,0,0.000437064700809179,1.77366413514382,0.00624924324391514,0.0188902615568221,0.00156656762109936,0.00106910316511585,0,0.000231939491602154,0.0683224641182248,0.00057189632041257,0.0123529846329091,0.0310998910378498,0.000284062568958038,0.00748032692728735,0,2.56356845555298,0.00467449825554761,0.249810340043479,0.0603194798126518,0.000342527303236523,0.0269166996199556,0.00573377316928556,1.0768233930107,2.26181243702868,0,3.20763853386453e-05,0.000638736860532755,0.767380594548528,0.415994271379508,0.00462448744390479,0.103119983386484,0.0124826105952272,0.184663374306938,0.0749131722313926,0.00103092078124173,0.000815354825678254,0.000374723074297921,0.0047811175646052,0.000489802042037715,0.00133004986560957,0.00139366396380441,0,8.80483682325368e-05,0,0.000585653228896898,0,0.000138387310628192,0,0,0.000100498403985795,0.00328122224124721,0,0.00506384119749285,0,5.20162304648974e-05,0.000141898314116646,0,0.000345869237825913,0.000228134197722832,0.000643554585972588,0,0,0,0,0.000707403372797194,0.00102362874865627,0.0003419453411589,0.0179584014165256,3.56112410479898e-05,3.1943906743501e-05,0.000163720821697488,0.0187904352891168,0.00095814166669798,0.00241181127619765,0,0,0.000420825716625561,0.00101955742827793,0.00173092072686991
0.000129838934789184,0.0170170133566257,0,0,0,0,0,0,0.00149305881783604,0,0.252623548890443,0,2.37938140450905,0,0,9.82709927309956e-05,0,0.0226060674412439,0.00282953041441639,0,0,0.00712519207240811,0.000142062600592854,0.000316750839368786,0.180609412273744,0.304194131498197,0.450254849619595,0,0.000196854466793562,3.20763853386453e-05,0,0,0,0.00422732664917376,0,0.00174246938583273,0.0199542201801894,0.0172148216531685,0.00418102265101036,0,0,0.00333506466132285,0,0.00157671883109481,0.000768827555206764,0.000144412087809348,0,0,0,0,0.00023564815161185,0,0,0,0,0,0,0,0,0.00308213609323578,0,0.00228040862125384,0,0,0,0,0.00194389421378034,0.000352455900121907,0,0,0,0,0,0.0121770701140319,0.00172006054408321,0.00113070139340727,0,0,0,0.00236151921057786,0,0,0.000324153602291573,0
0.000615502463586018,0.000252031264683109,8.02368892545511e-05,7.47769519811401e-05,1.03381397806313,0.152431906020541,0.000166838822351448,0.0459934590310736,0,0.000312953170018183,0.00281312355546509,0.000943321653582019,0.000334837347028222,0.0846932960408656,0.0298471007997945,0,0.000212885595404624,0.000361657737614037,0.000213540620675277,0.000120895403723054,0.00038209416733566,0,0.000217358842190939,0.000167129588126268,0.00190930687153509,0.000355289201362785,0.00070430377010376,0.00040733657469783,0.530972672371903,0.000638736860532755,0,0,0.00503471277079161,0.272552864833073,0,0.000825455631220752,0.00435564684968939,0.175827882879083,0.00628271746641688,0.124777913246566,1.87151003154,0.00597163597799781,0,0,0,0,0,0,0,0,0,0,0,0,0,0,0,0,0,0,0,7.58487854791694e-05,0,0,0.000129630409716269,0,0,0,0,0,0,0,0.000141591110797124,0.000155272612526007,0.000101010722507836,0,0.000148702722634843,0,0,0,0,0,0,0
0.0369634298582955,0.00032540625765165,0.000655615575418982,0,0.000748508137971005,0.000191706943714847,0.00500642846333619,0.000476498754562473,0.00686703388992664,0.000586243130904045,0.000840228883607411,0,0.000339123377893028,0.00501846997091004,0,0.000170174166082152,0.00859804408800074,0,0.00046757020471353,0.000746167592720302,0.421873482313276,0.000243856157523635,0.121959109306826,0.00479170999810058,0.00055956037786489,0.000323486615286101,0.000124505900040487,0.0134635115735863,1.85824071514816,0.767380594548528,0,0.00503471277079161,0,0.703293900030565,3.82621607676347e-05,0.00624484372960086,0.00223455928906144,0.123168174601319,0.0343481512893547,0.000219007450143888,0.00754137871709199,0.00393519953786958,0.000211681731674418,0,0.000143441956139976,0,0,0,0,0.000223194880346889,0,0,0,0,0,0.00057410771443697,0,0.00036301434528278,0,7.23981334545577e-05,0,0,0,0,0,0,0.000304847296613862,0,0,0,0,0,0.0025565960345288,0.000216870685490353,3.65447573895923e-05,0,0.00317386763235812,0.000612153974967209,0.000303312053622234,0,0,0,0,8.04659004944398e-06
0.0452162786424916,0.0130646761323704,0.0389951015810644,0.00245686523742862,0.0675448675421566,0.0240920693232147,0.0190185340771246,0.00403570670217522,0.00705199725392721,0.00756973023609179,1.17218811752012,0.000555983782902052,0.0745894571218285,0.052440532087944,0.00452204468793997,0.0246447014218033,0.097951628779002,0.0305258387185479,0.400775784559884,0.00132391046581272,0.171776050313112,0.0151272012601901,0.149601904582312,0.0152781503457358,0.0787576651201728,0.0947311236924896,0.113835503811047,0.0816580188106116,1.01082772754653,0.415994271379508,0.00422732664917376,0.272552864833073,0.703293900030565,0,0.00148984643320505,0.15392938848596,0.370922822133401,4.01874517132853,0.332573228761855,0.0366002424941907,0.726447372667737,0.0303203173212161,0.0024060336886809,0.00182436106680539,0.00141180367673323,0.000686481947490138,7.40716147385172e-05,0,0.000122572532731118,0.000582727648892168,0.0022195142976757,7.75559722529734e-05,0,0,0.000105697173619737,0.00124360641189589,0,0.00120988466911021,0,0.00311367956940142,0,0.00210415586763822,0.000115556585005119,3.23760018121277e-05,0.0018923962495929,0.000231622610674482,0.00119387457891448,0.000576292294709493,0,0.000336779639652567,0.00427592900265447,0.00102527613811562,0.00671033398941064,0.00444196882928597,0.00286155279821399,0.00467752482003533,0.00702294647761894,0.000506618748053658,0.000645997170924973,0.00110093714039839,0,0.000168200262403743,0.000871158707639911,0.000810240665180755
1.8289885815672e-05,8.13727059796744e-05,0.000906440181997933,0,1.34836521854307e-05,0.773749907198959,0.000230797617415329,0.00175262391530115,0.00139134032829858,0.101723191369767,0.000100382819200864,0.673308099926759,4.26764535257782e-05,5.2733691972081e-05,0.15579680942062,0.00691236227360152,0.000320478073244842,2.60059424127419e-05,6.37699803639298e-05,0,0.00537140582875836,0.00117840379355823,0.022215711625069,0.00124776423692246,0.00018000286067017,0.000461900145901354,0.00691345611254024,0.0098672227617249,7.53307673377735e-05,0.00462448744390479,0,0,3.82621607676347e-05,0.00148984643320505,0,0.095093915066772,0.0526978204420618,0.0305526444143134,0.0228265301279306,0.0149545197485761,3.85222751500269e-05,1.70124249471051e-05,0.0340775851782188,0.0211704281642261,0.0253958439514581,0.0145258786553671,0.000225057584307719,0,7.64871867690788e-06,4.33006765566805e-05,0,0.000137390612966463,0,0,0.00908053730806643,0.000264830414605006,0.000242494792634265,0.00132128942288014,0.00137964728815444,0.000192912827281304,0.0601162572913659,1.09457067068786e-05,5.81201809702622e-05,0.0148096162240805,0.00186336233730967,0.000169724409408474,0,4.60105711628687e-05,0,0.0017576988777356,0.00128123696831777,0.00646871884734627,0.00164851193997395,3.65046340617816e-05,0.000318006699594177,0.00317740620709941,0.0016915473935758,4.27145792191081e-05,0.000860212826818394,8.68602877670752e-06,0,0,0.00123483094133755,1.55428383383395
