0,0.00235461447299551,0.0721281473029626,0.0801926775138148,0,0.00395895519860923,1.91163798614238,0.376756369331065,0.078225026688234,0.0839345813186275,0.00481204123708756,0.00912593746901685,0.000346864531505872,2.4004050005466,0,0.00814228901923161,0.121163481844456,0.00164032570655342,0.026414972079818,0.0440506844509729,0.0140783506460752,0.00484650933475046,0.0594545492638683,0.193441765176226,0.0018371196666474,0.024996206206181,0.0104107077874042,0.156167697737527,1.57494872882652,0.210951635135687,0,0.00136036621364879,0.179237446289345,0.102531925399646,0.000113760979727185,0.0213205834536416,0.0175237352434415,0.0962566694828175,0.0183024266567057,0.0248677842467876,0.00166529877747556,0,0.0079768068198142,0.00351185974249579,0.0108447848571422,0.00718846077994805,0.0016464842065615,0,0,0.0112170007827029,0.000480172587940184,0.00205437193801472,0.0223938556435539,0,0.000475373412047704,0.016554292774265,0.00231390530494845,0.0312393112248089,0.00241996848317346,0.00012108154172177,0.00120333783253399,0,0.00902298673149867,0,0.00746983886920649,0.00126367217417687,0,0.00117184955137478,0.00281694763198218,0.0064355765745255,0.0058545104980702,0.00144361575158689,0.0227018294457207,0.000661327687537183,0.000488560197203171,0.00174520245865078,0.0396037607353154,0.0151672654625934,0.0217598567102736,0,0.000621183128480187,0.00368630937198652,0.0138281673894125,0.000272789246336347
0.00235461447299551,0,0.0573477143134383,0.000364687364312527,0,0,0.00124580940064626,0.000611435432629134,0.0285225963106579,0.000428706895963887,0.00927025107425473,0.000456714019542726,0.00330096746720024,0.000501294653068108,0,0.0719406355281414,0.0509825378241825,0.00669478848716043,0.0344446180043733,0,0.00215920487747898,1.24284720426326,0.0161817136203059,0.0215859703973581,1.36879671389895,0.127918636353874,1.20516442174944,0.00111676840836756,0.000919171452060628,0.000725135067067884,0.00214565289748909,0,0.00096276917483612,0.0376164356265485,0.000193491860361877,0.0267781868369284,0.0391682994708599,0.0623868246657611,0.0193696998788594,0.000800035218665739,0,0,0.0223271756199797,0.0762394904889323,0.0429692061246129,0.0247301577019273,0.00011683214374685,0.000223782016313911,0.00146123607173629,0.00283242033554335,0.81353100617415,0.0414943669360794,0,0,0,0.000987406020518431,0.000322951821191219,0.00889475667031698,0.000103552804620786,0.00365853524119487,0,0.00543178850173301,0.000285714957353092,0.00051068326155853,0.00769738019098279,0.0383169015091453,0.0109142705928871,0.0346448808274581,0,0.00205650280013234,0.148928112244603,0.00548935025764813,0.00827463630587366,0.0219473424626763,0.060510524052183,0.131732379154341,0.00247913573767761,0.000518926155024203,0.002408866486264,0.000361914118341515,0,0.00128755195437266,0.0259482471003272,0.000670809083472121
0.0721281473029626,0.0573477143134383,0,0.00509745231754747,0,0.00669686615301924,0.395937939117685,0.0314247166975747,0.00962363541776327,0.0552159345970408,0.0220327856126083,0.00235078191057051,0.000272318406316467,0.0295092946565854,0,0.0353800189913483,0.624473458628671,0.00354413955155136,0.0355555348137815,0.000288871475292321,0.26914937410392,0.0162154467397146,3.02655558408507,0.077793236720084,0.00514736362494349,1.9218303801382,1.90621957821567,0.273110995304749,0.0137292807998428,0.0463372734756031,0.00038521445788841,0,0.00292412173499097,0.116395318441319,0.00140852566398018,0.128432660893291,0.73165770382326,0.231778696441678,0.0375796798763065,0.00313850303835176,0.000248515919648492,0.000880728542746567,0.032570810983447,0.0462393224953808,0.0491123361305627,0.0155240166785359,0.000942184164244839,0.00015295909083895,0,0.00547582646023774,0.14974273957098,0.120327858678001,0.00180145446204924,0,0,0.00432938650651133,0.000607685264063544,0.00389773082746889,0.000261259169691785,0.000949659956289759,0.00014266948941905,0.000884050233798101,0.00198706201314873,7.28578276201308e-05,0.00987505469349917,0.0589908386509503,0.000970608371263486,0.0165455240720758,0.000259616488978414,0.00361109075511786,0.0656154177927647,0.019333099575952,0.00769225295506562,0.00137286875336149,0.0450115628891672,0.22911958718938,0.00919707973559592,0.00279243357278054,0.00547287495665939,0,6.91059492832304e-05,0.00021964554499318,0.0227705685257438,0.00229998295367677
0.0801926775138148,0.000364687364312527,0.00509745231754747,0,0.000467986621020142,0.0223112423180205,0.0925998943468898,0.0386846421853246,1.46317486067236,1.07974959246557,0.000415459012274639,2.15344877853736,0.000193310885094584,0.0287957115789981,0.0011836995876321,0.000574371106693318,0.000452199307597078,0,0.0012957793737595,8.94690088019742,0.000366245500427234,0.000612708687313529,0.00201340562181395,3.3343886821939,0.00058483841020945,0.00156226372603156,0.00064252427167858,1.43103303955369,0.0312174590810903,0.00117792684127164,0,0,0.0132113173260994,0.019167901057486,0.00204702291081726,0.0225609177163987,0.00206169756735869,0.0384001404778707,0.0145524288828402,0.0277280631339591,0.000403497487847647,0.000524522421837145,0.00388971710555267,0.000274645964962444,0.00167729353581833,0.000115733923505335,0.00488623582022756,0.00011398565067971,0,0.00277011194277651,0,0.000185778284496931,6.6680927353115,0,0.00207204241867075,0.00989576126108116,0.00382150119857022,0.0230687237832811,0.018329719783401,0.000130025699130793,2.78500065703235,0,0.00356541956726201,0,0,0,0,0,2.12694809594517,0.000409195903880904,0.000254591162279917,0.000270490331667121,0.00329868927718127,0.000196149261035596,0.000170986918291723,0.000192225164516906,0.0435278852234612,0.00196611929861118,0.000758258556501744,0,0,0,0.00434029368011889,0.000133512414808324
0,0,0,0.000467986621020142,0,0.498421669195863,0,0.0566110475468064,0,0,0,0.000173631830606364,0,0.000564981823168272,0.102865128847427,0,0,0,0,0,0,0,0,0,0,0,0,0,0.0239458771114997,0,0,0.160464403291283,0,0.0855391105999096,0,0,0.000439854576625674,0.00570832882299798,0.00172960119580717,0.245206755649422,1.92549191580636,0,0,0,0,0,0,0,0,0,0,0,0,0,0,3.56474685907597e-05,0,0,0,0,0,0,0,0,0,0,0,0,0,0,0,0,8.69444829907483e-05,0,3.66204801878832e-05,0,0,0,0,0,0,0,0,0
0.00395895519860923,0,0.00669686615301924,0.0223112423180205,0.498421669195863,0,0.0390054422137485,1.77609220746713,0.0362610414395789,1.13261204311953,0.000486335174499174,2.25393990391114,0.000916071452465674,0.0288781097673568,2.10217988542376,3.93697970990938e-05,0.00132275133355732,0.000258666126062531,0.000703497903502083,0.127494480325992,0.00086429248940462,0,0.00201543352614161,0.0779883089784472,0,0.00160462867372575,0.000560346749660838,0.0386964038689384,0.0929892561837898,0.000333352493024883,0,0.024917141255116,0.000694620101509356,0.0615172701529386,0.241662236199569,0.00110809237133744,0.00188559591324286,0.0210052085701924,0.00683902942794404,0.916372218007944,0.114245393893632,7.9883673237917e-05,0.000754661228727343,0.00021142875306206,0.0008167332703068,6.60129935654173e-05,0.00120255368225613,0,0,0.000855658193179604,0,0.000123618005598822,0.00229518212065031,0,0.000202436057651853,0.00405131682080147,0.00123996984937953,0.00483908757518048,0.00344631720297249,0,0.0014241277392581,0,0.00177139536430664,0,0.000115049629563619,0,0,7.17652366568631e-05,0.000971855235087375,6.54452493826473e-05,0.000209995859345859,0.000173698122142688,0.000648261127049893,0,7.24012093969951e-05,0.000158957064077675,0.00277028036593811,0.000678033938966214,0.000444247449510525,0,4.74883619361473e-05,0,0.00113329372681129,0.00134173957246495
1.91163798614238,0.00124580940064626,0.395937939117685,0.0925998943468898,0,0.0390054422137485,0,0.124989508162326,0.255943215076012,1.37129447271981,0.00346972926390754,0.0116892711783194,0.000472284992466283,0.610293113519881,0.000364145680661457,0.00854162245688117,0.0660649738268685,0.000947315444580765,0.0130286782238524,0.00363922984481141,0.101417309544853,0.00404013606638426,0.260999395644446,0.597806099325181,0.0011798435831178,0.0470777734945476,0.0252307667050446,2.58888420327815,0.527965015019797,1.21161669859506,0,5.73240299651511e-05,0.057744351659954,0.0846794406678501,0.0011279177791685,0.0819848346287198,0.021268658256666,0.128169207648004,0.0410630578391944,0.0234208854297582,0.000613630861237673,0.00012516041562147,0.0226759389590743,0.00401452609007979,0.0261543166477278,0.0107574513104312,0.00616194419926819,0.000340335531947293,0.000334637088776062,0.0199758554050527,0.00237561820371109,0.00353690450841289,0.0126569826927913,0,0.00219951143247247,0.0612772538500628,0.0128404216413141,0.0769351414500122,0.026194672406268,0.000474683909082239,0.00130562453411339,0.000332390245767616,0.0331809117652981,0.00028710690630681,0.00710267755701467,0.00199531931177974,0.00014281333996829,0.00121511906378831,0.00311214923129385,0.00916837175416135,0.0082448917297068,0.00643954878598913,0.0591106175609423,0.000409072696767155,0.00228355528504805,0.00681550209757184,0.137591758981722,0.040545753296625,0.0512703213789323,0,0.000417844717072038,0.00461920554519873,0.0439210717245897,0.00187085449274066
0.376756369331065,0.000611435432629134,0.0314247166975747,0.0386846421853246,0.0566110475468064,1.77609220746713,0.124989508162326,0,0.0374050167259614,0.352623744974324,0.00597740393547597,0.0854174748804702,0.0044531966817433,3.13801201367454,0.0399164698803327,0.000775044168181698,0.0156765395735328,0.00090650585652758,0.00772987626861928,0.0874719932288466,0.00498154499849408,0.000320751877949166,0.0174156058929959,0.0752527570610293,0.00109473785704283,0.0116212523833382,0.00427546155925845,0.073051358519134,0.751266495024649,0.00940364763427149,0,0.0243611460799025,0.00363893394154759,0.0873029039984218,3.02689236366265e-05,0.0074292648190058,0.0109240182164479,0.164079218671461,0.0410432293014358,0.976108846128312,0.0605971441858014,0.0023173949101105,0.00209718928152413,0.000672582054398322,0.00351927766118803,0.00108419278735816,0.00166114450329454,0.000240006200443907,0.000279733552983629,0.00377074655344718,0.000322404085908083,0.000269967007070891,0.00770660627622662,0,0.000895108125485797,0.0176416895183963,0.00259801093033035,0.0129342385673459,0.00590115183247626,0.000102465115690919,0.00183757927727901,0.000486804836898551,0.00615438943198105,0,0.000430449509876763,0.000143883103550593,0,0,0.000923405373618732,0.000831350760757152,0.000642985173621862,0.000637348162894386,0.00607495982840096,0.00057010306824376,0.000259493369547596,0.000867470195695585,0.0156373916014631,0.00397803586694609,0.00419951568283806,0,7.60112209797423e-05,0.000585408023081078,0.00540151746099932,9.5611072597628e-05
0.078225026688234,0.0285225963106579,0.00962363541776327,1.46317486067236,0,0.0362610414395789,0.255943215076012,0.0374050167259614,0,0.385617979353181,0.000921236168327299,2.15312941090637,9.6119142752424e-05,0.0202635002649843,0.104788889823447,0.00458595877197827,0.00627050181520946,0.000240225779009201,0.00567108413755478,1.09677133572177,0.00306453688176487,1.27215073151251,0.00843541396943875,4.03831342486635,0.030052524786213,0.010098472420396,0.0462080886845948,0.503192112395089,0.0374050238736338,0.0382292597544686,0,0,0.0385535388808078,0.0298029595333787,0.000260637639230364,0.115153767898239,0.0213068279402177,0.0543194298497274,0.0189624291768541,1.27733526842542,0.000331278630800902,0,0.0357081087009025,0.0165091361561372,0.0241188719484384,0.0123958404320326,0.0143488931820327,0.00031501656317845,0,0.0230884325378398,0.00278671014113905,0.00219503422253578,0.304504580551767,0,0.00281986696278757,0.0481590835187012,0.009384060403017,2.36995254045802,0.0397513715819815,0.000798657399648919,0.12849893537619,0.000650140197162655,0.0205645916739572,0.000540810230870416,0.0589660826702493,0.00182105381037923,0,0.000265981345711333,0.0522314253972875,0.036367679967365,0.145505940320926,0.0248308487061112,0.474076837129246,0.00103415759149461,0.00143473711651919,0.00388118503437702,0.115483885832218,0.0268940869361017,0.0463442326641444,0.000182282382037545,0.000547883545142611,0.0108134389547758,0.0326098012010899,0.000714700452833174
0.0839345813186275,0.000428706895963887,0.0552159345970408,1.07974959246557,0,1.13261204311953,1.37129447271981,0.352623744974324,0.385617979353181,0,0.00162632843900611,0.697401440910837,0.00017753388391785,0.109602270354971,0.00171050945224673,0.0011421524813668,0.0103529012005739,0.00050038711017368,0.00479233989757829,1.56833387732867,0.00497006685656536,0.00066181195689359,0.0221074974892882,0.58307232275849,0.000490849429317394,0.0110139934929111,0.0047022187787161,3.20461651461343,0.0577748552883017,0.00551807581660507,0,4.40148503958598e-05,0.00647544796745286,0.0338699255695301,0.0528416783004108,0.0248468944609337,0.00610180731602991,0.0633457201941989,0.0118144284546085,0.0596782665859022,0.000451265935262013,0.000104176704382442,0.00510622567213112,0.000382953353509531,0.00354485265132248,0.00120761607141467,0.00684095726064063,0,0,0.00495620212655323,0.000379295900032578,0.000434436019470149,1.41645639827921,0,0.00305097285892651,0.0248833938714132,0.00599782427371325,0.0379879635021807,0.0529643281428014,4.0634446666161e-05,0.0785436775888747,0.000161062976686873,0.010523730264912,0.000300623404844276,0.00044131726028298,0.000365833360942064,0.000123511486970838,0.000147509927181661,0.00784186582702412,0.000571572465469132,0.000610215137832903,0.000826932171412364,0.00511399111091784,0.000125953323763055,0.000528947134611884,0.00100545280240441,0.0235807617942229,0.00421862937794659,0.00255993522482637,0,0.000238985353344444,0.000611244837781226,0.00788885310091528,0.000368498482066334
0.00481204123708756,0.00927025107425473,0.0220327856126083,0.000415459012274639,0,0.000486335174499174,0.00346972926390754,0.00597740393547597,0.000921236168327299,0.00162632843900611,0,0.000968844393492194,3.8732514656032,0.00780141307733379,0,0.00138788579569627,0.041647845918265,0.385187214745805,1.93545901065803,0.000872972574019718,0.00195809166230947,0.00300255175641433,0.00464869194775796,0.00125966792209962,1.24645610443465,2.72892477813085,0.120872791657892,0.00121287330745717,0.0275071479009424,0.00130595272392901,0.419797994505685,0.00043020850285906,0.00174371063286709,2.64701470079506,0.000505001856260335,0.0720559799136898,1.92879954463601,1.07809270708767,0.0802580032295433,0.0118941474606701,0.00274096063812672,0.769788461368491,0.00617064847569005,0.0267420275337166,0.0107075682102367,0.00121834282941948,0,0,0.00490842473270487,0.00127452933089338,0.0119737550489354,0.0009341059880375,8.90372123244863e-05,0,0,0.000130043756179631,4.3339442856324e-05,0.000262361488723556,0.000149054781842889,0.0403635547579688,0.000256309559189616,0.206250633802939,0.000298827544084342,0,7.12103783249872e-05,0.0011559479379345,0.0105930874352143,0.00252342580723691,0,0.000158036220687153,0.000258885494894572,0.000282989742062171,0.000197955454102924,0.0909184443053667,0.0365128672227587,0.030483697574627,0.000150474732151355,0.00104280715821179,0.000426415129407236,0.02039857644587,0.000312690288998554,0,0.00338542555081558,0.000456845548042852
0.00912593746901685,0.000456714019542726,0.00235078191057051,2.15344877853736,0.000173631830606364,2.25393990391114,0.0116892711783194,0.0854174748804702,2.15312941090637,0.697401440910837,0.000968844393492194,0,0.00105924340872155,0.0276947552354408,0.478069961858926,0,0.000245726136797946,0.00022274819897441,0.00123940867256518,8.64880787188558,0.000200485703036622,0,0.000587399710518851,0.832809539239799,0.000778423115075434,0.00098892956532316,0.000250122229739102,0.0495310265317254,0.0232279298215283,0.000144864549833434,0,0.000368356382225429,0.000820689789619779,0.0082246875432901,1.32770623946115,0.00259606918661703,0.00123711120596652,0.0220380881367225,0.00512265451680094,0.25127407432462,0.000165739565013284,0.000258228464364711,0.00319408494198059,0.000428255307134827,0.000886509423403659,0.000243970795404336,0.00489444005366666,6.23622147270008e-05,0,0.000877660932225372,0,0,0.0579591890172993,0,0.00129014752853635,0.00295672812028874,0.00100017880388702,0.00443956105793768,0.00370745610258953,6.45632423018645e-05,0.774900925815085,0.000104583482116965,0.000988068881398673,0,0,0,0,0,0.0683875423377515,0,0.000199448664855518,3.89657483600187e-05,0.000352265499767601,0.000146713552831412,0.000236305106840555,0.000147928427818926,0.00257435061007071,0.000724224703455754,0.000365707851705745,0,0,8.42914188275007e-05,0.00073399720401424,0.0819916746379649
0.000346864531505872,0.00330096746720024,0.000272318406316467,0.000193310885094584,0,0.000916071452465674,0.000472284992466283,0.0044531966817433,9.6119142752424e-05,0.00017753388391785,3.8732514656032,0.00105924340872155,0,0.00316937043784953,0,0.000104548948250512,0.00129135455848079,0.00365935647178961,0.00796211826851389,0.00031275601573183,0.00011145165073853,0.00172106606959595,0.000327069344038438,0.000737702615775188,1.26238311831918,1.05221829906831,0.093021074516177,0.00073162011203758,0.00813678046629139,0.000242793767949278,0.797345525385588,0.00069706320319601,0.00025837194279074,0.0459378348583192,0,0.160356056183437,0.20081186295971,0.118101724808416,0.401129328321867,0.0266593006730579,0.00252869073370751,0.502476351242481,0.133553613071895,0.0361757043206408,0.0398128022958133,0.0100525585669595,0.000729020647767892,0.00752786743134962,0.0531404763410243,0.000716564119498083,0.00257045553137654,0,0,0,0,0.000679560295061606,6.83708823891703e-05,0,8.4647023930565e-05,0.0487254732023028,0,2.78574210308756,0.000432488276689024,0,8.43478007582698e-05,0,0.00358798962470622,0,0.000279445077254803,9.22920029944718e-05,0.000151868095756985,0.000227098887595601,0,0.4733673277539,0.00685764018216383,0.0353994520426318,0.000183889554492383,0.00168643871919005,0.000431439012314662,0.263936677789543,0.00281601794462107,0,0.0054155267009687,4.1375545353186e-05
2.4004050005466,0.000501294653068108,0.0295092946565854,0.0287957115789981,0.000564981823168272,0.0288781097673568,0.610293113519881,3.13801201367454,0.0202635002649843,0.109602270354971,0.00780141307733379,0.0276947552354408,0.00316937043784953,0,0.000763363775556174,0.00051983910716944,0.0232984157838803,0.000730519525645214,0.0119662018943759,0.0290819978776625,0.00433396288879507,0.0010094889437629,0.0217135888918216,0.0657820048973783,0.00256836458528525,0.014417197358011,0.00533283746877066,0.0658154665976524,2.62276433616915,0.0224202956048111,0,0.00543740284059945,0.0352909771441691,0.127284380462709,4.25905294609472e-05,0.00882932523919481,0.0118956245896452,0.168949820379732,0.0189963864584384,0.252945995036001,0.00576008538935949,0.00118961127648255,0.00250188609737627,0.000761189471189022,0.00325269991234454,0.00074071676034297,0.000736876152318988,0,6.16894317023425e-05,0.00210139352664289,0.000426029860384937,0.00072757977607392,0.00602721323386057,0,0.000117465860255469,0.00919914235530259,0.00147239263481788,0.00718482100124027,0.00208472819226091,0.000131102844623146,0.000403159754709776,0.000318641428825556,0.00369444962091168,0,0.000804521823664689,0.000297530707249027,0.00044613732609583,0.000254630394279648,0.000694346229674535,0.000877201434334869,0.00083057986255854,0.000524415979692501,0.00738520137949246,0.000244715334087682,0.000717717057953849,0.00116746211095688,0.0140067766494591,0.0035557875710636,0.00622630136077501,0,9.88063207905026e-05,0.000444230573548162,0.00450459724744265,0.000172129349657237
0,0,0,0.0011836995876321,0.102865128847427,2.10217988542376,0.000364145680661457,0.0399164698803327,0.104788889823447,0.00171050945224673,0,0.478069961858926,0,0.000763363775556174,0,0,0,0,0,0.00348589399671859,0,0.000692195662783945,0,0.00254990976362844,0,0,0.000106541860867927,0.000223658251081258,0.00826567621770922,0,0,0.000921371435225323,0,0.00380788168967115,0.0208603888020988,0.0188244084658975,0.000279757359642405,0.000174419780673146,0,6.84926719764992,0.037168361304304,0,0,0,0,0.000150053527977083,0,0,0,0.00014923515049392,0,0,0.000156079962834794,0,0,0,0,0,7.18934156738278e-05,0,0,0,0,0,0.000240509586888857,0,0,0,0,0,0.000254181666405895,0,0,0,0,0,0,0,0,0,0,0,0,0.00045277456315292
0.00814228901923161,0.0719406355281414,0.0353800189913483,0.000574371106693318,0,3.93697970990938e-05,0.00854162245688117,0.000775044168181698,0.00458595877197827,0.0011421524813668,0.00138788579569627,0,0.000104548948250512,0.00051983910716944,0,0,0.0204785208137673,0.000277441669361243,0.00628503480205549,0,0.817904908620104,3.96350209245485,2.07257863444808,2.21051661349962,0.00923650123798694,0.0162208062358574,1.32828493473264,0.435064075244401,0.00696598078539606,0.138917836425851,0.000261793760295342,0,0.0185781912719117,0.0822024631019416,0.0095409534555555,0.420299570771426,0.202961908440759,0.246321498340387,0.119734403072702,0.00377557803100512,0,0.000415250487187619,0.0879089873987095,0.0853506033103511,0.0723749216029006,0.0653667421049588,0.0130821471171824,0.00244797959915509,0.000124749165331447,0.00419643937568957,0.013057178464878,0.0351463717150149,0.000162724266001786,0,0.000177969177560123,0.00344066306174999,0.000219747051911792,0.0211601684898024,9.18989328632896e-05,0.000600492969568089,0.00147458940470031,0.000876401471160871,0.00174100199354828,0.00293235752511886,0.944365463711273,0.0120327631139752,0.000205835216534147,0.0031781398079606,0,0.415586172236455,0.814636466248246,0.369558557366426,0.280798139173416,0.00300275388085715,0.00425756279784049,0.0799157104846671,0.0627866851480516,0.00836224324067311,0.0424900388952763,0,0.000249799162278436,0.00510970614364701,0.0262669717663716,0.0114931226481434
0.121163481844456,0.0509825378241825,0.624473458628671,0.000452199307597078,0,0.00132275133355732,0.0660649738268685,0.0156765395735328,0.00627050181520946,0.0103529012005739,0.041647845918265,0.000245726136797946,0.00129135455848079,0.0232984157838803,0,0.0204785208137673,0,0.0267535016348063,3.89338068998096,0.000552740895340235,0.0583884267043272,0.0165027010095674,1.88822227476469,0.011920405102189,0.0140710757038729,0.700894907878034,0.348311290976645,0.0141176839969005,0.17208385981925,0.0292725993317455,0,0,0.0122704407504742,0.853596580202868,0.000515193640981777,0.0440845268751766,0.664162137324452,0.187940918771945,0.0321945772522689,0.00332985221546066,0.000395533002977955,0.00141792761074039,0.0135858494623858,0.0246024083455192,0.016589759744289,0.00621025705002172,8.2468280112383e-05,0,0,0.00190950895143419,0.107773136225127,0.0180128755717993,0.000113040678693443,0,0,0.000607803395589713,0.000117162280226436,0.0021021713730135,0,0.00155587483710536,0.000107516078996139,0.00254095863239728,0.000452649722438411,0,0.00218166574445358,0.0147139750374693,0.00133284183376208,0.0172823739267782,0,0.00127511510263345,0.00844977518909552,0.00173696413140963,0.00171124494621838,0.00677071954354861,0.0460838412055978,0.0715039195628534,0.00240404298601263,0.000615258663303767,0.00195147866420237,0.000735187519982576,0,0.000144254025152986,0.0097564916057237,0.000435662589181923
0.00164032570655342,0.00669478848716043,0.00354413955155136,0,0,0.000258666126062531,0.000947315444580765,0.00090650585652758,0.000240225779009201,0.00050038711017368,0.385187214745805,0.00022274819897441,0.00365935647178961,0.000730519525645214,0,0.000277441669361243,0.0267535016348063,0,1.38967117144788,0.000417519620108863,0.000446948083202018,0.00214496871270175,0.00106853416276225,0.000558235112549193,0.103226522957386,0.371316135613976,0.0152006844359396,0.000344512130853544,0.00362962587465086,0.000361170515315703,0.00883771184807858,0.000228022915701622,0.00069288409209238,0.0966301268161096,0.000113818923203522,0.01493545903729,0.0877571318555063,0.0891177557373313,0.0159542233620747,0.00168166583770505,0.000562151286027553,0,0.00171507764336036,0.00425721861995374,0.00145311092014398,0.00163068320230549,0,0,0,0.00027790744137807,0.00508601955468325,0.000112177769356666,0,0,0,0,0,0.000330888146735146,0,0.000982311479070063,0,0.0114134271682996,0,0,0,0,0.00301420241127789,0.000798690288891207,0,5.54422670138088e-05,0,0,8.26976976714298e-05,0.0115783487409562,0.0062751941652598,0.00589578440053824,0,0,0.000271742091842403,0.00457121322638733,0,0,0.00153753534689242,0.000263795409206161
0.026414972079818,0.0344446180043733,0.0355555348137815,0.0012957793737595,0,0.000703497903502083,0.0130286782238524,0.00772987626861928,0.00567108413755478,0.00479233989757829,1.93545901065803,0.00123940867256518,0.00796211826851389,0.0119662018943759,0,0.00628503480205549,3.89338068998096,1.38967117144788,0,0.00210850860139761,0.0062337338637771,0.0128775948835187,0.0255518646421279,0.00362847950814033,0.250996387570318,1.06696021112867,0.108833864531529,0.00345944983261519,0.036862781770052,0.00522435622999885,0.00450484730206363,0.000355589922975724,0.00533095985546525,2.3984866069264,0.00103144266877943,0.105438594091537,0.483942438584067,0.808747005190433,0.128589009855334,0.0162634781533667,0.00469128708116397,0.00694283163253311,0.0100360190067667,0.0334038246956382,0.0100611295878843,0.00473468420580706,0,0.000349048858171544,0.00145519397870054,0.00151894057387648,0.0620543231359639,0.000901526977198335,0.000217436520508977,0,7.04740604703874e-05,0.000795627244421734,0.000189090087103945,0.000726099269281691,0.000337156531217605,0.0102116192000787,0,0.0321261244786841,0.000558739433135656,0,0.000632093430712098,0.00365220540570802,0.0182529775286847,0.0171302172779749,0,0.000546494058567293,0.00221868269940013,0.000795261397248141,0.000541647202104834,0.0765862875805741,0.0613284032901854,0.0581690987259694,0.000619534745235275,0.00106912858194557,0.00206347565246736,0.00608366798255957,0,0.000420556057687954,0.00679761364010104,0.00152690561187271
0.0440506844509729,0,0.000288871475292321,8.94690088019742,0,0.127494480325992,0.00363922984481141,0.0874719932288466,1.09677133572177,1.56833387732867,0.000872972574019718,8.64880787188558,0.00031275601573183,0.0290819978776625,0.00348589399671859,0,0.000552740895340235,0.000417519620108863,0.00210850860139761,0,0.000124493688430944,0,0.000120507128406888,1.12753886974446,0.000684325767030078,0.000892673348362412,0.000154576570645878,0.226009082846676,0.0216811837861685,0,0,0.00053832443280152,0.00702037947881727,0.0174936467744501,8.47618497988025e-05,0.00527613735558042,0.00110103988584586,0.0380031572865179,0.00713303442952832,0.0875593644018882,0.000428658491194351,0.0024399878066678,0.00720887788706544,0.000204213157888253,0.00134053320662456,0.000685936078731833,0.0129768517068838,0,0,0.0031542931594827,0.000172795606740253,6.8829654679416e-05,0.836681172231657,0,0.00182221603787006,0.00664850321830912,0.0023121347494403,0.00776797225685975,0.0101928936378757,0.000153831220087925,0.998691137263521,0.000284258869207911,0.00271229148558054,0.000570778712991389,0,0.00013876602336755,9.07389186964474e-05,0,0.464959606577085,0.000116686256933059,0,0,0.000915825574671523,0.00045939553720626,0.000236670469259203,0.000117357496989372,0.0143885711938035,0.00163520445776802,0.000713857598118686,0,0,0,0.00479421441393009,0
0.0140783506460752,0.00215920487747898,0.26914937410392,0.000366245500427234,0,0.00086429248940462,0.101417309544853,0.00498154499849408,0.00306453688176487,0.00497006685656536,0.00195809166230947,0.000200485703036622,0.00011145165073853,0.00433396288879507,0,0.817904908620104,0.0583884267043272,0.000446948083202018,0.0062337338637771,0.000124493688430944,0,0.0488814227670949,4.41494637865932,0.204346832973387,0.000786788626315872,0.0160098869033309,0.0878136892903393,1.4370358652961,0.128820496227467,2.54951140682635,0,0,0.221744724351151,0.309220203587916,0.0102123937120563,0.43274603282712,0.164204447194121,0.365491468084917,0.120375683334717,0.00258722666104602,7.10812690378785e-05,0.000447604095815402,0.0309145971098569,0.0147296469212444,0.0191467415685305,0.00827524346222836,0.00321638781595409,0.000237865464213324,7.42591650442822e-05,0.0015029214686768,0.00280525835986058,0.00716851596959588,0.000126811566245536,0,2.99638984474291e-05,0.0025885584693079,0.000130185077389516,0.00429609303802208,5.85121774954065e-05,0.000145614862351009,9.6521260392092e-05,0,0.00089976288651085,0.00166614451071775,0.0802247363866469,0.00274582235438849,0,0.000403563954560437,0,0.182841008033852,0.063073227952818,0.0910059124778162,0.0132842671857909,0.000272586492804788,0.00162864031877481,0.0198438135519857,0.0424486838730078,0.00526369155055269,0.0357475370412459,0,0,0.00122481149359388,0.0103496666413916,0.0138839390950308
0.00484650933475046,1.24284720426326,0.0162154467397146,0.000612708687313529,0,0,0.00404013606638426,0.000320751877949166,1.27215073151251,0.00066181195689359,0.00300255175641433,0,0.00172106606959595,0.0010094889437629,0.000692195662783945,3.96350209245485,0.0165027010095674,0.00214496871270175,0.0128775948835187,0,0.0488814227670949,0,0.095464848142941,1.16192600468791,0.259062365525759,0.06191866089372,0.787809889316128,0.0220720401179443,0.00304257971974748,0.0412205854837876,0.000421832848438081,0,0.00666970939938152,0.0238324898900304,0.000935045527973017,0.0572119765518665,0.0315580491712362,0.0451326304011018,0.0183981677505633,0.00403541701985907,0,0,0.0704094784412595,0.0642941229200084,0.0588249443645595,0.0444933412221837,0.00730401615052361,0.000803574309789206,0.0012878590633445,0.00506593290830485,0.0675883935739154,0.0245568649196255,0.0145947012705,0,0,0.00238168941387415,0.000306187806667567,0.492989931246682,6.44014461549948e-05,0.000234135526410217,0.00149038349068161,0.000852624435631565,0.0012627574503379,0.00172943927707394,0.242829834831466,0.0161462272588638,0.000691926902495195,0.00284596518837864,0,0.131957870169545,1.46062893554577,0.204032813433293,0.371958170447776,0.00783990614520474,0.00715313409853773,0.0894537512101534,0.0800238855527213,0.00799569021629757,0.0413944843215091,0.000511361809198307,0.000586501251307447,0.00485300489899716,0.0222785164429624,0.00244968129140538
0.0594545492638683,0.0161817136203059,3.02655558408507,0.00201340562181395,0,0.00201543352614161,0.260999395644446,0.0174156058929959,0.00843541396943875,0.0221074974892882,0.00464869194775796,0.000587399710518851,0.000327069344038438,0.0217135888918216,0,2.07257863444808,1.88822227476469,0.00106853416276225,0.0255518646421279,0.000120507128406888,4.41494637865932,0.095464848142941,0,0.203205766426103,0.00127886453087502,0.129451090177652,1.28187694676762,0.490832847767722,0.0469200393255893,0.274542690073927,0,0.000225552469151724,0.0066376234217872,0.267307415196281,0.0200672656685236,0.59700608713711,0.487402120129145,0.512528448470051,0.192734035467221,0.00525586322672227,0.000322936796180201,0.000332161381285105,0.0452154866792487,0.0322017474785677,0.0455803302499639,0.0208636527325425,0.0031337754563147,0.000873597090214236,0.000137274410811142,0.0020752995331935,0.0223248340226388,0.0553621134440949,0.000601229511521718,0,0.000327941106949581,0.00374573660604809,0.000402632449374589,0.0100342017040931,0.000169207873173246,0.000441834186973483,0.00043411462321396,0.000185750433462208,0.00203523998817286,0.00151911230193187,0.118269024690537,0.0211919282914306,0.000182744004356546,0.00323509851639617,6.14304393720731e-05,0.242013714344865,0.168957749509665,0.183153508313631,0.0109105537881493,0.000931637161121729,0.00954108555503191,0.159046173968774,0.020765267030408,0.00295807362410033,0.0091750148673673,5.35504678113655e-05,0.000100346620553056,0.000156229851324511,0.0144751113829945,0.0251660997155098
0.193441765176226,0.0215859703973581,0.077793236720084,3.3343886821939,0,0.0779883089784472,0.597806099325181,0.0752527570610293,4.03831342486635,0.58307232275849,0.00125966792209962,0.832809539239799,0.000737702615775188,0.0657820048973783,0.00254990976362844,2.21051661349962,0.011920405102189,0.000558235112549193,0.00362847950814033,1.12753886974446,0.204346832973387,1.16192600468791,0.203205766426103,0,0.00642109287570996,0.0169418138215949,0.207641562935368,4.83701884793314,0.149097083817349,0.314138969597036,9.95441122330874e-05,5.10018049676474e-05,0.0940388259159727,0.124827988504679,0.00288799556304075,0.235894836420069,0.0450793095544144,0.222346001022266,0.0746299695412785,0.0676436480212051,0.000879976736738234,0.000559776722648526,0.0848609218257028,0.0231384105918949,0.0634395170432426,0.0257473013067693,0.0217557011398008,0.00086327174985993,0.000250512196867803,0.0590202391981478,0.00502840163295219,0.0091692553495766,1.27670523714429,5.27280153678569e-05,0.0095578202371143,0.172566842582074,0.0301837570175648,0.536580201298613,0.10066923642926,0.00146161350571229,0.147435540972553,0.000769866345459078,0.0789578755297847,0.000307692301001404,0.086207882495048,0.0043888768649506,0.00087345370491486,0.00175304900655205,0.159545042816979,0.090061638933712,0.121739628525057,0.051189963909261,2.89840093007188,0.00119211169862583,0.00377930787547722,0.0149873158261818,0.417481087979842,0.0954616171023091,0.184950057827561,0.00012638012277265,0.00121779537370226,0.0184047177149627,0.0988377349959769,0.00439874515969472
0.0018371196666474,1.36879671389895,0.00514736362494349,0.00058483841020945,0,0,0.0011798435831178,0.00109473785704283,0.030052524786213,0.000490849429317394,1.24645610443465,0.000778423115075434,1.26238311831918,0.00256836458528525,0,0.00923650123798694,0.0140710757038729,0.103226522957386,0.250996387570318,0.000684325767030078,0.000786788626315872,0.259062365525759,0.00127886453087502,0.00642109287570996,0,0.821957722966508,0.429137057323266,0.000442054926204467,0.00684388785605547,0.000654351998673848,0.0731634368560661,0,0.000309514293777322,0.0941679116538831,0.000281756349967509,0.0308278063992011,0.378635686143721,0.198894637935845,0.0287671514160258,0.00217212984908432,0.000225094572459776,0.125580335391316,0.0086940308570118,0.35521115774299,0.0924446133330796,0.00788395186672636,0.00064252081165006,0.000591651135868107,0.341877590383372,0.0017802225681343,0.209205726879779,0.0010613612097314,0.000327024641259714,0.000708726542697317,6.72585028375331e-05,0.000602658981699595,0.000115349534360972,0.00137351914073438,0.000391980439908504,0.284547268634649,0.000100579175792439,1.9779813325626,0.00114295567364873,0,0.00158199951409566,0.000723189560842999,0.0508413897352395,0.0144895043041445,0,0.00035815493938962,0.016592860451314,0.00140213845794186,0.00304754714539567,4.38652971274499,0.0967359464361259,0.100463548301873,0.000421136906818545,0.00310509754350696,0.00133634509007472,0.0782711002604221,0.000775568805585034,0,0.0182009350064283,0.000472426868979318
0.024996206206181,0.127918636353874,1.9218303801382,0.00156226372603156,0,0.00160462867372575,0.0470777734945476,0.0116212523833382,0.010098472420396,0.0110139934929111,2.72892477813085,0.00098892956532316,1.05221829906831,0.014417197358011,0,0.0162208062358574,0.700894907878034,0.371316135613976,1.06696021112867,0.000892673348362412,0.0160098869033309,0.06191866089372,0.129451090177652,0.0169418138215949,0.821957722966508,0,2.77052860833731,0.0138481980569649,0.0214449827704002,0.00964814193791028,0.572494902141299,0.000256107044606032,0.0026140727926045,0.30218380420825,0.00271536613731262,0.13831753352728,0.798803956160956,0.497710128756077,0.0655982493279294,0.00461729495074037,0.0012821599659716,0.00964897944835001,0.045098167205202,0.115608991042652,0.0564634772050003,0.0144336435885983,0.00034546180930311,0.00013291748531756,0.0014698188816927,0.00502553133899283,0.242606681233109,0.0154274331648805,0.000128696523746746,0,6.62039485757489e-05,0.00185759597833573,0.000268227449578666,0.00276077609125451,0.000205154343220729,0.0386913947950959,0.000293518389729926,0.11113225176273,0.00185611873359806,0.000521988733965043,0.00172984199943777,0.0139915353618213,0.0514957530570865,0.0613572491688294,0,0.00223686532743677,0.00703560230418688,0.00323247754269468,0.0030586229145143,0.166447726871272,0.376043261205152,0.384217991852181,0.00212174648667315,0.00408677962173875,0.00653193568624,0.0148608139883771,0.000588228031279565,0.000443616096303167,0.0299486074056249,0.00446431569497065
0.0104107077874042,1.20516442174944,1.90621957821567,0.00064252427167858,0,0.000560346749660838,0.0252307667050446,0.00427546155925845,0.0462080886845948,0.0047022187787161,0.120872791657892,0.000250122229739102,0.093021074516177,0.00533283746877066,0.000106541860867927,1.32828493473264,0.348311290976645,0.0152006844359396,0.108833864531529,0.000154576570645878,0.0878136892903393,0.787809889316128,1.28187694676762,0.207641562935368,0.429137057323266,2.77052860833731,0,0.0490267402268807,0.0088841035735505,0.013401464095313,0.0921615196913496,0,0.00232736867144957,0.33335225792682,0.00928987481239388,0.332122235221125,0.411181010065408,0.621038551037974,0.105253423134594,0.00234218513507437,7.06075255170399e-05,0.000747103849706235,0.0782216675998353,0.100791249679327,0.103575717169108,0.035188613106226,0.00244433609943889,0.000548003604222391,0.000986586784721896,0.00614663472489339,0.387040781568147,0.167346193348745,0.000925206189792536,0,3.3820364754536e-05,0.00527559927327829,0.000895074286405167,0.0110322660991863,3.4888045381264e-05,0.010409916054518,0.000523913507453059,0.104800820399238,0.00263351712581051,0.00068375999719439,0.0322800161865073,0.075732083337364,0.0132712687842746,0.0480376101552968,0,0.0139484517133904,0.213237823414521,0.105891961570175,0.0285286894957036,0.200653271383918,0.232926867484018,0.687969568699909,0.0152648258547181,0.00329820521748775,0.00827242818950449,0.0105177327207121,0.000156934298837281,0.000669238359646676,0.0466366217497103,0.0151982198382611
0.156167697737527,0.00111676840836756,0.273110995304749,1.43103303955369,0,0.0386964038689384,2.58888420327815,0.073051358519134,0.503192112395089,3.20461651461343,0.00121287330745717,0.0495310265317254,0.00073162011203758,0.0658154665976524,0.000223658251081258,0.435064075244401,0.0141176839969005,0.000344512130853544,0.00345944983261519,0.226009082846676,1.4370358652961,0.0220720401179443,0.490832847767722,4.83701884793314,0.000442054926204467,0.0138481980569649,0.0490267402268807,0,0.121746519364181,1.49293235307991,0,0.000266065872353599,0.0650693689026982,0.125797491959057,0.00322323051585075,0.206052237728222,0.0351004726613374,0.209233804760057,0.0694189827857789,0.0316202688836566,0.000429455990383788,0.000295323956466065,0.0408222025596012,0.0110126161353224,0.0309425671875925,0.0132792759834144,0.00724285163639786,0.000841340344016363,0.000185064848985082,0.0247699464911044,0.00178391280042888,0.00573127815807645,1.75653104128442,0,0.00219075879983122,0.0795988801313883,0.0111050969581335,0.0890434590820027,0.0298910530254583,0.000982607903633319,0.0900399638799126,0.000185730384813019,0.0391221749706039,0.000369513902655081,0.0311651973755629,0.00297228096450608,0.000333954336885744,0.000892607495093237,0.0326956659681888,0.0545107347521356,0.0349656371685929,0.0213466576808749,0.120802216868642,0.000473522451679197,0.00202620643321999,0.00971684142510434,0.258056949703576,0.0633435983398341,0.121443042072837,0.000201073980906087,0.000899070279348693,0.00901191908118822,0.0567271720114222,0.00484654215331553
