0,0.00147253173657193,0.104069472759616,0.00615650393883716,0,0.0363233278985341,2.09268289507055,0.669072579142455,0.248438182829607,0.138493269058334,6.10355884184208e-05,0.0193380924167818,0.000203851856702367,6.21167327302064,0.000892997323225807,0.00121365476799197,0.0112543644936694,0,0.00322778642522814,0.0260498031487556,0.0214252210369696,0.014077431347878,0.0552628565134351,0.225588017739588,0.00165769704774656,0.00955352560267607,0.0136619050481616,0.265016399701227,3.07423330933755,0.790089796559545,0,0.00101210990878567,0.222023892535663,0.0939650707603598,0.000162701535034813,0.0289955987508842,0.0131815610026034,0.0421719145095918,0.0285254318453896,0.0158719275151956,0.000689579358886809,0,0.00104580760696091,0.000438981638747298,0.0013370018915383,0.00136304971732909,0,0,0,0.0198684713971397,0.000450365883349471,0.000164930779300836,0,0,0,0.0221039882180322,0.000132623985222647,0.194075269116725,0,0,0,0.00016258293472801,0.000899024982107477,0,0,0,0,0.000259207157939229,0,0.00141234155570111,0.00573802387542578,0.00112892546632751,0.053032916752808,0,0.000627382666785069,0.000597347977735016,0.0382706288379307,0.00509508298421981,0.0173050688012547,0,0,0.00208253344675467,0.00177990385085718,0.000131874580258914
0.00147253173657193,0,0.0946594833015422,0,0,0,0.00184772555304833,0.000917557331651343,0.077659713347657,0,0.000817089246250565,0.000121287127370535,0.0111720027400818,0.00139028044027626,0,0.0371430597863134,0.0348539929944623,0,0.0244809718375632,0.000229577818976378,0.00140972104115311,0.643329103807779,0.00958202285400314,0.0255582673312124,0.366997855994251,0.0988690233636003,0.795822542762031,0.00284681999806879,0.00290424093624334,0.000554705147954159,0.00548173112734585,0,0,0.0172895441863587,0.000182060446483108,0.057457017336535,0.190840000141595,0.0607390782132155,0.0271705520961645,0.000613138414877349,0,0.000839372680706187,0.0136239434379745,0.0271212729915033,0.0236510303189362,0.0106902061014895,0.000771071848030602,0,0,0.00045551805436694,0.551281684950335,0.0310134136340608,0,0,0,0.000335576985714277,0,0.0368561123103062,0,0.000840243487627075,0,0.000933516840782072,0,0,0.0137974940468733,0.0180860317745636,0,0.0104565783144296,0,8.0061166093538e-05,0.159748324297917,0.00312620384919152,0.00414205158755749,0.112303019841315,0.196804148210189,0.0937499992531635,0.000828066630993176,0.000192747058626798,0.000513786352687494,0.0017254547769105,0,0,0.00593623082208581,0.000172344176189278
0.104069472759616,0.0946594833015422,0,0,0,0.000804360989043124,0.274771724656051,0.0541930091119685,0.00712624646763772,0.00549985199647711,0.00205833895921074,0,0.00615713503172662,0.0192095187146896,0,0.0676440203291505,1.86075967668497,0.000496639696757936,0.070764926198182,0.000101198398542062,0.221777458648399,0.0852140202906525,3.1339136236594,0.0276134652188481,0.0153046406656865,2.54857752531367,3.28950456880483,0.126729951154918,0.017652851154565,0.0870204941576583,0.00185941447427622,0.000206905187566941,0.00468468852403426,0.10759335730347,0.00178824335025362,0.300313316206787,0.453089666115559,0.215277462438739,0.0575010972426749,0.00131091156320206,0,0.000143690661191437,0.00335305762553131,0.00406180313380032,0.00419340527552594,0.00166581122613071,0,0,0,0,0.0431788739695909,0.0143306515824418,0,0,0,0.000579495766337879,0,0.00325349143270119,0,7.43619010864934e-05,0,0,0,0,0.000562172559411044,0.00357062873796582,0,0.00107712199899419,0,6.46089778468216e-05,0.00378293009542893,0.000492273825500212,0.000353988413401964,0.00898285032238708,0.0224862887481397,0.0350514171864608,0.0011028391539572,0.00064824261370571,0.000367345324498068,0.000335889914099899,0,0.000308780274108467,0.00150424276810588,0.000646597414361905
0.00615650393883716,0,0,0,0,0.00307323592132504,0.020760044063552,0.00253484347765653,0.407282412257005,2.78102603034607,0,2.05715717725944,0,0.00351368505617495,0,0,0.000197369659268708,0,0,17.9040240325047,0,0,5.85082503271896e-05,6.62869989123886,0,0,2.50816893316941e-05,1.91415669304582,0.00444055292004577,0.000239860593296393,0,0,0.00365659344013335,0.00261080424642525,0,0.00134490429688398,0.000126970773035168,0.000977693292837107,0.00165328313261688,0.00312613916230646,0,0,0,0,0,0,0,0,0,0,0,0,1.3369463762262,0,0,0,0,0,0,0,0,0,0,0,0,0,0,0,0,0,0,0,0,0,0,0,0.0229950054343972,0,0,0,0,0,0,0
0,0,0,0,0,0.310704807638647,0,0.396463517828301,0.0011078502005322,0,0.0915217369444913,0.00039173573522332,0,0.00112779866500868,0,0.00062199231928629,0,0,0,0,0,0,0,0,0,7.69925437489869e-05,0.000155327721984913,0,0.00615354893551692,0,0,1.66938145898694,0,0.0412710353991488,0.00238637969396033,0.000950848224244929,0.000108914603650366,0.0201118880908148,0.00404717034149652,2.89451475069494,4.04090588769886,0,0.00994783991170797,0.000418472188438501,0.00784836052347874,0.0129157263864711,0.0102492910089058,0,0,0,0,0,0,0,0.00847131175930489,0,0,0,0.00066304527941924,0,0.00797576972260317,0,0,0.00664013126876371,0.000840631665050651,0,0,0,0,0.000229118294159195,0,0.00399447628122573,0.000118374113692686,0,0,0.000540618136875442,0,0,0.000651871801866585,0,0,0,0,0.0408877358700337
0.0363233278985341,0,0.000804360989043124,0.00307323592132504,0.310704807638647,0,0.0152441121185338,2.86356382806449,0.00400471703113105,0.710927126275405,0.000421500978365144,2.71997174502291,4.1919895613465e-05,0.40731961054458,1.12221074369629,0,0.000106563213283648,0,0.000142435649673088,0.0882013359557766,0.000383428998234032,0,0.000585918431626031,0.089039435709882,0,0.000413818067659437,0.00034503334563989,0.0102003627610517,0.184676667615728,0.000132469542715815,0,0.0554324936823365,0.00833915342995787,0.02304132828098,0.208626488844371,0.00061870588935485,0.00101878778828383,0.00846355851067701,0.00267386653609171,0.877682707350693,0.147920725959387,0,0.000536037757388147,0.000234010326633364,0,0.000102231059522016,0.000598177854309496,0,0,0,0,6.60351783882693e-05,0,0,0,3.09018290095796e-05,0,0.00077913324490167,0,0,0,0,0,0,0,0,0,0,0,0,0,0,0,0,4.71696616138951e-05,0,4.1694550023143e-05,0,0,0,0,0,0,0.000510878878450329
2.09268289507055,0.00184772555304833,0.274771724656051,0.020760044063552,0,0.0152441121185338,0,0.437943088641636,0.291744072131968,3.40066563675039,0.000122770395288532,0.000194801163031581,0.000965575115117576,1.09395057547694,0,0.00473783499202517,0.00948744171522511,0,0.00137046532515307,0.0426142075880448,0.0946777280615817,0.0237814570655835,0.215548583077505,1.04727097580575,0.00157234797098426,0.0127284624711998,0.0559619102067931,4.42410078172045,0.193098793860411,1.90703128657357,0,0.00032044284397877,0.0841595075753229,0.0864582191357835,0.000513589881169162,0.0957009658522174,0.0170259515136984,0.051591178659377,0.0296011968150443,0.00832144381304564,0.000743877555037967,0,0.00125317685951446,0,0.00056583689640904,0.000526278445847189,0,0,0,0.00487924166645676,0.000575143891739247,0.000281864628959889,0.000206736732488742,0,0.000218489061242846,0.0127280738770993,0.000148533608495802,0.140245406950778,0,0,0,0,0.000796756545337181,0,0.000132785389319988,5.24245291810476e-05,0,0,0,0.000775010229747762,0.00298309304986513,0.000621973301212392,0.04598699320732,0.000150061631469876,0.000489738522270509,0.000760527844966847,0.0336426329202841,0.00273281581672663,0.0112079032324724,0,0,0.00172541087776104,0.00105049638262985,0.000267741359685794
0.669072579142455,0.000917557331651343,0.0541930091119685,0.00253484347765653,0.396463517828301,2.86356382806449,0.437943088641636,0,0.0285194383711536,1.29550113654844,0.00265602613574115,0.0680783097075209,0.000349800533318498,4.00559087159896,0.0121166625184561,0.000346839172740062,0.00325988822257356,0,0.000761502433253885,0.01702076843901,0.00794040794161327,0.00166876244308194,0.0297345202941739,0.178729120851338,0.000939390118166168,0.00411502329007411,0.00852557872858212,0.0431132194664006,0.26529784066788,0.00542403875093009,0,0.292844950632138,0.00855337317489005,0.0312194660102507,3.88906673536513e-05,0.0104602419864135,0.00429498509886829,0.0467564115354016,0.0136352691280944,0.705272055403519,0.444716707117338,0.000311646572051537,0,0,0.00020834841269919,0,0,0,0,0.00116233682486667,0,0,0.000113577027091841,0,3.53168098823704e-05,0.00182231927622779,0,0.012488289032254,0,0,0,0,0,0,0,0,0,0,0,0.000182094375088024,4.65225564510036e-05,2.97364209270417e-05,0.00437442519513984,0.000476119893502418,0.000529606095881676,0.000273670028232972,0.00308182979618196,0.000273256318589904,0.000504669546484816,0,0,0,0,0
0.248438182829607,0.077659713347657,0.00712624646763772,0.407282412257005,0.0011078502005322,0.00400471703113105,0.291744072131968,0.0285194383711536,0,0.0230851308474396,0.000187819577712757,3.08106163533717,0.00822723998514888,0.0218334596888571,0.000422145736690725,0.0234149387852395,0.00185924176570482,0,0.00148758352717208,0.492852026919218,0.00178205636710775,1.45064614744759,0.00814935811729755,5.48079095854354,0.0764879152517853,0.00876844923249833,0.0689243072076048,0.0655434812290667,0.0529762850811653,0.0269146221951663,0.002315526958695,0.00104753739623639,0.0550226864619051,0.0320336062582441,0.000147528504174262,0.349061471119606,0.125318159746363,0.0404737431162703,0.035157187665129,2.09967336484188,0.00317024371276311,0.000232844032636062,0.00333704209981142,0.000310835084478697,0.00544881867326361,0.00315492094368612,0,0.000596152879280359,0,0.0140653458939405,0.0426588737581525,0.00148782143999589,0.000703759589613107,0,0,0.0296379709110779,0,1.00303596499089,0.000322275241273587,0,0,8.87424428255637e-05,0.00173619791517937,0,0.00866669091906675,0.000289307660765315,0,0,0,0.00322785720875907,0.387468687863195,0.00228399926478751,0.136107744254358,0.00706425940498072,0.00152995910615655,0.00699421973099398,0.109774858612783,0.00662013109763901,0.0277372417768217,0.00025139356008134,0,0.00422279816377572,0.00547903297238674,0.000271238683628458
0.138493269058334,0,0.00549985199647711,2.78102603034607,0,0.710927126275405,3.40066563675039,1.29550113654844,0.0230851308474396,0,0,0.798092386500669,0.000216967589855171,0.818916652244066,0.000929684390888322,0,0.000558070349299803,0,0,4.17454922962585,0.000751894355718411,0.00035566258870546,0.00222503818227134,0.691808241034093,4.38849708637584e-05,0.000635551781221316,0.00141778998311056,1.08252778431911,0.0842638370016449,0.000783875140388152,0,9.33593578393791e-05,0.053040112810803,0.0474211346809388,0.0306559582001511,0.00908449867811181,0.00155938971133507,0.0129690588912776,0.00466435594242487,0.0596067371345253,0.000383842578476359,0,0,0,0,0,0.00017586557649605,0,0,0,0,0,0.0307895107025564,0,0,0.000382124601404535,0,0.00196310800248315,0,0,0,0,0,0,0,0,0,0,0,0,4.42971899431992e-05,0,0.000492061002946691,0,3.99454805863374e-05,9.21478727239661e-05,0.00106550913836366,0,0,0,0,0.000126182039290601,0,7.70193441051012e-05
6.10355884184208e-05,0.000817089246250565,0.00205833895921074,0,0.0915217369444913,0.000421500978365144,0.000122770395288532,0.00265602613574115,0.000187819577712757,0,0,0,2.52440532738929,0.00022731069040192,0,4.23850062326332e-05,0.0058701291737719,0.27775375818114,1.43259057861745,7.98990124711305e-05,0,0.000131462865008827,0.000185609245532205,7.75760521725013e-05,0.785819819032213,0.50265780156415,0.0176367528819623,0.000209416388739419,0.611623983000338,0.000350241469468571,0.0151035537473648,0.720261581787724,0.00114216731858842,1.12365669506629,0.000186817142999167,0.0151500464579073,1.2287111538455,0.732010723686005,0.112069300088335,0.0136456996107887,0.241080723986598,0.219388809410437,0.000227177645996183,0,0,0.000187739641513817,0,0,0,0,0,0,0,0,0,0,0,0,0,0,0,0.000311138552540184,0,0,0,0,9.55530718672833e-05,0,0,0,0,0,2.99851632729151e-05,0.00107927875040984,0.00146283679799163,0.000536254044180136,0,0,0,0,0,0,0,0
0.0193380924167818,0.000121287127370535,0,2.05715717725944,0.00039173573522332,2.71997174502291,0.000194801163031581,0.0680783097075209,3.08106163533717,0.798092386500669,0,0,0,0.0189101910386185,0.693959474538286,0,9.78688670993755e-05,0,0,7.16149938605986,0,0,8.66169697203009e-05,1.53300539034896,0,0.000189490790960827,0.00023060020233903,0.0195441687938506,0.0153495908701745,4.28361971354743e-05,0,0.000446751499228071,0.00541898297509658,0.00890464380395849,1.13684058685488,0.00314562057311268,0.000753714830361322,0.00258561142688727,7.84523294921399e-05,0.505733260067611,0.000389501755552833,0,0.0018988676156436,0.000195431168613088,0.000283862200174249,0.000352447845230449,0.000308086598330948,0,0,0,9.05943230182157e-05,0.000766456200005271,0.000573546631021256,0,0.000392468976983617,0,0,0,3.49679169233856e-05,0,0.00685822375399974,0,0,0,0,0,0,6.56544676921741e-05,0,0,0,0.000375331664248408,0,0,0,0,0.000147438675512581,0,0,0,0,0,0,0.0306051046933828
0.000203851856702367,0.0111720027400818,0.00615713503172662,0,0,4.1919895613465e-05,0.000965575115117576,0.000349800533318498,0.00822723998514888,0.000216967589855171,2.52440532738929,0,0,0.00102362952013283,0,0.00967375124160016,0.00200087243161688,0.000234200741606013,0.00621908954061289,0,0.00122914225203669,0.0180960029521289,0.00379887402978004,0.00468816694821996,5.96802520394944,0.477258755076518,0.913619426046253,0.00369555388362528,0.00605724419092644,0.00066769196237846,2.84178866394169,0.00372863339896803,0.00106665224512307,0.050676412796438,0.0012999748467203,0.477611124985449,1.15209767296907,0.476408116395629,0.407198628310689,0.00379013919823465,0.123529407190818,0.796456548431376,0.0328374191108939,0.00223605768616946,0.00145197392170043,0.00961866125114444,0,0,0.00188922957853777,0.0002272391227477,0.00414826283137758,0.000226855123058015,0,0,0,7.22389893650262e-05,0,0.00109762545516186,0,0.00919926719762827,0,0.0501953862162166,6.86796009803791e-05,0,0.000583595929484323,0,0.00038828387564143,0.00327234729476984,0,9.45326408831552e-05,0.00172217167549904,0.000282866173352972,0.000229396811290317,0.0241550739728752,0.0217441800150991,0.00719173027867991,0.000474691042100912,0,0.000104754375659964,0.000631117614550258,0,0,0.000156746289821151,0.000561776509458817
6.21167327302064,0.00139028044027626,0.0192095187146896,0.00351368505617495,0.00112779866500868,0.40731961054458,1.09395057547694,4.00559087159896,0.0218334596888571,0.818916652244066,0.00022731069040192,0.0189101910386185,0.00102362952013283,0,8.39208611496359e-05,0.000233586486237275,0.00350646085328363,7.0518858426035e-05,0.00415829097257136,0.013645340391065,0.00299467663051509,0.00179904628432273,0.0106461751003939,0.0647486352113322,0.00281568312979022,0.0087063467003323,0.0104941182862966,0.041473897025048,8.04254691102138,0.0228671463029645,9.30541189288672e-05,0.00390029595693676,0.185863685600769,0.260300181235606,0,0.00722542012138389,0.0213324000714341,0.121127039777079,0.0447168920962216,0.135537083082609,0.0337812626711153,0.000240145887979664,7.54447078453683e-05,0,0.000197333930427974,9.78053411521923e-05,0,0,0,0.00118097466642089,0.000136329912602528,0.000106711453824852,0,0,0,0.00337278515108217,0,0.0151597509099651,7.08699910947127e-05,0,8.02668161499192e-05,0,0.000214921075479945,0,0,0,0,0,0,0.000141017627898558,0.00103849597031333,2.44900738439617e-05,0.00577626673102791,0.000213417906194838,0.000515811729747726,0.00057387446326464,0.00600518923711732,0.000721171024109644,0.00248846609366686,0,0,0.000145749440448119,0.000427998924918096,0
0.000892997323225807,0,0,0,0,1.12221074369629,0,0.0121166625184561,0.000422145736690725,0.000929684390888322,0,0.693959474538286,0,8.39208611496359e-05,0,0,0,0,0,0,0,0,0,0.00108870723611758,7.31742862825372e-05,0,0,0.000100355768994421,0.000360853647935526,0,0,0.000941994802300894,0,0.00150397776953845,0.121689089201763,0.000356341068250159,0.000104173667123834,0.00127411326127243,0,0.232987388149816,0,0,0.0187899189605615,0.00574159648641857,0.00868688048092857,0.0152147054068285,0.0162625689514451,0,0,0.000710532483290116,0,0.000193929683557161,0,0,0.00263089988796705,0.000162446773080177,0,0,0.000519186989677088,0,0.00410639316970027,0,0,0.00830096292429144,0.000904057622020622,0,0,0,0,0.0019504952854078,0.000162414510185722,0.00332015274056138,0,0,0.000222422693417268,0.000437795291909209,0.000236819259430768,0,0,0,0,0,0,0.021868878140266
0.00121365476799197,0.0371430597863134,0.0676440203291505,0,0.00062199231928629,0,0.00473783499202517,0.000346839172740062,0.0234149387852395,0,4.23850062326332e-05,0,0.00967375124160016,0.000233586486237275,0,0,0.0170011501364045,0,0.000962476887730932,0,1.64807592622128,7.08587965032404,2.85574262217141,1.37499784129343,0.0121431384619666,0.0114480771053639,1.58219676013418,0.747940845509325,0.00201708252662402,0.0519344735957072,0.00124448206548896,0.000192715659160887,0.00432756441434931,0.0738060407355841,0.0129081650577772,0.945784756877598,0.442850516731801,0.381634372150347,0.109894949978915,0,0.000357634981256079,0,0.00693812379822036,0.00228630174668221,0.000956965007646323,0.00194170235508795,0,0,0,0.000584578343436649,0.00629419853197936,0.00103196145495058,0,0,0.000175435451110878,0.000701111792777986,0,0.0113313625990429,0,0,0,6.20663967646901e-05,0,0,0.00268186951669616,0.000200898257585697,0,0.000601670182725557,0,0.00269449566400143,0.255304944221161,0.00132992481245337,0.0026503693300075,0.000736933303421086,0.00232627672440183,0.00377698873274482,0.00362986961732605,0.000291936525071423,0.000644517777929749,0,0,0.000540000771014262,0,0.00696698259915959
0.0112543644936694,0.0348539929944623,1.86075967668497,0.000197369659268708,0,0.000106563213283648,0.00948744171522511,0.00325988822257356,0.00185924176570482,0.000558070349299803,0.0058701291737719,9.78688670993755e-05,0.00200087243161688,0.00350646085328363,0,0.0170011501364045,0,0.00507604263231665,2.37829087584229,0,0.0741583208609162,0.0246860009206132,2.0322313801882,0.00471282261826893,0.00907337711928749,2.5136397506911,0.302805079800302,0.00412634192208859,0.981162241078813,0.00451381525312342,0,0.000655692532867454,0.027774398037958,0.128646243017723,8.25845781938779e-05,0.0159892918677998,0.0280861581441686,0.038342155260075,0.00566233344803906,0.00080713157443088,0.00189559530221602,0,0.00140936763176373,0.00270197422177808,0.00230439174098494,0.000437828909446665,0,0,0,0,0.0208625037680081,0.00610438216621423,0,0,0,0,0,0.000765838119141733,0,0,0,0.000265218179032772,0,0,0.000349544763294071,0.00267550636514356,0,0.00126175564338095,0,0,0.00258297229226222,0.000439051239135314,6.84999160812834e-05,0.00385135525052961,0.015172009559579,0.0150011789734014,6.47846491325518e-05,2.94668578653843e-05,0.000160597163817094,0,0,0,0.000641731505301509,0
0,0,0.000496639696757936,0,0,0,0,0,0,0,0.27775375818114,0,0.000234200741606013,7.0518858426035e-05,0,0,0.00507604263231665,0,0.987097231235598,0,0,0.00028484448429825,0,0,0.00361095056913364,0.24956174514598,0.00098715178465526,2.93756305492464e-05,0.000741416779724564,0,0,0,0,0.00585609952104157,0,0.00201873364883967,0.0540830869834114,0.00461117885630829,0.00701502559847342,0,0.000278760929073352,0,0,0,0,0,0,0,0,0,0.000207564188604568,0,0,0,0,0,0,0,0,0,0,0,0,0,0,0,0,0,0,0,0,0,0,0.000842962952275858,0.000418791368560645,5.81965708634996e-05,0,0,0,0,0,0,0,0
0.00322778642522814,0.0244809718375632,0.070764926198182,0,0,0.000142435649673088,0.00137046532515307,0.000761502433253885,0.00148758352717208,0,1.43259057861745,0,0.00621908954061289,0.00415829097257136,0,0.000962476887730932,2.37829087584229,0.987097231235598,0,0,0.000358252811213486,0.0055302082412817,0.00753063200857199,0.00181720282943095,0.0493186945625778,2.65756708596771,0.080334569018134,0.00103523018158976,0.246433522861905,0.000402178494076769,0.000437836758209569,0.00150128511429216,0.00156727899309992,0.380288681846709,0.000228564263383103,0.0255684555857786,0.275404557432405,0.0719171122628777,0.0424082573740642,0.00272073629212256,0.00248099885216638,0.000441211473983216,0.00249101757555375,0.00348206557395096,0.00480877146120539,0.0038294366499663,0,0,0,0,0.0162202346163844,0.00151551864217601,0,0,0,0,0,0.000210127815985974,0,0.000118108213978986,0,0.000414293331171371,0,0,0.000438478007136815,9.89517635855124e-05,0,0.0033166646568466,0,6.49302481045416e-05,0.000464334093753675,0.000219398828714588,0.000319632568557754,0.0276409365835883,0.0340482758404732,0.0116877827088478,0,0,0.000127288136909244,0,0,0,0.00137548423349599,4.43197216227809e-05
0.0260498031487556,0.000229577818976378,0.000101198398542062,17.9040240325047,0,0.0882013359557766,0.0426142075880448,0.01702076843901,0.492852026919218,4.17454922962585,7.98990124711305e-05,7.16149938605986,0,0.013645340391065,0,0,0,0,0,0,0,0,0,1.640594593686,0.000316000446592198,0,2.38157076508665e-05,0.215909676096274,0.0143245415108171,0,0,0,0.0132227540136695,0.00953568401872493,0,0.000608923700711474,0,0.00513958548500243,0.00138508654931207,0.0508999174246041,0,0,0,0,0,0,0,0,0,0,0,0,0.0676099879349155,0,0,0,0,0.00076473561410615,0,0,0,0,0,0,0,0,0,0,0,0,0,0,0,0.00021101680738192,0,0,0.000639273242067609,0,0,0,0,0,0,0
0.0214252210369696,0.00140972104115311,0.221777458648399,0,0,0.000383428998234032,0.0946777280615817,0.00794040794161327,0.00178205636710775,0.000751894355718411,0,0,0.00122914225203669,0.00299467663051509,0,1.64807592622128,0.0741583208609162,0,0.000358252811213486,0,0,0.0957663671832479,7.07726125943786,0.0919249584968859,0.00104159148810971,0.00576200316991546,0.0504807770660564,1.98039661172987,1.52480840563865,2.69406666545396,0.000118039307705122,0.000245465487162571,3.71995717044389,0.19930299095499,0.00825807977794125,0.476400797127362,0.121542448768295,0.164649386730264,0.0472276849102729,0.000143805320304961,0,0,0.00415388241920987,0.000742689542815443,0,0.000302985089131872,0,0,0,0.000354165257622605,0.000579535162173958,0,0,0,0,0.000364218554214583,0,0.00122658316747038,0,0,0,0,3.34225917620798e-05,0.00024478859010376,7.80071707352573e-05,0.000167046271714169,0,0,0,0.000258580812709853,0.000201797260373508,9.4016329826785e-05,0.00102619469414915,5.88483427796001e-05,0.000648152165851906,0.000814450910925585,0.00156213077534294,0,4.12337279152978e-05,0,0,0,3.87664897082323e-05,0.00449765327359751
0.014077431347878,0.643329103807779,0.0852140202906525,0,0,0,0.0237814570655835,0.00166876244308194,1.45064614744759,0.00035566258870546,0.000131462865008827,0,0.0180960029521289,0.00179904628432273,0,7.08587965032404,0.0246860009206132,0.00028484448429825,0.0055302082412817,0,0.0957663671832479,0,0.955774083943183,1.14104902682546,0.147417445497428,0.0221955924853802,0.951334304131291,0.114771456344771,0.00715795967463111,0.0176835109769278,0.00387090865239106,0.000141514641537662,0.00811249911994866,0.0605103324827117,0.00533741080140382,0.563328815559614,0.421486006195471,0.263995274599253,0.0872276795697641,0,0.000151019187131601,0.00241285253451179,0.0116650635638744,0.00280427481599424,0.00526288019967121,0.00430461490490608,0,0,0,0.00423009803439634,0.21487844296626,0.00935179534158131,0,0,0.000117387763643275,0.00764760172810453,0,1.16269350564095,0,0,0,0.000224031899169589,0.000207081769683006,0.00128676334337816,0.0621869732884241,0.0013078020128066,0,0.000136663682941438,0,0.00424200571654815,2.02621665712585,0.0123694467170841,0.12710052168179,0.0286809922920018,0.00380805547387098,0.0581704462392496,0.0851231026975145,0.000526750857420806,0.00934516042470788,0,0,0,0.00268072014887051,0.00333433551600485
0.0552628565134351,0.00958202285400314,3.1339136236594,5.85082503271896e-05,0,0.000585918431626031,0.215548583077505,0.0297345202941739,0.00814935811729755,0.00222503818227134,0.000185609245532205,8.66169697203009e-05,0.00379887402978004,0.0106461751003939,0,2.85574262217141,2.0322313801882,0,0.00753063200857199,0,7.07726125943786,0.955774083943183,0,0.0441779270704122,0.00409156776219478,0.292347090651594,1.69939957741383,0.579805768075495,1.08121127979284,0.436921044643092,0.000479257594311923,0.00021730831868955,0.666911314514792,0.236335061492412,0.0176608341101756,1.05308411937597,0.305652883764931,0.647512388129028,0.106294759317106,0.000510680206281009,0.000444515553371693,0,0.00810734231567005,0.00211911692066436,0.000581793894791118,0.00128145525999906,0,0,0,0.000317537202313397,0.00341410503105381,0.00041635125654827,0,0,0,0.000713156531008458,0,0.00210776469650419,0,0,0,4.57397538270272e-05,0.00026092773440395,0,0.00215301420682341,0.00039705866900471,0,0.000128530749419083,0,0.0118968157089389,0.00903034479644415,0.000972320054340066,0.00131553141501696,0.000526256527570025,0.00241028858584323,0.00350118288446474,0.00170218735440669,6.99043853936814e-05,0.000568853629656452,0,0,0,0.000126480758933916,0.00886535766285689
0.225588017739588,0.0255582673312124,0.0276134652188481,6.62869989123886,0,0.089039435709882,1.04727097580575,0.178729120851338,5.48079095854354,0.691808241034093,7.75760521725013e-05,1.53300539034896,0.00468816694821996,0.0647486352113322,0.00108870723611758,1.37499784129343,0.00471282261826893,0,0.00181720282943095,1.640594593686,0.0919249584968859,1.14104902682546,0.0441779270704122,0,0.0255901695068529,0.0094867481181203,0.17136274942596,6.06567136264166,0.132950627111092,0.103258872748403,0.00125561057468041,0.000873393251223899,0.0786275580670654,0.091013210155344,0.00233124683878194,0.278948064531386,0.0798077775105753,0.0860527500307767,0.0546996688556242,0.112817924395103,0.000930445762751837,0.000120117519081425,0.0062378494003085,0.000941274377218809,0.00493248553519762,0.00418498526576675,0,0,0,0.0258230806032499,0.0103678072441261,0.0010553590992516,0.283708609516603,0,0.000681752197325129,0.0729272931198735,0.000580661963175706,0.455229230729194,0.000804601363544776,0,0,5.70611434295215e-05,0.00393663071468507,0,0.00252194498151845,5.79692605734571e-05,0,7.06829848925146e-05,0,0.00513507969594196,0.0811802448334805,0.00450860423808748,0.17129252801149,0.000559832687051021,0.00112440832242684,0.00507453882918809,0.182225543875588,0.0171376612572611,0.051437198442542,0,0,0.0021744443458557,0.00706860120382043,0.00110821061035746
0.00165769704774656,0.366997855994251,0.0153046406656865,0,0,0,0.00157234797098426,0.000939390118166168,0.0764879152517853,4.38849708637584e-05,0.785819819032213,0,5.96802520394944,0.00281568312979022,7.31742862825372e-05,0.0121431384619666,0.00907337711928749,0.00361095056913364,0.0493186945625778,0.000316000446592198,0.00104159148810971,0.147417445497428,0.00409156776219478,0.0255901695068529,0,0.540949716923765,1.26482097669986,0.00357212610936173,0.00875695135814178,0.00100276762303944,0.785885233156665,0.000148368595604274,0.00279625234920974,0.0417706692126779,0.00139085859326335,0.188157864125191,3.00601061474803,0.587663378766249,0.833613277298445,0.00344487757742008,0.00376001383894312,3.0672079162735,0.00381412990576232,0.00724923377167537,0.00793101320915762,0.00430893071739951,0,0,0,0,0.0521534210735792,0.0022767173159897,0,0,0,0.000247404202039486,0,0.0114887174466547,0,0.0011207782498377,0,0.0189730104484633,0,0,0.00725599255375822,0.00137914042354944,0.000728737905870886,0.00597571396618472,0,0.000496085183747484,0.0500962745384878,0.00187092936918746,0.000873586552956329,0.230165920616319,0.0742471460758256,0.0306848762227154,0.000503715115401655,0.000141240793238772,0.000421018288767456,0.000838959018534709,0,0,0.00231482592429473,0.000384446721970804
0.00955352560267607,0.0988690233636003,2.54857752531367,0,7.69925437489869e-05,0.000413818067659437,0.0127284624711998,0.00411502329007411,0.00876844923249833,0.000635551781221316,0.50265780156415,0.000189490790960827,0.477258755076518,0.0087063467003323,0,0.0114480771053639,2.5136397506911,0.24956174514598,2.65756708596771,0,0.00576200316991546,0.0221955924853802,0.292347090651594,0.0094867481181203,0.540949716923765,0,2.0775942134008,0.00637221843846705,0.0326530172323996,0.00520401829635452,0.189210045598016,0.00242539940775876,0.00231472657755031,0.155419392291516,0.00219682231997567,0.189938854548049,0.834447249237846,0.169570556531101,0.128246204974477,0.00656568822248631,0.00300392333402657,0.00180340582782186,0.0114387308669037,0.0200272502738769,0.0182527175325146,0.00842770070098845,5.69320112180382e-05,0,0,0.000112280527995951,0.0378523523709662,0.00693357072082963,0,0,9.23650185011161e-05,0.000256356052863192,3.06643904724553e-05,0.000763484827540944,0,0.00165665785653319,0,0.00428005158497998,5.62972258726785e-05,0,0.000499168887061196,0.00326345268069921,0.0013240308169592,0.0180969849679867,0,0.000211089511068525,0.00336747805999437,0.000551985712742267,0.0005431331920761,0.103743060191959,0.245759534308672,0.093324587151367,0.000519176147718302,0.000705580967003685,0.000307263571228429,0.00106952223272215,0,0,0.00765475382390602,0.00127735036451751
0.0136619050481616,0.795822542762031,3.28950456880483,2.50816893316941e-05,0.000155327721984913,0.00034503334563989,0.0559619102067931,0.00852557872858212,0.0689243072076048,0.00141778998311056,0.0176367528819623,0.00023060020233903,0.913619426046253,0.0104941182862966,0,1.58219676013418,0.302805079800302,0.00098715178465526,0.080334569018134,2.38157076508665e-05,0.0504807770660564,0.951334304131291,1.69939957741383,0.17136274942596,1.26482097669986,2.0775942134008,0,0.160843595082953,0.0373595852716983,0.0128585122625741,0.386222761830611,0.000881744701655206,0.00335930014343789,0.28109327927338,0.00861794714578,0.859384384282173,0.968367695700655,0.445288999299704,0.139477770052852,0.00417596341271196,0.00154008717940838,0.00112645533309279,0.0179173410600339,0.0236580731473429,0.0223214537646059,0.00894747454907529,0.000171847571153734,3.48643851622343e-05,0,0.000430539966791064,0.197502447577882,0.0310287410912945,0,0,9.53144470359657e-05,0.00118488586894047,0,0.0106777095744639,2.91810052969444e-05,0.00171354276723371,0,0.00255555417095631,0.000153456167617812,0,0.0207533534023836,0.00879507238553603,0.000200485046106529,0.012294565452814,0,0.000598069067520598,0.115549633526521,0.00812582774282258,0.00473581864927721,0.0789313566525992,0.235594765106903,0.257760455016514,0.00325183871334412,0.000882954772214858,0.000970283940819892,0.000996963036437045,0,8.78266197291285e-05,0.0112331324505942,0.00511425513988335
0.265016399701227,0.00284681999806879,0.126729951154918,1.91415669304582,0,0.0102003627610517,4.42410078172045,0.0431132194664006,0.0655434812290667,1.08252778431911,0.000209416388739419,0.0195441687938506,0.00369555388362528,0.041473897025048,0.000100355768994421,0.747940845509325,0.00412634192208859,2.93756305492464e-05,0.00103523018158976,0.215909676096274,1.98039661172987,0.114771456344771,0.579805768075495,6.06567136264166,0.00357212610936173,0.00637221843846705,0.160843595082953,0,0.115557774374186,2.11300921194681,0.000112042897505452,0.000707542373460283,0.0726010497282054,0.129200393317491,0.0102120533633619,0.595609324774788,0.15362028337867,0.1451755270183,0.0732433503179744,0.00415784107003736,0.000578850221286324,4.68443223517242e-05,0.00572576155850289,0.00120626196272692,0.00225987414224935,0.00206046024025345,0,0,0,0.00952471870155935,0.000802912491197177,0.000495594681790889,0.0235143026797686,0,0.000204369597870542,0.0310237820680377,0.000540436823542658,0.0860470463389756,0.000161876674293062,0,0,0,0.00179011728694176,0,0.000137402933841114,0.000254989697173724,0,8.55789631334144e-05,0,0.00316440823210602,0.0238327176009879,0.00321644118426878,0.0761735016071958,0.000202228744720673,0.000528625900256372,0.00178305917738715,0.0934334360893113,0.00630706996639175,0.0307202206817798,0,0,0.00153061543869383,0.00323416869429335,0.00529023003645587
3.07423330933755,0.00290424093624334,0.017652851154565,0.00444055292004577,0.00615354893551692,0.184676667615728,0.193098793860411,0.26529784066788,0.0529762850811653,0.0842638370016449,0.611623983000338,0.0153495908701745,0.00605724419092644,8.04254691102138,0.000360853647935526,0.00201708252662402,0.981162241078813,0.000741416779724564,0.246433522861905,0.0143245415108171,1.52480840563865,0.00715795967463111,1.08121127979284,0.132950627111092,0.00875695135814178,0.0326530172323996,0.0373595852716983,0.115557774374186,0,4.48765537282613,0.000321113110896814,0.934656086828696,2.13469912964432,4.80428755755721,0.000117325431594247,0.0561720572603314,0.0818444258533101,1.1995657355763,0.259757921791572,0.512748750290713,0.366333444405951,0.00325739886752309,0.000691140028201506,0.00049315612784232,0.00188178857135647,0.000743800855495892,0,0,0,0.00311191410553508,0.00152021335678195,0.000383076015391897,0,0,0.000102247907082716,0.00794990683714493,0,0.0343600395449412,0,0,0,0,0.000379332078693417,0,0.000258034691880218,0.000191550750395068,0.000296971185032673,6.34906436905065e-05,0,0.00057641598418016,0.00335822792730808,0.000595352510683584,0.0212379573537934,0.00164338242002576,0.00329363757658445,0.0021288569728472,0.0209761674245822,0.0019858240586695,0.00683073339053048,0.000101809820083647,0,0.000720879110349441,0.00137402960644501,3.07870559041962e-05
0.790089796559545,0.000554705147954159,0.0870204941576583,0.000239860593296393,0,0.000132469542715815,1.90703128657357,0.00542403875093009,0.0269146221951663,0.000783875140388152,0.000350241469468571,4.28361971354743e-05,0.00066769196237846,0.0228671463029645,0,0.0519344735957072,0.00451381525312342,0,0.000402178494076769,0,2.69406666545396,0.0176835109769278,0.436921044643092,0.103258872748403,0.00100276762303944,0.00520401829635452,0.0128585122625741,2.11300921194681,4.48765537282613,0,7.71981647673865e-05,0.000202185023307697,2.15030309767606,1.0722133190963,0.00116189864719792,0.138892453692828,0.0242945203394517,0.116035657475404,0.0320203110269847,0.000312673546372768,0.00120781512458628,5.5383422683979e-05,0.000894733610480329,0.000283774788212409,0.000466118427624046,0.000633135865088208,0,0,0,0.00282537409517246,0.000425683318568949,4.75990770280399e-05,0,0,6.49923389237578e-05,0.00628681642145073,0,0.0238111224352477,0,0,0,0,0.000166049929277666,0,0,2.42748324906525e-05,0,0,0,0.000419749745589513,0.00366488444603555,0.000439836258414286,0.0153593687396956,9.23394106425723e-05,0.000124987897858084,0.00028403288860869,0.0226905979373574,0.00122351680829734,0.00559552376436374,0,0,0.000843132057569179,0.00119027282408522,0.000753880102092657
0,0.00548173112734585,0.00185941447427622,0,0,0,0,0,0.002315526958695,0,0.0151035537473648,0,2.84178866394169,9.30541189288672e-05,0,0.00124448206548896,0,0,0.000437836758209569,0,0.000118039307705122,0.00387090865239106,0.000479257594311923,0.00125561057468041,0.785885233156665,0.189210045598016,0.386222761830611,0.000112042897505452,0.000321113110896814,7.71981647673865e-05,0,0,0,0.000854469809690518,8.47786866902726e-05,0.00841927899726104,0.079956615615432,0.0150154695244191,0.0164789936456416,0.000266390774151585,0.000357371583769991,0.00110828016586861,0.00078643204364196,0.00108297583166014,0.000486638701019634,0.000381017284040386,0,0,0,0,0.00216858139432322,9.82049009116666e-05,0,0,0,0,0,0.000273927684282561,0,6.59518171917369e-05,0,0.000568851659949756,0,0,0.000341886369574034,0,0.000130456631537018,0.00173342510745678,0,6.39758166694898e-05,0.000459088276123509,0,0,0.0178470692750703,0.00633217920660817,0.00281308754248086,5.20838120368337e-05,0,0,0,0,0,0.000169814183873185,5.5041232726646e-05
0.00101210990878567,0,0.000206905187566941,0,1.66938145898694,0.0554324936823365,0.00032044284397877,0.292844950632138,0.00104753739623639,9.33593578393791e-05,0.720261581787724,0.000446751499228071,0.00372863339896803,0.00390029595693676,0.000941994802300894,0.000192715659160887,0.000655692532867454,0,0.00150128511429216,0,0.000245465487162571,0.000141514641537662,0.00021730831868955,0.000873393251223899,0.000148368595604274,0.00242539940775876,0.000881744701655206,0.000707542373460283,0.934656086828696,0.000202185023307697,0,0,0.00684760219001203,1.30406791007219,0,0.00257189366799785,0.00865882657480536,0.638373143919144,0.149095289035401,0.943428010018957,3.81873167002176,0.00202414729989155,0,0,0,0,0,0,0,0,0,0,0,0,0,0,0,0,0,0,0,0,0,0,0,0,0,0,0,0,0,0,0.000148593991480388,0,0,6.05479889170977e-05,5.71198886181747e-05,0,0.000116434001489778,0,0,0,0,0
0.222023892535663,0,0.00468468852403426,0.00365659344013335,0,0.00833915342995787,0.0841595075753229,0.00855337317489005,0.0550226864619051,0.053040112810803,0.00114216731858842,0.00541898297509658,0.00106665224512307,0.185863685600769,0,0.00432756441434931,0.027774398037958,0,0.00156727899309992,0.0132227540136695,3.71995717044389,0.00811249911994866,0.666911314514792,0.0786275580670654,0.00279625234920974,0.00231472657755031,0.00335930014343789,0.0726010497282054,2.13469912964432,2.15030309767606,0,0.00684760219001203,0,3.18164149510973,5.25821584589441e-05,0.0646096280798208,0.0253782123106632,0.458537693915207,0.104028161963452,0.00134198208049155,0.00666843675109178,0.00206766279697473,0,0.000128338424511258,0.000193777617848075,0.000556006385962846,0,0,0,0.00551391710684518,0,0.000556681843034926,0,0,0,0.00531613211263857,0,0.0414618334657833,0,0,0,0,0.000836592631650501,0,0,0,0,0,0,0.000221702053182406,0.00398038232603909,0.000203260908131666,0.0126428962814149,0,0.000701895977172879,0.000279457840842678,0.0100321881774791,0.000671698340804924,0.00294997790061431,0,0,0.000385796833838721,0.000973980520973933,6.02900032859162e-05
0.0939650707603598,0.0172895441863587,0.10759335730347,0.00261080424642525,0.0412710353991488,0.02304132828098,0.0864582191357835,0.0312194660102507,0.0320336062582441,0.0474211346809388,1.12365669506629,0.00890464380395849,0.050676412796438,0.260300181235606,0.00150397776953845,0.0738060407355841,0.128646243017723,0.00585609952104157,0.380288681846709,0.00953568401872493,0.19930299095499,0.0605103324827117,0.236335061492412,0.091013210155344,0.0417706692126779,0.155419392291516,0.28109327927338,0.129200393317491,4.80428755755721,1.0722133190963,0.000854469809690518,1.30406791007219,3.18164149510973,0,0.0020961191720735,0.400769974916917,0.410938484713864,4.09058921746167,1.42186843787264,0.92198312965349,3.1073816519141,0.0176901196795318,0.0018070248891818,0.00239142953195276,0.0018504980226022,0.00234190653477242,9.04686039461733e-05,0,0,0.00179340444432619,0.0102705246461547,0.00196512610925683,0,0,0.000429481299077543,0.00503959114943005,8.53950043624464e-05,0.0236990552915229,0.000144417234780416,0,0,0.000279687529872782,9.91114521250152e-05,0,0.000317306113868377,0.000832817922214062,0,0.00152118539044572,0,0.000761980011126274,0.00399481707382971,0.000596967181075946,0.0109160901508849,0.00571635090422927,0.011864177109517,0.00993422776943489,0.0109254680047484,0.000867038820872855,0.00376092115017108,0,0,0.000257628316389938,0.000923776979208335,0.00100268705666433
0.000162701535034813,0.000182060446483108,0.00178824335025362,0,0.00238637969396033,0.208626488844371,0.000513589881169162,3.88906673536513e-05,0.000147528504174262,0.0306559582001511,0.000186817142999167,1.13684058685488,0.0012999748467203,0,0.121689089201763,0.0129081650577772,8.25845781938779e-05,0,0.000228564263383103,0,0.00825807977794125,0.00533741080140382,0.0176608341101756,0.00233124683878194,0.00139085859326335,0.00219682231997567,0.00861794714578,0.0102120533633619,0.000117325431594247,0.00116189864719792,8.47786866902726e-05,0,5.25821584589441e-05,0.0020961191720735,0,0.135382341258704,0.0664770123756978,0.00550815422671823,0.00203523757838434,0,0,6.18432756134559e-05,0.0762117674455226,0.0293365191133988,0.0096886262327822,0.0151173085186998,0.016373671133734,0,0,0.000262429729296121,0.000237281766419701,0.00106561000886595,0,0,0.0114255666018833,0.000706574430347859,2.07857626531112e-05,0.000107543557732478,0.00118909870006555,1.53827270589316e-05,0.0480891119656564,5.79784238193967e-05,9.15976892599207e-05,0.00821263208859211,0.00369067713034688,9.64318766854733e-05,9.31425503099259e-06,9.20799468350994e-05,0,0.00885616482529199,0.000928286764550909,0.0185109492516849,0.000400262880396486,0.000101435425220416,0.00160165428562334,0.0075346890297513,0.00514135320463368,6.76803354879574e-05,0.0015351078404997,1.94111637441411e-05,0,0.000122236548678016,0.00158093452454065,1.90954735728106
