0,0.0037988651057282,0.0261151548340928,0.00300792830420158,0.00131383982110746,0.0265304856767643,0.933496258818646,4.94212930689298,0.0329089513887724,0.0070908616754485,0.00350724212052172,0.000218840303062108,0.000619316648008066,3.79814772483542,0.00255145979010867,0.00266151676150433,0.0595842235270266,0.000129169350009582,0.00363684796201064,0.00273760729553855,0.0124562052806542,0.00988073555381663,0.0340655323386642,0.0315709353783677,0,0.00360222394966655,0.00929232039952075,0.0374242500526167,2.71480979790858,1.74696262169987,0,0.00840750357181371,0.216188243975599,0.168186079772366,0.00122555833897307,0.0700399873439895,0.0514559762852679,0.175828618872893,0.0660263375864685,0.135539786512865,0.0636833798491387,0.00207032310451243,0.00197833207502708,0.000418589358119463,0.00109691250832355,0.00155213890587791,0.00262379631103973,0.00116145439763941,0,0.000479316963072489,0.000279249834690819,0.000130391425112562,0,0.00019768083268192,9.7854259295399e-05,0.00207804411457351,0.000503811048499926,0.00410246298468905,0,0,0.000301405600425103,0.000211611616891233,0.000989537522192753,0,0.00476310182757539,0,0,0,0,0.00198405699928112,0.000677309690598894,0.000575518609587726,0.0139179107815477,0,0,0.000268826248028116,0.0077051875697133,0.000545254109824865,0.00130446664050908,0,0,0.000264450447765113,0.000233865015641928,0.000518889108889355
0.0037988651057282,0,0.176343689348672,0.00229426533693128,0.00618581330043876,0.00353267843817623,0.0463583067039719,0.00421746791487536,0.125155394466614,0.00141050376490734,0.0410957090712577,0.00016817324316791,0.304646556584788,0.000856220344047964,0.00516030527062511,0.65785336659131,0.178557064186994,0.00754465579949333,0.0336024492924391,0.00018786785948796,0.0409717159301292,6.38305217795082,0.0699226414802231,0.259300711891601,4.44897300862315,0.259097979778497,1.32256590059161,0.0650814738582681,0.00333928140433739,0.0127396859823081,0.00149769551888607,0,0.00215707717558671,0.126658181145769,0.0012200089175978,0.072338714464584,9.74211980676177,0.221946334012321,0.106260139333681,0.0358612008521809,0.0312620033893451,0.146542402331149,0.0131658362526625,0.0645786828862888,0.0248058197480001,0.021669603343785,0.00878410471817869,0.000185059990080116,0.0146684551683407,0.000677233647937859,2.18582940244525,0.0620342137771557,0,0.00198965220039069,0,0.00142018365612169,0.000295464518229931,0.00522366899338671,0.00024647606360483,0.00663247090972225,0,0.154815741658691,0.000256441815295035,0,0.0221878558484913,0.0189114238883546,0.00035329007370706,0.00894415418665266,0,0.000501376261911499,0.190757955353581,0.0067167133661992,0.00375733617866303,1.18581034323951,0.0315829413863255,0.325564364350801,0.00301821283021058,0.000169863582689833,0.000319142069388643,0,0,0,0.0178434249121048,0.000487790462510871
0.0261151548340928,0.176343689348672,0,0.000821240473672345,0.00451281994783365,0.0102802579158165,0.120742482865083,0.0561891781468397,0.00429858101358561,0.00159992962253155,0.0125423985069897,0.000280139882196067,0.00475133822483111,0.018889465068795,0.00216003224682478,0.01392394567333,0.639950945673453,0.00724658670045877,0.0934728552994855,0.000106733988751999,0.267583909782959,0.0524107661537831,3.57889017104254,0.00770126444121978,0.00524366043720259,2.83861008716964,1.78853054724887,0.0879062256114766,0.00927624735263129,0.130119615383337,0.000238516702225945,0.000581604960524874,0.00251725026728268,0.302865308297342,0.00102034305077301,0.109811593270855,2.50085923013307,0.345969873674965,0.138484683895405,0.0303121365542663,0.0255850008207629,0.00195423786782784,0.00110709009210683,0.00107950949832865,0.00178787412681576,0.00201077829677639,0.00807342633755951,0.000167877726818732,0,6.09603933534367e-05,0.0341128233574229,0.00735931251053007,0,0.00140490337644516,4.00020522412653e-05,0.000812348017150727,4.19989694794357e-05,0.0011230715841174,0,0,0,0.0014155209515164,0,0,0.0024283027188013,0,0,0,0,0.000549411704912818,0.0205729635715767,0.00232107142167616,0.00390646249298766,0.00285308038265269,6.59917572694742e-05,0.0425654913135595,0.00225332788533236,0.000344132543358377,0.000356666786745764,0,0,8.30652271203835e-05,0.000429804911050963,0.000526733344073819
0.00300792830420158,0.00229426533693128,0.000821240473672345,0,0.00147065484092836,0.0521323128342536,0.117474225529907,0.0221253642314178,0.666298814519168,2.6878764347256,0.000220773998736712,1.38221004633162,0.000281229498650948,0.0162808092583421,0.0449225330473086,0.000739411801847667,0.000244535478184571,0,6.06306783050847e-05,15.8070142138019,0.000886831610371188,0.00316693295435797,0.00155001620578317,1.88236820633757,0,0.000207640917202461,0.00136675468061711,3.26193722737143,0.0218037509184398,0.00250631978036634,0,0.00157658725772155,0.00185413381985974,0.0110126665516869,0.000941140025783929,0.0764688850659942,0.00546855385429595,0.0379478721178413,0.0228242809935317,0.324973893701162,0.0126278274536642,0.000698224981214135,0.00177949461771953,0,0.000911888531134717,0.00153606237826521,0.0114484465231075,0.00100140316518845,0,0.000871383163065184,0,0,1.50888098898102,0.000357456887707316,0.00142854514694692,0.0291597774375132,0.00171875231964068,0.0727509650394127,0.00121264848898613,0,0.145193700594465,0,0.00169266837561779,0.00242054926787701,0.000882977646812846,0,0,0,0.0927641965998086,0.000248911662230586,9.35145054358141e-05,0.000194347066439652,0.0714898986564256,0,0,8.10583686811411e-05,0.0368783472048153,0.00221263864832425,0.00169502954476777,0,0,0.000555593085173082,0.000805672366005424,0.000443936605856673
0.00131383982110746,0.00618581330043876,0.00451281994783365,0.00147065484092836,0,0.066650934910174,0.0051747758823487,0.00198206155416159,0.00433789242537442,0.000743161322312026,0.0906759532366002,0.00674086305007598,0.000886660174616249,0.00105950948258689,0.705088669562274,0.0148744244548424,0.000250075157807072,0,0.00164526881668051,0.00157798789154344,0.0174797293630494,0.00145337896895582,0.0202474973293299,0.00370588041728511,0.00013341828005799,0.000451864891862157,0.0079541270745094,0.00634548339979579,0.00813278607989082,0.00642312903391119,0,1.77522433520003,0,0.145805208743307,0.1081492605101,0.0531651262220204,0.130915491154358,0.083797080717061,0.0571036636899062,2.45937267716446,3.20724542234823,0.00856127081721296,0.0784786447117483,0.083231454921174,0.0766971616476111,0.254300990273628,0.736778774840842,0.0121552412062213,0,0.000178735714702867,0.00131974322838538,0.00229314926987125,0,0.0768708780314263,0,0.000105375444277261,0.000309371770323791,0,0,0.00479058784262574,0,0,7.30024103679922e-05,0,0.00719652846539362,0,0.00194361127715172,0.00729586336489975,0,0.00504063128324673,0.000409303840064303,0.00954423465034335,0.000721535149228099,0.00426628854598299,0.000711453423382916,0.00722062796127529,0.00103839087876245,0.00026788037662695,7.33692609269716e-05,0,0,0,0.00258081456478003,0.0517457096649215
0.0265304856767643,0.00353267843817623,0.0102802579158165,0.0521323128342536,0.066650934910174,0,0.532065111966777,2.21540352877376,0.0203367483448057,3.7940423295498,0.000609012848905707,2.60603814379551,0.00143649346315287,0.0656763090565597,2.21861928452905,0.00225223440737081,0.00230369427720764,3.94677931099454e-05,0.000466668566035838,0.393635123219854,0.00618649727808864,0.00293043673432086,0.0191554885164174,0.0409116374510147,0.0002339185269889,0.00119996532606194,0.00850762837188534,0.13158744155506,0.0463182396672167,0.0235742909667902,0,1.0050339858028,0.00462471958097143,0.157027164695531,0.000962811544037233,0.0358847506824563,0.0153599017541927,0.0722820741183572,0.0183038690617977,2.43714870374694,0.279755011487531,0.000381275555028502,0.00107620323500289,0.000109574495446653,0.000339845339087195,0.000337810456122252,0.00164392813742235,0.00023280385540342,0,0.000333824816127534,0,0,0.00161343945659801,0.000178551093044447,4.9632222624111e-05,0.0046694255622958,0.000398530840354209,0.00363038916165067,0.000486680015171011,0,0.00397867126069164,0,0.000419159457782124,6.59522544863376e-05,0.000990001460893931,0,0,0,0.000350025099241603,0.000190185559784672,0.000729256398612685,0.000256121174551291,0.0120326189816198,4.1391103426451e-05,0,0.000368786764299967,0.00821516939105845,0.00100954726793448,0.000286021208759762,0,0,0.000280560274685107,7.48176740845014e-05,0.000691901744464706
0.933496258818646,0.0463583067039719,0.120742482865083,0.117474225529907,0.0051747758823487,0.532065111966777,0,0.927199077076931,0.227914419831739,1.40258781254723,0.00382868704602319,0.0286646366831435,0.00317650334859846,1.13220905348557,0.0227625050871402,0.0358376183994061,0.0237048272208477,5.70184923279356e-05,0.0018249927606027,0.0219546746212512,0.0800160620230293,0.0341113899569379,0.30365269436273,0.568250030644819,0.00107335263394404,0.0146246149985133,0.109630083143487,3.64836382923578,0.276955315004724,1.29086248467036,6.01203131411236e-05,0.00886872202406608,0.0181546105547374,0.124495498065919,0.0103702854002111,0.302984718038337,0.162709132571837,0.248689794539816,0.146133534043429,0.525855451540883,0.0673472271890207,0.00366363827904322,0.0146495092425168,0.00111813204150027,0.0103993765804005,0.0087593967452704,0.0284349786098955,0.003177260804816,0,0.0034527843552208,0.000365045911429307,0.000460396007826359,0.0180110904913831,0.0033041667419281,0.00181571047357739,0.0800957059147306,0.0070582555790106,0.0517366385975591,0.00222833625649823,4.28276308119856e-05,0.00877869946415855,0.000147451162330503,0.00589181682960171,0.000466657065721466,0.0136659167572882,4.8115097101736e-05,0,4.09300879102247e-05,0.00829545088527845,0.00370362483338586,0.00577300511041489,0.00358944733336614,0.21863087686991,0.000546107239523651,2.21086485614037e-05,0.00573792941329056,0.12264161976737,0.0106001885336797,0.00937766774703406,0,0.00072738646241142,0.00431115915398006,0.00533372613063023,0.00589979684546616
4.94212930689298,0.00421746791487536,0.0561891781468397,0.0221253642314178,0.00198206155416159,2.21540352877376,0.927199077076931,0,0.0124519797024823,0.453484072161464,0.00167216084937833,0.088563493579262,0.000894964122289055,6.05496159883279,0.013140639106631,0.00277456770485685,0.0491426371091845,0.000100378680667009,0.00222891087978826,0.0641443204013289,0.0213784501203391,0.00380538885463719,0.0841883396316751,0.0294764350509951,9.08081489374036e-05,0.0070304610298504,0.0222819271975081,0.0971785330088454,0.0925821929766356,0.397166488704443,0,0.0229570949833886,0.00706868635664759,0.170014984881128,0.00255881505794987,0.0552715085973594,0.0549749272113029,0.12071981281801,0.0540298498099973,0.404608277658606,0.0834978648778124,0.00237808672592525,0.00246019913023316,0.000156509927645234,0.00098937832422374,0.00178203395597182,0.00471167204996144,0.000266611046855245,0,4.56399597194099e-05,7.55623591998213e-05,0.000125670929726474,0.000288950302444545,0.000570519835521335,0.000105712276856707,0.00346924554069149,0.000409594890089461,0.00175556189642168,0,0,0.000495239586584764,0.000104201006041997,0.0004072482286766,0,0.00167548945244125,0,0,0,0.000639764878362799,0.000658362808663635,0.000502925393429817,0.000573588870379544,0.0131270531277805,7.99446812449912e-05,0,0.000946766324377711,0.00635666542721627,0.000680761429964987,0.000529747092251637,0,0,7.56781089967995e-05,0.000147571773437506,0.00166515578070292
0.0329089513887724,0.125155394466614,0.00429858101358561,0.666298814519168,0.00433789242537442,0.0203367483448057,0.227914419831739,0.0124519797024823,0,0.0942482183112892,0.000786758902095069,0.650413403361814,0.00408659150594992,0.0104513446626717,0.728350845014408,0.0271044487211109,0.00231593090347475,0,0.000305172858068525,0.557808447717816,0.00949589833913334,1.56996091991791,0.00979387873303994,5.01717413357597,0.0310909075954791,0.000718592276359881,0.00764350216395875,0.406001384000658,0.0449951529855993,0.134492972752459,0,0,0.0389584964797735,0.0245372569372447,0.00181511604733353,0.100846051057783,0.0875614371563306,0.0629536155933226,0.0566088784724522,0.697158319446072,0.0179018907618509,0.010607766852782,0.025917941599549,0.00500843202536973,0.0160251414773012,0.0154660901244551,0.0437955740579741,0.00821418309658778,0,0.0101686592128264,0.033165837450083,0.0037937612786462,0.0205746657173144,0.00152498635993748,0.00156907792828282,0.0759850221890971,0.00598258821946237,1.20879713848,0.00317725008067143,0.000556004334944698,0.0147140842682757,0.00893481832126376,0.00912733156486975,0.00163636121774176,0.323148554250691,0.000702322387391065,0.000623102443152983,0.000234771550754659,0.0118347411548695,0.0300274425465609,0.295261095024523,0.0281971642191512,0.40200556463357,0.0440740851769642,0.000655639375662659,0.00907495579558113,0.120629688860339,0.0172825506985653,0.028668865350887,0,0.00100130992369393,0.030391987144345,0.00749685861227309,0.000920016880022115
0.0070908616754485,0.00141050376490734,0.00159992962253155,2.6878764347256,0.000743161322312026,3.7940423295498,1.40258781254723,0.453484072161464,0.0942482183112892,0,0.00108329078853673,2.15691818406097,0.000619430577854568,0.259184928429677,0.0250882042923719,0.00129229525807135,0.000379942690709387,0.000152765723840669,0.000482783934204547,5.55563945372672,0.00252540989826123,0.00169829478858704,0.00357682341764182,0.128087342866147,0,0.000423898816022406,0.00340687580906218,1.26037117809718,0.0590849309981818,0.00316489343254754,0,0.008390212948233,0.000865705447114146,0.0543743652923544,0.00175233227662465,0.0587043364492892,0.00565189408314892,0.081374182991195,0.0259718816435193,0.942257325401903,0.0357205214485998,0.00149832121607879,0.00125664821318159,0.000164477017470104,0.00117307770452291,0.00134566282201443,0.00429870348900667,0.000205786531434826,0,0,0,4.42758844522908e-05,0.0891247227570455,0.00053984269549576,0.000939203119661577,0.0159333730121144,0.000675743005109322,0.0221377025111788,0.000870930508713812,7.53893522348543e-05,0.00874978647252049,0,0.000794380957660598,5.67098682020106e-05,0.000741605192677134,0,0,0,0.0225183282055881,0.000256432602080659,8.48415572052572e-05,0.000115330298653699,0.0341653290864308,0.000138193187352422,0,0.000107951909828324,0.018308971779234,0.000722754661116803,0.000505475409034523,0,8.35247254444154e-05,0.000110990365086248,0.000679549023677034,0.00099600766402094
0.00350724212052172,0.0410957090712577,0.0125423985069897,0.000220773998736712,0.0906759532366002,0.000609012848905707,0.00382868704602319,0.00167216084937833,0.000786758902095069,0.00108329078853673,0,8.49387222056361e-05,2.56642941622926,0.00396770521960598,0.000434597145060031,0.0032666580167548,0.20788951691065,2.38912432032792,1.15939583933986,0.000143490102308022,0.00195537459493244,0.00405771613363102,0.00704380393853287,0.00178737327268187,0.393836497000943,1.94117122299343,0.0526810831691118,0.00229275712365655,0.0353996881970244,0.00338355390664842,0.118653585881814,0.0350411710318886,0.00528824734224369,5.07089716234148,0.000544432937377783,0.11081101436764,2.38608198100511,3.83863100628137,0.386026133615273,0.015770217035787,0.035348857160283,0.490614402459064,0.000575424366206112,0.00308474545637417,0.00134181051591969,0.00055512996423359,0.00795743564602976,0,0,0,0.003937810866604,0,0,0.000167680897638143,0,4.91857382065636e-05,0,0,0,0,0,0.00584461855299012,8.37560376191976e-05,0,6.32890861185617e-05,0,0,0,0,0,0.00119801923116505,0.000138241921246329,0.000273230182306943,0.0233421355889382,0.000315174887373175,0.00238986627286606,0.000234534695053526,0,0,0,0,0,0,0.00044631661305916
0.000218840303062108,0.00016817324316791,0.000280139882196067,1.38221004633162,0.00674086305007598,2.60603814379551,0.0286646366831435,0.088563493579262,0.650413403361814,2.15691818406097,8.49387222056361e-05,0,0.000103783151304948,0.0112290919493406,1.71204464290457,0,9.4983975350937e-05,0,5.12386086855745e-05,17.4238786367154,3.67071639586498e-05,0.000617213535496576,0.000220709871481529,0.218116795621878,0,2.51691271423117e-05,0.00026243462462445,0.16772237393465,0.00606803857073649,0.000248318634041545,0,0.00332450029571097,0.000380962940179991,0.0119837809855192,0.0176021780123917,0.0991588610833713,0.000648593401710554,0.00649996686413754,0.00228911580297474,2.44530388368278,0.0101703117645023,0.00058355727668527,9.49477279793484e-05,0.000170156145327892,0.000168958288029719,8.16801509155446e-05,0.0023342327448882,0,0,0.000130910895097897,0,0.000158126401174959,0.00689776930182614,0,0,0.00425928976006281,0.000315689833109032,0.016326637562298,0.000843093707059765,0,1.12073980930902,0,0.000499942397807519,0,0.000345541295718423,0,0,0,0.00272020535896172,6.18341324496946e-05,0.000177563021502688,6.53996739019259e-05,0.0123428577421361,0.000306379726695692,0,8.53145968791359e-05,0.00866200397891839,7.03807985219925e-05,0,0,0,0,0.000285157750592556,4.2081388990552e-05
0.000619316648008066,0.304646556584788,0.00475133822483111,0.000281229498650948,0.000886660174616249,0.00143649346315287,0.00317650334859846,0.000894964122289055,0.00408659150594992,0.000619430577854568,2.56642941622926,0.000103783151304948,0,0.000988071071350653,0.00807776549937832,0.00787568590692297,0.0122146287576773,0.0259404707647431,0.0691083772119288,0.00036515536936612,0.0031662992821575,0.0321377711788984,0.0105315124181056,0.00410088576224017,2.2865987212376,1.12716588397231,0.245967213093699,0.00550163185055241,0.00168794727793167,0.00482115754091344,0.236141510732339,0,0.000150078925338748,0.092020755040267,0.000569856415612481,0.464150326263499,1.98296011731874,0.996031723814695,1.04800517488192,0.109712154706295,1.06094054150363,1.07952499230491,0.00796090058461274,0.0294542419717825,0.00350181879399972,0.00500867044271455,0.00660180820801065,0.00393021983147385,0.0281513149908909,0,0.0170071079738245,0,0,0.000200578541750263,0,0.000130769599993899,0,0.000142115932422481,0,0.0393589180885503,0,0.392904947182169,0,0,0.000442406854085914,0,0,0.000316766372253585,0,0.000137446401752039,0.00302721117056825,5.75442525542012e-05,0.000633057397084571,0.0751001765571683,0.00163836114155687,0.00484021949605004,0.000127806557188367,0,0,0.0020739291270825,0,0,7.43471179177743e-05,0.000450994500707073
3.79814772483542,0.000856220344047964,0.018889465068795,0.0162808092583421,0.00105950948258689,0.0656763090565597,1.13220905348557,6.05496159883279,0.0104513446626717,0.259184928429677,0.00396770521960598,0.0112290919493406,0.000988071071350653,0,0.00293320081288007,0.000400864014599082,0.0256795557675115,0.000391394622856628,0.00238459782533868,0.020912357257822,0.0109883872622771,0.00279977693984654,0.0320751897037053,0.0267689175257755,0.000100961379923509,0.00299961038198368,0.0099095572265626,0.0645524244686391,0.518050411489968,0.221374788308288,9.52377730003336e-05,0.0863373998400462,0.0218869862558805,0.180292786252834,0.00120129172727916,0.0405829260480396,0.030019276663372,0.132951605542146,0.0307245609049924,0.384421764482703,0.0409722226132217,0.000983254146350601,0.00163119336146715,6.82436517695671e-05,0.000553592600383016,0.00186962966529608,0.00173669690060623,0,0,0.000476785769130897,5.67034894432418e-05,0,0,0.000808294855805282,6.51997776127955e-05,0.00259712701889807,0.000460057652687178,0.00175367697862985,0,0,0.000146673904463015,0.00027144768157524,8.34820438430492e-05,5.52236787989542e-05,0.0013758126456547,4.59207578784929e-05,0,0,0.000250026913229961,0.000687799456666586,0.000273518556304457,0.000394919114799024,0.0087401963229893,0.000289194406103289,0,0.000415718987462643,0.00483158782501316,0.000562731131011023,0.000649511610670006,0,0,0.00042931355094426,0.000230221260403701,0.000551929871692269
0.00255145979010867,0.00516030527062511,0.00216003224682478,0.0449225330473086,0.705088669562274,2.21861928452905,0.0227625050871402,0.013140639106631,0.728350845014408,0.0250882042923719,0.000434597145060031,1.71204464290457,0.00807776549937832,0.00293320081288007,0,0.0171549373075096,0.00176489921422724,0,0.00186563397454134,0.0900326862970944,0.01603119645675,0.0118057836686347,0.0175588671795704,0.105591534016834,0.000936941632008626,9.08252041344759e-05,0.0041140494940028,0.0310941798083049,0.00134011741651904,0.00816425996036176,0,0.0124950196616981,0.000265971519686561,0.00732713417616116,0.0381605946325305,0.275433640473956,0.0633669664727305,0.0416166158686291,0.0558752531032114,8.34173117142889,0.0191731109142984,0.028248920549522,0.0638421755725472,0.0561850758251824,0.0560944027184439,0.105974490867513,0.0818367427472196,0.00525697390189789,0.00441132300777175,0,0.000604167945175314,0.00295003114899959,0,0.0289794551427436,0,0.000974802053926763,0,0.00399881360470376,0,0.00264610098219449,0.000451565306454397,0.000580625310236183,0.000690249276406718,0.00227591591733774,0.00762887750997327,0,0.00013170093901929,0.00104895819109626,0,0.00224121640440292,0.00317842606949585,0.0039790767544582,0.00460274785739528,0.00240315842100599,0.000749308590392419,0.00660171231186052,0.00250074075712083,0.000606590355441092,0.000733670454075637,0,0,0.000387606538874462,0.0027767569452005,0.0640952949930099
0.00266151676150433,0.65785336659131,0.01392394567333,0.000739411801847667,0.0148744244548424,0.00225223440737081,0.0358376183994061,0.00277456770485685,0.0271044487211109,0.00129229525807135,0.0032666580167548,0,0.00787568590692297,0.000400864014599082,0.0171549373075096,0,0.00687683378450509,0.000831175970889967,0.0019172489905211,0,1.53453311795496,3.05235380544247,3.89024041180696,0.71541342924714,0.0486255224966498,0.0061026974479164,1.00873818797411,0.607991979757498,0.00559278591173839,0.0431361410404672,0,0,0.00509621782159073,0.128649551633118,0.0123962797973579,0.312138953795563,0.871847473670522,0.350757081812283,0.296800468925462,0.161265169447315,0.153956715318516,0.0213153720290626,0.0242783332008918,0.0133386801182091,0.0130512491445361,0.0244575793053698,0.0351519406996621,0.00363362643686633,0.000766115753718447,0.000405864178472139,0.0231657353054676,0.0033408006001819,0.000112433645449258,0.00575135642689706,8.8209630267907e-05,0.00163580363888237,0.000475857120246395,0.0677442849948486,3.27975642330813e-05,0.00110784360571035,0.00104826888246781,0.00613027184602183,0.000950190068391904,0.00247733316783332,0.810946363232395,0.00216566554188449,9.43970654222748e-05,0.000459170677542175,0.000411230987083823,0.0630392898826736,0.479085071249777,0.123724344310334,0.0561127451562176,0.0418756455274915,0.00176064979775812,0.0892047349323543,0.0273511734662769,0.00106922355838636,0.00649173744710326,0,0,0.00444885036917186,0.00342077130594129,0.00522010881179557
0.0595842235270266,0.178557064186994,0.639950945673453,0.000244535478184571,0.000250075157807072,0.00230369427720764,0.0237048272208477,0.0491426371091845,0.00231593090347475,0.000379942690709387,0.20788951691065,9.4983975350937e-05,0.0122146287576773,0.0256795557675115,0.00176489921422724,0.00687683378450509,0,0.240935960560032,5.12042694316586,6.53521238736061e-05,0.224519106771742,0.014660485987509,2.26183282172316,0.00422986975289096,0.0131238563710349,1.26329830973065,0.628183581424308,0.0369954573188582,0.0254709646717221,0.151545210927744,0.000769063001562985,0.000131185892363359,0.00730414857818402,1.1478332326277,0.00134266869273738,0.151945786839393,2.19442410530773,0.570782432646577,0.169379629320775,0.0195917169089896,0.0209561043554129,0.00211479828270053,0.000350524019489437,0,0.000341003466751014,0.0012485344207569,0.00631243862744713,0,0,0.000513767037760369,0.00241553541678573,0.000820625758728925,0,0,0,0.000441517993371109,0.000235159523179052,0,0,0,0,0,0,0,0.00169625208690127,0,0,0,0,0.000239418384702667,0.00332779679486837,0.00087828640527528,0.00137008126949707,0.000165079046398233,0.00010017250895682,0.00433036994419707,0.000703692520154385,0.000128862312531212,0.000177964353613627,0,0,0.000295995854241254,6.18167846018645e-05,0.000249535333466709
0.000129169350009582,0.00754465579949333,0.00724658670045877,0,0,3.94677931099454e-05,5.70184923279356e-05,0.000100378680667009,0,0.000152765723840669,2.38912432032792,0,0.0259404707647431,0.000391394622856628,0,0.000831175970889967,0.240935960560032,0,6.54419596700425,0.000162420041315881,0.000163068123978424,0.000530854161632122,0.000490196046057039,6.69675366795491e-05,0.0458912327067854,2.18339494753829,0.0147268653062501,9.28992646049634e-05,0.00114045417818883,0.000220381544357703,0.00471484189148119,0,0.000209006615419383,0.103158672116587,2.64725526816396e-05,0.0164847917426943,0.232941649382499,0.215942172107123,0.0234085301187139,0.00180451637835939,0.000794828906599265,0,0,0,0,0,0.000523342417131822,0,0,0,0,0,0,0.000877883965119536,0,0,0,0,0,0,0,0.000803495298046216,0,0,0,0,0,0,0,0,0,0,0,0.000520474900599121,0,2.98841610938036e-05,0,0,0,0,0,0,0,1.35281928921996e-05
0.00363684796201064,0.0336024492924391,0.0934728552994855,6.06306783050847e-05,0.00164526881668051,0.000466668566035838,0.0018249927606027,0.00222891087978826,0.000305172858068525,0.000482783934204547,1.15939583933986,5.12386086855745e-05,0.0691083772119288,0.00238459782533868,0.00186563397454134,0.0019172489905211,5.12042694316586,6.54419596700425,0,0.000155650431711703,0.00888890994984232,0.0050286434461967,0.0236459771429154,0.000993871402497162,0.139914767303021,3.94877524696412,0.216574700508805,0.00234718257055835,0.0101782600713909,0.00391995251658224,0.00331369080471522,0.000537681028246359,0.00108053458912576,0.84736548313758,0.000766316260221066,0.117604925584006,1.76236360234126,1.37248968069996,0.153749835131949,0.0122873433441915,0.0158160294557424,0.000632339251152164,7.74927617743326e-05,0.000162595819952701,0.000939882550414606,0.00222656060629577,0.00641728179369161,0,0,0,0.00210955567943961,0,0,0.00229628159912364,0,0.000187910265135219,0,0,0,0,0,0.000847549179513888,0,0,0.000509354131131588,0,0,0,0,0,0.000309168639756503,8.81018551752164e-05,0.000210136549505299,0.00425233585744455,0,0.000715702632500577,4.47366046989733e-05,0,0.000124019079793791,0,0,0,0,0.000125715134755731
0.00273760729553855,0.00018786785948796,0.000106733988751999,15.8070142138019,0.00157798789154344,0.393635123219854,0.0219546746212512,0.0641443204013289,0.557808447717816,5.55563945372672,0.000143490102308022,17.4238786367154,0.00036515536936612,0.020912357257822,0.0900326862970944,0,6.53521238736061e-05,0.000162420041315881,0.000155650431711703,0,0.000502255077657292,0,0.000397679190980577,0.670504001288909,0,3.75340495161933e-05,0.000254537966680824,0.800816397987259,0.0120609898471169,0.000573286022662835,0,0.00532002667335007,0.00022699035081891,0.0146873876337868,0.000217156966156987,0.085518198553943,0.00197185618638634,0.0242124226669541,0.0110654435587649,0.779111667224216,0.0182179300506038,0,0.000878389133835065,0,0.000928258432441051,0.000234088695370033,0.00434306995198784,0,0,0.00134838533155625,0,0.00035621132400392,0.217297124132465,0.000677423776645897,0.000447442420510421,0.013900050227141,0.000816147108773993,0.0557502239080554,0.00196426338052025,0,0.313479684559153,0,0.000458686960252053,0.000869396806222299,0,0,0,0,0.0303324957465573,8.08565265990411e-05,0,0.00030135997906789,0.0483817473206294,0,0,0,0.0222087087235437,0.000653645639041582,0.000627450120560442,0,0,0.000496338886985456,0.000552829775440702,0.000127276730189523
0.0124562052806542,0.0409717159301292,0.267583909782959,0.000886831610371188,0.0174797293630494,0.00618649727808864,0.0800160620230293,0.0213784501203391,0.00949589833913334,0.00252540989826123,0.00195537459493244,3.67071639586498e-05,0.0031662992821575,0.0109883872622771,0.01603119645675,1.53453311795496,0.224519106771742,0.000163068123978424,0.00888890994984232,0.000502255077657292,0,0.188684351036366,5.42645779543254,0.0781676674310233,0.0035535452142384,0.0257068790334804,0.150186262280046,1.06551287863084,0.0292441117611278,4.69308883647559,0,0.000625414858617692,0.0158642157235785,0.543816085501865,0.0215522123426784,0.610309342340465,1.14582751642638,0.586047477114716,0.303583536401943,0.172401681925594,0.0954700566318096,0.00464794744637655,0.0135900326418483,0.00239174238530815,0.00718064860590303,0.015010967918316,0.032177087292818,0.0019841740940437,0,0.000550923661717488,0.0016068182219933,0.000990524369786847,0,0.00974267345432326,0,0.00173638196214061,0.000530387235002633,0.013545814438473,3.17254220824868e-05,0.000231309376480892,0.000195884981222083,0.000397084964130188,0.00102804907747955,0.000661116933709923,0.125355242488898,0.000401679118621785,0,3.47631356623303e-05,0,0.0379692418032956,0.043059903062923,0.015858261017354,0.0410085722214334,0.00128944504442144,8.26188517660028e-05,0.013281795085016,0.0255042828464566,0.00103670590368603,0.0057906121218688,0,0.000156460501691921,0.00194365397116831,0.00192846914705343,0.0107162370377147
0.00988073555381663,6.38305217795082,0.0524107661537831,0.00316693295435797,0.00145337896895582,0.00293043673432086,0.0341113899569379,0.00380538885463719,1.56996091991791,0.00169829478858704,0.00405771613363102,0.000617213535496576,0.0321377711788984,0.00279977693984654,0.0118057836686347,3.05235380544247,0.014660485987509,0.000530854161632122,0.0050286434461967,0,0.188684351036366,0,0.224390603111704,2.31217042943337,0.5514535612134,0.0215488023249645,0.601584033997957,0.222421869501665,0.0122455987930326,0.0596245345055226,0,0,0.0125379726967644,0.0629366004107373,0.00109803263644141,0.0660022889888476,0.840628467546009,0.116494037304686,0.0730175571845323,0.048807307067713,0.0256622196629698,0.0136314997549483,0.045138913821512,0.0458196195513852,0.0249823384683489,0.0382828521480255,0.0179145928297884,0.00949421260192533,0.0108398693004692,0.000284179892817189,0.403336395220625,0.0388479870305384,0,0.00117657517798052,0,0.00395207043017249,0.000311831366124476,0.0886462856158597,0.00017693916174515,0.00254936004350956,0.00102491355975353,0.0735543133473925,0.000995584315055778,0.000177005189875047,0.752116638281494,0.00595966446858639,8.94690873758791e-05,0.00473758073594758,0,0.0306165778363099,0.903581385893309,0.1801327502791,0.0500142718074274,0.551503089671774,0.0111428435431407,0.405889203017392,0.0163521635674789,0.000841161231066468,0.00290868728743675,0,0,0.00289357884459709,0.00926691819296456,0.000810681329964766
0.0340655323386642,0.0699226414802231,3.57889017104254,0.00155001620578317,0.0202474973293299,0.0191554885164174,0.30365269436273,0.0841883396316751,0.00979387873303994,0.00357682341764182,0.00704380393853287,0.000220709871481529,0.0105315124181056,0.0320751897037053,0.0175588671795704,3.89024041180696,2.26183282172316,0.000490196046057039,0.0236459771429154,0.000397679190980577,5.42645779543254,0.224390603111704,0,0.0521652055491045,0.00466671512805011,0.293564157740711,1.589971790586,0.967284236886728,0.020048951319737,0.55883898093488,0.000131590708652026,0.000393079998765034,0.00458464776587859,0.506814007318808,0.0316292626923102,0.587610664358579,3.08628365094751,1.00053493291684,0.625019816159421,0.326545487497481,0.220841671908291,0.0101145920490198,0.0134094275419343,0.00593291356266515,0.00804526527537232,0.0153292321171668,0.0497074350170454,0.00107954360686373,0,0.000533502320065731,0.00682601125360334,0.00325807141280004,0.000153396526795014,0.00860602069850558,0,0.0021750440051758,0.000298314224269397,0.00667841064802097,2.79208662974375e-05,0.000214494574253229,0.000127406706179695,0.00143718160678722,0.0008773989645116,0.000306083140229254,0.100394741697764,0.000105242566126921,0,4.29939270320152e-05,0,0.00662216505442482,0.0877274796171645,0.0344525781511911,0.0150593577329776,0.00419609956634148,0.000268704523600427,0.086859030181767,0.0084525590153922,0.000968152842916193,0.00153262812879499,0,0.000261464681063014,0.000402934963834409,0.000926761471788892,0.0126417612224243
0.0315709353783677,0.259300711891601,0.00770126444121978,1.88236820633757,0.00370588041728511,0.0409116374510147,0.568250030644819,0.0294764350509951,5.01717413357597,0.128087342866147,0.00178737327268187,0.218116795621878,0.00410088576224017,0.0267689175257755,0.105591534016834,0.71541342924714,0.00422986975289096,6.69675366795491e-05,0.000993871402497162,0.670504001288909,0.0781676674310233,2.31217042943337,0.0521652055491045,0,0.0428702172095687,0.00325352660062327,0.0444132998644797,4.39537570945441,0.115698949952355,0.265377014358634,0,0.00157794525306193,0.0281095024946139,0.0486662887376801,0.00641028724013007,0.247126123367956,0.153741569809319,0.118022373866643,0.0821010554183557,0.472032311940793,0.0274678148932837,0.00263014926738475,0.038507238172542,0.00372699656379508,0.0287112427053758,0.0173464579892971,0.0577353350885287,0.0110106623391484,0.000126222437505866,0.011152763174189,0.023023634247751,0.00204256834189617,0.0428957720322317,0.00154401303880227,0.00477375162318464,0.164123348926658,0.0158933167593243,0.218799404112297,0.00500648905596092,0.000873934707943918,0.0248196288468859,0.00519698253039137,0.0200308503122937,0.000854242112275684,0.145100901230451,0.000860302449503089,0,0.000622193534721505,0.025750757667166,0.0522744368830739,0.0501914135299524,0.0193071358955407,0.553668245125849,0.0192237635093327,0.0010913013857991,0.0122069275786953,0.304336388021286,0.0381699699292247,0.0472386520584819,0,0.000686078457114564,0.0185100726572151,0.0170211665583825,0.00380420311733564
0,4.44897300862315,0.00524366043720259,0,0.00013341828005799,0.0002339185269889,0.00107335263394404,9.08081489374036e-05,0.0310909075954791,0,0.393836497000943,0,2.2865987212376,0.000100961379923509,0.000936941632008626,0.0486255224966498,0.0131238563710349,0.0458912327067854,0.139914767303021,0,0.0035535452142384,0.5514535612134,0.00466671512805011,0.0428702172095687,0,0.988846213263576,0.89634019011556,0.00522953146806046,0.000756849465527664,0.00129015343089272,0.00916887153909017,0,0.000131212338826466,0.0246299789231344,0.000116173755288935,0.120486613293778,5.77903652803644,0.337263718879946,0.0342161387224994,0.00533071547477254,0.000530744411585756,0.44683490133124,0.0598538495274026,0.428163569317064,0.0137411891970722,0.0255670199482419,0.000826058107356012,0.0294625277374869,0.167123035670526,0,0.518963990169006,0,0,0.000611482119136128,0,5.71024668024993e-05,0,0.0031126281945419,0,0.145985507275069,0,1.61912233273021,0,0,0.00292172117844752,0.000202579463278042,0.00204071988042531,0.00577588770667695,0,5.61875901943097e-05,0.120407436602438,0.00065158780876382,0.00158420866938094,3.13590085089334,0.0361154632147382,0.0597493361633776,0.000191055571665281,5.98307179393428e-05,0.000146949677133936,0.00170170441448583,0,0,0.000698690937857207,0.000153262014833053
0.00360222394966655,0.259097979778497,2.83861008716964,0.000207640917202461,0.000451864891862157,0.00119996532606194,0.0146246149985133,0.0070304610298504,0.000718592276359881,0.000423898816022406,1.94117122299343,2.51691271423117e-05,1.12716588397231,0.00299961038198368,9.08252041344759e-05,0.0061026974479164,1.26329830973065,2.18339494753829,3.94877524696412,3.75340495161933e-05,0.0257068790334804,0.0215488023249645,0.293564157740711,0.00325352660062327,0.988846213263576,0,4.5970815100318,0.0112333274346006,0.0104486054751894,0.0151483616406995,0.0932211181703148,2.78629528754227e-05,0.00121791760430021,0.410986892941833,0.000727399078017496,0.11908589128155,2.67750656438568,1.02923252800603,0.11092920748708,0.0102732607465215,0.0101998640140923,0.00240336596783925,0.000341666778388266,0.00114377264470624,0.000400938880869087,0.000760595469680938,0.00222133097139096,0,0,3.29653393922897e-05,0.00982665718478729,0,0,0.000406617648776943,0,4.10257774096851e-05,5.17631763200972e-05,0.000251135083810302,0,0.000318930190997855,0,0.00784347368752221,0,0,0.000567373232639778,0.000286362684953068,5.40396640326488e-05,0,0,6.63866867916269e-05,0.00239247100781135,0.000378068618378592,0.00057897703679711,0.0170694352083727,0.000763642804305614,0.00447500056151789,0.000128392126071172,2.99040600387362e-05,3.14823434757264e-05,0,0,0,0,0.0005561134081263
0.00929232039952075,1.32256590059161,1.78853054724887,0.00136675468061711,0.0079541270745094,0.00850762837188534,0.109630083143487,0.0222819271975081,0.00764350216395875,0.00340687580906218,0.0526810831691118,0.00026243462462445,0.245967213093699,0.0099095572265626,0.0041140494940028,1.00873818797411,0.628183581424308,0.0147268653062501,0.216574700508805,0.000254537966680824,0.150186262280046,0.601584033997957,1.589971790586,0.0444132998644797,0.89634019011556,4.5970815100318,0,0.191336099608056,0.0105576556050416,0.050847275196776,0.000521810804692844,0.000387240556193273,0.00147023325284619,0.726257405788109,0.00830541477159286,0.322039423541826,2.27963831979783,0.860143394720523,0.262590126833854,0.0976079841155236,0.0635910877271771,0.00826841048101611,0.00740399543372673,0.00568488043782791,0.0057644836781662,0.00570785737052723,0.0230101774454672,0.000678839821801444,0.000256003305078815,0.000102973729175599,0.0646647037561206,0.0143482607264732,0,0.00323761581604357,8.05853478803124e-05,0.00151632546876119,0.000177190328277872,0.0040581880322768,4.67613514132173e-05,0.000856110786348085,1.68799686402453e-05,0.00835606820654736,0.000201512391176537,0.000150641844286575,0.0277740160997834,0.000981600437028952,0.000648520810002701,0.000253191582062827,3.7141676125574e-05,0.00178384140202559,0.0870531270480821,0.0295461007141725,0.00858802497846031,0.0505724818656369,0.00290591294616839,0.205247957627039,0.00433453575464402,0.000607974340453305,0.000742276643631079,0,0,0.000180903583147344,0.00169159476275196,0.00351482650588223
0.0374242500526167,0.0650814738582681,0.0879062256114766,3.26193722737143,0.00634548339979579,0.13158744155506,3.64836382923578,0.0971785330088454,0.406001384000658,1.26037117809718,0.00229275712365655,0.16772237393465,0.00550163185055241,0.0645524244686391,0.0310941798083049,0.607991979757498,0.0369954573188582,9.28992646049634e-05,0.00234718257055835,0.800816397987259,1.06551287863084,0.222421869501665,0.967284236886728,4.39537570945441,0.00522953146806046,0.0112333274346006,0.191336099608056,0,0.18517615880718,2.26853025818132,5.44011247134782e-05,0.00381087617073964,0.0508051570818458,0.175224965148842,0.0151034444520303,0.426603835887202,0.210136686157778,0.258040699406684,0.152480310291788,0.355068630024763,0.0522856216418115,0.00233776763296808,0.0347584013687154,0.00381782361556533,0.0226807776710212,0.0167207962238007,0.0510282514342887,0.00777781757010699,3.31528547206183e-05,0.0085857415285586,0.00250365946121969,0.00154570266485901,0.031040615453814,0.00642435530149616,0.00321790437365009,0.128308767254357,0.0133511315286384,0.102353706536958,0.00399004709590873,0.000138988256780534,0.0142803418342998,0.000925710267633542,0.0144208135330743,0.0011818660575861,0.0915942340021649,0.00103093166326448,0,0.000104537503718064,0.0133543072161465,0.0394346634395757,0.0227185491026396,0.0155307318962313,0.426532849305048,0.00290183740728414,0.000299518642751975,0.00889469507544465,0.263402578387732,0.0277880025447633,0.0405578856670701,0,0.000473152086332951,0.0154434478982725,0.0125237516896601,0.00810807562429715
