0,0.00064202569181282,0.122957300416977,0.151297294308631,0,0.00599580651135252,1.60620947891708,0.141544794922965,0.117011052848828,0.0568394760991091,0.000199817913474745,0.0146379396214779,0,2.94574746955293,0,0.00295266699304719,0.0401037807812604,0,0.00387295319432208,0.113207475366697,0.0428896682168036,0.00106753150766349,0.0933761230044413,0.151100670933319,0,0.0149131376355814,0.00345553357868133,0.135973718397905,2.56089069953152,0.923800618103422,0,0,0.0416845555475518,0.0429101044042859,6.72885469559514e-05,0.00380981348035545,0.00180233847735548,0.00986112490501648,0.00846598133780508,0.000382577916769688,0.000995263797457287,0,0.000493014064629,0,0.00148115805780719,0.00173229582716124,0.000149735560272774,0,0,0.00245872345665496,0,0,0,0,0,0.00432927491735309,9.93114497110318e-05,0.0190220193936912,0.000172847463533717,0,0,0,0.00154336366811003,0,0,0,0,0,0,0.000506315252832515,0.000251438704166822,0.000477970426475737,0.00674460766248087,0,0.000178033377978522,0.000126331060210462,0.0112627512031226,0.00141044617221373,0.00482573427414479,0,0,0.00235187442312904,0.00182898212348665,9.38813090144868e-05
0.00064202569181282,0,0.0470539263098253,0,0,0,0.000124367124065517,0,0.181239111339747,7.81422780597486e-05,0.00239576068745785,5.87374938930112e-05,0.00664049593130084,0.000224632836640597,0,0.0608243965436044,0.0102658741558685,0.000165271276402711,0.0141015140159961,0,0.000811902831080167,0.704543015955959,0.00378831074765536,0.0629027580596245,0.471795931291365,0.0416356831513778,0.767223328356158,0.000297657508855421,0.00104724509184847,0.000645054135739993,0.000790367396165854,0,0.000564124170024469,0.029220837811717,0.000228669893221026,0.0122351020143121,0.0404850250312633,0.0274114927030042,0.0132946721692119,0,0.000191968207712568,0,0.0203303615285459,0.0921678595497688,0.0175516154113282,0.0117902278901559,0,0,0,0.00358509950312486,0.463304172894239,0.108275451609558,0,0,0,0.00370772171268965,0.000476739517492282,0.0142456713080915,0.000184323657672429,0.0113233463781712,0,0.0208202921946211,0.00141141302757721,0.000119984440537686,0.015570763717065,0.0317208859837306,0.0134017134689229,0.0342112042372812,0.000189712983854127,0.00107194824758573,0.10124455952646,0.00350065595335281,0.00559540894674646,0.458504372134569,0.234946245152065,0.447603802124048,0.00334296793463467,0.00140392883272582,0.0048398619049655,0.0233196321821181,0,0.00256185085445944,0.00820497166824551,0.000467721475485301
0.122957300416977,0.0470539263098253,0,0.0255312902431758,0,0.000582159419662432,0.239668815219393,0.0017118104238717,0.0365526727188646,0.0044428645695786,0.00487767715290446,0.00134332590627652,0.000738667293336896,0.00959483143055973,0.000262788250064127,0.0507335768008466,0.781674634083828,0.000929046399743292,0.148265034419941,0.00155113683295412,0.121351609002263,0.0211012759886548,2.50412437069666,0.0848362097387908,0.000113587843209202,1.67696668950911,2.31838039074379,0.0842751060367481,0.0159692592704112,0.0238352595775987,0,0,0.00331184504147437,0.186260610453866,0.00307214331777137,0.114473253699718,0.440087334388824,0.209788038785169,0.105524336114965,0.000178571769674063,0.000634098290025358,0,0.00306538920879571,0.00372174082229841,0.00172993013913793,0.000705333792170649,0.000284296353259168,0,0,0.00104704004457368,0.0159584199305586,0.00488863712759417,0,0,0,0.00104995140682043,7.46452530405069e-05,0.00505203815427785,3.15472111570693e-05,6.12713167849558e-05,0,0.000137331674719864,0.000665161420027596,0.000587081708744762,0.00220413106702262,0.001370680458333,0,0.000562236918789847,0,0.00124185338043311,0.0126256459263557,0.000879778391864088,0.00788910724412028,0.00206860653069324,0.00347388702308109,0.0310573218432459,0.00712678701083434,0.001034235262577,0.00390908671343084,0.000194101493870457,9.65965911607983e-05,0.000207758167051722,0.00192021110234121,0.00130123827405169
0.151297294308631,0,0.0255312902431758,0,0,0.0117199090890791,0.184356704998009,0.00280757447245066,0.537283846635632,1.1671522157277,7.11492836735078e-05,0.919131975593339,0,0.0220019050150503,0,0.000270899513715672,0.00077006746039065,0.000116184543009101,0.000709976142429791,7.50866705493299,0.00192629037047049,0.00106997703291222,0.00602957500267701,4.77874588728141,0,0.000956426554568886,0.00123335890682228,2.52977288533429,0.0768440615571404,0.0270498248209,0,0,0.030343398711016,0.0210098212508721,0.000123586339057763,0.00281178569270177,0.00114259775980281,0.00900364671319193,0.00706813457217054,0.00898545889458542,0.000205637139984692,0,0,0,0.00024374311757535,0.00012004082582521,0,0,0,0,0,6.90765058987321e-05,4.11059241479841,0,0,0.000384445971425951,5.36986070849956e-05,0.00369093569399515,0,0,0.0205709698929596,4.91012638007254e-05,6.46666916903627e-05,0,0,0,0,9.40743719462346e-05,0.0035741560289755,5.78956343296223e-05,0.000373991902999263,5.41363597902338e-05,1.722946842955,0,0,7.40801714045356e-05,0.0016006400473048,9.93856588012119e-05,0.00060913260030545,0,0,0,0.000105562555170798,1.91867954983291e-05
0,0,0,0,0,0.00214215696047245,0,0.000774745659309222,0,0,0,0,0,0,0.0179416953165746,0,0,0,0,0,0,0,0,0,0,0,0,0,0.0027624909231641,0,0,0.000978839472514405,0,0.000993498420079659,0,0,0,0,0,0.246618451827732,0.07483027603404,0,0,0,0,0,0,0,0,0,0,0,0,0,0,0,0,0,0,0,0,0,0,0,0,0,0,0,0,0,0,0,0,0,0,0,0,0,0,0,0,0,0,0
0.00599580651135252,0,0.000582159419662432,0.0117199090890791,0.00214215696047245,0,0.151429999552406,2.50357609806859,0.00626675762064705,0.947070623785594,9.2028970876761e-05,2.52194029924419,3.32778008137104e-05,0.0130315134112308,0.714472901287383,8.11617398361296e-05,0,0,4.8722405372154e-05,0.0880732268110076,7.92098607229263e-05,0,0.000485473648930289,0.108466933876009,0,6.15669988531873e-05,0,0.024975313323634,0.0335588002136768,0.000756811208288571,0,0.0424117764674173,0.000889338782726834,0.0152355279566804,0.684530704020092,0.000659912978754357,0.000565447992833066,0.000721856620675342,0.00024954050103515,0.672563259153159,0.213288466955741,0,0.000936395553113028,0.00212073459103838,0.000302256820734724,0,0,0,0,0,0,0,8.77669102909897e-05,0,0.000304061762593493,0,0,0.000264172521935091,0,0,0.00119842350234184,0,2.82186679060909e-05,0.00286287923209506,0,0,0,0,0,0.00012534033518208,0,9.06053211112996e-05,0,0,2.24036579033761e-05,0.000343227759507675,0,0,0,0,0,0,0,0.0148766645274904
1.60620947891708,0.000124367124065517,0.239668815219393,0.184356704998009,0,0.151429999552406,0,0.153095786151485,0.0781210694624171,2.70151391870219,0.000210659035720545,0.0501884124977805,0,0.523540156575496,0,0.00204908883737633,0.0159535423431722,0,0.00121953359921066,0.111573201027826,0.103863729312069,0.000472237022361072,0.245694059771327,0.344116640948551,6.54003360344626e-05,0.00842901906565097,0.00630825060834085,3.77781163493742,0.147808333922711,2.61400825940801,0,0,0.0285452510527867,0.0339958839288934,0.000631883929121954,0.0118046130406996,0.00517128881065831,0.0210506441864458,0.0139177554738314,0.00148744166857339,0.000287267069402802,0,0.000177827967987853,0.000121938615446401,0.000730970692825435,0.000503928630653153,8.65462733676626e-05,0,0,0.000396774123777456,0,0,0,0,0,0.00194464141222599,3.23882499764679e-05,0.00751896493902537,0.000134706378808757,0,0,0,0.000761586978769817,7.37961286680112e-05,6.88346102206867e-05,0,0,0,0,0.000173301677082916,0.000555657820450176,7.1779697127848e-05,0.00303338527709062,0,0,4.64536101980192e-05,0.00867988796102681,0.000324337607297302,0.00194445662504448,0,0,0.000819476933167838,0.00026608784913496,7.92956912963155e-05
0.141544794922965,0,0.0017118104238717,0.00280757447245066,0.000774745659309222,2.50357609806859,0.153095786151485,0,0.00202126204989645,0.573694472938985,0,0.158096819668954,0,4.13048786346977,0.0701846172961662,5.97453003028494e-05,0.000233028291723003,0,0.000245006726794218,0.0632575018530672,0.000416072169877963,0,0.00284776682634899,0.0357070821503869,0,0.000233808137054961,0.000225033829315689,0.00527650304037412,0.184266962122918,0.00301608977779599,0,0.0174479633163301,0.000108465786867496,0.013951881940427,0,0.000166272789356081,7.53952231442321e-05,0.000545639911725465,0.000490220076482507,0.574738513218734,0.047452514125751,0,0,0,0,0,0,0,0,0.000146550230184428,0,0,0,0,0,0,0,0,0,0,0,0,1.7387972799423e-05,0,0,0,0,0,0,0,0,0,7.12003439223736e-05,0,0,5.86937158141743e-05,2.19863826518281e-05,0,0,0,0,0,0,0
0.117011052848828,0.181239111339747,0.0365526727188646,0.537283846635632,0,0.00626675762064705,0.0781210694624171,0.00202126204989645,0,0.022973884832436,0.00202304643937042,1.69347096386475,0.00243418908758757,0.0174264756687443,0.00629040076616895,0.0623336120408295,0.00568452696523527,0.000513841100769924,0.00764100146479439,0.287673234683192,0.00874871563092469,1.23830712125046,0.0225636299265786,5.78907039738563,0.0492019106752022,0.0194272978469487,0.187822594140165,0.168959996731045,0.105650728865415,0.0907036756846641,0,0,0.0917708060865399,0.0568455126213707,0.0162149422333331,0.593651602562701,0.11896664340601,0.0764568216533723,0.0583941183536134,1.54808231382878,0.000838667340106189,0.00114710869180818,0.0124455618489421,0.0027905090204095,0.0145002503438731,0.00883344217296693,0.00231474245497312,0.000403117097611982,0,0.0120786617415444,0.035599597765807,0.00392920257596626,0.00551329202247776,0,0.000858522174660953,0.0157623856936174,0.000822693952437929,0.339012536800084,0.00112561618197301,0.000173276813839788,0.000355536724100706,0,0.00797542728307274,0,0.0181492541303539,0,8.94309255414956e-05,0.000131269623249329,8.86181737179154e-05,0.0289678481889582,0.115195605844952,0.0219069218817035,0.11568653889803,0.00397812109511369,0.00214713885347978,0.0141346815736738,0.106072768311282,0.0109390838693153,0.0526644473373635,0.000770304643850694,0.000270410277872367,0.0192280688350161,0.0175509191721965,0.00261874720936788
0.0568394760991091,7.81422780597486e-05,0.0044428645695786,1.1671522157277,0,0.947070623785594,2.70151391870219,0.573694472938985,0.022973884832436,0,0,0.481163475648901,0,0.0179420464502507,0,0.000193390023057712,0.00035484503690325,0,5.69893841635841e-05,5.25775477761307,0.000927929997711749,0,0.0027057131376024,0.248212305674236,0,0.000314638378440589,0.000259175240947521,0.891791390081935,0.0398373084886797,0.00434886447228407,0,0,0.00567124247921776,0.00516162431696597,0.0200756248418447,0.000769499917556557,7.12111237814953e-05,0.00156472977958448,0.00107970858263459,0.00217426232780241,7.37040552881152e-05,0,0,0,0,0,0,0,0,0,0,0,0.00398369165135234,0,8.03780725753211e-05,0.000171581916699153,0,5.60962608687765e-05,0,0,0.00268762530660191,0,0,0,5.18802546187233e-05,0,0,0,0.000493651605795727,0,9.18867024178984e-05,0,0.00109087741084511,0,0,0,0.000121870881059473,5.08789935152291e-05,0.000131887281068694,0,0,0,0,4.29506866027728e-05
0.000199817913474745,0.00239576068745785,0.00487767715290446,7.11492836735078e-05,0,9.2028970876761e-05,0.000210659035720545,0,0.00202304643937042,0,0,0,0.593073043095114,0.000645145909817424,0,0.000365427640784819,0.0116242244618958,0.353256887778932,1.13858368411122,0,0.000295741672667049,0.000900388076630091,0.000995186559559459,0.000677871950994585,0.156710902970193,0.463467390340139,0.0576213617809693,2.57599898127464e-05,0.00985540954162721,0,0.0148098091881226,0.002792471797019,0,1.33213637555785,0.000437307719112563,0.0486153642466351,1.22397403881118,0.930081350709635,0.107282870945858,0.0010283915893197,0.00252652438786149,0.115253755846247,0.000912938976404206,0.00829793858497823,0.00443689442405844,0.000921672388975077,0.000240408537610297,0,0.000403439978669202,6.54173103634336e-05,0.00206534370005409,2.70774531434064e-05,0,0,0,4.96112579425434e-05,0,0.000252956397995467,0,0.00913099789905447,0,0.0563549559401965,0,0.000344826295878228,0,0,0.00487936883678502,0.00228198570366361,0,0,0.000185524996902556,3.25152918762023e-05,0,0.0125293766779855,0.022482924745161,0.0165272302112553,0,6.43873509759219e-05,0.000121737946965048,0.01963234863383,0.000198984771147243,0,0.00112740799508224,0.000151240195770233
0.0146379396214779,5.87374938930112e-05,0.00134332590627652,0.919131975593339,0,2.52194029924419,0.0501884124977805,0.158096819668954,1.69347096386475,0.481163475648901,0,0,0,0.0176903192713901,0.180642491590478,0.00623925338546961,5.55107244956804e-05,0,0.000289964379901489,5.85985718508763,0.00350711152268043,0.000154680057374325,0.0115201658590749,2.07871427540971,6.10821149173808e-05,0.000204894223802585,0.00368812977599172,0.0239522896600137,0.0264311085114394,0.00063085628268387,0,0,0.0006758635280377,0.00667894662334468,1.40722184176851,0.0664000107451655,0.0146355212855914,0.0139739118350309,0.0125748332081855,0.32456910526903,0.000227861067797206,0,0.00739204805308419,0.0083383493590927,0.000160288874926006,0.000743006370127016,4.80581277151446e-05,0,0,0,0.000558388637533103,9.06592858298944e-05,0.622820501746879,0,0.000463076442791696,0.000206042418647242,0,0.0120548780129171,0,0,0.710115678020703,5.84109787948855e-05,1.87370931612421e-05,0.0160791666051761,0.000439385877575703,4.72881821067853e-05,0,0,0.107810788005289,0.000783839808552386,0.000351067348756498,0.00276775614787525,0.147483816328605,0,0.000177785908694953,0.00221852264179258,0.000666299908739796,7.88759767937786e-05,6.25769026018268e-05,4.17301931051907e-05,0,0,0,0.0791441499382242
0,0.00664049593130084,0.000738667293336896,0,0,3.32778008137104e-05,0,0,0.00243418908758757,0,0.593073043095114,0,0,0,0,0.000223018667553694,0,0.000270738050565041,0.00895663885666357,0,0,0.00159182927690938,0.00011234946519044,0.000517415570811903,0.635877484373472,0.997976171773801,0.356124484771713,0,0.00037481351047695,0,0.258239632873708,0,0,0.0132648181956895,8.62783999619407e-05,0.204122348495896,0.606151383589289,0.0671259890712914,0.108125173340472,0,0.000187236064552919,0.375577073045513,0.00871430471925507,0.00452952521453463,0.00141657245280402,0.00202672229337661,0,0,0.000699008358213482,0.000119783866547318,0.000617536385943016,4.17644495193689e-05,0,0,0,0,0,0,0,0.0130506242239141,0,0.430324921332427,0,0,7.40574573445283e-05,0,0.00260599595625579,0.000552774198781978,0,0,0.000456311991714548,2.6489315746707e-05,0,0.0254930001199575,0.00949755251136479,0.00851207057532237,0,5.97456720841309e-05,0,0.00996876979185357,0.000463621762248401,0,0.000487127300637778,0
2.94574746955293,0.000224632836640597,0.00959483143055973,0.0220019050150503,0,0.0130315134112308,0.523540156575496,4.13048786346977,0.0174264756687443,0.0179420464502507,0.000645145909817424,0.0176903192713901,0,0,0,0.000379113533366176,0.00653483300139695,0.000108047315391946,0.0053616026062753,0.0267712884061945,0.00420788737374184,0.000345481761738162,0.0102333715076757,0.0385598253257533,0.000406478142317658,0.00388683155259685,0.00306262340182569,0.0237123889310281,4.89719587946877,0.152823036792168,0,0.000292790191388852,0.00882176271018762,0.130393086259585,0,0.00137499991423086,0.00069476883302637,0.0165292951670778,0.00110622195025618,0.178419929752484,0.00401496355551641,0,0.000134299602702215,0.000114730395632488,0.000351181482682358,0.000148736996429832,3.30108235812652e-05,0,0,0.000330707444921615,0,0,0,0,0,0.00122264705702254,2.3000192929687e-05,0.00416993745507667,0,3.48992458345e-05,0,0,0.000168348674413099,3.64304658973854e-05,0,0,0,0,0,0.000267219372122576,0.000444891787186664,2.03531393701759e-05,0.00187207712020711,0,0.000198195218433604,0.000825853634050751,0.0031286317540847,0.000464126889451729,0.00125627175107169,0,0,0.000124362185034571,0.000123298288738719,0
0,0,0.000262788250064127,0,0.0179416953165746,0.714472901287383,0,0.0701846172961662,0.00629040076616895,0,0,0.180642491590478,0,0,0,0.00267184511733763,0,0,0,0,0.00064127884726889,0.000544069481023556,0.00420936795290088,0.000578821389626786,0,0,0.00059815702129469,0.000662256284660052,0.00237227872086921,5.38464624119765e-05,0,0.00117757348850357,0,0.00166562702587759,0.0270021766377686,0.0127342808373328,0.0029948866784597,0.00399085107310885,0.00658574120866593,1.17460776482838,0.0352079657631024,0,0.000298624502099127,0.00390986100731772,0.000484904721386077,0.000757967953869742,0,0,0,0,0.000250056497095282,6.43690988763423e-05,0,0,7.90016640736793e-05,0,0,0,0,0,0,0,2.41937544871182e-05,0.0131228837105494,0.000325524726194688,0,0,6.69930132875772e-05,0,6.1895366652655e-05,0.00021433238199804,9.99170791228629e-05,4.83253836684435e-05,0,8.03343943980087e-05,0.000244905363679585,8.63151272099301e-05,0,5.99760272832193e-05,0,0,0,0.000723316005193646,0.00477381210705792
0.00295266699304719,0.0608243965436044,0.0507335768008466,0.000270899513715672,0,8.11617398361296e-05,0.00204908883737633,5.97453003028494e-05,0.0623336120408295,0.000193390023057712,0.000365427640784819,0.00623925338546961,0.000223018667553694,0.000379113533366176,0.00267184511733763,0,0.0121576784852768,0,0.00411018462703167,0,0.347178848969193,3.30550863419679,1.63128803356164,2.0270514289244,0.00166007661978466,0.00777954595267943,1.12795220127039,0.222493251944342,0.00989489472919367,0.0835110527993531,0,0,0.0430821574148403,0.115789868627741,0.0124594070083569,0.396078725689802,0.14912872861201,0.19602422907205,0.224937648429904,0.00167428353404109,0.000799323765612257,0,0.0126328085783104,0.0061359227820087,0.00758279931707881,0.0046952278533072,3.78316442212479e-05,5.99474482964046e-05,0,0.00775161206847392,0.00983529203835309,0.00166192165386804,0.000139986318983038,0,0.000199804604175287,0.00304502553170083,0.00036227082688923,0.0506957913071454,0.000290713517349711,0.00024501553044684,0.000772318841328438,0,0.00383291635342801,0.00118671513504853,0.219117797610476,0.00100383539003802,0,6.17070523011238e-05,0,0.0281538134947182,0.173722354813708,0.0563587308403319,0.0428038740824776,0.00116091571768961,0.000816846482770188,0.0270683701986026,0.0352304101644729,0.00371378786436402,0.0380264542983543,0.000101144695917928,0,0.00130546301964535,0.00446095165942352,0.00502596817268198
0.0401037807812604,0.0102658741558685,0.781674634083828,0.00077006746039065,0,0,0.0159535423431722,0.000233028291723003,0.00568452696523527,0.00035484503690325,0.0116242244618958,5.55107244956804e-05,0,0.00653483300139695,0,0.0121576784852768,0,0.0037120082143277,1.81946234678979,0,0.0123695480593324,0.00529997139157962,0.94276843249646,0.0111557660217342,0.00108221998511861,1.10454256547613,0.137830827651678,0.00346983529084849,0.213435061677915,0.00412896737102054,0,0.000270404462679411,0.00218546513046285,1.72155795694673,0.000251699385068569,0.0152516899358691,0.0837618180629049,0.0448490874457128,0.0146534108413833,0.00100447366549993,0.00360307166928103,0,0.00107072684000421,0.00175613620102294,0.000222136523872816,0.000258185394584146,0,0,0,9.66839668164673e-05,0.0044333609928977,0.00130724232386953,0,0,0,0.000161951806121636,0,0.000527050365024819,0,0,0,8.69541198283371e-05,7.77698746362633e-05,0.000141955505596992,0.000305113648270613,0.000952744968720802,0,0.00169938006957658,0,3.5958695943512e-05,0.00322835749066753,0.000301132363803411,0.000558512530181748,0.00087865096131639,0.00336113786119887,0.010108297183373,0.000527384291515098,0.000112377270215313,0.000511415241493257,0,0,7.13611596939948e-05,0.000268378242014099,0.000184909194025626
0,0.000165271276402711,0.000929046399743292,0.000116184543009101,0,0,0,0,0.000513841100769924,0,0.353256887778932,0,0.000270738050565041,0.000108047315391946,0,0,0.0037120082143277,0,0.602845367451398,0,0,0.000386450108586893,0.000141701295371301,3.85213643117064e-05,0.0127881212841881,0.354731247554691,0.00636763513800334,0,0.00118152852870942,0,0,0,0,0.295687782243584,0.000124328014643373,0.00454920557539465,0.0169198752040505,0.0337462548174097,0.0109720592890426,0.000115055650876635,0.000826418925148426,0,0,0.000929097201751923,0.00030173048222927,0.000803472139089956,0,0,0,0,0,0,0,0,0,0,0,0,0,9.90064070992107e-05,0,0.00169604679849708,0,8.98428769050942e-05,0,0,0.000846641066752426,0.000626210198355126,0,0,0,0,0,0.00164956146061103,0.00283309698790775,0.00182425704578093,0,0,0,0.00169628446866215,0,0,0,1.00913853446017e-05
0.00387295319432208,0.0141015140159961,0.148265034419941,0.000709976142429791,0,4.8722405372154e-05,0.00121953359921066,0.000245006726794218,0.00764100146479439,5.69893841635841e-05,1.13858368411122,0.000289964379901489,0.00895663885666357,0.0053616026062753,0,0.00411018462703167,1.81946234678979,0.602845367451398,0,0,0.00139022561571054,0.00414847121280594,0.0160295007109759,0.00340312407871109,0.0970297018463531,3.74427953206749,0.161017510016726,0.000820722313320126,0.0369891044143214,0.000552598879395196,0.00116343600581848,0.000806847434935037,0.000118715329867729,1.80487622519208,0.000806387887863345,0.0725059868198625,0.27927577171122,0.459360515458303,0.14737469722609,0.00298383972273817,0.0172479538641388,0.000617652762290106,0.0025963756516622,0.00838351498341599,0.0026525597647136,0.000818059830003028,0,0,0,0.000113933490475814,0.00675762548624236,0.000980351164144872,0,0,0,3.76151390957301e-05,0,0.000580138771250921,0,0.00337207965438533,0.00011206538692297,0.00716675107883538,4.0228985189895e-05,0.000438944010932169,0.000631048786525326,0.000342082357337094,0.0039466359625755,0.00339543262926581,0,0,0.00127543683970288,0.00034676337824585,5.05982254594833e-05,0.0342322654403869,0.0279072086041164,0.0354927957637923,3.42528485935889e-05,0.00014584223244929,0.000467489690489358,0.00626434166041765,8.24513143446205e-05,0,0.00137143029362576,0.000557400186535638
0.113207475366697,0,0.00155113683295412,7.50866705493299,0,0.0880732268110076,0.111573201027826,0.0632575018530672,0.287673234683192,5.25775477761307,0,5.85985718508763,0,0.0267712884061945,0,0,0,0,0,0,0.000196759388582538,0,0.000241267154959187,1.331553360086,0,0.000204284395099087,0,0.545806173801187,0.0593553459634213,0.00145188120829816,0,0,0.00555411177523744,0.00800077056345321,8.80939835557555e-06,0.000426876530471399,0,0.000778504636146383,0.000341332441232505,0.0104853290892201,0.000231796391252743,0,0,0,0,0,0,0,0,0,0,0,1.00927736995156,0,0,0,0,0,0,0,0.608054298287577,0,0,0.000121530945141259,0,0,0,0,0.258769171289153,0,0,0,0.025272194279585,0,0,0,5.3529671422848e-05,0,0.000185724676556309,0,0,0,0,0
0.0428896682168036,0.000811902831080167,0.121351609002263,0.00192629037047049,0,7.92098607229263e-05,0.103863729312069,0.000416072169877963,0.00874871563092469,0.000927929997711749,0.000295741672667049,0.00350711152268043,0,0.00420788737374184,0.00064127884726889,0.347178848969193,0.0123695480593324,0,0.00139022561571054,0.000196759388582538,0,0.0069184333041104,5.17941246890105,0.213893931115097,0,0.00814301004768109,0.0662032028059559,1.29308105332087,0.21344868916127,2.46557014852774,0,0,0.890121195516244,0.366088513839548,0.00625668612748428,0.218548958625279,0.0537909589807468,0.117583674755215,0.0943664799844521,0.00104257327536459,0.00089347299726493,0,0.00224134671710743,0.00151572434498294,0.00113490688872272,0.000532644483804448,0,0,0,0.000760130031127016,0,0.000163265759280732,0,0,4.22022736710719e-05,0.000610329931471584,0.00010005601096553,0.00737770469572289,0.000188947384872212,0,0,4.55807182955332e-05,0.000576197061486585,0.000195400905475523,0.0134639987567864,0,0,4.62741010265923e-05,0,0.00315376604288373,0.0118841413574223,0.00678103511105318,0.00934681642263548,8.90081322263189e-05,4.72125225309923e-05,0.000883822688012148,0.00884314722535053,0.000877834209489145,0.00708872863132153,0,0,0.000541889380672102,0.00052577990783677,0.00283119593553022
0.00106753150766349,0.704543015955959,0.0211012759886548,0.00106997703291222,0,0,0.000472237022361072,0,1.23830712125046,0,0.000900388076630091,0.000154680057374325,0.00159182927690938,0.000345481761738162,0.000544069481023556,3.30550863419679,0.00529997139157962,0.000386450108586893,0.00414847121280594,0,0.0069184333041104,0,0.0294129404737167,1.20675027378421,0.0799289391642708,0.0123904170224255,0.668552633039713,0.00444449319829919,0.00156007648348267,0.0026486492362435,0,0,0.00121225597320553,0.0142680237207287,0.00108961704617419,0.0224402018436724,0.0238222728462007,0.0174268069927757,0.0146873492418333,0,0.000599665294579315,0,0.0175753064798042,0.0159606880513731,0.0131443852238132,0.0126547382607606,0,0,0,0.00480797267137152,0.523403065217945,0.0454433231280703,0,0,0,0.00339641406205686,0.000858619625823658,0.105335752127877,0.00063474311788479,0.00011614799810441,0,0.00027117587788833,0.00329874954264741,0.000531444637877,0.21826677066384,0.00814962008413943,0.000218984119619405,0.000443227581374782,0,0.0521617682100469,0.51453957536726,0.10400422335146,0.0638194548354347,0.0399650216469593,0.00263205568360366,0.140851713069327,0.048958094793272,0.00453803075999249,0.0302516005523295,0,0,0.00324301748896044,0.00545658307368776,0.000602948289311753
0.0933761230044413,0.00378831074765536,2.50412437069666,0.00602957500267701,0,0.000485473648930289,0.245694059771327,0.00284776682634899,0.0225636299265786,0.0027057131376024,0.000995186559559459,0.0115201658590749,0.00011234946519044,0.0102333715076757,0.00420936795290088,1.63128803356164,0.94276843249646,0.000141701295371301,0.0160295007109759,0.000241267154959187,5.17941246890105,0.0294129404737167,0,0.153618748301589,0.000349665434344495,0.219153579960239,1.33708876884883,0.226291119297381,0.124326976373897,0.139285774475097,0,5.9831103244104e-05,0.0281961689558311,0.420995567974325,0.0414220962364613,0.584610781771899,0.238726892083515,0.443268664861222,0.329292114121859,0.00251953501078278,0.000303314491604276,0,0.00791903241636317,0.00313813740382875,0.00104512103377922,0.00145499070360476,0.000111658075213617,0,0,0.00129881745094309,0.00231353164052135,0.000973447181667526,0,0,0.000166026720985219,0.0011750625004506,4.63337259225383e-05,0.00736661734747234,0.000172587780683985,1.92099895724016e-05,0.000128311755083939,6.3244207880184e-05,0.000763353512878655,0.00169145234739314,0.0258895957135103,1.52557141328696e-05,0,7.30076910705757e-05,0,0.0047406231932952,0.0197214575839708,0.0117827834030416,0.00889034956797994,0.000215795579528977,0.000365351804648351,0.0224206533309209,0.00947988461571237,0.000744341523231038,0.00588897547797288,0,1.97171698598285e-05,0.000297357048882358,0.00153087069125961,0.0172939588611882
0.151100670933319,0.0629027580596245,0.0848362097387908,4.77874588728141,0,0.108466933876009,0.344116640948551,0.0357070821503869,5.78907039738563,0.248212305674236,0.000677871950994585,2.07871427540971,0.000517415570811903,0.0385598253257533,0.000578821389626786,2.0270514289244,0.0111557660217342,3.85213643117064e-05,0.00340312407871109,1.331553360086,0.213893931115097,1.20675027378421,0.153618748301589,0,0.0114787129066222,0.0144935849376903,0.275334314973108,3.4103436911661,0.2329257296096,0.28047519024758,0,4.20787829402761e-05,0.133939579547817,0.133571713217938,0.00791561757551088,0.157801522639054,0.043110738111912,0.101791686453048,0.0928317564814775,0.0440659496111363,0.000788631471464773,0,0.0133082783758019,0.00223769203018351,0.0178616119066164,0.0105162212424514,0.00197855740145462,5.15205195739041e-05,0,0.0222162769717809,0.00743853239657027,0.00667321528749399,0.0222787014612081,0,0.000783396553065453,0.0559696690558351,0.0023100764218385,0.301940790713346,0.00392256166387883,0.000141551418246271,0.00148792533281532,5.11075615881645e-05,0.0193463439136067,0.000212889777517595,0.0371836547613246,0.00140797104288483,0.000169205436558994,0.000124801647010255,6.46060103008926e-05,0.0265615809469466,0.0566507252496317,0.0153754827645309,0.918046514135671,0.00102372422379891,0.00213463987613104,0.0145409586644065,0.225840911369767,0.0260621162930374,0.103680872469129,0.000109224698137875,0.000199952757942623,0.0250685225187373,0.0292481963316523,0.00254209781598518
0,0.471795931291365,0.000113587843209202,0,0,0,6.54003360344626e-05,0,0.0492019106752022,0,0.156710902970193,6.10821149173808e-05,0.635877484373472,0.000406478142317658,0,0.00166007661978466,0.00108221998511861,0.0127881212841881,0.0970297018463531,0,0,0.0799289391642708,0.000349665434344495,0.0114787129066222,0,0.309701993178862,0.42737617066602,0,0.00278598207341548,0,0.0195537749351359,0.000530824543229636,0,0.0473392220517792,6.02386818377735e-05,0.0352923640810243,0.90351192504228,0.1432418167066,0.184336567880391,8.45181409016901e-05,0.00216769790791041,0.317169720499129,0.167168641548143,0.183595243729243,0.0426548329201419,0.103760508835227,0.00242288291711999,0.000310382983635317,0.126838376313759,0.00112578790341923,0.0954828522622717,0.00396455138792534,0,0.000650615202092197,0,0.000390603397996771,0.00062856178094298,0.00434204239422301,0.000222328321766437,0.0431690689299079,6.10365173659825e-05,0.515923408483661,0.000570162643319198,0,0.00142574730674873,0.00415864290729231,0.018267956869344,0.0113778324326173,0.000377833946355211,0.000128396799144107,0.0200061336516768,0.0011249468804726,0.00101305694318787,2.24634451900259,0.0697629386877256,0.153210450673719,0.000578394754334337,0.00141112287537617,0.000509125481369291,0.0691221278561697,0.00309966557087306,0,0.0124130701021899,0.000185508784765129
0.0149131376355814,0.0416356831513778,1.67696668950911,0.000956426554568886,0,6.15669988531873e-05,0.00842901906565097,0.000233808137054961,0.0194272978469487,0.000314638378440589,0.463467390340139,0.000204894223802585,0.997976171773801,0.00388683155259685,0,0.00777954595267943,1.10454256547613,0.354731247554691,3.74427953206749,0.000204284395099087,0.00814301004768109,0.0123904170224255,0.219153579960239,0.0144935849376903,0.309701993178862,0,2.02639083998773,0.00398566439171976,0.0225999793123382,0.0034624161351658,0.150456961273634,0.000367884268104794,0.000859019860250132,0.341498297182058,0.00164016757665389,0.0992403864887918,0.414468799587558,0.294842477081072,0.0866895197541582,0.00114746607016425,0.00605003611457202,0.00293033396307223,0.0071906748335426,0.0320359818225013,0.00845490653421905,0.00319758685508504,0.000267456172657926,0.00023668131352331,0.000137086848959534,0.000523729904272347,0.0201813155199915,0.00371815051683175,0,0,4.83815264569311e-05,0.000559837488648051,7.4911140949081e-05,0.00117058244284224,0.000190592276696398,0.0130466380815007,0,0.0399714594521459,0.000495290531228923,0.000219759966242765,0.000836659649577493,0.00216039029663215,0.0113007786300994,0.00890528825289885,0,0.000467958068847485,0.00489313815171935,0.000841037917112637,0.00106447695819668,0.0698716344902192,0.121413362581828,0.171307338686141,0.000626628338620066,0.000406977634963359,0.00163431225273383,0.0226963712786687,7.8056413656074e-05,0.000130374157973573,0.00556103969804906,0.00099159576923233
0.00345553357868133,0.767223328356158,2.31838039074379,0.00123335890682228,0,0,0.00630825060834085,0.000225033829315689,0.187822594140165,0.000259175240947521,0.0576213617809693,0.00368812977599172,0.356124484771713,0.00306262340182569,0.00059815702129469,1.12795220127039,0.137830827651678,0.00636763513800334,0.161017510016726,0,0.0662032028059559,0.668552633039713,1.33708876884883,0.275334314973108,0.42737617066602,2.02639083998773,0,0.0285707936338698,0.0176067192731919,0.00350409256216824,0.0215732622783891,5.102990148025e-05,0.0010524742240118,0.41133400813832,0.0142137252112767,0.276081706393098,0.320263604475228,0.397422699938012,0.187392445014951,0.00108534039660617,0.00327845765485661,0.000477451672443727,0.0243949869810116,0.04206335731901,0.0146768890835066,0.00533137817868891,8.05848744670178e-05,8.88595704407553e-05,0,0.00151091994769823,0.0826260811664832,0.0311598280239285,0,0,6.34558978730264e-05,0.00262064710885832,4.92451872872621e-05,0.00979826889464567,0.000285649856711996,0.00518453787879495,2.8859159233962e-05,0.0123028052512751,0.00163968970192719,0.00164704145651855,0.0250626764934734,0.00942848896856435,0.00516046186466617,0.0105523205776525,6.44538416670734e-05,0.00269405985767225,0.0941949923778376,0.024758547689704,0.0110540708230548,0.0651708546429654,0.123136065136025,0.49980827312567,0.00665210246055608,0.00129581576781444,0.00513722456970486,0.00795523005257029,0.000196618452735346,8.93098698709238e-05,0.00694951277256052,0.00805861643696671
0.135973718397905,0.000297657508855421,0.0842751060367481,2.52977288533429,0,0.024975313323634,3.77781163493742,0.00527650304037412,0.168959996731045,0.891791390081935,2.57599898127464e-05,0.0239522896600137,0,0.0237123889310281,0.000662256284660052,0.222493251944342,0.00346983529084849,0,0.000820722313320126,0.545806173801187,1.29308105332087,0.00444449319829919,0.226291119297381,3.4103436911661,0,0.00398566439171976,0.0285707936338698,0,0.161147704268959,2.35245871830015,0,0,0.142706593648004,0.147308912136116,0.00184408126127812,0.0910127991777307,0.0157212742527169,0.0624834736878325,0.0527286521434871,0.00148293548816666,0.000247307573339381,0,0.00143522967382618,0.000571185891086698,0.00227982054637896,0.00174884822925452,0.000457261575231437,0,0,0.00359361585721387,0.000136844850651566,0.000685501776367323,0.0424156556487559,0,0.000116758554493689,0.0100484010898984,0.000347116966737345,0.0387915400207483,0.000555578703432312,0.000124264133362419,0.00031793244943568,0,0.00491559672234264,9.72989918739536e-05,0.00271176221470224,0.000129708428180064,0,0.000147676403232608,0,0.00519777963305251,0.00949555023021864,0.00233554255731339,0.116327150903614,0.00010673517743319,0.000238977092382464,0.000544265971691392,0.0455399580791008,0.00458981642614045,0.0245777766634111,0,9.56259948665654e-05,0.00439609525226859,0.00339350167723364,0.000788727419981701
2.56089069953152,0.00104724509184847,0.0159692592704112,0.0768440615571404,0.0027624909231641,0.0335588002136768,0.147808333922711,0.184266962122918,0.105650728865415,0.0398373084886797,0.00985540954162721,0.0264311085114394,0.00037481351047695,4.89719587946877,0.00237227872086921,0.00989489472919367,0.213435061677915,0.00118152852870942,0.0369891044143214,0.0593553459634213,0.21344868916127,0.00156007648348267,0.124326976373897,0.2329257296096,0.00278598207341548,0.0225999793123382,0.0176067192731919,0.161147704268959,0,2.79483151233643,0,0.185008284860866,1.38426543670576,2.34366545679755,0.000185513095254453,0.0316890939451549,0.00835316068768329,0.234335932552273,0.0357193486046961,0.568498007573153,0.519093790192488,0.0002668164554847,0.00131764492958221,0.000547845751882407,0.002173866908552,0.00104244312757569,5.93086770108606e-05,5.04231189792565e-05,0,0.00316025865310409,0.000553095063012359,0.000423619904427493,0.000242849711083285,0,0,0.00894392412005609,0.000367070836894459,0.0320142935221652,0.000644484641152256,0,4.66056735214408e-05,0.000131230051615924,0.00340228851171918,4.02703278242558e-05,0.00117095789942684,0.000210859404793067,0.000111456750195759,0.000348045397775411,8.38082624397499e-05,0.00244329615923443,0.0031025753754465,0.00107082623403028,0.0238991885446932,0.00269172248729138,0.00216307316566802,0.0036667212840929,0.0327300493708083,0.00401139769738152,0.0131769326682889,9.99053987325088e-05,6.97747319472997e-05,0.00171927586544445,0.00346293670977378,0.000254596762954171
0.923800618103422,0.000645054135739993,0.0238352595775987,0.0270498248209,0,0.000756811208288571,2.61400825940801,0.00301608977779599,0.0907036756846641,0.00434886447228407,0,0.00063085628268387,0,0.152823036792168,5.38464624119765e-05,0.0835110527993531,0.00412896737102054,0,0.000552598879395196,0.00145188120829816,2.46557014852774,0.0026486492362435,0.139285774475097,0.28047519024758,0,0.0034624161351658,0.00350409256216824,2.35245871830015,2.79483151233643,0,0,0,0.901107363673628,0.415534016502839,0.00165909291485282,0.0281629120812238,0.00296091800468424,0.0170142882067569,0.0144135529050826,0.000274802462122244,0.00082892098859224,0,0.00121988861192556,0.000145255556877931,0.00267494096296725,0.00133303408958549,0.000325674970311784,0,0,0.00201441555750672,0.000128068280697328,0.000488466051583942,0,0,0.000103940922232914,0.00412886242056347,0.000329574918946965,0.0314220152899007,0.000283788022277231,1.45194284285907e-05,0,0,0.00217141198669638,0,0.00272052712192195,0.000286880914135197,0,0,0,0.00289938650114987,0.00749467608462569,0.0024756624981241,0.0221646095908615,0.000120676053545346,0.000137843436084739,0.000237017850793217,0.0287658146567243,0.00317940259690717,0.0103680244150598,0,2.64466878174992e-05,0.00114770487254568,0.00284171187451732,0.000578249680574094
0,0.000790367396165854,0,0,0,0,0,0,0,0,0.0148098091881226,0,0.258239632873708,0,0,0,0,0,0.00116343600581848,0,0,0,0,0,0.0195537749351359,0.150456961273634,0.0215732622783891,0,0,0,0,0,0,0.000667435011040999,0,0.000392613244972945,0.00640226355031556,0.00319712239370125,0.00170140112880332,0,0.000557720055049317,0,0,0.000482252228155622,0.000266745672670692,0.000856289086365362,0,0,0,0,0,0,0,0,0,0,0,0,0,0.000266034688330231,0,0.00128149339509707,0,0,0,0,0.00014837081552351,0.000138756844470286,0,0,0,0,0,0.000944467213678579,0.000595769413581822,0.000946443389211017,0,0,0,0.00341010815450929,0,0,0.000290963064499753,0
0,0,0,0,0.000978839472514405,0.0424117764674173,0,0.0174479633163301,0,0,0.002792471797019,0,0,0.000292790191388852,0.00117757348850357,0,0.000270404462679411,0,0.000806847434935037,0,0,0,5.9831103244104e-05,4.20787829402761e-05,0.000530824543229636,0.000367884268104794,5.102990148025e-05,0,0.185008284860866,0,0,0,0.000218782793093547,0.229974447631415,0,0,0,0.00466240681717201,0.000161729305894181,0.118825209806202,0.677082863831315,0,0,0,0,0,0,0,0,0,0,0,0,0,0,0,0,0,0,0,0,0,0,0,0,0,0,0,0,0,0,0,0,0,0,4.78045365616296e-05,4.67370998913814e-05,0,0,0,0,0,0,0
0.0416845555475518,0.000564124170024469,0.00331184504147437,0.030343398711016,0,0.000889338782726834,0.0285452510527867,0.000108465786867496,0.0917708060865399,0.00567124247921776,0,0.0006758635280377,0,0.00882176271018762,0,0.0430821574148403,0.00218546513046285,0,0.000118715329867729,0.00555411177523744,0.890121195516244,0.00121225597320553,0.0281961689558311,0.133939579547817,0,0.000859019860250132,0.0010524742240118,0.142706593648004,1.38426543670576,0.901107363673628,0,0.000218782793093547,0,1.27333290193756,7.55862417399413e-05,0.00567916010924544,0.00393902781274457,0.0316705294394788,0.0210982096014523,0,0.000731917401444427,0,0.000969363358941781,0.000397789034952344,0.00150555460007188,0.000785616685991544,0.000352569085352232,0,0,0.00342057963595076,0,0.000200199988234564,0,0,0,0.004640710806085,7.12164605636599e-05,0.0284548579840977,0.000209130490123697,0,0,0,0.00155263420111359,0,0.00155338855176111,0,0,0,0,0.00157531468102409,0.0067189523605863,0.00059533184219431,0.0177137300519787,0,0,0,0.0186887208570624,0.00143308759738678,0.0103916361698394,0,0,0.00336121205151107,0.00185072508502681,3.97817872535983e-05
0.0429101044042859,0.029220837811717,0.186260610453866,0.0210098212508721,0.000993498420079659,0.0152355279566804,0.0339958839288934,0.013951881940427,0.0568455126213707,0.00516162431696597,1.33213637555785,0.00667894662334468,0.0132648181956895,0.130393086259585,0.00166562702587759,0.115789868627741,1.72155795694673,0.295687782243584,1.80487622519208,0.00800077056345321,0.366088513839548,0.0142680237207287,0.420995567974325,0.133571713217938,0.0473392220517792,0.341498297182058,0.41133400813832,0.147308912136116,2.34366545679755,0.415534016502839,0.000667435011040999,0.229974447631415,1.27333290193756,0,0.00626877556788499,0.201528741413055,0.421643185363837,3.76184486691486,0.309025439172362,0.237224239923344,2.09482461280279,0.00409410781974875,0.00672332208131871,0.0122055655356931,0.00322409891717751,0.00344234999548813,0.000101367083697372,0,0,0.00306686073734015,0.0167830980482954,0.00317025869123304,0,0,6.41930074868104e-05,0.0048460981037364,0.000137163503698676,0.0151048062961496,0.00040902422192973,0.00175641018444064,0.000196869193296513,0.00486941586232252,0.002131264753487,0.00179257038298299,0.00450290439389382,0.000829639282337501,0.00294225145129868,0.00200085579653832,0,0.00269967012117556,0.0144005145728987,0.00259853124416913,0.0154421566373402,0.0223984208752347,0.0236377707218665,0.0665447155036517,0.0188158823721028,0.0023962827495822,0.0108690335476796,0.00293387664971726,0.000157982139790618,0.0010019003175028,0.00275257581891791,0.00479457074778265
