0,0.00517985127886127,0.168140412355475,0.0144628931693323,0,0.0137591630834042,1.4115322649901,0.558492055949425,0.0809823417052816,0.0409061185509303,0.00206157291600613,0.0133681351140551,0.000829619495333826,3.32432442793526,0.00145652995437969,0,0.167477658887819,0.00176030631590983,0.0207414558819716,0.100126069865983,0.0180912637768874,0.00152478538491501,0.166966002566543,0.0425237161915104,0.000524930819321631,0.0428352904068055,0.0176849242747057,0.0426698782075515,0.755380472615763,0.61356423043285,0.000945038343152915,0.00269346859742475,0.00995198812566784,0.047588476610364,0.000236268274869578,0.0173726373799829,0.013174438809836,0.0592039970449493,0.0255370016153595,0.00281255451497895,0.000581498706477633,0,0.00150289523192023,0.00126884108821774,0.0028018782755193,0.00328430646395525,0.00118690619495591,0,0,0.00358962535235448,0.000484933997977777,0.00121228007714308,0.000130840090983167,0,0,0.00621889694214565,0.000774303069743737,0.0203442761739736,0.000271891396146978,0.000210083229418731,6.72028033562103e-05,8.4607907749965e-05,0.00182262567992273,0,0.00616353275303341,0.0003983448542128,0,0.000212441329888791,0.000447388858434842,0.00209828809583218,0.00120839331228191,0.000913369393351174,0.0216839193009324,0,0.000381115567457736,0.0016081260123832,0.0200201739356237,0.00369885730905286,0.00318943406827098,0,0,0.00280198020138267,0.00484683993153809,5.35933207700175e-05
0.00517985127886127,0,0.187893037003581,0,0,0.000108658999949023,0.00594985246123035,0.000827549763011028,0.374482170027917,0.000133021823823514,0.0324334897364784,0.000455118963792252,0.046001360419107,0.00234145017771491,0.00174488806739145,0.132382494273661,0.0919268726087356,0.00135103624310466,0.0180016967669508,0,0.0076247548029477,2.27710870902337,0.0435028015492881,0.269580689711292,1.83201845416823,0.0398418030361737,1.07040153061131,0.0110654229702989,0.00203279761269476,0.0065703473892326,0.0280371611714648,0.00130156704639833,0.00313182886361118,0.0403739328246845,0.000417265191125545,0.0405053590115641,0.0478099502198966,0.0740693876476421,0.0464073943972198,0.00477347318322386,0,0.00108211119782587,0.0341693239304509,0.0505921751096338,0.0400527311851888,0.0435569926503412,0.00187504691848914,0,0,0.0117856645020304,0.38873155928867,0.111905522421988,0,0,0.000265743665640396,0.0108480798926045,0.000931509356723093,0.00235968275123917,0.000124003533618255,0.00133040792412325,5.7937685325909e-05,0.00159144527673271,0.00338066873997077,0.00261043797412868,0.00989143777718019,0.13395073536191,0.0016917135423003,0.0218742452803377,0,0.0061225676797995,0.0525769010076075,0.00949416179508355,0.00432024542931576,0.0316946789478454,0.0729552417671554,0.22747872079163,0.00810379869763305,0.00220651052886042,0.00855529495134588,0.00260007173044346,0,0.000838547791908513,0.0190973291936569,0.000501949871617684
0.168140412355475,0.187893037003581,0,0.00123406124116418,0,0.0086076932204369,0.309644792779078,0.0201428874737693,0.00257546577249985,0.00194190707010118,0.0115527766541074,0.00345130151728417,0.000317589881762833,0.0684044849545924,0.00510720437072537,0.00946171217956701,1.49965313942624,0.00195751247788849,0.139858256008202,0.000911452660940811,0.332063809942279,0.00444829945639484,3.57544127288976,0.0217421591541506,0.000929985299444077,1.83843487655929,1.81213649125134,0.190598764170501,0.0425326981178111,0.109477141960856,0.00215607771549835,0.00103599377960046,0.0153996724830341,0.233809068891949,0.00336158780444548,0.141849917141562,0.213639986050108,0.357487405601077,0.109132330345799,0.00747119248631998,0.000232914007697238,0.000379221389671468,0.00943481633590219,0.00940502062540751,0.0100812309540382,0.00600147930279233,5.97580117446365e-05,0.000120693607305936,0,0.00178945016179435,0.0386350379096843,0.0407716701880351,0,0,0,0.00183897556399271,0.000143024476205486,0.00101059118749805,0,0.000397851053706921,0.000317968269387243,7.56805669676584e-05,0.000628956181107988,0.00233156642474895,0.00353738487347846,0.0294531712663045,5.57035133141488e-05,0.00360386459640276,0.000112972191617398,0.00287694677826645,0.00345945403216014,0.00426019880571204,0.00277456956802902,0.00113532332530766,0.0165560380064668,0.0739838170082341,0.00225547216412813,0.000419566843185792,0.00255269592276555,0.000548694468421138,0,0.000107077538801272,0.00316698810136262,0.00162265658250103
0.0144628931693323,0,0.00123406124116418,0,0.000197266911247407,0.0265763361151031,0.115596815340044,0.00480551610853115,0.553630906959438,1.15427035167899,0.0012838229141145,2.04760866971289,0.000410935302390192,0.0186963150077502,0.00308247079488326,0,0.000815106890719557,0.000144292540233557,0.000145120251662055,9.16134683142582,0.000533507367804763,0,0.0012234406083329,4.89093881741989,0.000403230632515093,0.000830243867443199,0.000635476363762295,2.82090464767031,0.0349312101442988,0.000933462418171711,0,0.00190815562881578,0.0321622175636882,0.0473803690737159,0.000116304443570735,0.0156937834546842,0.0034123816671337,0.0357054373352224,0.0154938089194041,0.0305768799595959,0.000712350419653152,0.00132644685722605,0.00077799984034479,0.000557669140963052,0.000745445881779935,0.00148666509315352,0.00470267741654446,0.00114413850409073,0,0.000148775376009862,0,0,1.14296999187151,0,0.00115321190995515,0.00446657310967997,0.000693257690852159,0.0158905506660804,0.010575655387495,0,0.0244359223511365,0.000195100827001958,0.00228261872498781,0.000223965611058068,0.000764272335746788,0.000179479149000931,0,0,0.0810039909391145,0.000168326136826337,0.000476000027386365,5.66259895267763e-05,0.032044693559573,0.000478602026922018,0,0.000183080135353118,0.0240884543550088,0.00141565845679759,0.000500305787163034,0,0,0.00146460709510439,0.00328633854964081,0
0,0,0,0.000197266911247407,0,0.714387406014296,0.000784914769740519,0.0258238500383898,0.00284715208890442,0.000311587255379292,0.00816408565430963,0.00360774299582139,0.00544178559025524,0.0224966352074848,0.730327019478011,7.87990423630424e-05,0.000168716952832819,0.000434373159164736,0.00161450406564911,0.00203033812698399,6.7010835162703e-05,0,0.000203935618856965,0.000511977768292699,0.0017184707491145,0.00103878089305232,0.000553884113892846,0.000988359093226921,0.0199583488402931,0.000398092069277951,0.000474939435134606,0.909770843608238,0.00180014882875463,0.496517727150613,0.000424247483979254,0.00495935114346082,0.00432266848285666,0.124905700646115,0.0286464038083959,4.50399640914847,6.05147915256245,0.00525819075454653,0.000312625815872603,0.00181433907810452,0.000264317629033381,0.000776727156432927,0.000396074505921318,0.000752388294542976,0,0,0,0,0,0,0,0,0,0.000539020113926685,0,0.000230987362156442,0,0.000796719597407358,0,0,0,0,0.000136447468929251,0,9.69056933043883e-05,0,0,0,0.00013763966449773,0.000217784798812822,0,0,0.000419737094128608,4.07943150452926e-05,0,0,0,0,0.000325921168545336,0.00144484234025112
0.0137591630834042,0.000108658999949023,0.0086076932204369,0.0265763361151031,0.714387406014296,0,0.229246069541518,2.26663714393908,0.0451016458184971,1.50843915275334,0.003824961946171,1.80068024197068,0.00614622483740011,0.500488143858702,2.49425180292053,7.4462469349606e-05,0.00343564857800816,0.000143682163518444,0.00177111556101638,0.201511920667977,0.00125394394280247,0.000224736700394097,0.00704417387799921,0.0823733383333694,0.000123089975168752,0.003408304218346,0.00160979688015252,0.0918239799531254,0.211194220809268,0.0047741009191292,0.00045362760085368,0.327611102501016,0.00957212739429763,0.187780467605977,1.16300941748753,0.0139551785424636,0.00574128126031415,0.131885553498824,0.0300864904133475,1.20143162012009,0.424001323976689,0.00367279205925646,0.00115983053074942,0.000872065857012269,0.0019937874325715,0.000829893270543143,0.0031493128856959,0.000168607065392842,0,0.000816709864677342,0,0,0.000673553319054191,0,0.000833140350220208,0.00282485062695682,0.00133931364222921,0.00896859334870139,0.00272672778342231,0.000228079182973698,0.00131683305410026,0.000643272016963265,0.00101612469592877,0,0.000321550613356996,0.000105102478079842,0,0.000103304790588026,0.000977147893953913,0.000650612246093154,0.000642163009896926,0.000163789791805637,0.0122171657832492,0,4.83713210650597e-05,0.00040977197004646,0.0075589274563829,0.00101753627242958,0.000585268280865561,0,0,0.000194239672338167,0.00145503689905629,0.00550379033936423
1.4115322649901,0.00594985246123035,0.309644792779078,0.115596815340044,0.000784914769740519,0.229246069541518,0,0.236439834875467,0.146329228850291,2.52020613034937,0.00609204831274816,0.0542831096840639,0.00163650630205187,1.04064492384222,0.00844840518830345,0.00157211263494932,0.0541381371524672,0.000571637029442625,0.00689467935621546,0.114864517584355,0.0708006213840514,0.00514962358712519,0.230925684712268,0.27441365480375,0.000538737244278663,0.0660042932946006,0.0392754535631211,4.58977579464692,0.213826821392432,2.62816632361598,0.000515513090308152,0.00427520646558743,0.0892378822082322,0.148741146739559,0.00107750814069956,0.0768056546965321,0.0291142470534431,0.124929909939349,0.0561208087002085,0.0134974285602073,0.000913416791538881,0.000390840032187697,0.00662098039164524,0.000866080914125877,0.00657589686175018,0.00408891792586342,0.00312805154061843,3.75958901031623e-05,7.11497332279319e-05,0.00377555615956412,0.00131602615142385,0.00429876292472892,0.00148674254476403,0,0.00128963734733657,0.00943684022253418,0.00214392575560788,0.0320048128832028,0.00544232541957727,0.00013190863826646,0.000392556668482518,0.00018580222797385,0.00434526853775257,0.000518836058028889,0.00616063903140387,0.000947409637214313,0,6.98825882742421e-05,0.000984510904091823,0.00624921222247952,0.00613651543437861,0.00288250532719915,0.0432682182686008,0.000335029618231814,0.00106284782636025,0.00614540822452586,0.0357089039464872,0.00484099325622965,0.00445981188813024,0,0.000110670072883156,0.00238093498061551,0.00719397370619778,0.000788084480399044
0.558492055949425,0.000827549763011028,0.0201428874737693,0.00480551610853115,0.0258238500383898,2.26663714393908,0.236439834875467,0,0.0252834948182548,0.27740619881055,0.00396387305587318,0.042251818494216,0.00231436090203263,4.41393122987924,0.00722619748993824,0,0.0181104712548961,0.000244141911064512,0.00242270156467669,0.047849033049154,0.00148675750179755,0.000413099447789788,0.0186698693994101,0.0288955711328828,0.000968490951025273,0.00690435292171847,0.00286553013936423,0.0252843401105077,0.417438247761487,0.0225194559709902,6.78682612365879e-05,0.10428887223276,0.00390723629863194,0.0748443706288008,0.00270735361243466,0.00665860404210852,0.00273046158716934,0.0781321147332477,0.0124081014203668,0.0638098475430072,0.0313256835587707,0.000595840565604063,0.00138829930571001,0.000275944425223579,0.00205664027303434,0.00181341506608581,0.000545407952446278,0.0001653413244764,0.000300773689944734,0.000610451250331098,0.000156555331454261,0.000136871603783107,0.000261242557664876,0,0.000178139001776164,0.00118949355911378,0.000413815805703516,0.00953913235203779,0.000734619403918619,0,0.000206098410980783,0.000163085765227736,0.00164775705549503,0,0.00148522947601486,0,0,0,0.000258168297056678,0.000975791589066827,0.000776600680339227,0.000308460798448643,0.00962392496903218,0,0.000369057198413133,0.000359415877209807,0.00794537776985876,0.00145808951127271,0.000385152990771338,0,5.89052360399963e-05,0.000453394567505054,0.00145171763787972,1.79205132542406e-05
0.0809823417052816,0.374482170027917,0.00257546577249985,0.553630906959438,0.00284715208890442,0.0451016458184971,0.146329228850291,0.0252834948182548,0,0.0804534240633706,0.00817049363278729,2.30705909368545,0.014602851161866,0.051302340010182,0.187563202478633,0.0431717160062081,0.00284158755160723,0,0.00171694910308308,0.415770920658638,0.00385544149434551,1.90665594970693,0.00391773820882365,5.89779702467446,0.112518323556184,0.00390395390378543,0.0900516703921125,0.398459456285446,0.0564322514283728,0.0601326174733312,0.00785069601426128,0.00802827381804899,0.0890070179742567,0.147574674074664,0.0351664479466802,0.0892069185808927,0.0247595432983938,0.0732043641075141,0.0585762657199572,1.55236475894993,0.00880368265262547,0.00384729052123589,0.0173961773031439,0.00117947497148237,0.0131892550298909,0.0116921755626595,0.0838555142212886,0.000331746563860019,0.000248192631417885,0.0112932684729111,0.00476707770915573,0.0016619194618435,0.0137733914978902,0,0.00228643596681011,0.0197408169956998,0.00507721405347857,0.740647163168619,0.0197834097756387,0.000788776964180185,0.0188902101732486,0.000102313104777436,0.00996168194064798,0.00067464175826838,0.0724276463185455,0.00121579556187733,0,0.000850981812082052,0.0241110467917526,0.0222449983496046,0.0886641015462671,0.0207343404108557,0.2021623667495,0.000531274122062554,0.00119614880457792,0.00545027523498928,0.0836252153717841,0.0130320375723155,0.0158623608935147,0.000448040021071267,0.000347307132638697,0.0156135949159891,0.0142822205203429,0.0058439105446125
0.0409061185509303,0.000133021823823514,0.00194190707010118,1.15427035167899,0.000311587255379292,1.50843915275334,2.52020613034937,0.27740619881055,0.0804534240633706,0,0.0036624767869127,1.69362754418038,0.000428729036291602,0.353225503866827,0.0100593386032119,7.41804825093516e-05,0.000637285091658933,0.000436575039021504,0.00160521916068034,5.43214943104224,0.000738041010131532,0,0.0019452576721115,0.187433253825698,0.000575264223917931,0.00157817400590159,0.000757090146649673,1.88411446403045,0.0773612803482678,0.00198032601928228,0.000259338540264986,0.00534401804671448,0.0299490634013773,0.0730606417709921,0.0173659003471934,0.0190956836858578,0.00531648593120264,0.0428501247766987,0.0137886330258616,0.0240037601664521,0.000861728049387001,0.000876721196210143,0.00153565892102241,0,0.000718671226045089,0.000971281029142179,0.00464397053770463,4.34990833273865e-05,6.15466574241789e-05,0.000446083627149887,0,0,0.0156382514785188,0,0.000967530877161279,0.004913728157528,0.00117359160567823,0.00814052993361644,0.00754500849690095,0,0.00168171139696276,3.23558879362969e-05,0.00201055023191509,0,0.000137996770547767,0.000148540512255688,3.11061361738729e-05,0,0.00244158052727427,0.000526945013552759,0.000126709970436206,4.15286803587508e-05,0.0246338498878078,0,2.99180825051549e-05,5.10057230557553e-05,0.00963938989486248,0.000784771277412201,0.000387736702088835,0,0.00015095109833398,0.000622468844091311,0.00228952592002004,0.000104256967168363
0.00206157291600613,0.0324334897364784,0.0115527766541074,0.0012838229141145,0.00816408565430963,0.003824961946171,0.00609204831274816,0.00396387305587318,0.00817049363278729,0.0036624767869127,0,0.00678474868593411,2.00836615282754,0.0156142296500122,0.00307723065774672,0.00156410065807089,0.0183650382388683,2.33865075022707,1.61861899790729,0.0108409573617265,0.00514850279027742,0.0135680365762243,0.00755232766235975,0.0104671915092289,1.53885749307894,0.799550087238328,0.138099782481451,0.00850470688227699,0.0462523282804617,0.00345949039258923,0.52051416602349,0.0383421085372855,0.0039477788356597,1.21949109848062,0.00119233560370301,0.088517604954479,0.935677481454133,0.929322369285334,0.0815706856959173,0.00832549687672799,0.0373779536384319,0.175377724189022,0.00318381157449821,0.0142611817272833,0.0102050909570393,0.000541670819509078,0.000293095046055144,0,0.00332424677735393,0.000250788656010208,0.0068082940245009,0.00111038554549041,0,0,0,0.000368173590375553,2.76696961503068e-05,0.000868660458562896,0.0001328130042043,0.0616854183224247,0.000245641870101106,0.0500963785700657,0.000568504897118693,0.000789477133256329,0.00076252749409429,0.000875844270036842,0.00796887427688088,0.000992505658399567,0,0.00034417719221629,0.000748917652016144,0.000450948681298536,0.00128413631017414,0.109010789785625,0.0360370356991412,0.0234042427427763,0.000920061428157671,0.00049894438498101,0.000933766789677718,0.0417312250368077,7.65885796349952e-05,0.000233137286962792,0.00227146145120733,0.000768729663373391
0.0133681351140551,0.000455118963792252,0.00345130151728417,2.04760866971289,0.00360774299582139,1.80068024197068,0.0542831096840639,0.042251818494216,2.30705909368545,1.69362754418038,0.00678474868593411,0,0.00285853465875394,0.0619657041518873,0.513890360290496,0.000119322266831645,0.000900301188789484,0.000523158486535301,0.000913477183721704,9.89556649867827,0.000442158772110757,0.000539721308232752,0.00232210704291968,0.824070568092592,0.00110347907415198,0.00225864715841886,0.0013139703480624,0.103315048493184,0.0574894192649315,0.00147377690469862,0.000445769132087927,0.0150576753735262,0.00743093179631643,0.062416949108794,1.21512053147552,0.0089745984452802,0.00478862230185632,0.0413379303343452,0.00787277051105088,0.353374228307898,0.00296038334068637,0.00168920298881669,0.00185754126840452,0.000388721456206696,0.000920313875361518,0.00115451549952506,0.011187501472364,0,6.28949004143255e-05,0.000687130907497431,4.86047312494803e-05,0,0.105063652762682,0,0.000406412858573978,0.00187782663652488,0.00140945266408065,0.00734153424666359,0.00832221776614452,0,0.0680856220636959,5.82276546393506e-05,0.00169070130388695,0.000130076728844599,0.000609529560747721,0.000112541762613933,0,0,0.0996040348332633,0.000238969115208432,0.000299692614547059,0,0.0274397235834248,9.19644363484478e-05,0.000167183164158746,0.000177793963414802,0.0100970992861438,0.00077490224540132,0.000304875722441917,0,6.47585966538633e-05,0.000439847863116961,0.00102581824859673,0.0364469314192618
0.000829619495333826,0.046001360419107,0.000317589881762833,0.000410935302390192,0.00544178559025524,0.00614622483740011,0.00163650630205187,0.00231436090203263,0.014602851161866,0.000428729036291602,2.00836615282754,0.00285853465875394,0,0.00431027482980825,0.000772186293798065,0.00144441022589639,0.000969017440904524,0.00408674871790953,0.00229344696874054,0.00435851685147933,0.000676708114599931,0.0268503664945991,0.00065891251209664,0.00927135080185083,3.36151966019512,0.0425382393911152,0.616609542840121,0.00277847766180201,0.0112061225500255,0.000665615910162933,2.36357292608878,0.0186172063343246,0.00193014312574807,0.104433117098698,0.000205718548857253,0.122494269659252,0.592072428394662,0.426933558423743,0.159108068733514,0.00545635986851787,0.00888302700690981,1.35537752565126,0.0615532524885027,0.0290309362440287,0.0167112389294494,0.0100413726047412,8.54558289597848e-05,0.00171732853339615,0.00924365195682515,7.85404493433475e-05,0.00508513192851991,0,0,0,0.00011483923782464,0.000332791869907766,0.000239690696427902,0.00011436273117278,5.1974819786472e-05,0.0758174029562514,0,0.0912352062727561,6.16176901070322e-05,0.000182823373722798,0,0,0.00677159491812617,0.0016906573409118,0,0,0.00173458504655463,0.000144113234609204,0.000552111944335386,0.131659995832583,0.0317491654333366,0.0220163218946607,0.00027860191891306,0.000864546864293444,0.000453563687745187,0.04352573938415,0.00124397881340001,0,0.00413625558998232,4.85144893053098e-05
3.32432442793526,0.00234145017771491,0.0684044849545924,0.0186963150077502,0.0224966352074848,0.500488143858702,1.04064492384222,4.41393122987924,0.051302340010182,0.353225503866827,0.0156142296500122,0.0619657041518873,0.00431027482980825,0,0.001601657001901,0.000492080227897676,0.0941843489874242,0.00111467609800384,0.0156855055619787,0.157571905606016,0.00946530025135762,0.00240347612573724,0.0766392048583414,0.0757199909857308,0.00346164982252909,0.0289583461774405,0.0140092579292348,0.0749536974168887,5.34383608441185,0.314928758614973,0.0013461437576564,0.197411804173939,0.0367170213430146,0.284725835086714,5.26615125132382e-05,0.0205730105173187,0.0132513787360959,0.159578208537449,0.024654974485701,0.0560829007587678,0.038543850617781,0.00207715863527075,0.003406904538138,0.000423551282196162,0.00404099276485368,0.00211493890962661,0.00131709566015547,0.000716874093621072,0.000166076053476538,0.00235914488979636,0.000497396932498564,0.000507726714804416,0.00101511482925038,0,0.000233329724316676,0.00591552735698554,0.000958187409777928,0.0217750787024107,0.00123385222441748,7.28121572742329e-05,0.000332283313452571,0.000534101132032748,0.00345414250444625,0,0.00405853398469655,0.000149632088870879,0,0,0.0001527204052166,0.00361345161223089,0.00382842495813628,0.00139330361949375,0.0256001262344601,0,0.000384243106707647,0.00158236306109646,0.0208711409536134,0.00477104896176178,0.00442516015185939,0,0.00030268167106276,0.00141779009997007,0.00437999887422303,6.67848187561187e-05
0.00145652995437969,0.00174488806739145,0.00510720437072537,0.00308247079488326,0.730327019478011,2.49425180292053,0.00844840518830345,0.00722619748993824,0.187563202478633,0.0100593386032119,0.00307723065774672,0.513890360290496,0.000772186293798065,0.001601657001901,0,0.00786418873160661,0.00232199094017371,0,0.0014859452546118,0.00954648267780389,0.0183179860929383,0.00251471152704006,0.0229402144745159,0.0102022304610858,0.00124053628972198,0.00484704704018283,0.0117583270699071,0.015032427350056,0.00564550530657602,0.00266578714755292,0.00140177771321217,0.0287658804978854,0.000954940700124272,0.0234971459811142,0.143147572545754,0.149355135323452,0.149604718528245,0.073014130876101,0.057268575111045,0.823944132832509,0.357622141188508,0.00264667594043327,0.0226107970826877,0.0469281668493024,0.0154190714081673,0.0182979117556307,0.000293235703735567,0,0,0,0.0010507550057086,0.00122529575976328,0.000283706467804622,0,0.000524932308458841,0.000501213633161302,0.000309871805837272,0.00212760348497554,0,7.03082825383623e-05,0.000163370897167088,0,0.000147138372292266,0.0112670853380592,0.00145360524208307,0.000458064199975371,0.000132490266725304,0.000597625795367998,0,0.00249860605059288,0.000424036838582078,0.00111322588660892,0.00149144489411341,0.000988800851795851,0.0014993019763384,0.0058100291618856,0.0012764809833501,9.04888852084011e-05,0.000576231992605895,0,0,0,0.00251961600142271,0.0433025275624209
0,0.132382494273661,0.00946171217956701,0,7.87990423630424e-05,7.4462469349606e-05,0.00157211263494932,0,0.0431717160062081,7.41804825093516e-05,0.00156410065807089,0.000119322266831645,0.00144441022589639,0.000492080227897676,0.00786418873160661,0,0.0161249027210918,0.000401229405834698,0.00337570221047181,0,0.149269708654523,3.13240472824707,1.47319690349558,2.43420091598152,0.0129766862284803,0.00808193227115798,1.02657789999526,0.277317154200385,0.000631010437202854,0.0122741855969485,0.000998588131911893,0.000143114676340713,0.00227450028483558,0.0204099915777095,0.00236775103357369,0.150946311798503,0.125997873535323,0.101278541342131,0.0882248196256764,0.0141220933820115,0,0.00081808938547008,0.0324731225949129,0.0405128589484618,0.0226068507790789,0.0252910630219963,0.00426426856042326,0.000560754905482806,0,0.00013540186057149,0.00988612799049796,0.0599975048126794,0,0,0,0.000479339594294295,6.10624929028728e-05,0.000349297670074862,0,0.000292457015909599,0.000369637878903915,0,0.000401834601994108,0.00278924546094315,0.244637381413238,0.00825954576240376,0.000135054325305113,0.000679575449570424,0,0.0230031368414839,0.224437176338918,0.0691020852930872,0.00527358476951061,0,0.0028486676472851,0.221871310835624,0.00668207385838233,0.000646173563425263,0.0023420697680764,0,0,0.00147960246741881,0.00217478988762529,0.00202311135036564
0.167477658887819,0.0919268726087356,1.49965313942624,0.000815106890719557,0.000168716952832819,0.00343564857800816,0.0541381371524672,0.0181104712548961,0.00284158755160723,0.000637285091658933,0.0183650382388683,0.000900301188789484,0.000969017440904524,0.0941843489874242,0.00232199094017371,0.0161249027210918,0,0.0220206857034338,2.39112743562701,0.000634657471692492,0.132513418002596,0.00791827578741168,1.83247577748894,0.0133771158568053,0.000993897715812007,1.38732007771375,0.494987773161523,0.0426555897417763,0.105676880943299,0.195335611090801,0.000592137913536993,0.00104743608690903,0.0549515755170482,0.351674668888769,0.000348804671146405,0.0210441925942832,0.13829714088372,0.0850294411817736,0.0262011784940978,0.00371334988015968,0,0.000306602493112575,0.00617792385994117,0.00517052182896318,0.00385026401132655,0.00362093457942562,0.000376270670421814,0,0,0.000246045315624097,0.0512519503532354,0.0133385934072358,0,0,0,0.00131373074685251,0,0.00124561458154225,3.90842544445175e-05,0.000793373261525922,0,0.000780376443967452,0,0.000414198614652446,0.00233258954733269,0.0113649788265468,0.000541881972615038,0.00380761185313847,0,0.00172426188942106,0.00348568745451988,0.00170767672232777,0.000539883679236223,0.00176558754401957,0.0139592379433249,0.0496908043241952,0.000595034636654857,5.00386863634891e-05,0.000890017539260123,0,0,0,0.002604542993653,0.000333187035615071
0.00176030631590983,0.00135103624310466,0.00195751247788849,0.000144292540233557,0.000434373159164736,0.000143682163518444,0.000571637029442625,0.000244141911064512,0,0.000436575039021504,2.33865075022707,0.000523158486535301,0.00408674871790953,0.00111467609800384,0,0.000401229405834698,0.0220206857034338,0,5.52341990983992,0.00163822002774854,0.000308571266371424,0.000677649413743819,0.00143687545372757,0.00037979986895577,0.0235947408388143,0.722483502530741,0.0200671005962816,0.00105163726619833,0.00321117275563858,0.00080293009138322,0.0225185029331774,0.00403147895841298,0.00305136457565395,0.0836873894649898,2.47674274824279e-05,0.0117924962292881,0.0704327606484536,0.0856419229033781,0.025885321985052,0.000771898019483208,0.00132261904555235,0,0.000316523587433721,0.00207017119504417,0.00124389962318397,0.000225743598307987,0,0,0,0.000145061801539947,0.00181860329408229,0.000236679993149226,0,0,0,0,0,0,0,0.00419514012932006,0,0.00824241541286292,0,0,0,0.00053538141855199,0.00258830412372445,0.00023590682558132,0,0.000137685056506801,0,0,4.68987115983068e-05,0.0172955190112388,0.0100562951581114,0.0045201294643139,0.000499209444916389,0.000212047382917883,0,0.00819065112776777,0,0,0.000312879355803194,0.000149825103668099
0.0207414558819716,0.0180016967669508,0.139858256008202,0.000145120251662055,0.00161450406564911,0.00177111556101638,0.00689467935621546,0.00242270156467669,0.00171694910308308,0.00160521916068034,1.61861899790729,0.000913477183721704,0.00229344696874054,0.0156855055619787,0.0014859452546118,0.00337570221047181,2.39112743562701,5.52341990983992,0,0.00244986953117264,0.0196268065553417,0.000816342500241275,0.0519999069927199,0.00346995565449302,0.00959871523876504,1.768170887061,0.117421902563643,0.0104580130363809,0.01812265598377,0.01833384195945,0.00664723298264812,0.00231706792802503,0.0100469620594794,0.671706332526065,0.000818300881817886,0.0357635955974002,0.118456690778037,0.275311837306322,0.063144714515643,0.00152012340921715,0.00101212620042116,0,0.000699001743552541,0.00279962022653271,0.00165043653850349,0.00078675232230256,0,0,0,0,0.00791376465628362,0.0004925714253176,0,0,0,0.000208558591173042,0.000151411319320831,0.000122685309780228,0,0.00174980127305054,0,0.00284920160493827,0.000118414431628904,0.000402503310569145,0.000254189697984452,0.000671251134977477,0.000404063832156487,0.00180640459897882,0,0.000109308533279011,0.000181546308303009,0.000197984415650542,0.000403277173450303,0.0184721418492549,0.017082508186658,0.0249660446731522,0.000443591935168382,0.000229357270274972,0,0.00153782160137467,0,0,0.00140944509470067,0.000362223221750857
0.100126069865983,0,0.000911452660940811,9.16134683142582,0.00203033812698399,0.201511920667977,0.114864517584355,0.047849033049154,0.415770920658638,5.43214943104224,0.0108409573617265,9.89556649867827,0.00435851685147933,0.157571905606016,0.00954648267780389,0,0.000634657471692492,0.00163822002774854,0.00244986953117264,0,0.000415310881067957,0,0.00176223585296997,0.795298797527772,0.00227842592997019,0.00368433064896505,0.00188869833195145,0.622438523928078,0.156023707472757,0.00229721490249466,0.000725587023672281,0.014028477871669,0.0964354874046763,0.157719119038667,3.86398632681376e-05,0.0251689223430685,0.00987553814801146,0.11870649810256,0.0345391344750823,0.11068819388492,0.00614713893530565,0.00201793077978665,0.00140984507231483,0.000575710836165444,0.00306142980788777,0.00147144890259241,0.0106743715081165,0.000303788415171504,0.000274399018712512,0.000631139013302407,0,0,0.323994320216226,0,0.00112690347701076,0.00444807804887436,0.00174480106277881,0.0123546519058925,0.00872216433704862,5.88280204889156e-05,0.0356573996443944,0.000298428708515442,0.00266242371594988,0,0,0,0,0,0.0671257249933733,0.000388455154076224,0.00102661918129226,0,0.0303719522018286,0.000283103547395469,0.000251922156342269,0.000193114604469961,0.0109884605155061,0.00119609492532799,0.000622648191733684,0,8.60877075979857e-05,0.00102380025952787,0.00126878087055911,0
0.0180912637768874,0.0076247548029477,0.332063809942279,0.000533507367804763,6.7010835162703e-05,0.00125394394280247,0.0708006213840514,0.00148675750179755,0.00385544149434551,0.000738041010131532,0.00514850279027742,0.000442158772110757,0.000676708114599931,0.00946530025135762,0.0183179860929383,0.149269708654523,0.132513418002596,0.000308571266371424,0.0196268065553417,0.000415310881067957,0,0.133989881926243,5.85448494328367,0.0503059292128491,0.00152629220368568,0.0386545040853052,0.105093128368226,1.60089539798232,0.772821944257567,2.56528477217589,0,0.00174602667724362,0.932746300475264,0.475679358912041,0.0105170102996028,0.390940789295091,0.179447252230639,0.453570019617583,0.226024039282953,0.0301820336576935,0.00087952086340137,0.0010115481074282,0.00894302905566619,0.0035471973603762,0.00290249953462158,0.00252439774050305,0.000614614356364551,0,0,6.86762919667504e-05,0.00142420393714541,0.00436586731081512,0,0,0,0.000620486950245412,4.47025886230327e-05,0.000682413848084077,0,3.61674371272607e-05,5.6848974783302e-05,0,0.00017083919512275,0.00279506487561533,0.0722570677652404,0.00175885964187061,0,0.000205133638888483,0,0.0201784358498985,0.0311931596594505,0.0511658132475896,0.00302325734371936,0.000161234646775768,0.000931213193191493,0.0332960753564523,0.00315936370980312,0.00059804153211032,0.00189862742984844,4.80557415683674e-05,5.73445669473267e-05,0.000309813645219885,0.00112632497646751,0.00609809465720515
0.00152478538491501,2.27710870902337,0.00444829945639484,0,0,0.000224736700394097,0.00514962358712519,0.000413099447789788,1.90665594970693,0,0.0135680365762243,0.000539721308232752,0.0268503664945991,0.00240347612573724,0.00251471152704006,3.13240472824707,0.00791827578741168,0.000677649413743819,0.000816342500241275,0,0.133989881926243,0,0.176204218726724,1.42978773495347,0.315657827208845,0.00631574826276959,0.657823899312024,0.12566062577243,0.00442177828558284,0.0476587931915529,0.0147084835650653,0.000253672209558364,0.00838439763544746,0.012151779411722,0.000605239706427008,0.0769336169965033,0.0369666886693304,0.032754984061767,0.0193681736176727,0.0056338674790154,0.00124570298498766,0.000988042507307489,0.019454189913369,0.0217365269590094,0.0194022688228334,0.0158743599727792,0.00252231727609821,0.000410108559174158,0,0.0114150169457615,0.0511773211090508,0.0434996481620313,0,0,0.000115588041953401,0.00340004519002263,0.000207536438761252,0.00823676653177632,6.43680408785553e-05,0.000482641238146248,0.000238744706186528,0.000615443445610764,0.00277087677903716,0.000923209905305533,0.223750263113286,0.00963655514695548,0.000206403710910422,0.00198032824851182,0,0.0927122586079143,0.297450285420911,0.118411470991505,0.0284935691806147,0.00332861939382174,0.00491852645198117,0.112940494330825,0.0242263519965077,0.00832150357729412,0.0316839591454516,0.0010037609453356,0.000164985598905396,0.0129895402618885,0.00856393493326762,0.00043990188304569
0.166966002566543,0.0435028015492881,3.57544127288976,0.0012234406083329,0.000203935618856965,0.00704417387799921,0.230925684712268,0.0186698693994101,0.00391773820882365,0.0019452576721115,0.00755232766235975,0.00232210704291968,0.00065891251209664,0.0766392048583414,0.0229402144745159,1.47319690349558,1.83247577748894,0.00143687545372757,0.0519999069927199,0.00176223585296997,5.85448494328367,0.176204218726724,0,0.111124356768815,0.000246353247645936,0.250194415603542,1.54952364976458,0.603088647859898,1.56894165871297,0.39484061012821,0.000311735151417183,0.00310565032954933,0.0828088647808729,0.41434249251106,0.017794206025194,0.508730603093231,0.452079499757082,0.840014136525497,0.338752020936635,0.0780108916696817,0.00136602486041946,0.00123305595904448,0.0292043534167486,0.023577121846887,0.0153353750229819,0.0119719206492819,0.00181448236510626,0,8.8395409600219e-05,0.000204314074330214,0.017947505821865,0.08381414068148,0,0,2.92820877210564e-05,0.00166185796871472,0,0.00151564561180126,0,0.000137609069026603,0.00128497780064646,9.95783081993579e-05,0.000267810027192539,0.00551041211407265,0.058606023951652,0.0151698260306091,3.88235361763857e-05,0.000372179069964101,7.80108765504476e-05,0.00804958346879173,0.0673780413587348,0.0335971454728721,0.00541707198769012,0.000119135039498848,0.00515715826209999,0.215268875691909,0.00460444307614783,0.000379324462344298,0.0010425506583679,0.000118112682207017,0,0.000112333653382033,0.00267778003526232,0.00995966325352838
0.0425237161915104,0.269580689711292,0.0217421591541506,4.89093881741989,0.000511977768292699,0.0823733383333694,0.27441365480375,0.0288955711328828,5.89779702467446,0.187433253825698,0.0104671915092289,0.824070568092592,0.00927135080185083,0.0757199909857308,0.0102022304610858,2.43420091598152,0.0133771158568053,0.00037979986895577,0.00346995565449302,0.795298797527772,0.0503059292128491,1.42978773495347,0.111124356768815,0,0.0660791853999961,0.0188394266694972,0.323026127911128,3.56565610751794,0.131672047580758,0.138861000545032,0.00357567691961833,0.00735090978166506,0.101058004926276,0.283812378314822,0.00320993764866245,0.220032541462266,0.103627193375122,0.166967009286476,0.0993757294715848,0.0723397263399317,0.00267258190259837,0.00119234280522094,0.0311106780464854,0.00552500136636416,0.0348719540714968,0.0174016045916559,0.0193796273826304,0.0001844673969809,0,0.023356565851122,0.00442925111802563,0.0117693264556793,0.0112168324596728,0,0.00385115842884067,0.0415030627692062,0.00746211948721724,0.193548550522463,0.0287871528241586,0.000966254996802051,0.00890254525279794,0.000810679379156951,0.0294884989287547,0.0011863598502131,0.169443125662078,0.00460363789190737,0.000360712441017182,0.00119003500601364,0.0165689043360223,0.0976896645783156,0.101632106119974,0.0927400184474022,0.289820236540192,0.00133229864102096,0.00669254172094929,0.0302123407546873,0.207539956343052,0.0405425590379977,0.047215346816416,0.000411871043091533,0.000269445681671061,0.0152006389896639,0.0445568128636503,0.00151225804813525
0.000524930819321631,1.83201845416823,0.000929985299444077,0.000403230632515093,0.0017184707491145,0.000123089975168752,0.000538737244278663,0.000968490951025273,0.112518323556184,0.000575264223917931,1.53885749307894,0.00110347907415198,3.36151966019512,0.00346164982252909,0.00124053628972198,0.0129766862284803,0.000993897715812007,0.0235947408388143,0.00959871523876504,0.00227842592997019,0.00152629220368568,0.315657827208845,0.000246353247645936,0.0660791853999961,0,0.147226133466546,1.04501136929154,0.00434152438290635,0.0051363051547703,0.0013505970244366,0.953363763674274,0.00387735246257748,0.000592324927879289,0.0534419195781137,0.00014732200477344,0.0237009084277831,1.17504323494229,0.376242126396775,0.0303967571110808,0.00117380088849465,0.00354938737024872,0.794229880348593,0.00368354070438105,0.0417327226303787,0.0208723817703937,0.00749912652446584,0,0.000396152638821153,0.00337451822585183,0,0.0180380894197005,0.000327649054800759,0,0,0,0.000238037650300088,0.000501195385784904,0,0,0.0315859311061895,0,0.0498575360153483,8.4957264172212e-05,0.000604992239549879,0.000552231573279455,0.0011227758983424,0.00817096276847378,0.00161881474685505,0,9.4581238254109e-05,0.000504255547121815,0.000449586858512914,0.000777523423409413,0.924552173311447,0.0591820898698774,0.0791807470482397,0.000268236059799958,0.000577796708110304,0.000328720535987335,0.0379063574994777,0.000366453318278332,0,0.00580754988466386,0.000194733175250619
0.0428352904068055,0.0398418030361737,1.83843487655929,0.000830243867443199,0.00103878089305232,0.003408304218346,0.0660042932946006,0.00690435292171847,0.00390395390378543,0.00157817400590159,0.799550087238328,0.00225864715841886,0.0425382393911152,0.0289583461774405,0.00484704704018283,0.00808193227115798,1.38732007771375,0.722483502530741,1.768170887061,0.00368433064896505,0.0386545040853052,0.00631574826276959,0.250194415603542,0.0188394266694972,0.147226133466546,0,1.67865669574975,0.0402907634216168,0.0331528921967341,0.0421582274010832,0.354857078185066,0.00551938582693218,0.00779490474631214,0.283035551257838,0.00375233076705121,0.190718986421236,0.411177161917301,0.36901109049169,0.109432637899511,0.00322229794984951,0.00145194023700482,0.00278472159289067,0.00908069833526843,0.0113816965039341,0.0121823536856002,0.00214293269299303,0.000208493683657756,0,0.000228054264847191,0.00069466360101233,0.0520652631175201,0.00432708200725443,0.000115267539040912,0,0,0.000754016249084989,8.59765280796401e-05,0.000192509467107898,0,0.023511752646927,0,0.034949076126089,0.000542632048120438,0.000478927039025898,0.000801837541009843,0.00793892919753304,0.00760856631810483,0.0123664450730085,0.000121300028928586,0.000780017622285578,0.00142332303809331,0.00134985338266364,0.000973000399747005,0.0830427377520017,0.144358263340054,0.196070179913653,0.00109471942443897,0.000504054693299071,0.000963428083776782,0.0206970873654329,4.87811417239567e-05,4.63254165201932e-05,0.00467315640360623,0.00205764990940719
0.0176849242747057,1.07040153061131,1.81213649125134,0.000635476363762295,0.000553884113892846,0.00160979688015252,0.0392754535631211,0.00286553013936423,0.0900516703921125,0.000757090146649673,0.138099782481451,0.0013139703480624,0.616609542840121,0.0140092579292348,0.0117583270699071,1.02657789999526,0.494987773161523,0.0200671005962816,0.117421902563643,0.00188869833195145,0.105093128368226,0.657823899312024,1.54952364976458,0.323026127911128,1.04501136929154,1.67865669574975,0,0.143846482300348,0.0160605379927532,0.0255197154068352,0.504144830808963,0.00260560529697358,0.00487279409768907,0.451442937040646,0.013538934421329,0.385222058116123,0.369306520237334,0.692630168099847,0.251291575990272,0.0224756194886161,0.00128553012528909,0.00108566470543762,0.0645023032376573,0.0574356478216283,0.0610240527984327,0.0311615616569371,0.00208775677757205,0.000207042733171805,0.000178164026891297,0.00395374153816741,0.195538883006988,0.176078886925711,0,0,0.000209182535436959,0.00884058294022507,0.00123370095334899,0.00215275395561544,7.53020280014078e-05,0.0291700745833634,0.000955248914446755,0.0464648761816737,0.00341237586986864,0.00284516704775989,0.0171807962832385,0.112663064290463,0.0133641708983104,0.0331073375271216,0,0.00946723262211763,0.0479862813873034,0.0299169076317724,0.00742681298830267,0.17741303420398,0.336746592556288,0.935583289654968,0.00757216377945868,0.0026466001518516,0.00664588440071726,0.0249412008951083,0.00033307470335318,0.00023010345149037,0.0219295194772992,0.00901329242718078
