0,0,0.00197432655164175,0.0122225774688622,0,0.0011855792345373,0.876258860226596,0.0271671217276136,0.0351174798927387,0.0166913442136547,5.46293191348774e-05,0.000284239467911016,0,2.26178486820181,0,0.00125157817267686,0.00327286175460288,0,0.000278940754302937,0.00463277890183371,0.00298046220553264,0.00245848096948287,0.00348182110184245,0.0455696870428689,0.000444958737291154,0.000392374830517777,0.00104146601930013,0.0456781951818584,2.60260519304515,0.643628531303617,0,0,0.550246206354295,0.0792715626111477,0.000143137418355236,0.00886806988595435,0.000631910035231529,0.0127080608502024,0.0121167020389254,0.00113854600530859,0.000448887540104139,0,0.000216600433562471,0,0.0003099727052491,0.000274704729838888,0.000219186520441948,0,0,0.000744137076902858,0,0,0,0,0,0.000659617221676996,0,0.00304874260770535,6.17967555666035e-05,0,0,0,0.000300332642365134,0,0.00155968488085162,0,0,0,0,0.000397426272095797,0.000340648949264505,0,0.00259539621422442,0,0,3.41986891374419e-05,0.0024644746149316,2.4879689464585e-05,0.000885367022539691,0,0,0,0.000278805377546537,0
0,0,0.00491734230021089,0,0,0,0.000601601307389423,0,0.0850410338068064,0,0.0109513598188562,0,0.0856532132462897,0,0,0.11672358310358,0.00244524619278689,0.00573173786500795,0.0220930201737928,0,0.000589759950252732,1.26968115160351,0.00251846865959516,0.0317245943156765,1.37930379501847,0.0217854429427699,1.48936324879949,0.00279773605458044,0.000193863344662436,0.000541326749649643,0.00985099021501374,0,0,0.00827062728053958,0.000175473302863993,0.00526980187448957,0.0204680259332175,0.020263531105252,0.0131286905674801,0.000703127680717008,0,0.00199431393033521,0.00625283156169988,0.0156350221977488,0.0153798977718834,0.0191045403521339,0,0,0,0,0.95756040163047,0.0060038130585706,0,0,0,0.000323434074929771,0,0.014953081016449,0,0.00190368136671351,0,0.0106455906033387,0.000243046443053625,0,0.0131483965411017,0.00637699414654297,0.000419650437874425,0.00260997491535677,0,0.000611582742414144,0.236477333480979,0.00286829169014314,0.00205333833539383,0.397177419831035,0.00879220591071625,0.0962052586706334,0.00121639889416781,0.00012651445577154,0.000466851224867784,0.00211560870139612,0,0.00136593848258781,0.00905092080805404,0.000109820607442617
0.00197432655164175,0.00491734230021089,0,0.00133176317747129,0,0.000573714239386946,0.110611721986281,0.0266255688172199,0.0018794164321857,0.013167862221899,0.00597032091139122,0,0.00105870548081599,0.0112620076949483,0,0.0245688837832124,0.930108825353312,0.00251606432040651,0.0227983862101548,0.000624418499525653,0.134296081634579,0.0125300732187568,3.10035141063087,0.0118546391592283,0.00160166873870041,1.63893089982311,1.92950720775982,0.0854769972619755,0.00264836644841057,0.0672248257226861,0.000963311039463528,0.00016018559426865,0.000857160325591494,0.157527553064293,0.00180785607124327,0.120683414288928,0.58537233777529,0.247375798680033,0.134989636121504,0.00306646907699715,0,0.000710731066295371,0.00117721633901371,3.57701802818074e-05,0.000415690884956153,0.000347854414909138,3.81508134144866e-05,0,0,0,0.00128300161515851,0.000442417038103286,0,0,0,0.000114397844964969,0,0.000405975143214256,0,0,0,0,0,0.000123383855597195,0.00113879103328381,0,0,0,0,6.46039614174325e-05,0.00210957752950338,0.000174544636266573,0.000373995343279252,0.000995288763229262,0.000146612619509601,0.00454795716073032,0.000517056466834138,0,6.15494205874808e-05,0,0,0,0,0.000504830346218588
0.0122225774688622,0,0.00133176317747129,0,0,0.00522435785771212,0.0378204297187598,0.0109259196581014,0.114032022446982,1.07711541627315,0,2.25043230969605,0,0.0186086632806663,0.0011031281437076,0.000246047520503039,0.000316108764600994,0,0,9.81938088625258,0.000482040487325662,0.000645307104475696,0.00110837566399929,6.57404110217453,0,0,0.000327274129585366,2.4761813581957,0.0348195278412369,0.00230028773646353,0,0.000294775705340536,0.00888810704195088,0.00682513024976466,0,0.00298167746151098,0.00174698205447186,0.00233069915919837,0.00258297401102998,0.0145267424431578,0,0,0,0,9.00953930900554e-05,9.01798186436786e-05,0,0,0,0,0,0,0.0403531881984586,0,0,0.000200393059026726,0,0.00171612508114912,0,0,0.00406567049224787,0,7.97365380345136e-05,0,6.00195340388502e-05,0,0,0,0.000811944400552617,0.000156369170501124,0.000111707482251935,2.4606162713364e-05,0.000630318301238755,0,0,0,0.00105376178797719,2.73139187911358e-05,0.000135690758242251,0,0,0,0,0
0,0,0,0,0,1.12977478273584,0.000109422729352982,0.00675745483824566,0.000136984620480742,0,0.000265170300356786,0.000165861585156979,0,0.00186870466858933,0.00860795589034883,0.000438211762526177,0,0,0.00033473841789651,0,0.000246096176004409,0.000102934587817125,7.01561472051535e-05,0.00010778923442439,0,0,0,0.00072750328087991,0.0816288986388072,0.000556293321913688,0,1.17767507035301,0.000765492097288949,0.213367975971667,0.00382835803037776,0.0001305703901255,0.000599673504305384,0.0490912137135636,0.000218226607672206,0.774292746761565,2.66104865183236,0,0,0.000215336572543091,0.00038122600953522,0.000832987065937057,0.00119926762795295,0,0,0,0,0,0,0,4.99873844329634e-05,0,0,0,0,0,0,0,0,0.000721948696070829,0.000239795902342778,0,0,0,0,0,0,0,0,0,0,3.68489613285716e-05,0,0,0,0,0,0,0,0.000929536827514233
0.0011855792345373,0,0.000573714239386946,0.00522435785771212,1.12977478273584,0,0.0333673416492123,2.47471613498223,0.0124394662235335,2.06745545904303,8.75365921926203e-05,3.85028916546759,0,0.0404904011517367,1.25748562016773,0,0.00032274433833265,0,0,0.0288947640724083,0.0004857010302939,0,0.000559370217113102,0.00709338121324336,0,0.00012405604931563,5.69133775689917e-05,0.0124989207467468,0.154202203890912,0.00206188158355931,0,0.162625451374581,0.00191934991948673,0.0540987334774368,0.571516097820849,0.000532637211132619,0.000376722307043128,0.0132963746810778,0.000736296199757693,0.90292828945596,0.0451355161915309,0,0.000268339884928505,5.12527914607874e-05,0,4.35896052386996e-05,0.000629414503959609,0,0,0.000123784552401092,0,0,0.000140706850665587,0,0,0.000126704235573677,5.27988856442697e-05,0.000157110309796038,0,0,5.30543009347254e-05,0,0,0,0,0,0,0,0,0.000148893737734534,0,0,0.000619287935284749,0,0,0,0.000143422311893833,0,9.46076912327052e-05,0,0,0,0,0.00123270611121265
0.876258860226596,0.000601601307389423,0.110611721986281,0.0378204297187598,0.000109422729352982,0.0333673416492123,0,0.3829931053707,0.232165459963923,2.63148339652854,0.000924788455714641,0.000712552542744303,0.000229217156807233,1.18591327101493,0,0.00804251208483845,0.0223842142753797,0.0002764573189148,0.000732792956891937,0.00576381483465196,0.0999707334837352,0.00784585322925494,0.161390698151025,0.309234521898238,0.000827021976106958,0.0168108951107303,0.0264123155203762,3.63374330774078,0.14870569896278,1.77461933210708,4.16788765446874e-05,0.000673411592459924,0.0525417176533129,0.084592290490809,0.00137001257551775,0.0745237323943948,0.0476502881360365,0.0716135250506042,0.0602058470917968,0.0131751332546438,0.000119102827006136,0.000933194023785985,0.00199363217209748,0.000526419779325908,0.00108992975758775,0.0013321612611313,0.000364012920476181,0,0,0.00186804818534528,0.000307096099196755,0.00022632036454179,0.000616328958299897,0,0.000257217212473813,0.00775168270026594,0.000624626562833839,0.0155708248845351,0.000130974742769696,0.000107573872358101,0.000105784131097648,7.51426084532334e-05,0.0014539471322922,0,0.00954712820495211,0.000111241444766546,0,0,0,0.00249888058598806,0.00204122644235259,0.000854683811993667,0.0195330502827682,0.0001158201805964,1.27563640895162e-05,0.00123839372436795,0.0138368829373856,0.00158548348360101,0.00388706695197017,0,0,0.000925947669059991,0.000576627930348734,0.000154641802233097
0.0271671217276136,0,0.0266255688172199,0.0109259196581014,0.00675745483824566,2.47471613498223,0.3829931053707,0,0.0678065086978644,0.932344458017852,6.40939424727183e-05,0.0282953754439422,4.51379945542614e-05,3.80725568695982,0,0.00126104414796117,0.0118215967227278,7.45856727657479e-05,0.000307248729013281,0.0155233086135234,0.00897018014769961,0.00134099033871038,0.0303305133215677,0.0373706716011153,3.76509914841641e-05,0.00652296435970606,0.00582774762115223,0.0544069371906153,0.41331068634802,0.0751608140856883,0,0.244078612237639,0.00995336972829719,0.0504101659996781,0.0182072610220535,0.0123518934660075,0.00738163893786265,0.0180586567174865,0.00803863315629249,0.0190000008441284,0.0103829459482761,0,0.000293959722162668,0,7.34087913742913e-05,0.000225119830317793,0.000351058555076314,0,0,0.000425839142731759,0,4.74879034756976e-05,0,0,0,0.00358219710362476,5.30893003444976e-05,0.00419020208841081,0.000104053983323437,0,5.70717181991613e-05,0,0.000185252657739852,0,0.0014210573507588,0,0,0,0,0.000257041278320658,0.00024213829299159,0.000130932119556972,0.00379808720910285,0,0,0.000179905873071577,0.00249497363212445,0.000342877818072945,0.000810649341745316,0,0,0.000142452415943174,6.12004004862492e-05,6.19395185580407e-06
0.0351174798927387,0.0850410338068064,0.0018794164321857,0.114032022446982,0.000136984620480742,0.0124394662235335,0.232165459963923,0.0678065086978644,0,0.122636119433738,0.00227781867142579,3.09449643107714,0.0139521569010003,0.0328418776372309,0.670278932609414,0.011052473174714,0.00220446121981114,0.000765263881509887,0.0022919739130309,0.165424101174624,0.00293894187683374,1.79734791281789,0.0020240843002374,5.70350540742739,0.0619698420134447,0.00313180209567491,0.0466150121437933,0.330101830305546,0.0675708396684884,0.0388910223189421,0.00120030217852858,0.000536289594400205,0.0602688259642109,0.0308719291839505,0.00440431954886354,0.0617298836416907,0.00793676464071367,0.0256783349619299,0.0415631493495936,1.7959950897695,0.000204644900019157,0.00169703419534831,0.0152425559622048,0.0050595198811646,0.0144864722404306,0.0188147660838937,0.00046342011693451,0,0.000195222056021183,0.0133063556803066,0.0315053428129942,0.00169698835263762,0,0,0.000255792032495974,0.0255198884654784,0.00131279266499805,0.738844197254557,0.00060950394658848,0.000238894398966885,6.42497608939448e-05,0.00118790170930387,0.00580524830153219,0,0.164139743610811,0.000410581773529326,0,0.000563957445644934,0,0.0149422112897082,0.151410437496254,0.0101553764664237,0.106647980822801,0.0177284295133455,0.000330988238603286,0.00891318939158375,0.0622175004599217,0.00957414461899685,0.0231821424821379,0,0.000178946322072552,0.00434086813760868,0.00475360635312272,0.00158299986052857
0.0166913442136547,0,0.013167862221899,1.07711541627315,0,2.06745545904303,2.63148339652854,0.932344458017852,0.122636119433738,0,0.000104398370844853,0.881835132639272,0.000129772542155441,0.135318386824398,0.000360352188550133,0.000775090237023778,0.00137862037467211,0,0,2.75480200781352,0.00470324685580183,0.000751100662970689,0.00975478620339833,0.150763231409122,3.11294830854418e-05,0.00248696605259995,0.00267596489089816,1.49109123322796,0.121359835235497,0.00942656896266034,0,0.000795612795263197,0.0171342898387717,0.035927041762244,0.0250285012871693,0.00892869830396337,0.00597583039474727,0.0115528793921317,0.00614539696045587,0.214446663159949,0.000113528263421528,7.77103087877444e-05,0.000176447682628359,2.96380937057528e-05,0.000147476910393928,0.000310699770781476,0.000134933066483526,0,0,0.000477017157823558,0,0.00011440297706703,0,0,0,0.00180860885312028,0.000194194603380249,0.00329178645468149,0.000174445442325701,0,0.000299111311256602,0,0.000616804752444566,0,0.0018032487136497,0,0,0,0,0.000188091009597713,0.000452669266460815,4.35406614100167e-05,0.00418541515823015,2.33700464541294e-05,0,4.33182449177216e-05,0.0028041273071775,0.000111842202661186,0.00079723888596165,0,0,0,0.000243813307888298,3.69841390650077e-05
5.46293191348774e-05,0.0109513598188562,0.00597032091139122,0,0.000265170300356786,8.75365921926203e-05,0.000924788455714641,6.40939424727183e-05,0.00227781867142579,0.000104398370844853,0,0,2.97930397065733,8.186981690595e-05,0,0.00304033212461342,0.00571486356477215,0.774987180846919,1.02271691846318,0,0.00148673532655115,0.00744787107403427,0.0057981260339452,0.00113358459410378,1.12237014734746,0.27580603247666,0.131204609166959,0.00140412803701798,0.00283236721291459,0.000769295619641756,0.35978677632397,0,0.000473640749827488,1.3851799361623,0.00208732581246132,0.118761871225867,0.892216532095823,1.30560898824108,0.167039117544816,0.000468028057740065,0.00018071134621188,0.040858462143844,0.000918799627224147,0.00282759379880888,0.00166527145377912,0.00119873005250279,0.000350191742889634,0,0,0,0.0049641135313877,0.000182940395431806,0,0,0,7.35624322500354e-05,0,0.000260228108853095,0,0.0005618996525239,0,0.00134286895656789,2.15192067710013e-05,0.000559216412421024,0.000208741762423743,5.20401569091165e-05,0.000574735449226414,0.00192436579100668,0,0,0.00169452982359517,0.000305847458134584,8.06471202492755e-05,0.0198250396153286,0.00422851201258747,0.0103354472838721,3.91999837825016e-05,0,0,0.00108809583602083,0,0,0.000138916448729996,0.000698647629952715
0.000284239467911016,0,0,2.25043230969605,0.000165861585156979,3.85028916546759,0.000712552542744303,0.0282953754439422,3.09449643107714,0.881835132639272,0,0,0,0.00389232637070919,0.853848324805973,0,0,0,0,9.89779622837893,0,0,7.53519974296215e-05,2.86045167686337,0,9.81510850274481e-05,0,0.0226826925922113,0.0104966236782411,0.000176652994427444,0,0.000158493804808979,0.000163997251787854,0.00488796739174045,0.404308392789208,0.00571252281122076,0,0.00122108854282518,0,0.652208736191022,0.000144878745470554,0,7.13653521713679e-05,0,0.000153201282885228,7.99845656679864e-05,0.000164388132987043,0.000171387826139249,0,0.000115671415797974,0,0,0.0146428658237811,0,0,0.000235036747429028,0.000196442638778882,0.000167083114828753,0,0,0.287768126722896,0,0.000107169964889052,0.000437208592033049,0,0,0,0,0.0962993419080814,0,0,0,0.000820754482478063,0,0,0,0.000157532952371709,2.2351539361375e-05,0.000306864862484842,0,0,5.46355506720552e-05,2.69268608593875e-05,0.00513678979111572
0,0.0856532132462897,0.00105870548081599,0,0,0,0.000229217156807233,4.51379945542614e-05,0.0139521569010003,0.000129772542155441,2.97930397065733,0,0,0,0,0.00662283408270188,0.000241463416566226,0.00782413287593112,0.00599713805713854,0,0.000837470604751179,0.0624967490401412,0.00297498486823614,0.00467309463155215,5.10933978294442,0.062422615491127,0.484691698392028,0.00107321597943458,1.78981562961233e-05,0.00068150937598863,1.42529109640848,0,0.00021656816248326,0.00556618911211701,0.00044459306766293,0.284922813634225,0.67094994495151,0.174530847707965,0.316081743778252,0.000456891999827271,0,0.810094386565717,0.00267244083255384,0.00948940996043254,0.00382154097860985,0.00193010918632873,0,0,0.00964033560106402,0,0.0374197982966309,0.000509271379276628,0,0,0,2.64673815470692e-05,0,0.00175711511111599,0,0.000965258873117655,0,0.0109376959142602,0,0,0.0019028250328729,0.000175792942427508,0.000557848515366818,0.00251072037808277,0,0.000309579140458261,0.0119891020870659,0.000223650657812651,0.000382899336788525,0.0584469663826436,0.00645754348499766,0.0212298284444618,0,0,0,0.000890083846596839,0,0.00022111107971989,0.00121997807283945,0.000154707448646726
2.26178486820181,0,0.0112620076949483,0.0186086632806663,0.00186870466858933,0.0404904011517367,1.18591327101493,3.80725568695982,0.0328418776372309,0.135318386824398,8.186981690595e-05,0.00389232637070919,0,0,0,0.00149032016970155,0.00811208562426062,0,0.000189657645491108,0.015433513109201,0.00413483919380291,0.00191287082303622,0.0149919840913657,0.0483393532110524,0.000211810414222871,0.00346396639075176,0.00355647586259136,0.0688323530887028,4.11740676471194,0.204516690409171,0.000166849016287624,0.0940144502291257,0.0177179015272924,0.0907532370615739,0.000158225986755519,0.0103279869904703,0.00390600759977472,0.0173523156551185,0.00738745356683205,0.0080075538313776,0.0105230752025588,0,0.000377970647149497,0,0.000593622006426364,0.000317326606188682,0,0,0,0.000141391620576336,0,0,0.000102381687588991,0,9.92099923068156e-05,0.00234893903998727,5.66248797313268e-05,0.00345110294083797,0.000123077472546761,0,0,0,0.000361751643627752,0,0.0037803573232564,0.000116405966016232,0,0,0.000112041027169137,0.000597706684754633,0.000597971419286363,0.000203781998396959,0.00339600686145381,0,0,1.58197827039436e-05,0.00359387991132307,0.000492251611920575,0.000582835134311013,0,0,0.000295612264568327,0.000397166542989385,0
0,0,0,0.0011031281437076,0.00860795589034883,1.25748562016773,0,0,0.670278932609414,0.000360352188550133,0,0.853848324805973,0,0,0,0,0,0,0,0.00124405955385233,0,0,0,0.00886646266266768,0,0,0,0,0,0,0,0,0,0,0.148862034304806,0.000656244960657082,0,0.000156810376523275,0.00229216426524333,0.965976326935172,0,0,0.000150523184270386,0.00111284779788592,0.00422856710379911,0.001716859360915,0.00612334057815323,0.000901802066074486,0,0,0,8.74729805292272e-05,0,0,0,0,0,0,0,5.55107833063581e-05,0.000219196637993857,0,0,0.00201668356385456,0,0,0,0,0,0.000162636635489655,0,0.000346308346321013,0,0,0,6.38935529475102e-05,0,0,0,0,0,0,0,0.00527890255513443
0.00125157817267686,0.11672358310358,0.0245688837832124,0.000246047520503039,0.000438211762526177,0,0.00804251208483845,0.00126104414796117,0.011052473174714,0.000775090237023778,0.00304033212461342,0,0.00662283408270188,0.00149032016970155,0,0,0.0101252419290754,0.000631688322118316,0.00376452668007225,0,0.433174898806705,5.60701711462641,1.63091889958974,1.63779703635221,0.0267326376982642,0.0142539684929249,0.865926289846564,0.484027278482234,0.00335878730834637,0.025800785700725,0.000677533475994895,0.000167507838268697,0.00734077943306756,0.0969428497825328,0.00522876937279808,0.295057318149936,0.277660417390352,0.249517557352849,0.255245932992745,0.0292336778181983,0.000604833644669341,0.00945720189010827,0.0249104248182779,0.0130672883677209,0.0186696451163266,0.0224197070233998,0.00185599282096107,0,0.00088981535155911,0.00113675526892096,0.0190195380493968,0.00609612227404321,0,0,0,0.0024538251712184,0.000280077967130754,0.00920422906533701,0.000262553599024358,0.000368160008344977,6.54516498096534e-05,0.000728233534944366,0.000691054956176132,0,0.337535900170738,0.00083185095390913,0,0.000122876635262809,0,0.0229196000214985,0.18773873146552,0.0424314888162522,0.0190191373121397,0.0122236505871184,0.0010094442245353,0.0588832122621877,0.0165398230787704,0.000816374479170125,0.00460059904460412,0.000101422259584437,0,9.05580215412819e-05,0.00368943450796945,0.00160102916102999
0.00327286175460288,0.00244524619278689,0.930108825353312,0.000316108764600994,0,0.00032274433833265,0.0223842142753797,0.0118215967227278,0.00220446121981114,0.00137862037467211,0.00571486356477215,0,0.000241463416566226,0.00811208562426062,0,0.0101252419290754,0,0.00090845250676428,0.830008181746893,0,0.0592132917051829,0.0129935369900522,1.72489898463932,0.00525533405081323,0.000401271483087444,1.34892698846742,0.138502533389854,0.0125574197364507,0.0823877017921099,0.0236647159710903,0,0,0.00414526128133157,0.17094418261529,0.000148782265806391,0.00935052441482154,0.11715135350094,0.0602299698117364,0.0175745875779806,0.0008530648996967,0,0,0.000116897344333546,5.30258934031431e-05,0.000103400635476321,9.70008216304693e-05,0,0,0,0,0.00152329783880687,0.000329099622788786,0,0,0,0.00010466471565013,0,0,0,0,0,0,0,0,0.000532597415143846,0,0,0,0,0,0.000574075767641985,0.000109208955691135,0,0.000161819009657603,4.77521558241156e-05,0.00200766464197522,0.000120692513953255,0,0,0,0,0,0.000131752321828268,4.17174977750505e-05
0,0.00573173786500795,0.00251606432040651,0,0,0,0.0002764573189148,7.45856727657479e-05,0.000765263881509887,0,0.774987180846919,0,0.00782413287593112,0,0,0.000631688322118316,0.00090845250676428,0,2.62908935958188,0,0.000384568845871762,0.00474791900267589,0.000909502252704448,0.000133089959180665,0.157903506364119,0.528388919433861,0.0290531821645407,0.000178645209793358,0.000104595746910634,0.00020999939188998,0.00810235787111429,0,0,0.0397495069950165,0.000322090685737927,0.0162240308674489,0.14180632244956,0.0991987076706092,0.0561112936545003,0.000704682557198649,0.000157302122391238,0.0017623321998326,0.000431501685146603,0.000339885081075143,0.00181936653397715,0.000447866307399074,0,0,0.000223894437766079,0,0.0030501137513372,0,0,0,0,0,0,0,0,0.000530358223089292,0,0.00107993206110814,0,0,0,0,0.000246130926996099,0.000554378776858109,0,0,0.000726232767184106,7.33425552517229e-05,0.000149114685615471,0.0114379122387754,0.00285599821739259,0.00552730654316131,0,0,0,0,0,0,0.000244925428400612,0.0001267787524115
0.000278940754302937,0.0220930201737928,0.0227983862101548,0,0.00033473841789651,0,0.000732792956891937,0.000307248729013281,0.0022919739130309,0,1.02271691846318,0,0.00599713805713854,0.000189657645491108,0,0.00376452668007225,0.830008181746893,2.62908935958188,0,0,0.00213246987231141,0.00929937475463046,0.00640149075210334,0.00194114289252329,0.079081611975412,2.87382971462492,0.164769129745991,0.00128053505105677,0.000371417590740059,0.000803212075168931,0.00565746694043877,0,0.000382242577018801,0.666822658593816,0.000965360677482195,0.0520606986075606,0.488647732223134,0.578513940346104,0.204112092538363,0.00045342141612509,0,0.0005825062230457,0.000621228274268627,0.00344128308498339,0.0030459237860513,0.00126157813456604,0.00073816765562367,0,0,0,0.00967737365524353,0.00010360592277134,0,0,0,4.79061363970905e-05,0,0.000106852645012791,0,0.00111754889036229,0,0.000621807319881278,0,0,0.000176679745791561,0,0.000468097905957263,0.00236104112550214,0,0,0.00121018911448006,0,6.69331199905864e-05,0.0213814684218863,0.00379263927801244,0.0106989691206288,0,3.61215512283495e-05,3.9774484041839e-05,0,0,0,0.000242794548471332,0.000601976995713159
0.00463277890183371,0,0.000624418499525653,9.81938088625258,0,0.0288947640724083,0.00576381483465196,0.0155233086135234,0.165424101174624,2.75480200781352,0,9.89779622837893,0,0.015433513109201,0.00124405955385233,0,0,0,0,0,8.20055510982786e-05,0,0.000209650323535759,1.15279315495929,0,9.01457290055155e-05,0.000109481320398799,0.377148343584684,0.0239839870299177,0.000353150702957204,0,0.000203758166024582,0.00187148231562584,0.00728491262306002,0,0.000363969597788698,0,0.00192489520527,0.000723842336712376,0.0754590418089118,0,0,5.90047897064579e-05,0,0,0,0,0,0,0,0,0,0.0306933027785257,0,0,0.000124802708296356,0,0.000713661041982805,0,0,0.0837552318561304,0,0,0,0,0,0,0,0.00100637115079123,0,0,0,0.000743024287261397,0,0,0,0.000689674751294291,0,0,0,0,0,0,0
0.00298046220553264,0.000589759950252732,0.134296081634579,0.000482040487325662,0.000246096176004409,0.0004857010302939,0.0999707334837352,0.00897018014769961,0.00293894187683374,0.00470324685580183,0.00148673532655115,0,0.000837470604751179,0.00413483919380291,0,0.433174898806705,0.0592132917051829,0.000384568845871762,0.00213246987231141,8.20055510982786e-05,0,0.0154865662708862,4.86868177646815,0.0409957032947944,0.00113766011136621,0.0120957388776807,0.0404192601022179,1.58982383727775,0.179853799386685,2.04118394531943,0.000158863265413915,0.000557630049326048,1.52580798776428,0.730047744150087,0.00582333012457019,0.269229468734672,0.183653306213898,0.238779729606984,0.150165160733156,0.0175998897447403,0.000413373150830924,0.00274907537353825,0.00554557437327445,0.00136832977878113,0.0020027629813736,0.00178985293611568,0.000381991776616698,0,0,0.000138874867462262,0.000630578178069778,0.000319854166041216,0,0,0,0.000676802671986483,0,0.000931676833885226,0,2.36785997704961e-05,0,2.05040091424385e-05,0.000146805762289708,0,0.0375252193901018,0.000264651114751433,0,0,0,0.00549348715538101,0.00962480413234454,0.00435200009623003,0.00450424785259282,0.000458878642256387,3.00943421437275e-05,0.00288160259978945,0.00538356566854952,0.000363840849468829,0.00169668258936632,0,0,0,0.000339595517185778,0.00129241050444154
0.00245848096948287,1.26968115160351,0.0125300732187568,0.000645307104475696,0.000102934587817125,0,0.00784585322925494,0.00134099033871038,1.79734791281789,0.000751100662970689,0.00744787107403427,0,0.0624967490401412,0.00191287082303622,0,5.60701711462641,0.0129935369900522,0.00474791900267589,0.00929937475463046,0,0.0154865662708862,0,0.0393823296933724,1.62502292406044,0.350462034139152,0.0202242876840051,0.876351959895075,0.0755054225778944,0.00390713242980955,0.0103672454968601,0.00528843706614175,0.000141710733625688,0.00535950643318953,0.0302238820867992,0.000788575926902595,0.0424099357171287,0.0416966006943133,0.0677099493221574,0.053686100379858,0.00530417056125281,0,0.000329400185575208,0.0229411749306059,0.0188336256635734,0.0214338781849726,0.0268172220744933,0.000830033495052473,0,0.000980486472604292,0.00117648547954848,0.373515028069317,0.0209784587011525,0,0,0.000101355109742511,0.0025941631649863,0.000105217590273267,0.0626593013432148,0,0.00230216181337011,0.00077716278958468,0.00695132667359985,0.000668438042227408,0,0.290348005405934,0.0030731359827241,0.000538171048073569,0.00203994463592071,0,0.0211527442921947,1.18521843325526,0.0377566734251791,0.0249162868101567,0.167946410708817,0.00594843402214138,0.13303673892882,0.0141585937381531,0.000728372262857793,0.00670987104725315,0,0,0,0.00747480737698378,0.0004894243761909
0.00348182110184245,0.00251846865959516,3.10035141063087,0.00110837566399929,7.01561472051535e-05,0.000559370217113102,0.161390698151025,0.0303305133215677,0.0020240843002374,0.00975478620339833,0.0057981260339452,7.53519974296215e-05,0.00297498486823614,0.0149919840913657,0,1.63091889958974,1.72489898463932,0.000909502252704448,0.00640149075210334,0.000209650323535759,4.86868177646815,0.0393823296933724,0,0.0420051929119178,0.00367671092746391,0.142674807419683,1.18134023907725,0.355157802914262,0.320419716489815,0.161526831067358,0.000695800459606373,0.000603865759331623,0.779442012888648,0.284173552437398,0.0165300074813449,0.404906161029196,0.962307990752996,0.484545528485836,0.333009560895024,0.0542251245786528,0.000550395979397215,0.00605932161447318,0.00974346255753914,0.00359413262584965,0.00252424170710424,0.00320706260178094,0.00060327580336728,0,0.000212014116676143,7.07512815276562e-05,0.00329130835704388,0.00210399161331758,0,0,0,0.000570101737297086,0,0.000783640996862111,2.04352726152815e-05,3.87679001533376e-05,0,0.000141640125925814,0,0.000283713608067521,0.0202018335851105,2.5060863613193e-05,0,0,0,0.00186175451601509,0.0146778970656342,0.00695902179704162,0.00206162260965219,0.00186671852434858,0.000274062369877938,0.0261001973910105,0.00154752026839812,4.57335531551784e-05,0.00050438788183252,0,0,7.59101672978824e-05,0.000447968340500192,0.00447040037232026
0.0455696870428689,0.0317245943156765,0.0118546391592283,6.57404110217453,0.00010778923442439,0.00709338121324336,0.309234521898238,0.0373706716011153,5.70350540742739,0.150763231409122,0.00113358459410378,2.86045167686337,0.00467309463155215,0.0483393532110524,0.00886646266266768,1.63779703635221,0.00525533405081323,0.000133089959180665,0.00194114289252329,1.15279315495929,0.0409957032947944,1.62502292406044,0.0420051929119178,0,0.0153709537374396,0.00799267933168945,0.128054294953165,2.49713245459474,0.1076978072865,0.0907384376900085,0.000524190296780941,0.00124868987511793,0.0615383516375215,0.068419816112052,0.0012742858517489,0.0941048574694929,0.0240731784591668,0.0636126477344011,0.0628132889605013,0.0244642424207843,0.000418201874485903,0.000904062815116022,0.0203303344569369,0.00580799237496994,0.0151945899452726,0.0141783989341923,0.00378375437130265,0.000104510959716435,0,0.00883877277524582,0.00566374118368301,0.00270773974311301,0.052714093345007,8.04350519395328e-05,0.00101700941099125,0.0393706559550966,0.00317292926082026,0.0839928621492027,0.00213449788284355,0.00027475548305915,0.000620661838151716,0.000448170872926273,0.0114444345935933,0,0.244480142009221,0.000579774188778592,0,0.000102770982963697,0.000518261678525813,0.0378802979170371,0.0632622203730371,0.0222080654550695,0.111521083163475,0.00415556956025735,0.000431125130740033,0.013415579075214,0.109145520655417,0.0115908056887901,0.0338498476983012,0,7.10919393001174e-05,0.00372254625605513,0.010126059357359,0.000251124427419179
0.000444958737291154,1.37930379501847,0.00160166873870041,0,0,0,0.000827021976106958,3.76509914841641e-05,0.0619698420134447,3.11294830854418e-05,1.12237014734746,0,5.10933978294442,0.000211810414222871,0,0.0267326376982642,0.000401271483087444,0.157903506364119,0.079081611975412,0,0.00113766011136621,0.350462034139152,0.00367671092746391,0.0153709537374396,0,0.182630806389778,1.42018092422479,0.00263574541380343,0.00101470445984991,0.000884033089762604,0.209047279920774,0.000273030666494268,0.000121127005988926,0.0237698242801294,0.00042521604551165,0.0456966246267525,1.07721050538289,0.214540972346916,0.067762816614213,0.00128855758807995,0,0.329156406369246,0.0072073074841146,0.0423247802030187,0.0313631368048421,0.0133604944374197,0.000243546064217262,0.000177653377126335,0.000697350071277469,0,0.594656932217404,0.00262319635330824,0,0,0,0.000960325337381584,0.000157173592886282,0.0106179777586793,0,0.0188603896396858,0,0.059777726543573,0.000317589028149934,0,0.00837759086133707,0.00245444886669731,0.0149352963533845,0.039791070507838,0,0.00131983556827679,0.165182277757364,0.00222542681823414,0.000927601171723079,0.601129284670358,0.070890027992641,0.172170055067475,0.000524527348610389,0,0.000270507560957055,0.0125120904508019,0,0,0.0112505585402203,0.00026896790038355
0.000392374830517777,0.0217854429427699,1.63893089982311,0,0,0.00012405604931563,0.0168108951107303,0.00652296435970606,0.00313180209567491,0.00248696605259995,0.27580603247666,9.81510850274481e-05,0.062422615491127,0.00346396639075176,0,0.0142539684929249,1.34892698846742,0.528388919433861,2.87382971462492,9.01457290055155e-05,0.0120957388776807,0.0202242876840051,0.142674807419683,0.00799267933168945,0.182630806389778,0,2.27019409489427,0.0120000784513171,0.00121841473122077,0.0152550349148822,0.342742897505499,5.67292734576725e-05,0.000516412652801803,0.093510284353455,0.0019808319112432,0.0775098404695996,0.386283228246895,0.196532069398051,0.0874093946435116,0.00120359828257039,0,0.00107196607242885,0.00155161229186649,0.00320623971769735,0.00231477197139082,0.00095918916591519,0.000333845825737965,0,0,0,0.00636101716201911,0.000350973863857298,0,0,0,6.25853747031997e-05,0,0.000580228192209472,0,0.00253059476023478,0,0.00424075827038736,2.01517105433665e-05,0,0.00091675969563774,0.000161338699362685,0.000382806928379876,0.00264859161045177,0,6.50536631358585e-05,0.00150554715744318,0.000392041030246121,7.49813810946381e-05,0.0228647101811909,0.00937553957432663,0.0249457649967314,0.000144656716912285,0,3.31307829717978e-05,0.000421892664265629,0,0,0.00108185901120713,0.000878764828912491
0.00104146601930013,1.48936324879949,1.92950720775982,0.000327274129585366,0,5.69133775689917e-05,0.0264123155203762,0.00582774762115223,0.0466150121437933,0.00267596489089816,0.131204609166959,0,0.484691698392028,0.00355647586259136,0,0.865926289846564,0.138502533389854,0.0290531821645407,0.164769129745991,0.000109481320398799,0.0404192601022179,0.876351959895075,1.18134023907725,0.128054294953165,1.42018092422479,2.27019409489427,0,0.0694428014507623,0.00216606259334116,0.015104345126838,0.428375691017202,2.28616323094722e-05,0.000919487738469461,0.294612353418847,0.00877650930492623,0.242323184725498,0.330267111402309,0.446936828764544,0.232526856416461,0.0171058396562693,4.99627971584354e-05,0.00225072037497899,0.00827266186818668,0.00904043303799855,0.0126064613162727,0.00646375448202253,0.00138385697614868,4.65645830953249e-05,8.65702831147415e-05,1.90541029647124e-05,0.0911645358203345,0.0131910581727029,0,0,0,0.00100015640110872,1.51650813221963e-05,0.00227529647053792,0,0.00351077044186049,0,0.00758880806247145,0.000132814893053615,0.000507956893665719,0.017644598134999,0.00150521283449595,0.00157682734135907,0.00732267942144489,0,0.00199142522085524,0.0377229636159856,0.015641334079585,0.00181458525100567,0.0895518751610657,0.0218518071190197,0.167814681514632,0.00220410079673596,3.23710303485074e-05,0.000334723625003371,0.000919367025986967,0,7.9986273906138e-05,0.00345509534689554,0.00374811162996876
0.0456781951818584,0.00279773605458044,0.0854769972619755,2.4761813581957,0.00072750328087991,0.0124989207467468,3.63374330774078,0.0544069371906153,0.330101830305546,1.49109123322796,0.00140412803701798,0.0226826925922113,0.00107321597943458,0.0688323530887028,0,0.484027278482234,0.0125574197364507,0.000178645209793358,0.00128053505105677,0.377148343584684,1.58982383727775,0.0755054225778944,0.355157802914262,2.49713245459474,0.00263574541380343,0.0120000784513171,0.0694428014507623,0,0.147589598832063,1.51297960529449,0.00014469837530807,0.00208012363944238,0.0925283557417541,0.227523652090228,0.00426221996282688,0.25730804526921,0.0894025429112921,0.193434143387439,0.160715958124208,0.0239286703493343,0.000945857362906028,0.00356834148084992,0.0101134099997949,0.00197495535208738,0.00679060315835729,0.00390354596928856,0.00154570239431766,3.52227075998959e-05,9.30996854851575e-05,0.00335348665946484,0.00110362191817803,0.00123979775871178,0.000325208884574034,0,0.000497554765648184,0.0260749465663173,0.00123929397705658,0.0432174874162068,0.000998165625117252,9.87433379607926e-05,0.000293149115060099,9.20110525522838e-05,0.00533407148181225,0,0.0961832721422241,0.00027650784081218,0,0.000145673139207191,0.000137880829378944,0.0186465925010404,0.0200671794461318,0.00825211598430387,0.0614070602506784,0.00112912602814496,0.000261600142468597,0.0070582050219168,0.0568556807181339,0.00591921967518129,0.0150084725750918,0,0.000161338922445612,0.00207657957794376,0.00430267461852214,0.00132572962382845
2.60260519304515,0.000193863344662436,0.00264836644841057,0.0348195278412369,0.0816288986388072,0.154202203890912,0.14870569896278,0.41331068634802,0.0675708396684884,0.121359835235497,0.00283236721291459,0.0104966236782411,1.78981562961233e-05,4.11740676471194,0,0.00335878730834637,0.0823877017921099,0.000104595746910634,0.000371417590740059,0.0239839870299177,0.179853799386685,0.00390713242980955,0.320419716489815,0.1076978072865,0.00101470445984991,0.00121841473122077,0.00216606259334116,0.147589598832063,0,2.23333057301498,0,0.733122635753513,4.51685602776151,1.69737496843441,7.51525905868747e-05,0.0223767068149521,0.00972221772715485,0.33420304877617,0.0227342115040826,0.104621927845326,0.379101555201107,0,0.00100385466412202,7.58977479687036e-05,0.000482076776157532,0.000203229788025838,0.000456125531576623,0,0,0.00129566726666666,0.000126319563476198,6.19670382756674e-05,0,0,0.000125406068111833,0.00533920440774319,0.000171176963750755,0.0110216846946008,0.000256167334276614,0,8.35197391151339e-05,0,0.000556253622755152,0,0.00493411096817363,0,0,0,0,0.000705045182356039,0.00108115707495903,0.000223436069271958,0.00951278618946532,0.000196910385171914,0,0.000268109104600347,0.00833311828536452,0.00109122272550585,0.00186496006129672,0,0,0.000139271228261539,0.00036120677550442,0.000100028099063425
0.643628531303617,0.000541326749649643,0.0672248257226861,0.00230028773646353,0.000556293321913688,0.00206188158355931,1.77461933210708,0.0751608140856883,0.0388910223189421,0.00942656896266034,0.000769295619641756,0.000176652994427444,0.00068150937598863,0.204516690409171,0,0.025800785700725,0.0236647159710903,0.00020999939188998,0.000803212075168931,0.000353150702957204,2.04118394531943,0.0103672454968601,0.161526831067358,0.0907384376900085,0.000884033089762604,0.0152550349148822,0.015104345126838,1.51297960529449,2.23333057301498,0,0,0.00234431642600637,1.21601534492001,0.780079160088325,0.00109571463352367,0.0941950751226491,0.0352055772012063,0.0956193407483014,0.062805082949123,0.0037352319489443,0.000591878719411919,0.000381579464533116,0.001596199170777,0.000359375544977497,0.00148258421372448,0.000856487145614699,0.000386970707879875,0,0,0.000987255302507214,0.000272289661768999,0,0,0,0.000111800910532754,0.00386300953775732,0.000363271735970274,0.00529509024382161,3.04212168743307e-05,2.25129346061021e-05,0.000101670390957244,0.000122747817418924,0.000898939521566665,0,0.0131859044991401,0.000118224550973208,0,0,0,0.00210140674296044,0.00233706702142915,0.000533835685229969,0.00968742639927028,0,4.31390280375222e-05,0.000542158942948432,0.00971903542363465,0.000714356887504041,0.00277182126017304,0,0,0.00024171644884691,0.000875999580552996,0.00013443996292414
0,0.00985099021501374,0.000963311039463528,0,0,0,4.16788765446874e-05,0,0.00120030217852858,0,0.35978677632397,0,1.42529109640848,0.000166849016287624,0,0.000677533475994895,0,0.00810235787111429,0.00565746694043877,0,0.000158863265413915,0.00528843706614175,0.000695800459606373,0.000524190296780941,0.209047279920774,0.342742897505499,0.428375691017202,0.00014469837530807,0,0,0,0,0,0.00197491862004069,8.14581573615126e-05,0.00613022058709613,0.0665422190340603,0.0182959103546373,0.0120405771674207,0.000159418055233035,0,0.00388590828185012,7.97287784031521e-05,0.000144598678554023,0.000789622700597924,0.000616245086788193,0,0,0,0,0.00319160744540004,0,0,0,0,0,0,0.000195065016188887,0,0,0,0.00025993875768103,0,0,0.000166308551644533,0,0.000352234346704828,0.00179889218799737,0,0.000123747672954136,0.00232288131818463,0,0,0.00913372389508963,0.00105900819925499,0.0014472301371231,0,0,0,0,0,0,0.000212130556691595,0
0,0,0.00016018559426865,0.000294775705340536,1.17767507035301,0.162625451374581,0.000673411592459924,0.244078612237639,0.000536289594400205,0.000795612795263197,0,0.000158493804808979,0,0.0940144502291257,0,0.000167507838268697,0,0,0,0.000203758166024582,0.000557630049326048,0.000141710733625688,0.000603865759331623,0.00124868987511793,0.000273030666494268,5.67292734576725e-05,2.28616323094722e-05,0.00208012363944238,0.733122635753513,0.00234431642600637,0,0,0.00681593674940043,0.620703829689011,0,0.00234465334540473,0.000390425438663631,0.0913485058861664,0.00184947633582808,0.14482158818341,1.73989176738542,0,0,0,0.000137259452252791,0,0,0,0.0002514931153833,0,0,0,0,0,0,0,0,0,0,0,5.03881448658038e-05,0,0,0,0.000180129308445433,0,0,0,0,0,5.6646225048515e-05,0,0.000459848900513177,0,0,5.44406617173001e-05,5.22705020419506e-05,0,0,0,0,0,0,0
0.550246206354295,0,0.000857160325591494,0.00888810704195088,0.000765492097288949,0.00191934991948673,0.0525417176533129,0.00995336972829719,0.0602688259642109,0.0171342898387717,0.000473640749827488,0.000163997251787854,0.00021656816248326,0.0177179015272924,0,0.00734077943306756,0.00414526128133157,0,0.000382242577018801,0.00187148231562584,1.52580798776428,0.00535950643318953,0.779442012888648,0.0615383516375215,0.000121127005988926,0.000516412652801803,0.000919487738469461,0.0925283557417541,4.51685602776151,1.21601534492001,0,0.00681593674940043,0,1.95702549334251,2.85841647677735e-05,0.0202439357873493,0.0086930489194298,0.129293077098679,0.040707293760782,0.00176430538897417,0.00196741946566653,0,0.000547821725403817,8.02059073846386e-05,0.000211897589187222,0.00116851410408488,8.63375887169039e-05,0,0,0.000158570936790748,0,7.92838336288208e-05,0,0,0,0.00214258046611884,0.000270986342045617,0.00799297776497453,8.86407157630158e-05,0,6.61086153512323e-05,0,0.000443072459528118,0,0.00778665821761498,0,0,0,0,0.000800988013106723,0.00134352097292982,3.46232045957606e-05,0.0046111611934028,0.000157456511671199,0,8.41325969130891e-05,0.00433300227153207,0.000554467596538238,0.00130862238270973,0,0,0,0.000490817008330844,4.52487374413197e-05
