0,0,0.182696504037608,0.0045052731940656,0,0.00112635426492137,2.15905459685063,0.0240920518112657,0.00637958288126099,0.00778212765752988,0.000360896940954022,0.00028071858012652,0.000133999845392203,2.90150152677607,0,0.000261806123812817,0.0437028704575838,0,0.00173458770258081,0.000287036751695835,0.0170199213928197,0.00013367297156907,0.0933898205673785,0.00664774896433391,0.000117622230847176,0.022112107572165,0.00525280728842938,0.0233910529973288,0.824905446143806,0.178541031700188,0,0.000767649745616746,0.0106338499742299,0.00979103330104897,9.97002824472621e-06,0.00518471122654006,0.0019969999174282,0.0107147459454927,0.00703055301916647,0.00120583114487363,0,0,0,0,0.000185676272829505,0,0,0,0,0,0,0,0,0,0,0.000268832767462554,0,0,0,0,0,7.50336344417651e-05,0,0,0,0,0,0,0,6.57683025971642e-05,0,0,0.000580126815648737,0,0.000216936358718124,0.000393172309825399,0.000751504500334583,9.03886234546476e-05,0,0,0,0,0,7.26094503648326e-05
0,0,0.0478116614023206,0,0,0,0,0,0.194552818434989,0,0.00899969951131524,0,0.0192984431957927,0.000102662658588279,0,0.0274942915563887,0.0225858051170839,0.00131450952408449,0.008185327583784,0,0.000881053067937832,0.534761262674074,0.0026787177830306,0.0275880242373891,0.907169302846011,0.058088407355344,0.534868525719572,0.000958588310305602,0.000417176227167052,0.000102491781901455,0.00356220961716979,0,0.000127799697199503,0.0295089430916797,1.12547075653449e-05,0.0191089218168867,0.0531562372510329,0.0417407665840653,0.0140530592501738,0,0,0.00804578590451769,0.00519969958396429,0.0203577932874009,0.0109530883810926,0.00811746714811478,0,0,0,0.00116092091424358,0.366791504930441,0.0172531183752323,0,0,0,0.000397686316316398,0,0.0451102121434941,0,0.000407777986137677,0,0.00490493452204688,0,0,0.00776994250294037,0.0136633415651634,0.000387071385053697,0.0047920401000596,0,0.000141690769068789,0.203536876601598,0.000622867739379091,0.00125519389947931,0.243333953384657,0.0513633993336841,0.228465313332387,0.000621580215607376,0,0.000491478380783167,0.00327681019723808,0,0,0.00145558042847673,0.00020949927175457
0.182696504037608,0.0478116614023206,0,0.00119982212428314,0,0.00158557005920429,0.120271792989186,0.0056907802352874,0.00903191135366318,0.00613725710001846,0.000623078103479872,0,0.00017760548422752,0.133503857128515,0,0.03290033080661,1.59250311645841,0.000384987548550542,0.0244683504591296,0,0.228305536214636,0.0128630397788844,3.33307131399188,0.0210873278590828,0.000417226977909323,2.14309984334569,2.17871098060056,0.103261558508406,0.0514124697106014,0.223407138581466,0.000719382903483983,6.50898972549504e-05,0.0163097483001499,0.11672766005437,0.000351114563641138,0.0232244002214968,0.0223411239706835,0.0700003904858497,0.0402379315092863,0.00125376348471795,0,0,0.00541755629419921,0.00374764249611252,0.00201939625489201,0.00126486739768831,0,0,0,0,0.0244699550466326,0.0108840349137194,0,0,0,0.000256189593322428,0,0.00140374572715439,0,3.97382411990699e-05,0,0,3.15291664548453e-05,0.000154281610920416,0.00110734190956415,0.00604704654688753,0,0.000930599208339744,0,0.000164415442341752,0.00830772191998711,0.000711688004438885,0.000947202122929518,0.00215311129487489,0.004847333948795,0.089174286299071,0.000631245086790684,0,0,0,0,0,0.000481770546775789,0.000289623621771351
0.0045052731940656,0,0.00119982212428314,0,0,0.00949333782390212,0.0661231979633953,0.000795427198601883,0.491490895675833,0.828914113575338,6.74057031096673e-05,0.817140713224369,0,0.0117850669253046,0,0,0.000302030770363601,0,0,8.06043831312607,0.000243005745085768,0,0.000592970910487543,3.65859981361409,0,0.000229967244089474,5.35875721974664e-05,1.47028195532024,0.0153480097066016,0.000715115931522362,0,0.000280641503347216,0.0277745417428617,0.0144976963247818,0,0.00183439449499338,0.000262752863287316,0.0132839089919898,0.00502416103434247,0.00448503601006199,0.00013910756468798,0,0,0,0.000230653185053584,0,0,0,0,0.00138047974993399,0,0,0.0602989666869605,0,0,0.00313130249223602,0.000237788735922397,0.00156811263119223,0.00211714815521943,0,0.00458190512883374,0,0.000975829093339503,0,0,0,0,0,0.0394826003968966,0,0,0,0.0100688504841353,0,0,0,0.00266568567523123,0.00019698359340977,0,0,0,0,0.000368063684096247,0
0,0,0,0,0,0.184952311539643,0,0.138055845565484,0.000436050215436882,0,0.00454109510924916,0.000837782575924128,0,0,0.0125460560624084,0.000107645897720726,0,0,0,0,0,0,0,0,0,7.11356486532118e-05,0,0,0.0206911723896045,0,0,1.40920230846711,0,0.0453456062624128,0.0430160288273267,0,0,0.0126967443320494,0,0.203190752974006,1.29168567564135,0,0,0,0.000266409243358558,0.000344150368260313,0,0,0,0,0,0,0,0,0,0,0,0,0,0,0,0,0,0,0,0,0,0,0,0,0,0,0,0,0,0,4.59421510731598e-05,0,0,0,0,0,0,0.00129342083016994
0.00112635426492137,0,0.00158557005920429,0.00949333782390212,0.184952311539643,0,0.0553437954085421,1.5554854317458,0.0256265807432281,0.236410152551539,0.00117717670697841,2.10935303643444,5.80330754860266e-05,0.0841658422164688,1.45441796515512,0.000125375388902275,0.000539039213595827,0,7.18567000817343e-05,0.00948440147267421,0.00117888661140081,0,0.00160936692951956,0.0850855707735655,0.000253076791944948,0.000790679571925717,0.000657785261482893,0.0400057984604695,0.282483029669557,0.00128251798595389,0,0.0402434923190342,0.00848499511170645,0.136426342293793,0.73708977005403,0.00144465002346135,0.000535190985426425,0.014452121327057,0.00134320163132592,0.552880937068265,0.157646991442332,0,0,0.000310033813515137,0.000733419481973589,0,0.000448195428499294,0,0,0.00171586114488199,0,0,0.00154315751339033,0,0,0.00733908059123478,0.000622912319863154,0.0038225459279647,0.00294986721444857,4.09303216419676e-05,0.00128945373263475,3.88496320361865e-05,0.00157714834186488,5.04557868585657e-05,0.000129453821141777,4.0964752281449e-05,0,0.000151352764777636,0.0024957670206753,0.000211418845638574,0,0.000103135942152086,0.016953287175756,0.00017223467346937,4.71409796483704e-05,2.76504062997947e-05,0.00689168340576172,0.000253623255178827,0.000187730646614955,0,0,7.71344605171968e-05,0.000815073785017746,0.00286829713855582
2.15905459685063,0,0.120271792989186,0.0661231979633953,0,0.0553437954085421,0,0.018367796315253,0.0533308792860284,2.05170057026859,0.000327910952564738,0.00326946772894567,2.71878464698544e-05,0.607048484844891,0,0.00212020237080579,0.01157821639334,6.40377017421642e-05,0.000836481147508333,0.0253612128145438,0.0931801625522209,0.000699295886982857,0.0982458339877798,0.395241285924515,0.00016943148521709,0.0125505131676995,0.00950897083718386,4.97575536600822,0.345420590459519,1.89286696235421,0,0.00120116360738978,0.0541921060717712,0.0610414859170839,0.000646683674581603,0.0209156347963474,0.00445210126065354,0.0517725937304235,0.0229903210740484,0.00576933384136872,0.000223899152508541,0,0.000786028276793118,0.000185249774620111,0.000763180260066585,0.000562245450398118,0,0,0,0.000787106359688866,0.000320645984134178,0.000155041192292382,0.000229372634975364,0,0,0.000787837943557371,0,0.00161874926198978,0.000439705022303552,0,0.000150961401966821,2.49992898366824e-05,0.000635218813562011,0.000178992717908775,0.000778874983677217,0,0,0,0.000322897510378589,0.000478288925831236,7.50475114342456e-05,0.000117119340336043,0.00869166529782474,0,5.65553906908584e-05,0.000592968116240249,0.00584368459695183,0.000667350614693941,0.00118894165633994,0,0,0,0.000663054624293524,0.000795257091751023
0.0240920518112657,0,0.0056907802352874,0.000795427198601883,0.138055845565484,1.5554854317458,0.018367796315253,0,0.00115730438194422,0.64459363038531,0.000692468555620464,0.00277521005720325,0,1.83176722799927,0,0,0.00193198307134677,0,0.000170655886366457,0.00160221051301988,0.000450956713913633,0,0.00353542130186491,0.00495078183030625,9.00564369990392e-05,0.00166439326275302,0.000218391941920543,0.00511863442275241,0.882093625486059,0.00239461282156085,0,0.126610823618732,0.00109842841484145,0.0089468631591821,0,0.000178091433065255,0.000184594048384596,0.00214382995183929,0.000512010009105189,0.0022087802584865,0.0163477239287388,0,0,0,0.000111452549912069,0,0,0,0,0,0,0,0.00030855706399195,0,0,0.000117244818116828,0,0.000371753993718161,4.31281914741997e-05,0,0,0,0,0,0,0,0,0,0.00018828146985618,0,0,0,0.00102330731986123,0,0,0,0.000310391225905389,0,3.94047302076104e-05,0,0,0,0,4.10056825286393e-05
0.00637958288126099,0.194552818434989,0.00903191135366318,0.491490895675833,0.000436050215436882,0.0256265807432281,0.0533308792860284,0.00115730438194422,0,0.0232973423920319,0.00576486172757456,1.39209824858984,0.0115329207003721,0.00884892279885111,0.151186340650313,0.0363388321064887,0.00585157810240586,0.00226745469819906,0.00582018841242161,0.46862960458207,0.0029939805338619,1.57950362470504,0.00235218928386706,5.19820583492958,0.184032944461489,0.0226704265260455,0.209630773415045,0.176871483617327,0.0265374986025827,0.0166148842810142,0.00359639309539692,0.000625679864874475,0.0654475454442151,0.0511698930557669,0.0402495988637102,0.0351799515409706,0.0312447954245626,0.055832665449105,0.0470463276487446,0.45886493335431,0,0.0057532425927448,0.0161964976191368,0.00440353027480404,0.0192685262308983,0.0192378581527649,0.000540118636394062,0,0,0.0112321616596183,0.0282540353226423,0.00161127915436715,0.0018547152344579,0,0,0.0246102838144697,0.000326882265612791,1.30019961640687,0.00345392230323251,0.000763815958808589,0.00216530084739259,0.000929204558803952,0.00725514779753758,0.000695502080457322,0.0220037645285697,0.00171569106832217,0,0,0.00198468191910193,0.00338533694348437,0.110449831530181,0.00395568426139859,0.220745432549336,0.0131518369440233,0.00206367181688769,0.0156468237596361,0.0703085894503172,0.00990261818353208,0.0165724816050438,0,0.000552903589240306,0.00666906300216208,0.0215504980174957,0.00440000965371773
0.00778212765752988,0,0.00613725710001846,0.828914113575338,0,0.236410152551539,2.05170057026859,0.64459363038531,0.0232973423920319,0,0.00018601365737786,0.832397461709554,2.21068542832531e-05,0.159708022011051,0.000167016138750187,0.000576583895545298,0.000601278285739741,0,0.000383948864708474,3.47641981086853,0.00743352315765813,0,0.00368368776979387,0.152795815446863,3.38797282961418e-05,0.0013917065128075,0.000842016089584925,1.1989148481724,0.0530066208368993,0.00787685109415553,0,0.000329476677668261,0.0410045534431641,0.0394475828844383,0.000105059885802892,0.00391049256717565,0.000951022133477801,0.0181793975421752,0.00525401189117459,0.0215473561997521,0.0001221548243995,0,0.000381959234076913,0,0.000250012439293226,0.000284159512945412,0,0,0,0.00121166910717066,0,0,0.000657426544915165,0,3.12685292382022e-05,0.00280024545948757,0.000270824564468931,0.00236151476413431,0.00129193981611903,0,0.000324793350571194,0,0.000885039797820574,0.000133311421317214,0,0,0,0,0.000821074615791791,0,7.8302230386235e-05,0,0.0103697637396227,3.21841373778949e-05,0,9.50035830890714e-05,0.00372416539867364,0.000183308978249612,0.000200981205148339,0,0,0,0.000485891208440838,6.63746682315186e-05
0.000360896940954022,0.00899969951131524,0.000623078103479872,6.74057031096673e-05,0.00454109510924916,0.00117717670697841,0.000327910952564738,0.000692468555620464,0.00576486172757456,0.00018601365737786,0,0.000413103156535122,1.19855844914067,0.00237083062239118,0,0.000779253660499557,0.0106066548227082,0.499756222221258,1.46056108633561,5.61639937918918e-05,0.000823839805381789,0.00677505756875901,0.00133456528621346,0.00214446780655391,0.379280685302339,0.499307729778217,0.0676562594364756,0.000763126417186541,0.0375011660814432,0.000675743972736958,0.0459809034447274,0.275041007569536,0.0038050933617859,0.906502854194193,2.01807583874187e-05,0.00756740354072933,1.1816891120079,0.402531567773456,0.0072037299178226,0.00207458488659547,0.0175547212018013,0.00474350260677034,0.000187532914670331,0.0045120940270545,0.00241302946852986,0,0,0,0,0,0.00165899685994296,0.000237022011003956,0,0,0,6.16923112950482e-05,0,0.000221114696091774,0,0.00869641133104992,0,0.0355624863653751,0,0,0,0.000168897237173203,0.00102213802790104,0.00329784176661259,0,0,0.00130806302786601,0,7.4874879598307e-05,0.0346790047100416,0.0228205777936034,0.02231537935926,2.69415151481472e-05,4.28712396005042e-05,0,0.014636847390315,0,0,0.00117077175139017,3.31781950785519e-05
0.00028071858012652,0,0,0.817140713224369,0.000837782575924128,2.10935303643444,0.00326946772894567,0.00277521005720325,1.39209824858984,0.832397461709554,0.000413103156535122,0,0.000139241713482929,0.0128105844727384,0.67773802943742,0,0,0,8.85128993114445e-05,5.92533311303497,0.000116911857876607,0,0,0.356294127395203,0,0.000120880926215603,4.16078097543677e-05,0.0109131153530539,0.0212391878603359,0.000178133298415907,0,0.000304924612169097,0.00171082888512874,0.0303478804902853,0.323368745937219,0.00173810962051423,0.000432839329626317,0.00279744699186542,0,0.381076522916928,0.000277626452835011,0,0.000505290055565096,0,0,0,0,0,0,0.000241556454449232,0,0,0.00196772649625155,0,0,0.000166814630308343,0,0,0.000117218717402806,0,0.0123561463684934,0,0,0,0.000168084097439519,0,0,0,0.0460847115232873,0,0,0,0.000673067427310173,0,0,0,0,0,0,0,0,0,0,0.00340676577458463
0.000133999845392203,0.0192984431957927,0.00017760548422752,0,0,5.80330754860266e-05,2.71878464698544e-05,0,0.0115329207003721,2.21068542832531e-05,1.19855844914067,0.000139241713482929,0,0.00012633472356814,0,0.00174531095250475,0.000544635971170255,0.00483308972788983,0.00939732346762775,0,0.000438902694989723,0.0171550443356517,0.000247075717169196,0.00317127344557197,3.83686123720106,0.541405635800693,0.921031422962775,0.000145172285300432,0.000768954540073079,0.000137776812189332,3.15290752010836,0,0.000157575426936566,0.0243064164979549,2.09413691761441e-05,0.0308023373329106,0.513137997700174,0.0585321401699601,0.0111075593900245,0,0,0.439988476404261,0.00154395344897123,0.00940641526247225,0.00133748118759203,0.000936218139409584,0,0,0,0,0.00354051537973709,0,0,0,0,0,0,0.00103544036958642,0,0.00336514205476933,0,0.0177238693711319,0,0,0,0.000257750655782193,0.00019449386209811,0.00133146647692783,0,0,0.00360747810743863,0.000140151630016273,0,0.0361136347949519,0.0153527313740846,0.0245998106293461,0,0,0,0.00706932892933891,0,0,0.00307800350152701,7.1990134818923e-06
2.90150152677607,0.000102662658588279,0.133503857128515,0.0117850669253046,0,0.0841658422164688,0.607048484844891,1.83176722799927,0.00884892279885111,0.159708022011051,0.00237083062239118,0.0128105844727384,0.00012633472356814,0,0,0.00104758990548852,0.055306452434447,0,0.00202441678482476,0.0108506436727863,0.0200352132108582,0.00049181892667435,0.0735557379417022,0.0404360760344711,0.000132047748938255,0.027445127795151,0.00884114418827834,0.0692850791061003,6.00186279543235,0.128750306905863,4.99695446914755e-05,0.0138563966617934,0.0378174027242877,0.071179133005629,0.000279024619608191,0.0054377421270406,0.00118372869972668,0.0240740346399786,0.00555015446111438,0.0116597785387275,0.00222995977716345,0,0.00030326595583608,0,0.000435008957003101,4.19486010052486e-05,3.14708873723063e-05,0,0,0.000529680825788615,0,0,0.000362966185669703,0,0,0.000828505480774816,0,0.00125642425263742,0.000248632486739173,0,0.000164361867036954,0,0.000161608468554071,0,0,0,0,0,0.000244385741768416,0,3.20157342467392e-05,0.000112362506226819,0.00424229434462331,0,0,0.000706887322681715,0.00302333153351658,8.74029299575887e-05,0.000454313667559144,0,0,0.000230487639498195,8.79219435512544e-05,0.000241939388146036
0,0,0,0,0.0125460560624084,1.45441796515512,0,0,0.151186340650313,0.000167016138750187,0,0.67773802943742,0,0,0,0.00279607194444549,0.000155291403354574,0,0,0,0.00127275593897927,0.00011125234042691,0.00163224375778926,0.000293925971100152,0,0.000168272648088776,0.00070665127306117,0.000109417853438842,0.000882042884066567,0,0,0.000665626045846645,0,0.0048695068244201,0.467156759843485,0.0208401487142777,0.014626738281205,0.00920919100503406,0.0142161952147748,0.318029315838031,0.00540060544013576,0,0.0121870947219151,0.0258599595471952,0.00323929416473279,0.00904926604055285,0.0170043529020362,0,0,0,0,0.000620528336171553,0,0,0,0.000345217041259477,0,0.00147937403934635,0,4.82220996224532e-05,6.93995909382137e-05,0,0,0.0384664320496641,0.00786845662032703,0.000415120685298975,0,0.000151145702333627,0,0.0024778761481408,0.00171739303243847,0.00782089513968052,0.000330785464349207,0,9.78654802763698e-05,0.00370953488972116,0.0020155337798856,0.000270480464145042,0.000629241131638526,0,0,0,0.00220331921440787,0.0420583813121112
0.000261806123812817,0.0274942915563887,0.03290033080661,0,0.000107645897720726,0.000125375388902275,0.00212020237080579,0,0.0363388321064887,0.000576583895545298,0.000779253660499557,0,0.00174531095250475,0.00104758990548852,0.00279607194444549,0,0.0300331116587758,0.000162428676719367,0.00317826061508186,0,0.455156757855277,3.22827985562241,2.20001787517638,1.32367789559643,0.0157383849947122,0.0172727891955802,1.4388063628006,0.220481296980155,0.000990920000375043,0.00543440765722197,0.000744510649314863,0,0.00123553600644226,0.0709908685135668,0.00638916898165409,0.273205181615157,0.135276737742819,0.202946376428675,0.133281849717792,0.030737000279077,0.000144411558651001,0.0015268092528795,0.0552406211674266,0.0380141841201727,0.0149421677643432,0.0247185955731612,0.00107820631707913,0,0.00012798445999627,0.000689849281886596,0.00278021612633621,0.00091070167071125,0,0,0,0.00135906679048138,0,0.0404234627221981,0.000100668252509527,4.48390457100248e-05,0,5.84055035735293e-05,0.00034644408993713,0.00288051656750166,0.50738612489707,0.00166596156146273,0,7.63617461642489e-05,0,0.0357283732929056,0.337968235664835,0.0484545525144273,0.0358320595267364,0.00181633401083418,0.00113348187692033,0.0451547125637809,0.0163038701045072,0.000342221879415973,0.0050526015588038,0.000603156715123388,0,0.000831503064807008,0.00209303919187338,0.00885026751845494
0.0437028704575838,0.0225858051170839,1.59250311645841,0.000302030770363601,0,0.000539039213595827,0.01157821639334,0.00193198307134677,0.00585157810240586,0.000601278285739741,0.0106066548227082,0,0.000544635971170255,0.055306452434447,0.000155291403354574,0.0300331116587758,0,0.00270686719396882,1.44118371087696,0.000470593893760585,0.0257249267358215,0.00649974495313362,1.92758804537018,0.0184122380433398,0.00296477809358582,2.02204373338824,0.457441709680515,0.0149433124966155,0.396102576900405,0.0823172473557273,0.000193740237330098,0.000370480614555031,0.0400317532096345,0.925785092986654,0.000131603645844226,0.00786265268278081,0.00977061811607265,0.0240823434057272,0.0102492200041307,0.000222666285562714,0.000676275468282167,0,0.00184875257158956,0.000809070301171351,0.000832671336266128,0.00129407197759242,0,0,0,0,0.0187729594373882,0.00530054984513756,0,0,0,0,0,0.00160297602705388,0,6.76107284913177e-05,0,0.000127923904170555,0,0,0.00113282191750229,0.00289432731786348,0,0.000592738200439411,0,7.41114238425331e-05,0.0022892508911054,0.00026290375380275,0.000463385991342423,0.00181861412175179,0.0037491015270401,0.0418234040164722,0.00017264402549359,0.000100583236728501,7.04035917293883e-05,0,0,0,0.00106218881344776,0.000102259152985851
0,0.00131450952408449,0.000384987548550542,0,0,0,6.40377017421642e-05,0,0.00226745469819906,0,0.499756222221258,0,0.00483308972788983,0,0,0.000162428676719367,0.00270686719396882,0,1.53428091062529,0,0,0.00113741409855854,0.000330417134892995,0.000341224951046942,0.0353294802127711,0.391456443276746,0.0193655075148091,0.00011926788678514,0.000460470041548079,4.41217219868673e-05,0.0038598328526972,0,0.000538204684117109,0.0145011899055738,1.12309461777871e-05,0.00186058848332835,0.016364021246268,0.0157285789084006,0.00236241703711026,0,0,0,8.83727467858655e-05,0.000865159440768979,0.000674129292229073,0,0,0,0,0,0.00117385355834881,6.54553193034113e-05,0,0,0,0,0,0,0,0.000316674553988299,0,0.00124233260932255,0,0,0,0.000330774448541701,0,0.000339063006045102,0,0,0.0017548688782636,0,0,0.0179378782313016,0.00436506401093857,0.0084355674943398,0,0,0,0.0017309709934425,0,0,0.000168861784385087,0
0.00173458770258081,0.008185327583784,0.0244683504591296,0,0,7.18567000817343e-05,0.000836481147508333,0.000170655886366457,0.00582018841242161,0.000383948864708474,1.46056108633561,8.85128993114445e-05,0.00939732346762775,0.00202441678482476,0,0.00317826061508186,1.44118371087696,1.53428091062529,0,0,0.00234730516102815,0.00356943235649261,0.0117597183018166,0.00182017666797345,0.0696687309453536,3.52880318784641,0.100816625137226,0.000999989009671485,0.0073901119289484,0.00144505068359538,0.0104590206151515,0.00075135878419889,0.00317647594239974,1.25399250098778,5.51321640208673e-05,0.00519784281196998,0.0616789366180745,0.148705390320402,0.0153069090755371,0.00044088491301482,0.000502993030304395,0,0.000482718293306434,0.00166485551139302,0.00149236837373279,0,0,0,0,0,0.00153743114727609,0.0001589697165074,0,0,0,0,0,0.00030281533264901,0,0.000878291867988056,0,0.00592048278597814,0,0,0.000115453616439571,0.000776493057518464,0.000227483814193804,0.00147224362589235,0,0,0.000165191657371814,0,0.000231347844514551,0.0227739272206098,0.0153241896919784,0.0330518831804103,5.27628310798174e-05,0,0,0.00282726229002946,0,0,0.000291830021554489,4.27362741550871e-05
0.000287036751695835,0,0,8.06043831312607,0,0.00948440147267421,0.0253612128145438,0.00160221051301988,0.46862960458207,3.47641981086853,5.61639937918918e-05,5.92533311303497,0,0.0108506436727863,0,0,0.000470593893760585,0,0,0,6.93834425605547e-05,0,5.0866378556327e-05,0.62192084198287,0.000249393812276455,0.000197954011866647,0,0.515248511604966,0.0120306643066199,0,0,0.000773168816458288,0.0277495835299857,0.010997174279553,7.56739824042392e-06,0.000372234249411798,0,0.00535332883174919,0.000562610696191682,0.0132002002487318,0,0,0,0,0,0,0,0,0,0.000140287928524399,0,0,0.0128790971387123,0,0,0.00028356349737979,0,0.000897066555846839,0.000279454314577082,0,0.00521657547017671,0,4.88749673236318e-05,0,0,0,0,0,0.0187033612507335,0,0,0,0.000190225548339832,0,0,0,4.22502278725036e-05,0,0,0,0,0,0.000296822174704198,0
0.0170199213928197,0.000881053067937832,0.228305536214636,0.000243005745085768,0,0.00117888661140081,0.0931801625522209,0.000450956713913633,0.0029939805338619,0.00743352315765813,0.000823839805381789,0.000116911857876607,0.000438902694989723,0.0200352132108582,0.00127275593897927,0.455156757855277,0.0257249267358215,0,0.00234730516102815,6.93834425605547e-05,0,0.00205095633694206,6.16380667190561,0.0426503957549245,0.00013444781293552,0.0134095179869628,0.106097948571213,1.66779193072841,1.61662458281078,3.12496744788466,0,0.000257987372042162,0.671664631040653,0.352296268632708,0.0135769569817869,0.234421412268313,0.0452376282017443,0.319855213277257,0.141926777877395,0.0323109737048934,0.000122696614792017,8.22091844857788e-05,0.00831990466957177,0.00185494699852984,0.000534073404538795,0.00102440333428637,4.72529066800143e-05,0,0,0.000205914731253937,4.626414708734e-05,0.000114771799273287,0,0,0,0.000389212509109252,0,0.00295049491680099,0,0,7.90420689512593e-05,0,0,0.00121804285381285,0.00627403815007646,0.00018019623953598,0,0,0.000132405689763779,0.00170332030111433,0.0075493547345139,0.00089504787663337,0.00344091330509181,0,2.13001748661408e-05,0.00164282386451343,0.00401072289763774,0.000341207455075466,0.000218185740998199,0,0,0,0.000199448787117532,0.0109120073732062
0.00013367297156907,0.534761262674074,0.0128630397788844,0,0,0,0.000699295886982857,0,1.57950362470504,0,0.00677505756875901,0,0.0171550443356517,0.00049181892667435,0.00011125234042691,3.22827985562241,0.00649974495313362,0.00113741409855854,0.00356943235649261,0,0.00205095633694206,0,0.012544425852959,0.875606557157818,0.25909541972802,0.0181998620679894,0.472213310310708,0.00875181095496461,0.00082880277597302,0.00121619078248614,0.00194428363914789,9.86046526649173e-05,0.00108760281438613,0.0153952004292373,0.000184945363678804,0.017404753500939,0.0329182714544032,0.0226330683821577,0.0117279027716622,0.000971936332912755,0,0.00736793589462317,0.0119462991794039,0.00665137274293366,0.00518143702930103,0.00824077765262957,0.000363976533649044,0,0,0,0.176402375309915,0.00425340263472278,0,0,0,0.000372028130853727,0,0.291347301685485,0,0.000252407623942847,0,0.00210007268103835,0.000148780775399836,0,0.111288623507107,0.00161583857938527,0,0.000947673686060288,0,0.00753114184492392,0.764724970707534,0.0103784143481409,0.0135834702910995,0.0430836248825989,0.00241106773011101,0.0574870892730149,0.00586939515144075,0.000127064264061693,0.000490416391854351,0.00098399769454597,0,0.000178015267810958,0.00171412884298257,0.000736195293163564
0.0933898205673785,0.0026787177830306,3.33307131399188,0.000592970910487543,0,0.00160936692951956,0.0982458339877798,0.00353542130186491,0.00235218928386706,0.00368368776979387,0.00133456528621346,0,0.000247075717169196,0.0735557379417022,0.00163224375778926,2.20001787517638,1.92758804537018,0.000330417134892995,0.0117597183018166,5.0866378556327e-05,6.16380667190561,0.012544425852959,0,0.0335608748797151,0.00040311993304153,0.180787509322241,0.873897071322218,0.3329194299999,0.729868419002313,0.470231381736771,0,0.000324568612298953,0.413293597282656,0.353692337082267,0.017093034362332,0.418187977320143,0.129031236161819,0.505173088648898,0.210289532395179,0.0636512913146806,0.000560366048540613,0.000288595453686094,0.0148414104843666,0.00361506246958048,0.00126356129638888,0.00187423565566504,0.00043627040358576,0,0,0.000200354316811125,0.0012566762990661,0.000821667830677963,0,0,0,0.000260879571975927,0,0.00302201924275069,0,0,4.60339257590497e-05,5.64894018404436e-05,7.75668168479793e-05,0.00348386719551569,0.0283266520398561,0.000220714220459526,0,4.46935040406622e-05,0,0.00099022789320111,0.017095113717718,0.00332831236740548,0.00197140340007666,0.000268506138594111,0.000378935217784203,0.0144267788185341,0.00169605328988629,7.6016248782042e-05,0.000277468365025135,0,0,0,0.000170054177860572,0.0176549679808275
0.00664774896433391,0.0275880242373891,0.0210873278590828,3.65859981361409,0,0.0850855707735655,0.395241285924515,0.00495078183030625,5.19820583492958,0.152795815446863,0.00214446780655391,0.356294127395203,0.00317127344557197,0.0404360760344711,0.000293925971100152,1.32367789559643,0.0184122380433398,0.000341224951046942,0.00182017666797345,0.62192084198287,0.0426503957549245,0.875606557157818,0.0335608748797151,0,0.0312707193813545,0.019414270292456,0.350655880899919,2.64014357758882,0.0525014681102083,0.0330620962657791,0.00104268238143145,0.000512093795193948,0.058494857893137,0.0697767839581447,0.00204253150448745,0.057644880434781,0.0188523365416445,0.0738380633415483,0.0460968902729154,0.00906195148313122,0.000340624892150599,0.000884029387748866,0.0548781883368734,0.0144025129346437,0.0319574132141411,0.0256725266721986,0.00156769050990596,0.000131712945867271,0,0.0190488213102752,0.00537084025708065,0.00163907049594806,0.0245325406887684,0,0.000464746572402201,0.0405933760908768,0.00281547637068401,0.167606118684836,0.0108152200522473,9.43502818422017e-05,0.0076736712239284,0.000188850335047821,0.0149298377757677,4.87692320572542e-05,0.086184478098152,0.000923469761851687,0,0.000234971953310638,0.0185490614193071,0.030943539304227,0.076434869521451,0.0144813507950238,0.318916487374881,0.00179957666683864,0.00125985619688011,0.0112699470032578,0.212666268933349,0.0206484659602749,0.0344458061456067,0,0.000201887477767129,0.00575043271728887,0.0282532620986952,0.00285146803848367
0.000117622230847176,0.907169302846011,0.000417226977909323,0,0,0.000253076791944948,0.00016943148521709,9.00564369990392e-05,0.184032944461489,3.38797282961418e-05,0.379280685302339,0,3.83686123720106,0.000132047748938255,0,0.0157383849947122,0.00296477809358582,0.0353294802127711,0.0696687309453536,0.000249393812276455,0.00013444781293552,0.25909541972802,0.00040311993304153,0.0312707193813545,0,0.529571909759621,0.883558537249261,0.000784350807203325,0.00270321121410069,0.000154742867975463,0.318086770330893,0,0.00139080035313878,0.0748905155293048,0.000137255656637667,0.0139466175459777,1.30617734815961,0.214573776638659,0.0232728231010453,0.000300320381155157,0.000174309432253741,0.839896629912558,0.00119310649657278,0.025502065170938,0.0027286748021067,0.00210903501033514,0,0,0.00195468983055402,0,0.10292221944641,0.000340745538139417,0,0,0,0,0,0.0244846970593563,0,0.00653925201003773,0,0.0442624235276407,0,0,0.00487262351667526,0.00168409288980252,0.00435391082638134,0.010463176162134,0,0.000224398930429375,0.0661052370923216,9.06162457275546e-05,0.000327932168551284,0.631836005306328,0.0936751047941444,0.176964696004823,0.00015129692549576,5.56673162192016e-05,0,0.0196746423344498,0,0,0.00179995146250051,6.39987387806361e-05
0.022112107572165,0.058088407355344,2.14309984334569,0.000229967244089474,7.11356486532118e-05,0.000790679571925717,0.0125505131676995,0.00166439326275302,0.0226704265260455,0.0013917065128075,0.499307729778217,0.000120880926215603,0.541405635800693,0.027445127795151,0.000168272648088776,0.0172727891955802,2.02204373338824,0.391456443276746,3.52880318784641,0.000197954011866647,0.0134095179869628,0.0181998620679894,0.180787509322241,0.019414270292456,0.529571909759621,0,2.22474119645818,0.0146743890802449,0.0215574898450134,0.0327616002995906,0.284734364917204,0.000488422468718228,0.00477477539131311,0.275588430492086,0.000574487685537825,0.0483937578415608,0.307086125418654,0.285785949510194,0.0322979643338447,0.000173049945081749,0.000250088270310479,0.00112016758508585,0.00494692741695038,0.0156134303701884,0.00636077857720828,0.0012858245080247,3.20076573109573e-05,0,0,0,0.0203458575462963,0.00878312599502231,0,0,3.80008706397862e-05,0.000341077496253187,0,0.00268527328045002,0,0.00987440938695397,0,0.0383190664602047,0,0,0.00153364983829109,0.00789661001345985,0.00103606689626731,0.00807284458612595,0,0.000317054575772744,0.00493295840838121,0.00047345215499255,0.00126464490017651,0.112707872739769,0.112169023204686,0.314618568593139,0.000141137073470273,0.000198544361846549,0.000117410839072789,0.0145739901905752,0,0,0.00309052365959873,0.000441711883339433
0.00525280728842938,0.534868525719572,2.17871098060056,5.35875721974664e-05,0,0.000657785261482893,0.00950897083718386,0.000218391941920543,0.209630773415045,0.000842016089584925,0.0676562594364756,4.16078097543677e-05,0.921031422962775,0.00884114418827834,0.00070665127306117,1.4388063628006,0.457441709680515,0.0193655075148091,0.100816625137226,0,0.106097948571213,0.472213310310708,0.873897071322218,0.350655880899919,0.883558537249261,2.22474119645818,0,0.0869640402536783,0.00898709825167539,0.0112443996196882,0.326672268926689,0.000178860331490624,0.00237392213447448,0.360107709152093,0.00640026493520572,0.250607566091383,0.223875247523207,0.440735163090487,0.146725698517946,0.00442526481608583,5.37064383910255e-05,0.00129473525152226,0.0195165212267514,0.0265892021613842,0.013196159930064,0.00731716548217725,0.000476835675367302,0,0,0.000242670783105981,0.0784098058174899,0.022563840635062,0,0,0,0.000300048838647172,0,0.0107269656805913,6.23427409271972e-05,0.00285842544968506,0,0.0161913144411592,0.00018698109735272,0.000510058753691947,0.0221753480159454,0.0193926090356064,0.00089972646759836,0.00744723581407482,0,0.0011219099342283,0.0500082575637267,0.0059352620211125,0.00612544092715136,0.0953361345993319,0.143689436880123,0.784432708937466,0.00262164059319028,0.00014840279262214,0.000592745853533104,0.00772613184374811,0,2.51329759703696e-05,0.00643452047545359,0.00633216243621819
0.0233910529973288,0.000958588310305602,0.103261558508406,1.47028195532024,0,0.0400057984604695,4.97575536600822,0.00511863442275241,0.176871483617327,1.1989148481724,0.000763126417186541,0.0109131153530539,0.000145172285300432,0.0692850791061003,0.000109417853438842,0.220481296980155,0.0149433124966155,0.00011926788678514,0.000999989009671485,0.515248511604966,1.66779193072841,0.00875181095496461,0.3329194299999,2.64014357758882,0.000784350807203325,0.0146743890802449,0.0869640402536783,0,0.102204568976874,1.36551574872481,0,0.000524126497376706,0.0938469746905296,0.193048548577104,0.0120721024947843,0.235943472544181,0.0469401911320704,0.19695859619769,0.136338750083217,0.0172708626957828,0.00035992651986419,0.000184674706241545,0.0206633076870936,0.00442782253077056,0.0119465955285011,0.00840694981781335,0.00123766764083995,0,0,0.00593580952789171,0.000324250669484372,0.000833504872952816,0.000550575876340107,0,0,0.0101350520280995,0.00036230086823496,0.0499619046494029,0.00155922682070657,0.000138884256176302,0.000413350352595648,0.00017637601802811,0.004889377917116,0.000411656312586824,0.0147640681163868,0.000533735891590215,0,0.000149389102173972,0.000562323343577827,0.0115004256161078,0.014239132244042,0.00324450971554429,0.125732662238136,4.62521756734355e-05,0.000512901017418923,0.00314138679934197,0.0994178785632052,0.0104520281497425,0.0202769790384159,0,0.000217061865282931,0.00328303314299989,0.0107334733722161,0.00880079362831979
0.824905446143806,0.000417176227167052,0.0514124697106014,0.0153480097066016,0.0206911723896045,0.282483029669557,0.345420590459519,0.882093625486059,0.0265374986025827,0.0530066208368993,0.0375011660814432,0.0212391878603359,0.000768954540073079,6.00186279543235,0.000882042884066567,0.000990920000375043,0.396102576900405,0.000460470041548079,0.0073901119289484,0.0120306643066199,1.61662458281078,0.00082880277597302,0.729868419002313,0.0525014681102083,0.00270321121410069,0.0215574898450134,0.00898709825167539,0.102204568976874,0,3.14837253994026,0.000210211994164379,0.984138468821962,2.33392984382732,2.08585473032575,4.62000311889204e-05,0.00388917940808692,0.00602049053195696,0.48348912587993,0.00789566514455701,0.181286996656086,0.410287464956956,8.33362667255495e-05,0.000583943709144871,5.77593190045909e-05,0.000264806278360456,0.000114048974720737,0.000248279924993859,0,0,0.000598903571241609,0.000143009680074101,4.02588926928802e-05,8.40184788240189e-05,0,3.458338926249e-05,0.00150564619627472,9.8167810949259e-05,0.00158649087246093,4.56143199439164e-05,0.000131729163628814,5.82090141685422e-05,9.37352228711002e-05,0.000520183470804704,0,0.000151256152289901,0,0,0,7.02232251475268e-05,5.90574228847254e-05,0.000462658212697724,5.87616335050855e-05,0.00731029937360455,0.000683964665501528,0.000479874723321137,0.000763291136169707,0.00481359798655133,0.000587061360577404,0.000762630745095574,3.81501501675024e-05,4.07174400751794e-05,8.20086236922183e-05,0.000626552618079513,0.000183344445941788
0.178541031700188,0.000102491781901455,0.223407138581466,0.000715115931522362,0,0.00128251798595389,1.89286696235421,0.00239461282156085,0.0166148842810142,0.00787685109415553,0.000675743972736958,0.000178133298415907,0.000137776812189332,0.128750306905863,0,0.00543440765722197,0.0823172473557273,4.41217219868673e-05,0.00144505068359538,0,3.12496744788466,0.00121619078248614,0.470231381736771,0.0330620962657791,0.000154742867975463,0.0327616002995906,0.0112443996196882,1.36551574872481,3.14837253994026,0,0,0.000416843692746787,0.769562203410852,0.471603975334736,0.00161241881120502,0.0619865783314617,0.0109283371099033,0.0918188435208205,0.0525478910377824,0.00484360462726406,0.000656774012542317,0.000369511357651241,0.0014955754706735,0.000738018872760874,0.000482795620988447,0.000235257609939167,0,0,0,0.00016489405934338,0,0.000122111712563005,0,0,0,0.000600314714440682,0,0.0026818759741635,0,0,0,2.69719799221124e-05,0.000118576332125484,2.61510220370934e-05,0.000440703155733478,0,0,0,0,0.000417703820548099,0.00062976908535638,7.98273937492894e-05,0.00455034822106614,0,2.92437711097117e-05,0.000600535145888421,0.00381277761290156,0.000356369434328474,0.00126659903564066,0,0,0,0.000640689500704557,0.00148465629593048
0,0.00356220961716979,0.000719382903483983,0,0,0,0,0,0.00359639309539692,0,0.0459809034447274,0,3.15290752010836,4.99695446914755e-05,0,0.000744510649314863,0.000193740237330098,0.0038598328526972,0.0104590206151515,0,0,0.00194428363914789,0,0.00104268238143145,0.318086770330893,0.284734364917204,0.326672268926689,0,0.000210211994164379,0,0,0,0.000340415342886483,0.00721285324775971,0,0.00191024346709355,0.0470406607735211,0.0213506288311248,0.00430416896534794,0,0,0.000416103203272736,6.50248203673191e-05,0.00067771486066778,0.000159631738115062,0.000967780489313634,0,0,0,0,0.00208054603012889,0,0,0,0,0,0,0.00121793608376051,0,0.000627748304749072,0,0.00693330991955932,0,0,0,0,0,0.00118803505694999,0,0,0.0010080465719933,0,0,0.0295167819897766,0.00658981267313951,0.00913302808347207,0,0,0,0.00272986064965367,0,0,0,0
0.000767649745616746,0,6.50898972549504e-05,0.000280641503347216,1.40920230846711,0.0402434923190342,0.00120116360738978,0.126610823618732,0.000625679864874475,0.000329476677668261,0.275041007569536,0.000304924612169097,0,0.0138563966617934,0.000665626045846645,0,0.000370480614555031,0,0.00075135878419889,0.000773168816458288,0.000257987372042162,9.86046526649173e-05,0.000324568612298953,0.000512093795193948,0,0.000488422468718228,0.000178860331490624,0.000524126497376706,0.984138468821962,0.000416843692746787,0,0,0.00642169215984561,1.45662231997408,0,0.000117679207983765,0.00119217271232313,0.135856715337174,0,0.243279774978069,3.34822080578936,0,0,0,0,0,0,0,0,0,0,0,0,0,0,0,0,0,0,0,0,0,0,0,0,0,0,0,0,0,0,0,0.000140705216610006,0,0,0.0001262121361537,0,0,0,0,0,0,0,0
0.0106338499742299,0.000127799697199503,0.0163097483001499,0.0277745417428617,0,0.00848499511170645,0.0541921060717712,0.00109842841484145,0.0654475454442151,0.0410045534431641,0.0038050933617859,0.00171082888512874,0.000157575426936566,0.0378174027242877,0,0.00123553600644226,0.0400317532096345,0.000538204684117109,0.00317647594239974,0.0277495835299857,0.671664631040653,0.00108760281438613,0.413293597282656,0.058494857893137,0.00139080035313878,0.00477477539131311,0.00237392213447448,0.0938469746905296,2.33392984382732,0.769562203410852,0.000340415342886483,0.00642169215984561,0,1.27385301968424,1.19713567741242e-05,0.0214455183959131,0.00612586680651466,0.157017411079567,0.0555151088046899,0.00118274576644737,0.0040349601921619,0,0.000101788847467294,0.000108723809894847,0.00089642127874625,0,0,0,0,0.000562213590322727,0,0,0,0,0,0.00140498776555941,7.61246127918558e-05,0.00258517968262706,0.000286429665789146,0,0.000226792685534009,0,0.000216010529716277,0,0,0,0,0,0.000173891016507412,6.61349981440212e-05,0.000637956458780127,0,0.00760728012983284,0,4.09051885852741e-05,0.000298236157806438,0.0044496742701439,0.000334787799107842,0.000835844428579934,0,0,0.000335779092020883,0.000658731464635968,4.54806819209308e-05
