0,0.00105883759206587,0.239091791007469,0.0103133880992591,0,0.0339317090214584,1.91779841178739,0.509791710209239,0.179696434367884,0.0442522273132855,0.00105338434961468,0.00216324054082207,0.000112085755952148,3.30647473225192,0,0.00185954308005542,0.0454067761973904,0,0.0147916469874867,0.0232934301404964,0.0563686251556123,0.00593846869588898,0.21835173067732,0.0675749197086189,0.000853651518989008,0.0283009271324292,0.013729808469745,0.0647557670831935,0.814925333610961,1.01263114192521,0.000259478114898227,0.00052560319521754,0.0692453472963233,0.056283698514214,0.000430407779598525,0.033486203662171,0.02295524224269,0.0370783067368103,0.0343671024064633,0.00314738846244356,0.000660175953675912,0,0.00628694711167671,0.00154409617198076,0.00474307253045714,0.00325046437247138,0.00120076070662742,0.000574478804337038,0,0.00348691027559195,0.00150054281853811,0.000405716550225759,0.000101690710331158,0,0,0.00925908290010164,0.00197090095185301,0.0244193518686916,0.00103105712065324,0,0.000132441238366958,5.70236591690507e-05,0.00282337911588801,0,0.005115104863238,0.000534717827974122,0,0.000158833606256788,7.07321040324341e-05,0.000764981397781767,0.00405367545093931,0.000492482987229022,0.0335488914179885,0,0.000440786749963451,0.00276268537288557,0.014322540315914,0.00611713087691163,0.00527359244500226,0,0,0.00296659871727505,0.00402621316882587,5.5885471704469e-05
0.00105883759206587,0,0.0568543332863136,0,0,0,0.000858668577815801,0.000239874705448445,0.187387216865558,4.40414891395798e-05,0.00239301200833646,0,0.00779390543805008,9.24362589336631e-05,0.000747823023319882,0.109755537405684,0.0193145561028124,0,0.00970520135127391,0,0.000964260439140302,1.31414353255663,0.00339093690281074,0.0646131981172271,1.4112798033065,0.0569244355491561,0.885968574168646,0.00228380518689018,0.000366977032854821,0.00177708771161864,0.00970616783276417,0,0.000881283023273456,0.0179135100714134,0.000306734066157408,0.0238843626620773,0.0930285373342677,0.0388600800085475,0.0137489099411444,0.000362106448939737,0,0,0.0142837171792957,0.0239960635963489,0.0188704833740752,0.018520678703868,6.42632098151134e-05,0,0,0.000702651343399176,1.12889886546863,0.0199284413777357,0,0,0,0.000546553158307841,0.000176646396286674,0.0172393446053355,0,0.00274870093413237,0,0.0042116373826643,0.0001079642464475,0,0.011005211249426,0.0198903059502904,0.000569703656610909,0.010514066632099,0,0.000771142384202891,0.122103846908601,0.00866611458858222,0.00473328303888945,0.063930834251117,0.0361755172709854,0.161446188150346,0.000646372090605533,0.000182874515911878,0.000363069928288121,0.00473261599777815,0,0.000244701712483919,0.0135937710285999,0.000319748686158462
0.239091791007469,0.0568543332863136,0,0.000587358201645106,0,0.00110120689177134,0.133755263238305,0.0185532790268205,0.00377228090764044,0.00747721779529085,0.00186093370779915,0,0.00297725352546411,0.0367287509186851,0.0015527068323066,0.00869548470232966,2.55107849390593,0.000114423489647922,0.188852040932935,0.000676462780891738,0.173260787495601,0.0118400402964564,2.70467275377321,0.00430033824215256,0.00285488970289341,2.00831273422542,2.6402473860249,0.0635601857679338,0.00827237038095009,0.158351927649745,0.00234329836973121,0,0.00352585562559822,0.0930357633536645,0.0023294166645005,0.14794407555911,0.627794378395751,0.248612084018438,0.114315776224894,0.00146651616474251,0.00100300891390508,0,0.0077803307305611,0.0108444233145977,0.0110026917188687,0.00628228283622498,0.000509445378647833,0,0,6.35696964544413e-05,0.0487291971078632,0.0391125644666966,0,0,0,0.000494197648719429,0,0.003287037411382,0,0.000296005989903154,4.81573833379908e-05,0.00114159507935313,0.000140292835524621,0.00299938577275508,0.00521008110220102,0.0139711496896518,0,0.00311100849101527,0,0.000863587639951237,0.01032183955994,0.00828580369466145,0.00338600658303859,0.00290626568451171,0.015733138154337,0.13671180521516,0.000628744684068884,0.00010914311801228,0.000750052246643318,0.000651068490925317,0,0.00014856540406053,0.00515769237195824,0.00301869636889146
0.0103133880992591,0,0.000587358201645106,0,0,0.00564804873927325,0.0852701465157109,0.0055196171549396,0.25587888132229,2.387418344324,0,2.37053023659576,0,0.00772418940586486,0,0,0,0,9.47309076381438e-05,15.6433074390018,0.00040695982398686,0.000251144335908469,0.000708733527002368,5.90807488867673,0,0.000203529848896405,0.000316267444135254,3.29621140851993,0.0121008297692446,0.000552378103736438,0,0.00022137608766698,0.0141315312747456,0.0128875977800371,2.93744153226552e-05,0.00486808381003371,0.000537429973702246,0.00846281328091767,0.00770646601236235,0.000857770918973159,0.000173981287070921,0,0.000392052599399961,0.000165051301950697,0.000280046266153174,0.000115561302335641,0.000484609531358686,0,0,0,0,0,0.404161136475403,0,0,0.00145962817873556,0.000309645618623778,0.000713408813366708,0.000512111756810576,0,0.0143509865449809,0,0.000159666783276077,0,0.000215809619311462,0,0,0,0.0603119850702501,3.49430969885283e-05,0,8.51577555994257e-05,0.006188953301863,0,0,0,0.00132618013724047,0.00027327315933951,0.000449030829924266,0,0,0.000977519204474735,0.000454350683777662,2.2362596392109e-05
0,0,0,0,0,0.703349576501599,0,0.370017224047557,0,0,0.000750741222587958,0.000510046758264125,0,0,0.0741990190144435,0,0,0,0.000271148313926248,0,0,0.000314271682422693,7.24267598604363e-05,0.000127498559252015,0,0.000242495449694459,0,0.000295724457757589,0.0558498707981549,4.49933385411445e-05,0,0.683524441645728,0,0.0928994451207466,0.0580293424531689,0.000269114208861301,0.00308469656871486,0.021626812143406,0,1.17113210589885,1.59236188246592,0,0.00037432726868546,0.00112680326400551,0.000559055696096054,0.000155019984173499,0,0,0,0,0,8.01308111450516e-05,0,0,0,0,0,0,0,0,0,0,0,0,0,0,0,0,0,0,0,0,0,0,3.50605172720654e-05,2.79493158801781e-05,0,0,0,0,0,0,0,0.00105237517558326
0.0339317090214584,0,0.00110120689177134,0.00564804873927325,0.703349576501599,0,0.131949551567781,2.64930239289742,0.0354064575538376,0.871427253530682,0,4.33235385010787,0,0.0830815906108267,1.08172976874784,0,0.000254178285143404,0,0,0.0394965516909341,0.000504605815899924,8.45432488091585e-05,0.00118379452032924,0.017741202171305,0,0.000267611411931064,0.000516964891497462,0.0317916873048634,0.302383365116055,0.000944991074106325,6.24059047748724e-05,0.0346358638541538,0.0123398860607963,0.0325511524798381,0.423285260580754,0.0011705164408737,0.000797990047971237,0.00989097018198536,0.00208562125176446,2.0294194949512,0.118953830705545,0,0.000298139066727773,9.17049408279602e-05,0.000239085291651824,0.000202807654970296,0.000529340509571976,0,0,3.25123067397215e-05,0,0,0.000110467798175108,0,3.50239042827994e-05,0.00187758598650923,0.000492900624195305,0.00125363119824061,0.000695820871654694,0,0.000124205138720912,0,0.000406723628368992,0.000335316423748384,4.67107477472115e-05,0,0,0,0,0,0,0,0.00312861023488839,0,0,4.31776652483253e-05,0.00250220887665524,0.000542071026332364,0.000211585532609144,0,0,0,0,0.004160634546374
1.91779841178739,0.000858668577815801,0.133755263238305,0.0852701465157109,0,0.131949551567781,0,0.161359635413796,0.339744453269592,3.13123115145135,0.00027910751181803,0.00798673900430466,0.000197973537231195,1.11092108146182,0.000166408825495266,0.00488936014702174,0.00814204842967058,9.42416356322032e-05,0.00166620933909057,0.0342243629904134,0.0915051150827985,0.00989652400808617,0.165081353051644,0.435134196731127,0.000454080138018375,0.0148320286234084,0.067107415716284,4.95792404596329,0.143740443083947,1.76455173293613,0,0.000633592052793841,0.0779996985170379,0.113684881160041,0.00154054054682652,0.0722806947778131,0.026103956639007,0.07059169171341,0.056973111253604,0.00472678252398401,0.000452835504954063,0,0.0163834978774145,0.000966850530903947,0.011230449012269,0.00887282682751862,0.00267036345278916,0.000147771642956977,0,0.00455750299552985,0.000892034342670675,0.000820416041228311,0.000301120557454734,0,4.6609810771106e-05,0.0190742601642468,0.00471656077222661,0.0267446136035712,0.00262291736044737,0.000246995672449542,0.000675943281367743,6.91130014967255e-05,0.00693945706070068,0.00113737185431562,0.0128232987497351,0.000484571846053391,0,9.00686228807179e-05,0.000398196155523471,0.0027967590002685,0.00870304264710959,0.00300623983018966,0.0700941102483745,0,0.000375118389245639,0.00356010001662501,0.0409476772473558,0.0174776053214771,0.0163346386504875,0,0,0.00480148101026873,0.00836287467837725,0.000887366332062648
0.509791710209239,0.000239874705448445,0.0185532790268205,0.0055196171549396,0.370017224047557,2.64930239289742,0.161359635413796,0,0.0414319986181054,0.967313462560711,0.000248036206185753,0.0204154188454795,0,2.68276406067292,0,0.00017578098752094,0.00375889665853318,0,0.00117120345921624,0.0271447817817998,0.00350899178344915,0.000845826998105412,0.020173935414177,0.0278457638264966,9.55970455914163e-05,0.00386171451827811,0.00300476626147709,0.0346668606107504,0.718548939454359,0.0754880090703564,0,0.107388907285062,0.0073732608870547,0.0590655936289259,0.00014307792729586,0.00559609184203603,0.00193664522929445,0.0161403342778389,0.00323200476472461,0.0189920945656973,0.100756373796478,0,0.00159132822273676,0.000186050599052916,0.00129332959476626,0.00101443717296316,0.00012583965703878,0,0,0.0007858498161772,9.43403126431753e-05,0,0,0,0,0.00337022327858626,0.000694221729430839,0.00309532618679803,0.000283484689839896,5.41544641573285e-05,7.6351235907701e-05,0,0.00100315189627883,3.9673397162582e-05,0.000885513813348457,2.70541627223442e-05,0,0,0,0.000284637761706563,0.000748299593189904,0.000117271062559569,0.00872436916055077,4.66672331783744e-05,4.89601707423471e-05,0.000290669267798799,0.00410256459137238,0.00182394111172563,0.002113809054539,0,0,0.00057617164368472,0.000569037717829691,0.000125272419772579
0.179696434367884,0.187387216865558,0.00377228090764044,0.25587888132229,0,0.0354064575538376,0.339744453269592,0.0414319986181054,0,0.204375210079717,0.000539975458362573,2.58332492526887,0.00761632208819676,0.0415038383737316,0,0.0282593625054702,0.00254535300755504,0,0.00191441549087895,0.474832793728509,0.00447748542339928,1.63843877823353,0.00254715639167401,5.62879263236971,0.202875876451653,0.0148789797512746,0.181843845701115,0.41651793933521,0.054989450007897,0.0947190303040819,0.0072211913063508,0.000134605361763358,0.0949022330694232,0.0545773298732393,0.000609896302218863,0.191320505906984,0.0378508275048892,0.0624730536143506,0.119733806054401,1.50565441544573,0.000937568689446777,0,0.0405407962844419,0.00997718703864154,0.0316976598425614,0.0193528789756587,0.00169380180712981,0.000704193287399749,0,0.0131933376561072,0.0386526349856118,0.00234865715144749,0.000769749111797363,0,0.000261913930197265,0.0354812253453898,0.00442087207454085,0.573989977340309,0.00173012734824134,0,0.00195349513552268,0.000239558297648577,0.00980986412477461,0.00039897280475727,0.160990830948501,0.00280123683909622,0,0.00103683585093652,0.000116703913438801,0.0176283890395919,0.384974269991458,0.00705587214194446,0.173344061375731,0.00518143022279616,0.00235911639929727,0.0127686093653351,0.0798319060066318,0.0242753420673151,0.0596007293215695,0.000127622319798281,0,0.0159521733554056,0.0283335279180757,0.00106172859622377
0.0442522273132855,4.40414891395798e-05,0.00747721779529085,2.387418344324,0,0.871427253530682,3.13123115145135,0.967313462560711,0.204375210079717,0,0.000243683004993852,0.579707503045827,0,0.12408221176812,0.000141875131610728,0.000224387125041282,0.000302176246712535,0,0.000216051750257405,5.45954333726579,0.00162556982930284,0.000261701174213876,0.0046320753580186,0.130097778015965,0,0.000746615969529872,0.0027961553133249,2.59239967379344,0.0803676841283582,0.00413512213892718,0,0.000174828334506736,0.0411700733621078,0.0834917101436779,0.000111942105917576,0.00575997394126675,0.00175726522118334,0.0161705703931532,0.00933646630610268,0.0153766884152885,0.000101932193646432,0,0.00085635139578121,5.96424667732879e-05,0.00121746582517406,0.000975005143368881,0.0028646821723958,0,0,0.000708019308183383,0,0,0.000809272239323311,0,0,0.00888645438522753,0.0018430607323843,0.00329279147200761,0.00217156201143749,3.11254483256317e-05,0.00067412959379411,0,0.0018767019385442,0,0.000540040046551112,0,0,0,0.000439680315998519,0.00016289645623142,0.000821922203057643,0.000378321098496854,0.0184005777360539,0.000138994356077208,0,0.000239656876177102,0.0100232613733226,0.00165675725062435,0.00153102534233032,0,0,0.00068642526887609,0.00189990876715785,0.000159035404382204
0.00105338434961468,0.00239301200833646,0.00186093370779915,0,0.000750741222587958,0,0.00027910751181803,0.000248036206185753,0.000539975458362573,0.000243683004993852,0,0,1.72363610554301,0.000300097410894064,0,0.00139728666907409,0.00995253342560855,0.271815350691328,2.62327681370392,0,0.00179465052180205,0.00116037669496496,0.00451952669392482,0.000705235236314624,0.612335707796936,0.853462756804964,0.095667899476985,0.000658834080407188,0.015062034491059,0.000616619161925258,0.318082900334166,0.00190115613371644,0.000860042594417187,0.519542836959371,0.000292339088216878,0.0288563891554208,0.816949400423907,0.688014339754302,0.0245481283033635,8.01069227491557e-05,0.00185728560348278,0.232369432408641,0.000364266938238655,0.00237042672968523,0.000961608931180243,0.00135090832105673,0,0,0,0,0.0021077088135459,0.000208248316234622,0,0.000162949931444081,0,0,0,0,0,0.00478834217344567,0,0.00686823050246171,0,4.5281457781311e-05,0.000213175222020065,0.00043029713240164,0.00252742894458493,0.00159367192909797,0,2.87571759741996e-05,0.00022702270998465,0.000222925906983686,3.05055350759754e-05,0.0147133254217408,0.026292369357091,0.0111698482077007,4.56085899255194e-05,0.000107949518804905,0.000114465681453215,0.00374565432057052,0,0,0.0010823807865571,0.000161183751750582
0.00216324054082207,0,0,2.37053023659576,0.000510046758264125,4.33235385010787,0.00798673900430466,0.0204154188454795,2.58332492526887,0.579707503045827,0,0,0,0.00576314755301841,0.561925732844078,0,0,0,0,11.6632298129089,9.35973531884446e-05,0,0,2.15078209777733,0,0,2.20671076627693e-05,0.0494512338106066,0.0141347439585702,0,0,6.51508482113366e-05,0.00879643670074407,0.0166430732895269,0.047619225098749,0.0190378984144822,0.000104942820489886,0.000751047396929523,9.60668683157809e-05,0.507041796743273,0.000169231713945074,0,0.000313548589621765,0,0.00025046719333878,9.54008754460323e-05,0.00073729295523288,0,0,0,0,0,0.00506036100514358,0,0,0.000701960529174876,0.000209217459133448,0.000272761320127269,0.0006383416111126,0,0.135185300946304,0,0.000142281755571858,0,0,0,0,0,0.106150742391267,0,0,0,0.00395422830744858,0,0,0,0.000764065689064625,0.000432947949613195,8.59015707817181e-05,0,0,0,4.78138702116097e-05,0.000303499223287629
0.000112085755952148,0.00779390543805008,0.00297725352546411,0,0,0,0.000197973537231195,0,0.00761632208819676,0,1.72363610554301,0,0,0,0,0.00181586806001175,0.000260052110281685,0.00123542628751424,0.00353321682300164,0,0.000634922799063187,0.00702791410168727,0.00153957013861392,0.00276665806619111,4.39836231658878,0.114819443257127,0.9796371375746,0.000513939030184454,0.000515203876019482,2.687653895598e-05,3.21188060878943,0,0,0.0491211159296758,0.000399434988099199,0.141879052742683,0.734247293741233,0.203236988846554,0.206361257360163,0,0,0.745270662289839,0.0873641561132803,0.0134114539333287,0.00211894346568493,0.000327345513847069,0,0,0,5.23760761314729e-05,0.00293093153977194,0.00112245716873267,0,0,0,7.42848874777857e-05,0,0.000139056801842466,0,0.016807328272271,0,0.0586947054258765,0,0.000144621695172624,0.000290690098200059,0.000571857560234821,0.00225879190620877,0.00150325324078847,0,4.94680107357339e-05,0.000465163086323939,0.00042578774519362,0.000277855864640268,0.0195888943096281,0.0282906419416581,0.0119045262756773,0.000132553420736868,0,4.74623793686223e-05,0.00687541429790325,0,0,0.00101558563616216,0.00012333835188004
3.30647473225192,9.24362589336631e-05,0.0367287509186851,0.00772418940586486,0,0.0830815906108267,1.11092108146182,2.68276406067292,0.0415038383737316,0.12408221176812,0.000300097410894064,0.00576314755301841,0,0,0,8.99811162749812e-05,0.00508624151957054,0,0.0016154582005829,0.0170970707436921,0.0147281176614881,0.00161372383227553,0.0440767571510247,0.0431352216986358,0.000353467691671551,0.00489079448588511,0.005178126347529,0.0536396358978351,7.50321284343362,0.535708713881741,0,0.00611085432723813,0.0773645656084901,0.116820153764341,0.000144190278192082,0.0111729625946493,0.00370050774247607,0.0208057290020504,0.00553090618253384,0.000339648367721072,0.00381439539378756,0,0.00224211338059241,0.000262763818890218,0.00202792828074551,0.00105990861299709,0.000183535161708492,3.59835016786564e-05,0,0.000887595603100675,0.000372803656097799,0.000336055670326972,7.25818006448845e-05,0,0,0.00341785812802571,0.000533049550598437,0.00466594554002667,0.00025534132749823,0,0,0,0.00143521282749957,0,0.00155349273830016,0.000132257295527181,0,6.22651297780934e-05,6.76189472131397e-05,0.000404288189302597,0.00191483459358613,0.000363840297724731,0.0117268217735329,0,3.01275260478065e-05,0.000688757949424776,0.00826427196342674,0.00278607819198546,0.00290725928865133,0,3.70514281499562e-05,0.00131063464108172,0.00171010039043061,0.000139819422413603
0,0.000747823023319882,0.0015527068323066,0,0.0741990190144435,1.08172976874784,0.000166408825495266,0,0,0.000141875131610728,0,0.561925732844078,0,0,0,0.00096929775502913,0,0,0,0,0.000537621865166361,0,0.00168842703114646,0,0,0,0.00101346340520329,0.000270386315008417,0,0,0,0,0.000310694887662694,0,0.0960843765683783,0.00291092030339894,0.00987229297127663,0.00193410908239537,0.00497962988503048,0.218590130542635,0,0,0.000658200713973598,0.00865870374727768,0.00378906421557012,0.00461643339580192,0.000529111695703258,0,0,0,0.000629712628187784,0,0,0,0,0,0,0,0,0,0,0,0,0.000639309775114903,0.000702143977207819,0,0,0,0,0.000508010406563786,0.000828252241578606,0.000973568902920822,0,0,7.7784969409465e-05,0.00090314250999899,0.000144568534124388,0,0.000757226657206261,0,0,0,0,0.0142912607322555
0.00185954308005542,0.109755537405684,0.00869548470232966,0,0,0,0.00488936014702174,0.00017578098752094,0.0282593625054702,0.000224387125041282,0.00139728666907409,0,0.00181586806001175,8.99811162749812e-05,0.00096929775502913,0,0.00582468802322573,0.000464240965212359,0.00155202066881985,0,1.02840646177367,5.40910574961627,2.48090624668776,1.38963030235965,0.0204889225310693,0.00694768141427045,1.23471088524533,0.406421227671614,0.000990670775962525,0.0187668488560065,0.000812378905992062,0,0.000698010663572949,0.046725644730772,0.00714856852387477,0.246376534098171,0.19842613040407,0.229989845291089,0.195178684654245,0.0182524208939422,0.00193079713987246,0.000938900491464851,0.0456415878204853,0.0446978157137973,0.0399141493818849,0.0543765380510293,0.00432529103142807,0,0.00075469046811232,0.000709290307784531,0.011873700743546,0.00691308847226818,0,0,0,0.00193623170716872,0,0.0235000743255355,7.8298098084368e-05,0.000397777465468596,0.000445095663531556,0.000509374510466364,0.000440290261436685,0.0106005282352695,0.465740968574318,0.0074388524794328,0.000196842098272839,0.00187563594379804,0,0.0503639918306972,0.216969256246248,0.15062367310603,0.00950133464909138,0.000762379591134538,0.00356566613202015,0.0803500672689108,0.00747038764546275,0.000525316474407251,0.00850971184643554,0,0,0.00122449917554329,0.0138639690490533,0.00790598220081753
0.0454067761973904,0.0193145561028124,2.55107849390593,0,0,0.000254178285143404,0.00814204842967058,0.00375889665853318,0.00254535300755504,0.000302176246712535,0.00995253342560855,0,0.000260052110281685,0.00508624151957054,0,0.00582468802322573,0,0.000649658505796492,1.42011833541181,0,0.0339787417793691,0.00246342594167171,2.66994898321288,0.00186685729804417,0.000760940484905851,1.42233524837098,0.249097663468446,0.00254580307934475,0.132042439543448,0.0160101824095593,0.000527760344909472,0,0.00253943021466113,1.0244611947805,0.000113033301813555,0.0123912091960566,0.0716496853502332,0.0685323026333658,0.00635084110841449,0,0.000711496259637456,0,0.0016460083901731,0.00272842873931389,0.00145541247504018,0.00103217781432377,0.000199982476561181,0,0,9.76483765876531e-05,0.015352157666844,0.0115371064662598,0,0,0,0.000275396106193437,2.39742548339907e-05,0.000352160259839169,0,0.000272329627496296,0,0.00014732920278476,0,0,0.000833861606286234,0.00440951226148693,0.000252528163040415,0.00240762376106951,0,0.000166696727562274,0.00188995803250382,0.00111292242946844,0.000975617622100303,0.000908210125298264,0.00575830468560965,0.0294514787604186,0,4.18059936284376e-05,0,0.000891899926911638,0,0,0.000751577489037873,0.00010048976362659
0,0,0.000114423489647922,0,0,0,9.42416356322032e-05,0,0,0,0.271815350691328,0,0.00123542628751424,0,0,0.000464240965212359,0.000649658505796492,0,2.97250826734226,0.000143336166338876,8.78336466589328e-05,0,0.000752699075265246,0.000101566460064794,0.026743299757276,0.688271058521502,0.00782088139931894,0,0.000303775571991786,0,0.00113020685921331,0.000208680315350308,0.000206870369743295,0.0189810781533535,7.67494966283514e-05,0.00491672093763235,0.0753529031436472,0.0256230770659303,0.00636276893173508,0,0.000851309406410799,0.000910870485328966,0.000156585694923337,0.000236497293617274,0,0.000385178844917379,0,0,0,0,0,0.000509593451807233,0,0,0,0,0,0,0,0.00146978485296104,0,0.00138762940160039,0,0,0,0,0.000888693273094415,0.000336951336135653,0,0,0,0,0,0.00820900404745464,0.00352945770808286,0.0011964290081309,0,0,0,0.00166262782678471,0,0,0.000291795198392509,2.56968169893299e-05
0.0147916469874867,0.00970520135127391,0.188852040932935,9.47309076381438e-05,0.000271148313926248,0,0.00166620933909057,0.00117120345921624,0.00191441549087895,0.000216051750257405,2.62327681370392,0,0.00353321682300164,0.0016154582005829,0,0.00155202066881985,1.42011833541181,2.97250826734226,0,0,0.00286400630643668,0.00450922405202519,0.0459486311858038,0.00107775137852057,0.0187554218659791,4.46135248340228,0.115743956319349,0.00111507459691974,0.00583290023007169,0.00405894985918118,0.00265095616491025,0.000576863868237474,0.000490194376856493,1.10561706905031,0.000342564969481209,0.0175269561551967,0.215139943898382,0.154863704206903,0.0302434269625369,0,0.000576876303453994,0.000227365250085786,0.0018566457715876,0.00525060807673276,0.00246656774654887,0.00084953429819423,0,0,0,9.00101473000348e-05,0.0123079462616312,0.00127359207496126,0,0,0,0.000121670813606573,0,0.000391918493509336,0,0.00172652813169761,0,0.00292181496766002,0.000156640057853338,0,0.000523259012036099,0.000783273450145108,0.00092690989577365,0.00294188679364237,0,0,0.000567593996501588,0.000425264349753915,5.99571141184953e-05,0.00978918955887972,0.029715897567272,0.0210214354508201,8.93893251562819e-05,0,0.000153294073201261,0.00439971962453448,0,0,0.00372640796936364,0.000160825191694292
0.0232934301404964,0,0.000676462780891738,15.6433074390018,0,0.0394965516909341,0.0342243629904134,0.0271447817817998,0.474832793728509,5.45954333726579,0,11.6632298129089,0,0.0170970707436921,0,0,0,0.000143336166338876,0,0,6.73460319613869e-05,0,0.000772941115649952,1.11678844162225,0,0.000118847743010542,6.64168556400255e-05,0.82627835467266,0.0288970815492243,0.000299266132026242,0,0,0.0337744315663571,0.0428371563277367,0,0.00248830799836137,0.000182505290440491,0.00850013295578781,0.00549104160780443,0.0216378442439074,0,0,0.000139509608700437,0,0.000402206166461057,0.00100596386130482,0.00196381851240387,0,0,0,0,0,0.203094315490973,0,0,0.00110802756735509,0.000595243176871388,0.00453873792496428,0.000723048743540794,0,0.213625996799879,0,0.000864838140184396,0,0,0,0,0,0.416287592736519,0,0.000278546810198541,6.1872781974252e-05,0.0121341765528095,0,0,0,0.00144779477431263,0.000596517770775263,0.000323866116602788,0,0,0.000588288638837503,0.00126510885485119,0
0.0563686251556123,0.000964260439140302,0.173260787495601,0.00040695982398686,0,0.000504605815899924,0.0915051150827985,0.00350899178344915,0.00447748542339928,0.00162556982930284,0.00179465052180205,9.35973531884446e-05,0.000634922799063187,0.0147281176614881,0.000537621865166361,1.02840646177367,0.0339787417793691,8.78336466589328e-05,0.00286400630643668,6.73460319613869e-05,0,0.103378100737799,6.8779882466816,0.123918814449915,0.000213042078793914,0.00949404098238405,0.0845514449109245,2.36730419389682,1.94249383819989,4.37278017501997,0.000341139756700882,9.82690331186795e-05,2.65162402954321,0.471680970895781,0.0179121865529256,0.468950313703394,0.311463134671077,0.429095817623379,0.236002928547697,0.0300566168141531,0.00117161210780019,0.000833919145502394,0.0209510853919376,0.00480560517390448,0.00583375630503933,0.00825102491010418,0.000990200980256465,0,0,0.000206830362522025,0.000604484067330754,0.000953328478444524,0,0,0,0.00108863907432005,6.33676836825046e-05,0.00256777067988646,5.42574708105481e-05,0.0002048934858732,0.0002503432269953,0,2.63250989539021e-05,0.00434422310421894,0.0786126416355088,0.000797058370322979,0,0.000372455131003581,0,0.0230695915257457,0.046566138465562,0.0175492762520601,0.00850331263754981,6.85133822106686e-05,0.000487549229367545,0.0055368088896419,0.00899012488407491,0.000779581283673481,0.00782588160381062,0,0,0.000308449287291763,0.0032648751394972,0.0131955637246319
0.00593846869588898,1.31414353255663,0.0118400402964564,0.000251144335908469,0.000314271682422693,8.45432488091585e-05,0.00989652400808617,0.000845826998105412,1.63843877823353,0.000261701174213876,0.00116037669496496,0,0.00702791410168727,0.00161372383227553,0,5.40910574961627,0.00246342594167171,0,0.00450922405202519,0,0.103378100737799,0,0.220547163804472,2.04806908039045,0.242941158638231,0.0148442350254492,1.07616057857784,0.0885177717428926,0.00518234342331051,0.0307695885980298,0.00461639366171461,0,0.00664845185501227,0.0316413415769579,0.00344733439509099,0.13960371421644,0.126323611488079,0.121949725056204,0.106777091961612,0.00908444020729055,0,0.000327763623933216,0.0609800956100525,0.0349211977962495,0.0564026683198795,0.0388863885800358,0.00541085705748208,0,0,0.00172568576588754,0.129478746017434,0.0117882302464375,0,0,0,0.00341186545444667,0.000269545234455407,0.431858471945919,0.000157964716761235,0.000263757554820606,0,0.00100733380869122,0.000935431060116399,0.00704465539810442,0.522744163621811,0.0101329045075151,0.0013232885120658,0.00248608556190714,0,0.100850518238602,0.94796235756003,0.124014829593007,0.0374324825103522,0.00595824005506925,0.00588833597984028,0.0898875210460917,0.0269252334146399,0.0025953826831963,0.0264661169716182,0,0.000355801571093176,0.00274208190813328,0.0250716838890694,0.00418172275206197
0.21835173067732,0.00339093690281074,2.70467275377321,0.000708733527002368,7.24267598604363e-05,0.00118379452032924,0.165081353051644,0.020173935414177,0.00254715639167401,0.0046320753580186,0.00451952669392482,0,0.00153957013861392,0.0440767571510247,0.00168842703114646,2.48090624668776,2.66994898321288,0.000752699075265246,0.0459486311858038,0.000772941115649952,6.8779882466816,0.220547163804472,0,0.035239476212708,0.000932261807118484,0.166004803375985,1.4500435447371,0.395596081507681,1.16177788778256,0.439793227010342,0.000702466979300007,0.000249468162182146,0.275726242347717,0.492337457415446,0.0248888259648734,0.534316734805327,0.800462694956519,0.733995903163653,0.374752026930077,0.0493436956135501,0.00255816700383496,0.00150257142016866,0.0312849553627003,0.0152015575637914,0.0186003609876199,0.0178556026420629,0.00338711480930604,0,6.78796651728533e-05,0.000276157122249528,0.00414679946903464,0.00540117192873265,0,0,0.000119220899392956,0.00142054725890026,8.18852817412747e-05,0.00472688142796651,0,0.000260832270714937,0.000546054792029793,0.000202024657174404,0.000351876013636336,0.00935203086706439,0.103395351282742,0.00614123171316855,0,0.000912991732916098,0,0.0122741308420058,0.0432035163926556,0.0615533259730703,0.00547498330656381,0.000196239257667206,0.00252162136271312,0.0889327709611006,0.00387424555310019,0.000464238553826306,0.00262538846811391,4.47208901728372e-05,0,0.000136169021711636,0.00563072593928867,0.024492058021292
0.0675749197086189,0.0646131981172271,0.00430033824215256,5.90807488867673,0.000127498559252015,0.017741202171305,0.435134196731127,0.0278457638264966,5.62879263236971,0.130097778015965,0.000705235236314624,2.15078209777733,0.00276665806619111,0.0431352216986358,0,1.38963030235965,0.00186685729804417,0.000101566460064794,0.00107775137852057,1.11678844162225,0.123918814449915,2.04806908039045,0.035239476212708,0,0.041381806608148,0.00955646707247174,0.298039908694105,3.44286575543733,0.0831522997147281,0.165199045663056,0.00150810329143442,0.000509894185708015,0.0724827708156828,0.0760636466558226,0.00372823095177708,0.184797962909162,0.0619295467835481,0.0868481749444614,0.0965297160775007,0.00741353889720221,0.000127899244124506,0.000402700153033766,0.0744506219308946,0.00995134261546816,0.0566027180396953,0.0301074009567669,0.0092877852459046,0.000575788704765334,0,0.0209119669402017,0.00719879694785965,0.0023076670547005,0.00298841917448953,0.000273286729932901,0.000868980295398712,0.0881689662741911,0.019038344100499,0.17263841536802,0.00861316770729387,0.00049799007033064,0.00766693576105925,0.000354213443140457,0.0225950216258394,0.00207886621633348,0.200054235502337,0.00315770716983331,0.0003113933382971,0.0012295899294452,0.00232355079791453,0.0490510534706681,0.143115854152797,0.0289118454869276,0.338576564300341,0.00127111305593532,0.00262261012278422,0.0137237076194529,0.185380153133488,0.0631459746247713,0.103435668054316,0.000159995036755569,0.000595447685446202,0.0217588752658072,0.0458147908233046,0.00260092837175186
0.000853651518989008,1.4112798033065,0.00285488970289341,0,0,0,0.000454080138018375,9.55970455914163e-05,0.202875876451653,0,0.612335707796936,0,4.39836231658878,0.000353467691671551,0,0.0204889225310693,0.000760940484905851,0.026743299757276,0.0187554218659791,0,0.000213042078793914,0.242941158638231,0.000932261807118484,0.041381806608148,0,0.492422334873345,0.70819632262501,0.00139253393939154,0.00138746229149919,0.000929221971950325,1.45388212156934,0,0.00175045571206882,0.0337500590390458,0.000290349290773174,0.0206500037377143,1.97981288188671,0.418875594499705,0.0182895879702703,0,0,1.67938909032517,0.00459296711261981,0.0230072612958802,0.0077183684506086,0.00762593309717848,0,0,0,0.00021401773646771,0.150912037736226,0.00203124625917935,0,0,0,0.000150504143631724,6.709679033692e-05,0.00290450122875263,0,0.0128599981823097,0,0.0411610997079642,5.96301200057603e-05,0,0.00186139135992785,0.00145959352504811,0.0127253560882422,0.0113038907710698,0,0.000254192398520281,0.0210092748673606,0.000859332936364796,0.000407272041407514,0.66984753426142,0.108346996574344,0.062915812038125,0.000235271704953285,0.000131115111461886,0.000505768810715266,0.0328805795453471,0,0,0.00368282919057458,7.88955378423022e-05
0.0283009271324292,0.0569244355491561,2.00831273422542,0.000203529848896405,0.000242495449694459,0.000267611411931064,0.0148320286234084,0.00386171451827811,0.0148789797512746,0.000746615969529872,0.853462756804964,0,0.114819443257127,0.00489079448588511,0,0.00694768141427045,1.42233524837098,0.688271058521502,4.46135248340228,0.000118847743010542,0.00949404098238405,0.0148442350254492,0.166004803375985,0.00955646707247174,0.492422334873345,0,2.84802199960409,0.00704498695769975,0.00945426174100518,0.0158144655600678,0.733853558923262,0.000615011561230365,0.00108793197366283,0.224169273547094,0.00321490361967102,0.160054515082143,1.07056890971618,0.316914598226415,0.0736308134109769,0.00117554562242156,0.00085068105293417,0.00538498947683528,0.0197912980042585,0.0478834334876836,0.0186966696797776,0.0107963991471951,0.000546496040329799,0.000189384371317554,0.000209455582870742,0.000628483929345786,0.0755613316125208,0.0156224639560722,0,0,7.45860449389445e-05,0.00046930844483262,0.000360439390615487,0.00173476549488365,1.61357437451668e-05,0.0302711850671504,9.05093533534185e-05,0.0511439165536487,0.0004154118370352,0.00181837301587277,0.00112627515632648,0.0129108949298823,0.0113025766571483,0.0284789180103271,0,0.00067380742374397,0.00321264237884413,0.00239493470857384,0.000983407332681354,0.112536052574944,0.414734912456939,0.310126918014758,0.000174682802627032,0.000885887057070376,0.000828812712574198,0.0306488717459242,0,0.000191925848857765,0.0229572949348741,0.00287813927256338
0.013729808469745,0.885968574168646,2.6402473860249,0.000316267444135254,0,0.000516964891497462,0.067107415716284,0.00300476626147709,0.181843845701115,0.0027961553133249,0.095667899476985,2.20671076627693e-05,0.9796371375746,0.005178126347529,0.00101346340520329,1.23471088524533,0.249097663468446,0.00782088139931894,0.115743956319349,6.64168556400255e-05,0.0845514449109245,1.07616057857784,1.4500435447371,0.298039908694105,0.70819632262501,2.84802199960409,0,0.131366791956252,0.00621870255145273,0.0235570658413063,0.52492374942726,6.22793687241698e-05,0.00352070847708184,0.314362773519318,0.0197697544984736,0.458204283179039,0.896615325667127,0.543910666972182,0.218203466700647,0.00917617145832277,0.00278039750276057,0.00202808151540102,0.0610485732532242,0.0746799161270184,0.0577488601567752,0.0365420298454371,0.00206373622372594,6.56035946853747e-05,0.000398549393546499,0.0015178241950814,0.20362147465084,0.0997765972589821,0,0,0,0.00475208498212949,0.000602673208439398,0.0102422348939026,0.000175068244563955,0.0156844223325498,0.00048297920389452,0.0320297520395371,0.00195840689064135,0.00578911187407828,0.0361601945444132,0.0438974189738876,0.00799355342080734,0.0335920427239436,0,0.00461135334616189,0.0698648405374228,0.0849518038417609,0.0153704477369587,0.110131214281155,0.401942959598618,0.866635785180637,0.00423426707293537,0.00282236724469614,0.00503361027801738,0.014547768105757,5.84392166228936e-05,0.000208237252423263,0.0369971336344383,0.020218508976085
0.0647557670831935,0.00228380518689018,0.0635601857679338,3.29621140851993,0.000295724457757589,0.0317916873048634,4.95792404596329,0.0346668606107504,0.41651793933521,2.59239967379344,0.000658834080407188,0.0494512338106066,0.000513939030184454,0.0536396358978351,0.000270386315008417,0.406421227671614,0.00254580307934475,0,0.00111507459691974,0.82627835467266,2.36730419389682,0.0885177717428926,0.395596081507681,3.44286575543733,0.00139253393939154,0.00704498695769975,0.131366791956252,0,0.136983365512754,2.63945337137062,5.58528498219267e-05,0.000627282921925065,0.127691266197888,0.192973645572682,0.00960998971070474,0.40533401063072,0.110907361220766,0.265888766175373,0.193042275877192,0.011205669261729,0.000752260830717153,0.00133101394577368,0.0380167206134013,0.00476104273336825,0.0252523992347152,0.0130732807464777,0.0070574134815124,0.000313684422105466,0,0.00931609967067195,0.000746148408407687,0.00111896215570909,0.00278931406846997,0,0.000503971218859242,0.0572523126000578,0.00908244423040281,0.0564934455179433,0.00418108724063656,0.00025059731079653,0.0010679724585941,0.000202074441800523,0.0133431824363231,0.00281182602128787,0.0899172861841453,0.00171469313084576,0,0.000576744138428051,0.00137082773196274,0.0218640178289498,0.0581207544724563,0.0144215262335071,0.173189707949514,0,0.0011582179608829,0.00791514106787914,0.105533694179527,0.03194114746857,0.0531027087907098,0,7.73696072785008e-05,0.00765404887448052,0.0212124759788414,0.00893705909685818
0.814925333610961,0.000366977032854821,0.00827237038095009,0.0121008297692446,0.0558498707981549,0.302383365116055,0.143740443083947,0.718548939454359,0.054989450007897,0.0803676841283582,0.015062034491059,0.0141347439585702,0.000515203876019482,7.50321284343362,0,0.000990670775962525,0.132042439543448,0.000303775571991786,0.00583290023007169,0.0288970815492243,1.94249383819989,0.00518234342331051,1.16177788778256,0.0831522997147281,0.00138746229149919,0.00945426174100518,0.00621870255145273,0.136983365512754,0,3.93229575145176,0.000905719523007194,0.385446043080245,2.69612380312919,2.91555819757226,0.000239910414324797,0.0281423784689944,0.033950245254176,0.563771258400763,0.0279647916341441,0.0542453673325352,0.468213564425129,0.000714085369920847,0.00421920924842828,0.00024151955624625,0.00356901038538971,0.00174867616938457,0.000257081332961526,0.000142430114471847,0,0.00115228340420285,8.02549980201545e-05,0.000268838220431638,0,3.30604185307874e-05,7.0560704241334e-05,0.0061367691808289,0.00110034574055525,0.00894949108436072,0.000534587867768022,8.67027986852517e-05,0,9.03437267760487e-05,0.00159476125270852,9.50082731089145e-05,0.00480831468747039,9.72296894322894e-05,0,3.77827674868667e-05,0,0.00105575253814597,0.00364033314540058,0.000550637576526575,0.0217747153612193,0.000508778459360329,0.00041973279206628,0.000531353934871909,0.0147784365158863,0.00465626368860814,0.00672380476651308,4.03636917906173e-05,0,0.00130270815005032,0.00231917718031303,0.000141042918074602
1.01263114192521,0.00177708771161864,0.158351927649745,0.000552378103736438,4.49933385411445e-05,0.000944991074106325,1.76455173293613,0.0754880090703564,0.0947190303040819,0.00413512213892718,0.000616619161925258,0,2.687653895598e-05,0.535708713881741,0,0.0187668488560065,0.0160101824095593,0,0.00405894985918118,0.000299266132026242,4.37278017501997,0.0307695885980298,0.439793227010342,0.165199045663056,0.000929221971950325,0.0158144655600678,0.0235570658413063,2.63945337137062,3.93229575145176,0,0.000370872863390095,0.000432044909980851,1.05096792053154,0.531513781168329,0.00261385062164537,0.144052034922067,0.0623901514152661,0.145004235778535,0.0731978380495861,0.0027230352516205,0.000522969589899352,0.000707549107665554,0.0168429190519126,0.00167881035850065,0.0097888272533776,0.00615083139970433,0.000815028950275431,0.000137263096296408,4.28889768328477e-05,0.00441976865107378,0.000346643821649667,0.000939971783074886,4.4236192847818e-05,0.000111844010000336,4.54852453253426e-05,0.0160019604473025,0.00213608827880534,0.0246281742319189,0.000400808859728627,5.54633930626887e-05,6.00599906561456e-05,0.000122703502510327,0.00337897661358904,0.000770710521310586,0.0327733604012051,0.000398166310067527,0,0,0.000132972092473584,0.00702609328684905,0.019672240677256,0.00428002242933697,0.0617479283991315,0.000174297097898408,0.000196432581651305,0.0035214106196222,0.0373549771319955,0.0133084192199691,0.022474826051694,0,9.87972762607002e-05,0.00390981644751997,0.00787528866425713,0.00248933018420316
0.000259478114898227,0.00970616783276417,0.00234329836973121,0,0,6.24059047748724e-05,0,0,0.0072211913063508,0,0.318082900334166,0,3.21188060878943,0,0,0.000812378905992062,0.000527760344909472,0.00113020685921331,0.00265095616491025,0,0.000341139756700882,0.00461639366171461,0.000702466979300007,0.00150810329143442,1.45388212156934,0.733853558923262,0.52492374942726,5.58528498219267e-05,0.000905719523007194,0.000370872863390095,0,0.00040627127986939,0,0.0145319790092372,0.000141532096167692,0.024220215262599,0.397049651585642,0.0750670374292357,0.0126246313779993,0,0,0.0153191280938513,0.000631747340644345,0.00605701278490653,0.00136795491073813,0.00139213756393476,0,0,0,0,0.00375401552642809,0.0011408649732912,0,0,0,0,8.63520387677221e-05,0.000305524453057426,0,0.00953468044795171,0,0.010424159333421,0,0,0,0.000398235243015702,0.00548897636702186,0.00476678506444211,0,0,0,4.22604337057412e-05,0,0.0298351129363484,0.0238042621920787,0.00912419983415603,0,0,0,0.0195984050451723,0,0,0.0009857376370101,0.000149683206902812
