0,0.00104280245234241,0.0156293701059266,0.00327811303276213,0.000355825037812049,0.0145490444606324,1.17051662504285,0.490213608770587,0.0638898185409472,0.027929647879184,0.00150493893892356,6.56436491708861e-05,0,2.7231770534318,0.000768185584917057,0.00118516000922548,0.0768037379156131,0.0034451078202732,0.00840414824755238,0.0117622542574962,0.0331941015432476,0.00256041913146543,0.0189218911972792,0.048882260078958,0.000437241244226279,0.00846308988034176,0.00368792920302366,0.0805358709313767,2.33033386097079,1.24089591285785,0.000336191399744994,0.000445809143763128,0.233330496203565,0.337100977768164,1.95657439882108e-05,0.0103174846788014,0.0189281321156424,0.0305152513989379,0.00642091783709807,0.0599276626177034,0.00704552967016131,0.00063871673025729,0.00236922898374341,7.07588830294167e-05,0.00134365124131336,0.00071205687307681,0.00219413991332088,0,0,0.00211837944740177,0.000265838849648805,0,0,0,0,0.0013543377844974,3.80423413025625e-05,0.00520633117632474,0,0,0,0,0.000213515499665224,0,0.00453962609607759,0,0,0,0,0.00113708265943996,0.00112199176311799,0.000101901372844904,0.0143162681462042,0,0,0.00036230824372397,0.00479588847617132,0.000451934788881952,0.00256264615677285,0,0,0.000404102889701955,0.000423729306424795,0.000172041748213535
0.00104280245234241,0,0.0197065289690297,0,0,8.76305238166645e-05,0.000288182972774317,0.000867609121097854,0.0634487049857659,7.22826920984618e-05,0.109484899333625,0,0.149485941179352,9.99431784837617e-05,0.00121473958012017,0.0541432728876129,0.128934288954786,0.00947269441273078,0.0705630021381659,0,0.00180012915431795,2.83982602935033,0.0117456699919222,0.00763054807266937,1.70416388954236,0.257311979682304,0.572072181225064,0.00289092427694872,0.000153351948010221,0.000456072203813437,0.0361355170790299,0,0,0.0588419010268701,0.000741660956550444,0.0786540875059488,0.289356576139179,0.159033894363425,0.110968736161724,0.00150544807947101,0.00238590845831887,0.00257214851247212,0.0414656718826528,0.0411586317550712,0.0539344388921707,0.0250592796636721,0.0031643352163271,0.00041591299187258,0.000170383245280027,0.000522437854619511,3.32668032606498,0.00844127330631615,0,0,2.89576788861309e-05,0.00108148624567768,0,0.0529140553852671,0,0.00692671268920986,0,0.0680841244139821,0,0.000472746759388971,0.0313798016682354,0.0147456905647218,0.00305354446486725,0.00815348665135722,0,0.000840234079743776,0.662336643425343,0.00754471997008764,0.00206320228671957,0.548901224320925,0.0151132666616933,0.126720899541083,0.000213098768966315,0,0.000143436536760013,0.00213970778304053,0,0.000145483157552289,0.0203059025624991,0.00154152624336347
0.0156293701059266,0.0197065289690297,0,9.99247484633203e-05,0.00183472518991313,0.00647207733330622,0.0915773721135522,0.0613093216281006,0.0075088263914445,0.0148477448439789,0.00484668973119037,0.000103688144755487,0.00332604153142898,0.0060896567107922,0.00266860458620431,0.00804686364740915,0.902713697854047,0.00723642167640676,0.0326848975625789,0.000967492805448394,0.0820842016176043,0.0209154870824645,4.13705428735018,0.0151638263392725,0.00139859048937715,1.91233334839853,1.12481635052223,0.103308971803127,0.00380425799064687,0.143637652521105,0.00210802253322561,7.97750170563119e-05,0.00118485390954951,0.0988395549561289,0.00366625487509193,0.160878943993331,1.26672154359329,0.241756897815782,0.169850272531791,0.010593229092773,0.00991296796579653,0.00158089338228671,0.00267776814748683,0.000425412418228636,0.00135552734270125,0.000518037160819871,0.000932830261307157,0,0,0.00101800004547883,0.00638755011040991,0.000272001416488735,0,0,0,0.000877306276549269,2.52784793255681e-05,0.00252097633581629,0,0.00015993291474448,0,0.000209831996352358,0.000323738337800576,0.000578615892229235,0.00988149017588058,6.54925889020941e-05,0,8.46970318030271e-05,0,0.00117368561552094,0.0105398867926952,0.000214001088519183,0.00987606241197992,0.000635634353041712,0,0.00421030011972196,0.00237064364861015,0.00055535192813563,0.00159658510823469,0,0,0.000262993099385836,0.000215878876062316,0.00549593303665626
0.00327811303276213,0,9.99247484633203e-05,0,0.000125811060722089,0.0179068306250545,0.0999531586222279,0.00677922608739276,0.116373573876713,0.5851058586168,0,2.07022955131171,0,0.00361595505418907,0.0026980799242006,0,0,0,0,15.2069058479338,4.38515205369045e-05,0,0,6.7507869516235,0,0,0,2.39335540553911,0.00267848679679956,0.000365380475449172,0,0,0,0,0,0.00175613201551511,0.000196745303015803,0,0,0.00890191793532005,0.000403871485363675,0,0.000156460979694966,0,0,0,0.000273155880386794,0,0,0,0,0,0.251802606156035,0,0.00011199415008563,0.000108196010282435,0,0,0.00117130810466124,0,0.0555972896799566,0,0,0,7.32531499103017e-05,0,0,0,0.175272632948173,0,0,0,0.000700499018014156,0,0,0,0.00496924701250801,3.76861370115749e-05,0.00013016203460018,0,0,0,0,0
0.000355825037812049,0,0.00183472518991313,0.000125811060722089,0,1.75499752765959,0.000113724217278849,0.0757322012253087,0,0,0.0155786839585624,0.000281259789328515,0.00196815551281786,0.0711823099585265,1.87422402328529,0.000658986213261215,0.000237482553777091,0.00168108196165377,0.000106217703492393,0,0.00356403499707909,0.000752855519771949,0.00797440028261063,0.000247635676861259,0.000551693813735201,0.000848317332399388,0.00160689418562695,0.00108399541893252,0.104178508691682,0.00171008046329366,0.000657442717604866,4.38393212524652,0.0047273611092596,0.276020147422969,0.0205676556892621,0.00152060481766754,0.0127930903200192,0.0234004828686082,0.00316558425798462,9.10387265738655,8.12115116440639,0.00220442071483001,0,0,0,0,0,0,0,0,0.000761369742288373,0,0,0,0,0,0,0,0,0.000133866051730273,0,0.000391179847658309,0,0,0,0,0,0,0,0,0,0,0.000119436453461257,0,5.32448660953214e-05,4.76216587934645e-05,0,0,0,0,0,0,0,0.00110837701909364
0.0145490444606324,8.76305238166645e-05,0.00647207733330622,0.0179068306250545,1.75499752765959,0,0.234728565584096,2.63045077419571,0.0263597685057427,3.31161007768997,0.0603792956258564,2.60557362870779,0.00417039844691812,0.923702592699118,1.89823497623641,6.03536186407751e-05,0.00521458019781668,0.00500801428262982,0.000791450873962987,0.134268704646427,0.00243535288226852,0.000564523849043701,0.00386791284461437,0.0886677976465526,0.00206832871924927,0.00533505964985008,0.00122889930481778,0.0712182048381821,0.619454267387474,0.00909857371910786,0.00162470636184039,2.44147676109699,0.0090012566877151,0.410530621943048,0.163208918995038,0.00573611657378058,0.00777985133728712,0.0471848416335548,0.000960602824158059,1.61009858714834,0.190495970681249,0.00176167585945864,0.00120102959586658,0.000257399967940669,0.00013625515203775,0,0.000370801862116275,0,0,9.72068119452106e-05,0,0,0,0,0,0.000614491651443264,0,0.00119393154856594,3.10979692173595e-05,0.000409035786105419,3.08487262071387e-05,0.000800003767055134,2.20002626452901e-05,0,0.000137269012873767,0,0,0,0,0.000276286603152556,3.71964957454254e-05,0,0.00270276079487451,0.000553646735154226,9.15448773095577e-05,0,0.0013195429356127,0.000180176905807289,0.000426438316143358,8.87862640693417e-05,0,0,2.24350354041357e-05,0.00107720149869284
1.17051662504285,0.000288182972774317,0.0915773721135522,0.0999531586222279,0.000113724217278849,0.234728565584096,0,0.659153586294501,0.0817235204277544,1.89120285262223,0.000421400244723508,0.00837369990091498,9.38274563140697e-05,0.729780551303636,0.000445407476768282,0.00059041142175031,0.0242692426510305,0.000356033478474917,0.00231926487619724,0.199354986094931,0.0348231351656175,0.00331212435016779,0.051971213728431,0.494487609096664,4.747395239494e-05,0.0166498174395155,0.00714053723400128,4.07098726683245,0.0904197389678413,1.77924367736146,8.70334542408487e-05,7.78400037384584e-05,0.0053554612485744,0.0236962188864667,8.84051357621777e-05,0.016916036711566,0.0149954665056759,0.0194621086318666,0.00363005788098966,0.0685781391686639,0.00253510572959986,0,0.0024730828603915,0.0001025664135789,0.000685564201453932,4.03072279963818e-05,0.001720638346862,0.000210957704136828,0,0.000882048773564237,0.00022542649753321,0,0,0,0,0.00240442804798933,0.000778791542664724,0.00493468972857385,5.90160587602678e-05,0,0.000240025004657356,0,0.000402370890571966,0,0.00365949954563047,0,0,0,0.000147089827957532,0.000253022562776,0.00066003413987993,9.67689942779552e-05,0.0164841241331495,0,1.35527189093348e-05,0.000112918228084741,0.0067590460461761,0.000810964429387655,0.0024769725232943,0,0,0.00049568529549382,0.000169360918577213,0.000451552910593638
0.490213608770587,0.000867609121097854,0.0613093216281006,0.00677922608739276,0.0757322012253087,2.63045077419571,0.659153586294501,0,0.047423755638019,0.905369493785488,0.014088637039718,0.0925232406302312,0.00102239464866936,9.21844485793834,0.00746302461772654,0.000627895582715167,0.0914530571256514,0.00267439707266203,0.0109492647698207,0.0598077182766679,0.0649616949760881,0.00378351686958579,0.0530113870751655,0.0476659730479939,0.000641195956175656,0.0289545767868609,0.0106668322023471,0.0895957082197015,0.556459169006126,0.147146739824712,0.000227724074572811,1.66855300270167,0.0124894357434974,0.193873050013728,0.000288082877850492,0.00707618296832611,0.0184563391899107,0.0337508285064759,0.00764766919235932,0.136351928857414,0.111929938747152,0.000336877281077214,0.00208066673400765,7.88292825995862e-05,0.000531549995044366,0.000207850173441973,0.00180945302623742,0.000125589341328784,0,0.000752825225664579,0.000267250387455732,0,0,0,2.19989553951053e-05,0.002395630606154,0.000295481072960134,0.00340697211434957,0,2.51803404264811e-05,0.000144597275976429,6.013410187607e-05,0.000255240284649847,0,0.00352723467290901,0,0,0,0,0.000298071200824375,0.000422626467956426,2.34544691815532e-05,0.0174647957692543,0.00011192663602011,2.62093600215578e-05,0.000329000380854802,0.00700889811565892,0.000790436721339733,0.00205539431186395,0.000120432199995504,0,0.000115444950953357,0.000199067109902699,0.000367329048367256
0.0638898185409472,0.0634487049857659,0.0075088263914445,0.116373573876713,0,0.0263597685057427,0.0817235204277544,0.047423755638019,0,0.0138653004788657,0.00339558681700548,2.29829274536198,0.00448196402720805,0.0134640080676986,0.608561835926691,0.0223738416964499,0.00988239815962003,0.000839263144270554,0.00294350147185758,0.189862586221855,0.00824197586537454,2.20104282879712,0.00643201354160767,6.32259003893242,0.0350220839529211,0.0146057784781884,0.0171020711241388,0.217324447570731,0.0245478656148763,0.113835528854715,0.00052242464524126,0,0.00928653164177321,0.0299190133467007,0.000517062795281401,0.0851663611165288,0.011916854016245,0.0246944684352988,0.0151466672430317,0.527415472963739,0.00484110814351479,0,0.0179377093416276,0.00154373598825699,0.00759943517514899,0.00340922820904839,0.00455381724971222,0.000895439419285183,0.0001200300393907,0.0114384824585089,0.0131543367457576,0.000282393143170922,0,0,0.000133091769002948,0.00986131663548797,0.00184486965358912,0.564038694369186,9.5669838240818e-05,4.73613472779738e-05,6.47993715336276e-05,0.000398593328981207,0.00237003362073067,0,0.156793716632626,0.000327863673296687,0,8.05260595652842e-05,0.000116470052513617,0.00847141357199245,0.12144236883427,0.00223478348530203,0.150398820451847,0.00415233117785933,0.000234567840762348,0.00207936580321789,0.0199973818573167,0.00417548929427118,0.027715643193707,0,0,0.00223570719674874,0.00387924631721889,0.000502928390858041
0.027929647879184,7.22826920984618e-05,0.0148477448439789,0.5851058586168,0,3.31161007768997,1.89120285262223,0.905369493785488,0.0138653004788657,0,0.000339129959338014,1.49556888539299,0.000116811781664296,0.179783380523592,0.00112926702102562,4.34604247438177e-05,0.00561724933538557,4.9082117401622e-05,0.000660328458513418,1.96574712094359,0.00586789869571168,0.000460886531278231,0.00778846228516183,0.149587057054717,2.77419748193385e-05,0.0043728755751742,0.00060986373781343,0.754837618610482,0.0201263882563798,0.0105424670835838,0,0.000148183784228819,0.000165126986350163,0.00338697042234435,0.000974338894436303,0.00330188194469687,0.00203241487583031,0.00215559216178616,0.000970562066061765,0.0620828288468653,0,0,0.000875391951395514,0,0,0,0.00028179751168561,0,0,0.00022411138756151,0,0,0,0,0,0.000506326951259477,7.631440632797e-05,0.000649699362423281,0,0,0.000113580440300683,0,2.62604930653875e-05,0,0.000361597222817631,0,0,0,0,0,0,0,0.00353569131885471,6.66230901435715e-05,0,1.72450502723166e-05,0.00101835786256276,2.21108874060801e-05,0.000227597141517555,0,0,0.000228599974008204,0,1.70981241071704e-05
0.00150493893892356,0.109484899333625,0.00484668973119037,0,0.0155786839585624,0.0603792956258564,0.000421400244723508,0.014088637039718,0.00339558681700548,0.000339129959338014,0,0.000167536085513575,7.93857645857015,0.017458461097877,0.000797597224800658,0.0013884268146159,0.120930520275195,3.52726358580585,0.486552379453447,0.000301416988202075,0.00369057025822528,0.0327929425357904,0.0104674128133691,0.000523644129393276,1.31614274478897,1.96245977946088,0.116685482480921,0.00132885943860339,0.0384133151722899,0.00190632507229857,1.72683866847412,0.0351653609791269,0.00353963511025185,3.38673149728309,0.00405128207545084,0.209004002262554,0.610150492090809,1.06105176558107,0.321716907046404,0.0420414524219818,0.115478065267424,0.434171096938499,0.00397685022220873,0.032334304272917,0.0110107278575672,0.00494263327275516,0,0.000590980863163794,0.00225263927930165,0,0.0219766681188208,3.57234798776009e-05,0,0,0,0,0,0.000266902159098648,0,0.049666247985129,0,0.171807018990123,0,0.000346002354371613,0.000908660153167418,0,0.0156460985980084,0.000919774983382057,0,4.96579126039029e-05,0.00184362316678427,0.000160867183559752,6.61050302211499e-05,0.102988522611675,0.0330745289095033,0.0230868162371079,3.83545969441767e-05,0,2.88519732018454e-05,0.0484682026805885,0,0,0.00267970096557263,0.00416555766897377
6.56436491708861e-05,0,0.000103688144755487,2.07022955131171,0.000281259789328515,2.60557362870779,0.00837369990091498,0.0925232406302312,2.29829274536198,1.49556888539299,0.000167536085513575,0,0,0.013100732761991,0.412369978674208,0,0,0.000113732722741456,0,10.5565018395224,0,0,0,2.47925917953837,0,0,6.30803328254483e-05,0.0471260302779589,0.00880734144976088,0.000119096699623152,0,0,0.000146008968727716,0.00137717354883484,0.306390833832282,0.063090566622243,0,0.000284539621307269,0,0.665591502148006,0.000320967830780502,0,0.00735970527632683,0,0.000152207499076436,0.000218492006033431,0.00386330081998827,8.14977970772816e-05,0,0.00021236213191935,0,0,0.000420206895114874,0,2.884272656289e-05,0.00131240200882334,0.000605531656969489,0.00299375923641093,0.000354518374934727,0,0.0298049608157797,0,0.000249197971583452,0,0.0019973686175625,0,0,0,0.00339523745508656,0.000139212177429182,0,0,0.00546580438367002,0,0,3.26317955564909e-05,0.00268016355637485,0.000412473078932349,0.000329074564073317,0,5.52806393148454e-05,0.000127762118244251,0.000165805567912242,0.00881359726376699
0,0.149485941179352,0.00332604153142898,0,0.00196815551281786,0.00417039844691812,9.38274563140697e-05,0.00102239464866936,0.00448196402720805,0.000116811781664296,7.93857645857015,0,0,0.00218047147916075,0.00077768730989878,0.00373918973693166,0.00300247144270759,0.137799544424116,0.0112675028794307,0,0.00407725299950843,0.0598234430092301,0.0116366736567678,0.000515678605346127,1.10568409686675,0.487345699462106,0.137383034494144,0.00220290915236479,0.00273017939846601,0.00174029123037898,0.235967470091341,0.0035526456024923,0.000394320568764964,0.267624136069094,0.0022312461716231,0.515828540781061,0.483580107706934,0.569627321635984,0.152850703401408,0.0254957974097948,0.394985702283289,1.6706564821288,0.0189558290218357,0.0473204512866722,0.0440041297457487,0.0178644768744767,0.000285566622826253,0.00183986199654395,0.12439481825266,0.000412531778115094,0.0244606305821903,3.71349218472345e-05,0,0,0,0,0,0.00105424575869465,0,0.0939675841552646,0,1.40551021328445,2.18747455496572e-05,0.000149147772755257,0.00246277607574537,0.00024076754443568,0.00844726196947765,0.00117756162209193,0,0.000121618440912361,0.00250717840845117,0.000204540263868867,0.000258319061715964,0.116022653706977,0.0158792804533276,0.0183281286532322,0,0,3.88107826561545e-05,0.0368226970249374,9.74105174146676e-05,0,0.0081167720706561,0.00278402972708499
2.7231770534318,9.99431784837617e-05,0.0060896567107922,0.00361595505418907,0.0711823099585265,0.923702592699118,0.729780551303636,9.21844485793834,0.0134640080676986,0.179783380523592,0.017458461097877,0.013100732761991,0.00218047147916075,0,0.000346083944912291,0.00022214060407969,0.0165415129795776,0.00130945517925751,0.00201354127466522,0.0181779201067287,0.0119565829897622,0.000945284809830955,0.00880311985663509,0.0233631649758112,0.000613954854710088,0.00491143340387658,0.00208838239250709,0.0382995493795911,1.90684113035596,0.0780594582715932,0.00067267659914386,1.05127302695719,0.0244413587599932,0.24624088242351,6.81806239213835e-06,0.00334330624267483,0.00681895480288928,0.0362671369587,0.00432495427407647,0.148553243890869,0.146270200196089,0.000406295431125877,0.000935268671451377,9.12514542792658e-05,0.000272813238224866,0.000294205132472452,0.000912819214773767,0,0,0.000286666030753862,4.93981307504669e-05,0,0,0,8.39113206497939e-05,0.000430840808136386,2.02500767906299e-05,0.000493457803140297,2.17877602613025e-05,0,0,9.06135732229472e-05,0.00010629898214834,0,0.00129881345448277,0,0,0,0,0.000202532118119468,0.000113717173197003,0,0.00512721701905685,3.42302152651327e-05,9.10236344265677e-05,4.45950295844526e-05,0.0020544420258392,0.000243280042692222,0.000814010211336987,3.91362295431813e-05,0,0.000244346725979816,0.000126861370797331,5.87598112176416e-05
0.000768185584917057,0.00121473958012017,0.00266860458620431,0.0026980799242006,1.87422402328529,1.89823497623641,0.000445407476768282,0.00746302461772654,0.608561835926691,0.00112926702102562,0.000797597224800658,0.412369978674208,0.00077768730989878,0.000346083944912291,0,0.000756343626055726,0.00212563868371941,0.00105427742810369,0.000148848636408424,0.00690039414453319,0.00739769936905801,0.00146495293040057,0.0106625713924599,0.0101046994134101,0,0.000589267093993891,0.00304263504053384,0.00127376940782105,0.000230385757946092,0.00240157393337374,0,0.00799518930440069,9.94357448130222e-05,0.00461141366307111,0.0296711988602514,0.0454125191812316,0.026045154316429,0.0359076176358713,0.0105016419266732,7.30644220824489,0.0689585549019761,0,0.00360944775095528,0.000711240540557188,0.00417187809489454,0.000104815679148391,0.000471386762947553,0,0,0,0,0,0,0,0.000623186571527878,0,0,0.000229839122834058,0,0,0,0.000356502946106556,0,0.000848475377884607,0.000722160971391446,0,0,0,0,0.000254894934040236,0,8.88942511367112e-05,0.00022092840952086,0,0,3.68299867695493e-05,3.11239942526655e-05,0,0,0,0,0,0,0.0204179021369083
0.00118516000922548,0.0541432728876129,0.00804686364740915,0,0.000658986213261215,6.03536186407751e-05,0.00059041142175031,0.000627895582715167,0.0223738416964499,4.34604247438177e-05,0.0013884268146159,0,0.00373918973693166,0.00022214060407969,0.000756343626055726,0,0.0224517751636356,0.00068221986811641,0.00437663522350324,0,1.0762572874057,5.21178219850357,0.813657165657547,1.83835476850128,0.00962250133452374,0.0108086083074773,0.200531743383416,0.754047795911863,0.000703793273813746,0.01650691828161,9.24088143635735e-05,0,0.000492845172501786,0.0371722952316889,0.00156120296325766,0.143275287538282,0.0655466749341221,0.105017727185573,0.0475970630206659,0.0141137690877507,0.00870259724613402,0.000136097662667561,0.0306050191188523,0.0111894548206141,0.0139379672566667,0.00620246465985513,0.00345224666917432,0.00133616195262761,0,0.00215666881263972,0.00683692338870908,0.000871178451121526,0,0,0.000191752279338101,0.00406915603020086,0.00085526443363511,0.0676452410472462,9.69338928340454e-05,0,0,0.00049816079844219,0.000393145534435323,7.02383946737223e-05,2.11307619226966,0.000177327895003888,0,0,8.42227596460476e-05,0.0240366253247773,0.155576621982946,0.0658403191017484,0.0636261822069869,0.00228409299087762,0.000343762666097622,0.00988982450882501,0.0127952892194328,0.00272560635301705,0.0186308936727139,0,0,0.00168441113275972,0.00498020925658111,0.00273584160000512
0.0768037379156131,0.128934288954786,0.902713697854047,0,0.000237482553777091,0.00521458019781668,0.0242692426510305,0.0914530571256514,0.00988239815962003,0.00561724933538557,0.120930520275195,0,0.00300247144270759,0.0165415129795776,0.00212563868371941,0.0224517751636356,0,0.0393862914397783,5.83027348666539,0,0.112624173284154,0.0656455455784374,3.67346632599199,0.00763953398246446,0.0151281609188438,1.30289884476736,0.308532819440227,0.0146113673777238,0.0914718226802219,0.0781823447025194,0.00321737790909559,0.000117632894377874,0.00232199674444542,1.42775762667489,0.000815977889068025,0.0941846500079726,1.64149095958349,0.463290758067161,0.0915998811634976,0.00664107723132403,0.00374361503655497,0.000692261489899718,0.00300246007296069,0.000751195240792393,0.0019945368328519,0.00131078889842058,0.000177501461402833,0,0,9.27259146874214e-05,0.0293638050086036,0.000373934175498877,0,0,0,0.000304916282012672,0,0.00284279193053851,0,0,0,0.000954511994540017,9.74938083237059e-05,0,0.0045945162730795,0.00103681502890711,0,6.82593906223619e-05,0,0.000586849177590984,0.00826556844141138,0.000445278089399664,0.00188160960372035,0.00673156109712449,0.000485551528100002,0.00480811754265664,0.000891450016322866,3.42394961952144e-05,0.000703948807342005,0,0,0,0.000469497112301106,0.00122461020478675
0.0034451078202732,0.00947269441273078,0.00723642167640676,0,0.00168108196165377,0.00500801428262982,0.000356033478474917,0.00267439707266203,0.000839263144270554,4.9082117401622e-05,3.52726358580585,0.000113732722741456,0.137799544424116,0.00130945517925751,0.00105427742810369,0.00068221986811641,0.0393862914397783,0,3.74584123107471,0,0.00113538994547143,0.00463900676445473,0.00515177767609722,8.72425263809793e-05,0.162485882729081,2.30089913182328,0.0442019356904302,0.000415688074400352,0.00429978243793441,0.001224305372808,0.429069877812817,0.00391982851343147,0.000503007839181722,0.34099566420302,0.00055838200407227,0.0431537626483492,0.147107956051317,0.325138501782089,0.14904434723188,0.004967632499278,0.0081697564112295,0.0310045268750001,0.00133846509504598,0.0150657251057663,0.00305718592904932,0.00287746544823355,0,0.000841227080371992,0.000661536283891095,0,0.00659425405090255,0,0,0,0,0,0,0.000200343702138478,0,0.00895885446252667,0,0.0614260015090978,0,0.000218336082731603,0.000207529037355964,0.000109431075982855,0.00695205423396184,0.00112687298725669,0,0,0.000866018583387395,0,0,0.0685089335037596,0.00972716234271362,0.00976009134186004,0,0,0.000290352291913964,0.0218270553375684,0,0,0.000845406405372891,0.000541469934020265
0.00840414824755238,0.0705630021381659,0.0326848975625789,0,0.000106217703492393,0.000791450873962987,0.00231926487619724,0.0109492647698207,0.00294350147185758,0.000660328458513418,0.486552379453447,0,0.0112675028794307,0.00201354127466522,0.000148848636408424,0.00437663522350324,5.83027348666539,3.74584123107471,0,0,0.0111647672875211,0.0272172478630727,0.0727758503234366,0.00123650966675512,0.0889403931617677,2.23719342260389,0.0737798376010874,0.00154237778865863,0.00222440188200979,0.00708607052743632,0.0144078300353225,0.000263546637356005,0.000308124203324572,0.567705494781422,0.000169213033868688,0.0352973962510914,0.489619273222754,0.194767976767048,0.0726402478582281,0.000885585617059387,0.000407434065348722,0.000770567789741116,0.000486182939818715,0.00245843646834935,0.00306581272236871,0.00107325858639752,0,0,0,0,0.011798280437702,0.000208765695566262,0,0,0,3.20621184188357e-05,6.9644483493283e-05,0.00115203277657671,0,0.000664403327721779,0,0.00585112365427579,0,0.000176393267893647,0.00104545657087595,0.000132840166512436,7.86582093753293e-05,0,0,0,0.00264015706802704,2.31545961047572e-05,4.1119755158742e-05,0.0199746757322005,0.000958020960915934,0.00428135814364939,7.56042352972365e-05,0,8.69351421897875e-05,0.000561279602533191,0,0,0.000449289593183186,0.000183542562390951
0.0117622542574962,0,0.000967492805448394,15.2069058479338,0,0.134268704646427,0.199354986094931,0.0598077182766679,0.189862586221855,1.96574712094359,0.000301416988202075,10.5565018395224,0,0.0181779201067287,0.00690039414453319,0,0,0,0,0,0,0,0,2.06204127021831,0,0.000112252547428635,0,1.03706805810219,0.00925654852158148,0.000587710176906215,0,0,0.000332274139164437,0.00072273900400155,0,0.012542296510199,0,0,0,0.128119456374881,0,0,0.00170663968403347,0,0,0,0.00273343991352972,0,0,0.00061023306212224,0,0,0,0,0,0.000204708208103767,0,0.00172879227564079,5.86821701338567e-05,0,0.0405074958675737,0,0,0,7.83094939754911e-05,0,0,0,0.0014013774902173,0,0,0,0.00131889745161805,0,0,0,0.00169078214479495,0.000255757674120899,9.44504443393737e-05,0,0,0.000120737949107904,0,0
0.0331941015432476,0.00180012915431795,0.0820842016176043,4.38515205369045e-05,0.00356403499707909,0.00243535288226852,0.0348231351656175,0.0649616949760881,0.00824197586537454,0.00586789869571168,0.00369057025822528,0,0.00407725299950843,0.0119565829897622,0.00739769936905801,1.0762572874057,0.112624173284154,0.00113538994547143,0.0111647672875211,0,0,0.0326475600032823,5.4321122037232,0.108167007318632,0.00022206673790888,0.0178877973420038,0.0399138256239147,2.16195354130575,0.00907590688864922,2.42569439999119,9.42417244190162e-05,0.000488802756922097,0.0534228707569172,0.428444620627603,0.0066509629713628,0.517335888409485,0.244188926821677,0.615459831024219,0.114488041509737,0.0813233200459079,0.0362839432740148,0.00256580922622986,0.00991291894560978,0.00123662852258454,0.00290810861980927,0.00153402927947812,0.00227530224718988,0.000417428310212619,4.39282241641121e-05,0.00100760138377961,0.000811938675098202,0.000299546078864228,0,0,0.000444486992584338,0.00355575482429159,0.000952561995516148,0.0154974733472332,0.000300106103092324,0,0,0,0.000758789020439044,0.000399260152746651,0.0716044140771794,0.000143935117976113,0,0,0,0.0110544853687529,0.0124490173549161,0.00173625163742188,0.0456095732450791,5.58151081709152e-05,0.00017289953118974,0.00080873484663154,0.0121584874038849,0.00161116509006325,0.0139661119901562,9.95419387482474e-05,0,0.000914286562206143,0.00181948376283418,0.0134556863568308
0.00256041913146543,2.83982602935033,0.0209154870824645,0,0.000752855519771949,0.000564523849043701,0.00331212435016779,0.00378351686958579,2.20104282879712,0.000460886531278231,0.0327929425357904,0,0.0598234430092301,0.000945284809830955,0.00146495293040057,5.21178219850357,0.0656455455784374,0.00463900676445473,0.0272172478630727,0,0.0326475600032823,0,0.0683398482849157,0.355713247952872,0.380356268786253,0.117565846876252,0.224639056012722,0.0490068089357321,0.0021987823910253,0.0243044861786726,0.0134769267452329,0,0.000643726309581489,0.0515311149704062,0.00201472714281419,0.114849483347374,0.291593301912913,0.123174194990187,0.109120940840003,0.0044902161007663,0.0079465841648328,0.000830475763721616,0.0612664510751936,0.0315148170341835,0.041312144403725,0.0145478050895169,0.00458994399968079,0.00142592240138462,0.000659888086762231,0.000843160559391275,0.769145185492974,0.0145174823051023,0,0,0,0.00237547710879902,0.000479582439098895,0.489466154000993,3.25247022004592e-05,0.001222184653729,0,0.0164412055541122,0.000318704888870321,0.000589389979847482,0.318514718035522,0.0053982744209076,0.000327795880130044,0.00284766127043086,0,0.011333933426861,2.48465754870631,0.016169577860069,0.0478256813980039,0.0886691866835844,0.0039733538811983,0.12613716706684,0.00353131626861393,0.00035943696014957,0.00591301383860367,0.000144087296115509,0,0.000570622590296856,0.0185166186268721,0.00336416102119446
0.0189218911972792,0.0117456699919222,4.13705428735018,0,0.00797440028261063,0.00386791284461437,0.051971213728431,0.0530113870751655,0.00643201354160767,0.00778846228516183,0.0104674128133691,0,0.0116366736567678,0.00880311985663509,0.0106625713924599,0.813657165657547,3.67346632599199,0.00515177767609722,0.0727758503234366,0,5.4321122037232,0.0683398482849157,0,0.014437221913358,0.00134375828019874,0.18370270157669,1.67356492297384,0.402466441590288,0.0827668598499409,0.511249358202186,0.000818208900581423,0.000137637669979367,0.00170717499974374,0.379164723071413,0.0184398618882021,0.72226427907029,1.15984075574361,0.875045292942091,0.234898310517069,0.0899381951721563,0.0451202380735435,0.00300032818201621,0.00872344528570001,0.00353507312146882,0.00308279484603545,0.0028358170915932,0.00136825298520465,0.00028883733992448,0.000129902022653934,0.000494160837690324,0.00349452478257801,0.000483143995428401,0,0,0.000533986946336084,0.000960401335966538,8.18151542402777e-05,0.00917089463591217,7.87640277665857e-05,0,0,0.00055353976052358,7.53617295277381e-05,0.00023314874705052,0.101204916520447,0.000167522878405294,0,0,0,0.00471356282784295,0.0416509321861083,0.00381574272549795,0.0119750974591355,0.000416843420591451,3.2304448261533e-05,0.0093764263175442,0.00310761989601049,0.00068202937157151,0.0029392247635948,0.000107663095014371,0,0.000226112895842321,0.000924378680545162,0.031135643074471
0.048882260078958,0.00763054807266937,0.0151638263392725,6.7507869516235,0.000247635676861259,0.0886677976465526,0.494487609096664,0.0476659730479939,6.32259003893242,0.149587057054717,0.000523644129393276,2.47925917953837,0.000515678605346127,0.0233631649758112,0.0101046994134101,1.83835476850128,0.00763953398246446,8.72425263809793e-05,0.00123650966675512,2.06204127021831,0.108167007318632,0.355713247952872,0.014437221913358,0,0.00300102329910407,0.0069974217841141,0.0164222191441382,3.94756709368801,0.0382043280374473,0.111957359865993,0.000259557137748334,0.000517811646202903,0.00713760448093217,0.0375484204640962,0.000624817678365451,0.0639431724744771,0.0121706156544248,0.0300409568126109,0.00979100863179709,0.0553016765183313,0.00470526328025938,0.000464807201989224,0.0218303450508842,0.000781554476449373,0.00698296059854123,0.00220853203151744,0.0159425130353619,0.00103539330360526,0,0.00741033964705678,0.00126987947375247,0.000339570027573246,0.260024449498208,0,0.00154853853779296,0.0122745713856991,0.0027066302507078,0.132920699118106,0.000682337920878957,3.6080708931849e-05,0.0557046406090553,5.1084254904076e-05,0.00277034578594453,0,0.0793836683144008,0.000167114167370826,0,3.03600260216444e-05,0.0293781971579607,0.0110921811206313,0.0150817480512455,0.00134031760536703,0.529360779856252,0.000132668612347228,0.000176287213026532,0.000901038604395066,0.044451380697407,0.00683852884573347,0.0269232978721048,0,0,0.00507999266974786,0.00322987573835771,0.000679225348452568
0.000437241244226279,1.70416388954236,0.00139859048937715,0,0.000551693813735201,0.00206832871924927,4.747395239494e-05,0.000641195956175656,0.0350220839529211,2.77419748193385e-05,1.31614274478897,0,1.10568409686675,0.000613954854710088,0,0.00962250133452374,0.0151281609188438,0.162485882729081,0.0889403931617677,0,0.00022206673790888,0.380356268786253,0.00134375828019874,0.00300102329910407,0,0.407195141609663,0.274989860769565,0.000793004979077083,0.00101765228695535,0.000450278827270628,0.419052395879652,0.00107167982165141,0,0.127170873641533,0.000195028259509117,0.0234618113677558,0.109792286380578,0.145204893755834,0.0673834995612227,0.00121583091054322,0.00513206514059002,0.142126079397363,0.00947174836692789,0.112293394454457,0.0504088463280143,0.0170039616843446,0.00115719451828659,0.00031250276760827,0.00775097744980635,0,0.44978906493554,0.000901989703958582,0,0,0,0.000143844577158575,0,0.00915293708070532,0,0.259934912427916,0,0.744547534178751,2.95795368736151e-05,0,0.00388709941707132,0.00214775088410056,0.0361810996536859,0.00651537444595073,0,2.66239888048398e-05,0.0430589486732219,0.00054869524275939,0.000432689515923491,1.33162012813562,0.0703122022786662,0.0823774845314063,0,0.000266373104397494,4.76527995732995e-05,0.148672334006278,0,0.000226895952971297,0.0112182047889851,0.000296154203739701
0.00846308988034176,0.257311979682304,1.91233334839853,0,0.000848317332399388,0.00533505964985008,0.0166498174395155,0.0289545767868609,0.0146057784781884,0.0043728755751742,1.96245977946088,0,0.487345699462106,0.00491143340387658,0.000589267093993891,0.0108086083074773,1.30289884476736,2.30089913182328,2.23719342260389,0.000112252547428635,0.0178877973420038,0.117565846876252,0.18370270157669,0.0069974217841141,0.407195141609663,0,2.6636154441407,0.0118458069719808,0.00431508501816583,0.0211098949392832,1.46629127776567,0.00146077061583131,0.000843231914854087,0.39825939790002,0.00245552623622299,0.15545062159973,0.824124409990879,0.476109746338912,0.167983052293237,0.0039718328746273,0.0054814577441677,0.0111645301558042,0.00563185939549892,0.0304571337515233,0.016984782709381,0.00401972706317317,0.000184419769433049,0.000102438173389958,0.00138900044105792,3.60092641520787e-05,0.0487144356903454,0.000771890007297488,0,0,4.65322015312686e-05,8.21766930934674e-05,0,0.0030632041925767,0,0.0253449070437933,3.18751295416626e-05,0.113413366841467,8.57064819647969e-05,0.00018912585325084,0.00380850576521091,0.000939550889412119,0.0109311373176687,0.00170896224222899,0,0.000392754959108207,0.0101023943500595,0.0004211697025785,0.00133120055028585,0.117717866991408,0.0341118299506955,0.0545203059527985,0.000356845654627663,4.17908705184867e-05,0.000238735583619481,0.0251076192857613,0,6.99343193721e-05,0.00467827025284416,0.00306222916498199
0.00368792920302366,0.572072181225064,1.12481635052223,0,0.00160689418562695,0.00122889930481778,0.00714053723400128,0.0106668322023471,0.0171020711241388,0.00060986373781343,0.116685482480921,6.30803328254483e-05,0.137383034494144,0.00208838239250709,0.00304263504053384,0.200531743383416,0.308532819440227,0.0442019356904302,0.0737798376010874,0,0.0399138256239147,0.224639056012722,1.67356492297384,0.0164222191441382,0.274989860769565,2.6636154441407,0,0.052974812892938,0.0023698164434864,0.0164559901622054,0.133665649098581,0.000178108789776461,0.000264113985804695,0.224517041953321,0.0173623741934623,0.35184351285736,0.85556395636992,0.446022076341633,0.275114064933221,0.0125278735527122,0.0156183007723907,0.00322563339168806,0.0226242075685781,0.0242644874486096,0.0177721629587262,0.00598050674190327,0.00187667730800867,0.000297904989785132,0.000130760255679679,9.69808735782551e-05,0.085836961092506,0.00350825909340242,0,0,3.1826153964444e-05,0.000723537245323179,5.57650558833981e-05,0.00390940533849156,3.37526378748993e-05,0.00344003057240454,4.61275250470848e-05,0.021466581850279,7.06844944915416e-05,0.000643773564661045,0.217222069848193,0.00307806177539235,0.0016111148612656,0.00126014783686744,0,0.00118359695382872,0.143616669529819,0.0262108650039807,0.00286952369790614,0.0297874692115582,0.0105206631482345,0.732325667610601,0.000711036685092146,5.94843092981939e-05,0.000270065939943399,0.00368307472454478,0,0.000204885889393785,0.00569567831099228,0.025251678668373
0.0805358709313767,0.00289092427694872,0.103308971803127,2.39335540553911,0.00108399541893252,0.0712182048381821,4.07098726683245,0.0895957082197015,0.217324447570731,0.754837618610482,0.00132885943860339,0.0471260302779589,0.00220290915236479,0.0382995493795911,0.00127376940782105,0.754047795911863,0.0146113673777238,0.000415688074400352,0.00154237778865863,1.03706805810219,2.16195354130575,0.0490068089357321,0.402466441590288,3.94756709368801,0.000793004979077083,0.0118458069719808,0.052974812892938,0,0.0834054933583182,1.3250789735753,2.85930634218489e-05,0.000545342562952552,0.0275449505018805,0.130117282494026,0.00206051006775908,0.149530351205343,0.0379685584045958,0.129104593293608,0.0245492995733766,0.0793170576671317,0.0173027762559736,0.00121021167647144,0.0193610051398263,0.00121731494841127,0.00561395098418191,0.00117328466017692,0.0119808797373493,0.000833058876283197,0,0.00810600034314337,0.000485516937887719,0.000497297561881279,0.000353626068991871,0,0.000489669417403294,0.0187150100891216,0.00247711477265882,0.0311023558988273,0.000533054388819954,0,0.000280070355631866,0.000186105192141896,0.00439441556488809,0.000289448226154157,0.06403330782247,0,0,0,0.000305151033670258,0.0109218439329671,0.0113733717257354,0.00128830228047829,0.14794129756302,0.00014040990062436,0.000109710939657002,0.00138894792686887,0.0525841119652997,0.0069032626970069,0.0306282584211176,0,2.4509020591507e-05,0.00324430455832967,0.00271615741097947,0.00344388471480063
2.33033386097079,0.000153351948010221,0.00380425799064687,0.00267848679679956,0.104178508691682,0.619454267387474,0.0904197389678413,0.556459169006126,0.0245478656148763,0.0201263882563798,0.0384133151722899,0.00880734144976088,0.00273017939846601,1.90684113035596,0.000230385757946092,0.000703793273813746,0.0914718226802219,0.00429978243793441,0.00222440188200979,0.00925654852158148,0.00907590688864922,0.0021987823910253,0.0827668598499409,0.0382043280374473,0.00101765228695535,0.00431508501816583,0.0023698164434864,0.0834054933583182,0,1.51491348469531,0.000850249571778793,0.366948397386565,1.61302705195516,0.965919499100773,3.36879922547629e-05,0.0128966823234484,0.00592658147501616,0.22722263322703,0.016550518812123,0.806666335912704,0.315336630550182,0.00153956333028216,0.0010146863811364,4.99684554700044e-05,0.000265788757773484,6.57814504601284e-05,0.000521865173468817,9.89994847938255e-05,0,0.000645587058073438,6.43771991486533e-05,0,0,0,0,0.0012770748551672,0.000151468213284921,0.00126923254152702,5.21938607459796e-05,3.36600629512076e-05,0,0.000245346951547422,0.000181065357073289,0,0.00212580457839491,5.62387863496799e-05,2.738947197978e-05,0,0,0.000195479329719606,0.000227492179337437,2.48283945028579e-05,0.00805480286211203,0.0002742832142901,7.28901533550744e-05,0.000306958369232517,0.00258122314270068,0.000324560816038645,0.0017253949497587,0.00019887805484399,0,0,0.00020493649159934,8.48590509348503e-05
1.24089591285785,0.000456072203813437,0.143637652521105,0.000365380475449172,0.00171008046329366,0.00909857371910786,1.77924367736146,0.147146739824712,0.113835528854715,0.0105424670835838,0.00190632507229857,0.000119096699623152,0.00174029123037898,0.0780594582715932,0.00240157393337374,0.01650691828161,0.0781823447025194,0.001224305372808,0.00708607052743632,0.000587710176906215,2.42569439999119,0.0243044861786726,0.511249358202186,0.111957359865993,0.000450278827270628,0.0211098949392832,0.0164559901622054,1.3250789735753,1.51491348469531,0,0,0.000851345642695664,0.392485247653661,0.611990818841268,0.00298485427424056,0.257023905251643,0.045411059328218,0.226408910872492,0.0291905410650221,0.0909108719589838,0.0270541408757904,0.0013039617970775,0.0170817257241958,0.000207718336256074,0.00446239047623345,0.00128040601002854,0.00727834446004038,0.000443258945568106,6.21439458684085e-05,0.00464672013041584,0.000308646742298873,0.000204031396965022,3.56493340722712e-05,0,0.000359473694382921,0.0119357725670219,0.00188938867131809,0.0181366287851665,0.000358538979166402,6.11589362945857e-05,0.000143194227370277,4.36603432105375e-05,0.00314032508299942,4.21307300703389e-05,0.0544875896793653,0,0,0,0.000116957461741475,0.00965732142482944,0.00748178823676705,0.000627858943968519,0.0969359583553132,0.00020832156906635,2.23586891998616e-05,0.000462659587371473,0.0318109717495674,0.00385378589796174,0.0219675069145516,0,2.89184411242213e-05,0.0026191690148019,0.00225362856004389,0.00335948145729777
