0,0,0.0130873764358567,0.00225126969116113,0.000266986490565592,0.00371930418430404,1.63525664862042,0.185503184246218,0.00138702919354395,0.0179674645333426,0,0.00118387790041995,0.000233168089323397,2.45979318159287,0,0.00028266205098746,0.018989092959175,0,0,0.0196289935498489,0.00387106112941775,0,0.00996169587921467,0.0134401060689107,0,0.000456625160884128,0.000960637964119312,0.00573975959088171,0.442986357270564,0.0398626803229348,0,0.000691529596253369,0.0219736324172263,0.0278611610998915,2.85558110410566e-05,0.00244226454240829,0.00203136125378363,0.0289904696477812,0.00245175949090623,0.000754009329918332,0.00318795957130648,0.0021769899712337,0,0,0,0,0,0,0,0,0,0,0,0,0,0,0,0,0,0,0,0,0,0,0,0,0,0,0,0,0,0,0,0,0,0,0,0,0,0,0,0,0,0
0,0,0.158379912725633,0,0,0,0.000246611992927182,0,0.0373178559525832,0,0.00426112948635377,0,0.225590719443241,8.18609814644778e-05,0,0.010731259144962,0.0494714609734197,0.000391822282596377,0.0201793390787445,0,0,4.13700302184512,0.00240554549116773,0.00180766570680152,1.93286281120231,0.106034960105606,1.47228501952245,0.000539031730366857,0,4.41321505939044e-05,0.0030085007744504,0,0,0.0131222765848762,6.34450081113897e-05,0.0337349382203122,0.094074334185641,0.0319230623860855,0.0120272053096084,0.00033715841849585,0.000244693784073782,0.00305753152100167,0.0154245010460168,0.0328277292434479,0.0304943890900891,0.0162765192953151,0,0,0,0.0012727740590153,1.32367119514437,0.025118320954622,0,0,0,0.000354729022298611,0,0.000222310753473162,0,0.000580929230834191,0,0.000721198587493838,0,0.000565457369682686,0.00317407219006325,0.0263482020130002,0.000352813283552633,0.00696797302912169,0,0.000840431156271869,0.00984674233480376,0.000515147798818066,9.85568375289482e-05,0.00582172495119571,0.0442271500067144,0.415725458416941,0.00049644555646329,0,0.000575298901422107,0,0,0,0.00838112000003575,4.58810384560428e-05
0.0130873764358567,0.158379912725633,0,0.000363768535940022,0,0.000121737164281766,0.0995581891648391,0.00747786623064554,0.00154549821736738,0.00118488933107273,0.0108112289230251,0,0.00609521471596672,0.0158523020975035,0,0.0483278771249628,1.26296220902905,0.00180032425714324,0.220488349770308,0.000602129843572222,0.1121689277019,0.131626232083718,6.34939161365001,0.0538420004237834,0.000717727157913665,1.66762558883226,1.67298170135178,0.338311460575339,0.0150334684390166,0.135698535780042,0.000409330748551637,0,0.00881895701226048,0.284074473679243,0.000520449895281005,0.286998487396546,0.305339393784845,0.504851680449917,0.124125098896271,4.83773045593548e-05,0.00108873009398096,0.00532192994268921,0.00369264730941672,0.00454186376338539,0.00194581535980132,0.00210011867356024,0.000150798420243125,0,0,0,0.0329303818940078,0.0031748455603921,0,0.000214408674270319,0,0,0,0,0,0,0,0,0,0,0.000203678207466394,0.0017841354960484,0,0.000661307615869407,0,0.000254715667990838,0.0269491138435877,0.00025258095930465,0.000166827417867493,0,0.00368842700538258,0.0263271738459788,6.64842374572118e-05,0,0,0,0,0,0.000517719960106794,0.000495686750143363
0.00225126969116113,0,0.000363768535940022,0,0,0.0195860663078543,0.0606782150709095,0.00656909233225509,0.00147370842727206,0.575801872985586,0,1.18226064663229,0.000419771080663423,0.00808471843470403,0.00165750579121246,0,0.00023480861963842,0,0,12.8548326045573,0.000175345659955868,0,6.89233310627148e-05,4.04678717949518,0,0,0.000118731925807905,0.911357787583487,0.0101640280301987,0.00135287183355752,0,0.000180730090611155,0.00874812931037988,0.00728864411528741,0.00110670054765924,0.00578960859405803,0.000616901278660606,0.0148932245829392,0.00439085462489819,0.00298482964862267,0.000248780229983897,0.000112206181985126,0,0,0,0,0,0,0,0,0,0,4.10876418451612,0,0.000443119922772387,0,0.000112378930164324,0,0.0149763003164825,0,0.706633900978043,0,0.000148173507140015,0,0,0,0,0,0.560351556710654,0,0,0,0.0613131708987734,0,0,0,0.00724371414710974,0.000144414413476127,0,0,0,0,0.000110595520748632,0.000218856084221782
0.000266986490565592,0,0,0,0,0.074696247266308,0.00013616724977035,0.0799294225194797,0.00212856244271733,4.27877105278925e-05,0.295238379787028,0.000215389796590798,0,0.0337501987440551,0.366549850397408,0,0,0,0,0.000212901476979695,0,0,0,0,0,0,0,0,0.167409843038951,0,0,1.96330912691625,0,0.0978332893095394,0.0314600762018038,0.0013242786624797,0.000285176218364214,0.00663783365749451,0.000863851161977833,3.17364515827997,8.24360090435236,0,0,0,0,0,0,0,0,0,0,0,0,0,0,0,0,0.000202733315570339,0,0,0,0,0,0,0,0,0,0,0,0,0,0,0,0,0,0,0,0,0,0,0,0,0,0.000431123538261496
0.00371930418430404,0,0.000121737164281766,0.0195860663078543,0.074696247266308,0,0.0239513778942504,2.07191717125473,0.0613877790471189,1.27177806291837,0.00650724313306225,3.75892276695215,0.000366518737659194,0.42750121448526,1.81762540783778,0.000195677023797387,0.000118007052543771,0,0,0.463396248510931,9.59737736748942e-05,6.88288579054415e-05,0.000181928917948863,0.071444294226269,0,0,0.000139471072589341,0.0132281931031399,0.318886411054389,0.000674874320779046,0,0.0965490652022697,0.0028505348089361,0.0516643326439597,0.0483261144148776,0.0147974079788305,0.00228251420163072,0.0717111871957335,0.00809995769688868,0.967339679722274,0.0572684216591865,0.000808538437663056,8.06639780768711e-05,0,0,0,0.000785041977069912,0,0,0,0,0,0,0,0,0,0,0.00595559988101062,0,0,0.000860998688572733,0,0,0.00029702065590984,0,0,0,0,0,1.96719188881073e-05,0,0,0.000610144640649982,0,0,0,0,0,0,0,0,0,0,0
1.63525664862042,0.000246611992927182,0.0995581891648391,0.0606782150709095,0.00013616724977035,0.0239513778942504,0,0.0881271963911732,0.00126530582730271,1.58418226875866,0.000185787254169635,0.00296026819290186,0.00142983817863979,1.8720595415989,0.00012197268556191,0.000698251811511334,0.023528821684913,0,0.000285305611900724,0.564725861772644,0.0106905593764572,0.000110972520059161,0.0261291779967145,0.177732236828064,0,0.001638444116935,0.00527823336825796,2.41175848279612,0.129051901313933,0.997006031392025,0,0.000453349980086792,0.0788161934363453,0.0601119373091979,7.34181225601842e-06,0.0259380760911646,0.00675066951704348,0.0755064394397875,0.0222458749310969,0.00227418672995157,0.0063735003393775,0.00076612896808168,0.000117662841694623,0,0,3.50763539041163e-05,7.29017634767603e-05,0,0,0,0,0,0,0,0,0,0,0,0,0,0,0,0,0,0,0,0,0,0,0,2.07066659426327e-05,0,0,0,0,0.00024125654838763,0,0,0,0,0,0,0,1.43263839475199e-05
0.185503184246218,0,0.00747786623064554,0.00656909233225509,0.0799294225194797,2.07191717125473,0.0881271963911732,0,0.00129194681235312,1.06037751970803,0.0094318291857128,0.0754363565748597,0.000964175991103129,3.36430957772368,0.0473393470478178,9.8477900234476e-05,0.0074156704052221,0,0.000164649440468267,0.135374040525729,0.00101290983837942,0,0.00375824221263335,0.0294379823439307,0,8.08631372891974e-05,0.000459126332839235,0.00559702682164112,0.612130541287943,0.00473437730423329,0,0.0825535601099725,0.00282103504337707,0.0626117199205083,0.000439588139505596,0.00943346744311524,0.000935031241023733,0.0622924805510123,0.00655833400312526,0.0611609637842658,0.0117387461392061,0.00111380024587019,3.381956871022e-05,0,0,0,0,0,0,0,0,0,0,0,0,0,0,0,0,0,0,0,0,0,0,0,0,0,0,0,0,0,4.53296934992782e-05,0,0,0,0,0,0,0,0,0,0,0
0.00138702919354395,0.0373178559525832,0.00154549821736738,0.00147370842727206,0.00212856244271733,0.0613877790471189,0.00126530582730271,0.00129194681235312,0,0.00109099994486329,0.000106390630575721,0.842758496626935,0.001897570015267,0.00290100778189698,1.61837249497775,0.117503674317202,0.000260327109857546,0,0,0.02788226093442,7.02402737112603e-05,2.57414754034196,0.000476282365823718,6.8225259678245,0.00353813428529221,0.000558963004152039,0.00616855179611602,0.0080631737664562,0.00620875649960061,0.0150596856261051,0,0.000204686268174353,0.0303470377771631,0.010769220028434,0.000413676571610408,0.489430025740447,0.00360492121799955,0.0161893254001883,0.00832394782982888,1.26302288251415,0.000517934777547308,0,0.00447237943390518,0,0,0,0.02093728738247,0.000196664785848127,0,0,0,0,0.000199619813718504,0.000436001063440553,0.000375692565983877,0,0,0.304271583259027,0,0,0.0189597360945409,0,0,0.0134448595833175,0,0,0,0,0.000302624012617851,0,0,0,0.0263214203941146,0,0,0,0,0,0,0,0,0,0,0
0.0179674645333426,0,0.00118488933107273,0.575801872985586,4.27877105278925e-05,1.27177806291837,1.58418226875866,1.06037751970803,0.00109099994486329,0,4.4472383777739e-05,3.01930124051934,0.000533770648111741,0.283302243988203,0.00743147552921233,0,0.000172532574843746,0,0,6.43032828967385,0.000111755401479111,0,0.000360588251896493,0.193879301221403,0,0,0.000175418323344305,0.648874354523482,0.0370565075868401,0.00298101659563928,0,0.000116981136821196,0.00613330405547961,0.0201565269808529,0.139304488615492,0.0110519263042685,0.00178680772744459,0.0393534456759583,0.00578757292527978,0.0102443850447701,0.00293765627836116,0.000211311709475771,0,0,0,0,8.38796353631985e-05,0,0,0,0,0,0,0,0,0,0,0.000299807011482384,0,0,0,0,0,0,0,0,0,0,0,0,0,0,4.07761787150131e-05,0,0,0,0,0,0,0,0,0,0,0
0,0.00426112948635377,0.0108112289230251,0,0.295238379787028,0.00650724313306225,0.000185787254169635,0.0094318291857128,0.000106390630575721,4.4472383777739e-05,0,0.000464538057708411,2.51575995721794,0.0110988217365852,0,0.00221202391138002,0.0626941093055309,1.02747409793742,0.731425509068617,0.000510357417182597,0.000401013956919275,0.000218636409266456,0.00397185831743938,0.000326633571378352,0.0543805719993677,2.91416147884123,0.119899952278807,0.000666539533846095,0.0412974309360186,0.000663629884665571,1.71371922800335,0.454320368993298,8.88678795938659e-05,2.58074314255308,0,0.0316926306513624,1.9535373854884,1.34037929168644,0.0647438534680911,0.00109705708709304,0.0150285922275118,0.366636308420361,0,0.000176347626151869,0,0,0,0,0,0,0.000374772616145042,0,0,0,0,0,0,0,0,0,0,0.00083461795374038,0,0,0,0,0,0,0,0,0,0,0,0.000788234914698724,0,0.000420049344897573,0,0,0,0,0,0,0,0
0.00118387790041995,0,0,1.18226064663229,0.000215389796590798,3.75892276695215,0.00296026819290186,0.0754363565748597,0.842758496626935,3.01930124051934,0.000464538057708411,0,0.00129997065826196,0.0899213544889373,1.10212993701174,0.000275035430804362,0,0,0.000184068776990683,5.10149799033854,0.000103827732345241,8.85191983094821e-05,0.000278858528778116,0.669473768061805,0,0,2.40921834649172e-05,0.00320881913757823,0.0871984670315297,0.000942688889767112,0,0.000837928362969235,0.00232896668885334,0.0556774308425106,0.775305888408353,0.0242599381045561,0.00479334442293827,0.120807488148872,0.0118661996756074,0.421517296910672,0.0076481144612953,0.000970580684503283,0.000354059909621696,0,0.000897226726724388,8.67012602687959e-05,0.000775199371843637,0.000213755586010865,0,0,0,0,0.372846829481938,0,0.00613232252801632,0,0.000972290294479365,0.00928681333182747,0.00615379883124746,0,1.70961753073441,0,0.000558947969803222,0.00363698272762617,0,0,0,0,0.0854427627029589,0,0,0,0.00489477086113091,0,0,0,0.000796049117016953,0.000771367123106249,0,0,0.000196277974222545,0,0.000256030494080923,0.0043479277065795
0.000233168089323397,0.225590719443241,0.00609521471596672,0.000419771080663423,0,0.000366518737659194,0.00142983817863979,0.000964175991103129,0.001897570015267,0.000533770648111741,2.51575995721794,0.00129997065826196,0,0.000946506849622951,0,0.0129048582563186,0.000840211182939459,0.00987340799121787,0.00342381210854169,0.00265157655375595,0.00116823538489514,0.0409136679901253,0.0223026882972177,0.00254637571391803,2.93523100833396,1.19829790976005,0.865806194418123,0.0024035695179403,0.00522061496665932,0.00163576567330999,2.68279163437637,0.000284366530469183,0.00142125357358007,0.160200619663178,7.63663268453686e-06,0.351947543880705,1.2646790516026,0.673267531355003,0.221627760714265,0.1220520421018,0.318223876149825,1.23688215771221,0.0030348597332342,0.00343353257094183,0.00944017448433583,0.00296889653084085,0,0.0021541019594947,0.0368202461524591,0,0.0112151935625817,0,0,0,0,0,0,0.00210224716738525,0,0.00403573271149157,0,0.0553622870952311,0,0,0,0,0,8.56684748534028e-05,0,0.000352373462736298,0.00505157191021182,8.69680393735216e-05,0,0.0542790262329007,0.00173436988499944,0.0169057575411029,0,5.61662071670663e-05,0,0.000163896346090773,0.0002321887314909,0,0.000855676554066279,0
2.45979318159287,8.18609814644778e-05,0.0158523020975035,0.00808471843470403,0.0337501987440551,0.42750121448526,1.8720595415989,3.36430957772368,0.00290100778189698,0.283302243988203,0.0110988217365852,0.0899213544889373,0.000946506849622951,0,0.00758958136177633,0.000107295836901668,0.0221548760464902,0,0.000560991919332868,0.127686648465182,0.00329052254948369,3.75519733857999e-05,0.0133915252700825,0.0398608388534322,0,0.000350352365428739,0.00128600859749881,0.0113251811506577,2.54019547692577,0.0416893000239622,0,0.0667600890779905,0.0243615833417059,0.16006179706995,0.000494546513125843,0.0281145141278922,0.00352647711748964,0.155722469905656,0.0198029395045901,0.0751391259626473,0.022863160541142,0.00124725978487577,1.86271617857914e-05,0,0,0,0,0,0,0,0,0,0,0,0,0,0,0.000163498696040432,0,0,0,0,0,0,0,0,0,0,0,0,0,0,0,0,0,0.000115522127453043,0,0,0,0,0,0,0,0
0,0,0,0.00165750579121246,0.366549850397408,1.81762540783778,0.00012197268556191,0.0473393470478178,1.61837249497775,0.00743147552921233,0,1.10212993701174,0,0.00758958136177633,0,0,0,0,0,0.0535472868362696,0,0,0,0.00300698702932827,0,0,0,0.000417635528355176,0.00978177224634377,7.37180225217487e-05,0,0.000338990250032777,0.000957365242318389,0.00417618886541854,0.0263913132308528,0.0189846291970804,0.00199826291772172,0.00925674925881534,0.00147566425278246,3.98163462876519,0.0382530741922288,0.00138002887062298,0,0,0,0,0.0010712689791886,0,0,0,0,0,0,0,0,0,0,0.00558075015196446,0,0,0.000136805815710171,0,0,0,0,0,0,0,0,0,0,0,0.000589323898067725,0,0,0,0,0,0,0,0,0,0,0.000218543494112443
0.00028266205098746,0.010731259144962,0.0483278771249628,0,0,0.000195677023797387,0.000698251811511334,9.8477900234476e-05,0.117503674317202,0,0.00221202391138002,0.000275035430804362,0.0129048582563186,0.000107295836901668,0,0,0.045513441589018,0,0.00854886822476142,0.000471927884482446,0.736741158965903,3.8167433276542,2.84907306941929,3.07719747310328,0,0.00533178504905814,1.80754710633468,0.479826581090778,0.00221636445919003,0.0346819709880323,0,0,0.00276935118886594,0.0696711324705892,0.00084361985502168,0.439270478170777,0.538499762927492,0.334411493557692,0.38653304504542,0.00591380076648933,0.0283692245280371,0.00439550237019695,0.00257505295705267,0.00226436755984234,0.000335155788109247,0.00244028086583031,5.09337869251661e-05,0,0,0,0,0.000138164899804533,0,0,0,0,0,0,0,0,0,0,0,0,0.725562791042598,0,0,0,0,0.00696835402947578,0.00264606751407703,0.0153326342755833,0.00103314776446983,0,0,0.000629034860963675,0.000170997299500223,0,0,0,0,0,0,0.00036304338013234
0.018989092959175,0.0494714609734197,1.26296220902905,0.00023480861963842,0,0.000118007052543771,0.023528821684913,0.0074156704052221,0.000260327109857546,0.000172532574843746,0.0626941093055309,0,0.000840211182939459,0.0221548760464902,0,0.045513441589018,0,0.000497768177032971,4.90042728511587,0.00140112559508871,0.0998120176962148,0.0220003293333202,3.22032978042868,0.0194899129231547,0.00100561335182071,0.321683425616913,0.342096823405867,0.0213081539764101,0.0554673682223594,0.265836371065674,0.000658189575101775,0,0.0460030610205065,1.36649600804265,0.000118351211335793,0.032523155216757,0.10414395529612,0.250600639040684,0.0343149870870472,0.000456871157122367,0.000623560126484323,0.00160320801512522,0.000370159178405899,0.000191363194836052,0.000476510601308353,0.000436624561289056,0,0.000241692964004843,0,0,0.0037255001022925,0.000241516230758057,0,0,0,0,0,0,0,0,0,0,0,0,0,0.000170961018456225,0,0,0,0,0.00186496179770332,0.000102083702563649,0,0,0.000857462477987661,0.00402618718628805,0,0,0,0,0,0,0.000230477946274331,7.24233361991964e-05
0,0.000391822282596377,0.00180032425714324,0,0,0,0,0,0,0,1.02747409793742,0,0.00987340799121787,0,0,0,0.000497768177032971,0,3.2864501434147,0,0,0,0,0,0.00192808412470269,1.01676663198144,0.00913648155086472,0,0,0,0.010828365145533,0,0,0.00124749929374593,0,0.000450255058103307,0.0210467908927411,0.0031563010032891,0.000609628248071075,0,0,0,0,0,0,0,0,0,0,0,0,0,0,0,0,0,0,0,0,0,0,0,0,0,0,0,0,0,0,0,0,0,0,0,7.81875761960687e-05,0,0,0,0,0,0,0,0,0
0,0.0201793390787445,0.220488349770308,0,0,0,0.000285305611900724,0.000164649440468267,0,0,0.731425509068617,0.000184068776990683,0.00342381210854169,0.000560991919332868,0,0.00854886822476142,4.90042728511587,3.2864501434147,0,0.000287150608289238,0.00286954474866237,0.00535552032688415,0.0342702073025905,0.00243963326307578,0.00138813900285928,2.83637949677398,0.129298836602356,0.00193051300617436,0.00226615754841483,0.00759066350205938,0.00563819878901799,0,0.00202855381510243,1.55216355138615,0,0.0647706443414745,0.424315285940619,0.366639380100752,0.0738584826459672,0,0.00053903185752416,0.000935342679919973,0.000358638673103673,0.000162896858083319,0.000163316852782945,0.000121061878161266,0,0,0,0,0.00467552384878818,0,0,0,0,0,0,0,0,0,0,0,0,0,0,0,0,0.000258641182842646,0,0,0,0,0.000108834796801968,0.000137084983568559,0.000234176784201274,0.00157737749987237,0,0,0,0,0,0,0,5.80656771098434e-05
0.0196289935498489,0,0.000602129843572222,12.8548326045573,0.000212901476979695,0.463396248510931,0.564725861772644,0.135374040525729,0.02788226093442,6.43032828967385,0.000510357417182597,5.10149799033854,0.00265157655375595,0.127686648465182,0.0535472868362696,0.000471927884482446,0.00140112559508871,0,0.000287150608289238,0,0,0,0.0004276379573589,1.68787395614365,0,3.3442193219782e-05,0.000379138767035209,0.436352093928219,0.0935345931772823,0.00177437475564372,0,0.000360443443290276,0.0258088140989087,0.0765697813359621,0.0282790525971158,0.0378626782873907,0.0045909070365566,0.156199222872585,0.0407224831669739,0.0490571790657499,0.0168824108697207,0.00428763620355372,5.59648649005482e-05,0,0,5.81667338810611e-05,0.000408756923918714,0,0,0,0,0,0,0,0,0,0,0.00202162781605354,0,0,0.00028267119776056,0,0,0,0,0,0,0,0,0,0,0,0.000653872687455741,0,0,0,0,0,0,0,0,0,0,0
0.00387106112941775,0,0.1121689277019,0.000175345659955868,0,9.59737736748942e-05,0.0106905593764572,0.00101290983837942,7.02402737112603e-05,0.000111755401479111,0.000401013956919275,0.000103827732345241,0.00116823538489514,0.00329052254948369,0,0.736741158965903,0.0998120176962148,0,0.00286954474866237,0,0,0.0439833801564812,6.64423464474714,0.0588010841256619,0,0.000816432830523655,0.00903497662047283,1.47139175868063,0.020280028686393,3.23545869202875,0,8.01001416542903e-05,0.0324176252435652,0.896039961420728,7.89977853889417e-06,0.0431077098647967,0.00849447057591351,0.277780138495122,0.0611154830070096,0.00114057287761337,0.00257886451067827,0.00101736573634661,0,0,0,0.000196227834666168,5.4485899926968e-05,0,0,0,0,0,0,0,0,0,0,0,0,0,0,0,0,0,0,0,0,0,0,2.35260518074672e-05,0,0,0,0,0,0,0,0,2.3585263123258e-05,0,0,0,0,0.000118227897267117
0,4.13700302184512,0.131626232083718,0,0,6.88288579054415e-05,0.000110972520059161,0,2.57414754034196,0,0.000218636409266456,8.85191983094821e-05,0.0409136679901253,3.75519733857999e-05,0,3.8167433276542,0.0220003293333202,0,0.00535552032688415,0,0.0439833801564812,0,0.474426419044611,1.30304729316206,0.148383522654421,0.00848468172290875,0.484427176861268,0.0146680384135628,0.000424712605368406,0.0067499273605828,0.00142698323722774,0,0.000700143264587845,0.0359529165851651,0.000112005625361143,0.49236174418695,0.789751811515568,0.248741949133028,0.533969103060774,0.00101378813320467,0.0206750799688114,0.00560199338848252,0.001386409399225,0.0075926337481754,0.000613718622595932,0.00156310989199613,0,0,0,0,0.00221803862412148,0.00287626868314566,0,0,0,0,0,0,0,0,0,0.000986252936421808,0,0,0.000272120749075034,0.000495129079087758,0,0,0,0,0.188486419212163,0.00013936019875599,0,0,5.27223980030397e-05,0.0101468616801034,4.20068748751708e-05,0,0,0,0,0,0,7.59710513427417e-05
0.00996169587921467,0.00240554549116773,6.34939161365001,6.89233310627148e-05,0,0.000181928917948863,0.0261291779967145,0.00375824221263335,0.000476282365823718,0.000360588251896493,0.00397185831743938,0.000278858528778116,0.0223026882972177,0.0133915252700825,0,2.84907306941929,3.22032978042868,0,0.0342702073025905,0.0004276379573589,6.64423464474714,0.474426419044611,0,0.109422142300084,0,0.0127466257294866,2.41488533940624,0.424026753420905,0.0380148992693311,0.502930437450785,0,0,0.0227601960673865,0.992789751235532,0.00224867373234507,0.390239743657659,0.248025337346404,1.06063015238038,0.363345572924962,0.00941772116717264,0.032563272978844,0.00646753455857557,0.00492174350651604,0.000411697734308086,8.801171455877e-05,0.0029553108163199,0.000690619084092852,0.000313025571599271,0,0,0,0.000594241683504568,0,0,0,0,0,0,0,0,0,0,0,0,3.29826710357395e-05,4.20249776387702e-05,0,0,0,1.87646334824693e-05,0.0127372922487265,4.99336473358319e-05,0,0,8.9172274284551e-05,0.00178976149693042,3.18921725524338e-05,1.50388721314636e-05,2.0573129810679e-05,0,0,0,0,0.00098090744712226
0.0134401060689107,0.00180766570680152,0.0538420004237834,4.04678717949518,0,0.071444294226269,0.177732236828064,0.0294379823439307,6.8225259678245,0.193879301221403,0.000326633571378352,0.669473768061805,0.00254637571391803,0.0398608388534322,0.00300698702932827,3.07719747310328,0.0194899129231547,0,0.00243963326307578,1.68787395614365,0.0588010841256619,1.30304729316206,0.109422142300084,0,0,0.00366781328053485,0.170504485765312,3.21989902274609,0.100355602481381,0.221918286526549,0,0.000326741965727216,0.137200022849677,0.0974528206493146,0.000537860507036099,0.102148931186022,0.042765043245927,0.148170076262451,0.0604260316139658,0.0253643682963323,0.00578950195682814,0.0012863412615311,0.000903367865316382,0,0.000111426417607279,0.000350690211291099,0.00255111832232112,0,0,0,0,0,8.88021130755071e-05,0,3.39002938991514e-05,0,0,0.0311316370542256,0,0,0.00363168962228065,0,0,0.00079645531753585,0,0.00013845092998895,0,0,0,0,0.000206587361540362,0,0.0397103908698141,0,0,0.000272167422698374,0.000100324879598624,0,0,0,0,0,0,0
0,1.93286281120231,0.000717727157913665,0,0,0,0,0,0.00353813428529221,0,0.0543805719993677,0,2.93523100833396,0,0,0,0.00100561335182071,0.00192808412470269,0.00138813900285928,0,0,0.148383522654421,0,0,0,0.056999025340732,1.08096134229036,0,0,0,0.0261879156204331,0,0,0.00496729782536861,0,0.00264766221090485,0.019859882238866,0.025429997663661,0.00759644205456445,0.000281852263910016,0.000356476907156088,0.0244699896370708,0.00107624379875354,0.0107241157062079,0.0019170087830032,0.000585492091073267,0,0,0.000429357130901781,0,0.0858361160134065,0.000534557810728595,0,0,0,0,0,0.00794595122480704,0,0.00232199895555399,0,0.126991307557659,0,0,0.000364477858521405,0.000303996153610382,0.00190806903990572,0.0126505216188208,0,7.50397926211148e-05,0.0355333954834905,0,0.000156877625486846,0.30934849694509,0.0388442020911726,0.155326615461214,0,0,0,0.00418164025639466,0,0,0.00301348331851939,0
0.000456625160884128,0.106034960105606,1.66762558883226,0,0,0,0.001638444116935,8.08631372891974e-05,0.000558963004152039,0,2.91416147884123,0,1.19829790976005,0.000350352365428739,0,0.00533178504905814,0.321683425616913,1.01676663198144,2.83637949677398,3.3442193219782e-05,0.000816432830523655,0.00848468172290875,0.0127466257294866,0.00366781328053485,0.056999025340732,0,3.70410050113888,0.00731449777923374,0.00091050107338889,0.00203016908729518,0.920769291655863,0,0.000560604142998902,0.173964748942613,4.45492285574001e-05,0.0436938402844775,0.144870397550455,0.0927411559662269,0.016582296410369,5.04836095302952e-05,0.000103272210377661,0.000215004661684226,0.000907975262785556,0.000690430402327755,0.00120487317309084,0.000707546031186488,0,0,0,0,0.0273437794940005,0.000144467711969431,0,0,0,2.89124345868134e-05,0,0.000274810712501245,0,0.000475896608813196,0,0.000796717942096235,0,0,0,0.000520077011220729,0,0.00116393690201655,0,3.66839127673721e-05,0.000733653294921508,0,0,0.00613352000820263,0.0112650156741016,0.040798307630126,4.44693333405462e-05,0,0,7.15167373156081e-05,0,0,0.00106273043979898,7.86499618770931e-06
0.000960637964119312,1.47228501952245,1.67298170135178,0.000118731925807905,0,0.000139471072589341,0.00527823336825796,0.000459126332839235,0.00616855179611602,0.000175418323344305,0.119899952278807,2.40921834649172e-05,0.865806194418123,0.00128600859749881,0,1.80754710633468,0.342096823405867,0.00913648155086472,0.129298836602356,0.000379138767035209,0.00903497662047283,0.484427176861268,2.41488533940624,0.170504485765312,1.08096134229036,3.70410050113888,0,0.0709525061076084,0.00282830731470928,0.011012640720771,0.919985202658208,9.48555000868179e-05,0.00156205923977658,0.19741139621212,0.00121274159859181,0.370803447909394,0.610382814783961,0.449616549720013,0.137514431332515,0.00011929711432218,0.00229308943530668,0.00334568577680715,0.01628770384739,0.017128408520882,0.0154051956645019,0.00429847730375235,0.000301448306838639,0.000117549154722096,1.6391986996121e-05,5.46251655651154e-05,0.312967227912979,0.00785431728681188,0,3.7225428735476e-05,0,0.000245003863829372,2.8211609217618e-05,0.00135950321273966,0,0.00292291894308891,0,0.0189729272210754,0.00018586223440064,0,0.000873730026777427,0.00785881941073155,0.000563282908389473,0.00933832946844055,0,0.000977024930731594,0.0270439331141484,0.000988984798473048,3.3803338720779e-05,0.0873452677975159,0.113745608215323,0.5806249950486,3.13480560313413e-05,0.000106571070340771,0.000599137246009405,0.00102885553747655,5.46779242629075e-05,7.84657199130968e-05,0.00852342050531537,0.000810595308921905
0.00573975959088171,0.000539031730366857,0.338311460575339,0.911357787583487,0,0.0132281931031399,2.41175848279612,0.00559702682164112,0.0080631737664562,0.648874354523482,0.000666539533846095,0.00320881913757823,0.0024035695179403,0.0113251811506577,0.000417635528355176,0.479826581090778,0.0213081539764101,0,0.00193051300617436,0.436352093928219,1.47139175868063,0.0146680384135628,0.424026753420905,3.21989902274609,0,0.00731449777923374,0.0709525061076084,0,0.0475802532610074,0.69756869250784,0,6.58118715280429e-05,0.127462330979647,0.184133647519512,0.000479303669822244,0.100938667659825,0.0259691654423238,0.206650601632312,0.0708495341979212,0.0079461841116743,0.00783424607292201,0.0016076767515526,0.000577062586437906,7.12227356416406e-05,7.66427670664408e-05,0.000609622706021631,0.000202711994033579,0.000138263403448205,0,0,0.000252212162553014,7.70277454385879e-05,0,0,0,0,0,0,0,0,0,0,0,0,0,0,0,0,0,1.4571717944332e-05,0.00016561405577864,1.21455902172316e-05,0,0,0,0.000167859924855813,1.24431753543805e-05,0,0,0,0,0,0,0.000110495933505032
0.442986357270564,0,0.0150334684390166,0.0101640280301987,0.167409843038951,0.318886411054389,0.129051901313933,0.612130541287943,0.00620875649960061,0.0370565075868401,0.0412974309360186,0.0871984670315297,0.00522061496665932,2.54019547692577,0.00978177224634377,0.00221636445919003,0.0554673682223594,0,0.00226615754841483,0.0935345931772823,0.020280028686393,0.000424712605368406,0.0380148992693311,0.100355602481381,0,0.00091050107338889,0.00282830731470928,0.0475802532610074,0,1.10961862314241,0,0.320147698323137,1.81891355781924,1.2547764399987,0.000441543186232494,0.0635388553723092,0.0138287628912804,0.463001576231392,0.0632782971668517,0.117440983443176,0.123819500025834,0.00489860145700318,2.56941986869673e-05,0,0,2.41947195526273e-05,0,0,0,0,0,0,0,0,0,0,0,0.000247397777952408,0,0,4.23141084133361e-05,0,0,0,0,0,0,0,0,0,0,0,0,0,0,1.08977205109033e-05,0,0,1.31548718822477e-05,0,0,0,0,1.07174936479159e-05
0.0398626803229348,4.41321505939044e-05,0.135698535780042,0.00135287183355752,0,0.000674874320779046,0.997006031392025,0.00473437730423329,0.0150596856261051,0.00298101659563928,0.000663629884665571,0.000942688889767112,0.00163576567330999,0.0416893000239622,7.37180225217487e-05,0.0346819709880323,0.265836371065674,0,0.00759066350205938,0.00177437475564372,3.23545869202875,0.0067499273605828,0.502930437450785,0.221918286526549,0,0.00203016908729518,0.011012640720771,0.69756869250784,1.10961862314241,0,4.16239837287115e-05,0,0.741206659543769,0.914555579231127,3.33969065559412e-05,0.0266472913156716,0.0100001448013342,0.19253329073345,0.0322905706686687,0.00319601977377372,0.00466226061277685,0.00110418517408413,9.70821523458983e-05,8.69595319210128e-05,0,6.98950937378304e-05,0,0,0,0,0,0,0,0,0,0,0,0,0,0,0,0,0,0,0,0,0,0,0,0,0,0,0,0,0,3.21087171137242e-05,0,0,0,0,0,0,0,3.30266230816854e-05
0,0.0030085007744504,0.000409330748551637,0,0,0,0,0,0,0,1.71371922800335,0,2.68279163437637,0,0,0,0.000658189575101775,0.010828365145533,0.00563819878901799,0,0,0.00142698323722774,0,0,0.0261879156204331,0.920769291655863,0.919985202658208,0,0,4.16239837287115e-05,0,0,0,0.00102404003671678,0,0.000140654499699605,0.00986628481816245,0.000881067483806522,0.000601542502864059,0,0,0.00798357668012708,0,0,0,0,0,0,0,0,0.000186583306630173,0,0,0,0,0,0,0,0,0,0,0.000607629578632474,0,0,0,0,0,0,0,0,0,0,0,0.00148782655728119,0,0.000499474705212143,0,0,0,0,0,0,0,0
0.000691529596253369,0,0,0.000180730090611155,1.96330912691625,0.0965490652022697,0.000453349980086792,0.0825535601099725,0.000204686268174353,0.000116981136821196,0.454320368993298,0.000837928362969235,0.000284366530469183,0.0667600890779905,0.000338990250032777,0,0,0,0,0.000360443443290276,8.01001416542903e-05,0,0,0.000326741965727216,0,0,9.48555000868179e-05,6.58118715280429e-05,0.320147698323137,0,0,0,0,0.348842496499888,0,0.000888166592773582,0.00130386667783412,0.0219923303266024,0.00722175886301523,0.00876148647239683,0.308351686957174,0.000412563912455061,0,0,0,0,0,0,0,0,0,0,0,0,0,0,0,0,0,0,0,0,0,0,0,0,0,0,0,0,0,0,0,0,0,0,0,0,0,0,0,0,0,0
0.0219736324172263,0,0.00881895701226048,0.00874812931037988,0,0.0028505348089361,0.0788161934363453,0.00282103504337707,0.0303470377771631,0.00613330405547961,8.88678795938659e-05,0.00232896668885334,0.00142125357358007,0.0243615833417059,0.000957365242318389,0.00276935118886594,0.0460030610205065,0,0.00202855381510243,0.0258088140989087,0.0324176252435652,0.000700143264587845,0.0227601960673865,0.137200022849677,0,0.000560604142998902,0.00156205923977658,0.127462330979647,1.81891355781924,0.741206659543769,0,0,0,1.52537996720225,0.000146307638682033,0.0270282588314814,0.0170380286385922,0.270999556697579,0.0591381616330097,0.00723548839444316,0.010220606320325,0.00241865982907509,4.38678015493594e-05,0.000127051193950695,0,0,0,0,0,0,0.00110563869937045,0,0,0,0,0,0,0,0,0,0,0,0,0,0,0,0,0,0,0,0,0,0,0,0,0,0,0,0,0,0,0,0,0
0.0278611610998915,0.0131222765848762,0.284074473679243,0.00728864411528741,0.0978332893095394,0.0516643326439597,0.0601119373091979,0.0626117199205083,0.010769220028434,0.0201565269808529,2.58074314255308,0.0556774308425106,0.160200619663178,0.16006179706995,0.00417618886541854,0.0696711324705892,1.36649600804265,0.00124749929374593,1.55216355138615,0.0765697813359621,0.896039961420728,0.0359529165851651,0.992789751235532,0.0974528206493146,0.00496729782536861,0.173964748942613,0.19741139621212,0.184133647519512,1.2547764399987,0.914555579231127,0.00102404003671678,0.348842496499888,1.52537996720225,0,0.000367449147930858,0.26096370879273,0.683451222115527,4.7567363640831,0.517583625987792,0.119885485341958,0.576817187055228,0.168216932070114,0.00108082015589012,0.000207302340691714,0,0.000384120319727814,0.000245124304139674,6.7827513425627e-05,0,0,0.00377321679977817,0.000172080154411344,0,0,0,5.5986307678225e-05,0,0,0,0,9.80922180612766e-05,0,0,0,0.000110188997459783,0.000335522182831312,0,0,0,4.88385121068281e-05,0.00220928473514541,1.73762692955689e-05,0,0,0.000877101864372532,0.00251208367944888,0,0,0,0,0,0,0.000210583774848254,9.53272160110962e-05
2.85558110410566e-05,6.34450081113897e-05,0.000520449895281005,0.00110670054765924,0.0314600762018038,0.0483261144148776,7.34181225601842e-06,0.000439588139505596,0.000413676571610408,0.139304488615492,0,0.775305888408353,7.63663268453686e-06,0.000494546513125843,0.0263913132308528,0.00084361985502168,0.000118351211335793,0,0,0.0282790525971158,7.89977853889417e-06,0.000112005625361143,0.00224867373234507,0.000537860507036099,0,4.45492285574001e-05,0.00121274159859181,0.000479303669822244,0.000441543186232494,3.33969065559412e-05,0,0,0.000146307638682033,0.000367449147930858,0,0.00472010984815274,0.00550968966699631,0.000521550478182368,0.00151292912537985,0.000535855785299016,0,0,0.00247233682475122,0.00221525643621322,0.000880358787748115,0.00225722924266991,0.000344885178919438,0,0,0,6.48032811034764e-05,0.00018866353553853,2.70144261804305e-05,0.00109222554125311,1.62867189327186e-05,0,0,3.12519498861822e-05,0,0,0.00179333303101684,0,0,0.00111629387926406,0.000370013545166206,0,0,0,0.000109721662403044,0.000686490105339403,6.07084669958097e-05,0.000580171771607193,5.47242732683358e-05,0,4.9071456417605e-05,0.000853649548835342,2.51172904873127e-05,2.26859373786545e-05,9.62394061196971e-05,0,0,0,5.42420298195955e-05,1.51646844092809
0.00244226454240829,0.0337349382203122,0.286998487396546,0.00578960859405803,0.0013242786624797,0.0147974079788305,0.0259380760911646,0.00943346744311524,0.489430025740447,0.0110519263042685,0.0316926306513624,0.0242599381045561,0.351947543880705,0.0281145141278922,0.0189846291970804,0.439270478170777,0.032523155216757,0.000450255058103307,0.0647706443414745,0.0378626782873907,0.0431077098647967,0.49236174418695,0.390239743657659,0.102148931186022,0.00264766221090485,0.0436938402844775,0.370803447909394,0.100938667659825,0.0635388553723092,0.0266472913156716,0.000140654499699605,0.000888166592773582,0.0270282588314814,0.26096370879273,0.00472010984815274,0,3.94294465460508,0.819057105939681,0.434276737283362,0.805188527005713,0.503686786762239,0.114879957645575,0.066845070378333,0.0217359505944965,0.00320036278086445,0.00768482176005106,0.00509959371898953,0.00234281248322667,0,0.000121345667669637,0.00477412840825099,0.00119487831344646,0,0,0,3.00677623136796e-05,0,0.00921020794108057,0,0.00223530202743659,0.00133070373509061,0,0,0.000295911917280885,0.00169422691074406,0.000643756704942184,0,0.000592431347310484,0,0.00332333284888298,0.00497385695909646,0.00250139018371067,0.00133065264637693,0,0.00187764986978933,0.00748244487884783,0.00041339273492989,0,0.000228568460894842,0,0,0,0.000235310420382005,0.00283122173985968
0.00203136125378363,0.094074334185641,0.305339393784845,0.000616901278660606,0.000285176218364214,0.00228251420163072,0.00675066951704348,0.000935031241023733,0.00360492121799955,0.00178680772744459,1.9535373854884,0.00479334442293827,1.2646790516026,0.00352647711748964,0.00199826291772172,0.538499762927492,0.10414395529612,0.0210467908927411,0.424315285940619,0.0045909070365566,0.00849447057591351,0.789751811515568,0.248025337346404,0.042765043245927,0.019859882238866,0.144870397550455,0.610382814783961,0.0259691654423238,0.0138287628912804,0.0100001448013342,0.00986628481816245,0.00130386667783412,0.0170380286385922,0.683451222115527,0.00550968966699631,3.94294465460508,0,4.77635859942577,2.14124207610245,0.0132429935136037,0.0926178565631315,0.786211032467799,0.0168173736443093,0.00267107052667435,0.00107229399478781,0.0131472024738328,0.0029159175970126,0.000528748732841865,0,0,0.0165791658982693,0.00118964187358795,0,0.00122939330156484,0,0,0,0,0,0.000185599168902715,0,0,0,0.000141143649508622,0.000456828002409651,0.000975408269067094,0,0.000240752365570744,0,0.000301604798448722,0.0344940035701458,0,2.40276656358956e-05,0,0.00247654183749139,0.00882833558475141,1.67424159192113e-05,0,8.45025217946689e-05,0,0,0,0.00029146962092605,0.00324038341559151
0.0289904696477812,0.0319230623860855,0.504851680449917,0.0148932245829392,0.00663783365749451,0.0717111871957335,0.0755064394397875,0.0622924805510123,0.0161893254001883,0.0393534456759583,1.34037929168644,0.120807488148872,0.673267531355003,0.155722469905656,0.00925674925881534,0.334411493557692,0.250600639040684,0.0031563010032891,0.366639380100752,0.156199222872585,0.277780138495122,0.248741949133028,1.06063015238038,0.148170076262451,0.025429997663661,0.0927411559662269,0.449616549720013,0.206650601632312,0.463001576231392,0.19253329073345,0.000881067483806522,0.0219923303266024,0.270999556697579,4.7567363640831,0.000521550478182368,0.819057105939681,4.77635859942577,0,2.77509923408688,0.671038755790685,1.0515957492995,1.36602090255845,0.00249218149514147,0.000724680166209087,0.000379769396850905,0.00132608442258665,0.00122666713652258,5.3470782750704e-05,0,0,0.00711805409672999,0.000275111092754897,0,0,0,0,0,0.000542765535845004,0,0,0,0,0,0,0.000437181974181938,0,0,0.000492408189806511,0,0.000134127551564408,0.00540144002833247,5.02407732202205e-05,0.000224756717493085,0.000150579531004922,0.00100267691038464,0.00432545050084267,0,0,6.35212203389068e-05,0,0,0,0,2.24500494225709e-05
0.00245175949090623,0.0120272053096084,0.124125098896271,0.00439085462489819,0.000863851161977833,0.00809995769688868,0.0222458749310969,0.00655833400312526,0.00832394782982888,0.00578757292527978,0.0647438534680911,0.0118661996756074,0.221627760714265,0.0198029395045901,0.00147566425278246,0.38653304504542,0.0343149870870472,0.000609628248071075,0.0738584826459672,0.0407224831669739,0.0611154830070096,0.533969103060774,0.363345572924962,0.0604260316139658,0.00759644205456445,0.016582296410369,0.137514431332515,0.0708495341979212,0.0632782971668517,0.0322905706686687,0.000601542502864059,0.00722175886301523,0.0591381616330097,0.517583625987792,0.00151292912537985,0.434276737283362,2.14124207610245,2.77509923408688,0,0.124824066345418,1.30370328899168,0.488631714982415,0.00601022082946043,0.00810674138689834,0.00091623150613444,0.0131435625057402,0.00327550892673656,0.00392852043508244,0,0,0.003060567671079,0.000740862672328898,0,0,0,6.05259181634223e-05,0,7.59108706207363e-05,0,5.13409512498519e-05,0,0,4.30799358865281e-05,0,0.00120431294519568,5.56905651412408e-05,0,0.000936929214740484,0,0.00239204321414426,0.00841705623954895,0.00120478332404319,9.14494954363902e-05,0,0.000165389999310649,0.00254350655995177,0.000473475074745052,0,0.000154319411500461,0,0,0,3.27149062205915e-05,0.000981999182404299
0.000754009329918332,0.00033715841849585,4.83773045593548e-05,0.00298482964862267,3.17364515827997,0.967339679722274,0.00227418672995157,0.0611609637842658,1.26302288251415,0.0102443850447701,0.00109705708709304,0.421517296910672,0.1220520421018,0.0751391259626473,3.98163462876519,0.00591380076648933,0.000456871157122367,0,0,0.0490571790657499,0.00114057287761337,0.00101378813320467,0.00941772116717264,0.0253643682963323,0.000281852263910016,5.04836095302952e-05,0.00011929711432218,0.0079461841116743,0.117440983443176,0.00319601977377372,0,0.00876148647239683,0.00723548839444316,0.119885485341958,0.000535855785299016,0.805188527005713,0.0132429935136037,0.671038755790685,0.124824066345418,0,2.013319969681,0.0113894698001453,0.00274696717848392,0.00158552186030281,0.000299411075557166,0.000715192450371503,0.0215952159054063,0,0,0,0,0.000409531055564124,0.000111106874280174,0.000350458607365215,0.000648780509645571,0,0,0.177680679688457,0,0,0.0167132392963727,0,0,0.0078408086929953,0.00026433871046655,0,0,0,0,0.000399737662314828,0.000226004364456628,0.000559793547077031,0.0217743369129263,0,0,0.000470518797665288,0.000129136355068009,0,0,0,0,0,4.79898976923144e-05,0
