0,0,0.00722775581334175,0.0044211225651454,0.00161502769561499,0.0193244686578347,0.732624710434911,0.107572154206624,0.000763846279056147,0.0377205279704885,0.00488405033904232,0.0112229190086082,0.00281900851460302,2.8672259395011,0,0.00188171806108874,0.0437868157621982,0,0.00440974984253293,0.0258413410083064,0.0028282320808872,0,0.0125367418190123,0.00499564348909284,0.000744211163364134,0.0017746193289539,6.50826341904169e-05,0.0125753153854534,1.01470657621596,0.193925272864487,0,0.0109980859882918,0.043231170653122,0.157260683058104,0.000132169795651722,0.0916233863338572,0.0129854530092201,0.230462239042986,0.0836150396419717,0.00171735930160062,0.0160768701513278,0.00862115459335261,0.000437724599076451,0.000105665463651556,0,0.000188957984252315,0,0,0,0,0,0,0,0,0,0,0,8.82760632887804e-05,0,0,0,0,0,0,0,0,0,0,0,0,0,0,9.05484046647615e-05,0,0,0,0,0,0,0,0,0,0,8.4730804974318e-05
0,0,0,0.00032442930004536,0,0,0,0,0.142456424827477,0,0.0131026467532587,0.000157110552665082,0.112478604145419,0,0,0.0253551574035417,0,0.00036415066408876,0,0,0,1.66466138135919,0.000317185396827502,0.0730250674994586,1.61059254272994,0.00226370851230804,1.9767547545848,6.8615596328786e-05,0,0,0.00859739356448744,0,0,0.000931058644297322,0,0.000797557500217663,0.0488739305925181,0.000536466606743089,0,0.00282425839735151,0,0.044014939988183,0,0.000255828155192157,0,0,0,0,0,0,0.769335238725084,0,0,0,0,0,0,0.000470832634698114,0,0.000932073870957614,0,0.00154391032767346,0,0,0.000593685659428638,0,0,0,0,0,0.123953810964394,0,7.13722329963272e-05,0.129642714325048,0.000836371613407593,0.557892519059252,0,0,0,0.00179765676729884,0,0,0,0
0.00722775581334175,0,0,0,0,4.08762746675713e-05,0.0753319449798144,0.000511922973229102,0,0,0.00111744129810001,4.11285213530082e-05,0.000576425419902723,0.00262388097147264,0,0.12697016485099,0.733906488812114,0,0.042936921958729,0,0.110263317620181,0,4.43094892169153,0.00198965227269864,0.00024616540053388,2.01195393878427,1.36605291787551,0.0698740448958234,0.00285709339767492,0.238586939394971,7.19664353956559e-05,0,0.00184931548911073,0.140282725038123,0.00540981272585311,0.132021229862278,0.138891490130588,0.278589567401565,0.0506285030707986,5.02965744403703e-05,0.000135483928973804,0.000983796553253257,0.00510269132162678,0.00132957435125627,0.000503777681317124,0.000856687038179439,0,9.58010084176723e-05,0,0,0,4.46952248658872e-05,0,0,0,0,0,0,0,0,0,0.000177282067743284,0,0,0,0,0,0,0,0,0,0.000176801432414637,0,0,1.90395562569457e-05,0,0,0,0,0,0,0,0,0.0015510483583162
0.0044211225651454,0.00032442930004536,0,0,0,0.0271001906024784,0.0504718441411297,0.00681500936301833,0.529394075904708,1.16320528672399,4.47327307082431e-05,1.90539487445074,0,0.00167252136064237,0.00815131373133759,8.09719480411326e-05,0,0,0,9.90033008652188,0,0.00144647641366049,4.28002956681032e-05,3.92873858386999,0,0,0.000115199975928373,1.43283383834251,0.00213229748674975,0,0,0.000396010765666991,0.000436058143440407,0.00116501859160353,0,0.00237810243494544,0.000128448806163418,0.00243927973150494,0.000409464420119045,0.0120378557042712,0.000241687807809303,0.000103864346062132,0.000288991554742442,0,0,0,0.000960876393182514,0,0,0,0,0,0.387137005784736,0,0,0,4.83909640173544e-05,0.0170786508159881,0.00160066019691079,0,0.0691128989000395,0,0,0,0,0,0,0,0.152893268948922,0,0,0,0.0109457501904934,0,0,0,0.000908741904370931,0,0,0,0,0,0,6.20047134283514e-06
0.00161502769561499,0,0,0,0,1.47600851320434,0.000172054787360824,0.350859017005095,0.00036198854653189,5.20260116742485e-05,0.0602510926248896,0.00417527031374688,0,0.0277187224096012,0.0111648768390677,0.000724142089466749,0,0,0,0.000954089962650555,0,0,0.000307700949581787,3.82307691278107e-05,0,0,0,0,0.098583638598969,3.81402352961078e-05,0,0.775164418847067,0,0.0203228161286544,0.0242779049421325,0.000715446524657453,0.000552660195703615,0.00284726349364396,0.00372931854207262,1.24277709123194,1.27142115199883,0,0.000327610133261927,0,0,0,0,0,0,0,0,0,0,0,0,0,0,0,0,0,0,0,0,0,0,0,0,0,0,0,0,0,0,0,0,0,0,0,0,0,0,0,0,0.000824541026872123
0.0193244686578347,0,4.08762746675713e-05,0.0271001906024784,1.47600851320434,0,0.145354935723096,1.43304820283095,0.0364148055391217,1.16887188208356,0.00951698709019447,1.69127944400298,0.00165579175477338,0.2133629468039,1.48455609180815,0.000665026838730991,0.000235101751873967,0,9.18823353216621e-05,0.15898563183206,6.08446706465934e-05,7.57799972790204e-05,0.000136559679078774,0.0624442972313414,0.000253466233750011,0,6.79215915301758e-05,0.015204418846259,0.199463337085893,0.000477275897687879,0,0.191876528502423,0.000612036234542184,0.0479406163805372,0.372678449478449,0.0152470039879259,0.00164801185703702,0.0673151449224768,0.0117988530512898,0.613044349756251,0.282260649040979,0.001471859589398,0.0003163432957299,0.000164469012342559,0.000305225625170213,0.000120287520286124,0.00161154086068255,0,5.06366291102931e-05,0,0,0,2.7438001998243e-05,0,0,0,6.04864858848764e-05,0.00253373810388589,5.56012973445172e-05,0,0.000784481952633859,3.52095134671659e-05,0,0,0,0,0,0,0,0,0,0,0.00239687210657311,0,0,0,0,0,0,0,0,0,0,0.000443523635755274
0.732624710434911,0,0.0753319449798144,0.0504718441411297,0.000172054787360824,0.145354935723096,0,0.370628626243565,0.000973072807510235,1.92441028657251,0.000862731108512355,0.0179912680158982,0.000610959651666837,0.979930258286354,0.00535539961929536,0.0336161551503595,0.0269927451279623,3.49588909710271e-05,0.00168125719357685,0.212061967856162,0.0359383999008183,0,0.0744157706043293,0.407212751800109,7.95140028106728e-05,0.0119545777313024,0.000863109360831031,3.00284672800008,0.115999629641683,2.12392167191002,0,0.0013735758370744,0.0210229011268799,0.0542826368286007,0.000147767910182614,0.0467284556496649,0.00261818764091909,0.0566048664019972,0.0158254320429593,0.00107157536222785,0.00309296083387581,0.000836637325972489,0.000359309573338016,0.000141642322415512,2.92656814835637e-05,5.29557330684403e-05,3.64600094304463e-05,0,6.28269158287377e-05,0,0,0,0.000138515521944476,0,0,0,0,0.000121216736696004,0,0,0,0,0,0,0,0,0,0,0,0,0,0,0.000236773732988052,0,0,0,0,0,0,0,0,0,0,0.000130119646327014
0.107572154206624,0,0.000511922973229102,0.00681500936301833,0.350859017005095,1.43304820283095,0.370628626243565,0,0.00255004888699636,0.517776341539802,0.0134772548500294,0.0555769628022464,0.00140507456579064,3.18210727256123,0.0369545225184044,0.000612230162922358,0.00165481938191751,0,0.000184299683924897,0.0410109712762377,3.13390932216448e-05,0,0.00107161900676113,0.0269679771532133,0.000243710654572478,0.00044548702734402,0,0.01403662765001,0.369872027609313,0.00495987719235137,0,0.228264014278774,0.00156091376098146,0.057881481265434,1.59561725774067e-05,0.0161929153753729,0.0037709191445983,0.0874134179279367,0.0158112091533813,0.0409894724971567,0.145431163243091,0.00153591743405024,9.72116152107933e-05,0.000179373671841102,5.03659198697343e-05,0,0.000251645581119911,0,0,0,0,0,0.000255429106477734,0,0,0,0,0.000219527686243879,0,0,6.69233039237577e-05,0,0,0,0,0,0,0,0,0,0,0,0.000146210665720486,0,0,0,0,0,0,0,0,0,0,0.000105202662052039
0.000763846279056147,0.142456424827477,0,0.529394075904708,0.00036198854653189,0.0364148055391217,0.000973072807510235,0.00255004888699636,0,0.00545187341780756,0.00123276078215458,1.74216122134379,0.0198244065775253,0.000611197248391923,0.686384724977511,0.0727994439327128,0,0,0,0.253173588556012,0,2.10963373085047,0,6.84141741197966,0.0790493188764405,0.000289561593752384,0.0527926216255503,0.00302831817403422,0.000642479816814402,0.000336555231799928,0.00490600640233143,0.000481885719265556,0,0.00132002818406892,0,0.258618635450438,0.00682927275046125,0.00123696328574203,0.000169924780252906,1.48628648410092,0.00014175911172161,0.0103201059700619,0.00868663936174533,0.000311259751338382,0.00102703069735156,0.000898856071343487,0.05840560301796,0.000443241014503866,0,0.00121323251035166,0.0106457835151467,0,0.00174744282873137,0,0.000366093021955883,0.00071469705401514,0.000516858855682994,1.02943698118421,0.000168440087272549,0.000433445779189975,0.0129125124887136,0,0.000560258220882057,0.00027816706125104,0,0,0,0,0.00162351145123301,0.000239339594811332,0.00146772091977918,0,0.117480798245686,0.00341022276129156,0.000116249589167007,0.00340266546587345,0.00194743997224675,0.00212369732804478,0.0016727194647947,0.000369210972500891,0.000263339523559506,0,0.000733354910503276,0
0.0377205279704885,0,0,1.16320528672399,5.20260116742485e-05,1.16887188208356,1.92441028657251,0.517776341539802,0.00545187341780756,0,0.000143159072373087,1.22713069447908,2.83992542261975e-05,0.124583591901146,0.0108469755424343,0.000109341833658062,0,0,5.41187427157835e-05,2.22149685795551,8.8795765754492e-05,0,0.000314954953262323,0.180136503469707,2.64820606617039e-05,0,2.8529521905696e-05,1.09157476472572,0.0183148753805481,0.000211337957966513,0,0.00052170349390419,0.00164163524061771,0.00794131700378008,5.40644046000333e-05,0.00932346297286657,0.000326144336888554,0.0122286228147767,0.00444341447677633,0.00433165067838762,0.00113099261214194,0.000295267629826566,5.17461442001155e-05,2.82844132807037e-05,0,0,0.000204857891256708,0,0,0,0,0,0.000468865412934939,0,2.65181029232538e-05,0,0,0.00107878644174911,0,0,0.00279845108275827,0,0,0,0,0,0,0,0.000100078562067635,0,0,0,0.000823207854546598,0,0,0,0,1.85695322576729e-05,0,0,0,0,0,2.58357270791191e-05
0.00488405033904232,0.0131026467532587,0.00111744129810001,4.47327307082431e-05,0.0602510926248896,0.00951698709019447,0.000862731108512355,0.0134772548500294,0.00123276078215458,0.000143159072373087,0,0.000471102962631632,3.80378830560162,0.00511127692900166,7.39823381469759e-05,0.0014816808754429,0.0237831545675547,2.24268734091327,0.399632916130024,0.00013404332678147,0,0.00316875135820302,0.00214504568400718,0.00119471571195844,0.461026939576427,1.07008098120018,0.0414332002462617,0.000358405293559401,0.0276828109058605,0.000654829883243372,1.08151483073943,0.153117923642723,0.000985378591446158,1.46076236260684,4.49413785374158e-05,0.0112582626935166,0.776979988103583,0.890708280619693,0.0499414049542853,0.0040932121621582,0.11278915734664,0.392808878771175,9.36178306869748e-05,0.000912753136914886,0,0.000309015998479226,0,0,0.000513167863996467,0,0,0,0,0,0,0,0,0,0,0.000669031662702392,0,0.00356423062532282,0,0,0,0,0,0,0,0,0,0,0,0.00525555942854095,0.000911214738133549,0.000832620453174938,0,0,0,0.00108270089011419,0,0,0,3.22799538583303e-05
0.0112229190086082,0.000157110552665082,4.11285213530082e-05,1.90539487445074,0.00417527031374688,1.69127944400298,0.0179912680158982,0.0555769628022464,1.74216122134379,1.22713069447908,0.000471102962631632,0,0.000128154412801661,0.0114418883918127,1.37559864611884,5.19709539209489e-05,0.000193337342136994,0,0,5.52693581783461,0,0.000207174093200422,1.70305342788481e-05,0.551185853948744,4.43372928212878e-05,0,0.000243272774144365,0.0203557458041494,0.0192607129483664,2.09771105571057e-05,0,0.00370014852393807,0.000353361661822508,0.00583012211370451,0.167349094317736,0.00875168984170696,0.000765556452573556,0.0178441885866978,0.00361331644430007,0.35686340607561,0.00347384905788203,0.000600795392310741,0.000863817743047704,0.000155729066065995,5.19165245153538e-05,0,0.00698914302719414,0,0,0,0,0,0.00106048026882937,0,3.33256193370507e-05,0,8.27779698922373e-05,0.0194457274137399,0,0,0.00224660030740508,0,7.74073095792937e-05,0.000129376625154659,0,0,0,0,0.000787941496494512,0,0,2.43352125228903e-05,0.0102453476790128,0,0,0,0,7.99180541538927e-05,0,0,0,0,0,0.000416845001703909
0.00281900851460302,0.112478604145419,0.000576425419902723,0,0,0.00165579175477338,0.000610959651666837,0.00140507456579064,0.0198244065775253,2.83992542261975e-05,3.80378830560162,0.000128154412801661,0,0.00100423731654907,0,0.00341981673333768,0.000224764705090533,0.0542149839082814,0.00660591550400474,0.000248299955035768,0,0.0591575622634293,0.000796273811108848,0.00970186619399209,2.68682647861557,0.408450493004285,0.557197603956633,0.000172090296012762,0.00474982969046105,0.000279641015973678,3.8370035225814,0.00105930509977948,0.000730925821321197,0.0591178984147188,0.00016833261225656,0.202810865501844,0.47090968581472,0.317126334256738,0.448072374351124,0.00173200744476088,0.0352386787745099,1.36413157124632,0.00702381392757874,0.00573601296598032,0.00203443810023041,0.000228447038932392,0,0,0.00291355884607489,0,0.00161731641790851,3.93111206970984e-05,0,0,5.74093212314468e-05,2.86326679112747e-05,0,0,0,0.00672218186822819,7.65135668389788e-05,0.042903718844619,0,0,0,0,0.000215867459134714,0,0,4.29529535421382e-05,0,0.000167240276453083,0,0.113502720673852,0.0105112838835073,0.0155724683144919,0,0,0,0.024351499798112,0,0,0,0
2.8672259395011,0,0.00262388097147264,0.00167252136064237,0.0277187224096012,0.2133629468039,0.979930258286354,3.18210727256123,0.000611197248391923,0.124583591901146,0.00511127692900166,0.0114418883918127,0.00100423731654907,0,0.00208964350016087,0.000526812848969577,0.0134030265958738,0,0.00157562424242936,0.0119211766087939,0.000926499926714883,0,0.00588610930988922,0.00615445975778134,0.000297177319604797,0.000594228989348946,3.80785506405058e-05,0.0114209792082433,3.10961360611413,0.0780750612560672,0,0.0651122026977111,0.00448397429250839,0.0951731842914802,0.000221420945550183,0.0190935909215562,0.00710227171939905,0.116534475224697,0.017593384218589,0.00433370292869677,0.0232646862003898,0.00178124142517135,0.000206990898084744,0.000184031227321087,8.51767909450852e-05,0.00015286404908198,0,0,0,0,0,0,0,0,0,0,0,9.52885698310545e-05,0,0,2.38595189535648e-05,4.71674459649502e-05,0,0,0,0,0,0,0,0,0,0,9.64993891251265e-05,0,0,0,0,0,0,0,0,0,0,0
0,0,0,0.00815131373133759,0.0111648768390677,1.48455609180815,0.00535539961929536,0.0369545225184044,0.686384724977511,0.0108469755424343,7.39823381469759e-05,1.37559864611884,0,0.00208964350016087,0,0.00120823227907244,0,0,0,0.0440104074739947,0,0,0,0.0116321768910984,0,0,1.22165789184943e-05,0.000545358083131355,0.00195608099335944,0,0,0.00169430017364929,0,0.000538007814448912,0.30637600930292,0.00119611238164174,0.00238302962014478,0.00210725485955432,0.00115450387372207,1.42691065780203,0.00789422798047276,0.000113637616398418,0.000101397505248185,0.0017523127364364,7.39989751469038e-05,0,0.000101779062238586,0,0,0,0,0,0.000232356830266492,0,0,0,0,0.000278658054659542,0,0,7.84341071356264e-05,0,0,0.000229703871410233,0,0,0,0,0,0,0,0,4.46839684356591e-05,0,0,0,0,0,0,0,0,0,0,0.0050174921836928
0.00188171806108874,0.0253551574035417,0.12697016485099,8.09719480411326e-05,0.000724142089466749,0.000665026838730991,0.0336161551503595,0.000612230162922358,0.0727994439327128,0.000109341833658062,0.0014816808754429,5.19709539209489e-05,0.00341981673333768,0.000526812848969577,0.00120823227907244,0,0.0218810442983601,0,0.00893133892004537,0,0.874263938611005,3.08803002129284,2.7873319932638,2.73928630804649,0.00536558753785164,0.00634133015099837,1.34187735347381,1.04078298035743,0.00723377709394236,0.757980048904311,0.000291704974339141,0,0.00579599251328369,0.409816472927146,0.0163208556045651,0.833487922650335,0.471128827469957,0.796468311195217,0.166468412198762,0.0299176243744842,0.00788064621583874,0.002354581736202,0.017956532062337,0.0107882573788027,0.015093825060885,0.011768198979256,0.00189375865183438,7.12745227694723e-05,0.0006936630510938,0.0025148707387156,0,0.00029516423739499,0,0.00166756155763358,0,0.00029293105334989,4.81449487044934e-05,0.169168103552611,0,0.000460571664235374,0,0,0.00107600885051645,0.00316387691791944,0.0688209836895792,0.000309405362504529,0.000126495741734935,0,8.56056132336226e-05,0.00172244550644157,0.432984264994578,0.000429028685175841,0.0145416962087682,0,6.11518972185518e-05,0.000345746518243088,0.000138043916697347,0.0183600146760886,0.0380474679515769,0.000137683351486321,0,0.00506678552893122,0.0122889681249289,0.00303972632156956
0.0437868157621982,0,0.733906488812114,0,0,0.000235101751873967,0.0269927451279623,0.00165481938191751,0,0,0.0237831545675547,0.000193337342136994,0.000224764705090533,0.0134030265958738,0,0.0218810442983601,0,0.00069603258374646,4.71604501948377,0,0.0431452934646435,0,2.5426966285746,0.000343584731599181,0,0.59421008624068,0.00987937888690987,0.00486708675356129,0.239218093574629,0.220950172564637,0,0,0.0108079299022745,0.497486117683025,2.86243065416908e-05,0.00305705680768253,1.30914626791624,0.0991637363839533,0.0100605492123018,0,0,0.000109189618206895,7.84376389869716e-05,0,0,0,0,0,0,0,0,0,0,0,0,0,0,0,0,0,0,0,0,0,0,0,0,0,0,0,0,0,0,0,0,0,0,0,0,0,0,0,0,1.96738377715379e-05
0,0.00036415066408876,0,0,0,0,3.49588909710271e-05,0,0,0,2.24268734091327,0,0.0542149839082814,0,0,0,0.00069603258374646,0,3.24629815388139,0,0,0.000134445098163627,0,0,0.0268561832291079,1.18990980355879,0.00782139941042621,0,0,0.00016216981980364,0.124340005673546,0,0,0.00410115742324453,0,0.000134924282020606,0.0113965718870184,0.0066563874566905,0.00354189535626478,0,0,0.000493218118338344,0,0,0,0,0,0,0,0,0,0,0,0,0,0,0,0,0,0,0,0.00113452838473583,0,0,0,0,0,0,0,0,0,0,0,0.000760019087919395,6.34999583937089e-05,0.000120098474095665,0,0,0,0.000126613268323606,0,0,0,0
0.00440974984253293,0,0.042936921958729,0,0,9.18823353216621e-05,0.00168125719357685,0.000184299683924897,0,5.41187427157835e-05,0.399632916130024,0,0.00660591550400474,0.00157562424242936,0,0.00893133892004537,4.71604501948377,3.24629815388139,0,0,0.00144364351551106,0,0.0145542943859646,0,0.00176063168265038,2.89141453886579,0.00129948807059184,0.000645638036073667,0.00325907238056484,0.0150617441695393,0.0152150351695326,0,0.00275082358500233,0.653706335692664,3.88338947012221e-05,0.00688797741304204,0.269395287532734,0.122497256596266,0.0168344876783043,0,0.000786863722571785,0,0.00018095069865861,0,0,0,0,0,0,0,0,0,0,0,0,0,0,0,0,0,0,5.32361473212755e-05,0,0,0,0,0,0,0,0,0,0,0,0,0,0,0,0,0,0.000159210473552003,0,0,0,2.65191050409697e-05
0.0258413410083064,0,0,9.90033008652188,0.000954089962650555,0.15898563183206,0.212061967856162,0.0410109712762377,0.253173588556012,2.22149685795551,0.00013404332678147,5.52693581783461,0.000248299955035768,0.0119211766087939,0.0440104074739947,0,0,0,0,0,0,0,0,0.76278717356152,0,0,0,0.332439823786839,0.0141754105075562,0.000442695599655079,0,0.00133619967185971,0.00322313509511954,0.0101665984419538,0,0.0119741108117043,0.000249393382905745,0.0144617043779115,0.00843165627309944,0.025953635208007,0.00164215925279121,0.00114760634997586,0.000265141603650938,0,0,0,0.00285989385242053,0,0,0,0,0,0.0414658939995024,0,2.31310921775115e-05,0,0,0.0101022743146084,0,0,0.0242066434006759,0,0,0,0,0,0,0,0.0271640965204118,0,0,0,0.0045835642290551,0,0,0,0,0,0,0,0,0,0,3.65659645685918e-05
0.0028282320808872,0,0.110263317620181,0,0,6.08446706465934e-05,0.0359383999008183,3.13390932216448e-05,0,8.8795765754492e-05,0,0,0,0.000926499926714883,0,0.874263938611005,0.0431452934646435,0,0.00144364351551106,0,0,0.000515379340493675,6.86445918747357,0.0182678865439645,0,0.0103722493132,0.00581895975579009,1.7794089028389,0.380730047824518,2.2854014520896,0,0.000196007632423138,0.452653614337018,0.264082431637552,0.000394375826168328,0.00844243355940499,0.004069226503545,0.0508325315359273,0.0039124016209797,0.00044720405318571,6.40273256460075e-05,0,0,0,0,6.38849557267722e-05,0,0,0,0,0,0,0,0,0,0,0,0,0,0,0,0,0,0,0,0,0,0,0,0,0.000185258223949226,0,0,0,0,0,0,0,0,0,0,0,0,0
0,1.66466138135919,0,0.00144647641366049,0,7.57799972790204e-05,0,0,2.10963373085047,0,0.00316875135820302,0.000207174093200422,0.0591575622634293,0,0,3.08803002129284,0,0.000134445098163627,0,0,0.000515379340493675,0,0.00821850194235958,1.61082073927055,0.2703469690997,0.00132810258371876,0.95001811076362,0.00352957927549752,6.05448786267795e-05,0,0.00748440169406456,0,0,4.84876267554989e-05,0,0.00150635531276089,0.0237908271140336,0.000214194077447227,0,0.014752967406858,0,0.0149011754108469,0.00217403510837634,0.000762552820078206,0.0015918817470726,0.00245589708442215,0.000654133698281205,0.000317366819523757,0,0.00114621045262762,0.144635273790016,0,0,0,0,0,0,0.272121013737116,0,0,0,0.00127903906995525,0,0,0.526246149823096,0,0,0,0,0.000732623049144858,2.34367112502565,0.000426898755881578,0.00932313474738223,0.0149938710630553,0,0.0899541080590825,8.63484581846083e-05,0.00328938980824832,0.010639437353281,0.000136583636396133,0,0.000434528840667719,0.00227037085140262,7.43260696395396e-06
0.0125367418190123,0.000317185396827502,4.43094892169153,4.28002956681032e-05,0.000307700949581787,0.000136559679078774,0.0744157706043293,0.00107161900676113,0,0.000314954953262323,0.00214504568400718,1.70305342788481e-05,0.000796273811108848,0.00588610930988922,0,2.7873319932638,2.5426966285746,0,0.0145542943859646,0,6.86445918747357,0.00821850194235958,0,0.0573251031502874,0.000126176641566667,0.225985773093347,1.83655129205226,0.233418248370037,0.926253530409017,0.464421529748671,0,0.000635531744092071,0.215673582936026,0.395267698749542,0.00994369207883591,0.135001832899667,0.11789812645262,0.387910939701866,0.0547037472809724,0.00666110268171737,0.00165359111355611,0.000932219289340525,0.00580031221791224,0.00142145736717959,0.000286066149244507,0.000920224624154541,0,0,4.80234252179627e-05,0,0,0,0,2.15749950508927e-05,0,0,0,0,0,7.55115806855219e-05,0,0.000147297008655652,0,0.00126474338928838,0.00771865772702294,0,0,0,0,0.000433213378884631,0.000421870144838995,0,0,0,8.04926447560686e-05,4.5505439707378e-05,0,0,2.22402962861759e-05,0,0,0,0,0.00220355388655568
0.00499564348909284,0.0730250674994586,0.00198965227269864,3.92873858386999,3.82307691278107e-05,0.0624442972313414,0.407212751800109,0.0269679771532133,6.84141741197966,0.180136503469707,0.00119471571195844,0.551185853948744,0.00970186619399209,0.00615445975778134,0.0116321768910984,2.73928630804649,0.000343584731599181,0,0,0.76278717356152,0.0182678865439645,1.61082073927055,0.0573251031502874,0,0.0316295271161312,9.52910856974647e-05,0.109527783333691,4.29197945197702,0.00510944988227648,0.00213662927892435,0.0010019260481869,4.71846402651027e-05,0.000348662334956582,0.0020818905437927,1.4388593716464e-05,0.00540854585003418,0.0038173306469028,0.0033459642519447,0.000915658963396723,0.0662219209208288,0.000110373804273057,0.00253498521752241,0.000504862780729928,0,0.000243985529042837,0.00014916131227242,0.00841378667940905,0.000162459171814299,0,0.000329050938094151,0.00608687259055466,0,0.0697182672678878,4.56487886531533e-05,0.000216433230434182,0.000202336037590307,0.000523363968804996,0.260804242733698,0.000294967006907212,3.17405605656865e-05,0.00524487487144192,0.000137545380217712,0.000457259924950114,0.000304554096249509,0,0,0,0,0.0052946502670428,0,0.000153685088308906,0,0.254407147489927,9.62421775783425e-05,0,0.00173814350097745,0.00387133734329784,0.000903216702584657,0.000339212470608398,0.000140189162238728,0.00028893151826922,0,3.28674719183965e-05,0
0.000744211163364134,1.61059254272994,0.00024616540053388,0,0,0.000253466233750011,7.95140028106728e-05,0.000243710654572478,0.0790493188764405,2.64820606617039e-05,0.461026939576427,4.43372928212878e-05,2.68682647861557,0.000297177319604797,0,0.00536558753785164,0,0.0268561832291079,0.00176063168265038,0,0,0.2703469690997,0.000126176641566667,0.0316295271161312,0,0.0769806598137129,1.79348894597552,9.46311729476106e-05,0.000421270861545405,4.03193866131469e-05,0.276484382224,0.000127155309457137,0,0.0125062211031434,0.00010170286725507,0.0218883422545333,0.365797139786683,0.103945558622965,0.102545594413809,0.00138788998449989,0,1.22994073022038,0.00519051822336465,0.0271076195694846,0.0082794439513271,0.00330128167828805,0,0,0.0181097843970624,0,0.0631601421593016,0,0,0,0,0,0,0.000314272458340269,0,0.00966938975770368,0,0.0715580684221543,0,0,0.000288801411142348,0,0.00120895700793894,0.000211392030209723,0,0,0.000555893256675724,4.10899441793968e-05,0.00018928071268622,0.830191659527347,0.0393093965435868,0.373581531251325,0,0.000131936677058939,0,0.045734369399188,0,0,0,0.000153745217747795
0.0017746193289539,0.00226370851230804,2.01195393878427,0,0,0,0.0119545777313024,0.00044548702734402,0.000289561593752384,0,1.07008098120018,0,0.408450493004285,0.000594228989348946,0,0.00634133015099837,0.59421008624068,1.18990980355879,2.89141453886579,0,0.0103722493132,0.00132810258371876,0.225985773093347,9.52910856974647e-05,0.0769806598137129,0,2.33086494254772,0.00497479258996069,0.00138693259853356,0.0408619082238237,1.6904950573134,0,0.000104776360157309,0.0588054363969251,0.000166572714494705,0.00954162075145767,0.0979704429244359,0.0541575093477956,0.00986441987756188,7.19978819995653e-05,0,0.000417699619112444,0.000116382330275658,5.00967586312409e-05,2.30114674792669e-05,7.37476269047953e-05,0,0,0,0,0,0,0,0,0,0,0,0,0,9.2560537267139e-05,0,0.000976684937641052,0,0,0,0,0,0,0,0,0,0,0,0.00353715144844361,0.0004174211483892,0.0013468159313259,0,0,0,0.000867558353763688,0,0,0,0.00011402931279962
6.50826341904169e-05,1.9767547545848,1.36605291787551,0.000115199975928373,0,6.79215915301758e-05,0.000863109360831031,0,0.0527926216255503,2.8529521905696e-05,0.0414332002462617,0.000243272774144365,0.557197603956633,3.80785506405058e-05,1.22165789184943e-05,1.34187735347381,0.00987937888690987,0.00782139941042621,0.00129948807059184,0,0.00581895975579009,0.95001811076362,1.83655129205226,0.109527783333691,1.79348894597552,2.33086494254772,0,0.0080039717119064,5.76343662712355e-05,0.00214404286831373,0.546502785946013,0,0,0.0268868692494847,0.00206317835947279,0.0276964237024901,0.018387628488895,0.052352788128563,0.00677891211930211,0.00231303880940923,0,0.00343711984122904,0.00129809976720009,0.000417321945565355,9.38928260731423e-05,0.00012374812571199,3.39678627154392e-05,0,0,0,0.149366539292095,0,0,0,0,0,0,0.000241774611682674,0,0.000194018585930118,0,0.00397796752654813,0,0,0.01588386158278,0,0.000166918298428645,0,0,0,0.155501976788432,0.000168611617813688,0.000324163540065805,0.0680776068047535,0.0043114736913299,0.366664670539703,0,0,0,0.00138441288848721,0,0,0,0.000463863297344084
0.0125753153854534,6.8615596328786e-05,0.0698740448958234,1.43283383834251,0,0.015204418846259,3.00284672800008,0.01403662765001,0.00302831817403422,1.09157476472572,0.000358405293559401,0.0203557458041494,0.000172090296012762,0.0114209792082433,0.000545358083131355,1.04078298035743,0.00486708675356129,0,0.000645638036073667,0.332439823786839,1.7794089028389,0.00352957927549752,0.233418248370037,4.29197945197702,9.46311729476106e-05,0.00497479258996069,0.0080039717119064,0,0.0171613420207972,1.36397139972781,0,0.000193678533296087,0.00851862321432965,0.0472963523906674,0.000512951811078067,0.0146976057022841,0.0026379444051903,0.041793288868315,0.00529216419108396,0.0003776740841387,0.000709331259961893,0.000155686008775961,0.000365008921839677,0,0,0.000167156918391595,3.7626212482874e-05,0,0,0,0,0,0.0279453939374134,0,0,0,0,0.000156158233105577,0,0,0.00239190307751975,0,0,0,0,0,0,0,0.000767668077312055,0,0,0,9.54411968576e-05,0,0,0,0,0,0,0,0,0,0,7.09954475794848e-05
1.01470657621596,0,0.00285709339767492,0.00213229748674975,0.098583638598969,0.199463337085893,0.115999629641683,0.369872027609313,0.000642479816814402,0.0183148753805481,0.0276828109058605,0.0192607129483664,0.00474982969046105,3.10961360611413,0.00195608099335944,0.00723377709394236,0.239218093574629,0,0.00325907238056484,0.0141754105075562,0.380730047824518,6.05448786267795e-05,0.926253530409017,0.00510944988227648,0.000421270861545405,0.00138693259853356,5.76343662712355e-05,0.0171613420207972,0,2.30233172289093,0,0.577441212234203,2.03308875898602,1.53935336292021,0.000159442404226904,0.057799895879356,0.0118715828395268,0.426693219275309,0.0731754259229084,0.0277747952445965,0.210707763287355,0.00515933519382886,0.000690666099669264,0.000309137109621941,0,0.000109897854694977,7.17548290022482e-05,0,0,0,0,0,0,0,0,0,0,0.000226631486875582,0,0,0,0.000136231534337743,0,6.22102608994414e-05,0,0,0,0,0,0,0,0,0.000321963884974126,0,0,0,5.65466971973534e-05,3.25837649568636e-05,0,0,0,0,0,4.36575827662505e-05
0.193925272864487,0,0.238586939394971,0,3.81402352961078e-05,0.000477275897687879,2.12392167191002,0.00495987719235137,0.000336555231799928,0.000211337957966513,0.000654829883243372,2.09771105571057e-05,0.000279641015973678,0.0780750612560672,0,0.757980048904311,0.220950172564637,0.00016216981980364,0.0150617441695393,0.000442695599655079,2.2854014520896,0,0.464421529748671,0.00213662927892435,4.03193866131469e-05,0.0408619082238237,0.00214404286831373,1.36397139972781,2.30233172289093,0,0,0.000367340549162758,0.497402911479839,1.02180128180217,0.000637179955206172,0.0303824302567361,0.00701492793326242,0.0773371261762915,0.0115497863116035,0.000198610107207524,0.00107696275255088,0.000272185530897915,7.89188964688565e-05,2.88169402908349e-05,0,0,0,0,0,0,0,0,0,0,0,8.08792754904042e-05,0,0.000597378149944913,0,0,0,0,6.46156781190371e-05,0,0,0,0,0,0,0,0,0,0.000929267521358892,0,0,0,3.7791964212205e-05,0.000208040223734578,0.000235533192371681,0,0,0,0,0.00017833319185757
0,0.00859739356448744,7.19664353956559e-05,0,0,0,0,0,0.00490600640233143,0,1.08151483073943,0,3.8370035225814,0,0,0.000291704974339141,0,0.124340005673546,0.0152150351695326,0,0,0.00748440169406456,0,0.0010019260481869,0.276484382224,1.6904950573134,0.546502785946013,0,0,0,0,0,0,0.00200787077394709,0,0.000430458550657772,0.0107106819400321,0.00375409449697628,0.00547112602445452,0,0.000321025433280511,0.00232426306867675,0,0.000152095036266319,0,0,0,0,0,0,0,0,0,0,0,0,0,0,0,0.000334143501832369,0,0.000850013246636899,0,0,0,0,0,0,0,0,0,0,0,0.0153334081323065,0.00135946510730447,0.0016622427399064,0,0,0,0.000995813693966742,0,0,0,0
0.0109980859882918,0,0,0.000396010765666991,0.775164418847067,0.191876528502423,0.0013735758370744,0.228264014278774,0.000481885719265556,0.00052170349390419,0.153117923642723,0.00370014852393807,0.00105930509977948,0.0651122026977111,0.00169430017364929,0,0,0,0,0.00133619967185971,0.000196007632423138,0,0.000635531744092071,4.71846402651027e-05,0.000127155309457137,0,0,0.000193678533296087,0.577441212234203,0.000367340549162758,0,0,0.000710033271052332,0.187529927498725,1.70455061280073e-05,0.00486032981654146,0.00161731901175604,0.0475247624610571,0.0163834922436656,0.101391604721285,1.57488033604221,0.00296549131282511,4.90800571821309e-05,0,0,0,0,0,0,0,0,0,0,0,0,0,0,0,0,0,4.24757471531279e-05,0.000271713104971847,0,0,0,0,0,0,0,0,0,0,0,0,0,0,0,0,0,0,0,0,0,0
0.043231170653122,0,0.00184931548911073,0.000436058143440407,0,0.000612036234542184,0.0210229011268799,0.00156091376098146,0,0.00164163524061771,0.000985378591446158,0.000353361661822508,0.000730925821321197,0.00448397429250839,0,0.00579599251328369,0.0108079299022745,0,0.00275082358500233,0.00322313509511954,0.452653614337018,0,0.215673582936026,0.000348662334956582,0,0.000104776360157309,0,0.00851862321432965,2.03308875898602,0.497402911479839,0,0.000710033271052332,0,2.02422957842499,5.48476554367281e-05,0.00452426476613405,0.00110203558246726,0.0781930812433045,0.012695809961957,0,0.00188350081850932,0.000680365025746681,0,0,0,0,0,0,0,0,0,0,0,0,0,0,0,0.000343278421499871,0,0,0,0,0,0,0,0,0,0,0,0,0,0,0.000111031460430259,0,0,0,0,0,0,0,0,0,0,0
0.157260683058104,0.000931058644297322,0.140282725038123,0.00116501859160353,0.0203228161286544,0.0479406163805372,0.0542826368286007,0.057881481265434,0.00132002818406892,0.00794131700378008,1.46076236260684,0.00583012211370451,0.0591178984147188,0.0951731842914802,0.000538007814448912,0.409816472927146,0.497486117683025,0.00410115742324453,0.653706335692664,0.0101665984419538,0.264082431637552,4.84876267554989e-05,0.395267698749542,0.0020818905437927,0.0125062211031434,0.0588054363969251,0.0268868692494847,0.0472963523906674,1.53935336292021,1.02180128180217,0.00200787077394709,0.187529927498725,2.02422957842499,0,0.00175085974242141,0.211368880671655,0.617778981375827,3.4362004783371,0.323225709620766,0.00881177342694035,0.37964424826325,0.191646019406001,0.00351940742676105,0.000819237501089943,0.000206160178025094,0.00106403075167955,0,0,0.000136326027245694,0,0,0,0,0,0,0,0,0.000235498927402373,0,5.99108430468162e-05,0,0.000539307702380754,0,0.000833645760349546,0,0,0,0,0,9.26785158254072e-05,0,6.15025897696767e-05,0.000130998234237749,0,0,0,0,0,0.000115755231023806,0,0,0,0,0.000542452897243906
0.000132169795651722,0,0.00540981272585311,0,0.0242779049421325,0.372678449478449,0.000147767910182614,1.59561725774067e-05,0,5.40644046000333e-05,4.49413785374158e-05,0.167349094317736,0.00016833261225656,0.000221420945550183,0.30637600930292,0.0163208556045651,2.86243065416908e-05,0,3.88338947012221e-05,0,0.000394375826168328,0,0.00994369207883591,1.4388593716464e-05,0.00010170286725507,0.000166572714494705,0.00206317835947279,0.000512951811078067,0.000159442404226904,0.000637179955206172,0,1.70455061280073e-05,5.48476554367281e-05,0.00175085974242141,0,0.0374944685014496,0.0509197579772259,0.0311391898427788,0.0132934822602556,0.00333316784353778,0.000556628394870254,0.000468730661676722,0.0178833834765632,0.0432408946090768,0.0174801687517993,0.0101781346814647,0.00231267736710239,0.000888317627124316,0.000165665792323588,3.81558963365612e-05,0,0.00112465532304934,0,0.00201957522748962,0.0010494806465427,5.97533099911569e-05,7.80436051805652e-06,0,0,9.66697435091034e-05,0.00282662485995558,3.77637230405752e-05,3.18599585025789e-05,0.00652143049799789,0,0.000122954757848197,2.22617428645748e-05,0.000111528880488029,0,0.000794906189911662,1.60485605969739e-05,0.00318641768083439,0,0,0.000320068766048689,0.000109428299163603,0.000207807057807944,0.000201879448968275,0.000466683926781467,0,6.92304539301122e-05,8.36944326713252e-05,0.000735097458494682,1.40681501077936
0.0916233863338572,0.000797557500217663,0.132021229862278,0.00237810243494544,0.000715446524657453,0.0152470039879259,0.0467284556496649,0.0161929153753729,0.258618635450438,0.00932346297286657,0.0112582626935166,0.00875168984170696,0.202810865501844,0.0190935909215562,0.00119611238164174,0.833487922650335,0.00305705680768253,0.000134924282020606,0.00688797741304204,0.0119741108117043,0.00844243355940499,0.00150635531276089,0.135001832899667,0.00540854585003418,0.0218883422545333,0.00954162075145767,0.0276964237024901,0.0146976057022841,0.057799895879356,0.0303824302567361,0.000430458550657772,0.00486032981654146,0.00452426476613405,0.211368880671655,0.0374944685014496,0,5.17333171739479,0.785346058249234,0.796378533263566,0.501063111132324,0.0438390174592459,0.0662345478525148,0.138867593831486,0.0830037445722562,0.0134713937682931,0.0212502372207953,0.0173902738138643,0.000618078358181177,0.00343848509223779,0.000266507866977657,0,0.000721405794810996,0,0.000598961304941345,8.99071210677038e-05,0.000166044485066041,0,0.0120102365385918,0.000193960230866259,0.00124102686331655,0.00265506346900379,0.00272102540259507,3.03358328624147e-05,0.000264218667939205,0,0,3.1559100372548e-05,0.00013357970867825,0.000165861746640757,0.000242818914117273,0,0.00379841185259348,0.00524794403460671,0.000165035756887168,0.000227152509228177,0,0.000104858754813933,0.00020431290714018,0.000270312979940013,0,0.000121571576220308,0,0.000703456518704533,0.0073021651663926
0.0129854530092201,0.0488739305925181,0.138891490130588,0.000128448806163418,0.000552660195703615,0.00164801185703702,0.00261818764091909,0.0037709191445983,0.00682927275046125,0.000326144336888554,0.776979988103583,0.000765556452573556,0.47090968581472,0.00710227171939905,0.00238302962014478,0.471128827469957,1.30914626791624,0.0113965718870184,0.269395287532734,0.000249393382905745,0.004069226503545,0.0237908271140336,0.11789812645262,0.0038173306469028,0.365797139786683,0.0979704429244359,0.018387628488895,0.0026379444051903,0.0118715828395268,0.00701492793326242,0.0107106819400321,0.00161731901175604,0.00110203558246726,0.617778981375827,0.0509197579772259,5.17333171739479,0,3.29866227054804,1.38101227943803,0.0243072960970914,0.00930810798264451,1.00347302179367,0.0771839533404731,0.029482212386489,0.00715964125778396,0.0209984033095243,9.95626267894303e-05,5.7350778678981e-05,0.00746725409924024,0,0.0006646603204563,0.000373039968387565,0,0.000373442300728034,0,0,0,0,0,0.00165554340951629,0.00018961605535182,0.00489931924791501,0,0.0106725287145048,0.000172065267886462,4.63641693908756e-05,4.72059755786342e-05,4.37483624895242e-05,0,0,0.000271801970629627,0.00100467275936815,0,0.00131130152892142,0.000169534086124824,0.000370503850064945,3.59849978053329e-05,0.000181545271617886,0,0.000637434242989688,0,0,0.000233842481570269,0.0165829551265545
0.230462239042986,0.000536466606743089,0.278589567401565,0.00243927973150494,0.00284726349364396,0.0673151449224768,0.0566048664019972,0.0874134179279367,0.00123696328574203,0.0122286228147767,0.890708280619693,0.0178441885866978,0.317126334256738,0.116534475224697,0.00210725485955432,0.796468311195217,0.0991637363839533,0.0066563874566905,0.122497256596266,0.0144617043779115,0.0508325315359273,0.000214194077447227,0.387910939701866,0.0033459642519447,0.103945558622965,0.0541575093477956,0.052352788128563,0.041793288868315,0.426693219275309,0.0773371261762915,0.00375409449697628,0.0475247624610571,0.0781930812433045,3.4362004783371,0.0311391898427788,0.785346058249234,3.29866227054804,0,2.77389504090582,0.0594551159372805,0.373743162712592,1.40634994101845,0.0242709957341446,0.0167565521045808,0.00564420086453449,0.0136911911088388,0.000129582946654244,0.000136153907366818,0.00463502175393247,0,0,3.14104277901687e-05,0,0.000320234153246383,0,2.14940236296625e-05,0,0.000513359929234399,0,0.00126706980116773,0.00010447953324999,0.0057322213770819,1.8714065586204e-05,0.00875018772991042,0,0,0,4.02833177857911e-05,0,2.70953716252878e-05,0,0.000777425214746086,0.000477156762368514,0,0,0.000121081777433911,0,6.19581960819345e-05,8.71730041538451e-05,0,0,0,3.54775539053698e-05,0.0139139349906087
0.0836150396419717,0,0.0506285030707986,0.000409464420119045,0.00372931854207262,0.0117988530512898,0.0158254320429593,0.0158112091533813,0.000169924780252906,0.00444341447677633,0.0499414049542853,0.00361331644430007,0.448072374351124,0.017593384218589,0.00115450387372207,0.166468412198762,0.0100605492123018,0.00354189535626478,0.0168344876783043,0.00843165627309944,0.0039124016209797,0,0.0547037472809724,0.000915658963396723,0.102545594413809,0.00986441987756188,0.00677891211930211,0.00529216419108396,0.0731754259229084,0.0115497863116035,0.00547112602445452,0.0163834922436656,0.012695809961957,0.323225709620766,0.0132934822602556,0.796378533263566,1.38101227943803,2.77389504090582,0,0.229399772914608,0.336857574006692,0.975501694937705,0.0588293645646418,0.0653691642817965,0.0118644824360931,0.0158917146544519,0,0.000414056568428784,0.00586023955094473,0,0,0.000799049266688272,0,0.000299158606776092,0,0,0,0.000361452944463592,0,0.00276060623249238,0,0.0179746308824715,6.13916849242606e-05,0.0031086911045487,0,7.21265854610603e-05,0,0.000145840591704798,7.47465809660128e-05,0.000353395976979333,0,0.00215832309440402,0,0,3.81557511554013e-05,8.41808857247432e-05,3.47420750206968e-05,0,0.000128409432102915,0,0,0,0.00080937177582413,0.00607193915003359
