0,0.00846244503965994,0.146951614475782,0.0142661765314078,0,0.00435542952703032,1.19078054643961,0.5073189771898,0.0456526420583884,0.010623603392118,0.00290983518393005,0.000145599484211114,0.00191087091018394,5.85712129729308,0,0.00115233918360049,0.114675500861784,0.00660217732217169,0.0467891046190162,0.00283786272284921,0.0131042072312036,0.00542119945499554,0.0174366493574318,0.0406543336932012,0.00172345016982068,0.0351047201336278,0.0251185605151454,0.0760026303681684,0.47322972137929,0.883965871140912,0,0.00241942466481708,0.052956932225917,0.115100299818531,0.00016488919794192,0.00538342943068593,0.00540911643981831,0.048304355651374,0.0135146043487764,0.00682862700038904,0.00113998111538543,0,0.0042649845169126,0.000807808597566316,0.00740743430136213,0.00488546547713652,0.00176403473616547,0,0,0.00515411780737604,0.000587824043923033,0.00187489979830598,0,0,0.000300838970450053,0.000924773303276636,0,0.014563861918266,0,0.000337038441947102,0,0.000158185809148914,0.00102402350490483,0,0.00326664334498176,0.000858272172004414,0,0.000135122912254034,0,7.15990762851278e-05,0.000399729403840289,0,0.0173760212489583,0.000271029179698444,0.000837876242035796,0.00103017059769837,0.00173465115837624,0.00634336701882223,0.00551394220349576,0.00010451425939762,0.000399591698785519,0.0148352011030061,0.00679787036144597,0.000221637447094042
0.00846244503965994,0,0.521588416825494,0,0,0,0.00693257479434159,0.00472658856042075,0.187005003427641,0,0.0118552272472666,9.15004144071575e-05,0.0111508365585233,0.00461546528406314,0.000539093683442271,0.247598400272528,0.397610543920304,0.0123954240567242,0.239652791011239,0,0.00473996931963731,2.69495475721055,0.0133071406523412,0.145916060918464,0.97132506219316,0.451558930480805,1.17320916660915,0.0177222769059877,0.00569587616785723,0.00886196754353217,0.000187198013607854,0,0.00656697259958246,0.184071833232599,0.00208866927398515,0.0952332019240991,0.172860244962594,0.199836925647485,0.217783792703366,0.0082739591477495,0.0482785463632982,0.00260654605014574,0.0415931853560717,0.0627285515426653,0.068562329044275,0.0661209067311343,0.00885745583462084,0.00415642890536806,0.00127970688052361,0.00131990164600285,2.66286143706752,0.0376258684118403,0,0,0.000143860188728703,0.00138592093546479,0,0.223095877305809,6.05651694059691e-05,0.000691217147952224,0,0.0124651553611073,0.000660516853904838,0.000610366142001828,0.0965067550620071,0.0703939035809392,0,0.0225062816850541,0,0.000671860630172273,0.736035169184996,0.0102559338518069,0.0808650891156887,0.616874029199114,0.117054293898611,0.575307815624981,0.000294635313587923,0.000846977448764768,0.00115563041791276,0.00161956306322603,0,0.00184847096760171,0.0254238792426036,0.00285224011695464
0.146951614475782,0.521588416825494,0,0.00237281481080165,0,0.00203815599812938,0.376243941428461,0.0735037058204066,0.00570757328732681,0.00257163825452111,0.00383276823173233,0,0.00581811432081224,0.0719094517977711,0,0.0197248990200949,2.96294098177064,0.0086634545104675,0.179798288320554,0,0.423352987544731,0.0346348474908342,4.46813576409619,0.00816833754930862,0.00269278264694525,1.68608149233068,2.27656658432432,0.202942210416318,0.0219108324604446,0.523137794593534,0,0.000260101080562403,0.00946247130514497,0.121008064851808,0.00216611518756019,0.0549218038125461,0.0393756255863326,0.153768566994844,0.067505706246309,0.00995623442499016,0.0241700933443429,0.00079989345927531,0.0117408533567585,0.0127964807397404,0.0302705502271215,0.0156844736213886,0.0034366552337967,0.001799698551497,0.000711202516615289,0.00102920251208738,0.022146292779983,0.0226926693451574,0,0,0.000414704598203288,0.000313685652673892,0,0.00509734735055934,0,0.000606478694896743,0,0.00103372141250181,0.000396624120780815,0,0.00500734993603652,0.0270750831350104,5.86378945872045e-05,0.00270744637277334,0,0.000142632222387067,0.00983344423408549,0.00500331177734306,0.00164534212848215,0.00418323887927113,0.0161325693514746,0.0763646535728943,0.000138914661736358,0.000626507700032505,0.00109437144872735,0,0,0.000565917387814585,0.010188636380147,0.00361964145694187
0.0142661765314078,0,0.00237281481080165,0,0,0.053987254593179,0.0986614539033517,0.0478194638431746,0.434924498888932,1.35535314421165,0.00111648404928932,1.3642476919847,0.00249882367636164,0.0252251411147868,0,0,0,9.47699142986019e-05,0.000260769614781976,13.8076146923049,0,0,0.000204939226673967,5.99860561291307,0,0.000427481697449201,0.000467789072038961,1.79703432365354,0.0329088481653243,0.000728356710721942,0,0.00306640419617763,0.00559675407941443,0.0342360794371402,4.9422705978406e-05,0.00828004069002106,0.00193877424674992,0.0360691357184574,0.0281865407892227,0.0136337933529485,0.00526071934113165,0,0.00127876598040323,0,0,8.30448982543242e-05,0,0,0,0,0,0,1.87073657036248,0,0.000158761222267071,0,0,0,0,0,0.695554669670909,0,0,0,0,0,0,0,0.310684812198576,0,0,0,0.00388519721183086,0,0,0,0,9.98063438015871e-05,0,0,0,0,0.0001613140990398,1.91086506332785e-05
0,0,0,0,0,0.385216801133547,0.000426941931442333,0.12844280779133,0.000115181272570958,0.00010865946449664,0.000408653659704092,0.000187973692571553,0.000102962670517168,0.0526876664056341,0,0,0,0,0,0,0.000115393442707931,0,0,0.000114842174201079,0,0.000116910465861764,0.000111087062007825,0.000391145243113093,0.116244660044036,0.000343729258808257,0,3.15638040151427,0.00146164388474153,0.29023783736568,0,0.000977195396631443,0,0.0230814449108099,0.000825069097356079,0.722789537194989,2.2885485500723,0,0,0,0,0,0,0,0,0,0,0,0,0,0,0,0,0,0,0,0,0,0,0,0,0,0,0,0,0,0,0,0,0,0,0,0,0,0,0,0,0,0,0
0.00435542952703032,0,0.00203815599812938,0.053987254593179,0.385216801133547,0,0.374487892629823,3.02172605453188,0.0864742396487427,1.18260822488153,0.0240993058892487,3.60273816599439,0.00752396567003474,0.242360857082091,2.11410856982726,0,0.000606620448958157,0.0020920060432012,0.00105654229843761,0.0176009475422393,0.000285474434546533,0,0.00103904836228752,0.137112228371545,0.00240623754173156,0.0117282879358894,0.00240910983671883,0.206422695841568,0.238115614603117,0.00106780645775186,0.000815433022140661,1.10103278868356,0.00205247463439151,0.648262311473623,0.275439671918917,0.00747760785120391,0.00509706212429768,0.105216749956786,0.00822728681245105,1.11661082394317,0.19724990638038,0.000216955869160007,4.08772170658617e-05,0.000519196829530543,0.000891083510496861,0.000445936836515235,0.000220257311450672,0,0,0,0,0,0,0,0.00124394107008753,0.000435362021708026,0,0.000223797578002633,0,0,0,0,0.000365204265227631,0,0.0002652099059657,0,0,0,0,0.000102487105674488,0,0,0.00127272631538565,0.000109860821276331,0.000161349496719571,0.000498348063587962,0.000280158512971907,0.000649868919054627,0.000371311093308874,0,0,0.000482003933260952,0.00264725176585189,0.00322990833709606
1.19078054643961,0.00693257479434159,0.376243941428461,0.0986614539033517,0.000426941931442333,0.374487892629823,0,0.454164426169584,0.119385847783981,1.92316846746004,0.0035453133647972,0.0042974011915541,0.00313085937236546,2.09106398952685,0,0.00560881135285257,0.0372237472740065,0.00139367218592141,0.00778115049837453,0.0082254780876256,0.094518316310715,0.01504289547988,0.170958769722199,0.347008637303124,0.000649379816234981,0.0222550847553302,0.122472436787228,5.74105172825095,0.108774216130999,1.85967097471343,0.000154253806458151,0.00207274864174817,0.0206644106006353,0.0919755303989764,0.000924447148751203,0.0243866308891448,0.00696437808223746,0.0936160775347336,0.0390975321658153,0.0169837262472225,0.00940373417686179,0.0001547921002096,0.00499872569000738,0.00083483220922412,0.00572890318079075,0.00497048444497026,0.00208276667987019,0.000521233545393731,0,0.0045753259315754,0.000910119581226599,0.000654511968512964,0.000261429109101853,0,0,0.00138327160600484,0.00030666129586023,0.0045215565631953,0,0.000157232568602301,0,0.000104174419550952,0.00224409916432028,0,0.0088528749533729,0.000127908570638881,0,3.00163753917098e-05,0.000501722521599463,0.000323072652559653,0.00193734424565675,0.0023464815946798,0.00490530894895881,7.91581508208052e-05,0.000328343393113217,0.00885062911443824,0.00250715159180735,0.00652215103542201,0.00289913508749728,0,0.000397659650543468,0.00537442668194801,0.0107043991698088,0.00129667079848451
0.5073189771898,0.00472658856042075,0.0735037058204066,0.0478194638431746,0.12844280779133,3.02172605453188,0.454164426169584,0,0.0630519712767353,0.460220769807824,0.0165533914119804,0.0360876094840978,0.00464802621223579,2.69663611633615,0.00230696981158806,0.00157763358469144,0.0628092046914425,0.00517964670056251,0.0299485631400034,0.00712874203780723,0.00903503046867945,0.00361239351840445,0.0118616554570141,0.102824978300294,0.00277960371163263,0.0392493455012855,0.0241084946865598,0.153312122411924,0.298729811631361,0.165158908411241,0.000123940512205393,0.255274022076703,0.0179036727552638,0.473776604366016,0.000157109860385162,0.00431505416001405,0.00472695738628639,0.102330381042605,0.0067847872641151,0.0914443445956791,0.0987640769914725,0.000360822095319497,0.00382103695258294,0.000970185126031911,0.00529073904309282,0.00222845540036357,0.00152454570914817,0,0,0.00799681401401617,0.000235139206997938,0.000523130775824245,0,0,0.000458535253023943,0.00323917035515407,0.000107161672061972,0.00877501944686264,0,5.89171497260982e-05,0,4.07444018637746e-05,0.00225785793363833,0,0.00416660118537836,0.000271733837964895,5.27562624680388e-05,0,0,0.000338621812380677,0.00181290193488856,0.000551404226352095,0.0253244052941992,3.06226673941565e-05,0.00130662725535854,0.00117958918573205,0.00331005709435695,0.00780675483282276,0.00775555602257587,0,0.000426302395367215,0.00992544822270795,0.00725728248680594,0.000342000208627527
0.0456526420583884,0.187005003427641,0.00570757328732681,0.434924498888932,0.000115181272570958,0.0864742396487427,0.119385847783981,0.0630519712767353,0,0.104667561657557,0.00361803569294473,2.70013597841816,0.003728428890449,0.0411520603130714,0.105270754841874,0.00391272834640573,0.00622436145189733,0.00148234920480091,0.00821087486210558,0.655887115238519,0.00197765217249363,2.46356252203034,0.00251681623442222,4.99005348374814,0.0920022078866258,0.0144275044553199,0.0405666104584634,0.20423150393268,0.0446946841221851,0.0708622990273843,0,0.00340517684868565,0.0389621753378799,0.0539078688948804,0.0298621502575752,0.0904549078290357,0.00421329269303239,0.0635185868700897,0.0616507023528554,1.55623291182224,0.00790126436381933,0,0.0159846962982125,0.00768496090221104,0.0271994802126915,0.0309587178290835,0.00818926373082667,0.000282672509967466,0,0.0257964475003349,0.000450147131328554,0.000896469257170062,0.00025006657529893,0,0.00257160883291903,0.00588418766230423,5.85534059282158e-05,0.38683968440233,3.92486836568592e-05,0.000847912712791464,0.00447129775356863,0.00014180047021741,0.00547613332620442,0,0.0686498918387618,0.00102642136984264,0,0.000367535068590082,0,0.00440888051961733,0.216341500549321,0.00277466683736565,0.0833501363251783,0.000854950406410985,0.00166711140527973,0.00335302390974848,0.00314595992367416,0.0218208623473492,0.0413005957522983,0,0.00090605604648554,0.0649583785866671,0.0251741076612824,0.0108644800790603
0.010623603392118,0,0.00257163825452111,1.35535314421165,0.00010865946449664,1.18260822488153,1.92316846746004,0.460220769807824,0.104667561657557,0,0.00330235572303538,2.02297578200746,0.00193323589137994,0.0696635897703577,0.000519458803784035,0,0.000343009686304084,0,0.000146532841566499,4.40095865388022,0.000295881439169285,0.000420909853476939,0.000236903941415151,0.113772365054305,0.00032092636484608,0.0012337783509381,0.00104106677077927,1.56738979422472,0.0636459873094043,0.000633595135707509,0,0.00252730930201808,0.00240821121011817,0.0829818800608825,0.106870929201789,0.0160576699733421,0.00119990136389289,0.0557429111413019,0.0154894505564926,0.0258077282232254,0.00349572734899689,9.40278174093256e-05,0,5.89779675950752e-05,0.000208850822255155,0,0.000581487257362689,0,0,0,0,0,0.00522840244776455,0,8.15805868811753e-05,0,0.000180363519868766,0,0,6.04060566474938e-05,0.000799172459994855,0,0,0,0,0,0,0,0,0,0.000163663379516022,6.976018419101e-05,0.000286772808337332,0,2.56209530891385e-05,0.000194274812140411,0.000266866494459074,0.00025325645239847,0.00028782131562528,0,0,0,0.000451372589728858,9.876354278005e-05
0.00290983518393005,0.0118552272472666,0.00383276823173233,0.00111648404928932,0.000408653659704092,0.0240993058892487,0.0035453133647972,0.0165533914119804,0.00361803569294473,0.00330235572303538,0,0.00166890514797429,6.59870610359565,0.0300613795594252,0.000229775648079616,0.00371750048554251,0.0681411386303736,4.61827465053903,1.71684569704624,0.000354800386440104,0.00133521171814234,0.00526570898925227,0.00771915035665361,0.00508201728578721,0.32697633275992,2.58758237491118,0.135802565827433,0.00616156921276369,0.0546160934374817,0.00457161151421982,0.48644974947426,0.00461309280370356,0.00577316199661505,1.75481831833764,0.000210466228687293,0.013888999398503,0.695128242942451,1.60149608856109,0.0219430927746845,0.00983843381377139,0.00129724830468892,0.995383485902988,0.0022978282266567,0.00853484881233137,0.00263450965225107,0.000477396857960581,0,0.000711518862973735,0.000290241560336326,0.000571611144187295,0.00102501435914654,6.35427204475174e-05,0,0,2.67102217232258e-05,0,0,0.000282532892892581,0,0.00182005142424864,0,0.00207825529905979,8.97040359559608e-05,0,0.000222148807695252,0.00086460449985936,0.000880009386741154,0.00135667445834865,0,0,0.000283554472720368,0.000298960852349301,0.000665557521506393,0.0218937693810711,0.0191137848102018,0.00636578875327352,0,0.000363532685946517,7.09396289224086e-05,0.00195831619416559,0,0.00108076749791824,0.0010395724956882,0.000503070719064831
0.000145599484211114,9.15004144071575e-05,0,1.3642476919847,0.000187973692571553,3.60273816599439,0.0042974011915541,0.0360876094840978,2.70013597841816,2.02297578200746,0.00166890514797429,0,0.000357667402374707,0.0140441234204714,0.464972568787493,0,0,0.000373834729134983,0,10.6251040970122,0,0,0.000381412167629241,1.14428707871573,0.000204605236668417,0.00100242039679932,0.0006008973017273,0.113948139910066,0.011989017508584,0.000397944855113218,0,0.00286887392020374,0.000643540685880579,0.0239666565812652,0.506365499531029,0.0114811743229478,0.00207833254864268,0.0104527878234184,0.00102177330230887,0.796691679282335,0.00129649185658759,0,0,0.000478418946435943,0.00093877704294365,0.00120289053095471,0.000797025911422759,0,0,0,0,0,0.00518318588210813,0,0.00161765640665789,0,0,0,0,0,1.32851839785027,0,0,0.000173119757914494,0,0,0,0,0.00166560951817703,0,0,5.74814114812387e-05,0,0,0,8.64144456756339e-05,0,0.000371518588752798,0,0,0,0,0,0.0134107759239329
0.00191087091018394,0.0111508365585233,0.00581811432081224,0.00249882367636164,0.000102962670517168,0.00752396567003474,0.00313085937236546,0.00464802621223579,0.003728428890449,0.00193323589137994,6.59870610359565,0.000357667402374707,0,0.0114745729735346,9.80885903215005e-05,0.0184657346097916,0.00410646393442306,1.03004244282144,0.0497730436261327,6.66645383157246e-05,0.0134609614129855,0.00428743757351563,0.0471799111561891,0.00517349239447587,1.08132846924042,0.829646708701985,0.558374245776628,0.0149098126222345,0.0227561058133858,0.00269300462552479,0.184244094082452,0.00274678423846107,0.00201972531167379,0.49930502507155,0.0101533690785547,0.310706566634027,2.52208693939128,0.940185037644759,0.525865327864172,0.00611034586731734,0.0348607886253642,2.10591344483812,0.0191390204410105,0.0737578625252722,0.00256584233995024,0.00121418708597235,0.00532691458425489,0.000993658062396719,0.262730900920097,0,0.000297293658040713,0,0,0,0.000741872567402531,0.000740503633886481,0,0.000694881981098737,0,0.00822733773091805,0,0.469759055168272,0.000167931558491884,0,0.00404057172495884,0.000563127832042644,0.000549814766353497,0,0,0.000279710864861826,0.000244416779047327,0.000999241941675098,0.00130275361396134,0.0310703304230948,0.0327339380272125,0.00710908894043457,0.000150835025891864,0.000574559453880071,0.00089741860547626,0.557672744248906,0,0.000347222843955341,0.00145633882821434,0.00535546697993238
5.85712129729308,0.00461546528406314,0.0719094517977711,0.0252251411147868,0.0526876664056341,0.242360857082091,2.09106398952685,2.69663611633615,0.0411520603130714,0.0696635897703577,0.0300613795594252,0.0140441234204714,0.0114745729735346,0,0.000577151836886115,0.0013304978260689,0.0583007946921388,0.0089457771860413,0.0287126800724877,0.0036908787990233,0.0072211417093387,0.00317427184574974,0.013255440317519,0.0614025860189563,0.00632960271286364,0.0442885463581286,0.0233406439452589,0.105098395802129,2.99175990210864,0.297275141161989,0.00142283222824089,0.156053222104176,0.0341857885702208,0.479822377366179,0.000176305351129688,0.00606939272101799,0.00866057542946547,0.146385681105515,0.00957515207975027,0.132866407758906,0.0403429452201199,0.000715821690573833,0.00416179481183109,0.00136806851887992,0.00663375394277753,0.00437273224837835,0.000587757461041588,7.59870279917318e-05,0,0.0081259054545941,0.00068778370117355,0.000475954484606343,0,0,2.90897347106096e-05,0.0035962018679931,0,0.00736714857349644,0,0.000333497019976542,0,0,0.00160134555722547,0,0.00703437834323512,0.000636831331288668,0,0.00014547540330456,0,0.000543069117913103,0.000793915056271022,0.00025954492016206,0.0183782692363384,0.000586909478394848,0.0015778764569309,0.00123456036830216,0.00208298736129773,0.00757363577580765,0.00626545560259768,0,0.000522754428152587,0.0106075592729966,0.00728226947525008,0.000163805834515521
0,0.000539093683442271,0,0,0,2.11410856982726,0,0.00230696981158806,0.105270754841874,0.000519458803784035,0.000229775648079616,0.464972568787493,9.80885903215005e-05,0.000577151836886115,0,0.000109841947755765,0,0,0,0,0,0,0.00135508315389836,0.000972034344021632,0,0.000197090029016899,2.29336279144862e-05,4.07897398787048e-05,0.00092939247343269,0,0,0.000114820590107669,0,0.00216556211229514,0.162251946274097,0.00959132101160442,0.00161638967768801,0.000153277297073474,0.00092345626582396,0.0303293690369669,0,0,0.00380685489767109,0.0045439595514866,0.00724827334786295,0.031247347606919,0.0358043916509165,0.0218855997793363,0,0,0,0.00147978467970538,0,0,0.00955140120292544,0.000236093458484809,0,0.000111965999793863,0,0,0.0104930339490224,0,0,0.00474243260564726,0.000278200787800619,0,0,0.000156028478938116,0,0,0,9.15492275585829e-05,8.09611909505686e-05,0,0.000348175660324932,0.00139337546789507,0,0,0,0,0,0.00094537281501568,0,0.0281331822117777
0.00115233918360049,0.247598400272528,0.0197248990200949,0,0,0,0.00560881135285257,0.00157763358469144,0.00391272834640573,0,0.00371750048554251,0,0.0184657346097916,0.0013304978260689,0.000109841947755765,0,0.0182084797836053,0.00129003293229555,0.0143853326692375,0,0.700718806593201,6.31811972932735,1.53183423811954,1.61401373646931,0.0148004651628099,0.0162788583945275,0.727237660760242,0.852968927196976,0.0043292957346341,0.0405200770592749,0,0.000628478801991903,0.00631454697482563,0.0986571777346755,0.0084910298323943,0.400903754817895,0.216614939734617,0.159552843145051,0.190657220914522,0.133149557678624,0.0368974144700657,0.00384538013507282,0.162952674204827,0.091027070834249,0.0662625372006201,0.131710809753201,0.0247898196889433,0.000799031551891073,0.00156760501951395,0.00783634403204293,0.00835535018981273,0.00616615340296135,0,0.000964965144741804,0.00264688243698499,0.00150682392657333,0,0.0457166439128584,0,0.000654459189547682,0.000263602661464697,0.000918486383016198,0.00142131672858604,0.00174801092464666,2.4561675659826,0.000992944849252733,0,0,0,0.00500840305613088,0.460726968477442,0.121279218142592,0.0462723168147092,0.00087492044771409,0.00223809179341807,0.0391321850368562,0.00220595720569182,0.0091634179775575,0.0174324467820391,0.000117171150058149,0.000138334231519422,0.0133200755936493,0.0143246801984924,0.0108205619555193
0.114675500861784,0.397610543920304,2.96294098177064,0,0,0.000606620448958157,0.0372237472740065,0.0628092046914425,0.00622436145189733,0.000343009686304084,0.0681411386303736,0,0.00410646393442306,0.0583007946921388,0,0.0182084797836053,0,0.146556467437456,3.67336902617989,0,0.0728791864848426,0.0532292783117964,1.61301468510267,0.00825411331891344,0.0253020483324015,0.919845828279158,0.851390568040667,0.023437863725075,0.054455644652261,0.199412843075522,0.000597216296103532,0,0.0249013016405509,1.90817184648276,0.000346186899529116,0.0208038951544667,0.251912497124733,0.207249803793917,0.0510527737909105,0.00355952984461455,0.0107099939812373,0.00179556815749837,0.0134727825863309,0.0278753455902178,0.029285630326457,0.0186020163382147,0.000652147669064068,0.000978750446688564,0.00128179420008423,0.00131070527775758,0.0299443220152778,0.0185210532740424,0,0,0,0.000197658877958401,0.000151994787246639,0.00432654555026613,0,0.00062819483902792,0,0.00212638504397877,0.000346981629128395,0,0.00267474596483408,0.029155465897654,0,0.00564933263416676,0,4.8590664745358e-05,0.0152158137317254,0.00297886889877356,0.00133673010125269,0.00955151577064494,0.0488258834782787,0.0678474224057784,9.64519401113993e-05,0.000940207075969925,0.000266707426184026,0,0,0.000607116714877873,0.0133578829681951,0.0017274943351042
0.00660217732217169,0.0123954240567242,0.0086634545104675,9.47699142986019e-05,0,0.0020920060432012,0.00139367218592141,0.00517964670056251,0.00148234920480091,0,4.61827465053903,0.000373834729134983,1.03004244282144,0.0089457771860413,0,0.00129003293229555,0.146556467437456,0,4.86040234356323,0.000167285019380308,0.00125425154978493,0.00399376186826046,0.00787867242850724,0.00117228905844636,0.708677535657155,2.60154546779537,0.27079039767784,0.000998611301103036,0.0171470986332687,0.00859311787816498,0.573199821234248,0.00112057205976243,0.00483715440920346,0.352383890690132,0.000238887006417186,0.0118984511448373,0.143063061366921,0.126291380283301,0.0294550976004492,0.00278569882335114,0.00510741052160979,0.00951339635752108,0.002468706850676,0.0160085244657923,0.00244363148187326,0.00175960913207813,0.000591646225892549,0.000139151806203199,0.000939425379722272,0,0.00379441505864124,8.57572087320513e-05,0,0,0,0,0,0,0,0.00101010121784271,0,0.00655970224006649,0,0,0.00021152257967946,0.00207444044935959,0.00177324782416641,0.00124740403130069,0,9.38414657193892e-05,0.000335453718738256,0.000155249086810042,0.000119931997116625,0.0567753243404091,0.0247263979884332,0.00599186808036293,0,6.32431175741749e-05,0,0.00135765262307729,0.000314122674428255,0,0.000503019805493201,0.000262525051724759
0.0467891046190162,0.239652791011239,0.179798288320554,0.000260769614781976,0,0.00105654229843761,0.00778115049837453,0.0299485631400034,0.00821087486210558,0.000146532841566499,1.71684569704624,0,0.0497730436261327,0.0287126800724877,0,0.0143853326692375,3.67336902617989,4.86040234356323,0,0,0.0118987491489064,0.0288241717300863,0.119838583133981,0.00851414967867297,0.517927461085366,1.94429326489362,0.51231492659132,0.00685240482598171,0.0403604446649365,0.0608224978727657,0.00163421537652098,0.000966352078038205,0.0145088107528715,1.87598258455119,0.000705884412688158,0.0141078965147489,0.0597511885854589,0.125147460510958,0.0358200683038676,0.00324651544537423,0.0069247416816804,0.00187296956767555,0.027544098273432,0.0785522158770959,0.024467913516223,0.0170118767142216,0.000667139075477024,0.00201615872083719,0.00311883689116241,0.00116942979891332,0.0281072359901386,0.00570846734069155,0,0,0,6.69635410439993e-05,0,0.00249366081151001,0,0.00236250885012507,0,0.0040187287853923,0.000557508610770505,0,0.00283117253431056,0.0115244302107431,0.00104652367695277,0.0121437952860444,0,0.00019831852929883,0.00651563805942899,0.00222457994385522,0.000766417758669373,0.0517018169788497,0.150217290659888,0.0746331926534896,9.49743396871498e-05,0.00113302622805541,0.000215448573159488,0.00072343444659638,0,9.50679543355584e-05,0.0110111655796471,0.00110247575268012
0.00283786272284921,0,0,13.8076146923049,0,0.0176009475422393,0.0082254780876256,0.00712874203780723,0.655887115238519,4.40095865388022,0.000354800386440104,10.6251040970122,6.66645383157246e-05,0.0036908787990233,0,0,0,0.000167285019380308,0,0,0,0,0,1.34731921804428,0.000906496161084802,8.75737702850723e-05,2.50819641741339e-05,0.740581940018629,0.00489117353133361,0,0,0.000158543987376844,0.000779018821242105,0.00752305144199709,0,0.00326283378862871,0.000936733549234521,0.00545756452114281,0.00253786742384123,0.0042733062987137,0.00119711858633086,0,0,9.18233066429684e-05,0,0,0,0,0,0,0,0,0.366047534263002,0,0,0,0,0,0,0,1.49135411867524,0,0,0,0,0,0,0,0.498242106797859,0,0,0,0,0,0,0,0,0.000618257886207549,0.000179577311836478,0,0,0,0,0
0.0131042072312036,0.00473996931963731,0.423352987544731,0,0.000115393442707931,0.000285474434546533,0.094518316310715,0.00903503046867945,0.00197765217249363,0.000295881439169285,0.00133521171814234,0,0.0134609614129855,0.0072211417093387,0,0.700718806593201,0.0728791864848426,0.00125425154978493,0.0118987491489064,0,0,0.0195302249892257,8.04603696132918,0.00793835155713924,0.000416657839308271,0.0135509238949909,0.0945542788664671,1.76458018459625,0.0379919578025077,3.64393273001313,0,0.000858094070423435,0.527809235962322,0.288378494982127,0.00789615299648533,0.18923925592292,0.117729834459625,0.244415155460859,0.124153012059401,0.0877053360544553,0.0158817741570309,0.000734923836024095,0.00968376235911814,0.00677077142729852,0.00751188132611117,0.00870756945680719,0.00108775434681774,0.000774476614540825,0.00011884395824184,0.00232115457220732,6.3999712025805e-05,0.000402004718542483,0,0,0.000684317751639793,0,0.000309887658892671,0.00180552774128943,0,0.000322965404290826,0.000117479339600282,0,0.00109796871496388,0.000883289781374429,0.029424355858489,5.75779251924297e-05,0,6.53788148903892e-05,0,0.000727414970178189,0.00189586084137881,0.00286826852340384,0.00780772220894609,9.47815461352366e-05,0.000259578781441598,0.00179724372880601,9.18571554324194e-05,0.00340419977237401,0.00475748687136876,0,0.000445249745763682,0.00428949899906328,0.00292771615861006,0.00852838849038114
0.00542119945499554,2.69495475721055,0.0346348474908342,0,0,0,0.01504289547988,0.00361239351840445,2.46356252203034,0.000420909853476939,0.00526570898925227,0,0.00428743757351563,0.00317427184574974,0,6.31811972932735,0.0532292783117964,0.00399376186826046,0.0288241717300863,0,0.0195302249892257,0,0.106512150733965,1.53954449427764,0.284515573419988,0.0306723824476283,1.48228107504238,0.208976617843429,0.00808331919045997,0.0118065138368187,0,0.000369052678066344,0.00681701145984225,0.038221142718021,0.00185338427134991,0.115228826353863,0.0691945883288772,0.0792303518646543,0.086060490337767,0.0363667843725217,0.00881001556591437,0,0.070530863798286,0.0485224596867694,0.0474911608854703,0.067233470885491,0.00849925421781935,0.000175776698916538,0.000538088846922123,0.0033936414101145,0.507639830304352,0.0118739221671726,0,0,0.000832409461154901,0.000199586393001129,4.24142851047859e-05,0.407360939882269,8.14707115552706e-05,0.00122519671913052,0,0.00409263318217918,0.000621417675479171,0.000520895006510973,0.728521188695828,0.0130364950375341,0,0.00379066205488535,0,0.00339293955139943,2.46428125594341,0.0278399657740513,0.101033880675194,0.0941557146762789,0.0217914886629749,0.565951751752665,0.000977404483305477,0.00394517141215299,0.0132652573058718,0.000133818174677947,0.000668498726105563,0.010381982780237,0.0113910239901462,0.00324394271857518
0.0174366493574318,0.0133071406523412,4.46813576409619,0.000204939226673967,0,0.00103904836228752,0.170958769722199,0.0118616554570141,0.00251681623442222,0.000236903941415151,0.00771915035665361,0.000381412167629241,0.0471799111561891,0.013255440317519,0.00135508315389836,1.53183423811954,1.61301468510267,0.00787867242850724,0.119838583133981,0,8.04603696132918,0.106512150733965,0,0.0408508352402805,0.0014915242805054,0.126592455583099,2.41083921188524,0.604372217294406,0.0538287843651504,0.454784602142393,0,0.000611177111182004,0.266030783766675,0.649756538950406,0.038654287387779,0.647532881365739,0.447539219509808,0.952696599501903,0.464136365580392,0.290692962588452,0.138801191810084,0.00492514575061836,0.0313745442286531,0.0134944600349301,0.0163082702913917,0.0200686206965552,0.0157150583935798,0.00567006523426451,0.00013306404201492,0.000440999812598558,0.00173804649729398,0.00254083895859916,0,0,0.00430991636480708,0.000216848152923638,0,0.00603970398104933,0,0.00105693658398965,0.00120285340692761,0.000711041213844864,0,0.00164589167612511,0.177274459300337,0.00078002642623565,0,0.000470711736633126,0,0.00326578740967226,0.0159031154538083,0.0391222248318744,0.00765535793082964,0.000467340615781194,0.00266506554079209,0.0345590895964353,0.000715443049639893,0.00134112913581364,0.00128221896239178,4.60550368273833e-05,0.000163768563320548,0.0020843812463749,0.00250969878770771,0.0551998705345896
0.0406543336932012,0.145916060918464,0.00816833754930862,5.99860561291307,0.000114842174201079,0.137112228371545,0.347008637303124,0.102824978300294,4.99005348374814,0.113772365054305,0.00508201728578721,1.14428707871573,0.00517349239447587,0.0614025860189563,0.000972034344021632,1.61401373646931,0.00825411331891344,0.00117228905844636,0.00851414967867297,1.34731921804428,0.00793835155713924,1.53954449427764,0.0408508352402805,0,0.0306428904211735,0.0159473882370245,0.105639836723364,4.19071768424111,0.09224645958708,0.0754365607760248,5.2692339700624e-05,0.00243327136188651,0.0335871776679617,0.0767837810836908,0.00104945930552744,0.0670948863099609,0.0165479672270719,0.0894888004575677,0.0621132528808598,0.0438184152095917,0.00698985710753875,0.000262035558923328,0.0373246668806088,0.0164340563833108,0.0580506665786825,0.0377477923083256,0.00827586362860354,0.000507950467986094,5.87174193923288e-05,0.0362771817064563,0.000872214146381695,0.00201861384984955,0.304858058643345,0.000631986959190201,0.00046932624531186,0.0161279537434901,0.000292215037163999,0.0932778237344577,0,0.00155691467368271,0.0572876057720865,0,0.0237982973723777,0,0.0708353871948151,0.000931087393741333,5.4682568572626e-05,3.8420087831059e-05,0.138123843917051,0.00219160664693714,0.0131193668152997,0.00592559119783168,0.170351679348021,0.000417490962685463,0.00276024220824045,0.00895101885456183,0.0129668115002009,0.0688856160164515,0.0422620540982171,7.87589539616787e-05,0.00269689106207516,0.0831158257092481,0.0880569989264126,0.00177791758988868
0.00172345016982068,0.97132506219316,0.00269278264694525,0,0,0.00240623754173156,0.000649379816234981,0.00277960371163263,0.0920022078866258,0.00032092636484608,0.32697633275992,0.000204605236668417,1.08132846924042,0.00632960271286364,0,0.0148004651628099,0.0253020483324015,0.708677535657155,0.517927461085366,0.000906496161084802,0.000416657839308271,0.284515573419988,0.0014915242805054,0.0306428904211735,0,1.1405467290936,0.40888961928042,0.00276883287695076,0.0091353963697003,0.00157291757842534,0.0108526690977915,0.000718185692676343,0.00261400829097596,0.167886970515748,0.000965595497583674,0.0404286968998068,1.16987541881909,0.119530787240891,0.0379748179651616,0.00155308379838283,0.00428446241566096,0.971282266155246,0.0978129069352309,0.701406045187796,0.173931966302387,0.051003740638362,0.00141874948429228,0.000535143925350239,0.16915165233486,0.0043893950287917,0.43094970545186,0.0131071547737167,0,0.00213867371590789,0.000135158327441293,0.000516502030335747,0,0.00951256624488444,0.00045752437503373,0.24580896521881,0,0.503036559594709,0.00473631487861528,0,0.00604390750973893,0.0187721612051692,0.172489368617786,0.10248217922414,0,0.00152530634621218,0.0214741610353675,0.00457797273109889,0.00391520429990569,2.02145177244825,1.41862711441171,0.394666973639958,0.000667182737633596,0.0144501940276977,0.000899014119584996,0.233243632852199,0.0118131024872104,0.00162241700587755,0.0494492890601853,0.000893518247355989
0.0351047201336278,0.451558930480805,1.68608149233068,0.000427481697449201,0.000116910465861764,0.0117282879358894,0.0222550847553302,0.0392493455012855,0.0144275044553199,0.0012337783509381,2.58758237491118,0.00100242039679932,0.829646708701985,0.0442885463581286,0.000197090029016899,0.0162788583945275,0.919845828279158,2.60154546779537,1.94429326489362,8.75737702850723e-05,0.0135509238949909,0.0306723824476283,0.126592455583099,0.0159473882370245,1.1405467290936,0,7.57045174197715,0.0136826738878755,0.0528667631441639,0.0756607102065303,2.23015699355764,0.00421860738589585,0.00665749738656932,0.694922202941608,0.00295822704519856,0.0857837861253041,0.527890008554098,0.30298385107946,0.100363570660707,0.00566047971106246,0.0101171352786799,0.0212071730875628,0.029683703592561,0.0932692058552851,0.0343844450325275,0.0169751542429447,0.00130502760798182,0.00151755235492621,0.00135958227281526,0.000394302939099268,0.028278135339244,0.00815923271821687,0,0,0.00019104031013906,0.000168924106161826,0.000142662606152719,0.00446490326166733,3.28336010517499e-05,0.00467658398807647,5.72570871923764e-05,0.01033781235531,0.000703420218643974,0,0.00222742739819969,0.0231998472196756,0.000667358431018536,0.0138840429333882,0,0.00045393382857063,0.0103293311680913,0.00226799476516817,0.00181529000981814,0.101728020729531,0.270822430657207,0.144893233025409,0.000412944113785009,0.00109139967319298,0.000250700166434516,0.00205361784512421,0,0.00037966040902327,0.0188296536456664,0.00279920855141923
0.0251185605151454,1.17320916660915,2.27656658432432,0.000467789072038961,0.000111087062007825,0.00240910983671883,0.122472436787228,0.0241084946865598,0.0405666104584634,0.00104106677077927,0.135802565827433,0.0006008973017273,0.558374245776628,0.0233406439452589,2.29336279144862e-05,0.727237660760242,0.851390568040667,0.27079039767784,0.51231492659132,2.50819641741339e-05,0.0945542788664671,1.48228107504238,2.41083921188524,0.105639836723364,0.40888961928042,7.57045174197715,0,0.148324159589055,0.0279096124637407,0.0785989859770732,0.0764451330825628,0.000758713967665356,0.00971765106008623,0.497947831420963,0.0257569374899865,0.333065126483401,0.288831212370775,0.58188407774571,0.316653320814422,0.0456672059080902,0.101926392574476,0.00514478785934281,0.056776119284206,0.0488574935783015,0.0724130618285981,0.0334029980229762,0.0160594778293191,0.00416961834233227,0.000159158009960755,0.00138788345314868,0.082359332928749,0.0436997152427774,0,0,0.00170487670351594,0.00166781964580197,5.59531922943689e-05,0.00597546699417094,0.000131099271136738,0.00168026255538047,0.000704402191458425,0.00409646071445063,0.000414927294591789,0.000603791238300067,0.396408698085189,0.0252548642750595,0.000346347991327009,0.00645262184339622,0,0.000972525930404231,0.0568511608189623,0.0579279071350317,0.00993471410988877,0.142398535245174,0.096530714096887,1.11404005375848,0.00188388256729754,0.000950432805469095,0.00145903066848976,0.000141185342128359,0.000122904650568252,0.00122057681340596,0.0158433379838098,0.0354422882095433
0.0760026303681684,0.0177222769059877,0.202942210416318,1.79703432365354,0.000391145243113093,0.206422695841568,5.74105172825095,0.153312122411924,0.20423150393268,1.56738979422472,0.00616156921276369,0.113948139910066,0.0149098126222345,0.105098395802129,4.07897398787048e-05,0.852968927196976,0.023437863725075,0.000998611301103036,0.00685240482598171,0.740581940018629,1.76458018459625,0.208976617843429,0.604372217294406,4.19071768424111,0.00276883287695076,0.0136826738878755,0.148324159589055,0,0.196975633726381,2.75908846639543,0,0.00311264831692869,0.165204832877421,0.355299592353489,0.00685232172648405,0.193498365316955,0.0403243994893824,0.323841607328291,0.151069089696342,0.0952524612320139,0.0173957954718073,0.000561624996151964,0.0365069092670086,0.0135376076443144,0.0354168281778098,0.0245104555997812,0.0101107984190876,0.000754978129873789,0.000580275369283795,0.0278591561943004,0.000506871246992637,0.00116530821137832,0.00668234431326554,0.000433996387846228,0.00122567003173022,0.00856218719569068,0.000357308620989201,0.022694692714825,8.38382169013868e-05,0.000550081009552568,0.00121242150389801,0,0.0149368419045527,0,0.0678992185059609,0.000346776386208791,0,0.00020093429584257,0.000794576453221354,0.00161775689497034,0.00906808489163113,0.00633953415290617,0.0666383501886639,0.00039613315816142,0.00120957480093179,0.00882758864246256,0.0102466739796706,0.0393492961101328,0.0374225838339287,0,0.000629864422780039,0.0495241313623591,0.0504720918195738,0.00815738419030542
0.47322972137929,0.00569587616785723,0.0219108324604446,0.0329088481653243,0.116244660044036,0.238115614603117,0.108774216130999,0.298729811631361,0.0446946841221851,0.0636459873094043,0.0546160934374817,0.011989017508584,0.0227561058133858,2.99175990210864,0.00092939247343269,0.0043292957346341,0.054455644652261,0.0171470986332687,0.0403604446649365,0.00489117353133361,0.0379919578025077,0.00808331919045997,0.0538287843651504,0.09224645958708,0.0091353963697003,0.0528667631441639,0.0279096124637407,0.196975633726381,0,3.02101182652423,0.00230370916000436,1.19592591903029,3.02595110419803,1.86955554224973,0.000244676353996466,0.027229807697231,0.013147911876378,0.575048209141244,0.0430540877999726,0.0622617891163296,0.102588202489049,0.000944878206711143,0.00640672281945994,0.00177893757030661,0.00863161445741464,0.00453702023019874,0.00156617771719691,0,0,0.0072616089454175,0.000625757114828217,0.000583257062346238,4.35222949558378e-05,0,3.12401638246848e-05,0.0044319311735437,9.67444825971872e-05,0.00915116325328326,0,0.000418854462310943,0,0.00044515059945612,0.00383239095347108,5.67656116747979e-05,0.0118337600649783,0.000402264320911781,6.97091753632736e-05,0,0,0.000309598030294304,0.00171625743227926,0.000795528602717114,0.0226695492102941,0.000612827091724297,0.00159544242823349,0.00174733285979466,0.00290392419090036,0.0101442180702972,0.0120985691609445,0,0.000394270429104424,0.0142013585830765,0.0101100124911565,0.000348018424695441
0.883965871140912,0.00886196754353217,0.523137794593534,0.000728356710721942,0.000343729258808257,0.00106780645775186,1.85967097471343,0.165158908411241,0.0708622990273843,0.000633595135707509,0.00457161151421982,0.000397944855113218,0.00269300462552479,0.297275141161989,0,0.0405200770592749,0.199412843075522,0.00859311787816498,0.0608224978727657,0,3.64393273001313,0.0118065138368187,0.454784602142393,0.0754365607760248,0.00157291757842534,0.0756607102065303,0.0785989859770732,2.75908846639543,3.02101182652423,0,4.94240439729921e-05,0.00122088556263513,0.673577937845812,0.379245598752406,0.00142381461200667,0.0269797260526061,0.0260158005336381,0.106282453722521,0.0252449702613639,0.01438054349999,0.00459890592706422,0.000768835248444785,0.00450794409046386,0.0015728413190072,0.00764144454169045,0.00353532265531674,0.00149605339522213,0.000134842753766757,6.20223029961908e-05,0.00660926382048722,0.00117882808454174,0.000594742174092187,0,0,4.09735825536264e-05,0.0020839809452203,0.000127606797043571,0.0168753201514113,0,5.44094652218212e-05,0,3.43887425515485e-05,0.00274613753274557,0,0.0146449782633101,0.000840348290347346,0,5.25144755133991e-05,0,0.0016000610437532,0.00425089356555193,0.000905007562524666,0.0302392821526228,0.000139196887207788,0.00113881666331181,0.00294774633394913,0.00378936350488948,0.00761838511688917,0.0103523915024875,0,0.000514186713484788,0.0130404244705566,0.00802870611120562,0.000901821112574879
