0,0.00106906826039272,0.327573850834931,0.0132606377009998,0,0.0645443364271123,2.95858318655902,0.114355592993356,0.0488947838871369,0.0788205757780329,0.00034961123381449,0.0450648283513919,0.000469848264368741,2.6678518650678,0,0.00252459151502333,0.0778844532766641,0.000189566856406399,0.00185078571875756,0.30982377909405,0.0352072822474303,0.00292305580937272,0.170282895740152,0.0421726982495146,0.000285959490678191,0.051206845014718,0.0324190833710085,0.090786331534506,1.25212717318621,0.699810087485242,0,0,0.115011088903426,0.0304239078804919,0.000138808578609644,0.0125477015461672,0.00279774539107189,0.0262875243598016,0.00416360424197861,0.00122607167123455,0,0,0.000767639466700113,0.000980832114471698,0.000891428573828722,0,0,0,0,0,0.00052088537145379,9.09061277251898e-05,0,0,0,0.000487565737924348,0.000119793038491766,0.00438493846930944,0,0,0,0,0.000234314119721189,0.000222626597479505,0.00209718847875688,0.000699652296173831,0,0,0,0.000208195493995178,0.000853358196927986,0.000287163699893412,0.00465653307709195,0,5.81183022924936e-05,0.00103868307795174,0.00398739813106902,0.00013583100708424,0.00319056391226331,0,0,0.000611424500837517,0.000347447950819083,8.017260269352e-05
0.00106906826039272,0,0.0105256227726213,0,0,0,0.000408371747453676,0,0.120603997518653,0,0.00596685595706843,0,0.0399751382194164,0.000436736473246056,0.000905152006909955,0.0189506617774644,0.0459345519453911,0.00426977488894337,0.0105042169062703,0,0.00078896820795711,1.14539573472515,0.00277850464679987,0.0197414223690715,1.03757128053012,0.042551389808505,1.40429600947452,0.00115052822129281,0.000656192154517859,0.000877001961911405,0.00802377560003988,0,0.000709176418368263,0.0259940379079141,0.000235444596209935,0.0252233461336359,0.105019042165147,0.0839835398936688,0.0135200129945072,0.000809084754893493,0,0.0195880249514213,0.00680386512260494,0.0357187928222867,0.0248597619645066,0.00804911860708258,0.000320143580807357,0,0.00157298510372058,0.00162671684701824,0.538468782500978,0.00118864579978773,0,0,0.000233837227741125,0,0,0.0135003179108906,0,0.00058800436590868,0,0.00263908997131389,0,0.000313707154441022,0.00640045399731734,0.0123355058865191,0.00203081736841986,0.0158261447957752,0,0.000318750939786523,0.0828097193979007,0.00161029732976591,0.000480809537670311,0.191402619493139,0.0201729031170929,0.0462184331571226,0.000164678114209701,3.01202804072163e-05,8.4424219591539e-05,0.00224327040949772,0,0.000373756155668259,0.00618503628642847,0.000154679098307873
0.327573850834931,0.0105256227726213,0,0.000205880195474689,0,0.00164228076683471,0.215353774037926,0.00507768373549355,0.0309730154024413,0.00947717935211838,0.0046169623494459,0.000267398573768888,0.00501545047957483,0.0283541637830838,0.00350220771875019,0.0227196540610807,2.6645771222896,0.00145895633774304,0.0188516007872327,0.000865256362643507,0.299809168479008,0.00891095287610862,4.59869403483204,0.0348830135530222,0.00379852802695541,2.14273248690561,1.91876123183757,0.258620852492895,0.064849273880754,0.238317232078421,0.00919238848583159,0.000296098918242609,0.0371636778296462,0.0882135809272578,0.00367648901650019,0.145582064761142,0.133283094814222,0.267376381947934,0.0378394292381866,0.00109896519936678,0.000148590772417488,8.55285405997955e-05,0.00708253154146937,0.00291560562553174,0.00330591167199502,0.00267734670103949,0.000390207313164817,0,0,0.000306965060302073,0.00398843703053062,0.00221420402934112,0,0,0,0.000210588549963163,2.49084047624587e-05,0.000815065257496169,0,5.96183717885726e-05,5.90205109371905e-05,0.000149674223423532,0.000120185468274718,0.00164692187593892,0.00376448929833292,0.000966513662530497,0,0.000723194642179621,0,0.000966661513674977,0.00513029130146388,0.00328796701953443,0.00249590802477564,0.000631397135738703,0.00116932986206176,0.00962110006175533,0.00673284518832619,0.000542967302567799,0.00238936709520603,0,0,0.000306877263244375,0.00167539919135442,0.00240010052125485
0.0132606377009998,0,0.000205880195474689,0,0,0.00843373976195963,0.0186649970804937,0.000639715008914,0.216337056947812,1.64362072304212,0,3.19222901849977,0,0.00478337281138745,0,0,0,0,0,10.8220789052018,0.00013671052459653,9.69454684936755e-05,0.000240560036501511,3.95395594941005,0,4.36967564987783e-05,8.27379603972496e-05,3.38020893718602,0.00682008157695512,0.00106837682700668,0,0,0.0333207787984468,0.0045584992523136,0,0,0,0.000149141324468188,0.000556742295003326,0.0213474702646442,0,0,0,0,0,0,0,0,0,0,0,0,0.133013536914043,0,0,0,0,9.86085646912842e-05,0,0,0,0,0,0,0,0,0,0,0.00880733646411251,0,0,0,0.000146253305036591,0,0,0,0,0,0,0,0,0,0,0
0,0,0,0,0,0.00741233195247938,0,0.00179349770463029,0,0,0.00242124456207815,0.000225118645160702,0,0.0223818124982086,0,0,0,0,0,0,0.000544011437321652,0,0.000103707139155309,0,0,0.000110444240618694,0,0,0.125762766794005,0.000361515830283502,0,0.757098171878903,0.000781992502439238,0.356066842000896,0.000160483294288046,0.000272482052967277,0,0.0473753005476823,0,2.96326206146164,4.52418185193865,0,0,0,0,0,0,0,0,0,0,0,0,0,0,0,0,0,0,0,0,0,0,0,0,0,0,0,0,0,0,0,0,0,0,0,0,0,0,0,0,0,0,0
0.0645443364271123,0,0.00164228076683471,0.00843373976195963,0.00741233195247938,0,0.120759856024727,1.13825215658124,0.000873258279902528,0.3953909761545,0.000148488860933636,2.86492771314941,0,0.104412793715735,0.634510006590011,0.000353893801945692,0,0,0,0.288231341563506,0.000214152027353007,0,0.000932860167717536,0.00759287468305663,0,0.000283664211804698,0.000565078429497684,0.0335563998928361,0.099506798246958,0.000538487456366317,0,0.103951212732499,0.00486296110669213,0.0259255353676332,1.82364719478997,0.00364812123985105,0.00425384764172727,0.00328069075015644,0.00140918926437836,0.482489809121905,0.0133514689577912,0,0.00149376448224817,0.00318258771636958,0.000345898191219264,0.00125907586681628,0.000180713202806758,0,0,0,0,6.15528800490678e-05,0,0,0.00152383822877514,0.000221981716557531,0,0.000485023544146601,0.000139546554288855,0,0.00775808661946599,0,0,0.00221053001541296,0.000578925578006262,3.60198850664927e-05,0,0,0,8.87598567939297e-05,0.00011334015843115,0.000675617451638958,8.96744643264361e-05,0,2.22716938218306e-05,0.000247482872818034,0.000371848691669479,0,1.4810831116983e-05,0,0,0,0.000565588854284138,0.0346336462616273
2.95858318655902,0.000408371747453676,0.215353774037926,0.0186649970804937,0,0.120759856024727,0,0.178378482485082,0.248294508088309,2.2818074830428,0.000257843614412019,0.0125363116703126,0.000244130021699511,0.285364762153925,0.000546634839056553,0.00395179556927666,0.0107091907847167,0.000124192465067339,0.000424931462322998,0.244399894938751,0.0710748926295885,0.0026057485611727,0.160563331099041,0.530316680399587,0.000718559206056343,0.0318120167988321,0.0267568341393366,4.96074618586619,0.19339903955667,2.79277162105002,0.0010320197801383,0.000273549104186322,0.190493743119622,0.115765495490359,0.000904578090203839,0.0210388797453269,0.010234636030423,0.0378916663155753,0.00766131524371274,0.00675907850353249,0.000198139752957072,0,0.00247186104608882,0.00098845787284851,0.000698493326874838,0.000746030343736132,0.000161001050756053,0,0,0.0011488471175029,0,0.0012036348289442,0,0,8.52377317750539e-05,0.00566809116556541,0,0.0193992853402267,0,0,0,0,0.000682385648065159,0.000219931762845649,0.00329412964993799,0,0,0,0,0.00199814306526018,0.00195231458454738,0.00291517171776042,0.0169719121697928,0,0.000217430734058589,0.00123062386948361,0.0288415503289519,0.000802750990082544,0.00670598625384869,0,0,0.000923079470905146,0.00112440698136438,0.000501198665245826
0.114355592993356,0,0.00507768373549355,0.000639715008914,0.00179349770463029,1.13825215658124,0.178378482485082,0,0.00191194193299437,0.89825703484577,0,0.00429655141361184,0,2.43541905942419,0.00018790746030911,0.000190044064267668,0.000551043491766336,0,0,0.0476243847615031,0.00154713930778436,0,0.0038755241470368,0.00279512656274523,0,0.00125172127043375,0.00101256588360646,0.0126863725923607,0.337221903173255,0.00242118572313274,0,0.027558487926941,0.00300649386183466,0.0229343966372158,0,0.000728931217548094,0.000155688769398523,0.0018900528476083,0,0.000820481254976855,0.00582029970488338,0,0,0,0,0,0,0,0,0,0,0,0,0,0,8.46350526928692e-05,0,0.000205076016620381,0,0,0,0,0,0,0.000123264344433546,0,0,0,0,3.62681152766345e-05,0,0.000108956608608251,8.10124266919462e-05,0,0,6.22550493897789e-05,6.44607190103952e-05,0,0,0,0,0,0,8.99913906528998e-06
0.0488947838871369,0.120603997518653,0.0309730154024413,0.216337056947812,0,0.000873258279902528,0.248294508088309,0.00191194193299437,0,0.00304259823221605,0.00189933678663382,1.29776025627196,0.00814276656924167,0.00721186230250365,0.00731234549098624,0.0383864134292918,0.0318340324093878,0.000537261619518038,0.00102880637561847,0.274776994699522,0.0330602066875562,2.19159537601704,0.0160722431388635,7.61638602380163,0.0824093846004977,0.0116777838878309,0.180284118890725,0.473709932324199,0.0269635741912873,0.17909747289622,0.000522982285020283,0.00022904217695352,0.0548810694691326,0.0731724701641581,0.0477472408631558,0.321973254578971,0.0518164474149778,0.0657200243059571,0.0372042788569594,2.19878784666187,0.000181922009992674,0.00546290667819671,0.0449656521899403,0.0112171983404782,0.012539846385009,0.0106863150278171,0.000892489374234954,0,0,0.0103817855831678,0.0147813359577444,0.00992169245845579,0,0,0.000254469306440395,0.0241527026656691,0.00113853289311494,0.532785521591954,0,0.000144893583436356,0.0155521190667998,0,0.00666349559444742,0.000606988700333768,0.0650072411059039,0.00122095629145971,0,0.000476211431701963,0,0.0125104572898133,0.124378718601505,0.0138927610422828,0.179360269385258,0.0101372567984661,0.00255089965277575,0.0112259393437311,0.170432246321081,0.012217665825518,0.0930954829126018,0.000340401941186695,0,0.0138687514062511,0.0161641041143608,0.0123410933690656
0.0788205757780329,0,0.00947717935211838,1.64362072304212,0,0.3953909761545,2.2818074830428,0.89825703484577,0.00304259823221605,0,0,0.689492587850056,0,0.102542821448717,0,0.000110466194077896,0.000592993722928293,0,5.6703253140914e-05,5.47702417765087,0.0014123533355091,0,0.00397240414697912,0.0210590467601361,0,0.000744747168687675,0.0011576725893256,1.65405778623597,0.0263555367976104,0.0034480355532187,0,6.17034726872493e-05,0.0368875690013522,0.00636807586005669,1.00747244731873e-05,0.000521538110674648,0.000255803282375272,0.00107183177240846,0.000340394456711189,0.0154307303477289,0,0,9.3955469540441e-05,0,0,0,0,0,0,0.000118164515835149,0,0,0,0,0,0,0,0.000193234683229709,0,0,0,0,0,0,0,0,0,0,0,0,0,0.000127265572910047,0.000214139809898027,0,0,0,0.000293655940039008,4.71471276490918e-05,0.000208685480738414,0,0,0,0,0
0.00034961123381449,0.00596685595706843,0.0046169623494459,0,0.00242124456207815,0.000148488860933636,0.000257843614412019,0,0.00189933678663382,0,0,0,1.77469879974804,0.000515963097821696,5.68395705360717e-05,0.000849767676064574,0.0178115319158558,0.827665370213446,1.73702517426465,6.97613305335122e-05,0.000569368657685934,0.00267366629360062,0.00162515207756604,0.000572307457501723,0.576705293098193,0.843250128419461,0.115692921833719,0.000336303040995497,0.00686278158215984,0.000313095986789483,0.626944768660772,0.00474096689667884,0.00137861777491202,0.961301714982913,0.000238326935554046,0.0160512707261892,0.338805915141,1.26823405490194,0.0202551298431929,0.00109426760210515,0.0192397810460405,0.0156520225554,0.00159538222647149,0.016322627859772,0.00682788753196993,0.00152954293753581,0,0,0,0,0.00594856107828476,0,0,0,0,0,0,0.000126012881162258,0,0.0058949528550194,0,0.00601373747025257,6.99410813314282e-05,0,0,0.000241370159243672,0.00266657678110571,0.00283598068537684,0,0,0.000627131844677543,3.99875709372593e-05,0,0.0108315260003986,0.015454007339119,0.0188977143162762,0,7.03131400571671e-05,0,0.00534874866712287,0,0,0.00197042654298094,4.22552918906203e-05
0.0450648283513919,0,0.000267398573768888,3.19222901849977,0.000225118645160702,2.86492771314941,0.0125363116703126,0.00429655141361184,1.29776025627196,0.689492587850056,0,0,0,0.0194300191322966,0.632532424259833,0,0.000262131230591199,0,0,6.68887526407973,0.000170488410741035,0,0.000353193692947789,1.87517070466013,0,0,0.000451686243338418,0.00804508889590361,0.0596668156085588,0.00021155514513573,0,8.49069091875773e-05,0.117108284918197,0.0161576795073762,1.75929962324037,0.0171577470355066,0.0035946518790495,0.00169046260521097,0.000464638234477906,0.815424870482983,0.000397778629360163,0,0.00112607123603525,0.0028992509463973,0.00115814569940902,0.000800602740305626,0,0,0,0,0,3.57858967599111e-05,0.305205008385606,0,0.00140082906268293,0,0,0,0.000130454678220425,0,0.0840552666112239,0,2.74835904324276e-05,0.00385748212382927,8.67226629948229e-05,6.42701239244835e-05,0,0,0.130713277659348,0,0,0.000578833534526766,0.000433603971873313,0,0,0.0001901016876807,0.000126625515338917,0,0,0,0,0,8.36916644996293e-05,0.101775584348022
0.000469848264368741,0.0399751382194164,0.00501545047957483,0,0,0,0.000244130021699511,0,0.00814276656924167,0,1.77469879974804,0,0,9.23095685042719e-05,0.000168402905506688,0.00121744576466849,0.00198835945576535,0.0155709206477891,0.00834747216416088,0,0.000405638339072336,0.0146738377271487,0.000919156265271647,0.00154339880739341,3.96124812397854,0.493640896486537,0.420112734147457,0.000222841555249899,0.000468951275789575,0.00012551438128023,3.93448786094906,6.60603615204886e-05,0,0.0211512048799548,0.000237353420707084,0.117832728843931,0.749455866572384,0.312287014179921,0.22655943457501,0.000709160618740191,0.00339769614077468,0.750999948491095,0.00142918678893099,0.0150909896329549,0.0063096437228833,0.00108580309735813,0,0,0.00287150946682442,0,0.00685515150906355,0.000191758742499075,0,0,0,0,0,0.000374797320055241,0,0.00570719495732399,0,0.143799722730838,0,0,5.23132833082115e-05,0.000456009378186507,0.00337117705015604,0.0029081045225209,0,0,0.00161775153235995,0.000280697241364337,0,0.00849364762048809,0.0145012303603139,0.0187859083264083,0,6.05382519248709e-05,0.000267675621965615,0.00993135232154894,0.00018059957555578,0,0.00176377053616573,0.000191005401513505
2.6678518650678,0.000436736473246056,0.0283541637830838,0.00478337281138745,0.0223818124982086,0.104412793715735,0.285364762153925,2.43541905942419,0.00721186230250365,0.102542821448717,0.000515963097821696,0.0194300191322966,9.23095685042719e-05,0,2.62532345514492e-05,0.000658771787301442,0.0160479953467546,0,0.00111143989628788,0.0654676657240465,0.00177076191943631,0.000522036214367679,0.011231449389376,0.0136064048752947,0.00012264685702952,0.0105425991806046,0.00926493426002275,0.030820746130362,6.01483580222283,0.072705606811827,0,0.0708799242262052,0.21413049333688,0.156664146809945,0,0.00188938125867226,0,0.0129871255999125,0.00072527132364197,0.00492952509124238,0.0488261337892506,0,0.000119901182321972,7.30050519076022e-05,0.000122161135892276,0,0,0,0,0,5.81226428848351e-05,0.000153232614744189,0,0,0,0.000210584136277015,0,0.00050766282042154,0,0,0,0,0,0,0.000162157291964792,4.78400620118626e-05,0,0,0,0.0001320621682421,5.10919540220975e-05,0.000141752937507011,0.000503861046343297,0,1.89749642092972e-05,0.000115562214106805,0.00137615815094194,0.000191595273829994,0.000435747274909614,0,0,9.18302547758473e-05,0.000132441860892444,0
0,0.000905152006909955,0.00350220771875019,0,0,0.634510006590011,0.000546634839056553,0.00018790746030911,0.00731234549098624,0,5.68395705360717e-05,0.632532424259833,0.000168402905506688,2.62532345514492e-05,0,0.00527986326268688,0.00066489475997078,0,0.000135177284433041,0,0.00280952573985989,0.00279587692152177,0.0133586771448477,0.00224411434662351,0.00170814350498207,0.000821947846681579,0.00966150054924578,0.00262403777348784,7.63589078242206e-05,0.00014750900961181,0.00077367792172925,0,0.00022307407201921,0.00318912395621115,0.532123208355609,0.099632551338106,0.148268428691987,0.0383479241661642,0.0525495949914559,1.06251975014552,0,0.00275582652762671,0.039222033865839,0.109104217072989,0.0298363382648583,0.0258267530066636,0.00689366457344677,0,0,0,0.000407099238766889,0.00551292930032855,0,0,0.00668542675150587,0.000194829425007373,0,0.00162038105870396,0,4.38286507491005e-05,0.0225018156762467,0.000187360396929992,7.68211262972556e-05,0.0568821149237074,0.0030745537854967,0.00112982842776968,0,0,0,0.00494286856794952,0.00284225643325545,0.0186790184661292,0.00076561900796049,0.000516234737144198,0.000838540667689689,0.0103047002213732,0.00159205244998276,0.000138163408666771,0.000231790307276043,0.0003867358270304,0,0,0.00427887340545499,0.100907388936683
0.00252459151502333,0.0189506617774644,0.0227196540610807,0,0,0.000353893801945692,0.00395179556927666,0.000190044064267668,0.0383864134292918,0.000110466194077896,0.000849767676064574,0,0.00121744576466849,0.000658771787301442,0.00527986326268688,0,0.027315876232084,0,0.000441628385643846,0,0.736303020628002,3.002780124731,2.38846705064911,2.88594244959994,0.00340034075971983,0.0101902001622997,1.02374842981963,0.471073971504255,0.000927351750848283,0.00808918922556599,0.000653944715581173,0,0.00118725307553985,0.022712337517883,0.00407384602154251,0.171417199817423,0.117955753218717,0.136807646827357,0.0303664322777471,0.00273695501076395,0,0,0.0845614745913934,0.0509287650428551,0.0424641094733841,0.0285612749736934,0.00722020033019382,0.00016019755455501,0.0002323094364106,0.000128011530601822,0.00437858534017116,0.00348424202758572,0,0,7.60819156383884e-05,0.00182941252846009,3.83675748524071e-05,0.0048998892814045,0,3.63331977963723e-05,0,0.000294012919522808,0.000350410309832639,0.00228102912968181,0.555550713576196,0.000472321592076054,0,0.000321756846730584,0,0.067354955956515,0.114082761816914,0.226930642155712,0.0255394419193883,0.00318228198379532,0.000594960149393448,0.021769107152228,0.0204902051740373,0.000507863951040698,0.0118230156192656,8.02386519443647e-05,0,0.000127127383079163,0.00549887714508392,0.00325757190238766
0.0778844532766641,0.0459345519453911,2.6645771222896,0,0,0,0.0107091907847167,0.000551043491766336,0.0318340324093878,0.000592993722928293,0.0178115319158558,0.000262131230591199,0.00198835945576535,0.0160479953467546,0.00066489475997078,0.027315876232084,0,0.0135337016012167,2.27038912607713,9.34022928596543e-05,0.0159670832964448,0.0455398269822492,1.89206173508848,0.033635809083193,0.005608871388677,3.87615487618142,0.45767472753918,0.00750119008742119,0.150169565973696,0.0595203057048305,0.00275479930660721,0.000144701767860732,0.0279990549526976,0.542986803086,0.00028855984357942,0.0255898354593312,0.04618270537674,0.160607378527668,0.01052079661529,0.00113061460244299,0,0.000268467549623175,0.00416489312052628,0.0028315981892057,0.00271300937828,0.0015811105403909,0.000141816556967884,0,0,0.000401061224354333,0.0151808267007907,0.00163105835330433,0,0,0,3.05637096922658e-05,5.51022011382714e-05,0,0,0.000267471116332794,0,0.00014187333533501,0.000150745963604127,0.000156781890824256,0.000206501995525389,0.00525032458995512,0,0.000191226363174782,0,3.49190959392032e-05,0.00711873958873339,0.00184397492602729,0.000771527506905839,0.00144037158565657,0.00204912899252073,0.0199090927155195,0.000336265338060799,2.85675248791562e-05,0.000360021309246478,0.000132549024088658,0,0,0.00472850595092898,0.000262217297777512
0.000189566856406399,0.00426977488894337,0.00145895633774304,0,0,0,0.000124192465067339,0,0.000537261619518038,0,0.827665370213446,0,0.0155709206477891,0,0,0,0.0135337016012167,0,3.16054356865696,0,0,0.00122411906718437,0.000100857116974332,0.000125562586808479,0.0472118793475284,1.00722096003839,0.0447084796278682,6.00370706964172e-05,0.000312465048187465,0.000124695201996546,0.034033852516098,0.000124791514091491,0,0.0136334471382246,6.47836053978659e-06,0.00225998849233807,0.0206612733954541,0.0511309299007648,0.00886014959126461,0,0,0,0.00128621546320031,0.00970181964701668,0.00722992165158956,0.00103938516625826,0,0,0,0,0.00454491248225726,0,0,0,0,0,0,0,0,0.00219572243474312,0,0.0067926166837285,0,0,8.21810606910327e-05,0.000314856367427049,0.00169475364043677,0.00166659042457412,0,0,0.000719904075658306,0.000121556106539578,0,0.00914119188596575,0.00671854938228911,0.0110337554948228,0,0,0,0.00188704975812042,0,0,0.000366257390567247,0
0.00185078571875756,0.0105042169062703,0.0188516007872327,0,0,0,0.000424931462322998,0,0.00102880637561847,5.6703253140914e-05,1.73702517426465,0,0.00834747216416088,0.00111143989628788,0.000135177284433041,0.000441628385643846,2.27038912607713,3.16054356865696,0,0,0.00206361353134965,0.00314940760349983,0.00417021393926348,0.000779295839266225,0.0268167147551805,2.01257133897875,0.0668722791926039,0.00130824855254301,0.00568892227631672,0.00321658228444941,0.0154204227770406,0,0.00398137930688572,1.68626850006046,4.84828798948261e-05,0.00158242966295936,0.0256994472671548,0.281515612160396,0.0125136255378286,9.21724809314177e-05,0,0,0.000464654765651356,0.00624352318838387,0.00361924609303998,0.00104549139237856,0,0,0,0,0.0039521082854303,0,0,0,0,0,0,0.000205824055065702,0,0.00213584859057575,0,0.00164451056654991,0,0.00016570044823249,0.000120847127006008,0.000280036423309055,0.000525458508632243,0.000744662119567197,0,0,0.00127747247219409,9.90917596769402e-05,0,0.00647520984893165,0.00425399749641417,0.0079385093724005,5.25897636182355e-05,0,0,0.000505365292952553,0,0,0.000624909125753727,2.75149227597325e-05
0.30982377909405,0,0.000865256362643507,10.8220789052018,0,0.288231341563506,0.244399894938751,0.0476243847615031,0.274776994699522,5.47702417765087,6.97613305335122e-05,6.68887526407973,0,0.0654676657240465,0,0,9.34022928596543e-05,0,0,0,0.000532089636525411,0,0.000476635860735838,1.50102440456902,0,0.000280366362546119,0.000480077787716784,0.271162638351741,0.134659663367731,0.00178193926616881,0,0.000742404759331032,0.408990581995422,0.0312757833160961,0,0.00018622715114909,0.000352776674915522,0.00317500479487178,0,0.166177950595912,0,0,0,0,0,0,0,0,0,0,0.000145551957916878,0,0.0199439615134426,0,0,0,0,0.000344166310480412,0,0,0,0,0,0,0,0,0,0,0,0,0,0,0.000151224072894202,0,0,0,0.000356353310560227,0,0,0,0,0,0,0
0.0352072822474303,0.00078896820795711,0.299809168479008,0.00013671052459653,0.000544011437321652,0.000214152027353007,0.0710748926295885,0.00154713930778436,0.0330602066875562,0.0014123533355091,0.000569368657685934,0.000170488410741035,0.000405638339072336,0.00177076191943631,0.00280952573985989,0.736303020628002,0.0159670832964448,0,0.00206361353134965,0.000532089636525411,0,0.0380697643278146,5.3117328430256,0.105559833157926,0.000556551482861591,0.0145801395999865,0.0404394330878674,2.19624472351344,1.26493463899744,4.35317992538488,0.000453549026745909,0.00099422140120015,0.594976648609958,0.320935175832435,0.00457722843740765,0.318228788934096,0.12327388295591,0.233111889445023,0.0709259156563074,0.00660303653540146,0,0.000227099813878277,0.0218699338429406,0.00578440470615666,0.00489875619174854,0.00600962697255984,0.000313956803589532,0,0,0.000906437499338683,9.64228918127301e-05,0.00303323257146715,0,0,0.000118734463149579,0.00197540860830602,3.07139335129656e-05,0.00187857751615927,0,0,0.000149179729623148,9.16150586796963e-05,0.000774966737092925,0.00153390618409306,0.071923567336775,0.000258350054204825,0,0,0,0.045368907467637,0.0251506965739581,0.0299078573387446,0.0310670885693797,0,0.000250553835190479,0.00174485399018628,0.0517393449113248,0.00100428799153351,0.0300486121966619,0,0.000106626137962231,0.00112939054624903,0.00282274627357772,0.00329912819284262
0.00292305580937272,1.14539573472515,0.00891095287610862,9.69454684936755e-05,0,0,0.0026057485611727,0,2.19159537601704,0,0.00267366629360062,0,0.0146738377271487,0.000522036214367679,0.00279587692152177,3.002780124731,0.0455398269822492,0.00122411906718437,0.00314940760349983,0,0.0380697643278146,0,0.0851100599894345,1.19786040686884,0.33902528288572,0.0176791312229501,1.23335849206573,0.0284564310220425,0.00117345291970432,0.00890846658673115,0.00212629132259655,0,0.000603648612919651,0.0194929185767504,0.00154718373580557,0.0885598124311755,0.0838236148131749,0.0897793575701747,0.0190071229622181,0.00243215355528375,0,0.020326488172988,0.0416348292846949,0.0285668102227138,0.0239266060568101,0.0181747411358902,0.00175406738614544,0,0.000707326179821971,0.000162648952928297,0.173735987597565,0.00262805947112903,0,0,0,0.0013706252076686,9.77278030724043e-05,0.0209741882704326,0,0.000205172335807136,0,0.003553230924246,0.000463750877929159,0.00128940600474507,0.208909118735713,0.0107829287910821,0,0.00177001636692157,0,0.0236495848979831,0.697077053080912,0.0782918686504258,0.0184208250856666,0.0664653990491777,0.00689468499303981,0.0406691374048274,0.00943614949264046,0.000607405718798873,0.00862802094830384,0,0,0.00137092224075676,0.0125697262443148,0.00110502003847391
0.170282895740152,0.00277850464679987,4.59869403483204,0.000240560036501511,0.000103707139155309,0.000932860167717536,0.160563331099041,0.0038755241470368,0.0160722431388635,0.00397240414697912,0.00162515207756604,0.000353193692947789,0.000919156265271647,0.011231449389376,0.0133586771448477,2.38846705064911,1.89206173508848,0.000100857116974332,0.00417021393926348,0.000476635860735838,5.3117328430256,0.0851100599894345,0,0.147457602838702,0.000597163712353469,0.180575747934335,1.38780395013496,0.672406016664576,1.02127632461342,0.352787224125581,0.000901239161730137,0.000833896537118868,0.105657600704843,0.194217998012327,0.0297907696482312,0.651248449560426,0.357862713101371,0.707368372996483,0.113938440753222,0.0209489847462052,0.00116930420018053,0.000694003386634408,0.0450320933601385,0.0179994440123391,0.0137679841833482,0.0135519301120692,0.00168502952860739,6.98983326818947e-05,0.00017584995848493,0.000256739555690846,0.000786497744768016,0.00214910014111396,0,0,0.000255022973295387,0.0017905836510852,2.69452510184912e-05,0.00277572545736652,0,2.0120669543434e-05,0.000247735096049601,8.30820013039816e-05,0.000197825258384257,0.00565671084125045,0.126973866411469,0.000476668382558609,0,0.000168120082056361,0,0.0404743870675388,0.0257135152863622,0.086701915447383,0.0118009724301269,0.000484245323010187,0.000220421595053433,0.01548690878995,0.0134727792420463,0.0003610613618723,0.00856500795994674,2.6596962977849e-05,0,2.95330960417433e-05,0.00363161631414745,0.0184890250500554
0.0421726982495146,0.0197414223690715,0.0348830135530222,3.95395594941005,0,0.00759287468305663,0.530316680399587,0.00279512656274523,7.61638602380163,0.0210590467601361,0.000572307457501723,1.87517070466013,0.00154339880739341,0.0136064048752947,0.00224411434662351,2.88594244959994,0.033635809083193,0.000125562586808479,0.000779295839266225,1.50102440456902,0.105559833157926,1.19786040686884,0.147457602838702,0,0.00816641999273263,0.0188197469829478,0.303125970830859,2.83924030210879,0.0458834703871906,0.167895283641199,0.00132904194732279,0.000158964443543488,0.0406555677500578,0.0724903516642737,0.00134588007239968,0.0773111739564846,0.027765132961873,0.060620310101097,0.025782569044081,0.106252494696111,0,0.000891273376973263,0.0374775668793976,0.0115572144309726,0.0118801395844491,0.00856044945596881,0.000346032267807031,0,0,0.00222583305278104,0.00220859802703859,0.00752267032066955,0.0130850989151615,0,0.000130204297117611,0.0146194587777525,0.000553909033674482,0.0450151202784949,7.76911175318362e-05,7.4378601644387e-05,0.000165338524037554,7.63074320570337e-05,0.00334267031488324,0.000286670061966212,0.126288558573173,0.000442346700832454,0.000112397457604219,0.000258765733477476,0.000796866339209673,0.0649675419454908,0.0541476749311512,0.0590494831813404,0.110207632194042,0.000347991267701764,0.0009528083575186,0.00865848644652567,0.148952695773836,0.00514323123071636,0.0591514507290383,4.67544571181075e-05,6.7665664518538e-05,0.00382459123775356,0.0117908807119453,0.00147156030186192
0.000285959490678191,1.03757128053012,0.00379852802695541,0,0,0,0.000718559206056343,0,0.0824093846004977,0,0.576705293098193,0,3.96124812397854,0.00012264685702952,0.00170814350498207,0.00340034075971983,0.005608871388677,0.0472118793475284,0.0268167147551805,0,0.000556551482861591,0.33902528288572,0.000597163712353469,0.00816641999273263,0,0.223834904284925,1.15088371186085,0.000862251703044027,0.00062974652650467,0.000363203463982583,0.877654385777965,0.000148393893074059,0.000369185995276217,0.0305314295536022,0.000802200810745513,0.0834443318864653,1.67645161803568,0.642942109054416,0.0580576488740885,0.000123066019667592,0,2.05595593790892,0.00982130724702859,0.0767305414688741,0.04204783585068,0.00658453798158145,7.16630222146993e-05,0,0.00125116077999518,0.000571129374067334,0.282038565762474,0.00336444904106015,0,0,0,0,0,0.00948009809062698,0,0.0222787042494378,0,0.0583306919600354,0,0.000231215890770499,0.00291702705585944,0.00387528857195502,0.0146917878860478,0.0189380167460353,0,0,0.0410748380962673,0.00119359623673721,0.000228407844364145,0.452155102973064,0.0518656308090486,0.118149341075841,0,0.000277370826068195,0,0.0252516165285023,0.000136119618366565,0,0.00934243480610678,0.000213860506104877
0.051206845014718,0.042551389808505,2.14273248690561,4.36967564987783e-05,0.000110444240618694,0.000283664211804698,0.0318120167988321,0.00125172127043375,0.0116777838878309,0.000744747168687675,0.843250128419461,0,0.493640896486537,0.0105425991806046,0.000821947846681579,0.0101902001622997,3.87615487618142,1.00722096003839,2.01257133897875,0.000280366362546119,0.0145801395999865,0.0176791312229501,0.180575747934335,0.0188197469829478,0.223834904284925,0,2.44341249049813,0.0230171323042072,0.0251424033752498,0.0453335087287461,1.42348030078762,0,0.00961525798780477,0.129824916520438,0.00140320534684885,0.0579302616180042,0.252655039653896,0.368559682630367,0.0389384935589074,0.000342091596489608,2.64957677762866e-05,0.00231813533080461,0.00443899905022283,0.0303231604003599,0.0186074529763023,0.00448993023026643,0,0,0,4.4971441704626e-05,0.0312431168357081,0.000341639697836102,0,0,2.94615551066184e-05,0.000139735764433454,0,0.000911402886882709,0,0.00995738879573425,2.30438903917052e-05,0.011591425652213,0.000170446791253152,0.000418468099187488,0.000554227778308881,0.00177897688725361,0.00625657052111867,0.00652617487173002,0,0.000218876074506322,0.00353793782051932,0.000927072307886209,7.09984028391328e-05,0.0212504477221446,0.0399052425408253,0.0590504249714779,0.000799020601470862,0.00031210778338338,0.000220645147992957,0.00542340918290507,0,0,0.00351758380334594,0.000891454197237111
0.0324190833710085,1.40429600947452,1.91876123183757,8.27379603972496e-05,0,0.000565078429497684,0.0267568341393366,0.00101256588360646,0.180284118890725,0.0011576725893256,0.115692921833719,0.000451686243338418,0.420112734147457,0.00926493426002275,0.00966150054924578,1.02374842981963,0.45767472753918,0.0447084796278682,0.0668722791926039,0.000480077787716784,0.0404394330878674,1.23335849206573,1.38780395013496,0.303125970830859,1.15088371186085,2.44341249049813,0,0.100475621517827,0.0234440316229024,0.036774338731321,0.51124390023423,2.93567656128729e-05,0.00768533823819957,0.256021814921572,0.0177760175855938,0.333790602751354,0.391688743042449,0.687238004361553,0.0984607912042798,0.00112745914994037,0,0.00342782180783121,0.0644788143273884,0.0843229319859543,0.0729659092476487,0.020064996874484,0.00238329212853578,0.000228631236897516,0.000333484449288557,0.000996128380644678,0.137770306852464,0.0176693427947713,0,0,0.000227673955340907,0.00137006381928802,0.000150430388131535,0.00867346971911592,0,0.0120023000679532,0.000634533617621063,0.0145653789871091,0.000799152811774089,0.00424824454398923,0.0170109954074209,0.0249208951440117,0.00822660860055008,0.0130439430584969,0,0.00401719886037632,0.0713151646613283,0.0513113915762655,0.00328192765934955,0.0679343754398397,0.0931681674411281,0.296527050730893,0.00345736491077056,0.00092717194909601,0.00288263516944817,0.00805798717529946,8.67998399097778e-05,0.000379182721753147,0.0290108924839627,0.011418668487587
0.090786331534506,0.00115052822129281,0.258620852492895,3.38020893718602,0,0.0335563998928361,4.96074618586619,0.0126863725923607,0.473709932324199,1.65405778623597,0.000336303040995497,0.00804508889590361,0.000222841555249899,0.030820746130362,0.00262403777348784,0.471073971504255,0.00750119008742119,6.00370706964172e-05,0.00130824855254301,0.271162638351741,2.19624472351344,0.0284564310220425,0.672406016664576,2.83924030210879,0.000862251703044027,0.0230171323042072,0.100475621517827,0,0.0986089093614081,2.12898896721407,0.000244984033343888,0.00120344351605616,0.116852235296444,0.236908968089207,0.00596965296982083,0.279048655697394,0.0655630574185711,0.173779759288068,0.0663919986845179,0.007624820693438,0.000175376912697788,9.7388399726648e-05,0.0265246786144533,0.00466645017878094,0.00977048381135596,0.00730949144378073,0.000366427428552676,4.41646053377584e-05,0,0.00512529870969529,0.000241057884087945,0.011203965122033,0.00325815352131336,0,7.86693542557861e-05,0.0172944514265809,0.000728075935461677,0.0322317456800188,0,0.000153492019677876,0.000146922516754398,0,0.00403892281688449,0.00114333479900718,0.058662041748356,0.000391149273810219,0,0.000239833812630624,0,0.0407910703880785,0.021119536908162,0.0230759318004721,0.0962590638287849,8.17343830805117e-05,0.00099763244829088,0.0077753972492644,0.17141517111965,0.00782957122034056,0.0672791169857518,7.79115138523565e-05,0.000100685956632344,0.00307364495587365,0.0104020752314441,0.00333597831974265
1.25212717318621,0.000656192154517859,0.064849273880754,0.00682008157695512,0.125762766794005,0.099506798246958,0.19339903955667,0.337221903173255,0.0269635741912873,0.0263555367976104,0.00686278158215984,0.0596668156085588,0.000468951275789575,6.01483580222283,7.63589078242206e-05,0.000927351750848283,0.150169565973696,0.000312465048187465,0.00568892227631672,0.134659663367731,1.26493463899744,0.00117345291970432,1.02127632461342,0.0458834703871906,0.00062974652650467,0.0251424033752498,0.0234440316229024,0.0986089093614081,0,2.53427625307379,0.000828919087915644,1.1947692753509,2.22443173855086,3.1231137023907,8.0248823272002e-05,0.0132248750939348,0.00613840902640119,0.404361730411439,0.0119947078414464,0.0577444456247089,0.393805291642054,0,0.000872632784193025,0.000482229489945452,0.000757558232092202,0.000161055093094307,0,0,0,4.12514035095543e-05,0.00032604062867847,0.000648347447132065,0,0,0,0.00085182305210355,0.000100042782150394,0.000934021597422161,0,4.40986985548813e-05,0,0,0.000250997756384819,3.78969191732513e-05,0.000197028811411932,3.34367237207773e-05,0,2.39201787576361e-05,0,0.00071683898762137,0.0009235303174815,0.000762642110782853,0.0035356202848465,5.20168307166159e-05,0.000112013750405208,0.000916363374040419,0.00647633175433263,0.000462696826810933,0.00157911477620516,0,0,0.000253128327625279,0.000813653798988311,6.63554000113404e-05
0.699810087485242,0.000877001961911405,0.238317232078421,0.00106837682700668,0.000361515830283502,0.000538487456366317,2.79277162105002,0.00242118572313274,0.17909747289622,0.0034480355532187,0.000313095986789483,0.00021155514513573,0.00012551438128023,0.072705606811827,0.00014750900961181,0.00808918922556599,0.0595203057048305,0.000124695201996546,0.00321658228444941,0.00178193926616881,4.35317992538488,0.00890846658673115,0.352787224125581,0.167895283641199,0.000363203463982583,0.0453335087287461,0.036774338731321,2.12898896721407,2.53427625307379,0,0.000395893407595381,0.00118761933546758,0.613463344938251,0.790428630546172,0.00084445945898214,0.0270385850759593,0.00864428351948328,0.0756438585795238,0.0148293360733627,0.000415098777397197,0.000650421933030085,0,0.00589912952547559,0.000681299672634336,0.00305047697971701,0.0015614325125435,0.000408216306662705,0,0,0.00119379735783199,3.94152456152652e-05,0.00241499583363697,0,0,0,0.00400348305847513,7.52033515736993e-05,0.0107107144773194,0,5.52931431902549e-05,0,8.75350123632976e-05,0.00111412522042975,5.18217431486848e-05,0.0183103142749945,0.000222685282902752,0,6.79459826021921e-05,0,0.00946530575203133,0.0111121190049836,0.00511341759074987,0.0291301548250405,0,0.000440378899855663,0.00271261418596289,0.0498155452973251,0.00166007259864034,0.0220435177421599,0,0,0.00163601310827635,0.00337477397134689,0.000327786320687097
0,0.00802377560003988,0.00919238848583159,0,0,0,0.0010320197801383,0,0.000522982285020283,0,0.626944768660772,0,3.93448786094906,0,0.00077367792172925,0.000653944715581173,0.00275479930660721,0.034033852516098,0.0154204227770406,0,0.000453549026745909,0.00212629132259655,0.000901239161730137,0.00132904194732279,0.877654385777965,1.42348030078762,0.51124390023423,0.000244984033343888,0.000828919087915644,0.000395893407595381,0,0.000119220491898047,0.000600701429759116,0.0245253049933173,0.000167738492778437,0.0264100260538212,0.214296976548412,0.207597649848975,0.0347164745339951,0,0,0.0166409717949889,0.00176196754515665,0.0131317396243841,0.00410466781493099,0.00186371683757174,0,0,0,0,0.00169018937970127,6.32339856478084e-05,0,0,0,0,0,0.000334057407361168,0,0.00603016100935004,0,0.01090271532957,0,0.000191392305883373,0,0,0.00376424557483229,0.00138814359861798,0,0,0,2.95109998019747e-05,0,0.00833595976033888,0.0108966819842655,0.0115329027948574,0,0,0,0.0106540805713009,0,0,0.000382457160913638,4.24851753649028e-05
0,0,0.000296098918242609,0,0.757098171878903,0.103951212732499,0.000273549104186322,0.027558487926941,0.00022904217695352,6.17034726872493e-05,0.00474096689667884,8.49069091875773e-05,6.60603615204886e-05,0.0708799242262052,0,0,0.000144701767860732,0.000124791514091491,0,0.000742404759331032,0.00099422140120015,0,0.000833896537118868,0.000158964443543488,0.000148393893074059,0,2.93567656128729e-05,0.00120344351605616,1.1947692753509,0.00118761933546758,0.000119220491898047,0,0.0124212306392425,1.12119172775694,0,0.00257572664894875,0.000895897852143002,0.200866432079479,0.0106227472782209,0.134086138539169,2.41581899098805,0,0.000102103969277225,0,0,0,0,0,0,0,0,0,0,0,0,0,0,0,0,0,0,0,0,0,6.55840408609904e-05,0,0,0,0,0,0,0,0.000157840348504759,0,0,0,9.33587833244231e-05,3.94023835606277e-05,0,0,0,0,0,0
0.115011088903426,0.000709176418368263,0.0371636778296462,0.0333207787984468,0.000781992502439238,0.00486296110669213,0.190493743119622,0.00300649386183466,0.0548810694691326,0.0368875690013522,0.00137861777491202,0.117108284918197,0,0.21413049333688,0.00022307407201921,0.00118725307553985,0.0279990549526976,0,0.00398137930688572,0.408990581995422,0.594976648609958,0.000603648612919651,0.105657600704843,0.0406555677500578,0.000369185995276217,0.00961525798780477,0.00768533823819957,0.116852235296444,2.22443173855086,0.613463344938251,0.000600701429759116,0.0124212306392425,0,1.68811102646998,0.000130117106346312,0.0197029785377798,0.00941608086006231,0.192329620898525,0.0454728453441033,0.005083204689942,0.00762703790549617,0,0.00192888567733068,0,0.000516663017090246,0.0013465001947703,0.000339012773532023,0,0,0,0,0.000675472337050102,0,0,0,0.000540588763208356,0,0.00436795312245566,0,0,0,0,0.00036515195808645,0,0.000653521914300749,0.000150668971753702,0,0,0,0.000706858491231056,0.00157923617321999,0.00031389217995093,0.00309393613198716,0,0.000269700565562391,0.00055348973682229,0.00555580215964519,0.000215491540085474,0.00123082529327829,0,0,0.000991007417184997,0.000272129313503348,2.89947297792664e-05
