0,0,0.00237164371746711,0.000815517729292124,0.000131956433324636,0.0242081931570874,1.43281494935615,0.821564454941256,0,0.0144206831912217,0.000261872233159747,0.000239127774725463,0,3.3521651467765,0.00159452933041038,0,0.01235230730798,0,0.000659687837494472,0.000474177167451184,0.00811667470839066,0.000296105704770427,0.0104892549961465,0.000120442129154945,0,0.000526846938837694,0.000274282694575768,0.00365140609818884,1.29384957459805,0.573070600426867,0,0.00104536285972717,0.0828420323871094,0.0300702618470907,1.76947524772124e-05,0.00394538026154311,0.00101048862311352,0.0149589569821853,0.00717511207311752,0.0553842244238791,0.00421384981215438,0,0,0,8.27362394693124e-05,0,0,0,0,0,0,0,0,0,0,0,0,0,0,0,0,0,0,0,0,0,0,0,0,0,0,0,0,0,0,0,0,0,0,0,0,0,0,0
0,0,0.0216671809468788,0,0,0,0,0,0.290670693027157,0,0.0130404896074452,0,0.0799038729113945,0,0,0.0454063515004379,0.0039638955360154,0.00936996146928036,0.0238140596670425,0,0.000326792988545661,2.46681364144978,0.00101866307371345,0.189982562913889,2.51404894867993,0.0665411212608031,0.765762999863497,0.00213841455231763,3.81793458500155e-05,0,0.0358107606371814,0,0.000454795071580357,0.00405948075201718,3.72727978112585e-05,0.00403213349725175,0.0177904951184459,0.0162640317412057,0.00648102271884864,0.000535553330232058,0,0.00171001039696034,0.00135480171916904,0.00300929436826272,0.00768672238945693,0.00406665089435726,0,0,0.000932968588462479,0,0.652508405150648,0.0389062362495641,0,0,0,0,0,0.00739189213703806,0,0.000686841423758729,0,0.00267315551427504,0,0,0.0102038710978149,0.00102856407509159,0.00103120544503392,0,0,0,0.255819451413382,0.000907186592063564,0.0019304644380126,0.0146598456229797,0.0128920974296274,0.181929826110047,0,0,0.000161601340152784,0.000989819451910678,0,0,0,0.000140110739318464
0.00237164371746711,0.0216671809468788,0,0,0,0,0.00275699729258049,0.00025903204180535,0,0,0.000220980096651176,0,0,0.000487550779507216,0.000124427079702231,0.00811963782263369,1.17786304918609,0.000135109334991076,0.0179318671300707,0,0.160687984271296,0.00464394494591392,2.86049510932071,0.00304861619319555,0,1.99783463362899,1.65484035180956,0.0346400402899134,0.00420505358833466,0.0447367608839678,0,0,0.00179126688552294,0.0621247397017697,0.00143260030815345,0.0842653046231589,0.0843782817137985,0.208438207880229,0.121172276013958,0.00596850523595918,0,0.000341357399067412,0.00036044842249399,0.000600404453472607,0.000369095166870004,0.000471662405935767,4.80787325338366e-05,0,0,4.77213994118965e-05,0.0141759318374045,0.00287755789585524,0,0,0,0,0,0.000479129079637458,0,0,0,0,0,0.00195405103289435,0.00216340675683678,0,0,0,0,0,0.00379677146492686,0.000266829004555647,0,0,0,0.024524433658908,0,0,0,0,0,0,0.000281171631476881,0.00140317579065671
0.000815517729292124,0,0,0,0,0.00718990300707005,0.0157823447832047,0.00122976991104063,0.280345247860931,1.31631631158538,0,1.43844641263328,0,0.00102069154172615,0.00501316915448531,0,0,0,0,11.5682619661255,0,0,0.000150335249006183,4.80078032943331,0,0.000105045795846413,0,2.92649828881076,5.77615910011815e-05,0,0,0,0,0,0,0.000651844012698554,0,0.000186605756794377,0,0.0101854057122606,0,0,0,0,0,0,0.00089076324982511,0,0,0,0,0,0.13893673336981,0,0,0,0,0.000189793652941066,0.000380261362133837,0,0.00564906324155747,0,0,0,0.000566434202476179,0,0,0,0.0531356879068087,0,0,0,0.00578924438706447,0,0,0,0.00114859350869534,0,0,0,0,0,0,0
0.000131956433324636,0,0,0,0,0.96432984197802,0.000298142987942539,0.319224425868431,0,0.00046242887033833,0,0.000643204749677339,0.000119439329388717,0.0221696846603792,0.236586681143984,0,0,0,0,0.000395465990789842,0,0,0,0,0,0,0,4.02052993453954e-05,0.0526525396563718,0,0.000172963586635906,2.84441575566395,0,0.0487809728570124,0.00910347604246318,0,0,0.0058500968245459,0,2.26606594800782,3.97076995169958,0,0,0,0,0,0,0,0,0,0,0,0,0,0,0,0,0,0,0,0,0,0,0,0,0,0,0,0,0,0,0,0,0,0,0,0,0,0,0,0,0,0,5.38711491898853e-05
0.0242081931570874,0,0,0.00718990300707005,0.96432984197802,0,0.302664912902178,2.73889992796147,0.00472493979447971,2.04463266351834,3.84140396501864e-05,3.50521070313731,0,0.367530836451445,3.4904505688442,0,0,0,0,0.142079826817808,0.00029304807471636,0,0.000100605096496704,0.0222289386691484,0,0.00013622765762997,0,0.0458337077560219,0.243186284520671,0.00185476922512038,0,0.258899317851433,0.00124091139317583,0.00846586802248464,0.00198456034009143,0.000237282191923281,0.000123463995072492,0.00320514683100583,0.000205672802681026,1.60906952488807,0.0656771255769773,0,0,0,0,0,6.97124672064038e-05,0,0,0,0,0,7.42971496037886e-05,8.35682282884715e-05,0,0,0,0,0,0,0.00176701530255113,0,0,0,0,0,0,0,0.000111300942305108,0,0,0,0.000688042342710488,0,0,0,0,0,0,0,0,0,0,0
1.43281494935615,0,0.00275699729258049,0.0157823447832047,0.000298142987942539,0.302664912902178,0,0.560376167547944,0.000693091322408378,0.859436410792347,0.000310470281112741,0.0113988053703285,0,1.0120339158339,0.0228939870482254,0.000117020335282274,0.00473129130367009,0,0.000276713429732588,0.00149394692960131,0.0394517371993698,0,0.0198885369057196,0.0484837567946325,4.25313751005055e-05,0.000345657833081839,0.000713027449313955,3.58696686701768,0.114083428487462,1.77677348398224,2.84159421794737e-05,0.00073916855751827,0.0070037727052928,0.0134356135829934,1.45718734077135e-05,0.00133385884724388,0.000273503841475549,0.00949830580669667,0.00138409690054031,0.0947501671157783,0.00158583826438739,0,0,0,0,0,0,0,0,0,0,0,0,0,0,0,0,0.000104461262465392,0,0,0,0,0,0,0,0,0,0,0,0,0,0,0.000105452699878551,0,0,0,0,0,0,0,0,0,0,8.47129442206948e-06
0.821564454941256,0,0.00025903204180535,0.00122976991104063,0.319224425868431,2.73889992796147,0.560376167547944,0,0.000296127404301166,0.320415164768125,0.000544080178887785,0.0258646856381325,0,4.36829393138923,0.0257809291525453,0,0.00355571737486301,0,0,0.0147062841903155,0.00257490783885946,0,0.00321072546226397,0.000976415830700947,0,4.42963469136982e-05,7.87311694643855e-05,0.0147958380422738,0.277729327145237,0.0454718700786094,0,0.293403320940105,0.00100057186625148,0.0118104519516981,0,7.16323308865003e-05,0.000274065980537563,0.0050162241905076,5.48470527719155e-05,0.30179730414903,0.0164388113688354,0.000108264823451867,0,0,0,0,0,0,0,0,0,0,0,0,0,0,0,0,0,0,0.000299640656407318,0,0,0,0,0,0,0,0,0,0,0,0,0,0,0,0,0,0,0,0,0,0,0
0,0.290670693027157,0,0.280345247860931,0,0.00472493979447971,0.000693091322408378,0.000296127404301166,0,0.0089912733933383,0.00178463542035183,2.06786222753665,0.0103371993280737,0.000183322337832253,0.385415187459232,0.00487827790144988,0.000511337297940148,0.00295601155689341,0.00180286163004672,0.543298588779696,0,2.13713516909921,0,5.01023615657672,0.0676919754277076,0.00827508239594653,0.0466145050797602,0.05803214207635,0.000139485426036381,0,0.00487514521807134,0,0,0.000632066763623929,0,0.220769433759147,0.00249494387895993,0.00135662047805494,0.00115115935003894,1.80009166509642,0.000938503510825219,0,0.00421253524530645,0.000470908883439288,0.000860879889541802,0.00193268880706172,0.0116770486931445,0.000216319963233097,0,0.000300849648735557,0.00332002852906785,0,0.0102916698090465,0.000122816546189808,0.00303288491890082,0.000208933535462735,0.000293869507484194,1.0477275266281,0.000496687310810318,0.000132508226737961,0.138998963237189,0,0.000446865464628788,0.00148981437509121,0.03827720860114,0,0.000215154661832667,0,0.0201208350369953,0,0.049781121690123,0,0.420107968586601,0.00140234167380018,0.00023591695514092,0.00148127339952924,0.0062078380270242,0.00130930521980604,0.000931385796617317,0.00115396713030633,0.000274399489137434,0,0.000946275113553174,0
0.0144206831912217,0,0,1.31631631158538,0.00046242887033833,2.04463266351834,0.859436410792347,0.320415164768125,0.0089912733933383,0,0.000318998637267507,1.85482509914266,0,0.183108601665142,0.0476332954083532,0,0,0,9.5334662436386e-05,2.86235103691122,0,0,0,0.0836384490588968,0,1.47015799565958e-05,2.65085930798196e-05,1.28284196684208,0.023398203622433,4.73364807632723e-05,0,0.00130686985227566,0.00395773846500333,0.0103733064658515,0.00161840558020426,0.000730926073080274,0.000548970971348466,0.00828853186562478,0.00297169701659729,0.149384568430581,0.00177434417896042,0,0,0,0,0,3.17319325535263e-05,0,0,0,0,0,0,0,0,0,0,0,0,0,0.00166275346877403,0,0,0,0,0,0,0,8.76201438612598e-05,0,0,0,0.000551778711816966,0,0,0,0,1.64744121286267e-05,0,0,0,0,0,0
0.000261872233159747,0.0130404896074452,0.000220980096651176,0,0,3.84140396501864e-05,0.000310470281112741,0.000544080178887785,0.00178463542035183,0.000318998637267507,0,0.000192493379706282,1.94490497230537,0.00141409256825098,0,0.000394382441857411,0.0052445572882831,1.48579480340791,2.02910631119821,0.00025038145699643,0.000442442758311225,0.00589216094770806,0.000561519520626105,0.00124444055392698,1.20770184768032,0.692887897613343,0.0485966515690801,3.3550449369985e-05,0.0284448319772821,0.000771557594428937,0.213399817137159,0.00815492018886957,0.00336922868925463,1.44016153570791,0.000405248902812542,0.0451617225433509,0.910019294920256,1.40072569078602,0.0706457169513807,0.0303071479289671,0.0830237506568938,0.899996719096783,0.00114445779528447,0.00318840140083214,0.00467197739432663,0.000281897056556346,0,0,0,9.00160948766569e-05,0.00722042594084304,4.87129728467851e-05,0,0.000162437810604025,0,0,0,0.000885153020223496,0,0.0300905785432435,0.000167968426271008,0.023794377507474,0,5.6193236245344e-05,0,0,0.0110081174297396,0.00186994212974156,0,0,0.00172695323698492,0,0.000368516786016677,0.126235598289277,0.0279775806226713,0.0326616744163085,0,5.12037731305428e-05,0,0.01508843738998,0,0,0.0013213508716587,0.000307263002000572
0.000239127774725463,0,0,1.43844641263328,0.000643204749677339,3.50521070313731,0.0113988053703285,0.0258646856381325,2.06786222753665,1.85482509914266,0.000192493379706282,0,5.31046593297115e-05,0.0127012469848565,0.820904385733607,0,0,0,0.000133531189804633,10.0946063469964,0,0,0,1.91806301682939,0,2.23748763751278e-05,2.57062650132461e-05,0.0562063288022471,0.012951645901106,0,0,0.00145523085549784,0.000964748427656391,0.00500464486038618,0.000673744741215191,0.0305542841008323,0.000329115052864759,0.00451825781165079,0.000515419594796195,1.35124945703794,0.00080760606634487,0,0.000253960694123273,0,0.000461162300209228,0,0.00468981187585033,0,0,0,0,0,0.00162442888214664,0,0.00192926915078541,0,4.46347398637089e-05,0.00496707922783172,0.000151365683914892,0,0.173177503316805,0,0.000111902656120062,0.00122362094519923,0,0,0,0,0.140548428226366,0,0,0,0.0215170404589979,6.55661865817895e-05,4.08077724519708e-05,0,7.07339512854611e-05,0.000107384403624414,0,0,0,0,3.6345338305069e-05,0
0,0.0799038729113945,0,0,0.000119439329388717,0,0,0,0.0103371993280737,0,1.94490497230537,5.31046593297115e-05,0,3.96508303400055e-05,0,0.000516802853604434,0,0.0225811157914065,0.00577977288312162,0,3.60878721229181e-05,0.0293199112400978,0,0.00714099202481946,3.47224116852304,0.204424021445873,0.362590771897998,4.50161071373799e-05,0.00144362794523663,0,1.99161545404062,0.000979470800285251,0.000524493722847266,0.194563588298109,5.96807481900762e-05,0.00655302695348726,0.535204024637207,0.244940620256006,0.0247614013044071,0.00464439562591716,0.00623539589383016,2.12576357607894,0.00421579773628855,0.00343718879810411,0.00531681716781578,0.0388707113256846,0,0.0110426174234365,0.000265627944585678,0,0.00928012802417228,0.000673857918952858,0,0,3.47202560391502e-05,0,3.60379833404269e-05,0.00149028952312968,9.27632064036217e-05,0.0488984869117085,0,0.104567460029679,0,0,0.000258836895537545,0,0.0133567891622731,0.00279946597126592,0,0,0.00331839986935736,0.000121614374817806,0.000791831955947286,0.264305513159796,0.0295698175110416,0.0308279031645541,0,0.000139217863557482,0,0.0244565250219795,0,0,0.000628810212839291,9.39815844202467e-06
3.3521651467765,0,0.000487550779507216,0.00102069154172615,0.0221696846603792,0.367530836451445,1.0120339158339,4.36829393138923,0.000183322337832253,0.183108601665142,0.00141409256825098,0.0127012469848565,3.96508303400055e-05,0,0.00389392937370825,0,0.00460052323200289,5.7572965995767e-05,0.000929089330116343,0.00722390516025079,0.00223762770164463,0,0.00425352345108958,0.000421557777278231,0,0.000543108558470477,5.58642916482104e-05,0.0102716563644411,3.2457244730758,0.0713488145238958,0.000104424652696477,0.156351923467227,0.0070123087108119,0.0395981457987505,0,0.000489406770060998,0.00138924152900253,0.0151883064716876,0.000867588814825838,0.244162240136651,0.0343131085945688,0,0,0,0,0,0,0,0,0,0,0,0,0,0,0,0,0,0,4.17047387368252e-05,0.000160318039696752,0,0,0,0,0,0,0,0,0,0,0,0,0,0,0,0,0,0,0,0,0,0,0
0.00159452933041038,0,0.000124427079702231,0.00501316915448531,0.236586681143984,3.4904505688442,0.0228939870482254,0.0257809291525453,0.385415187459232,0.0476332954083532,0,0.820904385733607,0,0.00389392937370825,0,0,0,0,0,0.0273119352438124,4.36480127006134e-05,0,0.000333446569542799,0.00580294373489277,0,3.53756006889229e-05,9.94179556417854e-05,0.00383920792636177,0.00258409494543154,0,0,0.0179708981161204,0,0.000820998818216512,0.0381770770447251,0.012717583848483,0.00197839433796426,0.00134374758597355,0.0033583240697879,4.36183431421921,0.207738807885126,0,0,0.000832833094312924,0.000837361929674485,0.00749449581847087,0.00134256354021714,0,0,0,0,0.000401009846229011,6.5895730718659e-05,0,0,0,0,0,0,0,0.00025632918908098,0,0,0.00380052823020796,0,0,0,0,0.000137539249246085,0,0,6.46730426223218e-05,0,0,0,0,0,0,0,0,0,0,0.000564569831943557,0.00519296018101375
0,0.0454063515004379,0.00811963782263369,0,0,0,0.000117020335282274,0,0.00487827790144988,0,0.000394382441857411,0,0.000516802853604434,0,0,0,0.00469409396141991,9.9574897962848e-05,0.000924579888893667,0,1.4208602762302,2.93127720492908,2.28085674146904,0.875035101406131,0.00369656171702417,0.00312428123695398,0.908201128136434,0.291807783989661,0,0.00321061883396535,0.000679119737920122,0,0,0.00795715555203317,0.000525279065691993,0.03568235504674,0.0164633104575238,0.0315529761040599,0.017548388839053,0.0052799786613032,0,0,0.00418258713168097,0.00136639456086057,0.00155553350546911,0.000769940977881951,0,0,0,0.000433081077431865,0.00124433701520639,0.000102625744614234,0,0,0,0.000244934742037602,0,0.00395995245751781,0,0,0,0,0,0,0.153134564026497,0,0,0,0,0.000728419633246065,0.307795598397435,0.00355043805342791,0.00394670448497695,0,0.000138299761746809,0.00480589322714882,0.000251493405096618,0.00020824628306727,0.00487874463868453,0,0,0,0.000535300235455406,0.000231352160478548
0.01235230730798,0.0039638955360154,1.17786304918609,0,0,0,0.00473129130367009,0.00355571737486301,0.000511337297940148,0,0.0052445572882831,0,0,0.00460052323200289,0,0.00469409396141991,0,0.00327207054940904,1.52913528819022,0,0.0750996261267687,0.00639659315889294,1.87672234302614,0.000899665740173062,0,1.55233060131975,0.158495474178581,0.0102793480647985,0.23017276940505,0.188689457876566,0,0,0.0120915299877698,0.411905750335287,0.000763755155389616,0.0534105915688765,0.752105306524818,0.349114276379936,0.0703892250152188,0.00422006613313208,0,0,0.000432726138170816,8.93455595755033e-05,0.000201929844428461,0.00056122407449111,0,0,0,0,0.00553833870660419,0.00115906695245098,0,0,0,0,0,0.000322328418231972,0,0,0,0,0,0.000219047166637574,0.00049152769147911,0.000230568278018661,0,0,0,0,0.000500866860426177,0.000212561228569369,7.36008214915649e-05,0,0.000574103633358179,0.00528125437986436,0,0,0,0,0,0,0,0.000764072847879361
0,0.00936996146928036,0.000135109334991076,0,0,0,0,0,0.00295601155689341,0,1.48579480340791,0,0.0225811157914065,5.7572965995767e-05,0,9.9574897962848e-05,0.00327207054940904,0,3.60035580184373,0,0.000320229619246449,0.00337960048624774,0,0.000764749583665487,0.061446254162242,0.447287774090074,0.029567718702551,0,0.000468757942291346,0,0.0100532509874536,0.000547320842763561,0.000159687016827448,0.0375868452830289,0.000142897505698745,0.00653256311323926,0.0483319357307898,0.0471662470772707,0.0122276960214006,0.00070586295496542,0.00271495831022923,0,0.000119349747111817,0.000288654501409517,0.00398664543739922,0,9.50226122520626e-05,0,0,0,0.00543884756421292,0.000233720061000066,0,0,0.000198308649006856,0,5.97103611442613e-05,0.00124935591027009,0,0.00440020912528975,8.85921588297135e-05,0.00831542529229844,0,0,0,9.44572181966032e-05,0.0132576237645838,0.00291850453142784,0,0.000188494339816825,0.00178461081085647,0,0.000132465886033471,0.0136772971880192,0.0112202557065831,0.0175206476740527,0,0,0,0.00501638796047774,0,0,0.00104213404999265,0.000131442035016889
0.000659687837494472,0.0238140596670425,0.0179318671300707,0,0,0,0.000276713429732588,0,0.00180286163004672,9.5334662436386e-05,2.02910631119821,0.000133531189804633,0.00577977288312162,0.000929089330116343,0,0.000924579888893667,1.52913528819022,3.60035580184373,0,0.00022203529856455,0.00251953759151505,0.0102086148897951,0.00682207398940848,0.0018629901261983,0.0182729678022831,2.48653971417223,0.137023551173332,0.000200518790455578,0.00566856823831887,0.00379484651562709,0.00664617565375522,0.00188443217503589,0.00168811845962105,0.783437328692899,0.00125207991359297,0.108017665406342,0.608748919488231,0.919706736389333,0.169910628261754,0.00460612289775778,0.00411226903363142,0,0.000610421928562957,0.000479525641614766,0.00266810884127744,0.0016861570919509,0.000353050172409303,0,0,0,0.0259392656824816,0.00293336071167898,0,0,0.00024486642079077,0,0,0.000317684308067569,0,0.00388014921842164,0,0.0042950060510722,0,0.00018989881053668,0.000769655351357548,0,0.00640460707567536,0.00243188672999527,0,0,0.000933931381426313,0,0,0.00701782720300841,0.0147212924599552,0.0283691542278161,0,0,0,0.00258922158387932,0,0,0.0013233510174111,0.00112631541415033
0.000474177167451184,0,0,11.5682619661255,0.000395465990789842,0.142079826817808,0.00149394692960131,0.0147062841903155,0.543298588779696,2.86235103691122,0.00025038145699643,10.0946063469964,0,0.00722390516025079,0.0273119352438124,0,0,0,0.00022203529856455,0,0,0,0,2.36207366164648,0.000122995234678193,0,0,0.748918350116535,0.00554135050231157,0,0,0.000394872511187048,0.000981209785309785,0.00292595474118249,0,0.000664314371813884,0,0.00382154676932076,0.000724531829911734,0.0950989539582189,0.00142988175386576,0,0,0,0,0,0.000784748740272057,0,0,0,0,0,7.32581071708413e-05,0,0.000363963236405866,0,4.70657134143885e-05,0.000904982556256723,0,0.000100639932588797,0.0256908253292311,0,0,0,0,0,0,0,0.0121712955138392,0,0,0,0.00677619543111696,0,0,0,4.19677676070061e-05,0,0,0,0,0,0.000192401188013547,0
0.00811667470839066,0.000326792988545661,0.160687984271296,0,0,0.00029304807471636,0.0394517371993698,0.00257490783885946,0,0,0.000442442758311225,0,3.60878721229181e-05,0.00223762770164463,4.36480127006134e-05,1.4208602762302,0.0750996261267687,0.000320229619246449,0.00251953759151505,0,0,0.0374097219386466,5.53143649951867,0.162663439150101,0,0.00393742830702704,0.0665695165177374,1.04049924596996,0.113068441532203,3.01583037677673,0,0.000398621244201341,0.2729317877029,0.375969431751682,0.00575177025212189,0.15653141938613,0.0439229644403687,0.323216669720339,0.0859231962562836,0.0225364625232736,0,0.000845536873494699,0.00192353069842149,0.000207707258312803,0.000385822869879884,0.00144149287000479,0.000271144970467102,0,0,0,0,0,0,0,0,0,0,0,0,0.000157674619817906,0,0,0,0,0.00435797411939627,0.00041842552369132,0,0,0,4.23390992327817e-05,0.00581729913572284,0.000245056984493092,0,0,0,0.000285964673816894,2.37966215203159e-05,0,0.00069360108338481,0,0,0,0,0.00253082665638214
0.000296105704770427,2.46681364144978,0.00464394494591392,0,0,0,0,0,2.13713516909921,0,0.00589216094770806,0,0.0293199112400978,0,0,2.93127720492908,0.00639659315889294,0.00337960048624774,0.0102086148897951,0,0.0374097219386466,0,0.0700479295623431,1.78127688382551,0.249471261785605,0.0227231461005928,0.610838471847012,0.0276211140507164,0,0.0143659718550642,0.00934129988018203,0,0,0.00980196956713578,0.000543567632984198,0.0374932983147458,0.0131123636698897,0.0326371182187048,0.00794303006248711,0.00410728854827657,0,0.000212280630076091,0.0269836906783844,0.0249812358403378,0.0107066046348219,0.00759976825989566,0.00262666934857074,0,0,0.00072000654104723,0.155482585489201,0.00529607713800985,0,0,0,0.00095784480967726,0.000169288012988408,0.113526039744887,0,0,0,9.85552488458503e-05,0.000291206787941106,0.00298547930606294,0.45958197640724,0.00203880400198083,0,0.000585983797586131,0,0.00491021874472359,1.73817067307912,0.0117310220163086,0.0168888256942151,0.00131565710833255,0.00117457659126402,0.057545929437174,0.00138507155546376,0.0052030972544602,0.0424522551742331,0.000912303916845592,0,0.000818424191747677,0.0080644673967106,0.000316743507104176
0.0104892549961465,0.00101866307371345,2.86049510932071,0.000150335249006183,0,0.000100605096496704,0.0198885369057196,0.00321072546226397,0,0,0.000561519520626105,0,0,0.00425352345108958,0.000333446569542799,2.28085674146904,1.87672234302614,0,0.00682207398940848,0,5.53143649951867,0.0700479295623431,0,0.055861902440461,4.45754256242058e-05,0.0902875670376023,0.903543303734561,0.394733285870076,0.0240145813189766,0.397906146345032,0,0,0.0335781746987902,0.209055488717444,0.00724376218489994,0.251162526794908,0.169811937597859,0.380599797109692,0.196111824021559,0.0549728596385718,0.000579041916996123,0.00227994048056122,0.0033411942268725,0.000873603968615744,0.000404354154198133,0.0017308998086374,0.00011301030077815,0,0,0,0,5.52220861268441e-05,0,0,0,0,0,0,0,0,0,0.000178662105507277,0,0,0.0170510748484893,0,0,0,0,4.82281469407035e-05,0.034004483727799,0.00136655404780198,0.00018587455034242,0,0.00012178643690347,0.00280782736575762,0,0,0.000175089944539221,0,0,0,0,0.00429371381131308
0.000120442129154945,0.189982562913889,0.00304861619319555,4.80078032943331,0,0.0222289386691484,0.0484837567946325,0.000976415830700947,5.01023615657672,0.0836384490588968,0.00124444055392698,1.91806301682939,0.00714099202481946,0.000421557777278231,0.00580294373489277,0.875035101406131,0.000899665740173062,0.000764749583665487,0.0018629901261983,2.36207366164648,0.162663439150101,1.78127688382551,0.055861902440461,0,0.0366564632802175,0.00788160292843453,0.181669668012728,3.26920037722378,0.000238167138045535,0.000363076686425464,0.00254671859427839,0,0.000122553596228329,0.000633874147773022,3.71870314057757e-05,0.0110936316381158,0.00110610946280382,0.00266383213473401,0.000738350926378215,0.0588085460520887,0,0,0.00354965980414246,0.00101542182478023,0.00138290474789914,0.000149516813452742,0.00659708774554894,3.61158446782355e-05,0,0.000202128210455982,0.00155486420346892,0.000113274534300815,0.00272716500966981,0,0.0013833059677573,0.000543384992961104,0.00022682677379715,0.243985092423183,0.000204454586363965,0.000246773581124152,0.0513585642922,0,0.000202399210707209,0.0005231856467701,0.02759902123405,0,0,0.000124149608890201,0.00948597549517363,4.2247958958859e-05,0.0254674321024164,0.000242403392079846,0.520569901173958,0.00045427439421037,0.000499322339004333,0.00422694625743144,0.012382921533746,0.000885959515884651,0.00374013122597698,7.31093327130568e-05,0,0.000414318426523606,0.00113893416896025,0.000121249447274052
0,2.51404894867993,0,0,0,0,4.25313751005055e-05,0,0.0676919754277076,0,1.20770184768032,0,3.47224116852304,0,0,0.00369656171702417,0,0.061446254162242,0.0182729678022831,0.000122995234678193,0,0.249471261785605,4.45754256242058e-05,0.0366564632802175,0,0.187020004431646,0.54427284507878,0.000436872045704127,0.000477674642949932,9.115491726159e-05,0.354169804187895,0,0.000240767379400569,0.0642597099757,0.000154780809156559,0.00909683523908111,1.56150669928128,0.203802464409367,0.00670691041709448,0.00197167517976898,0.00406691949249053,1.60426653438199,0.000554226388188861,0.00660640828662539,0.00633712741455696,0.000774514182655353,0,0,0.0259216851704155,0,0.153174797936458,0.00193568855061139,0,0,6.42978725236428e-05,0,0,0.00263316830813326,0,0.0118267448212399,0,0.0268845634525164,0,0.000129321409098881,0.000393896322299928,0,0.0223801010829837,0.0177976798991362,0,0,0.00371175293524875,0,0.000494451147725137,0.202170261851523,0.0440806327341183,0.102270092057435,0,0,0,0.0126699216999444,0,0,0.00287698486294699,4.08470906923734e-05
0.000526846938837694,0.0665411212608031,1.99783463362899,0.000105045795846413,0,0.00013622765762997,0.000345657833081839,4.42963469136982e-05,0.00827508239594653,1.47015799565958e-05,0.692887897613343,2.23748763751278e-05,0.204424021445873,0.000543108558470477,3.53756006889229e-05,0.00312428123695398,1.55233060131975,0.447287774090074,2.48653971417223,0,0.00393742830702704,0.0227231461005928,0.0902875670376023,0.00788160292843453,0.187020004431646,0,2.17490222164213,0.00222973076304205,0.00242932708330243,0.00420101864370032,0.287095291991206,0.000212220656257715,0.000220197124589931,0.0894934898665931,0.00147836165189455,0.0554966068656543,0.232384894096717,0.205855342994808,0.0548457619093485,0.00309308313032672,0.00450800143683774,0.0021772420899774,0.00129086694209935,0.00361783672726526,0.0108626626449303,0.00102620987580416,0,0.000134194980215718,0.000385059123217965,5.72079320514814e-05,0.0537918958127522,0.015297988679893,0,3.81726986125354e-05,8.97686300160641e-05,6.34150359500245e-05,0.000106532186043123,0.00188487078764187,1.76379358608058e-05,0.0183431139638521,0.00021269459754786,0.0248528493640318,0.00014137004795402,0.000201682837966066,0.000808267429097202,0.000988695065283256,0.0215096103298454,0.013668078065805,8.9305525756055e-05,0,0.00391600954389341,0,0.00156510125181873,0.0386269899637134,0.086920581027202,0.177549073178517,0,0.000186978214971818,0,0.0121272646951865,5.1362837757505e-05,0,0.00388740284129248,0.000938694935958598
0.000274282694575768,0.765762999863497,1.65484035180956,0,0,0,0.000713027449313955,7.87311694643855e-05,0.0466145050797602,2.65085930798196e-05,0.0485966515690801,2.57062650132461e-05,0.362590771897998,5.58642916482104e-05,9.94179556417854e-05,0.908201128136434,0.158495474178581,0.029567718702551,0.137023551173332,0,0.0665695165177374,0.610838471847012,0.903543303734561,0.181669668012728,0.54427284507878,2.17490222164213,0,0.104479519856066,0.000847446613147094,0.00257102626664402,0.1744787627669,0.000131686695600799,0.000284442379016382,0.0849468695178601,0.00491115392338401,0.130700285386893,0.0992274578736964,0.286017117273153,0.112365402154782,0.0102046396955503,0.000389694065744623,0.000220044679684405,0.00571265917110711,0.00679571296370754,0.0118775246964977,0.00329603259278384,0.00068945511379801,8.38058373721336e-05,5.71222801175574e-05,0,0.190562475519981,0.0520843827029543,0,2.39013716332131e-05,0,0,5.07129494132209e-05,0.0032087984067994,0,0.00832254881836151,4.32575878170278e-05,0.0110170835996936,6.85462873526175e-05,0.000455149235571397,0.0917243025822686,0.00180899623676449,0.0151183920181106,0.0119236854985165,0.000105722603475281,0.000421974052130778,0.0930252783167601,0.020956811591619,0.00506936136240034,0.0219738323931115,0.0911487328203979,0.503435778724566,0.000300288396476115,0.000123594913042318,0.000101234333552974,0.00482258109892189,0,0,0.00374285085373178,0.00429721328134597
0.00365140609818884,0.00213841455231763,0.0346400402899134,2.92649828881076,4.02052993453954e-05,0.0458337077560219,3.58696686701768,0.0147958380422738,0.05803214207635,1.28284196684208,3.3550449369985e-05,0.0562063288022471,4.50161071373799e-05,0.0102716563644411,0.00383920792636177,0.291807783989661,0.0102793480647985,0,0.000200518790455578,0.748918350116535,1.04049924596996,0.0276211140507164,0.394733285870076,3.26920037722378,0.000436872045704127,0.00222973076304205,0.104479519856066,0,0.00269940583225234,0.940292194078595,0,0,0.000858516479364091,0.0124536372987765,0.000606077417232525,0.0162737610938221,0.00387508096577484,0.0398978265661809,0.0127164168194605,0.0175046842261458,0.000308046413802894,0.000102375297035408,0.000205853784150099,6.353963443303e-05,0.000362919110383665,0.000224007965319916,0,0,0,0,5.12578805681643e-05,0,0,0,0,0,0,0.00317423363170055,0,0,6.84087826812174e-05,0,0,0,0.00290748308620475,0,0,0,0,0,0.00238761580602033,0.000147239633915911,0.00639749022903687,0,0,0.000148234460940481,0.000410201263517115,0,0.000104297180496952,0,0,0,0,0.000184971533233704
1.29384957459805,3.81793458500155e-05,0.00420505358833466,5.77615910011815e-05,0.0526525396563718,0.243186284520671,0.114083428487462,0.277729327145237,0.000139485426036381,0.023398203622433,0.0284448319772821,0.012951645901106,0.00144362794523663,3.2457244730758,0.00258409494543154,0,0.23017276940505,0.000468757942291346,0.00566856823831887,0.00554135050231157,0.113068441532203,0,0.0240145813189766,0.000238167138045535,0.000477674642949932,0.00242932708330243,0.000847446613147094,0.00269940583225234,0,2.19876358272302,0.000770550587168395,1.34057365017687,2.34273049789921,1.49610515378703,0.000372099433128267,0.030113536390913,0.0111011081615118,0.352383049976796,0.024555440645655,0.458765567091102,0.796466688008912,0.000187885592555032,0,3.55692913511852e-05,0.000281940622112483,0,0,0,5.36005757622352e-05,0,0,0,0,0,0,0,0,0,0,9.24772655596252e-05,2.65890349654572e-05,0.000120940049807355,0,0,0,0,0,0,0,0,0,0,0,0,2.40190293885128e-05,0.000192763228483571,0,0,0,0,0,0,0,0.00026108886132914
0.573070600426867,0,0.0447367608839678,0,0,0.00185476922512038,1.77677348398224,0.0454718700786094,0,4.73364807632723e-05,0.000771557594428937,0,0,0.0713488145238958,0,0.00321061883396535,0.188689457876566,0,0.00379484651562709,0,3.01583037677673,0.0143659718550642,0.397906146345032,0.000363076686425464,9.115491726159e-05,0.00420101864370032,0.00257102626664402,0.940292194078595,2.19876358272302,0,0.000118974244474118,0.000311051989648449,0.535764509141639,0.656517799273136,0.00131868923776654,0.0782891829254466,0.0160113477671358,0.15435324440109,0.0265010714761604,0.00776518693641615,0.000901034764390006,0.000143141491632264,0.000413415648494646,0.000265143543254701,0,5.90010317799527e-05,0,0,0,0,0,0,0,0,0,0,0,0,0,0.000140345673067532,0,0,0,0,0.00162606837875909,0,0,0,0,0,0.00230536826144512,0,0,0,0,7.12428533097137e-05,0.000112574758450956,0,0.000394300497393244,0,0,0,0,0.000552203215428322
0,0.0358107606371814,0,0,0.000172963586635906,0,2.84159421794737e-05,0,0.00487514521807134,0,0.213399817137159,0,1.99161545404062,0.000104424652696477,0,0.000679119737920122,0,0.0100532509874536,0.00664617565375522,0,0,0.00934129988018203,0,0.00254671859427839,0.354169804187895,0.287095291991206,0.1744787627669,0,0.000770550587168395,0.000118974244474118,0,0.0003024877746436,0,0.0139951960057703,4.41938801001023e-05,0.00601344920023411,0.18326350044427,0.0502252426607905,0.00654355042138371,0.00123637502314602,0.00370123436693281,0.0234137340170044,0.000340801292242273,0.00120893410261722,0.005278458909548,0.000911445712150738,0,0,0,0,0.0094910032762517,0,0,0,0,0,0,0.00351031668852843,0,0.0127375438151186,0,0.0152470799498279,3.8120299920643e-05,0,0,0,0.0182628385603369,0.00327213870632212,0,7.9484266711647e-05,0.00309285607537562,0,0.000592854767361443,0.0710626794158627,0.0112519268987915,0.0206174168958479,0,0.000148664044170734,0,0.019572700115138,0,0,0.00117549535302523,7.18156289931503e-06
0.00104536285972717,0,0,0,2.84441575566395,0.258899317851433,0.00073916855751827,0.293403320940105,0,0.00130686985227566,0.00815492018886957,0.00145523085549784,0.000979470800285251,0.156351923467227,0.0179708981161204,0,0,0.000547320842763561,0.00188443217503589,0.000394872511187048,0.000398621244201341,0,0,0,0,0.000212220656257715,0.000131686695600799,0,1.34057365017687,0.000311051989648449,0.0003024877746436,0,0.0114448955690249,0.45891971713596,0,0.000215514203067781,0.000549147736291562,0.0622224251726537,0.000220940503833214,0.355847171016195,5.10694273500395,0,0,0,0,0,0,0,0,0,0,0,0,0,0,0,0,0,0,0,0,0,0,0,0,0,0,0,0,0,0,0,0,0,0,0,0,0,0,0,0,0,0,0
0.0828420323871094,0.000454795071580357,0.00179126688552294,0,0,0.00124091139317583,0.0070037727052928,0.00100057186625148,0,0.00395773846500333,0.00336922868925463,0.000964748427656391,0.000524493722847266,0.0070123087108119,0,0,0.0120915299877698,0.000159687016827448,0.00168811845962105,0.000981209785309785,0.2729317877029,0,0.0335781746987902,0.000122553596228329,0.000240767379400569,0.000220197124589931,0.000284442379016382,0.000858516479364091,2.34273049789921,0.535764509141639,0,0.0114448955690249,0,1.17644852755977,8.37568904756458e-05,0.0085751594056982,0.00462795868389869,0.185045243144078,0.0227776694999689,0.059745662665072,0.0279462864531338,0,0,0.000128170021303936,0,0,0,0,0,0,0,0,0,0,0,0,0,0,0,0,0,0,0,0,0,0,0,0,0,0,0,0,0,0,0,0,0,0,0,0,0,0,0,0
0.0300702618470907,0.00405948075201718,0.0621247397017697,0,0.0487809728570124,0.00846586802248464,0.0134356135829934,0.0118104519516981,0.000632066763623929,0.0103733064658515,1.44016153570791,0.00500464486038618,0.194563588298109,0.0395981457987505,0.000820998818216512,0.00795715555203317,0.411905750335287,0.0375868452830289,0.783437328692899,0.00292595474118249,0.375969431751682,0.00980196956713578,0.209055488717444,0.000633874147773022,0.0642597099757,0.0894934898665931,0.0849468695178601,0.0124536372987765,1.49610515378703,0.656517799273136,0.0139951960057703,0.45891971713596,1.17644852755977,0,0.00297822904663651,0.55117805363393,0.586487535099993,5.65940491698487,0.774582918829375,0.418696591179317,1.81662014837792,0.345417944607852,0.0245013607512343,0.0328370861830282,0.0301612697588127,0.0492123054255866,0.000679837656243548,0.00349641817785784,0.0042738129238646,0,0.00204471509472265,0.000565237982607593,0,0,0,0,0.000449129860460121,0.000157476990219852,0,0.0143942578804585,0.000112667437060057,0.0641604978427104,0.000118621899316319,0,0.00235791429921328,0,0.000932586732068538,0.000108251870396314,0.000116602593246594,0.000253268544737847,0.0043302240331483,0.000624054985857265,6.59356481735214e-05,0.00272973750169644,0.00291067213298564,0.00524949026978202,0,0.000409410334989787,0.000256006341843322,0.0006075348186668,0,0,0.000626426390956725,0.00188796808497919
1.76947524772124e-05,3.72727978112585e-05,0.00143260030815345,0,0.00910347604246318,0.00198456034009143,1.45718734077135e-05,0,0,0.00161840558020426,0.000405248902812542,0.000673744741215191,5.96807481900762e-05,0,0.0381770770447251,0.000525279065691993,0.000763755155389616,0.000142897505698745,0.00125207991359297,0,0.00575177025212189,0.000543567632984198,0.00724376218489994,3.71870314057757e-05,0.000154780809156559,0.00147836165189455,0.00491115392338401,0.000606077417232525,0.000372099433128267,0.00131868923776654,4.41938801001023e-05,0,8.37568904756458e-05,0.00297822904663651,0,0.127699781121749,0.0395042361708678,0.0151789172290186,0.0102165497755198,0.0049158658173997,1.32884987215007e-05,0.000614796949732503,0.0167135961573393,0.011650488648228,0.0103641206692585,0.0123715241997872,0.00748618569075663,0.00030276489207038,5.16828436689619e-05,0,0,0.000790409122221606,0,0.000327051773981907,5.51444042168853e-05,3.27652794690104e-05,0,0.000126179502759238,0,0.000189433389319002,0.000136060465632859,0.000108218433712892,0,0.00569973096307886,0.000408339162217178,0.000332073730420392,0,9.14406285682521e-06,0,0.00200493967582899,0.000436209122374109,0.00390621183007529,4.68486840535555e-05,0,0.00035298604650151,0.00137549973228133,4.02218682282795e-05,0.000188127742701529,0.00103332500517548,0,0,2.04264823933819e-05,0.000470258942860042,1.28552148267501
0.00394538026154311,0.00403213349725175,0.0842653046231589,0.000651844012698554,0,0.000237282191923281,0.00133385884724388,7.16323308865003e-05,0.220769433759147,0.000730926073080274,0.0451617225433509,0.0305542841008323,0.00655302695348726,0.000489406770060998,0.012717583848483,0.03568235504674,0.0534105915688765,0.00653256311323926,0.108017665406342,0.000664314371813884,0.15653141938613,0.0374932983147458,0.251162526794908,0.0110936316381158,0.00909683523908111,0.0554966068656543,0.130700285386893,0.0162737610938221,0.030113536390913,0.0782891829254466,0.00601344920023411,0.000215514203067781,0.0085751594056982,0.55117805363393,0.127699781121749,0,4.19453489800573,0.816969831585944,0.778222904224401,2.11468798733976,0.016447910217997,0.233190231852393,0.176915708160802,0.0345811454198427,0.0186478055450109,0.0256926708210105,0.00166909207155974,0.00162347236197601,0.0039725174103789,0,0.00289337632593019,0.00205196244886437,0,0,3.70475476452708e-05,0,0,0.000518168532634145,3.07239715314992e-05,0.00202709972591397,0.000439471585394762,0.0167331572449228,0.000143105007557272,0.0130686628400443,0.0073842553310079,0,0.000442382366962192,0.000274851972564472,0,0.000826910026379011,0.0136048032467452,0.00270385265556859,0.00161522284151827,0.00128500673660598,0.00123886045833484,0.00636845805980292,0.000382756191464566,0.000283490293865351,0.00177281681717974,0,0,0,0.000168198914359825,0.0455372902881365
0.00101048862311352,0.0177904951184459,0.0843782817137985,0,0,0.000123463995072492,0.000273503841475549,0.000274065980537563,0.00249494387895993,0.000548970971348466,0.910019294920256,0.000329115052864759,0.535204024637207,0.00138924152900253,0.00197839433796426,0.0164633104575238,0.752105306524818,0.0483319357307898,0.608748919488231,0,0.0439229644403687,0.0131123636698897,0.169811937597859,0.00110610946280382,1.56150669928128,0.232384894096717,0.0992274578736964,0.00387508096577484,0.0111011081615118,0.0160113477671358,0.18326350044427,0.000549147736291562,0.00462795868389869,0.586487535099993,0.0395042361708678,4.19453489800573,0,3.24190226905101,1.44694249173823,0.173076904774403,0.0325706059240018,1.67029909371932,0.0318984757321199,0.0447198217032948,0.020907570265556,0.0203540562805813,0.00404955149987546,0.000678390623629135,0.00128146367034973,0.00026167088776835,0.0029741861964098,0.000995672062314888,0,0,0,7.87717296532675e-05,5.2110654954432e-05,0,3.02844281920497e-05,0.0127823374150058,0,0.00982439757425779,0,0.00535467418683604,0.00224563878628953,0,0.00297224744446289,0.000611642007951579,0,0.000263083667707502,0.011488812845077,0.000979727477697579,0,0.0770155743002982,0.00805043132993926,0.0123160200537364,0,0,0.000634087347674781,0.00858032199374532,0,0,0.000653516877403462,0.0262094441020805
0.0149589569821853,0.0162640317412057,0.208438207880229,0.000186605756794377,0.0058500968245459,0.00320514683100583,0.00949830580669667,0.0050162241905076,0.00135662047805494,0.00828853186562478,1.40072569078602,0.00451825781165079,0.244940620256006,0.0151883064716876,0.00134374758597355,0.0315529761040599,0.349114276379936,0.0471662470772707,0.919706736389333,0.00382154676932076,0.323216669720339,0.0326371182187048,0.380599797109692,0.00266383213473401,0.203802464409367,0.205855342994808,0.286017117273153,0.0398978265661809,0.352383049976796,0.15435324440109,0.0502252426607905,0.0622224251726537,0.185045243144078,5.65940491698487,0.0151789172290186,0.816969831585944,3.24190226905101,0,4.06133073664318,0.567706982568319,1.02361428669777,0.98094608155285,0.00786469668760472,0.0600310082500284,0.0427628176882049,0.0216644465816084,0.00287720332605636,0.00131195894905507,0.00449165123536368,0,0.00930320970190049,0.00217819096676495,0,0,0.000250511528845865,0,0.000266402090826423,0.000334550059059095,0.000124051538636988,0.0039466057449605,0.000224511164812514,0.00824636452829,0.000132831778642991,0.00144904586866737,0.00980390566603845,0,0.00264693513538419,0.000700040376206926,0,0.000734386674661365,0.0125556886064077,0.00122047096748773,0.000195234865259129,0.0161313323498939,0.00710895837833512,0.0168791418635526,0,0.000398112575433596,0.00159873816242927,0.002813205058517,0,0,6.43856893482596e-05,0.0136492556432504
