0,0.00383832827390765,0.0842426636340884,0.0010315361456897,0,0.000398187990512065,1.71300568119918,0.240661028764112,0.017580472875649,0.0105373738954283,0.000653689670483322,0.000202484559656657,0,2.16059299266915,0,0.00289510054210271,0.0471701914783177,0,0.00257289042177672,0,0.00309271928687465,0.00801341929867241,0.0688703431949844,0.0329988395802183,0.000503797406948669,0.0115202304024845,0.0118385837072827,0.0431629923339627,1.41448618088692,0.189313523625114,0,0.000486528741385358,0.0748854478191715,0.066499515893323,0.000104552327658016,0.0118783785826991,0.0341961896863301,0.019022882193939,0.0126749660123861,0.0438355131124804,0,0,0.000264908209153149,0,0.000366804350547669,0.000304106521077095,0,0,0,0,0.000704448079966767,0,0,0,0,0.000899819128317905,0,0.00430226786789014,0,0,0,0,3.0417162840675e-05,0,0.000148179346248262,0,0,0,0,0.000211348566508159,0.00125625959264711,0,0.00449811994823573,0,2.07619580422005e-05,0,0.00230407194258562,9.34849007406132e-05,0.000148778470766881,0,0,0.000353842994588746,5.88199116584726e-05,6.07165428198439e-05
0.00383832827390765,0,0.168085910731514,0,0,0,0.00395940450437162,0.000244747488962407,0.251466793710193,0,0.00882428153542164,0,0.0512338579927749,0.000563049170402966,0,0.0808278688366196,0.0527829785362392,0.00026331499670601,0.0252638811475639,0,0.00432546179290605,1.64587166467623,0.0096254008652499,0.146389064455663,2.4355680277895,0.177657605738359,1.99616848281568,0.00804124565230198,0.00111287386601094,0.00360668289412118,0.012116631014062,0,0.000694874619725753,0.127055509003036,0.000387876509376061,0.0662526542797457,0.240899805518438,0.270101491792023,0.0959921122201171,0.00148435470583018,0,0.00114592779622026,0.0140999876972572,0.0435249856862868,0.0350373014689787,0.0232256986000676,0.00201577175208107,0,0.000328442942583662,0.000425353616480897,2.25467627086049,0.0071758470383479,0,0,0,0.000508958310603217,0,0.138557360231995,0,0.00156227417304198,0,0.00451935144703337,0.000166253151241644,0,0.0165040016385581,0.027586878051643,0.000833230251421919,0.00835101240224235,0,0.000957539994958249,0.464467886705047,0.00309716807023305,0.0115822899871273,0.487616031495655,0.0192351072261348,0.338146414793148,0.00262991241054743,4.33767065787338e-05,0.00125696487261539,0.00330565257233515,0,0.000376094450959038,0.012735647585094,0.000507780887840791
0.0842426636340884,0.168085910731514,0,0,0,0.00018355885354435,0.297703870050279,0.00368625391639152,0.00314686376407788,0.00254386284902987,0.0153117463307336,0,0.0016464643589583,0.00978593175133765,0,0.0133093339128128,2.24775980917486,0.000676701506435111,0.0377356983300042,0,0.137296874881001,0.0226972952510551,3.36034663594095,0.045370544743922,0.00421141361208111,1.56055316817298,2.32340889898777,0.176692741129753,0.0107584624857151,0.133992864642408,0.00185551238090877,0,0.00509231527941013,0.0955893223743289,0.000699019593249613,0.0639367404328476,1.24041540904554,0.248562590664269,0.0635068541871443,0.000613452085959653,0,0.000322890006450722,0.000187787857440602,5.48182510818132e-05,0.000196998757734938,0,0.000314794203384868,0,0,8.07731707650225e-05,0.0031905521801938,0,0,0,0,9.51838480693808e-05,0,0.00116197554239695,0,0,0.000220737256170759,5.66439019694114e-05,6.37568117886774e-05,0,0.0001077446669401,0,0,0,0,0,0.00308404295248617,0,0.00126180421989434,0.00121536606680663,0.000329127254405771,0.00100658550413669,0.000528641050791524,0,0.000665384945139859,9.57544068135377e-05,0,0,0,0.000721330364753142
0.0010315361456897,0,0,0,0,0.0131707821488267,0.126129377368052,0.00131554761377376,0.201868776333491,2.28746633968083,0,1.54919459354642,0,0.00207506076291808,0,0,0,0,0,15.1278036615984,0,0,0,5.0843830867856,0,0,0,2.58880266439998,0.00310837946637449,0.000110437203814888,0,0,0.00664478969312197,0.000275089865589984,0,6.49712975183052e-05,0,0.000103875130650428,0,0.0188960928456036,0,0,0,0,0,0,0,0,0,0,0,0,0.186842546986797,0,0,0,0,0,0,0,0.00108790747980226,0,0,0,0,0,0,0,0,0,0,0,0.0084480331622391,0,0,0,0.000101531801990581,0,0,0,0,0,0,0
0,0,0,0,0,1.17315608880022,0.000137374451378961,0.287055791861711,0,0,7.98267413812392e-05,0,0,0.00272098921518765,0,0,0,0,0,0,6.60225956954511e-05,0,0,0,0,0,0,0.000224131959347592,0.05666336363198,0.000331797394548738,0,1.30527428443772,0.00134626682439049,0.0591157460513863,0,9.30979200726026e-05,0.00132448466236754,0.0434777876371318,0,1.58383218103824,1.14863419531331,0,0,0,0,0,0,0,0,0,0,0,0,0,0,0,0,0,0,0,0,0,0,0,0,0,0,0,0,0,0,0,0,0,0,0,0,0,0,0,0,0,0,0
0.000398187990512065,0,0.00018355885354435,0.0131707821488267,1.17315608880022,0,0.108051709201689,1.2279588760513,0.00596199812242803,1.306848018946,0,2.53039241344269,0,0.0674142593491137,0.668094789282809,0.000279662162811049,0,0,0,0.0632553119569135,0.000364359858230222,0,0.000794322683458036,0.0206568436945899,0,0,0.000187209271870189,0.0319841799927564,0.0584478885183455,0.000131320911164528,0,0.101166478098442,0.00116713139107291,0.00934237715484558,1.15454409843976,0.00298593575501102,0.00067995423902446,0.0101349380120964,0.000733817287985479,0.889830383444643,0.0265528644701401,0,0.000613461369083225,0.00106942173452595,0.000790068122257098,0.00166617623070518,0.00302395957113861,0,0,0,0,0,0,0,0.00068213182616339,0,0,0,6.94576859753644e-05,0,0.000856186074183327,0,0,0.000329408232693001,0,0,0,0,0,0,0,0.000202089099695726,0,0,0,0,4.8695431104041e-05,0,0,0,0,0,5.88843377164637e-05,0.0166045728016439
1.71300568119918,0.00395940450437162,0.297703870050279,0.126129377368052,0.000137374451378961,0.108051709201689,0,0.115031957397581,0.0730481133390514,1.99173238385778,0.00329957079109222,0.0197373627421485,0.000215567581202236,0.505411280262709,0.000400725968179064,0.00288776955250194,0.0227403871703521,0.000208684480114785,0.00086477573705774,0.00687657044087062,0.299267313369001,0.00918824844296387,0.200560134869982,0.349613853903676,0.001242732619253,0.0241852188255582,0.0247762622263314,3.69876143113715,0.11798939646232,1.66600552087945,0.000308977117278854,0.00012132226742575,0.124430187236137,0.0547616527156239,0.000320956124546843,0.0590335052379882,0.0721191712899201,0.0704962446842074,0.0356458456934031,0.0433031419368719,9.35824008616707e-05,0.00016980701292259,0.00154838659296655,0.000155039537980088,0.0013309827362095,0.00115503450036543,0,0,0,0.000535906426208529,8.24435835335884e-05,0.000250720599327805,0.000134862106704603,0,0,0.00882552104158117,0,0.0221705580532264,2.10043182211487e-05,0,9.34655527832441e-05,0,0.000487946649334132,0,0.00138644030799076,0,0,0,0,0.000882580961918671,0.00413925089551629,0.000306130766793651,0.0274924400053542,7.79172121823475e-05,0,0.000143389915126468,0.0147880419229503,0.00169813803070956,0.0017817824100248,0,0,0.00136117442931749,0.000585650015161913,0.00048309230587631
0.240661028764112,0.000244747488962407,0.00368625391639152,0.00131554761377376,0.287055791861711,1.2279588760513,0.115031957397581,0,0.000455732542032345,0.349151668100031,0.000124519738078527,0.00462872773844926,0,2.00187825495043,5.92806196471219e-05,0.000203671049782625,0.00150142800313391,0,3.69346854246109e-05,0.000134489021393947,0.000898719009705948,0.00026815489883196,0.00196112062262912,0.00441284340170548,0,0.000661369544327391,0.000581530555186751,0.00564407529153713,0.313742151447206,0.00189560099712841,0,0.00976396871206618,0.00436643806796055,0.0256817628249521,0.111964626471087,0.00100722193771525,0.0019034733367687,0.0112389475648335,0.0023740630057329,0.0166768696412254,0.0089620452985083,0,0,0,0,0.000189244864608014,0,0,0,0,0,0,0,0,0,0.000103733289629242,0,0.000101525337101433,0,0,0,0,0,0,2.39830428683048e-05,0,0,0,0,0,0,0,0.000167509372751294,0,3.5353106925456e-05,1.65151851683736e-05,0.000193447196251704,0,8.10904714062107e-05,0,0,0,0.000110079790988925,0.000248680046515189
0.017580472875649,0.251466793710193,0.00314686376407788,0.201868776333491,0,0.00596199812242803,0.0730481133390514,0.000455732542032345,0,0.0150032527223823,0.000436222972303592,0.598443545163561,0.00218874334049571,0.00489626914698561,0.00103815214242786,0.0375214101782462,0.00103808956487841,0,0.00110179353752566,0.0829218666302163,0.00929864128792918,2.41404975003255,0.0043076386965569,4.44145707877625,0.126054715912491,0.00299047910377159,0.0292308830366617,0.0965381309759637,0.0121698702795849,0.00871297362289052,0.000489558699730039,0,0.0429508583618002,0.014865793348268,1.37899656394798e-05,0.0694933669132681,0.00776152986738838,0.0143531433253764,0.0115010987896989,1.21798940280209,0,0,0.00835172260907412,0.0014687669202695,0.00700399964710931,0.0122198859422916,0,0,0,0.00543420137878789,0.0376955817663916,0.00375129549513748,0.000291518889845294,0,0,0.031251063624678,2.81010995809468e-05,1.12276071178457,0.000171715655508484,0,0,0.000329220118091049,0.00307578922493057,0,0.0403787504626116,0.000565361671882834,0,0.000209510908729291,0,0.0095270630036202,0.446512583437426,0.00296064410975204,0.158170338583021,0.0140840872393213,0.000750139323435775,0.00360530293430364,0.0619985590287352,0.00688761065117845,0.01863054536695,0,6.45896257497904e-05,0.0127884444249191,0.00476467470053629,4.42856194428588e-05
0.0105373738954283,0,0.00254386284902987,2.28746633968083,0,1.306848018946,1.99173238385778,0.349151668100031,0.0150032527223823,0,0.000119200982363677,0.622074454048265,0,0.382446022457146,0.00074482909615456,0,0.000322470677331254,0,0,1.02009184105135,0.000541283103440894,0.000164877665980133,0.000866795174927051,0.0918254932544175,0,0.000279289313362533,8.29891568087803e-05,0.853910839404743,0.0163659119125313,0.000524359119374138,0,0,0.0107264061821757,0.00183979452192387,0.0754049739304334,0.00192012912322781,0.00116281702377027,0.000986441885398533,0.000390997517391009,0.0607470753593461,8.70223994686036e-05,0,8.52415045263823e-05,0,0,0,0,0,0,0,0,0,0.000110361698867158,0,0,0.000168862998730656,0,0.000228296492808791,0,0,0,0,0,0,0,0,0,0,0,0,0.000154990608116495,0,0.000273672868240689,0,0,0,0.000303280664412407,0,0,0,0,0,4.68971351867253e-05,1.9204745055579e-05
0.000653689670483322,0.00882428153542164,0.0153117463307336,0,7.98267413812392e-05,0,0.00329957079109222,0.000124519738078527,0.000436222972303592,0.000119200982363677,0,0,1.14989410660961,0.000680700423167698,0,0.000585067563622287,0.011277677616856,0.562009760941413,1.50831101399059,0,0.000796184955721207,0.000983535262449767,0.00286624211921719,0.00187689351928415,1.14172677865187,0.874433909694036,0.0616929490794509,0.00158235932810981,0.00417767417432615,0.00075961874511322,0.462225925651191,0.000378041766944763,0.000473140354807797,1.17140196813797,0.000554395216798057,0.0673198544344916,1.19572665639595,1.0657152087974,0.0320991909066223,0.000974810337573536,0,0.117358131921441,0.00153022369014096,0.00603874075508939,0.00151808159285904,0.000949556614235726,0.000135988838660087,0,0,0,0.00105116945630167,0.00024822855915039,0,0,0,8.45073578291736e-05,0,0.000221603664884579,0,0.00288692796635129,0,0.00380489673487773,0,0,7.19046067097062e-05,0.000562884403593172,0.00106038495990664,0.00244017722801399,0,2.96351042589516e-05,0.000314560010207576,0,0,0.0372643621711786,0.0153749175013084,0.0214949979287258,0,0,0,0.00393035770799069,0,0,0.000393192007791189,0.000335836661996651
0.000202484559656657,0,0,1.54919459354642,0,2.53039241344269,0.0197373627421485,0.00462872773844926,0.598443545163561,0.622074454048265,0,0,0,0.000493440548212504,0.709358960863226,0,0,0,0,9.38892915386753,0,0,0,0.67077292786549,0,0,0,0.0291618060370915,0.00026071055050211,0,0,0,0.000403693227381166,0.000115450923639838,0.239132272623802,0.00434635237955866,7.45328892374497e-05,0.00101385434069387,0.000515686081904228,0.455710840094072,9.89870641715691e-05,0,0,0,0,7.08472437581237e-05,0,0,0,0,0,0,0.0292951682584938,0,0.000117399903669486,0.000204064142921475,0,9.27054790434857e-05,0,0,0.0349629040040595,0,0,0.000141580129799431,0,0,0,0,0.0243967515272899,0,0,0,0.00122238010955089,0,0,0,0.000362283945965911,2.98163497385809e-05,0,0,0,0,0,0.00539009873620993
0,0.0512338579927749,0.0016464643589583,0,0,0,0.000215567581202236,0,0.00218874334049571,0,1.14989410660961,0,0,0,0,0.000593637694990337,0.000108126440113347,0.00132550111593289,0.00365164852663422,0,0.000379046078786315,0.0129052683548435,0.000717622879959438,0.00317320360835636,3.39134908726637,0.178046382373891,0.346155426523445,3.91952797436776e-05,0.000141768751744883,6.7667463261051e-05,2.8731535068544,0,0,0.0035779907267274,3.60728199243004e-05,0.0654099191282577,0.312133937051544,0.0485724746556817,0.0151761788986722,0,0,0.519391157934545,0.000719212303978286,0.00648416072177244,0.00179434434061398,0.000195372963734345,0,0,0.000147079216637615,0,0.00485623493429001,0,0,0,0,0,0,0.000764454017414089,0,0.00141997396340362,0,0.00405412188254537,0,0,3.35258201522729e-05,0.00049092804983733,0.000799935674892949,0.00157635554003265,0,0,0.00107299540099977,0,0,0.0465347209717337,0.0110766262545223,0.0224898121620111,0,0,0,0.0027339225158723,0,0,0.000591290072579301,6.02296431835429e-06
2.16059299266915,0.000563049170402966,0.00978593175133765,0.00207506076291808,0.00272098921518765,0.0674142593491137,0.505411280262709,2.00187825495043,0.00489626914698561,0.382446022457146,0.000680700423167698,0.000493440548212504,0,0,0.000124644349309916,0.000127606666217354,0.00302117023469113,0,0.000646407585675194,0.000115733911909213,0.00116144953521775,0.000510796019281394,0.00675344502115516,0.0114032496107124,0.000120199397766729,0.0025190474306244,0.00236051314810645,0.024455403145256,5.65824589926722,0.0541440943807922,0,0.00647059430331365,0.0346036955549957,0.166162679595829,5.26296972900983e-05,0.00177496433057065,0.00572990741530331,0.0735339438057889,0.00336792230748136,0.0717589524477479,0.00563762757358224,0,0.000126196795345731,0,7.58128570174871e-05,0,0,0,0,0,0,0,0,0,0,0.000200040766749798,0,0.000719524063189756,0,0,0,0,0,0,3.13101046364966e-05,0,0,0,0,0,0.000165648455094343,0,0.000848289785873091,0.000112067448502264,0,4.9973534022393e-05,0.000408671945564224,8.75249903963585e-05,4.57256899577877e-05,0,0,0,7.15074153558532e-05,1.30390100700599e-05
0,0,0,0,0,0.668094789282809,0.000400725968179064,5.92806196471219e-05,0.00103815214242786,0.00074482909615456,0,0.709358960863226,0,0.000124644349309916,0,0,0,0,0,0.00455466030943465,0,0,0,0.000160098825355379,0,0,0,0,0,0,0,0,0.000627158270392947,0.000308205223583679,0.110327057955119,0.000680434989446283,0.00138101516416327,0.000986611938699445,0.00219021584769881,0.976464098071692,0,0,0.0011590066213547,0.00121003615553437,0.000135253689489525,0.00725066769212634,0.00297002605147222,0,0,0,0,0,0,0,0,0,0,0,0,0,0.00235024483420339,0,0,0.00392836422878282,0,0,0,0,0,0,0.000871786098589761,0,0,0,0,0,0,0,0,0,0,0,0,0.00925849420886801
0.00289510054210271,0.0808278688366196,0.0133093339128128,0,0,0.000279662162811049,0.00288776955250194,0.000203671049782625,0.0375214101782462,0,0.000585067563622287,0,0.000593637694990337,0.000127606666217354,0,0,0.00501436464846494,8.16641860374077e-05,0.000294513106878443,0,0.318209569444472,4.26398472168291,1.07614909497834,3.11565332169058,0.0159745382989428,0.0136839303885456,0.990740241780019,0.381974999756169,0.000764584010145564,0.0151338292752163,0.000261501906288274,0,0.00438389387807129,0.0245976978289127,0.00178742660518641,0.111657227007269,0.118489240281042,0.0739258634582351,0.0619854091416613,0.00217523387853314,0,0.00180165486754436,0.00212173912334222,0.000643925242248038,0.000349570573785749,0.00202281755360964,0.000109024454530817,0,0,0.00137012120118625,0.0121965955353536,0.000433511328936228,0,0,0,0.00175797317672567,0,0.0368181913552688,0,0,0,0,0.000649999457832263,0,0.0314786043959077,0.000380947108424291,0,0,0,0.00593035999732517,0.141736900101251,0.00304700093559282,0.0175608332555619,0.00418496776799088,0.000128438965616848,0.00191761843145721,0.00787274898952212,8.98888306056188e-05,0.00413112458854141,0,0,0.000190785725012289,4.59512042802889e-05,0.00145404462211648
0.0471701914783177,0.0527829785362392,2.24775980917486,0,0,0,0.0227403871703521,0.00150142800313391,0.00103808956487841,0.000322470677331254,0.011277677616856,0,0.000108126440113347,0.00302117023469113,0,0.00501436464846494,0,0.00250303289456842,1.97430873093929,0,0.0239014066028447,0.00847189909351983,1.81210068335674,0.00743709265395601,0.000613365668317764,1.71700528031814,0.157424470854049,0.00688690611768381,0.0910270333344478,0.0236990040580351,0.000155372488403545,0,0.00149042869919395,0.839574234048225,9.94488765747748e-05,0.0068505363758721,0.180502211294586,0.0720046910211683,0.0074114858619957,0.000210756743483212,0.000116436314225817,0,0,0,0,0,0,0,8.9793140614209e-05,0,0.00128787084584832,0,0,0,0,0,0,0.000411686837176876,0,0,0,0,0,0,0,0,0,0,0,0,0.00150827282529007,0,0.000103760690179958,0.000174739851261105,0,0.000556341756316997,2.11716071194215e-05,0,0,9.23557044399288e-05,0,0,5.34925383037579e-05,0
0,0.00026331499670601,0.000676701506435111,0,0,0,0.000208684480114785,0,0,0,0.562009760941413,0,0.00132550111593289,0,0,8.16641860374077e-05,0.00250303289456842,0,2.54402628425744,0,0,0,0.000164155502475297,4.3895957769042e-05,0.00688694372013573,0.723078722007464,0.00605081627204216,0,0.000108059078732729,4.14643909912818e-05,0.000235145105381047,0,0,0.0112396793680122,0,0.00193569037916518,0.0356858510801209,0.0248284818313142,0.00643152733948369,0.000130114603723403,0,0,0,0,0,0,0,0,0,0,0,0,0,0,0,0,0,0,0,0,0,0.000398411462155981,0,0,0,0,0,0,0,0,0,0,0,0.00200208623415896,0.000541867479424149,0.00119761955617791,0,0,0,0,0,0,0.000218226396864844,0
0.00257289042177672,0.0252638811475639,0.0377356983300042,0,0,0,0.00086477573705774,3.69346854246109e-05,0.00110179353752566,0,1.50831101399059,0,0.00365164852663422,0.000646407585675194,0,0.000294513106878443,1.97430873093929,2.54402628425744,0,0,0.000808307476664706,0.00282000008288482,0.00788391336194258,0.000740167553450521,0.0289479440140757,2.81259060622442,0.0685476286576808,0.000189207176352091,0.00253591856220221,0.00125486396736861,0.00322408446802,0.000138030170207782,0.000729355368415868,0.842942748687855,8.98302145460713e-05,0.0242163766886277,0.52212612618006,0.261884026426777,0.0308780167219039,0.000249275654053437,0.000513007178048044,0.000517521610768795,0.000227772586581465,0.00153923799385847,0.00186363950469255,0.000117470728396366,0,0,0,0,0.00749892244223977,4.95682645367769e-05,0,0,0,0,0,9.57184769621259e-05,0,0,0,0.000533863803340185,0,0,0,0.000107256517429969,0,0.000110284677745567,0,0,0,0,4.48592709768798e-05,0.00940589981993203,0.000707931640087602,0.00761935894223958,1.89490868828445e-05,0,0,0.000212714816702205,0,0,6.73966464350721e-05,0.000198337894300521
0,0,0,15.1278036615984,0,0.0632553119569135,0.00687657044087062,0.000134489021393947,0.0829218666302163,1.02009184105135,0,9.38892915386753,0,0.000115733911909213,0.00455466030943465,0,0,0,0,0,0,0,0,1.49906518596909,0,0,0,0.361976045597528,0.000184252670533361,0,0,0,0,0,0,0,0,0,0,0.00672397033389129,0,0,0,0,0,0,0,0,0,0,0,0,0.0374465250375748,0,0,0,0,0,0,0,0.0110932211642414,0,0,0,0,0,0,0,0,0,0,0,0.00833632916681071,0,0,0,0,0,0,0,0,0,0,0
0.00309271928687465,0.00432546179290605,0.137296874881001,0,6.60225956954511e-05,0.000364359858230222,0.299267313369001,0.000898719009705948,0.00929864128792918,0.000541283103440894,0.000796184955721207,0,0.000379046078786315,0.00116144953521775,0,0.318209569444472,0.0239014066028447,0,0.000808307476664706,0,0,0.0185217497262855,4.38247867589734,0.115132503521349,0.00138212480976956,0.00685027583722578,0.0726211998787483,1.01083067663841,0.967597896061664,4.60878246206488,3.24436742369771e-05,0.000437408025730184,0.863248861769119,0.4225765629236,0.00888905255944514,0.384761374937699,0.196401600308775,0.244056549863591,0.170859627089826,0.00219528886252026,0,0.00254990278963029,0.00516071840856878,0.000777777685393515,0.000563411120730346,0.00142692461716221,0.000157631781789003,0,0,0.000193006232719263,0.00137270086706334,8.46680437730125e-05,0,0,0,0.00106189643701236,4.37642952824467e-05,0.0113723158392715,0,0,0.000152173400097622,3.27589393937856e-05,0.000385144536252861,0.000536263733533683,0.0058950092438693,0,0,0,0,0.00227502480844855,0.0182560599823637,0.00107918662852348,0.00988137622508244,0.000231136463956471,0,0.000470352470000732,0.0052076605339759,9.02414836935062e-05,0.00236548911496119,0,0,3.17695612678836e-05,4.23752258166337e-05,0.0036844857770721
0.00801341929867241,1.64587166467623,0.0226972952510551,0,0,0,0.00918824844296387,0.00026815489883196,2.41404975003255,0.000164877665980133,0.000983535262449767,0,0.0129052683548435,0.000510796019281394,0,4.26398472168291,0.00847189909351983,0,0.00282000008288482,0,0.0185217497262855,0,0.113414270538831,2.60997032928891,0.53103396072,0.0239142745020571,1.52059640355417,0.0529350043023226,0.00279433155958056,0.01072780593188,0.00126468979133737,0,0.00201048551092941,0.0255081060087278,0.000417212335781009,0.037527329644797,0.117013871762383,0.0664772518367981,0.0329188526976647,0.000318802820508261,0,0.000556765616034578,0.0130790717856773,0.0161241603246495,0.00787558528282248,0.0178829353815415,0.000185714541367801,0,0,0.00604653522040636,0.392313469168363,0.00222570422174076,0,0,0,0.0110563607003922,6.09215254609391e-05,0.625790588844969,0.000143905959647543,0.000204329160477643,0,0.000424099927179072,0.00262426238411315,0.000361332401898982,0.17061710335034,0.00328666646624838,0,0.000212132699516901,0,0.0159141453232584,2.79386513654472,0.0127781557596495,0.0972961783996877,0.100016407986556,0.00180658348266534,0.061932139253236,0.0400677403580668,0.000754949326639967,0.0195093552225255,0,0,0.00139566861761169,0.00188141361394178,0.000505697395545455
0.0688703431949844,0.0096254008652499,3.36034663594095,0,0,0.000794322683458036,0.200560134869982,0.00196112062262912,0.0043076386965569,0.000866795174927051,0.00286624211921719,0,0.000717622879959438,0.00675344502115516,0,1.07614909497834,1.81210068335674,0.000164155502475297,0.00788391336194258,0,4.38247867589734,0.113414270538831,0,0.0499484097202288,0.00233564662695554,0.0984322604570702,1.73873785351507,0.282202529458493,0.355574337233686,0.303983669742849,9.91307396063963e-05,0.000125884980534876,0.159543058855897,0.1334204668636,0.0207127204011861,0.696306337779078,0.922701014012184,0.744964496848523,0.331083449087049,0.0162000554126189,0,0.00346953219206137,0.0153204132548534,0.00337438844059306,0.00133988811865527,0.00351693853092651,0.000929445745838902,0,0,0.00011598866249845,0.000503168634169398,1.77825945684915e-05,0,0,8.14753255504565e-05,0.000317798465436918,0,0.00419862329490329,0,0,0.000493914521925676,3.04799495800387e-05,2.52176580308131e-05,4.51683825215647e-05,0.00403017140608779,0,0,0,0,0.00105258641163236,0.0168332070722853,0.00111993623090442,0.00323216410773516,6.27208861334631e-05,1.53374514112042e-05,0.000460024531679207,0.00158815848465729,2.82718138679486e-05,0.000692666290987178,0,0,2.47784015387081e-05,0.0001902987896308,0.0130310073510542
0.0329988395802183,0.146389064455663,0.045370544743922,5.0843830867856,0,0.0206568436945899,0.349613853903676,0.00441284340170548,4.44145707877625,0.0918254932544175,0.00187689351928415,0.67077292786549,0.00317320360835636,0.0114032496107124,0.000160098825355379,3.11565332169058,0.00743709265395601,4.3895957769042e-05,0.000740167553450521,1.49906518596909,0.115132503521349,2.60997032928891,0.0499484097202288,0,0.0551289996908492,0.0305048028952939,0.250061984889371,3.9434794082739,0.0319313617290192,0.086305659525727,0.000392988494817234,0.000133987185971032,0.0440246039168827,0.051123300703975,0.00162794631916784,0.0981409912462061,0.0642360969077295,0.0818391546142668,0.0516934893473225,0.0821798380601919,0.000160271245387533,0.00113888446228855,0.00783832396502804,0.00157793517078942,0.00496867646640094,0.00584710551191816,0.0001970434346651,0,0,0.00527524153500242,0.00856646462123735,0.00206858080554279,0.076792690534137,0,0,0.0499640181709612,0.000132282407937042,0.235499126747647,0.000225331687049526,0,0.000986371512628212,0,0.00504356899278726,8.41936410622387e-05,0.030395364316841,0.000117250993883828,0,7.23470843133275e-05,8.45332897617219e-05,0.00887548061147331,0.132974258600286,0.00578240988229601,0.303546359702992,0.00297922940309007,0.000753756526580482,0.00310600743755389,0.0991615340237454,0.00947581400632768,0.0192307654038855,0,8.98551237356968e-05,0.00681997087634701,0.00474235287221418,0.000802803502311574
0.000503797406948669,2.4355680277895,0.00421141361208111,0,0,0,0.001242732619253,0,0.126054715912491,0,1.14172677865187,0,3.39134908726637,0.000120199397766729,0,0.0159745382989428,0.000613365668317764,0.00688694372013573,0.0289479440140757,0,0.00138212480976956,0.53103396072,0.00233564662695554,0.0551289996908492,0,0.260485672901278,1.17898931336496,0.0024798573442041,0.000408674362799139,0.00136047989103191,0.631353944621782,0,0.000140616766050142,0.0176031954354698,1.5599578938173e-05,0.179166054071385,1.17767341558187,0.126041105729367,0.304213568865717,0.000574993972515895,0,1.1206190510576,0.007397754527995,0.0291482572269146,0.0152383137467671,0.00282330583950895,0,0,0.000882239522700827,6.71138149625078e-05,0.630253836497994,0.000187327190540901,0,0,0,0.000201256758872245,0,0.0253442021404831,0,0.00412348067993251,0,0.0569873827761484,0.000394338762390905,0,0.00316823239000784,0.00282515983295723,0.000420863698821654,0.0108893970071438,0,2.41331516504502e-05,0.0664583724251162,0.00052703896754877,0.0024256574117711,0.381822453332078,0.027752246788429,0.137390977491478,0.000511028995185776,0.000176515479960628,9.29304940543705e-05,0.00526075546786193,0,0,0.00378580382974543,2.8440378557729e-05
0.0115202304024845,0.177657605738359,1.56055316817298,0,0,0,0.0241852188255582,0.000661369544327391,0.00299047910377159,0.000279289313362533,0.874433909694036,0,0.178046382373891,0.0025190474306244,0,0.0136839303885456,1.71700528031814,0.723078722007464,2.81259060622442,0,0.00685027583722578,0.0239142745020571,0.0984322604570702,0.0305048028952939,0.260485672901278,0,1.77310900442881,0.0188368911708776,0.00419443072146403,0.013725488319321,0.313996047553495,0.000391472501145769,0.00146801700464245,0.143914971004473,0.000975519908643965,0.0495011738374123,0.737911138053234,0.351394964391001,0.0447945447829218,0.000491441639194995,0,0.00494923393189276,0.0021341472797024,0.0147252809370419,0.00683491077635843,0.00104552731420621,7.67547907494803e-05,0,0.000101881301542919,2.11376896620289e-05,0.0134732100819617,0.000145125066589654,0,0,0,0,0,0.000864920135336711,0,0.00313537106017484,0,0.00655667965050733,7.17129895965042e-05,6.23636773762152e-05,0.00012745626518468,0.000479096546145471,0.00146027871742296,0.00376706893943069,0,0.00016272837739206,0.0023894411575919,0.000152386700798327,0.000143642009218421,0.04555349942883,0.0281103140235829,0.0894347585266976,0.000125813383838139,0,2.24208164804843e-05,0.0037920276906191,0,5.30854767477732e-05,0.0019606383157281,0.000933087978399836
0.0118385837072827,1.99616848281568,2.32340889898777,0,0,0.000187209271870189,0.0247762622263314,0.000581530555186751,0.0292308830366617,8.29891568087803e-05,0.0616929490794509,0,0.346155426523445,0.00236051314810645,0,0.990740241780019,0.157424470854049,0.00605081627204216,0.0685476286576808,0,0.0726211998787483,1.52059640355417,1.73873785351507,0.250061984889371,1.17898931336496,1.77310900442881,0,0.111237465912865,0.00304949113638086,0.0121869001670159,0.246403519785784,0.000135269337410403,0.000504501600804006,0.259240927445497,0.00495769364472502,0.221196656620612,0.418733295665234,0.690815481328981,0.150612400300051,0.00462157781551767,0,0.00161740203928929,0.00717479355982634,0.024331428980314,0.0111102302778409,0.00352477258115373,8.52310172718221e-05,0,0.000258135753142334,0.000122888012312758,0.0801916516513869,0.000852463974139432,0,0,2.11973545953855e-05,0.000198212541548758,0,0.00856094563141912,0,0.00500326906993217,1.86641344040194e-05,0.00995652425041134,0.000123339520270347,4.29480098410754e-05,0.00282685113759288,0.00157946952457101,0.00172859200645859,0.00565547266712368,0,0.000265077763318747,0.050848452874439,0.000770643345309166,0.00294953162661114,0.0954296889134512,0.04253818270905,0.219635339401628,0.000577597463711479,0.000404232595493143,0.000124499366107591,0.00532020730053436,0,0,0.00404061447469524,0.00478106300125688
0.0431629923339627,0.00804124565230198,0.176692741129753,2.58880266439998,0.000224131959347592,0.0319841799927564,3.69876143113715,0.00564407529153713,0.0965381309759637,0.853910839404743,0.00158235932810981,0.0291618060370915,3.91952797436776e-05,0.024455403145256,0,0.381974999756169,0.00688690611768381,0,0.000189207176352091,0.361976045597528,1.01083067663841,0.0529350043023226,0.282202529458493,3.9434794082739,0.0024798573442041,0.0188368911708776,0.111237465912865,0,0.0619356382560771,1.02698740460841,0.000159279413450744,0.000612988678939853,0.0908099276647541,0.0958430850696214,0.00382359837053423,0.198477154070471,0.111448657354758,0.151734574371025,0.103511306246112,0.0247839916524619,0.000327053527129464,0.00187342248887239,0.00309881007610891,0.00092998042118159,0.00159113714720883,0.00262160722138313,5.57260787503984e-05,0,0,0.00129506336862181,0.00191072378232682,0.000596540249574924,0.0103565882226952,0,0,0.0160965475399803,0.000150351500100441,0.0364556808762675,0.000171500818994558,4.15283103017302e-05,0,0,0.00168466129878211,0,0.00776289987292424,0.000106050598199299,0,0,0,0.00357705429244656,0.0258722577823872,0.00169383011570032,0.0685168183255483,0.00020482072279794,4.93317071172251e-05,0.000586254834555239,0.0319882139832327,0.00135705443642237,0.00823167776038963,0,0.000125689509009687,0.000632930299065106,0.000677015566623555,0.00241643690011435
1.41448618088692,0.00111287386601094,0.0107584624857151,0.00310837946637449,0.05666336363198,0.0584478885183455,0.11798939646232,0.313742151447206,0.0121698702795849,0.0163659119125313,0.00417767417432615,0.00026071055050211,0.000141768751744883,5.65824589926722,0,0.000764584010145564,0.0910270333344478,0.000108059078732729,0.00253591856220221,0.000184252670533361,0.967597896061664,0.00279433155958056,0.355574337233686,0.0319313617290192,0.000408674362799139,0.00419443072146403,0.00304949113638086,0.0619356382560771,0,3.03993959381662,3.81934348138695e-05,0.425664645023837,0.892696423571731,2.20501866091273,3.17925914423856e-05,0.0130773624484079,0.0300552394059131,0.60786231820311,0.0227388674804581,0.285861558447502,0.254798151988536,0.000109992022315861,0,0.00014523422726502,9.34990745458898e-05,0,0,0,0,0,0,0,0,0,0,0.000719628357187667,0,0.0029233139730561,0,8.82501527192793e-05,0,0,5.66872930339948e-05,0,0.000106126753044282,0,0,0,0,0.00030912188397486,0.000777135754721082,0,0.00202409211012447,0.000215161518302387,5.58059892207812e-05,0.000303675191713389,0.000685229495181619,0.000326360450775864,0.000325217106292517,0,0,3.98486004101264e-05,0,1.78742939752653e-05
0.189313523625114,0.00360668289412118,0.133992864642408,0.000110437203814888,0.000331797394548738,0.000131320911164528,1.66600552087945,0.00189560099712841,0.00871297362289052,0.000524359119374138,0.00075961874511322,0,6.7667463261051e-05,0.0541440943807922,0,0.0151338292752163,0.0236990040580351,4.14643909912818e-05,0.00125486396736861,0,4.60878246206488,0.01072780593188,0.303983669742849,0.086305659525727,0.00136047989103191,0.013725488319321,0.0121869001670159,1.02698740460841,3.03993959381662,0,5.3975206054345e-05,0.000511883326427528,1.04449736259992,0.669791019867673,0.00174699369892533,0.083581263321133,0.07832866679331,0.0987252526338261,0.0440569332915654,0.000848636583177402,0.000491229524314725,0,0.000913107972123152,0.000128982166901111,0.000428986936789114,0.00044560674302539,0,0,0,0.000402653659913186,0.000249189620347382,0.000267893888741276,0,0,0,0.00252421997650516,0,0.00936579079171337,0,2.03953741224621e-05,0,0,0.00023888979349177,0,0.00147392184509708,0,0,0,0,0.000994577342076663,0.00657134041178143,0.000268219255911736,0.0126797845805149,0.000175009504867246,0,0.000154549829069817,0.00765862291347547,0.000428856288915848,0.00155805939212626,0,0,0.000346341302167301,0.000210584644863201,0.00071643771405595
0,0.012116631014062,0.00185551238090877,0,0,0,0.000308977117278854,0,0.000489558699730039,0,0.462225925651191,0,2.8731535068544,0,0,0.000261501906288274,0.000155372488403545,0.000235145105381047,0.00322408446802,0,3.24436742369771e-05,0.00126468979133737,9.91307396063963e-05,0.000392988494817234,0.631353944621782,0.313996047553495,0.246403519785784,0.000159279413450744,3.81934348138695e-05,5.3975206054345e-05,0,0,0,0.0052538063609186,0,0.00802386366091571,0.136601377110266,0.0443341660512822,0.0035285190155417,0.000118743401375699,0,0.0176663805558783,0.00064118388503432,0.00500926697827158,0.00103644979312506,0.000430991404997916,0,0,0,0,0.00156905744307199,0,0,0,0,0,0,0,0,0.00128657732563383,0,0.00221109211389985,0,0,0,0.000552736222633503,0.00128773803454099,0.00279495407545296,0,0,0,0,0,0.0239845051039117,0.00501518820957228,0.00823435078601605,0,0,0,0.00457266279332243,0,0,0.000181106930356584,3.61827205626428e-05
0.000486528741385358,0,0,0,1.30527428443772,0.101166478098442,0.00012132226742575,0.00976396871206618,0,0,0.000378041766944763,0,0,0.00647059430331365,0,0,0,0,0.000138030170207782,0,0.000437408025730184,0,0.000125884980534876,0.000133987185971032,0,0.000391472501145769,0.000135269337410403,0.000612988678939853,0.425664645023837,0.000511883326427528,0,0,0.00179628830739757,0.728087050552415,0,0.000462554273465341,0.00393148377883626,0.121680320705162,0.00186943969391105,0.120903134018373,1.86115914157799,0,0,0,0,0,0,0,0,0,0,0,0,0,0,0,0,0,0,0,0,0,0,0,0,0,0,0,0,0,0,0,0,0,0,2.44282462397803e-05,0,0,0,0,0,0,0,0
0.0748854478191715,0.000694874619725753,0.00509231527941013,0.00664478969312197,0.00134626682439049,0.00116713139107291,0.124430187236137,0.00436643806796055,0.0429508583618002,0.0107264061821757,0.000473140354807797,0.000403693227381166,0,0.0346036955549957,0.000627158270392947,0.00438389387807129,0.00149042869919395,0,0.000729355368415868,0,0.863248861769119,0.00201048551092941,0.159543058855897,0.0440246039168827,0.000140616766050142,0.00146801700464245,0.000504501600804006,0.0908099276647541,0.892696423571731,1.04449736259992,0,0.00179628830739757,0,1.35471124782533,0,0.0242135585550429,0.113396751675316,0.181422239328872,0.0337362270480813,0.00677593626572312,0.00124855927530328,0,0.000361872319589476,0,0.000310322732848353,0.000473216258873078,0,0,0,0,0,0.000121035934900906,0,0,0,0.000832593460210529,0,0.00660826955738462,0,0,0,0,6.67443584609893e-05,0,0,0,0,0,0,0.000168258274575626,0.000626499785954769,0.000123565446011414,0.0025285859803991,0,0,0,0.00216558008561692,0,0.000131278566291235,0,0,0.00059503817446243,0,1.55593008186335e-05
0.066499515893323,0.127055509003036,0.0955893223743289,0.000275089865589984,0.0591157460513863,0.00934237715484558,0.0547616527156239,0.0256817628249521,0.014865793348268,0.00183979452192387,1.17140196813797,0.000115450923639838,0.0035779907267274,0.166162679595829,0.000308205223583679,0.0245976978289127,0.839574234048225,0.0112396793680122,0.842942748687855,0,0.4225765629236,0.0255081060087278,0.1334204668636,0.051123300703975,0.0176031954354698,0.143914971004473,0.259240927445497,0.0958430850696214,2.20501866091273,0.669791019867673,0.0052538063609186,0.728087050552415,1.35471124782533,0,0.00144534648883736,0.192051082326822,0.833184663142578,4.30599313764403,0.228881088441369,0.595474605034968,0.664936713529035,0.0018328913993581,0.000720892161803335,0.00134486939877141,0.000694966923421819,0.000752161710376708,0,0,0,5.39107355073806e-05,0.0045726423154862,0,0,0,0,0.00097651503165574,0,0.00426644163486121,0,0.000212118003598245,0,0.000830550093299745,3.78743512602208e-05,0,0.000461944963233493,0.00033035945924446,0.000122005732873035,0.000626737788676505,0,0.000144016233227395,0.00452657736167726,0.000183819648189422,0.00233789192931707,0.0100633731693588,0.00262416122536536,0.0135414042210306,0.00131306864078905,0.00015577830210159,0.000333916175807658,0.000582801457599258,0,9.00680010917695e-05,0.000583224382541368,0.000834308747415511
0.000104552327658016,0.000387876509376061,0.000699019593249613,0,0,1.15454409843976,0.000320956124546843,0.111964626471087,1.37899656394798e-05,0.0754049739304334,0.000554395216798057,0.239132272623802,3.60728199243004e-05,5.26296972900983e-05,0.110327057955119,0.00178742660518641,9.94488765747748e-05,0,8.98302145460713e-05,0,0.00888905255944514,0.000417212335781009,0.0207127204011861,0.00162794631916784,1.5599578938173e-05,0.000975519908643965,0.00495769364472502,0.00382359837053423,3.17925914423856e-05,0.00174699369892533,0,0,0,0.00144534648883736,0,0.071130703543763,0.040346823595416,0.0306987561254816,0.0183910789119144,0.00427246101873931,0,0.00031758867270962,0.0261635893002137,0.0207383143260296,0.0132476118671385,0.0236348777113352,0.0155822009502178,0,1.51665450219996e-05,4.85070912617145e-05,2.20762822641597e-05,0.00102714673887296,0,0,0.0111913977082864,0.000607713029552891,0,0.000382971691933895,0.000194736164275574,0.000114265590889087,0.0365898337999222,8.64784255555659e-05,9.32387671622142e-05,0.0278105782206325,0.000826083618938654,0.000120533078502239,0,0,0,0.00371093327875629,0.000767059040497724,0.0121890075866986,0.000268776224051214,0,0.000199634160887342,0.00309164297702025,0.000796384524742781,6.24389184327996e-05,0.000415980627801088,1.85392319390764e-05,0,0,0.001039840279428,1.52637416098687
0.0118783785826991,0.0662526542797457,0.0639367404328476,6.49712975183052e-05,9.30979200726026e-05,0.00298593575501102,0.0590335052379882,0.00100722193771525,0.0694933669132681,0.00192012912322781,0.0673198544344916,0.00434635237955866,0.0654099191282577,0.00177496433057065,0.000680434989446283,0.111657227007269,0.0068505363758721,0.00193569037916518,0.0242163766886277,0,0.384761374937699,0.037527329644797,0.696306337779078,0.0981409912462061,0.179166054071385,0.0495011738374123,0.221196656620612,0.198477154070471,0.0130773624484079,0.083581263321133,0.00802386366091571,0.000462554273465341,0.0242135585550429,0.192051082326822,0.071130703543763,0,2.91056045281281,1.37241969489407,0.885590262096244,1.91212506554624,0.000203534760772658,0.303403288684703,0.108382896717566,0.0466067419374847,0.0172070873201628,0.0248183674015962,0.00502596818627465,0,0.000250615728259368,0.000842874169610054,0.00686426343012653,0.00170411476598021,0,0,6.13393413330717e-05,0.00294382847757691,2.74574514685587e-05,0.00546906384094448,0,0.000359593462301685,0.000284404094265748,0.00120534125797121,6.6734043143513e-05,0.0052036974574496,0.00195744271977949,0.000159117906202294,0,5.60979146546556e-05,0,0.00424295735800014,0.00751136342877141,0.00996520927680475,0.00597103367362851,0.00371271835610996,0.00123191325527852,0.00652713490103709,0.00406249683752939,0.000135055433445001,0.00143341604582323,0.000248535329280227,0,0.000311092117711009,0.00187607327205512,0.0340981121712764
