0,0.000270257360466736,0.117890714596766,0.00742599089700865,0,0.0249294269954817,1.6061669974952,1.32331013851719,0.0142404643884023,0.0649737010057464,0.000521741610643355,0.0116717035576743,0.000550137147761774,4.31815923718681,0.00170099456405946,0.00493262139591204,0.0375223103674133,0,0.00100405510877965,0.0198605070230182,0.0684399528029793,0.00477334800374094,0.060076775865468,0.0202256490519025,0.000489530749714731,0.010873375451186,0.0196137638501347,0.0890801380436334,1.43317119423175,0.358926165773142,0.000334906799873899,0.00147290662970713,0.192143462559018,0.0603490789046472,0.000196046312260578,0.0424528726240621,0.0194394199674404,0.0762474641432185,0.0354478031319412,0.0173359703788674,0.000524616462020039,0.000325348868344282,0.00264854723757381,0.00261670478665025,0.00195462067348771,0.00673102289115139,0.00101420342852639,0.000482766854755332,0,0.000571684875314116,0,0,0.000457168136977094,0,0,0.000731464989185526,9.14900438879537e-05,0.00220289222723838,0.000162677265190758,0,0,0,0.000362192585843649,0,0.00174983435464991,0,0,0,0,0.000852492719306927,0.00131317838329644,0.000692835354484102,0.0076066508711028,0,0,3.14820514695112e-05,0.00483213948390537,0.00137230373958626,0.000814741061227062,0,0,0.000887397951541533,0.00394404582053492,0
0.000270257360466736,0,0.0601196725862988,0.00013802606030678,0,0,0.000191572434405439,0,0.0424905005136599,0,0.00316148739489775,0,0.00255110817104496,0,0,0.0956615395365984,0.0162160737755856,0,0.00883468525305522,0,0.00272788761826306,0.961562775488601,0.0051953276614163,0.0174466603550518,3.17876274826492,0.0372140827581372,0.317273222197985,0.00260443079058435,0.000688887793569979,0.00171646726016737,0.000426047625951467,0,0,0.00182867648079992,0.00012032310375747,0.0247855665095529,0.0979442770375088,0.0163435555397497,0.00852483882531801,0.00315769838509472,0,0,0.000816570984031024,0.00863861698650289,0.00136118383382557,0.00250459427581059,0.000625871383990376,0.00015823234491795,0,0,2.02715656930655,0.000402247787608397,0,0,0,5.25011234778217e-05,0,0.0231611697226286,0,0.000398413402311138,0,0.00765399932686034,0,0,0.0118118392471522,0,0,0.000346319335261162,0,0,0.340275370807499,0.000559955028785298,0.00136066154376809,1.37548574855424,0.00151324245783769,0.131287374832496,2.75811115018506e-05,4.11343875375836e-05,0,0,0,0,0.000548153927049988,4.53175714550729e-05
0.117890714596766,0.0601196725862988,0,0.000329541986205731,0,0.000128982780292948,0.15203169197169,0.00781110338340211,0.000348539086708757,0.00321882674615526,0.000422788394757781,0,0.00447858374185373,0.0317449115481419,0,0.00425414721596605,1.6840039243021,0,0.00646096725446201,0,0.279635418810671,0.0152715113989534,3.77768345094727,0.000692680007010445,0.000175656067344498,2.13715019180815,2.66569077191843,0.0781068816436359,0.0799731104179799,0.223488625219815,0.00233826063441949,0.000249616504820907,0.032362167809994,0.102478589858171,0.000489620621425845,0.0954370415612447,0.0746211281799643,0.20820812146096,0.0361345954000009,0.000857789961771676,7.85576994991669e-05,0.000215488251505939,0.0024213448396372,0.000986880288688982,0.000649714916011101,0.00236391645274056,4.27994531444448e-05,0.00145215579269806,0,0,0.000374237037647048,0,0,0,0,2.37324234799911e-05,0,0.000507433637356837,0,0,0,0,2.49259289518945e-05,0,0.00222104230321532,0,0,0,0,0.000202259821618228,0.0148814124843166,5.74637802454314e-05,0.000329848609030423,0.000124570288216462,0,0.00125785280081707,0.00027477860686218,7.46069987604403e-05,3.48924744708427e-05,0,0,0,0.000536825340867724,0.000198385820901175
0.00742599089700865,0.00013802606030678,0.000329541986205731,0,0,0.0141349019768447,0.00460653562396629,0.00390797637252225,0.659379842564313,0.840691784416435,7.732205652769e-05,0.498984076619407,0,0.00440069612040459,0.00159597593014488,0.0013653420361073,0.000167773056227344,0,0,17.3641412626221,0.00024193028002128,0.00192477865750545,0.00114596932358578,5.29545790367566,0,0,0.000951781642810536,3.28381968837159,0.0360707423915411,0.000351033527778995,0,0.00025735948016184,0.0243982759718262,0.0083221838802066,0.000277220682748795,0.128597408819355,0.000213585815788824,0.00306620770054605,0.00511344603016706,0.0299591378173332,0.000204959918332012,0.000171388474836807,0.00396297487391526,0,0.000146466399588941,0.000579910428733563,0.000425730632125212,0,0,0.00128251278221701,0,0,0.140781569680187,0,0.00285223614923177,0.00182935218863738,0.00123324270312878,0.00221914880984792,0.00618899486004505,0,0.00469777203833942,0,0.000673287598583761,0,6.58370139548551e-05,0,0,0,0.0408970962671671,3.44374510110215e-05,0,9.06438059767147e-05,0.0181253769878171,0,0,0,0.0134422457140676,0.00210322815397356,0.000375795528581146,0,0,0.00124515080677425,0.00110623267212585,0
0,0,0,0,0,0.0451630162180149,0,0,0.000432554456126333,6.94942959998633e-05,0.677159689652092,0.000300214823647015,0,0.000371868144114783,0.0186009053257445,0,0,0,0,0.000328699191321813,0,0,0,0,0,0,0,0,0.101496363031563,0,0,1.0268849075471,0,0.971657392247956,0.005276060612335,0,0,0.00494275520219217,0,0.10426797326705,1.93550311320599,0,0,0,0,0,0,0,0,0,0,0,0,0,0,0,0,0,0,0,0,0,0,0,0,0,0,0,0,0,0,0,0,0,0,0,0,0,0,0,0,0,0,0
0.0249294269954817,0,0.000128982780292948,0.0141349019768447,0.0451630162180149,0,0.0505702916660117,0.958680575002505,0.0689881307567383,2.15082272599312,0.000284776531052302,3.62935142639958,0,0.0277612744584885,2.27584487159673,0.000353077225887434,0,0,0,0.171960906907327,0.000288878818253305,0.00259324482533647,0.000260513151904684,0.0443412600307695,0,5.67061537283248e-05,0.00031305232756032,0.0368181992459769,0.274714737651496,0.00025051662577931,0,0.173977551140592,0.0168558637940777,0.0693390396206084,0.209837790384433,0.0845555805144477,0,0.00242147512382986,0.000789262311553539,2.12768243679278,0.0238279641998052,0,0.0012984471030163,0,0.000598264029776125,0.000702093697374692,0.000897061125846638,0.000755952243314026,0,0.000334349448037922,0,0,0.00344104745624795,0,0.00141484515449192,0.00165793172435784,0.000270601616647156,0.00461355731061141,0.00218097515414425,0,0.00120909970350191,0,0.000434100475926177,0.000779703268369285,0.000566012125308548,0,0,0,0.00264043224141978,0.000369788240753735,0.000355845027949539,7.97859939206252e-05,0.0200037152717833,0,0,0,0.0117913603939319,0.00311818479410143,0.00159631731105245,0,0,0.00150043588293278,0.00159140915264117,0.0027167405032067
1.6061669974952,0.000191572434405439,0.15203169197169,0.00460653562396629,0,0.0505702916660117,0,0.0872131855431268,0.155743042564233,1.17951268460057,0.000474516543627509,0.0011274483496715,0.000729779106690088,0.222276557098392,0.000958337787160772,0.0103870871202379,0.0215800332677982,0,0.000389496971707726,0.00146911136288204,0.36897555393734,0.0164619953767125,0.209110105742524,0.122619672263615,0.000384914479766127,0.0206377055164501,0.0828197291473406,2.27740565721551,0.259429798710032,1.5433228778194,0.000821466248833132,0.00133746788043456,0.069037040425323,0.0399428982755681,0.000617079082942824,0.102194926640783,0.0435521820933435,0.0955143924626932,0.0471645979087359,0.00934685376979516,0,0.00137887475305635,0.00873347294446963,0.00206115069673403,0.00310092786034604,0.00857028182040473,0.00170274969017126,0.000874120827575665,0.00109555876072695,0.000771166939309881,5.5002544205999e-05,2.72630741230983e-05,0.00299330515829308,0,0.00248598780729336,0.00110577927937554,0.00133171221335191,0.00466251685871455,0.000991480762914693,0,0.00116339060598166,0,0.000774982050478233,9.9402299882756e-05,0.00601335990265163,0,0,0,0.00071761867601981,0.00260531914277024,0.00517659109853659,0.0010945178601746,0.0229226476643033,7.69316620709652e-05,0,0.000377658153853885,0.0180289194456047,0.00330532983336248,0.0036484008073626,0,0,0.00163699170849287,0.00369174641417447,0.000272085070793635
1.32331013851719,0,0.00781110338340211,0.00390797637252225,0,0.958680575002505,0.0872131855431268,0,0.0128478729940469,0.670911316378378,0,0.06962565174933,6.16702431130286e-05,0.762294089854876,0.0253500561743981,0.000588522446339043,0.00219963209686172,0,0.000124786408491461,0.0271257703747539,0.0063329507703693,0.00494894821132373,0.00559392248579024,0.0164394256996596,0,0.000522204413601199,0.00250156486658672,0.0281568195573474,0.0621583212681343,0.0080386061291295,0,0.000275484187126512,0.00503307078249349,0.00706097564180661,0.00051529507933108,0.0103242535620342,0.00210610590070837,0.00598811873942823,0.00188206119919218,0.0418190156272366,0,0,0.000721438030106039,0.000425610112691955,0.000201021622051426,0.000726544375375168,0,0,0,6.55660713400606e-05,0,4.09290244853962e-05,0.000977971147409943,0,0,0.00065315377985287,0,0.00180926084244771,0.000332676285171059,0,0.000108875087201353,0,0.000447334353738164,0,0.000922962096041432,0,0,0,0,0.00033092146113533,0.000306591090831966,0,0.0149271528006919,0,0,0,0.00848423594108931,0.00137911463243604,0.00110912665259905,0,0,0.000453785687808819,0.00135580985836258,0
0.0142404643884023,0.0424905005136599,0.000348539086708757,0.659379842564313,0.000432554456126333,0.0689881307567383,0.155743042564233,0.0128478729940469,0,0.251935301404357,0,3.78994360867971,0,0.00559396996029864,0.150523313636248,0.0629694787883489,0.000371467217644139,0,0.000138807631311477,0.421426120146581,0.00523332008892174,2.27763782868212,0.00196901873993474,4.97021423277426,0.000433902538109149,0,0.0258124271833424,0.818776748422718,0.05337558880767,0.0219153000746779,0,0.00016212712217578,0.0294160305998874,0.00997817880559894,0.0107282746421423,0.255334188853582,0.00598734058493042,0.00689068047661451,0.00627351452472556,0.471117827597155,0.00209806935070755,0.00219669776455732,0.0132517605709182,0.00307291195939253,0.0134774841275783,0.0131902246464323,0.000800034155996172,0,0,0.0061222574491495,0.0527052589486116,0.00088021447653489,0.0050130990358153,0,0.00409642005176611,0.00763144181745737,0.00225067631790173,0.281903196490426,0.00263523865575456,5.81095758222933e-05,0.00359966507587513,0,0.00234054972471652,0,0.0474280063379321,0.000105115565451959,0,0,0.00845836300794285,0.0110335427585745,0.0362906687287648,0.00592239678677101,0.186378250456833,0.00773376974063685,4.39454703584415e-05,0.00316065000286161,0.0538992657771322,0.0225466665440722,0.0224697977680612,0,0,0.0232000694812376,0.0183525030928691,0.0137179453646151
0.0649737010057464,0,0.00321882674615526,0.840691784416435,6.94942959998633e-05,2.15082272599312,1.17951268460057,0.670911316378378,0.251935301404357,0,0.00142591385202535,3.44054596213461,0,0.314789802276334,0.0285738355673102,0.00292978244436006,0.000222409294787557,0,8.36184335378763e-05,2.30216578313053,0.0106795878720805,0.000293418635775174,0.00949051743119387,0.251540576045559,3.01265206155052e-05,0.000496846514044991,0.00519809209600334,1.15712013702182,0.309764355354191,0.00353837189595482,0,0.00289719597107396,0.0870529252816261,0.0490288390385704,0.0241180718654681,0.123393495718164,0.00326217133049062,0.00980763447274724,0.00579011131368409,0.106108209527459,0.00119864636283772,0,0.00530487991277973,9.32745844123249e-05,0.00136428777253405,0.000920899701175443,0.00198635173423442,0,0,0.00154942133170379,0,5.88953262426438e-05,0.0152533257673919,0,0.00572564492301282,0.00362476519868958,0.00261280918655281,0.00410673201281971,0.00738992258024542,0,0.00445858692601296,0,0.00175607812042401,0,0.000480655476363805,0,0,0,0.00840589822917714,0.000550478261362236,0.000726120154955571,0.000214131529358359,0.0398117741325152,0,0,8.28216758152391e-05,0.0297753568059988,0.00381918950442206,0.000675101704960407,0,0,0.00125571720952999,0.00260745572059395,0.000168759148068409
0.000521741610643355,0.00316148739489775,0.000422788394757781,7.732205652769e-05,0.677159689652092,0.000284776531052302,0.000474516543627509,0,0,0.00142591385202535,0,0.000117128024897766,0.611781997742198,0.000105701690461599,0,0,0.619472730637133,1.27273476854829,1.24846137682957,0.000472934394187336,0.00220946753736722,0,0.00136439077137157,0.000219027044763399,0.0469202089317157,0.0392868653448779,0.0236432460643648,0.000700211457762526,0.384659191205186,0.00119623766590716,0.00383924208302529,2.69767924885415,0.00838059557786116,2.94701192727483,1.22001630169637e-05,0.00146839434790957,1.39000945319947,1.70400625981097,0.00385605393948426,0.000919518935062774,0.171821244183987,0,0,0,0,0,0,0,0,0.000121757296326977,0,0,0,0,0,6.87228467808375e-05,0,0,0,0,0,0,0,0,3.61674473527305e-05,0,0,0,0,5.65666113924005e-05,0,0,0.000446591719670339,0,0,0,5.0692564061789e-05,0,0,0,0,0.000154396990854013,0.000126552297975108,1.59354651203595e-05
0.0116717035576743,0,0,0.498984076619407,0.000300214823647015,3.62935142639958,0.0011274483496715,0.06962565174933,3.78994360867971,3.44054596213461,0.000117128024897766,0,0,0.0137390463599284,0.4987182768395,0,6.14615331008708e-05,0,0,7.37232122512775,7.93474099068181e-05,0.000110526190707845,0.00025299885472838,1.102018189086,0,0,1.93184373341228e-05,0.0388259802529667,0.182195082351309,0,0,0.000704861010116408,0.0146606084283087,0.0242366940337646,0.469779853977477,0.30122132705654,0,0.00182594705293656,0.000357381686665395,1.62062820185966,0.00312994531342942,0,0.00206435659833613,0,0,6.08795047099945e-05,0.000475460058289391,0,0,0.000614664804237193,0,0,0.00350624441151315,0,0.00107429824106619,0.000398407009846737,0.000125141195278294,0.000687030242312479,0.00116138697327929,0,0.116790760174839,0,0.000276972110880774,0,0,0,0,0,0.00681055665087129,0,0,0,0.00493783953783029,0,0,0,0.00437004528354442,0.000448076979743581,8.88089845362513e-05,0,0,0.000146845511167161,0.000311151113033246,0.000261800117648515
0.000550137147761774,0.00255110817104496,0.00447858374185373,0,0,0,0.000729779106690088,6.16702431130286e-05,0,0,0.611781997742198,0,0,0.000287279683781467,0,0.00265080993546169,0.00509522209180529,0.00130760239782741,0.032996137047669,0,0.00499094101694236,5.76661050435707e-05,0.00654592714583223,0,1.73492195149273,0.155815512994275,0.448530080945346,0.00103933011019087,0.000759854109029897,0.00246333903503048,0.92121482765289,0.000459877992316307,0.00455544392710844,0.0359617485675371,0.000234561533421217,0.111768064596944,0.671416534945578,0.601711444364814,0.107247642804133,0.00389813715096233,0.182878689387586,0.121641739744186,0.00403498714669896,0.00361129534183961,0.000443269151618672,0.00168067623770352,0,0,0.00224055841002674,0,5.47940811059912e-05,0,0,0,0,0,0,0,0,0,0,0.00192057131941453,0,0.000849491468412483,0.00028552708041538,0,0,0,0,3.53042952736431e-05,0,0,0.000258969865530402,0,0,2.51787501737697e-05,4.3482644967039e-05,0,5.60409727102884e-05,0,0,0,0.00243485334128161,0.000855672130104932
4.31815923718681,0,0.0317449115481419,0.00440069612040459,0.000371868144114783,0.0277612744584885,0.222276557098392,0.762294089854876,0.00559396996029864,0.314789802276334,0.000105701690461599,0.0137390463599284,0.000287279683781467,0,0.00125830192373155,0.000743780339636336,0.0124179804399055,0,0.000530260746584604,0.0164545661468947,0.0170619947935543,0.00594841755443666,0.0201038451797874,0.0109659089595169,0,0.00380941384872145,0.00854089525779236,0.0379098896888814,2.45055818270051,0.0421845653914747,0.000260618231483372,0.0019946222428475,0.0723690261618802,0.09292305790262,0.000156108963590478,0.0137091550299882,0.00491286700685593,0.0231366021823245,0.00938544228779227,0.0339282276526321,0.0009226558906411,0.00040397050441425,0.00131688047707145,0.000259613225670204,0.00110006933296733,0.00179718189347025,0.000230413035372489,0.000262248428471773,0,0.000103052366182965,0,0,0,0,0,0.000774149171882834,0,0.0024917241414142,5.88733669683664e-05,0,7.85350106469627e-05,0,0.000157351844209286,0,0.00115169623722319,0,0,0,0.000117539067986596,0.00051102190883558,0.000703946380408091,0.000263920301173626,0.00741992358019449,0,0,1.75575919074173e-05,0.00410168869157052,0.00168393092837898,0.0013568395922603,0,0,0.0007576555934209,0.000422913146067774,0
0.00170099456405946,0,0,0.00159597593014488,0.0186009053257445,2.27584487159673,0.000958337787160772,0.0253500561743981,0.150523313636248,0.0285738355673102,0,0.4987182768395,0,0.00125830192373155,0,0.000390544511899554,0,0,0,0.0228361013858927,0.00123965419076522,0.000634328171836687,0.00216925904538733,0.00297728173331287,0,8.33775914481686e-05,0.000594775925237702,0.00144557380762747,0.0017101845591074,0.000107909929028555,0,0,0.000512717317306058,0.000292414011017076,1.17029392876846,0.015475317334937,0.00178660639738935,0.00371317522719695,0.00613974358147778,1.23844165787177,0,0,0.00160924746079387,0.00148564107565186,0.00247879162536591,0.0256687916082705,0.0399184932288583,0.0901891708225679,0,0.00058183411592775,0,0,0,0.00287679108798924,0.000529676830963253,0,0,0,0.000127979888416422,0.000385206809224159,0,0,0,0.00886110031677615,0,0,0,0,0.00056319610899376,0.000206920523778742,0.00054800959780367,0.000759155978677256,0.00137420696704801,0,0,5.77241161746197e-05,0.00114540071404514,0.000262279701529824,0,0,0,0,0.00977977896714013,0.0406944156101602
0.00493262139591204,0.0956615395365984,0.00425414721596605,0.0013653420361073,0,0.000353077225887434,0.0103870871202379,0.000588522446339043,0.0629694787883489,0.00292978244436006,0,0,0.00265080993546169,0.000743780339636336,0.000390544511899554,0,0.00171758284361438,0,0,0.000668217155724323,1.62883385720644,4.72882136304585,1.9747240671062,0.973750768277998,0.0182537062893944,4.80575463104914e-05,0.852723717379688,0.40890087413951,0.0225746324905475,0.0886397640051334,0,0.000153045661017612,0.030227042577058,0.029413654056684,0.00141645659132127,0.33020263799009,0.375965980445481,0.0949257868403862,0.097530015682034,0.0101763183092495,0,0.00907609697480787,0.0701533669781441,0.0249137347550294,0.0402430140471355,0.0694396466938464,0.00248435221084171,0.00453955071809078,0.00400078880100013,0.00285557915908567,0.0705517217156182,0.0040259298008369,0.000397678355146289,0,3.14663284125692e-05,0.00210342649593164,0.000355650951129046,0.00925442276137787,0,0.000674359026609769,0,5.46519869948309e-05,0.0010125663443656,0,0.600698932815644,0.00107441189377495,7.63849938111407e-05,0.000175239807614861,0,0.0671463704372362,0.907972739900507,0.0732100639712601,0.035123387828024,0.0228761134932139,0.00103327176182447,0.0224642440166521,0.0333917038512926,0.0124816494106371,0.0286489335727484,0,7.30548842492441e-05,0.0174840209803623,0.026860929266782,0.00100756379176805
0.0375223103674133,0.0162160737755856,1.6840039243021,0.000167773056227344,0,0,0.0215800332677982,0.00219963209686172,0.000371467217644139,0.000222409294787557,0.619472730637133,6.14615331008708e-05,0.00509522209180529,0.0124179804399055,0,0.00171758284361438,0,0,0.756718470171497,0,0.0432731860337591,0.00339479531862604,1.95315524625897,0.00047149330993825,0.00307731297020555,1.943892792058,0.30495804944292,0.00492444193097831,0.259430008830193,0.080203714267485,0.00409187723625226,0.00465997350966115,0.0456335968405943,4.75057701277881,0.00039029438458995,0.0901597516233392,0.128341779210664,0.230831490795343,0.0264168046870031,0.00119623283932883,0,0.00397168712179842,0.00170487903097976,0.000950915274486792,0.000562619709142206,0.00119634384996515,0.000106483131926244,0.000346991828368269,0,0,0.0042930975839602,0,0,0,0,0,0,0.000597000243162415,0,0,0,0,0,9.13210413182545e-05,5.32270787682865e-05,0,0,0,0,0,0.00436813474750966,3.32779044607315e-05,0.000195257485730266,0.000638756184317127,0,0.000325617419849846,0.000167472775801265,5.91757191292911e-05,9.3348581121689e-05,0,0,0,0.00195744992582041,0.000184826030678392
0,0,0,0,0,0,0,0,0,0,1.27273476854829,0,0.00130760239782741,0,0,0,0,0,0.208498817479434,0,0,0,0,0,0.000692361540812481,0.217220862304972,0.000357994492589143,0,0.389896808527847,0,0,0.0161624264039877,0.000469880670733315,0.000218161902197131,0,0,0.00104069014168653,0.000616748931933512,0,0,0,0,0,0,0,0,0,0,0,0,0,0,0,0,0,0,0,0,0,0,0,0,0,0,0,0,0,0,0,0,0,0,0,0,0,0,0,0,0,0,0,0,0,0
0.00100405510877965,0.00883468525305522,0.00646096725446201,0,0,0,0.000389496971707726,0.000124786408491461,0.000138807631311477,8.36184335378763e-05,1.24846137682957,0,0.032996137047669,0.000530260746584604,0,0,0.756718470171497,0.208498817479434,0,0.000138042439819918,0.000415199379642335,0.00129752970958264,0.00255762894238081,7.66864400159762e-05,0.0764307222849838,1.94531862404488,0.0694552700250849,0.000444761624792776,0.675615645718711,0.00142049627204238,0.0160087309523446,0.00562819653123172,0.00986776599084119,1.69267926288439,0,0.00494505850695525,0.308187735106688,0.615620535171455,0.00810685543913522,0,0,0,0,0,0,0,0,0,0,0,0,0,0,0,0,0,0,0,0,0,0,0,0,0,0,0,0,0,0,5.14594703487346e-05,0,0,0,0,0,0,0,0,0,0,0,0,0,0
0.0198605070230182,0,0,17.3641412626221,0.000328699191321813,0.171960906907327,0.00146911136288204,0.0271257703747539,0.421426120146581,2.30216578313053,0.000472934394187336,7.37232122512775,0,0.0164545661468947,0.0228361013858927,0.000668217155724323,0,0,0.000138042439819918,0,0.000215218933759186,0.000783871433735914,0.000820002296801231,0.938431262156641,0,8.11965219328159e-05,0,0.323514586987715,0.130738828215336,0.000361678567402063,0,0.00230818847268992,0.0562536907918497,0.0228887957481082,0.0175155365607322,0.118928619485042,0,0.00141046881831984,0.000745571746900098,0.199458561549177,0.00127543345879721,0,0.00494865584572104,0,0.000419885711945354,0.000227620324045025,0.00154924558273383,0,0,0.00259167466364747,0,0.000172609392037653,0.0164346963788154,0,0.00228206337349472,0.00194941277561983,0.000984564104562559,0.00397486185479903,0.00490543659380187,0,0.00885482186631958,0,0.000806503369738274,0,0.000230297597242198,0,0,0,0.0139863635754369,7.26005441947499e-05,0,0.000126759161424322,0.0297127055835362,0,0,0,0.0173497259458427,0.00195118231668595,0.000477331042132332,0,0,0.000864977583880133,0.00117271475298518,0
0.0684399528029793,0.00272788761826306,0.279635418810671,0.00024193028002128,0,0.000288878818253305,0.36897555393734,0.0063329507703693,0.00523332008892174,0.0106795878720805,0.00220946753736722,7.93474099068181e-05,0.00499094101694236,0.0170619947935543,0.00123965419076522,1.62883385720644,0.0432731860337591,0,0.000415199379642335,0.000215218933759186,0,0.119149463663142,6.46341491064515,0.0402295022580392,0.00571356224045454,0.0254292016991299,0.318277965020253,1.47967832619345,1.1446470969378,4.24396075786898,0.000283553435459657,0.00647500989026929,0.86662554339503,0.786006869696589,0.00603689169850743,0.975251650870052,0.369417830312368,0.837722210151582,0.351085116096856,0.0275403392182017,0.000220214264334579,0.0221258365971402,0.0957371423540936,0.0420529458505036,0.0437683527756694,0.136149727412811,0.00720459852885724,0.00890441817314176,0.002184163712812,0.00244187080053419,0.00223595156247307,0.00424104745964703,0,0,0.000122050287583052,0.0037619822471913,0.000263425873081464,0.00475693655330292,2.8062078028129e-05,0.000280904225200489,0,0.000662166110002992,0.00152363279302234,0.000284614130975636,0.124726622834328,0.000468553047259908,0,0,0,0.0586779954613525,0.0492266428754915,0.0309684888341817,0.0422947462131764,0.000801290285100165,0.000723791086266818,0.00536863696253221,0.0417258993206693,0.0177816463074734,0.0371255995780713,0,0.000265521602030688,0.015773889503205,0.0290553054162213,0.00304152094732607
0.00477334800374094,0.961562775488601,0.0152715113989534,0.00192477865750545,0,0.00259324482533647,0.0164619953767125,0.00494894821132373,2.27763782868212,0.000293418635775174,0,0.000110526190707845,5.76661050435707e-05,0.00594841755443666,0.000634328171836687,4.72882136304585,0.00339479531862604,0,0.00129752970958264,0.000783871433735914,0.119149463663142,0,0.157716535564282,1.98927913292143,0.0358738339463077,0.00046874566071133,1.29682889617197,0.122371494396723,0.0574840513697622,0.0480438439627995,0,8.44758463128328e-05,0.0304437827968951,0.0120390917453254,0.000669015830475809,0.0545915263453803,0.0470592535712765,0.0192768616232014,0.015377519475791,0.0216102083912763,0.00236750340829035,0.00199626038246232,0.0318022184877367,0.0145424681839193,0.027725637546222,0.0301355091261617,0.00214895438401126,0.000207471872415863,0,0.0012758517547798,1.72540330724222,0.00484684187402152,0,0,0.000129132536526642,0.000829596772838099,6.47525271549997e-05,0.0455086251783746,0,0.000489617731674472,0,0.00325361497153821,0.000296532783265023,0,0.657600256929243,0.00141469827483527,0,0,0,0.0309774474459087,1.82948889773883,0.0560703648020306,0.0278078526958293,0.18733422371319,0.00529739537710898,0.239402776008166,0.0155039063679234,0.00578142567211532,0.0132393374410393,0.000178921992211863,0,0.0112595930291997,0.0128305649074378,0.000238312407593814
0.060076775865468,0.0051953276614163,3.77768345094727,0.00114596932358578,0,0.000260513151904684,0.209110105742524,0.00559392248579024,0.00196901873993474,0.00949051743119387,0.00136439077137157,0.00025299885472838,0.00654592714583223,0.0201038451797874,0.00216925904538733,1.9747240671062,1.95315524625897,0,0.00255762894238081,0.000820002296801231,6.46341491064515,0.157716535564282,0,0.020672034556656,0.00640048051122179,0.263571234185377,1.93133567374698,0.284054319904323,0.665844544614774,0.664374136771601,0.00171197024075075,0.00130025404823264,0.23636096753891,0.402119224947088,0.00773573245151781,0.898937979914394,0.58522366972447,0.848857322978184,0.391510095307826,0.0395695448286728,0.000571446757771057,0.0163112277871644,0.0736223940309665,0.0265367889166889,0.0246239149244967,0.0961954704099366,0.00922410365483388,0.00962481457935444,0.00197911860046256,0.000235331491941019,0.00293932753107435,0.00119672230658263,9.74823608534941e-05,0,8.8386580723427e-05,0.000561522751762216,9.54879981938462e-05,0.000900743496828958,5.41703412902795e-05,6.1286335438903e-05,0,0.000326066513723924,0.00015077875750048,0.000126624596180711,0.12407928976566,0.000317363675732879,0,6.86861680200051e-05,0,0.0146236539514558,0.164335524326078,0.0241454756603368,0.00528254698090805,0.000590027024027639,0.000201472580178535,0.00751089859103352,0.00594659950975593,0.00114662769369034,0.00542833412898662,0,0,0.00165441382219659,0.0137933075611265,0.00612340978466921
0.0202256490519025,0.0174466603550518,0.000692680007010445,5.29545790367566,0,0.0443412600307695,0.122619672263615,0.0164394256996596,4.97021423277426,0.251540576045559,0.000219027044763399,1.102018189086,0,0.0109659089595169,0.00297728173331287,0.973750768277998,0.00047149330993825,0,7.66864400159762e-05,0.938431262156641,0.0402295022580392,1.98927913292143,0.020672034556656,0,0.00583174066380294,0,0.139065708510925,3.53022791233151,0.124409148382,0.0557718967068157,0,0.000624749927380997,0.0604475513020983,0.0253434807590386,0.00284545277899738,0.130832844908304,0.0196426365975377,0.0239667844639886,0.0234369885414219,0.0474221144918582,0.000774341079102924,0.0018828968152948,0.0192462376645855,0.00363131702624076,0.017082734497182,0.0187694862161317,0.00150213712901681,0.000211278370342086,0,0.00417856615863648,0.0146548740173327,0.00102455836853424,0.0227841028342356,0,0.00296225672570598,0.00793991285462897,0.00225625781048293,0.0626796407684836,0.00245520023504906,4.03623383204293e-05,0.0210210388803609,6.74975340406126e-05,0.0033382224230453,0,0.0628776454569552,0.000404973881251002,0,3.52169542578197e-05,0.00963262482799486,0.0223165801216651,0.0396063147534385,0.00803881818462441,0.185695533637089,0.00309738261008185,0.000166365818653307,0.00435959754467526,0.0971792083357751,0.0339235214887884,0.0373706551154714,0,0.000114234376517322,0.0207641867184576,0.0279884440152904,0.000161161750942843
0.000489530749714731,3.17876274826492,0.000175656067344498,0,0,0,0.000384914479766127,0,0.000433902538109149,3.01265206155052e-05,0.0469202089317157,0,1.73492195149273,0,0,0.0182537062893944,0.00307731297020555,0.000692361540812481,0.0764307222849838,0,0.00571356224045454,0.0358738339463077,0.00640048051122179,0.00583174066380294,0,0.0206895213050053,1.29686337550851,0.00337139879722595,0.000339994697838936,0.00089122108399925,0.0131838814601557,0.000152243621772275,0.000353011373076195,0.01055371770463,0.000248107648832194,0.0690768749485232,5.83882985655901,0.138339869498619,0.119224928646126,0.000569818492782717,0,0.865267867896312,0.000558063986459105,0.00339800696897158,0.00130202654922491,0.00088825941469195,0,0,0,0,0.174181995314682,0,0,0,0,0,0,0.000688534327406683,0,0,0,0.0176108852797166,0,0,0.00116533385280458,0,0,0,0,7.01886880026693e-05,0.0233057417310361,0,0.000409633161130185,0.445391660812632,0.000758815489778842,0.0338270745943064,1.77920192064402e-05,0,0,0,0,0,0,0
0.010873375451186,0.0372140827581372,2.13715019180815,0,0,5.67061537283248e-05,0.0206377055164501,0.000522204413601199,0,0.000496846514044991,0.0392868653448779,0,0.155815512994275,0.00380941384872145,8.33775914481686e-05,4.80575463104914e-05,1.943892792058,0.217220862304972,1.94531862404488,8.11965219328159e-05,0.0254292016991299,0.00046874566071133,0.263571234185377,0,0.0206895213050053,0,4.22893369583307,0.0080892397843231,0.00978577226290592,0.026128578570893,0.197380551223022,0.000120864581060545,0.00206708906604031,0.084694948862002,1.86664535144308e-05,0.00772870018862161,0.105052226461006,0.143821626140656,0.00481743414113506,0.000220431656951263,3.49375512684524e-05,0,6.04866478387148e-05,0.000228222004904018,6.02842404502772e-05,0.000195060081409917,0,0,0,0,0,0,0,0,0,0,0,6.47224780707051e-05,0,0,0,0,0,0,4.25540964472462e-05,0,0,0,0,0,0.000137479618246901,0,0,0,0,0,1.5465690763942e-05,0,0,0,0,0,0,3.97302363230063e-05
0.0196137638501347,0.317273222197985,2.66569077191843,0.000951781642810536,0,0.00031305232756032,0.0828197291473406,0.00250156486658672,0.0258124271833424,0.00519809209600334,0.0236432460643648,1.93184373341228e-05,0.448530080945346,0.00854089525779236,0.000594775925237702,0.852723717379688,0.30495804944292,0.000357994492589143,0.0694552700250849,0,0.318277965020253,1.29682889617197,1.93133567374698,0.139065708510925,1.29686337550851,4.22893369583307,0,0.277607685297698,0.0322540661083808,0.0590948542864331,0.163928237689339,0.000826631870802951,0.0127225170927756,0.240729530726434,0.00253923356984235,0.340293387605269,0.639469709945466,0.734566870301459,0.0986400657029773,0.00417406953356252,0.000390572587428669,0.00741497183578543,0.0162984378273287,0.00564007519348095,0.00628342447846504,0.0163599839680966,0.00187439912605814,0.00266816675382751,0.000809466310559878,0.000132356996692428,0.216004536906098,0.000803485179286585,3.60328465164937e-05,0,0.000258882136322777,0.000336251231535661,0.000132738622885945,0.00975720939498408,4.35634440707194e-05,2.51186188537998e-05,0,0.00108168669516185,8.10631088768082e-05,0,0.0655604616240717,0.000261997191158493,0,3.87397979172304e-05,8.82538639700452e-05,0.00427875210020915,0.35292838776162,0.00866811298257669,0.00617577814206457,0.19014103338497,0.00122537999345295,0.136557170168149,0.00344211299679256,0.0016337552162672,0.00187054441629114,0,0,0.000719956462839562,0.00391048282411426,0.00331329483883543
0.0890801380436334,0.00260443079058435,0.0781068816436359,3.28381968837159,0,0.0368181992459769,2.27740565721551,0.0281568195573474,0.818776748422718,1.15712013702182,0.000700211457762526,0.0388259802529667,0.00103933011019087,0.0379098896888814,0.00144557380762747,0.40890087413951,0.00492444193097831,0,0.000444761624792776,0.323514586987715,1.47967832619345,0.122371494396723,0.284054319904323,3.53022791233151,0.00337139879722595,0.0080892397843231,0.277607685297698,0,0.275239930842908,1.2082774608329,0,0.00270802039028045,0.167156162481643,0.0923136031210058,0.000974232301883613,0.349224504270341,0.100340777732408,0.119116982650568,0.097722981483374,0.032614674717708,0.000572005912801141,0.00653301697604931,0.0356375663206721,0.00946026091108366,0.0307200023687797,0.0381530602426536,0.00330098052892326,0.00101220856279293,0.000390852152447069,0.00842752874661877,0.00116266261754498,0.00192741269071069,0.0172459689435502,0,0.00713127716096203,0.0166454177141198,0.00473370021496761,0.050829030370376,0.00892579686323072,7.88538105870795e-05,0.00632064866775135,8.03203866196027e-05,0.00613821268422446,0.000288785970173795,0.0683034788697601,0.00018139691535781,0,4.26786071050953e-05,0.0080948502099638,0.040836875760608,0.0324407090932942,0.0119774719985477,0.306181854972764,0.000899437643252697,0.000191517820282741,0.00261719084490827,0.186218637458473,0.0562253294835686,0.0600682378207392,0,0.000117363284390798,0.0300453489718831,0.0468912223235361,0.00100572505563532
1.43317119423175,0.000688887793569979,0.0799731104179799,0.0360707423915411,0.101496363031563,0.274714737651496,0.259429798710032,0.0621583212681343,0.05337558880767,0.309764355354191,0.384659191205186,0.182195082351309,0.000759854109029897,2.45055818270051,0.0017101845591074,0.0225746324905475,0.259430008830193,0.389896808527847,0.675615645718711,0.130738828215336,1.1446470969378,0.0574840513697622,0.665844544614774,0.124409148382,0.000339994697838936,0.00978577226290592,0.0322540661083808,0.275239930842908,0,3.61907803538291,0.000462492935048451,2.13881233269299,5.71146098361572,2.67563383971184,0.00162025454941372,0.115235769783317,0.0333446951051986,0.420401368392995,0.112171741604798,0.247089320103537,0.0679384567844317,0.00294332561032222,0.0101567087919474,0.00347422748530254,0.00976058202156516,0.0104643794979809,0.00110735966367049,0.000528070031307805,0,0.00193570951609873,0.000565866045167968,0.000216092541437929,0.00178279343835683,0,0.000590037886843202,0.00605339903822873,0.000638874437980603,0.0180170925820156,0.00112073599530696,0.000104799995111096,0.000722583936814842,0,0.00162934730545778,0.00012010291327127,0.0185206819438845,4.91474482002333e-05,0,0,0.0012813187443942,0.0120867453169104,0.00566828125562071,0.00362094932583966,0.114756097595321,0.000222380423824574,6.14477348573192e-05,0.000585295193666171,0.0663975654665525,0.015856785148811,0.0212628818946095,0,0,0.00850616635855789,0.0186573497057529,7.40756412751578e-05
0.358926165773142,0.00171646726016737,0.223488625219815,0.000351033527778995,0,0.00025051662577931,1.5433228778194,0.0080386061291295,0.0219153000746779,0.00353837189595482,0.00119623766590716,0,0.00246333903503048,0.0421845653914747,0.000107909929028555,0.0886397640051334,0.080203714267485,0,0.00142049627204238,0.000361678567402063,4.24396075786898,0.0480438439627995,0.664374136771601,0.0557718967068157,0.00089122108399925,0.026128578570893,0.0590948542864331,1.2082774608329,3.61907803538291,0,0.000722254371090684,0.00493178693746061,1.19975858933744,0.480910287418861,0.00087803600900972,0.274954961386178,0.0666747795674135,0.291949294516325,0.156620175233693,0.00563287742772212,6.60764568797892e-05,0.00952854728802374,0.0271867322603959,0.00925826488475163,0.017021338935897,0.0320488193159867,0.0017105719058498,0.00132412552322052,0.000121980460561247,0.00195485125222203,0.00165733178148471,0.00169940933809638,0.00010323101477628,0,0.000169306133786513,0.00261011190328192,0.000216176533119851,0.00412011406741891,0,0,0,0,0.00126052669081927,0.000225955452714746,0.0461061483554968,3.68536140139177e-05,0,0.000185864771255201,0,0.0315804623840517,0.0165770632335502,0.0111416272088766,0.0525450705549519,4.60814159475428e-05,0.000404052869150043,0.00177522437549143,0.0459346530929681,0.0162448598614803,0.0196178118533716,0,5.44490852104791e-05,0.010223856939369,0.0170478347909484,0.0010082063086031
0.000334906799873899,0.000426047625951467,0.00233826063441949,0,0,0,0.000821466248833132,0,0,0,0.00383924208302529,0,0.92121482765289,0.000260618231483372,0,0,0.00409187723625226,0,0.0160087309523446,0,0.000283553435459657,0,0.00171197024075075,0,0.0131838814601557,0.197380551223022,0.163928237689339,0,0.000462492935048451,0.000722254371090684,0,0,0,0.00934874115375265,9.24747459976925e-06,0.00113294451242148,0.0442615390951078,0.0479441437835626,0.000875164669646688,0,0,0,0.000181211070375927,0,0,0,0,0,0,0,0,0,0,0,0,0,0,0,0,0,0,0,0,0,0,0,0,0,0,0,0,0,0,0,0,0,0,0,0,0,0,0,0,0
0.00147290662970713,0,0.000249616504820907,0.00025735948016184,1.0268849075471,0.173977551140592,0.00133746788043456,0.000275484187126512,0.00016212712217578,0.00289719597107396,2.69767924885415,0.000704861010116408,0.000459877992316307,0.0019946222428475,0,0.000153045661017612,0.00465997350966115,0.0161624264039877,0.00562819653123172,0.00230818847268992,0.00647500989026929,8.44758463128328e-05,0.00130025404823264,0.000624749927380997,0.000152243621772275,0.000120864581060545,0.000826631870802951,0.00270802039028045,2.13881233269299,0.00493178693746061,0,0,0.0336890653214441,4.57334378232127,1.70552213295125e-05,0.00153429962323268,0.00310492504608693,0.194336068729529,0.00292239710048704,0.0445416458593783,0.218073149418121,0,3.0989228975181e-05,0,8.72825823786351e-05,0,0,0,0,9.81450303710642e-05,0,0,0,0,0.000233498747061849,0,0,0,0,0,0,0,3.17715803313525e-05,0,0.000124589542973785,0,0,0,0,5.81153686204203e-05,0.000312036768279549,2.42538410378437e-05,0.000469597360544501,0,0,0,0.000555886772934089,9.5679030987504e-05,0.000151689621872773,0,0,0,0,0
0.192143462559018,0,0.032362167809994,0.0243982759718262,0,0.0168558637940777,0.069037040425323,0.00503307078249349,0.0294160305998874,0.0870529252816261,0.00838059557786116,0.0146606084283087,0.00455544392710844,0.0723690261618802,0.000512717317306058,0.030227042577058,0.0456335968405943,0.000469880670733315,0.00986776599084119,0.0562536907918497,0.86662554339503,0.0304437827968951,0.23636096753891,0.0604475513020983,0.000353011373076195,0.00206708906604031,0.0127225170927756,0.167156162481643,5.71146098361572,1.19975858933744,0,0.0336890653214441,0,2.06084619830231,0.000398185227392827,0.394714251875017,0.0958446387004046,0.710029793616811,0.669836731246425,0.00459607992186589,0,0.0116590290998789,0.00690403833884275,0.00826217527251601,0.00753217385550659,0.0337439341722801,0.00181257663216138,0.00517323980548352,0.000254822016479021,0.00128676944042912,0,0.000727936603366909,0.000120158244003386,0,0.000377100558865418,0.00105523122869867,0.00011674035833463,0.00902925020169613,0.000334575034487235,0,0.000502640147812252,0,0.000721193010371041,0.000444716893552133,0.0156973338141096,0,0,0,0,0.0069268769850259,0.0046866781430457,0.00194863656691163,0.0341373060084999,0,7.8296125018733e-05,0.00065717753461096,0.0222480382455519,0.00636775402213753,0.00742340735683814,0,0,0.00928115227376412,0.00431778663880412,0.000171762224034181
0.0603490789046472,0.00182867648079992,0.102478589858171,0.0083221838802066,0.971657392247956,0.0693390396206084,0.0399428982755681,0.00706097564180661,0.00997817880559894,0.0490288390385704,2.94701192727483,0.0242366940337646,0.0359617485675371,0.09292305790262,0.000292414011017076,0.029413654056684,4.75057701277881,0.000218161902197131,1.69267926288439,0.0228887957481082,0.786006869696589,0.0120390917453254,0.402119224947088,0.0253434807590386,0.01055371770463,0.084694948862002,0.240729530726434,0.0923136031210058,2.67563383971184,0.480910287418861,0.00934874115375265,4.57334378232127,2.06084619830231,0,0.00124623301448386,0.458634311557589,0.433226987877107,5.40441609437453,0.524480243489461,0.306296818397413,0.86500507755132,0.0146431874313949,0.0136717616951286,0.00729984434111422,0.00427871344903145,0.0245713490435552,0.00131474371203216,0.00250063157153945,0.000232302148750002,0.0004543406781089,0.000959949478237302,0.000649432006091191,0.000225987777012408,0,9.73231185913068e-05,0.00101988073059282,0.000160048844917248,0.00135255811989822,0,0,0,0.000332590576692243,0.000142467157241084,0,0.00656552020509991,0,0,0,0.000246106439612282,0.00287652297097411,0.00449524215351952,0.00168890970099939,0.0115855874573118,0,2.9986065284053e-05,0.00104806683076098,0.00819766510304426,0.0016697237305091,0.002742244649288,0,0.000153881481603845,0.00132182645211265,0.00381830176315486,0.000533318470229253
