0,0.000382130052294819,0.140950038869305,0.00102401486218205,0,0.0594531065372026,0.788320220076139,1.29718220351857,0.0322733252667971,0.0999619917233975,0.000767431551765139,0.000548647343377302,0.000408351269398794,4.56520574308615,0,0.00260726483902484,0.0100594007826869,0,0.00014525735029719,0.000155751680725118,0.074329650387615,0.000929998693480204,0.0985964330510905,0.044983917999769,0,0.00173112066320761,0.00694214087754046,0.0264531067464471,1.63824474079024,0.653888674604875,0,0.01893829588105,0.0788769072632633,0.339844290983971,0.000285189977779806,0.036991827445957,0.0110428106869714,0.190578486567099,0.0637267624647181,0.0408828577413439,0.00109358279210314,0.000550123469213029,0.0029220630330347,0.000277556432428955,0.000787220129320226,0.00149021011287067,0.00054088857856851,0,0,0.00488691724904216,0,0,0,0,9.00715995745798e-05,0.00141632937937597,0.000568858646152848,0.000529624599530557,0,0,0,0,0.000717920863598366,0,0.000803320349177822,0,0,0,0,0,0.00126067824980145,0.000394949529155998,0.011701056374856,0,0,0.000133099233335782,0.00429420206867472,0.00269520739925146,0.000953140762821553,0,0,0.00160516827404758,0.00212745919416867,2.91312031539129e-05
0.000382130052294819,0,0.0486483041698608,0.000289878806494816,0,0.0002632052129689,0.00203492911587492,0.000313501529843092,0.24352754110214,0.000385734682140414,0.00496444935083447,0,0.0216078596968676,7.40873861920475e-05,0,0.278610146705959,0.00231446136764912,0.000787508893183905,0.00892554417171674,0,0.00472273507125607,1.67921713733454,0.00851576298562888,0.139968652469317,2.88049338977803,0.0547516151152465,1.72386976284513,0.00445172237519167,0.000176606569451245,0.00197300074244967,0,0,0,0.00374603473503017,5.24356959707897e-05,0.0184059115897802,0.194880580201533,0.0372492781402859,0.0240278324103757,0.000174224629403294,0,0.0116433592129338,0.000299268477082964,0.0207565911767364,0.00249751265412901,0.00202935917153773,0,0,0.000569135869361543,0,0.848873453824713,0.00428348895955955,0,0,0,0,0,0.000814025964281756,0,0.000818163889180751,0,0.00797335237758766,0,0,0.00116360087037548,0.00186234372674799,0,0.00440023280599768,0,0.000292891575332634,0.0581235530564203,0.000582802237942284,0.000505381466841406,0.720307440016406,0.0494945735150877,0.0996793351599639,0.000126958561576964,0,0.000232529986922603,0,0,0,0.00216866562836835,8.31567249131324e-06
0.140950038869305,0.0486483041698608,0,0.000441936353565076,0,0.0116276364615793,0.0954074202888194,0.0728125685685546,0.0039548475059247,0.0176712354376512,0.00141170663054382,0.000231030620129649,0.00314342863422208,0.0447359124136561,0.000110045165008267,0.0378776074167121,2.77799769089257,0.000641421469732605,0.00707563512706579,0.00050698238409687,0.345822733724003,0.0146095595712238,3.44510109004211,0.00962348023243214,0.00651628029391521,1.75543112787459,2.26384031772143,0.084932889464805,0.0264274037419809,0.105036269469666,0.000147940283613021,0.000854759916150488,0.00317226481241314,0.122428777580411,0.000210364347808531,0.132971236914888,0.320765359214118,0.380422221132875,0.196730955209882,0.00398265877338273,0.000214840908453928,0.00297461899569304,0.00225474424999693,0.00040009228519633,0.000436137050294722,0.00243050243794112,6.3036393549926e-05,0,0,5.32431306294861e-05,0.0101917492465918,0.000662530888449121,0,0,0,5.63768245929988e-05,0,0,0,0,0,0,0,0,0.000800781865480422,0.000783617201953855,0,0,0,0.000110174527128944,0.0160852392223926,0.000387018708220153,0.00110697409811936,0.00475881391549184,0.000667978360697987,0.00259184580028717,0.00026572697965665,0.000316193305577709,0.000130908097432146,0,0,0,0.000451202028528074,6.79902915657259e-05
0.00102401486218205,0.000289878806494816,0.000441936353565076,0,0,0.0809838515285934,0.241483432110073,0.00299403649824687,0.244289831667587,0.962413930529692,0,2.5109750137422,0,0.000284380820411053,0.000354189621319389,0.000306088402087429,0,0,0,24.6320213462317,0.000880918354683482,0.000442020481774502,0.000393652847803354,1.6176402546197,0,0,0.000134873971588691,2.18124447938371,0.000134371074736275,0.000124134869645587,0,0,0,0.000698991560385265,0.000103577787682309,0.000721854774892636,0.000205514296627463,0.000569198140859237,0.00111264792664917,0.00253083505024382,0,0,0.0026015970441587,0,0,0,0,0,0,0.00202625902143478,0,0,0.869902013660125,0,0.000524450898317167,0.000826628869831523,0.000425739979511351,0.000643457604017104,0.0400852641300971,0,0.676598065154156,0,0.000582002030722412,0,0,0,0,0,0.601121749781067,0,0.00189480583743222,7.28632110656093e-05,0.0147059419955412,0,0,0,0.000545835231506479,0.0010569500664618,0,0,0,0,0.000142832818475679,0.00120859443224525
0,0,0,0,0,0.0786319471223648,0.000129917324138429,0.000418090535587137,0,0,0.114064394682927,0,0,0,0.00412725259718766,0,0,0,0,0,0,0,0,0,0,0,0,0,0.000322240953472917,0,0,2.23990637591418,0,0.131066860127392,0,0,0,0,0,0.0534660252533707,2.14691766722762,0,0,0,0,0,0,0,0,0,0,0,0,0,0,0,0,0,0,0,0,0,0,0,0,0,0,0,0,0,0,0,0,0,0,0,0,0,0,0,0,0,0,0
0.0594531065372026,0.0002632052129689,0.0116276364615793,0.0809838515285934,0.0786319471223648,0,0.445169708675205,2.00812542838361,0.0163038276269569,4.0192722917406,0.000300196106198989,1.36438478133502,0,0.123694215822112,2.68065503017323,0.00495884783249425,0.000720513867476121,0,0,0.185880919446799,0.0104398499519432,0.000700208732745476,0.0125627434559116,0.0993526813965261,0.000126451246380406,0.000210935314123035,0.00265471857609766,0.147475897054545,0.126458725381219,0.0109368661532125,0,0.271284893380591,0.0023776946371187,0.0886973734622813,0.21220853297321,0.0056436642416311,0.00165718715024959,0.0145053572067481,0.00457729773581102,0.766195859598464,0.0931295303160259,0.000667520205447868,0.00192788243783467,0.000304359126241417,0.000546570927849548,0.000769730080271256,0.000229314089717172,0,0,0.00132267992018189,4.88577589634132e-05,3.71287615333459e-05,0,0,0,0.00141310933208078,0.000369093629255503,0.00102438858326666,0,0,0.000373840447754629,0,0.000492868215903389,0,0.000349521192666031,0,0,0,7.68017431565797e-05,3.51929124005924e-05,0.00204720833711413,0.000101083999783917,0.00736665959956231,0,0,0,0.00306104847576111,0.00167120847314162,0.000423480551886153,0,0,0.000378271864839919,0.000879441991453504,5.62189083343021e-05
0.788320220076139,0.00203492911587492,0.0954074202888194,0.241483432110073,0.000129917324138429,0.445169708675205,0,0.500105678786208,0.186294027202465,2.76539564267241,0.000250641280240445,0.0101464893915124,0.000422273467826253,0.719699110653648,0.000580357238325024,0.0584206824805162,0.00556730264403094,0,0,0.0733365965305605,0.243143757714357,0.00814839035513941,0.227761994744373,0.924978082920102,0.000626944386683346,0.00177754332578181,0.0342714290519758,2.89907957851563,0.108656542282751,1.47055885323139,0,0.00610260387585547,0.0100481427120643,0.1321202485654,0.00112579441606596,0.0364147723775728,0.0088273913383856,0.0985296927729986,0.0674703418315329,0.0548431147093681,0.0011093706182148,0.000426113002321122,0.0391981783342174,0.000582238706102061,0.00747703014252375,0.00504249526598138,0.00134599156575287,4.21611251048217e-05,0,0.0242197497706597,0.000724469025542901,0.000379596842979459,0.000789616493575791,0,0.0016117780774656,0.0254144414537393,0.00621447746607437,0.0132536247495651,0.0028512159420761,0,0.00322923254543226,3.13745810200045e-05,0.00647670719893632,0,0.00277638236665071,7.37233361879567e-05,0,0,0.000942987155278976,0.00124773105204346,0.0257967594334187,0.0024770791266417,0.0678563936523342,0.000541369142168574,5.34042670887751e-05,0.0010613091134388,0.0391404166361931,0.0253658680297796,0.0088721892696681,0,0,0.00391658008015785,0.00904609453644118,3.6336652452808e-05
1.29718220351857,0.000313501529843092,0.0728125685685546,0.00299403649824687,0.000418090535587137,2.00812542838361,0.500105678786208,0,0.0286727480572257,0.793749209447066,0.000874481426760554,0.0295602599858749,0.000326608950252712,1.29205858482402,0.00754118514219009,0.00377664436129106,0.00428220241760909,0,9.37631768225785e-05,0.00273930655853045,0.0391364020317041,0.000486308610096527,0.0611609008853394,0.0842024549860347,0.000215785857766087,0.00118588822815264,0.00715567877228627,0.0782209024569936,0.35806028764901,0.133210689599659,0,0.56243006343946,0.00611696089331363,0.275242011451334,0.0005967525853176,0.034760488956845,0.00697076648410555,0.0844106835097297,0.0204627552301029,0.0524544159128724,0.00250993894515825,0.00132287305702203,0.00598073551475046,0.000387701125913548,0.00187466754686864,0.00142451295605441,0.000426413863848769,0,0,0.00324401435031459,0,0.000124316209430236,0.000299897389879801,0,0.000475815637380373,0.00547148038656504,0.000378450515668245,0.00639438417452095,0.000483358879258588,0,0.000314242276617742,0,0.00223550594942513,0,0.00032546536747862,0,0,0,0.000131876551320843,0.000609569583466321,0.00177258415096386,0.000441440517063913,0.0356360586083821,0,2.86377392879934e-05,0.000139106677321829,0.0100528614091302,0.00653305239243824,0.00222967643401842,0,0,0.00311129179869812,0.00152590267269229,7.33110328683358e-05
0.0322733252667971,0.24352754110214,0.0039548475059247,0.244289831667587,0,0.0163038276269569,0.186294027202465,0.0286727480572257,0,0.0158489444547157,0.00010042408872803,2.49204307402606,0.00125433105933004,0.0131741856783108,0.128500900208704,0.0488006732954041,0.000416300354620596,0,5.85495940357882e-05,0.49092198186735,0.0124919688753135,1.84296907027439,0.00529508031574226,6.13650901744901,0.0506789910480924,0,0.0310864769032833,0.15089058054344,0.0498216712335826,0.0823164299289653,0,0.00124046803889205,0.01498160020374,0.0187661950174,0.00229856888257551,0.0707081312258527,0.00853114042942426,0.0181339245123287,0.0282190561123479,0.368179808418017,0,0.000881221692725352,0.0610830503934246,0.0073136384219408,0.0377527510348342,0.0294769749894437,0.0223263728657099,0,0,0.100573468228687,0.140067062693506,0.00827966299021929,0.00997174167096304,0,0.0052232110281888,0.0724268483454806,0.0213781835850459,0.731516219109405,0.011971220552144,0,0.0162589760741196,0.000538409675231834,0.0219229847313126,0.00103595694643429,0.070633289905723,0.00250768988003226,0,0,0.00812937955053074,0.0103974937853863,0.211444356426982,0.0122615121481498,0.372979070216487,0.0665447912572487,0.00656825400268475,0.026380381339378,0.115859711245827,0.0791517140258529,0.035320489458992,0,0,0.0563207902060764,0.0320868899601643,2.98064086297621e-05
0.0999619917233975,0.000385734682140414,0.0176712354376512,0.962413930529692,0,4.0192722917406,2.76539564267241,0.793749209447066,0.0158489444547157,0,8.08340442169458e-05,3.78191293028342,3.10940602104778e-05,0.125955962534043,0.00339062084141525,0.00549526787503501,0.000760339856432625,0,0,1.57970370852871,0.0237727445224802,0.000428988530239859,0.0264833067290186,0.149664840865269,0.000142862990127994,0.000257740279088895,0.00394537893371906,0.797898791891834,0.0216350572454867,0.00688527212410312,0,0.00317870188793243,0.00138663562820084,0.0236288999454554,0.0598037598174778,0.00861368692379635,0.0019503678780922,0.0176448766893732,0.00573972121894809,0.0673192641670192,0.00174626959988683,0.000368634376041669,0.00494677746068009,0,0.000188144022061927,0.000478914554559277,0,0,0,0.00201773848740899,4.93520683477935e-05,0,0.000190616584305742,0,0.000241082650654482,0.0022366780435621,0.00026609032678569,0.00211155947248698,0.000119792796062336,0,0.000230133448679471,0,0.000347046061224512,0,0.000758208476278222,0,0,0,0,0.000122455967189164,0.00301168671839674,5.74975439864933e-05,0.00376855111152273,0,0,0.000202807337762863,0.0017111274512546,0.00155421627541921,0.000174728775251133,0,0,0.000534391694747518,0.000145561289847752,0
0.000767431551765139,0.00496444935083447,0.00141170663054382,0,0.114064394682927,0.000300196106198989,0.000250641280240445,0.000874481426760554,0.00010042408872803,8.08340442169458e-05,0,0,0.805906713238196,0.00076135117072039,6.22924578037466e-05,0.000114468205224959,0.000349172073241855,0.789444704866525,1.09612624332235,0,9.5228635477698e-05,0.000398874079448543,0.000179858343334934,0.000399236292771415,0.293031962903738,0.142800001464928,0.105987384926915,0.0001758762027026,0.250581446959223,0.00106307893293985,0.000757689631913131,4.4023160476974,0.00199728392227585,1.18831588827199,0,0.0281965487880094,2.57196386801466,2.03493778484281,0.204201619651863,0.00023190196913251,0.0268120419224099,0.0509612708156007,0,0.00100535967810046,0,0,0,0,0,0,0.00383342350641332,0,0,0,0,0,0,0,0,0,0,0.000721215957900558,0,0,0,0,0,0,0,0,6.39771558839622e-05,0,0.000242823288344317,0.00355794718480773,0.000317922547665019,0.000407756781304155,3.98521891210067e-05,0,0,0,0,0,0,0
0.000548647343377302,0,0.000231030620129649,2.5109750137422,0,1.36438478133502,0.0101464893915124,0.0295602599858749,2.49204307402606,3.78191293028342,0,0,0,0.00293941154461908,0.317396026439448,0,0,0,0,8.59764050490438,0.000133810392578538,0,2.74455747515795e-05,0.298465552552518,0,0,1.86546631082766e-05,0.0316403661323944,0.0125541912182783,0.000261342960432749,0,0.00258387107672745,0.000555230226555625,0.0130052381984277,0.506180723903389,0.111609625720767,0,0.00174305025003486,0.000173092481928795,0.910888343623695,0.00134030480669945,0,0.00649053661619193,0,0.000383175476619901,0,0,0,0,0.00209238811701554,0,0,0,0,0,0.00285280094735509,0.000193362994760062,0.0036454921279018,0.000168509573281283,0,0.00155782384421471,0,0.00104874857629976,0,0,0,0,0,0,7.91696801628605e-05,0.000117524893597622,2.68663059018149e-05,0.0101578047742253,0,0,0,0.00204919743189904,0.00155121293624963,0.000534948728239572,0,0,0,0.000436231600058172,0
0.000408351269398794,0.0216078596968676,0.00314342863422208,0,0,0,0.000422273467826253,0.000326608950252712,0.00125433105933004,3.10940602104778e-05,0.805906713238196,0,0,0.000141115474498474,0,0.015742548496959,0.000333354230447336,0.00215842336610356,0.0040542609745735,0,0.0041472097762815,0.00033632001284316,0.00565808746007128,0.00574940044738285,2.98272955943158,0.272836476366126,1.0542154304467,0.00411133010645886,0.000471819078675819,0.00307578010708989,1.55054143647141,0,0,0.0140052782284267,0.000575630034109316,0.503583148807704,3.06709175890047,1.01448448805868,0.680817860076991,0.0019414164419462,0.0144729968398633,1.63912151550141,0.0934033906946956,0.000131095407293964,0,0.000664836424532074,0,0,0,0,0.00888200681630021,0.000367923011330542,0,0,0,0,0,0,0,0.000518501978090568,0,0.0685152849548818,0,0,4.82727006106728e-05,0,0,9.78144849405676e-05,0,0,0.00150619439696889,0,7.86683183198443e-05,0.0810447626482038,0.00267275504057167,0.0140114733770995,0,4.33795882239193e-05,0,0,0,0,0,8.82904099980437e-05
4.56520574308615,7.40873861920475e-05,0.0447359124136561,0.000284380820411053,0,0.123694215822112,0.719699110653648,1.29205858482402,0.0131741856783108,0.125955962534043,0.00076135117072039,0.00293941154461908,0.000141115474498474,0,0.00199395223427334,0.000817043801006351,0.0029806649728294,0,0,7.5566858774309e-05,0.033463501750822,0.000433189232490173,0.0418695963776901,0.0328738687963839,0,0.000595940333263875,0.00415018714399853,0.0321077225051866,4.86168496480254,0.130047440178896,0,0.0381469025771604,0.00736766272460936,0.203344340752663,0.000253752991107122,0.0175764798179626,0.00385890257129616,0.0617712848700567,0.0129179200565524,0.018329634500583,0.00130804876989319,0,0.00218238813284949,0.000221579276116404,0.00181581287608434,0.000705760837039457,0.000209183927807369,0.000248738092247524,0,0.00228304170576037,7.65678769786178e-05,6.9985040400674e-05,9.39827436096437e-05,0,0,0.00120049553822342,0.000281579601348465,0.00131103641883011,7.51538488376613e-05,0,0.000393624372309009,0,0.000668004202234002,0,0.000139118049255222,0,0,0,0,0.000286265570863171,0.00081752936229276,0.00029500785071136,0.00937254362504456,3.41501427481787e-05,0,5.07697110106496e-05,0.00320447406798867,0.00273414002637226,0.00103259037662446,0,0,0.000352398247750287,0.000313986846349209,4.33170605719166e-05
0,0,0.000110045165008267,0.000354189621319389,0.00412725259718766,2.68065503017323,0.000580357238325024,0.00754118514219009,0.128500900208704,0.00339062084141525,6.22924578037466e-05,0.317396026439448,0,0.00199395223427334,0,0,0,0,0,0.00403272308534351,0,0,5.52053689163701e-05,0.00385721307355824,0,0,3.39767439027376e-05,0.000189076597780135,0.00999720231083388,0,0,0.0188376202905763,0,0.00664413436984023,0.025911347539902,0.0451291923680704,0,0.00154530563467312,0,0.779663220974106,0.0170634162366774,0,0,0,0,0,0,0,0,0,0,0,0,0,0,0,0,0,0,0,0,0,0,0,0,0,0,0,0,0,0,0,0,0,0,0,0,0,0,0,0,0,0,1.83717810786532e-05
0.00260726483902484,0.278610146705959,0.0378776074167121,0.000306088402087429,0,0.00495884783249425,0.0584206824805162,0.00377664436129106,0.0488006732954041,0.00549526787503501,0.000114468205224959,0,0.015742548496959,0.000817043801006351,0,0,0.00197005022270525,0,0,0.000618856418883068,2.865373212453,2.91176072931269,2.31915958389765,0.736949472981705,0.038168317451608,0.000248509936213916,0.962900203133341,0.711501145598948,0.00340706571855309,0.102069812734233,0,0.000575298704484705,0.00613739639315837,0.157488299998748,0.00687014185997453,0.905565519570461,0.421990736202862,0.447393572312824,0.507626598751809,0.0579586599740076,0.00465699813508459,0.0570517441888373,0.0564080107609667,0.0139201412436136,0.0480899025306137,0.046723187505377,0.00497501825292029,0.00147707314413406,0.00019236478362555,0.00201490209041694,0.0459642737329584,0.00340969204709804,0,0,0,0.00083842298303307,0.000530884992344743,0.00146022217926135,0,6.64162330501119e-05,0.000342832582548072,0.000705796427294929,0.000474953931950057,0,0.1755831964348,0.00185599260444651,0,0.000299877972941914,0,0.00923040637709439,1.38409045998709,0.019343864925452,0.0169869118934156,0.0223319694154047,0.00363817869273421,0.0236971216817499,0.00388013443296945,0.00221801287483891,0.00177507613387256,0,0,0.00188425062358034,0.0205838914910805,0.00184105988206691
0.0100594007826869,0.00231446136764912,2.77799769089257,0,0,0.000720513867476121,0.00556730264403094,0.00428220241760909,0.000416300354620596,0.000760339856432625,0.000349172073241855,0,0.000333354230447336,0.0029806649728294,0,0.00197005022270525,0,0,1.49071334324843,0,0.0439039567586152,0.000190963274939747,2.30918588728919,0.000522084430356208,0.000162972509049882,1.64967619668046,0.208447685606023,0.00293819825514029,0.127367429866942,0.00753231265339247,0,0,0.000560046769909579,0.0166402031722696,2.6329446165917e-05,0.00188874997202477,0.0125525192920804,0.00825122000850112,0.00370034913434897,0.000402926779230025,0,0,0.000120104930720443,0,5.74466303403637e-05,7.54177863194379e-05,0,0,0,0,0.00123051180810199,0,0,0,0,0,0,0,0,0,0,0,0,0,6.02501167404402e-05,0,0,0,0,0,0.000737118555454366,0,2.19059743646159e-05,0.000324847597717212,0,0.000114027276690536,0,0,0,0,0,0,5.00841590845213e-05,0
0,0.000787508893183905,0.000641421469732605,0,0,0,0,0,0,0,0.789444704866525,0,0.00215842336610356,0,0,0,0,0,1.21289805683719,0,0,0,0,0,0.00294866886778081,0.739397131498454,0.0130636423789464,0,0.0956913790331395,0,0,0,0,0.000324672175078485,0,0,0.0122693798240328,0.0110849267151991,0.00152108304079168,0,0,0,0,0,0,0,0,0,0,0,0,0,0,0,0,0,0,0,0,0,0,0,0,0,0,0,0,0,0,0,0,0,0,0.000233990754479416,0,0,0,0,0,0,0,0,0,0
0.00014525735029719,0.00892554417171674,0.00707563512706579,0,0,0,0,9.37631768225785e-05,5.85495940357882e-05,0,1.09612624332235,0,0.0040542609745735,0,0,0,1.49071334324843,1.21289805683719,0,0,0,0.000305922036441697,0.00435779466348157,2.85450540045678e-05,0.0135333187796828,2.25661227364083,0.0629809126308307,4.13483103992767e-05,0.000990823903073866,0.000181904407225464,0,0.00109850001293052,0.000930361007822976,0.16242798680717,0,0.00260121040515603,0.129295933452723,0.199067721788054,0.0144608599416075,0,0,0,0,0,0,0,0,0,0,0,0.000472925054704254,0,0,0,0,0,0,0,0,0,0,0,0,0,0,0,0,0,0,0,0,0,0.000129266215487592,0,0,0.0001954138848994,0,0,0,0,0,0,0,0
0.000155751680725118,0,0.00050698238409687,24.6320213462317,0,0.185880919446799,0.0733365965305605,0.00273930655853045,0.49092198186735,1.57970370852871,0,8.59764050490438,0,7.5566858774309e-05,0.00403272308534351,0.000618856418883068,0,0,0,0,0.000204025967740495,0,0.000541971936614362,2.35564198035391,0,0,0.000105077440365929,0.320765952407721,0.00129886466788086,0,0,0,0,0.00167785515031491,0.0125891692952282,0.00723516069161887,0,0.000671461034826494,0.00175033448995159,0.0252786515628082,0,0,0.0054875413966496,0,0,0,0,0,0,0.00307382001084123,0,0,0,0,0,0.00132541938164105,0,0.0029033037490786,0,0,0.00282078945854952,0,3.93201361784351e-05,0,0,0,0,0,0,0,0.000299125960360829,0,0.00135694414136134,0,0,0,0.000499300358253914,0.000271038370615547,0.000276990252301851,0,0,0,0.000250029534727709,0
0.074329650387615,0.00472273507125607,0.345822733724003,0.000880918354683482,0,0.0104398499519432,0.243143757714357,0.0391364020317041,0.0124919688753135,0.0237727445224802,9.5228635477698e-05,0.000133810392578538,0.0041472097762815,0.033463501750822,0,2.865373212453,0.0439039567586152,0,0,0.000204025967740495,0,0.0506734082930484,4.35380234857905,0.596124641378625,0.00216269941534654,0.00402180750883996,0.0597142933753432,0.76915212990995,0.0314040161484841,1.95631599555805,0,0.000407875708908611,0.0673731718797834,0.41237471306337,0.00462733541122114,0.32987499040861,0.0686747497543593,0.432724003232657,0.172301725671921,0.0411178076378071,0.00114406998686039,0.00802337196699218,0.0178850431557699,0.00402003196558742,0.00745837686628021,0.0126250275590195,0.00353098551318714,0.000321038101006565,0,0.000425948441010916,0.00136174726846949,0.000454967060213171,0,0,0,0.000266435083583809,9.63658393080685e-05,0.000378579459907027,0,0,0,0,0.000256672097342089,0,0.0252761042778269,0.000163997996133097,0,0,0,0.00200963347091657,0.0921343202142801,0.00314279328265732,0.00762602652925992,0.000829249773572373,0.00017632575052432,0.00114854807035035,0.00245596677383472,0.0016670744690591,0.00158963847036567,0,0,0.000326254506610349,0.00344373360689007,0.000568739560584279
0.000929998693480204,1.67921713733454,0.0146095595712238,0.000442020481774502,0,0.000700208732745476,0.00814839035513941,0.000486308610096527,1.84296907027439,0.000428988530239859,0.000398874079448543,0,0.00033632001284316,0.000433189232490173,0,2.91176072931269,0.000190963274939747,0,0.000305922036441697,0,0.0506734082930484,0,0.0451449818740921,2.24881454504877,0.171272267033984,0.00239126586275209,1.10226817035838,0.0380187786920046,0.00116780645888755,0.0151623710945732,0,0,0,0.0105189549240557,0.000100075938643372,0.0391044028762818,0.0308660646455435,0.0351798054709462,0.0311890959881642,0.00265263574929809,0,0.00271920885083535,0.0155798507253557,0.0249796470892656,0.0230918685448075,0.0193109321874166,0.000155766869407836,0,0,0.000192757977120995,0.581048066332498,0.0183851064764085,0,0,0,9.54976119257038e-05,0.000101908460885219,0.00468610496605221,0,0.00143419761695111,0,0.00364522728548688,0.000209660508258158,0,0.119074508802779,0.00647111054052987,0,0.00180290360956494,9.7986556830798e-05,0.00433073722769052,1.07443084751298,0.0159555188865441,0.0102449833806906,0.220802513458417,0.0246956038913248,0.163527230720308,0.00175895757730018,0.000890693072408893,0.00129746083462574,0,0,0.00152006196390611,0.0178816097137783,0.000128477924566329
0.0985964330510905,0.00851576298562888,3.44510109004211,0.000393652847803354,0,0.0125627434559116,0.227761994744373,0.0611609008853394,0.00529508031574226,0.0264833067290186,0.000179858343334934,2.74455747515795e-05,0.00565808746007128,0.0418695963776901,5.52053689163701e-05,2.31915958389765,2.30918588728919,0,0.00435779466348157,0.000541971936614362,4.35380234857905,0.0451449818740921,0,0.0336549359767983,0.00495536089731043,0.0764669811115445,1.11996266017362,0.399455186642173,0.136206531625652,0.291284152510558,0,0.000404654291980205,0.0118000390281882,0.495832385279609,0.00968940795725952,0.620790443173668,0.249366972485587,1.06272418239024,0.45478392245087,0.058923838879301,0.00418085270896009,0.016998255974774,0.0324065809061657,0.00537549242074286,0.0123516989207787,0.0172059417214733,0.00355581748343391,0.00115487982536601,0,0.000321122379033081,0.00658355674229957,0.00152681123341977,0,0,0,0.000262871774288812,0.000141952337786069,0.000447100664614578,0,0,0,0,8.3831808871998e-05,0.000235427362781397,0.0181332335002888,0.000659608870299691,0,9.8902008350677e-05,0,0.00168010981543345,0.162205522488208,0.00613340211458735,0.00575553815478441,0.00354471454415562,0.00102872018030522,0.00992246073152734,0.00253358820829853,0.00094636884016265,0.0011422505658939,0,0,0.000522585091050294,0.00616364701448011,0.00216337942218265
0.044983917999769,0.139968652469317,0.00962348023243214,1.6176402546197,0,0.0993526813965261,0.924978082920102,0.0842024549860347,6.13650901744901,0.149664840865269,0.000399236292771415,0.298465552552518,0.00574940044738285,0.0328738687963839,0.00385721307355824,0.736949472981705,0.000522084430356208,0,2.85450540045678e-05,2.35564198035391,0.596124641378625,2.24881454504877,0.0336549359767983,0,0.0308704195048877,0.000682579552996901,0.173393273828876,7.09552197129532,0.10541382523556,0.313797239329241,0,0.00309655131748924,0.037057115848731,0.0694408253588386,0.00174941623228727,0.172050488253701,0.0513478012372026,0.0516209604395391,0.086885693874741,0.0989355500564456,0.000491657544826775,0.0126599628569459,0.106692967416311,0.00474447730496539,0.0403870953784449,0.0297403491416254,0.00442400213400154,0.0001581901941697,0.000287679609594551,0.0667006392575138,0.0336230644354535,0.0092656289331664,0.116718255902958,0,0.00237955101069114,0.0546036193455471,0.0173244764729937,0.0490701077983068,0.00721114141718454,0,0.0203186061462539,0.000293191110985152,0.0171544888029835,0,0.0706042350296772,0.00126584236808726,0,0.000391304148660817,0.0516557543498415,0.0184354925071981,0.201005100981583,0.0216461378395045,0.300558289940801,0.0121835782056941,0.0024340541130605,0.0152433460009149,0.107501392775964,0.0732346712556575,0.0480271297427457,0,0,0.0235482985273529,0.0301071237672788,0.000289449852556332
0,2.88049338977803,0.00651628029391521,0,0,0.000126451246380406,0.000626944386683346,0.000215785857766087,0.0506789910480924,0.000142862990127994,0.293031962903738,0,2.98272955943158,0,0,0.038168317451608,0.000162972509049882,0.00294866886778081,0.0135333187796828,0,0.00216269941534654,0.171272267033984,0.00495536089731043,0.0308704195048877,0,0.291975568650407,2.35834447807777,0.00299142711982743,0.000291580682735451,0.00131136618659789,0.0124331812207471,0,0,0.00693065248928989,2.60910040221737e-05,0.264729403320856,11.0764916723964,1.00646046354388,0.630248376729609,0,0,4.73372638821802,0.00144693364577721,0.0508136253749003,0.00158017675048973,0.00123282476786245,0,0,0,5.83516896253194e-05,1.17135928677731,0.000141272687301495,0,0,0,0,0,0.000292448714543037,0,0.0101775766685946,0,0.216588252988584,0,0,0.000573032830229428,0.000136369166390621,0,0.0297432220237052,0,0,0.0268211421444365,2.98792749826938e-05,0.000192276173774763,1.72047936877796,0.245638784112421,0.201779129968681,6.57780964709357e-05,0,0,0,0,0,0.00177733988146555,6.56166970350713e-05
0.00173112066320761,0.0547516151152465,1.75543112787459,0,0,0.000210935314123035,0.00177754332578181,0.00118588822815264,0,0.000257740279088895,0.142800001464928,0,0.272836476366126,0.000595940333263875,0,0.000248509936213916,1.64967619668046,0.739397131498454,2.25661227364083,0,0.00402180750883996,0.00239126586275209,0.0764669811115445,0.000682579552996901,0.291975568650407,0,2.10630376524332,0.000917474365394196,0.000959629310863291,0.00152329043750647,0.229165369014757,3.05836919487251e-05,0.000132184815726377,0.00706884875362419,1.64492220396262e-05,0.00302040938198073,0.0683580702436063,0.0369031159804873,0.00678713739624748,6.81912323041789e-05,0,0.000464504652428044,5.01682166006816e-05,0,0,3.89784142503045e-05,0,0,0,0,0.0143258958376933,0,0,0,0,0,0,0,0,0,0,0.00051760010032764,0,0,3.66209545807515e-05,0,0,5.72214646041352e-05,0,0,0.000777324019220157,0,4.51752756456777e-05,0.00930110838816265,0.00136352713792394,0.0020355152934279,0,0,0,0,0,0,0,1.58165981527453e-05
0.00694214087754046,1.72386976284513,2.26384031772143,0.000134873971588691,0,0.00265471857609766,0.0342714290519758,0.00715567877228627,0.0310864769032833,0.00394537893371906,0.105987384926915,1.86546631082766e-05,1.0542154304467,0.00415018714399853,3.39767439027376e-05,0.962900203133341,0.208447685606023,0.0130636423789464,0.0629809126308307,0.000105077440365929,0.0597142933753432,1.10226817035838,1.11996266017362,0.173393273828876,2.35834447807777,2.10630376524332,0,0.0461404497599664,0.00343978649940309,0.0138110161251508,0.0341949730746135,0.000123922222716182,0.0004015301493639,0.134374382040462,0.00270884917500291,0.392334020112923,0.657627502677278,0.724060038365017,0.352349168837443,0.00582984253133647,0.000768433216074369,0.0115589590601619,0.0151027492117646,0.00966787054886054,0.0068217370251431,0.00520144625288513,0.00102776959503453,0.000252923498614682,0.000279545057060299,0.00039297301956554,0.318365782405282,0.00619097303980109,0,0,0,0.000320143478101564,3.58754571226558e-05,0.000325428816038217,0.000107235147486405,0.00081435263426055,0,0.00473261390845627,0.000121156550479822,0,0.00507965570266987,0.00441453986667274,0,0.000878488319040994,0,0.000916916894999609,0.168069890602458,0.0043554296721269,0.00208236997282583,0.124664273090934,0.0212379174993823,0.113064004585526,0.000926912155658437,0.000406205133599831,0.000352171612336668,0,0,2.60353119299235e-05,0.00418958262276774,0.00121284057278877
0.0264531067464471,0.00445172237519167,0.084932889464805,2.18124447938371,0,0.147475897054545,2.89907957851563,0.0782209024569936,0.15089058054344,0.797898791891834,0.0001758762027026,0.0316403661323944,0.00411133010645886,0.0321077225051866,0.000189076597780135,0.711501145598948,0.00293819825514029,0,4.13483103992767e-05,0.320765952407721,0.76915212990995,0.0380187786920046,0.399455186642173,7.09552197129532,0.00299142711982743,0.000917474365394196,0.0461404497599664,0,0.0626394428358133,1.28452843290559,0,0.00187017467064097,0.0295642821231805,0.156733806130107,0.00428148086510436,0.228114377522971,0.0472192941504912,0.172197375732794,0.1522933044176,0.0438920144376215,0.000411501469134243,0.00931166243785805,0.0570343554185985,0.00420009970076735,0.0264141260610315,0.0214954653749673,0.00321858116549967,0.00019541252263645,0,0.0358389393412113,0.00248733609447708,0.00435070407070715,0.100812035819088,0,0.00144674475650822,0.0238606729627322,0.00720134235257614,0.010855195358114,0.00223671374602902,0,0.00632373647390135,0,0.0100111319361337,0.0001882294383308,0.0214579968329175,0.00032502151339111,0,2.67156510599096e-05,0.0302320359699386,0.0113060384048102,0.0678414297976352,0.0125253637552355,0.142997754646126,0.000698846307489486,0.000304032100018383,0.00277123532611284,0.0640333070925215,0.046142929189368,0.0304974119233872,0,0,0.0144170204314907,0.0188438108840173,0.000476501477462157
1.63824474079024,0.000176606569451245,0.0264274037419809,0.000134371074736275,0.000322240953472917,0.126458725381219,0.108656542282751,0.35806028764901,0.0498216712335826,0.0216350572454867,0.250581446959223,0.0125541912182783,0.000471819078675819,4.86168496480254,0.00999720231083388,0.00340706571855309,0.127367429866942,0.0956913790331395,0.000990823903073866,0.00129886466788086,0.0314040161484841,0.00116780645888755,0.136206531625652,0.10541382523556,0.000291580682735451,0.000959629310863291,0.00343978649940309,0.0626394428358133,0,1.91197082695342,0,1.13433932420106,3.4622031787371,3.2120413027595,0.000497304667792558,0.0534315582875224,0.010840277609474,0.506589631325069,0.0703498077938719,0.0628413125811849,0.00720783105706475,0,0.00935151798205511,0.00025658971650313,0.00305998456325026,0.00349585498492186,0.000955506864085631,0,0,0.00716738190022871,0,0.00038483515271528,5.28108013124512e-05,0,8.26204262034044e-05,0.00470576262401508,0.000662350524317021,0.00317321412935457,3.19855196946857e-05,0,0,0,0.00206704962527901,0.0001759692541623,0.000562596812468447,4.66470394663377e-05,0,0,0,0.00106817338878226,0.00169479343448292,0.00142195574411942,0.0296870998424628,0.00010919993446469,2.2766693588667e-05,0.000236695026347584,0.0132003485331317,0.00851511227614344,0.00368815809199319,0,0,0.00166978787620961,0.00255626882788316,2.65135173496455e-05
0.653888674604875,0.00197300074244967,0.105036269469666,0.000124134869645587,0,0.0109368661532125,1.47055885323139,0.133210689599659,0.0823164299289653,0.00688527212410312,0.00106307893293985,0.000261342960432749,0.00307578010708989,0.130047440178896,0,0.102069812734233,0.00753231265339247,0,0.000181904407225464,0,1.95631599555805,0.0151623710945732,0.291284152510558,0.313797239329241,0.00131136618659789,0.00152329043750647,0.0138110161251508,1.28452843290559,1.91197082695342,0,0,0.00689290345781974,0.419161099662994,0.498528158047821,0.00191884719283008,0.185614089573451,0.0245809580556076,0.174854319473258,0.18767444605491,0.0319918983603106,6.83648266353557e-05,0.00561537114745485,0.0207112692269526,0.00326859900860139,0.00948082957373891,0.0121482684454638,0.00210359799079669,0.000294325056124176,0,0.0129539362983755,0.000424217422928235,0.00138476227420362,0.000340938110668219,0,6.73213159552528e-05,0.00619780195894391,0.00239212431220937,0.00313410034629929,8.21274505659937e-05,0,0,0,0.00310851254801557,0,0.00412251636176709,0,0,0,7.75487284903438e-05,0.00387000324922066,0.0157953523604478,0.00438171098566268,0.0502823161015208,0.000280570860482497,4.66656688226708e-05,0.000685413888961581,0.0231538668731733,0.0154355386335543,0.00932323909807949,0,0,0.00302118235406491,0.00601081805447821,0.000172601395854808
0,0,0.000147940283613021,0,0,0,0,0,0,0,0.000757689631913131,0,1.55054143647141,0,0,0,0,0,0,0,0,0,0,0,0.0124331812207471,0.229165369014757,0.0341949730746135,0,0,0,0,0,0,0,0,0,0.00122807452888701,0.00108715702502864,0,0,0,0,0,0,0,0,0,0,0,0,0,0,0,0,0,0,0,0,0,0,0,0,0,0,0,0,0,0,0,0,0,0,0,0,0,0,0,0,0,0,0,0,0,0
0.01893829588105,0,0.000854759916150488,0,2.23990637591418,0.271284893380591,0.00610260387585547,0.56243006343946,0.00124046803889205,0.00317870188793243,4.4023160476974,0.00258387107672745,0,0.0381469025771604,0.0188376202905763,0.000575298704484705,0,0,0.00109850001293052,0,0.000407875708908611,0,0.000404654291980205,0.00309655131748924,0,3.05836919487251e-05,0.000123922222716182,0.00187017467064097,1.13433932420106,0.00689290345781974,0,0,0.0350688944156763,3.70442160936009,6.90342223877557e-06,0.00178036179771891,0.000226330026229073,0.120553587055668,0.00150315381465107,0.2035405196234,1.09700684383272,0,0.000248645089858007,0,0,0.000287743512153818,0,0,0,0.000554857191431405,0,0.000163914398457921,0,0,0,0,0,0.000154545283047023,0,0,0,0,0,0,7.35180300659921e-05,0,0,0,0,0,0,0,0.000831531649467217,0,0,0,0.00037349354684512,0.00023182153194587,7.9118278197771e-05,0,0,0,0.00018711789427886,0
0.0788769072632633,0,0.00317226481241314,0,0,0.0023776946371187,0.0100481427120643,0.00611696089331363,0.01498160020374,0.00138663562820084,0.00199728392227585,0.000555230226555625,0,0.00736766272460936,0,0.00613739639315837,0.000560046769909579,0,0.000930361007822976,0,0.0673731718797834,0,0.0118000390281882,0.037057115848731,0,0.000132184815726377,0.0004015301493639,0.0295642821231805,3.4622031787371,0.419161099662994,0,0.0350688944156763,0,1.31536625461341,0.000142359671324518,0.0320708272149448,0.0120294429760619,0.754418313143675,0.181243976228156,0.00709172849473672,0.000284196637016934,0,0.00133825703412752,0.000226724856693464,0.00153361703440854,0.00204933163373878,0.000515242067656855,0,0,0.00473336891698758,0,0,0,0,0,0.000136285442489848,0,0.00114583704101204,0,0,0,0,0.00014342334534405,0,0.000263648456452009,0,0,0,0,0,0.000806178968084936,0.000383850045096885,0.00427377318776259,0,0,0,0.00302230479800299,0.000940622394878123,0.00137934905797427,0,0,0.00184402366246949,0.00148200018085127,3.67042221348325e-05
0.339844290983971,0.00374603473503017,0.122428777580411,0.000698991560385265,0.131066860127392,0.0886973734622813,0.1321202485654,0.275242011451334,0.0187661950174,0.0236288999454554,1.18831588827199,0.0130052381984277,0.0140052782284267,0.203344340752663,0.00664413436984023,0.157488299998748,0.0166402031722696,0.000324672175078485,0.16242798680717,0.00167785515031491,0.41237471306337,0.0105189549240557,0.495832385279609,0.0694408253588386,0.00693065248928989,0.00706884875362419,0.134374382040462,0.156733806130107,3.2120413027595,0.498528158047821,0,3.70442160936009,1.31536625461341,0,0.00199221061570358,0.180213149942971,0.856859962661795,9.10116925118642,1.09910960577072,0.0848374522723599,0.151937517245733,0.0145855145422186,0.0144038566813231,0.00403486825554917,0.00572573919717405,0.00566932841846737,0.000980297914080417,5.74300735690543e-05,0,0.00181744938218973,0.000666692819178041,0.00064797019248546,0,0,3.62034425949696e-05,0.00197268205839286,0.000430905669891435,0.00157738304126878,0.000203473459824768,0,0.000123761655200592,0,0.000676514380454273,0,0.00148006545322367,0,0,0,0,0.00128536994518126,0.0073399614821086,0.00142596228118135,0.016865425800336,0.000892343738755435,0,0.000869132548160996,0.00661225036003893,0.0036439956937274,0.00192444909854082,0,0,0.000487617911639938,0.00218567977053176,0.000518676647085658
0.000285189977779806,5.24356959707897e-05,0.000210364347808531,0.000103577787682309,0,0.21220853297321,0.00112579441606596,0.0005967525853176,0.00229856888257551,0.0598037598174778,0,0.506180723903389,0.000575630034109316,0.000253752991107122,0.025911347539902,0.00687014185997453,2.6329446165917e-05,0,0,0.0125891692952282,0.00462733541122114,0.000100075938643372,0.00968940795725952,0.00174941623228727,2.60910040221737e-05,1.64492220396262e-05,0.00270884917500291,0.00428148086510436,0.000497304667792558,0.00191884719283008,0,6.90342223877557e-06,0.000142359671324518,0.00199221061570358,0,0.0292146892306169,0.00699138734955979,0.00811467979827563,0.00792038132726683,0.031483722441732,6.96903447270915e-05,0.000285474600194978,0.00332849128723885,0.00198448258894137,0.00443821761093485,0.00904515426204742,0.00596597811435607,0.00695665519209703,0,9.66167838216034e-06,0,3.41249653919651e-05,0,0,0.00170909879803417,1.64523500020765e-05,0,4.47134909010161e-05,0,1.39686397132769e-05,0.000164014340745655,0,0,0.00529066056783923,0.000477733580835599,5.02110618506475e-05,0,6.19529278430139e-05,0,0.000321092078895743,0.000160757521989832,0.000634758659652364,0.000495351048275691,0,2.03904305381506e-05,0.000407089566834687,0.000220123390938411,5.0623784248949e-05,0.000148738830469331,0,0,0,0.00102871797462522,2.0270927594716
0.036991827445957,0.0184059115897802,0.132971236914888,0.000721854774892636,0,0.0056436642416311,0.0364147723775728,0.034760488956845,0.0707081312258527,0.00861368692379635,0.0281965487880094,0.111609625720767,0.503583148807704,0.0175764798179626,0.0451291923680704,0.905565519570461,0.00188874997202477,0,0.00260121040515603,0.00723516069161887,0.32987499040861,0.0391044028762818,0.620790443173668,0.172050488253701,0.264729403320856,0.00302040938198073,0.392334020112923,0.228114377522971,0.0534315582875224,0.185614089573451,0,0.00178036179771891,0.0320708272149448,0.180213149942971,0.0292146892306169,0,5.74337846244752,0.621713508614087,1.92817749394985,2.54565230187839,0.000360571242704645,0.882752272940378,0.416293843432867,0.0804027116973951,0.0839090650063344,0.0688773560314421,0.0169216362925513,0.00296377298013744,0,0.00553021059679429,0.0062065829572916,0.00246466785670038,0.000759183422361824,0,6.67484736923823e-05,0.0034154306984121,0.00134549646341465,0.00340356107563105,0.000410215280648443,0,0.000534822706928367,0.00172136137301075,0.00162316048742119,0.000388105101464031,0.0409232114771968,0.000861284994739878,0,0.000529374558627572,0,0.0153044490601943,0.0534197586361403,0.0268195799119997,0.0282429254622986,0.00213602936090189,0.000977676751451773,0.00762491132283359,0.0125689348087115,0.00523860325821214,0.00407214822367048,0,0,0.00196881578176479,0.0388839098147303,0.00603465640570479
