0,0.000626075261785791,0.000612848223493459,0.00187641438582428,0,0,2.01294817439184,0.00142163545769661,0.0334190504032028,0.00635556614240388,0,0,0,1.71863094260249,0.00013291441497254,0.00269372686585518,0.000306689269091984,0,0,0,0.0660131622335598,0.00403857295227691,0.0720890273957554,0.00853065137612066,0,5.11125779712185e-05,0.000828460687782185,0.133911536037189,1.96051956322902,0.713992870910963,0,0,0.0478667057627458,0.0753779451529358,1.4220419993297e-05,0.0135131580193252,0.00843210266538517,0.020955786731163,0.0200445512281639,0.000429005023559685,0,0,0,0,0,0.000212574745318966,0,0,0,0.000997207273339198,0,0,0,0,0,0.000882383809554967,0,0.00743077676811392,4.30622535079828e-05,0,0,0,0.000160079459923038,0,0.000874465026990133,0,0,0,0,0.000356532433459541,0.00261378345288862,0.000109482484443937,0.00419959485858318,0,0,0,0.0017400113851324,6.31061060516074e-05,0.000234791676940184,0,0,0,0,7.9881255679942e-05
0.000626075261785791,0,0.149281034139001,0,0,0,0.000281631929683335,0,0.270461591827392,0,0.00721085756940015,0,0.048396258289535,0.000212088028356513,0,0.0782074634298543,0.0600927737760612,0.000634881612801701,0.0142626822163083,0,0.000938024065121691,1.55227152049338,0.00232052143932112,0.0763861779181672,1.94509271934379,0.154302844832183,2.10748243848711,0.00146280565995097,0.000514921209141425,0.000474236803392278,0.0273099696622947,0,0.00047644503039042,0.0168268788677909,0.000540145427318375,0.0301952381122966,0.183877013192192,0.033296580753224,0.0235488297090489,0.00124551497832427,0,0.00230159260351819,0.00749039044344574,0.0262347304260526,0.021344195739335,0.0075679190016018,0.000124081229675565,0,0,0.000121905893909201,1.80898560268199,0.0438024660754802,0,0,0,0.000275751109600269,0,0.0636470523431256,0,0.00107065560652771,0,0,0.000191713088860157,0,0.0190499666936342,0.0367512760538768,0.00173239093030877,0.0193104504682863,0,0.000696480307962332,0.411940018343571,0.00697728157736104,0.0107743023851869,0.342209284004058,0.0657794099882348,0.232388599741534,0.00101603786367387,3.27842816925804e-05,6.80237941062031e-05,0.000114460092516459,0,0,0.00693329155445556,5.68149584278654e-05
0.000612848223493459,0.149281034139001,0,0,0,5.43585190117039e-05,0.00155277669304772,0,0.00391325558850783,3.96764486821129e-05,0,0.00013525696459213,0,0.000634414738346272,0.000158123794132756,0.0261792904061138,1.35190377150656,0,0.00636284837310163,0,0.100496101116206,0.0246960904821553,4.58179509199735,0.00475612391247342,0.000376616183856596,1.40264306236653,2.44925214287001,0.0139174844369502,0,0.00290477082099967,0,0,5.94988920102693e-05,0.069033303026582,0.00136202135277639,0.107181216113589,0.388047448783378,0.211076207137849,0.108439246800402,0.00277861960186612,0,0.000976101139544116,0.00082467068955196,0.000131035569600306,0,0.00024733216860123,0,0,0,0.000156441168181642,0.000564098182042751,0,0,0,0,0,0,0.000581246729775813,0,0,0,0,6.28674078323012e-05,0.000471004841394698,0.00021717739399273,0,0,0,0,8.6823608627714e-05,0.000345975659732985,0,0.000620635605485675,0,4.65646089898263e-05,7.12371845115213e-05,0.000121439272503134,0,0.000120947224605081,0,0,0,0,0.000384432920300667
0.00187641438582428,0,0,0,0,0,0.0329013015672892,0,0.0382129979515866,0.41220230482073,0,0.507793083941816,0,0.000214270162662703,0,0,0,0,0,8.46788891962006,0,0,0,5.24520800611365,0,0,0,2.96503005532073,0.00112622951792505,0.000136597957695918,0,0,0,0,0,0.000129828580042332,0,0,0,0.00114881223141426,0,0,0,0,0,0,0,0,0,0,0,0,0.0333247004015216,0,0,0,0,0,0,0,0.0462117647401638,0,0,0,0,0,0,0,0.0111835451099546,0,0,0,0,0,0,0,0,0,0,0,0,0,0,0
0,0,0,0,0,1.42655125828066,5.40739274852682e-05,0.510995198929277,0,0,0.00121875600050515,0,0,0.0872057571631239,0.00264064932140463,0,0,0,0,0,0,0,0,0,0,0,0,0,0.0572260727612955,0,0,1.75137683034198,0,0.351617277382926,0,8.42797557699957e-05,0,0.00283421562878139,0,0.912378040878252,1.3001690480174,0,0,0,0,0,0,0,0,0,0,0,0,0,0,0,0,0,0,0,0,0,0,0,0,0,0,0,0,0,0,0,0,0,0,0,0,0,0,0,0,0,0,0
0,0,5.43585190117039e-05,0,1.42655125828066,0,0,0.344605225536767,0.000186714715324208,0.67482205734671,0,1.00388029128686,0,0.120967612192856,0.914282159183615,0,0,0,0,0.0212301114736585,0.000353022027276976,0,0.000271766444961658,0.0404054030596973,0,0,1.36077938590775e-05,0,0.00389089981732056,0,0,0.110852766040541,0,0.00775301060548928,1.24158826817918,0.00793159656268589,0.00206253867713423,0.000928405242463108,0.00100244864926587,0.326168053547005,0.0697519964814593,0.000289054873981051,0.000798455694207445,0.000610637709207507,0.000673982850606604,4.08115480479395e-05,0.000296994189390633,0,0,0,0,0,0,0,0.000245518046804895,0,0,0,0,0,0,0,0,0.00349528552044681,0,0,0,0,0,0,0,2.87659933354732e-05,0,0,0,3.18432842824536e-05,0,9.57583334335772e-05,0,0,0,0,0,0.00863861435556441
2.01294817439184,0.000281631929683335,0.00155277669304772,0.0329013015672892,5.40739274852682e-05,0,0,0.0220109178397028,0.0264307037141582,1.74947685138028,0,0.000214298169960835,0,1.02805033611207,9.24408660124409e-05,0.00263322449204435,0,0,0,0.0052424209227436,0.112488071709687,0.00124778956610333,0.0465145455880325,0.0979694992638573,3.12487780891799e-05,0,0.00112913013835654,6.12853602004216,0.146237408484971,1.91232277361979,0,0,0.00452609676822167,0.018373687371404,0.000111538920004951,0.0106531840272955,0.00495494439634736,0.00717924313850566,0.0076281063539653,0.0018829008053028,0,0,0.000162964346355963,3.27840399958301e-05,0.000303466842874697,0,0.000152928020806329,0,0,0.00102043985597785,0,0,0,0,0,0.000787158689493166,4.18644660626108e-05,0.00597782316675453,0,0,0,0,5.31553206924999e-05,0.000240516901964836,0.000651260874970954,0,0,0,0,0.000259819477618452,0.00180033779697984,0.000240077502686972,0.00422390059282924,0,4.63667097336381e-05,0.000112899418529494,0.00281683307824872,0.000281116679874845,0.000599475177970649,0,0,5.55650320149433e-05,0,1.451078138414e-05
0.00142163545769661,0,0,0,0.510995198929277,0.344605225536767,0.0220109178397028,0,0,0.00726092400085171,0,0,0,1.18172537218185,0,0,0,0,0,0.00029959225792326,9.56525195072518e-05,0,0,0.000541116683892611,0,0,0,0.000279994115600903,0.0258913546775951,0,0,0.428182625033312,0,0.0235980168212494,3.55227166437544e-05,0,0,0.00266686663215755,0,0.00486451730713255,0.00941182909073804,0,0,0,0,0,0,0,0,0,0,0,0,0,0,0,0,0,0,0,0,0,0,0,0,0,0,0,0,0,0,0,0,0,0,0,0,0,0,0,0,0,0,0
0.0334190504032028,0.270461591827392,0.00391325558850783,0.0382129979515866,0,0.000186714715324208,0.0264307037141582,0,0,0.00059644174310175,0.000805673205415432,0.542114109570708,0.00420953337634759,0.0041313306086157,0.185845787126606,0.0874035015727484,0.000412388377176252,0.000423761772241993,0.000903939645050823,0.0823935149266629,0.00334324609327212,2.49860469854694,0.00521840043211901,4.20804785331968,0.0496252498671497,0.00506312246006609,0.0547389039262402,0.0654766229788745,0.00571936754735272,0.018655795758198,0.00499653320536309,0,0.000383849433863742,0.0108301149991391,0.0111484570598564,0.123808874085293,0.00620826887822507,0.00301061664466835,0.0036426056335047,0.690280829222483,0,0.000132342118383422,0.0316997345110899,0.00261148717146048,0.00381772278164273,0.00461285399101881,0.000405543217479006,0,0,0.0135377136306162,0.158709107830878,0.00509586523518493,0,0,8.06591658380025e-05,0.00989003221062501,0.000142569995250367,0.931148783740597,0,0,0,0,0.00177350747270612,0,0.13577503974545,0.0029226359346796,0.000144087511046849,0.000504242053800381,0.000126730792357325,0.00210682740320398,0.689345358349407,0.00692678090376528,0.0993029890924557,0.0128801475450858,0.00172206174994282,0.0219624336972709,0.0199644721729913,0.00206259115595806,0.00427196318392218,0.000250665481964667,0,0.00599634240070934,0.00118054517075526,0.00215861111957375
0.00635556614240388,0,3.96764486821129e-05,0.41220230482073,0,0.67482205734671,1.74947685138028,0.00726092400085171,0.00059644174310175,0,0,0.066593411445678,0,0.0404038950708412,0.000955876138080704,0,0,0,0,0.520890412511088,0.000159741522637734,0,0,0.0452574331322412,0,0,3.05463119687343e-05,1.80778345371297,0.00931244944456525,0.000433716675212659,0,0,0,0.00070074851818868,0.16900213751118,0.000107791360819673,0,0.000139909393017541,4.16172765336795e-05,0.000332616016868386,0,0,0,0,0,0,0,0,0,0,0,0,0,0,0,0,0,0,0,0,0,0,0,0,3.52477017502573e-05,0,0,0,0,0,0,0,0,0,0,0,0,0,0,0,0,0,0,0
0,0.00721085756940015,0,0,0.00121875600050515,0,0,0,0.000805673205415432,0,0,0,4.43480180565021,0,0,0.000164507253954965,0.000366417010849732,0.483018360057165,0.431465824576208,0,0,0.000301437343554569,7.6908929470358e-05,0.00025134648828458,0.727262013119512,0.251582984708059,0.0270346263667725,0,0.105225292431302,0,0.395274398594171,0.38407238445613,0,0.463636202791766,4.23589151696262e-05,0.0131462174244288,0.937746280787745,0.796298512658404,0.0373461402066164,4.81957460095458e-05,0.0399791210997854,0.0724012367149212,0.000141737081540673,0.00138643084408439,0.000874737695391737,0,0,0,0.00060155658399395,0,0.000820488030715156,0,0,0,0,1.84523797335185e-05,0,0,0,0.00227870487502119,0,0.00292511047916269,0,0,0,0,0.00479671320099874,0.00130778376703442,0,0,0.000433486219832749,0,0,0.010254993279389,0.0115717828661058,0.00770078419849947,0,0,0,0.00426371284448449,0,0,0.000320295934538444,0
0,0,0.00013525696459213,0.507793083941816,0,1.00388029128686,0.000214298169960835,0,0.542114109570708,0.066593411445678,0,0,0,0,0.820448739131122,0,0,0,0,5.30913235549198,0.00022068802079914,0,0.000197875068378149,0.507366366137471,0,0,0.000111654736988677,0.0018682862523698,0,0,0,0,0,0.000661661511846883,0.464209069304387,0.0026987328546174,0.00187145935700846,0.000692660789864749,0.00154967188324658,0.161312527537086,0,0,0,0.000155037907014702,0.000766036545117053,0.000787557693253338,0.000717050551368959,0,0,0,0,0,0.00158072686370554,0,5.31542189025121e-05,0,0,0,0,0,0.0664880850445631,0,0,0.00122947822981798,7.40719825954913e-05,0,0,0,0.0108070802268701,0,0,0,0,0,0,0,0,0,0,0,0,0,0,0.0158231629444588
0,0.048396258289535,0,0,0,0,0,0,0.00420953337634759,0,4.43480180565021,0,0,0,0,0.000428499416141794,0,0.000574094924193098,0.0042113103467882,0,0.000168411956752587,0.00502897571595968,0.000133472948767672,0.00112755813954513,3.36416830394547,0.465696483314309,0.364606754911718,4.83301545665163e-05,0,8.21674159790045e-05,3.34675191142244,0,0,0.00286904786228217,0,0.10882443185674,0.199574310510151,0.0388678100798703,0.00588826887889178,0,0,0.0921882317878901,0.00550935554628716,0.00797306968994582,0.00242619205716508,0.0018079166962038,0.000397771596993757,0,0.0024472342432753,0,0.00848447557385187,0.000271899935703779,0,0,0,0,0,9.69394046629389e-05,0,0.00299118235650692,0,0.00749596816012197,0,0,0.000238821850303095,0,0.00601070865373194,0.0025757400486116,0,0,0.00248362738232885,0.000133199418970069,4.1002171485676e-05,0.0383337077423469,0.0199297678701143,0.0182905637583341,0,0,2.41249002700338e-05,0.00983384408298052,0,0,0.0185277316037832,0
1.71863094260249,0.000212088028356513,0.000634414738346272,0.000214270162662703,0.0872057571631239,0.120967612192856,1.02805033611207,1.18172537218185,0.0041313306086157,0.0404038950708412,0,0,0,0,0,8.58043620519584e-05,0.000166106032773155,0,0.000291386950591617,0.00104147557287426,0.0112760629395577,0.000327317117803323,0.00497636217419813,0.00331112276569043,0,9.65372891411371e-05,0.000335382721109668,0.0481202742368215,3.36421539885981,0.0316767950437012,3.60497589626564e-05,0.0697483164635108,0.00294782726734307,0.159714081316616,4.8653190089499e-05,0.00226334785943791,0.000717094898295204,0.0173146678873199,0.00138259521483021,0.0766186388558937,0.0231555516921542,0,0,0,0,0,0,0,0,0.000282687519568038,2.6460715640638e-05,0,0,0,0,6.14842169560093e-05,0,0.00108938845059599,0,0,0,0,0,0,0.000364536946180233,0,0,0,0,0,0.000276580751390558,3.24509734299914e-05,0.000823503294098208,0,0,0.000116717684362225,0.000247262912497306,0,0.000192668524783508,0,0,0,0,0
0.00013291441497254,0,0.000158123794132756,0,0.00264064932140463,0.914282159183615,9.24408660124409e-05,0,0.185845787126606,0.000955876138080704,0,0.820448739131122,0,0,0,0.000190367642268502,0,0,0.000104505962230619,0,0.000431271131499681,9.5004811914122e-05,0.00192365870648067,9.64410667577721e-05,0,0.000150709471252681,0.000488092915401987,0.000243012155606097,6.09622846731216e-05,5.09895335916418e-05,0,0,0,0.00119421705839197,0.272040247199657,0.13599167564688,0.0175513867978444,0.00231205847325609,0.002762263047799,0.325808137237311,0,0.000374856051807357,0.00477548682603215,0.00139642912274716,0.00102270378833807,0.000675040244731921,0.00286990135147665,0,0,0,0,6.81612891341452e-05,0,0,0.000122531851547331,0,0,0,0,0,0.000199755475314763,0,0,0.00531779654071101,0.000108523480385254,0,0,0,0,4.44293691166235e-05,0,0.00013576304810211,0,0,0.000356247443831705,0,0,0,0,0,0,0,0,0.00784988906491481
0.00269372686585518,0.0782074634298543,0.0261792904061138,0,0,0,0.00263322449204435,0,0.0874035015727484,0,0.000164507253954965,0,0.000428499416141794,8.58043620519584e-05,0.000190367642268502,0,0.000761728812666789,0,6.45149346457095e-05,0,0.599111486189618,3.98149517164691,1.31155392222129,1.63586015455712,0.00333565187348049,0.00154076345065335,1.22334330309472,0.374052700081352,0.000567063518374032,0.00288198286816334,0.000296243137316334,0,0.000395620025474617,0.0161095990414391,0.00097012940456599,0.123123306651602,0.126954306626056,0.056836851491011,0.104816208791544,0.0013316469028193,0,0.000654165750291081,0.000333344221313907,9.40027912234125e-05,0.000702465911407358,0.000261718827055908,0,0,0,0.000355243151078599,0.0151226704128366,0.00100912188771304,0,0,0,0.000527820442759271,3.12932785123878e-05,0.0151370325111774,0,0,0,0,5.04426067031993e-05,0,0.0377153742898136,0.000837635419511495,0,0,0,0.00135407188502412,0.0195620254435766,0.00192851697736214,0.0190431585590913,0,0.000242333100060144,0.0018530969986793,0.00384871205062332,4.59713225804822e-05,0.000241723244973763,0,0,8.3514494709635e-05,6.36120916937682e-05,0.000154334772629694
0.000306689269091984,0.0600927737760612,1.35190377150656,0,0,0,0,0,0.000412388377176252,0,0.000366417010849732,0,0,0.000166106032773155,0,0.000761728812666789,0,0,0.243207217341629,0,0.00089377722438591,0.0015043697242607,1.85157497693246,0.000304563032727188,7.7218908092154e-05,1.74154140631701,0.0397385467036965,5.59943690423073e-05,0.394880779425916,0,0,0,0.0024222001371109,0.420636040692523,2.63647298358717e-05,0.00578079606025358,0.0670594533944135,0.0285291610024606,0.00394936228056511,0.000178947645321521,0.00120352731837382,0,0.000414883142278825,0,0,0,0,0,0,0,0.000111917223980957,0,0,0,0,0,0,0,0,0,0,0,0,0,0,0,0,0,0,0,0,0,0,0,0,0.000130621559198347,0,0,0,0,0,0,0,9.36487923723153e-05
0,0.000634881612801701,0,0,0,0,0,0,0.000423761772241993,0,0.483018360057165,0,0.000574094924193098,0,0,0,0,0,1.26229426703958,0,0,0,0,0,0.0013747442704425,0.290936805022528,0.00151168462327829,0,0.00487230935068567,0,0.000676742383857922,0,0,0.000181232344053294,0,0.000252078272472568,0.00574724640309943,0.00247516672707655,0.000668194960927106,0,0,0,0,0,0,0,0,0,0,0,0,0,0,0,0,0,0,0,0,7.31623613408443e-05,0,9.86963080865117e-05,0,0,0,0,0,0,0,0,0,0,2.01070062198825e-05,0.0029851258575459,0.000522044414477867,0.000202337543303443,0,0,0,0,0,0,0,0
0,0.0142626822163083,0.00636284837310163,0,0,0,0,0,0.000903939645050823,0,0.431465824576208,0,0.0042113103467882,0.000291386950591617,0.000104505962230619,6.45149346457095e-05,0.243207217341629,1.26229426703958,0,0,0,0.000514501494378372,0.000307996182777746,0.00014161486251843,0.0244699602541812,2.79478781092871,0.0381436597422161,0,0.00101334949310144,5.93490990488167e-05,0.00362185279226576,0.000154721158075956,0,0.402437015515687,0.000155947188112364,0.018962273397711,0.216048563738873,0.241439189688218,0.0996417154742819,0.000102454743857859,0,0.00237437621118181,0.000214159786810627,0.000528343236520979,0.000350996208370168,7.99787086163978e-05,0,0,0,0,0.00129212269263972,0,0,0,0,0,0,5.64016076428867e-05,0,0.000362878876290627,0,5.31146355350828e-05,0,0,0,0.000230872853515442,0.00156572423434903,0.00327357004077386,0,0,0.000175126071945983,0,2.61829840844977e-05,0.0120290792267027,0.00823042160914783,0.00721818865217208,0,0,0,0.00157797742611502,0,0,0.000111996549999285,0
0,0,0,8.46788891962006,0,0.0212301114736585,0.0052424209227436,0.00029959225792326,0.0823935149266629,0.520890412511088,0,5.30913235549198,0,0.00104147557287426,0,0,0,0,0,0,0,0,0,2.82080878474302,0,0,0,0.0872863936559595,0.0013636926620561,0.000130507319760435,0,0,0,0.000209965604226207,0,0.000181313174404403,0,0,0,0.0383505719712311,0,0,0,0,0,0,0,0,0,0,0,0,0,0,0,0,0,0,0,0,0,0,0,0,0,0,0,0,0,0,0,0,0,0,0,0,0,0,0,0,0,0,0,0
0.0660131622335598,0.000938024065121691,0.100496101116206,0,0,0.000353022027276976,0.112488071709687,9.56525195072518e-05,0.00334324609327212,0.000159741522637734,0,0.00022068802079914,0.000168411956752587,0.0112760629395577,0.000431271131499681,0.599111486189618,0.00089377722438591,0,0,0,0,0.00725182002335263,8.36307839190057,0.0780491947334086,0,0.000571799067050812,0.0294367153660376,1.7620475199117,0.604791911926275,3.0367931495137,0,4.97530439756131e-05,1.87175510047931,0.91172720103868,0.00273121337714323,0.16226436626069,0.108099203718851,0.12467684659458,0.174824070585866,0.00147831264046143,0,0.000158324233612644,0.00152683421446033,0.000195549403068016,0.000358994265595433,0.000288641855313281,0,0,0,0.000179352215150056,0.000107703946193007,0,0,0,0,1.76213050016151e-05,0,0.00317632735015453,0,0,0,0,1.94569896145016e-05,0,0.00251851164108881,0.00026959085692816,0,0,0,0.000693976754908837,0.00180190455739538,0.000785508213967191,0.00647558350758693,0,0,9.75249166505032e-05,0.00274299025569441,0.000116500164295925,0,0,0,0,0,0.000815985093596547
0.00403857295227691,1.55227152049338,0.0246960904821553,0,0,0,0.00124778956610333,0,2.49860469854694,0,0.000301437343554569,0,0.00502897571595968,0.000327317117803323,9.5004811914122e-05,3.98149517164691,0.0015043697242607,0,0.000514501494378372,0,0.00725182002335263,0,0.0349523616532754,1.06710877154534,0.0552693569270738,0.00663693335089306,1.06862043489893,0.027310108463157,0.00138150158140769,0.00271667765543788,0.003228938903588,0,0.00116119402275149,0.00702791334023064,0.000549393655881639,0.0217833877687133,0.0343428466269234,0.0237129728249144,0.0254204405814878,0.000122967411989252,0,0,0.00859228414404976,0.00620750166917322,0.00769467937346351,0.0105573864573828,8.97884445258731e-05,0,0,0.002835461965189,0.804755220416696,0.0162582241797626,0,0,0,0.00242666571975905,0,0.341037910654188,0,2.81663329722119e-05,0,4.59462887471051e-05,6.98206712648024e-05,0,0.404410120521355,0.00946390770059851,7.69647538022204e-05,0.000590515771824974,0,0.00342188762591483,1.63099302966744,0.0294350974036315,0.0920531302143938,0.0328467373698407,0.00375073159778425,0.0926652379362592,0.0121300136060957,0.000174326521635286,0.00218466181505568,0,0,0.000166625710740977,0.0018132710728313,8.78494468350207e-05
0.0720890273957554,0.00232052143932112,4.58179509199735,0,0,0.000271766444961658,0.0465145455880325,0,0.00521840043211901,0,7.6908929470358e-05,0.000197875068378149,0.000133472948767672,0.00497636217419813,0.00192365870648067,1.31155392222129,1.85157497693246,0,0.000307996182777746,0,8.36307839190057,0.0349523616532754,0,0.089600711156506,7.28940394215105e-05,0.0475355336856272,1.36399472849259,0.280786847462558,0.595596982275112,0.179362148900872,0,2.971485114333e-05,0.41479497552645,0.0808900795366694,0.0119813448941938,0.379858179915653,0.381591967863365,0.288097451587414,0.330828234478545,0.00656433128171912,0,0.000974610287338606,0.00420032027376317,0.000377360748755324,8.03982079642881e-05,0.00106772477557151,0.00127171081576943,0,0,0.000234353862038601,0.000290517259143249,0,0,0,0,0.000169837718985997,3.09270963743476e-05,0.00350648536546879,0,0,0,0,0.000132982604323677,0.000937176935711947,0.00439641152540057,0,0,0,0,0.000459940420891542,0.00364831911743492,0.000633370376017519,0.00792354859526954,0,2.95268384704961e-05,0.000143614566055593,0.00252217130428805,2.90125840874916e-05,0.000391405923294779,0,0,0.000211017602225146,0,0.00238174775342924
0.00853065137612066,0.0763861779181672,0.00475612391247342,5.24520800611365,0,0.0404054030596973,0.0979694992638573,0.000541116683892611,4.20804785331968,0.0452574331322412,0.00025134648828458,0.507366366137471,0.00112755813954513,0.00331112276569043,9.64410667577721e-05,1.63586015455712,0.000304563032727188,0,0.00014161486251843,2.82080878474302,0.0780491947334086,1.06710877154534,0.089600711156506,0,0.0129707528301719,0.00242964247905282,0.106813554988072,3.29832388615297,0.00871127481213618,0.0160227532899333,0.000460031786780309,0,0.00109557648472884,0.0109895807052465,0.000624176820678488,0.0254718159482221,0.0179599654572152,0.0158672690610484,0.0161032711350652,0.178827796565527,0,4.05681338580869e-05,0.00342981369770258,0.000491033984184151,0.00200828135570344,0.00160582895958278,0.000671419283081214,0,0,0.00562451336923383,0.0182780299377652,0.00191047374239145,0.00461557468530228,0,0,0.0074283457192967,0.000155001101051891,0.137206519992756,0,0,0.00171456867354268,0,0.00120502436437626,0,0.0863322690839347,0.00111631411861766,0,0.000180374352230059,0.00356195300257854,0.00482893772335696,0.111081471848853,0.0091473628279296,0.124855006446282,0.00157591125885034,0.000585989771623572,0.00587074048020238,0.0385834019646111,0.00117510641692658,0.00405781772615156,0,0,0.0032306296586125,0.000425074836406024,1.19815779744332e-05
0,1.94509271934379,0.000376616183856596,0,0,0,3.12487780891799e-05,0,0.0496252498671497,0,0.727262013119512,0,3.36416830394547,0,0,0.00333565187348049,7.7218908092154e-05,0.0013747442704425,0.0244699602541812,0,0,0.0552693569270738,7.28940394215105e-05,0.0129707528301719,0,0.226422586013414,0.988634220614997,0.000223797855426089,5.7207382342132e-05,0.000326556016094139,0.35352770120214,0,0,0.00465747798290907,0,0.00489383775939028,1.07149161326921,0.0838010433778721,0.0102726010938784,0,0,0.58490236946208,0.0015080243625656,0.0359279771704504,0.0165398294977151,0.00263228497543468,0,0.000188007010744661,0.00119019422456998,0,0.31130438927521,0.00362779849894313,0,0,0,8.69776216143479e-05,0,0.00414635385587292,0,0.00820969732002311,0,0.0120414908241051,0,0,0.00175983595924151,0.00806285656767555,0.0187510707484433,0.0300849807286654,0,0.000172857481805909,0.0341735233292087,0.000859206363787564,0.00114941379271818,0.641746385512063,0.172980198018778,0.159419619006539,0.000201830774909862,8.59238387499323e-05,0,0.0112959240131956,0,0,0.00456404712109792,0
5.11125779712185e-05,0.154302844832183,1.40264306236653,0,0,0,0,0,0.00506312246006609,0,0.251582984708059,0,0.465696483314309,9.65372891411371e-05,0.000150709471252681,0.00154076345065335,1.74154140631701,0.290936805022528,2.79478781092871,0,0.000571799067050812,0.00663693335089306,0.0475355336856272,0.00242964247905282,0.226422586013414,0,2.13515003090103,0.0002332590302854,0,4.379699214873e-05,0.458906732517222,0,0,0.0314943574208337,0.000714440976817589,0.0334994698851611,0.455496717799025,0.10928290819115,0.039466979711966,0.000148080292585185,0,0.00672603277506154,0.000593050749678268,0.00668990178194522,0.00304999988383102,0.000686313232119355,0,0,0,0,0.00790139406852353,0.000450706758320355,0,0,0,1.86730117216186e-05,0,0.000404696820187342,0,0.00685138405045421,0,0.0132718157117055,0,0.000146597606539504,0.000463925011005919,0.000645171971143886,0.0131394151338867,0.00997935802950287,0,0,0.00295805276171477,0.000181873311428083,8.08348673411751e-05,0.0569755940308625,0.0681690868276042,0.056345858824064,1.74459026087699e-05,0,0,0.00884918701126292,0,0,0.0014711889863539,0.000110873541781299
0.000828460687782185,2.10748243848711,2.44925214287001,0,0,1.36077938590775e-05,0.00112913013835654,0,0.0547389039262402,3.05463119687343e-05,0.0270346263667725,0.000111654736988677,0.364606754911718,0.000335382721109668,0.000488092915401987,1.22334330309472,0.0397385467036965,0.00151168462327829,0.0381436597422161,0,0.0294367153660376,1.06862043489893,1.36399472849259,0.106813554988072,0.988634220614997,2.13515003090103,0,0.0236393808267228,0.000994450658939333,0.00259105556787208,0.369204873307814,0,7.5798638891093e-05,0.0502266301437514,0.00410976586671715,0.139144723225437,0.477158523336597,0.213122904374781,0.093790192136044,0.00224688000320487,0,0.0019348371130739,0.00256082292853939,0.0102017389170777,0.00472867820735441,0.00159823057120843,0.000216981515411847,1.50474273658243e-05,4.03943181742224e-05,0,0.0674453934928683,0.0024486757874984,0,0,0,5.64100656454212e-05,0,0.0030339512761796,0,0.00435956338561116,0,0.00696359595002034,0,2.1304848258928e-05,0.00199351515354541,0.00245345460748825,0.0103220190480238,0.0148246773610451,0,0.000253575507095476,0.0190209822675738,0.000816683280019102,0.00229822876935262,0.0589573812820405,0.0905161937593195,0.1098431293294,0.000750328747940456,2.62147317057212e-05,2.1783240125158e-05,0.00383314486093822,0,1.45291455139369e-05,0.00311288921334382,0.00124204504211066
0.133911536037189,0.00146280565995097,0.0139174844369502,2.96503005532073,0,0,6.12853602004216,0.000279994115600903,0.0654766229788745,1.80778345371297,0,0.0018682862523698,4.83301545665163e-05,0.0481202742368215,0.000243012155606097,0.374052700081352,5.59943690423073e-05,0,0,0.0872863936559595,1.7620475199117,0.027310108463157,0.280786847462558,3.29832388615297,0.000223797855426089,0.0002332590302854,0.0236393808267228,0,0.0620263447001512,0.950917221953919,1.95433562530513e-05,0,0.0108432584761289,0.0905043628850325,0.00118449806470381,0.0909930948346237,0.0258097006924669,0.0611513884995665,0.0719844773661402,0.00265607453698228,0,0.000119363998115348,0.00351516142172152,0.000323676292055984,0.000791262546368667,0.000676783481893429,0.000520611194344585,3.25147469512944e-05,0,0.00379541955270114,0.000848111382634102,0.000376727691297161,0,0,0,0.00888185973286122,3.51683297512657e-05,0.0377572005376568,0,0,1.92525195264637e-05,0,0.00146042938903854,0,0.028771226857171,3.64188111783843e-05,0,2.06239323591719e-05,3.73273840029711e-05,0.00633735428197981,0.0310709565212965,0.00516551202527227,0.0741603989405663,0,4.7558176138591e-05,0.000663730781029454,0.032651187616958,0.00124218813648281,0.00228586447180461,0,0,0.00163845726255367,0.000693267046451174,0.000202951305374892
1.96051956322902,0.000514921209141425,0,0.00112622951792505,0.0572260727612955,0.00389089981732056,0.146237408484971,0.0258913546775951,0.00571936754735272,0.00931244944456525,0.105225292431302,0,0,3.36421539885981,6.09622846731216e-05,0.000567063518374032,0.394880779425916,0.00487230935068567,0.00101334949310144,0.0013636926620561,0.604791911926275,0.00138150158140769,0.595596982275112,0.00871127481213618,5.7207382342132e-05,0,0.000994450658939333,0.0620263447001512,0,1.453505670931,0,1.25546844739204,1.13407132730723,3.05724779843327,2.16715321223789e-05,0.00647230007686541,0.00205228533182626,0.277837027122159,0.00582426115961217,0.0988134037875389,0.0901823712334284,0,5.90372575456199e-05,0,0,0,0,0,0,0.000164220069531749,3.09075219352224e-05,0,0,0,0,0.000390915324136639,0,0.00121485027161012,0,0,0,0,1.62402469114952e-05,0,0.000739621948888239,2.12181538741492e-05,0,0,0,0.000311132204661003,0.00116325612307989,2.30723482780206e-05,0.00137988222963902,0,2.5919959644332e-05,1.30918966803502e-05,0.000964535473234812,0,0,0,0,0,9.69147942283368e-05,0
0.713992870910963,0.000474236803392278,0.00290477082099967,0.000136597957695918,0,0,1.91232277361979,0,0.018655795758198,0.000433716675212659,0,0,8.21674159790045e-05,0.0316767950437012,5.09895335916418e-05,0.00288198286816334,0,0,5.93490990488167e-05,0.000130507319760435,3.0367931495137,0.00271667765543788,0.179362148900872,0.0160227532899333,0.000326556016094139,4.379699214873e-05,0.00259105556787208,0.950917221953919,1.453505670931,0,0,5.41951949776104e-05,0.858584691730087,1.07852445245155,0.000414262907848604,0.0331809166241027,0.0093096659895717,0.0586086298790403,0.0345957835958545,0,0,0,0.000402619099665551,0.000173358315757266,0.000129838032244417,0,4.67053470455184e-05,0,0,0.000366513150228305,0.000318061136507196,0,0,0,0,0.000604972266865368,0,0.00572756525483939,0,0,0,0,6.25090373880014e-05,6.80110648083789e-05,0.00101785165290822,0,0,0,0,0.000274829470417403,0.00353768927119445,0.000232710146730624,0.00659016144407541,0,0,7.4099273592168e-05,0.00233631673623281,8.50784880633774e-05,0.000205126574199166,0,0,0.000234192190004593,7.62749616259103e-05,2.48151212073368e-05
0,0.0273099696622947,0,0,0,0,0,0,0.00499653320536309,0,0.395274398594171,0,3.34675191142244,3.60497589626564e-05,0,0.000296243137316334,0,0.000676742383857922,0.00362185279226576,0,0,0.003228938903588,0,0.000460031786780309,0.35352770120214,0.458906732517222,0.369204873307814,1.95433562530513e-05,0,0,0,0,0,0.000489185521649921,0,0.000714009072806195,0.0654749451615444,0.013955992810532,0.00273411043514027,0,0,0.0080217832035162,0,0.00487751278133906,0.000470480523628952,0,0,0,0,0,0.00264639185154424,7.78212121412374e-05,0,0,0,0,0.000164090577400355,0.000605938982430999,0,0.00124719174454721,0,0.00454481713939479,0,0,5.55210049225548e-05,0.000847106824835032,0.00750517878160815,0.00360457311861945,0,0,0.00185708667312358,0,0.000160166250101428,0.037735337943508,0.0117398038933879,0.00807296098819845,0,0,0,0.00789303400910295,0,0,0.000297950485866359,0
0,0,0,0,1.75137683034198,0.110852766040541,0,0.428182625033312,0,0,0.38407238445613,0,0,0.0697483164635108,0,0,0,0,0.000154721158075956,0,4.97530439756131e-05,0,2.971485114333e-05,0,0,0,0,0,1.25546844739204,5.41951949776104e-05,0,0,0.000975497912937336,0.787510718324929,0,0,0.000465902261275328,0.0152835213514165,0,0.011394851590573,0.405692368543627,0,0,0,0,0,0,0,0,0,0,0,0,0,0,0,0,0,0,0,0,0,0,0,0,0,0,0,0,0,0,0,0,0,0,0,0,0,0,0,0,0,0,0
0.0478667057627458,0.00047644503039042,5.94988920102693e-05,0,0,0,0.00452609676822167,0,0.000383849433863742,0,0,0,0,0.00294782726734307,0,0.000395620025474617,0.0024222001371109,0,0,0,1.87175510047931,0.00116119402275149,0.41479497552645,0.00109557648472884,0,0,7.5798638891093e-05,0.0108432584761289,1.13407132730723,0.858584691730087,0,0.000975497912937336,0,1.4189580598367,0,0.00236335452728383,0.00171849800477017,0.0789285202331669,0.0102942381505079,0,0.00072055046726191,0,6.09941443988791e-05,0,0,0,0,0,0,0,0,0,0,0,0,0.000228796133205207,0,0.00153853043036217,0,0,0,0,0,0,0.000391924846412289,0,0,0,0,0,0.000531912872986047,0,0.000490730888126721,0,0,0,8.16715543683283e-05,0,0.000349833388885019,0,0,0,0,0
0.0753779451529358,0.0168268788677909,0.069033303026582,0,0.351617277382926,0.00775301060548928,0.018373687371404,0.0235980168212494,0.0108301149991391,0.00070074851818868,0.463636202791766,0.000661661511846883,0.00286904786228217,0.159714081316616,0.00119421705839197,0.0161095990414391,0.420636040692523,0.000181232344053294,0.402437015515687,0.000209965604226207,0.91172720103868,0.00702791334023064,0.0808900795366694,0.0109895807052465,0.00465747798290907,0.0314943574208337,0.0502266301437514,0.0905043628850325,3.05724779843327,1.07852445245155,0.000489185521649921,0.787510718324929,1.4189580598367,0,0.00218578909957401,0.309542759744587,0.268058270295413,3.54710509429059,0.472496346766241,0.536889178341602,1.29984674367465,0.00310078577543938,0.00179951463743319,0.000666486935875237,0.000286297447316104,0.000774235428071817,0.000142499510989013,0,0,5.60997593113278e-05,0.000144686433948115,0,0,0,0,0.000419986818180195,0,0.00621871842875733,0,0.000424674149647627,0,0.000534611125840119,0.000125764302631921,6.09483672045466e-05,0.00169893656014452,0,0.000141798056318442,0,0,0.000142873812001345,0.0043350211428244,0.00023893061754969,0.00444050367261441,0.0001907965195189,0.0017002913982289,0.00155890309111972,0.00260748330193962,7.43201525167971e-05,0.000383986090495191,0.000180743227980371,0,0.000354434620614082,0,0.000518491995735394
1.4220419993297e-05,0.000540145427318375,0.00136202135277639,0,0,1.24158826817918,0.000111538920004951,3.55227166437544e-05,0.0111484570598564,0.16900213751118,4.23589151696262e-05,0.464209069304387,0,4.8653190089499e-05,0.272040247199657,0.00097012940456599,2.63647298358717e-05,0,0.000155947188112364,0,0.00273121337714323,0.000549393655881639,0.0119813448941938,0.000624176820678488,0,0.000714440976817589,0.00410976586671715,0.00118449806470381,2.16715321223789e-05,0.000414262907848604,0,0,0,0.00218578909957401,0,0.0905439995599304,0.0390710495380209,0.0146876057862206,0.0158561731537184,0.0430914500775071,0,0.000217052726836338,0.027025981621157,0.0193807603566807,0.00731524591243379,0.0095343745295741,0.0100354915784916,0.00011694884197988,9.79291044744368e-05,0.000235379042815256,0.000268762132517031,0.000339671752698366,0,0,0.00914104333886493,0.000323162021082248,0,0.00275407834922518,0.000236564607625875,1.72855458581091e-05,0.0100554862852889,0,0.000120240124184993,0.0232109475904188,0.000397223671950322,0.00059133503286531,0,7.62250153106508e-05,0,0.00128327999588793,0.000238414146695059,0.00466970630929969,2.98619444493436e-05,0,0.000326681788627402,0.00155064285637066,0.000655080133151637,6.87227704681466e-05,0.000435255185665287,0,0,8.5217663453813e-05,0.000182365037903414,0.899282150643728
0.0135131580193252,0.0301952381122966,0.107181216113589,0.000129828580042332,8.42797557699957e-05,0.00793159656268589,0.0106531840272955,0,0.123808874085293,0.000107791360819673,0.0131462174244288,0.0026987328546174,0.10882443185674,0.00226334785943791,0.13599167564688,0.123123306651602,0.00578079606025358,0.000252078272472568,0.018962273397711,0.000181313174404403,0.16226436626069,0.0217833877687133,0.379858179915653,0.0254718159482221,0.00489383775939028,0.0334994698851611,0.139144723225437,0.0909930948346237,0.00647230007686541,0.0331809166241027,0.000714009072806195,0,0.00236335452728383,0.309542759744587,0.0905439995599304,0,3.21479855753176,0.839708847037007,1.07809998067295,2.34161273991961,0.000429645864742281,0.19409578567139,0.124880530499358,0.034445595596425,0.00715304601556123,0.0118173555809314,0.00263400386681547,0,0.000545899191111863,0.00037389997479838,0.000878384432296216,0.000999101141559,0,0,0.00063323150520591,0.00136687297857868,0,0.00286505308505552,0,7.05336187045939e-05,0.000491982581892828,0.000247008650343001,2.88284977828864e-05,0.0032108408547224,0.00525296289137267,0.000589755082004484,0.000111737874854952,0.000376152192820605,0,0.00216262249198798,0.00582738499376826,0.00459426618054301,0.0088812463885862,0.00112416315657808,0.00151467598893739,0.00282712285314164,0.00513854248516659,8.53153084400884e-05,0.00122877783000611,0,0,0.000694178859082101,0.000777711882593264,0.0176794820328468
0.00843210266538517,0.183877013192192,0.388047448783378,0,0,0.00206253867713423,0.00495494439634736,0,0.00620826887822507,0,0.937746280787745,0.00187145935700846,0.199574310510151,0.000717094898295204,0.0175513867978444,0.126954306626056,0.0670594533944135,0.00574724640309943,0.216048563738873,0,0.108099203718851,0.0343428466269234,0.381591967863365,0.0179599654572152,1.07149161326921,0.455496717799025,0.477158523336597,0.0258097006924669,0.00205228533182626,0.0093096659895717,0.0654749451615444,0.000465902261275328,0.00171849800477017,0.268058270295413,0.0390710495380209,3.21479855753176,0,2.33084202772524,1.7169178911686,0.0376211937058724,0,1.8827743138346,0.0260074606419628,0.0099698081666161,0.00246167685026039,0.00631381221003007,0.00143336207553273,0.000163337138769429,0,0.000340160251152541,0.00464044145219847,0.000703169644385285,0,0,0.000572967612716413,0.000173918028031138,0,0.0018999472106988,0,0.00215907508325698,0,0.00613709080741006,5.6023989963408e-05,0.00521892338805305,0.00154750489427495,0.000410437016306394,0.00747920983400731,0.00331449866561158,0,3.5337061180158e-05,0.00225594139682333,0.000882903550867677,0.00165398119410312,0.0402736500506681,0.0177519928588917,0.0130891712821438,0.000837148252715788,0,0,0.00831653137660959,0,0,0.00107586476698066,0.0101095492370044
0.020955786731163,0.033296580753224,0.211076207137849,0,0.00283421562878139,0.000928405242463108,0.00717924313850566,0.00266686663215755,0.00301061664466835,0.000139909393017541,0.796298512658404,0.000692660789864749,0.0388678100798703,0.0173146678873199,0.00231205847325609,0.056836851491011,0.0285291610024606,0.00247516672707655,0.241439189688218,0,0.12467684659458,0.0237129728249144,0.288097451587414,0.0158672690610484,0.0838010433778721,0.10928290819115,0.213122904374781,0.0611513884995665,0.277837027122159,0.0586086298790403,0.013955992810532,0.0152835213514165,0.0789285202331669,3.54710509429059,0.0146876057862206,0.839708847037007,2.33084202772524,0,2.90431730733419,0.260910778284573,0.00673800691621357,0.461852690352224,0.00850708797849502,0.00407325444942957,0.00145249726732326,0.00382494573228356,0.00227789322043548,0,0.000813089410461858,9.86446127230652e-05,0.00126775173511742,8.6002134235559e-05,0,0,5.58718182094853e-05,0.000241906465777128,0,0.00438224643045292,0,0.0013206152608061,0,0.00252973059526512,0,0.00306256808928071,0.0021521631867975,0,0.00296479600713281,0.00178268341831491,0,8.33899652473487e-05,0.00346359696134782,0.000297342401795797,0.00154172328671319,0.00541736008308225,0.00679640522226205,0.00639974290589151,0.00101976298037964,0,0.000140655158051219,0.0028625612381977,0,0.000207978894603732,0.000200498872534847,0.00593179469456207
0.0200445512281639,0.0235488297090489,0.108439246800402,0,0,0.00100244864926587,0.0076281063539653,0,0.0036426056335047,4.16172765336795e-05,0.0373461402066164,0.00154967188324658,0.00588826887889178,0.00138259521483021,0.002762263047799,0.104816208791544,0.00394936228056511,0.000668194960927106,0.0996417154742819,0,0.174824070585866,0.0254204405814878,0.330828234478545,0.0161032711350652,0.0102726010938784,0.039466979711966,0.093790192136044,0.0719844773661402,0.00582426115961217,0.0345957835958545,0.00273411043514027,0,0.0102942381505079,0.472496346766241,0.0158561731537184,1.07809998067295,1.7169178911686,2.90431730733419,0,0.895157859499906,0.302478857714169,0.00889187892110745,0.00706147112392981,0.00865085719167163,0.00295500563110453,0.00406872455328396,0.00604393209387781,0,0,0.00013400286612471,0.00110167107734641,6.86709904798642e-05,0,0,0.000187154690662255,0.000267319482480549,0,0.00172529246355067,0,0.000417322153021667,5.70729301775036e-05,0.00013901861157458,0,0.0115467276510635,0.00178625299724621,7.93873980488285e-05,0.000220989375469991,0.000256218236716899,0,0.000157817569517171,0.00211248885709584,0.000351325308826092,0.00294319048246991,0.00681127951080529,0.00255289263297167,0.00168711663729352,0.00108865309110371,0,0.000247380204304517,0.00198744258924068,0,0,4.75223538655193e-05,0.00663216040307005
0.000429005023559685,0.00124551497832427,0.00277861960186612,0.00114881223141426,0.912378040878252,0.326168053547005,0.0018829008053028,0.00486451730713255,0.690280829222483,0.000332616016868386,4.81957460095458e-05,0.161312527537086,0,0.0766186388558937,0.325808137237311,0.0013316469028193,0.000178947645321521,0,0.000102454743857859,0.0383505719712311,0.00147831264046143,0.000122967411989252,0.00656433128171912,0.178827796565527,0,0.000148080292585185,0.00224688000320487,0.00265607453698228,0.0988134037875389,0,0,0.011394851590573,0,0.536889178341602,0.0430914500775071,2.34161273991961,0.0376211937058724,0.260910778284573,0.895157859499906,0,2.70966951945039,0,0.00653266917637442,0.0123893353889329,0.00423536320254975,0.0119819050508298,0.0183934274481104,0.00093159550258378,0,0,7.6280072079998e-05,0.000384866441019618,0,0,0.000449965815918873,4.18170367549875e-05,0,0,0,0,0,0,0,0.0308481315505692,0.000493525665583888,0.000463094638542623,0,4.09480825261117e-05,0,0.000114155536300655,5.31573340299425e-05,0.000803728755066447,0,0,2.24417455253989e-05,0.000359157077460646,0.000276901890454026,0,0.00013019902627677,0,0,0,6.90418965396244e-05,0.0215902125712453
