0,0.000994838846882264,0.00850416746521018,0.00143790642145216,0,0.000150674515247261,2.40671592096375,0.130567304878288,0.0315140791157382,0.00887065353795627,0.00190078944245822,0.000395257156520551,0.000366310290090214,1.97720795798343,0,0,0.0108682185092169,0.000740699416074559,0.00167276412077907,0.000940470947522962,0.00239278117786589,0.00246334148854112,0.00557438786598319,0.0266318104279737,0.000673884160127688,0.000530873377555976,0.000908677573942905,0.0221794426141297,0.813082163084588,0.430145729185175,0,0.000405126323599569,0.0305140152469847,0.0187737502516646,0,0.00182097875329312,0.000349960521151937,0.014469757071246,0.00154050877323762,0.000356002878825232,0,0,0.00596741484510413,0.00125728831381828,0.00392755745767373,0.00491787894266033,0.000414903448337316,0,0,0,0,0,0,0,0,0.000326652114058596,0,0.0208517073425357,0.000185507502049693,0,0,0,0.00106289738159122,0,0,0,0,0,0,0,0,0,0.00577422141752213,0.000288442595592301,0.000297618390618244,0.000143719835750878,0.00018516432217492,0.00390175523253226,0.00111647929172468,0,0,0.00217295531131203,0.00113912160599205,0
0.000994838846882264,0,0.0256164721824621,0,0,0.000183246080842071,0.00114164361517631,0.000141853293226499,0.198317181929839,0.000462537302563097,0.018476446139831,0,0.0730220616289623,0,0,0.284930421559802,0.218333269420368,0.00133414321198972,0.0907438343844744,0.000672412940219502,0.00130178958895272,1.97713123951663,0.0045971810433632,0.263283501782223,1.87971937153716,0.123226146273421,1.14513421103458,0.0176214920870518,0.00343310481379604,0.00108544240482511,0.00611457858084944,0.000206078109127768,0.00167301227949085,0.129412392261941,0.00108422813427775,0.0946540002430138,0.223541389753995,0.344260715509849,0.143257963139318,0.000222979271214872,0,0.000202481411446288,0.0151407031323296,0.00547716603481246,0.0528863511366791,0.0322527900883923,0.000326564670575943,0,0.00056252358547014,0,0.133249188509042,0.000663941854209607,0,0,7.77412861189646e-05,8.59492633368958e-05,7.80433741652052e-05,0.00338846483993856,0,0.00238429195293415,0,0.00126785798869428,0.000417724980341923,0,0.00420895520052652,0.0158106052892225,0.00223923573058082,0.0239632015564644,0,0.000347757600118285,0.141050446363794,0.000598280081480941,0.00139946022061247,0.0482517059279375,0.025443822100341,0.0637830614153918,0.000167478148224234,0.000327464010007591,0.000236265540747878,0,0.000540989841497704,0,0.0100998427270033,0.00105791283563992
0.00850416746521018,0.0256164721824621,0,0,0,0.000143859088854589,0.0947156796313154,0.000523010713724647,0.00392476301985449,0.0045963384056963,0.00135742671319197,0,0.000555388291540528,0.00370919465429495,0,0.0144120905508415,1.54146904377565,0.00205001629120366,0.0299542392000777,0,0.33637380002329,0.00635750027656822,4.28708946503779,0.0338940888808871,0.000846849767232163,2.58972803173584,2.71349383019603,0.436884318934833,0.00648306696803944,0.302840621057181,0.000214599035128091,0.000232021190497977,0.00297056252282026,0.254512169272233,0.00274894765526857,0.131388115765066,0.0267949414130762,0.315463391255638,0.224999623473953,0.00547827068173979,0,0,0.00436417561855353,0.000755161715488684,0.00413758398375288,0.0078929858740194,0.00230204575707793,0.000135077611058059,0,0.000344185484249672,0.0154599616781367,0,0,0,0,0,0,0.00299074232889891,0,0,0,0,0,0,0.00122793936528992,0.00115048960902705,0,0.00100253652714801,0,9.4564543540056e-05,0.00354057544167255,0.000319445707501845,0.00132709019991557,0.00011581853145615,0.000718226892456049,0.013515468336958,0.0002613907353184,0.00165178059071496,0.000455676203998841,0,0,0,0.00103586935059951,0.00307010914326719
0.00143790642145216,0,0,0,0,0.0078338917570151,0.00576189983849071,0.00640113271846851,0.227000332610788,0.925088824639566,0.000155016328366325,0.793286256872946,0,0.00318100935642517,0,0,0,0.000109547211339461,0.00031810455220122,8.2140413749242,0,0.000180653193637565,0,1.23173876742869,0,6.81023201747832e-05,6.34160099450339e-05,1.96912553980831,0.00931885284154435,0,0.000191845625785015,0.000343055604510843,0.00158522711297195,0.00708932353736452,0,0.000277002209656539,0.000138836801612868,0.00146816774937911,0.000570655730379038,0,0,0,0.000369921013412468,0,0,0,0,0,0,0,0,0,0.367224631957128,0,0,0.000139226572378685,0,0.00412137866625756,0.00125014401902693,0,0.126330471489436,0,0.000204745723737447,0,0,0,0,0.000107241584321459,0.175583622474213,0,0,0,0.00255448566124583,0,0,0,0.00498810060861788,0,0,0,0,0,6.98339370366523e-05,0
0,0,0,0,0,0.399188346374824,0,0.000523287185474616,0,0,0,0,0,0,0.0014387365979081,0,0,0,0,0,0,0,0,0,0,5.31222345677759e-05,3.74307763201139e-05,0,0,0,0,0.707074288564247,0,0.000454208372227361,0,0,0,0.00122886542084455,0,0.177043141360018,0.278162923941725,0,0,0,0,0,0,0,0,0,0,0,0,0,0,0,0,0,0,0,0,0,0,0,0,0,0,0,0,0,0,0,0,0,0,0,0,0,0,0,0,0,0,0
0.000150674515247261,0.000183246080842071,0.000143859088854589,0.0078338917570151,0.399188346374824,0,0.0819316839769133,2.14489858983229,0.018027483436979,0.783857269885388,0.00276213887520555,1.20302006214926,0,0.0950225528136594,1.30485885619693,0,0,0.000591184470823063,0.00287905132154587,0.192047246766522,0,0,0,0.0224374499512266,0.00117946773257051,0.00152079120435971,0.00113153273389559,0.0697600634732308,0.531260946986586,0.000650681265962258,0,0.708137205530936,0.000800917545500824,0.0437484763012345,0.250912819792503,0.00057598208254489,0.000875554510354943,0.0276525771188771,0.00134372239300444,0.911224801131403,0.0747143400865279,0,0,5.99518680795275e-05,0.000245667639229249,0.000218329160829134,0,0,0,0,0,0,0,0,0,5.67958024647207e-05,0,0,0,0,0,0,4.79973732964544e-05,0,0,0,0,0,0,0,0,0,0.000334089636963741,9.69312178981984e-05,5.97216620189067e-05,0.000101410493014219,0,2.943375910463e-05,0,0,0,0,0,0.000525533349599996
2.40671592096375,0.00114164361517631,0.0947156796313154,0.00576189983849071,0,0.0819316839769133,0,0.327741160487007,0.0498541962870852,1.35141753139887,0.00451283355693251,0.0058152759889501,0.00139383282401048,0.951147303328958,0.000454565388141592,0.004283106040889,0.00945909434633954,0.000352574671627813,0.00429701247029306,0.00123461966559274,0.0217258801776233,0.00236695877096812,0.0469104758272802,0.769634492552211,0.00150785207071411,0.0160588984169136,0.0205613755131843,3.96002370712006,0.399226708841665,1.92478226959045,4.5928046742796e-05,0.00809975419428784,0.0728180492479348,0.13461613958175,0.000425292206801367,0.037441628638475,0.00420066830305239,0.0902773898688808,0.0409690414738865,0.000723940943016033,0.00191452093585912,0.000314647197110218,0.00188207008926733,0.000364527179815602,0.00264988061242224,0.0027071470694963,0.000435793910766331,0.000226944560963172,0,0.000234100768765094,0.000223597782548178,3.21601115937774e-05,0,0,0,0.000295950917600958,0.000595727094817612,0.0102811471230473,0,4.38550168286405e-05,0,3.59377101485214e-05,0.000384944120585569,0,0.000350042627668135,0,3.96444665518502e-05,0.000170218193674028,0,0,0.000164057949559926,0,0.00572292030222564,0.000344328277128048,0.000488187174408957,0.000657645001815089,0.000976251916832502,0.00240511175259083,0.0006016974634903,0,0,0.000461114101736007,0.000734077422752654,0.000257451758806239
0.130567304878288,0.000141853293226499,0.000523010713724647,0.00640113271846851,0.000523287185474616,2.14489858983229,0.327741160487007,0,0.0175995946798451,0.714820009281134,0.00419558196363186,0.109266294929698,5.75880242945428e-05,1.37388803006641,0.00712460643218656,0,0.000597832855710496,0.000255281572075267,0.00186985057514239,0.0480910760596025,0.000273754147297042,0,0.000431365108999377,0.0310805486705561,0.00087979705520185,0.00150091626496397,0.00146599175824934,0.0482170747448842,0.682216290971331,0.0134949893683758,7.683659449653e-05,0.0859377118697976,0.00398148383236651,0.0221971576548978,0,0.000653526179686075,0.000863848169367239,0.0168598698066969,0.00148634042778868,0.0968990630226685,0.000860418336283289,0,0.000222180911711452,0.000104917556106012,0.000581933402666885,7.1243725191344e-05,0,0,0,0,0,0,0,0,0,0,0,0.00237553610037601,0,0,0,0,0,0,0,0,0,0.000216861219589847,0,0,0,0,0.00218569691137033,0.000349996670084069,0,5.08235432404821e-05,0.000387378617105473,0.000344596433669344,3.25646300789453e-05,0,0,0.000256605545446171,0,0
0.0315140791157382,0.198317181929839,0.00392476301985449,0.227000332610788,0,0.018027483436979,0.0498541962870852,0.0175995946798451,0,0.183069687109155,0.00662413380649684,3.14738325783069,0.0342012091343967,0.0110277683652272,1.99387473050062,0.00862659238298925,0.00890515440785357,0.00055519363073598,0.00727347253180381,1.76399368892593,0.00144425534083275,2.44868948206887,0.00236238887214097,6.94128714247125,0.318970424509209,0.0146631818609282,0.0621057020679102,0.335737576874897,0.0729831653179205,0.0021569115346908,0.00806805395883441,0.00308965040589112,0.104327451766382,0.0699873501147061,0.000258505437397278,0.130307685187294,0.0257698961763705,0.0735937971449335,0.111186282026092,1.67236490618521,0.00252636873971067,0,0.0398444827707792,0.00186508964501349,0.0452184891922922,0.0389720109787106,0.0103855143469261,0.00254204959431957,0.000909237158807891,0.00391065101051056,0.000139485028854858,9.84887210497224e-05,0.0133937675723623,0,0.00137343305039839,0.0072787595665384,0.0106262259802693,1.97816980184934,0.00234945536727811,0.000398904911578843,0.0935733594204573,9.96292418438613e-05,0.00625518244703597,0,0.00204862580764263,0,0.000703158684197039,0,0.00637428101354104,0.000245497992868203,0.00422261295802427,6.25417045002716e-05,0.371782722903097,0.00212545170117619,0.00106281305594828,0.000746993078704963,0.0300410467371379,0.0395131272083064,0.00682023123102365,0.000700575987761749,0.000252212440974887,0.00745128692723084,0.0197279563619671,0.000518129610539369
0.00887065353795627,0.000462537302563097,0.0045963384056963,0.925088824639566,0,0.783857269885388,1.35141753139887,0.714820009281134,0.183069687109155,0,0.00460058384055456,0.668652069569362,0.000216808505011387,0.277510265941582,0.00182507245262689,0,0.000441987916674645,0.000728979503995517,0.00546428396406791,3.46401659307447,0.000735398986152381,0.0001307098418998,0.000574893766478278,0.171175575374787,0.000887852155383707,0.00294666311321121,0.00368287108690534,1.25527962750298,0.274929626570389,0.00350943039826393,0.000367143285090436,0.0105075901268476,0.0262037636126191,0.159423433299834,0.0283264925614446,0.00163750010072177,0.002278822498783,0.0761685221904496,0.00880992037086747,0.00570282397464181,0.00214110089319013,0,3.39216681969519e-05,0.000287381368202381,0.000310804455487829,0.000150583838645666,0,0,0,0,0.000250082208194682,0,9.62688351292965e-05,0,4.93226891145743e-05,5.61521149017967e-05,9.0945347220095e-05,0.00306934620475692,0.000287341730014278,0,0.000504646133185736,0,2.56648089052419e-05,0,0,0,3.61144968622851e-05,0.000205689969822753,0.000279282295457602,0,0,0,0.00343964878334287,5.80469065384675e-05,0.000277298868286664,0.000488865474915554,0.000673769914999681,0.000118921417644207,0,0,0,0,6.41138516756495e-05,0.000102078216033297
0.00190078944245822,0.018476446139831,0.00135742671319197,0.000155016328366325,0,0.00276213887520555,0.00451283355693251,0.00419558196363186,0.00662413380649684,0.00460058384055456,0,0.0023742755136784,1.8574620486558,0.00324470705990735,0.000181255757542284,0.00173836187729464,0.0015464717693216,0.470365018397917,2.00044640414485,0.0030022015075393,0.000787016806836432,0.0165210742605965,0.00254170279419779,0.0062601476427837,1.88046763683489,0.470878899463376,0.128656664974656,0.00438250270195434,0.0543703533689168,0.000938608590437916,0.0762483936675858,0.0168305343796975,0.000797343167050572,0.909848488227387,0.0016797546369089,0.145847554203903,0.67228745746163,1.20500798839328,0.0875390155811638,0,0.00266817200823965,0.026264541576789,0.00481527356960316,0.00374640535774363,0.0102539654269374,0.00640801899230765,7.99741289346802e-05,0,0.00018124200833336,0,0.00679847865287874,5.45163988807844e-05,0,0,4.60026925337993e-05,7.35928602439741e-05,9.17066722377121e-05,0.000388354240554201,0.000350340707338755,0.00146591183677916,0.000118728009320488,0.00115325174802889,0,0,0.000154483494797066,0,0.00247076253794674,0.00728335249783225,0,0,0.000369771484917839,0.000300199326415159,4.38607273861615e-05,0.0268826306035773,0.0135150379556055,0.0127245191495134,0.000111077483396969,0.000836352492662835,0.000202479636145841,0.000290234180158121,0,0,0.00303762682044425,0.000956222353427742
0.000395257156520551,0,0,0.793286256872946,0,1.20302006214926,0.0058152759889501,0.109266294929698,3.14738325783069,0.668652069569362,0.0023742755136784,0,0,0.0336083562077968,0.351742493952852,0,0,0.000433823435790839,0.00179308268837195,10.0546781911931,0,7.32767894820463e-05,0,0.62012509226195,4.7233724399667e-05,0.00122510821790566,0.00120218967870111,0.13479911964097,0.12843642311524,0.000398448763134776,0,0.00349538589295354,0.000319261578772134,0.0339045787309093,0.23255827611233,0.000742943560955124,0.000734512830399715,0.0254767982713178,0.000428917373301627,0.137168412502479,0.00177968605865586,0,8.57254327800948e-05,0.000142981478208522,0.000827366804451015,7.10994626301302e-05,0.000463450060260914,0,0,0,0,0,0.000227149053174587,0,0.000144705390100995,0.000142352553364745,4.802431800201e-05,0.00718228265658895,0.000129803083961514,7.53870570029441e-05,0.190426952409517,0,0.000149159574638553,0,0,0,0,0.00018169601168927,0.0161087593797433,0,0,0,0.00506307340833837,7.03015660108719e-05,0,3.73106057917458e-05,0.000789791191012287,0.000263266980391371,0,0,0,0,0.000258620366992387,0.00970457830808124
0.000366310290090214,0.0730220616289623,0.000555388291540528,0,0,0,0.00139383282401048,5.75880242945428e-05,0.0342012091343967,0.000216808505011387,1.8574620486558,0,0,0.000249837757416652,0,0.0190177743891912,0,0,0.00166850149591159,0.000263327824167514,0.00102497096053034,0.100084458259962,0.00260374852782775,0.0198759142675657,4.24428889996394,0.238633493605748,0.351184547435804,0.0025620189997888,0.0020304193298828,0.000242057474239639,1.259365107147,0.000519726070072553,0.000155298908265213,0.0133053868546397,0.000321516477507717,0.401830212265336,0.557950696881692,0.169614982717651,1.07949697161729,0,0.000972621176165769,0.740596035384738,0.00293538552834632,0.00217172249977263,0.00217714731073907,0.0018660143580955,0,0,0,0,0.00404432462996181,0.000306447821491161,0,0,9.64059405581218e-05,0,0,0.000876308588486511,0,0.000554027467382618,0,0.000253888283626314,0,0,0,9.61425037906321e-05,0.000218868279822015,0.0020286638769804,0,8.52544219975271e-05,0.00158387570711018,0,0.00020857896054058,0.0130660135642399,0.0032127188440625,0.00330878181077035,0,0.000259058040769568,0.000347029630902209,0.000840379681248791,0,0,8.04773886775301e-05,0.000156208655234123
1.97720795798343,0,0.00370919465429495,0.00318100935642517,0,0.0950225528136594,0.951147303328958,1.37388803006641,0.0110277683652272,0.277510265941582,0.00324470705990735,0.0336083562077968,0.000249837757416652,0,0.000467632503858569,5.09093932813411e-05,0.00145301448993346,0.000178717984653556,0.00177700481740388,0.016674202548678,0.00106321613075,0.000388031391186803,0.00222509455100537,0.0181668771115471,0.0007061222580567,0.00181769567569884,0.00158680429538219,0.0380037574941973,1.56900845497607,0.118009558582035,0,0.0724313727287512,0.00115438092543048,0.0263445732323058,0,0.000228087373060325,0.00103555589381735,0.0197166862815507,0.00109451559368049,0.00171798565028919,0.00015104537457184,0,0.00152054471225334,0.000252854702046165,0.00246713306660349,0.00184077775742152,0,0,0,0,0.000201085854092402,4.51950127601831e-05,0,0,0,0,3.90896150339664e-05,0.00376549954085442,0,0,0,0,0.000108297259593754,0,0.000163786905016422,0,0.000169953390661694,9.86571279024788e-05,0,0,3.59989934516644e-05,0,0.00227291439973169,0,0.00019861694083549,0.000147617116679169,0.000309395401126555,0.00248005691496689,0.000631524884554354,0,0,0.000494120352291509,0.00171426310465627,0
0,0,0,0,0.0014387365979081,1.30485885619693,0.000454565388141592,0.00712460643218656,1.99387473050062,0.00182507245262689,0.000181255757542284,0.351742493952852,0,0.000467632503858569,0,0,0,0,0.000201874479340102,0.00304778439746057,0.000609611265809802,0,0.000564997988883827,0.00319856315510311,0,0,0.000581806476720155,5.05856092196779e-05,0.0154726037223497,0,0,0.000929802776364709,0,0.00157825890451835,0.0437667771414418,0.0143436150448251,0.00580078520001339,0.00464970846169969,0.00334142604819192,0.235858706636259,0,0,0,0,0.000537800917464446,0.000215726698555872,8.89761308156597e-05,0,0,0,0.000200417043830465,0,0,0,0,0,0,0,0,0,0,0,0,0,0,0,0,0,0,0.000831138000288931,0,9.00267024576528e-05,0,0,3.98170051618338e-05,0,0,0,0,0,0,0,0,0.00144585393083152
0,0.284930421559802,0.0144120905508415,0,0,0,0.004283106040889,0,0.00862659238298925,0,0.00173836187729464,0,0.0190177743891912,5.09093932813411e-05,0,0,0.0251896793939018,0,0.00550686831201885,0,0.593878338027454,3.73101192786306,3.63077722624935,1.2722963802759,0.141299868912518,0.0109824302161353,1.19810383077521,1.22825241192404,0.00133590958428646,0.0260764944316929,0.00269058339448009,0.000234144957685801,0.00370768734617125,0.0847763600591241,0.00831339920703184,0.503779566153134,0.226327043957548,0.197290346108996,0.22271280828378,0.0282160799700578,0.00173846851276877,0.00120809160484834,0.207411130556831,0.0332106273733693,0.0840453878187815,0.0762095414509165,0.0195838132276794,0.000260664497864559,0.00113334973128664,0.00878241021793377,0.0025186354655755,0.000808741302074818,0,0,0,0.00344424987566047,0.00231579558763339,0.137184614648058,0,0.000104837255657817,0,0.00109951361084102,0.00466026644370711,0,0.993519100878879,0.00141832342273531,0.00013343231539326,0.000659793107698299,0,0.0203069546839101,0.425012077039081,0.0163768439511905,0.13261206882058,0.000223688886940931,0.00087900231410435,0.0103220693651423,0.0448809718860572,0.0301294573936018,0.0887761683358188,9.15458149211216e-05,0,0.00992853414011281,0.0280169032493723,0.0067865535229527
0.0108682185092169,0.218333269420368,1.54146904377565,0,0,0,0.00945909434633954,0.000597832855710496,0.00890515440785357,0.000441987916674645,0.0015464717693216,0,0,0.00145301448993346,0,0.0251896793939018,0,0.00314704814194636,2.11860875873157,0.000114588626316137,0.0194659908811292,0.0174186623924387,0.723450539870154,0.0287364934761523,0.0023740432317947,0.627405942801913,0.528789353278714,0.024429042738192,0.00681497225133398,0.0731866341407154,0,0.000138764421104168,0.000981102486824568,0.339878655259175,0.000563520458247808,0.0431448905611175,0.0225628187104792,0.0638967058041268,0.0359838531713261,0.00010430104127521,0,0,0.00581236073562121,0.00117156719250138,0.00890580366342711,0.00781541771311468,8.84628400600234e-05,0,0,0,0.0558686888106489,7.12782624757644e-05,0,0,0,0,7.39293508175863e-05,0.00150367977331987,0,0,0,0,8.37548919454707e-05,0,0.00192648546629332,0.00488137678938847,0,0.00116088988697972,0,0,0.00797704221698009,0.000389794234665481,0.00195030616126098,0,0.00320590568624622,0.0186038718404113,0.000285547264819663,0.000166942047845529,0.000168406213509175,0,0,0,0.00421202093788631,0.000532970883741334
0.000740699416074559,0.00133414321198972,0.00205001629120366,0.000109547211339461,0,0.000591184470823063,0.000352574671627813,0.000255281572075267,0.00055519363073598,0.000728979503995517,0.470365018397917,0.000433823435790839,0,0.000178717984653556,0,0,0.00314704814194636,0,0.662496860841914,0.000177240332244907,0,0.00175254730326684,8.25811418979422e-05,0.000278651586589446,0.00474733934976273,0.615543425972954,0.0102667510268037,0.00041303223918142,0.00560176696167802,0.000111995969082276,0,0.00203009074878704,0,0.046455802282259,0,0.00132676198948433,0.0269997247139107,0.0593652858426285,0.0209032747113886,0,0.000202138296020393,0,0.000260203291217514,0.000751680897115462,0.00182988474179448,0.000516013622212541,0,0,0,0,0.000678432624603209,0,0,0,0,0,0,0,0,0,6.63602931857926e-05,0.000846913187273099,0,0,0,0,0.000111363888150056,0.000462128869147323,0,0,0,0,9.80688740798144e-05,0.0029470553676955,0.00132404586071791,0.00116153998541301,0,0,0,0.000525659980999293,0,0,0.00020349549555318,9.40264463264472e-06
0.00167276412077907,0.0907438343844744,0.0299542392000777,0.00031810455220122,0,0.00287905132154587,0.00429701247029306,0.00186985057514239,0.00727347253180381,0.00546428396406791,2.00044640414485,0.00179308268837195,0.00166850149591159,0.00177700481740388,0.000201874479340102,0.00550686831201885,2.11860875873157,0.662496860841914,0,0.00325651067810498,0.000514109246199331,0.0077114122673809,0.00690341720639241,0.00938247687370972,0.0124906594904742,1.6013373602623,0.146768996759965,0.00344474410154518,0.0303772214937161,0.00304366759968944,0.00231810376787236,0.00517960490665959,0.0009105690061781,1.03753994676672,0.000373321850594877,0.0107845907766885,0.102959977952669,0.632890508768694,0.122118317262218,0.000724064449509692,0.00467202969734484,0,0.00604494493698706,0.00428504549218763,0.0220451156165558,0.0121708764993574,0.000177830349722382,0,0,0.000309376835028546,0.0374786629249237,0,9.59870608518319e-05,0,0,0.000165688395246232,0.000112857136079975,0.000412771432175636,0,0.00105713623648336,0.000331882957204878,0,0.00028804847008037,0,0.00116229911498,0.00196031187947041,0.00195097886584186,0.0172513656898464,8.21283337903897e-05,0,0.000105311327047177,0.000250118159419001,9.11398784621369e-05,0.00879561509588133,0.0155490134375174,0.0177653513504117,5.36756840230179e-05,0.000222042751383007,0,0,0,0,0.00570882895935013,0.000137850653641389
0.000940470947522962,0.000672412940219502,0,8.2140413749242,0,0.192047246766522,0.00123461966559274,0.0480910760596025,1.76399368892593,3.46401659307447,0.0030022015075393,10.0546781911931,0.000263327824167514,0.016674202548678,0.00304778439746057,0,0.000114588626316137,0.000177240332244907,0.00325651067810498,0,0,0,0,0.462504175584998,0.000409961901525741,0.000753078675163216,0.00100802455225932,0.690355024845542,0.0742056095615721,0.000132605298096488,0,0.00459164148714834,0.00202943755244078,0.0378249600459441,0,0,0.00156303853259397,0.0305499697476279,0.000542526928039081,0.00932897132196249,0.00230792507522565,0,0,0.000218911749962289,0.00010347024738442,0,0,0,0,0,0.000316509402125603,0,0,0,0,0,0,0.00127203685779136,0,0,0.020885260472595,0,0,0,0,0,0,0.00018814673616919,0.0244190920561469,0,0,0,0.00215001791857785,0,0,0.000158913728770891,0,0,0,0,0,0,5.85362752073158e-05,0
0.00239278117786589,0.00130178958895272,0.33637380002329,0,0,0,0.0217258801776233,0.000273754147297042,0.00144425534083275,0.000735398986152381,0.000787016806836432,0,0.00102497096053034,0.00106321613075,0.000609611265809802,0.593878338027454,0.0194659908811292,0,0.000514109246199331,0,0,0.0221904442593998,5.8325093016162,0.0314753329407528,0.00180619642974,0.0059268713458948,0.0299312008959129,1.41954158527993,0.00355395210901524,3.06232775771244,0.000148101529052072,0.000949090482439822,0.000544004713490532,0.663605661334921,0.0191057945497321,0.858192005402043,0.0946887954568112,0.488701634951067,0.34821484484853,0.0786532701142228,0.00161832377549263,0.000263282763291685,0.0160615776217972,0.00374889798815123,0.00707499842550582,0.0136289280215395,0.00111304350908347,5.41454316114716e-05,8.57972211230889e-05,0.00124531024913165,0.00016962536949437,0,0,0,0,0.000331588005517457,0.000165774186165136,0.00783765648895658,0,6.6907813230572e-05,0,8.80891036060122e-05,0.000234438027234359,0,0.0157339309192928,6.05050782613399e-05,0.000209508248061023,5.75850423199264e-05,0,0.00163235512121017,0.00598622922689921,0.000835187081253463,0.00825358329962741,0,2.69464205250309e-05,0.00133506709724073,0.00383749567918459,0.00222523916322405,0.00615060273764874,0,0,0.000338266563753036,0.00165236161890623,0.0120003568365972
0.00246334148854112,1.97713123951663,0.00635750027656822,0.000180653193637565,0,0,0.00236695877096812,0,2.44868948206887,0.0001307098418998,0.0165210742605965,7.32767894820463e-05,0.100084458259962,0.000388031391186803,0,3.73101192786306,0.0174186623924387,0.00175254730326684,0.0077114122673809,0,0.0221904442593998,0,0.22235698406504,2.59822108837903,0.903363469649514,0.0272147985325404,0.425446783911135,0.121415645674164,0.00844560496940957,0.00751991907896712,0.0107995329673714,0.000560289277758718,0.00970882488877548,0.0319331467834953,0.00101132964244871,0.0910299214624906,0.0472384452053259,0.0821590203354796,0.0641144085431791,0.0034345439279119,0,0.000697170975228801,0.0821569826305372,0.00777319748363388,0.036086058756268,0.0281877063111267,0.00530226554065787,0,0,0.00383895950581816,0.00395387402549191,0.000525173507417223,0,0,3.55260583688849e-05,0.000950895524333244,0.000357570259725021,0.230669452753863,0,0,0,0,0.000935796333743849,0,0.300803147774185,0.00184187144200914,0,0.000986022672926894,0,0.00480344906846834,0.384781434792523,0.0028652961077695,0.0489716392781763,0.000745134798036923,0.000548801450341101,0.015492823519949,0.0144616736680042,0.00974018992157278,0.0232067568889401,0,0,0.00439203255970006,0.0100542978722371,0.00107112331803679
0.00557438786598319,0.0045971810433632,4.28708946503779,0,0,0,0.0469104758272802,0.000431365108999377,0.00236238887214097,0.000574893766478278,0.00254170279419779,0,0.00260374852782775,0.00222509455100537,0.000564997988883827,3.63077722624935,0.723450539870154,8.25811418979422e-05,0.00690341720639241,0,5.8325093016162,0.22235698406504,0,0.0626005747615023,0.00246045863322448,0.118517064148304,1.66822443009264,0.687034710434013,0.00555073518401894,0.830008439584164,0.000171731081452356,0.000638863497990454,0.00128816881610788,0.653220530086748,0.0427793092483496,1.12375739751377,0.226152780664414,1.48669371458405,0.883133679099622,0.159559732292169,0.00308224450089984,0.000829336297573091,0.0212266395943935,0.0126845079261571,0.0220102022946709,0.0292197636287603,0.00453644448842011,0.000490694466443467,0.000610466235298063,0.00102454207502326,0.000728256152454343,0.000166892570883514,0,0,0,0.000496050983016513,2.37222554590009e-05,0.00332007650570855,0,7.16694413166424e-05,8.04405601590461e-05,9.2193535512372e-05,0.000312808720394,5.74538323594971e-05,0.031934155859473,0.000234803043101875,9.98645294624269e-05,0.00046313393630894,0,0.00217568818180779,0.0128155180695313,0.00500070060795908,0.00314972828624469,0.000286630424614,0.000552823121775096,0.00472650122904542,0.00113990842754085,0.00163017445652421,0.00351061634606671,0,0.000150902713522055,0.000104155977035669,0.00186582985531138,0.037218346107682
0.0266318104279737,0.263283501782223,0.0338940888808871,1.23173876742869,0,0.0224374499512266,0.769634492552211,0.0310805486705561,6.94128714247125,0.171175575374787,0.0062601476427837,0.62012509226195,0.0198759142675657,0.0181668771115471,0.00319856315510311,1.2722963802759,0.0287364934761523,0.000278651586589446,0.00938247687370972,0.462504175584998,0.0314753329407528,2.59822108837903,0.0626005747615023,0,0.179031615778082,0.0268347690796108,0.288332489554094,3.91837347343434,0.133991482309945,0.0208254082931867,0.00220902272053628,0.00457292114264899,0.0949354984130529,0.159019490705695,0.00154754363129296,0.285741744294182,0.0649660602152174,0.141179361211005,0.152639498137707,0.00569756432439269,0.000938718251477961,0.000433726123800427,0.0843849850747261,0.00518970465847756,0.0630462523861072,0.0548414231644958,0.00909651496505193,0.00218646511481544,0.000942347003842233,0.0120453824583357,0.000959364361635559,0.00033635215779565,0.00066637796611535,0,0.00177972925036031,0.00802534241807812,0.0082811069271783,0.480975976838236,0.000888843944561889,0.00111232589285739,0.0064561045242842,0.000759575707492216,0.00948266780195417,0,0.0762500083314505,0,0.000159430686834477,0.00148243887700812,0.000772372631392466,0.00272407834859324,0.0371835746576775,0.00238423671421004,0.202199834180422,0.000614736921260801,0.00138080324212973,0.00424557917216901,0.0285667386200389,0.0798448894555454,0.0292868289731282,6.73692331893561e-05,0.000907446422487171,0.0108097677042893,0.0401472567411584,0.00130208046659466
0.000673884160127688,1.87971937153716,0.000846849767232163,0,0,0.00117946773257051,0.00150785207071411,0.00087979705520185,0.318970424509209,0.000887852155383707,1.88046763683489,4.7233724399667e-05,4.24428889996394,0.0007061222580567,0,0.141299868912518,0.0023740432317947,0.00474733934976273,0.0124906594904742,0.000409961901525741,0.00180619642974,0.903363469649514,0.00246045863322448,0.179031615778082,0,1.35107919883834,0.766372118864273,0.00795717083926691,0.0117455071166633,0.000904007241955794,0.789387183815933,0.00232285521850696,0.00145080998624518,0.0670333465324715,0.000647845486543073,0.12257484085962,0.478528112445462,0.19230112616644,0.0834787538941382,0.00013561278228382,0.000879813852955158,0.218021142690884,0.0196843096395932,0.023938791523312,0.100934237141242,0.0618417597382195,0.000539928717614369,0,0,0.000199409589107971,0.0940815780191863,0.000291393746175888,0,0,0.000373084533103345,0.000774439364409863,0.000267037071626698,0,0.0005816559376788,0.0206051136628787,0.000242984378932328,0.01459435864966,0.000456381999616623,0,0.000456497925598823,0.00213424483972414,0.0135956487494966,0.0656086528625122,0.00106930804345989,0,0.00633822688598809,0.000441253303089255,0,0.38449829712741,0.0808099103527311,0.0804808892294953,0.000708234613251259,0.00112459717406246,0.000282295265267148,0.0174700268436577,0.00016185743820934,0,0.0203715762960773,0.000548392077240399
0.000530873377555976,0.123226146273421,2.58972803173584,6.81023201747832e-05,5.31222345677759e-05,0.00152079120435971,0.0160588984169136,0.00150091626496397,0.0146631818609282,0.00294666311321121,0.470878899463376,0.00122510821790566,0.238633493605748,0.00181769567569884,0,0.0109824302161353,0.627405942801913,0.615543425972954,1.6013373602623,0.000753078675163216,0.0059268713458948,0.0272147985325404,0.118517064148304,0.0268347690796108,1.35107919883834,0,2.87295227119893,0.0345990796841753,0.0221161927038058,0.0162071787520397,0.405594878248628,0.002588566137128,0.000361778631448578,0.141918986748054,0.00245579739449448,0.118657202119596,0.225046087554957,0.249425154749746,0.0805995765516355,0.000131881726773772,0.000314144307205907,0.000524400994819398,0.0179987031064458,0.0239183315113823,0.0784288814976683,0.0318508000984505,0.000844369962562656,0,0,0,0.0400505126121496,0.000663980759999937,2.25880316268088e-05,0,0.000789576537546343,0.000182402766843877,0.000211615486751445,0.000804327836982384,0.000792776367093614,0.00728628859875632,0.000392469739425527,0.00578694244052339,0.000278372164891909,0,0.00036601207546348,0.0025958712823174,0.00804092436156563,0.0343260510073256,0.000328633411464203,0.000107344233952165,0.000627854017634776,0.000750436216907582,0.000534184426622081,0.047299154348928,0.106155765237545,0.0852828157530995,0.000694921560517438,0.00154746119018252,0.00027077534878121,0.00655263761009783,0.000211899869763944,5.85486127413267e-05,0.0208218286686885,0.00202872866320621
0.000908677573942905,1.14513421103458,2.71349383019603,6.34160099450339e-05,3.74307763201139e-05,0.00113153273389559,0.0205613755131843,0.00146599175824934,0.0621057020679102,0.00368287108690534,0.128656664974656,0.00120218967870111,0.351184547435804,0.00158680429538219,0.000581806476720155,1.19810383077521,0.528789353278714,0.0102667510268037,0.146768996759965,0.00100802455225932,0.0299312008959129,0.425446783911135,1.66822443009264,0.288332489554094,0.766372118864273,2.87295227119893,0,0.324694988354765,0.0220995102469737,0.0145370068754279,0.155898180561821,0.00182263914383055,0.00099033744558177,0.649764331527445,0.0178316729518452,0.60554769341754,0.331367851033972,0.972664104882307,0.556705082604715,0.00912016234436975,0.00114304446243309,0.000390387202246929,0.0479661906472414,0.0249771343689981,0.104421217119159,0.0558727557515924,0.00336101398599032,0.000259304261154588,0.000144058398191113,0.000501383994886506,0.0901967507688744,0.000880861910093763,0,0,0.000694967603740215,0.000730623191891298,0.000704857360999223,0.00902795948824286,0.000555064239152937,0.00555717068971635,0.000428623215169092,0.00590761553696803,0.000917814091194977,8.47284488965827e-05,0.125966150324109,0.00975962713428497,0.00575313265647831,0.0372184452291075,0.000273224812297129,0.00317196209752295,0.0882416990260567,0.0186767547613618,0.0153136329961268,0.0653529226417052,0.0800098904219831,0.20369273741058,0.0041017785412268,0.00537265504720537,0.0054664805707466,0.00207838557948687,2.71172203972986e-05,0.000189946538901392,0.0285985461993796,0.0218438988004368
0.0221794426141297,0.0176214920870518,0.436884318934833,1.96912553980831,0,0.0697600634732308,3.96002370712006,0.0482170747448842,0.335737576874897,1.25527962750298,0.00438250270195434,0.13479911964097,0.0025620189997888,0.0380037574941973,5.05856092196779e-05,1.22825241192404,0.024429042738192,0.00041303223918142,0.00344474410154518,0.690355024845542,1.41954158527993,0.121415645674164,0.687034710434013,3.91837347343434,0.00795717083926691,0.0345990796841753,0.324694988354765,0,0.157371896310344,2.47530569179542,0.000217296129084524,0.00688409098886544,0.0883085920249629,0.34593287209913,0.00936834622417695,0.659674955613276,0.0786176443572747,0.284419071247352,0.286820629256409,0.0211608122921242,0.00260156458823158,0.000895908530991987,0.0484641738632051,0.00477156776098274,0.0242372749061216,0.0279102481840867,0.00381525141851999,0.000439558271648752,0.00034976311764684,0.00488375384338454,0.000698087892655985,3.74448676717801e-05,7.63336370862783e-05,0,9.74477242370111e-05,0.00150361418180235,0.00154443418383356,0.0977193162816648,0.000158503023606889,0.000490398956524837,0.000252718446648301,5.09455254779922e-05,0.0030117074671435,0,0.021112606515991,7.85679483523045e-05,0.000404929881442005,0.000803995662197513,0.000111153382938271,0.00149550656041394,0.0103473909744981,0.00119328641533614,0.037503148617552,0.000689970625172524,0.000879877488598784,0.0027446661104502,0.0107173447469653,0.0369892036381127,0.0193361092209025,0,7.67009900311689e-05,0.0064968503286723,0.0162325996040412,0.005159072736155
0.813082163084588,0.00343310481379604,0.00648306696803944,0.00931885284154435,0,0.531260946986586,0.399226708841665,0.682216290971331,0.0729831653179205,0.274929626570389,0.0543703533689168,0.12843642311524,0.0020304193298828,1.56900845497607,0.0154726037223497,0.00133590958428646,0.00681497225133398,0.00560176696167802,0.0303772214937161,0.0742056095615721,0.00355395210901524,0.00844560496940957,0.00555073518401894,0.133991482309945,0.0117455071166633,0.0221161927038058,0.0220995102469737,0.157371896310344,0,1.20219291880828,0.000849535500556592,0.352638333213083,1.25694396766904,0.853791150584732,0.000294902792254699,0.0100546504061194,0.0109754845498305,0.354986933958927,0.0235265496093485,0.0848943086296481,0.00953502983280439,0,0.0163551925214768,0.00121408175164742,0.0136905702485411,0.0133218872276532,0.00229964550937421,0.000704814218278366,0,0.00228115011583971,0.00126464964929312,0.000136446316157182,0,0,0.000190495476868703,0.00102335002009894,0.000755042440821869,0.0493737047357502,4.72161656962628e-05,0.000332365921010886,4.17804977094136e-05,9.81371259677066e-05,0.00186427353426916,0,0.000132732495320529,4.01255733556197e-05,0.000407030019396493,0.00146412149083405,0,7.09205804626896e-05,0.000203545467500916,0.000223894280530296,0.0174186489745343,0.00306098566062155,0.00270253799306088,0.00243219181959746,0.00319094965598424,0.0199059060920424,0.00591897842512347,0,0.000152150463208505,0.00690916127809309,0.00832584920215592,0.000196236374724582
0.430145729185175,0.00108544240482511,0.302840621057181,0,0,0.000650681265962258,1.92478226959045,0.0134949893683758,0.0021569115346908,0.00350943039826393,0.000938608590437916,0.000398448763134776,0.000242057474239639,0.118009558582035,0,0.0260764944316929,0.0731866341407154,0.000111995969082276,0.00304366759968944,0.000132605298096488,3.06232775771244,0.00751991907896712,0.830008439584164,0.0208254082931867,0.000904007241955794,0.0162071787520397,0.0145370068754279,2.47530569179542,1.20219291880828,0,5.57605700649217e-05,0.00222596726565427,0.420022802988586,0.253086443605319,0.00103303884859035,0.0674335830531635,0.00424735850251582,0.124312956802037,0.0684447537437623,0.00575487619019392,0.0012655711012692,9.73940067544588e-05,0.01057888255241,0.00177698639433202,0.00385362491377363,0.00337004300106028,0.000348817818642187,0,3.25486645189818e-05,0.00158597209285357,0,0,0,0,0,0.00051411702549502,6.50205621995604e-05,0.00954624986345479,0,0.00015478772655892,0,0,0.000475508773518828,0,0.0034474571406173,0.000236187812008963,0,7.73863091601637e-05,0,0.000253015596055243,0.000961563269571771,0.000241630336844209,0.00620657870578552,8.26032192540044e-05,8.22035448070758e-05,0.000296398659572691,0.00309767501924083,0.00381350632876109,0.0041316677488753,0,0,0.000422494240354928,0.00251873985617075,0.000889465863996455
0,0.00611457858084944,0.000214599035128091,0.000191845625785015,0,0,4.5928046742796e-05,7.683659449653e-05,0.00806805395883441,0.000367143285090436,0.0762483936675858,0,1.259365107147,0,0,0.00269058339448009,0,0,0.00231810376787236,0,0.000148101529052072,0.0107995329673714,0.000171731081452356,0.00220902272053628,0.789387183815933,0.405594878248628,0.155898180561821,0.000217296129084524,0.000849535500556592,5.57605700649217e-05,0,0.000296466913819182,0,0.00683205616947459,0.000218468371630277,0.0241613506615324,0.0770664405523267,0.034135633838305,0.0118063170747581,0,0,0.00106227445052514,0.000288651268759007,0.000963919426163275,0.00247395244830427,0.00107730710180814,0,0,0,0,0.00125049179426975,0,0,0,0,0,0,0,0,0,0,0,0,0,0,0,0.00123736632944606,0,0,0,0,0,0,0.00234259222195191,0.00160273751712572,0.000487139892475048,0,0,0,0.00149166613897395,0,0,0,6.36951485823018e-05
0.000405126323599569,0.000206078109127768,0.000232021190497977,0.000343055604510843,0.707074288564247,0.708137205530936,0.00809975419428784,0.0859377118697976,0.00308965040589112,0.0105075901268476,0.0168305343796975,0.00349538589295354,0.000519726070072553,0.0724313727287512,0.000929802776364709,0.000234144957685801,0.000138764421104168,0.00203009074878704,0.00517960490665959,0.00459164148714834,0.000949090482439822,0.000560289277758718,0.000638863497990454,0.00457292114264899,0.00232285521850696,0.002588566137128,0.00182263914383055,0.00688409098886544,0.352638333213083,0.00222596726565427,0.000296466913819182,0,0.00241066434834091,0.465330537283872,2.03457564386372e-05,0.000583789325779828,0.00370377481865715,0.235999476083404,0.00224544807184292,0.412152052490592,0.608507107082471,0,7.34653572186327e-05,0.000188022697523258,0.000225054675305372,0.00241308568540696,0,0,0,0.000508057087382469,0.000599494476942054,0,0,0,0,0,8.74976395216515e-05,0.000857174585262811,0,0,0,0,0.000109170918128783,0,0,0,0,0.000740038214827366,0,0,0,0,0.000464298516721449,0.00130936301047497,0.000248985728166018,0.000355074814795296,0,0.0002056142130574,0.000130596868651387,0,0,0,9.40610214281868e-05,0
