0,0,0.0104202766213201,0.00108843787453695,0.00199947721902641,0.00841894252373372,1.78193108918389,0.0463488608409942,0,0.0053636254520012,0.000321365288961345,0.00011338391634981,0,2.68888315615977,0,0,0.0369228459353401,0,0.00241435341842652,0.00171250506676342,0.00539548264419227,0,0.0171185569764523,0.000471054262252243,0,0.00276819430087891,0.000723348547375349,0.0201902246948937,0.751410207544049,0.36643289253045,0,0.0197561614982493,0.0188721258874141,0.054614559313543,0.00017600662821543,0.00399774041664553,0.00107568160469459,0.0345141766359597,0.0129225231186141,0.000490200269641348,0.00232049703304527,0,8.24423912433783e-05,0,0,0,0,0,0,0,0,0,0,0,0,0,0,0,0,0,0,0,0,0,0,0,0,0,0,0,0,0,6.3944005190897e-05,0,0,0,0,0,0,0,0,0,0,0
0,0,8.25755814198754e-05,0,0,0,7.51679021213938e-05,0,0.255011069321637,0,0.0043044135812862,0,0.084855754451255,0,0,0.170545282121341,0.000750338775800784,0.000509185047604319,0.00383708628066962,0,0,1.47911439639285,0.000129857144612677,0.0450519659511672,3.3480367225513,0.0024673687785229,1.10631189876097,0.000503066998751072,0,4.63446129410584e-05,0.00023841306660838,0,0,0.000877813426913687,1.19130358485616e-05,0.000270487966745059,0.0334702850777146,0.0119002309601329,0.00282704522920016,0,0,0.0704152194040574,0.0002710985923098,0.00110919929837722,9.43734266321741e-05,0,0,0,0.0194995230369181,0,0.309302232142403,0,0,0,0,0,0,0.00969529395706016,0,0.000104095817396663,0,0.0125554887164524,0,0,0.000982030569175034,0,0,0,0,0,0.284772370931354,0,0.00167274789669798,0.109108546898646,0,0.0109927370341892,0,0,0,0,0,0,0.000144190491299509,0
0.0104202766213201,8.25755814198754e-05,0,0,5.67434518179979e-05,0.000304684650644909,0.0468224801925994,0.00478796142399128,0,0.00032217180783284,0.00277287818004252,0,0.00205264460156044,0.00629371078048373,0,0.0569760099434187,1.20029213167927,0.00225415753847179,0.0522651872821327,7.10506631121819e-05,0.333283803576636,0.000270196751708134,3.48670873210045,0.0238260283774833,6.78584481826252e-05,1.6018416478062,1.88932314231359,0.202790229459059,0.000982889860667129,0.0841169441174122,0.000236262107786484,0.000373004115572994,0.000379304654443505,0.057856937794481,0.000679812135605944,0.0158010773335851,0.452994138608545,0.147225849150975,0.0230238390056187,0,0,0,0.0003796143484932,0,0,4.788667543415e-05,0,0,0,0,0.000289265561390009,0,0,0,0,0,0,0,0,0,0,0,0,0,0,0,0,0,0,0,0.000386930246286499,0,0,0.000206968710260132,0,0,0,0,0,0,0,0,0,0.000131817285590962
0.00108843787453695,0,0,0,0,0.00443317210437119,0.0100730226134741,0.001346537587438,0.0840993125801867,1.30810185255012,0,1.2637370537367,0,0.000960555698599954,0,0,0,0,0,7.74791715185187,0,0,4.41717654487883e-05,1.80814982605494,0,0,0,2.32045035413423,4.96858669369418e-05,0,0,0.000301425378861013,0,0,0,0.000102118383351209,0,0.000187801144881376,0.00100646405024395,0.000169941558381553,0,0,0,0,0,0,0,0,0,0,0,0,0.336044762969409,0,0,0,0,0.0028310699537188,0,0,0.000100677798274038,0,0,0,0,0,0,0,0.000385791952154144,0,0,0,0.00332242745496314,0,0,0,0.000116275173447492,0,0,0,0,0,0,0
0.00199947721902641,0,5.67434518179979e-05,0,0,0.646891274133414,0.00169578461050223,0.0741979159173144,0,0.000558423129472957,0,0.000226386583536043,0,0.00213645949849126,0.0180224346764948,0,0,0,0,0.000826208318141997,0,0,5.74681857671211e-05,0,0,0,0,0.000437883207576798,0.0380407013417128,0.000687373555907257,0,2.17250801307643,0.00175779920794615,0.510604369640201,0,0.0020567350605225,0,0.0465354071693472,0.00103732818058414,0.815309750151267,1.28132002345873,0,0,0,0,0,0,0,0,0,0,0,0,0,0,0,0,0,0,0,0,0,0,0,0,0,0,0,0,0,0,0,0,0,0,0,0,0,0,0,0,0,0,0
0.00841894252373372,0,0.000304684650644909,0.00443317210437119,0.646891274133414,0,0.0349340952006615,1.28130086627036,0.00277368857268679,0.741045326532294,0.00020373955040871,1.07403463685324,0,0.0558936242468794,1.19933094377611,0,0.000587292209476765,0,0,0.568770422597555,0.000282449939967342,0,0.000436863052818264,0.0111871936990443,0,0.000104474521742728,0.000104878052713476,0.023598815696316,0.0876331220993045,0.00319617279874062,0,0.284624026263026,0.00306730444682742,0.130024056225049,0.210484022279214,0.00338909000315797,0,0.0422893396860465,0.00253647390712945,1.0537175715656,0.062608177429828,0,0,0,0,0,0,0,0,0,0,0,0,0,0,0,0,0,0,0,0,0,0,0,0,0,0,0,0,0,0,0,9.15541074860611e-05,0,0,0,0,0,0,0,0,0,0,0.000240981393984645
1.78193108918389,7.51679021213938e-05,0.0468224801925994,0.0100730226134741,0.00169578461050223,0.0349340952006615,0,0.379163156756506,0.00226922691070364,2.01239484847021,0.000660288090561433,0.00115082295019672,0.00012765798847993,0.690978430959711,0.000160965019168011,0.000692017660344767,0.0353636248536654,0.000126822627980549,0.00159036986370324,0.0118746842794449,0.0516781955981005,0,0.0527228414767406,0.0457118190422974,0,0.00800051875953336,0.00310762764306176,2.93958699744713,0.173187560070684,1.28004720607238,0,0.0159771087572851,0.0261096679303318,0.0635863884109784,0.00127302745195187,0.0406272940819585,0.00818253751462452,0.0740609569914788,0.0695295901600892,0.00030674912574385,0.00193540359888292,0,0.000143192876224038,0,0.000112519748467671,0,0,0,0,0,0,0,0,0,0,0,0,0.000829096045958841,0,0,0,0,0,0,0,0,0,0,0,0,0,0,0.000661879544146941,0,0,0,0.000141390026400636,0,0,0,0,0,0,0.000102620036578469
0.0463488608409942,0,0.00478796142399128,0.001346537587438,0.0741979159173144,1.28130086627036,0.379163156756506,0,0,0.514331158412758,0.000217685582499154,0.00393713564152597,0,2.5325669331132,2.9753354367467e-05,0,0.00714539162865455,0,0.000341837476156867,0.0186064620612478,0.00200481147735775,0,0.00604576540817223,0.00293578310602485,2.56149443676526e-05,0.00123051561183909,0.000517298711543297,0.0528656766972816,0.061643065229205,0.0246795447423414,0,0.034404350886051,0.00124706540666715,0.0538852613128957,0.000864987653095749,0.00242024210026262,0.000204139786437068,0.0184156438859656,0.00453717605063286,0.00290883086292782,0.00220501347280869,0,0,0,0,0,0,0,0,0,0,0,0,0,0,0,0,0,0,0,0,0,0,0,0,0,0,0,0,0,0,0,0,0,0,0,0.000117254322618957,0,0,0,0,0,0,5.88495778506721e-06
0,0.255011069321637,0,0.0840993125801867,0,0.00277368857268679,0.00226922691070364,0,0,0.00806509405372378,0.000578230000784058,2.30373755684753,0.0112696573387177,0.000610708169027621,0.555672495175047,0.0572629491934656,0.000198133231133456,0,0.00136677738536517,0.361705426636406,0,2.09342038748704,0,3.62019699954139,0.267849034652131,0.000665845396505085,0.0799333238693003,0.0490873016584258,0.00122186056077384,0.00742950725563531,0.000128819521668714,0,0.00176186990162405,0.00246991677231254,0.00540435960681887,0.0580397170684998,0.00566239765589142,0.0044300846124729,0.00373367963284521,2.49085963685034,0.000192939409652941,0.00974486296479956,0.00341458339307902,0.00121420961940803,0.00415334797604322,0.00114093476518967,0.00241342750603227,0,0.00268842884894155,0.000463162366123211,0.0345263429717967,0,0.00145466404178679,0,0,0.000154238106888145,0,0.519945593198375,0.000571848605576664,0,0.00286113653438022,0.00186282329458682,0,0,0.0780927015511509,0,0,0,0.0015145002776181,0,0.164044135606084,0.000664333360729831,0.198890097353392,0.0100803155974378,0,0.00222613234771763,0.0134960195319454,0.000262390374587529,0.00275037477984149,0,0,0,0.00134859629906714,0.000283013152478728
0.0053636254520012,0,0.00032217180783284,1.30810185255012,0.000558423129472957,0.741045326532294,2.01239484847021,0.514331158412758,0.00806509405372378,0,0,0.686525896506736,0,0.126665656356592,0.000264309528569024,0,0.000885708642584036,0,0,2.09181163667232,0.000119585117583971,0,0.00056864186344069,0.0453950538598523,0,9.01620970361209e-05,3.44034556619259e-05,1.59560363620508,0.024397478146169,0.00248191782407924,0,0.00397765263586445,0.000441029800217078,0.0123804606368968,0.00509365054358542,0.00227215449587534,4.68444505435451e-05,0.0103663905500651,0.00871186036236151,9.77310895794135e-05,0.000312281320829296,0,0,0,0,0,0,0,0,0,0,0,0.000132495857013855,0,0,0,0,0.000400741445725886,0,0,0,0,0,0,0,0,0,0,0,0,0,0,0.000779761961863854,0,0,0,9.49484210431735e-05,0,0,0,0,0,0,0
0.000321365288961345,0.0043044135812862,0.00277287818004252,0,0,0.00020373955040871,0.000660288090561433,0.000217685582499154,0.000578230000784058,0,0,0,1.33031204958487,0.000154388579450731,0,0.00050417148059754,0.00454412323581811,0.0329454966260225,1.32971558937117,0.000228501277605668,0.000268816290156752,0.00102053210889617,0.00053162317809298,0.000134602194420791,0.0908567230933128,0.327806514805548,0.0942810206622577,0.000390046538174149,0.00186155712516496,0.000410620079208145,0.091388592521563,0.000281600982822507,0.000896626735783473,0.341307574815534,8.85456683785173e-05,0.0122786140305814,1.74671989331469,2.1368885870404,0.0987246386623331,0,0.000126441899378341,0.158166114778804,0.000114534320724307,0.00439040071414119,0,0,0,0,0,0,0.000888552402713612,0,0,0,0,0,0,0.000224708856730316,0,0.00076126839086349,0,0.00152438282165739,0,0,7.87156224828119e-05,0,0,0,0,0,7.67178688876593e-05,0,0,0.000148740704445248,0.000250811147560088,0.000378249284516778,0,0,0,0.000157531392556802,0,0,0,0
0.00011338391634981,0,0,1.2637370537367,0.000226386583536043,1.07403463685324,0.00115082295019672,0.00393713564152597,2.30373755684753,0.686525896506736,0,0,0,0.00397422498388232,0.306550899200963,0,0,0,0,12.8639640436511,0,0,0,1.04089706086927,0,0,0,0.0229219336170499,0.0045218972987167,0,0,0.00142117298802807,0.00047393782967569,0.0035590434869667,0.235554463341562,0.00194075472374531,9.73824524506273e-05,0.00299729835235556,0.00295182059331824,0.112349093731635,0,0,0,0,0,0.000310041511310775,0.000180553300483669,0,0,0,0,0,0,0,0,0,0,0.00116007788406868,0,0,0.000252943786673354,0,0,0,0,0,0,0,0.00117078549001154,0,0,0,0.000305020417226062,0,0,0,0,0,0,0,0,0,0,0.00278445037609636
0,0.084855754451255,0.00205264460156044,0,0,0,0.00012765798847993,0,0.0112696573387177,0,1.33031204958487,0,0,0,0,0.00322040835659691,0,0.000639361027448266,0.00670535529741149,0,2.72243161649004e-05,0.0260227248619096,5.84477599165577e-05,0.00255503029597855,2.31343579935738,0.205062997659155,0.688270685333381,7.57297617022504e-05,0,4.197847314977e-05,0.393855668692683,0,0,0.00137118342964121,0,0.0606639823970471,0.814110085534345,0.314587187174271,0.0831764705236511,0,0,1.47383141826406,4.04177943422988e-05,0.0117091474132187,0.000204583339061285,0,0,0,0.00163942353935377,0,0.0103268417090063,0,0,0,0,0,0,0.000729709841271711,0,0.00229941605554143,0,0.0207371953707863,0,0,0.000237494939173539,0,0,0.000156898534233467,0,0,0.00262601747433769,0,2.50460987821573e-05,0.0160893394724816,0.00018314086328579,0.00253394098863836,0,0,0,0.00100529833186748,0,0,0,0
2.68888315615977,0,0.00629371078048373,0.000960555698599954,0.00213645949849126,0.0558936242468794,0.690978430959711,2.5325669331132,0.000610708169027621,0.126665656356592,0.000154388579450731,0.00397422498388232,0,0,0,0,0.012437869066088,0,0.00018425978950774,0.0162411767711008,0.00315832000203384,0,0.0124013931286264,0.00249720425562668,0,0.00271451454677731,0.000484717531002165,0.0308527474582904,3.27312332057073,0.0993242694626659,0,0.154754224391953,0.0164570952159229,0.0720840903138612,0.000304056578008775,0.00487992404970879,0.000585372934481962,0.0279394095082155,0.00758277177669409,5.90372910376806e-05,0.000542841580514542,0,0,0,9.50382232284891e-05,0,0,0,0,0,0,0,0,0,0,0,0,0,0,0,0,0,0,0,0,0,0,0,0,0,0,0,0,0,0,0,0,0,0,0,0,0,0,6.16870275522146e-05
0,0,0,0,0.0180224346764948,1.19933094377611,0.000160965019168011,2.9753354367467e-05,0.555672495175047,0.000264309528569024,0,0.306550899200963,0,0,0,0,0,0,0,0.0121299760236707,0,0,0,0.0171032528271939,0,0,0,3.10055230568094e-05,0,0,0,0.000238892670001364,0,0,0.0450071632250367,0.00111500690109029,0,0,0,1.40659781055994,0.00019209904451432,0,0,0,0,0,0,0,0,0,0,0,0,0,0,0,0,0,0,0,0,0,0,0,0,0,0,0,0,0,0,0,0,0,0,0,0,0,0,0,0,0,0,0.000182695925288173
0,0.170545282121341,0.0569760099434187,0,0,0,0.000692017660344767,0,0.0572629491934656,0,0.00050417148059754,0,0.00322040835659691,0,0,0,0.00454078853566853,0,0.000474160287608405,0,0.763035574494406,5.23052898260056,1.7138730930974,1.70746843605583,0.0573387400565184,0.00493428433275776,1.23660519227822,0.213464214519007,0,0.00444736554711001,0.000100835395340382,0,0,0.010655389994605,0.00207046493551442,0.0525676850715966,0.0139800878282475,0.039788988482963,0.0203427712510164,0,0,0.00161988500220872,0.0076250560506519,0.00395645836869087,0.00303650369740742,0.00297320937164225,0,0,0.00189466981678142,0,0.0230001942357792,0,0,0,0,0,0,0.138360564241417,0,0,0,0.00349848853797904,0,0,0.0954079313667507,0.000129098085615525,0,0,0,0.000253347080668764,0.360760934784749,0.00152879054842531,0.0467199647844925,0.0111520435535626,0,0.00230323438210239,0.00254718679768338,7.58143985305415e-05,0.000801850042605278,0,0,0,0.000503986833413008,0.000414006884161401
0.0369228459353401,0.000750338775800784,1.20029213167927,0,0,0.000587292209476765,0.0353636248536654,0.00714539162865455,0.000198133231133456,0.000885708642584036,0.00454412323581811,0,0,0.012437869066088,0,0.00454078853566853,0,0.00828797823340981,2.14504903747174,0,0.0557149125233239,0.00106307703343024,1.12907393128013,0.00151895197854143,0.00015164637514143,1.4597592347025,0.102022864571039,0.035519422100273,0.00446724239773058,0.0532444968051759,0,0.000722345303400422,0.000455021121350152,0.122017956393626,5.29898120523505e-05,0.0111682247803399,0.155221106865872,0.106983290699789,0.0075603234976516,0,0,0,0,0,0,0,0,0,0,0,0,0,0,0,0,0,0,0,0,0,0,0,0,0,0,0,0,0,0,0,0,0,0,0,0,3.64907867833571e-05,0,0,0,0,0,0,0,7.8422198400775e-06
0,0.000509185047604319,0.00225415753847179,0,0,0,0.000126822627980549,0,0,0,0.0329454966260225,0,0.000639361027448266,0,0,0,0.00828797823340981,0,1.61350408196791,0,0,0,0.000621699360608036,0,0.00105301810393409,0.464843625886516,0.0072355338135016,3.24862729281141e-05,0,0.00024045410098182,0,0,0,0.000249996791987851,0,0.000139950705109254,0.0163776434571983,0.0078756982127639,0.00164690672378411,0,0,0.000298879087800547,0,0,0,0,0,0,0,0,0,0,0,0,0,0,0,0,0,0,0,0,0,0,0,0,0,0,0,0,0,0,0,0,0,0,0,0,0,0,0,0,0,0
0.00241435341842652,0.00383708628066962,0.0522651872821327,0,0,0,0.00159036986370324,0.000341837476156867,0.00136677738536517,0,1.32971558937117,0,0.00670535529741149,0.00018425978950774,0,0.000474160287608405,2.14504903747174,1.61350408196791,0,0,0.00251689274764366,0.00181742491289177,0.00975052962814148,0.000255321683971628,0.013478553153585,2.35274531637058,0.120623138217571,0.00225913877229944,0.00103928421943023,0.00307822507742459,0.000953681596212536,9.74460223136103e-05,0.000220560525430874,0.326885243353484,2.92053453888907e-05,0.01147756041314,0.672138792052965,0.49344255227554,0.0158432430290206,0,0,0.00419507503090608,0,0,0,0.000173255283178939,0,0,0.000192008473941267,0,0.000205603215331852,0,0,0,0,0,0,0,0,0,0,8.72904312149529e-05,0,0,0,0,0,0,0,0,0,0,0,0.00112654588601399,0,0,0,0,0,0,0,0,0,3.71419652139328e-05
0.00171250506676342,0,7.10506631121819e-05,7.74791715185187,0.000826208318141997,0.568770422597555,0.0118746842794449,0.0186064620612478,0.361705426636406,2.09181163667232,0.000228501277605668,12.8639640436511,0,0.0162411767711008,0.0121299760236707,0,0,0,0,0,0,0,0.000101430364741821,1.00271401857227,0,0,0,0.718319047759951,0.0116389806597034,0.000458562028354794,0,0.0049992532367948,0.000276452425519332,0.0146096005263815,0,0.00327468094784361,0,0.0119883158779873,0.0285936365894183,0.00243932655622983,0.000909820828492003,0,0,0,0,0,0,0,0,0,0,0,0.0140960042299003,0,0,0,0,0.000399982515175701,0,0,0,0,0,0,0,0,0,0,0,0,0,0,0.000140621672987233,0,0,0,0,0,0,0,0,0,0,0
0.00539548264419227,0,0.333283803576636,0,0,0.000282449939967342,0.0516781955981005,0.00200481147735775,0,0.000119585117583971,0.000268816290156752,0,2.72243161649004e-05,0.00315832000203384,0,0.763035574494406,0.0557149125233239,0,0.00251689274764366,0,0,4.88489347031142e-05,4.81183601849065,0.0583751274203467,0,0.0163177325175923,0.0520723513618921,1.45217567123927,0.0766884309572474,2.29033589470926,0,0.000432753360963343,0.179444049518138,0.196985742828644,0.0049037453685102,0.0348605295120899,0.0975064839102061,0.229412504601989,0.0556724767636772,0,0,0,0.00104895817041651,0.000121397505988316,0.000272647867060882,0.000645187137296324,0,0,0,0,0,0,0,0,0,2.26676157850853e-05,0,0,0,0,0,0,0,0,0,0,0,0,0,0,0.000162629454309332,2.62619109644155e-05,0.000246377340315917,0,0,0,0,0,0,0,0,0,0.000118831092906054,0.000514680753952965
0,1.47911439639285,0.000270196751708134,0,0,0,0,0,2.09342038748704,0,0.00102053210889617,0,0.0260227248619096,0,0,5.23052898260056,0.00106307703343024,0,0.00181742491289177,0,4.88489347031142e-05,0,0.00298739222657023,1.58094945811478,0.587714595550055,0.00208787059940523,0.68897522606726,0.0113382447683536,0,0.00140606325526774,0.000115000992809672,0,0.000269524418254801,0.00181980246046112,0.000613468829894034,0.00849160291185983,0.0155463333351026,0.00420262176950958,0.00471567330118852,0,0,0.0236684757625387,0.005938016571906,0.00461795499740032,0.00790483334977624,0.0047866761918839,0,0,0.00785470091183913,0,0.187458818587045,0,0,0,0,0.000210145477282184,0,0.189263811911946,0,7.38118127273624e-05,0,0.0116836613414733,0,0,0.18177189537829,0.000571956924536487,6.25599617269448e-05,0,0,0.000639512288828498,0.890464653188706,0.00377108243764721,0.0497921619794757,0.0557448192990641,3.69024083567027e-05,0.0265412284525656,0.00164452381972838,0.000386670459195663,0.00124963891242119,0,0,0,0.00121170436658271,0.000215897696821214
0.0171185569764523,0.000129857144612677,3.48670873210045,4.41717654487883e-05,5.74681857671211e-05,0.000436863052818264,0.0527228414767406,0.00604576540817223,0,0.00056864186344069,0.00053162317809298,0,5.84477599165577e-05,0.0124013931286264,0,1.7138730930974,1.12907393128013,0.000621699360608036,0.00975052962814148,0.000101430364741821,4.81183601849065,0.00298739222657023,0,0.0485230025930515,0.000183771254604592,0.0688092295984789,1.12870944498899,0.409326327646273,0.068884756788681,0.196486160336042,0,0.00025323752317956,0.0117847481729391,0.192166564097415,0.0127005854443518,0.0940270869642359,0.315901305686267,0.554974335021155,0.15544188183172,0,0,0.000224927454102186,0.00305849185367171,0.000976625830152741,0.000960949234132666,0.0012276228319919,0,0,0,0,0,0,0,0,0,0,0,0,0,0,0,0,0,0,7.56983007844849e-05,0,0,0,0,0.000144205168730263,0.000513435226915163,4.45042854293569e-05,3.11888136187159e-05,0,0,0,0.000113762304899569,0,0,0,0,0,8.27591473731648e-05,0.0024174198168282
0.000471054262252243,0.0450519659511672,0.0238260283774833,1.80814982605494,0,0.0111871936990443,0.0457118190422974,0.00293578310602485,3.62019699954139,0.0453950538598523,0.000134602194420791,1.04089706086927,0.00255503029597855,0.00249720425562668,0.0171032528271939,1.70746843605583,0.00151895197854143,0,0.000255321683971628,1.00271401857227,0.0583751274203467,1.58094945811478,0.0485230025930515,0,0.034701043496627,0.00169747412594691,0.163838555961325,2.55678108982848,0.00286925897879633,0.0122720573937579,0,0.000610116069724003,0.000269153620284715,0.00626947002302053,0.000579799923358632,0.0109133672003473,0.00228654156856394,0.0126445027795575,0.00673121718081814,0.00633793035949535,0,0.000479242971473853,0.00267893905907371,0.000452037321807991,0.00106869824598231,0.00104040278848482,0.000819442913186025,0,6.9699357668433e-05,0,0.00472730353417203,0,0.000736982468426364,0,0,0.000194839562064206,7.64565063732904e-05,0.135373721513258,0.000418963262008183,0,0.00184573687546897,0.000579838532348767,0,0,0.0371506950271283,0,0,0,0.00125312121418158,0,0.045580786511636,0.000191320719196568,0.153616406166305,0.00156195778873833,0,0.000348880486728341,0.0143630024845685,0.000307349722476664,0.000925812187397674,0,0,0.000247816302987081,0.00106512553563866,0.000182753229870975
0,3.3480367225513,6.78584481826252e-05,0,0,0,0,2.56149443676526e-05,0.267849034652131,0,0.0908567230933128,0,2.31343579935738,0,0,0.0573387400565184,0.00015164637514143,0.00105301810393409,0.013478553153585,0,0,0.587714595550055,0.000183771254604592,0.034701043496627,0,0.0146969563175499,1.04439795232549,0.00015387889755086,0,3.62624344724233e-05,0.00807252399775405,0,0,0.000504971903281203,2.71250019817509e-05,0.0025207047585302,1.03554856498995,0.0537502578430035,0.0175591487644036,8.04075526792025e-05,0,2.22546010889914,0.000443907225615782,0.0279920880013748,0.0029507235974816,0.000316011496233753,0,0,0.023583982887436,0,0.334675646369493,0,0,0,0,0,0,0.0106562813135609,0,0.00332020006966341,0,0.0617052208434526,0,0,0.00403745881840218,0,0,0,0,9.22275371468325e-05,0.155606787466663,0,0.00178619497631078,0.374821166446707,0.00068694179506683,0.0158742431589695,6.36682438011462e-05,0,0,0.0033747402601786,0,0,0,0
0.00276819430087891,0.0024673687785229,1.6018416478062,0,0,0.000104474521742728,0.00800051875953336,0.00123051561183909,0.000665845396505085,9.01620970361209e-05,0.327806514805548,0,0.205062997659155,0.00271451454677731,0,0.00493428433275776,1.4597592347025,0.464843625886516,2.35274531637058,0,0.0163177325175923,0.00208787059940523,0.0688092295984789,0.00169747412594691,0.0146969563175499,0,2.21487734440528,0.0151375862911973,0.000777641402690443,0.0134683393419712,0.126045085516815,0.000114662902152417,0,0.0276982056633678,3.47931363645223e-05,0.00935083541329853,0.192023985304746,0.155895865718922,0.013398412229079,0,3.47778890719976e-05,0.00110971106731546,0,0.000625868594522653,0,0,0,0,0,0,0.000243088855996845,0,0,0,0,0,0,0,0,0,0,0.00204984630862875,0,0,8.23551205714271e-05,0,0,0,0,0,0.000465776089626192,0,0,0.000187855041707821,0,0.000518923916144868,0,0,0,0,0,0,0,1.33288039167855e-05
0.000723348547375349,1.10631189876097,1.88932314231359,0,0,0.000104878052713476,0.00310762764306176,0.000517298711543297,0.0799333238693003,3.44034556619259e-05,0.0942810206622577,0,0.688270685333381,0.000484717531002165,0,1.23660519227822,0.102022864571039,0.0072355338135016,0.120623138217571,0,0.0520723513618921,0.68897522606726,1.12870944498899,0.163838555961325,1.04439795232549,2.21487734440528,0,0.0891172370629417,0.000615027110020614,0.00493003245420603,0.0676378133353304,8.167057149609e-05,0.000111922904554877,0.0710853987680313,0.00047994253642343,0.0223789755458339,0.118401224884397,0.299915652623948,0.0273589246825815,0.000229872446666446,0,0.0152679367788113,0.0004548431244803,0.00577269019732735,0.000539914237303557,0.000559304910934276,0,0,0.000878940028507717,0,0.0771081695666904,4.93987028222995e-05,0,0,0,0,0,0.00302703089690902,0,0.000178572398559063,0,0.016699291703608,0,0,0.00547185445004403,9.70722036870621e-05,0.000103509728670064,0.000161129967701588,0,0.000281618024025851,0.057455194824139,0.000583599495230326,0.00313141454249437,0.025125992923924,0.000180433271579416,0.0174399143197503,0.000206616254191375,0,0,6.00199465611497e-05,0,0,0.000104804897785843,0.000223073497788832
0.0201902246948937,0.000503066998751072,0.202790229459059,2.32045035413423,0.000437883207576798,0.023598815696316,2.93958699744713,0.0528656766972816,0.0490873016584258,1.59560363620508,0.000390046538174149,0.0229219336170499,7.57297617022504e-05,0.0308527474582904,3.10055230568094e-05,0.213464214519007,0.035519422100273,3.24862729281141e-05,0.00225913877229944,0.718319047759951,1.45217567123927,0.0113382447683536,0.409326327646273,2.55678108982848,0.00015387889755086,0.0151375862911973,0.0891172370629417,0,0.0379351077137508,1.3635726109522,0,0.00237917945872553,0.0310181924012455,0.112685238237747,0.00892435103389876,0.131608365394246,0.0402998238975399,0.186622584733919,0.0781411317937709,0.000211779557592593,0.000561388847966731,0.000317528735213711,0.00254625523857212,0.000458982038665199,0.000558277720694228,0.000463573130879597,0,0,3.35171275329949e-05,0,0.000131689174872418,0,0.00623740067065975,0,0,0,0,0.0102608009705009,0,0,7.04466197137578e-05,0,0,0,0.00125448432115248,0,0,0,0.000158875663216207,0,0.00125073422161899,7.38018804369821e-05,0.0175312737340494,0,0,3.91159081780139e-05,0.0012237392578912,5.62403581159943e-05,5.25603117657969e-05,0,0,0,0.000369550224319671,0.000685249836888253
0.751410207544049,0,0.000982889860667129,4.96858669369418e-05,0.0380407013417128,0.0876331220993045,0.173187560070684,0.061643065229205,0.00122186056077384,0.024397478146169,0.00186155712516496,0.0045218972987167,0,3.27312332057073,0,0,0.00446724239773058,0,0.00103928421943023,0.0116389806597034,0.0766884309572474,0,0.068884756788681,0.00286925897879633,0,0.000777641402690443,0.000615027110020614,0.0379351077137508,0,3.23674003663037,0,1.15967966291788,2.77031197125043,1.15426264787985,0.000632804406496833,0.0157310503792622,0.000765826808656458,0.170444586365362,0.0429734112922151,0.00228912007096284,0.0263712702562721,0,0,0,0,0.000107918077608019,0,0,0,0,0,0,0,0,0,0,0,0.000118535681747323,0,0,0,0,0,0,8.11366361612165e-05,0,0,0,0,0,0,0,0.000732833730260536,0,0,0,0,0,0.000117635748969818,0,0,0,0.000103450227240746,0.000202764682669828
0.36643289253045,4.63446129410584e-05,0.0841169441174122,0,0.000687373555907257,0.00319617279874062,1.28004720607238,0.0246795447423414,0.00742950725563531,0.00248191782407924,0.000410620079208145,0,4.197847314977e-05,0.0993242694626659,0,0.00444736554711001,0.0532444968051759,0.00024045410098182,0.00307822507742459,0.000458562028354794,2.29033589470926,0.00140606325526774,0.196486160336042,0.0122720573937579,3.62624344724233e-05,0.0134683393419712,0.00493003245420603,1.3635726109522,3.23674003663037,0,0,0.00666648279871774,0.636884094678302,0.432003716862998,0.00737509948714834,0.240936644397048,0.081983654354551,0.170788894650608,0.1013626967477,0,0.000452636760461263,0.00132237323692021,0.00168135515765152,0.000449048946623697,0.000438400175593301,0.00214645911189336,0,0,0,0,0,0,0,0,0,0,0,0.0048941431553972,0,0,0,0,0,0,0.00364310769179207,0,0,0,0,2.47949226381463e-05,0.000530461194841497,0.000136807335940745,0.00733988835948809,0,0,0,0.000695150384173944,0.000172870394337525,0.000301563444052433,0,0,0,9.66673229521034e-05,0.000623583004597247
0,0.00023841306660838,0.000236262107786484,0,0,0,0,0,0.000128819521668714,0,0.091388592521563,0,0.393855668692683,0,0,0.000100835395340382,0,0,0.000953681596212536,0,0,0.000115000992809672,0,0,0.00807252399775405,0.126045085516815,0.0676378133353304,0,0,0,0,0,0,0,0,0.000246092540225036,0.0167053011733583,0.013285449689956,0.00424296494748741,0,0,0.00433569714135808,0,0.00139231089207768,0,0,0,0,0,0,0,0,0,0,0,0,0,0,0,0,0,0.000650619599907865,0,0,0,0,0,0,0,0,0,0,0,0,0.00027049922200997,0,0,0,0,0,0,0,0,0
0.0197561614982493,0,0.000373004115572994,0.000301425378861013,2.17250801307643,0.284624026263026,0.0159771087572851,0.034404350886051,0,0.00397765263586445,0.000281600982822507,0.00142117298802807,0,0.154754224391953,0.000238892670001364,0,0.000722345303400422,0,9.74460223136103e-05,0.0049992532367948,0.000432753360963343,0,0.00025323752317956,0.000610116069724003,0,0.000114662902152417,8.167057149609e-05,0.00237917945872553,1.15967966291788,0.00666648279871774,0,0,0.0219029312148163,1.72140715460212,0.000179076582261743,0.00573931745069001,0.000629152685547706,0.126997646065107,0.00603324404539508,0.0970075091980626,0.904285751878677,0,0,0.000130487333290533,0,0,0,0,0,0,0,0,0,0,0,0,0,0,0,0,0,0,0,0,0,0,0,0,0,0,0,0,0,0,0,0,0,0,0,0,0,0,0,0
0.0188721258874141,0,0.000379304654443505,0,0.00175779920794615,0.00306730444682742,0.0261096679303318,0.00124706540666715,0.00176186990162405,0.000441029800217078,0.000896626735783473,0.00047393782967569,0,0.0164570952159229,0,0,0.000455021121350152,0,0.000220560525430874,0.000276452425519332,0.179444049518138,0.000269524418254801,0.0117847481729391,0.000269153620284715,0,0,0.000111922904554877,0.0310181924012455,2.77031197125043,0.636884094678302,0,0.0219029312148163,0,1.35048253747214,0.000440282667267534,0.00367257052943037,0.000186045501310501,0.202895908063583,0.085017336929218,0,0.0016536418003912,0,0,0,0,0.000242600381822618,0,0,0,0,0,0,0,0,0,0,0,0,0,0,0,0,0,0,0.000634044032587655,0,0,0,0,0,0,0,9.30521343784491e-05,0,0,0,0,0,0,0,0,0,0,0.000106577916907814
0.054614559313543,0.000877813426913687,0.057856937794481,0,0.510604369640201,0.130024056225049,0.0635863884109784,0.0538852613128957,0.00246991677231254,0.0123804606368968,0.341307574815534,0.0035590434869667,0.00137118342964121,0.0720840903138612,0,0.010655389994605,0.122017956393626,0.000249996791987851,0.326885243353484,0.0146096005263815,0.196985742828644,0.00181980246046112,0.192166564097415,0.00626947002302053,0.000504971903281203,0.0276982056633678,0.0710853987680313,0.112685238237747,1.15426264787985,0.432003716862998,0,1.72140715460212,1.35048253747214,0,0.00811734945204489,0.109799455433902,0.363028196067647,4.67957124249597,0.198474042784297,0.0113579345326373,0.557464408379129,0.00318871376649196,0.00116428226430241,0.000971384589390205,0.000615599300712779,0.000646980876121177,0,0,0,0,0,0,0,0,0,0,0,0.000425280114687209,0,0,0,0,0,0,0,0,0,0,0,0,0.000500892705705847,0,0.000186788268446546,0,0,0,0.000122418964706047,0,0,0,0,0,0,0.000819036523435772
0.00017600662821543,1.19130358485616e-05,0.000679812135605944,0,0,0.210484022279214,0.00127302745195187,0.000864987653095749,0.00540435960681887,0.00509365054358542,8.85456683785173e-05,0.235554463341562,0,0.000304056578008775,0.0450071632250367,0.00207046493551442,5.29898120523505e-05,0,2.92053453888907e-05,0,0.0049037453685102,0.000613468829894034,0.0127005854443518,0.000579799923358632,2.71250019817509e-05,3.47931363645223e-05,0.00047994253642343,0.00892435103389876,0.000632804406496833,0.00737509948714834,0,0.000179076582261743,0.000440282667267534,0.00811734945204489,0,0.0441442688283782,0.0580847492177596,0.0857798072582008,0.0647901420748731,0.000556308093731688,5.49044970724077e-05,0,0.0117535733634529,0.0119761502189261,0.0289730987261454,0.0339063741042817,0,1.2020815047355e-05,0,9.06384397534732e-05,0,1.04635523228e-05,0,8.02399268716333e-06,0.00161212262734125,0.000305582309957314,2.34611098133127e-05,0.000271530122836439,0,6.07511511017662e-05,0.00355792397911786,0,0.000202547235409818,0.000473923211520358,0.000828954905865072,0,0,6.50589955224283e-06,0,0.00112075108355885,0.000258257267995325,0.00315386745011989,0.000221403383647878,0,1.85171586658584e-05,0.000447122139080355,0.00100010022344948,0.000188762398007693,0.000339613380081508,0,6.53371467640483e-06,3.35468081488272e-05,0.000457053516294872,1.52956827437176
0.00399774041664553,0.000270487966745059,0.0158010773335851,0.000102118383351209,0.0020567350605225,0.00338909000315797,0.0406272940819585,0.00242024210026262,0.0580397170684998,0.00227215449587534,0.0122786140305814,0.00194075472374531,0.0606639823970471,0.00487992404970879,0.00111500690109029,0.0525676850715966,0.0111682247803399,0.000139950705109254,0.01147756041314,0.00327468094784361,0.0348605295120899,0.00849160291185983,0.0940270869642359,0.0109133672003473,0.0025207047585302,0.00935083541329853,0.0223789755458339,0.131608365394246,0.0157310503792622,0.240936644397048,0.000246092540225036,0.00573931745069001,0.00367257052943037,0.109799455433902,0.0441442688283782,0,5.74785086443507,1.83064001677823,0.893653814809321,0.168849739931987,0.00176357927966376,0.384101783931686,0.0823229169674357,0.0434547644135535,0.0449020974094626,0.0426404035716108,0,0,0,0.000395615064862413,0.000604925799560178,0.000573819580235243,0,0,7.06881108583669e-05,0.000668132895895123,9.17321854534345e-05,0.00403142563247064,0.000122671823047345,0,0,9.25422516424856e-05,0.000290656618361759,0,0.00553653690387805,4.18557954869471e-05,0,9.31690168523144e-05,0,0.00261613811283426,0.00742484901360121,0.00602482549822354,0.00299775566025539,5.64600273536223e-05,7.78813630800786e-05,0.000702731915994815,0.00294802197990761,6.29691684137859e-05,0.000309600998171612,0,0.000261123811694931,0.000255372805218887,0.000555749650099737,0.0119447853435369
0.00107568160469459,0.0334702850777146,0.452994138608545,0,0,0,0.00818253751462452,0.000204139786437068,0.00566239765589142,4.68444505435451e-05,1.74671989331469,9.73824524506273e-05,0.814110085534345,0.000585372934481962,0,0.0139800878282475,0.155221106865872,0.0163776434571983,0.672138792052965,0,0.0975064839102061,0.0155463333351026,0.315901305686267,0.00228654156856394,1.03554856498995,0.192023985304746,0.118401224884397,0.0402998238975399,0.000765826808656458,0.081983654354551,0.0167053011733583,0.000629152685547706,0.000186045501310501,0.363028196067647,0.0580847492177596,5.74785086443507,0,5.16410214129004,2.09911210155692,0.000450898428774296,0.000277148969111983,2.47674725363631,0.0444137151500553,0.0211099377759434,0.0109252015736933,0.0431715942094035,0,0.000117397611046156,0.000571951024177994,0,0.00605792532879389,5.38739160435234e-05,0,0,0,0.000417398547993532,0,0.00039646768293891,0,0.000378512453412406,3.41657727599537e-05,0.0132582540666552,2.560357847071e-05,0,0.000368731726764306,0,0,7.57729780128235e-05,0,0.00054425409245187,0.00332911142324984,0.00149508323520728,0.000376224321394631,0.013295506602115,0.000247435401218122,0.00156412289796054,0.000366894299403692,0.000113330135022892,0.000189610782105847,0.00202386136144538,0,0,0.000426566688535832,0.0130159006881785
0.0345141766359597,0.0119002309601329,0.147225849150975,0.000187801144881376,0.0465354071693472,0.0422893396860465,0.0740609569914788,0.0184156438859656,0.0044300846124729,0.0103663905500651,2.1368885870404,0.00299729835235556,0.314587187174271,0.0279394095082155,0,0.039788988482963,0.106983290699789,0.0078756982127639,0.49344255227554,0.0119883158779873,0.229412504601989,0.00420262176950958,0.554974335021155,0.0126445027795575,0.0537502578430035,0.155895865718922,0.299915652623948,0.186622584733919,0.170444586365362,0.170788894650608,0.013285449689956,0.126997646065107,0.202895908063583,4.67957124249597,0.0857798072582008,1.83064001677823,5.16410214129004,0,4.98077909334668,0.00659900300479549,0.0675860754802546,1.1374085515984,0.044819326825427,0.00819865983782022,0.00783803623718972,0.0697900966904679,0,0.000156959441043186,0.00018199408280169,0,0.00180273779898922,0,0,0,0,0.000718779588607869,0,0,0,0,0,0.00211603838999209,5.14544001932412e-05,0,0.00276851782745235,6.42036116855482e-05,0,0,0,0.000510516455561588,0.00178984775461306,0.0010020635339486,0.000489528153985357,0.00220409202073539,0.000245398593366207,0.000494520936727525,0.000589929348248227,0.000225818456122719,0.000194057861898368,0,0,0,0.000791990652263279,0.0326765575482828
0.0129225231186141,0.00282704522920016,0.0230238390056187,0.00100646405024395,0.00103732818058414,0.00253647390712945,0.0695295901600892,0.00453717605063286,0.00373367963284521,0.00871186036236151,0.0987246386623331,0.00295182059331824,0.0831764705236511,0.00758277177669409,0,0.0203427712510164,0.0075603234976516,0.00164690672378411,0.0158432430290206,0.0285936365894183,0.0556724767636772,0.00471567330118852,0.15544188183172,0.00673121718081814,0.0175591487644036,0.013398412229079,0.0273589246825815,0.0781411317937709,0.0429734112922151,0.1013626967477,0.00424296494748741,0.00603324404539508,0.085017336929218,0.198474042784297,0.0647901420748731,0.893653814809321,2.09911210155692,4.98077909334668,0,0.00052480354789157,0.00271141801917989,0.744741810056974,0.041666654319451,0.036538318177319,0.0729215906426854,0.0716500994191422,0,0.000170925190379895,0.000238983940016965,0.000481326932140543,0,0,0,0,0.000358777760347255,0.00049942434938376,0.000158069847165898,0.00117777715863548,0,0,0.000292390537203258,0,0,0.00299094391065288,0.00106151257562924,0,0,0.00106487583918877,0,0.00136823654470826,0.00120707329199273,0.00371024734793825,0.00223750960314553,0.000746926730135551,6.86973549084923e-05,0.000398744106623707,0.00239887216983853,0.000160628667878799,0.000629501385506056,0,0,0,0.0026846824915982,0.0375199742287825
0.000490200269641348,0,0,0.000169941558381553,0.815309750151267,1.0537175715656,0.00030674912574385,0.00290883086292782,2.49085963685034,9.77310895794135e-05,0,0.112349093731635,0,5.90372910376806e-05,1.40659781055994,0,0,0,0,0.00243932655622983,0,0,0,0.00633793035949535,8.04075526792025e-05,0,0.000229872446666446,0.000211779557592593,0.00228912007096284,0,0,0.0970075091980626,0,0.0113579345326373,0.000556308093731688,0.168849739931987,0.000450898428774296,0.00659900300479549,0.00052480354789157,0,1.54897361169137,0,0,0,0,0,0.000107354166805747,0,0,0,0,0,0,0,0,0,0,0.000369619483156739,0,0,0.000119917538264971,0,0,0.000225729818079373,0,0,0,0,0,0,0,0,0.00057347635605436,0,0,0,6.59916431981398e-05,0,0,0,0,0,0,0.000129425649247149
0.00232049703304527,0,0,0,1.28132002345873,0.062608177429828,0.00193540359888292,0.00220501347280869,0.000192939409652941,0.000312281320829296,0.000126441899378341,0,0,0.000542841580514542,0.00019209904451432,0,0,0,0,0.000909820828492003,0,0,0,0,0,3.47778890719976e-05,0,0.000561388847966731,0.0263712702562721,0.000452636760461263,0,0.904285751878677,0.0016536418003912,0.557464408379129,5.49044970724077e-05,0.00176357927966376,0.000277148969111983,0.0675860754802546,0.00271141801917989,1.54897361169137,0,0,0,0,0,0,0,0,0,0,0,0,0,0,0,0,0,0,0,0,0,0,0,0,0,0,0,0,0,0,0,0,0,0,0,0,0,0,0,0,0,0,0,0
0,0.0704152194040574,0,0,0,0,0,0,0.00974486296479956,0,0.158166114778804,0,1.47383141826406,0,0,0.00161988500220872,0,0.000298879087800547,0.00419507503090608,0,0,0.0236684757625387,0.000224927454102186,0.000479242971473853,2.22546010889914,0.00110971106731546,0.0152679367788113,0.000317528735213711,0,0.00132237323692021,0.00433569714135808,0,0,0.00318871376649196,0,0.384101783931686,2.47674725363631,1.1374085515984,0.744741810056974,0,0,0,7.45513137993441e-05,0.015781527172616,0.00178543470678347,0.00113643124418924,0,0,0.00178675387204343,0,0.00825507506732541,0,0,0,0,0,0,0.00151475762985984,0,0.000196137899300168,0,0.016468157397,0,0,0.000183084469353801,0,0,0,0,0,0.00473801369942502,0,0,0.0158862151473089,0,0.000876016500524691,0,0,0,0,0,0,0,0
8.24423912433783e-05,0.0002710985923098,0.0003796143484932,0,0,0,0.000143192876224038,0,0.00341458339307902,0,0.000114534320724307,0,4.04177943422988e-05,0,0,0.0076250560506519,0,0,0,0,0.00104895817041651,0.005938016571906,0.00305849185367171,0.00267893905907371,0.000443907225615782,0,0.0004548431244803,0.00254625523857212,0,0.00168135515765152,0,0,0,0.00116428226430241,0.0117535733634529,0.0823229169674357,0.0444137151500553,0.044819326825427,0.041666654319451,0,0,7.45513137993441e-05,0,5.3687159466374,1.48835239846844,1.60424039729104,0.0954342079914104,0.00571792779515821,0.270784198293999,0.0253703064052303,0.00183087143569655,0.0105968288494631,0,0.000686893229823654,0.00152943073496241,0.0564355408476716,0.00316122932834052,0.00963232210970969,0.00134327141076974,0.00361598675681617,0.000192732065647259,0.0128264301593731,0.00936780717260905,0,0.117078522333352,0.00298052275001392,0.00222044081595653,0.00767993982180403,0.000677335453773475,0.047884978738853,0.0560603885190432,0.132086253827954,0.00893023858385499,0.00112316973751051,0.00718632683222296,0.0306966345520809,0.0496125718068194,0.022973705529438,0.0326369680710437,6.64550948849744e-05,0.0045229928183839,0.012491574604719,0.417846077033411,0.0347070644938105
