0,0.00132823067221689,0.117367836545246,0.0122268017376285,0.000922931470641691,0.0172404414910686,1.84982994916169,0.36038404568866,0.0277547623576646,0.0431246819664933,0.000414619825341225,0.00530304191324911,0.000577921851744307,3.81933587007758,0,0.00382973012960421,0.0451128921060586,0,0.00224600662516539,0.00680497855419313,0.0407651081927615,0.0133974525967035,0.0677534738450641,0.0220345753334526,0.000571829361321722,0.00640652858444241,0.00985336478609116,0.0773434260633894,0.707806568181715,0.279087967990586,0,0.00540877602356713,0.0669564660136845,0.137224595634162,6.59144431745355e-05,0.0239143086842258,0.0054285764955662,0.111979514954863,0.0552957117151744,0.00217851848855729,0.0179579368775973,0,0.000667489071363506,0,0,9.95457392930534e-05,0,0,0,0,0,0,0,0,0,0.000270383130976521,0,0.0127644292757079,0,0,0,0,0,0,0,0,0,0,0,0,0.00299416243855786,4.1251019300137e-05,0.00450337584249881,0,0,0,0.000690240877620926,0,7.49894480920254e-05,0,0,0,0,7.8311368644792e-05
0.00132823067221689,0,0.0068671539942958,0,0,9.27950448242204e-05,0.00279389465384305,0.000165567053585453,0.194599937844865,0.000173982683506055,0.0131882811324071,0,0.224076593530558,0.000818239023532581,0,0.168430666981156,0.0178681798634076,0.00108008862762329,0.0158459235201551,0,0.00140044617902369,2.41911803069903,0.000930341681285989,0.066726759651356,1.81860111421859,0.0628660199770167,0.979762731200489,0.00138573963036126,0.00130599747924265,0.00448030538710583,0.00317735923630932,0,0.00402136732898258,0.00541432309436976,0.000128277674904026,0.0252264448407288,0.108248333010773,0.074977458490025,0.0220213917334979,0.000142156764198955,0.000304623088749414,0.0443438328405909,0.000284331214725092,0,0.000410743340719218,0,0,0,0,0,1.09991442442248,0.0022163158057512,0,0,0,0,0,0.00820050695983762,0,0,0,0.00704236999914709,0,0,0.000999301331530571,0.000611833964278774,0,0,0,0,0.186633031831374,0.000176795944392844,0.000724394454694944,0.399661615774784,0.00348205025598154,0.034699674333703,5.13491882879751e-05,0,0,0,0,0,0.000117231147424877,0
0.117367836545246,0.0068671539942958,0,0.00217571751364299,0.000345582700898503,0.00110926617081196,0.195163792294989,0.0103976072442328,0.0223888158022064,0.0126130333712509,9.79128603309162e-05,0.000852976470349081,0.00109310093701692,0.0772276922617417,8.5943382359191e-05,0.0184918072911172,1.98973038782284,0,0.0239048906251799,0.000919328910348542,0.240807022898237,0.0159812150842619,4.41415551967499,0.0366161056284401,0.000350585898953197,1.23512549564547,1.9018493574676,0.172116640035417,0.0373566558577036,0.144358670306828,0,0.00037078575400903,0.0230655388175761,0.0337431640390392,0.000452903393590996,0.0581419524756932,0.115271866763546,0.285534490871226,0.0606942534618878,0.000789078962602409,0.00149661459733836,0.00156219732812278,0.00141584284847735,0.000243472496655317,0,0.000430779494255629,0,0,0,0,0.00181781072756417,0,0,0,0,0.00011044858419021,0,0.00214219878701344,0,0,0.000142234193022709,0,0,0,0.000308698181480118,0,0,0,0,4.52333537892969e-05,0.00306004462613376,0,0.00136452276391667,0.000566522438352313,0,2.98141511615134e-05,0.000240331314758174,8.60830484265985e-05,0.00013314208145348,0,0,0,0,0.000103245292307625
0.0122268017376285,0,0.00217571751364299,0,0,0.00690607135078929,0.0845656838855688,0.00239787308745701,0.0579645954860921,0.891683400172589,0,1.68775341021747,0,0.00727307140920505,0.000970728172359062,0,0.00075701931993031,0,0,10.3350761575418,0.00108570341378755,0.000337340106863128,0.000758170739393506,4.45972448069013,0,0.00019685683875597,0.000836396609622342,1.83804637406216,0.00533505725534869,0.00139262841987941,0,0.000536741145437248,0.00523026489652351,0.00575603657471619,0,0.00327635228511985,0.000373284692576428,0.00731569335475168,0.0051962678704276,0.00454466292709694,0.00129067421041622,0,6.20481431808408e-05,0,0.000280936268298202,0.000328776674147796,0,0,0,0,0,0,2.3164858406939,0,8.84409789341047e-05,0.000116758442040996,4.99504757184898e-05,0.000482883505989158,0.00912755372558312,0,0.0118776756989823,0,0,0,0,0,0,0,0.0846355640975856,0,0.000388808841856384,0,0.560639611055123,0,0,0,0.0454599678181786,0.000106932364150698,0,0,0,0,6.42321002618414e-05,1.127223025013e-05
0.000922931470641691,0,0.000345582700898503,0,0,0.114622535755078,0.000483130406771271,0.00239215116880691,0.000294108183382315,0.0001991682511048,0.359573321162695,0.000867916133201474,0.00133284069140427,0.00139739675376754,0.372486236410821,0,0,0,0,0,8.18096170665484e-05,0.000168400833120072,0.000153968963882101,0,0,0,4.02287775362951e-05,0.000258934047480187,0.01296342117782,0.000501474089794863,0,3.30061088226634,0.00124737862784831,0.340595767205636,0,0.0134690043797695,0.000725013066468286,0.0849888995047792,0.0427221168582669,4.95148164114189,11.9688687461086,0.000625385254962238,0,0,0,0,0,0,0,0,0,0,0,0,0,0,0,0,0,0,0,0,0,0,0,0,0,0,0,0,0,0,0,0,0,0,0,0,0,0,0,0,0,0
0.0172404414910686,9.27950448242204e-05,0.00110926617081196,0.00690607135078929,0.114622535755078,0,0.0882868153889083,5.7659956007423,0.00110137555445178,2.13689459552912,0.0287020879966046,4.53514563399943,0.000215712878886626,0.048905588414502,4.55490345887947,0.000177868400076119,0.000321532354521894,0,0,0.101613865215002,0.000885895092802901,0.000761118107202535,0.00137518166977412,0.00496406948322077,0.000923245213942282,0.000208059733573995,0.000409059762992374,0.0229071203121482,0.117004018094096,0.00149814983111015,0,0.848205689381687,0.00272448747031399,0.17888587890725,1.68516557706623,0.00839054750490707,0.00116398711920179,0.051946332105008,0.0126405716375838,2.23513408633664,0.170465645898693,0,0.000229474090640837,0.000201661867705923,0,0,0,0,0,0,0,0,0,0,0,4.2605386892178e-05,0,0,0,0,0.000433123885612674,0,0,0,0,0,0,0,0,0,0.000543028882301164,0,2.36741702084428e-05,0,0,0,0,0,0,0,0,0,0,0.00958938615415477
1.84982994916169,0.00279389465384305,0.195163792294989,0.0845656838855688,0.000483130406771271,0.0882868153889083,0,0.137707503680867,0.0706135271431654,2.63801876097321,9.39866828707473e-05,0.0144981319339116,0.000449895926089611,1.44818822504568,0.00130098791492426,0.0103998744731999,0.0216641116596146,0,0.0011078843475762,0.0216692934481762,0.124182576980698,0.0219364935078535,0.186415116541189,0.163589278483225,0.00105099570204715,0.0146333247484576,0.0428604540915372,4.32715307958925,0.104437848824985,2.29816115880367,0,0.0028763844366826,0.0338024369944825,0.0924283043065866,0.000798462052764534,0.0447167807462803,0.00916136608067757,0.110944160056478,0.0586609611460922,0.00263118578027092,0.00547347740254935,0.000613777488618424,0.000926189226091056,6.81895121544909e-05,0,0.000126330219413842,0.000715579719569703,0,0,3.03967771786359e-05,0.000370655023655255,0.00011728762781455,0,0,0,0.000530513733533685,0,0.0221209975641483,0,0,0,0,2.48705712773854e-05,0,0.00127832202004353,0,0,0,0,0.000188279677161959,0.00555883349456885,0,0.0100232556652501,0,0,3.63068619987371e-05,0.00120559343379094,3.02790878207793e-05,0.000194004010739541,0,0,0,6.21259975237282e-05,0.000391763654377692
0.36038404568866,0.000165567053585453,0.0103976072442328,0.00239787308745701,0.00239215116880691,5.7659956007423,0.137707503680867,0,0.00381728866575883,1.22821087603357,0.00351526679319255,0.0978551863484369,0.00188829339917942,2.30264044021877,0.0439813491806349,0.000603244061592781,0.00307399178796557,0,0.000218618011306823,0.00800424207742341,0.00380880807062758,0.00155150731679607,0.0072317216136359,0.00697998255786057,0.000620679343009778,0.000800208286110962,0.00181311390443233,0.0245916762965973,0.632808969789507,0.0139966095717599,0,0.114230846389388,0.00815201221709475,0.382061662423157,0.0617286801314587,0.0101364718892359,0.00437191014887612,0.159570856626159,0.0288230627636609,0.0545158500192471,0.0973706541758936,0.000970603948406137,8.23656907322674e-05,0,0,0,0,0,0,3.89715251581345e-05,0.000184995307975585,0.000110270808505565,0,0,0,1.96727371341524e-05,0,0.00180797433801638,0,0,0,0,0,0,0.000178675476981775,0,0,0,0,0,0.000487579661373383,0,0.00147216662409591,0,0,0,0,0,0,0,0,0,0,0.000189477985372832
0.0277547623576646,0.194599937844865,0.0223888158022064,0.0579645954860921,0.000294108183382315,0.00110137555445178,0.0706135271431654,0.00381728866575883,0,0.0101116274686158,0.000634249673738295,2.30445225462617,0.0217907004671401,0.0204747172917685,0.177124829710215,0.0479543116901877,0.00290707688813572,9.56333297577371e-05,0.00127323766083107,0.169293010943699,0.00478561709440074,2.9145618365445,0.00536077972479355,3.40148212235835,0.0991581355007407,0.00477455224789694,0.0373764186051327,0.0640701944241244,0.0298613647239908,0.0372878256389474,0,0.000900928094359071,0.030083954045227,0.0271283824035081,0.00997686759372914,0.18211513932834,0.00631493967457555,0.0389138701524424,0.0389222420318839,1.06411971088165,0.00611887754111217,0.00476736002419221,0.00575502185328654,0.000887851716985996,0.00731332319962468,0.00715648990185654,0.0726064479495484,0.000102310499636002,0,0.00857391534206084,0.0402677465985371,0.00501545915524305,0.00701578014337979,0,0.00143747360393135,0.0810491518420634,0.0025153522937323,1.89399280042331,0.0104455512699851,0,0.00681408400711367,0.000466000762868007,0.00926768033106786,0.00020175346767601,0.0413685546591966,0.00105408575186718,0,0,0.00192678194035177,0.00346766619385081,0.432576951615163,0.00493543043081762,0.583233286320636,0.0160060583193159,0.00135487926410016,0.00278475011747714,0.071540035606071,0.00477322860075607,0.0109530326934925,0,0,0.00286764144158958,0.00278422186328121,0.00020288324893951
0.0431246819664933,0.000173982683506055,0.0126130333712509,0.891683400172589,0.0001991682511048,2.13689459552912,2.63801876097321,1.22821087603357,0.0101116274686158,0,0.000120135744821221,0.804193501836602,0.000503445960335379,0.422081441836111,0.00715846726337601,0.000887904513015747,0.00135594334583549,0,9.57663528576261e-05,2.70685575432023,0.00368425344769087,0.0030357106626216,0.00702050173161232,0.0308608069607105,0.00033845208156074,0.000829593558534389,0.00320400798869971,1.44480534708396,0.0465985122482014,0.00604250625593978,0,0.00259293699051133,0.0296651309541177,0.0956366562460658,0.202235777973895,0.010983853777718,0.00110803307724736,0.0508184137916425,0.0239996634449258,0.0038006660541716,0.00773140238626577,7.257297141123e-05,8.32044486050185e-05,0,0.000187212544329983,0,0.000299298978002068,0,0,0,0,0,0,0,0,0.000777137350507365,0,0.00396420910520999,0,0,0,0,0,0,0.000500356470887704,0,0,0,0,0,0.000285353645699887,0,0.00206542421097335,0,0,0,0,0,0,0,0,0,0,0.000154896289624372
0.000414619825341225,0.0131882811324071,9.79128603309162e-05,0,0.359573321162695,0.0287020879966046,9.39866828707473e-05,0.00351526679319255,0.000634249673738295,0.000120135744821221,0,7.22864983980151e-05,4.27663633089016,0.000883445073418177,0,0.000604850046903516,0.000307164877021497,2.32721231656524,0.299170908890721,0,0.000121169423008985,0.00394331871048884,8.04094052357348e-05,0.000383703939858388,0.299518868084731,0.977066992536985,0.0665942000062119,0.000215305477431276,0.0294650416608587,0.000204644416403511,2.03291557378808,0.854287044771085,0.000571768479148027,0.134907736509628,0,0.00545295837099544,1.38396484630554,0.351884909310598,0.0189419289441822,0.0158476576080532,0.15548210005441,0.223355499278707,3.47199917307276e-05,0,0,0,0,0,0,0,0.000267344318183751,0,0,0,0,0,0,0.00022186869987563,0,0,0,0.0229334064452889,0,0,0,0,0,0,0,0,0.000482989040887257,0,0,0.0206083565569923,0,9.4824384393987e-05,0,0,0,0,0,0,0,0
0.00530304191324911,0,0.000852976470349081,1.68775341021747,0.000867916133201474,4.53514563399943,0.0144981319339116,0.0978551863484369,2.30445225462617,0.804193501836602,7.22864983980151e-05,0,0,0.0129246119683183,0.978927927795755,0,0.000184868139845428,0,0,9.47914282057678,0.000171206288500292,0,0.000211899235160078,1.72806391292251,0,0,6.29677513441377e-05,0.00905778549081638,0.0265669549513241,0.000462348528952762,0,0.00325217107985908,0.00128331667103979,0.0498137922005123,0.712132811540837,0.0486547694481162,0.00056551893675405,0.0222376673318925,0.00390025713531533,0.622504585280637,0.00643134975631425,0,0.000256017959176205,0.000734535659175062,0,0,0.000365473226029573,0,0,0,0,0,0,0,8.19161086275792e-05,0,0,0,0,0,0.00989725174863771,0,0,0.000185473418004851,0,0,0,0,0,0,0,0,0,0,0,0,0,0,0,0,0,0,0,0.0262843882904983
0.000577921851744307,0.224076593530558,0.00109310093701692,0,0.00133284069140427,0.000215712878886626,0.000449895926089611,0.00188829339917942,0.0217907004671401,0.000503445960335379,4.27663633089016,0,0,0.000425766824474265,0,0.0107050269632117,0.000456026969780695,0.0108372687610402,0.0049396971358396,0,0.00100191669053857,0.0789298844886631,0.003669959859985,0.00927491698879301,6.98206356606937,0.280580088520441,1.06497428782927,0.000805181217562459,0.0042594242985267,0.0013220124924067,1.6195107893497,0.00245237474753732,0.000458470865202824,0.0259926078007235,0.00188386782388368,0.716888253735313,1.47910186953973,0.989173891323387,0.291907987589169,0,0.00515547856011608,2.81193139813209,0.00735026649085002,0.00139566670570301,0.0003888191443776,0.00082450921852001,0,0,0,0,0.00835362011218989,0,0,0,0,0,0,0.000415828976217152,0,0,0,2.63178300777862,0,0,8.19941376734665e-05,0,0,0.00111233522469039,0,8.30412706305256e-05,0.00457724083174048,0.000148844072419237,4.56130760081407e-05,0.729362885775498,6.40446286878779e-05,0.0098908316188605,8.91831096281887e-05,0,0,0.0574471853895835,0,0,0,0.000606264028938785
3.81933587007758,0.000818239023532581,0.0772276922617417,0.00727307140920505,0.00139739675376754,0.048905588414502,1.44818822504568,2.30264044021877,0.0204747172917685,0.422081441836111,0.000883445073418177,0.0129246119683183,0.000425766824474265,0,0.00334619982091736,0.00274092983817571,0.0243050686763584,0,0.000519989675508227,0.00694828971354423,0.0258995293240827,0.00901852854545335,0.0497039120708786,0.0243235579642959,0.000858299405174326,0.00669950307363896,0.0115446080342793,0.0806304404880916,4.60705244126098,0.14199230196745,0,0.0180324719686026,0.0298117565422275,0.363060948411855,0.000161188862391839,0.0202782983996672,0.00587738454975523,0.158365957695442,0.0420816734019748,0.00309766371429335,0.0285824408565374,0.000547885243291151,4.12198436298052e-05,3.17847140739605e-05,0.00011958029208553,0,0.000318156324834451,0,0,0,0.000354003899358401,0,0,0,0,0.000233104217536945,0,0.00697951572784673,2.01628287596758e-05,0,0,0,0,0,0,0,0,0,0,0,0.00149862089516263,4.12993250899171e-05,0.00357212394353367,0.00020075353122573,0,0,0.000173897605271231,0,8.80984496012013e-05,0,0,0,0,0
0,0,8.5943382359191e-05,0.000970728172359062,0.372486236410821,4.55490345887947,0.00130098791492426,0.0439813491806349,0.177124829710215,0.00715846726337601,0,0.978927927795755,0,0.00334619982091736,0,0,0,0,0,0.00421850301277735,5.56064006141783e-05,0.000151021979087188,0.000397154256670253,0.00668022876877819,0,0,0.000112142034338653,0.00013776372883034,0.00482226724486976,0,0,0.00301836915807325,0,0.00657604576599174,0.493972364114258,0.00654575726298063,0.000617021548965908,0.00552133429654502,0.00332625898943244,2.23361471436199,0.0819965889296354,0,0.00487032250398972,0.0024129425764954,0.00403020512185932,0.00593286885748399,0.00784475013058333,0,0,0,0,0,0,0,0.00127059915722266,0,0,0,0,0,0.000749132288970208,0,0,0,0.00016023796472666,0,0,0,0,0.000289163770962435,0,0,0,0,0,0,0,0,0,0,0,0,0,0.0417397655245755
0.00382973012960421,0.168430666981156,0.0184918072911172,0,0,0.000177868400076119,0.0103998744731999,0.000603244061592781,0.0479543116901877,0.000887904513015747,0.000604850046903516,0,0.0107050269632117,0.00274092983817571,0,0,0.0109790867714418,0,0.00158806671563316,0.000117462091387158,0.0647407309670738,6.73034005163209,2.09965200432334,3.33567388876261,0.0477377901273265,0.0109611638398178,1.31254660798601,0.193375020373382,0.00412203073611785,0.0224647920389819,0.000127430223803612,0.00145000849086055,0.00411211536841679,0.0330887344096526,0.00399220971465262,0.235321535505895,0.0930890812924683,0.240012251152113,0.224851651392928,0.0147889412471715,0.00282996076709321,0.00295437236209183,0.00687733726627492,0.00124073943333192,0.00113015301059079,0.00264170824559708,0.0020769565133202,0,0,0,0.0103151756024273,0,0,0,0,0,0,0.0859465715110312,0,0,0,0.000253808343308058,0,0,0.0711893625390874,0,0,0,0,0.00482339549992736,0.417348746473893,0.0217259175373417,0.00474870804375632,0.00645992859665925,0.000516557135141088,0.00532199140774902,7.823371933776e-05,0,5.49783973579558e-05,0,0,0,9.45661156901995e-05,0.00127148181853611
0.0451128921060586,0.0178681798634076,1.98973038782284,0.00075701931993031,0,0.000321532354521894,0.0216641116596146,0.00307399178796557,0.00290707688813572,0.00135594334583549,0.000307164877021497,0.000184868139845428,0.000456026969780695,0.0243050686763584,0,0.0109790867714418,0,0,3.29574517723034,0,0.0823068432039951,0.0210144537122503,3.87294635692863,0.00597094853775851,0.00425200916676483,1.81006808621118,0.225177660314459,0.0217895729132237,0.234455720272138,0.0675928387649187,0,0.000138053353878074,0.0387420441239679,0.838064249798458,4.51319146424917e-05,0.0174538192611605,0.0528535740631864,0.101623702338899,0.0210469885500316,0,0.000516915905455533,0.000597733588124955,0.000342839286322145,0.000111950833104371,0,0,0,0,0,0,0.00130173543798246,0,0,0,0,0.000153311973947376,0,0.00187776282195886,0,0,0,0,0,0,0,0,0,0,0,0,0.00232856867740358,0,0.000222857833085111,0.000552706716174853,0,5.20472664639212e-05,0,0,0,0,0,0,0,1.04649020777457e-05
0,0.00108008862762329,0,0,0,0,0,0,9.56333297577371e-05,0,2.32721231656524,0,0.0108372687610402,0,0,0,0,0,0.498710675074232,0,0,0.00050637736086347,0,0,0.0230856510368374,0.054715427605573,0.00516157944048396,0,0,0,0.000268639247488423,0,0,0,0,0,0.00376398688962695,0,0,0,0,0.00032784868357949,0,0,0,0,0,0,0,0,0,0,0,0,0,0,0,0,0,0,0,0,0,0,0,0,0,0,0,0,0.000216476577737094,0,0,0.000950978920349232,0,0,0,0,0,0,0,0,0,0
0.00224600662516539,0.0158459235201551,0.0239048906251799,0,0,0,0.0011078843475762,0.000218618011306823,0.00127323766083107,9.57663528576261e-05,0.299170908890721,0,0.0049396971358396,0.000519989675508227,0,0.00158806671563316,3.29574517723034,0.498710675074232,0,0,0.00125342442298012,0.00439034106192407,0.00415521502924535,0.000768876843316407,0.038837731334619,2.55056751973574,0.0904890564152023,0.00110652280898028,0.000855451101966067,0.0019770240150077,0.00109618766094758,0,0.000837606129344678,0.351548031731739,0,0.0019600636864418,0.0817230510713088,0.0327036264390418,0.00573196815785744,0,0,0,0,0,0,0,0,0,0,0,0.000408057057023174,0,0,0,0,0,0,0,0,0,0,0.000247137008525303,0,0,0,0,0,0,0,0,8.30110480145706e-05,0,0,0.00451543999213658,0,2.21884397525293e-05,0,0,0,0,0,0,0,0
0.00680497855419313,0,0.000919328910348542,10.3350761575418,0,0.101613865215002,0.0216692934481762,0.00800424207742341,0.169293010943699,2.70685575432023,0,9.47914282057678,0,0.00694828971354423,0.00421850301277735,0.000117462091387158,0,0,0,0,0.000101364211243904,0.000514485490192979,0.000300558019173203,1.43817466949607,0,0.000111674623077102,3.59060175915034e-05,0.0828115048977848,0.0075000023112374,0.000104720759930358,0,0.00119735385629365,0.0191938661094598,0.0196662543970457,0,0.00259635266524901,0.000320840653529338,0.0113628702485941,0.00777523473037201,0.0189707308149163,0.00270809592058341,0,0,0,0,0,0,0,0,0,0,0,0,0,0,0,0,0,0,0,0,0,0,0,0.000635590964595895,0,0,0,0,0,0,0,0,0,0,0,0,0,0,0,0,0,0,0
0.0407651081927615,0.00140044617902369,0.240807022898237,0.00108570341378755,8.18096170665484e-05,0.000885895092802901,0.124182576980698,0.00380880807062758,0.00478561709440074,0.00368425344769087,0.000121169423008985,0.000171206288500292,0.00100191669053857,0.0258995293240827,5.56064006141783e-05,0.0647407309670738,0.0823068432039951,0,0.00125342442298012,0.000101364211243904,0,0.013333227997738,7.82371011395368,0.0171010278769134,0.000378600453816755,0.00742444438395996,0.0428432628153548,2.31798950113712,0.213560809849966,4.43177790587569,0,0.0026846261924804,0.0930281384395407,0.609985275129475,0.00377843833022199,0.129788284690427,0.0136871272149649,0.29900987265878,0.21372404473179,0.0112322213616378,0.00513930870839155,0.000477515348069443,0.00379030100365979,0.000390284501521233,0.000337016646343445,0.00080444082152096,0,0,0,0,0,0,0,0,0,5.3198468498225e-05,6.36287281306986e-05,0.00343982630124921,0,0,0,0,2.93611887572233e-05,0,0,0,0,0,0,0,0.0049952214133253,0.000178286736321441,0.000242201109807515,0,0,0,0,0,0,0,0,0,0,0.000908918518700392
0.0133974525967035,2.41911803069903,0.0159812150842619,0.000337340106863128,0.000168400833120072,0.000761118107202535,0.0219364935078535,0.00155150731679607,2.9145618365445,0.0030357106626216,0.00394331871048884,0,0.0789298844886631,0.00901852854545335,0.000151021979087188,6.73034005163209,0.0210144537122503,0.00050637736086347,0.00439034106192407,0.000514485490192979,0.013333227997738,0,0.0164296167034456,1.06112689457338,0.398509094787651,0.023989254052601,1.18531647446011,0.019175561179664,0.0138721551157684,0.0488460895977217,0.000347541221675544,0.00113266134175848,0.0200224315025608,0.0613626690022164,0.00209472343057947,0.233470370236077,0.157063668404263,0.33094243976158,0.23940314577074,0.00501598373382468,0.00248627256243389,0.0185831983385793,0.00543006027977696,0.000659979801532419,0.000469138511338448,0.00112739200969948,0.00387523934634188,0,0,0,0.243423726484154,0,0,0,0,5.06311695977826e-05,3.84397697354541e-05,0.27368619554208,0,0,0,0.00121351609285024,0,0,0.00969453576125241,0.000451979838213263,0,0,0,0,1.05072417191479,0.000355303095288856,0.0309821557762888,0.0913739229176726,0.000696043432262877,0.0155375013784349,0.000269191720372567,4.33036402170866e-05,3.05685937467344e-05,0,0,0,0,0.00067258024400344
0.0677534738450641,0.000930341681285989,4.41415551967499,0.000758170739393506,0.000153968963882101,0.00137518166977412,0.186415116541189,0.0072317216136359,0.00536077972479355,0.00702050173161232,8.04094052357348e-05,0.000211899235160078,0.003669959859985,0.0497039120708786,0.000397154256670253,2.09965200432334,3.87294635692863,0,0.00415521502924535,0.000300558019173203,7.82371011395368,0.0164296167034456,0,0.0318680169364965,0.00142525527951219,0.0354337601098314,1.66198258547809,0.460112246301296,0.792825077973079,0.326955642413432,0,0.00191987347974467,0.121713003902244,0.444490263636448,0.0141803261745498,0.391688361260944,0.0883300823779248,0.746339706291004,0.490589034605756,0.0345507198934756,0.00389080897433559,0.00293320339683543,0.0152677824619904,0.00203243102873545,0.000818013134458523,0.00181527274098791,0.000158954604395472,0,0,0,0.000356026218898654,0,0,0,0.000157339350309035,0.000118033302885787,0,0.00226111583513035,0,0,0,0,4.24268639890612e-05,0,0.000153630665609467,0,0,0,0,0.000112882723173979,0.00367162994902072,0.000197870604133252,0.000797087415282589,0,7.47621897594711e-05,0.000281810338525176,5.7157899162945e-05,1.31472026512758e-05,4.57673243932405e-05,0,0,0,0.000123776613177361,0.00395655174945594
0.0220345753334526,0.066726759651356,0.0366161056284401,4.45972448069013,0,0.00496406948322077,0.163589278483225,0.00697998255786057,3.40148212235835,0.0308608069607105,0.000383703939858388,1.72806391292251,0.00927491698879301,0.0243235579642959,0.00668022876877819,3.33567388876261,0.00597094853775851,0,0.000768876843316407,1.43817466949607,0.0171010278769134,1.06112689457338,0.0318680169364965,0,0.0292827741256871,0.00796258484293589,0.0865681374752914,2.34172955846994,0.0373825561082929,0.0846457327060321,0,0.00230463446214006,0.0305861465541421,0.0503558950689804,0.000566904465986308,0.0812213169555884,0.0206609339009377,0.0802751573786004,0.070727185952196,0.0119053168758525,0.00357263510275273,0.00189047982422753,0.00151438161292683,0.000173395066918721,0.000350302072449856,3.91069328714447e-05,0.0067214144234287,0,0,0.000705445269576041,0.00580118366755872,0.000364541298524996,0.00252005674108802,0,0,0.00398379744308952,0,0.351441676887343,0.00050792947978405,0,0.000271572104037802,0.00022513361516263,0.0007532041442798,0.000140301357562964,0.00823140651405735,4.83876370190664e-05,0,0,0.000257087179172229,0.000771587093564756,0.13340620608708,0.000356871450102945,0.293066348074794,0.00647662320333499,0.000152397633708143,0.000979089931012301,0.00905180249888251,0.000272812813203753,0.00124936871420048,0,0,0.000234722049730446,0,0.000186157246290428
0.000571829361321722,1.81860111421859,0.000350585898953197,0,0,0.000923245213942282,0.00105099570204715,0.000620679343009778,0.0991581355007407,0.00033845208156074,0.299518868084731,0,6.98206356606937,0.000858299405174326,0,0.0477377901273265,0.00425200916676483,0.0230856510368374,0.038837731334619,0,0.000378600453816755,0.398509094787651,0.00142525527951219,0.0292827741256871,0,0.205042015177015,1.60152359986557,0.00132242275645517,0.00103222391732784,0.00164322726849869,0.0774662203025711,0.000654638806246933,0.00122681997764915,0.00383101744434954,0.000418978026528245,0.173761829723001,1.16424807762175,0.380688395382,0.184928988133132,0,0.000629399774129756,2.62548929807304,0.0056231758424237,0.00253315542308457,0.000521289920935138,0.00012973472577502,0.000200176198075129,0,0,0,0.0443061597453444,8.12783227680594e-05,0,0,0,0,0,0.00213135412353111,0,0.000525010041861548,0,0.645897814169456,0,0,0,0,0,0.00236740235698734,0,0,0.0273468958505432,5.1866397548654e-05,6.79888541352119e-05,2.89146109001998,0.00216154640425319,0.0254081318991715,5.26187192503424e-05,0,0,0,0,0,0.000141589213205279,9.23907180479574e-05
0.00640652858444241,0.0628660199770167,1.23512549564547,0.00019685683875597,0,0.000208059733573995,0.0146333247484576,0.000800208286110962,0.00477455224789694,0.000829593558534389,0.977066992536985,0,0.280580088520441,0.00669950307363896,0,0.0109611638398178,1.81006808621118,0.054715427605573,2.55056751973574,0.000111674623077102,0.00742444438395996,0.023989254052601,0.0354337601098314,0.00796258484293589,0.205042015177015,0,1.75834471253672,0.0121848281153856,0.00593553728519762,0.0101361543955851,0.163791614492956,0.000137975114566,0.00297661386081097,0.0445098909713358,0.000147776900906588,0.0320451373417037,0.215801056474441,0.0810168100097944,0.0186397662883712,0,0.000243989093937552,0.00138377148457995,0.000470671478789445,0,0,0.000149560231684605,3.80129173553007e-05,0,0,0,0.00265869929998814,0,0,0,0,0,2.20638012955632e-05,0.000553302115997975,0,0,0,0.000705501094084221,0,0,0,0,0,0,0,0,0.00163270264606155,0,0.000227620210430018,0.0270775444594116,0,0.00200129909329368,0,0,0,0,0,0,0,4.31136110376677e-05
0.00985336478609116,0.979762731200489,1.9018493574676,0.000836396609622342,4.02287775362951e-05,0.000409059762992374,0.0428604540915372,0.00181311390443233,0.0373764186051327,0.00320400798869971,0.0665942000062119,6.29677513441377e-05,1.06497428782927,0.0115446080342793,0.000112142034338653,1.31254660798601,0.225177660314459,0.00516157944048396,0.0904890564152023,3.59060175915034e-05,0.0428432628153548,1.18531647446011,1.66198258547809,0.0865681374752914,1.60152359986557,1.75834471253672,0,0.0600630324211216,0.00525254968341744,0.0167990278705911,0.270103176675203,0.000125262887784609,0.00214943305465496,0.0364683716965661,0.00722252095409741,0.489982035008733,1.1041354154703,0.816541908688201,0.215340212115535,0.00741980727441081,0.000325606950953609,0.0156921625867599,0.0104328284872295,0.00089166058456114,0.000568019551132907,0.00125298687622342,0.000576487555911781,0,0,1.91899316184904e-05,0.095923820366641,0,0,0,5.12453352934888e-05,0,1.56854470086142e-05,0.00430803861818309,2.28849347063947e-05,0,0,0.013486405362796,0,0,0.000597590714159306,9.06407037750949e-05,0,2.88037805724266e-05,0,0.000224261758743904,0.0643824221184331,0.000272099851711112,0.000715336019580796,0.105252207942455,0.00192535948020673,0.0191207013776871,6.31327264829479e-05,0,2.57930486742323e-05,0.00254388533545695,0,0,0,0.00289864644671223
0.0773434260633894,0.00138573963036126,0.172116640035417,1.83804637406216,0.000258934047480187,0.0229071203121482,4.32715307958925,0.0245916762965973,0.0640701944241244,1.44480534708396,0.000215305477431276,0.00905778549081638,0.000805181217562459,0.0806304404880916,0.00013776372883034,0.193375020373382,0.0217895729132237,0,0.00110652280898028,0.0828115048977848,2.31798950113712,0.019175561179664,0.460112246301296,2.34172955846994,0.00132242275645517,0.0121848281153856,0.0600630324211216,0,0.061918786618169,1.64506085609896,0,0.00391983578821876,0.048530438289539,0.169277567576895,0.0022699597973328,0.176296054035278,0.0270136196040568,0.178889286340095,0.146993702938043,0.00228623728728401,0.00761072071024812,0.00147250155934382,0.00332870739011576,0.000294757006996658,5.72243912787792e-05,0.000195411894002574,0,0,0,0.000256019951358657,0.000396302487281203,0.00034289795311237,0.00711616582032699,0,0,0.000359515487956442,5.70509890220876e-05,0.0173467881870799,0,0,0.000265128069006335,0,8.48354020793383e-05,0,0.000757806522332877,0.000136152865349362,0,0,6.35732083340565e-05,0.000101454842909687,0.0100384674568395,0,0.016302447690091,0.000353334092467799,0.000146390933218083,0,0.000915646605745626,0,0,0,0,0,0.000125860091858936,0.000584984000724543
0.707806568181715,0.00130599747924265,0.0373566558577036,0.00533505725534869,0.01296342117782,0.117004018094096,0.104437848824985,0.632808969789507,0.0298613647239908,0.0465985122482014,0.0294650416608587,0.0265669549513241,0.0042594242985267,4.60705244126098,0.00482226724486976,0.00412203073611785,0.234455720272138,0,0.000855451101966067,0.0075000023112374,0.213560809849966,0.0138721551157684,0.792825077973079,0.0373825561082929,0.00103222391732784,0.00593553728519762,0.00525254968341744,0.061918786618169,0,3.3772699764017,0,0.933756218665023,3.58461068737339,4.07011675819451,0.000416145354110417,0.0832882404875129,0.0150468981427097,0.574665005257527,0.159124655341444,0.00680373376213383,0.242974695068774,0.00247962278126126,0.000321601692206003,0,0.000254399624797043,0.000343061497052543,0,0,0,0.000105454127350454,9.54285084681337e-05,3.77775674983575e-05,0.000174333885515035,0,0,0.000577216281819773,7.11579293629673e-05,0.0177514073680954,0.000213991987996669,0,0,0,0,0,0.000633806560705847,0,0,0,0,0.000225305895748124,0.00369843392566912,0,0.00561567695676806,5.30351807800206e-05,4.8947166528257e-05,3.93013893063026e-05,0.00086750628851007,0,0,0,0,0,0,4.21058207120215e-05
0.279087967990586,0.00448030538710583,0.144358670306828,0.00139262841987941,0.000501474089794863,0.00149814983111015,2.29816115880367,0.0139966095717599,0.0372878256389474,0.00604250625593978,0.000204644416403511,0.000462348528952762,0.0013220124924067,0.14199230196745,0,0.0224647920389819,0.0675928387649187,0,0.0019770240150077,0.000104720759930358,4.43177790587569,0.0488460895977217,0.326955642413432,0.0846457327060321,0.00164322726849869,0.0101361543955851,0.0167990278705911,1.64506085609896,3.3772699764017,0,0,0.00436943061270075,1.10004652494044,1.13302604117129,0.000743119210344699,0.115831369095535,0.0130907138068472,0.215611892585622,0.137640052605792,0.00156255906346637,0.0100774285677962,0.000289430240332877,0.000665738618819661,6.66348219002027e-05,0,0.000446301002943073,0.00112071143376904,0,0,0,0.000670646605895131,0,0,0,0,0.00121011574089227,0.000160042335755357,0.0453536355706667,0,0,0.000753561290598066,4.82597992888063e-05,5.20436863438707e-05,0,0.00139550342501145,0,0,0,0,0,0.015326591493752,3.5721391605837e-05,0.00902232672636827,0.000232566716122504,7.45428407224742e-05,0.00014086726416489,0.000807845381389886,0.000165023461367456,0.000259184214587215,0,0,0,0,0.000312800511577167
0,0.00317735923630932,0,0,0,0,0,0,0,0,2.03291557378808,0,1.6195107893497,0,0,0.000127430223803612,0,0.000268639247488423,0.00109618766094758,0,0,0.000347541221675544,0,0,0.0774662203025711,0.163791614492956,0.270103176675203,0,0,0,0,0,0,0,0,0,0.00588508504763773,0.000352072586383426,0,0,0,0.00413603146593704,0,0,0,0,0,0,0,0,0.000153471138720877,0,0,0,0,0,0,0,0,0,0,0.0135703664590962,0,0,0,0,0,0,0,0,0,0,0,0.00558843009335994,0,0,0,0,0,0.0374156311788349,0,0,0,0
0.00540877602356713,0,0.00037078575400903,0.000536741145437248,3.30061088226634,0.848205689381687,0.0028763844366826,0.114230846389388,0.000900928094359071,0.00259293699051133,0.854287044771085,0.00325217107985908,0.00245237474753732,0.0180324719686026,0.00301836915807325,0.00145000849086055,0.000138053353878074,0,0,0.00119735385629365,0.0026846261924804,0.00113266134175848,0.00191987347974467,0.00230463446214006,0.000654638806246933,0.000137975114566,0.000125262887784609,0.00391983578821876,0.933756218665023,0.00436943061270075,0,0,0.00745407172692132,1.73100524612785,0,0.0134147183910465,0.00534298272090951,0.397717760671014,0.17850788198887,0.107112190039529,2.73280086511312,0.00464330835407843,0,0,0,0,0,0,0,0.000384812429995985,0,0,0,0,0,0,0,0.000354136317772258,0,0,6.41149195053348e-05,0,0,0,0,0,0,0,0,0,0.000185567307474986,0,0,0.000329282713751058,0,0,0,0,0,0,0,0,0,3.39063363600507e-05
0.0669564660136845,0.00402136732898258,0.0230655388175761,0.00523026489652351,0.00124737862784831,0.00272448747031399,0.0338024369944825,0.00815201221709475,0.030083954045227,0.0296651309541177,0.000571768479148027,0.00128331667103979,0.000458470865202824,0.0298117565422275,0,0.00411211536841679,0.0387420441239679,0,0.000837606129344678,0.0191938661094598,0.0930281384395407,0.0200224315025608,0.121713003902244,0.0305861465541421,0.00122681997764915,0.00297661386081097,0.00214943305465496,0.048530438289539,3.58461068737339,1.10004652494044,0,0.00745407172692132,0,4.10025240311783,6.1498470060652e-05,0.0681857674294005,0.00736546952342964,0.371033307122633,0.214078162277918,0.000746289134338262,0.0252441937392508,0.000589445198759926,0.000158543110613737,0,0,0,0.000642735509840821,0,0,0,0,0.000254463587097388,0,0,0,0.000173974014174582,0,0.0283246585685203,0,0,0,0,0,0,0.00211488745077659,0,0,0,0.0003792601690411,0,0.00863085070566635,9.51871444987667e-05,0.00590299896006746,0,0,0,0,0,0,0,0,0,0,0
0.137224595634162,0.00541432309436976,0.0337431640390392,0.00575603657471619,0.340595767205636,0.17888587890725,0.0924283043065866,0.382061662423157,0.0271283824035081,0.0956366562460658,0.134907736509628,0.0498137922005123,0.0259926078007235,0.363060948411855,0.00657604576599174,0.0330887344096526,0.838064249798458,0,0.351548031731739,0.0196662543970457,0.609985275129475,0.0613626690022164,0.444490263636448,0.0503558950689804,0.00383101744434954,0.0445098909713358,0.0364683716965661,0.169277567576895,4.07011675819451,1.13302604117129,0,1.73100524612785,4.10025240311783,0,0.0006605596900068,0.243182210222749,0.0445385783735225,2.80810118310782,0.667610496603575,0.0597427643145068,1.77717642866459,0.0152651674768773,0.00140046537145035,0,0.000278703838990943,0,0.000108110155367493,0,0,0,0.000160003175558067,0,0,0,0,0.000496983812077012,0.000192596365684111,0.0406833794952653,0,0,0,0.000449960318381079,6.50201956535774e-05,0,0.000720116853179949,0,0,0,0,0,0.0218044086880558,0.000139951480725794,0.00732955742516237,0.000244902484299488,0,0,0.000399132127201718,0,9.05607193263467e-05,0,0,0,4.78595844674509e-05,0.000243133583960515
6.59144431745355e-05,0.000128277674904026,0.000452903393590996,0,0,1.68516557706623,0.000798462052764534,0.0617286801314587,0.00997686759372914,0.202235777973895,0,0.712132811540837,0.00188386782388368,0.000161188862391839,0.493972364114258,0.00399220971465262,4.51319146424917e-05,0,0,0,0.00377843833022199,0.00209472343057947,0.0141803261745498,0.000566904465986308,0.000418978026528245,0.000147776900906588,0.00722252095409741,0.0022699597973328,0.000416145354110417,0.000743119210344699,0,0,6.1498470060652e-05,0.0006605596900068,0,0.126167707329519,0.0549523605953711,0.0349450668976481,0.0341934303498628,0.000697186991017073,8.07317165971008e-05,0.00128983740061035,0.120641725943164,0.0210804368316517,0.0140274991356853,0.0163900709913886,0.00482774868684326,0,0,2.12713611673658e-05,0,2.52403316392978e-05,0,0,0.00755655491898414,0.00026862588851804,2.24816988577642e-05,7.55912447821021e-05,0.000373801520925457,0,0.0274139923776199,4.79212441180446e-05,9.37670966342068e-05,0.000554218574594678,0.000976913341764691,0.00014776603950494,0,1.41322966663371e-05,0,0.00182498254197291,0.000802631582441123,0.00311727770776428,0.000649517331762992,0,0.000110145175252964,0.000396485072435504,0.00102347333536826,0.000115537475140083,0.000394687077580483,0,0,0.000121093900902282,0.000719819064596934,2.1032677663524
0.0239143086842258,0.0252264448407288,0.0581419524756932,0.00327635228511985,0.0134690043797695,0.00839054750490707,0.0447167807462803,0.0101364718892359,0.18211513932834,0.010983853777718,0.00545295837099544,0.0486547694481162,0.716888253735313,0.0202782983996672,0.00654575726298063,0.235321535505895,0.0174538192611605,0,0.0019600636864418,0.00259635266524901,0.129788284690427,0.233470370236077,0.391688361260944,0.0812213169555884,0.173761829723001,0.0320451373417037,0.489982035008733,0.176296054035278,0.0832882404875129,0.115831369095535,0,0.0134147183910465,0.0681857674294005,0.243182210222749,0.126167707329519,0,6.39837845789623,1.3123306785263,2.09586284645249,3.36867638425339,0.0615769598284879,0.669595546014397,0.269419499035676,0.0589680093750838,0.0276732626646447,0.0362981858808649,0.00317613722287644,0,0,5.05912529254718e-05,0.0061953662886497,0.000151984998340783,0.00013784925585316,0,0.000516483325801572,0.000709731446570517,5.00763627790486e-05,0.0495598194970153,0.000241003348396664,0.000163553200025923,0.000372393754714899,0.00412500210435868,0.000189304083081143,0,0.0046161078077701,0.000867170276640412,0,3.90105214461355e-05,0,0.00346016237858257,0.069060512276287,0.00573324635623411,0.00748055048266191,0.00128253032212846,0.000177593330120445,0.00276363969791562,0.00284003767744675,2.8096709761984e-05,0.000824268158645475,0,0,0.000423685024994215,0.00155259513677415,0.0372307604025785
0.0054285764955662,0.108248333010773,0.115271866763546,0.000373284692576428,0.000725013066468286,0.00116398711920179,0.00916136608067757,0.00437191014887612,0.00631493967457555,0.00110803307724736,1.38396484630554,0.00056551893675405,1.47910186953973,0.00587738454975523,0.000617021548965908,0.0930890812924683,0.0528535740631864,0.00376398688962695,0.0817230510713088,0.000320840653529338,0.0136871272149649,0.157063668404263,0.0883300823779248,0.0206609339009377,1.16424807762175,0.215801056474441,1.1041354154703,0.0270136196040568,0.0150468981427097,0.0130907138068472,0.00588508504763773,0.00534298272090951,0.00736546952342964,0.0445385783735225,0.0549523605953711,6.39837845789623,0,3.17699508548288,1.84452022287023,0.0772307929861645,0.00529301148540735,2.31178683502786,0.157766661152669,0.00818496328299047,0.00590621628815242,0.0328283476630414,0.00394575047804805,0,0,0,0.0102843556522133,0.000239452120064466,0,0,0.000313162912521879,0.000291765304616159,0.000118772461293842,0.00634510180726597,4.20755105433497e-05,0,0.000633591846981925,0.0504187727307225,4.63543434650929e-05,0,0.00113923269205391,0,0,0,0,0.00133728320813014,0.0213393651036111,0.000734282709501631,0.000891135072804548,0.0318269090794899,6.04288580448105e-05,0.002400548952951,0.000280512922445283,0,0.000214691976388357,0,0,0,0.000126203249204591,0.0234902769499924
