0,0,0.000429390598294341,0.00586023552241041,0,0.0238801138028836,2.28142398017549,0.34003067583091,0.00857014765410746,0.065895654154135,0.00224086991325194,0.00195160405118209,0.000345960928007614,4.15136557202455,0.000564518817903234,0,0,0,0,0.040729631257185,0.0165786363010609,0.000164341602852526,0.0187661100579729,0.00828144343578413,0,0,3.60180879001989e-05,0.0270174171345979,1.02263879315647,0.21691006933077,0.000290176929230196,0.00716128522154089,0.0659180021512207,0.127664614118672,0,0.00718482349207425,0.0026027241323712,0.0665484057524675,0.0108357839150899,0.0100258427475352,0.00325355034773454,0.00258020031776404,0.000309923299839185,0,7.51461144164987e-05,0.000335410737102417,0,0,0.000456496565328229,0.000322182192579188,0,0,0.000347145315472455,0,0.000161917215870036,0.00021143463995443,4.8404402494295e-05,0.00198108811281827,0.000231173963657186,0,0.000699943082446176,0,0,0,0.000235824321960034,0,0,0,0.000344870773858514,0.000405044637606966,0,0,0.0022425899474395,0,0,0,0.000772230584322568,0.000200490190007754,0,0,0,0,0.000146781690964876,0
0,0,0.0278878421195025,0,0,0,0,0,0.0967136005751752,0,0.00854347475219067,0,0.105417982422115,0,0,0.0611845188279795,0,0.00326886559706512,0.00128522865967836,0,0.000739681148348036,1.18556388559916,0.00050932409020826,0.0502531695096612,3.27606335329025,0.0725915964774791,1.0579107164712,0.00385290032333806,0,0.000485900324963645,0.0313751807358699,0,0,0.000764957334805553,5.98525817010051e-05,0.0032622284748683,0.214890549478283,0.0120122055994842,0.000326774519388024,0.00119370545282112,0,0,0.000956932105700531,0.00252061714509557,0.00224125380951592,0.00137694091106777,0.00158209909716169,0,0.00604146554632571,0,4.82256547941001,0.000530083768897585,0,0,0,0,0,0.0328456710898044,0,0.00415528295971094,0,0.0105580901179105,0,0,0.00448594556547317,0,0,0.00095432589761473,0,0.000337768701213898,0.137499312571943,0.000217121913395017,0.0053322972995377,0.477472732020915,0.00177613232973711,0.0783770021440683,0.000163731387774177,0,0,0.00367427863290239,0,0.000343109739359769,0.000468211302305094,1.269377100333e-05
0.000429390598294341,0.0278878421195025,0,0,0,0,0.00251642725920898,0.000189353713625186,0.000680582448325666,0,7.99223897418747e-05,0,7.22247108888223e-05,0.000378800615178597,0.000851923506933576,0.0279702160891393,1.42045847906786,0.000216793799717174,0.00741151053598681,0,0.191451267453856,0.0121106911541279,3.33373277558776,0.0144349977462989,0.000760951967230658,1.70781189640193,2.22543641125463,0.0586722171734946,0.000732484843183698,0.0433916786603855,0,0,0.00096548119632681,0.0053008279276709,0.00268493055749273,0.061463218964131,1.75170367366698,0.156078561261587,0.0312511687877768,0.000100231754823394,0.000167990971928359,0,0.00173658195266313,0.000393855071084914,0.000671309792989083,0.0014774483780839,7.19371189024064e-05,0,0,0,0.0581642957637101,0,0,0.000131039218644604,0,4.81643730678807e-05,0,0.00165725036874862,0,0,0,0,0,0.000509008915494534,0.00050279631286591,0,0,0,0,5.45758356597218e-05,0.0107818566538792,0.000317512949947658,0.000163273407892725,0.000271611346742896,0,0.00620969091374994,5.12386594793825e-05,0.000107094596193577,0,0,0,0,0.000352459219025946,0.00142538171469927
0.00586023552241041,0,0,0,0,0.0170482144459688,0.05395702387145,0.00164607036775677,0.0462086789680206,0.650737281850431,0,0.747400899424188,0,0.00506540563688359,0.00109289899100424,0,0,0,0,12.1460839545133,0,0.000500654553517096,0,4.44034197259617,0,0,0,1.39767612557895,0.000632656010702134,0.000112564231023927,0,0.000214082524438108,0.000185027202969062,0.000852037339448192,0,0.000461496932508994,0.000164926658344916,0.000272808991070503,0,0.00444065908386656,0,0,0.00128065768337971,0.000238470488220359,0.00116906751452132,0.00141655745321934,0.00488443257006485,0.000914255045870679,0,0.000747202354112955,0,0,4.4649524990058,0.000107404343625609,0.0021656956718754,0.00324946883333388,0.00164163696707823,0.0145795823301899,0.0562835478116017,0.00016956854354936,0.215793654309166,0,0.00143206601537949,0.00108724911090109,0,0,0,0,1.74007979138336,0,0,0,0.161403772708714,0,0,0,0.0413940579201805,0.00118667809067816,0,0,0.000507040248405005,0.000965086912442593,0.00137650580881518,0
0,0,0,0,0,1.62162484338987,0,0.0176349373588541,0,0.000139950358732844,0.00148639045570693,0.000883679369584021,0.000369087137765131,0.00802320389309956,0.00204705533813406,0,0,0,0,0,0,0,3.19888208566432e-05,0,0.000341773191409184,5.38942375184807e-05,2.57091061272897e-05,0.000517080889740895,0.0526549216849844,6.81194920716189e-05,0,1.40694872780174,0,0.065839196165392,0.0346528439249863,0.000754868348247234,0.00387218753591203,0.00710520572134108,0.00131530418673331,0.363099772866398,0.879518298861295,0,0,0.00165292548944485,0.00189853761043578,0,0,0,0,0,0,0,0,0,0,0,0,0,0,0,0,0,0,0,0,0,0,0,0,0,0,0,0,0,0,0,0.000166284572789915,0,0,0,0,0,0,0.00315802401958796
0.0238801138028836,0,0,0.0170482144459688,1.62162484338987,0,0.265407485837686,1.61240480469964,0.017396756505386,2.54278845488775,0.00203611514282382,1.40247867712615,0.000191210733912147,0.334980023077186,1.54906998731372,0,0,0,0,0.392505165472793,0.000130592830937238,6.36863752724549e-05,0.0002943388175521,0.0158565350965006,0,4.46090924914634e-05,0,0.0678010020839584,0.19303178985925,0.00178769662660661,0.000125347407463561,1.1505845242364,0.00052762450705815,0.110571719633196,0.369086848960072,0.00189602507318514,0.00136597253805648,0.0120250190534664,0,2.05660508439622,0.123387826833176,0.000252631746927561,0.000255243614690795,0,0.000353659051329795,0,0.000930994671830847,0,0,0,0,0,0.00043162078098027,0.000214871907024692,4.58012904646574e-05,0.000244985199432274,4.61870023265041e-05,0,7.03217964707001e-05,0,0.000764126410686275,0,0.000128331212716215,6.5598315163215e-05,0.000117795537537277,0,0,0,0.000270740423051968,0,9.96743391119123e-05,0,0.00165680634577543,0,0,0,0.000513875766101736,9.45562776320267e-05,0,0,0,0,0.000135190855351799,0.00079259734121732
2.28142398017549,0,0.00251642725920898,0.05395702387145,0,0.265407485837686,0,0.210731072783455,0.0503075761879811,2.40426829734666,0.000792138832724982,0.00629674313285902,0,1.07425274504995,0.00178141023169888,0.000375617950742277,0.000238578882623131,0,3.14973574733787e-05,0.0912274695465052,0.0293172345454737,0.00143602418725456,0.0244797965997212,0.249202124745586,8.74093662092262e-05,5.06412543879011e-05,0.0013496576403106,2.59949084193169,0.127180087963206,1.80462065247261,0,0.00158032297236822,0.013223717505878,0.0370013193050562,0.000241407290638479,0.00242175484702004,0.000779986272573267,0.0203787348323998,0.00240958993648185,0.00855620199879715,0.000176518774680621,0.00020690887528109,0.000856615013109166,3.2010260892642e-05,0.000680915720802774,0.000866616952718927,0.00174261321126431,0,0,0.00010589597946231,0,0,0.00110069518210131,0,0.000708391901281359,0.0022230490820702,0.000408018833462513,0.00200214103509217,0.000363112199398428,0,0.0006058105955031,0,0.000528537427472862,9.91105262296739e-05,0.000204000494656398,0,0,0,0.000478986883258453,0.000167313828285955,0.000628468097495506,0,0.00794250028374234,0,0,0,0.00388649996350459,0.00024773444881214,0.000247266535169355,0,9.14117599564107e-05,0,0.000767634615389461,0.000117797023702953
0.34003067583091,0,0.000189353713625186,0.00164607036775677,0.0176349373588541,1.61240480469964,0.210731072783455,0,0.00245875050181894,0.165808513648626,0.000874023124017809,0.0193254325497316,9.5077973959978e-05,5.26076636327363,0.00202103925305352,0,0,5.67870921764253e-05,0,0.0412346845108161,0.00227055414717842,0.000206686394248506,0.00178371480219019,0.00367962993892058,0,0,0,0.0090537070895985,0.287421935756645,0.0273701652544139,0,0.713695891239062,0.00158261461613585,0.0380432217189941,7.55652773578849e-05,0.00127202237915962,0.000258567669183642,0.00759753505350775,0.000658366935795192,0.0148821921328611,0.00715512321135106,0,9.92471052251725e-05,0,7.30756049784299e-05,5.99483198030996e-05,0.000194237974976521,0,0,0,0,0,0,0,2.95205316511659e-05,0.000135185612805172,0,5.28976535184851e-05,4.23092329390575e-05,0,0.000113921656066919,0,5.38212531998818e-05,0,4.46795231452499e-05,0,0,0,0.00020446789904376,0,9.19237425330011e-05,9.41515322710356e-05,0.000378652356640577,0,0,0,0.000219739537464024,0,0,0,3.98652734648534e-05,0,0,0
0.00857014765410746,0.0967136005751752,0.000680582448325666,0.0462086789680206,0,0.017396756505386,0.0503075761879811,0.00245875050181894,0,0.0126885910242537,0.000490093302774213,2.14061051620366,0.00340219694038116,0.00486423726119521,0.219696480090601,0.00434901028722612,0,0.000124022844980995,0,0.29714487244189,0.000493008288765143,1.8780970811355,0,4.90794275038596,0.04227659101889,0.0023215890134439,0.0382538093458013,0.183232355479814,0.0010803458845783,0.0040727411513111,0.00119886679024912,0.000179377690507493,0.00551125493843224,0.00268714170709777,0.00213609899472504,0.0533573457691075,0.00388192701141533,0.00216810695752742,0.000797278005211873,2.53236228510987,0,0,0.0599609813156814,0.00686578743856817,0.0273066589624602,0.0299434279952626,0.382189845224151,0.00443904093801387,0.00126607954073699,0.0100600714269862,0.0387493405758007,0.000578115077329439,0.0784041006355923,0.000533716696888443,0.0237069505356937,0.0511396752043014,0.00797375361616409,0.741241882363264,0.0216333709880403,0.000804374762455482,0.149172295291277,0.00142303937363943,0.00972683228979956,0.0503208126745547,0.0334859619030179,0.00011145031919238,0,0.000157641942744903,0.0758804409313302,0.00653802780192738,0.224671101444249,0.00225720899612756,0.529331870714454,0.00432138278572174,8.50297797086678e-05,0.00162878146124805,0.146973506476766,0.0152289801475999,0.00974634207878211,0,0.000945439197839439,0.0279052504777604,0.0190347838533467,0.000220258354663018
0.065895654154135,0,0,0.650737281850431,0.000139950358732844,2.54278845488775,2.40426829734666,0.165808513648626,0.0126885910242537,0,0.000951595636026051,1.46971809410807,6.63600629208731e-05,0.491815837179649,0.00702452761769429,0,0,0,0,3.41592412649142,0,0,0.000126356842423749,0.0841991927905991,0,2.2097574594775e-05,0,1.6516247869773,0.0308650844039059,0.000319601942021995,0.000123747763623968,0.000948006820140933,0.00109774210219179,0.0397766158695863,0.000672352347122037,0.00168527994358287,0.000556738244815249,0.016766264321469,0.00151613861948105,0.0335875865889369,0.000148692657161094,0.000167571492052574,0.000350766543980663,0,0.000113096382065199,0.000108942798364355,0.000422542428054559,0,0,9.81793077623749e-05,0,0,0.000181697483453376,0,0,0.000341351088796423,3.25425573553938e-05,0.000113837608884187,0.000182018451142477,0,0.00111591662791425,0.000128117591792475,0.000111877639472027,7.66217531077895e-05,0,0,0,0,0.000239897179831393,0,0,0,0.00202785620637406,0,0,0,0.000603530206075692,0,0,0,0,0,6.37029552997019e-05,0
0.00224086991325194,0.00854347475219067,7.99223897418747e-05,0,0.00148639045570693,0.00203611514282382,0.000792138832724982,0.000874023124017809,0.000490093302774213,0.000951595636026051,0,0.000320320129543687,1.57504117341444,0.00414337610165317,9.96663513057289e-05,0.000101463351200027,0.0645369440104715,2.30006447741518,1.04400460734807,0.00141766937313531,0.000272212436819493,0.00429536192182704,0.000750487665934084,0.000564874117421466,1.32077664130635,0.597682138024758,0.0706982410596432,5.17335470559717e-05,0.0257829807099722,0.000788988063195664,0.603846801804438,0.0160977725068685,0.00204015888564847,2.56643251144914,0.00127207826345743,0.0725951292329355,1.49072675762719,1.39612734255131,0.0857095276020657,0.00359739917747535,0.00363451210833843,0.694105734523438,0.000798883768679872,0.0120402611627017,0.00293918998681939,0.00115016650922022,0.000128756610578928,0,0.00110460124151526,0,0.00312106677647726,0,0,0,0,0,0,4.9214986050167e-05,0,0.0413221819710553,0,0.0443624767210178,0.000109539496010446,7.6991380193864e-05,0,0,0.000456883952811144,0,0,0,6.39369517952543e-05,0,0.000114982229187932,0.011443841559121,0.0113734348796425,0.01400478679574,0,9.45185680248607e-05,0,0.0101673848133376,0,0,0.000268559677503544,0.000626908630481031
0.00195160405118209,0,0,0.747400899424188,0.000883679369584021,1.40247867712615,0.00629674313285902,0.0193254325497316,2.14061051620366,1.46971809410807,0.000320320129543687,0,0.000120384514302151,0.028068246504671,0.325324698691806,0,0,0,0,12.407159375139,0,0.00114761502138075,6.47257922538553e-05,1.3850537454249,0,0,6.74842467046546e-05,0.0168587859832424,0.0122512532290925,0.000213353016859479,0,0.000524092711600262,0.00052874877979428,0.0130764417217475,0.296326459665387,0.00615118975161742,0.000665802634962817,0.00568886053838763,0,0.736079969842967,0.000511436669140303,0.000123831167028847,0.00127562206039421,0.000481999271385668,0.00146653170456662,0.00102105040708196,0.0178427527737279,0.000608346295096582,0,0.000565028978367254,0,0,0.0526817031615521,0.000154090402278277,0.0208922115802671,0.000962544320447262,0.00252195205365554,0.0123493465991953,0.00451600247832677,0.000117133534793042,2.04462808610851,0.000138660687002615,0.00240024114112354,0.00353174583781892,0,0,0,0,0.782383565030267,8.10953476191312e-05,0,0,0.0144137438630919,0,0,0,0.00328702579041909,0.00232569212591632,0,0,0.000718848507847354,0,0.00153186082391469,0.00163435402547277
0.000345960928007614,0.105417982422115,7.22247108888223e-05,0,0.000369087137765131,0.000191210733912147,0,9.5077973959978e-05,0.00340219694038116,6.63600629208731e-05,1.57504117341444,0.000120384514302151,0,0.000125854245838706,0,0.00449661806583764,0,0.00420199950898368,0.0013747785923283,0.000229376199971923,0.000655199952515301,0.0453756256349478,0.000891616965943772,0.00432535053038515,2.83939600187293,0.0536131853539301,0.285816572318662,0.000991288894451407,0.00113549414184297,0.000506235889951689,1.04638042076909,0.000349386802455039,0.000557131001759026,0.0578403740425688,0.000275071397569063,0.238651388073042,0.672379299972507,0.281874917645823,0.305835873099852,0.00106440664564179,0.0079120794239803,1.43678227064542,0.0513836941398547,0.136504043882138,0.0856432410341409,0.045457901652581,0.00480339751737517,0.0086824087924201,0.116232658906727,0,0.0241156314358149,0.00046053068482819,0.000199573814563881,0.00286143293280941,0.00178421255249591,0.000429339599804209,0.000255316047508379,0.000324348251843384,7.82767553417082e-05,0.0729010985559499,0.000647645146122609,0.372395822679529,0.00085320517726959,0.000118383168566581,7.64935579179119e-05,0.00038502949279753,0.000814418504200796,0.000789872312579668,0.00108023785330579,0.000119794914755529,0.00128630685271018,0.000353794083180194,0.000413600647291941,0.0323557527850206,0.0126764888915026,0.0232552925051547,0.000267785683142353,0.00399303066244824,0.000118603623338586,0.0122557903103121,0.00548010205433608,0.000363256210177455,0.0089668298663071,0.000519520853355172
4.15136557202455,0,0.000378800615178597,0.00506540563688359,0.00802320389309956,0.334980023077186,1.07425274504995,5.26076636327363,0.00486423726119521,0.491815837179649,0.00414337610165317,0.028068246504671,0.000125854245838706,0,0.000911998441335766,8.23487563795817e-05,0,0,0,0.0836877607312002,0.00665238203866863,0.000498333842127731,0.00999361909960174,0.00598380742819895,5.80716328937138e-05,0,9.69436630428606e-05,0.0128804978049201,2.90788868579911,0.10036975552232,0,0.261895668126104,0.0278205696654989,0.182332452235411,0.000176264018185833,0.01203442695541,0.00242795782726871,0.0373231474678116,0.00143280267620281,0.0716501795631491,0.0148565320927426,0.000126869227166882,0.000507448006656945,3.39947692227114e-05,0.000100413968676387,8.19574329455884e-05,0.000429375334535652,0,0,0,0,0,0.000111426586661823,0,0,0.000221934579778374,0,6.86393189047621e-05,0.000173296899582703,0,0.000189512483265118,0,0,4.11721137828064e-05,0.000412401190490835,0,0,0,0.000112789291622733,0.000155418827167222,0,0,0.000878030529713628,0,0,6.83823495952708e-05,0.000591740335843701,4.77155722854771e-05,0.000161405448975607,0,0,0.000474701591451087,3.66212541256378e-05,0.000110844791697022
0.000564518817903234,0,0.000851923506933576,0.00109289899100424,0.00204705533813406,1.54906998731372,0.00178141023169888,0.00202103925305352,0.219696480090601,0.00702452761769429,9.96663513057289e-05,0.325324698691806,0,0.000911998441335766,0,0.000888915677237465,0,0,0,0.0232215873661881,0.000837236947384652,7.39850590704e-05,0.00229793163121003,0.00365999139964167,0,0.000344912885908343,0.00120611737417359,0.000894328537904068,0.00113052630663725,0.000266424030841832,0,0.00127726658035551,0,0.00182479434013703,0.234988427194954,0.0440049322322356,0.0330837354613273,0.0166070027974446,0.00709677227187823,1.91443031440613,0,0,0.00683464593960885,0.00526228662616289,0.0031952919531175,0.00793975445228894,0.000136309981891992,0.000208907022233959,0.000297869253847111,0,0,0.000116372185972914,0,0.00178064221519413,0,3.12822988499332e-05,0,0,0,0,0,0,0,0.00052577849942459,9.61300703375446e-05,0,0,0,0,0.000400957410818106,0.000268697890498132,0.00072706869320405,0.000123175511601814,0,2.78963681633504e-05,0.000275388366596355,0.000117362455840398,0,0,0,0,0,0,0.00204008041989644
0,0.0611845188279795,0.0279702160891393,0,0,0,0.000375617950742277,0,0.00434901028722612,0,0.000101463351200027,0,0.00449661806583764,8.23487563795817e-05,0.000888915677237465,0,0,0,0,0,0.0694854330847739,4.84361105877516,1.25463571712491,0.950916970956454,0.0375898994059125,0.00314528798788562,1.27263486821372,0.127420768433758,0.000172095858254093,0.0033053952705523,0.000635495846815558,0,0.000894902125732987,0.00560134788621163,0.00147488234688207,0.0340365965889646,0.0384428710277078,0.0330120350639551,0.0117029678203724,0.00178111866357477,0.000143377956319402,0,0.00850616448568384,0.00584870772275793,0.00202948683926818,0.0039810461192148,0.0027629276648432,0.00020896770887489,0,0.00049754364086687,0.0260078883842705,0.000263757290241234,0,0.000139477070076596,0,0.000163447176122482,0,0.0378447888516047,0,0.000170582677930136,0,0.000199844818708058,0,0,0.0383114018594118,0,0,0,0,0.00577969092335971,0.683693498689112,0.00171013997319581,0.0120079538286191,0.00268450473922923,0,0.00508719939042753,0.0032367879466,0.000502787867750264,0.00157684587984108,0,0,0.000779063071383665,0.00174118581154522,0.000517162275716105
0,0,1.42045847906786,0,0,0,0.000238578882623131,0,0,0,0.0645369440104715,0,0,0,0,0,0,0.00907528281974388,2.44824356485988,0,0.0227404381261951,0,1.87298720878341,0,0,1.45101533003585,0.00122378503191579,0.000647783664005487,0.00094100349800212,0.00574231402376032,0.000153995199332364,0,0.000453654994879569,1.66731333529391,0,0.000561104380254,0.341937982553512,0.130437476046597,0.000942733385255567,0,0,0,0,0,0,0,0,0,0,0,0.000397423150968225,0,0,0,0,0,0,0,0,0,0,0,0,0,0,0,0,0,0,0,0,0,0,0.000153038952879013,0,0,0,0,0,0,0,0,0,0
0,0.00326886559706512,0.000216793799717174,0,0,0,0,5.67870921764253e-05,0.000124022844980995,0,2.30006447741518,0,0.00420199950898368,0,0,0,0.00907528281974388,0,6.13251942064209,0,0,0.000939736751346522,0,9.73296270671969e-05,0.0173763273758919,0.971146865331115,0.0185697745410393,0,0.000174436079185267,0,0.0451481111323184,0.000314854303686313,0,0.064414447017247,2.79264882780737e-05,0.00154712092655164,0.0943009519381969,0.0221742906701191,0.00286627448079723,0.000185205929089088,0,0,0.000219076044349007,0.00111320723075286,0.000189172692634312,0.000313088145243385,0,0,0,0,0.00189359856079771,0,0,0,0,0,0,0,0,0.00274646921589598,0,0.00806222718177738,0,0,0,0,0,0,0,5.51159866306918e-05,0,0,0,0.00692853766566538,0.00247652226649599,0.00383874625160088,0,0,0,0.00140789928740052,0,0,0,0
0,0.00128522865967836,0.00741151053598681,0,0,0,3.14973574733787e-05,0,0,0,1.04400460734807,0,0.0013747785923283,0,0,0,2.44824356485988,6.13251942064209,0,0.000151283655812628,0.000252044913792062,0.00048780985945199,0.00366482464296826,7.01282282318041e-05,0.00380029000190575,2.24099808480262,0.0108904363134293,0,0.000657057983090171,0,0.0119241764555255,0.000473327180852372,0.000331685749659647,1.44801685466706,0,0.00167558234776757,0.840251467313618,0.086637837929208,0.00367574111437421,0,0,0,0,7.57453046693673e-05,0,0,0,0,0,0,0.00158330391912838,0,0,0,0,0,0,0,0,0.000474830087553826,0,0.00165633277851633,0,0,0,0,0,0,0,0,0.000470227767859949,0,0,0.00351779115686966,0.000896827962464233,0.000656088260064975,0,0,0,0.000478044987487332,0,0,0,0
0.040729631257185,0,0,12.1460839545133,0,0.392505165472793,0.0912274695465052,0.0412346845108161,0.29714487244189,3.41592412649142,0.00141766937313531,12.407159375139,0.000229376199971923,0.0836877607312002,0.0232215873661881,0,0,0,0.000151283655812628,0,0,0.00106407636364357,0,1.76094574519515,0.000313621434560991,0,0,0.361433124343757,0.0370429168192023,3.97038492040867e-05,0,0.00222964865330043,0.000646662897976838,0.0431634270807767,0,0.002444224318661,0.00105851726455589,0.0152104905720335,0.000632031090945861,0.157677419450404,0.000627723827974909,0.000298856891626578,0.00174311544923436,0.000186547695732397,0.00113528701589966,0.00129665451488101,0.00725931002418483,0.000997605005598652,0,0.00117481842369588,0,0.000168378841628507,0.00855423232739522,0,0.000711969770745348,0.00380473331809272,0.000451644863650581,0.00609790917059884,0.00186789756094903,0,0.00541197645786896,8.62267593187589e-05,0.00107524441309097,0.00133138424938166,0.000169926493446344,0,0,0,0.00714715799890391,0,0.000214792176848277,0,0.0189238772481138,0,0,2.56603697298399e-05,0.00735171159498939,0.000231502251573642,0.00034172784348533,0,0.000354615044375752,0.000582010147316837,0.000503903499136467,0
0.0165786363010609,0.000739681148348036,0.191451267453856,0,0,0.000130592830937238,0.0293172345454737,0.00227055414717842,0.000493008288765143,0,0.000272212436819493,0,0.000655199952515301,0.00665238203866863,0.000837236947384652,0.0694854330847739,0.0227404381261951,0,0.000252044913792062,0,0,0.0549302067270864,5.0424238465026,0.0384937032508492,0.000882810974062987,0.000868537344133955,0.0370756403072934,1.60851660919545,0.10951312874133,2.90742466832292,0,0.000181172224170585,0.327217119230133,0.27551067412258,0.00790842417864925,0.153051030086801,0.0294171679154927,0.459876793897865,0.0707154164637626,0.0107879306943824,0.00136494237440026,0.00142559019010096,0.0044869101267123,0.00101558680211354,0.000635913540871345,0.00449788830066566,0.000383505305334348,0,0.00033036166671729,0.000162830049492679,0.000296891864083342,0.000123199008623908,0,0.000531146547337756,2.69494662220524e-05,0,0,0.00207390823545175,0,0,0,4.63830401694915e-05,0,0.00184031512550455,0.00399540261012367,0,0,0,4.31528569323617e-05,0.00209567243384629,0.00753187798140676,0.000523091881109597,0.00169660516078925,0,2.11385668895218e-05,0.000319000895995988,0.00092137620543201,0.00044338547754017,0.000722532864695007,0,0,0,0.000250353746366575,0.00434615660758784
0.000164341602852526,1.18556388559916,0.0121106911541279,0.000500654553517096,0,6.36863752724549e-05,0.00143602418725456,0.000206686394248506,1.8780970811355,0,0.00429536192182704,0.00114761502138075,0.0453756256349478,0.000498333842127731,7.39850590704e-05,4.84361105877516,0,0.000939736751346522,0.00048780985945199,0.00106407636364357,0.0549302067270864,0,0.102927751274654,1.49566590918041,0.534722987407991,0.022785181850675,1.24048544329951,0.124253931173129,0.00134018480507687,0.00735453982014066,0.019034145847966,0.000144977119135267,0.00341701417092065,0.00902661495292898,0.000258777522430974,0.0257929603810359,0.0363124046708633,0.0199010691992667,0.0104274030029815,0.00558143406426824,0,0.000231833461032968,0.0360575259805753,0.0185170684621923,0.00848499496263829,0.0109455329800605,0.0150843854083019,0.000161859258315716,0.000360744955769217,0.00277628824232963,0.256177012430245,0.000351500525138229,0,0,0,0.00034368103147772,0,0.327914121820122,9.32959018658294e-05,0.000352446490587332,7.47707485423306e-05,0.00242548462949374,0.000336365493729537,0.000194173941666259,0.17151962274681,0,0,0,0,0.0177503866460222,1.23469157731048,0.00767499351545881,0.0730050464484939,0.0208907268250277,0.000197934065940503,0.0223163283787606,0.0107551946586728,0.00381211938327436,0.00523345791458823,0,0,0.00336011897216551,0.00477940414816462,0.000351885504372966
0.0187661100579729,0.00050932409020826,3.33373277558776,0,3.19888208566432e-05,0.0002943388175521,0.0244797965997212,0.00178371480219019,0,0.000126356842423749,0.000750487665934084,6.47257922538553e-05,0.000891616965943772,0.00999361909960174,0.00229793163121003,1.25463571712491,1.87298720878341,0,0.00366482464296826,0,5.0424238465026,0.102927751274654,0,0.0201861150247994,9.25410511733286e-05,0.0200136680158406,1.23898687205936,0.321984550918956,0.042056803563528,0.335934043201595,0,0.000117145177530665,0.0456856169035647,0.276988600687719,0.0184773958401306,0.175138145104285,0.268647563578691,0.388824943472377,0.103240217120441,0.00590416507004812,0.000475949119315405,0.000119373196509025,0.00494812749219992,0.000790460584739433,0.000960941782117546,0.00603984374706641,0.00133181884631552,8.51042218163959e-05,7.2251571169653e-05,0.000103115114476244,0.00272194711276882,0,0,0.000634142137209262,0,4.8156694848337e-05,0,0.00118706125647675,0,0.000290264199209875,0,8.86871493252961e-05,0,0.00357746659229702,0.00140216746515383,0,0,0,0,0.000668466990681906,0.0329786439891716,0.000297868941987172,0.000670843670071047,0,1.93996477952231e-05,0.00115526804041227,0.000486633757503985,7.20255994514445e-05,0.000190007128779826,0,0,0.000116672228766955,0.000621446934413359,0.00852494035031325
0.00828144343578413,0.0502531695096612,0.0144349977462989,4.44034197259617,0,0.0158565350965006,0.249202124745586,0.00367962993892058,4.90794275038596,0.0841991927905991,0.000564874117421466,1.3850537454249,0.00432535053038515,0.00598380742819895,0.00365999139964167,0.950916970956454,0,9.73296270671969e-05,7.01282282318041e-05,1.76094574519515,0.0384937032508492,1.49566590918041,0.0201861150247994,0,0.0234255335069778,0.0032505234285966,0.115163234470895,3.45934023961151,0.00394825713489896,0.0135447182084981,0.00117076725852532,0.000140940813644553,0.00401919044277239,0.0144487867317435,0.000521190455534778,0.0241282239021784,0.00898747947570973,0.0206873638535561,0.00685457331811217,0.0529654935438092,0.000297899714533667,0.000185339678743335,0.039458730814752,0.00720930816318295,0.0173401918459304,0.0140979830726467,0.0326433758994728,0.00147754606128237,0.000248237348303656,0.00592823885051005,0.0072623066359873,0.000226004466885757,0.0215291757516395,0.000368733777926911,0.00364557655472447,0.0179121856704012,0.00305276324976107,0.0766180073978186,0.0102350813828129,0.000716929063049262,0.0218188227828381,0.000308355010561831,0.00556483713348865,0.00322354631392954,0.031866786899695,0.000181921153686534,5.06926629914506e-05,0,0.0159105026698562,0.0108432225818298,0.0899831910132257,0.00373058766124942,0.15761949610241,0.00081932990236804,0.000106617091108297,0.00178913306471371,0.0658409596893488,0.0124396470429111,0.00762984794753897,0,0.000627875148539738,0.00763511960614936,0.0136919565654403,0.000604343778361974
0,3.27606335329025,0.000760951967230658,0,0.000341773191409184,0,8.74093662092262e-05,0,0.04227659101889,0,1.32077664130635,0,2.83939600187293,5.80716328937138e-05,0,0.0375898994059125,0,0.0173763273758919,0.00380029000190575,0.000313621434560991,0.000882810974062987,0.534722987407991,9.25410511733286e-05,0.0234255335069778,0,0.144577479670672,1.07779541059815,0.00363622113409933,0.00103844939532556,0,0.73322957422365,0.000276555321343228,0,0.0521506733470565,0.000103444228549305,0.010618138594484,0.596098126157159,0.172020144385672,0.0125878234312647,0.000426351406116156,0.000364394130544517,0.59077152279464,0.00379644391673501,0.225164219412228,0.0128047924299106,0.00429872500897229,0.000340439131996835,0.00150798314689481,0.0115664879626109,0,0.536060756353911,0,0,0,7.67599167717757e-05,3.11674741705886e-05,0.000110068837253702,0.00574474654091324,0,0.260478643573206,0,0.424360202116111,6.77097679349084e-05,0,0.000192362362206822,0.000227122276814313,0.00382216641074988,0.00312773975487997,0.000123289730374815,0,0.0214646811942675,0.000121780386596018,0.00120127668078122,0.32504091010591,0.0454762775147807,0.0834632681185046,0,0.000344060374128275,0,0.0985734117365909,0.000271068553717935,0,0.00372747443186619,3.19730843315236e-05
0,0.0725915964774791,1.70781189640193,0,5.38942375184807e-05,4.46090924914634e-05,5.06412543879011e-05,0,0.0023215890134439,2.2097574594775e-05,0.597682138024758,0,0.0536131853539301,0,0.000344912885908343,0.00314528798788562,1.45101533003585,0.971146865331115,2.24099808480262,0,0.000868537344133955,0.022785181850675,0.0200136680158406,0.0032505234285966,0.144577479670672,0,2.95014873996035,0.000719812822395039,0.000433556079541122,5.84852704004649e-05,0.672035361820348,0.00024213269081296,0,0.0736407403552939,0.00044809250223959,0.0103721666249658,0.47904638487979,0.0615354730657973,0.0115807051972243,0.000125413400137822,9.56316623159613e-05,0.000797668332153129,0.00103824400438069,0.00823440593527311,0.00275851105238341,0.000667063151813729,7.95023180210496e-05,0.00020918316198618,0.000129406725801787,0,0.105066875570942,0,0,0,0,0,3.08481173087608e-05,0.000103457493324329,0,0.0239472627432984,0,0.0484945215662918,1.96826095586986e-05,0,0.000100321289191475,4.5429017158604e-05,0.00217281115777661,0.00135565186917805,0,0,0.0022425480841883,0,0.000138033208373562,0.142102170854779,0.0292002354999523,0.0703447429405376,7.72065661395141e-05,0,0.00015107771710175,0.0122425590224805,0,0,0.000767596186020017,0.000302200098381835
3.60180879001989e-05,1.0579107164712,2.22543641125463,0,2.57091061272897e-05,0,0.0013496576403106,0,0.0382538093458013,0,0.0706982410596432,6.74842467046546e-05,0.285816572318662,9.69436630428606e-05,0.00120611737417359,1.27263486821372,0.00122378503191579,0.0185697745410393,0.0108904363134293,0,0.0370756403072934,1.24048544329951,1.23898687205936,0.115163234470895,1.07779541059815,2.95014873996035,0,0.0442782174742115,0.000340219780010824,0.00216906655380743,0.455241783606977,7.84922545923328e-05,0.000218389261097518,0.0198679804959209,0.0063014484544273,0.0985795142353837,0.74215152143233,0.158454303737263,0.0234320823831279,0.000834255471109872,0,0.000874016036364577,0.00290988178394139,0.00645209806452049,0.00481668236374041,0.00297623325527429,0.000490713928498987,2.59580419636231e-05,0.000374872024264152,0,0.594313698579397,0,0,0.000247238769386305,0,0.000189838686960119,0,0.00905847696535318,0,0.013574276268657,5.00595149602297e-05,0.0358178344099553,0,0.000665309960388924,0.00452083873827099,0.000253598200381286,0.00203531411080345,0.00217330552257156,0,0.00015121629273013,0.394697144884451,0.000306818959271013,0.00378853253086349,0.178119407016528,0.0286933774868083,0.190534232360722,0.000273624990602647,2.1695461788021e-05,8.12129787652947e-05,0.00782059726189939,0,7.33711807062425e-05,0.00133702256616275,0.00265540336884788
0.0270174171345979,0.00385290032333806,0.0586722171734946,1.39767612557895,0.000517080889740895,0.0678010020839584,2.59949084193169,0.0090537070895985,0.183232355479814,1.6516247869773,5.17335470559717e-05,0.0168587859832424,0.000991288894451407,0.0128804978049201,0.000894328537904068,0.127420768433758,0.000647783664005487,0,0,0.361433124343757,1.60851660919545,0.124253931173129,0.321984550918956,3.45934023961151,0.00363622113409933,0.000719812822395039,0.0442782174742115,0,0.0140026461908523,1.55503423375645,0,0.000304205140686591,0.0209976154284183,0.0876572884536124,0.00461131183056903,0.0852332555944324,0.0203915584651598,0.148957403866031,0.0317935840848414,0.00612053172051215,0.000814476044215654,0.000450091133625973,0.0230631082136289,0.00440983162546935,0.00919215674862061,0.00716043686645259,0.00583067719841542,0.000377211717182431,0.000177110316074182,0.00205959757957876,0.000726406687396886,0.000139990036531567,0.158932818089264,0.000697989928339074,0.000295454288423204,0.00645620023240832,0.000771777285746026,0.0139529163017434,0.00215047467228515,0.000137104613830232,0.00308482513683912,7.00773590588261e-05,0.00164860420503664,0.00117421269530297,0.0147340910738103,0,0,0,0.0326291070924729,0.00585821379456773,0.0326104214430285,0.00289651866368331,0.0403379405726635,0,8.29562721724247e-05,0.0004514307619902,0.0225897733129341,0.00503792691026545,0.00338196323895271,0,0.000356144144071122,0.004058791782944,0.00532939886630964,0.00283735494219204
1.02263879315647,0,0.000732484843183698,0.000632656010702134,0.0526549216849844,0.19303178985925,0.127180087963206,0.287421935756645,0.0010803458845783,0.0308650844039059,0.0257829807099722,0.0122512532290925,0.00113549414184297,2.90788868579911,0.00113052630663725,0.000172095858254093,0.00094100349800212,0.000174436079185267,0.000657057983090171,0.0370429168192023,0.10951312874133,0.00134018480507687,0.042056803563528,0.00394825713489896,0.00103844939532556,0.000433556079541122,0.000340219780010824,0.0140026461908523,0,1.83356474569153,0.000412830387204085,0.783517334008681,2.10674947902477,1.98230356189139,0.000523678998141476,0.111357676149442,0.013393941334533,0.231534680887248,0.0100701130912074,0.150220095374824,0.168665412831675,0.0013539658394992,0.000932560973113686,0.000273068550259585,7.87177174100895e-05,0.000521168128640629,0,0.000101308866554274,0,0,0,0,0,3.46276799995451e-05,5.03530985048134e-05,0,0,8.47737482261267e-05,0,4.40381191160423e-05,0,0.000151774056679314,0,0.000200964881045269,0.000587149358033413,0,0,0,0,0.000425053148330664,0.000990733550030127,4.72531182020195e-05,0.00129707122394182,0,0,0,0.00050935724715381,0.000440138143605822,8.90597142300048e-05,0,0,0.000139960550860155,5.25498291589445e-05,0.000195385042097612
0.21691006933077,0.000485900324963645,0.0433916786603855,0.000112564231023927,6.81194920716189e-05,0.00178769662660661,1.80462065247261,0.0273701652544139,0.0040727411513111,0.000319601942021995,0.000788988063195664,0.000213353016859479,0.000506235889951689,0.10036975552232,0.000266424030841832,0.0033053952705523,0.00574231402376032,0,0,3.97038492040867e-05,2.90742466832292,0.00735453982014066,0.335934043201595,0.0135447182084981,0,5.84852704004649e-05,0.00216906655380743,1.55503423375645,1.83356474569153,0,0,0.00130600645325888,0.6475002310237,0.674276577431703,0.00207657534354412,0.0316955546348607,0.0065767554904236,0.228561248882319,0.0266940201498746,0.00228668862520087,0.000529132739929762,0.000993218001014328,0.00203219868693259,0.000331274285040624,0.000536450292233045,0.00100384629504806,0.000601924778113209,0,8.21949110531347e-05,0,0,0,0,9.99018560020812e-05,0,0.000145303748010021,0,0.0013063218362065,0,0,0,0,6.05672057207873e-05,0.000194862362855652,0.000991911378068606,0,0,0,0,0.000359145178008969,0.00366069438072023,0.000209079409488576,0.00124150570576177,0,0,0,0.00057884880017942,0,0.00017827053234136,0,3.90307082751701e-05,8.41761899845169e-05,0.000740252230023719,0.000928202009642921
0.000290176929230196,0.0313751807358699,0,0,0,0.000125347407463561,0,0,0.00119886679024912,0.000123747763623968,0.603846801804438,0,1.04638042076909,0,0,0.000635495846815558,0.000153995199332364,0.0451481111323184,0.0119241764555255,0,0,0.019034145847966,0,0.00117076725852532,0.73322957422365,0.672035361820348,0.455241783606977,0,0.000412830387204085,0,0,0.00048097250948533,0,0.0185471445174515,0.000125017795636791,0.00767828173972541,0.0684514445039566,0.040009921529808,0.009930088399971,0,0.000497039974663053,0.0107170938794337,0.000851103966725807,0.00863301525227084,0.00352184044215197,0.00191030855006055,0,0,0.000724710970173237,0,0.0109456193442732,0,0,0,0,0,0,0,0,0.0279900117922671,0,0.0504355342853038,5.43588831749052e-05,0,0,0,0.00257856454589174,0.00105773030289691,0,0,0,0,0,0.0438540915111748,0.0118555089074733,0.0166303849328818,0,0.000168498999627693,0,0.0180995340915099,0,0,0.00109527990783725,6.509608932894e-05
0.00716128522154089,0,0,0.000214082524438108,1.40694872780174,1.1505845242364,0.00158032297236822,0.713695891239062,0.000179377690507493,0.000948006820140933,0.0160977725068685,0.000524092711600262,0.000349386802455039,0.261895668126104,0.00127726658035551,0,0,0.000314854303686313,0.000473327180852372,0.00222964865330043,0.000181172224170585,0.000144977119135267,0.000117145177530665,0.000140940813644553,0.000276555321343228,0.00024213269081296,7.84922545923328e-05,0.000304205140686591,0.783517334008681,0.00130600645325888,0.00048097250948533,0,0.00943769284165664,0.768615768943643,4.62019379306622e-05,0.00623266310131353,0.00408424515217091,0.0922560952486855,0.00304316150028035,0.269777475024604,1.91922559198205,0.00310758230886822,6.11016381418137e-05,0,0,0,0,0,0,0,0,0,0,0,0,0,0,0,0,0,0,0,0,0,0,0,0,0,0,0,0,0,0,0,0.000147593891035185,0,0,0,0,0,0,0,0,0
0.0659180021512207,0,0.00096548119632681,0.000185027202969062,0,0.00052762450705815,0.013223717505878,0.00158261461613585,0.00551125493843224,0.00109774210219179,0.00204015888564847,0.00052874877979428,0.000557131001759026,0.0278205696654989,0,0.000894902125732987,0.000453654994879569,0,0.000331685749659647,0.000646662897976838,0.327217119230133,0.00341701417092065,0.0456856169035647,0.00401919044277239,0,0,0.000218389261097518,0.0209976154284183,2.10674947902477,0.6475002310237,0,0.00943769284165664,0,1.42085760502988,0.000210909192176057,0.0510172314737137,0.0031972348560183,0.164776916783641,0.0146453156889102,0.00379088501487127,0.00128375361636565,0.00461820526792198,0.000212409099738735,0,0.000396750514157184,0,0,0,0,0,0,0,0,0,0,0,0,0.000403519722299114,0,0,0.000273781273907503,0,0,0,0.000358319323190467,0,0,0,0,0.000128816919964677,0.00115959903913643,4.30444140620545e-05,0.000683671153204497,0,0,0,6.1442281821757e-05,8.75015674666074e-05,0.000473972919143126,0,0,0,0.000466561052066911,4.60096928173528e-05
0.127664614118672,0.000764957334805553,0.0053008279276709,0.000852037339448192,0.065839196165392,0.110571719633196,0.0370013193050562,0.0380432217189941,0.00268714170709777,0.0397766158695863,2.56643251144914,0.0130764417217475,0.0578403740425688,0.182332452235411,0.00182479434013703,0.00560134788621163,1.66731333529391,0.064414447017247,1.44801685466706,0.0431634270807767,0.27551067412258,0.00902661495292898,0.276988600687719,0.0144487867317435,0.0521506733470565,0.0736407403552939,0.0198679804959209,0.0876572884536124,1.98230356189139,0.674276577431703,0.0185471445174515,0.768615768943643,1.42085760502988,0,0.00454313178191447,0.296000528278342,0.929960308190984,5.5330065976292,0.279637068201957,0.11832827730061,0.283391183451835,0.172067362662743,0.00617048349400303,0.00569214505817771,0.00562037219666468,0.00561361021544541,0.000946656115434699,0.000320312874983381,0.00221450629762958,0.000318650065006462,0.00180764319702725,8.52716107729223e-05,0.000115204033152905,0.000259209239444523,0,0.000187656996339408,0,0.000695877258924008,0,0.00117996361306905,0,0.0028181970993017,6.56342821032155e-05,0.000337030091009507,0.00249939141059348,0,0,0,7.48023379257322e-05,0.00159339575362976,0.00380793966720749,0.00102102174141147,0.00353424049869312,0.00290892199276312,0.000558343968786741,0.00120558254846064,0.0024959827296499,0.000831567165272387,0.000830938752791097,0.000532352194576036,0.000366104455343241,0.000604892633680821,0.000440515079846813,0.00265968623820037
