0,0,0.0212075468489328,0.00855114036679296,0,0.187756534389468,1.24798955766032,0.537712036730532,0.007843146069547,0.164285245717015,0,0.053385015018567,0,1.54329771774491,0.0247728827927093,0.000521602989398011,0.00232079108253583,0,0,0.0276164685285785,0.0137570439102506,0.00175307688418882,0.0360703216562565,0.00655611173441216,0,0.000464045962230352,0.00126621604225375,0.0314109219869652,2.50520837978394,0.51975198994441,0,7.76957239014969e-05,0.225381568341986,0.041214854599704,0,0.000743784039278814,0,0.000994953855365441,0.000732107330314699,0.00637974786014213,0.000185444687791927,0,0,0,0.000102198206888918,0,0,0,0,0,0,0,0,0,0,0,0,0.000899013486930498,0,0,0,0,0,0,0.000285490435447594,0,0,0,0,0,0.000349757065332225,0,0.00215736325266863,0,0,0,0.000499049496246642,0.000170650572923226,0.000104352321898631,0,0,0,0.000244950981994148,0
0,0,0.0323921543442671,0,0,0,0.000176786952890846,0,0.054633550470026,0,0.0123651384655116,0,0.0299999504377125,0,0,0.0184413827924515,0.000128443841028138,0.000267785784408824,0.0425384968291892,0,9.69574418700848e-05,0.219102081175962,0.000640722226738158,0.0147040622325925,0.524294867217538,0.0100357703267849,0.180899983851092,0.00103135164835382,0,0.000220497599839751,0.00429721523142354,0,6.22396436840687e-05,0.00874259232476917,1.18729867284099e-05,0.00556684679381082,0.150909765804877,0.00135102359227092,0.000430537115478608,0,0,0,0.00031327259764749,0.00164395128302476,0.000314548320581612,0,0,0,0.000950394027191583,0,0.0400073067335437,0,0,0,0,0,0,0.00279446311602168,0,0.000189500355854376,0,0.0108679579178875,0,0,0.00207464746840945,0.000141327910150139,0.000198627396112271,0.000295887844308394,0,0,0.0288213988789401,0.000816778089710894,0.000492091732465717,0.0918531995364004,0.00286579977493079,0.0485435731983345,9.32338151150721e-05,0,0,0.000355810156846717,0,0,0,0
0.0212075468489328,0.0323921543442671,0,0,0,0.000719975357002528,0.112589844242017,0.00271337963452888,0.0211362738162161,0.000436245334913925,0.0420132259842765,0.000857928376044025,0.0344033303456394,0.000971307291787393,0.0014152176351391,0.0363493205328354,1.73238471438981,0.000166081731213945,0.0929360600966605,0,0.181290483761582,0.0465123642162104,3.04919437798086,0.00889629423672821,0.00375685680246576,1.84649946889893,2.05155621895671,0.0663235773831485,0.00417279420294787,0.0941037828877996,0.000207277163030897,0,0.000690309747637063,0.812451551848629,0.0206010271444357,0.891125037278715,1.28212570365592,0.282788602927211,0.0931911936578853,0,0,0.000260659913502381,0.0160594502479466,0.0130914626329628,0.00123824610412451,0.00589005285772587,0,0,0.00018532687413451,0.000151592085333321,0,0.000201130412210225,0,0,0.000205985202799595,3.2334968606545e-05,0,0.000343749139249284,0,0,0.000101205064959,3.84150455746126e-05,2.37985228765045e-05,0,0.000172401030461914,3.03017977723453e-05,0,0,0,9.13766578196236e-05,0.000266529761524974,0.00113230736784159,0.00119561241310274,0.00022501926360434,0.000106843957504193,0.000694433905145764,0.00107269395930026,1.31418873828305e-05,0,0,0,0,0,0.0166833068098178
0.00855114036679296,0,0,0,0,0.0041295274108623,0.122988319861519,0.00573714639830686,0.164808836823248,1.0247906459438,0,0.527946434144792,0,0.000311158817646226,0,0,0,0,0,8.24843544420587,0,0,0,2.85742749552807,0,0,0,1.95299480231074,0.0075407575922541,0,0,0,0.00150056007343219,0.000487433727454128,0,0,0,0,0,0,0,0,0,0,0,0,0,0,0,0,0,0,2.02031644981162,0,0.000172028507390213,0.000626594930343331,0.000163931967062065,0,0.00611422909441911,0,0.111872724695752,0,0,0,0,0,0,0,0.419043438138542,0,0,0,0.0133024718024074,0,0,0,0.0132684788480088,0,0,0,0,0,0,0
0,0,0,0,0,0.0434219511920123,0,0.00791475668219358,0.000603083151724408,0,0,0.0114077557006846,0,0.00291562344388692,0.0434267341107714,0,0,0,0,0,0,0,0,0,0,0,0,0,0.000968113885864808,0,0,0.021781375124127,0,0.0163665448885648,0.0220994701964448,0,0,0,0,0.00229083845584976,0.0700128539055698,0,0,0.000175920716818506,0.000388736894389452,0,0,0,0,0,0,0,0,0,0,0,0,0,0,0,0,0,0,0,0,0,0,0,0,0,0,0,0,0,0,0.000191307618264213,0,0,0,0,0,0,0,0.00147579063997629
0.187756534389468,0,0.000719975357002528,0.0041295274108623,0.0434219511920123,0,0.0438042672399357,0.49830110161275,0.0120177991217227,0.58221562656575,0,2.16699743596917,2.6348757743478e-05,0.073352032935337,0.536953286941461,0,0,0,0,0.139392204338865,5.78229530097251e-05,0,0.00132935798247214,0.000192406796886479,0,0,7.18385948935544e-05,0.00936973181416118,0.234699500424109,0.000495257571249729,0,0.0298957633968147,0.00472397095861875,0.179783293922091,1.37126247094738,0.00530313185631305,0.000770626967680509,3.17408686375574e-05,8.42251176682092e-05,0.410219294442863,0.0999174882553658,0,0.000805610946628692,0.00432204436499677,0.00104014624154102,0.000949012986350228,0,0,0,0,0,0.000248457434923687,0,0,0,0,0,0,1.17256661817861e-05,0,0.000875634547894517,0,0,0.00026270911194006,0,1.95778138552494e-05,0,0,0,0.000136760723183865,0,0.000561435559655953,0,0,0,0.000194716961913134,0,0,3.72992735129098e-05,0,0,0,0,0.0261934390141527
1.24798955766032,0.000176786952890846,0.112589844242017,0.122988319861519,0,0.0438042672399357,0,0.297152942781627,0.109396301856159,3.15727537521305,0,0.00990631116587271,0.000174132682678941,0.127545920152037,0.000178151159487088,0.00409704903101427,0.00350065142397251,0,0,0.150319806385004,0.067613620448978,0.00795166142224532,0.153140849066785,0.194537591791778,5.87863163778769e-05,0.00144908644649143,0.00925767600785489,2.97312099424122,0.265371048052299,1.10766862366999,0,0,0.0195423112880872,0.0125837029712039,0.000238140896054112,0.00357833444901133,7.77586535626327e-05,0.00443516443522271,0.00207666250891912,0,0,0,0.000121555279626664,0,0,3.98608117181329e-05,3.17578770692873e-05,0,0,0.000153286791360668,0,0,0,0,0,0.000341188379254075,0,0.00447974451790458,7.80642259649448e-05,0,0,0,2.974511505444e-05,0,0.000166726822800525,6.2292737824455e-05,0,0,0,1.39337215935287e-05,0.000330312334731527,4.50048802688183e-05,0.00915834518344435,0,0,0,0.00470094866587496,0.000663500993817677,0.000501203262635286,0,0,5.38703075041993e-05,0.000435979314490841,3.97355175642169e-05
0.537712036730532,0,0.00271337963452888,0.00573714639830686,0.00791475668219358,0.49830110161275,0.297152942781627,0,0.000469689532935937,1.0747584766119,0.000354188253583665,0.0184199588176166,0,0.72743315088618,0,0,0,0,0,0.0163205820193472,0.000462330709112951,0,0.00194460643106052,0.0010551565789566,0,2.44969759776812e-05,0.000122644730264314,0.0152648423267142,0.272817382166957,0.00278382488550665,0,0.00667958559733902,0.0068616965068289,0.122534154462695,0,0,0,0.00024028981797853,0.00010786775723377,0.0213995423957176,0.0400129806338053,0,0,0,0,0,0,0,0,0,0,0,0,0,0,0,0,0,0,0,0,0,0,0,0,0,0,0,0,0,8.92444654718057e-05,0,0,0,0,0,0,0,0,0,0,0,0,5.21117609780519e-05
0.007843146069547,0.054633550470026,0.0211362738162161,0.164808836823248,0.000603083151724408,0.0120177991217227,0.109396301856159,0.000469689532935937,0,0.000500862087013722,0.00133672758579972,0.708751915668504,0.00585844195080825,0.000580966300259085,0.482025097743971,0.0252056735216523,0.000583072506439066,0,0.000548929333703822,0.0182990356028167,0.00261850138535228,0.708816031341462,0.00969271573326147,3.34269743422143,0.0385226522603399,0.00140020417247277,0.0601145160444603,0.142481825120325,0.0138736540404238,0.113968752284862,0.000463606990312489,5.22605875015142e-05,0.0185188358925112,0.177905839421593,0.184814597040328,0.360331931802416,0.0285116991039047,0.00346289873619272,0.00274818450883614,0.160436063382925,0.000246972039471247,0,0.0423127642725649,0.0190318375202987,0.0107608226910713,0.00472938432653771,0.00228326121801817,0,0,0.0054928229316215,0.012312607105959,0.000219607130178587,0.00120927273455495,0,0.0001254146036581,0.011824162587512,0,0.293921501136242,0.000263099649019224,9.31730516824381e-05,0.026936279930704,0,0.00116238856728042,0.000189311544290814,0.0726435114169359,0.000216715950888764,0,0,0.000432265556047081,0.00837581753809936,0.208089862471186,0.00385652357215451,0.179140527054145,0.00401810215460358,0.000261628543264322,0.00329131407648666,0.0762874196096329,0.0099972943804993,0.0124039964558542,0,0,0.0118571101325628,0.00836376644271228,0.0483342958969301
0.164285245717015,0,0.000436245334913925,1.0247906459438,0,0.58221562656575,3.15727537521305,1.0747584766119,0.000500862087013722,0,0,0.304845529684934,0,0.317304846524683,0,0,0,0,0,1.45113143750047,4.95555745435362e-05,0,0.000496794402943653,0.00565055231909949,0,0,4.9217820268968e-05,0.580445203075799,0.151446476620735,0.000690351670785942,0,0,0.0252370624410053,0.0095923765765147,0.0663569908771489,0,0,0,0,4.91968122785531e-05,0,0,0,0,0,0,0,0,0,0,0,0,0,0,0,0,0,0,0,0,0,0,0,0,0,0,0,0,0,0,0,0,0,0,0,0,0,0,4.15361931601363e-05,0,0,0,0,0
0,0.0123651384655116,0.0420132259842765,0,0,0,0,0.000354188253583665,0.00133672758579972,0,0,0,1.31116796839192,0,0,0.000314599990150482,0.0214862645616144,0.28815468762163,1.4231253760118,0,0.000802632173840697,0.0034588311756804,0.00350797449413824,0.000424122347843696,0.643748515721564,0.824391177527778,0.201357709225149,9.12760529214651e-05,0.0569762055397447,0.000577944632474386,0.229037870509464,0.00142263845495484,0.000317535366571774,0.943918016610179,0.000382363186520199,0.0390210045447948,0.933860223649762,0.820219006611791,0.0114972112668241,0.000909283903423241,0.00495970932949382,0.0387980006759717,0.000885323878742723,0.0024943633146883,0.000552652249722203,0.000224218759794276,0,0,0,0,0.000322443739168865,0,0,0,0,0,0,0,0,0.000951443817969098,0,0.00936572865842877,0,0,9.24780912756312e-05,0,0.000705606652030169,0.000408029887107525,0,0,0.000531394468959661,0,0,0.0406642629632598,0.0074421091772388,0.0117273977809502,0,0,0,0.00205522079566412,0,0,0.000159858903971314,8.18869655280274e-05
0.053385015018567,0,0.000857928376044025,0.527946434144792,0.0114077557006846,2.16699743596917,0.00990631116587271,0.0184199588176166,0.708751915668504,0.304845529684934,0,0,9.46541593368879e-05,0.000217614411761783,1.15161861006963,0,0,0,4.57876004090352e-05,4.33482787250184,7.73917188144908e-05,2.03550993155771e-05,0.00135330964274612,0.233477896903272,0,0,2.35312035613324e-05,0.0216855366144611,0.00267241988890593,0,0,0,0.000412101958789778,0.00123285666137197,1.75590260597776,0.00888809054011893,0.000385354628308363,2.58510813018996e-05,0.000323095114199849,0.145195345956732,0,0,0.00131084719742524,0.00279540865593742,0.00067072713122427,0.000491570752324843,0,0,0,0.000111140193458197,0,0,0.0130441414523056,0,0.000218818594946438,0,0,0.000395957573694275,0,0,0.103411673508861,0,0,0,0,0,0,0,0.00834218188384603,0.000145654501020619,0,0.000220783209606121,0,0,0,0.000211083602039138,0.000134589252283811,0,0,0,0,0,0,0.073027215847933
0,0.0299999504377125,0.0344033303456394,0,0,2.6348757743478e-05,0.000174132682678941,0,0.00585844195080825,0,1.31116796839192,9.46541593368879e-05,0,0,0.00144960658529293,0.00131690105943898,0.0065701511779082,0.00194275670000424,0.0490537338713605,0,0.00255119733062756,0.0113947291282381,0.0273566771021427,0.00119909422723836,2.11054787325164,0.388802019567716,0.463255320527412,0.00103943601118027,0.000109902425688594,0.00223642376319837,1.98286207632632,0,0.000510513455758851,0.172868362647421,0.00180332891189042,0.225253943850541,0.526953852537618,0.399934296767532,0.25668596419309,0.000665539421646412,0.104417212137421,0.121805386154506,0.00608245003266731,0.0130133470489969,0.00184077707097153,0.00184767362171245,0,0,0,0,0.00067903592584865,0.000367784611592624,0,0,2.68974152038324e-05,8.76964781314864e-05,0,0,0,0.000942409772682886,0,0.00733928405607023,0,0,0,6.66465851512335e-05,0.000540646108282976,0.000600559571187473,0,5.02533981499952e-05,0.00144362968209501,0.00102214502090517,6.35409439836768e-05,0.0428090754974288,0.00457482579061091,0.0125506048815039,0.00011972776742446,3.89186166018631e-05,3.95785543903538e-05,0.00175625603077394,0,0,9.64336649990744e-05,0.00208611652309794
1.54329771774491,0,0.000971307291787393,0.000311158817646226,0.00291562344388692,0.073352032935337,0.127545920152037,0.72743315088618,0.000580966300259085,0.317304846524683,0,0.000217614411761783,0,0,0.000215928689820059,0,4.39162907901968e-05,0,0,0.0038686142200292,0.000419169707256659,0.00020873331973062,0.00174846593343767,0.000495365620014723,0,0,9.80236358329098e-05,0.00224372506269772,2.55389725669994,0.0305792365113405,0,0.00132569791699284,0.0249043322047029,0.096126303087351,0,5.8681077272321e-05,0,0.000610560061174454,3.47402181068591e-05,0.00252764890765705,0.00780554731119003,0,0,0,0,0,0,0,0,0,0,0,0,0,0,0,0,7.73321475550036e-05,0,0,0,0,0,0,0,0,0,0,0,0,0,0,0.000450930164092019,0,0,0,0.000113908544940235,0,0,0,0,0,0,0
0.0247728827927093,0,0.0014152176351391,0,0.0434267341107714,0.536953286941461,0.000178151159487088,0,0.482025097743971,0,0,1.15161861006963,0.00144960658529293,0.000215928689820059,0,0.000171072733096134,0,0,0.000681467041999301,0,0.000738992508044385,0.0010150179524313,0.0155230458858294,2.96025533357731e-05,0,0,0,0.000113908441616725,0.00414922784054114,0.000211299567011599,0,0.00107361450817626,0,0.16294284868997,0.478443158042902,0.200915724826461,0.00392706473342483,0.00107372134958242,0.00536425831694435,1.70346338148906,0.105611899823827,0,0.00334504493550195,0.00580553377375586,0.00108295079911546,0.000912730006369676,0,0,0,0,0,0.000395231976195454,0,0,0,0,0,0,0,0,0.00392495854015764,0,0,0.00310688631825512,0,0,0,0,0,0.000822499565906191,0,0.00036495732563105,0,0,0,0.000213321751414782,0,0,0,0,0,0,0,0.030568559159316
0.000521602989398011,0.0184413827924515,0.0363493205328354,0,0,0,0.00409704903101427,0,0.0252056735216523,0,0.000314599990150482,0,0.00131690105943898,0,0.000171072733096134,0,0,0,0.00013911404637203,0,0.631480783053728,1.59354111589128,1.6680972103564,1.33654401459694,0.0117455397116379,0.00119027035004357,0.639904442152775,0.374810240349339,0.000198602809543483,0.0098273843480008,0.000119601613907949,0,0.00100573089854202,0.0240304215662447,0.000447164013241876,0.0491992962227986,0.115046626045153,0.00526626522189153,0.00473786485716315,0,0,0.000139062511879407,0.000575294081581073,0.000447649748536927,0.000303362687695496,0.000196446773577056,0,0,0,0,6.82335619416781e-05,0,0,0,0,0.000153941317100103,0,0.00242871113142334,0,0,0,0,3.26245141743491e-05,0,0.00674940915324699,0,0,0,0,0,0.0187598703770235,0.000103860048134499,0.00819609993760625,0.000589322061551872,0,0.000177059593235939,0.00430028913586284,4.79386764858341e-05,2.61583140165316e-05,0,0,5.03700646250892e-05,8.84115341456097e-05,0.000234607413329552
0.00232079108253583,0.000128443841028138,1.73238471438981,0,0,0,0.00350065142397251,0,0.000583072506439066,0,0.0214862645616144,0,0.0065701511779082,4.39162907901968e-05,0,0,0,0.000474034150080295,0.458825101030903,0,0.0184564833366674,0.000280886985762274,0.816987211104684,0.000378332034138874,0.000620963385187574,1.12847357663423,0.0735366511133945,0.00141813413769935,0.357657843784129,0.0117008066721874,0,0.00013010211584772,0.0233846258968742,0.673602998056103,0.000481288076619228,0.0130408526355689,0.00542974634985034,0.0159659223159851,0.00510475477890408,0,0,0,0.000479082426305638,0.000262459186464854,0,0.000238266016988932,0,0,0,0,0,0,0,0,0,0,0,0.000210837847898783,0,0,0,0.00011117059950959,0,0,0,0,0,0,0,0,0,0,2.25750799835653e-05,0.000313617319618296,0.000112247379526401,6.67546922375195e-05,9.59377969825493e-05,0,0,0,0,0,0,0.00025192188665786
0,0.000267785784408824,0.000166081731213945,0,0,0,0,0,0,0,0.28815468762163,0,0.00194275670000424,0,0,0,0.000474034150080295,0,0.786648993468764,0,0,0,0,0,0.00564739958506701,0.28563125167675,0.00381926244609665,0,0,0,0.00129922786285982,0,0,0.00305341392989227,0,0,0.000598369150139577,0.000740838235468024,0,0,0,0,0,0,0,0,0,0,0,0,0,0,0,0,0,0,0,0,0,0,0,0.000958519542162647,0,0,0,0,0,0,0,0,0,0,0,0.0036916687116367,6.59792044348643e-05,0.000515491999338783,0,0,0,0,0,0,0,0
0,0.0425384968291892,0.0929360600966605,0,0,0,0,0,0.000548929333703822,0,1.4231253760118,4.57876004090352e-05,0.0490537338713605,0,0.000681467041999301,0.00013911404637203,0.458825101030903,0.786648993468764,0,0,0.000629894637501558,0.000268990861119895,0.00297746365430285,3.62629706514364e-05,0.0234489596324237,1.69965685111237,0.0489005230718849,9.24417138222398e-05,0.00214006906510274,0.00056745546548724,0.0034346573836912,9.38148774029812e-05,0.000652465561024052,0.951414464818966,0.000291134014196724,0.0434660680244771,0.371532997982924,0.0866584799397512,0.0183673732972308,0,0,0.000124664114524425,0.00162101300004974,0.000863907690219935,0.000143403087888344,0.000833656177983885,0,0,0,0,0,0,0,0,0,0,0,0,0,0,0,0.000868827216760043,0,0,0,0,0,0,0,0,0,7.24245997842324e-05,0,0.0060742034988548,0.00114613564304245,0.00103841263332622,0,0,0,0.000746467107363256,0,0,0.000111692528343855,0.000433225775520405
0.0276164685285785,0,0,8.24843544420587,0,0.139392204338865,0.150319806385004,0.0163205820193472,0.0182990356028167,1.45113143750047,0,4.33482787250184,0,0.0038686142200292,0,0,0,0,0,0,0,0,0,0.273368206018047,0,0,0,0.372265393458061,0.0304901890381311,4.86961173264719e-05,0,0,0.00698838257916514,0.00102090276579127,0,0,0,0,0,0,0,0,0,0,0,0,0,0,0,0,0,0,0.101705317812781,0,0,0,0,0,0,0,0.0396553691476196,0,0,0,0,0,0,0,0.0929937277888892,0,0,0,0.000420831260514176,0,0,0,0,0,0,0,0,0,0,0
0.0137570439102506,9.69574418700848e-05,0.181290483761582,0,0,5.78229530097251e-05,0.067613620448978,0.000462330709112951,0.00261850138535228,4.95555745435362e-05,0.000802632173840697,7.73917188144908e-05,0.00255119733062756,0.000419169707256659,0.000738992508044385,0.631480783053728,0.0184564833366674,0,0.000629894637501558,0,0,0.00990713277290165,3.25659485266875,0.0832379208857393,0.000113856087236904,0.00077253106542607,0.0234979121532171,1.25614838404561,0.121366573347505,1.86046876157147,0,0,0.213413472060398,0.249703543558964,0.00106956879973243,0.0754702968008881,0.00125007936412694,0.0633917195118814,0.0248749948166906,0,0,6.98376001600151e-05,0.000510165072568216,0.000630684403139478,6.7303665127901e-05,0.000261118769422364,0,0,0,0.000119838649795906,0,0,0,0,0,8.22644041195504e-05,0,0.00149959534510873,0,0,0.000100632017920847,0,0,0,0.000494022015452093,0,0,0,0,0.000212962513832616,0.000466757784144202,0.000149228010285041,0.00179920800129864,7.65823408760344e-05,1.34069362147445e-05,0.000127111495498922,0.00177996180602805,0.000193700097485274,7.5476112937645e-05,0,0,0,8.50165551596915e-05,0.000353318578071312
0.00175307688418882,0.219102081175962,0.0465123642162104,0,0,0,0.00795166142224532,0,0.708816031341462,0,0.0034588311756804,2.03550993155771e-05,0.0113947291282381,0.00020873331973062,0.0010150179524313,1.59354111589128,0.000280886985762274,0,0.000268990861119895,0,0.00990713277290165,0,0.0453996258515277,0.828330342996959,0.160319435356253,0.00459811737031719,0.528295388978816,0.101120981954321,0.00323760979245753,0.0340244791986428,0.000807240374369519,0,0.010366359993993,0.0242128229470294,0.000968593813626864,0.0584129886216427,0.186721614430039,0.00290671268427179,0.00262587733265319,0,0,0,0.0098974543309811,0.0544429270512523,0.00183142020923556,0.00371842998268011,0.00648706811706544,0,0.000416119350467125,0.000399032826890584,0.0555817092741054,0.000574009276921986,0.000521802649326279,0,0,0.000776999683294094,3.64613492284151e-05,0.0632375081460409,0,0,0.00141753881544314,0.000114648380864037,8.76494816835782e-05,0,0.0508017684059759,0.000118261627005921,0,0.000289878840751797,0.00034625277847878,0.00484066704702846,0.60646807208974,0.00540841999568609,0.0482644583014057,0.0207286376145504,0.000154731204567297,0.0187358445049476,0.0273821678811901,0.00152887533576786,0.00252412838878961,4.40247108934866e-05,0,0.00178272845132558,0.00170180703678609,0.000497330781645503
0.0360703216562565,0.000640722226738158,3.04919437798086,0,0,0.00132935798247214,0.153140849066785,0.00194460643106052,0.00969271573326147,0.000496794402943653,0.00350797449413824,0.00135330964274612,0.0273566771021427,0.00174846593343767,0.0155230458858294,1.6680972103564,0.816987211104684,0,0.00297746365430285,0,3.25659485266875,0.0453996258515277,0,0.127363532515513,0.000905333979426088,0.0330524360118685,0.860865759668309,0.299850218084676,0.102341647931742,0.149444588872453,0,0,0.0382354968419185,0.954761841089735,0.0332154172594035,0.591645245107892,0.181269562451442,0.173252109495015,0.0950489756969355,0,0,0,0.0114358852184419,0.0095791823234353,0.000951084557355157,0.00327861749908821,0,0,1.81834260664124e-05,3.06809212811286e-05,0,0.000133889659585944,0,0,0.00016575029489465,0.000135923342939133,0,0.0023255540025029,0,0,0.000419631927547129,0,0,0,0.0003507085070197,0,0,0,0,0.000389830309675997,0.00145638660633326,0.00127393254116948,0.00530862664521558,0,0.000120168387440942,0.000481108198857053,0.00172049761641342,0.000286131012903522,0.000494121989442035,0,0,0.000515488123267622,5.43092196044837e-05,0.0210069126591701
0.00655611173441216,0.0147040622325925,0.00889629423672821,2.85742749552807,0,0.000192406796886479,0.194537591791778,0.0010551565789566,3.34269743422143,0.00565055231909949,0.000424122347843696,0.233477896903272,0.00119909422723836,0.000495365620014723,2.96025533357731e-05,1.33654401459694,0.000378332034138874,0,3.62629706514364e-05,0.273368206018047,0.0832379208857393,0.828330342996959,0.127363532515513,0,0.0105923307247159,0.000880493605479398,0.0706996669261081,2.46210171004489,0.00788718914368764,0.0928779093198733,5.63852319772559e-05,0,0.0140043525395216,0.0140476917512585,0.000212966286693964,0.00671903751727798,0.000136436870166056,0.00688682134263663,0.00224985741208578,0.000501283599499105,0,0,0.00253495720856096,0.000155567709056929,0.00456295451729671,0.0021427840425407,2.75563282983564e-05,0,0,0.00162241783030568,0.00188418181001387,2.44981559600342e-05,0.182892674842685,0,0,0.00260423647855385,0,0.0489740311329483,2.95931100895224e-05,0,0.00246979524805585,2.31005263574396e-05,0.000969346123965106,0,0.0285247434090445,0,0,0,0.0102762975461172,0.00345986869649235,0.0661335740734559,0.000476226794929882,0.20975578691352,0.00135380921559477,0.000149268910693314,0.00128142247752828,0.0646592760299653,0.00659970588335501,0.00890259236810096,0,0,0.0041989135895843,0.00363593110837906,0.000279345337707861
0,0.524294867217538,0.00375685680246576,0,0,0,5.87863163778769e-05,0,0.0385226522603399,0,0.643748515721564,0,2.11054787325164,0,0,0.0117455397116379,0.000620963385187574,0.00564739958506701,0.0234489596324237,0,0.000113856087236904,0.160319435356253,0.000905333979426088,0.0105923307247159,0,0.169244597009182,1.27916007529684,0.00102085684010051,1.50997698566699e-05,0.000479917322910439,0.136078311907072,0,0.00013827649927763,0.0563573318590503,3.34818482984214e-05,0.0466781833064335,0.677318450784253,0.113301747593952,0.094340879772494,0,0,0.120427435152755,0.0130433626024876,0.0479210257450101,0.00391236282550794,0.0023505403660444,0,0,0.0938022072979806,0,0.0257398643306942,0,0,0,0,8.55326072714147e-05,0,0.00109322108271232,0,0.00614546373166312,0,0.0713097463086974,0,0,0.00136286738796833,9.25592105522526e-05,0.00351445276971638,0.00366028840776307,0,0,0.0193336953697604,7.32666352063049e-05,0.000425622965223437,0.523280475170548,0.0265250485638814,0.117802036428205,0,0,0,0.0058214086702866,0.00012388350578733,0,0.000761157535395601,0
0.000464045962230352,0.0100357703267849,1.84649946889893,0,0,0,0.00144908644649143,2.44969759776812e-05,0.00140020417247277,0,0.824391177527778,0,0.388802019567716,0,0,0.00119027035004357,1.12847357663423,0.28563125167675,1.69965685111237,0,0.00077253106542607,0.00459811737031719,0.0330524360118685,0.000880493605479398,0.169244597009182,0,2.4625662747589,0.000904266871117066,0.000149166674929177,0.00187108992903602,0.352977567600933,0,0,0.400161518124983,0.000146396304333531,0.00958985988719747,0.0703215511869106,0.0451639160094041,0.00416948374574363,0,0,6.87489845337163e-05,0.000181563826801316,0.000704029364994057,0.0006076172721698,2.62210462177769e-05,0,0,0,0,0.000282623915449061,0,0,0,0,0,0,0,0,0.000718373496688567,0,0.00590217326992165,0,0,7.14157015402547e-05,0,0.000327483682845335,0.000110412904967844,0,0,0.000343719524515217,1.01439908080639e-05,0.000104645373096203,0.0246028448876532,0.00563706579596228,0.012194239278537,0,0.00011352309611985,0,0.00110397750999403,0,0,9.48506659757364e-05,3.9771959573889e-05
0.00126621604225375,0.180899983851092,2.05155621895671,0,0,7.18385948935544e-05,0.00925767600785489,0.000122644730264314,0.0601145160444603,4.9217820268968e-05,0.201357709225149,2.35312035613324e-05,0.463255320527412,9.80236358329098e-05,0,0.639904442152775,0.0735366511133945,0.00381926244609665,0.0489005230718849,0,0.0234979121532171,0.528295388978816,0.860865759668309,0.0706996669261081,1.27916007529684,2.4625662747589,0,0.0194426870252528,0.000270317515827488,0.00670470675192791,0.32061638524425,0,9.23316563220706e-05,0.141756022466112,0.000863818424354419,0.0168487065975747,0.0255320634387362,0.0240594257186124,0.00331826610641474,0,0,0.000136641445660945,0.000672219277212772,0.00522589097907676,0.00160887857266924,0.000134064617393468,0,0,0,0,0.00348195821044723,0,0,0,0,8.87084768289395e-05,0,0.00116172312587796,0,0.00228938131030021,0,0.0110273589306402,0,0,0.00347651672007517,0,0.000705370456456932,0.000703156749215582,0,4.25499731960766e-05,0.0138571652259612,0.000362663925815643,0.000455431905838421,0.0749773492726694,0.0231863587276839,0.0611504295371708,0.000264891731976647,4.9487281937168e-05,0,0.00164767820847973,0,4.88095668502429e-05,0.000167442966559748,0.000479627269366653
0.0314109219869652,0.00103135164835382,0.0663235773831485,1.95299480231074,0,0.00936973181416118,2.97312099424122,0.0152648423267142,0.142481825120325,0.580445203075799,9.12760529214651e-05,0.0216855366144611,0.00103943601118027,0.00224372506269772,0.000113908441616725,0.374810240349339,0.00141813413769935,0,9.24417138222398e-05,0.372265393458061,1.25614838404561,0.101120981954321,0.299850218084676,2.46210171004489,0.00102085684010051,0.000904266871117066,0.0194426870252528,0,0.0192885346190465,0.966238510331995,0,0,0.0144398859712347,0.0457117621093393,0.000631551261345576,0.039763305051987,0.000535588784329733,0.0252945488650046,0.0105900222968963,0,5.93353735985039e-05,0,0.00115074359095049,0.000460972215338033,0.00410907793420595,0.000919748041483654,5.42280194803127e-05,0,0,0.00154057617262247,0.000637554037572096,0.000116993062724668,0,0,0,0.0018101835434886,5.59950283983927e-05,0.0322082545833355,0,1.91699058469244e-05,0,0,0.000493024723015849,0,0.0146558251904067,3.50499369620703e-05,0,0,0,0.00133183821651214,0.0274368785683223,0.000451962370096106,0.083074174295889,0.00012650194806314,3.83306821637277e-05,0.0001391846150697,0.0459295172860032,0.00436844594806749,0.00699823279665041,0,0,0.00405540936360804,0.00319975112905774,0.000181284745615411
2.50520837978394,0,0.00417279420294787,0.0075407575922541,0.000968113885864808,0.234699500424109,0.265371048052299,0.272817382166957,0.0138736540404238,0.151446476620735,0.0569762055397447,0.00267241988890593,0.000109902425688594,2.55389725669994,0.00414922784054114,0.000198602809543483,0.357657843784129,0,0.00214006906510274,0.0304901890381311,0.121366573347505,0.00323760979245753,0.102341647931742,0.00788718914368764,1.50997698566699e-05,0.000149166674929177,0.000270317515827488,0.0192885346190465,0,1.09000231374541,0,0.226999461855174,1.40071629191248,1.88213076086769,0,0.00207366564091413,0.000603274520109813,0.0382562089308086,0.00136551651885886,0.134882770312983,0.284337439567593,0,0,0,0.000158733522278845,7.84997962642543e-05,0,0,0,0,0,5.33016537778794e-05,0,0,0,9.68110117897407e-05,0,0.00314974032211624,0,0,0,0,3.46337648572624e-05,0,0.000889738975256316,0,0,0,0,4.00898629713893e-05,0.000689771701434168,5.43774159059668e-05,0.0047446821331394,9.84017457952855e-05,0,1.2001898961914e-05,0.00218332960549587,0.000516171983468244,0.00079416913132581,0,0,2.01237645860086e-05,0.00021105442975992,0
0.51975198994441,0.000220497599839751,0.0941037828877996,0,0,0.000495257571249729,1.10766862366999,0.00278382488550665,0.113968752284862,0.000690351670785942,0.000577944632474386,0,0.00223642376319837,0.0305792365113405,0.000211299567011599,0.0098273843480008,0.0117008066721874,0,0.00056745546548724,4.86961173264719e-05,1.86046876157147,0.0340244791986428,0.149444588872453,0.0928779093198733,0.000479917322910439,0.00187108992903602,0.00670470675192791,0.966238510331995,1.09000231374541,0,0,0,0.742540585243888,0.537157304215839,0.000350277417104822,0.182723862056173,0.00722851419296645,0.101781195555978,0.0301328706505686,0.000195312015220636,0.000287648706149318,0,0.000809455723526068,0.00047792156916747,0.00168799959515296,0.000697952926985193,4.35936300450302e-05,0,0,0.00178081881755176,0.000263178568778357,1.66978612801338e-05,0,0,0,0.000558047337602534,5.41555924592207e-05,0.0250939335715047,0,0,2.39158523769455e-05,0,0.000313300031439714,0,0.00286799912624647,0,0,0,0,0.000802772886446086,0.00814800336361202,6.37678564742894e-05,0.0414011063671425,0.000284212502226058,0,1.13458994360249e-05,0.0158674770335856,0.00230372799625228,0.00386353929434279,0,0,0.00171848862982436,0.00109292950872016,0.00037677497630012
0,0.00429721523142354,0.000207277163030897,0,0,0,0,0,0.000463606990312489,0,0.229037870509464,0,1.98286207632632,0,0,0.000119601613907949,0,0.00129922786285982,0.0034346573836912,0,0,0.000807240374369519,0,5.63852319772559e-05,0.136078311907072,0.352977567600933,0.32061638524425,0,0,0,0,0,0,0.00489374362016172,0,0.00019787559892543,0.0100779094820361,0.00561220021457112,0,0,0,0.000385062933244452,0,0,0,0,0,0,0,0,0.00034921957383287,0,0,0,0,0,0,0,0,0,0,0.000532890752429982,0,0,0,0,0,0,0,0,0,0,0,0.00677282903425065,0.000716920398750048,0.0011998254952517,0,0,0,0.000717389379420086,0,0,0,0
7.76957239014969e-05,0,0,0,0.021781375124127,0.0298957633968147,0,0.00667958559733902,5.22605875015142e-05,0,0.00142263845495484,0,0,0.00132569791699284,0.00107361450817626,0,0.00013010211584772,0,9.38148774029812e-05,0,0,0,0,0,0,0,0,0,0.226999461855174,0,0,0,0.00047535331556533,0.18797774884231,0,0,0,0.00236733860953481,0,0.1171959440977,1.08914873250773,0,0,0,0,0,0,0,0,0,0,0,0,0,0,0,0,0,0,0,0,0,0,0,0,0,0,0,0,0,0,0,0,0,0,0,0,0,0,0,0,0,0,0
0.225381568341986,6.22396436840687e-05,0.000690309747637063,0.00150056007343219,0,0.00472397095861875,0.0195423112880872,0.0068616965068289,0.0185188358925112,0.0252370624410053,0.000317535366571774,0.000412101958789778,0.000510513455758851,0.0249043322047029,0,0.00100573089854202,0.0233846258968742,0,0.000652465561024052,0.00698838257916514,0.213413472060398,0.010366359993993,0.0382354968419185,0.0140043525395216,0.00013827649927763,0,9.23316563220706e-05,0.0144398859712347,1.40071629191248,0.742540585243888,0,0.00047535331556533,0,0.48425926320628,0,0.00611842483536735,0.00033816287766452,0.113631523840122,0.01489999862251,0.00200009670359924,0.00593202658290162,0,0,0,0.000594451151209588,8.3852317233896e-05,0,0,0,0.00189459918720289,0,0,0,0,0,4.83017628336467e-05,0,0.0111711821949312,0,0,0,0,0.000154748420018237,0,0.00140245328643883,0,0,7.41614698304758e-05,0,9.44242979553089e-05,0.00255085097902942,0,0.0127637270764615,0,0,2.32352501052945e-05,0.00589149461955421,0.00099018840403729,0.00176021875398401,0,0,0.00152959042007663,0.000535402224795903,0
0.041214854599704,0.00874259232476917,0.812451551848629,0.000487433727454128,0.0163665448885648,0.179783293922091,0.0125837029712039,0.122534154462695,0.177905839421593,0.0095923765765147,0.943918016610179,0.00123285666137197,0.172868362647421,0.096126303087351,0.16294284868997,0.0240304215662447,0.673602998056103,0.00305341392989227,0.951414464818966,0.00102090276579127,0.249703543558964,0.0242128229470294,0.954761841089735,0.0140476917512585,0.0563573318590503,0.400161518124983,0.141756022466112,0.0457117621093393,1.88213076086769,0.537157304215839,0.00489374362016172,0.18797774884231,0.48425926320628,0,0.0390694546555478,1.60208709650838,0.549449069756768,2.17634116347073,0.321492809529759,0.889630810150552,0.746625468245393,0.00213011639220138,0.0276860878719088,0.0294068740272772,0.00332881003612058,0.00998258612186563,0.000103503163585805,0,3.66848314348085e-05,0.000167312475919569,0.00014138317544876,0.000744417846435392,0,0,0.000308837293366321,0.000260965098462515,0,0.0020028378490141,0,0.000384396520235903,0.000276667681260315,0.00200681637165965,0.000121722319621667,6.77124556132131e-05,0.000221672856677141,0.000139241737172777,2.58662362027963e-05,6.95757378767144e-05,0,0.000458721706908968,0.00102065031216542,0.0035325557417025,0.00441274183000598,0.00672112337407689,0.0018727298100559,0.00406758710730445,0.00258200632357406,0.000468797643898834,0.000352756401249756,0.000168635188670676,0,0.000667089073987956,0.000144738223901493,0.0343327008060746
0,1.18729867284099e-05,0.0206010271444357,0,0.0220994701964448,1.37126247094738,0.000238140896054112,0,0.184814597040328,0.0663569908771489,0.000382363186520199,1.75590260597776,0.00180332891189042,0,0.478443158042902,0.000447164013241876,0.000481288076619228,0,0.000291134014196724,0,0.00106956879973243,0.000968593813626864,0.0332154172594035,0.000212966286693964,3.34818482984214e-05,0.000146396304333531,0.000863818424354419,0.000631551261345576,0,0.000350277417104822,0,0,0,0.0390694546555478,0,0.121659520441167,0.00966116477568387,0.00205762267222292,0.00190358633914735,0.00602644119019527,0,0,0.0101578715109068,0.0353472066674715,0.00914957894901298,0.00475478121374975,0,0,0,0.000100970885901296,6.6859297286957e-05,0.000992721693525332,0,0,0.00435364960769458,0.000210639369528347,0,0.00516336240330893,5.71638119685929e-05,9.20206601387919e-06,0.0809045842791858,0,4.15816085049467e-05,0.00152173970341445,0.000121033519087909,0.000228551476262466,2.01988844190648e-05,4.59124774822443e-05,0,0.00065904434065018,0.000240169166733078,0.00480697842320307,3.18039455236562e-05,0,0.000568568997994159,0.00231033686739834,0.000238578211713359,7.53372848164693e-05,6.93672224186457e-05,0,0,1.76851134539029e-05,0,1.31939103442071
0.000743784039278814,0.00556684679381082,0.891125037278715,0,0,0.00530313185631305,0.00357833444901133,0,0.360331931802416,0,0.0390210045447948,0.00888809054011893,0.225253943850541,5.8681077272321e-05,0.200915724826461,0.0491992962227986,0.0130408526355689,0,0.0434660680244771,0,0.0754702968008881,0.0584129886216427,0.591645245107892,0.00671903751727798,0.0466781833064335,0.00958985988719747,0.0168487065975747,0.039763305051987,0.00207366564091413,0.182723862056173,0.00019787559892543,0,0.00611842483536735,1.60208709650838,0.121659520441167,0,1.61511737478075,0.118652874822095,0.198353447005831,0.106846355885457,0.00384037286015264,0.0117038340463596,0.113371851560536,0.131408462438525,0.00929882621242582,0.021200313683444,0,0,0.00113337036087652,8.77221840724007e-05,0.000743991764241555,0.00183857198917898,0,0,0.00108081383388072,2.45688443632979e-05,0,0.000714300959555395,0,0,0.0016073726734483,0,8.77049430353634e-05,0,0.00010329171579688,0.000183521048041457,0,0.000354583954123328,0,0.00107795633343033,0.000799087234009787,0.00765686719176066,0.00074374255798623,0.000211527059312197,0.00106781455558425,0.0036426241618717,0.00112743832363985,3.6306454399084e-05,0.000200628379683715,4.75212868649016e-05,0,0.000131646114001913,0.000261176146278141,0.0438989256016371
0,0.150909765804877,1.28212570365592,0,0,0.000770626967680509,7.77586535626327e-05,0,0.0285116991039047,0,0.933860223649762,0.000385354628308363,0.526953852537618,0,0.00392706473342483,0.115046626045153,0.00542974634985034,0.000598369150139577,0.371532997982924,0,0.00125007936412694,0.186721614430039,0.181269562451442,0.000136436870166056,0.677318450784253,0.0703215511869106,0.0255320634387362,0.000535588784329733,0.000603274520109813,0.00722851419296645,0.0100779094820361,0,0.00033816287766452,0.549449069756768,0.00966116477568387,1.61511737478075,0,0.814365213270531,0.0762874356597757,0,0,0.917186638225029,0.0138160945255443,0.0148855516462421,0.00173412456730293,0.00704604736908142,0,0,0.000126154571023225,0,0,0.000311826018024643,0,0,0.000125373828463072,4.13228974675047e-05,0,0,0,0.000457616890874335,0.000313679461062387,0.00307302238684687,0,0.000391326044138928,0,0,0.000339455460172885,0,0,9.74803740829964e-05,7.4853925749907e-05,0.00070891552014107,0,0.013379019375179,0.00135653770905401,0.00268026582468864,7.9109169162303e-05,0,0,0.00117315393682172,0,0,0,0.00698564376371515
0.000994953855365441,0.00135102359227092,0.282788602927211,0,0,3.17408686375574e-05,0.00443516443522271,0.00024028981797853,0.00346289873619272,0,0.820219006611791,2.58510813018996e-05,0.399934296767532,0.000610560061174454,0.00107372134958242,0.00526626522189153,0.0159659223159851,0.000740838235468024,0.0866584799397512,0,0.0633917195118814,0.00290671268427179,0.173252109495015,0.00688682134263663,0.113301747593952,0.0451639160094041,0.0240594257186124,0.0252945488650046,0.0382562089308086,0.101781195555978,0.00561220021457112,0.00236733860953481,0.113631523840122,2.17634116347073,0.00205762267222292,0.118652874822095,0.814365213270531,0,1.0882582142907,0.00208209350745107,0.0715519203037411,0.146931274124827,0.00226926883781084,0.00295298738116206,0.000583569200142203,0.00271757069699165,0,0,0,0,6.16323369574396e-05,2.7777660878399e-05,0,0,3.36454589953273e-05,0,0,0.001788259860794,0,0.000160941302499301,0,0.00139685446535764,0,0,0,3.10477992455081e-05,0,0,0,0,0.000748450354128066,0.0003121412486064,0.00159326245728136,0.00409143598405365,0.0006735979447297,0.00069471410833697,0.000491088581670025,0.000167460676714724,0.000205820635970582,9.34972085724255e-05,0,0,0.000230928047676226,0.00187188871244345
0.000732107330314699,0.000430537115478608,0.0931911936578853,0,0,8.42251176682092e-05,0.00207666250891912,0.00010786775723377,0.00274818450883614,0,0.0114972112668241,0.000323095114199849,0.25668596419309,3.47402181068591e-05,0.00536425831694435,0.00473786485716315,0.00510475477890408,0,0.0183673732972308,0,0.0248749948166906,0.00262587733265319,0.0950489756969355,0.00224985741208578,0.094340879772494,0.00416948374574363,0.00331826610641474,0.0105900222968963,0.00136551651885886,0.0301328706505686,0,0,0.01489999862251,0.321492809529759,0.00190358633914735,0.198353447005831,0.0762874356597757,1.0882582142907,0,0.00224295768896721,0.0694194583183557,0.0121717287715463,0.00579636331516947,0.0159123519463686,0.00225398999792568,0.00463804315489419,0,0,0,0,0,0.000489705867250266,0,0,5.36158476491314e-05,8.50123793219295e-05,0,0.000282117680575712,0,0,0,0,0,0,0.000410255131805183,0.000289207610458576,0,0,0,0,0.000303389912010841,0.000988371690747033,0.000640731521155831,0,0.000175164784856915,0.000385900839861136,0.000343596989792242,0,0.000136358685892679,0,0,0,0.000319468469166605,0.00266100864522588
0.00637974786014213,0,0,0,0.00229083845584976,0.410219294442863,0,0.0213995423957176,0.160436063382925,4.91968122785531e-05,0.000909283903423241,0.145195345956732,0.000665539421646412,0.00252764890765705,1.70346338148906,0,0,0,0,0,0,0,0,0.000501283599499105,0,0,0,0,0.134882770312983,0.000195312015220636,0,0.1171959440977,0.00200009670359924,0.889630810150552,0.00602644119019527,0.106846355885457,0,0.00208209350745107,0.00224295768896721,0,5.16361659378513,0,0,0,0,0,0,0,0,0,0,0,0,0,0,0,0,0,0,0,0,0,0,0,0,0,0,0,0,0,0,0,0,0,0,0,0,0,0,0,0,0,0,0
0.000185444687791927,0,0,0,0.0700128539055698,0.0999174882553658,0,0.0400129806338053,0.000246972039471247,0,0.00495970932949382,0,0.104417212137421,0.00780554731119003,0.105611899823827,0,0,0,0,0,0,0,0,0,0,0,0,5.93353735985039e-05,0.284337439567593,0.000287648706149318,0,1.08914873250773,0.00593202658290162,0.746625468245393,0,0.00384037286015264,0,0.0715519203037411,0.0694194583183557,5.16361659378513,0,0,0,0,0,0,0,0,0,0,0,0,0,0,0,0,0,0,0,0,0,0,0,0,0,0,0,0,0,0,0,0,0,0,0,0,0,0,0,0,0,0,0,0
